##BLOCKS= 4          
Plate:	Plate#1	1.1	PlateFormat	Endpoint	Fluorescence	Raw	FALSE	1						1	590	1	12	96	530	Automatic	590			6	Automatic			
	Temperature(¡C)	1	2	3	4	5	6	7	8	9	10	11	12		
	23.10	86.209	238.054	56.521	45.105	50.647	83.587	47.918	44.374	51.015	0.138	0.129	0.193		
		39.464	49.718	53.684	47.201	46.67	46.365	51.466	60.56	50.471	0.022	0.014	0.193		
		62.255	60.981	65.368	43.362	42.405	44.922	43.423	99.893	44.302	0.137	-0.003	0.136		
		48.11	54.011	50.521	47.579	46.527	45.32	43.617	78.941	47.12	0.166	0.032	0.225		
		40.057	45.887	51.093	46.228	43.89	42.208	48.518	69.595	45.427	0.083	0.233	0.267		
		81.809	60.169	53.88	57.351	45.491	40.909	48.528	51.209	59.663	0.144	0.09	0.203		
		0.22	0.063	0.088	-0.014	0.185	0.004	0.254	0.263	0.255	-0.189	0.106	0.277		
		33.321	39.069	37.428	37.274	0.164	0.201	0.045	0.021	0.011	0.192	0.08	0.228		
		
	Temperature(¡C)	1	2	3	4	5	6	7	8	9	10	11	12		
		86.209	238.054	56.521	45.105	50.647	83.587	47.918	44.374	51.015	0.138	0.129	0.193	
		39.464	49.718	53.684	47.201	46.67	46.365	51.466	60.56	50.471	0.022	0.014	0.193	
		62.255	60.981	65.368	43.362	42.405	44.922	43.423	99.893	44.302	0.137	-0.003	0.136	
		48.11	54.011	50.521	47.579	46.527	45.32	43.617	78.941	47.12	0.166	0.032	0.225	
		40.057	45.887	51.093	46.228	43.89	42.208	48.518	69.595	45.427	0.083	0.233	0.267	
		81.809	60.169	53.88	57.351	45.491	40.909	48.528	51.209	59.663	0.144	0.09	0.203	
		0.22	0.063	0.088	-0.014	0.185	0.004	0.254	0.263	0.255	-0.189	0.106	0.277	
		33.321	39.069	37.428	37.274	0.164	0.201	0.045	0.021	0.011	0.192	0.08	0.228	
~End
Group:	Standards	1
Sample	Concentration	Wells	BackConcCalc	Values	MeanValue	Std.Dev.	CV%

Smallest standard value:  

Largest standard value:  

~End
Group:	Controls	1
Sample	Wells	Sample#	Values	MeanValue

~End
Group:	Samples	1
Sample	Wells	Values	Outliers	Result	MeanResult	Std.Dev.	CV%

Outlier - Outside standard range  

~End
