##BLOCKS= 4          
Plate:	Plate#1	1.1	PlateFormat	Endpoint	Fluorescence	Raw	FALSE	1						1	590	1	12	96	530	Automatic	590			6	Automatic			
	Temperature(¡C)	1	2	3	4	5	6	7	8	9	10	11	12		
	22.20	49.086	51.7	46.04	46.333	48.173	45.444	40.731	42.391	42.57	0.141	0.1	-0.012		
		65.309	78.049	71.111	79.59	77.117	62.73	71.829	69.261	66.201	0.14	0.005	0.205		
		71.238	69.396	70.669	76.606	63.424	69.823	59.851	71.749	73.122	0.022	0.25	0.456		
		64.53	74.13	84.239	67.288	68.537	123.869	76.638	71.481	69.541	-0.049	0.048	0.056		
		70.958	73.505	70.107	78.348	89.867	90.389	69.686	66.223	68.542	0.412	0.274	0.085		
		61.115	92.676	72.479	78.402	77.13	66.877	64.976	70.718	72.208	0.015	0.121	0.174		
		0.194	0.163	-0.001	-0	0.085	0.115	-0.031	0.204	0.168	0.053	0.206	0.086		
		72.278	65.96	65.715	63.118	0.065	-0	0.011	0.062	0.013	-0.016	0.127	0.064		
		
	Temperature(¡C)	1	2	3	4	5	6	7	8	9	10	11	12		
		49.086	51.7	46.04	46.333	48.173	45.444	40.731	42.391	42.57	0.141	0.1	-0.012	
		65.309	78.049	71.111	79.59	77.117	62.73	71.829	69.261	66.201	0.14	0.005	0.205	
		71.238	69.396	70.669	76.606	63.424	69.823	59.851	71.749	73.122	0.022	0.25	0.456	
		64.53	74.13	84.239	67.288	68.537	123.869	76.638	71.481	69.541	-0.049	0.048	0.056	
		70.958	73.505	70.107	78.348	89.867	90.389	69.686	66.223	68.542	0.412	0.274	0.085	
		61.115	92.676	72.479	78.402	77.13	66.877	64.976	70.718	72.208	0.015	0.121	0.174	
		0.194	0.163	-0.001	-0	0.085	0.115	-0.031	0.204	0.168	0.053	0.206	0.086	
		72.278	65.96	65.715	63.118	0.065	-0	0.011	0.062	0.013	-0.016	0.127	0.064	
~End
Group:	Standards	1
Sample	Concentration	Wells	BackConcCalc	Values	MeanValue	Std.Dev.	CV%

Smallest standard value:  

Largest standard value:  

~End
Group:	Controls	1
Sample	Wells	Sample#	Values	MeanValue

~End
Group:	Samples	1
Sample	Wells	Values	Outliers	Result	MeanResult	Std.Dev.	CV%

Outlier - Outside standard range  

~End
