##BLOCKS= 4          
Plate:	Plate#1	1.1	PlateFormat	Endpoint	Fluorescence	Raw	FALSE	1						1	530	1	12	96	590	Automatic	530			6	Automatic			
	Temperature(¡C)	1	2	3	4	5	6	7	8	9	10	11	12		
		9.458	9.766	9.19	12.752	9.144	9.019	10.846	14.149	15.031	47.52	54.26	50.816		
		8.384	9.823	8.474	12.525	10.628	13.546	13.333	11.875	11.385	50.255	52.524	53.35		
		9.607	8.679	10.222	10.723	9.175	9.6	15.028	9.955	8.281	50.403	57.663	51.108		
		8.865	10.511	13.427	10.603	8.417	15.047	13.608	12.578	10.99	50.338	58.382	55.128		
		8.862	9.589	18.035	9.917	9.613	11.6	12.258	14.716	12.441	52.014	52.898	54.986		
		7.396	7.734	7.708	9.121	7.564	7.892	7.815	8.563	7.88	52.936	59.51	54.22		
		21.30	17.853	41.246	32.447	31.664	27.054	47.382	49.322	32.159	42.559	48.196	54.071
		11.861	12.906	11.839	12.73	47.433	44.891	44.508	57.943	49.035	55.036	57.293	57.306		
		
	Temperature(¡C)	1	2	3	4	5	6	7	8	9	10	11	12		
		9.458	9.766	9.19	12.752	9.144	9.019	10.846	14.149	15.031	47.52	54.26	50.816	
		8.384	9.823	8.474	12.525	10.628	13.546	13.333	11.875	11.385	50.255	52.524	53.35	
		9.607	8.679	10.222	10.723	9.175	9.6	15.028	9.955	8.281	50.403	57.663	51.108	
		8.865	10.511	13.427	10.603	8.417	15.047	13.608	12.578	10.99	50.338	58.382	55.128	
		8.862	9.589	18.035	9.917	9.613	11.6	12.258	14.716	12.441	52.014	52.898	54.986	
		7.396	7.734	7.708	9.121	7.564	7.892	7.815	8.563	7.88	52.936	59.51	54.22	
		17.853	41.246	32.447	31.664	27.054	47.382	49.322	32.159	42.559	48.196	54.076	49.794	
		11.861	12.906	11.839	12.73	47.433	44.891	44.508	57.943	49.035	55.036	57.293	57.306	
~End
Group:	Standards	1
Sample	Concentration	Wells	BackConcCalc	Values	MeanValue	Std.Dev.	CV%

Smallest standard value:  

Largest standard value:  

~End
Group:	Controls	1
Sample	Wells	Sample#	Values	MeanValue

~End
Group:	Samples	1
Sample	Wells	Values	Outliers	Result	MeanResult	Std.Dev.	CV%

Outlier - Outside standard range  

~End
