##BLOCKS= 4          
Plate:	Plate#1	1.1	PlateFormat	Endpoint	Fluorescence	Raw	FALSE	1						1	590	1	12	96	530	Automatic	590			6	Automatic			
	Temperature(¡C)	1	2	3	4	5	6	7	8	9	10	11	12		
	22.40	18.324	19.018	18.359	21.544	20.069	22.56	22.241	19.211	21.126	-0.011	0.037	0.087		
		20.134	20.687	19.425	18.148	19.208	19.288	21.784	23.122	14.92	-0.077	0.106	0.127		
		18.629	27.053	19.399	19.479	17.91	21.861	20.05	18.937	18.857	0.074	0.091	0.008		
		18.538	22.23	19.334	19.426	18.41	15.932	21.222	19.82	19.409	0.246	0.092	0.021		
		18.817	17.78	19.229	20.264	20.171	22.063	19.564	18.22	18.785	0.348	0.289	0.135		
		17.671	17.763	17.621	16.83	18.389	23.1	18.363	23.279	17.48	0.093	-0.048	0.115		
		0.221	0.058	0.221	0.168	0.028	0.098	0.407	-0.044	0.043	0.172	0.064	0.132		
		17.549	19.082	18.991	19.165	0.027	0.053	0.055	0.199	0.106	0.061	-0.015	0.047		
		
	Temperature(¡C)	1	2	3	4	5	6	7	8	9	10	11	12		
		18.324	19.018	18.359	21.544	20.069	22.56	22.241	19.211	21.126	-0.011	0.037	0.087	
		20.134	20.687	19.425	18.148	19.208	19.288	21.784	23.122	14.92	-0.077	0.106	0.127	
		18.629	27.053	19.399	19.479	17.91	21.861	20.05	18.937	18.857	0.074	0.091	0.008	
		18.538	22.23	19.334	19.426	18.41	15.932	21.222	19.82	19.409	0.246	0.092	0.021	
		18.817	17.78	19.229	20.264	20.171	22.063	19.564	18.22	18.785	0.348	0.289	0.135	
		17.671	17.763	17.621	16.83	18.389	23.1	18.363	23.279	17.48	0.093	-0.048	0.115	
		0.221	0.058	0.221	0.168	0.028	0.098	0.407	-0.044	0.043	0.172	0.064	0.132	
		17.549	19.082	18.991	19.165	0.027	0.053	0.055	0.199	0.106	0.061	-0.015	0.047	
~End
Group:	Standards	1
Sample	Concentration	Wells	BackConcCalc	Values	MeanValue	Std.Dev.	CV%

Smallest standard value:  

Largest standard value:  

~End
Group:	Controls	1
Sample	Wells	Sample#	Values	MeanValue

~End
Group:	Samples	1
Sample	Wells	Values	Outliers	Result	MeanResult	Std.Dev.	CV%

Outlier - Outside standard range  

~End
