##BLOCKS= 4          
Plate:	Plate#1	1.1	PlateFormat	Endpoint	Fluorescence	Raw	FALSE	1						1	590	1	12	96	530	Automatic	590			6	Automatic			
	Temperature(¡C)	1	2	3	4	5	6	7	8	9	10	11	12		
	21.20	24.689	24.867	21.536	22.623	22.267	24.401	24.591	614.792	20.525	-0.033	0.208	0.146		
		21.393	21.27	22.28	22.276	23.617	24.542	20.003	28.433	21.353	0.023	0.164	0.087		
		21.291	23.77	642.784	24.414	23.244	21.919	25.326	41.031	20.217	0.105	-0.029	0.288		
		20.598	20.905	22.318	26.674	19.437	21.187	19.604	24.945	20.232	0.182	0.147	0.129		
		20.107	24.61	21.487	20.158	22.256	23.545	28.314	28.034	29.947	0.109	0.239	0.342		
		22.17	30.386	26.463	30.359	22.144	21.302	24.184	19.897	20.855	0.101	0.077	0.135		
		0.007	0.093	0.187	0.05	0.223	0.051	0.122	0.076	0.053	-0.057	0.057	0.079		
		18.595	19.414	17.369	18.242	0.037	0.115	0.047	0.102	0.146	-0.005	0.189	0.003		
		
	Temperature(¡C)	1	2	3	4	5	6	7	8	9	10	11	12		
		24.689	24.867	21.536	22.623	22.267	24.401	24.591	614.792	20.525	-0.033	0.208	0.146	
		21.393	21.27	22.28	22.276	23.617	24.542	20.003	28.433	21.353	0.023	0.164	0.087	
		21.291	23.77	642.784	24.414	23.244	21.919	25.326	41.031	20.217	0.105	-0.029	0.288	
		20.598	20.905	22.318	26.674	19.437	21.187	19.604	24.945	20.232	0.182	0.147	0.129	
		20.107	24.61	21.487	20.158	22.256	23.545	28.314	28.034	29.947	0.109	0.239	0.342	
		22.17	30.386	26.463	30.359	22.144	21.302	24.184	19.897	20.855	0.101	0.077	0.135	
		0.007	0.093	0.187	0.05	0.223	0.051	0.122	0.076	0.053	-0.057	0.057	0.079	
		18.595	19.414	17.369	18.242	0.037	0.115	0.047	0.102	0.146	-0.005	0.189	0.003	
~End
Group:	Standards	1
Sample	Concentration	Wells	BackConcCalc	Values	MeanValue	Std.Dev.	CV%

Smallest standard value:  

Largest standard value:  

~End
Group:	Controls	1
Sample	Wells	Sample#	Values	MeanValue

~End
Group:	Samples	1
Sample	Wells	Values	Outliers	Result	MeanResult	Std.Dev.	CV%

Outlier - Outside standard range  

~End
