##BLOCKS= 4          
Plate:	Plate#1	1.1	PlateFormat	Endpoint	Fluorescence	Raw	FALSE	1						1	590	1	12	96	530	Automatic	590			6	Automatic			
	Temperature(¡C)	1	2	3	4	5	6	7	8	9	10	11	12		
	22.40	16.998	17.483	15.482	15.464	16.61	16.372	16.564	16.587	14.55	0.195	0.154	0.131		
		15.732	16.557	15.066	16.869	14.878	16.836	12.385	20.632	15.039	-0.054	0.085	0.155		
		15.759	17.272	15.318	15.68	14.973	16.278	16.999	16.443	14.977	0.013	0.035	0.147		
		16.768	17.4	14.329	16.072	15.969	16.122	15.419	16.246	14.547	0.117	0.217	0.169		
		16.31	17.057	15.255	16.296	14.212	15.518	16.325	16.184	15.176	0.101	0.113	0.232		
		16.419	16.268	15.516	15.451	14.131	14.963	16.115	16.855	14.78	0.072	0.056	0.673		
		0.021	0.018	-0.046	0.018	0.121	0.018	-0.007	0.006	0.062	0.008	-0.01	-0.011		
		16.773	16.805	14.815	15.533	0.088	0.248	0.006	0.059	0.09	0.163	0.017	0.051		
		
	Temperature(¡C)	1	2	3	4	5	6	7	8	9	10	11	12		
		16.998	17.483	15.482	15.464	16.61	16.372	16.564	16.587	14.55	0.195	0.154	0.131	
		15.732	16.557	15.066	16.869	14.878	16.836	12.385	20.632	15.039	-0.054	0.085	0.155	
		15.759	17.272	15.318	15.68	14.973	16.278	16.999	16.443	14.977	0.013	0.035	0.147	
		16.768	17.4	14.329	16.072	15.969	16.122	15.419	16.246	14.547	0.117	0.217	0.169	
		16.31	17.057	15.255	16.296	14.212	15.518	16.325	16.184	15.176	0.101	0.113	0.232	
		16.419	16.268	15.516	15.451	14.131	14.963	16.115	16.855	14.78	0.072	0.056	0.673	
		0.021	0.018	-0.046	0.018	0.121	0.018	-0.007	0.006	0.062	0.008	-0.01	-0.011	
		16.773	16.805	14.815	15.533	0.088	0.248	0.006	0.059	0.09	0.163	0.017	0.051	
~End
Group:	Standards	1
Sample	Concentration	Wells	BackConcCalc	Values	MeanValue	Std.Dev.	CV%

Smallest standard value:  

Largest standard value:  

~End
Group:	Controls	1
Sample	Wells	Sample#	Values	MeanValue

~End
Group:	Samples	1
Sample	Wells	Values	Outliers	Result	MeanResult	Std.Dev.	CV%

Outlier - Outside standard range  

~End
