##BLOCKS= 4          
Plate:	Plate#1	1.1	PlateFormat	Endpoint	Fluorescence	Raw	FALSE	1						1	590	1	12	96	530	Automatic	590			6	Automatic			
	Temperature(¡C)	1	2	3	4	5	6	7	8	9	10	11	12		
	24.00	25.146	23.84	21.771	25.67	28.235	26.047	25.245	20.462	31.16	0.252	-0.019	0.026		
		26.191	29.403	30.951	31.364	32.077	30.961	30.778	29.433	32.594	0.108	-0.113	0.072		
		25.649	27.063	29.348	27.261	32.762	30.609	28.559	23.306	23.092	0.251	0.047	0.087		
		20.178	25.097	24.072	16.858	29.728	20.988	45.063	23.686	23.64	-0.155	0.065	0.123		
		25.028	26.959	21.323	30.887	33.361	29.062	30.797	21.711	23.234	0.158	0.273	0.237		
		28.083	26.505	21.85	22.597	25.396	23.358	26.526	24.519	24.324	0.144	-0.065	0.146		
		0.156	0.15	0.155	0.109	-0.139	0.198	0.099	-0.098	0.098	0.245	0.083	0.076		
		20.836	20.17	20.506	20.628	0.247	0.11	0.087	0.267	0.056	0.345	0.074	0.065		
		
	Temperature(¡C)	1	2	3	4	5	6	7	8	9	10	11	12		
		25.146	23.84	21.771	25.67	28.235	26.047	25.245	20.462	31.16	0.252	-0.019	0.026	
		26.191	29.403	30.951	31.364	32.077	30.961	30.778	29.433	32.594	0.108	-0.113	0.072	
		25.649	27.063	29.348	27.261	32.762	30.609	28.559	23.306	23.092	0.251	0.047	0.087	
		20.178	25.097	24.072	16.858	29.728	20.988	45.063	23.686	23.64	-0.155	0.065	0.123	
		25.028	26.959	21.323	30.887	33.361	29.062	30.797	21.711	23.234	0.158	0.273	0.237	
		28.083	26.505	21.85	22.597	25.396	23.358	26.526	24.519	24.324	0.144	-0.065	0.146	
		0.156	0.15	0.155	0.109	-0.139	0.198	0.099	-0.098	0.098	0.245	0.083	0.076	
		20.836	20.17	20.506	20.628	0.247	0.11	0.087	0.267	0.056	0.345	0.074	0.065	
~End
Group:	Standards	1
Sample	Concentration	Wells	BackConcCalc	Values	MeanValue	Std.Dev.	CV%

Smallest standard value:  

Largest standard value:  

~End
Group:	Controls	1
Sample	Wells	Sample#	Values	MeanValue

~End
Group:	Samples	1
Sample	Wells	Values	Outliers	Result	MeanResult	Std.Dev.	CV%

Outlier - Outside standard range  

~End
