##BLOCKS= 4          
Plate:	Plate#1	1.1	PlateFormat	Endpoint	Fluorescence	Raw	FALSE	1						1	590	1	12	96	530	Automatic	590			6	Automatic			
	Temperature(¡C)	1	2	3	4	5	6	7	8	9	10	11	12		
	23.60	19.632	19.923	18.721	19.268	18.971	19.94	18.761	18.541	19.532	0.013	-0.02	0.111		
		20.294	19.534	20.33	19.833	19.038	19.245	18.557	19.142	19.308	0.016	0.127	0.174		
		20.049	19.856	18.739	19.13	18.651	18.708	17.985	18.106	18.867	0.07	-0.003	-0.004		
		20.346	18.765	18.985	18.598	18.39	18.697	18.287	19.141	18.941	0.029	0.116	0.091		
		20.252	19.553	19.921	18.564	18.545	20.538	19.663	19.687	18.508	0.234	0.137	0.257		
		19.656	19.596	20.754	20.241	20.492	19.394	19.969	21.359	20.208	0.03	-0.1	0.206		
		0.087	-0.097	0.038	-0.013	0.182	0.111	0.055	0.045	0.028	0.017	0.249	-0.004		
		19.98	20.18	19.875	21.458	0.215	0.197	0.044	-0.093	0.218	0.241	0.138	-0.016		
		
	Temperature(¡C)	1	2	3	4	5	6	7	8	9	10	11	12		
		19.632	19.923	18.721	19.268	18.971	19.94	18.761	18.541	19.532	0.013	-0.02	0.111	
		20.294	19.534	20.33	19.833	19.038	19.245	18.557	19.142	19.308	0.016	0.127	0.174	
		20.049	19.856	18.739	19.13	18.651	18.708	17.985	18.106	18.867	0.07	-0.003	-0.004	
		20.346	18.765	18.985	18.598	18.39	18.697	18.287	19.141	18.941	0.029	0.116	0.091	
		20.252	19.553	19.921	18.564	18.545	20.538	19.663	19.687	18.508	0.234	0.137	0.257	
		19.656	19.596	20.754	20.241	20.492	19.394	19.969	21.359	20.208	0.03	-0.1	0.206	
		0.087	-0.097	0.038	-0.013	0.182	0.111	0.055	0.045	0.028	0.017	0.249	-0.004	
		19.98	20.18	19.875	21.458	0.215	0.197	0.044	-0.093	0.218	0.241	0.138	-0.016	
~End
Group:	Standards	1
Sample	Concentration	Wells	BackConcCalc	Values	MeanValue	Std.Dev.	CV%

Smallest standard value:  

Largest standard value:  

~End
Group:	Controls	1
Sample	Wells	Sample#	Values	MeanValue

~End
Group:	Samples	1
Sample	Wells	Values	Outliers	Result	MeanResult	Std.Dev.	CV%

Outlier - Outside standard range  

~End
