##BLOCKS= 4          
Plate:	Plate#1	1.1	PlateFormat	Endpoint	Fluorescence	Raw	FALSE	1						1	590	1	12	96	530	Automatic	590			6	Automatic			
	Temperature(¡C)	1	2	3	4	5	6	7	8	9	10	11	12		
	22.90	31.018	30.216	32.817	28.566	36.178	31.879	29.004	30.071	34.864	0.028	0.032	0.026		
		26.626	28.55	32.037	31.849	65.188	28.938	30.133	26.457	27.894	0.22	-0.011	0.079		
		27.939	34.006	26.423	29.888	34.604	66.597	29.603	32.746	31.476	0.231	0.211	-0.039		
		28.349	28.199	32.627	30.915	36.958	29.554	33.954	28.324	37.72	0.053	0.194	0.168		
		30.1	34.084	31.568	29.404	32.095	31.389	31.407	30.134	31.6	0.299	0.366	0.17		
		25.972	28.074	31.188	34.412	31.933	31.907	29.043	25.379	28.783	0.062	0.075	-0.021		
		0.042	0.096	-0.023	0.134	0.069	0.135	0.067	0.185	-0.005	0.2	0.16	0.235		
		25.175	23.276	24.309	24.65	0.132	0.019	0.031	-0.046	0.152	0.227	0.041	0.175		
		
	Temperature(¡C)	1	2	3	4	5	6	7	8	9	10	11	12		
		31.018	30.216	32.817	28.566	36.178	31.879	29.004	30.071	34.864	0.028	0.032	0.026	
		26.626	28.55	32.037	31.849	65.188	28.938	30.133	26.457	27.894	0.22	-0.011	0.079	
		27.939	34.006	26.423	29.888	34.604	66.597	29.603	32.746	31.476	0.231	0.211	-0.039	
		28.349	28.199	32.627	30.915	36.958	29.554	33.954	28.324	37.72	0.053	0.194	0.168	
		30.1	34.084	31.568	29.404	32.095	31.389	31.407	30.134	31.6	0.299	0.366	0.17	
		25.972	28.074	31.188	34.412	31.933	31.907	29.043	25.379	28.783	0.062	0.075	-0.021	
		0.042	0.096	-0.023	0.134	0.069	0.135	0.067	0.185	-0.005	0.2	0.16	0.235	
		25.175	23.276	24.309	24.65	0.132	0.019	0.031	-0.046	0.152	0.227	0.041	0.175	
~End
Group:	Standards	1
Sample	Concentration	Wells	BackConcCalc	Values	MeanValue	Std.Dev.	CV%

Smallest standard value:  

Largest standard value:  

~End
Group:	Controls	1
Sample	Wells	Sample#	Values	MeanValue

~End
Group:	Samples	1
Sample	Wells	Values	Outliers	Result	MeanResult	Std.Dev.	CV%

Outlier - Outside standard range  

~End
