##BLOCKS= 4          
Plate:	Plate#1	1.1	PlateFormat	Endpoint	Fluorescence	Raw	FALSE	1						1	590	1	12	96	530	Automatic	590			6	Automatic			
	Temperature(¡C)	1	2	3	4	5	6	7	8	9	10	11	12		
	24.40	27.087	26.816	27.281	27.109	26.227	26.513	26.445	24.206	26.788	0.062	0	-0.13		
		25.435	24.935	28.423	25.977	21.49	24.459	25.438	25.974	26.764	0.113	0.13	0.032		
		26.997	27.299	25.402	30.329	29.206	24.323	26.113	23.489	24.238	0.031	0.12	0.176		
		27.611	25.977	27.176	26.621	25.768	25.669	25.625	25.187	24.796	0.074	0.152	0.17		
		27.726	14.281	25.404	26.832	25.202	25.936	24.041	25.807	25.096	0.303	0.204	0.059		
		27.296	28.185	26.742	25.939	33.611	26.519	16.678	28.424	29.862	0.059	-0.012	0.031		
		0.097	0.007	0.2	0.071	0.254	0.061	0.053	0.101	0.105	-0.07	-0.077	-0.098		
		28.607	28.238	28.942	29.355	0.152	0.112	0.245	0.161	0.125	0.143	0.187	-0.108		
		
	Temperature(¡C)	1	2	3	4	5	6	7	8	9	10	11	12		
		27.087	26.816	27.281	27.109	26.227	26.513	26.445	24.206	26.788	0.062	0	-0.13	
		25.435	24.935	28.423	25.977	21.49	24.459	25.438	25.974	26.764	0.113	0.13	0.032	
		26.997	27.299	25.402	30.329	29.206	24.323	26.113	23.489	24.238	0.031	0.12	0.176	
		27.611	25.977	27.176	26.621	25.768	25.669	25.625	25.187	24.796	0.074	0.152	0.17	
		27.726	14.281	25.404	26.832	25.202	25.936	24.041	25.807	25.096	0.303	0.204	0.059	
		27.296	28.185	26.742	25.939	33.611	26.519	16.678	28.424	29.862	0.059	-0.012	0.031	
		0.097	0.007	0.2	0.071	0.254	0.061	0.053	0.101	0.105	-0.07	-0.077	-0.098	
		28.607	28.238	28.942	29.355	0.152	0.112	0.245	0.161	0.125	0.143	0.187	-0.108	
~End
Group:	Standards	1
Sample	Concentration	Wells	BackConcCalc	Values	MeanValue	Std.Dev.	CV%

Smallest standard value:  

Largest standard value:  

~End
Group:	Controls	1
Sample	Wells	Sample#	Values	MeanValue

~End
Group:	Samples	1
Sample	Wells	Values	Outliers	Result	MeanResult	Std.Dev.	CV%

Outlier - Outside standard range  

~End
