##BLOCKS= 4          
Plate:	Plate#1	1.1	PlateFormat	Endpoint	Fluorescence	Raw	FALSE	1						1	590	1	12	96	530	Automatic	590			6	Automatic			
	Temperature(¡C)	1	2	3	4	5	6	7	8	9	10	11	12		
	23.20	15.346	13.938	15.937	14.993	14.389	14.125	14.468	13.927	14.073	0.036	0.173	0.195		
		16.942	14.897	16.032	14.951	14.756	13.859	16.019	15.297	15.669	0.048	0.098	-0.02		
		17.888	15.85	14.156	15.017	15.058	15.033	14.782	14.348	15.153	0.053	0.008	0.04		
		16.836	15.472	16.76	15.958	16.426	14.573	14.509	16.217	15.358	0.129	0.26	0.179		
		17.014	16.123	15.194	15.773	16.955	15.975	15.25	16.114	16.446	0.241	0.193	0.192		
		17.54	16.472	15.856	17.252	16.183	15.139	14.64	15.727	15.041	0.036	-0.021	0.038		
		-0.099	0.036	0.104	0.167	0.049	0.039	-0.083	0.263	0.105	0.214	0.065	0.012		
		17.736	16.618	17.289	17.098	0.03	0.324	0.04	-0.001	0.143	-0.042	0.175	0.069		
		
	Temperature(¡C)	1	2	3	4	5	6	7	8	9	10	11	12		
		15.346	13.938	15.937	14.993	14.389	14.125	14.468	13.927	14.073	0.036	0.173	0.195	
		16.942	14.897	16.032	14.951	14.756	13.859	16.019	15.297	15.669	0.048	0.098	-0.02	
		17.888	15.85	14.156	15.017	15.058	15.033	14.782	14.348	15.153	0.053	0.008	0.04	
		16.836	15.472	16.76	15.958	16.426	14.573	14.509	16.217	15.358	0.129	0.26	0.179	
		17.014	16.123	15.194	15.773	16.955	15.975	15.25	16.114	16.446	0.241	0.193	0.192	
		17.54	16.472	15.856	17.252	16.183	15.139	14.64	15.727	15.041	0.036	-0.021	0.038	
		-0.099	0.036	0.104	0.167	0.049	0.039	-0.083	0.263	0.105	0.214	0.065	0.012	
		17.736	16.618	17.289	17.098	0.03	0.324	0.04	-0.001	0.143	-0.042	0.175	0.069	
~End
Group:	Standards	1
Sample	Concentration	Wells	BackConcCalc	Values	MeanValue	Std.Dev.	CV%

Smallest standard value:  

Largest standard value:  

~End
Group:	Controls	1
Sample	Wells	Sample#	Values	MeanValue

~End
Group:	Samples	1
Sample	Wells	Values	Outliers	Result	MeanResult	Std.Dev.	CV%

Outlier - Outside standard range  

~End
