##BLOCKS= 4          
Plate:	Plate#1	1.1	PlateFormat	Endpoint	Fluorescence	Raw	FALSE	1						1	590	1	12	96	530	Automatic	590			6	Automatic			
	Temperature(¡C)	1	2	3	4	5	6	7	8	9	10	11	12		
	21.30	19.366	15.524	30.863	16.898	17.806	15.865	17.214	16.561	14.046	-0.061	0.143	-0.033		
		23.024	21.378	18.394	17.774	18.033	16.725	19.317	17.415	17.642	-0.061	0.067	0.064		
		19.974	18.451	21.379	22.007	19.944	18.368	20.097	29.511	18.707	0.051	-0.027	0.165		
		26.905	18.32	20.81	22.128	22.17	19.089	19.202	17.481	17.857	0.169	0.175	0.435		
		19.191	20.194	26.019	23.952	19.424	19.481	30.842	20.407	18.844	0.238	0.053	0.418		
		17.549	20.017	22.329	29.932	19.833	20.54	17.379	20.025	17.511	0.05	0.136	0.122		
		0.044	-0.058	0.029	0.073	0.111	0.198	0.223	0.196	-0.029	0.072	0.073	0.163		
		17.508	18.231	19.313	17.662	0.146	0.195	0.024	0.11	0.03	0.061	0.145	0.034		
		
	Temperature(¡C)	1	2	3	4	5	6	7	8	9	10	11	12		
		19.366	15.524	30.863	16.898	17.806	15.865	17.214	16.561	14.046	-0.061	0.143	-0.033	
		23.024	21.378	18.394	17.774	18.033	16.725	19.317	17.415	17.642	-0.061	0.067	0.064	
		19.974	18.451	21.379	22.007	19.944	18.368	20.097	29.511	18.707	0.051	-0.027	0.165	
		26.905	18.32	20.81	22.128	22.17	19.089	19.202	17.481	17.857	0.169	0.175	0.435	
		19.191	20.194	26.019	23.952	19.424	19.481	30.842	20.407	18.844	0.238	0.053	0.418	
		17.549	20.017	22.329	29.932	19.833	20.54	17.379	20.025	17.511	0.05	0.136	0.122	
		0.044	-0.058	0.029	0.073	0.111	0.198	0.223	0.196	-0.029	0.072	0.073	0.163	
		17.508	18.231	19.313	17.662	0.146	0.195	0.024	0.11	0.03	0.061	0.145	0.034	
~End
Group:	Standards	1
Sample	Concentration	Wells	BackConcCalc	Values	MeanValue	Std.Dev.	CV%

Smallest standard value:  

Largest standard value:  

~End
Group:	Controls	1
Sample	Wells	Sample#	Values	MeanValue

~End
Group:	Samples	1
Sample	Wells	Values	Outliers	Result	MeanResult	Std.Dev.	CV%

Outlier - Outside standard range  

~End
