##BLOCKS= 4          
Plate:	Plate#1	1.1	PlateFormat	Endpoint	Fluorescence	Raw	FALSE	1						1	590	1	12	96	530	Automatic	590			6	Automatic			
	Temperature(¡C)	1	2	3	4	5	6	7	8	9	10	11	12		
	22.10	40.389	38.631	40.008	38.021	37.577	42.506	40.811	40.215	40.802	0.118	0.176	0.141		
		38.295	40.438	40.968	39.438	40.972	39.518	39.624	39.851	39.49	0.099	0.038	0.014		
		39.054	40.115	38.268	39.441	41.203	42.905	41.066	40.909	32.114	0.136	0.175	0.217		
		38.381	38.542	38.832	39.817	40.624	40.777	41.74	40.432	41.1	0.127	0.048	0.123		
		38.011	38.415	38.1	36.728	36.81	37.315	36.022	38.999	37.86	0.109	0.286	0.27		
		37.936	38.282	36.376	36.831	38.167	38.117	38.11	38.856	38.394	0.081	0.146	0.151		
		0.116	0.052	-0.015	0.143	0.072	0.092	0.145	0.04	0.021	-0.004	0.007	0.04		
		37.949	37.196	36.368	38.869	0.181	0.063	0.208	-0.091	0.286	0.173	0.037	0.061		
		
	Temperature(¡C)	1	2	3	4	5	6	7	8	9	10	11	12		
		40.389	38.631	40.008	38.021	37.577	42.506	40.811	40.215	40.802	0.118	0.176	0.141	
		38.295	40.438	40.968	39.438	40.972	39.518	39.624	39.851	39.49	0.099	0.038	0.014	
		39.054	40.115	38.268	39.441	41.203	42.905	41.066	40.909	32.114	0.136	0.175	0.217	
		38.381	38.542	38.832	39.817	40.624	40.777	41.74	40.432	41.1	0.127	0.048	0.123	
		38.011	38.415	38.1	36.728	36.81	37.315	36.022	38.999	37.86	0.109	0.286	0.27	
		37.936	38.282	36.376	36.831	38.167	38.117	38.11	38.856	38.394	0.081	0.146	0.151	
		0.116	0.052	-0.015	0.143	0.072	0.092	0.145	0.04	0.021	-0.004	0.007	0.04	
		37.949	37.196	36.368	38.869	0.181	0.063	0.208	-0.091	0.286	0.173	0.037	0.061	
~End
Group:	Standards	1
Sample	Concentration	Wells	BackConcCalc	Values	MeanValue	Std.Dev.	CV%

Smallest standard value:  

Largest standard value:  

~End
Group:	Controls	1
Sample	Wells	Sample#	Values	MeanValue

~End
Group:	Samples	1
Sample	Wells	Values	Outliers	Result	MeanResult	Std.Dev.	CV%

Outlier - Outside standard range  

~End
