##BLOCKS= 4          
Plate:	Plate#1	1.1	PlateFormat	Endpoint	Fluorescence	Raw	FALSE	1						1	590	1	12	96	530	Automatic	590			6	Automatic			
	Temperature(¡C)	1	2	3	4	5	6	7	8	9	10	11	12		
	22.00	48.869	36.467	36.914	38.444	38.057	37.265	36.751	36.575	37.698	0.025	0.067	0.056		
		37.657	39.656	37.449	35.316	34	36.088	35.974	36.864	36.977	0.041	0.166	0.181		
		37.431	38.868	36.554	36.143	36.636	37.019	37.772	37.135	35.701	0.203	-0.033	0.105		
		38.86	36.837	36.684	34.954	35.221	37.13	35.228	36.614	35.94	0.268	0.37	0.074		
		38.539	39.292	37.029	37.475	36.851	37.625	37.756	34.939	37.686	0.349	0.246	0.232		
		39.33	37.859	37.263	34.993	35.113	35.481	35.848	36.673	37.315	0.04	0.099	0.161		
		0.075	0.01	-0.015	-0.025	0.097	0.125	0.013	0.042	0.218	0.095	0.149	0.075		
		39.283	38.855	38.922	38.847	-0.12	0.054	0.011	-0.007	0.087	0.069	0.124	0.301		
		
	Temperature(¡C)	1	2	3	4	5	6	7	8	9	10	11	12		
		48.869	36.467	36.914	38.444	38.057	37.265	36.751	36.575	37.698	0.025	0.067	0.056	
		37.657	39.656	37.449	35.316	34	36.088	35.974	36.864	36.977	0.041	0.166	0.181	
		37.431	38.868	36.554	36.143	36.636	37.019	37.772	37.135	35.701	0.203	-0.033	0.105	
		38.86	36.837	36.684	34.954	35.221	37.13	35.228	36.614	35.94	0.268	0.37	0.074	
		38.539	39.292	37.029	37.475	36.851	37.625	37.756	34.939	37.686	0.349	0.246	0.232	
		39.33	37.859	37.263	34.993	35.113	35.481	35.848	36.673	37.315	0.04	0.099	0.161	
		0.075	0.01	-0.015	-0.025	0.097	0.125	0.013	0.042	0.218	0.095	0.149	0.075	
		39.283	38.855	38.922	38.847	-0.12	0.054	0.011	-0.007	0.087	0.069	0.124	0.301	
~End
Group:	Standards	1
Sample	Concentration	Wells	BackConcCalc	Values	MeanValue	Std.Dev.	CV%

Smallest standard value:  

Largest standard value:  

~End
Group:	Controls	1
Sample	Wells	Sample#	Values	MeanValue

~End
Group:	Samples	1
Sample	Wells	Values	Outliers	Result	MeanResult	Std.Dev.	CV%

Outlier - Outside standard range  

~End
