##BLOCKS= 4          
Plate:	Plate#1	1.1	PlateFormat	Endpoint	Fluorescence	Raw	FALSE	1						1	590	1	12	96	530	Automatic	590			6	Automatic			
	Temperature(¡C)	1	2	3	4	5	6	7	8	9	10	11	12		
		32.31	36.226	58.194	38.914	36.358	35.86	42.441	39.145	41.316	0.209	0.02	0.017		
		35.44	32.716	102.104	32.775	31.981	36.271	37.831	38.458	32.816	-0.009	0.134	0.068		
		30.334	32.375	32.24	43.71	42.341	39.882	42.883	44.136	55.622	0.137	0.052	0.069		
		33.109	34.2	36.591	36.731	32.79	35.392	32.603	40.16	38.474	-0.025	0.168	0.144		
		32.675	46.069	38.516	33.212	34.325	40.517	45.632	37.475	36.969	-0.001	0.121	0.051		
		33.272	36.433	35.735	36.045	34.954	30.389	32.164	30.963	33.178	0.147	0.051	0.103	
		0.032	0.141	0.087	0.029	0.132	0.035	-0.046	-0.017	0.093	-0.053	0.061	0.027			
		27.365	29.059	29.811	29.858	0.045	0.027	0.037	0.073	0.04	0.077	-0.077	-0.072		
		
	Temperature(¡C)	1	2	3	4	5	6	7	8	9	10	11	12		
		32.31	36.226	58.194	38.914	36.358	35.86	42.441	39.145	41.316	0.209	0.02	0.017	
		35.44	32.716	102.104	32.775	31.981	36.271	37.831	38.458	32.816	-0.009	0.134	0.068	
		30.334	32.375	32.24	43.71	42.341	39.882	42.883	44.136	55.622	0.137	0.052	0.069	
		33.109	34.2	36.591	36.731	32.79	35.392	32.603	40.16	38.474	-0.025	0.168	0.144	
		32.675	46.069	38.516	33.212	34.325	40.517	45.632	37.475	36.969	-0.001	0.121	0.051	
		33.272	36.433	35.735	36.045	34.954	30.389	32.164	30.963	33.178	0.147	0.051	0.103	
		0.032	0.141	0.087	0.029	0.132	0.035	-0.046	-0.017	0.093	-0.053	0.061	0.027	
		27.365	29.059	29.811	29.858	0.045	0.027	0.037	0.073	0.04	0.077	-0.077	-0.072	
~End
Group:	Standards	1
Sample	Concentration	Wells	BackConcCalc	Values	MeanValue	Std.Dev.	CV%

Smallest standard value:  

Largest standard value:  

~End
Group:	Controls	1
Sample	Wells	Sample#	Values	MeanValue

~End
Group:	Samples	1
Sample	Wells	Values	Outliers	Result	MeanResult	Std.Dev.	CV%

Outlier - Outside standard range  

~End
