##BLOCKS= 4          
Plate:	Plate#1	1.1	PlateFormat	Endpoint	Fluorescence	Raw	FALSE	1						1	590	1	12	96	530	Automatic	590			6	Automatic			
	Temperature(¡C)	1	2	3	4	5	6	7	8	9	10	11	12		
	21.10	52.599	36.4	43.609	25.13	26.393	23.114	35.078	27.797	26.437	0.016	0.167	0.115		
		40.734	36.164	39.123	26.978	23.454	24.82	28.393	27.818	25.379	0.054	0.051	0.174		
		40.394	37.043	32.845	23.54	31.651	21.345	25.606	24.652	23.066	0.107	0.146	0.072		
		45.982	42.383	39.653	21.878	24.147	0.098	24.114	33.535	23.452	0.118	0.054	0.105		
		38.891	44.415	30.84	29.874	23.937	27.219	30.379	20.843	22.32	0.15	0.189	0.134		
		36.655	29.916	38.512	29.325	28.19	31.789	29.417	32.558	36.563	0.024	0.007	-0.003		
		0.346	0.118	0.03	0.023	0.201	0.027	0.194	0.163	0.245	0.096	0.107	0.039		
		19.976	20.86	20.626	23.278	0.039	0.104	0.024	0.096	-0.022	0.158	0.137	0.28		
		
	Temperature(¡C)	1	2	3	4	5	6	7	8	9	10	11	12		
		52.599	36.4	43.609	25.13	26.393	23.114	35.078	27.797	26.437	0.016	0.167	0.115	
		40.734	36.164	39.123	26.978	23.454	24.82	28.393	27.818	25.379	0.054	0.051	0.174	
		40.394	37.043	32.845	23.54	31.651	21.345	25.606	24.652	23.066	0.107	0.146	0.072	
		45.982	42.383	39.653	21.878	24.147	0.098	24.114	33.535	23.452	0.118	0.054	0.105	
		38.891	44.415	30.84	29.874	23.937	27.219	30.379	20.843	22.32	0.15	0.189	0.134	
		36.655	29.916	38.512	29.325	28.19	31.789	29.417	32.558	36.563	0.024	0.007	-0.003	
		0.346	0.118	0.03	0.023	0.201	0.027	0.194	0.163	0.245	0.096	0.107	0.039	
		19.976	20.86	20.626	23.278	0.039	0.104	0.024	0.096	-0.022	0.158	0.137	0.28	
~End
Group:	Standards	1
Sample	Concentration	Wells	BackConcCalc	Values	MeanValue	Std.Dev.	CV%

Smallest standard value:  

Largest standard value:  

~End
Group:	Controls	1
Sample	Wells	Sample#	Values	MeanValue

~End
Group:	Samples	1
Sample	Wells	Values	Outliers	Result	MeanResult	Std.Dev.	CV%

Outlier - Outside standard range  

~End
