##BLOCKS= 4          
Plate:	Plate#1	1.1	PlateFormat	Endpoint	Fluorescence	Raw	FALSE	1						1	590	1	12	96	530	Automatic	590			6	Automatic			
	Temperature(¡C)	1	2	3	4	5	6	7	8	9	10	11	12		
	23.40	27.732	30.294	29.168	30.295	33.531	38.202	37.463	37.749	50.113	0.103	0.102	-0.123		
		37.494	34.272	37.18	37.253	34.076	41.701	49.681	38.019	43.174	0.094	-0.02	0.053		
		27.796	33.033	33.306	32.389	34.289	36.597	42.625	37.663	62.905	-0.07	-0.01	-0.069		
		27.499	30.66	29.236	36.754	39.839	34.944	38.62	37.18	42.119	0.211	0.117	0.105		
		37.821	36.178	45.018	35.224	39.948	37.564	50.623	45.013	44.641	0.382	0.226	0.156		
		28.324	27.983	31.553	34.158	38.264	34.5	33.664	34.92	44.537	0.178	-0.04	0.121		
		0.131	0.019	0.211	0.169	0.051	0.044	0.159	0.081	-0.037	0.06	0.231	0.034		
		30.624	32.153	33.585	31.505	0.357	-0.085	0.094	0.207	0.131	-0.011	0.032	0.043		
		
	Temperature(¡C)	1	2	3	4	5	6	7	8	9	10	11	12		
		27.732	30.294	29.168	30.295	33.531	38.202	37.463	37.749	50.113	0.103	0.102	-0.123	
		37.494	34.272	37.18	37.253	34.076	41.701	49.681	38.019	43.174	0.094	-0.02	0.053	
		27.796	33.033	33.306	32.389	34.289	36.597	42.625	37.663	62.905	-0.07	-0.01	-0.069	
		27.499	30.66	29.236	36.754	39.839	34.944	38.62	37.18	42.119	0.211	0.117	0.105	
		37.821	36.178	45.018	35.224	39.948	37.564	50.623	45.013	44.641	0.382	0.226	0.156	
		28.324	27.983	31.553	34.158	38.264	34.5	33.664	34.92	44.537	0.178	-0.04	0.121	
		0.131	0.019	0.211	0.169	0.051	0.044	0.159	0.081	-0.037	0.06	0.231	0.034	
		30.624	32.153	33.585	31.505	0.357	-0.085	0.094	0.207	0.131	-0.011	0.032	0.043	
~End
Group:	Standards	1
Sample	Concentration	Wells	BackConcCalc	Values	MeanValue	Std.Dev.	CV%

Smallest standard value:  

Largest standard value:  

~End
Group:	Controls	1
Sample	Wells	Sample#	Values	MeanValue

~End
Group:	Samples	1
Sample	Wells	Values	Outliers	Result	MeanResult	Std.Dev.	CV%

Outlier - Outside standard range  

~End
