##BLOCKS= 4          
Plate:	Plate#1	1.1	PlateFormat	Endpoint	Fluorescence	Raw	FALSE	1						1	590	1	12	96	530	Automatic	590			6	Automatic			
	Temperature(¡C)	1	2	3	4	5	6	7	8	9	10	11	12		
	23.00	31.77	32.874	28.456	28.358	28.412	30.208	37.571	37.8	45.251	-0.02	0.042	0.005		
		31.49	33.429	30.724	32.967	33.402	32.1	39.106	40.659	42.626	0.115	0.106	0.017		
		33.638	35.778	34.73	33.474	42.899	40.05	35.559	38.79	42.781	0.074	0.114	0.174		
		35.607	35.176	37.374	40.511	38.125	42.693	37.347	33.558	35.437	0.205	0.271	0.1		
		31.24	32.726	36.659	35.956	38.416	37.878	36.243	49.731	44.837	0.21	0.206	0.254		
		33.893	35.797	35.253	41.61	28.411	33.15	39.02	33.358	42.65	0.079	0.138	-0.001		
		0.084	-0.029	0.068	-0.018	0.11	0.045	0.072	0.152	0.042	0.131	0.062	-0.025		
		34.399	35.06	36.652	36.562	-0.01	0.011	-0.019	-0.038	0.017	0.092	0.077	0.034		
		
	Temperature(¡C)	1	2	3	4	5	6	7	8	9	10	11	12		
		31.77	32.874	28.456	28.358	28.412	30.208	37.571	37.8	45.251	-0.02	0.042	0.005	
		31.49	33.429	30.724	32.967	33.402	32.1	39.106	40.659	42.626	0.115	0.106	0.017	
		33.638	35.778	34.73	33.474	42.899	40.05	35.559	38.79	42.781	0.074	0.114	0.174	
		35.607	35.176	37.374	40.511	38.125	42.693	37.347	33.558	35.437	0.205	0.271	0.1	
		31.24	32.726	36.659	35.956	38.416	37.878	36.243	49.731	44.837	0.21	0.206	0.254	
		33.893	35.797	35.253	41.61	28.411	33.15	39.02	33.358	42.65	0.079	0.138	-0.001	
		0.084	-0.029	0.068	-0.018	0.11	0.045	0.072	0.152	0.042	0.131	0.062	-0.025	
		34.399	35.06	36.652	36.562	-0.01	0.011	-0.019	-0.038	0.017	0.092	0.077	0.034	
~End
Group:	Standards	1
Sample	Concentration	Wells	BackConcCalc	Values	MeanValue	Std.Dev.	CV%

Smallest standard value:  

Largest standard value:  

~End
Group:	Controls	1
Sample	Wells	Sample#	Values	MeanValue

~End
Group:	Samples	1
Sample	Wells	Values	Outliers	Result	MeanResult	Std.Dev.	CV%

Outlier - Outside standard range  

~End
