##BLOCKS= 4          
Plate:	Plate#1	1.1	PlateFormat	Endpoint	Fluorescence	Raw	FALSE	1						1	590	1	12	96	530	Automatic	590			6	Automatic			
	Temperature(¡C)	1	2	3	4	5	6	7	8	9	10	11	12		
	24.20	28.8	29.244	28.597	28.383	27.578	28.135	28.986	27.731	28.498	0.276	0.083	0.1		
		29.209	28.889	27.732	28.403	27.615	27.611	25.169	26.383	32.974	0.11	0.148	-0.024		
		28.129	28.119	28.37	27.7	26.264	26.527	27.53	27.101	28.162	-0.098	0.07	0.113		
		29.711	29.681	27.767	25.829	26.071	29.593	28.644	27.452	27.859	-0.105	0.138	-0.073		
		29.516	29.721	29.113	27.154	29.8	26.529	25.206	27.762	34.927	0.216	0.081	0.213		
		31.377	30.209	28.91	28.828	28.051	26.038	27.496	26.857	34.316	0.262	0.012	0.012		
		0.213	-0.213	-0.136	-0.036	-0.052	-0.212	0.212	0.247	0.01	-0.09	0.19	-0.058		
		30.811	30.864	31.357	32.355	0.084	-0.077	0.154	0.284	0.043	0.105	0.233	0.027		
		
	Temperature(¡C)	1	2	3	4	5	6	7	8	9	10	11	12		
		28.8	29.244	28.597	28.383	27.578	28.135	28.986	27.731	28.498	0.276	0.083	0.1	
		29.209	28.889	27.732	28.403	27.615	27.611	25.169	26.383	32.974	0.11	0.148	-0.024	
		28.129	28.119	28.37	27.7	26.264	26.527	27.53	27.101	28.162	-0.098	0.07	0.113	
		29.711	29.681	27.767	25.829	26.071	29.593	28.644	27.452	27.859	-0.105	0.138	-0.073	
		29.516	29.721	29.113	27.154	29.8	26.529	25.206	27.762	34.927	0.216	0.081	0.213	
		31.377	30.209	28.91	28.828	28.051	26.038	27.496	26.857	34.316	0.262	0.012	0.012	
		0.213	-0.213	-0.136	-0.036	-0.052	-0.212	0.212	0.247	0.01	-0.09	0.19	-0.058	
		30.811	30.864	31.357	32.355	0.084	-0.077	0.154	0.284	0.043	0.105	0.233	0.027	
~End
Group:	Standards	1
Sample	Concentration	Wells	BackConcCalc	Values	MeanValue	Std.Dev.	CV%

Smallest standard value:  

Largest standard value:  

~End
Group:	Controls	1
Sample	Wells	Sample#	Values	MeanValue

~End
Group:	Samples	1
Sample	Wells	Values	Outliers	Result	MeanResult	Std.Dev.	CV%

Outlier - Outside standard range  

~End
