##BLOCKS= 4          
Plate:	Plate#1	1.1	PlateFormat	Endpoint	Fluorescence	Raw	FALSE	1						1	590	1	12	96	530	Automatic	590			6	Automatic			
	Temperature(¡C)	1	2	3	4	5	6	7	8	9	10	11	12		
	22.60	24.981	26.146	23.972	23.978	24.347	24.006	24.097	24.792	22.537	0.058	0.078	0.143		
		24.827	24.41	24.636	24.116	23.457	22.734	21.519	23.983	23.255	0.182	-0.04	0.008		
		25.519	23.383	24.238	22.754	23.077	22.875	23.589	23.831	22.494	0.19	0.079	0.071		
		25.577	23.332	23.677	24.806	21.735	22.635	23.524	59.117	23.463	0.218	0.226	0.219		
		26.064	24.157	24.468	24.328	23.593	23.459	25.769	22.625	24.945	0.293	0.279	0.142		
		24.981	23.203	23.441	24.807	24.166	23.105	21.585	21.736	24.563	-0.003	0.144	0.043		
		0.142	0.106	0.108	0.186	0.045	0.07	0.079	-0.064	0.196	0.033	0.195	0.068		
		26.646	24.813	24.062	26.065	0.126	0.113	0.054	0.145	0.131	-0.02	0.007	17.504		
		
	Temperature(¡C)	1	2	3	4	5	6	7	8	9	10	11	12		
		24.981	26.146	23.972	23.978	24.347	24.006	24.097	24.792	22.537	0.058	0.078	0.143	
		24.827	24.41	24.636	24.116	23.457	22.734	21.519	23.983	23.255	0.182	-0.04	0.008	
		25.519	23.383	24.238	22.754	23.077	22.875	23.589	23.831	22.494	0.19	0.079	0.071	
		25.577	23.332	23.677	24.806	21.735	22.635	23.524	59.117	23.463	0.218	0.226	0.219	
		26.064	24.157	24.468	24.328	23.593	23.459	25.769	22.625	24.945	0.293	0.279	0.142	
		24.981	23.203	23.441	24.807	24.166	23.105	21.585	21.736	24.563	-0.003	0.144	0.043	
		0.142	0.106	0.108	0.186	0.045	0.07	0.079	-0.064	0.196	0.033	0.195	0.068	
		26.646	24.813	24.062	26.065	0.126	0.113	0.054	0.145	0.131	-0.02	0.007	17.504	
~End
Group:	Standards	1
Sample	Concentration	Wells	BackConcCalc	Values	MeanValue	Std.Dev.	CV%

Smallest standard value:  

Largest standard value:  

~End
Group:	Controls	1
Sample	Wells	Sample#	Values	MeanValue

~End
Group:	Samples	1
Sample	Wells	Values	Outliers	Result	MeanResult	Std.Dev.	CV%

Outlier - Outside standard range  

~End
