##BLOCKS= 4          
Plate:	Plate#1	1.1	PlateFormat	Endpoint	Fluorescence	Raw	FALSE	1						1	590	1	12	96	530	Automatic	590			6	Automatic			
	Temperature(¡C)	1	2	3	4	5	6	7	8	9	10	11	12		
	23.90	31.264	27.546	29.612	55.109	31.86	43.55	30.415	27.052	30.661	-0.041	0.037	-0.101		
		30.392	33.665	28.234	33.56	33.784	30.079	31.976	29.515	21.901	0.02	-0.073	0.129		
		38.37	36.206	32.469	30.639	27.972	25.915	28.07	24.572	20.494	0.003	0.043	0.005		
		23.673	25.121	28.863	24.164	28.299	25.19	22.239	26.461	23.785	0.057	0.004	-0.083		
		39.532	32.783	40.94	23.389	24.241	21.829	32.824	34.182	33.424	0.124	0.258	0.144		
		19.799	29.67	27.266	28.253	22.409	30.144	29.854	28.969	30.371	0.164	0.161	0.15		
		-0.039	0	-0.045	-0.048	0.156	0.078	0.121	-0.034	0.005	-0.109	0.105	0.035		
		20.666	20.315	21.26	21.12	-0.096	0.016	0.038	0.046	-0.206	-0.068	-0.099	0.015		
		
	Temperature(¡C)	1	2	3	4	5	6	7	8	9	10	11	12		
		31.264	27.546	29.612	55.109	31.86	43.55	30.415	27.052	30.661	-0.041	0.037	-0.101	
		30.392	33.665	28.234	33.56	33.784	30.079	31.976	29.515	21.901	0.02	-0.073	0.129	
		38.37	36.206	32.469	30.639	27.972	25.915	28.07	24.572	20.494	0.003	0.043	0.005	
		23.673	25.121	28.863	24.164	28.299	25.19	22.239	26.461	23.785	0.057	0.004	-0.083	
		39.532	32.783	40.94	23.389	24.241	21.829	32.824	34.182	33.424	0.124	0.258	0.144	
		19.799	29.67	27.266	28.253	22.409	30.144	29.854	28.969	30.371	0.164	0.161	0.15	
		-0.039	0	-0.045	-0.048	0.156	0.078	0.121	-0.034	0.005	-0.109	0.105	0.035	
		20.666	20.315	21.26	21.12	-0.096	0.016	0.038	0.046	-0.206	-0.068	-0.099	0.015	
~End
Group:	Standards	1
Sample	Concentration	Wells	BackConcCalc	Values	MeanValue	Std.Dev.	CV%

Smallest standard value:  

Largest standard value:  

~End
Group:	Controls	1
Sample	Wells	Sample#	Values	MeanValue

~End
Group:	Samples	1
Sample	Wells	Values	Outliers	Result	MeanResult	Std.Dev.	CV%

Outlier - Outside standard range  

~End
