##BLOCKS= 4          
Plate:	Plate#1	1.1	PlateFormat	Endpoint	Fluorescence	Raw	FALSE	1						1	590	1	12	96	530	Automatic	590			6	Automatic			
	Temperature(¡C)	1	2	3	4	5	6	7	8	9	10	11	12		
	23.70	17.755	19.331	17.217	18.711	18.964	18.295	18.587	18.831	18.703	0.102	0.026	0.111		
		18.3	18.227	18.929	18.553	18.128	18.556	17.973	17.575	18.913	0.348	0.076	0.21		
		18.848	18.91	17.769	17.752	18.826	18.817	18.574	18.328	19.217	0.032	0.141	0.136		
		19.529	18.484	18.596	18.129	18.486	18.124	18.298	18.163	18.358	0.079	0.12	0.065		
		20.389	19.388	19.206	19.209	19.558	19.897	18.733	19.442	18.827	0.222	0.223	0.257		
		19.926	18.132	19.436	19.698	19.371	19.027	18.904	19.152	19.19	0.192	0.221	-0.011		
		0.043	0.334	0.218	0.081	0.033	0.151	-0.008	0.004	0.138	0.165	-0.073	0.089		
		19.523	19.811	20.583	21.017	0.193	0.034	0.025	0.281	0.046	-0.044	0.02	0.168		
		
	Temperature(¡C)	1	2	3	4	5	6	7	8	9	10	11	12		
		17.755	19.331	17.217	18.711	18.964	18.295	18.587	18.831	18.703	0.102	0.026	0.111	
		18.3	18.227	18.929	18.553	18.128	18.556	17.973	17.575	18.913	0.348	0.076	0.21	
		18.848	18.91	17.769	17.752	18.826	18.817	18.574	18.328	19.217	0.032	0.141	0.136	
		19.529	18.484	18.596	18.129	18.486	18.124	18.298	18.163	18.358	0.079	0.12	0.065	
		20.389	19.388	19.206	19.209	19.558	19.897	18.733	19.442	18.827	0.222	0.223	0.257	
		19.926	18.132	19.436	19.698	19.371	19.027	18.904	19.152	19.19	0.192	0.221	-0.011	
		0.043	0.334	0.218	0.081	0.033	0.151	-0.008	0.004	0.138	0.165	-0.073	0.089	
		19.523	19.811	20.583	21.017	0.193	0.034	0.025	0.281	0.046	-0.044	0.02	0.168	
~End
Group:	Standards	1
Sample	Concentration	Wells	BackConcCalc	Values	MeanValue	Std.Dev.	CV%

Smallest standard value:  

Largest standard value:  

~End
Group:	Controls	1
Sample	Wells	Sample#	Values	MeanValue

~End
Group:	Samples	1
Sample	Wells	Values	Outliers	Result	MeanResult	Std.Dev.	CV%

Outlier - Outside standard range  

~End
