##BLOCKS= 4          
Plate:	Plate#1	1.1	PlateFormat	Endpoint	Fluorescence	Raw	FALSE	1						1	590	1	12	96	530	Automatic	590			6	Automatic			
	Temperature(¡C)	1	2	3	4	5	6	7	8	9	10	11	12		
	24.00	28.895	28.348	29.666	53.227	31.699	42.835	30.155	26.473	31.097	0.201	-0.167	0.236		
		28.815	34.486	29	35.726	32.902	30.377	29.828	30.606	20.281	0.069	-0.227	0.031		
		37.857	37.153	33.241	31.608	27.78	25.589	24.206	24.805	20.11	0.053	-0.11	0.201		
		24.266	23.473	29.028	23.952	27.46	22.387	20.664	25.653	23.662	0.189	0.072	0.001		
		39.756	32.436	41.258	22.374	23.697	21.882	34.531	33.387	32.153	0.017	0.122	0.327		
		19.169	30.054	27.491	27.423	24.143	30.867	28.288	28.363	28.452	0.12	0.224	-0.024		
		0	-0.057	0.115	0.296	0.047	0.04	0.082	0.28	-0.051	-0.011	0.093	0.036		
		21.875	19.799	22.067	20.717	-0.026	0.172	-0.081	-0.016	0.069	0.227	0.124	0.021		
		
	Temperature(¡C)	1	2	3	4	5	6	7	8	9	10	11	12		
		28.895	28.348	29.666	53.227	31.699	42.835	30.155	26.473	31.097	0.201	-0.167	0.236	
		28.815	34.486	29	35.726	32.902	30.377	29.828	30.606	20.281	0.069	-0.227	0.031	
		37.857	37.153	33.241	31.608	27.78	25.589	24.206	24.805	20.11	0.053	-0.11	0.201	
		24.266	23.473	29.028	23.952	27.46	22.387	20.664	25.653	23.662	0.189	0.072	0.001	
		39.756	32.436	41.258	22.374	23.697	21.882	34.531	33.387	32.153	0.017	0.122	0.327	
		19.169	30.054	27.491	27.423	24.143	30.867	28.288	28.363	28.452	0.12	0.224	-0.024	
		0	-0.057	0.115	0.296	0.047	0.04	0.082	0.28	-0.051	-0.011	0.093	0.036	
		21.875	19.799	22.067	20.717	-0.026	0.172	-0.081	-0.016	0.069	0.227	0.124	0.021	
~End
Group:	Standards	1
Sample	Concentration	Wells	BackConcCalc	Values	MeanValue	Std.Dev.	CV%

Smallest standard value:  

Largest standard value:  

~End
Group:	Controls	1
Sample	Wells	Sample#	Values	MeanValue

~End
Group:	Samples	1
Sample	Wells	Values	Outliers	Result	MeanResult	Std.Dev.	CV%

Outlier - Outside standard range  

~End
