##BLOCKS= 4          
Plate:	Plate#1	1.1	PlateFormat	Endpoint	Fluorescence	Raw	FALSE	1						1	590	1	12	96	530	Automatic	590			6	Automatic			
	Temperature(¡C)	1	2	3	4	5	6	7	8	9	10	11	12		
	22.80	88.354	88.804	95.136	98.721	102.792	109.92	99.057	89.519	87.028	0.112	0.31	0.039		
		95.338	104.393	99.777	98.548	95.348	99.392	94.336	87.308	84.03	0.092	0.099	0.118		
		85.935	87.354	90.824	94.343	91.121	89.033	93.473	95.929	81.549	0.061	0.024	0.111		
		94.651	100.518	105.625	92.192	115.792	96.18	110.946	98.781	87.026	0.051	0.186	0.117		
		80.753	86.932	87.952	93.116	105.131	90.991	93.108	97.002	97.082	0.264	0.179	0.275		
		80.848	88.956	95.594	91.269	88.819	89.093	91.955	84.527	68.727	0	-0.017	0.255		
		0.082	0.047	0.181	0.139	0.271	0.043	-0.069	0.021	0.099	0.142	0.099	0.046		
		86.798	90.575	93.851	92.7	73.576	0.09	-0.014	0.103	0.133	0.209	0.212	-0.06		
		
	Temperature(¡C)	1	2	3	4	5	6	7	8	9	10	11	12		
		88.354	88.804	95.136	98.721	102.792	109.92	99.057	89.519	87.028	0.112	0.31	0.039	
		95.338	104.393	99.777	98.548	95.348	99.392	94.336	87.308	84.03	0.092	0.099	0.118	
		85.935	87.354	90.824	94.343	91.121	89.033	93.473	95.929	81.549	0.061	0.024	0.111	
		94.651	100.518	105.625	92.192	115.792	96.18	110.946	98.781	87.026	0.051	0.186	0.117	
		80.753	86.932	87.952	93.116	105.131	90.991	93.108	97.002	97.082	0.264	0.179	0.275	
		80.848	88.956	95.594	91.269	88.819	89.093	91.955	84.527	68.727	0	-0.017	0.255	
		0.082	0.047	0.181	0.139	0.271	0.043	-0.069	0.021	0.099	0.142	0.099	0.046	
		86.798	90.575	93.851	92.7	73.576	0.09	-0.014	0.103	0.133	0.209	0.212	-0.06	
~End
Group:	Standards	1
Sample	Concentration	Wells	BackConcCalc	Values	MeanValue	Std.Dev.	CV%

Smallest standard value:  

Largest standard value:  

~End
Group:	Controls	1
Sample	Wells	Sample#	Values	MeanValue

~End
Group:	Samples	1
Sample	Wells	Values	Outliers	Result	MeanResult	Std.Dev.	CV%

Outlier - Outside standard range  

~End
