##BLOCKS= 4          
Plate:	Plate#1	1.1	PlateFormat	Endpoint	Fluorescence	Raw	FALSE	1						1	590	1	12	96	530	Automatic	590			6	Automatic			
	Temperature(¡C)	1	2	3	4	5	6	7	8	9	10	11	12		
	23.90	20.173	20.715	17.792	19.2	20.423	20.769	19.386	20.43	20.371	0	-0.199	0.216		
		21.131	21.133	21.535	20.765	20.454	18.451	21.362	19.969	19.72	0.036	0.084	0.197		
		20.446	20.724	20.488	21.491	18.754	20.724	20.636	19.291	20.013	0.3	-0.012	0.041		
		22.053	21.307	20.506	20.047	19.217	19.618	20.174	19.368	18.773	0.222	0.293	0.085		
		21.599	21.504	20.902	20.937	18.409	18.603	18.173	21.392	20.387	0.184	0.25	0.415		
		21.595	20.679	20.67	21.394	21.352	19.922	20.829	21.742	20.121	0.095	0.041	0.015		
		0.089	0.042	0.054	0.071	0.171	-0.009	-0.072	0.112	0.038	-0.051	0.006	0.15		
		11.222	14.758	15.965	16.212	0.183	0.048	-0.013	0.047	0.058	-0.132	0.238	-0.016		
		
	Temperature(¡C)	1	2	3	4	5	6	7	8	9	10	11	12		
		20.173	20.715	17.792	19.2	20.423	20.769	19.386	20.43	20.371	0	-0.199	0.216	
		21.131	21.133	21.535	20.765	20.454	18.451	21.362	19.969	19.72	0.036	0.084	0.197	
		20.446	20.724	20.488	21.491	18.754	20.724	20.636	19.291	20.013	0.3	-0.012	0.041	
		22.053	21.307	20.506	20.047	19.217	19.618	20.174	19.368	18.773	0.222	0.293	0.085	
		21.599	21.504	20.902	20.937	18.409	18.603	18.173	21.392	20.387	0.184	0.25	0.415	
		21.595	20.679	20.67	21.394	21.352	19.922	20.829	21.742	20.121	0.095	0.041	0.015	
		0.089	0.042	0.054	0.071	0.171	-0.009	-0.072	0.112	0.038	-0.051	0.006	0.15	
		11.222	14.758	15.965	16.212	0.183	0.048	-0.013	0.047	0.058	-0.132	0.238	-0.016	
~End
Group:	Standards	1
Sample	Concentration	Wells	BackConcCalc	Values	MeanValue	Std.Dev.	CV%

Smallest standard value:  

Largest standard value:  

~End
Group:	Controls	1
Sample	Wells	Sample#	Values	MeanValue

~End
Group:	Samples	1
Sample	Wells	Values	Outliers	Result	MeanResult	Std.Dev.	CV%

Outlier - Outside standard range  

~End
