##BLOCKS= 4          
Plate:	Plate#1	1.1	PlateFormat	Endpoint	Fluorescence	Raw	FALSE	1						1	590	1	12	96	530	Automatic	590			6	Automatic			
	Temperature(¡C)	1	2	3	4	5	6	7	8	9	10	11	12		
	24.00	19.438	20.369	18.365	19.531	20.194	20.51	19.881	21.2	20.419	0.19	0.024	-0.019		
		21.757	21.385	19.847	20.902	20.998	18.563	21.692	20.1	19.792	0.055	0.137	0.101		
		22.037	20.105	19.514	18.875	19.276	20.301	21.449	19.454	19.617	0.072	0.017	-0.001		
		21.079	20.993	19.711	20.08	19.158	19.402	19.515	19.395	18.981	0.027	0.259	-0.049		
		21.656	20.516	21.005	21.179	19.365	19.531	18.961	19.518	18.884	0.416	0.204	0.258		
		22.286	22.347	20.885	20.899	21.21	20.501	20.585	19.847	19.401	0.128	0.034	0.048		
		0.099	0.054	0.242	0.174	0.05	-0.17	0.068	0.069	0.266	-0.032	0	0.078		
		11.5	16.012	16.085	15.687	0.093	0.059	0.079	-0.123	0.23	-0.05	0.099	0.09		
		
	Temperature(¡C)	1	2	3	4	5	6	7	8	9	10	11	12		
		19.438	20.369	18.365	19.531	20.194	20.51	19.881	21.2	20.419	0.19	0.024	-0.019	
		21.757	21.385	19.847	20.902	20.998	18.563	21.692	20.1	19.792	0.055	0.137	0.101	
		22.037	20.105	19.514	18.875	19.276	20.301	21.449	19.454	19.617	0.072	0.017	-0.001	
		21.079	20.993	19.711	20.08	19.158	19.402	19.515	19.395	18.981	0.027	0.259	-0.049	
		21.656	20.516	21.005	21.179	19.365	19.531	18.961	19.518	18.884	0.416	0.204	0.258	
		22.286	22.347	20.885	20.899	21.21	20.501	20.585	19.847	19.401	0.128	0.034	0.048	
		0.099	0.054	0.242	0.174	0.05	-0.17	0.068	0.069	0.266	-0.032	0	0.078	
		11.5	16.012	16.085	15.687	0.093	0.059	0.079	-0.123	0.23	-0.05	0.099	0.09	
~End
Group:	Standards	1
Sample	Concentration	Wells	BackConcCalc	Values	MeanValue	Std.Dev.	CV%

Smallest standard value:  

Largest standard value:  

~End
Group:	Controls	1
Sample	Wells	Sample#	Values	MeanValue

~End
Group:	Samples	1
Sample	Wells	Values	Outliers	Result	MeanResult	Std.Dev.	CV%

Outlier - Outside standard range  

~End
