##BLOCKS= 4          
Plate:	Plate#1	1.1	PlateFormat	Endpoint	Fluorescence	Raw	FALSE	1						1	590	1	12	96	530	Automatic	590			6	Automatic			
	Temperature(¡C)	1	2	3	4	5	6	7	8	9	10	11	12		
	23.40	21.337	21.714	22.898	20.884	20.603	25.2	25.696	23.037	24.935	0.011	0.076	0.13		
		23.464	23.575	23.076	28.172	26.965	24.165	21.091	27.336	21.517	0.021	0.014	0.135		
		33.559	23.285	22.83	24.492	21.51	28.2	33.276	23.875	23.628	-0.064	0.222	0.029		
		23.464	24.563	27.155	22.773	23.649	26.186	25.712	24.23	22.848	0.264	0.199	0.1		
		25.489	24.224	24.628	22.873	23.023	23.99	21.725	24.267	21.96	0.078	0.187	0.222		
		24.122	23.81	26.879	26.219	26.469	27.267	23.446	22.873	21.748	0.097	0.128	0.035		
		0.031	0.059	0.151	0.186	0.024	0.008	0.096	0.069	0.017	-0.019	0.054	0.035		
		12.394	16.232	16.326	15.78	0.064	0.055	0.128	0.028	0.117	0.097	0.114	0.068		
		
	Temperature(¡C)	1	2	3	4	5	6	7	8	9	10	11	12		
		21.337	21.714	22.898	20.884	20.603	25.2	25.696	23.037	24.935	0.011	0.076	0.13	
		23.464	23.575	23.076	28.172	26.965	24.165	21.091	27.336	21.517	0.021	0.014	0.135	
		33.559	23.285	22.83	24.492	21.51	28.2	33.276	23.875	23.628	-0.064	0.222	0.029	
		23.464	24.563	27.155	22.773	23.649	26.186	25.712	24.23	22.848	0.264	0.199	0.1	
		25.489	24.224	24.628	22.873	23.023	23.99	21.725	24.267	21.96	0.078	0.187	0.222	
		24.122	23.81	26.879	26.219	26.469	27.267	23.446	22.873	21.748	0.097	0.128	0.035	
		0.031	0.059	0.151	0.186	0.024	0.008	0.096	0.069	0.017	-0.019	0.054	0.035	
		12.394	16.232	16.326	15.78	0.064	0.055	0.128	0.028	0.117	0.097	0.114	0.068	
~End
Group:	Standards	1
Sample	Concentration	Wells	BackConcCalc	Values	MeanValue	Std.Dev.	CV%

Smallest standard value:  

Largest standard value:  

~End
Group:	Controls	1
Sample	Wells	Sample#	Values	MeanValue

~End
Group:	Samples	1
Sample	Wells	Values	Outliers	Result	MeanResult	Std.Dev.	CV%

Outlier - Outside standard range  

~End
