##BLOCKS= 4          
Plate:	Plate#1	1.1	PlateFormat	Endpoint	Fluorescence	Raw	FALSE	1						1	590	1	12	96	530	Automatic	590			6	Automatic			
	Temperature(¡C)	1	2	3	4	5	6	7	8	9	10	11	12		
	22.70	107.798	102.839	98.85	95.921	104.089	98.607	99.096	97.209	98.628	0.073	-0.05	0.105		
		103.025	101.278	94.859	96.741	92.827	100.797	98.382	98.959	95.013	0.071	0.155	0.254		
		96.414	92.562	87.688	93.914	92.209	94.84	100.853	96.472	93.142	0.064	0.128	0.158		
		101.633	102.199	99.059	91.051	92.356	94.207	92.446	96.557	96.143	0.075	0.282	0.061		
		100.833	96.945	96.877	94.167	95.503	87.513	94.761	93.901	95.791	0.174	0.129	0.14		
		99.983	94.446	96.856	93.453	90.282	95.318	94.151	94.165	96.869	0.09	0.039	0.197		
		0.187	0.02	0.167	0.156	0.008	0.082	-0.012	-0	0.004	0.073	-0.031	0.118		
		103.35	99.318	100.092	99.556	72.207	0.2	0.091	0.017	-0.078	0.205	0.203	-0.121		
		
	Temperature(¡C)	1	2	3	4	5	6	7	8	9	10	11	12		
		107.798	102.839	98.85	95.921	104.089	98.607	99.096	97.209	98.628	0.073	-0.05	0.105	
		103.025	101.278	94.859	96.741	92.827	100.797	98.382	98.959	95.013	0.071	0.155	0.254	
		96.414	92.562	87.688	93.914	92.209	94.84	100.853	96.472	93.142	0.064	0.128	0.158	
		101.633	102.199	99.059	91.051	92.356	94.207	92.446	96.557	96.143	0.075	0.282	0.061	
		100.833	96.945	96.877	94.167	95.503	87.513	94.761	93.901	95.791	0.174	0.129	0.14	
		99.983	94.446	96.856	93.453	90.282	95.318	94.151	94.165	96.869	0.09	0.039	0.197	
		0.187	0.02	0.167	0.156	0.008	0.082	-0.012	-0	0.004	0.073	-0.031	0.118	
		103.35	99.318	100.092	99.556	72.207	0.2	0.091	0.017	-0.078	0.205	0.203	-0.121	
~End
Group:	Standards	1
Sample	Concentration	Wells	BackConcCalc	Values	MeanValue	Std.Dev.	CV%

Smallest standard value:  

Largest standard value:  

~End
Group:	Controls	1
Sample	Wells	Sample#	Values	MeanValue

~End
Group:	Samples	1
Sample	Wells	Values	Outliers	Result	MeanResult	Std.Dev.	CV%

Outlier - Outside standard range  

~End
