24_BitC_1_1
0
0
12
905
14
111
10
0
0
3
0
151
14
269
0
0
245
0
3
87
573
25
0
2
0
362
0
9
4
4
22
5
0
89
2039
27
4
0
8
0
5
0
0
1
0
2212
0
107
0
188
0
61
0
183
2
6
372
31
0
1289
3
8
0
2
3
13
0
381
12
12
841
420
43
4
8
2
726
3
3
0
0
0
12
12
636
0
27
97
20
8
387
0
262
0
0
474
7
0
54
0
24
0
4
416
88
0
0
0
0
621
0
0
5
0
0
0
0
41
126
654
6
6
0
77
50
422
539
0
1196
17
0
0
10
79
1
1
3
31
16
0
1
7
25
0
279
68
81
9
22
8
36
0
53
1
4
702
1
4
1
471
0
0
0
0
55
50
27
167
0
0
0
0
125
0
0
61
34
3
0
42
416
353
0
176
31
61
68
3
65
0
0
270
36
11
0
30
0
0
0
21
34
1
0
14
4
1
0
84
9
10
0
0
17
0
0
3
24
5
0
8
182
0
10
96
0
2
0
89
3
46
0
0
40
247
111
0
313
7
0
0
0
0
0
303
0
23
64
1122
0
0
58
116
10
0
345
16
0
0
0
19
81
1169
12
1651
24
0
0
0
177
9
8
518
0
0
37
0
0
0
459
53
387
66
0
537
0
638
0
0
4
52
0
0
0
0
0
0
103
0
128
0
0
5
0
16
167
0
132
5
2936
0
0
0
0
0
0
79
0
61
63
0
19
0
193
42
0
119
30
5
0
10
174
123
109
0
0
271
6
6
0
0
896
220
51
544
0
17
104
11
160
0
777
0
23
29
12
15
367
183
45
0
2
0
0
635
7
0
0
126
298
2940
135
641
17
11
0
0
3
5
0
242
0
23
0
0
1989
0
40
3
13
0
123
0
2
94
355
22
52
0
295
35
9
0
0
0
3
129
1
0
1
0
0
34
7
1740
6
260
0
46
0
0
1691
170
2
0
31
0
10
379
94
0
76
6
8
5
11
0
139
0
0
0
1
0
61
597
0
1
573
100
76
0
0
0
4
1
0
0
0
0
0
0
3
0
0
0
0
13
24
0
397
0
11
0
573
0
0
0
3
0
173
56
328
27
92
1091
288
34
1
0
22
0
45
41
33
83
0
29
0
1
0
0
13
1
726
17
18
251
5
1
13
0
0
0
2
423
2
237
49
0
9
0
659
235
0
479
0
64
5
18
4
20
27
54
437
0
3
109
239
129
121
0
0
0
18
0
341
83
0
0
82
0
0
0
8
0
0
0
1
0
0
0
1
909
1
216
0
89
0
0
0
123
294
40
0
119
10
94
87
18
0
25
0
62
4
1303
3
4
10
5
0
1921
1
2
0
114
0
398
107
23
6
1
45
1
0
1
10
164
0
0
0
0
598
1
59
248
1
0
75
2
12
6
0
4
0
8
1
0
33
0
0
5
1
0
0
42
0
18
59
150
51
42
1026
4
0
9
0
0
0
2
0
85
411
33
2
84
3
102
0
0
267
18
0
33
0
0
260
0
224
62
0
0
4
0
88
0
0
0
133
0
0
0
0
230
5
322
5
15
0
0
0
0
56
95
26
411
0
11
33
2335
0
5
2
0
3
0
56
2
4
3
33
80
0
15
1
15
0
0
11
16
66
0
87
1246
7
24
11
339
289
0
0
97
327
8
70
1
577
0
0
3
0
43
101
5
23
10
30
0
29
0
46
28
48
0
79
9
115
0
0
2
0
0
1
273
468
0
0
77
2894
0
313
82
138
99
60
23
1
0
143
0
2
19
0
4
210
0
0
655
15
52
10
27
101
121
11
48
18
0
0
0
359
0
142
0
0
68
16
2
0
0
6
2
0
0
3
0
13
12
0
0
0
169
59
110
9
7
0
318
2
0
0
0
5
0
110
17
0
0
1
0
2
1
4
17
1
0
0
11
0
66
100
0
1
0
6
0
0
181
0
81
186
251
0
197
53
147
82
0
4
262
4
41
46
0
525
0
138
101
71
1
0
253
0
4
3
9
106
276
5
0
0
0
0
0
315
264
3
0
1
0
760
2
0
720
3
71
0
26
2
0
229
24
192
92
46
0
0
13
0
0
57
1399
794
0
0
1
0
152
16
0
6
23
0
16
74
78
1
0
194
0
0
235
1
0
0
0
201
0
24
100
19
52
45
2
12
0
0
9
21
274
248
8
6
78
10
0
470
112
0
12
0
273
0
0
7
133
0
16
0
0
0
4
0
0
0
94
67
43
3
0
23
16
2
0
0
206
9
7
15
0
3
0
0
72
19
0
1428
23
94
501
0
121
0
0
31
0
616
21
13
0
695
156
62
14
635
0
25
0
0
1588
0
0
0
0
111
0
0
0
0
77
373
307
704
18
0
0
0
21
39
19
0
0
0
61
885
376
43
10
0
1
3
112
2
0
0
0
0
0
816
223
1749
535
0
0
0
0
0
47
0
0
0
75
13
55
1
0
942
319
0
236
875
19
30
32
46
0
0
106
0
3
11
0
0
0
8
0
11
9
1
0
4
3
0
945
211
0
0
1
3
37
0
0
0
0
51
36
0
79
1
0
54
2
113
423
0
235
26
6
1
0
2
0
0
0
0
130
636
24
78
32
89
88
37
75
90
1
15
235
14
42
1
0
0
0
0
705
13
89
0
0
76
27
2
0
180
62
48
108
0
73
227
0
12
3
2
0
7
0
0
1171
173
136
0
0
178
0
0
0
47
5
1176
1124
0
11
1846
17
122
47
30
42
460
172
0
0
19
0
389
13
239
0
351
0
200
0
116
702
20
0
302
0
0
20
0
188
216
1
0
0
390
0
273
0
0
0
10
0
120
0
0
1
0
0
0
0
16
0
39
6
29
0
272
69
6
178
554
0
0
1756
0
4
0
37
40
35
0
50
0
1
6
72
3
0
0
187
0
3063
0
0
0
6
3
114
25
81
26
0
33
0
32
0
1
83
104
29
0
0
86
0
112
769
28
0
0
10
0
235
6
2
50
0
2
11
0
6
0
0
2
339
0
528
8
0
2
6
0
32
0
61
0
15
60
0
33
1
97
0
0
0
59
0
0
0
70
2
0
0
13
5
0
48
2
141
0
0
0
19
0
1574
0
3
2215
7
281
0
51
13
13
0
0
0
123
45
0
0
7
30
18
0
0
3
0
0
13
0
46
1
0
5
1
89
0
0
0
1
76
869
87
0
0
0
37
0
0
233
204
2
8
3544
3
31
77
15
60
11
738
0
1
36
1691
30
3
32
36
201
0
0
140
61
10
186
4
280
1
145
107
31
0
24
0
9
1
0
0
0
226
0
3
0
1035
9
12
435
20
18
0
0
0
2
9
0
134
0
0
89
17
0
1
0
0
23
0
79
0
6
38
0
1
0
0
0
0
0
9
0
0
3
0
0
0
0
0
0
4
321
3
155
1
62
73
29
2
0
35
2
809
8
0
2
0
0
6
15
907
65
185
0
565
8
145
456
0
0
0
788
0
58
41
4728
3793
0
0
0
15
0
5
0
0
31
0
0
800
224
319
0
0
157
0
0
0
26
190
44
665
1
858
0
34
2
11
104
0
3
0
0
2
0
0
0
397
61
0
1948
32
0
1
14
90
173
174
18
320
1689
2
310
0
129
136
121
209
203
0
27
3
121
50
0
0
95
18
57
0
0
16
60
229
0
0
0
1
214
0
623
1
0
5
5
0
209
2477
0
131
0
0
1
221
0
163
0
22
0
0
599
17
6
13
0
1
10
1
218
0
3
0
1
0
0
26
71
15
0
0
3
15
2
0
0
10
1
1
7
0
11
22
83
0
0
1
0
13
0
0
0
1
35
49
9
206
1796
32
273
174
1319
1
22
3
75
0
0
819
2
71
39
0
3
0
0
286
36
0
11
100
0
69
5
0
0
0
49
0
0
1913
302
0
1
194
653
95
0
0
10
0
17
0
471
0
100
2
0
4
0
62
0
0
0
0
6
0
0
0
0
11
285
22
1
0
63
13
16
9
3
7
36
0
90
0
29
4106
537
0
117
1
0
0
1434
53
0
1
0
0
6
203
3
0
0
7
0
0
0
0
0
4
109
0
0
76
66
398
253
21
258
0
0
8
3
10
0
0
0
2
139
22
0
244
14
298
10
0
0
41
30
12
43
0
0
65
86
0
0
45
0
0
0
203
0
0
5
0
28
18
0
5
4
2
31
155
0
0
0
0
13
775
3
0
0
136
0
234
18
223
0
20
1121
211
0
0
2571
294
104
1880
48
0
3
0
0
0
1
29
0
3
0
0
97
870
3
0
0
0
0
0
8
19
154
0
0
7
0
0
0
88
609
70
234
179
6
2
0
0
222
0
0
0
13
10
1
19
1
0
0
0
45
24
148
15
2
0
0
0
0
0
0
45
2
0
0
23
0
106
1
0
19
68
0
0
0
210
0
234
0
0
9
4
0
2
0
0
482
0
2
4
20
0
74
74
16
0
4
0
3
0
0
127
0
315
173
451
24
0
36
42
1
1
7
143
42
0
10
0
1059
2
13
0
0
0
8
0
14
0
0
0
183
0
98
44
50
84
29
0
0
0
0
1
8
170
38
0
8
0
13
2
0
0
62
2
13
0
0
23
14
1
23
12
236
18
0
104
0
353
0
0
0
24
9
20
72
281
0
453
47
0
0
9
0
0
0
127
304
8
0
33
0
0
4
0
5
0
6
90
9
1
1005
134
2
205
0
17
3
0
0
174
0
79
0
0
2
6
5
0
0
2
438
0
67
236
6
0
1176
20
0
0
0
2
6
4
943
56
59
0
0
0
0
0
0
9
30
0
0
7
1
5
2
0
11
16
0
0
0
3485
0
1
0
7
17
277
233
2004
4
1491
14
0
4
8
5
10
986
0
232
623
0
7
59
0
71
1
0
1
357
0
12
52
0
0
545
0
92
298
0
0
28
145
0
2
194
183
0
765
0
314
0
1360
4
0
56
2
12
50
556
7
139
1
10
0
1529
147
24
3
265
0
49
4
327
58
0
52
0
24
82
125
0
0
0
0
9
55
0
10
945
60
240
176
0
0
0
1
17
39
0
20
85
4
371
528
1
85
87
17
0
0
0
0
397
0
37
0
93
16
0
0
4
2
0
1
833
952
0
0
61
3
14
0
37
0
142
19
0
1
112
415
0
4
2
0
0
3
204
220
0
0
855
14
217
122
26
25
0
0
16
0
1
0
0
3
7
0
28
183
0
0
19
167
0
1
14
0
0
0
472
128
10
0
0
762
0
246
286
0
0
26
0
0
2
30
95
6
0
0
0
12
12
52
0
0
0
44
8
0
0
0
0
0
97
76
3
0
0
317
1125
10
73
0
3
0
10
3
0
313
0
0
2
72
29
0
0
0
4
77
3
7
0
82
0
538
0
2
3
8
3
0
0
20
0
0
3
52
3
0
15
0
4
9
4
10
0
0
227
0
0
0
20
7
11983
0
12
127
96
0
39
1
0
0
0
206
46
356
0
90
0
0
133
1
0
32
0
221
637
0
22
0
70
0
722
4
231
50
0
0
0
0
0
0
0
0
2
0
7
0
0
1
229
85
85
0
0
102
5
0
62
837
6
109
42
0
488
48
0
39
1
0
0
299
14
126
0
10
1
0
9
312
179
0
174
16
5
0
0
63
179
0
200
0
0
173
5
52
26
2
28
0
0
105
344
4
6
11
0
0
0
0
106
120
131
0
8
0
96
0
0
138
0
27
23
2
376
25
1
56
8
0
0
338
107
0
127
3
43
260
0
9
1715
159
0
2
0
114
34
1
4
6
0
0
0
0
26
34
0
13
0
0
0
0
0
144
4
66
2
0
32
2
108
0
0
0
0
130
145
16
11
0
0
66
0
0
0
3
735
1074
0
0
1425
8
26
501
0
93
0
0
0
361
1
0
5
17
41
20
1
0
1
0
0
683
0
0
692
0
64
2
1548
181
0
0
186
804
17
1263
322
0
23
20
295
0
15
5
7
13
0
0
0
220
2
0
826
0
1057
0
0
2
0
5
0
79
115
0
566
6
52
0
22
765
2003
4
6
39
1
427
78
0
12
0
120
2
0
0
94
91
0
830
0
22
4
201
0
21
140
835
13
59
162
0
486
3
266
250
0
1052
0
173
45
51
136
4
0
4
0
0
28
36
0
1
78
0
1
15
1
0
0
2293
81
65
103
25
135
0
2
6
5
0
335
0
6
0
0
1
1802
0
93
104
0
412
0
3
196
15
21
610
2
0
72
0
0
0
0
6
0
0
0
33
88
20
0
6
0
0
65
0
0
0
951
146
497
129
2
351
16
0
0
45
7
0
0
0
1
8
107
1
0
7
0
0
0
5
4
13
423
22
34
0
36
3
3991
0
0
7
34
0
2
75
0
119
0
32
33
0
539
100
15
51
25
0
0
289
209
729
38
0
0
52
0
0
0
0
1270
0
1289
187
70
70
166
0
0
0
0
13
0
131
3
0
59
51
3
39
0
301
1
0
6
67
0
28
2
21
1
73
27
0
1070
25
0
7
10137
0
46
776
227
346
250
212
349
97
667
0
494
972
1
9
3
0
0
0
81
0
85
69
1441
0
6
115
111
0
1202
44
53
0
0
0
0
1473
2
7
306
0
215
0
4
2
3
650
33
0
0
434
69
0
0
4
0
126
0
54
2
934
3
59
19
353
1
1
58
431
0
1
5
66
142
37
0
23
198
56
0
0
68
20
83
0
0
2
7
0
19
44
0
82
2
0
0
0
0
6
0
0
15
0
0
0
1
4
0
7
488
5
0
0
1649
0
0
1
0
0
36
0
52
0
0
17
0
0
0
1
2
0
139
21
0
0
0
34
0
0
0
74
45
0
0
0
56
0
0
0
13
0
0
0
0
4
0
3
0
0
48
0
0
18
1055
0
0
14
0
4
100
13
129
8
1
0
0
26
0
0
0
23
0
70
1
0
0
0
8
0
32
0
0
151
19
0
242
6
0
1626
58
4
0
7
217
0
0
0
0
0
24
32
40
0
109
5
0
2
1570
147
1
0
134
0
1
26
0
2
17
0
11
0
0
0
0
267
0
1
0
0
337
0
89
14
10
1
0
16
930
234
196
0
0
0
0
0
0
0
0
0
160
0
0
68
0
0
0
0
0
75
1055
17
0
0
5
0
0
0
0
0
0
0
0
5
0
0
0
0
12
1
0
5
12
0
0
0
39
0
21
0
0
0
0
0
0
0
6
0
0
0
0
0
0
52
1
0
1
14
160
0
0
0
0
0
0
2
0
0
5
0
0
0
0
0
1
0
10
0
0
0
9
0
0
0
3
0
0
0
0
0
0
0
0
0
0
11
0
0
0
673
0
0
0
7
0
0
0
0
904
0
0
42
48
0
0
29
0
0
0
0
0
0
0
33
125
0
0
0
8
160
22
0
12
0
0
0
0
0
0
0
0
0
0
0
11
0
0
0
790
0
2
0
0
0
0
0
0
32
0
29
0
24
0
2
0
2
0
0
135
1
0
0
0
4
4
0
0
0
44
4
0
6
0
6
18
0
0
0
2
19
0
36
0
0
0
55
0
7
1
309
0
0
2
0
7
0
0
0
1
41
0
0
0
0
251
0
1
470
132
0
0
24
44
0
0
0
0
0
51
0
0
21
0
30
5
0
0
0
1
0
0
0
0
0
69
0
0
300
7
0
0
0
0
7
0
0
0
0
0
0
0
5
0
0
0
0
7
53
2
33
0
0
140
0
0
0
0
0
168
0
2
1
0
0
0
0
0
0
4
0
0
18
0
0
42
2
0
0
1
31
11
0
0
26
0
0
4
0
0
0
1
0
0
0
0
0
0
0
0
0
0
0
0
0
0
0
0
0
0
0
0
0
0
64
5
0
14
1
1
0
0
0
13
0
3
0
2
0
0
0
0
0
1
0
0
0
0
0
34
0
14
0
0
0
0
108
0
0
0
55
0
0
0
0
0
7
0
6
0
0
4
0
0
0
0
0
0
0
0
0
0
0
0
985
0
0
0
0
0
0
0
0
0
0
0
7
18
0
0
1
0
0
195
0
0
0
0
0
0
2
0
0
0
0
0
0
12
0
122
80
0
0
3
0
0
0
0
0
379
0
0
0
0
0
0
0
0
0
279
11
0
419
0
0
15
0
0
1
0
0
0
0
0
0
1
0
0
2
0
15
0
0
0
0
0
0
0
0
0
0
70
2
0
0
42
8
0
93
0
63
0
0
0
0
0
8
1
0
0
0
0
0
4
3
1
0
0
51
0
1
278
0
0
0
4
0
0
0
0
0
0
0
17
0
0
0
0
96
0
0
0
0
29
0
0
0
0
0
1
0
1
0
0
41
0
0
0
0
139
260
0
0
0
0
21
0
0
0
0
0
0
0
0
3
1
35
2
0
1
0
17
44
0
4
1576
0
0
0
0
331
0
12
0
0
0
0
0
0
0
0
0
155
0
0
0
0
7
0
120
0
0
0
5
0
0
0
0
0
0
0
2
0
2
0
0
0
297
0
0
0
0
0
0
0
2
1119
0
65
0
1
0
0
0
0
0
0
85
0
0
284
0
0
65
9
583
2
1
0
0
0
24
0
0
1
0
323
1
0
0
0
0
1
0
0
7
13
9
2
0
4
0
0
10
0
0
7
37
911
0
0
2
4
965
0
383
0
0
1
66
0
0
7
0
21
0
0
0
0
16
0
0
0
38
0
0
0
0
0
0
0
8
0
1
0
0
2
0
15
0
0
10
0
23
0
0
0
0
0
478
0
0
0
161
0
0
5
0
0
0
0
0
0
0
55
0
0
0
1
34
633
106
0
0
0
0
0
0
0
1
221
0
8
0
0
0
0
0
563
0
383
1
0
11
0
0
1
0
0
0
0
1987
0
0
0
0
0
0
56
0
0
0
17
0
102
6
0
4
0
591
0
0
0
10
0
0
1
0
0
4
0
0
1
0
0
0
0
70
0
0
0
3
161
1
0
0
129
0
6
0
20
288
0
8
1
0
0
0
0
0
0
0
757
0
1
0
0
0
0
0
153
120
0
0
24
0
272
0
0
1
0
0
0
0
2
0
0
0
0
21
19
0
0
0
0
1
0
0
0
49
17
0
0
560
0
42
19
0
0
0
0
0
0
0
0
0
63
4
0
0
26
0
0
0
0
0
0
0
0
0
0
895
0
1
0
0
0
0
1222
24
6
13
0
0
0
1
3
6
0
29
0
0
0
0
0
0
0
0
0
0
0
0
135
0
0
0
0
843
3
0
0
0
25
0
0
0
0
2
7
17
0
0
0
1
0
117
0
78
6
0
4
0
0
1266
40
0
0
49
163
0
68
5
0
0
30
0
0
0
3
1
30
32
0
0
0
0
0
0
3
0
1
0
0
0
0
112
40
0
621
1
0
0
0
0
19
0
0
0
0
0
0
0
0
0
8
38
6
134
0
0
0
5
0
0
1
0
274
0
0
0
38
0
0
0
0
0
0
0
0
0
0
0
0
0
11
30
0
0
0
0
0
0
131
0
427
0
0
0
0
0
0
0
250
0
0
41
5
0
0
3
0
0
423
0
0
5
0
0
0
0
0
8
51
1
18
0
0
0
3
10
108
0
0
0
0
0
0
0
0
198
282
7
0
65
1
0
0
0
0
2
0
31
518
0
0
0
0
0
0
112
0
0
7
0
0
0
13
0
0
4
0
0
0
0
6
0
0
0
0
191
0
0
0
0
3
3
0
0
1
0
47
0
0
86
0
0
0
0
0
0
7
0
0
0
0
0
5
0
0
0
0
7
0
0
0
0
0
3
0
0
45
0
0
2
15
0
0
1
12
0
0
0
0
0
99
0
0
0
1
221
1
0
0
10
0
0
1
2
7
10
0
0
0
58
0
108
0
0
29
0
69
0
461
42
0
2
4
4
20
0
0
0
0
8
0
0
1
0
0
0
3
0
11
159
172
0
0
0
4
3
0
1
0
0
0
7
0
0
1
0
0
0
299
14
370
0
0
0
75
0
0
2
0
6
0
0
266
226
0
0
0
0
0
2
505
1
13
13
0
2
0
5
18
0
0
0
1
0
0
0
1
0
6
0
4
8
2
0
80
0
0
0
0
2
0
0
0
0
0
3
0
0
0
0
0
0
0
0
0
1
0
0
0
8
38
4
0
0
92
0
0
137
0
0
4
0
438
0
0
0
0
36
601
0
871
0
0
0
1
0
0
0
5
0
2
0
0
0
0
0
0
52
0
5
0
0
0
0
1
0
12
0
29
0
0
0
0
276
0
0
42
0
0
6
21
0
323
26
0
0
0
0
0
0
0
0
293
0
0
0
31
60
0
0
0
0
38
90
8
0
0
9
12
0
1821
5
8
0
0
36
0
71
392
21
113
0
2
30
0
217
0
0
15
0
0
0
0
0
0
0
586
0
0
0
0
0
0
0
0
0
0
150
403
0
0
0
0
0
34
0
0
101
56
0
0
4
0
0
28
0
0
0
0
0
0
0
0
0
1
0
0
0
194
0
7
0
3
0
0
0
4
2
0
0
2
41
5
0
0
5
0
0
0
0
0
0
3
54
296
0
0
0
0
0
0
0
68
130
0
15
34
0
0
0
82
0
0
0
4
0
60
0
66
0
0
0
53
0
0
0
0
0
0
0
7
0
0
0
0
0
2850
105
0
0
0
0
3
0
0
92
310
199
0
0
103
0
1
0
0
0
1
0
0
0
139
0
1
23
36
0
0
1
0
360
0
1
0
0
0
359
0
18
0
0
497
49
0
0
0
0
0
0
0
196
17
0
72
0
0
0
53
0
0
32
0
0
0
0
0
0
14
0
13
45
2
2
0
0
0
0
106
0
634
62
0
0
0
0
0
139
650
0
0
0
0
1317
0
0
25
0
0
0
198
0
412
195
2
0
1
0
0
0
0
3
0
0
0
2
868
0
0
0
30
1
0
0
1
3
0
0
0
1
26
0
818
13
0
0
0
0
0
0
0
0
0
4
134
3
0
0
0
54
0
0
0
0
29
0
0
6
0
0
12
0
0
0
1025
0
0
0
0
30
0
89
0
3
0
47
0
0
0
23
2
0
0
0
11
0
10
0
0
0
249
0
0
4
0
0
0
0
147
12
1
364
0
0
280
0
0
956
0
0
13
0
0
0
0
0
0
0
0
0
0
0
0
0
0
0
0
0
0
7
0
0
0
0
175
0
0
0
85
0
0
0
0
0
3
0
0
0
0
0
7
0
0
0
0
0
0
10
99
0
3
0
0
472
0
1
0
0
91
0
0
0
0
0
3
101
0
4
0
0
0
11
786
3
38
6
283
0
0
8
0
0
0
6
3
3
0
0
0
0
0
0
0
13
0
101
0
0
13
0
0
0
0
0
667
32
842
0
3
1
0
77
100
0
3
30
715
0
0
0
9
0
0
0
0
0
0
23
0
1181
0
2
0
3527
0
10
9
0
0
1
0
0
0
0
0
20
0
35
0
52
0
16
144
0
1
0
20
0
0
0
89
0
0
30
9
0
39
0
0
0
11
0
1
2
6
97
84
0
1
0
0
7
0
0
0
0
0
2
2
19
0
37
0
0
0
0
0
2
33
0
0
1
0
0
2
103
0
0
0
7
0
0
0
1
0
0
2
2
0
0
0
110
0
0
0
0
0
3
0
0
0
0
0
0
0
1
0
0
0
0
0
0
0
0
5
5
0
0
0
0
2
0
0
0
0
0
0
0
4
0
28
0
0
0
0
160
384
0
0
0
6
0
0
1
0
0
0
0
0
0
0
0
0
0
0
0
65
0
381
0
205
0
0
86
0
0
177
0
0
0
2
0
0
647
0
16
0
0
0
2
0
4
0
0
296
0
31
0
1
0
0
0
0
0
176
0
0
1
0
0
2
0
0
0
0
0
0
0
0
0
0
0
4
0
0
0
0
0
0
10
0
0
38
0
0
0
0
0
0
6
0
0
0
0
0
158
0
586
0
0
0
0
1
0
3
0
0
0
0
50
0
0
0
0
40
0
124
0
0
0
0
0
0
222
3
0
49
0
0
0
4456
0
0
0
0
5
0
50
8
5
21
0
0
0
0
1
65
17
0
1
0
32
0
0
1
0
2
232
0
1
0
1
11
0
275
0
8
0
2
0
209
0
0
22
0
102
0
1356
0
1
1
55
2
0
0
0
0
0
0
0
2
0
0
0
0
0
0
0
0
0
0
2
0
0
3
0
0
170
0
32
0
0
1
1
0
0
0
0
0
78
2
0
0
0
0
0
0
0
0
0
3
0
0
0
0
0
0
0
0
0
1
0
43
1
0
0
0
1
0
57
0
0
0
1
0
0
0
0
0
0
0
0
0
0
0
0
3
2
0
0
4
0
0
1
0
0
0
0
0
0
0
0
0
0
0
2
0
0
0
0
0
0
0
1
0
0
0
0
0
0
0
0
0
0
0
0
0
0
0
0
0
23
0
0
10
0
3
3
5
0
0
0
0
80
187
0
11
1
0
0
13
0
0
75
0
0
0
0
0
0
0
0
0
0
0
0
0
0
41
0
0
0
0
0
0
2
0
136
0
0
12
10
24
0
0
0
1
0
2
0
0
0
0
0
11
0
0
0
0
0
0
585
1
0
0
0
0
0
16
2
4
0
0
0
2
0
0
0
0
0
1
0
286
2
24
0
1
0
0
0
103
0
0
0
0
0
0
0
157
0
0
0
0
0
292
0
3
178
31
0
0
0
3
2
0
11
0
0
2
0
0
0
0
0
0
185
0
0
0
0
0
0
137
0
0
0
0
0
0
16
0
0
9
0
360
0
0
0
218
8
0
0
0
0
0
5
116
0
0
1
0
0
0
0
0
11
0
0
0
0
0
2
0
0
0
0
0
1
0
0
0
0
0
0
0
3453
45
46
0
9
0
0
43
0
0
9
3
3
264
2
0
0
3
1
0
0
0
0
0
0
0
0
3
132
0
0
335
0
249
18
208
0
0
0
0
1
5
0
0
172
0
0
43
1
39
0
0
108
207
23
320
0
3
0
122
0
0
5
8
0
0
3
0
20
170
0
19
0
0
0
39
0
6
1
0
54
0
0
0
276
0
7
0
0
1
0
0
67
0
57
47
116
0
8
3
1
0
2
0
70
15
42
12
12
0
5
0
21
0
8
140
6
0
0
83
1
57
0
1002
95
0
0
1
28
0
4
1
0
0
0
0
0
185
0
209
0
456
0
0
0
0
0
2
5
0
0
0
0
0
0
0
0
55
32
13
0
0
465
0
0
0
0
0
11
0
0
231
0
2
0
0
1
0
5
47
0
0
82
0
5
0
22
0
4
0
43
0
0
19
0
0
185
184
0
0
0
8
0
2
21
0
0
0
0
0
311
0
0
2
2
0
13
0
0
2
0
0
226
272
3
3
205
0
177
0
79
11
91
0
16
0
0
11
174
1
21
0
0
0
160
3
0
0
20
2
29
0
6
0
0
0
0
0
0
56
0
0
0
0
0
0
0
0
0
20
0
0
0
0
0
2
1
0
1543
2
150
0
1
0
0
8
30
0
485
5
0
0
3
0
0
39
0
3262
41
456
0
0
82
26
26
3
0
0
1392
0
134
76
125
0
117
0
35
669
261
0
0
0
0
668
0
2035
0
0
0
1
3
82
6
0
0
0
0
26
8
21
10
3
61
298
0
374
0
1
0
93
36
0
0
70
27
0
145
0
18
52
0
0
0
14
0
0
0
0
0
100
0
0
0
967
2
0
2
10
0
21
56
21
0
0
119
66
0
0
1
0
3
0
0
3
0
0
0
0
4
0
0
0
192
28
40
0
3
0
0
0
169
0
0
23
0
27
0
0
105
34
2
73
0
0
0
0
91
3
12
0
0
1
0
0
0
0
6
0
136
32
3
0
1
195
54
0
0
251
1
23
0
13
0
134
3
0
10
0
0
0
17
478
1
30
0
2
391
7
6
1
28
0
2175
1
0
9
0
2
358
0
0
39
32
252
0
61
450
0
0
6
6
18
0
156
3
0
0
0
0
0
12
43
0
0
86
0
37
2
0
20
0
2
0
0
0
29
0
94
55
0
0
0
0
0
0
0
456
9
315
1082
634
5
0
2
6
0
6
0
0
0
277
594
0
94
0
0
0
485
0
0
19
1
0
0
14
0
9
0
0
0
70
0
10
0
12
1
0
44
0
0
19
0
26
419
4
0
0
15
177
103
0
0
0
0
0
0
287
22
0
564
0
0
0
25
1
167
2
0
0
0
10
4
115
176
0
0
0
0
0
14
0
0
0
0
0
0
1
1
811
0
46
150
0
0
0
0
10
66
0
0
0
0
25
0
18
433
1
0
0
0
7
0
7
0
14
0
0
0
20
0
0
0
0
0
466
0
0
24
0
2
0
0
23
0
25
45
0
0
0
0
3
170
0
0
2
0
109
10
0
8
0
5
3
3
68
0
30
0
0
0
3
67
0
7
170
0
0
0
0
0
3
38
0
39
5
5
0
0
66
1
2
1
0
233
56
0
0
0
0
0
0
71
10
0
2
11
4
0
0
0
0
0
46
0
0
0
0
0
0
0
2032
0
30
0
0
0
5
0
0
3
0
446
0
0
0
99
0
58
0
0
0
0
69
0
0
9
0
0
0
0
3
89
0
0
0
797
0
3
3
0
35
0
560
0
0
0
0
912
36
0
94
10
0
0
2
2
150
0
19
2
2
0
0
2
0
3
1
14
269
30
35
0
0
8
2
20
0
0
216
566
0
67
0
0
0
1
0
15
179
0
0
13
0
332
15
42
0
0
74
153
0
25
0
493
0
7
0
0
0
0
1
3
127
472
35
13
5
0
0
0
1
91
30
0
0
0
309
0
0
28
0
0
112
26
0
108
1
0
981
2
0
19
1
0
0
0
0
402
0
0
0
0
0
0
0
1
0
0
394
0
0
0
0
0
0
4
0
68
15
5
0
2
2
0
0
0
672
116
0
9
9
120
0
8
7
0
0
0
0
0
0
0
1
0
0
0
0
12
0
0
226
5
16
0
0
17
0
5
0
0
0
1
0
0
0
32
0
2
26
2
0
0
0
0
0
0
0
72
0
0
1
3
0
1
0
4
0
12
31
0
0
7
1
576
0
4
15
42
4
5
0
0
0
0
0
0
0
0
4
5
1
5
35
0
0
0
14
0
196
1
0
0
602
34
4
0
0
43
25
0
0
56
563
0
4
0
78
5
1204
57
217
0
0
223
1
0
334
0
0
7
10
0
0
10
0
0
69
0
0
0
3
0
0
10
0
0
0
0
23
0
0
0
2
0
74
43
34
7
0
0
2
190
0
57
82
0
0
0
0
5
0
0
28
0
15
0
0
5
16
1250
0
0
2
0
2
0
23
20
608
0
3
6
2
0
0
0
0
0
17
468
0
0
0
0
0
0
32
90
0
8
0
400
31
0
0
0
144
1578
0
235
0
0
13
162
7
0
8
6
0
0
12
2
2
0
23
0
1
0
0
1
334
145
305
0
0
35
0
1
0
11
0
0
9
0
0
0
0
30
12
0
2
0
0
4
161
0
1
0
1
0
0
245
0
0
138
280
528
285
0
0
16
0
9
0
4
0
137
3
0
0
0
0
10
0
1
0
0
0
21
0
199
0
0
0
85
4
0
1219
0
2279
0
0
0
63
16
6
0
670
0
0
10
17
364
10
0
419
23
19
0
16
9
202
5
0
0
0
0
3
604
0
54
0
62
7
0
0
9
185
0
31
6
470
429
1
1
0
15
0
3
0
0
226
195
185
3
50
0
85
0
30
0
0
148
32
0
0
0
266
0
0
0
14
2
43
0
347
0
0
0
0
1
86
0
186
25
9
7
121
79
35
20
5
0
75
0
0
0
119
0
4
23
0
0
2
72
0
0
1
0
0
0
12
585
10
0
216
96
0
573
0
0
0
0
0
216
187
0
91
0
0
0
0
2
0
36
9
11
1
64
0
0
0
0
4
0
232
0
0
181
0
0
0
5
0
0
0
18
27
4
0
0
0
65
0
0
288
1
0
0
43
3
0
25
0
50
0
0
48
0
6
0
6
0
317
7
232
0
0
273
159
0
9
28
0
0
0
0
14
5
10
0
0
0
0
5
0
56
0
28
0
18
15
14
0
16
1
0
0
0
7
13
4
57
395
681
23
42
0
0
0
16
2
141
0
0
0
0
398
1
26
291
19
188
288
0
0
3
0
45
0
5
0
0
295
39
0
0
52
12
0
6
0
35
34
106
0
0
0
0
119
0
0
0
240
29
0
9
11
0
28
0
8
5
0
0
5
0
0
92
363
0
16
0
216
5
0
0
2
0
261
0
0
0
1
0
0
0
0
0
2
0
0
3
12
292
91
218
0
0
0
0
53
30
0
0
0
0
0
34
174
0
0
1
12
0
0
0
0
6
2
0
0
0
0
2
0
0
1
0
1
3
18
12
3
0
0
2
197
4
0
15
0
94
0
0
0
0
0
71
0
185
0
113
0
49
3
4
130
303
393
0
0
5
0
0
0
17
0
5
8
0
0
43
62
0
0
17
197
0
18
0
9
501
0
0
0
16
6
10
30
21
10
21
2
0
0
1
15
0
278
0
0
0
21
3
0
6
0
0
31
16
82
2
0
0
0
0
21
46
2
34
0
0
96
0
687
0
0
3
422
0
0
13
0
0
0
11
0
0
118
2
0
0
0
0
5
0
0
0
0
0
3434
0
11
2
0
0
3
242
8
50
126
57
1025
17
0
52
0
374
15
0
171
0
112
0
14
0
22
0
22
0
0
0
0
0
0
0
0
0
49
0
0
0
2
35
1
4
159
2
0
0
85
0
0
0
0
0
1
51
1580
0
219
0
0
11
20
1
0
0
7
0
2
0
0
86
0
0
0
6
0
1
0
0
0
1
6
146
21
83
0
12
312
0
0
1
0
0
757
0
0
0
68
0
198
68
7
0
2
0
0
0
6
0
0
186
17
115
3
76
0
0
6
1037
0
8
0
0
6
0
1
0
0
0
0
151
0
1
71
0
0
0
0
0
3
5
0
471
0
1
6
0
299
0
0
0
0
335
0
131
28
0
1
7
0
0
0
754
0
0
0
0
0
0
0
0
0
13
0
0
0
11
0
122
0
0
72
0
23
6
0
40
0
0
0
0
0
14
0
0
0
0
0
1
0
2
20
0
313
1
1
920
0
0
0
31
0
0
9
143
2
106
0
0
16
0
0
0
0
6
0
1
21
6
6
0
0
0
0
1
2
0
3
0
1000
3
11
317
0
0
1
0
7
0
2
198
0
0
440
0
0
3
0
313
0
0
0
0
4
1
36
5
0
2
0
2
0
0
234
0
9
0
3
24
0
1
1
27
10
7
11
29
112
0
10
1
104
4
0
3
0
0
0
0
0
0
0
0
351
0
0
0
0
0
21
1
0
0
152
0
0
0
0
134
7
0
0
1
90
392
0
10
2
0
17
25
38
94
0
0
0
0
7
0
1
184
9
12
7
0
498
204
1
0
0
1
2
0
1
3
181
1
0
0
0
0
0
119
0
0
0
0
0
251
5
0
122
93
95
50
0
11
2
0
5
8
0
38
198
0
19
51
63
588
0
0
474
0
5
0
0
0
0
141
2
686
0
32
341
5
113
0
0
0
2
36
0
15
0
0
0
82
1669
0
180
48
2
0
5
0
29
0
0
0
0
0
0
142
1
0
0
0
0
0
41
0
23
29
0
529
0
4
0
0
23
6
0
51
0
0
0
0
0
0
0
0
0
0
155
0
47
0
2
11
36
64
0
17
0
0
0
0
2
0
68
0
0
14
32
0
0
95
0
0
0
0
13
7
0
149
69
0
17
70
0
0
15
572
0
0
0
4
0
0
2
451
44
1
0
0
3
0
0
3
47
456
0
253
13
132
1
0
0
0
1
0
0
298
1639
0
0
1
0
0
144
147
16
6
0
0
0
7
222
1
2897
0
0
427
240
3
0
0
0
0
0
7
59
0
0
4
0
0
77
0
0
38
23
0
465
0
205
0
70
0
0
0
0
0
0
70
1589
0
81
0
164
3
33
214
0
0
0
0
93
50
0
33
106
3
0
0
4
212
87
0
0
0
40
0
0
0
0
0
0
0
3
0
0
5
0
1
3
0
0
589
0
0
0
274
1
9
0
91
0
0
0
610
0
0
0
578
37
2
0
1
2
0
11
78
610
0
0
41
0
224
0
2565
0
1
118
0
0
0
1
0
0
1
1
0
11
0
478
53
0
5
0
16
0
41
0
31
279
1959
5
64
259
0
1
0
5
0
42
9
0
2
2
1
0
178
0
6
0
0
0
35
0
0
28
5
1
1
16
129
43
0
0
0
0
0
169
0
96
14
8
0
0
0
283
0
1
108
0
0
0
0
508
0
12
0
0
38
0
0
0
0
16
0
0
0
160
0
0
11
0
6
0
1
2
72
0
3
57
136
0
0
0
11
27
1
0
0
2
33
1
50
0
0
0
2
0
0
249
75
0
11
397
16
27
256
100
0
0
0
0
0
1
0
209
107
0
0
0
0
11
61
0
0
0
1
1089
1
0
0
0
121
23
48
0
661
17
0
0
217
1
0
0
3
0
0
224
15
41
6
408
0
1
3
0
0
0
194
0
0
71
177
8
0
14
0
0
0
151
117
72
1
0
0
2
109
0
1
606
0
0
0
71
0
0
0
0
0
759
502
0
0
6
82
0
0
2
0
0
4
341
310
0
236
0
10
0
0
26
0
5
0
3
2
4
0
0
0
0
0
2
21
0
0
0
0
33
0
0
0
0
0
3
387
8
0
0
120
0
224
46
7
0
59
7
0
0
0
0
146
10
0
1
115
397
0
0
0
0
0
0
0
0
0
0
8
4
28
0
301
0
0
0
255
1
0
74
0
0
0
0
0
0
0
253
526
1
268
0
1
45
0
7
0
0
0
0
23
0
0
0
0
0
0
490
34
9
41
0
0
0
4
0
68
63
0
0
398
0
0
0
157
0
0
0
0
0
294
1
0
338
5
0
0
0
0
0
0
3
0
13
0
0
0
0
0
0
0
0
0
0
0
0
108
0
0
15
0
0
1
0
0
0
27
5
0
0
326
0
2
900
0
11
0
2
26
0
0
0
5
5
0
4
836
0
19
0
0
56
1
0
74
0
101
0
0
0
1
270
0
0
0
0
0
16
132
5
0
0
0
44
182
480
0
5
0
0
5
3
3
0
16
39
0
0
7
9
0
0
0
65
0
0
0
1
18
0
45
0
0
11
7
572
137
10
133
0
0
29
427
0
0
717
0
7
2
6
66
0
0
24
0
0
0
2
0
15
0
4
0
0
0
3
0
0
0
0
517
0
4
0
50
0
0
6
6
0
0
0
0
24
0
1
0
2
32
0
3
0
0
488
0
59
12
8
0
37
0
0
0
5
36
1
2
0
7
0
125
0
0
0
46
741
0
0
43
1
87
0
0
0
0
245
0
0
0
0
26
10
7
17
8
0
89
0
0
0
275
29
17
0
9
2
0
33
0
0
31
0
0
0
90
225
0
0
0
74
0
460
0
2
170
0
0
0
0
2
0
0
2
0
3
200
0
7
46
0
158
13
0
0
36
0
0
0
0
237
0
1109
529
48
84
0
0
95
1023
0
0
0
39
0
0
0
0
46
0
133
1
0
75
309
0
0
0
0
0
0
123
0
0
41
0
0
169
0
7
0
14
485
0
0
0
29
1
0
7
118
0
0
0
0
182
170
12
5
0
0
0
2
0
3
0
0
10
0
0
7
4
11
656
114
0
4
62
0
0
0
0
0
0
0
0
1
268
0
46
0
2398
0
232
0
0
0
54
2
1
0
0
1
7
13
90
26
11
13
0
30
0
73
0
10
0
0
0
30
0
0
146
6
60
3
0
0
0
0
16
150
0
3
1
0
0
489
0
96
10
64
39
21
5
0
0
122
18
0
135
0
0
0
0
53
0
0
3
1
11
0
0
0
14
4
0
7
0
129
0
0
0
9
0
0
0
0
164
0
0
0
21
0
15
31
0
3
0
55
0
0
1
178
0
0
2
156
17
27
31
0
0
222
0
0
190
0
0
0
92
0
4
2
76
0
0
0
0
0
78
5
813
21
0
0
0
0
108
0
7
0
118
18
0
243
0
117
48
8
5
66
0
0
29
413
1
262
0
12
0
21
0
0
0
0
341
0
0
0
10
0
863
0
0
0
3
0
50
1
1
0
39
0
3
57
2
0
0
0
107
0
4
60
0
0
0
146
27
40
6
0
0
0
11
51
59
0
0
28
0
0
0
0
0
0
189
0
1
13
6
34
0
0
0
0
107
0
42
0
4
27
6
0
0
0
4
0
22
0
16
0
3
0
0
27
0
14
221
0
110
33
0
21
0
23
28
0
2
0
13
0
80
42
5
0
3
122
5
7
0
11
0
25
103
789
23
0
0
0
0
0
213
81
0
1
4
32
0
20
0
0
0
0
18
0
7
0
4
6
43
8
0
1
15
165
0
49
0
0
0
8
0
0
0
0
0
0
58
36
0
57
6
1173
0
288
0
11
28
0
1
1
1
7
0
0
0
0
0
6
26
0
0
0
1
1
149
0
75
23
176
21
0
527
22
65
2
0
0
0
1
0
317
0
52
1
0
0
5
0
0
0
11
0
10
0
1
0
20
17
404
4
2
66
0
2
3
6
0
0
73
0
0
20
83
0
0
0
165
0
212
0
0
0
12
146
12
0
110
17
0
3
0
0
0
341
0
16
442
245
0
35
3
0
54
11
391
121
0
0
0
25
0
52
52
64
17
0
0
0
0
54
595
0
0
11
24
0
0
0
0
88
0
359
439
100
0
0
640
0
584
0
0
4748
0
1
0
0
14
2
5
0
0
12
0
142
59
0
204
28
30
0
0
210
0
0
79
86
0
0
0
42
2
133
0
1
0
0
3
0
0
0
3
0
4
0
0
0
19
0
47
0
0
202
0
344
78
0
28
0
1
62
0
0
47
20
2569
0
0
0
267
245
0
0
14
3
0
949
8
69
0
0
1
0
1
71
6
0
8
0
0
0
0
0
1913
1
0
0
0
109
6
0
0
0
3
0
8
0
3
119
0
2
54
0
1
0
670
0
32
98
0
0
3
0
0
223
0
0
8
0
10
0
427
0
0
0
1665
21
47
0
0
0
48
35
52
0
2
0
5
1
0
118
5
485
0
0
0
136
11
0
111
102
0
51
0
2
0
0
0
8
69
2
784
166
0
0
0
1
133
0
1
0
218
10
0
335
4
0
2853
16
234
92
0
3
1
0
4
32
10
18
0
2
34
87
8
7
0
83
0
0
32
4
0
0
0
0
0
0
0
0
0
0
0
371
1
0
0
0
0
0
11
0
0
0
27
0
364
0
0
0
0
581
1
2
0
2
0
27
0
65
81
0
0
0
0
0
0
0
0
0
0
0
0
0
0
0
0
0
0
9
0
0
0
0
162
0
0
0
0
0
5
1
0
0
0
110
6
7
306
0
0
0
0
0
0
0
0
0
0
37
0
0
0
0
1
0
22
27
0
0
0
0
0
8
2
1
0
3
45
18
0
0
1
203
0
0
3
50
0
0
25
34
0
0
103
16
4
0
0
0
576
223
0
0
37
0
17
0
109
19
0
0
34
7
523
35
0
16
0
0
0
0
0
172
0
0
0
0
0
0
0
0
0
137
4
54
0
0
0
0
2
0
5
114
0
4
29
190
0
0
113
0
0
3
66
2
0
0
241
1
0
0
0
0
453
0
0
3
0
344
0
0
0
0
0
0
0
0
0
0
0
0
0
0
0
33
0
1115
0
0
304
2
0
57
0
90
286
2
36
0
0
5
0
767
0
0
0
3
9
11
0
1
0
0
0
22
0
0
0
0
109
128
129
1
11
0
37
0
1
0
0
0
0
0
285
2
0
8
0
0
0
0
0
0
15
0
0
148
88
115
78
0
15
1
4
0
32
0
445
0
0
74
0
0
0
0
0
0
0
0
124
2
1
0
0
0
228
0
10
4
0
203
0
0
0
5
4
0
53
0
4
0
34
23
0
0
2
206
0
0
2
0
74
21
147
0
3
12
1758
0
0
120
0
0
0
0
0
0
0
1
128
11
0
0
0
0
152
0
0
12
2674
0
122
15
19
0
1
53
3
0
23
2
396
544
0
40
0
0
0
0
0
0
1
0
104
0
0
0
0
0
0
0
71
7
196
0
0
0
14
8
954
0
8
0
0
0
0
0
0
0
0
0
618
43
0
0
0
0
0
0
25
129
0
130
0
0
0
8
0
5
1
0
0
0
0
81
3
25
23
0
79
26
0
736
0
0
5
0
49
0
82
0
75
12
0
0
1
5
0
0
1
0
0
0
0
0
0
7
2
41
501
0
133
0
650
0
146
0
0
4
1
6
156
0
98
36
22
0
0
26
0
0
0
0
30
9
52
1
1
0
0
0
0
0
7
0
0
106
0
0
185
0
0
0
2
0
2
0
0
0
15
0
21
2208
94
0
53
0
0
0
33
0
2
0
0
0
0
5
0
0
0
0
0
21
343
4
11
0
1
0
135
0
2
0
1
0
0
0
2
0
0
2
95
73
0
564
0
11
89
819
234
4
0
0
0
1
126
101
0
0
0
0
0
59
0
0
0
0
0
26
49
27
1653
0
1
2
89
161
0
0
9
0
141
0
52
0
622
0
0
13
0
0
1
4
0
28
0
112
27
44
1
623
1952
148
0
11
1
3
0
0
0
0
89
0
0
0
70
0
78
0
0
0
523
181
8
0
0
1
0
0
3
31
0
12
38
0
2
7
584
5
15
1
0
0
0
0
1442
0
72
0
4
429
0
0
1911
0
57
1
64
0
0
0
3
0
572
0
883
0
0
0
626
4
0
0
53
0
13
606
0
0
2
2
864
0
0
0
37
0
0
0
0
0
0
43
0
0
3
5
52
0
3
0
62
329
2
0
0
1
1
0
0
107
2
2070
0
0
4
2
0
0
0
9
0
0
0
655
0
282
0
0
136
0
0
0
0
22
100
0
0
3
0
140
0
1
0
72
4
85
0
128
0
0
0
0
0
0
0
44
0
0
48
0
4
4
327
0
0
0
18
5
0
41
0
0
1
0
41
17
0
0
0
0
0
412
17
6
0
2
0
0
0
0
0
0
104
89
0
25
82
5
0
62
0
53
0
8
0
5
0
0
0
0
14
0
0
0
25
0
13
186
0
3
0
30
51
5
9
0
179
0
6
0
0
0
0
0
0
1
99
0
0
0
0
39
0
0
3
0
14
0
0
0
3
9
3
0
461
12
0
61
36
0
0
8
27
0
1401
340
0
51
7
434
34
0
0
10
0
9
155
3
25
0
0
0
6
0
0
0
1
0
0
61
0
0
0
2
0
0
0
0
0
0
0
101
0
10
0
23
0
0
0
0
0
0
0
0
0
209
0
2240
7
0
3
0
187
0
1
0
0
0
0
0
14
0
0
318
0
0
0
0
0
55
0
361
27
0
0
18
2
0
0
10
0
0
0
0
0
0
25
0
0
0
0
0
9
29
1
0
0
30
3
0
25
4
1
0
39
5
0
0
0
0
36
60
0
5
0
0
0
27
0
0
0
0
104
0
0
194
0
0
0
3
0
0
397
0
1
0
4
1
0
0
374
776
0
6
0
0
8
80
0
0
0
0
38
160
0
95
680
2
0
5
3
0
65
0
0
0
2
0
2
27
0
4
1
673
0
0
0
0
214
0
0
0
0
0
0
0
169
52
0
0
39
0
61
0
0
223
0
0
176
8
76
35
2
0
79
0
0
1
32
12
0
2
0
4
28
13
0
0
0
0
0
0
1
0
6
54
0
0
11
39
0
2
6
0
75
10
0
0
0
0
0
0
3
331
0
84
0
15
0
0
192
0
0
0
0
101
0
6
8
20
0
307
0
0
19
71
40
75
35
0
0
86
0
687
0
24
1
36
2
0
20
45
0
0
137
0
78
0
0
0
0
0
0
4
1
50
0
0
0
1
0
1
0
0
183
0
2
99
0
110
16
0
241
1079
8
0
0
0
0
286
41
1
0
0
1
0
0
0
0
168
47
0
0
0
0
240
0
46
12
0
4
6
0
0
0
49
0
66
26
4
0
1
136
0
367
0
25
1050
1683
5
32
0
0
4
62
0
0
417
1
6
0
0
20
50
5
1
279
0
0
93
0
0
0
0
7
0
0
0
0
0
4
39
0
0
0
21
1
9
0
6
0
54
0
1
99
0
1
58
1
0
6
14
37
0
0
0
0
0
31
0
0
13
2
0
0
0
0
8
59
61
4
0
0
0
0
0
0
0
263
0
0
0
0
293
0
2
3
10
0
0
0
2
36
0
8
0
0
0
7
4
2
0
0
139
20
0
1
0
0
0
0
4
35
11
0
795
0
20
64
0
0
35
1
1
9
0
0
0
0
1
14
0
7
0
42
18
2
0
7
34
0
0
0
0
4
0
81
0
0
0
0
33
0
1
5
42
0
43
0
24
9
6
235
0
0
1
361
19
7
0
0
0
0
9
0
470
0
178
39
0
23
15
6
249
0
0
17
5
0
0
31
22
0
121
0
0
166
0
1
0
1235
0
0
0
7
0
0
1
2
151
3
0
0
159
0
0
0
25
782
0
0
0
0
218
1
0
1
0
0
0
0
1
0
16
0
0
253
0
0
263
0
20
108
0
748
0
174
13
0
0
7
21
25
170
1
16
27
0
4
294
23
0
0
1
0
0
0
78
14
0
0
0
17
323
36
1
735
2
0
0
0
4
2343
2
41
50
0
8
111
1
419
8
0
0
27
77
0
0
0
0
0
0
0
14
589
93
218
1
1045
83
162
0
60
0
0
0
0
0
148
0
7
0
308
6
0
1
0
21
9
0
0
3
25
1133
85
24
0
1
0
259
0
0
0
0
0
0
10
0
161
20
0
16
3
3
12
2
0
0
0
1
0
0
109
0
3
32
14
0
13
0
0
183
1
818
0
0
30
10
278
4
0
12
0
5
0
2
0
0
0
0
1
20
307
0
13
0
0
0
0
0
0
20
21
18
0
0
0
0
6
0
3
50
8
48
69
72
1
0
0
0
0
0
63
30
89
0
0
17
0
46
0
52
0
298
32
0
0
0
1
12
7
14
0
2148
16
0
0
0
1
0
4
60
0
0
0
0
9
127
0
0
3
3
519
0
639
647
8
37
108
37
1
15
14
14
0
52
308
79
2
81
0
0
0
132
4
3
0
1
87
71
560
705
0
55
0
274
0
0
0
0
0
1
0
9
0
0
0
1887
116
49
0
529
180
0
9
9
0
936
0
0
3
0
0
3
25
1
0
0
724
0
21
0
13
0
0
156
265
0
3
0
0
394
0
220
0
0
63
101
13
30
0
0
0
0
0
0
0
12
101
0
0
0
3
167
618
0
0
2
4
2
18
2
750
0
0
166
0
0
0
0
5
0
143
0
0
0
6
61
0
0
0
805
0
50
42
21
62
0
3
42
2
0
0
73
0
10
0
1
0
759
930
2
78
38
3
0
59
72
53
0
86
0
0
0
0
68
0
0
0
0
0
0
0
43
9
60
22
23
71
1
3905
370
11
0
42
2
0
0
0
0
0
10
0
0
0
0
38
56
17
0
0
4
6
0
48
10
605
0
4
1
9
0
2
0
12
0
0
3
120
0
3
0
0
160
0
0
0
6
0
312
426
0
0
0
313
0
9
166
10
573
338
0
88
0
105
0
0
0
0
47
0
60
1
0
175
0
0
0
4
1
0
1
2
416
7
15
308
2
1
7
0
120
0
0
0
0
2
0
0
13
0
0
0
131
31
625
0
0
606
0
0
359
0
0
0
0
0
1
0
0
17
0
0
4
3
0
54
0
0
0
0
0
0
0
0
0
38
1
0
3
0
6
0
5
0
0
0
0
0
5
0
622
0
0
177
0
0
13
5
0
0
202
0
0
158
0
0
0
1
0
0
73
6
17
0
82
46
1
0
4
0
0
0
0
0
0
8
0
0
0
13
0
0
105
26
5
0
0
258
335
0
0
3
0
585
0
0
0
25
26
520
0
0
17
0
0
0
2
2
3
0
1
0
0
0
149
0
0
220
1
147
0
136
0
5
11
0
23
138
0
580
8
0
0
0
95
1
0
87
0
7
0
0
4
0
328
2
0
4
0
0
0
0
8
0
0
331
0
0
0
0
0
0
14
89
24
3
0
0
3
1568
126
0
0
0
0
0
0
0
0
0
0
2
22
6
12
849
0
0
0
222
6
3
0
0
0
0
554
104
0
10
0
88
0
0
8
36
0
0
0
0
1
14
0
0
4
0
0
0
0
0
0
0
110
6
13
0
0
5
0
6
0
1
0
1
4
0
0
0
5
3
0
85
0
0
0
0
0
0
0
0
0
0
0
0
529
0
0
0
18
0
10
21
108
0
0
7160
0
0
3
59
5
0
0
0
3
2
0
0
0
0
103
0
0
0
6
0
0
0
0
0
0
0
0
0
0
74
0
0
0
3
0
1042
1
18
0
2
0
0
0
0
0
1163
200
89
29
1
0
0
18
0
106
48
107
247
4
289
173
415
0
93
41
0
1
0
0
1
0
0
83
0
0
0
0
14
4
173
0
137
5
48
0
0
0
0
4
12
2
0
0
0
27
1
11
6
43
0
0
9
5
0
0
0
0
0
0
3
0
1
0
0
0
0
0
26
4
0
0
0
858
0
0
1
1527
96
1
71
0
4
0
0
5
277
0
0
612
1
0
125
0
0
17
19
0
0
0
0
0
114
0
0
0
0
0
0
92
140
0
0
0
0
1
0
0
0
0
73
0
0
0
20
1
0
0
0
285
0
0
269
0
0
2
59
0
0
45
0
0
27
0
0
0
0
30
0
2
0
17
5
0
0
4
0
0
27
8
0
0
0
3
17
0
34
0
0
0
0
643
0
57
0
0
0
0
0
0
0
0
111
748
0
0
0
9
0
78
0
0
0
28
24
2
0
0
116
0
0
49
5
0
0
2
0
0
921
0
0
0
577
0
0
2
16
0
131
1254
0
0
0
2
0
0
0
0
0
0
0
52
28
0
0
0
0
1
0
2
3
0
0
602
0
42
0
11
0
0
0
0
0
0
0
0
0
0
0
0
2
0
1
0
0
0
0
162
0
37
0
0
0
13
0
1
0
1141
0
988
0
168
0
0
0
0
0
1
0
4
0
0
0
0
0
0
4
0
0
0
0
326
11
0
0
112
0
0
0
0
0
0
0
4
0
0
22
0
83
17
0
0
2
0
0
30
0
0
0
15
0
0
0
0
0
0
0
2
0
0
0
0
0
0
2
10
0
6
84
7
0
0
0
0
2
0
0
0
267
0
0
0
9
8
1
3
0
4
0
0
3
18
1
0
0
0
0
1248
101
0
80
0
0
0
0
0
3
0
0
15
175
0
118
0
0
0
329
206
0
2
38
0
1
1
0
0
0
387
1
1
0
0
1
743
6
150
1
0
2
0
245
0
0
0
0
0
207
0
0
0
0
0
0
0
0
2
0
70
98
0
0
0
644
0
5
50
0
259
0
0
0
0
0
3
0
3
0
0
0
0
0
0
0
0
0
14
2
14
0
0
297
0
610
0
1
2
0
3
15
0
0
3684
0
0
0
0
0
0
0
1
0
9
0
0
0
0
0
164
0
62
0
0
8
0
512
46
0
184
0
0
355
0
1
0
0
0
0
985
0
0
0
0
2
0
501
8
0
36
6
0
0
0
0
0
14
0
5
0
4
2
0
15
0
2
45
0
0
0
0
0
0
0
0
5
55
3
0
0
0
0
0
0
3
0
17
54
0
0
1
0
281
0
0
0
3
0
27
1
0
0
0
0
0
1
0
1
1
0
4
0
1
178
1501
95
0
0
0
0
37
0
2
3
0
3
0
0
1
0
44
0
70
13
0
0
54
0
0
0
1
848
0
0
44
0
0
6
16
0
0
12
0
6
0
13
450
169
5
0
3
5
0
11
0
46
0
19
0
32
2
288
0
0
133
1
221
105
10
0
2
0
203
7
0
146
51
0
164
4
0
0
29
0
212
0
0
1
0
0
223
696
780
0
0
0
0
0
1
557
82
113
0
113
0
0
1
2
86
1
0
19
0
6
47
6
0
0
14
4
0
0
0
65
4
65
352
18
53
89
0
0
0
87
0
57
0
0
38
0
3
0
1
34
0
0
1
2
0
20
0
40
750
0
1
1297
0
0
36
599
0
0
27
0
0
0
0
2
0
0
0
2
1
0
1
4
26
1941
140
0
389
0
95
703
0
0
38
0
3
0
2
0
49
4
34
0
2
0
16
73
458
0
0
303
0
84
0
11
0
25
42
58
3
0
33
0
98
0
0
0
0
32
0
7
53
58
15
0
3
106
6
117
235
12
0
0
19
867
2922
0
0
25066
27
191
0
2
0
0
64
186
0
11
5
205
0
0
0
125
0
120
0
0
2163
1
78
1708
0
0
13
1104
0
0
14
58
87
75
174
0
0
361
28
6
0
16
9
0
39
343
0
1
1
97
0
0
0
0
0
0
5
0
0
8
302
15
110
15
154
842
2
3
47
0
10
1
869
0
119
2
68
0
0
0
65
0
927
192
1148
0
0
61
111
2
489
116
0
0
0
1
0
390
0
60
0
24
222
0
0
0
2
412
0
0
6
143
0
26
1
0
4
0
17
18
0
84
0
211
12
0
43
20
0
1226
0
986
0
156
0
0
0
4
111
196
3
0
0
341
0
253
0
0
152
225
18
0
0
70
103
5
47
0
0
0
117
34
1
4
1732
0
1
250
3
74
15
149
0
0
5
10
2
74
0
42
14
0
136
423
90
31
3
571
25
0
466
2
0
157
0
0
13
23
0
0
31
104
846
9
3
0
0
0
396
43
485
33
302
0
18
0
0
0
28
469
12
0
0
12
41
1
3
2
54
669
0
1
115
0
195
8
42
12
0
3
17
5
213
0
0
17
6
5
89
27
0
59
0
41
7
0
0
0
11
11
436
0
0
0
0
7
2
2
113
10
4
0
5
0
0
0
52
1081
0
0
0
0
14
684
28
41
1680
86
23
0
0
21
18
0
235
4
32
26
15
7
3
0
1
146
8
3
3
4
0
243
1
3890
0
40
8
0
0
45
3
2
0
11
0
0
42
0
0
117
0
0
5
0
7
114
0
0
39
539
0
0
13
43
0
0
271
903
0
0
23
2
0
1
372
59
2
1
4
0
0
0
68
13
310
0
32
0
0
4
2596
0
5
2
1
617
14
0
0
0
4
48
0
260
37
0
2
213
478
0
0
0
5
0
0
10
0
625
8
435
574
0
0
0
542
0
0
0
55
6
0
40
0
0
42
1
0
7
146
84
40
21
100
0
0
0
0
107
0
0
189
8
0
54
0
0
0
354
189
2356
125
0
163
13
0
754
0
1
0
3
0
269
258
124
5
335
18
0
67
0
0
20
0
1066
0
30
17
227
4
234
2
0
4693
1
3
1
17
0
0
369
0
80
210
180
0
56
0
39
27
0
14
1
84
1194
0
0
0
334
0
61
7
72
0
11
16
5
113
1
1
0
0
0
1392
0
55
0
0
0
0
4
60
598
0
0
0
0
9
0
0
0
0
832
499
0
0
5
0
0
47
0
0
3
2
0
0
26
2
233
78
0
12
0
9
41
194
7
3
0
99
0
0
0
8
1438
7
2
0
186
3
0
255
0
56
0
3514
42
1
2
0
0
164
0
0
0
15
11
39
0
0
107
93
26
0
168
48
0
0
0
524
7
4
16
225
0
15
0
26
0
87
4
0
0
0
43
72
0
96
84
0
5
0
0
0
401
175
0
44
0
1
69
151
75
0
135
0
158
39
20
0
5
3
0
3
5
0
0
0
1395
16
0
0
0
0
0
1197
47
72
28
0
1
30
10
3
54
0
0
0
0
0
0
0
244
0
0
6
0
48
94
360
0
0
23
0
1230
0
76
0
15
0
89
18
70
0
107
11
23
7
15
0
364
78
2
0
214
301
0
132
0
4
0
0
0
3
546
54
0
307
0
0
78
0
1
0
748
42
5
8
0
31
782
159
0
0
0
25
0
0
0
75
5
0
0
15
0
33
0
0
0
209
0
1
0
557
0
13
0
8
0
0
13
94
2
0
188
0
0
0
0
0
38
12
0
2
27
0
0
1
0
0
11
0
0
3
66
16
234
0
5
0
4
2
3
0
0
0
0
6
0
0
26
4
0
0
0
0
0
0
4
12
0
0
21
0
0
20
0
0
0
0
9
0
0
2
8
17
9
0
0
0
0
3
665
1
0
0
1
18
4
13
5
0
0
30
208
0
950
82
0
50
0
34
1
57
1
9
37
1285
6
0
0
25
0
0
408
1
113
0
0
12
0
23
139
0
101
6
90
3
0
50
55
8
0
0
15
651
17
1
21
17
0
385
7
420
1317
0
0
24
21
0
0
0
235
2
2
18
192
8
32
16
0
48
96
168
5
1
0
305
1
0
0
0
0
2
0
0
0
0
34
12
7
89
2
44
0
0
168
31
26
0
0
5
551
6
60
0
8
7
0
0
288
0
79
0
0
0
1
192
0
0
345
0
3
22
0
0
66
6
1404
0
279
0
66
148
9
0
0
0
5
0
1827
0
0
0
0
600
0
0
631
320
0
0
78
0
16
188
62
0
19
87
0
2
124
11
0
0
1
0
0
21
32
0
58
116
0
0
114
1387
26
1479
3
2
0
352
0
155
2
0
11
10
8
0
0
0
0
7
0
15
5
106
0
247
20
189
633
50
462
2
0
1380
0
0
0
0
128
531
0
1
0
0
0
0
0
0
0
0
0
0
1
89
13
37
31
76
0
3
0
64
0
0
0
0
4
0
62
0
111
0
2
0
0
2
0
6
197
3
0
0
0
0
1614
87
0
0
0
0
64
0
0
0
415
0
0
25
299
0
226
15
0
0
0
107
2
0
0
0
0
0
5
35
17
0
0
28
3
0
94
0
33
0
1
0
0
210
4
0
8
0
0
17
0
105
119
134
0
0
0
36
411
0
3
0
0
0
0
123
0
0
154
0
0
0
0
0
115
0
6
265
118
28
0
57
60
52
0
0
7
112
5
27
0
0
0
0
3
18
41
754
0
0
0
0
6
0
3
0
0
0
0
1
0
154
18
0
1
18
54
0
25
14
0
0
0
140
0
71
0
125
69
0
4
2
0
1
0
4
16
0
0
7
32
41
0
3
29
156
1
23
0
18
4
0
0
0
0
0
0
21
0
1
1
0
3
0
30
0
0
9
0
0
14
0
10
0
8
0
54
6
0
299
4
0
20
2
9
0
7
0
2
0
0
1
16
0
18
29
0
0
0
29
45
23
105
0
0
12
0
11
1
1250
0
38
29
710
1
0
546
216
0
0
0
520
0
0
0
24
0
0
0
6
0
37
0
2
182
20
510
0
2
2114
153
0
2
0
15
7
0
3
192
0
4170
0
0
70
0
17
0
1
185
0
0
25
0
199
0
2
10
93
8
33
0
0
425
25
0
0
179
1
57
2
43
5
81
0
0
0
0
0
0
0
302
0
0
91
151
0
0
381
0
2
0
0
1
0
0
700
6
257
2
69
479
1
56
0
73
0
15
325
3
0
24
18
2
0
109
0
25
0
0
1
638
0
1018
0
429
2
0
97
0
0
189
0
219
164
0
2
11
172
70
8
1
0
0
5
124
0
0
0
4
107
7
0
0
0
1
499
0
59
1142
42
320
55
4
476
13
10
2
173
695
0
0
418
419
75
0
480
144
12
0
0
0
2
1808
1224
355
14
73
0
40
7
0
0
514
3
69
0
196
45
0
11
0
21
239
45
21
56
0
11
79
1
0
0
0
128
0
24
313
5
0
0
1
16
99
3
8
0
0
225
0
432
24
2
0
0
823
0
87
579
2
0
61
188
60
348
20
5
2
0
594
1
873
115
0
3
0
0
1597
0
1143
22
1299
16
69
200
263
0
151
5
0
0
0
8
49
35
122
0
5
8
1
258
0
0
317
24
0
0
48
128
17
203
0
0
5
2147
0
0
4
0
11
0
213
71
0
14
41
0
58
6
0
0
0
127
188
0
0
0
0
61
0
7
17
13
0
198
0
3
0
0
2
0
14
0
62
0
21
0
84
0
184
0
4
24
1
1
22
3
341
0
0
0
0
97
142
8
360
6
0
0
144
0
2
0
226
119
0
0
195
8
0
87
42
121
1
44
0
0
1
0
2
4
112
196
8
2
0
61
268
0
35
0
23
4
70
146
128
135
660
0
169
183
0
0
0
19
36
0
288
0
126
93
34
0
40
0
60
401
517
312
0
1103
1025
0
0
0
0
189
2
0
1
61
53
0
0
2
0
0
0
1
0
25
585
74
31
0
0
1558
3
1911
0
0
159
0
0
0
3
0
180
7
3
286
962
0
9
7
0
120
236
0
0
4
0
0
8
0
57
0
153
2
87
1
0
3
439
68
0
0
91
36
0
0
0
0
23
0
0
1
0
0
990
225
23
51
13
0
1
0
0
8
14
485
0
248
193
1
44
36
31
203
0
43
0
0
0
11
1
253
1
3
13
33
5
39
0
3
1
0
0
0
20
17
413
0
2
0
0
2
0
0
0
47
2
14
0
698
0
65
59
0
0
107
975
6
25
5
0
0
18
0
36
40
10
0
220
0
387
97
14
0
55
10
87
4
1
5
44
6
163
108
0
0
0
690
0
0
0
0
54
0
24
120
0
0
9
0
62
14
0
1056
0
1558
0
31
86
8
4
661
2
0
0
227
0
0
0
0
93
0
141
24
0
134
12
2
10
155
51
35
0
0
1
19
0
0
0
1
143
0
0
2
2
27
1
0
110
90
4
0
5
0
14
0
0
1
6
867
5
1
0
1
0
5
0
33
0
387
0
0
109
2
190
1
1
0
115
0
17
1
22
2
0
714
29
13
1
0
0
0
4
0
54
165
14
0
8
0
0
2
108
0
4
4
5
1
3
4
48
398
1792
23
244
2
5
4
0
14
0
7
2
1726
0
25
139
0
750
0
0
1
33
0
156
23
0
6
2
1
40
28
0
0
3
13
0
4
0
5
0
0
0
0
256
186
10
336
153
0
559
3
1
0
101
98
7
16
9
0
17
2
34
201
289
1277
0
0
0
4
4
1237
45
11
74
1026
41
37
0
1347
86
34
0
0
766
36
849
3
0
0
0
34
0
1255
2
23
214
0
1
251
110
0
7
35
490
0
0
0
0
0
6
143
5
7
13
1
0
313
58
0
0
20
5
3
0
1
0
14
2
4
215
52
4
0
1081
0
0
38
9
0
7
3
6
0
296
0
265
0
52
0
303
11
246
0
32
0
0
0
0
0
0
0
0
2
19
0
472
0
34
0
5
24
23
0
23
0
187
34
21
39
0
0
1
94
296
0
0
55
0
1
0
1
1
418
0
54
530
0
28
6
91
0
0
0
0
177
7
5
0
6
0
0
0
0
0
4
19
82
44
0
5
11
0
5
0
4
172
2
0
5
29
147
51
0
0
41
0
2
0
15
0
0
29
5
25
51
0
5
0
236
0
0
0
0
0
60
9
4
0
185
63
171
1
116
21
7
11
0
13
26
0
0
0
0
255
53
31
118
79
0
68
70
0
0
0
0
37
0
13
16
0
0
282
0
11
0
12
4
15
159
4
696
0
183
2
0
1897
9
484
1
312
0
0
285
81
7
0
2
152
5
16
1
0
93
3
2186
8
1
0
0
0
1
618
1572
14
133
9
312
0
148
55
0
0
522
0
91
4
2
283
57
180
63
165
2
1
45
153
18
0
0
0
0
2
350
0
31
8
0
19
0
115
24
120
216
2
32
2
49
1
107
971
53
0
265
25
40
2
1
21
8
436
3
0
0
2
0
0
0
245
0
12
0
1
29
0
1
2
5
0
92
1
6
0
289
0
336
0
359
0
0
8
14
0
4
1
266
2684
35
35
17
223
0
880
41
296
1409
1
57
0
35
202
22
0
23
0
8
0
1
5
16
383
8
2
0
0
0
311
19
51
0
31
589
427
3
0
0
0
23
88
0
45
4
248
108
91
55
188
15
7
0
1
537
1
0
0
0
92
0
0
0
69
0
0
8
330
0
0
1
175
649
76
7
153
2
1068
0
61
21
0
2
15
10
1
0
4
169
10
0
0
297
0
727
0
14
0
0
819
0
0
8
4
0
0
0
62
60
35
0
32
0
0
59
56
1
3205
2131
0
442
46
0
0
0
63
227
37
0
0
1
38
4
1011
1
96
48
0
58
0
545
23
24
100
0
1
0
8
809
0
6
0
0
8
909
52
16
212
0
1
1
0
5
0
65
126
0
12
158
1
0
0
2
229
0
5
93
55
230
0
0
5
4
0
267
44
0
136
19
0
15
0
0
0
269
29
4
144
0
913
34
0
224
174
0
0
3
325
0
48
0
0
0
0
127
0
0
12
0
0
0
0
0
24
37
35
860
0
0
0
35
0
0
1
848
0
2
0
1
0
0
261
0
0
0
0
4
0
0
0
0
334
5
11
0
81
0
0
1
767
1
0
662
0
0
4
171
14
470
5
0
0
33
92
16
0
65
474
0
0
0
18
11
0
21
0
2160
0
29
26
37
0
0
0
15
1
413
15
29
311
349
0
0
281
201
0
0
0
7
142
1
39
0
76
253
1
5
3
0
26
2
2
0
67
0
1
0
5
41
30
11
94
0
87
587
9
0
264
0
77
0
110
35
164
0
0
40
539
0
31
0
1
0
74
0
4
0
5
305
4
0
30
47
414
14
42
0
106
0
52
207
194
0
3
0
77
135
554
32
0
29
0
10
0
0
8
0
2
0
0
0
87
9
0
0
0
207
10
0
9
5
0
2
145
15
0
4
0
363
1276
36
1053
0
0
0
0
0
153
0
0
20
2
333
0
0
10
0
0
0
140
455
0
0
790
0
1
4
0
0
0
0
2
0
5
0
0
9
51
0
45
15
0
8
0
0
0
93
0
147
386
2
79
5
41
0
17
0
68
0
110
82
0
73
5
0
51
0
0
40
101
0
0
33
0
0
0
232
0
5
0
479
47
7
311
0
0
0
2
133
60
22
62
0
0
0
3
0
0
160
210
0
497
6
55
0
15
0
0
55
129
3
0
0
100
12
3
0
20
123
36
2
99
52
0
0
4
0
60
327
279
0
2
223
0
508
0
0
0
11
93
11
244
0
0
0
0
0
0
26
0
0
0
63
0
0
0
97
5
0
283
0
0
0
776
0
6
263
0
27
0
5
0
0
26
0
8
0
18
39
435
0
94
0
78
0
0
0
0
0
0
31
0
5
0
13
0
0
0
2
0
246
68
838
0
4
13
12
11
572
0
24
0
0
0
91
0
48
0
0
56
0
74
0
0
0
2
395
111
48
33
21
24
0
0
2
0
18
0
0
21
43
6
0
4
2
2
69
51
16
111
1
184
0
1
75
0
961
0
405
3
0
609
0
56
10
255
0
1
0
12
29
1289
58
0
14
0
0
0
0
0
12
182
93
0
443
144
99
0
220
44
16
47
0
11230
8
34
0
112
248
88
2289
0
199
28
4
13
2
0
80
19
0
339
63
3
128
109
4
89
0
0
0
328
0
15
39
18
24
3
0
0
0
15
0
0
78
88
52
1
1335
0
0
0
0
25
193
8
24
1183
3
1712
0
0
66
0
0
3
8
0
0
0
429
119
4
0
36
66
357
0
25
48
161
0
114
0
0
3011
6
1
0
0
0
0
2
0
82
0
3
15
1332
6
101
9
0
194
364
439
127
49
0
49
413
0
0
18
11
480
0
0
554
25
0
0
0
0
3
64
15
343
0
0
33
0
7
0
2061
137
0
0
0
26
63
4
0
3
27
0
0
5
23
119
850
18
71
341
0
0
0
56
0
0
3
2
0
95
0
0
139
356
29
0
474
397
20
32
14
7740
3
0
0
1
2015
3
0
0
0
0
3
0
0
6
146
8
0
3
0
135
0
0
56
609
0
427
20
38
0
0
0
6
16
52
2
0
0
0
0
5
0
0
0
93
68
13
3
40
189
0
0
106
37
0
52
119
3
0
2
0
0
0
0
205
463
0
1
2
89
14
0
215
0
1315
1
0
0
94
0
0
23
60
1
75
10
18
718
171
0
0
5
0
0
0
0
37
4
0
72
0
0
7
309
0
43
2
0
0
0
35
20
49
37
0
0
115
1
2
1
0
0
15
2543
6
3
0
37
0
54
0
0
47
7
50
22
595
0
0
27
23
17
76
0
60
10
0
0
555
60
44
14
0
0
0
0
0
0
12
2
19
3
2
0
0
49
41
258
8
0
2
88
125
55
4
76
0
10
4
0
55
1
0
5
6
2
0
6
5
0
38
5
1
1
0
0
0
227
1
175
2
0
0
55
7
226
15
1243
25
81
1
0
17
0
0
1
0
0
104
0
4
2
0
0
0
7
385
0
2
0
0
557
0
0
29
0
407
92
0
791
3
2
2352
0
177
2
0
0
8
3
0
5
8
0
2
0
67
549
148
56
457
0
11
58
218
8
1076
15
2
11
148
126
27
832
3
7
22
0
0
0
10
229
225
3
764
221
2
0
0
126
0
0
0
2
3
1144
8
0
0
43
264
130
0
13
0
2
0
9
0
175
179
24
4
142
0
26
0
4
5
1
966
450
357
0
183
0
48
40
43
2
0
0
0
0
0
596
0
122
45
2
3
1484
15
158
19
207
34
0
5
4
2613
0
0
0
92
0
108
617
58
0
43
0
215
0
15
0
171
151
11
0
4
54
157
0
4
0
61
19
0
0
11
0
1
1
0
1
121
0
1649
0
0
22
1829
0
15
5
2
13
0
52
0
8
12
298
2
0
216
130
75
31
0
3014
188
32
12
0
0
4
0
0
91
0
0
0
46
30
0
179
0
0
12
1
0
139
0
1101
7
67
247
218
350
0
82
0
49
0
620
7
334
0
0
2
0
0
428
2
0
1
390
7
241
0
359
69
72
20
22
6
0
5
0
0
0
0
0
113
0
0
250
0
9
204
360
7
0
0
2
5
1
0
0
13
257
3
0
572
81
227
0
0
0
104
0
0
44
64
1
0
0
180
1
0
7
0
0
93
7
1
0
49
0
409
0
53
1
0
0
0
0
47
0
25
0
28
109
0
0
287
0
130
0
56
2
0
18
3
199
82
169
0
0
0
81
0
0
22
0
251
55
1934
0
7
3
49
70
60
0
2
0
27
1
0
0
0
3
0
1
3
0
110
33
0
4266
1212
1
0
0
0
145
0
51
0
376
136
0
8
1278
119
0
0
7
148
1
0
0
20
7
0
111
412
0
644
0
0
244
104
96
12
0
0
0
492
984
0
22
0
240
0
0
0
1550
735
0
0
0
874
86
0
271
0
0
3
0
9
53
216
0
43
0
0
0
0
0
0
24
8
0
10
0
26
0
0
86
4
18
0
287
0
36
0
21
2
0
595
7
0
0
22
17
0
165
1208
15
75
18
10
125
3
0
0
19
0
1
341
0
4
1
0
0
0
52
100
370
0
0
23
73
145
9
0
204
74
188
1
0
143
18
3
0
11
8
53
164
0
100
2
17
6077
531
71
0
55
1
262
128
0
2
58
133
1
29
12
3
0
0
0
0
1
9
0
9
296
37
27
0
0
4
0
45
0
470
0
0
0
0
0
0
21
684
0
15
18
0
15
0
0
450
52
0
2
0
0
12
397
37
28
0
154
0
0
72
0
0
8
0
12
72
11
0
0
277
4
0
1
0
530
0
5
79
0
0
95
1
120
0
3
3
22
0
56
0
0
0
0
182
0
0
193
7
12
0
515
0
7
0
53
13
8
0
9
7
7
612
7
0
0
0
0
10
0
0
148
12
24
122
0
6077
73
6
130
0
18
0
0
78
78
23
1
45
0
2
49
893
4
84
18
7
64
20
0
0
41
0
0
0
107
821
0
15
124
94
186
0
0
0
0
20
0
1526
0
51
0
6
230
32
20
82
1
22
0
15
2
0
12
0
0
0
122
43
0
10
1306
0
1
0
0
7
142
8
0
134
0
13
28
166
258
0
70
0
9
381
13
287
0
0
3
38
0
0
0
75
2
423
713
0
5
0
0
20
5
65
0
0
108
39
72
0
0
30
4
384
0
0
38
0
0
0
0
341
9
255
0
0
0
0
18
1
380
142
0
2
21
55
172
32
0
0
5
97
0
8
0
677
2
140
0
46
7
0
0
0
0
351
559
22
1
17
0
0
400
0
0
24
0
1
0
1
0
33
0
0
10
1
0
659
216
4
180
4
0
0
260
0
1
0
11
0
0
24
0
21
0
158
602
4
0
912
0
0
0
21
74
0
52
4
0
0
0
0
457
42
7
2
0
23
0
0
0
0
0
49
4
0
0
0
0
0
0
5413
0
2
1
873
0
6
0
1
752
25
22
3472
41
0
487
0
0
11
13
16
0
197
0
236
0
0
395
0
45
0
0
3
442
29
0
0
47
110
208
308
53
1
2
225
0
1
0
57
17
2
0
4
0
0
25
14
69
170
0
0
0
12
29
39
1382
0
17
1
19
4
492
8
18
25
455
0
97
20
0
28
152
0
0
2
49
75
35
0
0
0
0
44
355
4
17
13
9
1258
3
3
131
13
351
15
0
185
0
25
0
36
278
6
16
2
297
0
41
3144
2
0
2
138
0
29
85
1
50
32
853
444
0
0
22
0
0
5
183
15
14
0
2
101
0
0
35
0
0
0
0
0
1
3107
0
0
0
786
0
43
0
19
1837
0
0
6
0
12
2
0
8
8
36
230
0
0
31
43
56
83
205
14
0
36
0
82
293
2
122
0
19
1128
0
64
30
0
1
64
4
88
15
0
0
25
0
1
0
0
3
194
0
0
37
74
0
2
0
34
0
92
7
18
1
0
1116
0
416
0
786
70
0
3
458
0
28
11
0
0
168
0
16
126
1344
1
0
0
2
22
172
0
3
0
311
4
0
0
0
182
0
1503
0
4
28
0
0
0
84
0
34
0
143
0
8
44
0
5
0
5135
0
10
0
0
0
0
42
0
0
1
36
0
0
0
0
222
0
296
83
93
0
1
78
31
0
2
0
0
1
0
127
221
1
0
150
0
0
328
0
365
0
0
150
0
0
10
97
0
592
11
3
0
0
0
0
0
180
0
0
0
0
180
11
0
460
0
0
1
8
6
0
2
0
162
2
4
0
19
4
0
0
18
54
0
14
9
1
18
0
0
590
1296
0
1
1
0
83
0
20
1
49
0
0
0
3
464
37
2
2
0
143
0
1
51
28
10
2
0
14
0
3
89
2
0
62
287
0
72
0
4
0
78
0
1
0
1
35
1
117
0
13
2
0
0
2
252
0
103
0
0
1
132
0
0
98
16
0
119
43
0
18
0
0
25
6
0
22
56
0
0
4
0
4
5
57
2
0
2
1
0
646
0
29
0
167
0
66
13
221
4
2
5
0
588
11
6
45
0
0
3
10
380
0
0
8
2
3
73
20
227
83
0
0
189
0
27
0
237
2453
460
0
12
6
81
72
2
1
0
29
9
11
0
66
19
1523
56
138
104
1008
309
0
0
5
0
37
163
0
83
0
5
12
1
2371
0
1
0
22
43
0
1
221
0
20
0
9
0
0
0
201
0
5
0
0
0
3
21
8
0
210
2
65
0
322
1
0
0
4
95
0
2
0
12
53
3
99
221
0
4
1965
11
4
3
0
0
0
75
0
0
0
30
1
5
0
1
24
427
140
0
0
0
0
38
0
0
0
0
8
0
8
17
0
0
0
224
0
0
0
7
174
362
90
1023
0
1
140
0
0
2
20
535
113
10
0
108
0
0
20
79
0
0
0
0
3
0
0
0
0
0
0
0
4747
0
50
15
0
7
9
392
369
572
0
0
0
219
0
6
42
1
0
0
48
57
2
0
0
20
1
857
47
1
0
33
0
2
70
5
0
3
0
19
0
0
1
1447
76
1
77
21
18
125
636
1
7
0
0
11
0
291
32
408
806
6
0
6
7
48
0
2
0
57
35
56
89
11
188
0
0
36
4
2267
1
0
0
0
1
0
3
0
25
7
0
37
0
182
118
10
150
0
22
8
54
21
1602
288
1
0
160
0
19
2
470
0
3
1842
0
0
0
0
0
3
17
0
284
0
1
127
0
0
0
4
0
1
2
0
0
154
0
72
63
5
0
0
1029
5
1329
4
19
0
126
108
5
0
79
16
0
3
0
0
88
1
20
0
0
142
3794
0
31
59
506
0
13
3275
0
0
686
241
0
204
29
2183
0
0
0
177
5
93
1
0
384
0
14
0
0
0
1426
922
11
2
123
0
1206
608
21
0
1030
0
0
8
2
31
2
0
737
0
0
13
128
97
0
423
0
140
13
4
6
0
52
0
727
190
171
0
0
13
0
799
0
0
946
100
0
0
12
0
83
0
322
72
55
145
0
0
788
358
181
43
0
0
170
338
397
0
0
59
83
0
0
0
0
111
0
6
0
1041
299
0
0
0
0
4
198
73
0
134
3
0
42
244
0
14
259
0
0
14
35
16
7
22
0
116
4
28
0
144
1
0
0
26
258
0
824
61
0
0
140
111
108
47
5
37
0
53
0
5
6
0
12
0
0
0
0
0
0
1333
218
42
0
0
1
0
514
81
5
14
9
3
517
2
0
0
0
305
258
79
10
0
89
193
132
0
40
36
0
2
0
0
0
0
12
527
54
0
2
38
3
12
1
0
3
5
54
1613
0
0
0
13
65
0
24
0
14
6
2
0
346
2524
636
0
144
1
7
0
3
0
6
0
264
20
402
131
166
0
98
0
802
1
450
0
1
59
10
47
152
383
200
745
0
330
0
15
1
7
409
19
586
43
58
15
11
0
0
10
1
14
54
49
0
71
29
0
460
42
26
486
31
157
162
494
13
264
14
1
0
0
0
2
14
1065
0
5
403
0
97
0
0
59
165
277
0
0
0
0
18
0
14
55
1206
0
4
386
191
0
320
13
0
172
2257
91
59
299
9
0
336
3
531
48
26
114
136
0
1
0
0
0
0
0
0
17
4
0
0
17
1
16
0
0
5
84
0
0
0
8
0
27
0
0
284
3
0
0
351
31
1
0
175
476
0
87
0
489
75
11
30
499
211
13
11
0
0
0
45
114
10
7
0
0
5
0
0
0
0
0
49
92
24
2
2205
0
0
0
13
2
122
0
0
136
0
74
37
15
0
0
0
202
17
0
7
0
0
78
509
0
0
68
0
265
0
382
0
1266
388
0
0
6
244
0
4
42
0
267
59
5
410
22
0
0
4
0
16
19
286
0
8
0
0
91
0
1246
13
0
0
7
0
3
3
0
108
174
11
498
87
678
17
39
60
434
735
2
0
0
7
28
37
0
240
5
1
0
0
4
0
2
1
0
2
2
4
0
1
123
53
0
0
0
11
1
62
0
215
6
0
0
160
8
1360
2
73
4
244
0
49
132
0
37
27
200
0
329
32
723
0
63
46
0
0
2
9
51
3
51
18
6
2
91
139
6
738
637
157
0
0
335
4
0
64
0
43
0
20
0
1
0
0
13
1
0
0
447
315
3
6
293
2
0
122
103
0
0
0
20
0
5
1
0
3183
88
0
6
45
9
0
0
57
2
203
261
11
6
66
2
34
1
0
28
1
0
0
25
0
0
0
37
16
0
23
1
38
0
52
151
0
1
8
1
615
12
0
0
46
0
0
2
18
582
43
0
0
477
2
0
0
0
191
271
8
0
148
0
0
6
24
18
5
0
324
127
152
0
0
5
6
1
0
19
79
8
4
0
13
0
0
2012
0
0
7
5
317
9
22
3
3
4467
961
76
80
0
3
0
0
11
0
0
119
132
488
529
0
947
2
316
0
0
0
0
39
0
0
0
0
0
24
2
49
0
217
1
6
0
38
0
87
6
72
0
0
0
370
111
0
0
0
0
0
14
15
0
57
3
77
0
178
150
14
0
0
0
0
0
14
1
98
1235
0
0
0
1374
5
0
4
1
84
3
8
0
9
44
0
0
114
0
0
15
0
43
1042
0
24
193
7
0
0
36
0
0
2
25
0
0
84
0
10
0
0
164
1
9
0
0
0
4
0
766
0
0
0
0
511
0
99
0
0
35
60
0
0
190
0
9
10
0
126
0
0
51
0
1
17
11
0
0
0
1569
0
3
0
0
32
3
180
21
1
0
11
13
4
1
11
0
1
0
1
575
29
0
1
0
0
24
49
29
15
1
138
158
568
0
0
0
168
10
0
393
643
0
1
80
11
0
0
3
858
11
9
110
9
0
50
0
0
2
1
1
3
16
6
4
0
156
238
219
15
2
88
0
2035
0
7
0
5
108
13
719
27
0
0
12
295
0
0
197
4
5
1
0
23
193
4
38
2
5
49
224
0
0
476
1
838
0
0
0
0
41
0
146
0
14
10
0
0
0
1426
521
0
78
273
12
114
935
350
27
103
4
1
0
0
0
91
0
36
43
176
0
349
71
147
0
0
0
0
0
10
46
8
0
0
69
0
75
71
0
368
0
0
136
127
4
783
557
3
5
2
59
0
287
0
0
0
321
0
0
54
0
0
314
0
4
13
0
700
0
0
0
369
22
276
272
191
1
487
62
0
203
13
1
71
110
0
88
0
0
13
0
2
485
5
2
8
0
0
0
0
114
9
0
17
36
39
10
203
27
0
0
0
841
182
24
4
2846
0
0
39
0
6
0
69
2
18
0
14
6
0
12
177
1
45
141
25
0
0
7
0
1
93
85
0
841
4
0
0
11
6
0
1
5
547
0
2
12
3
0
1
0
38
0
31
1
3
0
85
0
60
247
0
0
93
330
7
0
1512
67
7
0
38
0
230
0
0
1
0
2174
0
0
0
0
173
2
1
5
0
0
3
3
39
20
0
232
43
8
0
1
21
3
44
0
0
42
0
2
0
265
2
9
21
0
114
31
64
147
1
6
179
0
0
1571
2
9
0
0
0
284
17
0
45
0
49
22
1
217
0
8
57
25
125
3
309
0
0
110
0
0
0
467
30
0
51
17
0
0
0
605
4
103
0
0
0
0
7
0
0
31
0
23
110
0
61
0
0
55
56
1136
88
0
0
0
23
9
30
0
28
5
2
2
4
2
0
0
0
3
2
9
29
0
0
0
0
873
2
3
7
12
0
0
0
195
93
2128
0
1
23
13
0
29
222
43
0
12
38
24
2
0
9
0
9
52
133
7
3
40
1
0
0
3
11
0
0
0
7
0
0
0
15
6
22
36
2
28
53
4
0
0
283
6
0
39
0
0
183
0
2
38
0
1318
0
14
10
9
0
0
0
0
1
0
0
0
0
1
2401
11
35
0
0
0
6
85
38
4829
0
4
6
0
0
128
40
0
783
1
147
4
1
57
0
0
55
0
0
4
0
1
103
3
362
0
0
386
5
0
948
0
0
127
62
7
0
0
434
0
450
615
0
5
0
897
66
41
0
161
33
0
0
1
0
22
5554
403
0
885
0
37
86
0
0
43
0
85
92
51
0
129
38
190
31
33
416
123
0
2
105
232
0
41
0
0
0
68
21
63
16
33
1
25
0
2
10
0
0
1
0
59
0
403
0
109
0
19
0
32
1956
0
115
0
13
6
0
19
31
4
2
26
223
0
0
0
0
0
75
0
0
0
0
20
50
10
19
877
0
0
0
0
0
0
60
0
0
0
6
0
124
0
0
0
19
0
19
41
0
0
0
129
138
0
0
0
0
1
0
2
18
19
0
27
8
620
18
0
7
0
0
292
0
0
7
0
3
0
73
0
9
0
0
0
92
35
58
4
1
0
0
7
0
151
0
34
57
31
357
1
0
0
0
0
0
4
0
0
3
53
37
0
0
0
125
0
27
10
64
223
0
9
30
16
3
1
7
0
0
0
0
1
0
8
3
35
1
0
274
55
47
12
11
0
491
62
1
42
11
235
39
20
0
3
0
3
1
7
1146
0
0
31
2
2
0
62
39
2
0
38
0
0
0
14
2
0
1
41
0
0
2
0
0
1
154
0
412
13
0
17
426
0
0
9
27
0
16
2
0
0
1
92
45
4
1
545
4
0
0
0
0
0
0
0
64
1
0
0
0
0
4
81
0
0
0
4
0
0
28
282
17
1
0
0
0
0
0
6
4
18
0
9
27
4
0
0
87
53
0
0
0
0
0
0
11
0
2
0
68
0
0
0
1054
0
41
7
2
35
0
0
0
1
72
144
0
0
0
0
5
42
0
11
5
5
252
7
116
0
6
16
471
780
0
0
0
10
97
5
3
0
1407
0
0
0
0
30
0
14
5
1
127
0
87
3
2
0
3
0
332
4
4
386
33
2
0
17
0
3
23
57
0
0
15
0
391
13
0
0
2
0
2
0
0
0
27
133
0
0
32
0
0
38
0
0
120
0
1
0
172
2750
0
0
0
0
12
0
12
0
38
135
16
1196
0
3
0
1
281
44
17
35
25
2105
406
0
0
0
1
18
31
0
0
4
0
321
4
222
1
7
0
0
0
281
60
0
30
90
2
0
892
27
21
1
89
14
4
0
0
11
5
0
0
742
1
0
1
5
0
4
82
18
0
4
0
191
150
29
0
0
9
1
49
0
1
0
6
101
0
0
0
0
8
0
0
0
616
0
20
0
11
10
0
1
0
12
114
44
0
0
2
30
0
151
73
0
237
114
0
0
4
0
2
0
5
5
0
0
0
565
0
0
199
0
0
73
0
2
13
37
4
0
254
5
70
0
30
0
1
19
97
1
0
0
1
0
43
0
3
0
9
10
21
2
0
0
0
0
9
253
97
2
0
0
268
74
0
43
99
140
164
0
11
27
57
2
1
98
9
777
0
40
4
0
0
0
0
5
1
5
1
146
1
0
0
0
16
169
0
309
0
56
872
53
1
5
5
1
1
97
0
0
0
31
0
12
1
27
0
16
0
1
0
351
19
111
2
0
0
375
2
59
0
0
29
51
0
17
0
958
0
7
2
0
0
8
0
40
363
1
0
0
229
0
10
61
0
0
0
8
0
0
5
60
965
308
7
0
39
21
32
159
0
5
0
0
0
410
0
19
0
125
0
36
73
0
0
2
32
201
89
42
7
12
0
10
1683
1
47
3
0
11
7
33
14
0
0
3
1075
5
0
184
35
0
547
2
0
21
0
52
14
153
19
0
162
0
3
0
5
470
5
22
0
70
0
1
0
5
0
5
43
12
0
12
54
5
0
35
734
0
0
54
1
0
2
2
0
0
79
0
305
1
0
3
0
3
4
1
1
209
14
272
271
6
146
2
99
0
387
0
1
323
10
0
0
0
156
0
8
24
88
3
1
5
12
0
79
0
0
1
0
0
48
0
0
0
60
39
0
69
10
0
7
1
0
48
0
59
100
101
0
2
1
613
0
3
0
0
166
18
0
0
892
70
9
0
0
0
3
0
0
140
0
7
0
68
0
18
0
4
0
0
45
0
5
1
690
0
0
15
0
1
7615
0
55
0
0
0
0
13
90
19
0
144
0
160
0
0
54
0
0
33
10
20
0
0
5
861
441
32
0
1172
0
114
35
0
18
0
9
0
98
18
23
178
0
0
3
58
0
0
141
0
0
0
22
14
13
0
540
3
161
0
515
90
5
150
341
61
0
0
10
0
2
1343
6
67
30
0
0
0
1
5
0
0
4
15
226
157
0
12
0
0
115
10
5
7
0
249
0
524
0
17
0
14
0
50
65
47
0
65
31
0
3
3
0
0
0
29
84
37
4
3
0
24
7
0
1
1
190
0
1
20
0
1
435
0
534
645
0
0
463
0
0
65
1
10
236
0
105
0
11
60
0
0
83
0
44
6
0
9
11
5
719
0
0
0
18
110
0
0
0
2
0
104
73
1
0
3
116
182
0
44
250
90
0
0
0
96
26
0
0
59
20
110
0
2
0
15
0
653
444
0
1
11
0
66
3
0
0
0
0
96
31
0
0
0
0
0
10
266
6
0
10
0
10
0
63
0
0
15
0
1
0
185
1
0
2
28
0
440
227
18
257
35
0
147
1
0
40
0
111
2
0
85
0
0
0
0
0
2
1029
0
0
0
3
2375
0
270
0
12
2
1
46
11
35
67
60
0
161
9
4
0
16
122
59
11
0
0
11
8
7
0
0
176
97
123
20
607
440
1
5
0
0
0
140
36
0
91
623
237
34
0
9
28
517
2
18
5
259
3
106
0
150
50
70
0
0
1
0
914
12
38
3
64
4
283
3
40
0
19
1
1
0
0
5
68
54
0
3
112
0
1
0
104
0
2
24
1123
35
0
152
0
0
11
0
116
0
1
0
0
63
0
0
0
1
44
1
12
0
0
0
64
0
17
0
0
0
3
16
0
34
0
20
0
4
0
3463
16
8
0
0
37
33
170
15
484
0
0
702
0
3
517
0
1
0
4
446
95
0
8
1309
85
0
2
1
0
0
4
1769
1
0
12
3
0
248
0
0
3
705
16
158
0
71
0
630
0
19
3
0
0
0
5
0
3
0
1
196
9
0
561
0
0
2
3
0
0
407
3
0
0
4
23
0
0
63
145
0
26
10
2
11
37
891
13
0
0
1532
44
0
394
1883
0
382
373
4
0
0
0
0
19
52
0
1
0
0
0
3
0
0
0
1
23
26
1
0
51
0
440
12
0
15
0
12
13
1
0
415
2
0
7
0
0
4
0
23
166
215
0
12
159
94
31
17338
67
14
25
667
677
0
5
14
0
50
0
0
35
0
577
1192
0
1
0
29
163
26
60
254
9
0
0
0
420
285
0
3
29
0
0
2
789
12
67
4
0
0
83
0
4
216
48
0
24
0
0
10
95
0
3
62
731
0
1
458
188
0
0
1973
0
0
30
0
8
0
0
4
0
1
0
176
18
63
0
207
103
0
0
10
189
116
2
29
2
0
16
0
309
39
147
8
0
4
0
0
4
0
0
0
111
1274
219
579
0
46
5
0
139
5
8
0
0
12
362
105
0
7
107
0
291
0
4
29
1
0
0
0
0
366
48
28
4
0
1022
4
0
0
80
0
38
315
0
2
32
0
0
132
0
19
0
0
0
7
0
30
120
0
222
0
0
0
13
0
54
3
669
0
36
473
0
0
0
17
0
4
456
12
0
1
1
0
29
2
46
12
0
0
3652
61
0
0
0
0
1034
0
0
0
134
0
2
10
78
2
0
0
151
0
0
6
0
0
46
1
7
0
339
24
0
812
20
0
131
0
8
2
0
145
0
0
1680
9
0
0
0
60
102
0
41
0
0
453
0
187
8
1
0
17
0
4
2
0
0
51
0
0
26
0
9
0
0
205
3
0
0
0
4
4
0
0
0
0
0
0
0
0
0
32
5
41
72
0
0
23
0
50
1
0
0
25
0
8
0
0
112
0
50
18
2
2
8
0
170
0
0
159
1
328
0
442
739
0
2
4
0
0
30
0
63
4
0
0
61
0
307
0
0
21
7
193
16
541
127
0
59
0
115
139
1
0
96
7
9
0
237
2
1
28
2
515
24
301
3
2346
32
412
0
0
137
1
66
75
2
0
0
0
37
23
20
0
0
3
122
0
0
0
225
0
0
0
0
242
89
54
134
46
0
0
0
25
0
0
2
9
0
18
328
0
103
0
0
0
542
0
10
0
343
0
134
0
2
6
304
0
4
0
7
0
8
17
48
0
128
0
89
0
0
0
0
20
0
111
0
70
1
12
0
0
2
1
0
0
0
0
187
20
77
4
0
108
15
0
11
14
0
0
35
47
156
334
0
63
2
253
0
38
0
7
802
31
4
102
0
125
10
0
142
792
13
1069
0
117
10
0
5
0
10
15
0
4
7130
0
355
0
65
0
62
0
348
174
126
0
29
270
0
237
0
0
0
37
0
0
0
2
0
0
52
0
20
0
1103
0
0
9
0
14
71
0
0
242
23
43
0
24
1
0
908
0
0
52
148
0
348
0
4
0
0
40
1323
776
0
0
0
0
55
0
0
0
133
246
9
0
33
2
6
1
0
101
0
172
198
0
0
0
73
155
0
2
0
0
36
0
11
0
1
0
0
0
0
20
0
1
3
8
1
0
4
0
0
0
0
246
0
1
0
0
9
31
129
1805
58
3
162
0
3
0
0
3
0
1
1
2
0
43
0
0
0
0
2
1
0
1
3
0
118
0
7
0
4
7
0
0
0
587
185
163
0
6
23
0
0
1
3
57
1
4
0
1
11
0
0
20
0
1
288
0
0
0
1
0
9
0
918
45
8
483
0
0
167
0
634
4
0
0
1
0
17
31
0
39
159
166
492
0
0
0
0
0
0
43
0
159
104
1
49
0
31
832
0
19
10
17
5
24
73
2
35
1701
566
0
0
1
35
0
0
1
86
1880
4
0
5
1185
1
0
0
2
6
64
208
202
758
198
0
1
10
0
430
0
0
34
261
0
2
3
99
569
0
362
237
0
367
2
2
7
397
229
136
35
0
431
17
109
0
134
240
519
1
0
3
0
7
0
0
219
0
0
3
28
655
0
11
107
43
2
0
0
30
6
19
0
0
0
18
148
2
0
0
0
0
0
0
0
69
47
109
92
239
0
97
0
0
23
334
121
61
0
118
5
0
0
12
218
0
698
5
0
122
1
0
28
0
1
0
0
0
0
43
1
0
0
10
0
1
261
1
1085
0
2
6
0
28
0
0
0
469
0
1
0
1
0
0
113
0
0
0
0
51
3
0
4
43
0
0
293
0
19
0
35
1
0
0
10
59
25
191
349
0
0
58
0
0
7
229
2
0
261
0
15
0
0
0
0
34
71
147
804
0
0
0
23
71
1
36
2
10
23
0
23
0
53
3
356
0
0
96
0
0
5
0
32
110
0
83
0
0
76
0
384
23
9
167
0
1165
1128
0
1
11
0
0
0
0
540
0
132
2027
152
22
33
102
0
8
0
8
7
1
0
5
87
44
49
36
3
450
265
0
23
0
1881
0
0
0
174
0
76
40
178
0
13
1
83
367
0
1
739
1
11
0
1
623
0
0
249
14
209
104
0
121
0
10
109
456
7
4
5
263
0
0
7
0
0
0
258
0
755
1
0
359
0
0
8
7
51
28
65
563
0
0
22
44
2
0
0
11
0
36
16
0
0
101
0
5
12
1
319
552
0
76
9
10
1
19
0
15
0
24
0
0
0
0
35
0
301
0
4
0
382
0
0
0
1
45
0
488
0
60
66
29
0
0
0
0
0
0
0
0
84
0
15
0
11
55
0
0
8
14
0
9
0
0
42
7
3
93
0
809
43
198
0
0
148
33
11
150
0
263
14
0
0
51
2
0
116
26
42
6
0
0
0
244
128
28
0
1226
8
0
59
6
0
0
13
9
441
211
85
1221
363
0
60
19
0
342
47
0
0
0
50
138
0
0
143
91
0
96
0
960
0
0
2
0
0
85
44
676
0
50
0
22
1
37
1
0
6
494
40
5
26
124
19
2
0
0
16
4
0
57
0
99
529
0
34
0
10
0
606
549
68
6
45
0
191
0
28
0
9
5
3
0
2
7
29
12
510
88
0
0
113
48
26
0
0
0
14
270
0
25
2
28
0
636
37
17
3
0
0
0
26
22
0
31
85
46
1
0
0
1927
0
2
265
0
100
0
21
0
0
1
58
0
37
8
69
23
314
20
0
0
0
309
0
17
1025
0
7
0
2
0
0
9
0
10
11
10
3
0
20
1
18
0
0
40
0
0
70
15
548
405
4
0
0
9
11
0
508
192
4
48
92
2
0
7
28
0
0
8
272
3
225
0
84
556
37
0
1
104
118
494
0
3
0
47
36
0
28
119
140
5
0
2
0
3
0
0
2
1
0
7
264
305
74
0
245
5
61
0
230
91
0
2
3
19
133
44
154
0
0
33
199
185
0
0
189
4
0
0
0
0
607
0
0
11
2826
0
0
0
1
30
5
635
6
0
0
13
40
38
0
91
153
0
0
324
0
9
0
55
0
0
3
1
24
0
2
27
0
0
15
0
23
136
0
13
3
3
0
0
210
0
2
261
124
0
0
0
14
9
0
5
963
1
187
46
47
315
0
323
19
0
5300
35
4
0
4
0
0
58
2
0
102
13
0
17
0
0
0
45
3
18
32
15
226
242
1891
199
17
1516
0
8
0
569
12
0
1
230
0
25
52
4
92
6
0
0
55
64
0
0
1
274
0
8
47
1369
4
0
0
0
0
1
5
29
0
8
236
51
0
0
0
0
16
0
30
0
0
368
201
0
0
277
37
0
0
8
0
0
121
0
0
60
0
9
0
54
95
221
2
0
0
2
1
19
0
0
125
1
173
0
0
2
4
0
1
1
8
0
109
2
66
135
2
0
858
2
0
0
4
0
2
0
1
171
11
1
0
16
0
0
1582
364
0
157
116
0
67
0
70
3
70
31
55
0
45
7
0
0
0
106
1
0
19
64
0
4
1
24
330
3
4
0
0
10
0
2
0
1
0
43
0
0
103
225
0
0
0
0
2
0
2466
19
0
250
55
11
0
6
9
58
6
1
0
124
18
0
0
2
5
0
0
0
75
4
0
43
0
4
7
1
0
0
0
44
20
19
0
0
0
0
156
0
0
376
121
0
10
0
46
8
0
0
157
0
68
8
0
3
0
1
175
0
0
0
0
4
1194
0
0
7
0
0
0
21
218
12
125
8
0
6
66
0
1
123
169
0
25
0
86
1088
9
421
1
8
17
0
0
0
42
0
460
0
1
320
0
0
0
0
79
168
2
0
0
0
3
0
9
0
119
113
21
4
126
0
199
0
0
1719
0
7
0
0
0
24
30
422
0
0
122
0
11
3
5
0
0
0
7
0
0
0
0
11
1
43
0
135
39
224
0
50
14
0
17
0
0
215
0
0
189
0
0
0
5
1
0
0
0
0
0
24
0
10
0
27
3
18
0
32
0
0
16
0
2
0
98
854
0
0
0
4
1
0
7
3
0
77
57
0
59
0
9
81
0
376
0
43
0
12
0
0
0
112
6
0
0
0
1
4
0
0
0
8
2
6
0
21
0
16
0
45
0
0
0
0
0
11
236
0
402
267
0
1
0
0
946
25
20
13
0
4
141
1499
0
0
4
0
0
23
1
1
6476
3
5
0
451
0
2427
32
281
290
4
39
24
8
136
0
1
17
29
58
602
68
0
0
4
2
1844
0
4
0
113
2
0
7
0
0
0
0
0
1
5
0
0
0
1
1
23
42
0
58
201
1143
36
10
0
108
5
0
16
3
0
0
0
0
0
68
0
4
0
15
0
22
0
0
37
52
0
0
5
0
0
2
0
5
42
53
603
0
152
183
5
0
85
1
0
0
0
0
157
13
17
0
2
0
1
22
0
2
5
269
0
75
0
87
60
0
83
34
39
43
3
0
1
0
0
0
0
0
6
0
0
2
49
17
0
0
0
0
0
654
1
0
62
36
0
26
0
33
357
1
27
215
626
229
2
19
0
0
0
40
4
64
315
0
0
9
356
0
0
0
0
0
7
0
0
1451
0
4
8
167
2
0
0
3
83
0
0
686
79
174
73
2
68
1
0
3
8
43
38
0
0
16
3458
404
8
0
94
4
32
3
0
919
1
16
0
1603
0
0
27
197
26
0
419
0
18
392
0
0
0
21
0
0
35
11
0
0
18
0
0
0
0
64
51
373
102
1
0
1
0
0
22
840
0
0
3
33
21
0
16
159
1
0
8
0
0
0
0
0
0
447
0
0
0
0
11
1
0
234
0
0
0
0
0
1
0
0
0
0
47
110
11
168
8
46
0
41
35
7
43
0
60
364
0
1
1
20
499
6
3
4
181
128
822
0
0
0
0
0
12
138
0
0
22
0
146
2
213
1
29
0
16
17
2
0
103
1
6
13
0
19
4
63
141
3
231
6
851
2
0
122
0
19
0
0
22
2
0
230
19
1
51
2
1
1206
14
0
0
286
0
0
14
44
0
27
36
0
0
383
0
98
0
5
2
3
16
56
94
131
0
133
1
386
155
124
0
0
16
23
213
0
0
0
1289
0
33
0
0
12
419
0
19
0
137
0
369
0
153
2
18
20
19
0
1567
0
0
0
2470
3
0
0
0
0
0
0
8
70
7
0
0
15
0
21
58
0
29
426
58
0
20
120
18
0
3
0
18
2275
7
0
806
0
0
15
0
0
0
9
532
0
2
1
0
0
10
24
0
33
0
0
12
60
405
24
0
265
380
0
105
18
0
18
656
116
0
0
24
4
878
9
0
144
0
476
72
0
9
10
0
3721
3
7
13
0
5
0
0
30
1
76
0
0
111
8
19
0
0
39
147
0
9
128
14
0
0
0
1
0
149
292
0
549
6
2
3
0
0
73
4
13
54
0
224
32
717
261
0
0
2
20
31
139
16
129
0
127
0
0
3
4
41
0
0
27
0
3
20
5
3
0
2
0
0
88
0
0
0
0
2
16
19
0
3
5
6
102
0
140
0
55
4
9
333
4
1
175
2
0
0
14
0
1098
2
8
0
0
3
124
0
115
0
2
7
6
0
0
3
0
0
0
0
8
0
5
0
31
0
0
13
47
0
0
416
0
1450
38
0
0
0
453
0
59
109
0
0
0
5
0
0
1
0
0
7
0
2
0
2
0
0
15
0
0
6
0
566
0
118
0
182
105
0
0
0
72
2536
328
0
0
9
10
25
0
13
5
0
2
23
0
18
0
181
54
175
0
12
10
0
0
0
472
0
4
2
0
0
0
0
0
6
38
21
12
14
8
60
0
25
0
54
14
35
0
0
4
39
0
0
341
1
0
0
38
204
26
3
0
0
812
30
3
0
150
28
0
209
20
18
7
4
309
12
0
0
3
54
0
80
27
0
1
3
84
8
2
1
11
2
0
0
0
83
42
421
0
15
0
20
4
0
0
1002
0
215
2339
175
1
0
67
904
0
5
22
0
21
0
154
911
9
289
0
833
234
1
49
7
126
38
20
5
0
1
5
10
2
21
0
0
0
5
96
68
36
1
358
47
275
5
0
55
1
31
3
166
0
0
15
130
2
0
5
0
330
0
0
6
0
2
32
0
1
3
0
0
2
0
0
0
0
73
0
0
0
0
0
0
5
27
0
562
0
23
0
0
6
0
63
0
0
876
4
1
0
1
2
50
4
0
744
0
4
171
0
102
18
0
20
4
0
8
0
18
17
0
0
237
130
0
395
216
239
0
0
0
0
0
17
0
0
0
0
0
0
10
0
263
130
0
1345
0
0
1
0
0
34
12
0
19
224
0
0
9
3
33
0
22
6
1
0
0
0
3
0
217
660
508
64
0
8
711
139
5
0
0
169
15
0
56
121
0
59
11
0
42
0
711
2
3
0
0
0
177
188
33
55
0
0
0
7
30
45
0
0
1
0
42
4
0
2
0
0
0
0
2
2
0
0
21
0
1
2
0
0
0
2
0
20
0
0
0
90
6
7
30
0
2
98
45
1
34
53
4
0
1
0
7
1
3
0
251
3
2
0
5
0
55
0
1
0
1
1
0
2
8
6
0
312
0
8
22
0
7
63
0
0
0
0
0
0
5
41
0
0
7
2
12
0
0
0
0
70
15
0
63
1
0
242
0
832
67
58
0
0
46
2
60
0
0
2
82
1
216
10
25
0
0
0
0
60
0
2
0
0
2
0
6
1
38
0
0
0
35
10
0
0
21
0
22
0
0
60
25
12
33
183
1
0
0
0
2
3
152
1
38
128
0
0
63
43
0
214
4
35
16
1
0
0
64
0
0
0
4
0
1354
0
75
9
0
0
0
2
0
0
50
0
47
1
17
2
8
0
0
0
13
318
78
0
0
0
2
32
0
12
1389
0
87
21
5
0
0
0
0
0
17
0
7
19
0
52
27
0
7
5
1
0
0
0
30
188
0
0
49
215
2
2
0
478
26
16
0
0
8
0
0
1367
14
124
4
3
0
1
11
23
15
6
0
0
0
0
0
179
9716
1
0
0
25
27
75
1
2
0
0
0
0
3
0
13
20
17
10
4
0
0
180
2
3
17
0
18
35
6
6
0
1
8
59
0
2
8
0
749
0
64
712
3504
16
152
4
1
51
6
300
0
0
14
0
16
275
38
177
15
0
0
2378
7
0
9
8
1
2
0
0
0
10
0
32
56
0
0
0
3975
0
3
142
68
0
19
0
832
1
0
0
11
0
4
0
7
196
2
0
0
43
0
1609
0
3
533
0
40
65
0
575
250
4
0
9
0
2
39
0
23
3
7
104
5
192
0
0
29
0
1
17
0
80
81
0
11
540
0
7
0
39
3
0
10
15
0
60
0
0
9
0
50
0
2
1
0
0
395
96
0
48
0
324
462
77
0
0
0
38
18
0
6
16
0
25
0
0
6
0
1
2
0
0
20
0
0
0
63
19
0
9
54
29
0
1
0
0
11
0
0
0
10
0
26
0
0
0
3
66
0
0
21
1
23
12
339
0
1
0
0
125
33
29
9
0
338
31
27
211
14
2
0
0
5
78
6
22
6
0
2023
1594
0
0
17
7
23
30
0
0
0
0
0
0
56
0
0
0
0
0
0
0
217
1
128
5
7
168
1
0
2
143
0
0
15
0
47
2
5
1
37
0
0
0
153
119
0
95
0
96
0
46
88
2
0
0
0
0
0
29
0
0
23
0
0
1
0
0
0
1
0
0
0
4
8
0
205
228
43
0
0
76
0
10
9
2
29
70
0
0
157
0
117
0
89
52
0
90
0
53
0
2
54
25
4
1
188
890
0
439
9
0
1
0
975
132
0
19
1
5
0
0
0
10
1640
0
0
49
0
72
0
28
0
1
0
56
0
505
1
0
4
16
2
41
84
0
148
0
0
2
24
0
0
673
0
0
17
57
33
11
429
78
184
676
1072
10
0
8
4
52
1
0
2
0
37
0
37
0
0
0
6
50
0
1
0
0
0
0
17
1325
121
0
26
4
0
37
868
31
43
0
13
26
69
0
0
4
466
3
0
4
0
5
0
120
0
0
47
0
16
182
0
0
122
540
0
853
8
20
1
22
0
356
33
0
43
43
8
163
0
8
0
0
0
81
8
0
185
77
0
779
8
28
2
75
83
0
160
35
0
0
356
0
84
0
74
0
0
8
0
0
168
165
15
551
13
213
6
1
664
175
0
0
0
0
47
963
0
164
15
0
9
0
0
0
343
4
33
0
0
1
50
0
2
0
148
0
8
0
67
0
0
4
0
0
1
38
9
0
154
474
0
22
280
0
83
0
0
0
0
0
32
14
23
1194
12
3
23
80
201
0
0
0
0
4
26
1018
7
0
10
159
74
0
33
0
6
2
2
54
0
19
4086
0
0
0
0
0
481
0
0
0
8
0
0
0
0
373
0
27
59
0
30
0
0
21
3473
1
10
0
0
53
0
10
202
0
0
281
0
3
0
0
0
0
193
87
0
0
0
82
39
0
0
3
1
388
0
0
0
0
3
0
2
49
0
0
0
1459
907
0
17
3
0
62
0
145
25
127
2
0
21
102
0
526
165
0
39
0
0
3031
6
0
98
0
1
13
0
250
2
313
2050
0
0
0
0
0
0
6
6
62
5712
178
0
7
0
0
0
0
17
0
28
5
110
157
728
1080
0
0
53
0
4
2
229
1018
0
24
0
0
27
0
21
0
2
1
59
16
0
52
2
0
0
7
59
0
0
0
12
0
0
3
157
0
32
8
0
2
30
0
8
0
0
982
4
78
16
0
0
0
0
0
682
110
355
17
0
0
1387
422
0
0
485
0
0
1
20
3
5
0
109
37
22
73
0
98
0
0
10
12
432
62
14
18
0
2
0
3
29
1
130
22
0
6
0
0
0
0
0
1751
2
21
50
6
18
0
0
108
49
11
0
0
0
0
0
83
81
0
0
6
0
1
7
0
219
88
0
0
53
629
40
0
21
0
0
21
0
3
1
0
36
0
0
26
6
0
130
0
19
28
64
58
0
0
30
94
113
30
1
0
2
0
636
454
2014
0
0
5
30
18
8
0
0
932
0
0
2
1
5
0
0
0
0
9
1
4
0
73
0
14
7
0
27
0
227
910
0
0
0
0
1
0
0
0
42
734
14
0
6
0
101
0
24
819
143
38
0
15
17
0
6
1
0
0
0
0
2
0
31
0
9
80
0
37
31
3
0
0
0
2
4
0
0
166
6
0
2
0
0
0
0
0
30
7
78
569
0
0
146
602
0
2
21
0
376
0
5
19
132
0
45
0
1
0
248
12
0
0
2
0
2
17
111
1
48
52
334
0
0
18
99
27
0
4
1662
0
83
0
141
742
52
0
10
11
0
0
724
165
2
0
181
2
65
2
0
1
0
0
0
417
21
111
332
9
37
262
0
36
66
128
0
0
68
0
9
0
3
3285
0
35
5
0
31
33
0
1
1
45
0
191
0
31
0
148
71
143
0
42
0
5
0
0
14
0
480
9
1
2
0
1
0
13
3
104
0
2
0
0
0
0
0
6
0
14
0
86
49
2
91
6
64
62
0
27
36
2
264
30
70
2
521
0
46
0
41
40
0
0
194
1
614
33
132
44
6
0
0
0
0
0
10
0
0
8
54
0
623
112
5
0
502
0
0
0
7
0
1
0
0
0
1
0
0
22
2
131
10
95
0
0
3
3
178
0
2
0
102
0
144
5
0
0
427
0
0
1
0
0
1
11
0
57
0
134
636
0
371
0
29
0
8
0
72
490
74
57
93
83
144
5
47
0
13
0
240
0
402
48
0
55
0
192
171
0
102
0
70
0
0
534
17
16
0
53
0
0
27
11
0
0
0
0
0
27
0
98
0
196
112
0
0
299
193
0
0
251
3
11
3
16
0
0
96
38
19
2854
283
68
27
0
0
0
0
4
0
81
0
24
56
73
583
0
12
94
26
0
16
22
0
0
98
75
0
35
91
0
1
0
0
7
5
0
0
7
90
40
0
489
1164
574
6
305
502
0
62
1
29
362
8
24
41
47
0
80
0
0
14
86
0
0
3
83
60
0
6
0
305
4
1329
63
19
47
16
0
0
990
378
53
8
0
1
36
62
0
113
4
0
57
148
0
107
26
0
0
0
33
321
86
59
0
0
297
0
0
0
0
0
13
1674
0
0
0
0
4
11
0
0
194
4
0
0
475
10
0
0
32
43
357
182
0
0
0
0
11
11
2
0
3
0
3
0
37
0
0
68
1
0
4
26
0
10
0
3
0
0
80
0
2
0
21
2
163
26
0
33
0
0
31
11
626
18
121
2
87
40
0
0
0
38
8
11
0
182
79
0
64
7
0
0
126
0
23
692
0
2
0
0
0
0
10
5437
19
0
105
2
40
1
2
0
0
14
1
0
0
0
92
11
9
4
55
73
11
0
690
0
1
0
55
15
1126
321
0
0
0
2
2
1876
0
0
2
1645
35
0
0
0
1
0
4
3
171
72
0
21
0
0
18
0
19
0
0
8
51
0
12
26
29
0
294
40
0
210
36
0
0
122
0
4
0
31
1
479
0
0
0
0
5
0
0
293
0
0
619
3
0
0
52
0
0
0
0
0
12
0
10
1
0
39
1371
0
0
238
0
0
2037
99
153
160
1
0
3
0
0
133
0
154
165
0
46
6
0
32
573
976
0
0
1
0
0
4
3
49
1
0
0
1
803
122
40
198
12
0
172
115
0
0
4
14
0
3
183
4
23
0
18
1
279
0
0
3
4
9
1
0
0
27
0
0
31
0
4
0
0
1124
15
0
12
0
0
0
30
3
1
11
1
0
0
0
4
0
192
206
271
2
1
62
7
0
0
0
8
0
2
107
4
0
0
8
169
20
0
380
21
1
186
64
0
207
26
0
3
1
11
0
0
56
55
0
21
0
8
0
25
0
14
2
0
0
0
70
0
30
513
381
1
0
0
0
0
12
4
0
447
724
4
0
1
7
8
7
0
0
730
4
1
195
47
0
55
0
0
8
1
165
216
0
0
15
0
0
3
0
0
1
68
0
0
13
33
0
4
6
0
93
0
208
0
1
18
29
83
12
0
0
173
21
614
7
410
0
385
0
221
3
0
35
0
27
12
1277
897
0
0
16
20
0
2
1074
0
0
114
3
9
1
3
0
0
0
11
0
0
28
90
259
0
0
26
100
73
4
22
0
0
0
0
0
0
0
9
47
0
0
0
5
9
0
0
0
0
312
0
0
11
41
475
5
36
71
102
0
25
37
100
1
0
69
207
55
1
35
0
20
330
39
197
0
0
14
0
0
91
19
0
10082
73
0
2592
68
3
0
30
121
0
208
1
0
0
58
0
2
0
0
121
0
0
0
4
0
63
1
0
0
118
0
0
131
2
22
2
9
0
0
3
0
2
0
102
3
0
36
0
7
5
0
12
0
21
47
0
0
0
77
2
388
34
29
164
115
13
0
3
0
0
24
0
0
1
2
100
0
3
425
0
0
72
2
748
10
151
0
13
369
18
0
0
0
34
540
0
0
0
0
0
0
0
3
1
0
41
50
5
3
8
20
91
159
0
415
199
1
5
144
285
0
25
6
68
1203
0
14
0
0
0
0
75
8
23
0
0
4
40
0
8
2
0
21
1
4
31
0
0
0
0
0
12
0
0
32
0
215
67
2
0
218
6
2
8
2
47
0
0
0
5
0
0
0
18
0
1
0
1036
403
0
0
709
0
21
77
302
17
0
1
49
0
0
0
0
0
110
402
6
64
10
37
34
0
567
25
1
20
0
0
4
0
6
863
0
21
1622
2
0
2
0
0
784
41
0
0
0
791
0
224
0
105
202
21
786
2
0
45
0
26
0
0
0
622
0
0
165
6
0
10
0
37
0
0
14
0
14
0
9
495
888
61
0
0
102
13
0
163
24
1
0
0
0
0
0
3
527
0
68
0
0
228
8
0
0
0
568
2
13
28
229
10
0
0
5
0
315
0
0
0
305
4
0
5
0
182
3
214
0
0
45
0
0
0
0
0
891
0
0
0
4
65
0
26
0
0
0
0
31
8
0
1
0
0
0
364
83
0
0
3
0
29
2
0
2
0
173
103
271
4
15
44
0
0
3
1
92
113
0
3
90
22
55
17
635
9
929
0
330
76
3
0
0
0
0
10
6
69
139
0
71
1
2998
2
0
0
38
5
15
77
0
0
0
0
0
174
66
0
0
0
0
1
441
158
32
2
1015
3
0
0
101
7
0
5
27
246
2
31
31
4
0
0
2
0
293
191
111
28
1070
0
4
42
210
24
0
0
25
456
29
10
0
0
2
0
0
236
0
420
0
0
8
580
1
99
0
3
12
5
89
0
2
11
0
1957
0
10
80
2
0
32
34
4
3
3
14
0
6
5
2
0
0
0
1
0
0
7
1
0
0
62
0
140
14
0
0
264
0
0
5
200
0
0
0
200
164
4
46
309
56
0
1
42
31
0
14
240
0
0
3
411
0
5
0
0
1
5
1
2286
19
50
32
173
4
0
0
1
3
0
427
3
38
0
122
0
3
41
6
85
0
15
9
0
0
0
0
0
0
0
0
1
9
0
11
1
3
0
19
26
0
9
9
0
2
0
0
0
0
12
0
26
174
3
0
0
228
0
0
0
0
0
13
3
3
17
120
0
1658
166
30
3
0
95
0
113
0
0
0
496
37
47
3
2
0
0
27
0
0
2
499
2
0
2
14
1
226
0
0
329
61
9
1
0
21
37
3
0
0
947
107
0
3
7
0
0
1
0
0
379
0
138
2215
208
343
8
0
2
29
35
51
0
0
0
1684
163
563
77
1
0
97
145
88
21
24
0
0
1
114
231
0
1
91
322
0
242
889
0
0
0
17
0
0
158
41
220
144
49
0
0
14
716
20
0
7
118
4
0
14
0
106
111
0
0
9
38
0
0
7
0
64
1
6
258
32
13
0
358
0
0
12
27
14
0
0
366
0
103
0
43
404
0
0
24
0
0
394
0
0
0
3
64
0
326
0
49
0
0
0
0
295
15
30
109
396
9
40
3
46
0
7
10
17
34
5
37
1
203
7
25
232
806
98
0
160
1
161
28
315
37
4
1
0
92
14
38
0
6
460
103
130
0
32
8
5
0
0
0
5
652
0
43
120
18
300
0
8
0
0
1
8
110
13
35
0
666
2
0
0
0
36
59
0
0
1
71
0
0
0
878
51
17
19
0
0
0
0
53
2
186
157
0
0
0
18
0
2
2
93
0
0
56
0
0
16
0
0
0
40
95
5
41
125
0
130
0
3
9
126
0
249
0
8
0
0
14
5
3
16
21
232
142
0
0
0
2
0
8
0
305
0
87
0
0
449
19
46
0
0
56
0
18
33
81
18
3
60
1002
0
258
6
0
53
832
10
0
0
2
1
0
14
200
0
0
1
10
1
0
10
8
2
47
0
12
0
1
5
0
0
0
105
2
0
345
0
0
29
262
0
0
0
5
537
0
95
3
12
2
3
0
732
0
0
0
0
113
2
380
0
2
14
0
2312
4
0
35
36
0
0
2
0
142
132
47
92
1
0
0
25
4
1
1
0
0
0
0
23
1
0
0
49
0
2
0
4
1
0
0
71
5
8
1
0
1732
102
85
0
86
65
2
291
4
767
0
0
771
768
335
180
31
0
0
0
1
0
1026
0
0
0
77
0
0
12
8
1
0
0
25
0
4
0
0
51
0
4
392
0
0
0
0
1
1
173
3
0
103
43
9
0
0
0
0
163
8
283
0
0
0
0
0
1
0
268
22
0
0
137
10
617
0
13
801
96
3
0
101
2
22
0
3
4
0
0
213
41
0
7
18
803
45
0
154
0
0
21
8
0
3
0
0
0
0
0
0
42
47
2
0
0
69
71
635
0
0
0
20
0
0
2
2
0
21
0
0
3
2
175
4
3
0
0
171
9
0
0
659
1
0
231
0
87
2
0
27
13
0
0
0
0
5
171
0
0
0
1
5
0
0
0
190
446
0
12
0
0
0
3
107
0
0
4
31
0
1
0
9
0
4
0
0
5
0
0
0
0
14
0
0
0
6
4
57
0
0
0
0
0
2
2
0
143
0
0
0
139
0
0
170
6
12
6
0
0
15
0
14
25
3
0
412
10
23
0
0
86
0
56
34
0
0
22
535
2
9
5
4
247
0
32
39
0
10
0
0
1
33
131
478
0
0
0
0
0
0
0
6
14
0
30
0
11
0
0
0
3
0
0
4
479
0
284
64
0
0
0
1
1
0
116
4
0
0
0
7
2
277
257
2
21
3
8
96
0
0
0
99
0
0
37
0
6
0
0
0
9
0
0
0
0
3
57
7
0
1
10
20
0
30
5
0
0
0
0
4
0
0
0
0
59
0
122
0
26
49
0
0
0
0
0
9
0
0
0
7
11
0
639
61
0
0
0
29
65
0
10
64
5
60
395
4
0
3
99
0
41
0
28
2
0
3
0
16
116
66
65
19
0
2
0
0
374
3
95
0
1
0
75
39
0
2151
389
4903
101
22
19
85
281
1152
0
1
0
9
7
0
2
0
0
0
45
23
183
0
37
13
17
174
109
0
0
485
0
16
0
61
0
913
2
0
13
0
0
1045
481
5
23
38
1270
7
116
0
0
0
11
14
64
2
0
127
511
3
37
2732
1
62
0
5
0
0
1
0
0
11
0
2
68
0
0
44
3
21
0
0
0
65
34
1
0
0
0
0
8
0
7
605
71
1
0
0
23
412
0
141
4
242
30
0
15
1
3
3
0
0
660
0
0
65
0
43
31
0
0
0
8
1
5
33
0
0
177
5
118
0
90
11
0
51
0
0
3
0
0
0
90
4
181
1
33
0
0
40
0
1
0
20
0
112
0
0
0
0
1
0
0
13
0
364
0
54
0
0
9
3
0
2
32
1
4
0
0
0
0
0
3
179
2
0
80
7
33
0
5273
7
0
142
0
48
1
2
1
3
0
37
70
0
0
85
0
6
0
0
0
0
22
147
0
3
0
6
14
1
0
179
1
0
277
0
0
235
25
25
3
2
21
8
0
0
83
0
1
0
0
0
71
15
198
0
0
37
6
3
0
0
10
0
0
0
0
2
0
0
0
1
62
0
0
0
4
219
222
1
0
0
10
0
8
0
21
0
0
39
0
0
22
0
148
349
138
0
195
1
434
15
0
283
121
149
0
0
0
1163
3039
3
93
7
0
19
1
187
0
0
31
1
0
0
0
4
0
0
0
0
0
30
0
164
0
0
27
0
143
6
0
1
0
0
10
1975
74
193
0
227
114
0
0
7
1
0
18
263
0
4
1001
240
166
856
2
211
93
0
12
1
0
3
0
0
0
55
0
0
0
7
13
2
601
0
0
16
9
7
5
5
11
0
0
0
0
9
284
0
16
109
4
17
0
59
10
1204
0
0
0
0
47
1
2
107
10
3
0
0
41
57
0
0
92
329
0
910
1006
0
66
97
0
279
0
940
0
1
2
0
405
281
1
0
0
2348
264
0
0
142
79
27
0
0
0
0
0
117
130
0
0
0
48
0
20
0
0
66
0
81
0
0
15
231
0
0
0
2
2
23
6
3
14
153
0
62
1
209
0
3741
129
3
268
5
0
5
26
87
70
1
0
90
950
136
108
2361
0
0
20
0
245
0
2
295
21
0
0
181
136
0
0
0
0
0
39
10
46
783
16
7
0
45
164
3
189
45
2
3
28
249
0
1205
2282
0
0
340
414
95
0
0
0
13
0
117
1
0
15
109
0
0
0
0
0
2
8
0
0
1476
1448
0
428
423
0
668
36
5
84
0
68
64
2
947
0
588
36
31
0
737
0
0
290
2
253
13
0
153
64
0
25
12
1075
18
164
13
55
1
14
120
77
655
21
120
0
15
0
63
0
0
0
4
0
0
29
0
0
0
15
0
0
8
0
0
0
0
0
4
69
60
4
0
0
159
0
0
485
4
0
0
0
594
0
0
0
9
193
0
0
0
41
0
2
10
829
2
78
0
0
0
0
0
0
105
2
3
0
5
0
2
44
101
0
5
3
53
3
128
4
1
1
0
1
0
0
0
18
50
0
12
55
0
0
7
0
96
0
12
16
83
0
0
0
56
0
0
4367
4
0
9
25
32
0
550
703
82
120
19
0
150
5
2
126
62
636
0
79
0
0
441
0
0
2
22
200
0
24
0
1
0
0
0
1
2294
0
20
50
0
0
0
0
0
0
0
30
637
74
3
3
8
0
14
8
8
2
0
3779
107
33
118
0
49
0
6
79
0
2
0
0
0
0
0
29
67
8
19
217
56
60
8
0
8
214
861
0
2
2
3
1862
217
16
3
0
0
0
18
75
4473
99
1
247
0
2
8
220
39
0
2
0
68
166
0
8
1
0
4
13
16
4
452
129
4
0
4
0
231
3
0
18
36
0
0
4
373
900
0
2833
14
154
0
258
0
3
0
777
5
137
0
2
0
10
0
0
0
273
33
2
0
83
0
2
1228
30
1
0
0
0
1180
0
657
0
12
85
0
238
4
91
1732
0
364
9
45
0
12
120
0
0
0
471
412
0
0
0
415
0
0
0
14
17
0
5
0
3
9
10
0
28
1
0
0
725
0
194
4
0
0
0
9
0
0
14
0
0
2
0
52
0
0
15
69
103
0
288
23
0
0
72
2
26
0
0
0
233
0
1
0
0
27
0
0
164
107
3
6
0
2
168
0
118
0
3
0
0
314
0
0
0
493
10
0
12
9
5
0
46
808
0
0
0
156
100
7
32
0
7
0
20
0
6
0
0
7
37
37
0
0
0
0
0
7
0
2
13
2
0
166
0
8
0
17
2
0
2
0
0
1
41
0
32
1
0
23
3
24
45
0
0
0
1
93
0
5
1
0
0
0
0
2
5
0
2633
11
0
0
148
496
25
0
10
29
31
29
0
41
63
3
0
45
0
0
9
2
0
3
0
269
0
32
0
1
0
2
55
33
17
132
93
1
0
31
296
0
0
0
0
0
1
757
93
0
335
0
116
0
0
15
2
0
0
0
0
2
0
2
0
0
0
437
16
1
0
0
67
0
0
3
0
159
0
7
27
0
0
4
89
9
49
0
134
4
75
0
1
8
66
42
455
7
0
0
0
0
31
0
0
0
0
0
0
119
0
7
0
4
7
0
7
12
6
0
0
0
10
1
0
10
0
17
0
23
1
154
9
22
105
0
0
33
0
38
0
0
0
119
2
60
122
3
27
289
17
0
0
22
328
2
0
1
0
499
0
3
0
11
23
12
17
0
0
7
0
0
1
30
8
49
0
2
313
0
0
47
7
1
1
121
0
0
3
0
2
78
29
3
0
0
0
0
35
0
485
0
7
27
4
248
37
6
0
0
289
6
202
106
0
0
65
0
4
0
332
374
121
0
0
0
19
2
3
65
5
1
0
0
0
0
0
3
0
155
0
15
94
0
11
0
8
0
48
0
0
0
83
16
0
0
11
1
0
0
0
0
4
0
0
4
0
1753
22
186
0
0
0
7
0
71
0
0
11
585
0
3
1
201
46
17
1
0
54
1
5
9
1621
0
1
17
4
0
98
141
0
0
0
0
179
3
38
191
4
0
28
19
0
0
1
0
12
580
233
0
0
0
46
0
0
0
0
0
8
18
0
32
0
46
0
1
383
25
0
3
9
0
13
4
0
10
26
161
25
229
0
0
0
7
81
0
3
2
0
0
0
0
0
0
7735
278
1
0
0
203
2589
0
5
0
0
432
44
0
725
31
0
0
684
5
0
28
0
4
0
236
0
1
1
0
0
1
0
1
0
0
389
0
0
3970
2
1
0
0
0
0
13
0
0
36
0
3
242
0
0
13
92
43
0
126
1
1
1
0
34
0
45
0
0
1
532
2
89
0
0
0
75
11
30
15
67
0
3
26
10
0
0
0
0
0
2
0
36
203
0
0
0
0
0
5
1
0
915
0
2
0
909
162
60
1
43
0
90
3
0
43
398
0
0
0
6
8
243
0
0
68
0
3
0
0
21
6
0
0
64
8
49
0
0
67
0
31
0
0
164
0
28
249
6
29
0
5
128
15
7
29
0
1
0
48
93
0
94
0
99
66
2
0
29
88
29
0
0
0
44
310
296
10
1322
0
65
0
633
7
672
211
0
7
0
135
2
0
175
7
13
43
0
24
0
0
0
10
0
0
131
125
153
0
0
650
12
51
0
70
56
182
380
0
0
0
2261
0
249
0
0
87
0
2
0
0
0
0
6
0
3
4
5209
7
12
0
0
57
1
175
1911
94
0
190
51
350
0
0
0
0
41
0
0
0
184
0
103
66
276
0
94
2
92
1
459
0
0
0
154
275
140
12
701
0
0
0
442
31
0
392
0
193
2
0
2
49
0
2
0
0
1
0
97
6
3
209
0
31
2
0
0
120
0
0
0
1
0
0
0
5
17
0
89
34
5
174
0
0
0
1153
572
9
305
0
0
81
0
70
270
0
59
157
2
183
26
6
0
63
0
0
301
6
0
507
0
0
83
227
2
0
0
1
250
2
44
9
346
178
23
0
0
4
18
1
600
12
54
2
56
33
17
0
940
190
0
452
0
7
0
0
29
13
6
172
179
513
2
391
0
4
0
0
0
40
72
11
440
7
108
561
114
9
23
2
4
0
0
61
0
0
0
0
0
0
358
0
161
242
0
0
1
68
0
59
7
0
13
0
0
0
0
67
27
327
0
7
0
0
1107
5
0
1060
0
31
157
0
27
0
0
5
5
13
175
282
16
142
74
242
0
49
14
0
0
4
31
0
0
141
0
176
17
4153
0
3
108
186
8
0
103
0
0
14
0
145
922
194
16
27
3
25
1
0
10
11
20
118
65
8
32
5
0
0
4
0
203
76
78
0
0
0
0
1
0
5
0
179
6
22
0
0
0
0
0
48
4
0
7
4
0
645
45
1
0
0
0
150
0
0
199
133
1
52
0
0
386
44
0
0
68
0
0
0
0
4
0
117
340
60
3
0
290
0
0
5
61
0
754
27
88
0
1
0
5
0
22
8
20
241
26
0
7
0
0
897
315
94
0
19
0
0
16
42
1854
0
1
0
9
12
9
25
0
1
30
0
113
691
477
0
23
667
452
125
75
0
0
1
38
6
0
3
26
0
12
0
15
0
0
0
0
19
0
2
22
0
31
4
272
58
81
18
178
0
2971
21
4398
26
29
0
0
106
0
134
269
1042
41
2
0
8
11
0
0
529
8
81
17
170
138
0
140
0
240
1044
178
31
57
0
2
0
246
256
2
2
1
79
3
163
9
0
9
0
5
0
0
51
198
0
0
13
3
23
181
45
2
0
0
0
22
0
0
407
1083
65
236
0
15
82
317
22
90
194
0
11
32
12
0
49
18
2
3
133
15
0
0
0
0
0
1
277
0
527
1022
73
0
306
111
4
0
250
3
0
0
0
0
0
2
2
40
0
0
150
28
0
197
0
0
349
400
423
0
0
2
209
230
179
29
2
357
78
3
55
18
31
0
17
678
11
272
0
0
0
71
98
40
290
3
140
3
0
0
0
2
0
0
1
50
0
5
9
0
0
0
254
1
0
2
8
45
0
13
32
3
0
0
1
130
2
33
50
9
0
0
0
0
66
0
6
7
0
57
3
1
0
0
490
472
442
57
0
3
3
327
0
0
18
110
2
0
5
3
0
0
0
20
24
67
28
4
0
10
8
15
0
41
47
15
0
4
0
92
1
0
0
20
7
0
299
0
0
30
12
0
0
60
0
18
245
67
707
0
0
1
6
4
134
2
481
0
1096
27
2
50
2
386
0
67
15
84
254
0
220
251
0
0
0
0
0
3
0
236
117
2
11
34
0
3
0
20
0
0
0
47
83
102
272
59
237
608
203
0
0
23
0
26
47
0
0
0
1
4
10
0
4
1348
0
22
41
24
4
0
0
0
13
6
56
0
0
293
0
17
0
220
44
384
0
98
0
0
1
0
70
0
53
0
5
0
0
28
25
0
0
0
2
1977
0
115
5
0
7
0
1
0
0
0
67
79
0
10
248
0
143
121
22
0
14
0
2436
208
7
128
0
3
0
0
0
1
0
567
3
51
40
19
0
10
0
13
0
3
8
5
3
1
0
0
0
43
0
52
0
0
0
0
317
1
0
1
15
0
0
0
0
0
0
0
854
69
295
4088
1669
0
12
0
150
0
0
0
117
155
6
371
0
0
0
0
357
9
21
0
273
27
20
563
6
0
147
360
30
34
0
0
4
0
0
0
0
0
3
33
0
0
0
0
0
0
0
2
112
8
50
21
0
3
0
0
0
0
139
336
0
0
0
0
0
0
70
139
0
1
0
0
4
0
0
0
16
0
0
0
0
0
2
3
41
18
0
0
0
1
0
1043
176
0
509
14
0
0
38
133
370
2674
18
20
0
3
0
0
57
0
14
0
0
0
0
0
0
102
5
0
0
0
0
0
0
0
12
112
0
171
34
1
0
0
0
2
10
0
0
665
0
0
0
28
69
447
1
54
1
82
0
0
0
0
0
105
5
0
0
57
6
0
5
0
0
0
30
0
18
3
0
0
0
0
0
0
0
809
19
668
0
0
0
0
0
0
0
0
0
0
0
0
12
0
0
0
1
0
0
0
0
0
0
22
5
271
0
0
4
0
1539
79
84
41
483
137
421
348
74
3112
11757
301
0
12
12
0
0
0
293
230
52
0
0
1
91
0
0
0
28
0
0
14
6
46
39
3
0
0
0
2
3
0
0
8
3247
7
104
0
0
0
2
9
36
0
6
18
0
0
0
0
184
238
0
0
1
0
104
23
3
2
3
0
0
0
0
0
0
0
0
2
96
8
1
0
307
302
191
174
2091
0
0
8
0
0
0
0
1
0
0
0
231
13
0
0
0
3
5
0
0
0
0
0
44
8
0
0
0
206
19
116
13
10
159
2
294
361
3
0
0
0
0
0
0
0
0
29
3
64
0
0
0
0
0
1
0
0
0
2
0
0
204
22
783
3
1868
3249
261
0
0
4
14
0
83
0
0
3
205
54
0
0
80
860
124
48
0
6
2
249
0
0
0
0
1
0
2
0
2
0
0
0
0
0
1
0
0
0
0
0
16
0
0
6
47
0
0
0
86
0
0
152
0
5271
323
20
12
0
104
0
0
26
2
3
1
0
0
1
0
0
1
0
0
126
82
0
433
2
27
0
0
0
0
0
0
0
0
0
598
548
3
0
13
4
0
0
0
2
14
18
0
0
0
0
2
64
0
0
5
0
8
0
0
0
0
0
0
0
0
25
0
0
0
0
0
0
0
0
0
0
0
0
0
0
0
0
2
0
0
0
0
0
0
0
0
0
0
0
