24_BitC_3_2
0
0
12
1020
34
171
35
0
4
3
0
210
21
255
2
0
272
2
0
67
878
33
3
5
0
429
0
13
0
9
16
7
0
127
2187
60
0
0
17
1
2
0
0
2
0
2067
0
161
0
253
0
109
0
310
0
12
665
44
0
1257
10
4
0
1
1
27
1
353
18
9
1127
535
42
7
32
0
1010
5
6
0
0
0
8
27
1093
0
39
162
15
18
521
0
309
0
0
665
22
0
80
0
29
0
3
583
132
0
0
0
0
821
0
0
14
0
1
0
0
114
156
722
7
21
0
176
71
743
702
0
1391
19
1
0
15
104
0
0
3
88
37
0
0
6
13
0
534
96
103
27
56
27
30
1
25
0
0
746
0
1
0
813
0
0
0
0
105
118
27
189
0
0
0
2
155
3
0
64
59
2
0
46
559
490
0
214
28
139
136
2
85
0
0
385
75
11
0
77
0
0
1
42
20
4
4
15
12
0
10
85
20
10
0
0
13
0
0
8
70
16
0
9
227
0
1
307
0
2
4
129
10
59
0
0
79
286
163
6
477
10
0
0
0
0
4
412
0
35
91
1129
2
0
65
175
7
0
621
51
0
0
0
28
154
1709
15
2869
57
3
0
1
172
27
5
783
0
0
51
2
0
0
609
107
418
89
0
953
1
862
0
0
0
111
0
0
2
3
0
0
69
0
193
1
0
3
0
27
259
0
180
7
2822
0
0
0
2
0
0
77
0
88
158
0
35
0
343
106
0
134
55
16
0
11
260
201
172
1
0
370
14
11
0
0
970
243
60
861
0
24
73
45
183
0
919
0
32
46
18
23
457
252
35
0
5
11
0
742
0
0
0
229
432
5470
149
750
29
1
0
1
11
5
0
265
0
32
0
0
2063
0
104
13
26
0
201
3
0
92
470
42
50
0
319
94
12
0
0
0
2
116
7
0
0
0
0
55
17
2392
13
194
0
92
1
1
1630
196
13
0
44
0
11
487
124
0
110
11
16
1
18
0
159
0
0
0
0
0
170
787
0
5
618
162
135
2
0
0
13
11
0
1
0
1
0
0
3
0
0
0
0
24
47
0
529
0
24
0
596
0
0
2
24
0
308
60
449
38
196
1132
592
15
0
1
9
0
74
49
51
81
0
65
0
4
0
1
12
0
927
22
34
268
12
1
33
0
6
0
8
491
9
345
44
0
13
0
776
360
0
494
0
117
6
14
8
25
66
77
512
0
0
130
337
168
146
0
0
0
8
0
295
103
0
0
75
4
0
0
21
0
0
0
6
0
0
1
0
1085
0
195
0
103
0
0
0
186
477
73
9
227
3
207
144
36
0
41
2
86
2
1523
0
14
3
20
0
1733
3
12
0
257
0
449
186
21
7
4
54
1
0
0
0
123
0
0
0
0
976
3
64
330
0
0
136
3
26
10
0
10
0
8
0
14
42
0
2
3
18
0
0
58
0
29
120
195
76
37
1029
12
0
4
0
0
0
4
0
131
496
76
8
137
13
71
0
0
317
40
0
67
0
0
275
0
364
100
0
2
4
0
117
0
0
3
203
0
0
0
0
332
6
277
6
23
0
0
0
1
80
143
23
341
0
34
51
3415
0
19
0
2
12
0
76
0
2
4
58
87
5
38
0
22
0
0
32
20
125
0
123
1406
6
25
3
488
352
0
0
231
491
15
83
0
852
0
0
0
0
92
175
5
20
24
24
0
50
0
52
64
76
0
182
0
168
0
0
0
0
0
0
479
519
1
0
162
4490
0
326
61
173
170
107
37
0
0
178
2
0
23
2
3
219
0
0
965
21
101
12
39
147
155
6
107
39
0
0
0
482
0
155
3
4
116
31
2
0
4
17
3
0
1
6
0
40
12
0
8
0
204
86
242
30
17
0
337
0
0
0
0
19
0
218
14
0
0
0
0
3
0
12
54
7
6
0
3
3
87
137
0
8
1
1
0
0
303
0
201
380
356
3
326
74
135
161
1
19
231
0
98
81
2
560
4
140
103
178
0
0
283
0
0
17
20
154
497
6
0
0
5
0
2
356
233
7
0
0
0
1443
2
0
816
4
152
0
34
1
0
401
28
182
191
55
1
0
12
0
0
124
1415
892
0
0
4
4
310
26
0
30
41
0
11
67
91
20
0
254
3
0
315
7
0
0
0
256
0
69
124
34
88
63
5
14
0
0
5
39
272
318
20
0
119
6
0
818
176
0
28
2
295
0
0
8
244
0
21
0
0
5
1
0
0
0
129
114
64
1
0
29
18
12
0
0
360
16
25
32
6
11
0
0
47
28
0
1577
53
124
668
0
102
0
0
28
0
1116
50
22
0
857
260
138
25
861
0
62
0
0
2345
0
0
0
0
197
0
0
0
0
74
440
458
899
53
0
0
0
31
30
27
7
0
0
95
935
460
104
32
0
0
10
140
0
0
0
3
5
0
977
346
1953
802
0
0
1
0
0
67
0
0
5
136
10
35
0
5
1164
413
0
269
991
27
49
41
45
0
0
135
5
2
9
0
0
0
3
0
19
17
4
0
0
0
0
1173
315
0
0
4
0
84
0
0
0
0
80
35
0
154
3
0
72
4
71
582
0
271
65
3
2
12
13
3
0
0
0
209
734
38
139
71
100
194
39
103
139
0
15
264
30
66
0
4
4
0
2
821
12
112
0
0
83
60
1
6
262
69
77
159
1
125
297
0
28
2
11
0
11
0
3
1288
264
110
0
0
301
0
0
0
70
13
1166
1244
0
21
2025
15
141
115
41
70
669
266
0
0
14
0
454
10
269
1
418
0
352
0
190
610
44
0
363
0
0
52
0
294
403
0
0
1
478
0
560
0
0
1
25
0
164
0
0
5
0
0
0
0
19
0
36
13
64
0
402
104
2
210
663
0
0
1859
2
1
0
60
34
74
0
73
0
5
0
109
15
0
3
242
0
4276
0
0
0
21
0
145
25
144
47
0
31
0
39
0
2
133
90
19
0
2
142
0
134
1006
41
0
0
5
0
422
22
0
58
10
9
14
0
19
0
3
3
480
0
525
6
0
9
7
0
46
0
81
0
13
97
0
25
1
213
0
0
0
59
0
5
0
72
7
0
0
31
2
0
108
2
166
3
0
0
29
0
1960
0
2
3013
11
280
0
106
26
39
0
0
0
192
56
0
0
1
31
33
0
0
10
0
0
14
0
55
0
0
6
17
143
5
0
0
4
109
1138
121
0
0
0
48
0
0
350
411
11
25
3965
0
52
157
37
48
24
869
0
2
61
1979
42
10
39
42
275
0
0
187
43
18
247
9
204
7
252
164
66
0
34
0
26
0
0
0
0
316
0
21
0
969
0
28
620
19
27
0
0
0
1
17
0
182
0
6
225
29
0
3
0
0
39
0
118
3
4
38
0
7
0
0
15
0
0
21
0
0
7
0
0
0
0
0
0
9
472
6
121
2
91
137
39
3
0
56
1
1284
43
0
2
0
3
3
16
1376
82
276
0
670
15
245
465
0
0
0
1210
0
51
77
6920
3833
0
0
0
25
1
13
0
0
58
0
7
1153
339
486
2
2
134
0
8
0
27
256
87
752
0
1269
0
81
8
28
144
0
7
0
2
1
0
0
0
549
149
0
2411
83
0
0
5
111
287
230
29
552
2377
4
299
0
86
269
113
269
247
0
24
2
241
53
0
0
91
6
30
0
0
43
98
353
0
24
0
21
271
0
723
0
0
6
0
2
197
3011
0
215
0
0
2
298
0
133
0
33
2
1
1005
18
0
31
1
6
4
3
320
0
5
0
5
0
0
23
111
30
2
0
8
31
0
0
6
34
2
10
18
2
15
30
69
0
0
0
0
22
0
3
0
0
108
66
9
258
3309
24
380
180
1454
0
31
0
117
7
0
854
0
126
50
0
0
0
0
479
46
0
37
131
0
79
0
0
0
0
42
0
0
2477
365
0
0
283
547
147
0
0
14
0
27
2
662
0
126
1
0
4
3
58
0
0
0
0
27
0
0
0
2
36
416
40
11
0
58
38
31
13
11
21
34
6
149
0
31
4067
647
0
144
2
0
3
1801
53
0
0
0
0
10
315
8
0
0
19
0
0
0
0
0
5
161
0
0
114
84
583
371
35
269
0
0
13
1
15
0
0
0
0
204
71
0
413
34
397
18
0
0
50
41
9
89
0
2
56
150
0
0
95
0
1
0
265
0
0
16
0
37
34
0
13
1
0
55
195
0
0
1
0
25
867
38
2
0
181
0
210
38
335
0
18
1187
400
1
2
3196
479
244
2187
57
0
4
0
0
4
2
65
0
6
0
0
105
886
10
0
0
0
0
0
23
30
159
0
1
6
9
9
4
152
850
120
340
237
4
0
0
0
234
2
1
2
36
14
4
33
5
0
0
3
35
22
220
4
0
0
0
1
4
0
0
89
1
0
0
11
0
59
0
0
56
114
0
2
0
342
0
213
4
0
19
2
0
0
0
0
726
2
1
14
52
0
82
68
18
0
5
0
0
0
0
163
0
534
276
725
22
0
71
32
2
2
6
203
62
0
3
0
1081
0
32
0
0
0
14
0
46
3
0
0
287
1
148
94
36
159
29
0
0
3
0
4
46
255
56
0
8
0
31
2
0
0
134
0
19
0
0
51
14
7
74
23
470
14
2
142
0
635
0
1
1
25
16
45
92
351
0
469
35
0
0
6
0
0
3
171
372
18
2
63
1
1
7
1
8
0
6
123
14
0
1388
211
0
305
0
30
7
0
3
178
0
86
0
0
8
22
4
0
3
7
713
0
119
186
4
0
1264
19
0
0
3
4
12
5
1422
78
142
0
0
0
0
0
0
8
52
0
0
9
0
16
2
0
24
23
2
0
0
5725
0
5
0
13
33
301
382
1446
0
2611
13
3
1
6
2
23
924
4
295
537
0
5
84
0
128
1
2
1
567
0
17
97
0
0
835
0
89
249
0
0
36
233
0
10
226
255
0
1024
0
518
0
2588
9
0
97
0
19
48
537
15
205
5
15
0
1392
188
44
12
369
0
128
19
487
116
0
100
0
66
121
171
2
2
4
0
12
111
0
11
1493
37
460
208
0
0
0
3
36
65
0
53
127
7
414
663
0
103
156
15
0
0
2
0
646
0
91
0
117
25
1
0
0
0
0
0
977
1232
0
3
95
0
6
0
39
14
193
11
0
0
171
405
0
17
0
0
0
0
291
280
2
0
1026
7
271
189
27
30
1
6
23
0
2
0
0
4
11
4
97
240
2
0
36
302
0
0
24
0
0
0
576
95
38
0
0
1014
0
433
468
1
1
57
0
0
0
16
123
15
0
0
0
5
11
56
0
3
0
90
6
0
0
0
5
0
151
103
17
1
0
380
1638
7
135
0
8
0
19
6
3
409
0
0
17
110
49
1
0
0
1
99
2
22
0
162
0
561
0
6
8
35
2
4
0
8
0
0
5
86
14
0
26
0
4
17
4
7
0
0
229
0
3
0
59
14
12212
0
24
140
130
0
36
2
0
0
0
279
61
446
3
133
0
0
172
0
0
68
0
248
885
0
37
0
74
0
899
4
315
68
0
0
0
0
0
0
4
0
0
0
4
0
0
8
430
152
65
0
0
112
18
0
79
685
5
203
57
0
635
88
0
93
0
0
0
358
20
241
0
9
0
0
18
587
313
0
216
31
10
0
0
103
138
0
287
0
0
236
3
72
51
6
41
4
0
235
467
6
5
9
0
1
0
0
120
197
151
0
8
0
141
0
0
201
0
47
26
0
588
47
5
87
11
0
3
472
132
0
214
1
69
295
2
20
2227
162
0
0
6
230
71
0
2
6
4
0
0
0
39
36
0
27
0
0
2
0
0
264
0
120
0
0
27
4
150
0
2
0
1
218
206
41
6
0
0
104
0
0
0
4
903
1646
0
0
1425
10
29
513
0
176
0
0
2
502
8
0
8
37
68
30
0
0
0
0
0
875
4
0
714
2
62
11
1294
326
0
0
209
1196
26
1180
323
0
23
35
362
0
16
16
21
9
0
0
0
314
3
5
624
0
1139
0
0
12
0
4
0
128
183
1
646
10
85
0
55
1029
2508
1
23
84
6
593
139
0
16
0
195
4
0
0
102
121
0
1423
2
17
13
396
0
69
235
832
25
61
181
0
467
3
373
301
5
1160
0
199
110
87
160
6
1
4
0
0
27
65
5
0
135
0
1
20
5
0
0
2632
154
68
157
70
107
8
0
0
5
0
551
0
16
0
0
0
2169
0
109
198
0
355
0
12
305
20
11
832
0
0
124
0
3
0
0
15
0
0
0
29
140
19
0
5
0
0
158
0
0
0
1081
170
569
257
1
582
39
0
0
78
0
0
1
0
5
15
142
3
0
13
0
0
0
11
4
23
574
44
58
1
36
4
4192
0
0
6
54
0
3
94
0
92
0
77
65
0
610
147
11
103
65
0
0
350
240
920
44
0
0
73
0
0
0
0
1313
5
2054
239
65
77
229
4
3
0
0
24
0
190
0
0
166
76
2
97
2
332
14
0
3
88
0
33
0
73
7
109
49
0
1069
21
0
28
10595
2
57
960
277
349
317
223
640
114
1038
0
960
1620
0
26
12
9
0
0
156
0
142
101
1451
0
12
184
113
0
1431
83
38
0
0
1
1
1842
3
2
400
0
296
0
20
11
0
596
42
1
0
693
74
0
0
0
0
158
1
60
3
994
13
118
30
416
0
0
61
621
0
4
1
105
128
45
1
22
243
84
0
0
115
36
146
0
0
2
38
0
51
40
0
105
0
0
0
0
0
12
0
0
32
1
0
0
7
1
0
7
753
10
3
0
2688
0
0
2
0
0
44
0
50
3
0
58
2
0
0
0
2
0
142
24
0
0
0
61
0
0
0
131
46
0
0
0
90
0
0
0
28
0
0
1
0
4
0
0
0
0
99
0
0
36
1402
0
0
8
0
1
174
17
137
3
4
6
0
34
0
0
0
25
0
47
0
0
0
0
6
0
35
0
0
233
22
0
253
25
0
1715
77
11
1
24
215
0
0
8
0
0
23
20
97
0
186
10
0
3
1651
294
3
0
144
0
3
54
0
20
6
1
8
0
0
0
0
363
0
0
0
2
504
0
231
10
9
0
0
27
822
296
261
2
0
4
0
0
0
5
2
0
225
2
0
73
2
0
0
0
0
92
1633
28
2
0
7
0
0
0
2
0
0
0
0
0
0
0
0
0
14
0
0
7
18
0
0
0
55
1
54
0
0
2
2
0
0
0
16
0
0
0
0
0
0
124
0
0
6
8
209
4
0
0
0
2
0
0
1
0
7
0
0
0
0
0
6
0
11
0
0
1
14
2
0
0
0
3
0
5
0
0
1
0
0
0
0
8
3
2
0
794
0
0
0
23
0
0
0
0
967
0
0
64
44
0
1
40
0
0
0
0
0
0
0
59
116
0
0
0
4
242
21
0
33
0
0
0
0
0
0
0
0
0
0
0
28
0
0
0
990
0
5
0
0
0
4
0
0
48
1
48
0
39
0
3
0
2
0
0
156
0
0
0
0
5
0
0
0
0
54
1
0
31
0
6
56
0
0
0
4
40
0
51
0
0
0
84
0
5
0
436
0
0
2
0
7
0
0
0
0
32
0
0
0
0
395
0
0
513
240
0
2
55
64
0
0
0
0
0
72
0
0
40
0
54
3
0
0
0
8
0
0
0
0
0
84
0
0
498
6
0
0
0
1
30
0
2
0
0
0
0
0
2
0
3
0
2
2
97
0
75
0
0
135
0
0
0
0
0
201
0
0
3
0
0
0
0
0
0
17
0
0
22
0
0
30
1
0
0
0
32
5
2
0
44
0
0
9
0
0
0
11
0
1
0
0
3
0
0
1
3
0
0
0
0
0
0
0
0
2
0
0
0
0
66
2
0
19
9
0
0
0
0
21
0
0
0
0
0
0
0
0
0
0
2
0
0
0
0
40
0
24
0
0
0
0
131
0
0
0
102
0
0
0
0
0
8
0
5
0
3
11
0
0
0
0
0
0
0
0
0
0
0
0
1046
0
0
0
0
0
0
0
0
0
0
0
14
35
0
0
5
0
11
346
0
0
0
0
0
0
2
0
0
0
0
0
0
5
0
218
125
0
0
0
0
0
0
0
0
403
0
0
0
0
0
1
0
5
0
445
16
0
527
0
0
33
0
2
0
0
0
0
0
0
0
0
0
0
1
0
47
1
0
0
0
0
0
0
0
0
2
121
0
0
2
99
16
0
132
0
62
0
0
2
0
4
4
0
0
0
0
0
1
3
9
0
0
3
66
0
6
414
0
0
0
10
2
0
0
0
0
0
0
31
0
4
0
0
140
0
0
0
0
10
0
1
0
0
0
0
0
0
0
0
59
4
0
0
1
180
432
0
0
0
2
7
5
0
0
0
0
0
0
0
3
0
32
0
0
5
0
14
67
0
1
1651
0
0
0
0
313
0
7
0
0
0
0
0
5
0
0
0
214
2
6
2
0
10
0
142
0
0
0
0
0
0
0
0
0
0
0
8
0
1
2
0
0
369
0
0
0
0
0
0
0
0
1339
0
115
0
0
0
0
0
0
0
0
115
0
0
291
0
0
104
23
707
0
1
0
0
0
54
0
0
0
0
322
3
0
0
0
0
0
0
0
8
20
18
0
0
2
0
0
4
0
1
12
52
1120
0
4
6
17
1252
0
382
2
0
0
161
0
0
4
10
15
0
1
0
0
44
0
1
1
67
0
0
0
0
0
0
0
19
0
0
0
0
14
0
22
0
0
9
0
31
0
0
0
0
0
583
0
5
0
184
0
0
15
0
0
3
0
2
0
0
81
0
6
1
4
66
708
157
0
0
0
0
0
0
0
0
291
0
30
0
0
0
3
0
710
0
494
0
0
9
0
0
5
0
0
0
1
2105
3
0
0
0
0
0
57
0
0
0
33
1
141
9
0
6
2
688
0
0
0
21
0
0
0
0
0
1
0
0
2
0
0
0
0
170
0
0
0
0
191
1
0
0
149
0
3
0
30
294
0
22
0
0
0
0
0
2
0
0
776
0
8
0
0
0
0
0
155
118
0
3
33
3
432
0
0
2
0
1
0
0
8
1
0
0
0
25
18
0
0
0
0
3
0
0
0
57
13
0
0
609
0
88
50
3
0
0
0
0
1
1
1
0
83
4
0
3
39
0
0
0
0
0
0
0
0
0
0
1067
0
2
4
0
0
0
1352
20
3
15
8
0
0
0
4
5
0
42
0
0
0
0
0
5
0
0
0
1
0
0
150
0
0
0
0
776
13
0
0
0
15
0
0
0
0
0
10
29
2
0
0
0
0
202
0
162
3
0
3
0
0
1293
59
0
0
44
164
0
130
26
0
1
52
0
0
0
0
16
37
36
0
0
0
0
0
0
1
0
0
0
0
0
0
206
66
0
562
6
0
0
0
0
34
0
0
0
0
0
0
0
3
0
8
42
5
178
0
0
0
2
0
0
0
0
282
0
0
0
42
0
0
0
0
0
0
0
1
0
0
0
0
1
35
49
0
0
0
2
0
0
152
0
629
0
0
0
0
0
0
0
411
0
0
36
6
0
0
3
0
1
552
0
0
7
0
0
0
0
0
16
55
7
47
0
0
0
0
23
104
0
0
0
0
0
0
0
0
217
349
25
0
167
0
0
0
0
0
3
11
38
761
0
0
0
0
0
0
184
0
0
0
0
0
3
11
0
0
0
0
0
0
3
17
0
0
0
0
161
0
0
0
0
1
11
0
0
0
0
26
0
2
156
0
0
0
0
0
0
10
0
2
0
0
2
13
0
0
0
0
24
0
1
0
0
0
0
0
0
83
0
0
7
24
0
0
1
21
0
0
15
0
0
154
0
0
0
1
235
8
2
0
36
0
1
5
2
18
10
0
0
0
58
0
140
0
0
62
0
127
0
659
86
0
0
7
0
61
1
0
0
0
8
0
4
0
3
4
0
0
0
36
181
162
0
7
0
0
1
0
19
0
0
0
5
0
6
0
0
4
0
534
19
379
0
0
0
108
0
0
4
0
19
5
0
383
299
0
0
0
0
0
8
375
0
18
28
0
0
0
1
55
0
0
2
10
0
0
0
6
0
6
0
18
2
0
0
171
0
0
0
0
5
0
0
0
0
0
0
0
0
0
0
1
0
0
0
5
13
0
0
0
22
36
5
0
0
144
2
0
236
0
0
0
0
537
2
0
0
0
62
758
0
851
0
0
0
1
0
0
0
3
0
5
0
0
0
1
0
0
42
0
12
0
2
0
0
0
0
21
8
33
0
0
0
0
252
0
0
47
0
0
14
5
3
424
19
0
0
0
0
0
0
0
0
294
0
0
0
52
74
0
0
0
0
77
146
8
0
0
31
15
0
2175
1
11
2
0
59
0
139
449
45
163
0
0
46
0
319
0
0
40
0
0
0
0
0
0
0
679
0
0
0
0
0
0
1
0
1
1
193
371
0
1
0
0
0
52
2
0
95
60
0
2
3
0
0
84
0
0
0
2
0
1
0
1
0
0
0
0
11
391
5
14
0
0
2
0
0
10
13
0
0
0
40
7
0
0
0
0
0
0
0
0
0
0
63
338
2
0
1
1
0
1
0
146
167
0
10
57
0
0
0
65
0
0
0
24
0
56
2
108
1
0
0
148
0
0
0
0
0
0
0
0
1
0
0
0
0
2946
107
0
0
0
0
0
0
0
146
331
226
0
0
164
0
5
1
0
0
0
0
0
0
197
0
7
47
51
4
0
11
0
417
0
0
0
0
0
514
0
13
0
0
758
65
0
0
0
1
0
0
0
346
11
0
153
0
2
0
82
3
0
31
0
0
2
0
0
0
20
2
23
63
0
0
0
0
0
0
143
0
1008
95
0
0
1
0
0
141
1014
0
0
0
0
1504
0
0
10
1
0
0
362
0
504
312
0
1
1
0
0
0
0
0
0
0
0
0
1044
0
0
0
44
0
0
0
0
0
0
0
0
1
56
0
887
24
0
0
0
3
0
0
0
1
0
10
214
1
0
1
0
100
0
0
0
0
43
0
0
5
0
0
26
3
0
2
1060
1
0
6
0
43
0
163
0
15
0
68
0
0
4
64
0
8
0
0
33
5
10
0
2
0
302
0
0
0
0
0
0
0
245
6
0
524
1
0
257
0
0
1144
4
0
22
0
0
0
0
0
0
0
0
1
0
0
10
0
0
0
0
0
3
10
0
0
0
2
252
0
0
0
142
0
0
0
0
0
3
0
0
0
0
0
4
0
0
0
0
0
0
10
150
0
12
0
0
656
1
0
0
0
127
0
0
0
0
0
5
151
2
7
0
0
1
9
783
16
53
0
252
0
2
3
0
2
0
17
2
2
0
0
0
1
0
0
0
17
0
191
0
0
33
1
1
0
0
0
888
28
1064
0
0
0
0
132
127
0
0
32
812
0
0
0
8
0
0
0
0
0
0
12
0
1253
5
6
3
4329
0
4
11
0
0
1
0
0
0
0
0
16
0
30
0
51
0
14
147
0
0
0
43
1
0
0
70
0
0
67
8
0
86
2
0
0
20
0
0
0
5
109
153
0
0
0
0
1
0
2
0
0
0
1
0
31
0
44
0
0
4
0
0
0
34
0
0
0
0
5
4
142
0
0
2
0
0
0
0
0
0
0
8
0
0
0
0
140
0
9
0
0
0
16
0
0
0
0
0
0
0
0
0
0
2
0
0
0
0
0
11
16
0
8
0
0
0
0
0
0
0
0
0
0
0
0
15
0
3
0
0
176
702
0
0
0
13
0
0
0
0
0
0
0
0
0
0
0
0
0
0
0
98
0
424
0
390
0
2
101
0
0
187
1
0
0
0
1
0
653
0
31
0
0
0
1
0
6
0
0
395
0
41
0
0
0
0
0
1
0
298
0
0
0
0
2
0
0
0
1
0
0
0
2
0
0
0
0
8
0
0
0
0
0
2
9
0
0
99
0
3
0
0
0
0
29
0
0
0
0
0
192
0
848
0
0
0
1
0
0
0
0
0
0
0
62
0
0
0
0
83
0
154
0
0
0
0
0
0
389
0
0
57
0
2
1
5472
0
2
0
0
13
0
136
14
11
40
0
0
2
0
9
64
20
0
0
0
73
0
0
4
1
0
348
0
0
0
1
17
0
427
0
17
3
1
0
353
3
0
36
0
133
0
1482
0
0
0
69
8
0
0
0
0
0
0
0
0
2
0
0
0
0
0
0
0
0
0
2
0
0
0
0
0
224
0
107
0
0
0
2
0
0
0
0
0
90
0
0
0
2
0
2
1
0
0
0
11
0
0
0
2
0
0
0
0
1
0
1
50
4
0
0
0
0
0
134
0
0
0
0
0
0
0
0
2
0
0
0
0
0
0
0
3
6
2
3
9
0
0
0
0
0
0
0
0
0
2
0
0
3
2
0
1
0
2
0
0
0
0
0
0
0
0
0
0
0
0
0
0
0
0
0
0
0
0
3
0
35
0
0
16
0
0
0
12
0
0
1
0
104
254
0
32
0
1
0
21
0
0
119
0
2
0
0
7
0
0
0
0
1
0
0
0
0
84
0
1
1
0
0
0
2
0
199
0
0
30
22
12
0
0
0
0
0
2
0
0
0
1
0
20
0
0
0
0
0
0
594
3
0
0
0
0
0
9
0
10
3
0
0
8
0
0
0
0
0
3
0
382
4
28
0
12
0
0
1
116
0
0
1
0
0
0
1
291
0
0
0
0
0
504
0
7
199
37
0
0
1
2
0
0
5
0
0
0
4
0
0
0
1
0
272
2
0
0
0
1
0
169
0
0
0
0
0
0
2
0
0
21
0
401
0
0
0
278
0
0
0
0
0
0
21
160
0
3
9
0
0
0
0
0
26
1
0
0
0
4
26
2
2
2
0
0
2
3
2
0
0
0
0
0
3438
33
44
0
10
1
0
66
2
0
5
0
6
410
8
0
0
1
0
5
1
0
0
3
0
0
0
8
132
3
0
317
0
253
24
240
0
0
0
0
0
4
1
1
226
13
2
80
1
36
2
0
112
158
41
405
4
0
0
150
9
0
5
17
2
0
3
1
22
179
5
72
0
10
0
37
0
3
0
0
65
0
0
0
359
0
24
0
0
0
0
0
64
0
90
44
230
0
12
0
0
0
0
1
63
12
66
20
19
0
23
1
33
0
5
211
10
0
0
89
0
86
11
1365
171
0
0
1
47
1
0
6
0
0
0
0
1
281
0
291
0
477
0
0
0
0
0
13
13
0
0
0
0
2
0
0
0
56
48
5
0
0
531
0
0
10
0
0
4
0
0
256
0
3
0
0
0
6
6
68
0
0
162
0
22
0
24
0
2
0
45
0
0
50
0
0
219
192
4
6
0
6
0
0
11
0
0
0
0
1
391
0
0
3
9
0
12
0
0
0
0
0
301
360
0
3
258
0
256
0
150
7
104
0
20
0
0
7
322
0
59
0
0
4
205
0
0
0
22
0
22
0
5
0
0
0
0
0
0
154
0
0
0
0
0
0
0
0
0
51
0
0
0
0
0
2
0
0
2010
7
221
2
2
0
0
17
53
0
446
9
0
0
9
0
0
36
0
3541
42
540
0
0
103
26
55
3
3
0
1894
1
213
91
171
0
170
0
44
763
440
1
0
0
0
976
2
2570
0
0
0
0
3
67
6
6
0
0
0
59
0
69
16
7
82
363
2
401
2
3
0
163
50
9
0
112
49
0
150
0
24
54
0
2
0
21
0
0
0
3
0
164
0
0
6
1166
0
1
4
25
0
39
104
56
2
0
133
66
0
0
0
3
0
0
0
0
0
4
0
0
20
0
0
0
306
59
48
0
2
0
0
0
193
0
2
53
0
47
0
0
236
70
1
139
0
0
0
0
135
3
31
0
0
0
0
0
0
2
6
0
136
61
5
0
9
244
71
0
0
423
9
37
0
1
0
189
2
0
31
0
0
0
20
411
0
56
0
4
448
19
13
10
26
0
2195
22
0
25
4
8
439
1
0
33
43
377
0
104
635
0
0
5
36
75
4
196
0
0
0
6
0
0
20
59
0
0
111
1
128
5
0
29
0
0
0
0
0
75
0
125
75
0
1
1
0
0
2
0
569
19
440
1189
728
8
0
16
5
0
9
0
0
0
336
637
0
151
0
0
1
486
0
0
50
0
0
0
19
0
15
0
0
0
161
2
15
0
8
0
0
54
0
0
50
0
52
527
20
0
0
23
360
220
4
0
0
0
0
0
424
42
3
802
0
0
0
44
4
225
9
0
3
0
20
11
206
326
0
0
1
0
0
42
2
0
1
0
0
0
5
0
983
0
81
115
0
0
0
0
30
106
0
0
0
0
23
0
32
627
0
0
0
0
19
0
25
0
25
1
0
0
19
4
0
2
0
3
563
0
0
38
0
0
0
0
41
2
72
85
0
0
0
0
2
203
0
0
0
5
153
13
0
7
1
19
5
12
80
0
49
0
0
0
0
56
0
3
255
0
0
5
0
0
1
45
0
57
19
6
0
0
101
7
0
1
0
290
101
2
0
0
0
0
0
80
11
0
2
13
3
0
0
0
0
0
115
0
2
0
2
0
0
0
1849
0
37
2
0
0
6
0
0
0
0
530
0
0
0
129
0
126
0
0
0
0
195
0
5
0
0
0
0
0
0
106
0
1
0
947
0
5
13
0
80
0
597
3
0
0
0
1112
94
0
118
6
0
1
7
3
150
0
13
9
1
0
0
0
0
7
0
18
478
44
48
0
0
6
0
17
0
0
320
888
0
70
0
0
0
0
0
1
205
0
0
42
2
296
17
53
0
0
122
347
7
34
0
669
0
12
0
0
0
0
0
15
194
682
108
15
10
0
0
0
0
113
44
0
0
1
371
0
0
54
0
0
96
64
0
152
4
8
882
0
3
49
2
0
0
0
0
669
5
5
0
0
0
1
0
25
0
1
351
1
0
0
1
0
0
6
0
109
15
10
1
0
3
0
0
0
873
197
1
15
16
189
0
10
14
0
0
5
0
0
0
0
6
0
3
0
0
25
0
0
235
15
15
0
0
18
0
3
0
0
0
4
0
0
1
7
0
3
42
2
0
0
0
0
0
0
0
71
8
0
0
7
0
0
0
0
0
10
49
0
0
15
5
755
0
1
25
53
7
7
0
0
0
0
0
0
0
0
6
3
1
22
31
0
0
0
15
0
157
1
0
0
594
33
0
0
4
54
26
0
0
51
721
0
8
0
72
24
1196
124
254
0
7
337
6
0
491
0
0
8
39
0
0
17
0
0
92
0
6
1
12
1
0
6
0
0
0
0
15
0
1
0
0
0
89
61
64
8
0
0
5
234
0
75
137
0
0
0
0
10
0
0
57
0
63
0
1
7
50
1626
0
0
5
1
2
0
43
30
714
0
7
6
8
0
0
0
0
1
33
725
0
0
0
0
0
0
71
121
0
34
2
658
72
0
0
0
206
1970
0
355
2
0
29
262
9
0
4
17
0
0
9
21
2
0
39
0
1
6
0
5
383
113
342
6
0
80
3
0
0
6
0
0
22
0
1
0
3
36
34
0
10
0
0
3
265
0
3
0
1
0
0
319
0
0
132
389
886
378
1
1
31
1
26
0
1
0
138
0
0
0
0
0
14
2
5
0
0
0
41
7
310
0
4
0
84
8
0
1145
0
2396
0
0
0
106
29
14
0
645
0
0
30
73
478
10
0
766
42
16
0
13
11
379
11
0
0
0
0
10
844
0
114
4
34
20
0
1
32
237
0
37
4
540
345
6
0
0
18
0
0
8
0
297
276
210
0
81
0
137
0
41
0
1
165
44
0
0
0
271
0
2
0
26
2
65
2
460
0
2
3
0
18
117
0
206
28
19
14
224
102
46
27
17
0
95
0
0
0
153
0
0
34
0
2
0
99
0
0
2
1
0
0
49
799
19
0
400
143
3
602
0
0
0
5
0
272
140
0
82
21
0
0
0
0
0
24
30
49
0
89
0
0
1
0
0
0
306
0
0
228
0
0
1
16
0
0
0
25
48
0
0
0
0
92
0
0
374
2
0
0
35
0
0
33
0
56
0
9
62
0
11
1
1
0
389
16
216
0
0
294
122
1
44
14
0
0
0
0
32
6
9
4
0
0
0
41
9
52
0
79
0
26
38
26
0
11
0
1
0
0
18
27
4
74
526
789
20
58
0
3
0
15
0
164
2
0
3
0
480
8
16
333
34
336
225
0
0
14
0
54
0
18
0
0
359
49
4
0
57
11
0
2
0
38
84
183
2
0
0
0
143
0
0
0
434
43
0
5
46
0
42
0
19
14
0
0
11
0
0
129
435
0
20
0
165
3
0
0
8
0
333
2
2
0
0
0
0
3
0
0
4
0
0
4
5
380
163
303
1
0
0
0
54
47
4
1
0
0
0
94
184
0
0
0
30
4
2
0
0
3
0
1
0
1
0
0
0
0
5
0
4
13
33
10
2
0
0
14
176
16
0
22
0
144
0
0
0
0
0
66
0
169
0
186
0
71
7
0
161
374
386
0
0
12
0
0
0
49
0
8
18
4
0
33
56
2
5
13
190
0
40
0
18
729
0
0
0
21
16
13
91
52
46
31
2
1
0
3
29
0
404
7
0
1
55
1
0
12
4
0
48
14
95
3
3
0
0
0
25
72
4
77
0
1
121
3
824
0
0
11
510
0
0
26
0
0
0
32
0
0
233
2
0
3
0
0
10
0
0
3
0
0
3733
1
37
2
0
0
3
234
7
104
129
126
1041
49
0
75
0
435
20
0
229
5
134
0
32
5
42
1
36
0
0
0
0
2
2
0
2
0
27
0
0
1
0
85
5
11
248
0
0
0
101
0
0
0
0
1
0
118
1548
0
212
0
0
36
47
7
0
0
12
6
0
0
0
143
0
0
1
25
0
1
0
0
0
2
7
182
50
73
3
0
402
0
2
3
0
0
840
0
0
5
86
0
313
76
10
0
3
0
0
0
2
0
0
216
41
149
0
103
0
0
6
1128
4
5
0
0
5
3
8
0
0
0
0
157
3
6
55
0
1
0
0
0
1
1
10
526
2
0
21
0
424
0
0
0
2
353
0
224
39
0
0
4
0
0
0
737
0
0
0
3
0
0
0
0
0
21
1
0
0
7
0
129
12
0
52
0
31
13
2
57
0
0
0
0
0
72
0
0
0
0
0
0
0
0
16
0
488
0
0
959
0
0
0
54
0
0
14
177
11
144
0
4
16
0
0
0
0
4
0
0
21
6
0
0
0
0
0
0
0
0
1
1
1284
0
13
306
2
0
0
0
8
0
0
295
0
0
480
2
0
4
0
298
0
0
0
0
0
1
31
33
0
0
3
5
3
0
255
0
45
0
0
19
0
0
0
40
8
8
7
48
196
0
10
3
99
8
0
8
0
0
0
2
0
0
0
1
419
2
0
0
0
2
36
0
0
1
226
0
0
6
0
222
9
0
0
0
189
428
0
17
0
0
34
32
59
172
0
0
0
0
17
0
0
285
11
34
15
0
761
290
3
1
0
19
0
2
0
26
155
0
0
0
0
2
0
207
0
0
0
0
0
331
10
0
192
105
114
73
0
7
0
2
11
13
0
44
160
2
33
44
101
611
0
0
462
0
14
0
0
0
0
252
0
730
0
30
446
16
163
0
0
0
1
58
0
21
0
0
0
123
1861
0
282
155
3
0
4
0
36
0
0
1
0
2
0
182
3
0
0
0
0
0
83
0
18
27
0
685
0
6
0
1
44
22
0
46
0
0
0
0
0
0
0
0
0
0
157
0
52
0
22
8
103
85
0
32
0
0
0
0
0
0
75
0
0
18
37
1
0
115
0
0
0
0
4
26
0
212
72
1
55
62
0
0
48
603
0
0
0
6
1
0
9
534
46
0
0
0
0
0
0
21
104
632
0
202
25
178
13
6
0
0
1
0
0
353
1554
0
0
0
0
0
175
182
35
2
3
0
0
3
238
0
3897
0
1
551
355
0
0
0
0
0
3
19
99
0
2
4
0
0
130
0
0
51
30
0
522
0
273
2
89
0
0
0
0
0
0
89
1440
0
145
0
216
9
48
352
0
0
0
0
116
102
0
87
157
7
0
1
10
292
166
0
0
0
59
0
0
0
1
0
0
0
16
0
0
7
0
2
0
0
0
991
1
0
0
286
0
19
0
119
1
0
9
941
0
0
0
766
91
3
2
0
0
0
22
178
817
0
0
74
0
445
0
3229
3
2
214
0
0
0
1
0
0
3
3
0
30
0
573
76
0
9
5
18
0
57
0
57
410
1870
4
151
432
0
1
0
16
0
66
6
0
4
0
0
0
288
0
14
0
0
1
30
0
0
49
8
5
6
18
171
60
3
3
0
0
1
206
0
106
16
2
0
0
0
292
0
0
100
0
0
0
0
759
0
34
0
0
84
0
0
0
0
37
0
2
0
225
0
0
28
0
14
0
0
0
100
1
1
104
232
0
15
8
14
79
0
0
0
0
36
0
45
0
0
4
8
0
0
397
83
0
15
434
18
53
314
117
0
0
3
0
0
3
0
195
166
0
0
0
0
12
99
8
0
6
2
1376
2
0
0
0
196
35
66
0
816
14
1
0
319
0
1
0
0
0
10
304
40
53
6
440
0
0
0
0
0
0
367
0
3
88
367
8
0
63
0
0
1
299
144
135
0
1
0
5
141
0
6
640
0
0
0
108
0
0
0
0
0
830
558
0
4
18
129
0
0
0
0
0
14
519
615
0
374
0
5
0
0
25
0
10
0
0
1
5
0
0
0
0
0
1
58
0
1
0
0
47
0
0
0
0
0
1
469
15
0
0
125
0
343
69
4
5
60
42
0
0
0
0
187
15
0
0
199
513
0
0
0
0
0
0
0
0
0
0
9
0
26
0
548
0
0
0
435
0
0
57
0
5
0
1
0
0
0
280
464
4
286
0
0
67
0
5
3
0
0
0
10
0
0
0
0
0
0
590
29
4
65
0
0
0
10
0
103
71
0
6
409
0
0
0
187
0
0
1
6
4
428
7
0
419
8
0
0
1
0
0
0
0
5
12
1
2
0
0
0
0
2
0
0
0
0
2
186
0
0
14
0
3
4
0
0
0
39
10
4
0
428
0
10
1032
0
46
0
1
30
0
0
0
22
15
0
0
1112
1
60
0
2
64
1
0
135
0
146
0
0
0
3
387
0
0
0
0
0
18
183
12
0
0
0
24
198
528
0
13
8
0
18
0
3
2
13
57
0
0
20
13
0
0
0
86
2
0
0
3
22
4
88
0
0
46
39
856
146
12
163
0
0
49
589
0
3
825
0
3
0
23
48
0
0
14
0
0
3
19
0
29
0
11
0
0
0
6
0
0
0
1
588
0
5
1
47
0
0
1
13
0
0
0
0
36
0
9
0
1
46
10
1
0
0
512
0
82
24
12
0
80
0
0
0
13
57
1
8
0
12
2
162
0
0
0
58
940
0
1
83
0
119
0
0
0
0
369
0
0
0
0
26
18
7
35
13
0
98
0
0
0
318
79
41
0
15
11
1
34
0
0
48
0
1
0
165
346
0
0
0
88
0
667
0
1
238
1
0
0
0
7
1
1
1
5
4
301
0
6
64
0
359
10
0
0
84
0
0
0
0
428
0
1040
846
99
127
0
0
108
1237
0
1
0
36
0
0
0
0
62
0
213
2
0
141
444
0
0
0
0
4
0
213
2
0
38
0
0
263
0
4
0
16
418
0
0
0
73
0
0
44
233
0
0
0
0
227
241
38
3
1
0
0
2
0
8
2
0
27
1
0
3
6
19
695
166
0
5
98
0
0
0
0
4
0
0
0
0
389
0
77
0
3140
0
351
3
0
0
106
0
1
0
3
11
18
24
160
42
1
56
0
62
0
65
0
3
0
0
0
35
2
0
155
1
104
0
0
3
0
5
12
150
0
4
0
0
0
661
0
214
14
91
81
55
4
5
0
143
29
0
200
3
0
0
0
89
0
0
15
2
38
0
0
0
35
12
0
8
0
238
2
2
0
14
0
0
0
0
241
0
0
2
69
10
6
84
0
3
0
79
0
0
0
224
0
0
1
184
43
29
51
0
0
296
0
2
367
0
0
0
225
0
1
2
90
0
0
0
0
0
102
11
1008
24
0
0
1
0
128
0
10
0
194
27
0
368
3
167
92
23
12
173
0
0
28
387
0
309
0
41
0
49
0
3
0
1
382
0
0
0
27
0
1079
0
11
0
8
0
49
0
2
2
55
0
2
86
3
0
0
0
82
0
3
72
0
0
0
173
52
68
22
0
0
0
10
37
73
0
0
41
0
3
0
1
0
0
264
0
0
27
20
46
0
0
0
0
132
0
62
0
12
34
29
0
0
0
1
0
35
0
47
0
6
0
0
64
0
39
232
0
158
86
0
20
0
34
29
0
23
0
19
0
81
27
8
0
3
148
17
7
0
3
0
27
184
1016
54
0
0
0
0
0
299
191
1
18
0
51
0
17
0
0
0
0
45
0
29
0
10
5
45
3
0
2
35
176
0
77
0
0
0
10
11
0
0
0
2
0
172
85
0
72
26
1483
9
382
0
10
31
0
3
0
0
5
0
0
0
0
0
3
38
0
0
0
5
1
113
0
146
40
211
38
0
717
31
44
0
0
0
0
1
1
335
0
52
7
7
0
2
0
0
0
27
0
28
0
0
0
60
40
727
12
2
65
0
4
8
14
0
0
116
0
0
45
172
0
0
0
309
0
381
0
0
0
10
139
1
0
161
32
0
1
0
0
0
372
1
27
480
377
0
50
0
0
65
10
473
130
0
0
0
39
0
63
69
100
17
3
0
0
0
46
709
0
1
15
20
0
0
0
0
198
0
534
518
126
1
0
688
2
637
0
0
7834
0
0
0
6
26
2
6
0
0
26
0
112
63
0
213
23
54
1
0
329
0
0
194
137
0
0
0
58
2
138
0
1
0
0
3
0
0
0
0
0
15
0
0
0
31
0
83
0
0
251
0
376
127
0
22
0
8
97
0
0
38
33
3170
0
0
0
407
316
2
0
40
4
0
1315
5
126
0
0
0
0
1
118
15
1
15
0
1
0
7
0
2232
8
0
0
0
71
6
4
0
2
0
0
7
0
9
177
0
3
34
2
0
0
864
0
67
125
0
0
1
0
1
211
0
0
18
0
24
0
420
0
1
0
2370
33
91
0
0
0
58
43
54
0
5
0
4
0
4
200
5
535
1
0
1
180
9
0
86
138
1
76
0
0
0
0
0
18
88
10
700
179
0
0
0
0
225
0
2
0
348
5
1
397
13
0
4322
25
303
139
0
7
0
0
0
82
21
21
0
0
33
109
14
6
0
141
0
20
47
9
3
0
0
0
0
17
0
0
0
0
0
383
0
6
2
0
0
0
5
2
0
0
24
0
606
0
4
0
0
905
0
0
0
5
0
55
3
87
170
0
0
0
0
0
0
0
0
0
0
0
0
0
0
0
0
0
0
13
0
0
0
0
209
0
0
0
0
0
7
3
0
7
0
103
23
4
623
0
0
0
0
0
0
4
0
0
0
58
0
0
0
0
5
0
42
64
0
0
0
0
0
9
1
0
0
6
102
12
0
0
11
220
0
0
8
51
0
0
18
32
0
0
84
19
6
1
0
1
713
248
0
0
70
0
5
0
93
16
0
0
65
28
604
73
0
23
0
0
0
1
0
265
0
0
0
0
0
0
0
0
0
144
15
77
0
0
4
0
4
0
6
176
0
4
48
288
0
0
109
0
0
0
88
1
0
3
289
6
0
0
0
0
534
0
0
9
0
393
0
0
0
5
0
3
0
0
0
0
3
0
0
2
0
43
0
1139
0
2
383
5
0
78
0
144
350
2
55
0
0
7
0
745
0
0
3
0
22
15
0
6
0
0
0
32
0
0
2
0
195
187
116
0
20
0
55
0
0
0
1
0
0
0
528
4
0
9
0
0
0
0
0
0
51
0
0
248
118
233
83
0
14
0
0
0
42
0
445
0
2
128
0
0
0
0
0
0
1
0
229
2
0
0
0
0
410
0
15
0
0
218
0
0
0
11
0
0
33
0
3
2
96
46
2
0
11
251
0
0
1
0
111
31
179
0
15
7
2195
0
0
176
0
0
0
0
0
1
0
4
154
28
0
0
0
0
149
0
0
29
2793
0
134
25
36
0
0
69
10
0
17
5
519
931
0
41
0
2
0
0
0
0
2
4
108
0
0
0
0
1
0
0
105
8
245
0
0
0
4
6
1111
0
8
0
0
0
2
4
0
0
0
0
668
83
0
0
0
0
2
0
27
162
0
185
0
2
0
20
0
4
15
0
0
0
0
119
2
40
47
0
76
38
0
795
0
0
9
0
119
0
152
0
85
6
0
0
0
0
0
0
2
0
13
0
0
0
0
10
0
60
624
0
211
0
830
0
229
0
0
6
3
7
121
0
71
43
21
0
3
10
0
2
0
0
47
12
30
4
0
0
0
0
1
0
10
0
0
102
0
0
283
0
0
0
0
0
0
0
0
0
31
2
17
2526
129
0
42
0
1
0
44
0
0
0
0
0
0
4
2
0
0
0
2
20
292
5
14
0
3
0
228
0
0
0
1
0
0
0
3
0
0
0
89
164
0
745
0
34
141
852
256
3
0
0
0
2
183
115
0
4
0
0
0
64
0
0
0
2
0
27
63
14
1843
0
1
20
112
318
1
0
9
1
181
0
74
2
684
0
0
34
0
0
0
13
0
62
3
186
39
101
0
716
2334
270
0
12
13
2
0
0
0
0
92
0
0
0
92
0
129
0
0
1
568
287
9
0
0
0
0
0
0
40
1
30
40
3
4
15
592
5
39
4
1
0
0
4
1741
0
76
1
0
658
0
0
1870
5
105
0
127
0
0
0
2
0
830
0
1025
0
0
0
832
5
2
0
106
0
43
861
2
6
3
0
995
0
0
0
38
0
0
3
0
0
0
41
0
0
32
16
67
0
4
0
106
259
5
0
0
0
6
0
0
150
3
2362
1
0
3
12
0
0
0
16
0
0
0
762
0
353
0
1
115
0
0
0
3
18
122
0
0
12
0
171
0
6
0
102
11
116
4
215
0
0
0
0
0
0
0
42
0
0
79
0
7
4
440
0
0
0
25
7
0
48
1
0
10
0
63
20
0
2
1
3
0
571
13
3
0
0
3
0
0
0
0
0
137
132
0
42
114
1
0
73
0
101
0
5
0
14
0
0
0
0
28
0
0
2
32
0
18
213
0
0
0
39
76
13
6
0
358
7
10
0
0
0
0
0
2
17
82
0
0
0
0
78
0
0
12
0
13
4
0
0
1
9
12
0
588
16
0
86
64
0
0
17
34
0
1543
709
0
90
15
473
33
0
0
12
0
20
258
0
40
0
0
4
6
0
0
0
0
0
0
60
0
0
0
0
0
0
0
2
0
0
0
125
0
8
0
28
0
1
0
0
0
1
0
0
0
180
0
2959
9
0
3
0
223
0
1
2
0
0
0
3
13
0
0
327
0
6
5
0
0
66
0
386
33
0
0
33
0
0
0
19
0
0
1
0
0
0
40
1
0
0
0
2
19
32
0
0
0
87
2
0
24
7
0
0
59
3
0
0
0
0
28
107
0
5
0
0
0
37
6
0
0
2
166
0
6
278
0
0
0
2
0
0
378
2
0
0
5
0
2
0
394
890
0
14
0
0
17
130
0
1
0
0
74
288
0
133
860
0
0
4
1
0
90
0
0
0
1
0
0
45
0
12
1
683
0
0
0
0
325
0
2
2
0
0
0
0
232
77
0
0
34
1
98
0
0
319
0
0
197
7
151
54
0
0
89
0
0
1
44
10
0
3
0
10
41
37
0
0
0
0
0
0
1
0
1
85
0
0
38
33
0
0
6
0
118
30
20
0
0
0
0
0
0
527
4
124
0
17
1
0
181
0
0
0
0
221
0
10
1
66
0
522
0
3
21
135
81
118
61
2
0
99
4
874
0
23
4
90
0
0
16
71
0
0
135
0
82
0
0
0
0
0
0
1
0
77
0
0
1
12
0
6
0
0
276
0
0
159
0
201
36
0
238
1618
2
3
0
0
0
366
57
0
0
0
4
0
0
0
0
170
40
0
0
4
0
327
0
98
10
0
5
10
0
0
0
54
5
71
42
0
0
2
183
0
551
0
40
1607
2069
5
59
0
0
5
112
3
0
363
44
11
0
0
29
70
17
0
384
0
0
104
0
0
0
0
1
0
0
2
0
1
8
51
0
2
0
12
0
25
0
7
0
91
2
17
159
0
1
60
0
0
5
10
95
1
0
0
0
3
44
0
0
16
4
0
0
0
0
28
77
99
12
5
0
0
0
0
0
0
357
1
0
8
1
386
0
0
1
11
0
0
2
0
61
0
14
0
0
0
8
2
7
0
0
246
44
0
0
0
0
0
0
10
75
27
0
1073
1
54
108
0
0
50
0
8
21
0
0
0
2
0
7
0
5
0
67
52
0
0
12
60
0
0
0
0
0
1
125
0
0
2
0
53
2
0
12
71
0
46
0
18
14
0
386
0
0
0
431
38
15
0
0
0
0
9
0
453
0
225
82
0
44
56
2
281
0
10
20
5
1
0
37
21
0
170
3
1
203
0
1
0
1671
0
0
2
3
0
0
0
0
198
3
0
0
188
0
0
0
30
1084
0
0
0
2
264
0
0
5
0
0
1
0
0
0
22
0
2
289
0
0
302
0
29
169
1
868
3
220
11
0
0
10
11
49
172
0
41
31
0
18
364
14
0
0
2
0
0
0
111
27
0
2
0
37
326
50
5
717
6
0
0
5
12
2288
1
65
56
1
7
159
4
708
31
0
0
69
130
0
0
0
0
0
0
0
44
507
138
295
18
1287
125
196
0
36
3
0
1
0
0
184
0
6
0
378
10
0
0
0
7
45
0
0
0
33
1425
176
52
0
1
4
294
0
0
0
0
0
0
13
0
213
71
0
5
0
12
14
11
1
4
0
3
0
0
199
0
11
48
29
0
22
0
0
239
0
853
0
1
60
1
529
1
0
18
0
4
0
0
2
0
0
0
0
16
516
2
8
7
0
0
4
0
0
10
51
7
0
0
12
0
2
0
1
68
13
50
65
85
1
0
0
0
0
0
100
34
156
0
0
25
0
116
0
109
0
385
50
0
0
0
3
32
18
33
0
2506
29
5
0
0
3
1
7
162
0
0
0
0
22
172
0
0
26
15
648
0
811
723
3
60
237
23
1
39
13
36
0
112
431
98
2
75
1
0
0
130
6
6
0
2
150
134
586
916
1
98
1
421
0
0
0
0
0
0
0
11
1
0
0
2330
210
34
0
483
252
0
8
12
1
966
0
0
3
4
0
3
37
4
0
0
877
0
15
4
10
0
0
215
464
7
16
2
0
429
1
366
0
0
110
77
17
29
0
0
0
0
0
0
0
12
156
10
0
0
2
262
855
0
3
0
2
6
31
2
844
0
0
171
0
0
0
0
0
0
195
0
2
0
2
78
0
0
0
1282
0
61
80
24
55
0
0
84
0
0
0
122
0
17
0
9
0
1002
1439
0
138
20
18
0
93
109
72
0
119
0
0
0
0
96
0
0
1
0
0
0
0
44
17
69
30
49
96
6
4450
463
15
0
44
0
0
0
0
0
0
10
0
0
0
2
39
106
33
3
0
11
27
0
85
20
767
0
4
7
11
0
14
0
2
0
0
6
162
0
5
3
1
285
0
1
0
20
0
342
532
0
0
0
326
0
10
237
43
547
527
0
89
0
115
7
0
1
0
30
0
52
0
0
270
0
0
0
0
0
0
0
0
597
28
31
263
0
2
4
1
206
0
0
0
0
6
0
0
42
3
0
0
102
33
682
0
0
1010
2
0
332
0
1
0
0
0
0
0
5
39
1
0
0
3
0
74
0
0
0
0
0
0
0
0
0
96
0
0
2
0
3
0
18
0
0
0
3
0
3
0
852
3
0
169
0
0
20
3
0
0
231
0
0
279
0
0
0
1
0
0
153
6
12
0
156
40
2
0
2
0
0
0
0
0
0
12
0
0
0
11
0
0
157
33
10
0
2
411
383
0
0
5
0
635
0
3
3
58
61
693
0
0
27
0
0
0
24
6
2
0
0
0
1
0
194
2
0
254
0
193
0
171
0
24
9
2
21
265
1
714
7
0
0
0
147
0
0
147
0
15
0
0
2
0
321
2
0
0
0
0
0
0
16
0
0
374
0
4
0
0
0
0
7
102
48
31
0
2
14
1675
218
0
22
0
0
0
12
0
0
0
1
16
19
10
15
844
0
0
0
321
1
10
0
0
0
0
637
99
0
3
0
148
0
0
5
50
0
0
0
0
4
51
0
0
10
0
0
1
0
2
0
1
173
4
45
0
0
0
0
9
0
0
0
5
5
0
0
0
10
5
0
134
0
1
0
0
0
0
0
0
3
0
0
0
1118
5
0
0
45
0
17
18
96
0
0
8480
0
3
0
124
3
0
0
0
0
0
0
0
0
0
164
1
0
0
11
0
0
2
0
0
0
0
0
0
0
93
0
0
0
3
1
1360
2
22
0
0
0
0
2
0
0
1466
337
173
61
2
0
0
37
0
137
72
225
405
8
348
275
511
0
182
61
0
15
0
0
1
0
1
197
0
0
0
0
17
9
312
0
181
0
81
0
0
0
0
14
24
4
0
0
0
42
2
19
6
63
0
1
10
12
0
0
0
0
0
0
0
0
0
0
0
0
0
0
30
2
0
0
0
1064
0
0
0
1664
96
0
128
0
0
0
1
4
408
0
0
914
8
0
200
0
0
53
21
2
0
0
2
0
98
0
0
0
3
0
0
202
180
0
0
0
3
3
8
3
0
0
92
0
1
0
34
1
0
0
0
495
0
2
281
5
0
0
106
0
1
87
0
0
17
0
0
0
0
70
0
0
0
27
5
0
0
11
0
0
46
2
0
0
3
1
9
1
77
0
0
0
0
619
0
119
0
0
13
0
0
0
0
0
182
980
0
2
0
11
0
95
0
0
0
23
54
0
0
0
153
0
0
118
16
0
0
0
0
0
967
0
0
0
581
0
0
2
24
0
173
1684
0
0
0
3
0
0
0
0
0
1
0
104
41
0
0
2
0
0
0
0
0
0
0
599
0
27
0
20
1
0
0
3
0
0
0
0
0
0
0
0
0
0
0
1
0
0
2
305
0
85
0
0
0
26
0
1
0
1055
0
1288
0
225
1
0
0
0
0
19
0
4
0
0
0
0
0
0
11
0
0
0
0
488
21
0
2
140
0
0
0
0
0
0
0
0
0
0
41
0
165
22
0
0
0
2
0
43
0
0
3
20
6
0
0
0
0
0
0
0
0
0
0
0
0
2
0
27
0
1
124
10
0
0
0
0
0
0
0
0
338
0
0
0
6
14
2
1
0
0
0
0
0
38
0
0
0
0
0
1319
121
1
154
0
0
0
0
0
0
0
0
37
245
0
171
0
1
3
284
335
0
1
67
0
0
8
0
0
0
527
0
6
0
1
0
923
0
266
1
0
2
0
336
0
0
0
2
0
143
0
0
0
0
0
0
2
0
4
0
105
152
0
0
0
870
0
1
104
3
621
1
0
0
0
0
0
4
24
0
0
0
0
1
0
0
0
0
37
0
27
0
5
358
0
853
25
1
3
0
1
13
0
0
4216
2
0
0
0
0
3
0
0
0
11
0
0
0
0
0
330
3
111
0
0
17
1
631
59
0
301
0
0
382
0
9
0
0
0
0
1495
0
0
0
0
0
0
945
9
0
75
10
0
0
0
0
0
25
0
32
0
7
10
0
32
1
3
87
0
0
4
2
0
0
0
0
16
108
0
1
1
0
0
0
0
0
3
10
66
3
1
0
0
227
0
0
1
0
0
38
0
0
0
0
0
3
3
0
0
2
0
6
0
0
336
2153
230
0
0
0
0
37
0
0
0
0
0
0
0
0
0
59
0
134
12
0
0
61
0
0
0
0
773
0
0
101
0
0
2
19
0
0
40
0
0
0
8
652
262
11
11
2
22
0
22
0
45
0
17
1
88
0
397
0
0
228
0
326
118
28
0
1
0
253
0
0
218
96
0
189
4
0
0
46
0
291
0
0
0
0
0
205
1008
744
3
0
0
0
0
0
614
115
126
1
193
2
0
3
4
77
0
3
43
0
9
61
33
0
8
25
4
2
0
0
100
13
81
599
42
84
106
0
0
2
107
0
50
4
2
32
1
10
0
1
57
0
0
7
0
4
28
3
58
1246
0
0
1596
0
0
39
1001
0
5
47
2
0
0
0
3
0
0
0
0
1
0
0
9
19
1804
267
0
551
8
123
797
16
0
48
0
0
0
3
0
61
0
35
0
1
3
17
97
440
0
0
452
1
42
0
15
0
38
116
93
2
0
44
0
188
0
1
1
0
54
0
13
77
72
43
0
13
134
8
166
300
36
0
0
39
1066
3402
0
0
71713
49
260
2
3
0
0
70
229
0
20
18
298
2
0
0
153
4
209
0
1
2411
7
83
1856
0
0
6
1113
0
3
32
72
124
94
309
0
0
496
64
20
0
27
29
0
93
560
0
0
0
129
0
0
0
1
0
0
4
0
0
7
354
16
136
31
176
830
0
3
82
0
12
14
1104
0
140
11
93
0
0
0
118
0
1045
402
1729
0
0
100
196
2
522
144
0
0
0
17
0
629
5
81
0
42
372
5
0
0
2
505
0
0
9
142
0
62
0
0
11
0
21
24
0
223
0
388
31
0
47
24
0
1222
0
1012
0
122
0
3
5
19
195
348
10
0
1
515
1
383
0
5
210
267
27
0
2
68
119
4
84
0
3
0
139
48
0
0
2118
0
0
312
2
120
39
186
0
3
26
6
6
84
2
70
28
1
153
646
142
52
0
747
53
0
527
6
0
204
0
1
27
93
7
0
57
93
864
2
5
0
0
1
579
72
412
92
444
0
26
0
0
0
64
546
20
0
0
30
30
0
3
14
117
871
7
12
154
0
244
21
82
14
0
0
19
2
311
0
0
33
0
3
160
27
1
52
0
108
12
5
0
0
27
7
487
0
0
0
0
14
3
6
186
14
0
0
7
0
0
0
69
1097
6
1
0
2
34
702
24
71
2258
133
34
3
0
28
17
2
267
1
97
43
9
4
4
0
7
235
17
0
13
4
0
197
0
4084
2
49
13
0
0
47
3
0
0
17
0
3
81
8
0
181
0
5
21
0
16
163
0
0
47
654
0
0
8
37
0
2
303
1244
3
0
41
1
0
0
638
27
4
0
13
0
0
0
77
19
260
0
51
0
0
3
2551
0
8
6
6
638
21
0
1
0
6
79
0
297
25
0
0
408
724
0
0
1
3
0
0
13
0
1123
28
566
634
0
0
0
672
0
0
0
53
6
0
83
0
0
49
0
0
4
291
161
66
39
187
0
0
2
0
96
0
0
250
13
0
108
0
0
0
396
268
2491
199
0
196
25
2
979
0
0
0
8
0
225
278
124
18
663
38
0
170
0
0
12
0
1082
0
41
33
367
26
399
9
0
5104
0
0
0
28
0
2
576
0
141
297
313
2
65
0
59
19
4
41
2
132
1253
0
1
0
337
0
141
6
109
0
13
22
7
135
8
5
0
0
0
1512
0
93
1
0
0
0
24
95
618
0
3
0
0
0
4
1
0
0
900
604
1
0
7
0
0
91
0
0
3
0
0
0
51
7
409
90
0
8
0
22
55
179
26
6
0
112
0
0
7
3
2195
20
2
0
285
3
0
378
0
93
0
3507
71
0
21
0
1
205
0
0
0
22
46
41
0
0
136
142
20
0
198
80
0
0
0
706
7
7
58
330
8
39
0
60
0
111
0
0
0
2
107
115
0
151
68
0
3
0
0
0
384
272
0
52
2
0
87
233
134
0
160
0
233
94
16
0
6
2
1
6
1
2
0
0
1462
9
10
0
0
1
0
1267
81
148
111
0
0
23
18
10
89
3
0
3
0
0
0
0
533
0
0
20
18
63
137
437
0
0
35
5
1089
0
137
0
46
0
120
29
77
0
118
26
23
2
13
0
611
69
30
0
382
400
0
168
0
10
0
11
0
0
626
80
0
355
0
0
83
0
0
0
899
51
0
2
0
22
894
163
0
0
0
52
0
0
10
104
2
3
0
16
1
49
0
0
0
288
2
0
1
725
0
6
15
4
0
0
16
198
0
0
256
0
0
0
0
0
44
12
2
2
29
1
0
6
0
0
5
3
0
0
66
36
296
0
2
0
5
11
1
3
0
0
0
2
15
0
37
21
0
0
2
0
2
0
7
22
0
3
32
0
0
62
0
0
2
0
33
0
0
2
0
25
14
0
0
0
0
13
765
0
0
0
0
37
11
31
9
0
0
42
228
3
892
115
6
57
2
40
0
89
3
4
73
1403
1
0
0
57
0
0
719
3
124
0
0
25
0
56
195
0
195
14
142
6
0
90
91
21
0
0
25
669
17
2
44
54
0
776
7
633
1665
0
0
51
22
0
1
11
288
14
5
28
344
24
51
47
1
87
149
157
8
0
3
399
3
1
0
0
0
3
0
0
5
0
47
16
3
171
12
57
0
2
173
51
30
0
0
11
712
12
84
0
13
5
0
3
447
0
119
6
0
0
0
387
0
0
554
0
1
35
0
0
58
3
1523
0
484
0
83
260
19
0
0
0
0
0
1827
0
0
0
0
658
0
0
832
505
0
1
124
0
13
239
95
9
19
139
0
0
164
13
0
0
0
0
0
28
68
0
93
195
0
0
233
1771
56
1677
2
12
0
415
3
169
4
3
6
15
15
0
0
0
0
28
1
18
4
129
0
364
69
269
961
94
460
0
0
1405
0
0
0
0
130
560
2
0
0
0
3
0
0
0
0
0
0
0
1
63
15
24
65
84
0
1
0
150
0
0
1
0
7
0
53
0
135
0
17
0
1
1
4
20
217
4
0
0
0
0
1476
172
0
0
0
0
74
0
7
0
442
4
0
43
512
0
358
11
0
5
0
123
0
14
0
0
0
0
9
60
16
0
0
49
4
0
107
0
53
0
1
0
0
285
5
0
5
0
0
34
0
123
129
262
0
0
0
52
501
0
7
0
0
0
0
168
0
8
184
0
0
3
0
0
202
0
11
300
177
23
0
100
65
107
0
0
1
122
8
62
0
0
0
0
6
18
48
651
0
10
0
0
18
0
0
0
0
0
0
7
0
207
30
0
0
11
73
0
28
13
0
3
0
187
0
150
0
146
73
0
8
5
0
0
0
0
33
0
0
3
16
47
0
1
21
204
4
23
0
31
4
0
0
0
0
0
0
27
0
5
4
0
2
0
51
0
1
14
0
1
22
0
0
0
21
2
68
19
0
392
2
4
48
1
4
0
3
0
0
0
2
2
19
0
23
62
0
0
0
38
94
41
189
0
0
29
0
30
0
1632
0
83
70
750
0
0
728
306
0
0
0
712
5
0
3
25
0
0
4
10
0
55
2
20
309
22
563
0
0
3182
121
3
12
0
34
15
0
0
303
0
3885
0
0
124
0
40
0
0
310
0
0
42
0
179
4
5
7
118
7
19
0
0
528
36
0
0
150
0
94
0
65
8
161
2
3
0
0
0
0
2
478
0
0
198
265
2
0
545
0
1
0
2
1
0
0
817
3
360
7
90
601
8
123
0
171
1
20
460
0
0
25
22
11
3
211
0
36
3
2
6
769
0
1449
0
536
30
1
247
0
0
280
0
222
193
0
3
14
203
117
20
0
1
0
47
246
0
0
0
14
163
8
0
0
1
6
547
0
67
1177
49
550
70
13
830
24
5
4
214
1053
1
1
632
461
137
0
538
190
12
0
2
0
0
1793
1533
434
31
139
0
69
8
0
0
533
15
78
0
234
85
0
17
7
28
347
79
26
103
0
2
64
5
0
2
0
274
0
62
467
14
0
0
0
22
176
0
10
0
0
418
0
737
37
3
0
0
961
0
128
894
4
1
73
332
127
360
41
4
0
0
748
0
1141
80
0
0
0
2
1486
0
1185
56
1779
23
90
305
282
0
179
1
0
4
4
8
45
45
165
0
6
30
3
275
0
0
410
14
0
1
66
135
21
191
0
0
7
2182
0
2
10
5
14
0
336
67
0
20
74
0
75
16
0
0
2
146
221
0
0
0
0
133
0
6
16
23
0
279
0
6
0
0
3
0
7
0
63
0
55
0
107
0
172
0
5
35
3
3
36
4
637
0
0
0
0
113
168
41
656
17
0
0
127
0
14
2
229
184
0
2
235
45
0
117
64
183
1
46
0
0
6
1
1
3
154
342
30
1
1
132
282
0
53
0
19
15
80
202
229
285
1078
0
146
201
3
0
0
15
47
0
365
0
86
136
64
0
46
0
111
613
747
446
0
1322
937
0
0
0
0
257
0
0
12
114
44
0
0
0
0
0
1
0
0
49
706
82
65
3
12
1754
6
1971
0
0
194
0
2
11
0
0
212
7
2
382
1316
0
15
3
0
170
270
0
3
12
0
0
16
0
90
0
179
5
104
6
0
3
403
88
0
0
136
52
0
1
0
0
56
0
10
0
0
0
1320
539
31
144
13
0
8
0
0
42
54
603
14
257
254
0
47
56
34
166
1
52
0
0
0
15
0
213
27
13
35
28
23
48
0
0
0
0
0
4
45
16
604
0
6
0
0
1
2
0
0
67
24
17
0
715
2
94
97
0
0
89
1308
7
52
10
0
0
16
0
55
53
10
0
499
0
594
177
25
3
82
40
88
9
7
3
86
11
239
221
0
0
0
621
0
2
0
0
51
0
24
148
0
0
1
0
71
28
0
1343
0
1665
2
75
67
16
0
779
1
0
0
225
0
0
0
0
118
0
280
46
0
191
26
6
17
202
130
48
1
0
8
26
0
0
0
19
210
4
0
5
6
27
0
0
145
116
4
0
19
0
4
0
2
3
2
901
5
7
0
0
0
18
0
34
0
454
0
0
162
10
222
0
2
0
158
0
15
8
27
6
3
926
38
5
5
3
0
0
0
0
80
197
21
0
17
0
0
1
156
0
6
14
8
0
3
3
78
511
1539
12
414
0
8
1
0
35
0
10
3
1930
2
33
104
0
1323
0
0
2
49
0
209
27
0
16
4
0
55
40
0
0
1
26
0
0
0
12
0
0
0
0
260
272
5
557
126
0
643
0
0
0
101
162
17
21
18
0
22
6
52
200
384
1674
0
0
3
4
15
1371
68
12
144
1422
32
68
0
1892
169
29
0
2
723
84
1202
0
0
7
0
50
0
1294
10
40
258
0
4
291
178
0
1
69
724
1
0
10
5
0
10
174
10
24
13
4
0
472
79
0
0
29
5
4
0
0
0
37
6
2
306
80
24
0
1153
2
0
66
24
1
7
0
8
2
464
0
237
0
53
0
432
21
298
0
50
0
0
0
5
0
0
0
2
1
58
0
887
0
45
0
15
50
29
0
18
0
270
34
30
58
0
0
0
153
442
0
0
59
0
0
0
1
0
624
0
108
574
0
39
8
154
0
0
0
0
243
18
2
0
16
0
1
0
0
0
5
42
95
79
0
6
29
0
3
0
4
199
11
0
1
40
149
62
0
0
72
0
0
0
19
0
0
84
16
42
74
0
5
0
294
0
0
3
0
0
69
8
0
0
163
60
233
3
189
19
13
10
6
19
60
0
0
1
0
318
68
22
161
140
1
70
122
0
0
0
0
35
3
8
19
0
0
305
0
48
0
4
2
35
231
0
748
0
293
16
0
2637
26
437
0
500
0
1
531
106
7
0
13
213
3
39
0
3
162
23
2492
23
0
0
0
0
0
780
1850
25
125
9
471
2
309
63
0
0
532
0
77
7
12
315
82
245
66
181
9
5
65
227
11
0
0
0
0
1
350
0
50
22
0
18
4
129
29
162
339
8
47
0
86
0
221
1383
71
0
348
87
39
5
0
32
6
599
8
0
0
10
0
1
0
264
0
9
0
1
60
5
0
0
17
0
166
0
12
0
328
0
379
0
571
0
0
29
21
1
1
0
353
2755
88
81
19
233
5
644
49
335
1294
4
104
0
36
190
48
5
35
0
13
0
2
1
23
549
0
0
0
0
0
336
27
93
0
78
753
668
3
0
0
0
50
160
0
70
0
432
209
120
30
400
19
13
0
3
614
0
0
0
0
102
0
0
0
87
0
0
7
471
0
0
2
249
738
214
12
158
12
1050
0
116
37
1
2
24
12
10
0
19
199
2
0
0
273
0
861
0
39
0
0
1421
0
0
15
2
0
9
0
100
95
65
0
53
0
5
79
98
3
3390
2682
1
519
70
0
0
0
69
231
48
0
0
0
33
8
1203
8
113
62
3
117
0
598
13
28
143
0
14
0
16
1101
0
23
0
0
11
1147
74
19
303
1
0
1
0
1
0
108
178
0
10
197
0
0
2
4
253
0
10
123
62
258
0
0
10
4
12
418
76
0
157
36
1
14
0
0
0
336
56
4
203
0
1047
52
0
221
174
0
0
5
435
2
71
0
0
0
0
160
0
0
12
0
2
0
0
6
23
100
51
994
0
0
0
53
0
0
5
780
0
0
0
3
0
0
294
0
0
0
0
13
0
0
0
0
677
13
25
0
74
0
0
0
901
0
1
693
0
0
0
280
18
604
17
0
3
44
126
32
0
109
750
0
0
0
50
2
0
20
0
2318
0
19
58
32
0
0
0
6
1
388
28
70
248
509
0
1
314
312
0
0
0
3
200
3
83
2
72
262
10
7
9
0
24
1
15
0
95
0
5
0
4
102
37
7
115
0
158
654
24
0
212
0
111
0
220
75
163
0
0
107
597
0
66
1
3
0
124
0
0
0
13
391
0
0
82
96
537
8
62
0
221
0
39
218
163
0
0
0
150
166
704
52
0
49
1
17
0
0
8
2
5
0
0
0
151
7
2
0
0
279
23
5
6
0
0
2
176
16
2
3
0
413
1271
51
1238
0
0
0
0
0
226
0
0
44
6
382
0
0
21
0
0
1
156
490
0
2
1113
0
3
2
0
0
0
16
1
0
6
0
0
16
48
0
42
69
4
18
0
0
0
157
0
228
633
0
103
5
59
0
23
0
92
0
102
120
1
182
22
0
70
0
0
45
171
0
0
58
0
0
0
247
0
10
0
534
93
23
348
0
0
2
9
181
62
44
102
9
0
2
0
0
0
175
171
0
614
5
51
5
22
0
0
59
205
2
0
0
130
10
7
0
27
213
72
2
143
67
0
1
5
6
79
500
296
0
2
320
0
582
0
0
0
5
132
19
368
0
1
0
0
0
0
43
0
0
0
106
0
0
0
112
9
0
299
0
0
0
994
0
11
297
0
47
0
4
0
0
29
0
22
2
55
51
489
0
143
0
154
0
0
0
0
0
0
38
0
3
0
24
0
0
0
8
0
259
126
1202
0
5
11
59
10
931
0
38
1
0
0
133
0
82
0
0
119
0
83
0
0
0
8
440
218
153
43
64
51
1
2
12
0
13
0
9
44
90
22
0
7
2
0
83
44
17
196
1
227
0
11
57
0
1253
0
361
4
0
873
0
97
41
360
4
12
0
7
59
1513
99
6
20
0
0
0
0
0
47
359
116
2
492
159
112
0
208
84
30
47
0
13534
17
53
2
187
322
149
2350
0
194
52
16
21
21
0
134
10
0
508
88
0
130
144
1
137
0
2
1
435
0
7
60
29
67
7
0
0
0
6
2
1
67
102
32
0
1619
0
0
0
6
28
274
10
26
2019
0
2901
1
0
84
0
0
4
3
0
0
0
436
277
10
0
44
127
416
0
59
101
215
0
174
0
5
2997
8
2
0
0
0
2
2
0
131
0
3
31
1389
6
160
7
0
307
506
645
174
85
0
53
477
0
0
24
31
518
1
0
684
37
0
0
0
1
2
88
21
441
0
0
62
0
5
2
2543
195
1
0
0
14
205
6
3
0
46
0
0
0
24
168
1250
18
123
457
0
0
0
73
0
0
0
2
3
167
3
0
187
471
42
0
662
554
44
54
7
8274
5
0
0
3
1972
0
0
0
7
0
1
0
0
11
136
21
0
14
0
219
3
1
94
765
0
596
33
32
2
0
0
0
31
26
10
0
1
0
0
17
0
0
0
202
135
23
0
109
236
0
0
184
37
0
80
172
4
1
8
0
0
0
2
255
523
0
0
11
186
26
0
294
0
1984
22
0
0
174
1
6
54
77
1
60
18
69
891
212
0
0
17
0
0
0
3
71
4
0
55
0
1
0
371
0
35
2
0
0
2
32
16
79
41
0
0
140
0
8
0
0
3
12
3583
10
3
7
63
0
80
0
0
74
16
50
20
619
0
0
51
25
22
109
0
70
13
0
0
1012
80
44
36
0
3
0
0
0
0
22
8
15
4
13
0
0
40
81
293
20
0
0
85
148
68
1
134
1
16
5
0
81
0
0
4
2
0
0
21
11
0
48
17
0
0
0
0
1
392
0
227
3
0
0
139
4
258
12
1270
26
144
0
6
35
2
5
0
0
0
167
0
6
6
0
0
0
10
501
0
0
0
0
600
0
0
51
0
639
155
0
790
0
9
2263
4
207
6
0
0
4
0
2
3
20
0
0
4
135
672
181
75
588
1
27
111
341
9
1256
13
1
12
170
233
32
1368
6
27
10
0
0
0
25
278
254
4
894
273
0
1
0
136
0
2
0
8
8
1379
9
0
0
40
441
180
0
7
0
5
0
34
0
177
202
18
13
218
0
26
0
4
0
2
1046
514
694
1
227
0
96
83
109
0
0
3
0
3
1
681
0
130
78
0
3
1706
37
221
35
207
18
0
7
16
2510
1
2
0
89
0
162
617
105
1
68
0
264
14
24
0
293
220
13
0
5
77
224
0
8
0
133
37
1
0
31
0
0
0
7
0
255
0
1765
0
0
34
2635
0
54
0
0
14
0
73
0
2
11
417
3
0
336
178
95
110
5
3945
277
41
2
0
0
18
0
0
130
1
0
0
54
36
0
317
0
1
25
13
0
136
0
1136
11
82
281
237
625
0
101
0
69
0
641
29
424
1
0
1
0
8
457
13
0
8
456
16
336
0
380
72
121
22
64
13
0
18
0
8
0
0
1
125
0
0
297
0
7
230
491
47
0
0
5
15
0
0
0
19
301
10
0
500
115
300
0
0
0
142
0
0
53
83
4
0
0
164
0
0
26
0
1
124
18
0
0
57
5
610
0
40
0
0
5
0
0
70
0
15
0
34
167
3
0
343
0
178
0
81
2
0
17
8
231
177
367
0
0
2
99
1
0
91
6
427
97
2237
0
18
25
57
111
79
0
1
0
50
16
0
1
0
0
0
0
0
0
160
60
2
4238
1362
5
0
0
0
224
0
60
0
584
113
0
0
2298
150
0
0
6
200
0
0
0
53
9
0
153
589
0
761
0
0
324
149
159
36
0
0
0
662
1220
0
67
0
368
0
0
0
2041
750
0
0
0
1442
65
0
413
0
0
1
0
5
95
319
0
81
0
0
0
0
0
0
45
14
0
12
5
45
1
0
78
12
22
0
377
0
44
0
57
0
2
918
3
2
0
29
37
0
274
1739
6
125
43
14
171
17
3
0
32
0
18
391
0
8
6
0
2
0
90
100
380
1
0
45
106
220
10
0
223
79
329
4
0
260
84
26
0
9
7
50
137
1
101
0
47
5745
970
130
0
94
3
396
141
0
0
88
218
16
22
17
2
0
6
0
0
0
5
0
16
391
97
36
0
0
0
0
72
4
571
0
0
2
0
0
0
23
849
0
10
20
0
19
0
0
488
98
0
0
3
0
12
522
50
45
5
238
0
0
84
0
0
14
0
11
110
12
1
2
467
6
0
0
0
664
0
4
117
0
0
90
14
208
3
3
5
50
0
56
0
0
0
1
425
0
0
238
15
23
0
790
0
20
0
99
12
6
5
10
17
13
1016
23
0
1
4
0
15
0
0
359
24
44
173
0
6083
29
6
159
2
17
0
0
91
61
35
1
93
0
12
56
726
0
74
29
17
131
32
0
1
55
0
0
0
164
917
0
8
141
129
259
0
0
0
4
29
3
1519
0
69
0
10
345
63
21
123
1
41
0
22
0
0
20
2
0
0
152
101
2
4
1600
1
1
0
0
33
156
6
2
209
0
33
55
243
319
0
96
0
9
505
16
345
0
0
6
36
0
0
0
137
3
559
862
0
4
0
1
26
12
77
0
0
136
75
144
2
0
33
8
510
0
0
62
0
7
0
4
398
12
259
0
0
0
0
8
0
523
224
0
3
25
65
306
36
0
0
10
111
2
15
1
963
3
185
0
91
4
0
0
3
4
539
557
20
0
24
0
0
430
0
0
62
0
7
2
8
3
36
0
0
14
4
0
999
232
3
403
1
0
0
516
0
6
0
41
0
0
23
0
26
4
187
554
0
0
1280
0
0
0
21
134
1
104
19
0
1
1
0
415
24
10
2
0
50
1
0
0
5
0
74
9
0
0
0
0
0
0
11166
0
4
1
790
0
29
0
0
1164
53
37
4156
59
0
889
0
0
34
32
35
0
336
0
236
0
0
359
0
78
0
1
10
470
44
1
0
41
154
307
397
65
0
0
313
0
0
0
49
42
0
2
3
1
3
76
15
69
197
0
0
0
16
42
16
1502
0
28
0
55
0
942
9
27
40
676
0
141
29
0
46
201
6
0
3
79
73
48
0
0
0
0
51
479
4
9
23
16
1113
4
0
183
20
475
25
0
244
0
17
4
65
363
3
41
2
353
0
28
4593
8
0
0
174
4
72
161
12
41
95
993
515
0
3
46
0
0
20
257
8
19
0
14
153
0
0
41
0
0
0
0
0
0
2783
0
0
0
1101
0
32
1
55
1999
0
0
13
2
11
2
0
13
48
44
284
0
0
74
95
62
173
256
11
0
41
0
103
381
8
215
0
18
1265
0
142
23
0
3
75
2
73
30
3
0
35
0
3
0
0
0
191
0
0
73
169
0
5
2
26
2
161
13
34
3
0
1159
5
611
0
1134
208
0
17
463
0
81
9
7
0
265
0
16
149
2253
0
0
1
8
21
225
0
4
0
341
0
0
0
2
281
0
1653
0
3
21
0
0
0
122
0
31
0
131
0
1
77
0
14
0
6605
0
9
1
0
0
0
82
0
2
0
49
0
0
0
1
331
0
363
112
111
0
0
72
20
0
0
0
0
1
0
148
246
3
0
252
5
0
325
0
452
0
0
185
0
0
11
129
0
640
2
2
0
0
0
0
0
210
0
0
0
0
197
7
0
652
0
0
0
16
16
2
3
0
276
0
12
0
28
4
0
0
37
82
0
33
28
1
65
0
0
794
1858
0
3
2
0
149
0
43
18
54
0
0
1
1
600
66
6
1
0
167
3
24
113
28
15
9
0
24
0
8
134
3
0
99
329
3
145
0
0
11
141
0
6
9
2
75
5
127
0
18
0
0
0
8
321
0
128
0
0
6
180
0
0
91
34
0
183
73
0
27
0
0
22
11
4
34
84
0
2
2
0
3
25
93
0
0
0
6
0
851
0
35
0
185
0
84
55
418
0
0
23
0
818
5
4
69
0
0
0
22
552
0
0
12
0
23
124
36
250
151
0
0
355
0
13
0
405
2765
612
0
18
8
158
125
0
0
0
66
24
31
5
116
30
1655
69
259
167
1085
351
0
0
11
4
104
271
0
130
0
4
35
0
2588
0
7
1
12
58
0
0
379
1
32
3
12
0
0
0
223
0
21
1
0
0
0
27
4
3
243
1
103
2
243
3
1
3
7
178
2
3
0
22
142
0
227
360
0
8
2794
13
17
4
0
0
0
146
0
0
0
18
2
6
0
0
52
416
150
0
0
0
0
61
0
0
0
0
1
0
20
10
1
0
0
322
1
0
0
2
238
567
225
901
0
3
155
0
1
0
42
829
109
22
2
85
1
0
39
75
0
0
0
0
3
0
0
3
0
0
0
0
5743
0
59
36
1
14
7
624
533
933
0
0
3
235
0
19
66
0
0
0
49
84
4
0
0
42
0
796
89
0
0
38
1
0
146
9
0
15
0
17
12
0
12
1465
85
11
165
12
20
139
789
0
18
0
0
15
0
380
35
483
1028
0
6
14
23
216
0
2
0
75
85
57
106
19
236
0
0
38
9
2759
3
0
0
2
10
0
8
0
36
36
0
51
0
205
187
9
236
0
32
5
95
47
1914
501
0
0
252
6
27
0
791
0
0
2055
0
0
4
4
0
4
22
6
471
0
10
161
0
0
0
1
3
1
17
0
0
138
2
83
105
3
0
0
1206
16
1618
13
40
0
229
124
6
0
105
48
1
21
0
0
126
0
31
0
0
239
4469
13
55
93
682
0
3
3610
0
0
880
253
3
327
24
2347
4
0
0
219
11
150
5
0
560
0
21
0
0
0
2467
1197
18
3
142
2
1325
1306
37
0
1217
0
0
11
0
90
0
0
769
0
0
21
231
97
0
481
4
214
9
12
8
2
44
0
1014
272
176
0
0
11
0
1061
0
0
1095
160
0
0
14
4
136
0
487
127
80
226
0
0
1076
514
170
65
1
0
155
478
338
0
0
83
101
0
0
0
0
136
0
5
2
1210
386
0
0
0
0
3
305
155
0
146
15
0
21
260
2
36
400
0
0
37
57
43
4
49
0
172
14
42
0
178
0
0
0
42
351
0
1140
95
0
4
222
134
137
56
12
12
0
70
3
17
14
0
10
0
0
0
0
3
0
1775
422
30
0
4
1
0
652
147
13
18
40
3
716
0
1
0
0
343
297
139
6
0
129
196
135
1
63
65
0
5
3
0
0
0
27
627
72
0
6
57
1
58
1
0
0
7
83
2362
0
0
0
14
73
0
27
0
16
12
0
0
451
2525
696
0
182
0
12
0
14
0
6
0
379
20
411
109
253
0
175
0
789
0
585
0
1
148
22
72
327
542
238
579
0
718
0
20
0
11
463
10
633
62
80
15
42
7
0
21
2
25
37
62
0
140
46
0
414
64
15
581
39
325
185
1101
26
406
11
1
0
8
0
8
31
1482
0
13
474
0
162
0
0
46
243
281
0
0
0
0
22
0
47
71
1578
0
3
447
242
0
520
21
0
232
2193
128
61
310
1
0
517
3
804
60
41
178
175
1
0
0
2
2
0
0
2
38
0
0
0
23
1
26
0
0
8
128
1
0
2
12
0
48
0
2
350
0
0
0
452
37
0
7
175
572
4
125
1
452
97
25
65
513
278
14
33
0
0
0
101
230
13
13
0
0
5
1
0
0
0
0
78
231
28
1
2885
0
1
0
34
1
195
0
0
185
0
138
82
19
4
0
0
269
15
0
16
0
0
123
620
2
0
83
0
239
0
409
2
1603
657
2
0
11
357
0
10
51
0
380
168
3
577
38
0
0
1
0
30
44
374
0
15
0
8
134
0
1261
20
0
0
26
0
1
0
0
224
343
24
976
126
1239
24
60
133
499
957
7
1
28
1
8
67
0
306
1
0
0
0
13
0
1
5
2
0
9
0
0
0
157
49
0
2
2
28
10
77
4
242
5
0
0
166
16
1442
10
103
7
281
0
65
182
6
65
41
273
0
492
106
725
0
85
29
0
0
0
14
86
4
85
35
22
6
91
211
1
943
730
273
0
0
339
13
0
81
2
58
0
21
0
1
0
0
36
13
4
0
678
476
14
4
241
7
0
158
125
0
2
0
30
1
3
1
0
3582
91
3
10
78
13
0
0
48
14
137
310
6
1
121
9
72
0
0
35
0
3
1
42
0
0
1
39
15
0
41
0
47
0
114
175
0
2
27
0
908
47
0
0
86
0
0
2
39
1132
105
0
0
536
12
1
0
3
294
364
8
0
205
0
0
29
12
44
4
0
559
169
244
0
0
8
19
0
1
41
67
18
0
0
17
0
0
2160
0
0
22
8
550
12
14
4
0
4101
1221
111
100
0
7
0
0
39
0
0
116
212
470
738
1
1025
2
331
0
0
0
0
46
0
0
0
0
0
40
0
47
0
295
0
1
4
70
0
189
12
56
0
0
0
564
144
0
0
0
0
0
19
11
3
120
0
131
5
273
154
3
0
0
0
0
0
54
0
150
994
0
0
0
1546
6
0
6
14
102
3
7
0
13
51
0
1
199
1
0
13
0
44
1178
0
32
286
5
1
2
98
0
0
1
53
0
0
111
0
7
0
0
218
5
24
5
0
1
3
0
994
0
0
0
0
563
0
171
1
0
82
93
0
3
315
0
24
2
0
184
0
0
102
0
3
12
13
3
2
0
1755
0
2
0
0
33
0
225
44
3
1
27
13
10
10
7
0
0
0
0
608
34
0
0
1
0
24
67
36
14
1
113
247
692
0
0
0
206
13
0
574
683
0
2
152
32
0
0
5
1014
23
9
103
14
0
47
2
4
3
0
0
6
25
18
4
0
209
323
357
33
0
125
0
1995
0
5
0
1
179
35
881
45
0
0
20
280
2
0
282
1
8
5
12
39
263
2
75
0
0
83
336
0
0
621
9
940
0
0
0
0
49
3
236
0
11
10
0
0
0
1889
550
0
117
242
32
177
922
505
63
169
15
0
0
1
3
240
0
48
78
218
9
403
159
175
0
0
0
0
0
5
59
6
0
0
133
0
97
142
0
572
0
3
202
243
18
901
445
13
13
16
118
0
570
0
2
0
370
0
0
51
0
1
786
3
24
16
0
937
0
0
0
457
61
266
259
250
0
419
116
0
337
16
0
94
161
6
106
2
0
14
0
6
796
3
0
7
0
2
0
0
215
17
0
36
70
52
16
245
33
3
0
0
1059
131
38
4
3814
1
1
76
0
11
0
101
1
31
0
30
6
0
7
348
4
43
190
37
0
0
9
0
3
114
155
3
913
0
1
0
17
12
0
3
19
675
0
7
38
23
0
1
4
87
1
30
6
2
1
181
4
129
292
0
0
159
511
11
0
2305
40
6
2
66
1
402
0
0
3
0
2381
0
0
0
0
302
0
9
10
0
1
16
0
102
43
0
321
88
8
0
17
80
0
89
1
0
107
0
0
0
340
2
24
25
0
237
80
157
199
8
3
238
0
2
2108
1
37
0
2
2
394
21
0
71
0
102
45
10
274
0
28
70
41
185
0
468
1
0
216
0
0
0
467
57
0
79
28
1
0
8
866
0
162
0
0
1
0
8
0
0
56
0
74
199
0
78
0
0
39
45
1635
127
0
0
0
77
4
65
0
68
22
0
1
17
0
0
0
0
16
0
11
55
0
0
0
0
1064
1
17
33
12
0
0
0
271
127
2342
0
0
51
25
6
29
387
72
0
27
57
49
1
0
3
0
13
59
193
4
0
43
6
0
0
8
13
0
0
0
8
2
0
1
12
8
66
38
0
24
101
2
0
0
236
7
0
90
0
0
222
0
6
53
0
1599
0
54
7
10
0
0
0
0
14
3
1
0
0
3
3207
29
83
1
0
0
30
124
62
4854
2
0
21
0
0
240
51
0
1367
0
111
9
0
98
0
1
139
0
0
7
0
6
152
6
436
0
0
523
9
0
1022
0
0
148
123
12
0
0
719
0
470
836
2
1
1
1162
108
84
1
214
22
0
0
5
0
43
6267
475
0
970
0
85
70
0
0
63
0
75
188
34
0
197
69
234
37
50
658
139
0
2
196
346
0
68
0
0
0
64
18
116
14
43
3
37
0
4
22
0
2
0
1
108
0
600
0
155
2
34
0
40
2613
0
166
0
24
26
3
22
41
1
14
41
261
0
0
0
0
0
104
0
3
0
0
31
55
10
15
1119
0
0
0
2
0
0
106
0
0
0
25
0
176
0
0
0
14
0
40
81
0
0
0
156
219
1
1
0
0
9
0
0
37
20
0
38
3
806
15
0
27
0
0
429
0
0
21
0
0
0
76
1
28
0
0
0
63
68
82
2
9
0
0
18
0
208
1
44
46
92
582
9
0
0
1
0
0
2
0
0
0
48
59
0
0
0
160
0
51
2
71
227
5
8
32
19
0
11
16
0
0
0
0
0
0
31
1
54
0
1
478
97
76
23
30
0
422
107
3
89
19
259
47
47
0
0
4
19
0
5
1828
4
2
35
0
1
0
120
49
0
2
53
1
0
0
36
0
0
5
92
0
0
0
0
1
2
180
0
521
13
1
25
358
0
6
16
39
2
40
0
0
0
1
112
62
4
0
577
3
0
0
0
0
1
0
0
166
8
0
0
0
0
2
113
0
0
0
6
0
0
27
454
23
0
1
0
0
0
0
8
10
53
0
15
41
14
0
0
150
67
0
0
0
0
0
0
10
0
0
0
97
0
0
0
969
0
62
7
0
33
0
0
0
0
140
180
0
0
0
0
1
89
0
25
7
7
302
3
122
0
5
25
401
903
0
5
0
19
172
12
4
0
2156
0
1
0
4
53
1
6
0
0
164
0
190
9
1
0
6
2
503
2
14
520
25
0
0
31
0
5
27
72
1
1
6
0
480
8
0
0
6
0
3
0
0
3
34
250
6
0
45
1
0
68
0
2
179
0
0
0
168
2964
0
0
0
0
30
0
28
0
50
164
11
959
0
1
0
9
369
70
10
44
51
2684
463
0
0
1
2
54
20
0
0
16
0
315
1
459
1
24
0
0
0
489
104
0
41
198
2
0
1198
47
36
1
76
7
30
0
0
16
14
0
1
783
13
0
0
15
0
15
86
13
0
0
0
223
177
36
0
3
26
2
53
3
1
0
9
101
0
3
1
0
6
0
0
0
772
0
33
2
16
4
0
0
0
7
125
112
0
0
0
24
0
164
128
0
291
177
6
0
0
1
2
0
5
24
0
0
0
548
12
0
349
1
0
94
0
0
14
81
15
0
317
14
144
3
35
2
5
36
165
0
0
1
0
0
20
0
9
0
5
15
75
4
0
0
0
0
27
313
118
1
0
0
252
93
1
28
181
207
187
0
14
27
67
0
3
151
17
814
2
68
1
0
2
0
0
14
0
20
3
169
2
7
0
0
47
240
3
388
0
76
1001
56
0
11
1
8
4
145
0
0
0
65
0
23
0
49
3
38
0
0
0
333
17
102
0
0
0
392
0
63
0
4
37
76
0
25
0
773
0
22
9
0
2
16
0
40
353
2
0
0
256
14
16
110
1
2
0
2
0
0
19
69
1222
335
12
1
92
44
36
186
0
4
0
0
0
580
2
26
0
196
0
60
98
0
0
0
38
302
105
35
8
23
0
26
2301
0
81
24
0
24
7
30
43
0
1
6
991
2
0
220
68
0
880
1
4
28
0
57
22
288
7
2
147
0
7
0
2
677
5
46
2
88
14
5
0
0
0
1
16
40
0
9
101
0
0
71
1065
0
0
127
1
0
0
11
0
0
114
0
428
2
0
1
0
26
9
2
0
187
8
442
280
21
262
4
79
1
550
5
0
323
38
0
0
0
211
0
16
37
168
1
12
3
13
0
172
0
0
2
0
0
75
0
0
0
66
77
4
99
16
0
12
0
1
56
5
67
129
154
0
2
6
676
2
7
2
0
263
30
0
0
1159
120
23
1
0
4
8
0
2
189
0
8
0
72
0
19
0
4
2
2
56
0
7
5
623
0
0
14
0
3
10812
1
69
0
0
0
0
56
224
36
0
243
17
236
1
2
57
0
0
77
3
75
0
2
23
886
453
52
0
1060
0
160
74
0
12
0
3
3
150
13
33
165
6
0
6
138
0
0
167
0
0
0
24
10
26
0
592
4
222
0
604
90
3
203
334
52
0
0
1
0
3
1541
8
100
47
1
0
9
1
7
0
0
9
45
220
197
0
34
0
0
110
26
5
3
0
415
7
589
0
10
0
26
0
67
83
83
0
128
42
2
10
9
0
0
0
37
146
56
0
6
0
29
28
0
0
0
318
0
5
28
0
0
468
0
588
813
0
0
813
0
0
125
5
7
271
0
111
0
11
156
0
0
88
0
63
13
0
1
21
4
786
1
0
0
30
188
0
0
0
6
0
148
106
4
0
13
163
265
0
53
420
133
0
0
0
112
62
0
0
94
24
209
3
0
0
23
0
766
527
0
4
8
0
124
0
0
0
0
0
80
33
0
2
0
0
0
24
480
1
0
20
0
5
0
95
0
0
88
0
5
0
200
15
0
0
42
0
467
299
12
281
101
0
194
1
0
101
0
57
0
0
81
0
0
5
0
0
1
1287
0
0
0
8
2340
0
465
1
25
0
0
64
8
50
54
67
2
201
8
0
0
5
183
143
15
9
0
17
24
1
0
0
228
164
142
25
1150
515
4
36
0
0
0
255
33
0
111
792
308
47
3
14
61
409
0
18
19
356
0
204
0
283
38
67
0
12
0
4
959
19
61
13
87
18
363
8
64
3
44
2
0
2
0
11
108
83
0
1
186
0
0
0
149
0
8
80
1397
66
0
411
0
0
14
2
145
0
3
0
6
93
0
0
0
1
72
5
14
0
0
0
131
0
26
5
10
0
10
21
0
50
3
46
0
0
0
3438
24
4
0
2
32
89
322
26
633
0
0
1043
0
0
549
1
0
0
5
612
153
0
5
1599
95
0
0
2
0
0
15
1749
2
0
26
5
0
369
0
0
5
889
65
166
1
101
0
824
0
38
8
0
0
1
8
1
8
0
7
208
13
0
901
0
4
4
5
1
0
683
4
10
0
2
37
0
0
55
255
2
70
8
6
28
81
967
45
0
0
1739
59
2
460
2286
1
411
609
13
0
0
0
0
17
91
0
0
0
2
0
1
0
0
1
5
15
31
4
0
71
0
746
16
0
51
2
27
22
2
0
437
3
0
9
0
2
6
0
29
263
288
0
11
149
136
60
50820
104
21
45
1059
652
0
13
24
0
81
0
0
54
0
582
1219
0
0
0
35
128
65
121
268
16
0
0
0
455
455
0
0
32
0
3
2
833
10
56
5
0
0
184
0
18
319
81
0
29
0
0
21
149
0
5
136
904
0
2
588
311
0
0
1896
0
0
87
0
7
0
0
3
0
0
4
218
19
97
0
301
162
0
0
26
273
121
0
66
0
0
34
0
491
75
314
9
1
6
0
0
7
0
0
0
164
1282
341
801
0
50
3
0
173
1
20
0
8
34
412
108
0
6
224
7
339
0
1
52
0
0
0
0
0
519
86
34
4
0
1152
11
0
0
80
7
62
327
0
8
60
0
1
152
0
13
2
0
0
16
0
59
143
0
251
0
0
0
19
0
92
5
682
0
62
769
8
0
0
32
0
8
466
12
0
0
2
0
54
5
37
24
0
5
4020
135
3
0
2
0
1123
0
0
1
210
0
12
10
84
0
0
0
284
0
0
5
3
0
101
0
16
0
424
50
0
931
39
0
183
0
18
0
0
347
3
0
1630
20
0
0
0
65
177
0
39
12
0
614
2
196
15
5
0
5
0
1
3
0
5
73
2
4
19
1
5
0
0
197
4
0
0
0
5
0
1
0
0
0
0
0
0
0
0
48
6
48
98
3
0
32
0
71
0
0
0
10
0
2
0
0
128
3
33
36
0
7
9
0
261
4
3
239
0
323
0
344
895
0
1
8
0
0
56
0
82
7
0
2
104
4
457
0
0
36
10
269
21
655
168
1
73
0
216
152
0
0
183
15
4
2
278
1
0
44
5
614
71
411
0
2526
51
383
0
0
203
0
120
100
8
0
0
0
67
34
20
0
2
2
142
0
0
1
340
0
0
0
0
301
120
65
130
66
0
5
0
31
0
0
0
15
0
17
335
0
159
0
0
0
650
0
7
1
388
0
158
0
2
11
428
2
9
0
9
4
15
17
24
0
143
0
108
0
0
0
0
51
0
177
0
158
0
43
0
0
2
0
0
0
0
0
284
19
51
6
0
104
27
0
5
26
0
0
35
49
262
484
2
66
5
284
0
82
0
10
1087
45
2
90
4
253
15
1
192
1002
17
1460
2
190
17
0
4
0
3
27
0
0
7541
0
551
0
78
0
126
0
378
210
119
0
34
377
0
462
0
0
0
101
2
0
2
16
0
0
50
0
37
0
1437
1
0
6
0
16
65
0
0
367
11
46
0
28
0
0
833
1
0
70
207
0
409
0
1
0
0
67
1258
812
0
0
0
0
96
0
4
0
244
281
18
0
38
0
15
9
0
191
3
197
352
0
0
0
118
318
0
0
0
4
29
0
8
0
0
0
0
0
0
65
2
0
5
8
8
1
2
0
0
0
0
269
2
0
1
0
15
58
123
1618
89
6
269
1
0
0
2
4
1
0
0
1
0
55
4
0
0
0
2
1
0
4
5
0
148
0
6
0
1
8
1
5
7
767
278
231
6
22
42
0
0
8
0
105
4
4
0
2
26
1
0
10
0
0
539
0
0
0
0
4
18
0
1044
77
10
553
0
0
91
0
835
0
0
0
0
0
25
26
0
123
263
198
474
0
1
3
0
0
5
84
0
153
213
1
43
0
34
1083
1
24
20
22
9
56
112
3
39
2371
774
0
0
5
69
0
0
8
133
2299
3
0
5
1243
0
0
0
0
8
81
299
270
858
232
0
0
8
0
510
0
0
60
405
0
0
3
104
681
0
394
254
1
549
5
0
10
462
152
152
77
0
507
42
173
10
151
285
979
0
0
14
0
4
0
0
261
10
2
10
44
723
0
17
237
59
10
0
0
62
3
42
0
0
0
26
202
2
0
5
0
0
0
0
0
91
56
278
117
298
0
96
0
3
13
407
164
40
2
175
10
0
3
14
442
2
850
6
0
146
0
0
56
0
7
0
0
0
0
54
1
0
0
13
0
0
400
0
1547
0
0
0
0
30
0
0
0
721
0
8
0
1
0
0
225
0
0
1
0
58
3
0
10
39
0
0
240
0
25
0
72
13
0
0
19
198
49
176
457
0
0
37
0
0
12
360
13
0
302
0
24
0
0
2
0
129
173
202
909
0
0
5
24
100
8
36
11
14
32
0
20
0
50
7
420
0
0
128
2
0
28
0
49
119
0
143
0
0
217
0
401
19
4
275
3
1231
1110
0
2
17
0
0
1
0
560
2
144
2562
155
19
11
140
0
9
0
28
11
0
0
3
109
81
54
70
0
482
440
9
42
2
2210
0
0
3
270
0
88
77
396
2
9
0
101
391
0
0
800
5
22
1
2
1221
0
0
473
9
287
197
0
128
2
41
159
801
10
0
7
347
0
0
3
0
1
0
340
0
888
0
0
468
0
0
18
13
72
27
97
612
1
0
34
70
3
0
0
15
0
42
58
0
3
120
0
4
21
0
396
678
0
127
13
13
0
3
0
25
0
36
0
1
0
0
66
0
493
0
6
0
460
0
4
0
0
79
2
882
0
27
69
77
0
0
0
2
2
0
0
0
128
0
39
0
10
73
0
3
19
19
0
7
0
0
87
7
21
68
0
966
83
222
0
0
227
42
15
156
0
413
22
0
0
50
12
0
151
33
67
11
0
0
1
373
189
53
3
1435
27
0
90
35
10
0
32
11
524
237
133
1677
488
0
116
38
2
569
88
3
3
0
86
170
0
3
201
119
0
169
0
1205
0
0
5
0
0
136
52
1060
0
104
3
50
6
59
0
0
13
525
80
13
41
163
50
8
0
0
43
16
1
84
0
75
679
0
88
0
49
0
788
591
77
14
66
0
239
0
55
0
4
0
2
0
4
2
60
18
738
103
0
0
177
38
38
0
0
1
26
412
0
65
3
37
0
961
14
19
1
0
0
0
34
29
0
75
46
112
4
0
0
2482
0
3
285
0
218
0
22
0
8
1
70
0
107
2
77
26
577
46
0
0
0
546
0
14
1116
0
5
3
0
0
2
15
0
16
15
28
0
0
17
10
39
0
0
48
1
0
100
24
612
562
0
2
0
14
12
0
712
220
2
58
177
0
0
17
21
0
3
17
429
5
334
0
83
512
83
0
14
181
171
486
1
3
1
106
99
0
26
251
208
11
0
6
0
4
0
0
1
2
1
11
330
237
117
5
334
5
103
0
263
154
0
4
4
20
140
64
202
0
0
39
302
267
0
0
374
20
0
0
0
0
583
0
0
28
3107
0
0
0
16
24
4
725
2
8
0
20
45
42
0
117
210
0
0
496
0
6
6
107
0
1
2
1
38
0
6
38
4
0
36
0
27
189
0
36
11
2
0
0
228
0
7
362
181
0
0
5
17
29
2
12
989
0
273
93
60
369
0
359
30
0
6814
50
20
0
0
0
0
108
1
1
126
29
0
43
0
0
0
53
4
10
29
14
404
456
2410
217
5
1569
0
13
1
694
20
0
2
244
0
35
128
5
91
16
0
3
72
56
0
0
0
357
0
13
72
2167
0
0
0
0
0
1
17
32
0
7
262
140
0
0
1
0
41
1
51
0
0
571
226
0
0
440
55
0
0
18
0
0
145
3
0
47
0
13
0
116
100
309
0
0
0
2
4
42
0
0
228
0
190
0
0
0
0
0
10
0
1
0
114
5
112
179
2
0
702
7
1
5
10
0
4
0
3
293
17
0
0
33
1
6
1874
520
0
142
216
0
149
1
164
18
128
26
91
0
81
3
0
1
0
169
0
0
39
106
0
8
2
58
542
10
11
0
0
7
0
0
0
7
0
39
0
0
91
213
0
0
0
0
2
0
3287
34
0
358
77
14
0
2
45
71
10
0
0
187
15
1
0
4
8
0
0
0
164
8
2
71
0
1
12
0
0
0
0
66
67
53
0
0
2
0
152
0
0
416
138
3
15
0
69
22
1
0
146
4
120
4
0
5
0
0
218
10
0
0
0
8
1253
2
0
5
0
0
0
33
258
4
197
30
4
21
82
0
0
199
184
0
19
0
131
1171
11
567
4
8
20
0
0
0
76
0
516
0
3
467
0
0
0
0
78
211
2
0
0
0
7
0
39
3
158
136
43
12
237
6
272
0
0
2133
0
4
0
1
0
37
66
568
0
0
204
6
17
2
14
0
0
0
9
0
0
0
3
11
0
107
4
195
35
244
0
110
18
1
28
0
2
308
0
0
265
2
0
0
2
7
0
0
3
0
0
50
0
12
0
69
9
58
0
23
2
0
12
0
5
0
133
819
0
0
0
2
1
0
6
11
0
85
57
0
57
0
8
135
2
431
0
63
0
53
0
0
0
187
12
0
0
0
2
1
0
0
0
6
4
0
1
59
1
24
0
99
0
0
0
0
0
15
261
1
381
174
0
0
0
0
1492
53
51
15
0
3
215
1534
3
0
1
0
1
22
11
4
6490
1
20
1
621
0
2372
46
460
304
3
59
36
16
172
0
3
36
43
55
652
101
0
3
2
4
2027
2
1
0
128
1
0
0
0
1
0
3
0
4
0
3
0
0
4
7
60
49
0
88
268
1614
97
10
0
136
2
0
39
3
0
0
0
0
0
85
0
4
0
18
0
49
0
0
56
58
0
0
7
1
0
0
0
6
48
95
605
1
206
183
15
0
109
0
0
0
2
0
257
34
36
0
1
0
6
50
0
6
19
461
0
78
3
115
116
0
61
60
39
84
0
0
3
0
0
0
2
0
16
0
0
2
61
18
3
0
5
0
0
698
0
1
134
61
0
44
0
46
353
5
14
295
826
345
0
37
0
0
0
54
0
111
508
0
0
24
483
0
0
1
0
0
8
0
0
1937
2
4
0
246
2
0
1
22
137
0
5
867
105
280
84
2
71
0
1
0
22
95
63
0
0
60
3813
529
5
1
114
34
37
5
1
1076
0
19
0
2042
0
0
66
289
57
2
668
0
21
450
0
0
0
33
0
0
46
28
3
0
13
0
0
2
0
118
104
382
108
6
0
0
0
0
30
1076
1
0
2
39
13
0
17
182
1
0
11
1
0
2
0
8
0
579
0
0
2
0
19
0
0
392
1
0
0
0
0
0
0
1
0
0
63
126
2
198
0
121
0
59
50
6
86
0
85
533
0
0
1
14
796
9
12
6
220
204
1132
1
0
0
0
0
14
227
0
0
11
0
226
6
431
0
34
0
55
31
0
0
143
14
11
10
0
18
0
58
234
0
262
9
958
0
1
123
5
23
3
0
23
0
0
281
35
0
52
10
2
1701
10
0
0
368
0
3
8
34
0
30
63
0
0
659
0
108
5
11
5
0
12
120
136
141
0
143
7
366
204
234
0
3
22
21
213
0
0
0
1347
0
72
2
5
9
627
0
37
0
168
0
521
2
208
0
26
37
13
0
2393
0
7
1
2805
0
0
0
0
0
0
1
4
130
16
0
0
33
3
40
118
0
23
643
67
0
34
120
19
0
0
0
36
2793
14
2
1097
0
1
33
0
0
0
24
532
0
2
7
0
0
30
46
0
33
0
0
12
67
407
35
0
303
546
0
156
21
0
30
764
146
0
0
75
15
830
16
0
212
0
500
90
0
27
19
0
4313
24
12
17
0
1
0
0
55
11
131
0
0
106
7
35
0
0
66
208
0
10
365
20
0
0
0
0
0
226
296
0
1055
0
7
3
0
0
123
5
12
127
0
294
33
627
283
0
0
1
15
43
184
17
116
0
171
0
0
27
10
115
0
0
43
0
0
45
6
0
0
7
0
0
131
0
0
0
0
5
28
44
0
0
0
6
148
0
184
4
118
14
9
471
13
0
243
5
0
0
13
0
1870
0
15
0
1
1
251
0
164
0
0
0
7
4
0
7
0
0
0
0
9
0
8
0
58
0
0
17
66
0
1
553
0
1769
46
0
1
0
738
1
101
149
0
3
2
21
0
0
1
0
0
20
1
0
0
1
0
0
47
0
5
3
2
777
0
160
0
263
166
0
0
0
92
3782
286
0
1
18
11
17
0
30
3
0
2
27
0
40
0
200
113
231
0
15
13
0
2
0
511
0
2
9
0
5
0
0
3
4
58
17
49
6
12
128
0
48
0
95
6
51
0
0
0
85
0
0
488
1
0
4
44
223
69
1
0
3
1282
27
2
1
219
44
0
265
32
40
3
5
527
26
0
0
3
53
0
136
36
1
5
4
119
8
2
0
22
5
0
0
0
97
73
522
0
13
0
22
3
0
0
1641
0
224
2858
204
0
0
151
991
0
11
20
0
34
0
145
1624
6
400
0
1018
179
0
94
9
279
47
26
9
0
5
7
15
1
34
0
0
0
1
167
93
44
6
318
95
360
5
1
67
3
42
18
256
0
0
22
207
4
0
0
29
459
0
0
14
1
0
30
1
2
1
1
0
0
0
2
0
1
107
0
3
0
4
0
0
10
43
17
739
0
26
0
0
2
7
91
0
5
978
0
0
0
0
1
46
8
0
776
0
13
258
0
118
32
0
21
5
2
6
0
26
11
0
0
260
173
0
490
232
339
0
3
0
0
0
26
0
0
0
1
0
1
6
0
287
172
0
1360
0
3
6
0
0
49
26
5
32
229
0
0
22
9
28
0
36
7
4
0
2
0
0
0
208
775
587
164
0
12
976
277
17
0
0
148
16
2
87
195
0
66
24
3
25
0
628
2
5
0
0
0
235
368
43
61
0
0
7
3
63
42
4
0
0
6
112
3
0
5
0
0
0
0
1
8
0
1
53
0
2
0
4
0
0
2
0
34
0
0
0
122
0
13
43
0
0
196
56
9
40
50
2
0
5
0
7
4
5
0
414
1
2
1
9
0
65
0
2
0
4
0
0
1
27
4
0
380
0
6
25
0
9
92
0
0
0
0
0
0
8
111
0
0
12
1
17
1
0
0
0
73
10
7
106
1
0
342
0
1089
41
120
0
0
82
2
55
0
6
6
140
12
255
7
19
6
0
0
0
99
0
0
0
0
9
2
12
0
49
0
0
0
52
18
0
0
26
1
35
6
0
100
22
13
40
201
0
4
0
0
0
2
228
0
44
168
0
2
109
58
0
271
5
41
58
1
0
0
83
1
0
1
1
0
1746
0
101
5
0
0
0
3
0
2
93
0
38
2
34
6
19
0
0
0
19
389
93
0
0
1
5
43
0
17
1472
0
124
47
28
2
0
2
4
0
23
0
22
34
3
77
51
0
14
2
2
0
0
0
57
275
5
0
52
250
0
11
0
605
30
32
0
0
15
0
0
2376
22
176
13
21
1
3
20
53
4
9
2
0
0
0
0
241
9969
0
0
0
27
55
158
0
0
0
4
1
0
0
6
11
63
37
6
8
0
0
251
6
0
25
4
24
34
0
11
0
0
28
64
0
4
25
6
685
0
69
838
3605
14
221
8
3
89
16
334
0
3
28
0
12
259
56
145
15
0
0
3752
20
0
33
2
5
4
0
0
1
39
0
43
54
0
0
3
4704
0
0
141
139
0
11
0
995
1
0
0
30
0
5
0
12
287
2
0
0
56
0
2334
0
3
651
0
37
72
0
893
260
3
5
3
0
0
35
0
30
7
21
126
5
328
0
0
32
0
0
19
0
80
146
0
27
446
1
7
0
87
0
0
8
35
0
61
0
1
0
3
72
0
0
4
0
0
431
123
4
73
0
418
601
144
0
1
0
40
22
0
1
10
0
45
0
0
8
5
4
3
0
0
69
0
0
0
51
28
0
9
66
34
0
3
0
2
35
5
9
0
14
0
26
0
0
2
0
98
2
0
24
1
23
20
500
0
4
0
0
169
58
55
24
0
485
13
13
376
35
2
0
1
11
95
28
22
13
4
2460
1533
0
0
65
16
33
71
0
0
2
0
0
0
56
1
0
0
0
0
0
0
266
1
137
9
20
207
3
0
0
218
0
0
10
0
84
3
4
0
31
0
3
0
122
184
0
146
0
147
0
86
106
5
0
0
0
0
0
42
0
0
25
0
0
0
0
0
0
3
0
0
0
11
16
0
285
256
65
0
0
86
0
13
0
0
52
127
0
0
211
0
143
0
174
40
0
72
0
83
0
1
63
28
3
5
223
943
0
656
33
0
0
0
874
166
2
25
0
14
0
0
0
18
2035
0
0
95
0
88
0
52
0
3
0
88
0
732
3
6
5
16
0
117
177
0
116
0
0
16
30
0
0
1187
0
0
27
124
47
10
674
155
263
738
1125
10
0
2
17
82
26
0
8
0
85
0
37
0
0
0
2
83
0
3
0
0
0
0
28
2129
216
0
39
5
0
36
934
33
50
0
7
40
76
0
1
6
435
3
0
10
0
3
0
113
0
0
99
2
22
381
8
0
217
715
0
937
3
29
2
40
0
401
23
0
17
38
9
183
0
19
1
0
0
129
19
4
232
137
0
1013
1
42
0
128
86
0
333
74
0
0
463
0
98
0
83
0
0
9
7
1
255
202
34
549
5
369
3
2
614
192
0
0
0
2
66
1454
0
233
45
0
16
0
0
0
413
1
32
0
0
1
83
0
7
0
290
0
18
0
140
0
0
3
0
0
10
42
9
0
336
602
0
32
481
7
175
0
0
0
0
3
24
24
51
1443
60
0
30
52
240
0
3
0
0
0
43
1041
5
3
15
230
86
0
63
2
9
6
16
71
0
11
3887
0
0
0
3
2
524
0
0
0
11
0
0
2
0
420
0
72
86
0
51
1
3
19
3674
13
20
0
0
80
0
2
254
1
0
340
7
5
0
15
0
0
228
93
0
0
0
87
41
0
0
10
2
472
0
1
3
0
0
0
0
80
0
0
0
1475
1313
0
11
1
0
100
2
267
26
194
5
0
29
262
0
598
234
0
87
0
0
3492
6
3
208
0
3
10
0
390
0
413
2107
0
0
0
0
3
0
17
5
89
6118
229
1
9
0
0
0
0
39
0
39
2
76
198
878
1374
0
0
141
0
7
0
351
1132
4
16
0
0
29
0
21
0
1
0
107
15
0
75
26
2
0
9
122
0
1
0
27
0
0
13
203
0
35
24
0
7
33
0
0
0
0
1204
4
145
14
0
1
0
0
0
795
138
483
39
1
0
1333
551
0
1
788
0
0
0
22
0
4
0
174
88
60
80
1
201
2
0
12
11
561
50
17
16
0
3
1
9
46
4
123
11
0
10
0
0
0
0
0
2882
0
16
60
11
49
0
0
178
118
18
0
1
0
0
1
126
183
0
0
11
0
5
17
0
342
115
0
0
102
755
53
12
25
0
0
28
0
1
2
2
57
0
0
38
7
0
229
0
40
30
78
85
0
0
7
103
188
33
0
3
4
4
771
642
2471
0
0
8
62
16
11
0
0
831
3
2
4
0
8
0
0
0
1
7
0
0
0
85
0
15
11
0
44
0
236
1166
0
0
0
0
6
0
1
0
77
732
61
0
0
0
123
0
36
761
127
26
1
22
18
0
3
1
0
0
0
0
6
0
25
0
30
98
3
49
74
0
0
0
0
3
4
0
4
119
0
9
3
0
0
0
0
9
70
10
125
634
0
0
190
929
2
1
20
0
527
2
28
12
154
0
92
2
5
1
325
25
3
0
1
0
5
65
125
9
53
66
443
0
1
33
103
62
0
12
1804
1
120
0
256
890
84
0
12
24
4
0
948
253
4
0
209
7
76
0
0
6
0
0
0
604
15
205
450
22
41
297
0
37
85
207
0
0
100
0
11
0
2
3673
0
36
16
5
68
49
0
6
1
52
0
245
0
50
0
268
95
178
0
31
0
5
0
0
6
1
508
8
5
3
0
1
0
21
1
184
0
2
0
4
1
0
17
10
0
12
2
102
56
0
130
8
96
79
0
60
14
0
420
65
146
0
523
0
108
0
61
37
0
0
201
0
657
60
196
38
26
0
0
0
0
0
30
0
0
8
56
7
632
152
0
0
509
0
0
0
4
0
1
0
0
0
0
5
0
25
0
162
28
127
0
0
0
0
138
0
2
0
156
0
295
17
0
0
456
0
0
5
0
0
0
17
0
73
0
204
633
0
433
1
47
1
13
0
81
896
86
83
129
129
155
12
123
0
76
0
335
0
350
50
0
87
0
354
222
0
155
0
69
0
0
706
49
32
0
68
5
0
51
25
0
0
0
0
0
42
0
119
0
169
125
3
0
405
301
0
0
303
0
12
5
37
0
0
126
48
23
2892
400
87
57
0
0
1
0
13
0
165
0
52
87
115
567
0
23
156
27
0
33
38
0
4
194
168
1
80
136
0
3
7
0
9
21
0
0
20
144
35
0
626
1803
571
10
424
862
0
129
3
58
575
17
26
101
91
3
181
0
0
37
157
0
0
7
127
86
3
2
1
411
7
1734
89
40
85
42
0
0
1287
373
56
14
0
2
45
87
0
120
4
0
67
179
4
160
50
0
0
1
58
450
110
103
0
0
565
0
0
0
2
0
25
1666
0
1
0
0
24
21
0
0
226
4
0
0
590
15
0
5
56
58
787
197
0
0
0
0
14
21
0
0
1
0
2
0
51
0
0
125
10
0
9
61
0
32
0
4
0
0
128
0
2
0
64
0
252
54
0
36
0
2
16
4
686
29
112
0
127
91
0
3
0
46
23
26
0
251
48
2
110
9
0
0
110
0
42
888
0
0
1
0
0
0
19
5557
20
0
169
0
81
7
2
0
0
23
11
0
0
0
112
12
13
1
153
114
22
0
769
0
5
0
56
8
1473
354
0
0
0
4
4
2339
0
0
20
1865
71
0
0
1
0
0
0
0
150
73
3
32
0
0
45
0
24
0
0
15
89
0
23
25
35
4
505
106
0
294
51
0
0
230
1
1
0
76
0
677
0
2
0
0
4
0
0
459
0
0
588
14
1
1
60
0
0
0
1
0
17
0
29
9
1
58
1392
0
0
368
0
0
3230
137
248
218
5
0
8
9
3
192
0
173
199
1
51
1
0
64
855
1261
0
0
23
2
3
12
4
74
2
0
0
0
872
269
65
201
19
0
221
136
0
1
0
32
1
0
211
0
34
1
9
0
356
2
0
2
3
3
2
0
0
53
3
0
43
1
19
0
0
1128
11
0
23
0
1
2
68
0
0
11
1
0
0
0
4
0
223
304
365
5
2
104
1
0
0
0
13
0
14
139
5
3
0
14
227
46
0
475
28
3
280
87
0
203
36
0
10
0
8
0
1
71
61
0
41
0
5
2
33
0
14
0
1
0
0
54
1
36
614
423
14
0
0
0
0
22
7
0
555
895
3
0
0
0
22
15
0
0
894
0
0
251
49
0
61
0
0
17
0
218
254
0
0
30
0
0
1
0
0
2
152
6
0
27
32
0
16
9
0
107
0
296
1
0
22
34
104
11
0
4
277
39
922
19
386
0
529
0
351
8
0
59
0
24
35
1517
1043
0
4
55
36
0
0
1182
0
0
159
7
16
0
11
0
0
0
27
0
0
12
77
350
0
0
57
111
165
6
45
0
0
0
3
0
0
0
1
50
9
2
0
13
23
1
0
3
0
496
0
0
18
98
569
25
34
106
103
1
51
25
94
1
3
73
205
53
2
75
0
31
462
27
271
0
0
23
3
20
141
27
0
9932
87
0
3366
114
5
2
36
157
0
328
0
0
2
41
0
1
0
0
163
5
2
0
12
0
83
0
0
0
174
0
0
220
4
72
0
15
1
0
27
0
14
0
210
4
0
24
0
16
18
0
16
0
24
89
0
0
0
115
1
496
45
45
294
102
9
0
5
0
0
42
1
0
7
15
129
0
10
472
0
3
125
0
745
6
189
0
23
476
9
0
0
0
71
608
0
0
0
2
0
0
0
1
0
0
103
89
3
2
23
35
79
201
0
684
289
0
20
200
329
0
39
15
128
1249
0
3
0
1
0
0
49
10
27
0
0
3
60
0
5
3
0
24
2
0
92
0
0
0
0
2
18
0
0
34
3
420
144
4
0
379
23
0
28
2
39
0
0
0
7
0
0
0
23
0
9
0
1540
598
0
0
728
0
24
192
667
9
0
8
70
0
0
0
1
0
146
469
1
99
14
64
55
0
482
41
5
21
0
0
5
0
7
1056
4
16
1712
0
0
3
0
0
1298
60
0
0
0
903
0
244
0
110
274
39
1019
0
0
66
0
51
2
0
0
758
0
2
132
23
0
14
0
21
1
0
11
0
8
0
13
570
1301
61
0
0
153
10
0
133
35
9
0
0
0
0
0
12
520
0
126
0
0
277
44
0
0
0
485
8
20
39
238
4
0
0
17
0
478
0
0
0
270
8
0
5
0
211
2
324
0
0
74
0
0
0
3
0
1092
1
0
0
6
60
0
12
0
3
0
0
40
5
0
10
0
0
1
447
155
0
11
4
1
45
2
4
7
0
246
109
326
8
25
35
0
0
29
3
153
130
0
2
96
20
39
30
813
3
989
1
331
123
7
0
0
1
0
41
25
95
130
0
107
0
3243
0
0
0
33
13
23
117
0
0
0
0
0
223
145
0
1
1
0
0
442
330
42
3
1290
0
0
0
112
10
0
0
33
260
0
36
31
7
0
0
0
0
456
320
188
32
1563
0
2
46
223
41
1
0
81
473
56
0
0
0
0
0
11
340
0
711
0
7
21
710
0
105
0
0
6
13
111
0
1
11
0
2493
0
1
146
3
0
48
47
0
6
0
61
0
8
11
11
0
3
0
7
0
0
5
17
0
0
86
0
250
11
0
0
301
0
0
0
234
6
0
0
332
268
6
99
365
93
0
0
64
65
0
12
341
0
2
0
523
0
1
1
0
0
7
2
2191
40
31
63
246
7
0
0
0
0
0
722
3
79
0
158
1
0
119
0
135
0
31
7
0
0
0
0
0
0
0
0
2
21
0
17
0
8
0
24
52
0
10
14
0
0
0
0
0
1
27
0
15
252
3
0
0
313
0
0
1
0
0
23
0
2
27
137
2
1797
193
69
9
0
166
0
142
0
0
3
547
29
109
2
2
1
0
23
0
0
8
591
2
0
10
37
9
262
0
0
442
135
25
0
6
24
43
0
0
0
1302
139
0
1
13
0
0
0
0
0
458
0
130
2674
339
290
28
0
2
29
31
48
0
0
0
2176
200
699
172
5
0
127
175
86
13
39
0
0
1
166
365
0
0
167
314
0
247
1055
0
0
2
59
0
0
199
78
214
139
45
0
1
29
940
30
0
27
143
2
0
22
0
154
208
0
0
20
60
1
0
30
3
108
0
2
380
77
22
0
426
1
0
14
44
27
0
3
392
0
131
0
28
486
0
0
44
0
0
461
0
0
0
6
118
0
349
8
102
0
0
0
0
405
17
29
143
442
14
90
5
117
0
4
18
28
50
7
70
2
293
12
16
195
824
143
0
209
3
164
32
351
61
8
0
0
114
28
37
0
12
601
110
184
0
77
35
6
0
0
0
2
810
0
35
187
45
434
0
22
2
0
0
23
158
6
42
0
772
1
0
0
0
62
75
0
4
0
87
0
0
0
956
98
18
18
0
7
0
0
59
13
299
231
0
0
0
24
0
1
0
171
3
0
95
0
0
34
0
10
0
63
158
0
40
145
0
253
0
22
19
142
0
305
0
21
0
0
34
8
4
39
47
294
169
0
0
3
3
0
20
0
487
0
62
0
0
484
26
75
1
3
85
0
21
98
139
22
16
83
1157
0
398
11
0
94
840
13
0
1
10
4
1
33
302
0
0
0
17
1
1
19
10
11
38
0
23
1
0
1
0
0
3
108
4
1
403
0
0
22
436
0
0
1
10
705
0
148
10
21
0
22
0
893
0
3
1
0
180
0
493
0
7
14
0
2758
2
6
44
82
0
0
2
0
186
273
64
113
1
0
0
57
6
0
1
0
2
0
0
66
0
0
0
46
0
2
0
6
6
0
0
109
7
14
6
0
2637
156
70
1
107
91
3
296
10
998
0
0
925
1071
348
261
34
0
0
0
23
0
909
0
0
0
93
0
4
8
15
0
0
0
14
0
6
0
0
41
0
4
798
0
0
0
0
0
6
219
3
0
148
17
31
0
0
0
0
163
1
427
0
0
0
0
0
0
0
395
60
0
0
176
22
772
0
32
934
126
0
0
158
0
37
0
5
16
0
1
172
83
0
8
55
1154
41
0
205
0
0
45
11
0
7
0
0
0
0
0
0
125
69
1
0
1
145
96
640
0
0
0
46
0
0
1
0
0
29
0
0
9
12
166
14
7
0
0
310
27
2
1
811
0
0
246
0
91
8
0
37
44
0
2
0
0
5
235
0
0
0
14
2
6
0
6
269
489
0
9
0
0
0
0
103
0
0
5
87
3
0
2
20
0
6
0
0
16
1
0
0
0
6
0
0
0
3
6
99
9
0
0
0
0
7
1
4
292
0
0
0
150
0
0
286
4
11
13
0
0
12
0
55
56
7
0
386
16
46
2
0
117
0
73
27
0
5
36
651
2
3
7
12
301
0
20
25
0
11
1
8
3
56
189
791
1
0
0
2
0
0
0
9
15
0
22
0
25
0
0
0
0
0
0
1
870
0
425
101
0
0
3
4
6
0
156
1
0
0
0
5
4
287
429
5
63
3
15
102
7
0
0
84
1
6
29
4
14
0
0
0
17
0
0
5
12
0
78
10
0
2
42
40
0
50
4
0
0
0
0
2
0
0
0
0
110
0
79
1
44
57
0
0
0
0
0
34
3
1
0
19
8
0
781
97
0
0
0
66
74
0
27
48
14
47
402
9
0
0
106
0
57
0
27
4
2
1
0
26
98
84
58
22
0
10
0
0
428
0
117
0
0
2
137
53
0
2231
447
5533
105
46
20
122
407
1362
0
2
0
4
4
0
4
1
0
0
68
46
186
0
30
10
15
144
202
0
0
571
0
38
0
116
0
894
2
0
39
0
0
1578
369
7
82
49
1725
11
157
0
0
0
29
21
76
16
0
90
547
0
32
3540
0
124
0
1
0
0
1
2
0
18
0
3
115
5
0
53
5
25
0
0
0
81
62
2
3
0
0
0
9
0
8
630
44
0
0
0
45
557
0
224
6
365
53
0
76
3
14
10
0
0
773
0
0
88
0
121
62
0
0
0
10
4
14
57
0
0
352
8
119
0
74
19
0
53
0
2
0
10
0
0
152
9
227
4
32
0
0
67
0
1
0
31
0
185
0
0
0
0
0
0
0
37
2
572
7
92
1
0
16
0
0
5
43
0
5
0
0
0
0
0
3
171
0
0
81
6
42
0
8197
0
0
96
0
48
2
3
4
0
4
56
89
0
0
95
0
10
0
0
0
0
26
147
0
4
0
5
33
0
1
203
5
0
249
0
0
282
60
42
0
2
21
11
0
0
93
0
8
0
0
0
146
13
266
2
0
74
7
5
0
4
21
9
3
0
0
4
2
0
3
0
81
0
0
0
3
310
294
8
0
0
12
0
7
1
31
0
0
49
0
0
32
1
136
409
200
0
333
0
519
38
0
397
148
219
1
0
0
1474
2732
3
100
6
1
45
1
315
3
0
52
3
0
0
0
8
0
0
0
0
0
77
0
225
0
0
36
0
232
9
0
2
0
0
13
2080
139
297
0
239
221
0
7
17
1
8
18
268
0
17
1185
350
169
1166
5
182
87
0
18
0
0
6
0
0
1
68
0
0
0
4
12
0
505
0
0
33
11
8
1
2
21
0
0
3
0
23
550
0
43
183
18
30
0
83
7
1015
0
0
0
5
93
0
2
124
19
14
1
0
68
69
0
0
101
439
0
1133
1463
0
105
149
0
278
0
1231
0
0
1
0
576
341
0
0
0
2396
330
0
0
146
62
37
7
0
1
5
0
167
154
2
0
0
92
0
33
0
0
94
0
94
13
0
30
261
2
0
0
2
0
19
13
2
48
198
0
76
2
272
0
4542
152
1
271
7
0
22
25
97
71
6
1
109
1599
127
186
2444
0
0
21
0
392
5
3
426
28
0
0
298
195
0
0
1
3
0
84
5
88
743
26
19
0
37
316
13
303
49
3
5
71
265
0
1437
2965
0
0
549
646
93
1
2
0
16
0
123
3
2
40
102
2
0
4
0
6
8
10
0
1
2219
1695
0
647
435
0
928
63
5
110
0
116
74
5
1067
0
759
76
60
2
579
0
0
309
2
377
26
0
207
117
2
63
20
1206
6
300
22
83
0
27
217
90
962
27
147
0
63
0
77
0
0
0
0
0
0
56
0
10
0
25
0
1
28
0
0
6
0
0
8
102
119
1
3
0
226
0
0
688
1
0
0
4
805
0
0
9
13
162
2
0
0
46
0
1
10
859
15
135
0
0
0
0
0
0
103
3
2
0
7
0
11
72
113
0
18
2
109
10
152
5
2
1
0
6
2
2
3
45
103
0
19
91
0
2
16
0
164
4
24
26
141
0
5
0
45
0
0
5237
1
0
6
51
33
0
592
1275
164
165
42
3
192
0
4
179
94
745
0
120
0
1
367
1
0
12
40
211
0
50
0
2
4
0
4
15
3146
0
38
87
0
0
0
0
3
0
0
62
988
84
14
0
7
2
20
8
18
3
0
4846
141
64
165
0
61
0
11
187
0
1
0
0
0
0
0
30
87
11
44
304
53
62
9
0
8
253
781
1
7
7
0
1704
308
11
4
0
0
3
26
80
4770
90
5
311
0
0
1
363
53
0
2
0
90
201
0
21
0
0
3
10
18
1
439
219
4
0
0
2
230
9
0
41
45
0
0
15
462
850
0
2589
24
158
1
302
0
26
0
1132
11
208
0
8
0
8
0
3
0
544
52
7
2
64
0
13
1339
66
0
0
0
0
1442
0
437
0
10
177
0
232
2
98
2729
0
391
10
88
0
30
123
0
0
0
718
370
2
0
0
429
0
0
0
31
20
0
15
0
0
17
3
2
13
8
0
0
785
0
272
11
0
0
0
47
0
0
14
0
0
4
0
75
0
2
16
112
107
2
290
19
0
0
95
0
42
0
0
0
305
0
8
0
0
29
0
0
224
98
3
33
0
21
273
0
163
0
3
0
0
488
0
0
0
533
14
0
22
8
32
0
44
646
0
0
0
217
132
1
40
0
39
0
17
1
9
1
0
21
42
51
0
0
0
0
1
26
0
1
15
3
1
271
0
18
0
32
7
4
1
0
0
0
73
0
31
2
0
22
17
19
108
0
0
0
0
90
1
6
6
0
0
0
0
17
2
0
2940
21
0
0
236
611
48
0
11
88
39
44
0
49
64
0
0
88
0
0
15
9
0
6
0
328
0
40
0
5
0
1
100
26
35
231
57
0
0
57
282
0
0
2
2
0
0
897
138
0
348
12
143
0
0
18
8
1
0
0
0
7
0
1
0
0
0
619
50
8
0
0
59
0
0
2
0
282
0
28
39
5
0
9
132
17
94
0
235
10
110
0
0
7
42
47
876
30
0
0
0
1
48
0
0
0
0
6
0
163
0
7
6
6
12
0
7
10
0
0
0
0
12
0
0
17
0
26
0
48
2
212
37
53
135
0
0
59
0
82
0
0
0
147
3
112
130
0
40
291
49
0
8
26
496
0
0
18
3
626
0
0
0
15
40
14
16
1
0
27
10
0
0
59
19
69
0
0
424
0
0
46
2
0
0
160
0
0
2
0
0
71
92
1
0
0
0
0
66
0
524
0
8
73
8
211
58
42
0
2
351
11
282
227
0
0
96
0
19
0
417
450
212
5
0
0
17
8
1
32
7
2
0
0
0
0
3
6
0
149
0
7
98
0
19
0
3
0
56
8
0
8
44
29
0
0
30
0
0
0
0
0
2
0
0
0
0
2024
29
249
0
0
0
14
0
105
0
0
21
599
0
20
0
426
84
11
0
0
68
2
6
8
1797
0
2
12
2
0
86
203
0
0
0
1
280
4
75
276
13
0
49
52
4
0
2
1
3
599
268
0
0
3
71
1
4
0
0
0
18
21
3
37
2
69
0
9
639
39
0
6
8
4
42
5
3
28
41
321
25
306
0
6
0
6
105
0
6
2
1
0
0
0
0
2
8165
338
0
0
0
314
2585
7
10
0
1
521
54
0
1038
66
0
0
803
12
0
18
1
3
1
270
0
2
0
0
2
0
0
6
0
0
571
2
0
4924
0
0
0
0
0
0
15
3
0
17
0
1
222
0
4
25
213
106
0
166
0
6
4
0
33
0
101
1
0
0
652
6
110
0
0
7
136
9
22
14
112
0
1
57
21
8
3
0
0
1
0
0
53
237
0
0
0
7
0
21
0
0
740
0
0
0
885
176
96
0
56
7
205
0
10
105
363
1
11
0
17
16
325
5
0
108
0
2
1
0
31
15
0
0
95
9
63
0
0
101
0
42
0
0
221
0
65
370
14
49
0
9
179
9
19
79
1
0
0
70
86
2
144
0
120
173
0
0
52
105
44
0
0
0
46
388
435
20
1234
4
81
0
940
4
850
356
0
10
0
190
3
0
243
2
36
51
3
50
0
1
0
23
0
0
174
206
195
4
0
917
18
45
0
99
117
227
466
0
0
0
2479
2
351
0
0
134
0
2
0
0
0
2
1
0
0
5
4788
32
31
0
0
78
0
224
1717
122
0
195
93
589
0
2
0
0
45
0
0
2
186
0
171
78
356
0
85
0
90
4
585
0
0
2
176
500
248
6
764
3
0
0
592
85
2
576
0
160
2
0
3
88
8
0
0
0
4
0
151
13
1
301
0
44
1
0
1
78
0
2
0
1
0
0
0
16
11
0
126
61
1
188
3
0
0
1512
609
9
470
0
0
92
1
86
288
0
113
325
5
291
33
11
0
82
0
0
418
7
0
769
6
0
124
316
19
0
1
2
531
1
83
11
446
326
31
0
1
0
12
3
673
4
52
0
89
29
26
0
1505
233
0
772
3
1
0
0
30
4
9
226
267
509
0
459
2
3
0
1
0
69
56
32
528
11
124
393
205
4
64
3
0
3
0
71
0
0
0
2
2
0
345
0
177
301
0
0
2
49
0
143
5
0
17
0
8
0
0
101
35
824
0
4
0
0
1178
3
0
1634
0
49
249
0
43
0
0
6
0
27
217
405
23
133
117
302
0
57
31
0
0
0
67
0
0
156
0
198
27
4977
6
8
161
421
8
0
173
0
0
22
0
188
1039
203
36
81
2
38
4
0
19
15
32
107
128
10
37
13
0
1
1
0
286
73
108
0
0
0
0
0
0
7
3
167
3
51
0
1
0
0
2
76
5
0
26
17
0
499
73
0
0
0
0
269
0
0
319
235
10
100
1
0
429
51
0
0
75
0
0
0
0
6
0
126
474
79
14
0
517
2
1
13
92
0
1140
21
133
0
8
0
10
0
52
5
17
299
10
0
13
2
0
1011
504
82
0
32
0
0
19
64
2715
0
0
0
2
8
18
62
0
0
46
2
282
1186
768
0
40
830
717
248
119
0
0
0
44
23
4
0
34
17
15
0
29
0
12
0
0
28
0
2
46
0
55
10
332
157
162
19
202
0
3433
43
4833
20
55
1
0
188
0
159
211
1072
53
6
0
5
33
0
0
487
30
124
26
215
278
0
287
0
359
974
274
64
61
0
3
0
398
342
2
0
1
138
4
245
7
0
5
0
4
0
0
27
327
0
0
17
0
28
216
102
0
0
0
1
47
0
0
589
770
63
258
0
4
82
436
45
200
197
0
20
66
19
0
44
27
5
2
153
20
2
0
0
1
0
5
319
1
823
1095
111
0
474
135
6
9
298
3
0
0
0
0
4
0
8
42
0
3
115
21
0
295
0
3
487
440
621
0
0
0
333
388
246
61
3
501
131
14
111
42
30
0
12
1069
11
323
4
0
1
126
104
107
239
7
196
0
0
0
0
3
0
0
5
63
0
18
1
2
0
0
269
10
0
4
5
74
6
17
48
8
0
0
0
197
0
47
68
25
3
0
1
0
86
1
10
6
0
78
7
0
0
4
720
695
498
66
0
3
0
449
0
0
19
173
14
1
5
14
0
0
3
48
34
87
60
4
0
21
8
18
0
69
72
15
0
3
0
107
3
0
0
11
28
0
523
4
0
54
5
1
0
82
3
53
294
59
1464
0
0
4
21
21
257
0
494
0
1210
33
7
75
0
567
0
134
13
83
447
2
389
416
0
0
0
0
0
8
0
328
107
7
35
42
0
13
0
25
0
0
0
39
133
151
370
67
530
684
234
0
0
52
0
72
47
0
2
3
7
13
29
0
4
1557
0
20
73
54
7
0
1
0
23
8
82
0
0
264
1
15
0
317
96
372
0
107
0
0
0
0
55
0
65
0
8
0
0
53
102
0
0
0
12
2247
0
173
1
0
13
0
0
0
0
0
132
154
0
7
396
3
113
188
40
0
22
2
2924
186
10
164
0
17
0
2
0
8
0
587
1
63
48
21
0
15
1
27
0
12
41
13
0
0
0
0
3
58
0
87
0
0
0
0
517
0
0
1
25
0
0
0
1
0
0
0
1006
95
313
4196
1661
0
9
0
125
0
2
0
217
245
8
374
0
0
0
0
665
8
24
2
286
50
15
499
13
2
191
424
38
30
0
0
8
0
0
0
0
0
1
56
0
0
0
0
0
0
0
16
144
21
78
38
0
3
0
4
0
0
225
250
0
0
0
0
0
0
93
139
0
0
0
0
0
0
0
3
11
0
0
0
0
0
8
4
67
47
6
0
0
0
0
1368
249
0
756
13
0
2
27
148
385
2645
15
29
1
8
0
0
94
0
18
0
0
0
0
0
0
147
4
0
0
0
0
0
0
0
16
165
1
239
69
0
0
0
0
27
23
0
2
907
0
2
0
40
87
681
3
81
4
123
0
0
11
0
0
130
18
0
0
69
1
0
1
0
0
0
60
4
26
10
0
0
0
0
4
0
0
750
60
641
0
0
0
0
0
0
0
0
0
0
0
0
15
0
0
0
0
2
2
0
0
0
1
40
9
274
0
0
0
0
2676
111
177
59
564
200
643
721
117
3417
10490
555
0
17
12
1
0
0
371
163
75
0
0
0
118
1
0
0
97
0
0
24
3
88
72
0
0
1
1
19
5
0
0
15
4548
0
80
0
0
0
0
26
60
1
2
14
0
0
0
0
210
198
0
0
4
0
121
18
9
6
18
0
0
0
0
0
0
0
0
0
109
32
0
0
388
389
157
200
2352
0
0
7
3
0
0
0
5
0
4
0
217
30
3
0
0
3
6
0
0
0
0
0
64
4
0
0
5
257
28
177
21
14
288
4
375
597
3
0
0
0
0
0
0
0
0
25
0
79
0
0
0
0
0
0
0
0
0
0
1
0
294
30
967
3
2198
3716
337
0
0
10
19
0
105
0
0
0
380
69
0
0
118
875
222
82
4
17
0
243
0
0
0
0
0
0
0
0
0
0
0
0
0
0
0
0
0
0
0
0
55
2
0
7
52
3
0
1
173
2
0
305
0
5847
628
41
17
0
200
0
0
48
2
0
0
0
0
5
0
0
3
0
0
179
191
2
615
3
28
0
0
0
5
0
0
3
0
0
937
710
0
0
35
6
0
0
0
3
9
35
0
0
0
0
6
86
0
0
15
0
1
0
0
0
0
0
0
0
0
35
0
0
0
1
0
0
0
0
0
3
0
0
0
0
0
0
0
0
0
0
0
5
0
0
0
0
0
0
