24_BitA_1_1
0
0
15
1083
46
154
26
0
3
2
0
196
10
308
0
0
327
5
1
97
568
53
2
0
0
400
0
43
10
1
20
4
0
154
1140
22
0
0
4
0
0
0
4
0
0
2237
0
164
0
273
0
98
0
433
0
9
678
49
0
1105
0
3
0
0
2
17
0
352
15
2
1099
500
35
4
58
0
861
19
2
0
0
0
8
34
1485
1
27
151
36
13
472
0
392
0
0
862
21
0
102
3
27
0
5
503
135
0
5
0
0
730
0
0
40
0
3
0
0
168
145
569
15
3
0
176
45
731
488
3
1384
32
2
1
4
112
2
0
6
96
18
0
0
6
19
0
554
107
73
22
59
29
18
0
69
1
0
751
1
1
1
608
0
0
0
0
94
45
46
143
0
1
0
0
89
0
0
115
66
0
0
63
476
383
0
121
59
152
132
2
89
0
1
296
59
15
0
70
0
0
1
42
33
1
3
39
22
3
0
66
13
9
0
0
15
0
0
1
81
17
2
13
281
0
23
256
0
8
1
150
8
44
5
0
39
256
181
2
557
20
2
0
0
0
9
410
0
42
107
770
8
4
95
170
16
0
550
41
0
0
0
35
158
744
12
2007
67
0
0
0
218
30
3
466
0
0
45
0
0
3
550
101
608
78
0
1152
0
724
0
1
0
151
0
0
0
0
0
0
62
0
130
0
0
1
0
24
244
0
292
10
3076
0
0
0
0
3
0
87
0
158
125
0
74
0
388
104
6
97
30
23
0
13
273
283
158
1
0
212
8
13
0
0
669
202
37
794
0
20
115
17
127
0
606
0
61
20
25
50
710
184
53
0
0
3
0
938
3
0
4
101
171
5403
139
713
26
13
0
0
6
10
0
421
0
36
0
0
1771
0
85
14
14
0
201
0
1
152
670
41
117
0
504
47
6
0
0
0
3
143
11
0
0
0
0
45
12
1998
1
112
0
92
1
0
1079
219
7
0
54
0
9
792
103
0
86
15
23
7
35
0
240
0
0
0
4
0
207
809
1
6
1080
208
90
0
0
0
3
1
6
3
0
0
0
0
16
11
0
0
0
41
78
1
365
1
26
0
617
0
0
0
6
0
260
88
383
51
147
1334
575
19
6
0
10
0
50
65
45
69
0
82
0
2
0
3
32
0
615
23
28
394
12
0
31
0
10
0
8
337
11
297
37
0
26
0
462
316
0
457
0
40
7
10
17
63
46
105
706
0
7
175
462
152
105
0
0
0
28
0
141
153
2
0
117
2
0
0
13
0
0
6
2
0
0
0
0
1007
0
177
0
202
0
0
0
227
508
57
0
254
8
148
174
41
0
46
1
116
3
1329
2
31
0
15
0
1885
3
16
0
234
0
414
96
13
2
5
55
1
0
0
3
184
0
1
0
0
1058
2
96
171
0
0
147
19
28
12
0
9
0
13
0
2
20
0
0
1
4
0
0
27
0
32
143
111
118
45
740
7
0
4
0
1
0
9
0
121
694
84
8
140
5
148
2
0
442
29
0
83
0
0
140
0
422
61
2
0
0
0
311
0
4
0
313
0
0
0
4
217
7
371
3
12
0
0
0
0
70
200
23
432
1
43
95
2982
3
15
0
2
11
2
65
0
2
8
82
67
1
34
1
26
0
0
43
11
146
0
98
1460
4
50
35
518
344
0
0
162
401
6
83
2
643
0
0
2
0
118
162
1
21
16
45
0
39
0
51
48
108
0
151
3
176
0
0
0
0
0
0
578
389
0
0
154
4827
0
316
19
174
154
95
43
0
0
260
0
4
47
0
3
242
0
0
756
45
89
38
150
244
178
12
64
39
0
0
0
645
0
173
0
0
105
2
0
0
0
12
0
0
0
10
0
61
23
0
4
0
286
83
178
28
32
0
417
3
0
0
0
19
2
182
43
0
4
0
0
3
1
10
58
1
0
0
2
3
101
119
0
3
5
6
0
1
318
2
240
653
233
0
502
90
165
91
3
29
199
0
78
72
4
586
3
112
66
136
1
1
261
2
0
15
3
79
620
10
0
1
0
0
0
607
244
6
0
0
0
1442
0
0
777
1
46
0
29
0
0
327
12
189
248
80
2
0
19
0
0
140
567
603
0
0
4
0
271
60
0
8
35
0
18
72
84
14
0
222
7
0
218
2
0
0
0
218
0
90
212
31
62
89
5
25
0
0
22
64
147
271
35
0
138
12
0
982
207
0
24
5
242
0
0
10
200
0
47
0
0
2
1
0
0
2
132
104
24
4
0
18
27
15
0
0
570
13
34
75
0
9
0
0
21
33
0
1806
46
177
575
3
86
0
0
33
0
1139
24
7
0
992
286
179
42
1011
0
87
0
0
1859
2
0
0
0
237
0
0
0
1
20
527
390
732
47
0
0
0
31
11
50
6
0
0
83
854
343
67
4
0
0
11
141
0
0
0
0
9
0
1044
322
1250
554
0
3
0
2
0
69
0
0
1
128
8
40
0
6
1153
495
0
270
916
46
51
25
36
0
0
111
1
0
24
0
0
0
8
0
29
23
5
1
1
0
0
779
421
0
0
6
7
59
0
0
0
0
56
44
0
130
2
0
60
7
66
709
0
302
81
3
2
5
14
0
0
0
0
217
517
52
84
129
98
202
110
135
148
1
30
92
26
96
0
0
3
0
7
704
19
197
0
0
65
90
0
9
268
102
101
226
0
60
126
0
31
4
1
0
5
0
0
1171
271
72
0
0
374
0
0
0
78
3
1157
1250
0
39
2216
37
155
83
72
58
371
242
2
0
26
0
432
13
332
0
411
0
226
0
245
543
46
0
470
0
0
79
0
281
535
0
3
1
421
0
623
0
2
1
42
1
198
0
0
0
0
0
2
0
7
0
34
11
87
0
253
187
2
251
629
0
3
1601
5
3
0
113
41
21
4
37
0
4
0
107
30
0
0
202
0
4100
0
3
0
18
3
206
22
162
47
0
33
0
35
0
5
113
98
36
0
2
115
0
209
788
61
0
0
9
3
878
11
1
45
4
12
25
2
15
0
0
0
481
0
430
7
0
6
6
0
55
1
116
0
42
92
0
34
1
342
0
0
0
58
1
2
0
59
4
0
0
36
10
0
116
0
135
2
0
1
14
0
1707
0
1
2190
7
329
0
95
21
65
0
0
0
126
85
0
0
11
17
47
0
0
4
0
0
19
0
63
0
0
3
23
71
3
0
0
2
134
903
167
0
0
0
67
0
0
323
416
12
30
3723
0
80
192
20
78
30
986
0
3
40
1396
31
10
47
40
186
1
0
181
49
15
212
7
398
11
111
228
58
0
15
0
10
0
0
2
0
293
0
18
0
1177
3
51
540
62
52
0
3
0
0
35
0
160
0
0
170
33
0
0
0
3
24
0
141
0
8
50
0
21
0
0
9
1
0
16
0
0
17
0
0
0
0
0
2
10
333
3
147
0
42
123
38
1
0
78
0
1317
26
0
0
0
4
9
19
1423
52
255
0
853
15
234
449
0
0
0
997
0
113
70
4787
2963
0
0
0
37
0
7
0
0
48
0
2
1198
430
412
5
0
168
0
12
0
58
267
38
963
0
1205
0
92
9
36
69
2
3
0
0
0
0
0
0
469
198
0
1479
59
0
0
3
86
294
235
38
609
2497
3
378
0
136
243
138
322
169
0
18
9
236
70
0
0
101
18
46
0
5
23
76
421
0
5
0
14
294
0
638
0
1
10
2
0
151
5601
0
213
0
0
6
259
0
224
0
25
2
2
934
45
6
26
0
1
8
0
290
0
0
0
2
0
0
33
142
35
10
0
14
17
3
0
3
74
0
8
3
0
36
36
59
0
3
0
0
39
0
3
0
7
89
68
8
188
3184
23
267
249
1573
0
24
0
120
4
0
815
2
127
26
0
3
1
0
440
56
0
27
114
0
59
1
0
0
0
31
0
0
2314
285
0
0
216
480
231
5
0
7
0
27
0
635
0
141
2
0
14
0
37
0
0
0
0
31
0
0
0
3
18
408
54
4
0
61
34
37
19
0
11
44
2
170
0
39
3393
501
0
255
0
0
0
938
55
0
0
0
0
6
456
6
0
0
22
0
0
0
0
0
9
202
0
2
123
81
569
587
34
350
2
0
15
3
5
1
0
0
0
116
47
0
320
16
584
10
1
0
100
58
3
71
0
0
55
215
0
0
79
0
7
2
221
0
0
5
0
28
62
1
2
6
2
71
154
0
0
2
0
39
485
21
0
0
152
0
187
45
306
0
70
1055
302
0
0
2650
691
153
2585
53
0
8
0
0
0
0
62
2
10
1
0
100
1119
7
0
5
0
0
0
14
44
184
0
0
21
7
7
1
143
499
133
220
234
8
1
0
4
214
8
0
0
62
5
6
39
5
0
0
0
28
36
174
17
0
0
0
0
0
0
3
71
0
0
0
22
0
35
0
0
37
64
0
4
0
333
0
149
6
0
10
0
0
0
0
0
704
0
0
11
21
0
137
100
20
0
7
0
1
0
0
140
0
375
336
370
40
0
61
20
1
2
17
230
54
2
24
0
1124
2
14
0
3
7
23
0
46
0
0
0
230
2
206
71
34
156
19
0
0
0
1
0
43
375
93
0
34
0
32
2
0
0
115
0
32
1
0
67
45
6
67
30
550
7
0
137
0
506
3
0
0
52
22
57
93
126
0
548
54
0
0
15
0
0
6
171
290
9
5
43
1
5
11
1
4
0
11
140
8
0
1279
272
0
315
0
47
10
0
0
118
0
68
0
0
0
13
5
0
5
6
676
0
98
267
5
0
1095
27
0
0
0
8
5
5
1362
68
72
0
0
1
0
0
0
0
49
0
0
15
1
7
5
0
19
28
0
0
0
4435
0
1
0
6
26
271
401
1284
4
1854
19
6
1
4
4
8
810
0
394
732
0
10
72
0
111
2
0
3
411
0
17
93
0
0
995
0
86
317
0
0
100
205
0
7
309
258
0
680
2
274
0
1324
10
0
102
0
14
117
340
5
151
6
12
0
1254
173
50
19
472
0
157
14
514
52
0
121
0
82
113
214
0
0
3
3
7
102
1
9
1610
85
376
133
1
0
0
1
42
93
0
67
116
12
510
471
0
108
85
12
0
0
0
0
618
0
42
0
138
17
0
0
1
8
0
0
1369
578
0
2
111
6
4
0
75
7
235
22
2
0
122
250
0
13
0
0
0
0
303
265
0
0
789
23
279
154
41
32
1
8
21
0
16
1
0
8
9
2
68
130
0
0
57
267
0
0
92
0
0
0
407
106
34
0
0
642
0
443
300
0
0
65
0
0
4
46
160
0
1
0
0
3
6
33
0
1
0
119
4
0
0
0
2
0
194
104
7
0
0
118
1843
3
208
0
10
0
10
3
0
515
3
0
28
184
71
4
0
0
17
117
0
33
2
180
3
441
1
0
7
25
2
0
0
2
0
0
5
98
9
0
23
0
2
18
4
8
0
0
235
0
1
0
36
6
11735
0
27
49
179
0
24
1
2
0
0
274
72
448
3
169
0
0
141
0
0
46
0
151
1043
0
37
0
52
0
879
1
233
65
0
0
0
0
0
0
0
0
1
0
8
0
0
8
301
140
104
0
0
166
24
0
104
416
10
185
51
0
732
69
0
76
0
0
0
532
18
175
0
23
1
0
5
334
292
0
248
37
11
0
2
90
92
0
423
0
0
437
6
86
35
1
69
2
0
147
407
1
10
18
1
0
0
1
195
140
103
0
11
0
88
0
0
179
0
57
20
0
586
34
5
81
30
2
3
645
119
0
125
2
116
407
3
34
1447
100
0
0
3
206
67
0
3
1
1
2
4
0
49
88
0
24
0
0
1
0
0
222
3
147
0
0
6
6
157
0
0
0
0
232
157
45
15
0
0
82
0
1
0
13
903
1411
1
1
2101
22
21
374
0
127
0
0
0
541
7
0
7
43
92
43
2
0
6
0
0
872
2
0
685
3
67
14
1312
240
0
0
212
1463
35
1360
246
0
30
14
323
0
36
32
6
18
0
0
0
140
2
7
599
0
1287
0
0
13
0
8
0
121
145
0
302
5
86
0
72
846
2653
0
15
70
0
466
106
0
21
0
150
3
0
0
147
183
0
811
2
21
15
475
0
55
310
296
51
91
139
0
384
3
421
447
2
1364
2
197
162
151
168
4
0
8
0
0
48
39
15
0
146
0
3
7
6
2
1
2613
60
85
208
75
113
3
0
0
17
0
700
0
5
0
0
2
1526
0
146
152
0
651
0
4
215
17
30
438
0
0
105
0
0
0
0
11
3
0
0
18
213
21
0
13
0
4
186
3
0
0
949
155
551
202
0
656
31
0
0
76
10
0
0
0
0
34
105
1
0
8
0
0
0
5
6
3
592
16
75
6
40
4
3512
0
0
3
53
0
2
80
0
75
4
60
44
0
526
198
19
170
73
0
0
323
161
812
37
0
0
70
0
0
0
0
1415
6
2018
232
89
147
212
0
1
0
2
50
0
311
0
2
137
59
3
97
4
387
22
0
12
145
0
25
2
47
2
105
34
0
972
30
0
32
7948
1
60
1415
333
307
424
195
598
48
625
0
906
1593
3
27
8
0
1
0
223
0
204
128
1255
0
17
194
137
0
1136
107
31
0
0
0
0
2179
3
4
509
0
418
0
28
10
0
642
29
0
0
607
33
0
0
1
0
111
1
61
0
978
8
89
56
380
0
4
94
580
0
12
7
111
125
59
0
28
324
137
0
0
181
30
160
0
0
11
29
0
49
54
2
126
0
0
0
0
0
3
2
0
22
0
0
0
0
14
0
4
624
20
0
0
1697
0
0
1
0
0
42
0
35
3
1
105
0
0
2
4
2
0
98
31
0
0
0
89
0
0
0
111
34
1
0
0
104
0
1
2
18
0
0
0
0
7
0
2
0
0
48
0
0
34
984
0
0
20
0
3
163
6
127
3
7
1
0
42
5
0
0
18
0
121
0
0
0
3
10
0
55
0
0
272
23
3
323
28
0
1316
36
9
0
24
280
0
0
11
0
0
32
27
39
0
80
7
1
3
1261
354
6
0
137
0
3
26
0
7
14
0
13
0
0
0
2
401
0
0
0
0
669
0
255
8
1
3
0
43
529
281
144
0
0
1
0
0
0
4
0
0
120
0
0
65
0
0
0
0
0
89
1835
38
6
0
27
0
0
0
0
0
0
1
0
0
0
0
0
0
30
0
0
13
40
0
2
0
73
0
32
0
0
0
1
0
2
0
22
0
0
0
0
0
0
86
0
0
2
21
207
4
0
0
1
0
0
5
0
0
0
0
0
0
0
0
6
0
6
0
0
0
3
0
0
0
0
0
0
1
0
0
0
0
0
0
0
9
1
0
0
692
0
0
0
33
2
0
0
0
661
0
0
109
57
0
3
73
0
0
0
1
0
0
4
64
57
0
0
0
7
288
67
0
27
0
0
0
0
0
2
0
0
0
0
0
38
0
0
0
556
0
8
0
0
1
0
0
0
35
0
42
0
28
0
24
0
0
0
0
99
3
1
0
0
3
0
0
0
0
28
2
0
12
0
9
56
0
0
0
10
45
0
71
0
0
0
74
0
14
0
268
0
0
9
0
7
0
0
0
0
28
0
0
0
0
442
1
3
618
252
0
0
30
41
0
2
0
0
0
75
0
0
49
0
105
3
0
0
0
4
0
0
0
1
0
68
0
0
350
4
0
0
0
0
42
0
0
0
0
0
0
0
0
4
1
0
0
6
59
0
97
0
0
140
0
0
0
0
0
229
0
0
5
0
0
0
0
0
0
9
0
0
23
0
0
65
7
0
0
0
37
4
3
0
19
0
0
5
0
0
0
4
0
0
2
0
0
0
0
0
0
0
0
0
0
0
0
1
0
0
0
0
0
0
93
9
0
25
13
0
0
0
0
14
0
0
0
3
0
0
0
4
0
0
0
0
0
0
0
52
2
13
0
0
0
0
157
0
0
0
121
0
0
0
0
0
5
0
6
0
1
14
0
0
0
0
0
5
0
0
1
0
4
0
969
0
0
0
0
0
0
0
0
0
0
0
11
19
0
0
12
0
13
310
0
0
0
1
0
0
2
0
0
0
0
0
0
5
0
247
97
0
0
0
0
0
0
0
0
368
2
0
0
0
0
0
0
0
0
374
23
0
588
0
0
28
0
0
1
0
0
0
0
0
0
0
0
0
3
1
15
0
0
4
0
0
0
0
0
0
0
98
0
0
0
52
7
0
131
0
48
0
0
0
0
0
6
0
0
0
0
0
0
7
6
0
0
3
99
0
0
214
0
0
0
5
2
0
0
2
0
0
0
46
0
0
0
0
70
0
0
0
0
32
0
2
0
0
0
0
0
0
0
0
47
5
0
1
0
289
374
0
0
0
3
5
0
0
0
0
0
0
0
0
5
0
38
0
0
12
0
41
77
2
7
2357
0
0
0
0
281
3
23
0
0
0
0
0
0
0
0
0
202
1
2
0
0
9
0
147
0
0
0
1
2
0
0
0
0
0
0
6
0
7
0
1
0
261
0
0
0
0
0
0
0
0
855
0
115
1
0
0
0
0
0
0
0
81
0
0
205
0
0
95
14
518
0
0
0
0
0
72
1
0
1
0
282
0
0
0
0
0
0
0
0
18
13
12
4
0
0
0
3
4
0
0
12
55
705
0
0
11
14
1216
0
347
2
0
0
73
0
0
5
0
20
0
0
0
0
32
4
0
0
30
0
0
1
0
0
1
0
16
0
0
0
0
23
0
26
0
0
10
0
18
0
0
0
0
0
499
0
0
0
151
0
0
18
0
0
0
0
0
0
0
23
0
5
0
0
66
752
157
0
0
0
0
0
0
0
0
280
0
10
0
0
0
0
0
551
1
243
0
3
1
0
0
5
0
0
0
0
1328
2
0
0
0
0
0
54
0
0
0
34
0
98
0
0
9
0
626
0
0
0
62
0
0
0
0
0
0
0
0
1
2
0
0
0
149
0
0
0
0
172
0
0
0
190
0
4
0
40
295
0
16
0
0
0
0
0
0
0
1
815
3
22
0
0
0
0
0
180
137
0
0
20
0
272
0
0
0
0
1
3
0
9
3
0
0
0
37
9
1
0
0
0
4
0
0
0
82
9
0
2
537
0
125
43
0
0
0
0
0
0
0
0
0
98
3
1
0
32
0
0
0
0
0
3
0
0
0
0
1483
0
0
7
0
0
0
1361
54
6
5
0
0
0
3
5
6
1
25
0
0
0
0
0
0
0
0
0
0
0
0
170
0
0
0
0
768
4
0
0
5
5
0
3
0
0
1
18
13
0
0
0
0
0
211
1
143
2
1
5
0
0
1116
33
0
0
61
226
0
210
21
1
0
44
2
0
0
0
8
33
25
1
0
0
0
0
2
0
0
4
0
0
0
0
187
76
0
741
12
0
0
0
0
28
1
0
0
0
0
0
0
0
0
12
32
22
206
0
0
0
0
0
0
0
0
233
0
0
0
42
0
4
0
0
0
0
0
0
0
1
0
0
0
24
49
0
0
0
0
0
0
112
0
434
0
0
0
0
0
0
0
324
0
0
82
1
0
0
12
0
0
599
3
0
11
0
0
0
0
0
20
57
8
23
0
4
0
6
2
83
2
0
0
0
0
0
0
1
324
283
31
0
128
0
0
0
0
0
1
6
37
1098
0
0
0
0
0
0
196
0
0
0
0
0
2
12
3
0
1
1
0
1
0
32
0
0
0
1
144
0
0
0
2
8
6
0
0
0
0
14
0
0
176
1
0
0
0
0
0
4
0
0
0
0
0
14
0
0
0
0
15
0
0
0
0
0
0
0
0
71
0
0
13
29
0
0
0
42
0
0
9
0
0
106
0
0
0
3
206
0
0
0
20
0
4
7
4
4
5
0
0
0
33
0
113
1
1
28
0
91
0
575
72
0
0
7
7
43
0
0
0
0
4
0
2
2
4
0
0
6
0
15
206
128
0
5
0
3
2
0
10
0
0
0
3
0
0
0
0
8
0
458
61
254
0
0
3
61
0
0
2
0
4
7
0
297
528
2
0
0
0
2
4
372
0
19
10
0
0
1
0
89
0
0
0
19
0
0
0
0
2
6
0
15
0
0
0
175
0
0
1
0
9
0
0
1
0
0
0
0
0
0
0
0
0
0
0
21
9
0
0
0
18
45
3
0
0
115
0
0
173
0
1
1
0
348
0
0
0
0
64
520
0
832
0
0
0
0
0
0
2
4
0
1
0
0
0
0
0
1
52
0
13
0
0
1
0
0
0
39
5
65
0
0
0
0
283
0
0
56
0
0
4
13
0
321
66
0
0
0
0
0
0
0
0
386
0
0
0
48
58
0
0
0
0
58
126
15
0
7
11
13
0
1759
1
29
0
0
53
0
134
320
33
89
0
0
16
0
166
0
0
23
0
0
0
0
0
0
0
417
0
4
1
0
0
0
0
0
0
1
154
556
0
0
0
1
0
35
0
0
137
58
0
0
4
0
0
51
0
0
0
0
0
0
0
0
0
0
2
2
2
342
4
18
0
2
0
0
0
5
20
0
1
0
30
12
0
0
6
0
0
0
0
0
0
0
86
365
0
1
0
0
0
0
0
92
263
3
8
100
0
0
0
83
0
0
0
13
0
60
1
95
8
0
0
90
0
0
0
0
0
0
1
0
0
0
0
0
0
2716
124
0
0
0
0
0
0
0
165
233
279
0
0
186
2
4
2
0
0
0
0
0
0
209
0
17
11
65
0
0
19
0
525
0
2
0
0
0
872
0
43
0
0
991
72
3
0
0
0
0
0
0
226
7
0
93
0
5
0
116
0
0
11
0
0
0
0
0
0
35
0
43
79
0
1
0
0
0
0
83
0
1090
53
0
1
0
2
0
79
634
0
0
2
0
1161
0
0
8
0
0
0
372
0
774
327
0
0
1
0
0
0
0
0
0
0
0
0
658
0
0
0
46
1
0
0
1
0
0
3
0
0
28
0
675
9
0
0
0
0
0
0
0
0
6
3
147
16
0
0
0
133
0
4
0
0
19
0
0
17
0
0
9
0
0
0
914
0
0
2
0
64
0
183
0
5
0
68
0
2
0
50
0
2
0
0
30
0
21
0
0
0
302
0
0
0
0
0
0
0
270
21
0
524
2
0
254
0
0
1145
0
0
22
0
0
0
0
0
0
1
0
0
0
0
8
0
0
0
0
0
0
15
0
0
0
0
165
0
0
0
194
0
0
0
0
0
0
0
0
0
0
0
4
0
0
0
0
0
0
12
188
0
6
0
0
765
0
0
2
0
115
1
0
0
0
0
11
163
0
10
0
0
0
5
665
2
18
4
364
0
0
3
0
0
0
2
0
9
0
6
0
0
0
3
0
28
0
148
0
0
56
0
0
0
0
0
629
35
1214
0
0
2
0
155
88
0
0
61
743
0
0
0
4
0
0
1
0
0
1
25
0
1060
1
8
1
5682
0
10
21
0
0
0
0
0
0
0
0
20
0
33
0
44
3
39
87
0
0
0
14
0
0
0
88
2
1
66
15
0
115
2
0
4
4
0
0
0
9
101
234
0
0
0
0
14
0
0
0
0
0
12
0
13
0
31
2
0
0
0
0
0
10
0
0
0
0
3
19
96
0
0
0
1
0
0
0
3
0
0
6
0
0
0
0
86
0
0
0
0
0
14
2
0
0
0
0
0
3
2
0
0
0
0
0
0
0
0
2
8
0
0
0
0
3
0
0
0
0
0
3
3
0
0
4
0
0
0
0
95
1000
0
0
0
3
0
0
0
0
0
0
0
0
0
0
0
0
0
1
0
95
0
411
0
126
0
0
105
0
0
76
0
0
0
0
0
0
583
0
9
0
0
0
0
0
7
0
0
283
0
51
0
0
0
0
0
0
0
271
0
4
0
0
0
2
0
0
0
0
0
0
0
0
0
0
0
2
0
0
0
0
0
0
0
0
0
114
0
0
0
0
0
0
12
0
0
0
0
0
169
0
1056
0
0
0
0
0
0
0
0
0
0
0
58
0
0
0
0
82
1
285
0
0
0
0
0
0
383
0
0
96
0
0
0
5400
0
0
0
0
6
0
116
6
4
34
0
0
0
0
15
109
36
0
0
0
44
0
0
0
1
0
331
0
0
0
0
17
0
257
0
42
0
0
0
427
0
1
15
0
128
0
1566
3
8
0
74
12
0
0
0
0
0
0
0
0
0
0
0
0
0
0
0
0
2
0
0
0
0
0
2
0
295
0
146
0
1
5
6
0
0
0
0
0
100
0
0
0
0
0
0
0
0
0
0
17
0
0
0
1
0
0
0
0
0
0
0
63
0
2
0
1
0
3
116
0
0
0
0
0
1
0
0
0
0
2
0
1
0
0
0
1
4
1
0
0
0
0
0
0
0
0
0
0
0
0
0
0
0
0
0
0
3
0
0
2
0
0
0
0
0
0
0
0
0
1
0
0
0
0
0
0
0
0
0
0
25
0
0
40
0
2
0
6
0
0
0
0
150
318
0
12
0
0
0
46
5
0
75
0
4
1
0
1
0
0
0
0
2
0
0
0
0
277
0
0
0
0
0
0
0
0
241
0
0
15
36
17
0
0
3
0
0
15
0
0
0
2
0
40
0
0
0
0
0
0
468
0
0
0
0
0
0
8
1
7
0
0
0
5
0
0
0
0
0
3
0
179
7
32
0
21
0
0
4
161
0
0
0
0
0
0
0
294
0
0
0
0
0
436
2
1
212
72
0
5
0
0
0
0
11
0
0
0
2
0
0
0
0
0
285
0
0
0
1
0
0
100
0
0
0
0
0
0
2
0
0
9
0
434
0
2
0
285
2
3
0
0
1
0
22
172
0
0
5
1
0
0
3
0
10
0
0
0
0
1
18
1
0
0
4
0
0
0
0
0
0
1
0
2
2200
39
61
0
25
0
0
48
2
0
10
1
7
369
11
0
0
2
0
1
1
0
3
0
0
0
0
11
94
7
0
250
0
281
50
135
0
0
0
0
3
2
0
0
246
6
5
81
3
41
0
0
120
175
52
636
0
0
0
97
1
0
9
12
0
0
24
0
30
166
0
88
0
1
0
46
0
3
0
0
69
0
0
0
308
0
22
0
0
2
2
0
71
0
100
26
324
0
29
0
0
0
0
3
60
14
111
12
27
0
26
0
29
0
1
283
15
2
0
88
0
92
3
1045
94
0
0
0
56
0
4
0
0
0
0
0
0
172
0
265
0
562
0
0
0
0
0
3
29
0
0
0
0
0
0
0
0
88
82
22
0
0
594
0
1
6
1
0
10
0
0
276
0
17
0
0
2
0
7
55
0
0
149
0
23
0
51
0
8
0
113
0
0
24
0
0
280
150
2
2
0
10
0
0
18
0
0
2
0
4
452
0
0
0
0
0
13
0
0
3
0
1
355
293
3
2
251
2
304
0
55
4
48
0
27
0
0
12
277
0
73
1
2
1
266
0
0
0
23
0
48
0
3
0
0
0
0
0
0
180
0
0
0
0
0
0
0
0
5
60
0
0
0
0
0
1
1
0
2116
1
279
0
4
0
0
16
32
0
266
6
0
0
9
0
0
36
0
2947
26
486
0
0
129
27
75
8
6
2
1903
0
236
165
201
0
136
0
58
697
377
0
0
0
1
768
0
1627
0
0
0
0
7
91
10
1
0
0
0
84
1
48
10
3
94
175
0
497
1
1
0
154
91
4
0
166
62
2
291
0
37
30
0
2
0
41
0
1
0
0
0
192
7
0
4
1008
0
0
6
13
0
32
114
48
1
0
135
86
0
0
1
6
0
0
0
8
0
0
0
0
16
0
0
0
348
65
51
0
11
0
0
0
377
0
0
51
0
17
0
0
152
68
1
68
0
0
0
0
133
2
37
6
0
0
0
0
0
0
5
0
163
82
8
0
5
139
99
0
0
283
6
49
0
14
0
164
6
0
39
0
0
0
12
613
0
38
0
9
651
43
8
8
14
0
2382
24
0
15
3
12
426
0
0
70
60
313
0
82
359
0
0
15
20
46
0
208
0
0
0
0
0
0
11
82
0
0
120
0
49
4
0
17
0
0
0
0
0
74
0
63
67
0
3
0
0
0
0
0
488
14
568
793
335
3
0
12
9
0
15
1
0
0
441
489
0
214
0
1
0
419
0
0
46
0
0
0
23
0
18
5
3
0
146
0
28
1
19
0
0
68
6
1
35
2
83
518
28
0
0
29
289
229
1
0
0
0
0
0
563
19
1
569
0
0
0
28
2
302
7
0
2
0
25
37
115
311
1
0
0
3
0
21
1
0
5
1
0
2
21
0
695
0
109
161
0
0
0
0
19
152
0
1
0
0
24
0
9
302
0
0
0
0
10
2
14
0
26
0
0
0
24
20
0
0
0
1
515
0
1
74
1
0
0
1
15
0
38
62
1
0
3
0
7
113
0
0
0
0
187
18
0
23
0
11
2
20
36
0
58
0
0
0
0
56
0
4
260
0
0
4
0
0
0
34
0
72
14
0
0
6
105
4
0
2
3
240
112
6
0
0
0
0
0
208
14
0
1
9
2
0
0
0
0
0
100
0
1
9
0
0
0
0
1387
0
35
0
1
0
2
0
0
0
0
533
0
0
0
88
0
90
0
1
0
0
216
2
1
3
0
0
1
0
0
79
0
0
0
749
0
5
13
1
81
0
798
0
0
0
0
1038
39
0
105
18
0
0
0
5
147
3
32
3
7
0
0
0
0
9
0
19
596
41
48
6
0
0
0
13
0
1
252
717
3
58
0
0
0
2
0
13
134
0
0
48
0
203
44
30
0
0
94
243
9
40
0
419
0
18
0
0
0
0
1
13
216
485
65
22
7
0
0
0
0
182
50
0
2
0
506
0
0
35
0
0
76
46
0
267
3
0
553
0
0
32
0
0
0
0
0
731
3
3
1
3
0
0
0
49
0
0
286
0
2
0
0
1
0
16
0
93
30
9
4
0
2
0
0
0
702
178
2
26
22
151
0
15
7
0
0
1
0
0
0
1
0
0
0
0
0
21
0
0
164
10
20
0
2
5
0
9
0
0
0
4
0
0
1
17
0
11
31
1
0
0
4
0
0
3
0
67
6
0
0
10
0
0
0
0
0
2
88
0
0
7
5
617
0
0
15
67
24
14
1
0
0
0
0
0
0
0
11
10
0
27
40
0
0
2
32
0
165
0
1
3
489
16
3
0
1
31
9
0
0
45
783
0
14
0
56
17
1386
96
405
3
5
210
7
0
674
0
0
6
24
0
0
38
0
0
115
0
3
0
4
2
4
11
0
0
0
0
15
0
0
0
0
0
53
113
65
5
0
0
14
133
0
74
146
0
0
0
0
12
0
0
50
0
25
0
0
10
69
1433
1
0
5
0
0
0
37
33
1111
0
8
7
6
0
0
0
2
1
33
465
0
0
2
0
0
0
42
156
4
18
0
487
64
0
0
0
237
2063
0
209
0
0
29
208
9
0
22
11
0
1
18
19
0
0
28
1
0
0
0
20
245
92
323
4
0
80
0
0
0
21
0
2
66
0
0
0
1
58
20
0
5
0
0
11
235
0
0
0
2
0
2
296
0
3
214
415
697
445
3
0
89
1
27
0
2
0
164
3
0
0
0
0
14
0
9
0
1
0
29
7
273
8
3
0
33
3
0
882
0
1237
0
0
0
127
17
19
0
691
0
0
12
39
376
17
5
619
26
24
0
24
4
385
10
0
0
0
2
21
786
0
67
0
33
16
0
0
41
211
0
43
8
487
230
8
3
1
17
0
0
2
0
263
208
227
11
51
0
169
0
41
0
2
222
43
0
1
0
244
0
0
0
35
18
98
0
465
0
0
4
0
15
61
0
215
25
15
15
209
111
87
15
10
1
98
0
0
0
127
0
1
28
2
0
0
109
0
0
10
1
0
0
25
1172
21
2
317
159
0
651
0
0
2
6
0
263
51
0
108
20
2
0
0
0
0
32
29
57
0
110
0
1
1
1
12
0
377
0
1
447
0
0
0
22
2
0
0
64
43
0
0
0
0
101
0
0
460
1
0
0
9
0
0
42
0
58
1
0
49
0
8
0
5
0
384
15
296
0
0
553
107
0
37
27
0
0
2
0
27
1
0
0
0
0
0
20
0
51
0
67
1
49
21
19
0
18
1
3
2
0
13
29
16
58
693
750
33
50
0
0
0
33
0
203
1
0
2
0
606
3
12
443
33
320
294
0
0
11
0
111
0
16
0
0
289
28
5
0
81
9
0
8
0
58
65
124
5
0
0
3
63
0
0
0
313
10
0
6
38
0
54
3
8
10
0
0
13
0
0
136
251
0
13
0
97
5
0
0
5
0
309
0
3
0
0
0
0
0
0
0
5
0
0
0
4
358
213
193
5
1
0
0
75
40
0
0
0
0
0
75
133
0
0
0
40
0
0
0
0
6
0
0
0
0
0
4
0
0
2
0
6
22
24
16
6
0
2
11
116
25
0
19
2
199
0
0
0
0
0
103
0
175
0
178
0
77
6
6
148
285
340
0
0
17
0
1
0
40
0
16
14
2
5
17
56
3
0
5
205
0
22
0
24
744
0
0
0
41
9
22
50
79
62
19
2
5
0
2
17
0
364
1
0
1
35
0
0
0
0
0
41
13
100
1
0
0
1
0
19
45
5
107
1
0
285
0
513
0
0
11
490
0
0
32
0
0
1
34
0
0
261
2
0
0
0
5
10
0
0
0
0
0
2669
4
46
0
0
0
5
146
13
112
135
108
1119
67
0
47
0
402
26
0
237
4
123
0
47
0
77
4
43
0
0
0
1
0
4
0
5
0
74
0
0
0
0
100
1
23
242
0
0
0
136
0
2
0
0
3
0
84
1932
0
225
0
0
14
81
14
0
0
13
0
0
0
0
208
0
0
0
23
0
5
0
0
2
3
9
117
40
61
0
3
350
4
0
5
2
0
545
0
0
0
148
0
240
95
12
0
1
0
0
0
0
0
0
274
42
193
0
99
7
0
9
941
6
12
0
0
7
0
6
0
0
0
0
216
1
4
56
0
0
0
0
1
6
0
1
538
0
0
15
0
393
0
3
0
0
343
3
170
24
1
0
8
0
0
0
914
0
0
0
0
0
0
0
0
0
27
1
0
0
2
0
179
2
0
69
0
17
18
2
78
0
0
0
0
0
36
0
0
0
0
0
1
0
0
11
0
321
0
0
732
0
0
0
36
1
0
9
201
17
105
0
6
48
0
0
0
0
4
0
5
34
5
2
0
0
0
0
0
0
0
0
0
1144
0
31
164
0
3
2
0
4
0
0
333
0
0
423
0
1
0
0
214
2
0
0
0
2
2
30
22
0
0
2
5
0
0
395
0
46
2
0
38
0
0
4
38
2
1
3
74
195
0
9
1
92
2
0
8
0
0
1
0
4
2
0
0
317
1
4
0
0
0
31
0
1
4
196
0
0
0
0
208
9
0
0
0
123
377
0
11
1
0
36
76
39
221
0
1
0
0
9
0
3
395
9
71
14
0
321
315
3
0
2
5
7
3
0
36
196
0
0
0
0
0
0
151
1
1
0
0
0
292
21
0
185
326
67
29
0
12
3
4
8
3
0
42
142
0
46
45
99
533
0
0
282
0
6
2
0
0
0
240
0
560
1
56
497
14
59
0
0
0
2
36
1
13
0
0
0
73
2246
0
319
108
0
0
4
0
72
0
0
0
0
0
0
298
0
0
0
0
0
0
62
1
9
39
0
981
0
0
0
0
54
20
0
68
0
0
0
0
0
0
0
0
0
0
152
0
97
0
6
8
141
64
0
53
0
0
0
0
1
0
81
0
0
21
35
0
0
121
0
0
0
0
2
9
0
172
138
1
20
87
0
0
48
540
0
0
0
9
0
0
26
547
45
0
0
0
0
0
0
12
87
567
0
282
23
256
13
0
0
0
2
0
0
254
1064
0
0
0
0
0
188
142
23
0
0
0
0
12
241
0
3614
0
3
498
407
0
0
0
0
0
0
20
60
0
0
2
3
0
135
3
0
47
39
1
354
0
262
0
101
0
0
0
0
0
0
166
1582
0
269
1
147
24
78
419
0
0
0
0
55
61
0
108
163
9
0
3
0
277
136
0
0
0
25
0
0
0
2
0
1
0
12
0
0
4
0
10
0
0
0
808
1
0
0
307
0
21
0
68
0
0
9
1127
0
0
0
416
109
0
0
2
3
0
12
149
851
0
0
51
0
347
1
2928
0
1
200
0
0
0
5
0
1
0
2
0
39
0
407
163
0
25
8
23
0
67
0
109
400
2190
2
134
268
0
0
0
16
0
135
5
0
0
0
0
0
213
0
4
0
0
6
20
0
0
64
11
3
5
7
64
53
3
5
0
0
2
173
0
158
19
5
0
0
0
450
0
0
122
0
0
0
0
1026
0
45
0
0
117
0
0
0
0
50
0
1
0
278
0
0
21
0
1
0
0
4
135
2
0
96
195
0
6
5
10
62
1
0
0
0
37
0
28
0
0
3
16
0
0
275
95
0
5
408
17
76
403
176
0
0
0
0
0
0
2
231
176
0
0
0
0
12
175
3
0
7
7
770
3
3
0
0
198
57
102
0
663
13
0
0
231
0
0
0
0
0
3
118
37
22
21
273
0
0
0
0
1
0
300
0
5
123
283
4
0
52
0
0
0
200
130
94
0
0
0
2
131
1
3
665
0
0
0
189
0
0
0
1
0
615
711
0
2
11
183
0
0
0
0
0
10
444
541
0
344
0
18
0
0
37
0
4
0
0
1
6
0
0
0
0
0
3
76
2
0
0
0
62
0
0
0
0
0
2
515
36
0
2
147
0
188
62
1
7
31
24
0
0
0
0
177
21
0
3
145
446
2
0
0
0
0
0
2
0
0
0
18
0
22
0
966
0
0
0
345
0
0
71
0
11
0
0
0
1
0
241
235
1
276
0
0
56
0
3
0
3
0
0
24
0
0
4
0
0
0
654
18
10
61
0
0
0
11
0
90
48
0
1
386
0
0
0
207
0
0
4
3
0
653
1
0
281
8
0
0
0
0
1
0
0
0
10
2
0
0
0
0
0
0
0
0
0
0
0
167
0
0
11
0
0
3
2
0
0
40
5
6
0
395
0
2
1041
0
32
0
6
18
0
0
0
27
14
0
10
916
0
78
0
0
63
0
0
164
0
202
0
2
0
8
373
0
0
0
0
0
29
133
7
0
0
0
18
245
459
0
12
12
0
10
5
2
0
17
41
0
0
30
14
0
0
0
126
0
0
0
1
25
0
131
0
0
18
32
690
94
9
60
0
0
35
736
3
3
840
0
0
0
11
46
0
0
32
0
0
0
11
2
30
0
12
0
0
0
18
1
0
0
0
635
0
3
0
44
0
0
17
6
0
0
2
0
41
0
5
0
0
25
11
7
0
0
540
0
77
14
1
1
98
0
0
0
26
135
0
5
0
8
0
244
0
0
0
137
854
0
0
53
0
80
0
0
0
0
388
2
0
0
1
36
22
11
66
16
0
90
0
3
0
288
53
47
0
13
14
5
20
0
0
55
0
6
0
33
332
0
0
0
98
0
567
0
0
214
2
0
0
0
0
0
0
12
7
2
229
0
9
40
0
374
12
0
0
69
0
0
0
0
332
0
595
531
73
134
0
0
61
1185
0
0
5
25
0
0
0
0
85
0
111
3
0
91
474
0
0
0
0
4
0
203
0
0
84
0
0
378
0
11
0
23
379
0
0
0
58
4
0
33
195
0
1
0
0
274
319
32
8
0
1
0
0
0
5
0
0
41
0
0
14
15
16
727
176
0
3
73
0
0
0
0
0
0
0
0
0
541
0
85
0
2442
0
478
5
0
0
130
0
0
0
5
11
48
26
100
58
7
36
0
55
3
71
0
8
0
0
0
38
2
0
211
19
139
0
0
1
0
2
28
136
0
0
0
0
0
1501
0
124
15
87
64
59
13
0
0
90
31
0
163
0
0
0
0
87
0
0
6
5
27
0
0
1
10
2
0
10
0
292
0
0
0
7
0
0
0
0
292
0
0
0
42
0
10
43
0
3
0
109
0
0
1
211
0
0
0
277
17
19
36
0
2
282
0
0
313
0
0
0
126
0
2
0
31
0
0
0
0
0
89
26
607
24
0
0
0
2
145
0
10
0
239
78
0
401
1
172
64
34
14
81
0
0
53
288
0
392
0
14
0
58
0
2
0
0
475
0
0
0
28
0
904
0
11
0
4
0
41
0
9
3
61
0
1
79
0
0
0
0
88
0
14
107
2
0
0
122
34
74
15
0
0
0
5
31
77
0
0
26
0
0
0
0
0
0
317
0
8
15
23
48
0
0
0
2
124
3
32
0
12
72
8
0
0
0
11
1
36
0
45
0
3
0
0
72
1
27
227
2
182
71
0
27
0
41
31
2
26
0
16
0
144
39
28
0
0
144
3
17
0
2
0
50
335
832
42
0
0
0
0
0
137
176
3
23
0
73
0
22
0
0
0
0
39
0
44
0
14
12
95
3
0
5
33
159
0
74
0
0
0
14
0
0
0
0
3
0
96
82
0
63
17
1486
6
173
0
20
17
0
0
0
0
6
0
0
3
0
6
1
33
6
1
0
1
11
94
0
103
7
219
21
0
632
22
69
0
5
0
0
4
0
362
0
125
14
0
0
24
1
2
0
25
0
6
0
0
0
52
31
679
15
5
13
0
2
1
18
0
0
141
0
0
24
179
0
0
0
352
0
357
3
0
0
23
140
1
0
148
33
0
0
0
0
0
364
3
23
531
413
0
54
1
0
76
29
450
126
0
0
2
28
0
72
109
113
14
10
0
4
0
66
731
0
0
32
11
0
1
0
0
133
0
524
336
216
0
0
405
0
403
2
0
6220
0
0
0
0
17
4
8
0
1
26
0
143
72
0
361
22
80
2
0
182
0
0
129
140
9
0
1
82
9
184
0
0
0
0
9
0
0
0
3
0
20
0
0
0
20
0
183
0
0
201
0
534
42
0
39
0
12
120
0
0
67
36
2161
0
0
0
396
304
1
0
39
6
0
854
5
120
0
0
0
0
6
87
10
3
12
0
0
0
5
1
2476
7
0
0
0
49
2
0
0
0
0
0
11
0
3
146
0
0
45
0
0
0
593
0
51
89
0
3
0
0
0
211
0
0
10
0
26
0
232
0
0
0
2977
24
58
0
0
0
36
48
79
0
7
0
10
3
1
216
8
434
0
0
0
191
19
0
102
113
0
126
0
3
0
0
0
13
88
3
807
136
0
0
0
0
289
0
0
0
195
8
0
564
24
0
4012
33
276
75
1
1
0
0
0
52
21
27
0
0
38
86
11
9
0
218
0
3
31
14
0
3
1
0
0
20
0
0
0
0
0
463
0
15
2
0
0
1
22
1
0
2
30
0
577
0
1
0
0
1218
0
0
0
6
0
26
0
150
156
0
0
0
0
0
0
0
0
0
0
0
0
0
0
0
0
0
0
6
0
0
0
0
218
0
0
0
0
0
13
7
0
3
1
113
14
4
489
4
0
0
0
0
0
3
0
0
0
105
0
0
0
0
2
0
55
72
2
0
0
0
0
9
1
3
0
31
54
26
0
1
21
277
3
0
16
57
0
0
26
39
0
0
87
29
0
0
5
0
572
78
0
0
98
0
21
0
116
19
0
0
47
21
606
44
0
18
0
0
0
3
0
409
0
0
0
0
0
0
0
0
0
170
6
90
0
0
0
0
0
0
7
171
0
7
46
305
0
0
88
0
0
0
131
4
0
1
205
3
0
0
0
3
332
0
0
6
0
377
0
0
0
0
1
6
2
0
0
4
0
0
0
0
0
62
0
920
1
1
245
18
0
65
0
99
228
2
75
0
1
4
0
806
0
0
0
0
31
8
1
5
0
0
2
47
0
0
0
0
242
236
141
0
25
1
37
0
0
0
0
0
0
0
919
0
5
9
0
0
0
0
0
0
79
0
0
243
39
192
103
0
9
0
0
0
27
0
467
0
2
170
0
0
0
2
0
0
0
0
186
0
0
0
0
0
559
4
3
3
0
271
0
0
0
23
1
0
54
0
2
0
61
52
0
0
0
234
0
0
0
0
176
25
149
0
13
9
2873
0
0
131
0
0
1
0
0
0
0
0
136
15
0
1
0
0
141
0
1
32
2121
2
116
31
40
0
0
104
10
0
16
8
552
467
0
40
0
0
0
0
0
0
2
3
164
0
0
0
0
0
0
0
99
4
229
0
0
0
9
29
576
0
10
0
0
0
2
0
0
2
0
0
594
82
0
0
0
0
0
0
36
144
0
183
0
0
0
21
0
3
9
0
0
1
0
97
0
69
50
0
150
35
3
574
0
0
5
0
73
0
161
0
65
20
0
0
0
6
0
0
1
0
4
1
0
0
0
16
0
47
545
0
214
0
361
0
278
0
0
2
9
13
186
1
172
40
24
0
1
12
0
5
2
0
53
16
35
8
2
2
4
0
0
0
6
0
0
103
0
0
362
0
0
4
0
0
0
0
0
0
27
1
12
2907
97
0
36
0
4
3
56
0
3
0
0
0
0
7
0
0
0
0
3
30
286
12
10
0
5
0
293
0
4
0
0
0
0
0
2
3
0
8
78
128
0
588
0
27
101
740
121
7
0
0
0
3
214
95
0
1
0
0
0
72
0
0
0
0
4
16
66
25
2337
0
4
9
112
299
0
0
7
3
84
0
52
0
484
0
0
48
0
0
0
3
0
108
0
178
31
139
0
373
2030
196
0
32
6
7
2
0
4
0
41
1
0
0
30
0
55
0
3
4
477
325
35
0
0
0
0
0
1
34
0
28
36
0
0
10
538
2
13
0
0
0
0
1
1181
2
41
0
2
444
0
0
1759
5
86
5
152
0
0
0
0
0
920
0
935
1
0
0
556
2
3
0
100
0
54
735
0
3
5
3
920
3
0
0
31
0
0
11
0
0
2
56
0
0
24
31
45
0
1
0
77
204
5
0
0
0
7
0
0
136
0
2205
0
0
7
4
0
0
0
32
0
0
0
834
0
569
0
0
124
0
0
0
6
8
91
2
0
26
0
202
0
0
0
59
10
89
0
172
0
0
0
1
0
0
0
27
0
0
107
0
4
3
647
0
0
2
60
6
0
97
0
0
5
0
101
22
0
6
0
0
0
317
12
3
0
0
1
0
0
0
0
0
62
114
1
36
150
5
0
96
1
122
0
13
0
4
1
0
0
0
21
5
0
0
22
1
9
212
0
0
0
43
57
4
8
0
483
6
21
0
2
0
0
0
0
4
120
0
0
0
0
63
0
0
8
0
23
16
2
1
0
36
2
0
653
14
0
56
90
2
0
11
28
0
1809
518
5
85
16
461
48
0
0
6
0
31
296
0
34
0
0
0
2
0
1
2
2
0
0
103
0
3
0
0
1
0
0
0
0
0
0
79
0
17
0
27
0
0
0
0
0
0
0
0
0
202
0
3167
9
2
2
0
228
0
0
0
0
0
0
0
11
0
0
245
0
1
0
0
5
57
0
519
30
0
0
50
0
0
0
23
0
2
0
0
0
0
63
3
0
0
0
8
20
36
2
0
0
61
14
0
64
11
0
0
72
9
0
0
0
0
41
113
5
20
0
0
0
33
1
0
2
0
137
4
3
208
0
0
0
2
0
0
331
0
0
0
0
0
0
0
358
972
0
6
0
0
17
146
0
1
0
0
60
247
0
152
546
0
0
8
0
0
90
0
2
2
2
0
0
66
1
1
5
832
0
1
0
0
253
0
0
0
0
0
0
0
260
33
3
0
36
0
70
0
0
315
0
0
114
6
137
133
0
0
94
0
0
0
61
18
0
9
0
24
53
66
0
0
0
0
0
0
1
0
0
84
0
0
12
55
0
5
15
0
176
62
22
0
0
0
0
1
0
479
0
175
0
23
3
0
259
1
0
3
0
240
0
12
4
53
6
850
2
0
35
111
129
48
59
1
0
104
0
720
0
43
0
41
0
0
41
107
0
0
218
0
145
0
0
0
0
0
0
9
0
84
0
0
0
9
0
1
0
0
282
0
2
97
0
207
28
0
494
1658
8
1
0
2
0
560
59
0
0
0
2
0
0
0
0
259
39
0
0
0
0
346
0
36
3
0
10
0
0
0
0
62
2
61
32
1
0
4
137
0
263
0
49
1502
2356
30
49
0
0
5
89
4
0
251
22
26
0
0
33
86
15
0
418
0
0
65
0
0
2
0
4
0
0
3
0
0
14
31
0
2
0
17
0
20
2
11
0
110
0
25
115
0
0
98
7
0
1
13
41
1
0
0
2
0
41
3
0
20
0
0
1
0
0
14
89
161
8
0
0
0
0
0
0
0
550
0
0
0
0
364
0
0
0
4
0
2
7
0
41
0
2
0
0
0
8
14
8
0
0
285
47
0
7
0
0
0
2
6
61
23
0
768
0
54
130
0
0
49
0
18
32
0
0
0
0
0
20
0
8
0
43
56
1
0
17
62
0
0
0
0
0
0
65
0
0
4
0
72
0
0
20
86
0
90
0
18
27
0
319
1
0
0
278
21
16
0
0
0
0
15
0
241
0
276
126
0
50
51
4
188
0
19
27
4
0
0
70
9
0
161
2
3
232
0
4
0
1119
0
0
0
5
0
0
0
0
188
18
0
1
164
0
3
0
24
702
0
0
0
0
210
0
1
10
1
0
0
0
0
0
53
0
5
286
0
0
378
0
12
161
0
595
2
172
33
0
3
6
21
78
206
0
51
49
0
9
242
30
0
0
0
0
0
0
193
29
0
0
0
28
324
57
2
763
0
0
0
4
5
1111
0
56
76
0
15
142
4
617
31
0
0
69
99
0
0
0
0
1
0
0
45
440
153
264
10
1232
127
234
4
74
0
0
0
0
0
193
0
7
0
275
13
0
1
0
27
23
0
0
3
51
1467
146
24
0
0
0
331
0
5
0
0
0
0
17
0
202
65
0
3
0
18
25
13
0
0
0
0
0
0
132
0
10
53
13
0
28
0
2
235
3
854
0
0
31
11
633
5
0
13
0
2
0
0
0
0
0
0
1
37
387
0
20
0
0
0
2
0
2
35
68
30
0
0
6
0
6
0
7
41
18
30
82
105
1
0
0
0
0
0
125
32
129
0
0
38
0
126
0
147
0
477
35
0
0
0
9
32
9
24
1
2372
11
2
0
4
4
0
2
186
4
0
0
0
12
222
0
0
26
4
378
0
630
827
8
49
212
19
3
46
12
41
0
118
436
95
1
128
0
0
0
141
1
0
0
7
178
154
842
1171
0
160
0
351
0
0
0
0
0
0
0
17
0
0
0
2089
270
60
0
442
140
0
5
19
0
862
2
0
4
0
0
5
30
10
0
0
508
0
57
7
12
0
0
242
613
0
17
1
0
415
0
230
0
0
140
76
42
43
0
0
0
0
0
0
0
27
206
11
0
0
4
180
849
0
1
5
18
0
113
7
820
0
0
133
3
0
0
0
0
0
227
0
0
0
0
92
3
0
0
642
2
91
99
65
81
3
0
78
0
3
0
55
0
18
0
7
0
750
1225
6
189
8
6
0
95
101
95
0
152
0
0
0
0
119
0
0
0
0
0
1
0
53
14
80
36
48
124
21
4804
319
23
0
46
0
2
0
3
0
0
18
1
0
0
1
61
84
10
0
4
6
20
0
77
13
598
0
4
5
13
0
24
0
6
0
0
12
62
0
8
0
6
252
0
0
0
10
0
329
638
0
0
0
373
3
28
186
22
359
288
0
122
0
105
3
0
0
0
47
0
33
0
0
228
0
0
0
3
0
0
2
3
547
11
35
204
0
3
12
0
303
1
0
0
0
15
0
0
30
3
0
0
141
38
705
0
0
841
0
0
328
0
0
0
0
0
0
0
1
36
0
0
0
9
0
73
0
0
0
0
0
0
0
0
1
81
6
0
5
0
0
0
10
0
0
0
0
1
1
0
645
6
0
169
0
0
51
0
0
5
214
0
0
313
0
0
0
2
0
12
154
3
18
0
190
70
1
0
25
0
0
0
0
0
0
13
0
0
0
13
0
0
128
36
11
0
4
311
408
0
0
5
0
549
2
0
0
40
62
811
0
0
30
0
0
1
18
3
12
0
0
0
0
0
200
3
0
382
0
139
0
311
0
33
23
6
34
257
0
683
19
2
0
0
242
2
0
114
0
18
0
0
6
0
445
2
3
2
0
0
0
1
32
0
0
380
0
0
0
2
0
0
4
60
57
22
0
0
16
1661
306
0
27
0
0
0
1
0
0
0
6
25
10
21
39
1099
0
0
1
314
0
10
0
0
0
0
385
76
2
5
0
101
4
0
4
87
0
0
0
0
1
79
0
0
7
0
0
7
0
1
0
0
206
21
33
0
0
0
0
4
0
0
1
1
4
0
0
0
27
2
0
122
0
1
0
0
0
0
0
0
0
0
0
0
1207
0
0
0
43
0
50
46
58
0
1
8300
0
2
0
108
8
0
1
0
0
0
0
0
0
0
208
0
0
0
11
0
0
0
0
0
0
0
0
0
0
87
0
1
0
2
3
1607
10
25
0
0
0
0
1
0
0
1458
369
126
48
5
0
0
56
0
162
39
97
384
5
275
197
234
0
221
59
0
25
0
0
0
0
0
126
2
0
0
3
13
9
328
2
245
4
89
0
0
0
0
19
38
5
0
0
4
54
17
29
5
56
0
0
8
10
0
0
0
0
0
1
0
0
0
0
0
0
0
0
61
12
0
0
0
1063
0
0
4
1769
131
0
151
0
0
0
0
1
275
0
0
817
6
0
227
0
0
33
20
0
0
3
0
0
181
0
0
1
0
0
0
236
149
0
0
0
0
2
6
0
0
3
27
6
2
0
35
0
0
0
3
294
0
0
208
0
0
0
69
0
8
90
0
0
43
0
0
0
0
76
0
0
1
27
0
0
2
8
0
0
46
11
0
0
0
1
14
0
35
0
1
0
1
427
0
152
0
0
1
0
0
1
0
0
185
559
0
0
0
15
0
120
0
0
0
43
80
10
0
0
172
0
0
134
33
0
0
1
0
0
779
0
0
0
464
0
1
4
50
0
63
892
1
2
0
2
0
0
0
3
0
0
2
56
48
0
0
0
0
0
0
0
1
0
0
474
0
19
0
17
1
0
2
0
1
0
0
0
0
0
0
0
0
0
0
0
0
0
7
164
4
75
0
0
0
51
0
0
0
625
0
1125
0
353
0
0
0
0
0
25
0
5
0
4
0
2
0
0
4
0
0
0
0
439
5
0
0
161
2
0
0
0
2
0
0
6
0
1
50
0
181
24
0
0
1
8
0
25
0
1
6
14
0
0
0
0
0
0
0
0
0
0
0
0
0
0
0
5
0
2
124
11
0
0
0
0
0
0
0
0
570
0
0
0
13
31
0
10
0
0
0
0
0
26
5
0
0
0
0
856
130
0
127
0
0
0
0
0
0
0
0
9
362
10
76
0
0
0
459
387
0
4
72
0
0
1
0
0
2
321
1
0
0
2
1
822
0
208
3
2
8
0
324
0
1
3
1
0
309
0
0
0
2
0
0
4
0
0
0
86
88
0
0
0
1073
0
5
147
0
896
2
0
0
0
0
0
0
11
0
0
0
0
5
0
0
0
0
53
0
37
0
9
334
1
719
0
2
0
0
1
13
0
0
5301
0
0
0
0
0
1
2
0
0
22
0
0
1
0
0
296
0
147
0
0
4
0
369
91
0
247
0
2
423
1
16
0
0
0
0
1382
0
0
0
0
0
0
1238
7
0
20
22
6
2
0
0
0
52
4
25
0
0
2
0
74
4
0
99
0
1
1
0
0
0
0
0
18
122
8
0
0
0
0
0
0
0
0
21
55
0
0
0
0
124
0
0
0
3
0
84
0
0
0
0
0
0
1
0
0
0
1
7
0
4
233
2392
115
5
0
0
0
71
0
2
0
0
0
0
0
0
0
49
0
142
14
0
0
62
1
1
0
0
898
0
0
129
0
0
3
19
5
0
36
1
6
0
6
638
166
30
4
0
22
0
3
0
40
0
15
3
75
0
333
0
0
288
2
249
119
25
2
0
0
176
5
0
180
42
0
231
0
0
0
27
0
243
0
0
0
0
3
262
1255
546
8
0
4
0
0
0
668
129
131
0
283
0
0
3
5
80
2
0
21
4
13
38
14
0
2
32
8
0
0
0
109
11
64
622
43
67
118
0
4
4
86
0
133
7
0
61
0
16
0
0
64
2
0
0
2
1
10
0
38
1591
0
0
1514
0
0
51
1235
1
17
46
5
0
4
3
4
0
0
0
0
2
0
5
3
33
5046
236
0
524
2
142
549
7
0
49
0
1
0
0
0
48
5
49
3
0
0
33
160
279
0
0
588
3
17
0
24
0
54
58
79
2
0
30
0
118
0
0
0
0
77
0
9
22
121
46
3
4
207
12
141
185
31
0
0
68
1180
3640
0
0
36651
53
249
0
0
0
0
109
264
0
38
15
225
0
0
0
254
0
164
0
1
2246
11
91
1776
0
0
8
842
0
8
42
134
71
105
301
0
0
465
53
25
0
86
32
0
68
518
0
0
5
199
0
2
0
0
0
0
9
0
0
8
307
15
210
27
247
569
0
16
70
0
32
5
757
0
119
6
69
3
5
0
77
0
857
395
1514
0
0
94
64
0
177
159
0
0
0
15
0
709
2
88
0
39
270
8
0
0
7
179
0
0
3
250
0
70
0
0
6
1
32
14
0
236
0
393
19
0
40
25
0
1035
0
788
3
156
0
0
4
3
134
167
6
0
0
625
0
442
0
0
170
184
29
0
0
125
78
8
112
0
5
0
131
54
0
0
1887
0
0
394
6
66
31
192
1
2
33
15
3
121
0
36
34
0
142
672
122
47
5
609
36
0
447
9
1
232
0
3
17
28
2
0
67
60
688
11
7
0
0
0
363
84
327
101
307
0
25
0
0
0
53
377
16
0
0
25
33
0
1
20
140
669
0
2
174
0
163
11
64
15
0
0
23
5
255
0
0
66
5
7
125
30
1
34
0
134
24
21
0
0
25
19
433
0
0
0
0
2
17
7
173
29
3
0
17
2
0
0
106
999
1
0
0
0
45
702
47
91
1474
214
12
2
0
17
11
0
218
5
76
77
11
23
4
0
1
262
15
0
13
1
0
284
0
4764
2
52
13
0
0
50
0
0
0
19
0
1
120
13
0
206
0
2
9
3
4
228
0
2
45
337
0
0
38
38
1
0
276
839
3
0
23
0
0
0
709
14
17
2
15
0
0
0
45
30
365
0
41
0
11
10
2015
0
1
3
12
656
4
0
0
0
6
100
0
234
42
0
0
506
559
0
0
1
3
0
0
18
0
949
52
601
764
2
0
0
650
0
0
0
21
9
0
45
0
0
64
0
0
6
127
137
113
71
86
0
0
0
0
47
0
0
291
19
0
85
0
0
0
376
227
1221
228
2
167
13
5
848
0
1
0
16
1
148
181
159
21
508
0
0
163
0
0
23
0
900
1
13
29
288
23
163
6
0
3433
0
0
1
32
0
1
752
0
138
258
442
0
94
0
71
13
0
43
18
103
2354
0
1
0
579
0
127
14
181
0
18
28
0
134
0
0
0
0
0
1106
0
64
0
0
0
0
35
157
381
1
8
0
0
0
0
0
0
0
637
478
2
0
8
0
0
105
0
0
2
0
0
0
36
1
329
63
0
18
1
1
74
199
24
1
0
76
0
0
4
3
2273
5
3
0
191
0
0
358
0
87
0
2585
82
0
10
0
0
282
0
0
0
24
20
56
0
0
169
153
38
0
161
76
1
0
0
1112
30
6
42
260
4
44
0
53
0
98
0
0
1
0
77
46
0
174
88
0
4
0
0
0
266
346
0
43
0
0
76
261
45
0
157
0
198
151
48
0
13
4
0
11
3
0
0
0
1218
38
3
0
0
0
0
1568
111
157
74
0
0
28
34
10
95
16
0
1
0
0
0
0
430
2
0
8
17
52
76
467
0
0
79
2
1151
7
150
0
43
0
69
9
100
0
107
13
39
8
14
0
759
109
11
0
474
416
0
208
0
3
0
7
0
0
725
109
0
336
0
0
34
0
0
0
669
61
0
3
0
35
461
91
0
0
0
38
0
0
8
114
3
0
0
19
0
48
0
0
0
248
0
0
0
800
0
19
13
8
0
1
9
188
0
0
280
0
0
0
0
0
52
13
0
0
40
0
0
14
0
0
4
0
0
0
87
18
272
0
2
0
3
7
0
2
0
0
0
3
5
0
17
18
0
0
0
0
1
0
2
15
0
4
33
0
0
53
0
0
5
0
17
0
1
5
9
14
16
0
0
0
0
2
1222
0
0
0
0
26
16
27
3
0
0
39
139
2
853
119
4
57
0
69
2
112
3
2
44
1718
4
0
0
31
1
0
694
9
184
0
0
27
0
73
178
3
148
8
115
7
0
62
99
24
2
0
51
823
18
1
53
30
0
926
7
590
2049
0
0
78
56
0
0
1
328
7
4
36
314
14
88
20
0
112
178
177
2
1
0
569
4
0
0
0
0
3
0
0
8
1
26
35
10
198
4
51
1
1
85
51
31
2
0
10
490
7
66
0
19
8
0
3
322
0
132
1
0
0
3
571
0
0
496
0
2
59
0
0
68
11
1405
0
530
4
76
291
23
0
0
0
0
0
1478
0
0
0
0
570
0
0
877
348
2
0
94
4
19
227
31
2
26
145
0
2
269
17
0
0
0
0
0
10
70
2
105
80
0
0
280
1711
30
1794
5
5
0
385
3
175
0
0
24
14
8
0
0
2
0
27
0
22
14
126
0
415
58
325
574
101
436
2
0
913
0
0
0
0
242
488
4
0
0
0
8
5
0
0
0
0
0
0
0
16
31
70
64
58
1
0
0
108
0
0
0
0
1
0
72
0
87
0
14
0
0
0
0
11
242
5
0
0
0
0
1015
153
0
0
0
0
99
2
3
0
419
0
6
44
424
0
433
30
0
18
0
90
0
15
0
0
2
0
3
63
30
1
0
15
11
0
133
0
66
0
6
0
2
329
0
3
9
0
0
18
0
91
66
283
0
0
0
47
410
0
6
0
2
0
0
115
0
3
149
0
4
4
0
0
177
0
13
226
157
66
0
74
104
97
0
1
9
408
16
115
0
0
0
0
7
34
67
612
0
1
0
0
17
0
0
0
0
0
0
0
0
207
37
0
8
25
105
2
21
17
0
16
0
186
0
96
0
132
79
0
2
5
0
0
0
0
41
0
0
11
19
40
0
1
19
133
4
24
0
49
3
0
1
0
0
0
2
14
0
2
9
0
4
0
26
0
1
14
0
0
27
0
21
0
11
0
93
21
0
488
0
1
49
3
8
0
3
0
0
0
1
1
21
0
18
50
0
1
0
44
113
56
170
0
0
24
0
27
8
1202
0
80
69
787
0
2
903
332
0
0
0
403
0
0
1
33
0
0
0
16
0
75
0
20
424
12
510
0
0
3135
111
2
16
0
28
12
0
0
368
0
1432
0
0
123
0
15
0
0
314
0
0
38
0
214
3
12
8
86
2
15
3
0
364
53
0
0
153
3
118
2
74
18
158
8
4
0
0
0
0
0
500
0
0
250
238
0
1
623
0
1
0
5
0
0
0
411
8
398
17
93
820
6
118
0
242
0
20
518
1
0
25
24
0
0
113
0
26
0
0
4
523
0
1839
4
452
19
0
277
1
0
175
0
176
286
0
4
34
270
62
22
0
0
0
6
162
0
0
0
7
211
5
0
0
1
1
354
0
48
1300
32
483
38
10
649
12
6
1
139
538
0
0
459
345
134
0
545
193
42
7
1
4
2
1094
1302
311
15
179
0
53
8
0
0
403
14
27
1
165
63
0
16
5
37
317
74
32
101
0
0
83
2
0
0
0
182
0
57
336
14
0
1
1
32
188
2
19
0
0
403
0
578
28
1
0
0
1018
4
191
755
13
1
81
431
128
203
41
0
1
0
552
0
863
66
0
3
0
0
1000
0
969
63
2080
36
136
165
162
0
189
3
0
1
0
5
38
93
147
0
16
19
8
274
0
0
351
23
0
0
73
144
40
162
0
0
11
1993
0
3
2
0
6
0
254
68
1
16
69
0
70
12
0
0
2
45
191
0
0
0
1
107
0
9
10
13
0
345
1
6
0
0
0
3
14
0
67
0
37
0
75
1
62
1
1
40
19
5
27
14
606
2
0
0
0
85
147
9
652
28
0
0
148
0
9
0
299
153
0
0
177
49
0
164
89
119
0
81
0
5
6
3
1
17
112
554
22
11
0
158
345
0
50
0
17
19
191
194
445
288
936
1
200
267
2
0
0
16
25
0
234
0
113
133
95
0
44
0
132
528
700
267
0
746
964
0
1
0
0
215
0
0
10
86
19
0
0
0
0
0
2
0
0
70
855
100
56
1
20
1420
13
1841
0
0
202
0
7
3
2
0
293
26
4
270
1698
0
39
4
0
157
415
2
0
6
0
5
26
0
49
0
106
6
71
10
0
2
471
80
0
0
94
34
0
0
0
0
82
0
0
2
0
0
574
454
14
179
36
0
4
0
0
17
40
458
3
274
201
0
86
32
46
69
3
40
0
0
0
3
0
292
13
11
17
30
17
83
0
0
0
0
0
1
37
51
477
0
7
0
0
1
1
0
0
42
5
27
0
528
6
92
68
0
0
53
1103
20
73
38
0
0
3
0
40
14
3
0
631
0
544
84
17
0
156
34
97
8
2
0
66
27
246
230
0
0
0
429
0
0
1
4
105
0
20
84
0
0
7
0
121
26
0
542
0
1371
0
69
74
8
0
482
5
0
0
190
0
0
0
0
110
0
337
64
0
178
5
5
18
224
169
48
0
0
3
29
0
0
0
21
312
2
0
1
8
39
2
3
178
62
4
0
27
0
7
0
0
1
3
1011
2
10
0
0
0
12
0
25
0
488
0
2
128
5
220
0
1
0
158
0
42
3
22
9
0
1072
31
11
1
0
0
0
0
0
47
215
26
0
10
0
0
8
170
0
8
16
4
2
4
0
103
405
1757
23
319
1
5
19
0
59
0
16
4
2155
0
43
126
0
1148
0
1
6
55
0
157
27
0
21
3
6
65
30
0
1
1
26
0
4
0
25
0
0
0
0
352
280
5
475
102
0
703
1
0
0
143
131
0
9
30
0
37
1
47
235
257
1280
0
3
2
0
19
865
87
9
201
1249
48
83
0
1596
156
23
0
0
563
49
946
0
0
2
2
86
0
1188
14
117
193
0
9
256
52
0
16
64
753
4
0
13
8
0
5
229
5
11
1
12
0
421
46
5
0
62
5
0
0
1
0
27
4
0
173
75
35
0
866
4
0
78
48
0
8
0
4
0
488
2
298
1
63
0
351
15
314
0
30
0
0
0
3
0
0
0
0
2
72
0
923
0
48
0
5
55
31
0
7
4
197
27
27
48
0
0
4
115
342
0
0
44
0
4
0
0
0
610
0
73
692
0
22
40
123
0
0
0
0
298
17
6
0
9
0
0
0
0
0
5
94
93
43
4
19
11
0
6
2
9
52
10
0
8
53
140
63
0
0
77
0
0
0
22
2
0
28
10
5
91
0
2
0
463
0
0
0
0
0
85
25
2
0
173
66
170
16
206
36
6
19
3
48
92
1
0
3
0
285
84
32
74
227
0
61
191
0
0
0
0
60
1
21
17
0
0
453
0
50
6
10
10
42
106
4
710
0
284
23
0
3203
39
276
0
473
0
0
633
162
13
0
16
125
3
30
0
0
107
31
2444
21
0
0
0
0
1
780
2256
33
89
29
509
0
250
120
0
0
397
0
34
10
6
263
47
273
61
177
9
1
33
298
41
3
0
0
0
1
229
0
21
24
0
8
0
143
41
154
118
6
34
1
134
0
185
1320
74
0
365
123
59
18
2
38
11
321
10
0
0
5
0
3
0
441
0
5
0
2
112
6
2
0
20
0
132
0
10
0
260
0
307
2
438
0
0
17
12
2
2
0
320
2969
101
101
28
299
0
700
19
261
1032
15
112
0
20
82
64
0
24
0
9
0
2
10
30
425
10
2
0
0
0
311
36
72
0
86
953
605
19
0
5
2
47
121
0
69
0
244
138
173
27
291
23
15
0
3
573
0
0
0
0
40
0
0
1
59
0
0
9
427
0
0
3
245
524
230
23
194
18
939
0
110
5
0
14
58
9
10
0
17
249
8
0
0
345
0
911
7
17
0
0
1663
0
0
22
16
0
10
0
79
123
113
0
25
0
0
92
77
1
2004
1915
5
487
91
0
3
0
89
299
62
0
0
0
95
10
1161
8
178
55
1
59
0
401
24
9
208
0
12
0
0
1346
0
21
1
0
12
1367
36
19
191
0
0
0
0
0
0
84
191
0
17
77
0
0
0
2
260
0
2
85
71
203
0
0
7
0
11
618
90
0
106
48
0
25
0
1
0
372
49
17
181
2
757
51
5
207
184
0
0
6
330
0
150
0
0
1
0
157
0
0
20
0
0
0
0
9
26
116
39
473
0
0
0
79
2
0
0
320
0
0
0
0
0
0
303
0
0
4
0
15
0
0
0
2
639
4
22
0
46
0
1
0
659
0
2
712
0
0
2
250
29
597
13
0
1
41
123
33
0
61
616
0
0
0
42
0
0
15
0
2131
0
20
73
36
0
0
0
11
4
180
23
66
184
511
0
0
383
231
0
0
0
15
214
0
79
0
64
266
8
12
11
0
38
3
14
0
149
0
3
0
1
97
48
16
179
0
139
750
34
0
211
0
77
0
294
36
152
1
0
106
679
0
46
1
0
0
119
0
0
0
26
302
0
0
62
89
464
22
15
1
267
0
39
254
215
0
0
0
88
104
741
54
2
34
0
15
0
0
9
0
3
0
0
0
131
8
0
0
0
317
21
0
16
2
0
0
233
23
0
0
0
298
1176
62
951
0
0
0
0
0
244
0
0
33
4
343
0
0
16
0
0
0
236
334
0
0
874
0
2
0
2
3
0
18
0
0
3
0
2
10
61
0
106
76
2
18
0
0
0
188
0
196
747
0
114
0
34
0
8
0
75
0
87
56
2
169
4
0
36
0
0
39
89
0
1
101
1
0
2
200
0
0
0
758
118
24
377
0
0
0
8
147
31
42
152
1
0
2
0
0
0
218
165
2
578
3
77
9
12
0
1
80
116
0
0
0
135
7
5
0
38
196
78
3
208
152
0
0
8
9
131
529
326
0
0
437
0
439
0
0
0
3
129
27
359
0
0
0
0
0
0
39
0
0
0
159
0
1
0
78
0
0
189
0
0
0
1285
0
20
223
0
53
0
6
0
0
52
0
25
5
64
77
480
0
188
0
101
0
3
0
0
0
0
29
0
12
0
33
0
0
0
2
0
353
87
1058
1
25
18
58
5
780
0
31
0
0
0
140
0
116
0
0
134
0
72
0
0
2
4
392
172
147
65
27
42
0
1
9
0
22
0
12
82
89
27
0
3
0
4
105
76
31
157
1
147
0
8
78
1
1243
0
315
0
0
813
2
94
44
433
0
11
1
9
26
1314
96
17
16
0
0
0
0
0
64
346
86
2
462
150
154
0
253
79
41
54
0
8326
6
46
1
170
324
102
2153
0
190
69
14
26
30
0
207
6
0
312
55
0
128
118
10
154
0
0
2
735
0
19
63
29
71
14
3
0
0
2
0
0
63
65
57
0
1105
0
0
0
0
36
291
13
17
1975
6
3821
7
0
84
0
6
1
0
2
7
0
322
352
12
0
49
175
574
0
43
66
190
0
209
0
0
2253
19
0
0
2
0
7
0
0
128
0
5
28
1618
13
156
22
0
372
445
745
117
73
0
85
473
9
0
10
14
612
0
0
521
46
0
2
0
0
0
125
17
646
0
4
54
4
6
3
2053
170
1
0
0
5
186
2
6
0
37
1
0
14
29
153
1127
46
154
393
0
0
0
132
0
0
0
14
0
186
2
0
158
183
40
0
646
498
73
44
15
5265
4
0
0
0
1538
0
0
0
9
0
0
0
0
10
147
13
0
6
0
329
0
0
98
884
0
637
13
7
7
0
0
0
42
11
18
0
11
0
0
21
0
1
0
181
156
19
0
91
262
0
0
174
48
0
84
189
6
0
14
0
0
0
0
177
399
0
0
2
136
16
0
300
0
2438
24
0
0
260
2
5
54
57
0
74
31
28
1012
130
0
0
13
0
2
0
0
60
2
0
153
0
5
5
151
0
71
3
0
3
0
46
20
78
38
2
0
181
0
27
0
5
1
6
2640
7
1
5
27
0
123
0
0
81
14
37
16
503
0
0
27
28
41
206
0
85
14
0
5
530
81
99
29
0
4
0
0
0
0
19
1
32
0
21
0
0
39
86
443
10
0
0
69
215
130
5
136
2
35
1
0
82
0
0
7
0
0
0
23
24
0
89
10
0
0
0
0
0
286
0
141
3
0
0
105
16
253
18
1199
57
130
0
0
53
1
0
5
0
0
93
0
3
13
0
0
0
26
418
1
2
0
0
448
0
1
28
0
427
202
0
468
1
9
1922
1
167
8
0
0
10
0
4
5
19
0
0
3
148
959
133
91
468
0
20
103
357
6
920
31
3
19
194
318
31
1306
10
9
26
0
0
0
26
245
267
1
581
248
0
1
0
201
2
0
0
13
5
1347
29
0
0
32
304
115
1
9
0
0
0
54
0
190
389
20
24
195
0
45
0
0
0
2
875
398
712
2
216
0
119
79
108
0
0
3
0
5
0
717
0
94
84
0
7
1494
64
196
56
226
25
0
9
6
2176
0
5
0
76
0
270
1036
99
0
61
0
210
2
24
0
244
244
10
0
1
135
280
0
15
1
66
40
0
0
19
0
0
2
0
0
215
0
1626
0
0
40
2209
0
34
5
2
5
0
49
0
2
10
322
15
0
248
127
119
48
2
3865
362
40
4
0
0
26
0
0
137
0
3
0
87
11
0
377
0
0
21
8
0
110
0
657
10
80
479
179
537
2
150
0
81
0
437
4
374
0
0
0
0
10
442
15
0
1
516
10
339
0
400
115
153
20
58
11
0
7
2
5
0
0
0
144
0
0
299
0
10
149
559
12
1
0
4
14
5
0
0
45
438
11
2
515
117
212
0
0
0
101
0
0
48
101
14
0
0
194
1
0
6
0
0
95
9
0
0
55
0
414
0
74
7
0
1
0
0
49
0
15
0
55
168
2
0
472
0
221
0
105
3
0
37
2
129
155
262
5
3
0
57
0
0
68
0
451
90
2627
0
17
9
42
90
38
0
4
0
65
12
0
0
0
0
0
4
0
0
237
45
0
4085
1524
8
0
0
0
287
0
86
0
528
66
0
0
1365
172
0
0
2
230
7
0
0
38
23
0
180
575
0
1265
0
2
305
198
142
25
0
0
0
628
1358
2
52
0
301
0
0
0
2087
441
0
0
0
1141
100
1
267
0
0
3
0
4
54
482
0
61
0
0
0
0
0
0
61
22
0
29
1
37
0
0
101
10
8
0
190
0
37
0
49
4
0
875
9
0
0
23
20
0
243
1587
0
106
31
9
246
22
0
0
57
4
12
341
0
7
8
0
0
6
83
95
270
0
0
51
147
157
26
1
151
80
244
4
0
423
34
13
4
14
8
57
161
5
94
3
21
4244
711
129
0
87
0
329
129
0
0
115
184
9
46
11
19
0
7
0
2
3
4
0
20
474
110
45
0
0
1
0
56
9
850
0
0
2
0
0
0
28
923
0
9
15
0
20
0
2
346
155
0
2
0
0
36
287
36
64
0
100
0
0
39
0
1
18
0
9
97
23
0
0
516
1
0
2
0
486
0
18
168
0
0
36
7
130
0
19
2
63
0
49
2
0
0
0
299
0
2
157
41
28
0
383
0
16
0
145
17
10
5
28
6
4
855
16
0
8
4
0
5
0
0
313
27
51
147
3
3257
43
43
167
0
20
0
0
116
19
43
0
46
7
2
67
589
6
123
6
19
144
36
0
0
37
0
0
0
188
1217
0
45
157
90
167
0
0
0
0
52
1
1438
0
39
0
6
358
56
13
147
3
47
0
35
0
0
11
0
0
2
176
106
0
8
1412
0
0
0
0
20
172
6
0
189
0
22
53
190
278
2
63
0
10
415
41
171
0
0
1
53
0
0
0
130
3
300
491
0
3
0
0
27
13
116
3
0
144
51
108
0
0
96
11
549
0
0
104
0
18
0
2
241
7
241
2
0
0
0
30
6
536
251
0
0
17
78
217
48
0
0
6
95
0
15
8
832
21
112
0
86
4
0
0
13
0
505
369
30
1
15
0
0
364
0
0
77
0
2
0
15
0
79
0
4
14
1
0
689
255
11
385
5
0
1
468
0
8
0
52
3
0
29
0
19
0
199
505
1
0
1478
0
0
2
27
213
1
86
19
0
0
1
0
533
53
11
8
0
16
0
2
0
11
0
74
5
0
0
0
0
0
0
7822
0
0
0
837
0
20
0
0
873
78
41
4304
71
0
997
0
5
12
23
55
2
367
0
415
0
0
341
0
117
0
0
13
446
34
1
0
32
128
395
342
23
0
0
267
0
0
0
59
4
3
0
6
0
0
65
17
163
94
0
0
4
22
89
28
1537
0
37
0
48
0
819
20
31
21
604
1
153
37
0
97
162
0
0
10
91
67
64
0
0
0
1
43
560
19
4
14
13
949
4
0
240
24
318
13
0
385
0
16
0
22
417
4
30
2
256
0
19
4970
5
5
0
116
0
76
182
2
86
111
828
488
0
0
52
0
7
15
328
24
21
0
7
220
0
0
40
2
1
2
0
0
0
4140
0
0
0
1015
0
48
0
37
1142
0
0
14
2
13
5
0
16
42
58
330
0
0
50
84
93
197
232
49
0
42
0
103
386
6
182
14
25
897
0
92
32
0
0
126
6
76
27
12
0
23
0
1
0
0
0
270
0
0
60
164
1
10
0
66
0
58
15
48
6
0
628
0
580
0
899
124
0
12
424
0
54
13
3
0
288
0
33
101
1584
2
3
0
4
16
449
0
6
0
467
0
0
0
0
324
0
1562
0
0
72
0
0
0
102
0
40
2
157
0
1
90
0
19
3
7042
1
2
5
0
0
0
86
0
0
0
67
0
2
0
3
443
0
409
31
111
0
1
108
59
1
0
0
0
6
0
175
97
5
0
243
0
0
289
0
244
0
0
143
0
0
27
86
0
217
1
6
0
0
0
0
0
206
0
4
0
3
247
24
5
602
0
0
9
13
26
1
2
0
228
0
4
0
23
5
0
0
15
94
0
27
35
0
107
2
0
589
2058
0
1
0
0
183
0
44
13
46
0
0
4
1
411
50
3
2
0
114
0
2
82
50
40
14
0
22
1
4
137
1
0
118
606
0
91
2
0
14
84
0
5
0
7
70
7
167
0
36
0
0
0
8
448
0
139
0
1
0
88
0
0
36
12
0
254
67
0
36
0
0
42
17
0
52
64
1
0
2
1
0
6
66
1
0
3
4
0
1044
0
19
0
226
0
63
35
365
3
0
22
0
631
8
4
62
0
0
9
4
614
0
0
3
0
8
93
41
259
134
0
0
214
0
25
0
490
1485
855
0
12
7
219
130
0
2
0
73
29
50
2
113
51
1111
89
248
212
881
300
0
0
17
0
71
132
0
130
0
22
19
0
2969
6
2
2
15
82
0
0
273
0
24
3
6
0
0
0
241
0
14
2
0
0
0
16
5
0
337
3
73
0
267
3
1
9
2
82
0
5
0
6
101
2
242
209
0
26
1411
15
19
2
0
0
0
219
0
0
0
28
6
3
0
0
73
590
281
0
0
0
0
53
0
2
0
0
3
0
8
16
2
0
0
274
7
0
0
5
207
582
314
604
0
9
141
0
0
1
75
825
145
22
5
53
0
0
20
101
0
3
0
0
5
1
1
0
0
0
0
3
5478
0
95
38
1
27
0
563
503
743
0
0
0
386
0
22
93
0
0
0
74
114
16
0
0
46
0
301
102
6
0
6
0
1
70
2
0
10
0
18
4
0
7
1015
98
5
173
32
14
155
864
1
16
0
1
10
0
339
56
608
1122
1
5
9
28
176
1
6
0
68
62
10
206
14
236
0
0
66
10
2364
1
3
0
5
9
0
4
0
19
30
0
44
0
229
224
13
172
3
46
3
57
79
2367
548
0
0
318
6
50
0
899
0
0
1855
1
0
2
0
0
2
9
0
377
0
8
304
0
0
0
14
3
2
7
1
0
122
5
112
131
11
0
0
1095
12
3135
8
35
0
159
151
0
0
103
34
2
23
0
10
68
0
54
0
0
243
4398
10
40
71
788
0
11
2716
0
0
653
181
0
225
12
2181
2
0
0
342
10
67
1
0
463
1
16
0
0
0
2100
699
11
6
76
1
717
1234
24
0
1689
0
1
4
0
53
2
4
661
0
0
42
211
128
0
428
8
187
5
8
6
0
86
0
642
155
128
0
0
0
0
677
1
0
992
205
0
0
31
9
76
0
614
130
89
196
0
0
968
460
88
84
0
0
225
328
286
3
0
60
123
0
0
0
0
129
0
2
4
1001
202
0
0
5
9
1
278
94
0
197
19
0
18
140
0
19
524
0
2
36
39
38
0
51
0
231
10
31
0
122
0
0
4
40
235
0
1003
91
2
2
193
113
73
45
9
25
4
92
1
29
16
0
7
0
0
0
0
0
1
2189
446
30
0
0
0
0
736
106
16
31
16
1
666
0
0
1
0
222
148
175
17
0
99
192
142
0
47
22
0
10
0
0
0
1
36
536
132
0
12
62
14
64
0
1
0
15
84
2177
0
0
0
13
72
0
35
0
18
7
13
0
329
2276
662
2
318
0
7
0
2
0
7
0
461
14
542
118
259
0
154
0
878
0
529
0
12
28
12
57
222
464
258
1043
0
579
0
24
1
12
121
16
497
31
131
10
25
11
0
23
1
26
40
41
0
155
76
0
372
15
11
521
37
430
190
655
34
378
24
1
0
0
3
7
24
1107
0
29
437
2
170
0
0
26
314
131
0
0
0
0
32
0
23
92
1320
0
9
361
235
1
496
28
0
110
2281
79
30
118
4
4
429
0
837
107
36
85
83
0
0
0
1
2
0
0
1
30
0
0
0
46
1
19
0
0
11
99
0
0
0
28
1
35
0
0
409
0
0
0
307
18
1
0
150
516
0
144
0
368
70
24
37
525
272
10
46
2
0
0
52
270
24
14
0
0
3
0
0
0
0
0
85
126
28
0
2482
4
4
0
31
9
132
0
0
170
0
163
66
44
0
1
0
219
23
0
5
0
3
145
404
0
0
114
0
236
0
290
0
1149
903
0
0
18
410
0
7
80
0
303
169
2
642
49
0
0
0
0
49
83
343
0
13
0
7
56
0
1017
24
0
0
42
0
0
3
0
172
379
14
1095
203
1108
18
58
156
558
797
5
1
19
4
28
74
0
276
5
0
0
2
7
1
7
7
0
0
10
0
0
4
169
73
0
1
0
27
7
114
1
149
4
2
0
154
6
821
13
79
3
193
0
83
239
0
106
19
224
0
574
81
504
1
85
34
0
0
2
32
104
8
120
17
16
10
125
305
3
633
1009
142
0
4
271
4
0
112
0
49
0
51
0
0
0
0
35
4
6
0
563
423
9
0
223
6
0
192
177
0
0
0
56
2
12
12
0
2987
78
0
50
69
12
0
0
76
2
155
351
17
1
84
3
77
0
0
33
0
0
0
38
0
0
0
35
14
0
57
0
44
3
121
174
0
4
30
0
1158
43
0
0
115
0
0
1
37
606
100
0
0
369
7
0
0
0
245
353
20
0
180
0
0
17
14
26
15
1
571
256
203
0
3
10
5
1
4
47
114
25
4
0
21
0
0
2157
0
0
17
8
570
28
17
0
1
4066
956
125
46
0
8
0
0
46
0
8
111
195
416
841
0
897
0
270
0
0
0
0
90
0
6
0
0
0
57
0
45
0
417
3
15
0
49
2
175
20
82
0
0
0
614
126
0
0
0
0
0
9
19
0
90
0
99
2
255
228
15
1
3
0
0
1
38
0
131
373
0
0
0
1528
3
0
3
0
153
0
6
1
11
49
0
2
129
7
0
3
0
38
1274
0
14
370
3
5
0
67
0
0
1
46
0
0
148
1
5
0
2
268
0
18
0
0
0
5
0
956
0
0
1
0
696
0
152
1
0
70
114
0
0
270
0
16
6
0
207
1
0
93
0
0
21
45
1
5
1
1890
7
8
0
0
47
0
216
41
3
6
30
11
13
20
16
0
0
3
0
310
37
1
3
0
0
51
54
27
17
0
106
269
918
0
0
0
99
25
0
445
742
0
1
203
38
0
1
19
1042
2
10
56
15
3
37
0
4
2
0
3
1
26
16
3
0
181
244
412
82
0
151
1
1690
0
8
0
8
136
27
1177
34
0
0
19
341
2
0
141
0
7
6
11
52
213
9
47
17
2
76
361
0
0
677
6
960
0
0
0
0
57
4
411
0
17
11
0
0
1
1555
414
0
69
157
25
177
833
457
41
159
8
0
5
0
0
159
0
69
37
244
3
290
185
113
0
0
0
1
2
10
10
11
3
0
206
0
64
135
0
454
0
0
182
237
8
769
825
6
21
1
103
3
462
0
2
0
473
0
0
45
0
0
906
2
23
31
0
819
0
0
0
1043
105
291
247
211
0
270
103
2
356
17
1
75
149
21
69
1
0
19
0
6
461
13
8
6
0
0
0
0
190
11
0
24
49
33
19
245
31
2
0
0
628
203
38
6
3217
0
0
64
0
6
0
48
0
30
3
14
0
0
9
435
7
54
203
37
0
0
10
2
3
121
229
1
807
0
3
2
8
8
0
0
12
620
0
16
27
21
0
11
0
106
10
55
23
4
4
263
0
156
283
0
4
201
364
9
0
2502
21
16
1
59
0
370
0
0
3
0
1823
0
0
0
0
344
0
5
6
0
0
27
2
108
61
0
337
89
18
2
15
91
0
61
3
3
70
0
0
0
292
3
17
16
7
255
63
116
179
12
13
174
0
0
900
3
10
2
0
0
461
14
0
90
0
45
37
17
233
0
26
29
83
145
0
321
6
0
203
0
0
0
518
40
0
86
43
1
0
4
643
0
222
1
0
8
0
32
0
0
20
0
21
172
0
36
0
0
50
25
1533
117
0
0
0
54
25
65
0
69
31
0
0
26
7
0
0
0
14
0
17
41
0
0
0
0
891
2
4
40
4
0
0
0
119
177
2082
0
0
58
19
15
33
315
65
0
32
74
38
9
4
13
3
11
71
241
0
0
27
0
0
0
8
31
0
0
0
11
0
0
0
3
11
61
105
2
28
87
12
2
0
171
5
0
76
0
0
177
0
0
69
0
999
0
84
11
1
14
0
0
0
4
3
5
1
0
3
4265
9
108
0
0
0
19
78
96
2799
0
5
14
0
0
154
72
0
911
8
103
2
0
135
0
0
151
0
0
8
0
8
107
1
343
0
0
731
15
0
1078
1
0
180
154
14
1
0
720
0
332
889
2
6
0
1271
142
69
0
159
31
0
0
7
0
35
2860
342
0
993
0
101
58
2
0
31
0
146
166
33
0
169
84
131
17
13
747
127
2
0
144
278
0
88
0
0
4
137
51
85
29
10
0
13
0
13
14
0
0
0
0
106
0
462
0
125
0
9
0
54
2149
0
175
0
25
22
0
27
83
21
20
25
196
0
0
0
0
0
83
0
0
1
0
21
55
9
39
723
0
0
0
0
0
0
189
2
0
0
22
0
223
2
0
0
3
0
45
81
0
0
0
236
225
0
0
0
0
9
0
0
37
17
4
49
4
495
38
3
12
0
0
333
0
0
25
0
9
0
49
0
44
0
0
0
24
29
87
1
13
1
1
36
0
170
0
54
52
91
705
4
0
0
3
0
0
5
0
0
0
46
29
1
0
0
132
0
27
0
86
118
1
10
26
4
1
7
19
0
4
0
0
0
0
20
1
48
1
0
527
97
58
30
47
0
253
79
0
178
27
126
41
37
0
0
6
19
0
14
1791
2
0
68
0
0
0
117
50
1
3
42
0
0
0
19
0
5
3
108
0
0
0
0
0
4
211
0
657
12
0
39
415
0
11
13
28
3
43
3
2
0
0
50
80
0
0
447
0
0
0
0
0
1
0
0
179
13
0
0
0
0
27
212
1
0
0
10
4
0
88
502
19
0
2
0
0
0
1
13
18
37
0
27
42
34
0
0
85
65
0
0
0
0
0
0
22
0
0
0
103
0
0
0
1013
0
68
11
1
56
0
0
0
4
153
153
0
0
0
0
9
39
0
29
1
11
248
11
117
2
11
19
411
707
0
0
5
16
156
11
7
0
1289
0
0
0
2
53
0
6
0
0
151
0
152
22
14
0
4
0
292
2
7
507
10
0
0
37
0
13
42
114
0
0
17
0
512
12
0
0
0
0
16
0
0
0
34
258
2
0
36
1
0
110
0
0
148
0
0
0
142
3800
0
0
0
0
28
0
16
0
49
105
13
972
0
0
1
4
222
67
9
38
43
2479
369
0
0
1
0
24
35
0
0
15
0
262
2
508
2
43
1
0
0
354
130
0
31
157
8
0
643
60
32
0
69
8
31
0
0
8
7
5
1
573
4
0
0
26
0
27
68
27
0
0
0
182
297
17
0
0
39
4
49
0
3
0
35
78
0
12
2
1
5
0
0
0
543
1
43
0
20
9
0
0
0
6
62
81
0
0
0
33
0
83
101
0
255
193
5
0
5
0
9
0
15
19
0
0
0
810
16
0
320
0
0
87
0
0
18
65
14
0
338
14
182
0
61
1
9
43
140
0
0
0
1
0
29
3
12
2
7
30
61
10
0
0
0
0
19
203
108
5
0
0
191
91
0
31
158
229
126
0
11
38
80
0
0
93
11
803
0
56
11
0
0
0
0
11
1
12
1
110
8
1
0
1
32
196
1
290
0
57
663
55
3
9
2
1
10
147
0
0
0
110
0
30
1
34
0
68
0
0
0
418
48
95
1
0
5
364
0
49
0
1
13
88
1
67
0
507
0
13
7
0
7
31
0
56
458
0
0
0
172
10
15
89
0
2
0
10
0
0
22
100
823
245
3
0
94
65
27
180
0
2
0
0
0
570
0
58
0
217
0
74
67
0
0
0
16
352
87
21
9
16
0
16
2095
0
85
9
4
33
8
29
34
0
0
0
1102
6
0
369
53
0
853
0
3
35
0
59
14
223
30
0
256
0
3
0
8
763
7
49
0
66
2
13
0
3
0
0
33
38
3
9
74
9
0
40
697
0
6
170
1
0
0
3
0
0
191
0
948
4
0
0
0
17
9
2
2
256
8
682
182
27
243
3
63
2
634
3
0
380
41
0
0
1
218
0
7
4
235
1
5
0
10
2
142
0
0
13
0
0
88
0
0
0
100
75
2
98
39
0
4
0
1
47
0
98
77
206
0
2
15
691
2
4
0
0
227
55
1
0
1201
110
11
2
4
0
16
0
3
173
0
4
0
95
0
9
0
7
0
1
70
0
5
2
449
2
0
11
0
0
7724
9
69
0
0
0
0
52
167
28
4
233
8
183
1
0
87
0
0
52
9
92
0
1
15
943
379
55
0
2177
0
124
73
0
27
0
0
3
192
39
26
144
0
0
8
56
0
0
65
1
0
3
28
25
12
6
653
4
144
0
350
100
11
165
336
59
0
0
15
2
0
1165
20
130
69
0
0
7
5
27
0
2
32
42
148
167
0
29
0
0
77
17
14
19
0
335
5
742
0
45
0
25
5
32
57
81
0
118
51
1
6
0
1
0
0
70
146
96
4
18
0
35
13
0
0
0
191
0
7
35
0
1
387
0
482
862
1
3
714
3
0
144
0
5
221
0
124
0
14
160
2
0
80
0
79
34
0
12
48
4
436
3
5
0
29
110
0
0
0
2
5
160
118
4
0
11
245
252
8
50
754
233
0
0
0
151
39
0
0
103
49
214
1
4
0
42
0
870
402
0
2
21
2
106
0
0
0
0
0
99
26
0
1
0
1
0
25
508
6
4
22
3
6
0
120
0
0
134
0
22
0
165
0
0
0
108
1
390
246
50
244
69
0
189
3
0
93
0
15
1
0
117
2
0
7
0
2
10
1397
0
0
0
14
1622
0
367
3
16
1
2
27
30
46
70
83
0
106
15
1
0
19
169
65
25
12
0
28
14
0
0
0
288
222
103
52
1058
521
0
32
0
0
0
158
33
0
139
742
570
59
3
16
53
578
3
38
5
349
0
200
3
345
30
137
0
2
2
1
432
10
62
20
98
14
363
16
52
2
23
0
0
0
0
5
81
89
0
4
106
0
1
0
166
0
10
79
1081
87
2
409
0
2
10
0
137
0
0
0
2
97
0
1
0
10
62
15
17
2
2
0
108
2
51
1
3
0
18
21
4
36
0
57
0
0
0
3858
32
4
0
0
63
101
234
35
429
2
0
1110
0
0
423
0
3
0
3
600
150
0
3
990
94
2
0
0
0
0
6
1820
1
0
22
9
0
549
0
0
1
1254
41
235
0
98
2
971
0
35
6
0
0
3
14
0
7
0
3
195
17
0
1131
0
0
2
6
0
0
772
6
4
2
0
48
0
0
135
265
0
91
14
6
31
155
738
45
0
0
1561
65
0
412
2051
0
531
661
7
1
0
0
0
22
109
0
0
0
0
0
0
0
0
0
7
22
28
1
0
84
0
545
16
0
39
0
51
41
4
0
368
3
0
7
0
4
1
4
53
549
232
0
14
188
101
36
25372
142
11
43
1111
599
1
4
23
1
70
0
1
61
0
801
1592
0
2
0
30
186
74
136
265
16
0
0
0
419
425
0
2
35
0
4
9
897
15
107
4
4
0
180
0
16
492
50
0
31
0
0
29
251
2
5
127
519
0
0
690
189
0
0
1858
0
0
90
4
8
0
0
6
0
0
2
150
20
134
0
161
167
0
0
10
276
125
0
40
0
0
33
0
521
31
266
7
0
2
1
0
19
0
0
0
49
1621
377
493
0
51
3
0
129
0
13
0
19
33
204
96
0
7
210
8
255
0
2
44
1
0
0
1
1
364
78
33
12
0
552
16
1
0
43
0
53
271
0
1
60
5
4
105
0
27
0
0
0
0
0
15
90
0
402
0
0
0
10
0
105
2
613
0
37
770
3
0
0
34
0
13
459
28
0
0
1
0
29
4
37
45
0
0
3438
106
0
6
0
0
1014
1
0
2
192
0
19
9
52
0
0
0
283
0
0
8
5
0
55
0
17
0
286
35
0
889
68
0
210
0
21
4
0
311
0
0
1928
40
0
0
0
62
195
0
12
7
0
511
0
76
9
6
0
13
0
0
3
0
0
81
0
8
12
0
48
0
0
331
6
0
1
0
4
11
0
0
0
0
0
5
0
3
0
68
8
84
112
4
0
29
0
80
0
0
0
23
0
4
0
0
197
0
40
37
3
6
24
0
150
0
2
162
0
340
0
272
950
1
11
10
0
0
61
2
118
4
0
5
94
1
392
0
0
35
18
321
54
686
225
1
43
0
194
196
0
0
115
7
12
3
345
3
0
58
17
493
72
426
2
2278
42
227
3
0
341
0
92
121
10
0
0
0
124
28
42
0
3
0
117
0
0
1
257
0
0
0
0
362
140
62
166
73
2
3
0
26
0
1
0
6
0
27
329
0
95
0
0
0
651
1
20
0
327
0
181
0
14
13
504
0
13
0
11
4
13
29
45
0
223
0
164
0
0
0
0
49
0
224
0
94
0
26
0
0
1
0
0
1
0
0
258
8
76
0
0
73
58
0
3
24
0
0
61
36
211
629
0
59
8
324
0
90
0
13
857
43
9
80
1
324
32
0
296
1187
19
1300
0
210
6
0
11
0
14
24
0
0
4749
0
530
0
62
3
97
0
261
232
124
1
46
450
0
491
1
0
0
97
0
0
0
10
0
0
65
0
31
0
1681
6
0
12
0
12
105
0
0
316
12
36
0
24
6
0
1173
0
0
84
220
0
326
0
2
0
2
60
1650
678
0
0
0
0
44
2
3
0
346
246
24
4
34
0
17
15
0
243
0
211
234
0
0
0
116
318
0
0
0
0
29
0
9
4
1
6
1
0
0
23
2
0
17
12
8
0
2
0
0
0
0
53
3
0
5
0
21
94
112
943
83
14
236
0
2
0
3
0
0
2
0
6
0
102
0
0
0
0
4
0
0
0
11
0
141
0
14
1
1
18
12
2
4
680
274
222
5
27
33
0
0
5
0
107
4
1
2
0
19
1
2
10
0
0
965
0
1
0
0
5
33
0
626
49
8
387
0
0
70
0
572
1
1
0
1
0
27
61
0
136
217
307
425
0
0
0
0
0
6
78
0
148
223
3
42
0
17
718
0
15
19
49
8
54
111
19
37
2427
780
0
0
2
56
0
0
6
158
2097
5
0
6
1119
0
0
0
3
6
43
223
325
845
318
0
2
23
0
513
0
0
70
393
0
1
0
102
575
0
617
190
0
453
0
0
21
231
79
111
54
0
249
36
76
0
223
276
1281
0
0
13
0
13
0
0
209
6
2
15
20
618
0
29
153
54
10
2
0
79
3
34
0
0
0
11
262
3
0
1
0
0
0
0
0
135
44
174
202
214
0
95
0
0
55
352
100
65
1
129
20
0
4
7
173
0
1159
6
0
121
0
0
33
0
1
0
0
0
0
83
3
0
0
8
0
0
390
2
820
0
0
3
0
17
0
0
2
435
2
10
0
4
0
0
295
0
0
0
0
60
22
0
10
31
0
0
289
0
27
0
85
9
0
0
12
199
87
181
550
0
0
66
0
0
6
168
11
0
356
0
50
0
0
0
0
147
153
154
795
0
0
1
16
87
8
27
4
2
47
0
25
0
75
4
412
0
0
132
1
0
38
0
48
109
0
174
1
0
198
0
549
17
19
311
1
1086
1454
0
0
12
4
0
0
2
504
0
149
2356
164
26
12
180
1
11
0
24
20
2
0
3
159
146
65
81
1
381
502
10
35
0
1504
0
0
1
266
0
123
86
426
1
23
1
141
379
0
0
744
7
25
0
4
1138
4
0
291
13
330
117
0
140
0
32
116
680
5
1
3
358
0
0
6
4
0
0
245
0
1089
1
0
638
0
6
12
7
88
29
99
684
0
0
15
62
0
0
0
38
0
30
47
0
0
117
0
4
49
0
380
492
0
113
11
41
0
17
0
28
1
23
0
0
0
0
55
7
226
0
3
0
480
0
0
2
0
50
7
857
5
59
78
79
0
4
0
2
2
1
0
0
198
0
22
0
10
95
0
11
11
14
0
11
1
0
68
6
15
112
0
901
86
201
0
0
209
12
16
148
0
441
39
0
0
40
13
0
166
15
57
6
3
0
16
474
199
62
2
1393
19
0
164
22
5
0
41
7
596
237
174
1187
492
0
41
23
2
423
73
0
0
0
55
166
0
5
186
135
2
173
0
1228
0
0
13
0
0
165
59
699
0
97
0
20
1
53
0
0
3
480
82
6
49
134
33
8
0
0
83
13
5
57
0
44
419
0
86
0
51
0
719
578
69
8
73
0
155
0
78
0
9
3
3
0
4
13
50
11
585
117
0
0
81
75
14
0
0
0
61
246
1
73
0
47
0
1251
44
10
0
0
0
0
38
55
0
34
92
77
5
0
0
1734
0
11
167
0
271
0
16
1
1
0
99
0
77
0
61
38
609
51
0
0
0
470
0
22
1036
0
11
4
0
0
3
5
0
21
28
10
2
0
12
7
46
0
0
48
2
0
70
32
610
560
7
1
0
29
19
0
750
262
7
93
164
4
0
22
53
0
0
30
362
10
483
3
73
516
113
0
0
215
171
394
1
15
0
144
51
0
31
163
297
20
0
12
0
4
0
0
1
0
2
16
224
229
131
6
373
1
156
0
302
198
0
10
2
42
202
130
218
0
0
19
317
169
1
0
470
10
6
0
0
0
589
0
0
26
1909
0
0
0
14
39
7
844
0
3
0
30
50
38
0
79
262
0
10
395
0
2
3
122
0
2
3
2
50
0
0
52
10
0
48
0
27
143
0
22
4
0
2
0
235
0
0
354
226
0
0
1
9
11
0
9
971
0
238
42
48
358
0
287
46
0
6388
19
41
0
1
0
2
87
5
5
110
30
2
40
2
0
0
53
2
13
40
14
332
417
2656
161
7
1335
0
8
0
492
13
0
0
242
0
27
136
1
99
41
0
3
97
100
0
0
2
359
0
6
125
2431
0
0
1
0
1
2
8
44
0
9
227
112
0
0
2
0
41
1
54
0
0
401
220
3
0
441
67
0
1
18
0
0
89
0
0
58
0
26
1
66
121
274
0
0
0
0
8
49
0
0
187
0
146
0
0
5
5
4
0
0
13
3
97
3
94
260
3
0
582
11
0
0
6
2
7
0
7
284
24
0
0
36
0
3
1358
520
0
170
235
0
151
0
145
12
114
27
86
0
118
0
0
0
0
121
0
0
25
119
0
14
0
95
309
9
3
0
0
6
0
0
0
12
0
42
0
0
127
167
0
0
0
0
2
0
1962
33
0
382
57
37
0
0
59
79
3
0
0
117
48
0
0
16
13
0
0
0
109
8
2
65
0
0
10
0
0
0
0
62
43
33
0
4
0
0
354
0
0
505
123
0
11
1
103
24
0
0
151
0
60
8
0
14
0
0
207
1
0
0
0
2
1136
4
0
1
0
0
0
33
326
7
178
14
3
19
38
1
0
290
173
1
10
0
118
941
9
728
2
10
26
0
0
0
40
0
539
0
2
603
3
0
0
5
85
289
1
0
0
0
25
0
22
2
119
261
34
17
204
9
201
0
0
1998
0
7
0
5
0
37
58
518
0
0
119
0
21
0
26
0
0
0
9
0
2
0
0
23
1
75
1
194
46
242
0
114
18
0
37
0
0
237
0
0
204
2
0
2
1
1
0
0
2
3
0
62
0
24
2
101
9
35
0
27
0
0
11
0
1
0
123
789
0
0
0
1
2
0
7
18
0
44
72
0
43
0
5
111
0
351
0
29
0
75
0
1
0
63
7
0
0
0
0
9
0
0
0
21
5
0
0
40
0
34
0
95
0
0
0
0
0
12
279
0
525
130
0
1
0
1
3117
93
44
13
1
1
165
1179
1
0
0
0
5
31
18
0
6308
0
10
0
378
0
1218
61
430
251
0
72
30
13
182
0
2
41
59
25
407
134
1
10
0
8
1080
0
3
1
75
1
0
0
0
0
0
0
0
14
0
7
0
0
0
11
73
75
0
108
334
1154
60
29
0
123
5
0
21
0
0
0
0
0
0
71
0
16
0
14
0
38
0
2
47
76
0
3
4
0
0
1
0
8
54
84
641
1
335
124
15
0
88
0
0
0
0
0
344
33
25
4
3
0
7
54
0
8
13
245
0
92
0
82
155
0
88
33
54
81
4
0
1
0
0
0
0
0
11
0
0
5
87
21
0
0
3
0
3
642
0
2
106
33
0
48
0
47
326
8
21
207
537
383
4
33
0
0
0
36
11
84
245
0
0
13
558
0
0
0
0
0
14
0
0
1583
3
7
3
185
0
4
4
12
194
5
6
393
137
296
156
0
39
0
0
0
15
74
71
3
0
53
3978
432
5
0
101
23
86
5
0
1144
5
13
0
2261
0
0
42
346
23
4
355
0
18
665
0
0
0
28
0
0
51
14
0
0
46
0
0
7
0
114
59
352
114
0
0
0
0
0
20
1175
13
0
0
40
30
2
7
194
4
3
4
0
0
1
5
23
0
557
0
0
5
0
14
1
0
331
0
3
0
0
0
2
0
0
0
0
94
107
4
161
0
62
1
61
35
5
75
0
139
509
0
0
0
26
788
27
6
16
124
136
1329
0
0
0
0
0
12
100
2
0
3
0
182
9
283
0
31
1
38
35
0
0
112
15
20
11
1
31
0
30
159
0
353
5
1101
3
0
148
0
23
3
0
25
0
0
264
37
0
76
14
0
1720
15
0
0
384
0
0
10
54
0
44
41
0
0
609
0
64
0
22
4
1
26
127
183
191
0
228
0
290
199
344
0
1
18
38
240
0
0
0
1130
0
62
8
14
8
659
0
49
0
130
0
394
0
289
0
21
40
4
0
2722
1
14
0
2262
7
0
4
0
0
0
0
2
90
11
0
0
43
3
15
124
0
23
875
78
1
79
134
40
0
1
0
36
1972
1
1
884
0
0
18
0
0
0
25
333
4
5
15
0
0
9
29
0
42
0
0
15
65
633
36
2
324
386
0
189
31
0
55
448
108
0
0
67
13
567
20
0
130
0
555
123
0
20
15
0
2723
17
13
12
1
4
0
0
46
10
101
0
0
57
16
58
3
0
42
283
0
9
339
41
0
0
0
0
0
281
255
0
1128
3
9
2
0
0
122
21
1
169
0
143
32
548
328
0
0
0
7
81
132
3
114
0
133
0
1
19
38
125
0
0
32
0
0
74
0
0
0
10
0
0
100
0
0
0
0
0
20
42
0
3
7
2
114
0
189
0
183
17
4
508
11
0
228
1
0
0
1
0
1422
0
19
0
0
14
269
0
144
0
4
8
7
6
0
10
0
1
0
0
12
0
4
0
68
0
0
15
59
0
3
320
2
1971
139
0
0
0
964
0
62
258
0
0
0
27
2
3
0
1
2
16
1
7
0
3
0
0
62
0
2
7
0
915
0
86
0
236
249
0
0
0
108
2348
194
0
0
41
22
19
0
28
22
0
4
37
0
40
0
291
48
198
0
20
8
0
3
0
329
0
10
2
0
0
0
0
3
8
39
27
39
6
14
110
0
41
0
132
2
66
0
0
2
100
0
0
525
1
1
0
63
221
69
1
3
1
1954
28
12
2
280
66
0
156
25
30
1
3
530
10
0
0
5
51
0
68
65
0
2
11
239
8
7
7
37
5
1
0
0
131
93
581
0
26
3
54
5
2
0
1369
0
205
2782
180
0
0
130
1058
0
12
30
0
40
0
173
1338
7
525
0
923
157
0
61
9
206
90
40
13
0
8
14
8
4
24
0
0
0
2
142
93
73
4
135
158
274
14
0
38
6
20
13
373
0
0
15
145
3
1
0
27
270
0
6
12
0
0
26
0
0
2
1
0
0
0
0
0
0
71
0
0
1
3
0
0
0
18
19
758
0
37
0
4
3
0
53
0
4
1157
5
0
0
0
0
50
5
0
572
0
18
343
0
106
31
0
34
18
4
3
0
46
19
1
0
352
197
4
469
203
371
0
10
0
0
0
12
0
0
0
15
0
0
11
0
351
256
0
1098
0
3
2
0
0
62
25
13
21
236
0
0
13
5
63
0
31
10
3
0
0
1
1
0
164
673
454
144
0
21
996
267
6
0
0
164
35
0
97
261
0
81
15
1
60
0
500
4
4
0
0
0
229
194
74
68
1
2
5
0
35
26
0
0
0
6
220
0
0
0
0
0
0
0
5
5
0
3
22
0
6
0
0
6
0
2
0
59
2
0
0
192
3
13
45
0
0
248
68
9
42
60
0
0
0
0
17
0
6
0
518
1
5
2
2
1
62
0
7
0
2
0
0
5
17
1
0
270
0
7
31
0
10
70
0
0
0
1
1
0
6
90
0
0
5
2
22
8
0
0
0
118
5
2
97
5
1
346
0
622
96
76
1
0
74
0
104
0
0
4
111
4
293
8
33
0
0
1
0
44
0
0
0
0
10
2
26
0
25
0
1
0
62
29
0
0
30
1
22
3
0
56
50
16
33
194
0
0
0
3
2
2
276
0
83
204
0
0
70
78
0
149
6
66
54
0
0
0
102
0
1
1
6
0
1524
0
113
1
0
0
0
1
0
0
65
0
26
9
31
4
20
0
0
0
30
395
45
0
0
0
3
67
0
51
1066
1
74
55
24
0
0
0
12
0
29
0
18
36
0
90
73
0
11
5
0
0
0
0
71
45
2
0
71
205
0
13
0
601
55
67
0
0
10
0
0
3283
9
166
7
17
2
0
9
83
16
4
1
0
0
0
0
238
9718
0
0
1
35
91
95
0
0
0
1
0
0
6
4
9
54
11
2
7
0
0
207
1
5
25
3
24
22
14
8
0
4
29
78
0
1
19
1
681
0
63
713
3243
25
202
8
0
98
10
342
0
9
41
0
21
228
126
205
35
0
0
3999
14
0
94
2
12
2
0
0
0
54
0
103
48
0
1
4
3780
0
3
118
136
0
47
0
434
5
0
0
22
0
1
0
13
191
0
0
0
32
0
1840
0
1
902
0
85
58
0
813
321
6
5
8
0
0
83
1
32
4
30
108
2
346
0
0
22
0
0
18
0
42
177
0
19
595
2
15
0
86
0
0
15
16
0
52
0
0
2
1
112
0
0
4
0
0
459
43
0
82
2
361
312
177
0
0
0
55
47
0
4
19
1
59
0
0
0
2
0
1
0
0
66
0
0
0
20
23
0
13
37
51
0
5
0
0
30
25
8
0
15
0
36
0
0
0
2
71
0
0
37
3
20
16
364
0
15
0
2
199
93
55
27
0
187
11
16
274
48
0
0
0
12
161
19
27
8
0
2335
977
0
0
47
17
38
73
0
1
0
1
0
0
43
3
0
0
0
0
0
2
248
6
135
13
20
169
4
0
0
201
0
0
10
0
105
4
11
0
46
0
0
0
107
197
0
166
0
119
0
123
120
2
0
1
0
1
0
45
0
0
22
0
0
0
0
0
0
0
0
0
0
17
16
0
290
209
26
0
0
128
0
9
1
3
64
129
3
2
95
0
208
0
192
54
3
132
0
94
5
5
48
60
1
3
208
873
0
730
14
0
0
0
872
52
4
32
0
25
0
1
0
7
2014
4
0
123
0
114
0
66
0
2
0
166
0
690
2
0
2
5
1
162
186
0
138
0
4
23
23
3
0
1279
0
0
5
86
65
13
574
136
234
824
795
31
0
18
24
43
11
2
3
0
53
1
75
0
0
1
1
93
1
0
0
4
0
0
18
1726
209
0
64
15
0
50
854
40
48
2
3
46
39
0
0
5
442
4
0
0
1
3
0
107
0
0
75
5
13
343
6
0
99
440
0
611
16
31
2
42
0
477
30
0
15
61
11
204
0
52
0
0
0
75
4
16
229
173
0
858
8
67
0
187
144
0
299
71
1
0
475
0
61
0
92
0
0
21
6
7
184
174
27
527
5
541
9
3
454
131
0
0
0
14
93
1282
0
320
49
0
25
0
0
0
237
0
24
0
0
3
101
0
13
0
237
0
21
0
50
0
0
1
0
0
1
50
34
0
358
720
0
62
373
1
153
1
0
2
0
11
32
17
60
1637
59
0
33
27
357
0
0
0
0
4
47
1034
5
0
21
121
92
0
69
1
18
6
22
46
0
15
3484
0
0
0
0
0
395
0
0
0
3
0
1
0
0
349
0
48
95
0
33
1
2
11
3497
5
21
3
0
91
0
0
258
0
0
323
3
6
0
4
0
0
164
69
1
0
3
57
11
0
0
18
9
483
2
0
0
0
0
0
0
63
0
0
0
1141
1629
0
11
25
0
96
7
277
26
161
20
0
60
336
0
508
200
0
83
0
0
3121
13
0
141
0
1
9
0
476
4
390
1897
0
0
0
0
0
3
24
0
148
9031
270
1
1
0
0
0
0
38
0
25
8
65
107
793
1259
0
0
70
0
16
0
408
759
0
12
0
0
30
0
25
0
4
0
121
6
0
94
20
0
0
4
161
0
0
0
16
0
0
10
332
0
57
36
0
10
66
0
1
1
0
923
6
173
17
0
4
0
0
0
980
93
351
51
0
14
1243
521
0
0
1131
0
0
0
14
0
0
0
130
68
48
82
0
276
0
0
12
11
436
60
21
29
0
1
0
1
32
3
204
23
0
8
2
0
0
0
0
2378
3
21
95
4
63
0
0
168
127
9
0
0
0
0
3
167
148
0
0
6
0
2
16
0
359
151
0
0
182
698
47
5
44
0
0
27
0
7
4
1
61
0
0
18
10
0
275
1
10
30
74
113
0
1
38
150
170
50
0
0
11
0
799
458
1925
0
0
6
60
24
12
0
0
830
0
0
4
0
2
0
0
0
0
10
0
2
0
87
0
27
19
0
42
0
207
969
0
0
0
0
6
0
0
0
99
618
76
2
3
0
154
0
28
647
61
23
0
14
13
0
10
8
10
0
0
0
5
0
20
0
5
217
0
66
83
0
0
0
0
4
4
0
17
182
0
0
2
0
0
0
0
0
98
15
158
523
1
0
195
1402
0
4
14
0
454
4
23
44
239
0
118
0
4
0
346
16
0
0
3
0
11
52
155
2
57
72
393
0
0
28
186
104
1
27
1725
0
85
0
215
883
109
0
18
15
0
0
560
342
5
0
252
11
47
0
0
13
0
0
0
575
21
100
384
18
55
214
0
32
115
137
0
0
82
0
20
0
4
2658
0
44
19
0
145
32
0
1
2
51
0
227
0
45
0
276
79
216
0
64
0
0
0
0
8
0
473
18
0
0
0
0
0
22
0
201
0
4
0
6
2
0
15
9
0
16
0
182
61
0
103
10
81
65
0
89
36
0
140
20
160
0
530
0
100
0
38
67
0
0
173
0
735
64
152
50
12
0
0
0
3
0
30
0
0
8
81
0
404
139
0
0
390
0
0
0
11
0
2
0
0
0
0
7
0
26
0
174
8
130
0
0
3
0
102
2
0
0
110
0
209
33
0
0
326
0
0
8
0
0
0
19
0
77
0
87
641
0
287
0
56
0
8
0
67
654
101
97
136
64
92
15
92
0
27
0
315
0
294
22
0
143
0
268
212
0
110
0
111
0
0
542
71
9
0
48
7
0
56
24
0
0
0
0
0
75
0
135
2
107
184
0
3
401
346
0
0
280
0
17
2
51
0
0
149
39
18
2537
430
113
90
0
0
13
0
5
2
212
0
30
62
132
393
0
23
107
38
0
18
47
0
0
141
95
0
49
63
0
0
0
0
9
10
0
0
21
147
42
0
587
1965
578
13
317
793
4
110
3
59
360
31
54
83
54
0
130
0
0
40
172
0
4
2
139
141
0
3
1
313
16
1468
95
32
129
19
0
0
1253
156
60
9
0
1
55
42
0
109
9
0
57
197
1
186
28
0
0
0
37
404
142
112
0
0
505
0
0
0
0
0
5
1075
1
0
0
3
5
21
0
0
141
0
0
0
560
19
0
3
71
62
720
191
0
0
0
0
21
29
1
0
4
0
7
0
57
0
0
81
2
4
4
50
0
23
0
0
0
3
128
0
6
0
42
1
168
82
0
58
0
2
22
7
878
10
79
0
112
103
0
10
0
40
16
16
3
252
59
0
108
6
0
0
75
0
20
682
0
0
0
0
0
1
14
5478
21
0
111
1
78
15
4
0
0
22
8
0
0
0
149
31
14
0
101
76
18
0
524
0
11
0
34
23
1014
197
2
0
0
4
6
2507
0
0
4
1318
93
0
2
1
0
0
1
0
119
47
0
15
0
0
50
0
28
0
0
36
79
0
7
22
21
4
282
82
0
413
56
0
0
159
0
2
0
63
0
712
0
2
0
0
6
2
0
608
0
0
587
6
0
2
24
0
0
1
0
0
8
0
31
3
0
74
1380
0
0
334
0
0
3247
83
369
147
13
0
9
1
0
339
0
185
100
2
60
5
0
58
901
1109
0
0
18
0
0
5
1
92
6
0
0
0
731
384
63
186
23
0
207
106
0
0
7
7
0
1
226
1
76
0
7
0
237
0
0
22
0
1
0
1
0
38
0
2
28
0
19
0
0
1308
21
0
13
0
0
3
60
2
0
11
0
1
0
0
8
0
131
146
437
1
4
125
2
0
0
1
1
0
8
65
6
6
0
8
119
34
0
472
30
8
262
76
3
305
38
4
7
0
0
0
0
33
48
0
34
0
10
0
21
0
12
0
0
1
0
62
0
25
454
284
15
0
0
0
0
15
10
0
369
695
12
0
1
9
16
8
0
0
1040
6
0
266
100
0
103
0
0
34
0
187
226
1
0
48
2
0
3
0
1
0
130
2
2
37
38
0
17
6
0
120
0
207
1
4
23
22
85
13
0
2
183
44
1117
7
347
1
474
0
344
8
0
56
0
33
5
1240
724
0
3
31
39
0
0
1025
0
0
292
5
16
0
25
0
0
0
18
0
0
19
72
345
0
0
57
183
109
0
87
0
0
0
7
0
0
0
14
124
15
0
0
2
29
0
0
0
0
511
0
0
19
95
387
25
27
113
90
0
91
33
80
1
1
42
200
88
1
36
0
30
422
16
236
0
0
13
2
20
129
29
0
10236
78
5
3358
127
10
0
61
185
0
214
2
0
2
29
0
0
4
0
144
0
4
0
10
0
87
3
0
1
165
0
0
205
8
52
0
19
0
0
14
0
10
0
246
4
0
33
0
6
22
0
15
0
54
88
0
1
0
137
1
597
47
43
412
109
21
0
9
0
0
73
0
0
5
21
111
0
13
558
0
0
143
0
744
11
161
0
20
626
14
3
0
1
64
715
0
0
0
0
1
0
0
0
0
3
72
111
11
0
23
21
122
162
1
638
362
0
22
143
279
0
45
20
97
966
0
9
0
0
0
0
94
7
38
0
0
11
47
0
17
4
0
29
9
0
124
0
0
0
0
0
23
0
0
79
0
213
153
0
0
447
17
0
23
2
57
2
0
0
8
2
0
0
17
6
19
0
1141
509
0
0
748
0
10
199
685
18
0
4
66
0
0
0
0
0
96
481
2
100
23
80
38
0
304
22
0
22
0
0
0
4
8
1022
10
32
1408
2
0
0
3
2
1009
117
0
0
4
773
0
303
0
135
111
32
750
0
0
63
0
40
1
0
3
668
0
0
96
37
0
39
3
23
7
0
7
0
21
0
25
497
864
25
0
0
129
14
0
143
55
7
0
0
0
0
0
12
336
0
213
2
0
426
53
0
4
0
288
3
19
52
152
16
0
0
16
0
695
0
0
0
227
10
0
0
0
193
0
367
0
0
92
0
0
3
1
0
789
2
0
0
4
86
0
34
0
0
0
0
45
4
0
2
1
0
2
427
78
0
6
3
0
47
0
8
5
5
251
174
299
10
51
53
0
0
36
3
222
253
0
0
125
36
87
28
586
8
609
0
353
149
9
1
0
11
0
42
21
105
81
0
79
0
2586
0
0
0
25
9
38
103
0
0
0
0
0
234
174
0
5
0
1
0
379
169
102
11
804
1
0
0
138
8
0
3
30
197
0
19
30
10
0
0
0
0
481
351
293
29
1536
0
6
57
199
54
3
0
56
244
63
6
0
0
4
0
4
464
0
715
0
1
32
548
2
182
0
0
5
8
96
0
4
39
0
2701
1
3
104
0
0
45
39
3
0
0
36
0
12
3
1
0
0
3
1
0
0
3
14
0
0
116
0
212
16
0
0
306
0
0
0
247
2
0
0
245
296
7
120
264
79
0
3
83
52
0
22
521
0
2
0
360
0
4
0
1
0
8
4
2161
34
75
47
215
5
0
0
0
5
0
521
5
45
0
268
2
0
146
0
185
0
27
7
0
0
0
3
0
0
0
0
0
32
6
15
0
2
0
31
41
0
16
2
0
0
0
0
0
2
25
0
27
356
0
0
0
250
0
0
1
0
0
12
1
1
31
116
3
1475
146
73
13
0
122
0
226
0
0
0
374
38
70
0
7
3
0
50
0
0
1
664
5
0
4
23
7
409
0
1
367
173
22
0
8
5
34
1
0
0
1083
104
0
0
17
0
0
0
0
2
420
0
101
2070
415
313
16
0
1
42
48
57
0
0
0
2361
194
594
247
0
0
79
112
102
30
55
0
0
11
141
435
0
5
102
419
1
136
607
0
0
2
43
0
0
304
118
212
136
63
0
0
46
630
27
0
19
158
0
0
13
2
72
141
0
0
34
53
0
1
21
0
141
2
6
210
98
11
0
209
0
0
18
60
35
0
4
562
0
196
0
45
532
0
0
40
0
0
352
0
0
0
6
124
0
292
5
60
0
0
0
0
809
19
35
120
285
37
113
5
70
0
5
18
21
50
13
50
15
377
9
31
110
867
140
0
135
3
84
30
248
102
3
0
0
75
32
35
0
25
772
124
176
0
84
17
0
0
0
6
4
744
0
58
178
42
473
0
32
2
0
0
5
54
0
71
0
609
4
0
0
0
63
111
0
2
0
61
0
0
5
783
76
41
41
0
0
0
0
90
0
188
102
0
0
0
10
1
10
0
203
1
0
113
8
0
28
0
2
0
46
97
3
42
116
1
195
0
21
22
127
0
303
0
17
0
0
52
4
0
40
56
285
197
0
0
3
3
1
32
0
589
0
78
5
0
596
26
78
0
0
62
0
32
115
133
39
26
89
794
0
330
11
0
65
683
18
2
0
8
14
2
12
294
0
0
0
14
7
0
34
19
14
57
0
47
0
0
7
0
0
5
140
1
0
411
0
0
35
270
0
1
0
30
408
0
201
5
4
0
13
0
1080
0
0
0
0
164
0
581
0
0
18
0
2346
0
1
66
52
2
0
5
0
188
212
71
154
0
1
0
42
15
4
7
1
0
0
1
63
0
2
0
37
4
5
0
6
12
0
0
155
8
17
7
3
3219
117
70
1
125
59
10
379
13
871
0
0
845
1419
268
253
51
0
0
0
18
0
753
0
0
0
104
1
0
5
13
1
3
0
24
0
1
0
0
78
0
0
656
0
0
0
0
0
6
211
22
0
151
23
22
0
0
0
0
124
2
295
0
0
0
2
0
0
0
364
35
0
0
181
15
433
0
29
1128
163
0
0
146
0
15
0
10
6
0
0
132
100
0
3
21
1103
20
0
197
0
0
47
21
0
4
0
0
1
0
0
0
201
36
6
0
7
126
56
680
0
0
1
54
0
0
0
0
0
53
0
0
9
14
124
6
2
0
0
290
5
1
1
1277
0
0
184
0
86
4
0
54
26
0
0
0
0
12
234
1
0
0
12
10
0
0
3
262
434
0
18
0
5
0
0
110
0
0
1
56
3
0
0
8
0
9
0
1
9
11
0
0
3
10
0
0
0
29
5
56
3
6
0
0
0
23
3
0
68
0
0
0
128
0
0
231
0
10
19
0
0
15
0
60
22
11
0
360
16
46
3
0
116
2
32
40
0
2
40
380
0
7
1
13
265
0
27
48
0
2
0
16
2
66
213
399
0
0
0
5
0
0
0
14
10
0
32
0
10
0
0
0
0
0
0
0
1200
0
443
162
0
0
1
10
7
0
180
3
0
0
1
10
4
256
518
11
79
10
10
134
0
0
0
111
0
1
22
0
1
0
0
0
16
0
0
2
26
0
70
13
1
4
31
61
2
37
4
0
0
2
0
5
0
0
0
0
103
0
115
3
23
43
0
0
0
0
0
8
0
0
0
17
3
0
621
49
0
0
0
70
41
0
17
106
8
74
306
6
0
3
58
0
53
0
14
7
0
0
0
51
94
66
62
21
0
7
0
2
384
0
153
0
0
6
128
68
0
2458
366
3830
126
27
33
127
433
1192
0
3
0
15
1
2
2
7
0
0
61
98
201
0
48
29
9
164
187
1
0
346
0
42
0
116
0
846
1
0
46
0
0
1094
421
20
65
49
1909
16
121
0
0
7
18
34
65
19
0
71
597
4
25
2230
0
150
0
4
0
0
3
1
0
20
5
4
180
2
1
56
6
16
0
0
0
62
111
8
4
0
0
0
14
0
21
542
67
5
0
0
26
308
0
218
14
346
53
0
73
4
1
24
0
0
988
0
0
112
0
61
136
0
0
0
12
2
22
49
8
0
259
7
74
0
83
9
0
76
0
4
0
2
0
0
59
5
205
1
37
0
0
64
0
5
0
33
0
140
0
2
0
0
0
0
0
14
0
504
4
76
1
0
8
0
1
4
49
3
10
0
0
0
0
1
5
131
2
0
78
8
49
0
6207
3
0
107
0
83
2
11
9
2
2
38
38
1
0
105
0
7
0
0
0
0
36
89
0
4
0
4
52
0
0
306
3
3
293
0
0
148
19
21
0
0
33
6
0
0
72
0
27
0
0
0
156
19
266
0
0
91
17
17
0
0
9
3
0
0
0
4
0
1
0
2
118
0
3
0
4
254
174
3
0
0
13
0
23
0
13
0
0
95
0
0
33
4
161
386
240
0
296
0
398
45
0
321
116
177
0
0
0
746
2223
6
92
6
0
31
5
224
0
0
68
1
0
0
0
6
0
0
0
0
0
34
0
175
0
0
28
0
193
0
0
0
1
0
22
2017
136
240
0
279
188
0
2
20
7
6
16
363
0
15
1381
278
161
1277
0
229
117
0
26
0
0
3
0
0
0
69
0
6
0
24
24
1
366
0
2
15
14
5
1
5
25
1
0
0
0
20
273
0
48
182
7
17
0
52
16
918
0
0
0
0
71
0
0
96
15
5
0
0
71
83
0
0
74
458
0
1363
1038
0
71
163
4
246
0
1069
0
0
2
0
367
241
4
0
0
1869
312
0
0
75
55
14
8
0
1
4
0
165
313
0
0
0
93
0
42
0
0
134
0
198
3
0
64
232
0
0
0
6
0
21
12
3
50
213
0
115
2
351
0
4157
159
6
199
4
0
21
30
138
93
12
1
111
1638
87
96
2305
0
0
13
0
476
4
11
494
17
0
0
326
188
0
0
0
0
0
40
5
80
732
13
18
0
49
456
7
258
72
3
13
51
224
0
1183
2448
0
0
352
794
103
0
0
0
15
0
346
7
0
44
137
0
0
0
1
0
11
23
1
3
2721
1645
0
684
708
0
429
75
15
136
1
10
106
9
1190
0
581
74
74
2
675
0
0
234
8
417
20
0
211
93
0
50
10
1270
13
446
19
60
0
35
107
76
985
15
133
0
15
0
78
0
0
0
0
0
0
50
0
7
0
48
0
1
33
7
0
16
0
0
9
101
133
3
1
0
220
0
0
596
2
0
0
0
775
0
0
11
8
148
0
0
0
54
0
1
2
810
9
132
0
0
2
0
0
0
79
9
0
0
7
0
17
34
126
0
25
2
79
9
114
5
3
2
0
7
0
13
0
51
73
0
19
60
0
4
26
0
181
4
42
22
175
5
4
0
102
0
0
3994
2
0
3
34
74
0
431
1355
71
163
52
0
241
12
5
112
73
738
1
145
0
1
52
11
0
31
40
147
0
60
0
0
0
0
0
10
3780
0
58
66
0
0
0
0
4
0
0
63
825
82
6
21
8
0
6
3
5
5
5
5935
138
85
114
0
73
1
28
242
0
28
2
0
0
0
0
48
72
11
77
319
111
81
18
0
8
141
762
0
7
4
3
1257
270
5
1
0
0
0
15
187
3670
78
0
388
0
3
6
567
37
1
0
0
105
272
0
23
0
0
12
17
32
0
357
200
0
0
0
0
218
11
0
21
46
0
0
26
410
404
0
2562
29
106
2
329
2
27
0
807
6
151
0
17
2
8
0
0
0
465
59
5
0
32
0
7
1005
70
0
0
0
0
1106
0
290
1
8
122
0
216
11
73
2362
0
331
43
52
0
21
184
1
0
0
509
415
0
0
2
385
0
0
0
29
22
0
3
0
0
14
5
3
15
4
0
0
982
0
295
3
0
0
0
41
0
0
36
0
1
2
0
32
0
3
11
109
78
0
417
47
0
1
63
2
45
0
0
0
366
0
6
0
0
72
0
0
179
64
1
25
0
11
113
0
176
0
10
0
0
459
0
0
3
583
19
1
39
10
26
0
26
698
0
0
0
192
134
1
26
0
15
0
17
0
11
0
0
12
86
37
1
0
0
0
0
28
3
0
12
3
0
308
0
35
0
34
17
5
8
0
0
0
105
4
37
0
0
12
17
10
64
0
1
0
0
147
4
10
16
0
3
2
0
6
6
0
2922
35
0
0
218
506
43
0
13
93
68
51
0
41
58
21
0
81
0
0
7
4
0
3
0
261
0
36
0
3
2
2
167
23
39
235
84
0
0
36
273
0
0
6
0
0
0
958
96
0
483
0
165
0
0
9
7
0
1
4
0
1
1
0
0
0
0
526
78
12
0
0
62
2
0
5
0
312
0
29
39
1
5
2
148
27
128
0
262
16
146
0
0
14
68
46
977
6
0
0
0
0
41
0
0
0
0
11
0
48
0
1
2
23
29
0
10
8
3
0
3
1
29
0
0
21
0
37
0
66
0
258
28
45
118
0
0
49
0
43
2
0
0
155
16
127
157
0
60
308
52
0
6
25
332
7
0
10
0
685
0
5
0
13
67
4
29
7
1
11
0
0
0
91
18
86
0
0
394
2
0
16
0
0
0
185
0
0
0
0
0
112
102
15
0
0
2
0
44
0
432
0
15
86
13
215
95
50
0
0
196
13
197
291
0
0
79
0
18
0
661
394
154
0
0
0
16
6
2
71
9
0
0
0
0
0
3
15
0
177
1
13
66
0
32
0
3
0
100
4
0
4
56
25
0
0
51
0
0
0
0
0
0
0
0
0
0
1301
33
249
0
0
0
3
0
92
1
0
18
480
0
3
0
296
60
37
1
0
63
0
11
24
1934
0
1
14
7
0
69
256
0
0
0
0
331
0
58
141
10
0
39
40
1
0
0
0
12
569
174
1
0
1
108
0
4
1
0
0
32
30
0
32
0
59
0
15
645
46
0
3
9
3
38
15
0
38
24
215
29
252
0
5
0
2
172
0
8
3
0
0
0
0
0
0
7428
211
3
0
0
367
2311
1
9
0
0
461
49
1
938
55
0
0
803
0
0
16
8
0
1
321
0
7
0
3
0
0
0
1
0
0
538
0
9
4344
0
3
0
0
0
0
14
0
0
15
0
21
320
0
0
20
113
88
1
287
5
6
12
0
18
0
105
0
0
0
861
4
116
0
0
14
134
6
54
15
187
0
0
34
55
8
0
0
0
0
0
0
45
224
0
0
5
3
0
13
4
0
755
0
0
0
856
111
137
0
71
0
261
0
3
117
268
0
0
0
15
15
254
0
0
113
0
4
0
0
46
5
0
0
164
10
68
0
0
81
0
44
0
1
121
1
65
288
18
26
0
16
287
16
18
116
0
4
0
77
75
0
53
0
109
112
0
0
98
97
87
0
0
0
54
456
518
13
1256
0
28
0
1122
7
775
393
0
9
0
222
3
0
139
10
60
16
2
38
0
0
0
21
0
0
266
208
146
2
0
899
6
40
5
111
140
250
717
0
0
0
2469
0
367
0
0
221
1
0
0
0
0
0
2
0
0
5
5157
18
20
0
0
100
0
193
1633
99
0
336
64
465
0
5
0
0
65
0
0
5
174
2
232
106
346
0
75
3
82
0
556
0
3
3
92
383
223
13
438
4
0
3
441
37
0
551
1
88
0
0
10
54
0
2
0
0
0
0
124
13
5
256
0
75
6
0
0
53
0
2
0
3
0
0
0
15
35
0
114
37
13
96
0
2
0
1238
217
5
589
0
0
105
0
105
215
0
116
343
8
303
49
8
2
89
0
0
352
0
0
717
4
0
137
131
27
0
0
0
383
0
65
18
252
269
50
2
0
0
29
13
321
9
96
2
181
6
7
6
1697
190
0
409
2
1
0
0
23
34
0
171
235
367
0
451
0
0
0
2
0
89
69
18
406
16
87
338
179
7
67
6
0
1
0
52
0
0
0
0
0
0
454
0
263
314
0
0
1
23
0
100
7
0
5
0
6
0
0
132
64
905
0
7
0
0
878
6
2
1730
0
75
261
0
41
0
0
1
0
27
298
555
45
78
127
153
0
62
55
0
0
1
33
0
0
141
0
103
56
4990
0
10
165
369
23
0
116
0
0
8
1
108
391
182
52
37
10
36
2
1
12
26
38
105
109
7
51
14
0
3
1
0
298
37
104
0
1
0
0
0
2
10
12
135
13
60
0
0
0
0
0
71
4
0
19
8
0
505
66
1
0
0
1
174
0
0
299
163
5
112
0
0
485
70
0
1
75
2
0
3
0
1
0
123
640
94
19
0
464
0
0
6
99
0
880
24
101
0
5
0
12
3
48
3
10
199
19
0
12
9
0
851
277
72
0
29
0
0
20
78
3382
0
0
0
9
8
4
54
0
0
60
0
244
875
559
0
24
794
644
243
88
0
0
0
37
18
0
0
31
15
13
0
30
0
5
0
1
43
0
6
70
0
105
4
252
228
148
17
249
0
2476
49
3579
49
68
2
10
209
0
174
109
466
80
4
0
3
51
0
0
343
28
76
14
263
250
0
377
5
283
723
183
92
94
0
6
0
297
254
7
7
0
157
2
269
10
1
27
0
7
0
0
72
327
0
0
18
4
37
181
53
0
0
0
3
49
0
0
470
746
128
282
3
12
116
334
63
243
53
0
28
42
23
0
42
28
25
0
174
5
0
0
0
2
0
17
243
0
1019
843
119
0
571
141
10
1
251
0
0
0
0
0
0
0
7
48
0
3
128
24
0
318
2
1
419
245
581
1
0
0
389
311
336
93
0
464
162
6
162
16
30
0
27
651
27
329
2
0
0
97
91
69
189
24
193
0
0
0
0
3
0
0
4
61
0
14
11
0
0
0
249
2
0
7
11
40
5
18
36
19
0
0
0
173
0
77
49
18
0
2
1
0
108
0
3
9
2
119
4
2
0
6
636
679
454
29
3
2
2
593
0
0
17
235
30
1
6
17
0
0
0
39
27
90
82
12
0
14
6
32
0
140
111
18
0
3
0
132
5
0
0
14
48
0
626
5
0
76
9
1
0
117
0
55
261
86
1056
0
0
2
19
11
343
0
635
0
832
49
6
50
0
589
0
121
19
103
355
0
423
503
0
0
2
0
0
6
0
209
70
4
41
23
0
8
0
29
1
0
0
13
159
171
319
83
486
912
355
2
5
38
0
74
95
0
0
0
3
5
32
0
4
1313
0
28
60
106
9
0
1
1
23
9
129
0
0
359
0
3
0
179
108
378
3
40
0
0
1
4
64
0
64
0
13
0
0
34
52
0
1
0
9
1276
0
184
11
0
2
0
4
1
0
0
166
190
0
3
422
4
53
141
63
0
21
0
1573
192
15
138
0
6
0
0
0
8
0
360
4
108
74
6
0
24
0
26
0
19
13
13
0
0
0
0
2
78
0
92
0
0
0
0
604
0
0
4
17
0
0
0
6
1
0
0
1206
115
247
3357
1086
0
4
0
231
10
1
1
210
265
7
249
0
0
0
0
271
30
29
1
346
41
22
521
21
7
130
328
32
28
0
0
4
0
0
0
0
3
2
26
0
0
0
0
0
0
0
29
111
42
149
47
0
5
0
0
0
0
217
255
2
0
0
0
0
0
130
129
0
0
0
0
2
0
0
4
8
0
0
0
0
0
6
2
51
65
0
0
0
0
0
1056
241
0
491
23
0
3
36
108
411
2390
14
23
2
1
0
0
81
0
10
5
1
0
0
0
0
184
6
0
0
1
0
2
0
0
3
206
0
104
65
0
0
0
1
21
43
0
2
523
0
0
0
36
98
450
10
40
8
61
0
0
4
0
0
63
6
0
0
126
1
0
16
0
0
0
55
0
22
11
2
0
0
0
2
0
0
373
50
617
0
0
0
0
0
0
0
0
0
0
0
0
21
0
0
0
0
0
0
0
0
2
0
24
13
362
0
0
0
0
2166
23
136
24
324
107
154
136
44
2780
8992
136
0
18
11
2
0
0
367
186
61
0
0
0
69
1
0
1
44
0
0
35
3
72
77
0
0
0
0
25
4
0
1
11
3382
6
68
0
0
2
0
27
40
0
10
8
0
0
0
2
170
97
0
0
0
0
82
18
6
11
13
2
0
0
0
0
0
0
0
1
58
25
0
0
419
475
130
242
2130
0
2
6
1
2
0
0
19
0
0
0
150
15
0
0
0
11
5
0
0
0
0
0
22
13
0
0
1
224
81
169
23
33
467
2
438
659
12
0
3
0
0
0
0
0
0
20
0
118
0
0
2
0
0
0
0
0
0
0
0
0
255
16
879
0
2625
4156
203
0
0
16
19
0
108
0
0
0
425
101
0
0
131
356
170
46
0
12
13
214
0
0
2
0
0
2
0
0
0
0
0
0
0
0
0
0
0
0
0
0
15
0
0
11
60
0
0
0
174
1
0
315
2
3521
393
47
23
0
70
0
0
34
6
1
1
0
0
7
0
0
3
0
0
263
225
0
774
3
21
0
0
0
2
0
1
2
0
0
965
925
10
0
50
0
0
0
3
4
26
16
0
0
0
1
7
94
0
0
3
6
2
0
0
1
0
0
0
0
0
27
0
0
1
0
0
0
0
1
0
0
0
0
0
0
0
0
0
0
0
0
0
0
0
0
0
0
0
0
