24_BitC_12_2
0
0
10
1279
34
224
7
0
2
0
0
258
26
303
1
0
351
1
4
38
787
57
0
0
0
519
0
19
2
3
15
0
0
50
3498
33
0
0
17
0
3
0
1
2
1
2516
0
102
2
217
0
55
0
371
0
8
489
51
0
1720
3
0
0
0
1
3
2
535
14
5
902
516
32
3
8
0
1094
12
7
0
0
0
10
23
894
0
15
136
5
31
464
0
571
0
0
637
14
0
93
0
16
0
2
520
54
1
0
0
0
594
0
0
17
3
0
0
0
119
160
911
2
6
0
96
72
502
766
0
1722
41
0
1
2
153
4
0
6
48
14
0
1
11
29
0
387
89
35
9
50
17
19
0
36
0
1
920
0
1
1
639
0
0
0
0
56
105
6
268
0
0
0
0
144
0
0
80
48
0
0
88
487
377
0
236
46
94
135
1
115
0
0
250
24
28
0
67
0
0
0
22
40
7
0
17
15
0
7
157
2
12
0
1
10
0
0
0
39
5
0
23
199
0
5
143
0
3
3
149
1
62
2
0
32
471
171
0
367
9
0
1
0
0
1
333
0
13
78
1069
5
3
55
121
10
0
332
34
0
0
0
28
110
1342
11
2272
34
0
0
0
174
15
1
590
0
0
16
9
0
0
664
67
865
82
0
977
0
839
0
0
0
73
0
3
0
0
0
0
96
0
185
0
0
1
0
7
191
0
220
21
5038
0
0
3
0
2
0
64
0
119
82
0
49
0
231
74
0
187
19
24
0
9
254
224
158
0
0
276
2
14
0
0
802
240
28
1313
0
19
91
40
118
0
1006
0
32
3
22
34
572
401
36
0
1
2
0
989
4
0
0
269
262
2478
144
629
17
2
0
1
3
9
0
393
0
53
0
0
2766
1
70
9
37
0
167
2
0
187
1021
43
119
0
368
73
3
0
0
0
0
229
2
0
2
0
0
54
7
1780
10
247
0
24
0
0
2022
214
6
0
41
0
12
818
165
0
98
12
17
0
9
0
208
0
0
0
1
0
163
868
1
4
992
131
135
0
0
0
8
1
2
0
0
0
0
0
3
2
0
0
0
13
42
0
503
0
24
0
677
0
1
1
7
0
181
36
298
23
53
1643
465
16
1
0
42
0
46
57
48
111
0
45
0
0
0
0
28
0
970
10
24
294
12
0
21
0
4
0
4
609
7
360
35
0
20
0
623
267
0
533
0
67
8
30
0
26
57
60
728
0
3
151
288
129
152
2
2
0
9
0
347
144
0
0
44
0
0
0
5
0
0
0
0
0
0
0
0
1002
0
239
0
173
0
1
0
162
414
32
0
98
1
147
55
32
0
36
0
136
6
1501
2
10
5
17
0
2675
1
18
0
188
0
365
145
13
3
4
41
1
0
0
10
173
0
0
0
0
826
0
74
218
1
0
115
3
15
2
0
8
1
15
0
6
16
0
0
1
2
0
1
35
0
13
34
173
35
29
1422
10
0
1
0
0
0
2
0
140
647
26
14
76
3
94
2
0
357
18
2
54
0
3
273
5
270
33
1
0
5
0
305
0
0
2
229
0
0
0
2
242
1
367
3
2
0
0
0
0
54
122
14
613
0
25
51
4025
4
6
0
2
6
2
56
1
2
4
46
84
0
8
4
26
0
0
36
8
148
1
66
1620
1
45
25
516
618
1
0
144
430
2
39
0
709
0
0
0
1
120
150
4
13
14
49
0
38
0
39
53
43
0
90
4
183
0
0
0
2
0
0
405
375
0
0
154
4568
1
421
84
182
96
86
48
0
0
186
1
5
46
2
13
113
0
0
849
8
57
9
102
265
212
4
67
31
0
1
0
705
0
126
0
0
85
21
1
0
0
4
2
0
0
6
0
15
8
0
8
0
270
65
166
33
15
0
363
0
0
0
0
9
0
211
36
0
0
1
0
0
0
9
43
7
0
0
7
0
69
133
0
10
0
3
0
2
234
0
156
495
245
2
242
90
67
107
3
5
416
0
84
62
4
453
4
229
97
123
0
0
344
0
2
5
16
102
479
6
0
0
0
0
0
471
246
6
0
0
0
1040
10
0
906
14
85
0
26
0
0
270
16
227
92
54
2
0
3
0
0
146
1626
952
0
0
9
0
213
32
0
12
26
0
14
61
58
3
0
242
0
0
361
0
0
0
0
308
0
49
159
11
67
40
3
12
0
0
17
28
292
338
13
2
99
1
0
647
188
0
21
0
311
2
0
11
68
2
14
0
2
7
2
0
0
0
149
66
34
4
0
14
20
21
0
0
445
9
16
53
8
3
0
0
77
19
0
2181
32
119
624
0
92
0
0
39
0
725
17
3
0
1358
206
98
47
1103
0
27
0
0
2518
0
0
0
0
155
0
0
0
0
131
459
425
1481
30
0
0
0
13
23
28
1
0
0
84
1132
316
52
4
0
0
12
140
6
0
0
0
0
0
966
348
1880
629
0
0
0
0
0
62
1
1
0
118
3
23
0
2
1341
350
0
273
1100
26
41
27
12
0
0
121
4
0
5
0
0
0
9
0
23
11
9
0
0
0
0
1137
392
0
0
6
7
38
0
0
0
0
70
6
0
111
11
0
83
2
34
677
0
222
47
2
0
3
12
0
0
0
0
183
691
27
123
98
115
109
29
164
116
0
24
189
9
58
0
0
2
0
5
811
9
84
0
0
27
46
0
1
251
89
52
153
0
77
299
0
6
5
6
0
11
0
0
2527
265
105
2
0
300
0
0
0
97
3
1746
1515
0
16
2722
16
137
55
56
40
528
275
0
0
48
0
497
14
331
0
441
0
235
0
182
677
46
0
451
0
0
41
0
165
315
2
0
1
245
4
318
0
0
3
28
0
220
0
0
1
0
0
0
0
4
0
8
16
32
0
344
188
1
237
621
0
0
2182
0
4
0
98
45
18
0
94
0
4
2
59
16
0
1
352
0
3688
0
0
0
13
1
152
12
140
24
0
13
1
27
0
4
172
102
34
0
0
115
0
227
1198
14
0
0
9
2
341
14
0
29
5
2
22
0
2
0
0
0
549
0
646
4
0
1
5
0
56
2
78
0
46
117
0
26
0
167
0
0
0
111
0
4
1
66
2
2
2
23
5
0
71
0
180
0
0
2
7
0
1775
0
3
2207
4
186
0
102
13
27
0
0
0
144
58
0
0
9
9
34
0
0
4
0
0
14
0
27
0
0
2
21
71
2
0
0
4
128
978
98
0
0
0
37
0
0
387
324
3
30
4632
0
34
189
6
91
21
870
0
9
27
2019
32
2
37
80
231
0
0
143
46
11
196
3
558
6
241
202
90
2
25
0
18
0
3
0
0
233
0
1
0
1505
2
13
499
41
20
0
0
0
0
16
0
136
0
4
182
27
2
1
0
0
31
0
67
0
0
64
0
1
0
0
5
0
0
6
0
0
6
0
0
0
0
0
0
1
311
7
92
0
16
93
17
0
0
82
0
1372
14
0
0
0
0
4
1
778
50
167
0
943
11
360
526
0
0
0
1043
0
91
31
6071
5222
0
0
0
25
0
11
0
1
20
0
1
1362
331
387
6
2
227
0
5
0
10
241
110
1316
0
1463
0
87
4
20
94
0
0
0
0
0
0
0
0
490
125
0
1949
32
0
0
4
107
229
312
27
473
2104
0
267
0
193
228
69
304
567
3
18
2
230
86
0
0
70
33
73
0
0
21
55
435
0
3
0
11
298
0
1250
0
1
2
7
0
101
4200
0
199
0
0
1
292
1
201
0
13
0
0
907
17
4
9
0
2
8
2
304
0
0
2
6
0
0
14
120
14
5
0
13
19
0
0
0
40
0
4
28
0
7
37
127
0
0
0
0
18
0
2
2
4
73
41
3
99
2288
28
542
300
2169
0
21
0
126
6
0
1151
0
97
26
0
0
1
0
366
49
0
28
85
0
35
6
5
0
0
43
1
0
3039
424
0
0
323
333
119
0
0
15
0
14
0
238
0
42
0
0
11
1
33
0
0
0
0
33
0
0
0
0
12
379
33
8
0
41
17
16
6
1
11
63
1
136
0
16
5619
383
0
116
0
0
0
1845
80
0
0
2
0
1
488
7
0
0
11
0
0
0
0
0
5
79
0
0
99
51
500
529
22
261
0
0
16
5
5
0
0
0
0
153
26
0
288
14
283
0
0
0
81
18
15
96
0
4
20
193
0
0
51
0
2
0
292
2
0
4
0
23
42
0
7
1
0
52
184
0
0
0
0
24
922
5
8
1
142
0
192
24
240
0
37
1449
276
0
0
3104
315
114
3164
72
0
0
0
0
0
0
36
0
3
3
0
116
1272
9
0
0
0
0
1
6
29
248
0
0
5
4
2
0
125
631
113
241
229
9
0
1
0
225
2
0
1
25
21
6
33
2
0
0
3
21
17
258
21
0
0
0
0
0
0
0
31
5
3
0
5
0
148
1
0
24
98
0
0
0
300
0
168
8
0
9
0
0
0
0
0
689
3
0
9
25
0
93
77
7
0
14
0
0
0
0
105
0
541
283
545
8
0
71
55
4
0
6
189
52
2
5
0
1395
0
24
2
17
0
5
1
24
2
0
0
201
0
189
86
45
168
12
0
0
0
0
4
19
161
40
0
8
0
27
3
0
0
93
0
11
0
0
41
22
7
70
20
389
10
0
119
0
475
0
0
0
33
10
48
112
219
0
281
53
0
1
25
0
0
3
146
259
5
3
86
0
3
9
1
6
1
1
124
9
8
1120
116
2
240
0
16
11
0
0
91
0
68
0
0
0
9
18
0
3
3
660
0
95
436
8
0
1372
22
0
0
0
5
3
3
965
108
45
0
1
1
0
0
0
10
37
0
0
11
0
9
0
0
8
26
0
0
0
2328
0
2
0
5
12
270
173
2357
10
2043
14
2
9
4
3
12
1025
0
491
1164
0
6
71
0
63
0
0
0
408
0
16
51
0
0
662
0
152
338
0
0
82
117
3
7
392
174
0
1303
0
358
0
985
3
0
142
0
15
107
412
7
122
3
13
0
1758
160
21
8
224
1
41
11
639
30
0
74
0
31
74
182
0
0
5
0
6
97
0
4
1705
41
254
85
0
0
0
0
28
38
0
27
122
2
437
574
0
104
97
18
0
2
1
0
650
0
53
0
185
9
2
0
5
0
0
0
1215
890
0
5
110
4
8
0
65
5
177
15
1
0
100
357
0
2
0
3
0
0
259
197
3
0
1146
4
481
159
32
17
0
7
19
0
0
0
2
6
2
5
97
204
0
0
41
219
0
0
19
0
0
3
526
66
18
0
0
874
0
209
408
0
0
50
0
0
0
47
108
8
0
0
0
4
5
76
0
0
0
63
0
0
0
0
0
1
142
76
9
0
0
166
2150
4
138
0
1
1
7
2
1
710
3
0
22
97
39
0
0
0
9
96
1
13
0
138
0
631
0
0
7
19
0
0
0
8
0
0
4
91
7
0
14
0
0
3
1
3
0
0
229
0
6
0
37
9
17107
0
15
135
137
0
67
0
0
0
0
278
71
433
0
153
0
3
140
2
0
43
0
255
1186
0
17
0
60
0
791
8
315
63
0
0
0
0
0
2
0
0
1
0
23
0
0
1
314
84
91
1
0
110
20
0
28
942
7
134
39
0
810
53
0
46
0
0
0
309
15
171
0
19
0
0
8
500
207
0
264
49
10
0
1
68
58
0
449
0
0
269
5
48
35
0
46
2
0
204
505
3
10
3
0
1
0
5
160
145
112
0
20
1
47
0
0
133
0
47
20
0
483
16
1
23
1
0
2
513
198
0
138
0
62
387
6
12
1981
173
0
0
0
236
55
0
1
1
2
0
1
0
45
33
0
14
0
0
1
0
3
219
3
71
2
1
20
6
112
0
1
0
0
241
119
50
7
0
0
47
0
0
0
3
690
1467
0
3
1678
11
21
496
0
116
0
0
2
563
2
0
5
19
56
13
0
0
2
0
0
806
0
0
579
3
45
5
2366
243
0
0
227
1176
22
1574
338
0
25
23
303
1
14
13
9
6
0
0
0
386
0
0
543
0
1336
0
0
6
0
10
0
58
115
0
442
6
67
0
63
1186
2619
1
10
50
2
678
138
0
15
0
148
0
0
1
69
145
0
667
0
17
6
249
0
33
198
741
17
54
151
0
767
5
440
294
1
1630
0
176
82
64
141
5
0
7
0
0
9
27
6
0
130
0
3
0
1
0
0
3303
90
83
99
80
135
0
2
5
7
0
528
0
10
0
0
0
2261
0
105
110
0
699
0
3
401
14
27
612
0
0
66
0
0
0
0
6
0
0
0
29
133
10
0
19
0
1
82
1
0
0
1162
213
788
177
3
566
21
0
0
25
5
0
0
0
2
14
135
0
0
3
0
0
0
2
2
20
568
12
54
0
34
3
4730
0
0
9
29
0
3
47
0
168
0
26
56
0
751
123
11
39
38
0
0
391
121
945
27
0
0
59
0
0
0
0
1620
0
1897
276
102
90
240
0
0
0
0
27
0
209
0
0
123
118
1
67
4
316
18
0
3
46
0
33
0
43
6
174
68
0
1525
22
0
10
15306
0
57
1605
406
490
268
156
349
101
759
0
912
1470
0
6
3
0
0
0
113
0
83
85
1787
0
4
154
161
0
1387
43
62
0
0
0
0
2151
3
5
552
0
258
0
22
2
0
958
27
0
0
471
120
0
0
0
0
98
0
68
4
1265
7
66
40
499
0
1
107
391
0
2
3
121
125
28
0
14
270
59
0
0
129
26
131
0
0
12
16
0
41
25
0
161
1
0
0
0
0
14
0
1
6
0
0
0
2
8
0
14
701
12
0
0
1988
1
0
1
3
0
39
0
61
3
1
22
0
0
3
7
0
0
249
15
0
0
0
56
0
0
0
121
74
0
0
0
46
4
0
0
28
0
0
0
0
2
0
1
0
0
54
2
0
37
965
1
0
24
0
0
150
12
135
6
6
1
0
46
2
0
0
12
0
100
0
0
4
0
1
0
30
0
0
220
53
0
351
6
0
2229
84
3
0
24
326
0
0
12
1
0
35
27
58
0
119
10
0
2
1732
242
6
1
129
0
0
30
0
6
14
0
11
0
0
0
0
542
0
2
0
0
622
0
191
19
4
0
0
50
1288
236
176
0
0
6
0
0
0
5
0
0
222
0
0
68
0
0
0
0
0
121
1862
30
5
0
9
0
0
0
0
1
0
0
0
0
2
0
0
0
15
0
0
4
12
0
0
0
70
4
57
0
0
0
0
0
1
0
2
0
0
0
0
0
0
58
1
0
2
15
218
4
0
0
0
0
0
2
0
0
0
0
0
0
0
0
2
0
9
3
0
0
0
0
0
0
0
0
0
0
0
0
0
0
0
1
0
14
1
2
0
856
0
0
0
11
3
0
0
1
817
0
0
53
97
0
3
42
0
1
0
0
0
0
0
48
129
0
2
0
9
274
31
0
24
0
0
1
0
0
0
0
0
0
0
0
11
0
0
0
870
0
6
0
0
0
0
0
0
35
0
48
0
46
0
12
0
4
0
0
114
0
0
0
0
7
3
0
0
0
46
5
0
9
0
4
24
0
0
0
9
15
0
21
0
2
0
43
2
7
0
373
0
1
0
0
7
0
0
0
2
73
1
0
0
0
280
0
1
690
129
0
0
26
62
0
0
0
1
0
31
0
0
20
0
55
0
0
0
0
2
0
0
0
0
0
59
0
1
310
5
0
0
0
1
11
0
0
0
0
0
0
0
2
1
2
0
0
4
92
0
26
0
0
188
0
0
0
0
0
155
0
0
2
0
0
0
0
0
0
2
0
0
19
0
0
55
1
0
0
0
37
3
0
1
14
0
1
8
0
0
1
2
4
1
0
0
0
0
0
0
0
0
0
0
0
0
0
0
0
5
0
1
0
0
81
8
0
19
4
0
0
0
0
10
0
0
0
0
0
0
0
0
2
0
0
0
0
0
0
33
0
10
0
0
0
0
98
0
0
0
141
0
5
2
1
0
8
0
3
0
1
9
0
0
1
0
0
0
0
0
0
0
1
0
1398
0
0
0
0
0
0
0
0
0
0
0
14
10
0
0
5
0
6
292
1
0
0
0
0
0
4
0
3
0
0
0
0
3
0
147
80
0
0
0
0
0
0
0
0
633
4
0
0
0
0
0
0
0
0
356
15
0
607
0
0
30
0
0
1
0
0
1
1
0
0
0
0
0
0
0
20
0
5
0
0
0
0
0
0
0
0
55
0
0
0
44
16
0
77
0
61
0
0
0
0
0
3
0
0
0
0
0
0
6
3
0
0
0
82
0
1
291
0
0
0
9
1
0
0
0
0
0
0
59
0
0
0
0
104
0
0
0
0
34
0
0
0
0
0
0
0
0
0
0
18
3
0
3
0
223
279
0
0
1
0
12
0
0
0
0
0
0
0
0
7
0
38
2
0
14
0
56
70
0
2
3354
0
0
0
0
480
0
24
0
0
0
0
0
1
0
0
0
189
1
7
4
0
8
0
203
0
0
0
1
1
0
0
0
0
0
0
11
0
6
0
0
0
408
0
0
0
0
0
0
0
0
1138
2
70
0
0
0
0
0
0
0
0
60
0
0
337
0
1
115
12
665
0
0
0
0
0
29
0
0
2
0
381
1
0
0
0
0
1
0
0
6
10
15
0
0
0
0
0
0
0
0
14
66
935
0
0
7
21
1599
0
532
0
0
0
71
0
0
14
1
20
0
0
0
0
25
0
0
0
39
0
0
0
0
0
0
0
9
0
0
0
0
9
0
17
0
0
11
0
12
4
0
1
0
0
842
0
0
0
184
0
0
3
0
0
2
0
0
0
0
60
0
0
0
0
82
1055
103
0
0
0
0
0
0
0
0
257
0
21
1
0
0
0
0
731
1
413
0
0
7
0
0
1
0
0
0
0
2155
0
0
0
1
0
0
50
0
0
0
28
0
112
16
0
8
0
635
0
0
0
44
0
0
0
0
0
0
0
0
3
1
0
0
0
105
0
0
0
0
240
0
0
0
180
0
0
1
13
443
0
4
0
0
0
0
0
3
0
0
700
2
18
0
0
0
0
1
170
171
0
0
24
0
422
1
0
3
0
1
0
0
22
3
0
0
3
58
24
3
4
0
1
2
0
0
0
86
1
0
0
534
0
70
21
1
0
0
0
2
0
0
0
0
77
1
1
0
20
0
0
0
0
0
0
0
0
0
1
1216
0
3
11
0
0
0
1455
58
4
8
0
0
0
0
4
9
0
4
0
1
0
0
0
0
2
0
0
0
0
0
178
0
0
0
0
907
0
0
0
0
18
0
5
0
0
2
6
12
0
0
0
0
0
144
0
141
4
0
2
0
0
1358
54
0
0
72
294
0
101
13
0
0
50
0
0
0
0
6
30
20
0
0
0
0
0
0
0
1
0
0
0
0
0
191
73
0
808
3
0
0
0
0
36
0
0
0
0
0
0
0
0
0
4
25
11
199
0
0
0
5
0
0
0
0
324
0
0
0
73
0
2
0
0
0
0
0
0
0
0
0
0
0
8
41
0
0
0
0
0
0
173
0
482
0
0
0
0
0
0
0
295
0
0
72
0
0
0
10
0
2
648
2
0
11
1
0
0
0
0
19
92
13
16
0
0
0
0
18
86
0
0
0
0
0
0
0
0
340
379
12
0
95
0
0
0
0
2
0
4
39
844
0
0
0
0
0
0
203
0
0
0
0
0
0
19
0
0
0
0
0
0
0
27
0
0
2
0
202
0
0
0
0
0
9
0
0
0
1
22
1
0
119
0
0
1
3
0
0
9
0
0
0
0
0
13
0
0
0
0
2
0
0
0
0
0
0
0
0
57
0
0
8
33
0
0
0
14
0
0
12
0
0
141
0
0
0
4
307
0
0
0
18
0
2
3
0
0
10
1
0
0
32
0
131
0
0
22
0
75
1
601
61
0
0
3
4
38
0
0
0
0
15
0
0
0
0
0
0
0
0
9
176
197
0
1
0
1
3
0
8
0
0
0
1
0
0
0
0
3
2
382
27
312
0
0
0
60
0
0
0
0
11
1
0
351
280
0
0
0
0
0
0
677
3
16
25
0
1
0
0
51
0
0
0
4
0
0
1
2
0
4
0
2
1
0
0
114
0
0
0
0
10
0
0
1
0
0
5
0
0
0
0
1
0
0
0
5
0
0
0
0
4
30
4
0
0
82
0
0
143
0
1
1
0
562
0
0
0
2
26
577
0
1265
0
0
0
0
0
0
0
1
0
0
0
0
0
0
2
0
62
0
5
0
0
0
0
0
0
36
3
23
0
0
0
0
574
0
0
47
0
0
4
15
0
321
39
0
0
0
0
0
0
0
0
425
0
0
0
38
115
0
0
0
0
49
100
9
0
2
15
3
0
3111
0
21
0
0
53
0
132
430
43
134
0
0
24
0
130
0
0
27
1
0
0
0
0
0
0
741
0
0
0
0
2
0
0
0
0
2
155
644
0
0
0
0
0
45
0
0
102
63
1
0
3
0
0
50
0
3
0
0
0
2
0
0
0
1
0
0
3
236
0
21
0
0
0
0
0
10
10
0
0
0
60
6
0
0
5
0
0
0
0
0
0
0
96
329
0
0
0
0
0
0
0
52
221
0
3
75
0
1
0
152
0
0
0
7
0
54
0
102
1
0
0
71
0
0
0
0
0
0
0
0
0
0
0
0
0
3824
100
0
2
0
0
0
0
0
97
321
249
0
0
167
0
1
0
0
0
0
0
0
0
216
0
10
28
38
2
0
12
1
516
0
5
0
0
0
761
0
16
0
0
676
53
0
0
0
1
0
2
0
167
8
0
60
0
0
1
59
0
2
48
0
0
0
1
0
0
19
0
24
67
0
0
0
0
0
0
160
0
995
73
0
0
0
0
0
179
620
0
0
0
0
1436
0
0
18
0
0
0
322
2
757
230
0
3
0
0
0
0
0
0
0
0
0
1
1006
0
0
0
57
0
0
0
0
0
0
0
0
0
34
0
1642
7
0
0
0
0
3
4
0
0
0
3
160
12
0
0
0
61
0
0
0
0
40
0
0
5
0
0
5
0
0
0
1534
0
0
4
0
71
0
109
0
5
0
40
0
0
0
17
0
6
0
0
16
0
31
0
0
0
340
0
0
0
0
0
0
0
140
17
1
279
2
2
504
0
0
1036
0
0
13
3
1
0
0
0
0
0
0
0
0
1
12
0
0
0
0
0
0
10
0
0
0
0
217
0
0
0
130
0
0
0
0
0
0
0
2
0
0
1
8
0
0
0
0
0
0
10
181
0
6
0
0
608
0
1
0
0
86
1
0
0
0
0
5
85
0
4
2
0
0
11
901
10
45
0
509
0
0
5
0
0
0
11
1
7
0
1
0
0
0
0
0
18
0
176
0
0
18
0
0
0
0
0
985
28
1244
0
1
0
0
152
142
0
0
43
969
0
0
0
15
1
0
1
0
0
2
41
0
1745
0
11
0
4563
0
2
2
0
0
0
0
0
0
0
0
24
0
50
0
27
2
22
145
0
1
0
31
2
0
0
126
2
0
45
20
0
72
0
0
0
16
0
0
0
21
136
167
0
0
0
0
9
0
0
0
0
1
1
0
22
0
28
1
0
1
1
0
1
16
0
0
0
0
0
8
54
0
0
0
3
0
0
2
0
0
0
1
0
0
0
0
143
0
0
0
0
0
7
0
0
0
0
1
0
0
0
0
0
0
0
0
0
0
0
15
5
0
0
0
0
2
0
0
0
0
0
0
0
1
1
16
0
0
0
0
131
645
0
0
0
4
0
1
1
0
0
0
0
0
0
1
0
0
0
0
0
159
0
455
0
325
0
0
124
0
0
126
0
0
0
0
0
0
698
0
7
0
0
0
0
3
9
0
0
366
0
30
0
0
0
0
0
0
0
181
0
0
0
0
0
0
0
0
0
1
0
0
0
0
0
0
0
9
0
0
0
0
0
0
4
0
0
81
0
0
0
0
0
0
16
0
0
0
0
0
428
0
847
0
0
0
1
0
0
0
0
0
0
0
79
0
0
0
0
27
0
131
0
0
0
2
0
0
250
2
0
42
0
1
0
6029
0
0
0
0
1
0
94
5
8
33
0
0
0
0
13
88
12
0
0
0
43
0
0
1
0
0
280
0
0
0
0
9
0
291
1
17
0
0
0
294
0
0
15
0
117
0
1747
0
0
0
149
3
0
0
1
0
0
0
4
1
0
0
0
0
0
1
0
1
0
0
0
0
0
0
0
0
145
0
112
0
0
2
1
0
0
0
0
0
100
0
0
0
0
0
0
0
0
0
0
6
0
0
4
0
0
0
0
0
0
1
0
75
2
0
0
0
0
0
86
0
0
0
0
0
0
0
0
4
0
0
0
3
0
1
0
3
8
0
0
4
0
0
0
0
0
0
0
0
0
0
0
0
0
0
0
0
0
3
0
0
0
1
0
0
0
0
0
1
0
0
0
0
0
0
0
0
0
2
0
0
17
0
0
23
0
0
0
6
0
0
0
0
134
297
2
18
1
0
0
15
0
2
73
1
0
0
0
0
0
0
0
0
0
0
0
0
0
81
1
0
2
0
0
0
0
0
189
0
0
11
8
33
0
0
0
0
3
4
0
0
0
0
0
21
0
0
0
0
0
0
640
0
0
0
0
0
0
11
3
5
0
0
0
1
0
0
0
0
0
1
0
261
10
27
1
2
0
0
6
111
0
0
0
0
0
0
0
244
0
0
0
0
0
373
0
11
172
18
0
1
0
0
0
0
1
0
0
0
0
0
0
0
2
0
217
0
0
0
0
0
0
105
1
0
0
0
0
0
3
0
0
13
0
430
6
1
0
240
3
0
0
0
0
0
15
141
0
1
8
0
0
2
0
0
8
0
0
0
0
0
16
0
0
0
0
0
0
0
0
0
0
0
0
0
3258
33
29
1
14
2
0
58
1
0
4
2
7
251
9
0
0
1
0
2
4
0
0
2
0
0
0
16
83
1
0
340
0
232
26
246
0
0
4
0
2
2
0
1
222
3
0
50
2
80
0
0
116
444
46
577
0
0
0
82
2
0
1
7
0
0
4
0
21
151
0
27
2
2
0
64
0
1
0
0
60
0
0
0
321
0
11
0
0
1
0
0
50
0
83
16
250
0
5
0
3
0
0
0
21
24
135
12
8
0
5
0
20
0
1
264
8
2
0
181
0
103
6
1054
145
0
0
0
60
0
6
5
0
0
0
0
0
231
0
220
0
800
0
0
0
0
0
12
16
0
0
0
0
0
3
0
0
86
97
7
0
0
685
0
0
2
0
0
8
0
0
323
0
12
0
1
0
1
9
60
1
0
114
0
8
0
30
0
0
0
74
2
0
17
0
2
245
212
0
0
0
6
0
0
15
0
0
0
0
0
387
0
0
0
0
0
7
0
0
1
0
1
319
225
0
5
467
0
131
0
91
8
116
0
33
0
0
13
229
0
26
0
1
1
211
0
0
0
27
2
57
0
2
0
0
0
0
0
0
92
3
0
0
0
0
0
0
0
0
39
0
0
0
0
0
1
0
0
2900
6
454
0
0
0
0
9
12
0
398
0
0
0
0
0
0
19
0
3618
31
461
0
0
77
30
76
4
0
0
2184
0
175
143
251
0
66
0
79
930
215
0
0
0
0
751
0
2692
0
0
0
0
9
91
6
6
0
0
0
38
3
28
6
0
93
376
0
638
0
0
0
151
57
0
0
108
43
0
276
0
21
62
0
0
0
23
0
2
0
0
0
154
6
1
1
1639
0
0
2
23
0
32
127
44
0
0
128
89
0
0
0
0
2
0
1
0
0
0
4
0
13
0
0
0
232
39
55
0
5
1
0
0
262
1
0
24
0
26
0
0
144
54
2
87
0
0
0
0
103
3
18
5
0
0
0
0
0
0
3
0
114
64
5
0
8
223
50
0
0
249
8
31
0
9
0
155
13
0
22
0
0
0
18
898
0
20
0
7
351
24
7
0
35
0
2617
3
0
11
0
13
480
0
0
44
59
404
0
94
506
0
0
5
16
16
0
158
0
0
0
2
0
0
14
71
0
0
115
0
45
0
0
14
1
0
0
3
0
52
0
111
41
0
2
0
0
0
0
0
375
3
438
1488
460
13
0
3
10
0
8
1
0
0
272
712
0
93
0
0
0
624
0
0
31
0
0
0
15
0
7
1
3
0
90
0
13
0
11
0
0
74
0
0
29
0
50
630
35
0
0
20
275
156
4
0
0
0
0
0
461
19
0
524
0
0
0
46
2
298
3
0
2
0
15
13
151
274
0
0
0
0
0
23
0
0
0
0
0
0
9
0
969
0
41
199
2
0
0
0
24
122
1
0
0
0
31
0
12
378
0
0
0
1
17
1
7
0
8
0
1
0
35
10
0
0
0
2
691
0
0
57
0
0
0
0
15
0
53
44
0
0
0
0
10
188
0
0
0
0
123
3
0
12
0
20
3
7
57
0
33
0
0
0
0
121
0
3
255
0
2
0
0
0
0
46
0
50
11
2
0
0
83
2
0
3
0
246
84
9
0
0
1
0
0
133
10
0
1
11
2
0
0
0
0
0
46
0
2
0
0
0
2
0
2246
0
34
0
0
0
7
0
1
0
0
637
0
0
0
93
0
78
0
4
0
0
104
0
0
1
0
0
0
1
0
70
0
0
0
1130
1
4
3
0
87
0
955
0
0
0
0
1287
49
1
87
1
0
0
0
6
151
0
29
10
2
0
0
0
0
8
1
14
424
87
40
0
0
19
0
15
0
0
430
629
0
84
0
1
0
0
0
2
167
0
0
22
0
324
38
75
0
2
142
191
3
40
0
498
0
31
0
0
0
0
0
2
143
675
53
19
2
0
0
0
0
143
43
0
0
2
434
1
0
29
0
0
135
37
0
153
3
0
1011
5
0
31
0
0
0
0
0
390
0
3
1
3
1
0
0
16
0
0
525
0
0
0
0
0
0
21
0
60
32
7
0
0
7
0
0
0
828
162
3
3
11
132
1
7
4
0
0
0
0
1
0
2
6
0
0
0
0
46
0
0
222
7
21
0
0
18
0
0
0
0
0
0
0
0
0
20
0
7
51
4
0
0
0
0
0
0
0
94
0
0
4
1
0
0
0
0
0
30
78
0
0
4
2
744
0
2
14
68
8
11
0
0
0
0
0
0
0
0
6
6
3
16
20
0
0
0
16
0
386
0
0
0
717
16
0
0
0
28
16
0
0
69
727
0
8
0
94
4
1953
116
317
0
3
193
8
0
389
0
0
2
9
0
1
20
0
0
132
0
2
0
6
6
0
8
0
0
0
0
8
0
0
0
0
0
66
79
44
13
0
0
5
133
0
66
117
1
0
1
1
9
0
0
37
0
24
5
0
12
18
1806
1
0
3
0
0
0
43
9
1100
0
3
12
1
0
1
0
1
0
11
518
0
0
0
0
0
0
49
138
3
7
0
387
74
0
0
0
123
2339
0
366
0
0
18
219
12
0
7
8
0
0
12
22
1
0
27
0
0
0
0
10
413
167
375
2
0
39
0
0
1
7
0
0
31
0
0
0
2
40
9
0
5
0
0
3
222
0
0
0
2
0
1
254
0
0
210
287
1177
382
0
0
50
2
37
0
1
0
235
2
1
0
0
0
13
0
0
0
0
0
28
6
313
1
6
0
42
1
3
1568
0
2682
0
0
1
80
14
10
0
1255
0
0
37
23
450
12
0
529
43
13
0
27
7
248
4
0
0
0
0
6
991
0
126
0
108
12
0
0
11
306
0
52
1
780
318
2
1
0
20
0
0
2
1
227
198
211
4
70
0
88
0
34
0
0
142
43
2
0
0
368
0
0
0
39
4
85
0
415
0
2
6
0
6
61
0
220
32
6
5
168
72
44
6
20
0
97
0
0
0
143
0
0
46
0
0
0
114
0
0
10
0
0
1
31
757
7
0
377
138
0
706
0
0
0
3
0
320
124
0
127
4
0
0
0
0
0
14
19
10
0
164
0
0
0
2
8
0
369
0
0
443
0
0
0
5
2
2
0
30
33
0
0
0
0
79
0
0
514
1
0
0
8
4
0
36
0
59
0
4
34
0
5
0
8
1
462
19
225
2
0
371
154
0
31
31
0
0
0
0
36
2
1
3
0
0
1
20
0
101
1
58
0
15
16
7
0
12
0
0
0
0
11
12
1
89
561
1019
32
80
0
0
0
7
0
252
1
0
1
0
379
3
20
648
42
287
477
0
0
7
0
58
0
11
0
0
291
37
0
1
41
9
0
8
0
48
58
167
0
0
0
0
142
0
0
0
246
14
0
6
20
0
24
0
7
8
0
1
8
0
0
103
431
0
14
0
366
4
0
0
3
0
449
0
0
0
0
0
0
0
0
0
3
0
0
2
3
320
138
244
3
0
0
0
46
19
2
0
0
0
0
42
169
0
0
0
11
0
0
0
0
7
3
0
0
0
6
0
0
0
12
0
1
7
18
5
4
0
0
7
268
7
0
17
0
139
1
2
0
2
0
99
0
294
0
225
0
76
16
0
52
296
525
0
0
13
0
0
0
65
0
1
6
6
2
25
46
0
1
12
321
0
12
0
20
712
0
0
1
35
7
5
62
16
22
49
6
4
0
1
28
0
270
3
0
0
40
1
0
3
0
0
28
8
91
3
1
0
0
0
23
42
1
87
0
0
273
0
894
0
0
4
606
0
0
32
0
0
0
10
0
0
162
4
0
0
0
0
8
0
0
0
0
0
3537
2
18
1
0
0
5
222
2
64
166
88
1622
23
0
34
0
477
18
0
208
0
92
0
15
0
43
0
15
0
0
6
0
1
5
1
8
0
82
4
0
1
0
56
6
5
265
0
0
0
174
0
0
0
0
5
0
51
2561
1
213
0
0
6
42
9
0
0
7
4
0
0
0
146
0
0
0
22
0
0
0
0
0
0
2
150
21
83
0
1
379
0
0
2
2
0
803
0
0
0
99
0
218
129
5
0
0
0
0
0
0
0
0
293
48
141
0
129
0
0
5
1388
1
14
0
0
9
0
0
0
0
0
0
220
0
3
77
0
0
0
0
0
0
3
0
583
2
3
14
0
453
0
0
0
0
367
0
170
17
0
0
5
0
0
0
1158
0
0
0
1
0
0
3
0
0
25
1
0
0
3
0
219
5
0
74
0
36
14
2
41
0
0
0
0
0
20
0
1
0
0
0
0
0
0
45
0
445
0
0
1595
0
0
0
36
0
0
9
225
5
69
0
4
23
0
0
0
0
3
0
2
36
4
7
0
0
0
0
0
0
0
3
0
1199
0
13
343
0
7
1
0
5
0
0
311
0
0
465
0
0
4
0
341
0
0
0
0
3
0
48
7
0
0
0
8
0
0
354
0
38
0
4
14
0
0
0
42
4
1
4
47
186
1
8
3
129
14
0
1
0
0
2
0
0
0
0
0
375
2
0
0
0
0
15
0
0
0
242
0
1
0
0
294
15
0
0
0
119
598
0
12
0
0
26
34
81
127
0
0
0
0
6
0
1
241
46
31
10
0
333
353
0
0
0
10
0
0
1
18
178
0
0
0
0
0
0
138
0
0
0
0
0
316
2
0
162
197
126
40
0
8
0
2
7
6
0
38
206
0
26
28
69
791
0
0
540
0
5
0
0
0
0
153
0
1065
0
60
508
11
117
1
0
0
0
11
3
13
0
0
0
150
2889
0
324
98
2
0
2
0
43
1
0
0
0
0
0
207
0
0
0
0
0
1
46
0
20
24
0
844
0
0
0
0
37
7
0
50
0
0
0
0
0
0
0
2
0
0
117
0
75
0
11
7
77
112
0
44
0
0
0
0
0
0
95
2
0
11
33
0
0
155
0
0
0
0
5
7
0
190
69
0
36
58
0
0
37
634
0
0
0
1
0
0
21
770
30
1
0
0
0
0
0
10
69
759
0
335
17
152
7
0
0
0
0
0
0
200
1758
0
1
0
0
0
136
111
16
0
0
0
0
13
255
1
2595
0
0
450
281
0
0
0
0
0
0
5
49
0
0
3
3
0
95
2
0
30
30
0
489
0
228
0
108
0
0
0
0
0
1
108
2064
2
204
0
175
5
63
411
0
0
0
0
143
78
0
45
140
0
1
1
6
291
217
0
0
0
57
0
0
0
0
0
0
0
7
0
0
7
0
4
4
0
0
561
1
0
0
299
5
8
0
143
0
3
0
824
0
0
0
749
68
1
0
0
1
0
37
90
915
0
0
82
0
277
1
4225
0
2
131
0
0
0
1
0
0
0
0
0
36
0
713
113
0
12
1
12
0
65
0
53
369
2712
3
127
331
0
0
0
11
0
65
4
0
3
0
0
0
299
0
11
0
0
2
26
0
0
40
10
9
2
7
171
41
4
0
0
0
5
294
0
118
20
1
0
0
0
353
0
0
212
0
0
0
0
772
0
27
0
0
84
0
2
0
1
34
0
0
0
277
3
0
22
0
6
0
0
2
113
1
1
96
179
0
5
2
6
39
0
0
3
0
41
0
61
0
0
6
6
0
0
193
78
0
15
594
11
80
419
141
0
0
3
0
0
0
0
254
180
0
0
0
0
16
112
5
0
7
3
1025
2
0
1
2
174
23
58
0
737
23
0
0
204
0
0
0
0
0
0
276
25
43
16
479
0
0
0
0
0
0
325
0
3
90
171
19
2
21
0
0
0
156
202
61
0
2
0
0
119
0
15
783
0
0
4
91
1
0
0
1
1
927
619
0
3
7
161
0
0
2
0
0
12
343
587
0
481
0
8
0
0
37
0
0
0
0
0
2
0
0
0
0
0
0
48
8
0
2
0
80
0
0
0
0
0
4
709
9
0
0
195
0
190
41
4
1
40
20
0
0
0
0
376
15
0
1
106
582
0
0
0
0
0
0
0
1
0
0
4
0
26
0
496
0
0
0
359
0
0
84
0
9
0
1
0
0
0
421
562
0
346
0
0
32
0
5
0
0
0
0
9
1
1
0
0
0
0
592
48
10
25
0
0
0
13
0
82
74
0
4
367
0
0
0
188
0
0
0
1
4
271
6
0
385
1
0
1
5
0
2
2
0
1
31
1
2
0
0
0
0
0
1
0
0
0
0
151
0
0
15
0
0
5
0
0
0
41
6
3
1
424
0
1
1459
0
9
0
0
34
0
0
0
12
8
0
3
1058
0
41
0
0
87
5
0
154
1
148
0
0
0
5
337
0
1
0
0
0
35
144
12
0
1
0
22
288
815
0
10
11
0
5
9
4
0
11
13
1
1
19
19
0
0
0
153
0
0
0
0
12
1
105
0
0
12
9
720
114
25
115
0
0
39
632
1
1
1027
0
0
1
4
87
0
0
34
1
0
6
12
0
9
0
7
0
0
0
3
0
0
0
0
655
0
4
0
108
0
0
2
10
0
0
0
0
17
0
5
0
0
50
6
0
0
1
567
0
97
15
5
0
69
0
0
0
18
44
2
1
0
9
0
199
0
0
0
57
870
0
0
31
0
121
0
0
0
0
239
0
0
0
6
30
10
8
36
12
0
35
0
0
0
435
61
39
0
10
7
0
15
0
0
41
0
7
0
70
294
0
0
0
29
0
581
0
2
268
0
0
1
0
9
0
0
6
0
1
137
0
3
31
0
189
12
0
0
71
0
0
0
0
278
0
1273
470
48
111
0
0
141
1361
0
1
0
36
0
0
0
0
65
0
80
5
0
118
475
0
0
0
0
8
0
147
0
0
55
0
0
304
0
13
0
26
732
0
0
0
66
0
0
29
182
0
0
0
0
277
255
24
14
0
0
0
0
0
2
0
0
18
0
0
3
10
13
1079
279
0
1
71
0
0
0
0
0
0
0
0
0
328
2
87
1
2957
0
457
1
0
0
56
0
1
0
0
4
20
16
149
25
16
29
0
66
0
66
7
7
0
0
0
32
0
0
161
4
91
0
0
0
0
6
30
160
0
2
1
0
0
1135
1
136
29
95
43
43
2
3
0
203
18
0
145
5
1
0
0
75
0
0
5
5
21
0
0
0
29
4
0
7
0
239
0
1
0
10
0
0
0
0
198
0
1
0
39
0
10
26
0
3
1
57
0
0
0
306
0
0
5
242
28
17
69
0
0
321
0
0
233
0
0
0
136
0
0
2
147
0
0
0
0
0
160
10
894
26
0
0
0
0
129
0
10
0
145
22
0
248
5
113
69
12
21
88
0
0
35
651
0
511
0
27
0
47
1
0
0
0
404
0
0
0
35
0
1140
0
8
0
6
0
53
0
3
6
81
0
0
65
1
0
0
0
52
0
5
38
0
0
4
146
12
26
9
0
0
0
2
34
69
0
0
28
0
0
1
1
0
0
399
0
2
18
1
60
0
0
0
0
152
0
43
0
5
26
13
0
2
0
2
0
17
0
12
0
3
0
0
57
0
13
280
0
138
57
0
31
0
23
28
0
16
0
29
0
107
59
10
0
3
143
7
8
1
2
0
59
259
957
36
0
0
0
0
0
269
109
1
30
6
63
0
12
0
0
0
0
21
0
36
0
10
10
69
4
0
4
27
156
0
64
0
0
0
10
1
0
0
0
0
3
101
56
0
65
14
1571
2
345
0
14
39
0
0
0
0
14
0
0
0
0
0
4
56
0
0
0
6
8
138
0
104
32
273
34
2
742
23
74
1
0
0
0
0
0
522
0
108
9
1
0
9
2
0
0
18
0
18
0
1
2
30
25
555
4
0
54
0
3
0
14
0
0
101
0
0
10
157
0
0
0
277
0
358
0
0
0
16
208
19
0
126
24
3
0
0
0
2
443
1
19
697
278
0
70
0
0
114
7
415
179
0
0
3
35
0
33
72
101
34
1
0
2
0
85
712
2
0
11
9
0
0
0
0
74
0
541
664
190
2
0
599
0
710
0
0
4244
0
0
0
0
12
6
4
0
0
17
0
153
54
0
400
30
32
0
0
397
0
0
111
123
3
0
0
52
4
111
0
0
0
0
0
0
0
0
0
0
7
0
0
0
47
0
118
0
0
267
0
548
63
2
34
0
5
105
0
0
58
65
2685
0
0
0
453
288
0
0
15
0
0
779
14
70
0
0
0
0
0
98
19
0
16
0
0
0
13
0
2833
4
0
0
4
141
6
0
0
1
0
1
8
0
2
243
0
0
61
0
0
0
907
0
48
186
0
0
0
0
0
297
0
0
9
0
17
0
376
0
1
0
2978
21
53
0
0
0
50
42
37
0
1
0
5
0
1
195
3
617
0
0
0
227
1
0
82
185
2
85
0
0
0
0
1
7
64
15
450
161
0
3
0
0
272
0
0
0
216
8
0
445
5
4
3338
16
373
84
0
2
0
0
0
32
11
17
0
0
48
64
11
11
0
146
0
0
33
15
3
0
1
0
0
8
0
0
0
0
0
602
0
6
0
0
0
0
7
1
0
0
43
0
500
0
2
0
0
668
1
1
0
10
0
19
0
117
122
0
0
0
0
0
0
0
0
0
0
0
0
0
0
0
0
0
0
23
0
0
0
0
249
0
1
0
0
0
10
2
0
2
0
156
9
6
459
0
0
0
0
0
0
2
0
0
0
55
0
0
0
0
1
0
28
63
0
0
0
0
0
3
6
4
0
14
58
10
0
0
6
326
0
0
2
101
0
0
12
76
0
0
116
12
9
4
0
0
789
228
0
0
62
0
13
0
123
19
0
0
47
17
644
30
0
11
0
0
0
0
0
256
0
0
0
0
0
0
0
0
0
123
1
50
0
0
0
0
0
0
4
211
0
6
52
320
1
0
158
0
0
0
90
0
0
0
591
0
0
0
0
0
573
0
0
0
0
312
0
0
0
0
0
1
0
0
0
0
0
0
0
3
0
19
0
1279
0
0
307
5
0
63
0
147
266
4
54
4
1
2
0
1119
0
0
0
0
23
12
1
17
0
0
0
52
1
0
2
0
140
208
228
0
21
0
31
0
0
0
0
0
0
0
889
0
0
15
0
0
0
0
0
0
45
0
0
229
59
212
95
2
31
0
0
0
51
0
577
0
3
127
0
0
0
1
0
0
0
0
221
0
0
0
2
0
356
1
6
2
0
342
0
0
1
14
1
0
43
0
2
0
44
41
0
0
3
243
0
0
0
0
143
31
210
0
6
5
2351
0
0
86
0
1
0
0
0
0
0
1
318
22
0
0
0
0
122
0
0
4
3222
0
95
16
32
0
0
50
8
0
17
2
412
685
0
30
0
0
0
8
0
0
0
3
214
0
0
0
3
0
0
0
88
5
157
0
0
0
7
0
1039
0
7
0
0
0
1
5
0
1
0
0
560
63
0
0
0
0
3
0
32
133
0
165
0
0
0
16
0
2
8
0
0
0
0
68
0
58
25
0
84
40
0
785
0
0
4
0
59
0
98
0
111
9
0
0
0
3
0
0
2
2
4
0
0
0
0
6
3
58
953
0
194
0
640
0
336
0
0
11
1
10
122
0
107
55
18
1
13
8
0
1
0
0
63
6
56
7
0
0
3
0
0
0
3
0
0
96
0
0
282
0
0
0
0
0
0
0
0
0
12
1
28
2788
86
0
61
0
0
0
40
0
0
0
0
0
0
2
0
0
0
0
4
25
337
2
21
0
2
0
190
1
0
0
7
0
0
0
0
0
0
8
151
143
0
754
3
23
140
1254
168
2
0
4
0
0
194
95
0
0
0
0
0
68
0
0
0
0
0
23
76
20
2432
1
0
14
186
268
0
0
3
0
141
0
50
0
947
0
0
18
1
0
2
3
0
70
0
126
29
77
0
558
2740
156
0
15
1
4
0
0
3
0
96
0
0
0
44
0
87
0
0
2
893
320
19
0
0
0
0
0
0
73
0
24
55
0
0
9
984
0
21
2
3
0
1
0
1587
0
84
0
3
391
0
0
2280
0
70
7
110
0
0
0
0
0
508
0
930
0
1
0
721
1
0
0
75
0
32
780
0
0
1
6
1010
0
0
0
73
0
0
0
0
0
0
43
0
0
5
20
155
2
1
0
67
280
3
0
5
0
1
0
1
190
2
2705
1
3
3
4
0
0
0
27
0
0
0
767
0
429
0
0
134
0
0
0
0
20
123
0
0
16
0
171
0
4
0
101
4
116
1
160
0
0
0
0
0
0
1
63
0
0
68
0
6
6
418
0
3
0
41
6
0
42
4
0
1
0
42
18
0
0
0
0
0
538
17
4
0
0
1
1
0
0
0
0
124
136
2
37
98
4
0
37
0
70
0
7
0
8
0
0
0
0
11
0
0
3
16
1
9
214
0
0
0
32
55
9
7
0
337
0
15
1
0
0
0
0
4
6
36
0
0
0
0
57
0
0
7
0
15
2
0
2
0
4
0
0
500
8
0
74
58
0
0
13
28
0
2375
395
1
112
14
593
31
0
0
7
0
7
261
0
35
0
0
0
5
0
0
0
0
0
0
78
0
0
0
0
2
0
0
0
0
0
0
135
0
2
0
23
0
0
0
0
0
2
0
0
0
233
0
1976
2
0
8
0
208
0
0
1
0
0
0
0
14
0
0
330
0
1
0
0
0
79
0
669
43
0
0
39
0
1
3
10
0
0
0
0
5
0
64
4
0
0
0
0
17
33
0
0
0
50
8
0
21
7
0
0
46
14
0
0
0
0
46
123
1
2
3
0
0
17
0
0
1
0
83
2
6
247
0
0
0
4
1
0
486
1
0
0
2
0
1
0
347
1329
1
7
0
0
11
109
0
0
0
0
54
226
0
100
636
0
0
7
0
0
96
1
0
4
1
0
0
47
0
2
0
416
0
2
0
0
218
0
0
0
0
0
0
0
144
64
0
0
37
0
59
0
0
361
0
0
104
6
102
38
0
3
74
0
2
1
39
8
0
0
0
6
17
52
0
0
0
0
0
0
5
0
0
49
0
0
4
39
0
0
16
0
102
21
19
0
0
0
0
2
0
574
1
114
1
9
0
0
230
0
0
0
0
150
0
14
3
47
2
455
0
0
22
131
72
91
30
1
1
136
0
977
0
33
4
69
0
0
33
66
0
0
278
0
141
0
2
0
0
0
0
11
3
93
2
12
0
4
0
1
0
0
262
1
0
118
0
177
42
0
243
1496
7
0
0
0
0
530
73
2
0
0
3
0
0
0
0
258
53
0
0
0
0
442
0
66
8
0
5
2
0
0
0
73
1
63
25
6
0
4
205
0
331
3
55
805
1721
2
72
0
0
2
42
6
0
373
11
11
1
1
18
61
6
0
371
0
0
106
0
0
2
0
5
0
0
0
0
4
15
47
0
6
1
24
1
8
0
4
0
100
0
1
117
0
1
61
0
0
3
11
58
0
0
0
0
0
42
0
0
22
1
0
0
0
0
17
59
118
4
1
1
0
0
0
0
0
318
0
0
0
0
394
0
0
1
6
2
0
2
0
49
0
7
0
0
0
11
4
2
1
1
303
50
0
0
0
0
0
0
8
59
14
0
1043
0
43
88
3
0
29
0
11
13
0
0
0
0
0
13
0
3
0
75
39
2
0
18
36
0
4
0
0
1
0
66
1
0
4
0
53
0
1
7
71
0
56
0
20
14
2
328
0
0
0
357
32
9
0
2
0
2
13
0
626
0
197
73
0
27
34
4
165
0
9
17
6
0
0
23
25
0
143
6
0
245
0
0
0
1398
0
0
0
9
0
0
0
0
178
7
0
0
190
0
0
0
15
1330
0
0
0
0
324
0
0
1
0
0
1
0
0
0
15
0
4
363
0
0
589
0
6
139
0
1008
0
229
29
2
0
27
22
73
243
0
27
32
0
1
341
20
3
0
2
0
0
0
222
19
0
0
0
26
458
25
9
822
11
0
0
0
2
2210
1
73
49
0
17
141
8
581
23
0
0
60
128
0
0
0
1
0
0
0
14
828
171
324
3
1281
98
149
2
63
0
3
0
0
0
240
0
7
0
389
8
0
0
0
28
26
2
0
0
23
1482
109
15
0
0
5
242
0
0
0
0
0
0
23
0
200
63
0
5
0
5
9
2
0
0
0
0
0
0
129
0
8
13
17
0
14
0
1
203
4
1177
0
0
36
13
470
2
0
11
0
3
0
0
0
0
0
0
0
18
505
0
15
0
0
0
1
0
0
41
26
17
0
0
1
0
0
0
13
41
15
45
113
57
4
0
0
0
0
0
83
22
59
0
0
18
0
65
0
109
2
340
27
0
0
0
2
32
6
18
0
2866
16
1
0
2
0
0
4
86
2
0
0
0
20
121
0
0
5
2
509
0
871
888
0
58
179
15
2
36
4
39
0
103
503
100
7
45
0
0
0
154
0
1
0
4
191
138
1058
1470
0
81
0
316
0
0
0
0
0
0
0
10
1
0
0
2243
190
43
0
692
211
1
6
5
0
1802
0
0
0
1
0
1
27
9
0
0
856
0
31
1
11
0
0
197
388
0
11
2
0
458
5
271
0
0
109
93
7
26
0
0
1
0
0
0
1
21
282
7
0
0
1
118
750
0
1
3
2
1
100
2
884
0
0
166
0
0
0
0
0
0
200
0
0
0
1
125
0
0
0
665
0
71
57
28
107
0
0
75
0
0
0
51
0
27
0
8
0
992
967
5
148
13
0
0
98
70
95
0
157
0
0
0
0
135
1
4
0
0
0
0
0
45
8
68
54
46
83
3
5041
524
25
0
45
0
0
0
0
0
0
9
0
0
2
1
56
60
13
1
0
6
4
0
68
15
634
0
4
2
13
0
4
0
9
0
0
4
89
0
3
0
1
258
5
0
0
8
0
547
626
0
0
0
315
0
4
122
22
703
399
1
139
0
100
2
0
0
0
59
0
90
0
0
234
0
0
0
0
0
0
0
4
457
14
5
363
0
0
10
0
161
0
0
1
0
8
0
0
20
2
0
0
245
45
711
0
1
785
0
0
433
0
0
0
0
0
1
0
0
23
0
0
0
2
0
66
0
0
0
0
0
0
0
0
0
79
9
0
6
0
2
0
15
1
0
0
0
0
0
0
539
2
0
193
4
0
14
0
0
0
300
3
0
311
0
0
5
0
0
3
138
8
23
0
145
44
0
0
9
0
0
1
0
0
0
9
0
0
0
11
0
0
153
23
9
0
3
291
399
0
0
5
0
814
0
0
2
52
44
725
0
0
22
0
0
0
16
4
9
0
0
0
0
4
168
0
0
350
0
109
0
222
0
8
21
3
54
191
0
964
5
1
0
0
172
2
0
67
0
19
0
0
1
0
488
4
0
0
0
0
0
0
12
0
0
376
0
0
0
0
0
0
8
107
20
20
0
0
10
2984
233
0
1
0
0
0
5
0
0
0
0
11
18
4
17
1475
0
0
0
327
2
1
0
0
0
0
507
61
1
5
0
137
0
0
2
27
0
0
0
0
2
39
0
0
5
0
0
4
0
4
0
0
109
9
36
0
0
2
0
3
0
0
1
3
0
0
0
0
29
0
0
57
0
0
0
0
0
0
0
0
0
0
0
0
869
0
0
0
29
0
18
24
86
0
0
11082
0
0
0
55
3
0
0
0
0
0
0
0
0
0
98
0
2
0
29
0
0
0
0
0
0
0
0
0
0
51
0
0
0
6
1
1614
1
19
0
0
0
0
1
0
0
1586
358
156
29
2
0
0
26
0
99
42
110
350
4
253
291
305
1
111
44
0
9
0
0
0
0
0
86
0
0
0
1
10
1
247
0
155
3
82
0
0
1
0
8
31
4
0
0
2
23
4
11
16
54
0
0
8
16
0
0
0
0
0
0
0
0
0
0
2
0
0
0
39
5
0
0
0
1144
0
0
0
2127
129
0
66
0
1
0
0
6
372
0
0
991
7
0
157
0
0
21
20
0
0
0
0
0
158
0
0
4
1
0
0
119
134
0
0
0
0
0
4
0
0
2
22
0
1
0
29
0
0
0
0
344
0
0
281
0
0
0
70
0
0
64
0
2
26
0
0
0
0
38
0
0
0
11
4
0
0
8
0
0
25
9
0
0
0
0
17
0
27
0
0
1
0
921
0
50
0
0
0
0
0
0
0
0
134
971
0
1
0
7
0
65
1
0
0
31
38
0
0
0
111
0
1
134
6
0
0
8
0
0
961
0
0
0
932
0
0
3
19
0
116
1087
0
0
0
0
0
0
0
1
0
0
0
40
29
1
0
0
7
1
0
0
0
0
0
573
0
42
0
8
0
0
0
0
0
0
0
2
0
0
0
0
2
0
1
0
3
0
6
195
0
75
0
0
0
16
0
0
0
1471
0
1012
1
180
0
0
0
0
2
3
0
5
0
0
0
0
0
0
5
0
0
0
0
497
24
0
1
119
0
2
0
0
0
0
0
6
0
1
35
0
151
41
0
0
0
20
0
18
0
4
3
11
3
0
0
3
0
0
0
0
0
0
0
0
2
0
0
7
0
5
96
12
0
0
0
0
0
0
1
0
407
0
0
0
4
21
0
11
0
1
0
0
1
29
0
0
2
1
0
1390
100
1
101
1
0
0
0
0
0
4
0
8
270
7
182
0
0
3
533
255
0
0
57
0
0
0
0
0
0
312
0
0
0
0
0
1034
0
197
1
0
4
0
320
0
0
0
0
0
245
0
0
0
0
0
0
9
0
3
0
54
99
0
0
2
1045
0
5
107
0
429
3
0
0
0
3
0
0
5
0
0
0
0
0
0
2
6
0
26
1
18
0
5
416
4
688
0
6
1
0
0
18
0
0
6396
0
1
0
2
0
0
0
0
0
26
0
0
0
0
0
210
0
165
0
0
11
0
570
47
1
159
0
1
315
3
8
0
0
0
0
878
0
0
1
0
1
0
982
11
0
24
5
0
0
0
0
0
35
1
19
0
3
9
0
53
6
1
89
0
0
0
0
1
0
2
0
6
79
0
0
0
0
0
0
0
0
0
11
67
0
0
0
0
232
0
0
0
1
0
64
0
0
0
0
0
0
3
0
0
1
0
1
0
1
88
1722
159
0
0
0
0
24
0
0
0
0
0
0
0
0
0
33
0
79
27
0
2
63
2
0
0
0
1119
0
0
56
0
0
3
12
0
0
33
0
1
0
14
509
200
11
1
0
4
0
6
2
56
1
25
2
56
0
288
0
0
235
1
258
92
16
0
3
0
297
0
0
179
57
0
205
0
0
0
27
0
178
0
0
0
0
0
129
1055
1025
1
0
0
2
0
0
887
77
104
0
208
5
0
2
7
138
0
0
33
0
5
57
5
0
1
26
4
0
0
0
106
1
58
483
46
50
203
0
0
2
182
0
74
0
0
30
0
15
0
3
31
3
0
4
0
1
14
1
53
774
0
0
1796
0
0
47
838
1
6
30
0
1
0
0
1
0
0
0
0
0
0
1
3
29
5063
198
0
482
0
115
704
9
0
45
0
0
0
1
0
48
0
36
2
0
0
16
88
521
5
0
513
0
127
0
34
0
37
40
65
3
0
28
0
112
0
0
0
0
36
0
12
62
87
14
0
4
166
3
141
199
40
1
0
37
937
4176
0
0
16777
50
346
0
1
0
0
95
303
0
25
14
251
1
0
0
200
0
170
0
2
3506
1
53
2733
0
0
9
634
0
5
35
139
83
62
261
0
4
443
30
11
0
68
10
0
58
424
0
0
3
219
0
0
0
0
0
0
3
0
0
5
393
17
214
49
347
1066
2
5
56
0
16
3
1221
0
140
3
27
0
1
0
116
0
1262
305
1228
0
1
54
133
4
541
180
0
0
0
11
0
655
7
101
0
35
306
2
0
0
4
406
0
0
2
175
0
60
1
2
8
0
12
19
0
165
0
245
11
0
40
11
0
915
0
1113
0
166
0
0
1
3
136
150
3
0
0
519
0
313
0
0
140
132
20
0
0
116
91
2
108
0
6
0
134
39
0
0
2672
0
0
345
9
85
22
163
4
1
13
1
1
91
0
24
17
0
159
569
84
52
3
528
47
0
773
6
1
358
0
0
3
28
0
0
46
86
999
13
4
0
0
0
326
62
356
43
304
0
22
0
0
0
34
512
22
0
0
26
47
0
0
24
78
733
2
4
161
0
184
7
67
8
0
0
6
7
299
0
0
17
4
3
125
33
0
71
0
71
19
15
0
0
31
10
358
0
0
0
0
5
4
4
179
10
0
0
4
0
0
0
66
1099
2
0
0
0
40
1038
37
66
2032
163
10
2
0
23
10
0
487
6
41
34
20
2
5
0
6
187
3
0
15
2
1
373
0
7972
0
17
12
0
0
46
1
1
0
9
0
3
43
6
0
130
0
0
12
0
8
179
0
0
52
535
0
1
15
40
0
0
349
1313
0
0
16
0
0
0
559
32
3
0
6
0
0
0
47
25
354
0
21
0
10
10
2912
0
0
2
5
1000
5
0
1
0
3
68
0
382
41
0
3
302
468
0
0
2
13
0
0
13
2
896
20
557
803
0
0
0
537
1
0
0
156
10
0
52
0
0
56
0
0
3
89
93
124
26
80
0
0
0
2
119
0
0
319
2
0
90
0
1
3
665
215
1488
221
1
194
4
9
1032
0
0
0
0
0
275
289
121
13
285
27
0
80
0
0
19
0
1479
0
7
22
221
11
163
2
0
6008
0
0
0
18
0
1
615
0
74
241
166
0
90
0
45
18
3
8
2
118
2326
0
2
0
682
0
98
2
84
1
6
17
2
110
1
0
0
0
0
1482
0
78
1
0
0
2
31
116
507
0
0
0
3
0
0
4
0
0
937
584
0
0
4
0
0
69
0
0
1
0
0
0
39
8
392
52
0
14
0
9
84
219
4
0
0
114
0
0
10
2
2028
5
0
0
160
0
0
368
0
45
0
4089
30
0
9
0
0
259
0
0
0
11
32
46
0
0
149
151
33
0
169
44
0
0
0
618
8
5
34
252
0
38
1
65
0
71
4
0
0
0
78
25
0
123
79
0
0
0
0
0
462
275
1
46
0
0
60
112
26
0
142
0
151
66
35
0
0
7
0
1
5
2
0
0
1499
18
5
0
0
0
0
2017
107
141
72
0
0
32
21
5
76
5
0
0
1
0
0
0
267
0
0
14
15
56
130
526
0
0
66
2
1667
13
163
0
28
0
187
39
98
0
216
32
45
1
15
0
425
69
22
0
317
339
0
168
0
9
1
3
0
0
892
92
0
311
0
0
90
0
0
0
1003
100
0
1
0
30
848
137
0
0
0
44
1
2
9
109
4
0
0
17
0
54
0
0
0
226
1
0
0
847
0
7
4
10
0
5
7
100
0
0
252
0
0
0
0
0
67
5
0
1
34
0
0
4
0
0
11
0
0
0
115
38
156
0
2
0
3
4
0
2
0
0
0
1
0
0
24
11
0
0
0
0
0
0
0
35
0
3
23
0
0
39
0
0
3
0
23
0
0
2
1
23
4
0
4
0
0
4
1303
0
0
0
0
21
4
43
11
0
0
38
284
0
1495
124
2
34
3
82
0
149
1
8
63
1641
6
0
0
30
0
0
693
5
173
0
1
9
0
57
102
0
136
9
101
3
0
40
89
27
0
0
30
888
21
1
21
21
0
466
9
715
1986
0
0
47
25
0
8
1
322
3
7
31
214
8
43
29
0
98
147
161
5
0
0
588
1
0
0
0
0
1
0
0
7
0
55
19
10
140
17
32
0
0
170
29
44
0
0
13
533
8
108
0
26
16
0
6
445
0
115
0
1
0
4
350
0
0
381
0
2
7
0
0
76
9
1662
0
455
3
98
266
19
0
1
0
0
0
2018
0
0
0
0
634
7
0
838
301
1
0
132
0
4
239
77
4
37
179
0
0
266
18
0
0
0
0
0
32
50
0
54
143
0
0
195
2145
14
2887
0
11
0
387
1
146
2
0
16
14
23
0
0
1
0
17
0
23
16
117
0
403
54
238
903
102
570
0
0
1665
0
0
0
1
193
680
2
0
0
1
0
0
0
0
0
0
0
0
0
89
13
61
50
87
0
1
0
156
0
0
0
0
6
0
74
0
101
0
6
0
0
2
0
14
311
1
0
0
0
0
2149
131
0
0
0
0
93
0
0
0
614
0
2
50
320
0
208
6
0
4
0
189
0
10
0
0
0
0
4
70
13
0
0
3
6
0
175
0
72
0
1
0
0
320
8
0
3
0
0
10
0
110
119
208
0
0
0
57
460
0
7
0
0
0
0
241
0
5
268
0
0
0
0
2
105
0
10
351
131
20
0
86
79
93
0
0
9
328
12
102
0
0
0
0
3
22
64
901
0
3
0
0
5
0
0
0
0
0
0
2
0
297
26
0
1
14
66
0
11
5
3
1
0
131
0
66
0
149
121
0
7
1
0
0
0
0
30
0
0
7
15
88
0
2
12
220
1
22
0
22
1
0
0
0
0
0
0
21
0
0
5
0
4
0
33
0
3
9
0
0
27
0
18
0
21
0
57
5
0
435
0
0
53
1
7
0
1
0
0
0
0
0
15
0
26
32
0
0
0
48
65
45
166
2
0
22
0
12
0
1436
0
74
34
972
3
0
897
370
0
0
0
556
3
0
2
22
1
0
0
11
0
35
0
10
330
8
638
0
2
3589
184
0
10
0
22
0
0
0
266
0
4729
2
0
79
0
18
0
0
260
0
0
47
0
260
2
2
0
140
7
36
0
0
744
40
0
0
260
4
88
1
70
13
155
2
1
0
0
0
0
0
458
0
0
202
152
0
0
712
0
0
0
0
0
0
0
723
5
302
1
55
772
4
98
0
130
0
8
462
4
0
22
8
1
0
90
1
30
1
0
1
699
0
1409
0
503
13
2
189
0
0
239
0
247
172
0
2
7
155
57
14
0
0
0
9
211
0
0
1
15
223
6
0
0
0
6
571
0
51
1753
29
252
66
5
673
40
6
5
161
827
0
0
500
670
79
0
481
147
8
1
0
1
0
2041
1406
397
20
98
0
37
4
0
0
567
11
60
0
208
56
0
8
4
12
236
52
11
57
0
2
14
3
1
0
0
139
0
41
439
9
0
0
2
11
222
0
21
0
4
318
0
557
39
2
0
0
1217
2
140
876
4
0
80
309
86
396
38
0
1
0
1191
0
913
67
0
0
0
0
1539
0
1297
50
1857
12
146
178
358
0
172
14
0
3
0
9
25
49
203
0
11
11
9
330
0
0
421
29
0
2
67
177
25
240
0
0
2
2306
0
0
3
2
9
0
408
46
1
11
37
0
81
11
0
0
1
150
207
0
0
2
2
55
0
6
18
28
0
360
0
6
2
0
0
0
9
0
73
4
14
0
64
0
177
0
3
17
6
0
32
7
431
1
0
0
0
190
217
9
474
15
0
0
223
0
3
0
352
133
0
0
205
31
0
180
65
167
0
39
0
0
2
0
0
4
105
388
21
1
1
100
384
1
24
0
26
13
130
181
191
205
627
0
250
322
1
0
0
14
29
0
244
0
148
105
54
0
21
0
80
731
547
384
1
1034
1290
0
0
0
0
193
0
0
1
56
132
0
0
0
0
0
3
3
0
25
378
132
68
7
14
1604
0
2541
0
0
197
0
2
0
0
0
203
17
0
364
1299
0
37
3
0
130
387
1
0
11
0
0
28
0
53
0
139
14
45
2
0
8
606
94
0
0
78
63
0
0
0
0
39
0
4
0
0
0
751
394
35
46
32
0
4
0
0
22
39
585
0
385
185
0
61
67
49
178
2
47
0
0
0
6
0
420
9
11
22
82
6
27
0
0
0
0
0
1
20
21
398
0
8
0
0
0
2
0
0
50
6
12
0
832
6
119
102
0
0
76
1234
16
67
25
0
0
15
0
56
67
3
0
402
0
586
130
21
0
73
21
82
9
1
0
39
3
155
87
0
0
2
716
0
0
0
3
86
1
10
126
0
0
3
0
133
14
0
1037
0
1938
4
41
44
13
2
563
0
0
0
272
0
0
0
0
111
0
238
27
0
144
6
10
11
119
110
33
0
0
3
12
0
2
0
4
150
0
0
4
3
29
2
0
150
95
7
0
11
0
18
0
1
4
14
1220
4
5
0
0
0
6
0
37
0
450
0
1
78
9
262
0
0
0
127
0
8
0
29
1
0
1065
17
12
4
1
0
0
2
0
85
174
38
0
5
0
0
7
128
0
8
3
2
1
8
0
67
362
2147
19
192
2
3
5
0
30
3
4
2
2327
0
54
174
0
1034
0
2
1
20
0
189
33
0
16
3
2
23
36
0
3
10
31
0
9
0
8
0
0
0
0
448
243
3
327
97
2
751
1
2
0
148
97
3
38
27
0
18
10
57
184
180
2086
0
0
0
0
18
1091
81
10
134
1070
44
104
0
1501
114
31
0
0
982
72
906
0
0
3
0
46
0
1686
18
66
410
0
6
423
61
0
0
49
580
2
1
5
12
0
1
205
4
8
3
6
0
467
69
0
0
29
4
3
0
0
0
28
7
1
213
51
12
0
1428
0
0
51
24
0
1
0
9
0
461
0
171
0
64
0
335
19
304
0
24
0
0
0
0
0
3
0
0
6
69
0
598
0
29
0
7
39
37
0
4
2
314
22
36
50
0
0
0
139
350
0
0
53
0
1
0
0
0
591
0
71
750
0
40
10
52
0
0
0
0
299
26
5
0
10
0
0
0
0
0
3
118
66
37
6
13
6
0
5
0
0
225
3
2
3
58
105
59
0
0
72
0
0
0
23
0
4
25
6
35
92
0
8
0
479
0
0
2
0
1
73
8
2
0
330
44
186
2
175
10
7
8
0
25
51
0
0
2
0
336
58
34
131
164
1
76
102
0
0
2
0
42
0
12
42
2
0
298
0
32
4
5
5
37
188
2
1201
1
287
27
0
2837
3
292
3
420
0
0
513
164
9
0
11
133
0
35
1
0
86
7
3141
31
1
0
0
0
0
998
2936
22
179
6
517
0
223
103
0
0
554
0
165
13
5
180
65
249
74
209
13
0
55
109
16
0
0
0
0
0
494
0
43
19
0
9
0
164
15
125
189
10
42
3
106
1
150
1412
64
0
423
58
32
14
0
20
6
691
12
0
0
0
1
0
0
482
0
15
0
3
52
7
0
0
15
0
128
0
4
0
261
0
292
0
766
0
0
15
6
0
7
0
332
4369
97
60
38
220
1
1388
33
400
1487
2
97
0
49
216
15
0
25
0
4
0
0
4
16
389
11
0
0
0
0
385
17
113
0
49
808
414
6
0
0
0
32
111
0
68
0
288
118
155
32
200
29
18
0
0
644
0
0
0
0
88
0
0
0
115
0
0
11
405
0
1
0
214
634
162
19
217
7
1792
0
101
38
0
15
24
10
8
0
16
312
2
0
0
385
0
1004
1
21
0
0
1590
0
0
11
2
0
5
0
90
107
95
0
36
0
2
86
65
2
3322
1699
2
501
67
0
0
1
69
244
29
0
0
0
87
4
1959
3
137
106
0
94
0
678
28
17
78
0
2
0
0
1794
0
12
0
0
13
1465
71
27
236
0
0
0
0
0
2
88
192
0
17
150
1
0
0
0
355
0
5
68
40
203
0
0
6
2
2
472
39
0
132
32
0
12
0
0
0
469
33
3
162
0
1270
35
1
195
230
0
0
1
518
0
97
0
0
0
0
198
0
0
7
0
0
0
0
4
10
85
39
783
0
0
0
56
0
2
5
667
0
0
0
0
0
0
598
4
1
1
0
6
0
0
0
0
530
10
11
0
95
2
0
0
852
0
0
941
0
0
0
256
18
597
7
3
2
43
82
61
0
42
533
0
2
0
23
0
3
14
0
2852
0
12
28
24
0
0
0
17
0
629
11
40
251
403
0
0
397
201
0
0
0
10
127
0
57
3
95
189
5
6
12
1
49
1
8
0
81
0
5
0
1
101
29
24
122
0
107
833
19
0
358
0
77
0
165
46
212
0
0
66
886
0
29
2
1
0
84
0
0
0
4
394
0
0
67
42
431
13
39
1
195
0
77
152
243
0
0
0
121
138
783
44
0
36
2
18
0
6
4
1
0
0
0
0
128
2
0
0
1
245
11
0
8
0
1
0
139
10
0
0
0
370
1768
27
1220
0
0
0
0
0
290
0
0
34
2
371
0
0
4
0
0
0
223
492
0
0
927
0
9
0
1
5
0
14
0
0
5
0
0
7
62
0
62
43
0
9
0
0
0
89
0
163
763
0
129
0
31
0
17
0
91
0
117
63
0
90
3
0
45
0
0
72
150
2
1
97
0
0
0
187
0
7
0
637
84
13
314
0
0
0
2
172
43
30
119
2
0
0
2
0
0
313
181
0
499
6
96
0
18
3
0
80
100
1
0
0
111
12
2
0
30
185
55
1
163
112
0
0
0
2
73
569
404
0
2
407
0
558
0
0
0
1
168
22
203
1
0
0
0
0
0
26
0
0
0
117
0
0
0
74
0
0
319
0
0
0
1084
0
8
456
0
23
0
8
0
0
48
0
21
0
49
20
721
0
118
0
98
0
0
0
0
0
0
42
0
5
0
21
0
0
0
5
0
296
121
1174
0
24
6
45
8
1125
0
32
1
0
0
172
0
53
0
0
62
0
125
0
0
0
11
419
166
112
83
39
36
0
0
0
0
17
0
1
60
51
20
0
2
1
4
111
97
20
240
3
92
0
11
90
0
1192
0
554
0
0
797
0
70
32
366
0
3
0
15
24
1710
123
6
9
0
3
0
0
0
10
314
95
0
805
213
105
0
249
42
36
48
0
12373
16
67
3
119
357
49
2438
0
322
38
11
13
13
0
121
17
0
404
49
0
133
111
7
135
0
0
5
606
0
8
31
10
52
3
1
0
0
2
0
0
85
136
48
1
1874
0
0
0
0
19
380
15
18
1913
0
3373
3
0
56
0
0
2
5
5
0
0
568
212
4
0
33
108
574
0
33
120
227
0
154
0
1
3827
5
0
0
0
0
2
0
0
68
0
2
18
2056
13
124
22
0
265
519
699
144
64
0
88
647
0
0
17
12
784
0
0
637
34
0
0
0
0
0
74
20
521
0
1
76
2
13
0
3031
137
0
0
0
6
109
3
0
0
31
0
0
0
16
143
930
13
92
856
0
0
0
50
0
0
1
1
1
176
3
0
242
240
48
0
937
462
65
60
15
10750
5
0
0
2
2636
0
0
0
28
0
0
0
0
6
138
7
0
3
0
198
1
0
61
1025
0
758
43
60
6
0
0
1
26
33
7
0
0
0
0
19
0
0
1
146
148
20
0
66
259
0
0
120
41
0
63
220
1
2
0
0
0
0
0
198
618
0
0
6
160
22
0
190
0
2227
16
0
0
170
0
3
40
79
0
81
11
75
911
187
0
0
28
0
0
0
0
46
3
0
100
0
2
1
305
0
46
4
0
1
0
23
21
40
40
2
0
211
0
8
3
0
1
11
3322
5
10
1
20
0
51
0
0
107
10
56
34
766
0
0
39
15
17
85
0
118
15
0
1
549
102
62
25
0
2
0
0
0
0
8
5
32
0
16
0
0
69
79
511
10
0
1
72
233
75
2
92
0
14
1
0
48
0
0
2
0
0
0
19
12
0
55
10
0
0
0
0
0
401
0
150
6
0
0
97
14
275
51
2323
44
60
0
5
37
1
0
1
0
0
137
0
11
1
0
0
0
6
385
0
4
0
0
666
0
0
30
0
383
101
0
805
0
2
3624
2
299
2
0
0
23
0
2
0
30
1
0
0
134
908
159
25
486
0
12
114
335
1
2433
15
2
27
149
200
12
1121
4
13
3
0
0
0
16
296
342
0
726
271
0
1
0
233
2
0
0
3
2
1710
0
0
0
72
201
105
1
15
0
2
0
24
0
85
268
17
5
176
0
17
0
7
0
0
1121
606
596
0
216
0
76
98
64
0
0
7
0
2
0
799
0
78
63
0
4
1804
36
211
18
330
25
0
2
3
3098
1
1
0
144
0
83
1294
77
0
73
1
240
1
17
0
150
156
6
0
0
117
163
0
15
0
86
40
0
0
17
0
0
1
1
0
184
0
2760
0
0
27
2782
0
18
1
0
1
0
60
0
5
4
308
5
0
241
137
134
60
0
4747
287
26
7
3
0
18
2
2
131
0
1
0
96
13
0
345
0
0
5
1
0
147
0
2342
10
74
422
304
433
0
87
0
50
0
558
10
300
0
0
0
0
7
563
8
0
2
639
12
365
0
358
58
77
15
20
7
0
3
1
7
0
1
0
205
0
1
291
0
9
187
595
14
0
0
5
18
2
0
1
15
451
7
0
743
125
290
0
0
0
158
3
0
52
94
5
0
0
265
0
2
17
0
0
63
16
0
1
72
4
414
0
90
1
0
1
2
0
55
0
15
0
27
163
5
2
426
0
225
0
88
2
0
12
1
280
119
332
0
0
0
100
0
0
51
2
413
99
3150
0
11
6
53
85
53
0
1
0
32
13
1
2
0
0
0
2
0
0
141
59
0
6098
1931
0
0
0
0
295
0
76
0
594
94
0
0
1832
99
0
0
4
207
0
0
0
33
14
0
98
789
0
944
0
0
374
105
114
29
0
4
0
788
1360
0
50
0
381
1
1
0
1963
678
0
0
0
1342
72
1
344
0
0
0
0
1
66
369
0
41
0
0
0
2
2
0
22
17
0
31
1
15
0
0
64
7
33
0
336
0
27
0
43
1
0
793
2
2
0
25
26
0
249
1152
15
112
44
3
296
7
2
0
27
2
15
375
0
0
0
0
0
3
48
124
557
0
1
50
82
123
16
0
314
64
212
2
0
141
19
11
2
7
0
54
229
0
160
4
13
7025
677
141
0
92
1
540
91
0
0
57
179
4
59
3
9
1
0
0
2
7
7
3
16
345
53
31
0
0
0
0
42
3
647
0
0
2
0
0
0
36
833
0
1
8
0
23
0
0
505
121
0
0
2
0
33
356
43
49
0
225
0
0
62
0
0
19
0
7
63
13
0
0
331
1
0
1
0
590
0
8
95
0
0
90
13
77
1
4
5
18
0
64
0
0
0
0
276
2
0
304
37
22
1
569
0
24
0
140
31
4
1
18
13
8
742
12
0
1
2
0
7
0
0
143
25
27
160
0
7124
130
16
163
0
17
0
1
131
50
25
0
57
0
7
73
1649
1
78
7
5
91
34
0
0
48
3
0
0
135
1286
0
17
149
117
316
0
0
1
0
39
0
1815
0
38
0
8
318
38
9
65
1
25
3
44
3
1
20
1
0
0
146
41
0
0
1718
2
0
0
0
12
253
4
0
160
0
9
32
176
357
0
63
0
9
445
15
286
2
0
8
27
0
0
0
118
2
527
717
0
6
0
0
21
2
136
0
0
172
34
93
1
0
29
13
344
0
0
65
0
5
0
0
530
3
207
2
1
0
0
4
7
457
203
0
1
8
72
159
34
0
0
5
95
3
7
4
839
4
107
0
58
4
0
0
3
0
302
633
15
0
26
0
0
469
1
0
43
0
1
0
1
0
18
0
0
19
2
1
501
217
6
308
0
0
0
299
1
4
0
36
0
0
33
0
19
0
221
822
0
2
1580
0
0
0
52
182
2
69
12
0
1
0
0
803
57
9
5
0
49
0
0
0
2
0
72
8
0
1
0
2
0
0
6548
0
5
3
1375
4
16
0
0
1179
32
34
6129
57
4
414
1
2
7
21
25
0
329
0
412
0
0
691
0
87
0
0
2
715
34
0
0
43
108
215
332
31
0
1
177
0
0
3
75
3
3
1
2
0
4
30
10
135
128
0
0
0
21
32
17
2358
0
17
0
21
0
554
7
29
15
582
0
160
22
0
77
192
0
0
5
84
66
37
0
0
0
0
69
595
12
13
12
5
1847
2
0
234
20
312
21
0
333
0
14
0
51
360
8
49
2
423
0
106
4647
5
0
1
132
0
27
90
3
44
66
959
532
2
0
18
2
0
8
299
11
17
0
5
223
0
0
34
0
0
0
0
0
0
4801
0
0
0
1344
0
39
0
10
1953
0
0
0
2
5
1
0
6
19
42
273
0
4
39
69
49
183
203
12
0
49
0
98
357
4
262
0
26
1486
0
68
32
0
3
42
3
31
8
2
0
25
1
1
0
0
0
243
0
0
104
107
0
3
0
29
0
132
16
5
0
0
1137
0
534
1
777
109
0
11
539
0
59
14
5
1
297
0
17
173
1270
1
0
0
3
28
445
0
1
0
662
0
0
0
0
312
0
1874
0
4
47
0
0
0
81
0
16
0
117
0
0
66
0
15
0
9588
1
4
0
0
0
0
30
0
0
1
42
0
1
0
0
336
0
496
61
98
0
0
157
36
3
3
0
0
4
0
121
197
0
0
185
0
0
468
0
368
0
3
242
0
1
13
64
0
502
11
3
0
0
0
0
0
342
0
3
0
0
183
4
0
510
0
0
0
7
16
1
5
0
168
2
0
0
33
15
0
0
26
49
1
8
30
0
30
1
0
743
2296
0
0
0
0
174
0
17
13
47
0
0
1
0
438
67
5
3
3
147
1
8
74
43
23
1
0
8
0
7
194
10
0
76
557
0
89
4
0
7
70
0
4
3
6
60
7
177
0
20
0
0
0
8
462
0
189
0
0
2
134
0
0
47
18
0
138
23
0
9
0
0
39
15
0
32
76
3
4
4
0
6
1
58
0
0
0
7
0
966
1
37
0
150
0
83
16
311
2
0
7
0
683
7
7
60
0
0
4
6
468
0
0
7
0
9
72
28
203
104
0
0
263
0
9
0
452
1977
510
0
9
6
136
128
0
3
0
41
11
11
0
39
24
1608
50
168
147
1666
383
0
0
12
0
121
157
0
131
0
2
11
0
5980
3
0
0
16
64
0
0
291
0
8
0
4
0
5
0
269
0
14
0
0
0
7
46
6
0
349
7
54
0
545
1
0
2
0
159
0
4
0
9
99
0
150
215
0
7
3221
17
6
3
0
0
0
176
4
0
1
78
3
3
1
0
44
714
170
0
0
0
0
18
0
1
0
0
3
0
4
22
0
0
0
214
2
0
0
3
163
465
175
908
0
4
158
0
0
0
51
709
183
4
1
77
0
0
13
106
0
0
0
0
0
0
0
1
0
0
0
5
7693
0
57
30
1
22
5
419
475
914
1
0
0
359
0
25
60
1
0
0
58
88
5
0
0
44
0
1112
104
0
0
24
0
2
42
6
0
8
0
12
8
0
9
1617
115
0
145
11
39
203
982
0
7
0
0
13
1
322
62
709
861
0
2
5
14
89
0
1
0
69
23
32
149
8
276
0
0
35
1
3306
7
0
5
5
3
0
5
0
39
6
0
42
0
230
192
22
115
0
18
12
74
29
2327
516
1
0
231
0
37
0
610
0
0
2571
0
0
3
0
0
0
8
0
313
0
4
159
0
0
0
13
5
0
3
0
2
175
0
77
102
4
0
0
2024
2
2298
6
18
0
232
84
0
0
111
15
3
20
0
1
167
1
15
0
0
191
6259
5
36
61
791
0
3
3711
0
0
718
198
0
279
10
3055
0
0
0
293
4
83
0
0
508
0
30
2
0
0
1723
1026
20
1
181
0
983
809
17
0
1381
0
0
10
0
74
0
0
881
0
0
14
118
108
0
698
0
108
16
16
5
0
61
0
886
263
213
0
0
3
0
947
1
0
1179
80
0
0
30
7
78
0
581
102
114
223
0
0
1130
505
216
64
0
0
284
373
498
0
0
65
59
0
0
0
0
138
0
2
1
1207
340
0
0
5
0
5
286
156
0
152
5
0
37
256
0
19
393
0
4
28
43
25
5
30
0
216
9
19
0
228
2
0
0
25
252
0
1195
56
0
2
251
81
129
77
9
39
2
73
1
23
13
0
6
0
0
0
0
0
1
2075
303
58
0
0
0
0
667
141
7
16
21
4
661
0
0
0
4
370
324
138
11
2
91
232
191
0
57
83
0
6
0
0
0
2
18
950
96
0
8
50
0
32
3
0
2
2
80
1988
0
0
0
35
53
3
21
0
6
8
7
0
378
3571
832
0
193
0
17
0
3
0
2
0
345
2
660
160
269
0
141
0
1159
0
498
0
0
50
6
51
130
612
192
1444
0
470
0
18
0
17
318
22
944
40
67
7
25
0
0
7
4
19
47
38
0
148
56
0
229
27
18
611
45
296
114
560
16
316
17
0
0
0
1
0
29
1427
0
26
509
0
161
0
0
34
296
163
0
0
0
0
13
0
9
100
1462
0
5
471
150
0
391
14
0
122
4556
181
53
340
0
2
547
0
498
92
18
118
65
0
0
0
0
11
0
0
0
51
0
0
0
17
1
4
0
0
7
99
0
0
0
13
1
60
0
0
345
3
0
0
407
18
0
1
137
609
0
130
0
696
68
11
32
579
370
27
31
0
0
0
115
151
18
6
0
0
8
0
0
0
0
0
37
96
11
0
3048
0
1
0
22
1
122
3
0
209
0
127
74
30
0
0
0
96
10
0
7
0
0
78
600
0
0
116
1
292
0
442
4
1642
722
0
0
8
377
0
8
64
0
381
85
7
911
52
0
0
3
0
43
52
444
0
7
0
0
70
0
1200
27
0
0
26
0
5
2
0
144
246
3
796
151
794
19
57
99
618
1003
0
0
7
5
12
51
0
397
1
0
0
0
1
2
7
9
0
0
15
0
0
1
172
79
0
2
0
29
4
73
5
213
2
0
0
185
6
1322
4
84
3
221
0
86
147
0
67
18
217
0
552
60
798
0
106
6
0
0
1
14
64
4
70
34
11
3
127
142
4
665
822
174
0
0
467
1
0
60
0
42
0
33
0
0
0
0
41
4
4
0
658
318
14
4
249
6
0
110
115
0
0
0
15
0
14
2
0
3752
59
0
24
78
15
0
0
77
2
135
517
6
3
90
1
69
0
0
21
0
4
0
39
0
0
0
36
11
0
39
0
38
0
39
101
0
5
23
0
927
34
1
0
45
1
0
5
26
585
84
0
0
747
3
0
0
0
235
369
8
0
172
0
0
7
15
13
4
0
391
163
226
0
0
5
6
0
5
17
61
14
0
0
9
0
0
2470
0
0
11
14
410
29
8
0
0
6408
1057
124
85
0
5
2
0
28
0
2
253
92
686
664
0
1087
0
392
0
0
0
0
57
0
2
0
0
0
34
0
58
1
367
0
5
0
28
0
107
4
40
3
0
0
502
113
0
0
0
0
0
21
25
2
44
0
134
2
258
177
11
0
0
1
0
1
43
1
133
1520
0
0
0
2202
5
0
2
6
115
10
11
0
20
33
0
0
105
1
1
24
0
72
1463
0
25
316
3
2
1
64
0
0
0
68
0
0
111
0
6
0
0
248
1
31
2
0
0
3
0
1083
0
1
0
0
777
0
99
0
0
68
54
0
0
251
0
10
4
0
136
0
0
47
0
3
4
32
0
0
0
2351
0
10
0
0
26
0
220
31
1
2
16
4
2
1
8
0
0
0
0
704
8
0
0
0
0
10
54
40
14
0
23
173
642
0
0
0
220
12
0
566
954
0
0
132
33
0
0
8
1112
0
5
159
20
0
68
0
3
3
0
1
1
11
4
21
0
111
201
242
24
0
159
0
2299
0
9
0
7
99
10
949
42
0
1
25
447
0
1
147
0
9
0
7
41
263
3
86
0
0
65
347
0
0
725
2
1165
0
0
1
0
19
2
297
0
34
7
0
1
0
1943
625
2
78
289
8
102
1674
515
41
96
7
0
0
0
0
108
0
46
53
240
5
366
108
169
0
0
0
0
1
2
19
14
0
0
158
0
129
75
0
393
0
3
190
175
11
1121
343
6
10
9
95
0
412
0
0
0
391
0
0
70
0
0
651
0
3
12
0
810
1
0
0
837
28
371
410
274
0
549
123
0
346
18
0
70
209
11
79
0
0
24
0
0
554
3
4
7
0
0
0
0
181
14
0
21
52
41
35
165
39
0
0
0
947
299
26
1
3565
0
0
25
0
2
2
81
0
25
0
9
4
0
6
284
10
40
225
41
0
1
6
2
2
89
160
0
1087
2
0
0
14
6
0
5
6
641
0
11
13
14
0
1
2
56
5
54
2
0
1
188
1
93
280
4
0
223
255
10
0
2256
93
9
0
55
0
298
0
0
7
0
2099
0
0
0
0
291
0
6
11
0
0
16
1
25
39
0
235
59
7
0
4
65
0
23
6
0
69
0
0
0
402
0
13
19
0
197
49
58
270
13
12
195
0
2
2207
3
16
2
0
0
528
12
4
48
0
70
24
0
295
0
10
105
31
156
0
343
3
0
107
0
0
0
597
35
0
138
27
0
0
2
597
0
208
0
0
0
0
11
0
0
34
0
18
156
0
54
0
0
54
66
1867
113
0
0
0
41
3
49
0
39
13
0
0
5
0
0
0
4
9
0
7
30
0
0
1
4
1239
0
8
13
7
0
0
0
237
171
3091
0
0
32
16
1
19
316
49
2
13
40
41
12
1
0
0
5
40
211
5
0
56
0
0
0
5
14
0
0
0
8
0
0
0
1
8
55
67
0
38
70
3
0
0
322
3
1
109
0
0
173
0
3
23
0
1454
0
63
4
18
2
2
0
0
2
0
3
2
0
1
3864
16
82
0
0
0
25
148
62
7408
0
0
14
0
0
150
107
0
978
3
162
2
0
54
0
0
120
0
0
5
0
7
99
0
254
0
0
553
12
0
1259
0
0
238
179
10
0
0
474
0
421
970
1
2
1
1726
84
88
0
131
36
0
0
10
0
10
6753
472
0
1312
0
70
31
0
0
16
0
151
171
31
0
123
106
207
55
42
518
132
3
0
189
291
2
84
0
0
0
93
22
95
16
28
3
20
0
3
6
0
1
0
0
106
0
471
0
153
0
9
0
33
3476
0
134
0
28
19
0
40
76
5
17
16
188
0
0
1
0
0
78
2
0
0
0
21
65
8
39
979
0
0
0
0
0
1
81
0
0
0
9
0
190
0
0
0
10
0
23
73
0
0
0
96
200
0
0
0
0
2
0
2
35
24
0
35
9
837
21
0
8
0
0
303
0
0
10
1
7
0
85
2
14
0
0
0
72
59
71
5
3
0
0
7
0
180
0
30
25
56
499
5
0
0
0
7
0
0
0
0
0
60
61
0
0
0
138
0
29
1
111
225
0
7
23
4
1
1
9
0
1
0
0
1
0
12
1
29
0
0
439
68
67
19
31
0
489
51
2
69
17
144
40
34
0
0
1
8
0
8
2217
1
0
10
0
0
0
86
87
1
0
42
0
0
0
12
2
0
2
89
0
0
0
0
0
3
181
0
649
14
2
23
572
0
3
8
49
0
32
1
0
0
1
55
63
4
1
661
4
0
0
0
0
3
0
0
121
8
0
0
0
2
6
151
3
0
0
7
0
1
34
301
31
0
2
0
0
0
0
15
9
41
0
10
42
10
0
0
121
95
6
0
0
0
0
2
15
0
1
0
68
0
0
0
1489
0
47
12
0
48
0
2
0
0
139
183
0
0
0
0
4
26
0
30
3
7
279
8
89
2
5
21
524
1057
0
3
2
20
175
3
5
0
1628
0
0
0
6
54
0
9
0
2
187
0
120
12
0
0
1
0
257
0
22
424
17
0
0
9
0
8
70
104
0
0
9
0
612
16
0
0
4
0
9
0
0
4
40
210
0
0
26
4
0
53
0
2
255
0
0
0
296
5477
0
0
0
0
24
0
13
0
38
151
2
1325
0
4
0
1
280
67
23
50
23
2505
513
0
0
0
2
19
28
0
0
14
0
400
2
321
0
22
0
3
0
282
85
0
33
160
4
0
1074
33
27
0
58
6
8
0
0
18
6
0
0
893
9
0
0
11
1
11
125
16
1
0
0
267
183
16
0
0
16
1
11
0
0
0
36
130
3
0
0
0
3
0
0
0
803
0
17
0
7
15
0
0
0
9
114
51
0
0
0
21
0
122
80
0
271
173
6
0
0
0
1
0
15
12
2
0
0
448
4
0
211
0
0
86
0
0
21
42
9
0
421
23
91
0
68
6
5
34
96
0
0
0
0
0
27
0
15
0
1
29
38
5
0
0
0
0
6
315
112
7
0
0
273
88
1
50
122
187
187
0
20
46
68
0
6
64
18
959
0
38
7
1
0
0
0
9
0
2
2
200
5
0
0
0
18
167
3
352
0
83
992
84
0
1
1
2
1
110
1
0
0
65
0
16
0
33
3
55
0
0
0
446
27
182
1
0
0
544
5
76
0
1
31
60
0
37
0
889
0
12
0
0
1
13
0
55
477
1
0
0
293
5
7
90
0
0
0
5
0
0
12
76
1291
400
8
0
68
29
41
103
0
9
0
0
0
442
0
53
1
107
0
42
82
0
0
0
17
329
150
33
14
20
0
13
2296
0
43
5
0
24
13
26
34
0
0
2
1435
0
0
455
68
0
667
0
5
41
1
36
12
215
21
0
273
0
3
0
7
679
4
41
5
91
0
1
2
0
0
1
29
7
0
4
76
3
0
40
839
0
0
97
1
0
0
2
0
1
157
0
795
6
1
1
0
19
5
2
2
373
30
470
287
13
173
5
98
1
538
0
1
495
10
0
0
0
198
4
4
33
163
1
11
0
22
0
127
0
0
3
2
0
68
0
0
0
66
38
0
80
15
0
5
0
0
35
0
91
66
163
0
0
17
881
0
5
0
0
224
19
0
0
1128
167
14
1
0
2
7
0
2
150
0
1
0
83
0
25
0
6
0
0
81
0
10
1
712
0
0
6
0
4
10290
1
81
0
0
0
0
15
89
17
0
216
3
260
0
0
112
0
0
38
13
63
0
2
9
1088
445
50
0
2468
0
113
50
0
29
0
1
3
131
40
32
188
0
0
3
54
0
0
172
1
0
0
24
17
23
0
811
4
202
0
489
75
6
146
287
20
0
0
6
0
0
1272
14
105
67
0
0
1
1
5
0
0
22
23
198
149
0
39
0
0
294
12
9
9
0
262
1
906
0
43
0
11
0
33
89
89
0
141
39
6
11
3
0
0
0
113
94
46
0
11
0
26
11
0
0
2
186
0
0
15
0
1
618
3
596
977
0
0
564
2
0
44
3
2
364
0
97
0
4
85
1
0
98
0
72
22
0
2
24
4
750
1
0
0
19
107
0
0
0
1
0
126
87
6
0
7
156
201
0
67
573
195
1
0
0
198
39
0
0
113
21
168
0
0
0
25
5
835
579
0
0
13
0
95
0
1
0
0
0
92
44
0
0
0
0
0
14
253
5
0
11
0
4
0
79
0
0
64
0
6
0
207
2
0
0
79
0
423
303
14
331
83
0
272
0
0
77
0
126
0
0
126
0
0
4
0
1
3
1518
0
0
0
7
3782
0
560
0
31
2
0
35
3
22
83
99
0
131
2
5
1
7
209
55
20
3
0
10
20
0
0
0
186
132
223
64
633
582
2
23
0
0
0
143
26
0
118
822
410
55
2
7
95
630
6
18
6
296
0
147
0
321
39
112
0
0
1
0
814
47
19
1
54
0
318
8
35
2
37
0
2
0
0
14
103
100
0
1
157
0
0
0
181
0
6
47
1501
111
3
283
0
2
8
0
135
0
3
0
5
76
0
4
1
1
62
7
16
0
0
3
96
0
43
4
6
0
9
22
2
11
0
51
0
0
1
5046
8
0
0
4
45
51
147
18
638
0
0
1441
0
1
652
0
0
0
13
556
97
0
3
1093
120
0
0
0
0
0
6
2552
2
0
15
5
1
393
0
0
0
1315
20
226
0
87
2
1147
0
19
5
0
0
1
9
0
1
0
1
352
7
0
1058
0
0
0
6
1
0
648
4
3
0
1
27
0
0
135
241
0
55
5
2
26
56
1232
27
0
0
1889
56
1
455
2400
0
481
453
5
0
0
0
0
19
108
0
0
0
0
0
1
0
0
0
11
6
26
1
0
76
0
477
10
0
26
0
35
21
0
0
545
2
0
7
0
5
4
0
58
229
311
0
2
138
105
58
11778
127
35
28
1106
1108
0
13
16
0
77
0
0
74
0
816
2129
0
0
0
39
232
26
124
297
19
0
0
0
494
213
0
1
38
0
0
1
1042
14
77
6
2
0
201
0
3
359
77
0
43
0
0
25
255
0
6
115
911
2
3
688
179
0
0
2360
0
0
85
0
12
0
0
2
0
0
3
231
5
79
0
202
137
0
0
24
422
87
0
38
0
0
35
0
271
33
149
13
0
1
0
0
10
0
0
0
102
2036
302
612
0
36
6
0
165
2
6
0
7
24
462
134
0
10
104
7
292
0
3
50
0
0
0
0
0
697
58
28
10
0
793
2
0
0
125
7
67
347
0
0
79
0
0
101
0
22
0
0
0
14
0
23
71
0
477
2
0
0
9
0
79
4
738
2
31
696
0
0
0
46
0
0
770
16
3
0
0
3
34
4
54
13
3
0
6494
99
0
0
0
0
1298
0
0
0
141
0
7
11
108
1
0
0
235
0
0
11
5
0
46
0
4
0
543
34
0
1191
31
0
164
0
11
2
0
183
0
0
2876
30
0
0
0
117
141
0
48
4
1
537
0
199
3
4
0
15
0
2
4
0
0
79
0
4
7
0
14
0
0
283
0
0
0
0
2
2
0
0
5
0
0
3
0
0
0
43
4
82
107
0
0
36
0
97
0
0
1
39
0
7
0
0
103
0
40
24
9
0
13
0
253
0
0
174
0
539
0
389
739
0
0
7
0
0
38
0
101
6
0
0
101
0
534
0
2
38
7
276
21
622
145
0
65
0
183
110
0
0
164
3
6
0
280
0
0
77
6
550
36
334
1
3312
36
371
2
0
269
0
105
32
6
0
0
0
60
27
21
0
0
0
144
0
0
2
253
2
0
0
2
411
116
69
113
86
0
0
0
34
0
1
0
17
0
25
465
0
128
0
0
0
808
2
2
0
445
0
146
0
6
3
507
0
8
0
5
2
13
19
37
0
229
3
134
0
0
0
0
16
0
126
0
100
0
41
0
0
0
0
0
0
0
1
185
3
122
1
0
115
18
0
12
15
0
0
23
23
212
517
0
73
1
294
0
65
0
1
1069
27
3
123
3
294
13
0
257
1118
12
1780
0
139
5
0
6
0
8
7
0
0
8495
0
565
0
30
1
159
0
247
248
85
0
30
362
0
403
0
0
0
96
0
0
2
5
0
0
77
0
16
0
1699
3
0
2
0
8
133
0
0
351
14
58
0
21
4
0
2232
0
0
84
219
0
423
0
0
0
0
44
2616
820
0
0
0
0
82
2
1
0
231
294
16
7
29
0
10
12
0
228
0
279
224
0
0
0
85
232
0
0
0
0
39
0
14
0
1
0
0
0
4
30
3
0
6
0
3
0
5
0
0
0
0
199
0
0
0
0
16
47
147
2156
76
6
247
3
0
0
2
0
0
0
0
5
1
30
0
0
2
0
6
0
0
2
3
0
119
7
5
0
2
14
3
4
1
728
309
343
2
10
31
0
1
5
0
96
1
4
0
0
9
0
0
5
0
4
483
0
1
0
0
3
29
0
880
50
6
519
0
0
148
0
784
2
0
0
0
0
13
30
0
112
242
399
550
0
0
0
0
0
2
49
0
157
125
0
38
1
31
721
0
8
16
37
5
39
137
0
34
2257
961
0
0
2
20
0
0
4
114
2971
5
0
1
1590
0
0
2
0
7
60
305
288
1095
188
0
1
33
0
664
0
0
44
369
0
0
2
190
895
0
554
242
0
498
0
0
6
391
374
125
28
0
507
16
117
0
147
305
986
0
2
9
0
7
0
0
275
10
1
4
46
765
0
8
200
78
3
0
1
59
1
44
1
1
0
26
181
0
0
4
0
1
0
0
0
92
86
135
174
362
0
137
3
0
25
596
114
47
2
90
9
0
1
10
175
0
866
2
0
130
0
0
25
0
4
0
0
0
0
64
1
3
3
16
0
0
272
2
922
0
0
3
0
38
0
0
0
634
4
7
0
8
0
0
176
0
0
5
0
36
10
0
9
61
0
0
345
0
7
1
67
9
0
0
21
163
57
207
487
0
0
22
0
0
7
203
3
0
330
2
24
0
0
0
0
115
79
126
910
0
3
3
11
117
20
56
1
1
63
0
34
0
43
4
462
0
0
107
0
0
11
1
27
193
0
177
0
0
85
0
556
26
10
285
0
1425
2205
0
0
13
0
0
2
0
626
0
267
2418
175
31
13
163
6
6
0
18
20
1
0
5
196
112
53
68
0
484
382
9
17
0
1936
0
0
0
183
0
99
47
487
3
9
0
154
421
0
1
979
3
30
0
1
1138
9
3
247
22
362
202
0
202
0
2
129
667
8
0
7
321
0
1
3
2
1
0
285
1
1020
1
0
328
0
0
15
3
43
38
105
768
0
2
18
47
0
0
0
32
0
39
74
0
2
122
0
0
39
1
384
693
0
88
11
29
0
0
0
12
0
24
0
0
0
0
32
0
277
0
12
0
491
0
0
0
0
26
3
664
0
76
75
56
0
0
0
0
2
0
0
0
123
0
16
0
12
100
0
5
12
18
0
2
0
0
27
5
6
140
0
946
78
234
0
0
227
25
19
128
0
393
20
0
0
55
15
0
106
29
38
6
0
0
1
321
205
54
0
1292
17
0
131
14
1
0
22
14
549
249
138
1854
466
0
86
13
1
413
48
3
0
0
42
94
2
1
207
84
0
134
0
973
0
0
10
0
0
75
83
693
0
78
0
42
1
66
0
0
10
675
57
9
41
152
35
9
0
0
33
7
0
47
0
71
446
0
83
1
24
0
923
960
103
5
64
0
326
0
47
0
6
1
2
0
6
0
36
4
564
85
0
1
143
106
32
0
0
0
49
230
0
34
0
35
0
1181
33
15
0
0
0
0
25
33
0
43
114
53
2
0
0
2122
0
14
227
0
162
0
11
0
2
0
71
0
71
0
64
24
323
29
0
0
0
353
0
15
1523
0
19
1
0
1
5
11
0
10
12
12
0
0
15
15
37
0
0
27
2
0
89
10
778
520
1
0
0
12
6
0
646
219
6
63
177
2
0
17
27
0
0
12
307
1
390
0
107
769
58
0
18
190
118
527
4
3
0
116
24
0
8
134
200
9
0
7
0
5
0
0
7
0
1
0
275
345
46
0
446
11
65
0
293
126
0
9
0
23
140
58
168
0
0
19
174
182
0
0
246
12
0
0
0
0
524
0
0
13
2975
0
0
0
0
9
4
731
1
4
0
32
62
42
1
127
218
0
0
370
0
7
4
64
0
5
0
2
31
0
5
55
2
2
23
0
29
155
0
9
1
0
0
0
263
0
4
469
182
0
0
4
39
13
0
11
1185
0
229
72
27
391
0
523
32
0
7111
62
22
0
0
0
0
71
4
0
117
17
0
44
0
0
0
37
6
23
49
3
347
282
1919
326
19
1343
0
0
0
629
20
0
0
169
0
14
124
0
78
28
0
4
63
68
0
0
0
305
0
15
55
1863
0
0
0
0
0
11
22
38
0
5
111
100
0
0
0
0
44
3
31
0
0
352
284
0
0
359
61
0
0
1
0
0
68
0
0
100
0
12
0
52
60
300
1
0
0
0
4
28
1
0
182
0
213
0
0
4
0
0
3
0
4
0
164
0
38
272
2
2
531
23
0
0
5
0
3
0
9
249
12
0
0
28
0
1
1803
614
0
151
98
0
118
0
131
8
72
30
69
0
74
0
0
0
0
222
0
0
25
61
0
6
3
40
317
7
3
0
0
7
0
0
0
1
0
49
0
0
141
267
0
0
0
0
0
0
2723
43
0
319
38
15
0
4
30
67
7
0
0
73
11
0
4
11
6
0
0
0
144
1
0
85
0
0
14
0
0
0
0
100
35
23
0
0
0
0
308
0
0
697
161
0
9
0
111
17
2
0
146
0
150
6
0
5
0
3
218
0
0
0
0
4
1812
3
0
4
0
0
0
23
349
7
155
8
3
16
98
0
0
141
238
0
18
0
169
1414
18
733
0
13
5
0
0
0
48
0
577
0
0
473
0
0
3
0
77
236
0
0
0
0
8
0
34
2
143
196
22
16
178
9
197
0
0
3019
0
2
0
0
0
32
64
585
1
0
161
0
14
0
15
0
0
4
8
0
0
0
0
19
4
60
0
208
39
269
0
57
5
0
10
0
0
243
0
0
251
3
0
0
0
2
0
0
0
0
0
41
0
20
0
28
9
30
0
35
1
0
9
0
1
0
139
966
0
0
0
4
6
0
1
8
0
36
69
0
64
0
11
165
0
665
0
63
0
46
0
0
0
126
19
0
0
0
0
8
0
0
0
6
0
0
0
27
0
12
0
85
0
0
0
0
0
1
280
0
688
334
0
0
0
0
2156
53
42
4
2
0
152
2217
5
1
0
0
1
26
3
1
10974
4
7
0
437
0
2659
47
384
311
0
83
26
6
164
0
2
38
17
57
838
86
0
1
0
2
1846
1
0
0
152
0
0
0
0
0
0
0
0
0
0
1
0
0
0
4
54
53
0
69
217
1367
73
15
0
146
2
0
7
1
0
0
0
1
0
82
0
10
0
28
0
31
0
3
46
70
0
0
2
0
0
2
0
1
51
74
841
1
235
242
3
0
114
0
0
1
0
1
275
23
23
0
0
0
2
36
0
3
10
322
0
57
2
104
101
0
135
16
40
70
8
0
3
0
0
0
0
0
11
0
0
2
54
10
0
0
4
0
0
827
0
1
78
41
0
55
0
27
479
0
22
140
1070
268
0
28
0
0
0
36
9
58
373
0
0
8
389
0
0
2
3
0
12
0
0
1545
0
1
2
193
0
3
2
7
129
1
2
736
73
197
82
5
96
0
0
0
23
91
57
0
0
44
4785
503
3
0
230
13
46
3
2
1347
1
32
0
2240
0
1
38
292
45
0
383
0
15
481
0
0
0
47
0
0
67
18
0
0
29
0
0
2
0
88
69
426
125
6
0
0
0
0
12
1161
1
0
0
91
12
0
2
246
4
0
14
0
0
1
0
20
0
478
0
0
7
0
5
4
0
349
0
0
0
0
0
1
0
0
0
0
60
78
3
237
3
51
0
60
39
14
84
0
115
382
0
0
0
7
762
29
1
8
175
144
1311
0
0
0
0
0
13
168
0
0
7
0
238
3
338
0
24
0
49
36
0
0
96
11
11
11
0
30
1
43
103
0
229
6
1607
3
0
144
1
5
3
0
26
0
0
240
22
0
28
4
4
1954
6
0
0
305
0
3
6
34
0
67
21
0
0
421
0
114
4
10
2
2
22
85
169
160
0
186
2
525
243
290
0
0
9
32
311
0
1
0
1682
0
46
6
0
13
670
0
35
0
191
0
512
1
154
0
24
28
3
0
1962
0
9
1
3224
1
0
2
0
0
0
0
1
113
19
0
0
23
0
44
123
0
29
732
57
0
32
151
23
0
0
0
37
2413
5
4
982
0
0
20
0
0
0
14
508
0
4
10
0
0
10
27
0
36
0
0
16
71
664
14
0
326
557
0
148
21
0
46
782
93
0
0
31
12
868
10
0
226
0
714
93
0
12
6
0
5430
16
7
18
1
2
0
0
36
16
136
0
0
55
3
32
0
0
19
339
0
4
129
16
0
0
0
0
0
222
355
0
961
0
8
10
1
0
105
11
5
76
1
299
19
777
424
0
0
1
18
25
135
18
146
0
174
0
0
4
15
97
0
0
24
0
0
52
10
0
0
6
0
0
119
0
0
0
0
4
57
18
0
9
0
2
138
0
220
0
101
8
13
479
8
0
245
0
0
0
23
0
1189
0
11
0
0
5
251
0
120
0
1
1
15
0
0
10
0
0
1
0
10
0
0
0
71
0
0
31
52
0
4
444
0
1848
106
0
0
0
458
0
66
137
0
2
0
10
1
0
0
0
0
6
0
2
0
3
0
0
41
1
0
3
0
970
0
109
0
168
184
0
0
0
89
4162
305
0
0
16
14
21
0
27
3
0
3
38
0
44
0
320
57
150
0
8
13
0
3
0
483
0
8
4
0
2
0
0
0
0
80
22
22
6
11
91
0
27
3
138
3
53
0
0
3
86
0
0
386
0
0
0
34
239
61
2
0
0
1405
31
9
2
221
33
0
185
38
21
7
3
625
13
0
0
4
69
0
55
49
0
2
3
198
5
4
3
32
1
0
0
0
137
104
815
0
15
0
19
3
0
0
1370
0
268
4280
188
0
0
123
1479
0
11
17
0
20
0
327
1172
14
368
0
1123
237
1
32
4
189
51
12
3
1
0
2
3
0
37
0
0
2
6
210
112
66
6
274
154
385
8
0
58
3
40
14
253
0
0
20
139
4
2
0
14
355
0
0
10
0
0
27
2
2
3
0
0
2
0
0
0
0
73
0
0
0
0
0
0
12
49
6
819
1
25
0
0
3
1
73
0
0
1195
4
0
0
0
1
52
2
0
1134
0
5
304
0
87
35
0
9
16
0
3
0
30
10
0
0
345
187
2
666
251
273
0
6
0
1
0
31
0
0
0
1
0
0
0
0
330
208
0
1966
0
0
1
4
1
87
18
3
43
221
0
0
13
4
41
0
29
2
3
0
0
0
0
0
366
792
813
108
0
10
1053
162
6
0
0
205
29
2
54
117
0
109
20
0
27
0
623
6
0
0
0
0
285
159
16
42
0
3
0
0
39
47
0
0
0
1
129
1
1
0
0
0
0
0
1
0
0
2
21
1
4
1
1
1
0
0
2
29
0
0
0
61
5
11
25
0
2
208
29
6
31
38
0
0
0
1
11
1
1
3
357
1
0
2
1
0
66
0
0
0
3
0
0
4
19
5
0
342
0
12
23
0
4
71
0
0
0
0
0
0
8
104
0
0
5
1
30
1
0
0
0
88
3
2
75
3
0
277
0
734
41
80
2
0
27
4
40
0
0
5
100
4
347
9
21
1
0
0
0
37
0
0
0
0
3
0
23
1
61
0
0
0
38
10
0
0
32
3
41
2
0
51
21
7
54
262
0
0
0
0
1
3
185
1
103
170
1
1
58
73
0
231
8
75
22
0
0
0
105
0
0
3
4
0
1629
0
158
1
0
0
0
3
0
3
45
0
26
1
21
0
22
0
0
0
20
356
65
0
1
7
6
54
0
37
1593
0
78
8
14
3
0
6
4
0
16
0
7
13
0
62
44
0
7
6
0
0
2
0
20
149
3
1
50
319
0
9
0
434
18
16
0
0
24
0
0
2506
13
252
5
9
0
2
17
37
8
18
1
0
0
0
0
225
17358
0
0
0
55
16
82
0
0
0
0
0
0
0
1
4
45
16
0
0
0
2
205
5
9
32
0
14
15
0
3
1
4
8
86
0
2
16
4
1036
0
82
649
4265
19
255
7
0
81
4
423
0
5
17
0
13
437
63
294
24
0
0
2698
8
0
46
8
9
2
0
0
0
33
0
42
47
0
0
5
5844
2
0
156
119
0
35
0
692
0
0
0
20
0
2
0
9
272
3
0
0
56
0
1995
0
3
915
0
55
48
0
596
370
5
8
0
0
0
41
2
12
2
12
145
3
269
0
0
40
0
1
15
0
111
154
4
24
819
0
10
0
47
0
0
4
13
1
90
0
1
3
0
117
0
0
9
0
0
544
100
0
68
0
405
389
119
0
0
3
40
42
0
3
13
0
31
2
0
5
1
0
17
0
0
60
0
0
2
28
16
0
3
57
50
0
1
4
0
23
2
8
0
5
0
46
0
0
0
3
82
0
0
36
3
27
22
413
0
7
1
0
108
91
40
11
0
187
44
38
197
27
1
0
1
8
77
11
12
3
0
2881
1726
0
0
21
25
45
54
0
0
1
0
0
0
45
1
0
0
0
0
2
0
339
5
160
13
15
242
4
0
0
249
2
0
8
0
52
3
10
0
32
0
0
0
98
190
0
158
0
129
0
46
129
4
0
0
0
1
0
54
0
0
53
1
0
7
0
0
0
0
0
0
0
3
8
0
272
283
79
0
0
90
0
17
6
1
49
61
0
0
177
0
150
0
96
32
0
122
0
79
1
0
62
21
19
1
178
1033
0
759
19
0
0
0
1621
192
2
12
0
10
0
0
0
0
2315
0
0
61
0
101
0
67
0
9
0
73
0
675
0
3
0
10
1
54
119
0
114
0
0
6
15
0
0
907
0
0
15
82
36
17
505
178
269
861
1143
18
0
7
7
63
8
0
1
0
61
0
39
0
0
0
0
66
0
0
0
0
1
0
29
1663
107
0
45
8
0
30
1030
29
110
0
4
34
30
0
0
6
606
4
0
2
0
0
0
112
0
0
80
2
23
257
8
0
96
639
0
1087
5
14
6
38
0
362
17
0
17
42
7
168
0
13
0
0
0
99
3
1
369
148
0
1017
0
38
1
96
75
0
166
45
1
0
491
0
130
0
93
0
0
11
9
2
174
153
19
867
15
326
2
0
619
166
0
0
0
1
106
1746
0
228
24
0
3
0
0
0
466
2
40
0
0
9
79
0
4
0
229
0
22
0
59
0
1
10
0
0
0
44
25
0
182
671
0
33
351
0
111
0
0
0
0
0
43
6
26
1795
23
0
18
98
219
0
0
0
0
0
45
1475
5
0
26
228
161
0
47
0
13
4
17
36
0
13
6445
1
1
0
2
2
654
2
2
0
4
0
0
0
0
422
0
38
94
0
43
7
7
17
5425
4
13
0
0
58
0
0
201
0
0
379
0
3
0
9
0
0
244
105
0
0
0
71
29
0
0
6
1
516
0
0
0
0
0
0
0
49
0
0
0
1901
988
0
19
10
1
78
1
146
29
128
15
0
27
178
0
690
175
2
95
0
2
4305
29
0
107
0
0
12
0
351
7
459
2990
0
0
0
0
1
0
22
5
87
11779
323
0
13
1
0
2
1
28
0
41
5
144
212
1010
1214
0
1
70
3
9
0
347
1269
0
18
0
0
30
0
25
0
9
0
77
41
0
91
5
0
0
13
104
1
0
0
8
0
0
15
197
0
66
16
0
10
43
0
0
0
0
1501
1
114
25
0
1
0
0
1
1156
128
438
68
0
4
2022
509
0
2
733
0
0
0
19
0
0
0
125
69
41
139
0
220
0
0
2
22
531
91
20
26
0
3
0
6
36
0
213
10
1
1
0
0
2
0
0
1881
0
12
34
1
47
0
0
137
47
4
0
0
0
0
0
98
150
0
0
13
0
2
11
0
328
139
0
0
126
936
44
8
17
0
0
52
0
1
3
0
40
0
0
28
8
0
218
3
9
30
101
128
3
0
18
202
232
19
0
0
5
0
861
567
2075
0
0
2
31
12
8
0
0
1077
0
0
0
0
1
0
0
0
0
10
0
1
0
129
0
8
4
0
23
0
269
1378
0
0
0
0
3
0
0
0
48
1150
36
7
0
0
161
0
30
1192
139
66
0
20
7
0
3
9
5
0
0
1
3
1
29
0
17
135
0
96
66
2
0
0
0
0
0
0
2
204
0
5
4
0
1
2
0
0
63
7
124
806
0
0
240
825
0
1
12
0
375
2
10
12
232
0
67
0
6
0
373
10
0
0
1
0
5
45
180
6
36
72
351
0
0
24
163
16
0
15
2167
0
95
2
166
1034
70
1
14
6
0
2
804
295
1
0
230
3
68
0
0
1
0
0
0
525
22
166
353
11
35
349
0
44
99
66
0
0
77
0
13
0
0
4202
0
23
19
0
54
42
0
0
1
36
0
271
0
44
1
286
59
269
0
34
0
0
0
0
17
0
497
10
1
0
0
0
0
17
0
179
0
2
0
4
0
0
12
8
2
22
0
158
69
6
104
9
109
140
0
36
25
0
237
56
97
2
438
0
72
0
24
35
0
0
186
0
805
26
193
89
4
0
0
0
0
0
24
0
0
3
77
0
603
187
0
0
606
0
0
0
2
0
4
0
0
0
0
4
0
8
0
128
16
122
0
0
1
0
139
0
5
0
254
0
167
12
0
0
389
0
0
3
0
0
0
11
0
55
0
188
911
0
342
0
42
0
10
4
48
561
76
109
156
111
243
6
62
0
43
0
304
0
435
43
0
100
3
166
297
0
87
0
111
3
0
699
21
15
0
45
0
0
33
16
0
0
0
0
0
49
1
114
2
261
165
0
0
391
296
0
1
289
0
17
0
35
0
0
204
35
12
3270
464
84
41
0
0
5
0
16
0
116
0
15
62
110
914
3
12
125
22
0
20
45
0
0
160
89
0
49
85
0
6
0
0
5
16
0
0
21
101
46
1
520
2136
970
11
244
806
0
76
0
20
339
5
33
63
75
0
137
0
1
22
93
0
3
0
101
159
1
2
0
192
7
1682
72
18
97
26
0
0
1264
366
34
4
3
0
29
64
0
132
13
1
50
229
3
188
37
0
0
0
14
340
67
100
0
0
322
0
1
0
1
0
8
2175
0
1
0
0
5
17
0
0
159
10
0
0
728
7
0
6
47
28
571
207
0
0
0
0
35
21
0
4
2
0
4
0
59
1
0
123
0
0
2
48
0
25
0
2
0
0
81
0
8
0
23
0
204
32
0
25
0
1
11
13
1036
15
103
0
105
36
1
4
0
30
3
3
0
332
154
0
116
7
0
0
92
0
28
520
0
0
0
0
1
0
15
10316
15
0
128
0
33
3
2
1
0
15
2
0
0
1
120
22
6
1
45
82
28
0
897
0
1
0
40
10
1268
313
1
0
0
6
4
2784
0
0
12
1730
85
0
0
0
4
0
0
1
150
63
0
9
0
2
38
0
8
0
0
18
52
0
7
20
38
0
366
59
0
307
30
0
0
171
0
1
0
34
1
527
1
0
0
4
1
2
0
582
0
0
595
12
0
0
34
0
0
0
0
0
18
0
28
1
0
68
1628
0
0
290
0
0
3089
64
316
160
2
0
5
0
0
214
0
160
111
0
76
4
0
69
597
1158
1
0
10
0
1
21
0
98
0
0
0
0
1004
279
52
222
27
3
177
95
0
0
0
18
0
0
225
1
73
1
33
0
444
0
0
10
0
3
0
1
0
24
0
0
28
1
6
0
0
1843
13
0
26
0
0
2
22
0
0
11
3
0
0
0
2
3
219
260
403
1
13
113
3
0
0
2
5
0
4
102
1
1
0
7
127
34
0
441
36
0
304
86
0
312
16
0
0
0
5
0
0
82
95
0
32
0
4
0
15
0
11
1
0
0
0
45
0
30
493
506
1
0
0
0
0
15
6
3
696
1025
5
0
0
3
5
2
0
0
875
1
0
347
87
0
77
1
0
13
0
191
316
0
0
36
0
0
2
0
0
3
103
3
0
28
22
2
12
3
0
136
0
212
0
2
23
19
168
12
0
0
229
36
972
12
582
2
589
0
333
14
0
70
0
24
13
1562
1247
0
0
12
23
0
1
1201
0
0
205
8
4
0
10
0
0
0
12
0
0
17
66
339
0
0
56
186
82
1
69
0
0
0
1
0
0
0
3
68
1
0
0
12
24
0
0
3
1
317
0
0
25
79
657
15
31
61
102
0
63
13
179
4
0
66
254
41
1
47
0
25
489
35
324
0
0
8
0
8
112
16
0
21511
34
4
3673
89
4
0
24
143
0
194
0
0
3
31
0
0
0
0
165
0
0
0
4
0
73
6
0
0
167
0
0
188
4
39
1
21
0
0
5
0
1
0
213
4
0
17
0
2
8
0
10
0
36
76
0
0
0
86
1
592
50
27
195
124
20
1
6
0
0
36
0
0
7
0
113
0
6
421
0
0
82
0
768
4
201
0
32
653
9
0
0
0
46
834
0
0
0
1
1
0
0
0
0
0
65
83
12
3
8
18
147
218
0
564
417
0
10
190
289
0
71
4
99
1186
0
4
0
0
0
1
78
4
43
1
0
11
32
0
5
3
0
21
0
1
66
0
0
0
0
0
20
0
0
24
4
259
72
1
1
337
31
0
14
0
35
0
0
0
9
0
0
0
9
0
6
0
886
397
0
0
1334
0
29
154
536
17
0
4
92
0
0
0
0
0
112
562
0
85
6
73
39
0
424
34
4
13
3
0
2
0
7
1286
0
42
1974
2
0
0
0
0
1164
95
0
0
2
1026
0
336
0
141
248
46
505
0
0
58
0
20
0
0
1
652
0
0
201
12
1
19
0
27
3
0
9
0
12
0
5
586
572
45
0
0
121
13
0
207
28
1
0
0
0
0
0
6
467
0
93
11
0
343
34
0
0
0
588
0
7
39
232
1
0
0
10
0
598
0
1
0
288
2
0
2
0
206
2
381
0
0
46
0
0
0
3
0
1228
0
0
0
2
56
1
37
0
0
0
0
63
7
0
3
0
0
2
502
80
0
2
0
0
27
0
0
1
1
331
129
330
12
19
81
0
0
34
1
132
247
0
5
173
29
71
8
1014
13
1227
0
419
126
0
0
0
0
0
23
21
95
119
0
98
0
4191
0
0
0
9
18
20
129
1
0
0
0
0
290
118
6
0
0
0
0
461
197
73
4
1237
0
0
0
195
9
0
4
33
218
0
52
40
5
0
0
0
0
467
234
139
38
1489
0
1
41
195
78
0
0
18
397
43
2
0
0
6
0
10
368
0
791
0
8
27
904
5
197
0
0
6
4
109
0
0
12
0
2667
0
7
71
3
0
22
21
4
4
4
22
0
11
6
2
0
2
0
6
0
0
6
5
0
0
76
0
170
15
0
0
371
0
0
3
284
4
0
0
336
126
2
85
268
113
0
0
120
76
0
8
304
0
0
2
381
1
2
0
0
0
2
7
3304
26
112
57
293
10
0
0
0
2
0
529
2
55
0
161
0
0
60
6
165
2
26
15
0
0
0
3
0
0
0
0
2
13
1
9
0
7
0
12
25
1
5
11
0
0
0
0
0
0
18
0
45
293
5
0
0
263
2
0
0
0
0
10
0
4
24
124
0
1969
235
55
12
0
123
0
106
0
0
0
545
22
66
2
1
1
0
46
0
0
2
785
0
0
6
16
5
317
0
0
456
123
10
0
6
5
42
0
0
0
965
171
0
0
8
0
0
2
0
0
561
1
203
4119
285
564
19
0
4
33
42
64
0
2
0
2652
234
733
124
0
1
164
145
113
50
21
0
0
2
137
333
0
0
144
237
0
267
988
0
0
0
36
0
5
355
67
253
156
36
0
0
19
926
30
0
19
193
0
0
23
2
87
128
0
0
13
63
1
3
12
0
162
0
2
208
66
7
0
354
1
0
2
55
12
0
0
671
0
209
0
26
430
0
0
31
0
0
385
0
0
0
2
58
0
418
1
50
0
0
0
0
623
3
14
143
576
37
50
2
88
0
1
2
27
39
3
46
10
289
15
26
302
1168
77
0
170
0
139
61
393
150
3
0
0
297
16
50
0
10
985
122
181
0
53
20
0
0
2
2
5
995
0
34
114
60
411
0
12
0
0
1
18
189
5
79
0
942
0
0
0
0
51
63
0
0
0
80
0
1
4
1188
86
16
34
0
2
0
0
44
2
282
150
0
0
0
15
0
2
0
160
0
2
54
1
1
21
0
0
0
51
108
1
43
106
0
155
0
10
7
132
0
313
1
18
0
0
37
9
3
23
28
396
160
0
0
0
2
0
8
0
472
0
73
0
2
844
22
63
0
2
47
0
6
103
126
16
0
72
1154
1
314
9
0
56
1021
1
5
0
0
6
0
18
228
0
0
2
16
8
0
15
7
15
63
0
9
0
0
0
0
0
1
140
5
0
383
0
0
7
354
0
0
0
13
363
0
130
2
1
0
9
0
1130
0
0
2
0
158
0
444
0
3
19
0
3104
0
0
39
49
3
0
3
1
268
141
47
115
1
0
0
27
16
1
0
0
0
0
0
35
0
1
0
29
0
3
0
8
6
0
0
115
13
23
4
0
3124
71
86
5
210
50
6
381
5
756
0
0
797
1305
393
195
39
0
0
0
18
0
1336
0
0
0
71
0
0
0
7
0
0
0
19
0
0
0
0
69
0
5
396
0
0
0
0
0
0
272
3
0
98
23
10
1
0
0
1
237
5
252
0
0
2
0
0
0
0
323
23
0
0
134
23
628
0
18
1243
92
0
0
162
3
13
1
0
10
0
0
334
71
0
14
27
1119
23
0
276
0
0
24
12
0
4
0
1
0
1
0
0
165
50
1
2
0
142
40
977
0
0
0
42
0
0
1
1
0
23
1
0
0
2
152
4
1
0
0
341
13
1
1
852
0
0
318
0
52
2
0
34
14
0
0
0
0
1
144
0
0
0
4
6
2
0
4
385
484
0
7
0
8
0
0
106
0
0
2
34
0
0
0
6
0
24
0
0
13
14
1
0
0
12
0
1
0
18
0
37
2
1
0
0
0
4
0
0
114
0
0
0
158
0
0
309
8
5
9
0
0
14
0
30
34
5
0
693
9
39
1
0
127
1
48
36
0
1
43
607
0
9
3
9
392
0
31
32
0
7
0
1
2
44
177
610
0
0
0
5
0
0
0
5
10
0
19
0
4
0
0
0
0
0
0
2
798
0
313
109
0
0
0
8
2
0
176
0
0
0
0
16
0
262
597
8
41
8
5
120
5
0
0
117
0
2
27
3
8
0
0
0
23
2
0
2
5
0
79
5
0
2
29
25
0
63
2
0
0
0
0
3
0
0
0
1
27
0
147
5
5
55
0
2
0
0
0
19
0
0
0
16
2
0
758
88
0
0
0
38
85
0
40
88
8
66
671
10
0
0
70
0
40
0
10
0
0
3
0
20
167
69
49
40
0
0
0
0
531
0
142
0
0
2
119
63
0
3491
566
6242
120
13
21
147
384
1763
0
2
0
6
5
0
0
4
0
0
49
56
258
0
42
18
19
202
138
1
0
440
0
38
0
162
0
1252
1
0
22
0
0
787
664
9
50
32
1581
25
156
0
0
2
9
30
62
12
0
151
630
1
56
3254
0
100
0
3
0
0
5
0
0
16
3
0
132
0
0
59
3
20
0
0
0
94
83
5
0
0
0
0
16
0
22
644
56
1
0
0
41
674
0
132
2
329
15
0
20
0
12
1
0
0
745
0
0
105
0
59
96
0
0
0
7
14
2
87
1
2
236
15
83
0
135
10
0
62
0
6
1
0
0
0
75
3
261
0
30
0
0
36
0
2
0
28
0
119
0
0
0
0
0
0
0
17
0
332
1
89
0
0
2
0
0
5
62
2
5
1
0
0
0
0
2
355
1
0
77
8
38
0
7292
0
0
88
0
50
4
8
3
0
3
48
56
0
0
97
0
5
0
0
0
0
21
159
0
2
1
9
16
0
0
295
2
3
424
0
0
262
20
24
4
2
11
14
0
2
60
0
9
0
0
0
143
8
186
0
0
106
10
8
0
1
6
2
0
0
0
2
1
0
0
1
111
0
1
0
5
290
268
12
0
0
13
0
13
0
23
0
0
26
0
0
61
0
205
471
109
0
296
0
425
25
0
311
131
209
0
0
0
1157
4409
6
101
12
0
41
9
304
2
0
86
3
0
0
0
1
0
0
0
0
0
37
0
215
0
0
39
0
277
2
0
0
0
0
31
2844
150
336
0
321
155
0
3
12
0
1
18
363
0
8
1620
324
253
952
7
221
64
0
18
0
0
1
0
0
0
72
0
2
0
4
8
0
720
0
0
24
7
3
2
6
10
0
0
0
0
8
297
0
45
163
10
14
0
47
25
1842
1
0
0
2
58
0
5
60
21
9
0
0
65
78
0
0
68
534
0
1453
1287
0
73
150
0
200
0
1641
0
0
10
0
399
354
1
0
0
3309
351
0
0
179
203
16
2
0
2
0
0
165
254
0
0
0
69
0
32
0
0
123
0
150
4
0
49
287
0
0
0
5
0
10
11
0
27
164
0
46
2
223
0
5791
174
3
236
14
0
17
28
121
94
10
0
85
1304
134
88
3143
0
0
16
0
387
2
2
261
25
0
0
264
136
0
0
0
4
0
112
2
45
1098
17
14
0
33
250
14
234
78
0
19
38
359
0
1229
2885
0
0
224
488
155
0
0
1
8
0
206
0
0
36
99
0
0
1
1
2
3
17
0
7
2648
1538
0
706
741
0
812
48
3
62
1
81
79
7
1078
0
674
35
27
0
1109
0
0
398
10
286
13
0
219
55
1
38
28
1478
16
242
15
55
0
6
94
86
974
13
140
0
37
0
84
0
0
0
0
0
0
23
0
6
3
17
1
0
43
0
0
2
0
0
3
51
101
1
1
0
265
0
0
846
5
0
0
3
1044
0
0
13
14
268
1
0
0
51
0
2
4
1093
9
157
0
0
2
0
0
2
101
0
1
0
5
0
14
85
153
0
17
3
23
9
168
7
0
1
0
3
0
3
0
17
52
0
20
50
0
1
15
0
133
0
21
31
146
2
1
0
143
0
1
3223
4
0
3
35
66
1
680
990
100
231
41
2
197
13
3
176
107
1076
2
181
0
0
386
0
0
11
45
302
0
76
0
0
0
0
0
6
2925
0
43
23
0
0
0
0
0
0
0
45
870
93
8
6
11
0
15
3
5
0
0
6884
99
59
122
0
77
0
26
205
0
12
2
1
0
0
0
44
70
13
44
190
98
13
11
0
3
314
1008
0
4
0
1
2291
296
5
2
0
0
0
12
155
3628
173
1
420
0
6
10
412
57
0
0
0
93
274
2
4
0
0
6
9
10
0
177
132
10
1
0
0
440
8
0
32
33
0
0
18
380
741
0
3528
26
139
0
414
0
16
0
687
17
179
0
3
0
9
0
0
0
862
41
0
0
91
0
12
1546
17
0
0
2
0
1053
0
1039
2
10
62
0
324
2
153
2351
3
499
16
110
0
8
195
0
0
0
573
574
0
0
0
541
0
0
0
8
3
0
4
0
0
8
10
0
16
4
0
0
722
0
222
8
0
2
0
31
0
0
9
0
0
1
0
27
0
3
28
93
146
0
518
29
0
0
98
0
12
0
0
0
407
0
3
0
0
49
0
0
252
134
1
11
0
7
188
0
164
0
6
0
0
381
2
0
0
790
20
0
46
10
25
0
45
675
0
0
0
154
87
7
14
0
15
3
26
0
5
1
0
13
74
69
0
0
0
0
0
11
0
0
19
20
0
317
0
20
0
7
3
0
0
0
2
0
102
0
25
1
0
9
10
13
79
0
2
0
3
143
0
4
2
0
0
0
0
15
11
0
4624
30
0
0
152
601
45
0
5
51
47
23
0
51
51
4
0
61
2
0
3
3
0
9
0
235
0
19
0
3
0
1
110
20
32
125
50
0
0
29
318
0
0
1
0
0
0
861
81
0
492
5
88
0
0
9
9
0
0
0
0
16
4
0
0
0
0
541
47
12
3
0
84
0
1
8
0
174
0
7
52
0
1
2
116
2
85
0
200
11
113
0
1
10
83
54
811
15
0
0
0
0
43
0
0
0
5
4
0
113
0
2
2
10
11
0
2
3
0
0
2
0
16
4
0
15
0
24
0
35
0
202
9
24
147
0
0
43
0
48
0
0
0
140
3
143
105
0
34
427
44
0
3
27
452
0
0
10
0
832
0
0
0
16
44
4
26
4
6
7
0
0
0
47
19
89
0
0
448
0
0
25
13
0
0
196
0
0
0
0
0
80
71
2
0
0
0
0
29
0
418
2
14
62
10
280
31
24
2
3
267
11
236
126
0
0
140
0
19
0
437
578
244
0
0
0
27
4
5
73
9
0
0
1
0
0
2
10
0
211
1
14
98
0
14
0
1
0
58
3
0
0
153
20
0
0
24
0
0
0
0
0
1
0
0
0
1
2324
14
230
1
0
0
3
0
82
0
0
10
740
0
5
0
95
47
17
0
0
36
3
5
5
2194
1
0
20
3
1
75
242
0
0
0
0
174
3
31
173
13
0
35
28
2
0
0
5
11
808
231
0
0
3
86
3
0
0
1
0
8
19
0
22
5
82
0
5
564
28
1
0
6
0
22
9
0
13
27
232
20
235
0
2
0
7
104
0
9
3
0
0
0
0
0
0
13965
394
0
1
0
278
3530
1
7
0
2
460
46
0
696
42
0
1
844
8
0
38
2
1
0
332
0
3
0
0
2
0
0
1
0
0
804
0
0
4246
3
2
0
3
0
0
9
0
0
21
0
7
200
0
0
19
110
58
0
166
1
13
2
0
26
0
78
0
0
0
751
10
162
0
0
8
102
10
22
21
134
0
2
28
35
14
0
0
0
0
0
1
61
294
0
0
0
3
0
4
0
0
1507
0
0
0
1451
193
57
0
84
0
119
0
0
64
388
0
6
0
5
2
313
0
2
106
0
4
0
2
45
4
0
1
117
19
65
0
0
81
0
28
1
0
203
0
32
302
6
41
0
6
162
11
16
87
0
0
0
137
87
0
88
0
132
105
2
0
53
126
57
0
0
0
65
314
372
17
1956
0
23
0
1011
12
993
286
0
6
0
176
3
0
128
13
27
50
1
28
0
0
0
12
0
2
186
148
166
0
0
1041
7
48
0
65
114
206
685
1
0
0
2350
0
234
0
3
159
2
3
0
1
0
0
0
0
0
6
7412
10
12
0
0
65
0
196
2646
110
0
390
59
337
0
0
0
0
43
0
0
0
192
0
162
166
341
0
95
3
84
3
682
0
2
0
188
328
211
16
953
0
2
1
541
65
0
425
0
130
1
0
19
58
0
4
0
0
2
0
119
3
1
333
0
46
0
3
0
97
0
0
0
0
0
2
0
7
4
0
192
62
11
181
2
0
0
1485
531
7
634
2
0
82
0
61
285
0
76
236
10
151
30
17
2
37
0
0
539
5
0
705
2
0
104
232
12
0
0
0
393
0
58
6
354
219
48
0
1
2
17
2
890
3
61
0
72
23
8
0
1860
257
0
446
9
3
5
0
50
15
6
242
230
435
2
690
0
20
0
0
1
68
178
10
555
3
84
760
318
5
31
10
0
2
0
63
0
0
0
0
1
0
472
0
215
403
0
0
0
43
0
95
10
0
13
0
2
1
0
133
46
548
0
9
0
0
1596
5
0
1519
0
36
296
0
31
0
0
11
6
25
260
327
12
120
103
296
0
67
36
0
0
4
26
0
0
267
0
270
15
7614
0
5
120
256
13
0
154
0
0
22
0
133
814
258
24
31
9
30
0
3
35
28
10
80
59
6
34
2
0
0
4
0
269
75
95
0
2
0
0
2
0
6
3
175
0
35
0
0
0
0
0
79
8
1
17
0
0
913
52
0
0
1
0
191
0
0
375
165
2
86
0
2
493
82
0
0
53
0
0
1
0
9
0
136
679
66
1
0
369
0
0
5
52
0
819
8
104
0
1
0
3
0
25
9
17
367
10
0
17
3
0
921
513
61
0
25
0
0
28
49
2862
0
0
0
1
4
7
50
0
0
40
0
156
930
699
0
13
1068
470
209
174
0
0
0
29
13
4
2
46
4
15
0
25
0
6
0
0
42
0
10
76
0
29
8
296
104
114
10
214
0
3391
37
6398
40
37
2
3
77
0
136
251
862
48
1
0
6
27
0
0
673
21
75
17
233
197
0
331
2
268
1171
268
70
67
0
7
0
205
283
1
3
5
90
0
247
2
0
16
0
10
0
0
30
245
0
0
12
0
27
245
52
0
0
0
0
10
0
0
479
1334
81
326
1
2
102
387
16
136
147
0
20
35
9
0
74
19
11
1
100
8
3
0
0
0
0
4
335
0
794
1181
125
0
528
64
1
2
358
6
0
0
0
0
1
1
4
57
0
4
190
28
0
204
0
1
536
364
424
1
0
0
230
351
351
71
0
286
110
4
71
19
44
0
22
658
6
317
6
0
0
102
90
62
224
8
206
2
0
1
2
6
0
1
1
39
0
4
0
0
0
0
363
0
0
1
11
34
3
9
34
10
0
0
1
139
0
60
58
16
0
1
0
2
61
1
5
5
0
96
1
1
0
5
827
730
804
58
0
9
1
501
0
0
10
289
12
0
6
10
0
0
0
33
41
124
40
10
0
16
2
7
0
88
53
8
0
4
0
76
2
0
0
14
28
0
418
1
0
45
8
2
0
70
4
55
339
83
1163
0
0
0
27
24
417
0
741
0
894
25
10
25
0
613
2
78
20
49
368
0
255
310
0
0
0
0
0
4
0
183
84
2
36
22
0
9
0
37
0
0
0
43
114
162
250
69
232
1122
225
1
3
24
2
32
126
0
3
0
6
8
20
0
1
1665
1
27
46
47
1
0
0
0
21
7
83
0
0
285
0
14
0
357
52
388
0
68
0
0
0
0
55
0
38
0
3
0
0
36
32
0
0
0
5
2360
0
153
9
0
10
0
0
0
0
0
111
156
0
3
405
4
194
150
28
0
29
0
3243
384
15
154
0
9
0
0
0
4
0
572
1
103
30
4
2
29
0
26
0
10
18
7
6
0
0
0
0
46
1
102
0
0
0
0
415
0
0
0
19
0
0
0
2
0
0
0
991
98
361
5295
2236
0
4
0
215
0
0
0
145
213
4
432
0
0
0
0
351
9
21
2
493
35
18
616
9
2
166
366
12
23
0
3
1
0
2
0
0
1
0
14
2
4
0
0
0
0
0
17
168
20
99
29
0
3
0
0
0
0
146
350
0
0
0
0
0
0
97
184
0
1
0
2
1
2
0
0
16
0
0
0
0
0
6
2
68
27
0
0
0
0
0
1029
188
0
508
11
0
1
42
106
236
3249
13
10
0
1
0
0
66
0
17
0
0
0
0
0
0
113
1
0
0
0
0
0
0
0
5
125
0
114
36
0
0
1
0
9
20
0
0
650
0
0
0
42
125
514
12
44
5
96
0
0
0
0
0
138
22
0
0
53
3
0
2
0
0
0
49
1
19
12
0
0
0
0
1
0
0
1212
66
563
0
0
0
0
0
0
0
0
0
0
0
0
19
1
0
0
0
4
0
0
0
1
0
18
3
368
0
0
0
0
2175
41
83
44
503
109
352
202
38
5242
19986
168
0
11
13
0
0
0
238
231
62
0
0
0
83
0
0
0
62
0
0
19
6
64
67
1
0
0
0
32
4
0
0
8
4656
8
45
0
0
0
0
5
9
0
0
20
0
0
5
0
285
323
0
0
2
0
137
18
0
4
2
0
0
0
0
0
0
0
0
1
69
21
1
0
336
539
103
183
3669
0
0
3
0
0
0
0
3
2
2
0
325
23
0
0
1
2
15
0
0
0
0
0
30
1
0
0
0
187
23
138
27
12
216
7
336
565
5
0
0
0
0
0
0
0
0
29
0
64
0
0
2
0
0
0
0
0
0
0
0
0
176
19
811
2
2912
5213
243
2
0
6
27
0
76
0
0
1
319
57
0
0
68
607
190
49
0
8
0
423
2
2
0
0
0
0
0
0
1
0
0
0
0
0
0
0
0
0
0
1
32
1
0
7
43
0
0
0
150
0
0
246
1
5902
264
26
14
1
140
0
0
18
8
1
0
0
0
5
0
0
3
0
0
155
156
0
840
3
47
0
0
0
1
0
0
1
0
0
893
1095
9
0
20
2
0
0
0
1
13
16
0
0
0
0
5
85
0
0
4
0
3
0
0
0
0
0
0
0
0
17
0
0
0
0
0
0
0
0
0
1
1
0
0
0
0
0
0
0
0
0
0
1
0
0
0
0
0
0
