24_BitB_41_1
0
0
7
1231
39
239
5
0
0
5
0
405
0
253
0
0
645
9
1
3
78
60
0
0
0
242
0
38
0
8
29
0
0
19
783
18
3
3
2
1
14
0
0
13
12
198
0
96
11
81
0
75
0
2527
0
3
31
54
0
465
2
3
0
0
56
7
0
1539
54
2
699
555
8
7
41
0
412
0
27
0
0
0
0
5
493
0
0
219
5
32
172
0
612
4
0
1611
8
0
2981
0
27
0
78
292
97
0
1
1
0
112
0
0
72
0
2
0
0
403
57
541
37
0
2
80
70
574
131
0
407
87
0
1
0
149
0
0
4
201
10
0
5
0
5
2
1120
55
11
37
76
75
6
0
82
22
8
460
4
1
0
186
0
0
2
0
155
32
41
457
0
0
0
0
11
0
0
44
57
0
0
57
129
123
0
22
208
205
487
21
54
0
0
120
15
63
0
180
0
4
2
42
9
30
1
24
33
0
7
28
41
95
0
2
3
0
0
9
292
32
0
63
373
0
16
76
0
2
15
175
0
128
2
0
20
372
118
0
230
3
4
3
0
0
20
736
0
3
306
41
14
29
70
76
49
0
94
10
2
0
0
1
48
23
67
1680
121
0
0
0
40
55
2
76
0
2
24
14
0
0
451
58
1804
9
0
3260
0
562
0
0
0
117
0
1
0
22
0
0
51
0
123
0
0
25
0
22
187
0
316
26
674
0
0
0
2
0
0
21
0
285
29
0
71
0
449
16
0
81
0
16
0
16
776
343
44
4
0
182
7
12
0
0
215
40
13
422
0
2
44
52
9
0
106
0
45
16
31
25
1563
545
4
0
3
1
12
1580
0
0
2
45
6
1515
342
415
93
31
0
4
6
0
0
139
0
268
0
2
1625
2
116
11
8
0
202
0
3
338
1781
325
187
0
19
70
4
0
0
0
0
48
8
0
0
0
0
235
7
855
4
5
0
27
0
0
1237
149
0
0
113
0
10
322
64
0
72
2
70
43
93
0
374
0
0
0
16
0
1270
1826
0
45
979
162
50
0
0
0
19
0
1
1
0
0
0
0
2
0
0
0
0
74
172
0
328
0
48
2
101
0
0
10
1
0
179
24
178
112
33
365
798
0
3
0
31
0
19
109
23
11
0
44
0
5
0
0
1095
0
70
30
69
108
20
0
72
0
15
0
3
82
53
963
13
0
58
0
75
66
0
249
0
21
1
0
29
171
10
98
259
0
6
67
1038
151
9
0
3
0
12
0
38
209
0
0
5
0
3
1
5
0
0
8
0
2
1
0
0
217
0
73
1
166
0
0
0
193
141
61
2
297
0
223
7
92
0
17
0
221
2
207
63
11
16
10
0
3935
0
10
0
522
0
68
58
0
0
0
99
0
0
0
1
169
0
0
0
0
2019
0
216
0
6
0
301
44
33
0
0
16
0
41
0
24
28
0
0
5
17
0
0
5
0
69
217
85
74
124
118
0
0
1
0
0
0
0
3
155
483
26
13
33
2
285
2
0
99
17
4
164
0
0
22
0
160
14
4
0
0
0
372
0
1
0
517
0
0
0
1
425
1
176
0
3
0
0
2
0
48
12
29
472
0
125
441
1138
66
11
3
0
12
7
22
0
11
27
63
7
4
26
19
0
0
0
99
13
145
0
8
1689
39
146
174
926
2075
0
0
184
138
0
0
25
290
0
0
3
0
312
207
2
1
9
27
0
70
0
21
34
645
0
43
7
277
0
0
0
0
0
0
944
122
0
0
540
3180
0
125
0
143
40
288
98
1
0
415
2
2
139
0
106
151
0
0
516
23
6
29
46
339
235
25
67
14
0
0
3
1509
0
35
0
0
263
0
0
0
0
25
4
0
0
28
0
329
47
0
184
3
465
47
998
47
17
0
215
3
5
0
0
43
0
133
59
1
0
3
0
1
0
23
221
2
5
0
8
1
264
97
0
3
1
7
0
0
260
7
116
1428
30
56
515
133
8
55
6
51
160
0
91
35
1
392
0
145
64
141
2
4
183
0
6
91
1
0
865
21
0
0
0
0
0
234
26
4
0
0
1
687
0
7
1363
2
2
0
237
0
0
288
39
148
185
55
1
0
3
0
0
511
26
223
0
0
4
4
357
22
0
3
19
0
10
60
10
15
0
113
11
0
318
0
2
3
0
40
0
300
124
9
31
25
0
2
0
0
53
43
25
223
81
0
44
0
0
1071
523
0
126
0
62
1
0
22
859
0
314
0
7
4
0
0
0
0
222
32
5
0
0
2
14
86
0
6
3647
27
7
715
3
20
0
0
12
1
0
643
26
244
127
0
21
0
0
1553
0
1066
7
0
4
1404
509
184
95
2230
0
64
3
0
1564
0
0
0
0
440
0
0
0
0
1
88
758
642
53
0
0
0
11
13
45
2
0
0
31
336
93
72
8
0
0
28
97
0
0
2
3
4
0
1388
134
222
208
3
0
0
0
0
188
0
0
0
590
9
6
0
11
197
359
0
37
631
187
28
1
2
0
0
277
0
0
47
0
0
1
8
0
26
122
12
0
0
0
0
251
967
0
0
5
30
52
4
0
0
1
32
8
1
563
4
1
128
6
0
463
0
559
101
11
1
12
256
0
0
0
0
245
70
94
43
131
50
76
487
49
262
1
30
5
2
48
0
2
0
0
11
940
18
246
0
0
42
40
1
53
480
80
209
1357
0
15
20
0
46
1
22
0
0
0
0
263
171
7
0
0
784
0
0
0
145
25
829
1434
0
92
567
7
195
12
60
49
101
205
0
0
59
0
151
5
117
0
318
1
58
0
315
148
126
0
1279
0
0
97
0
72
1011
0
0
7
59
0
133
0
0
8
59
0
122
0
0
13
0
0
5
2
2
0
8
5
86
0
120
164
0
225
689
0
0
676
2
0
0
734
73
5
0
103
0
17
1
115
27
0
0
76
0
664
0
0
0
13
66
44
25
236
44
0
25
0
9
0
15
48
64
47
6
1
54
0
256
338
9
0
0
5
19
1449
5
4
7
2
35
10
0
7
0
0
14
1522
0
100
3
0
4
46
0
19
2
211
0
62
321
0
22
5
192
0
0
0
680
0
1
8
1
2
0
7
86
8
0
113
2
117
4
0
16
2
0
881
1
48
482
16
271
0
185
3
59
0
0
0
59
42
0
1
24
32
2
2
0
9
0
0
3
0
33
0
0
16
23
9
0
0
0
4
79
780
154
0
3
0
106
0
0
721
250
3
41
2996
6
49
231
4
160
54
342
0
13
7
707
6
4
36
11
144
3
0
404
19
34
96
1
3854
143
28
510
170
0
10
0
55
2
0
0
0
76
6
56
0
1584
0
42
274
95
65
0
0
0
0
32
0
121
0
2
514
9
0
2
0
0
1
0
243
0
19
59
0
16
0
0
47
0
0
4
0
0
13
2
0
0
2
0
0
1
124
9
18
0
0
51
64
1
4
84
0
1538
85
0
0
0
7
10
32
122
9
449
0
674
21
572
234
0
0
0
523
0
220
107
991
750
0
0
1
87
0
34
0
2
11
0
1
993
170
237
5
21
94
0
58
0
23
219
62
2464
1
1186
0
276
15
146
3
0
5
0
0
0
0
0
0
192
325
0
70
4
0
0
0
33
221
502
57
368
2569
3
56
0
179
199
73
790
65
0
8
13
353
34
0
0
15
60
49
0
0
9
60
544
0
0
0
45
122
0
1447
0
0
1
11
6
19
4272
0
97
0
0
0
134
0
214
0
13
4
1
521
24
6
137
2
21
2
11
372
10
2
0
18
1
0
1
160
13
16
0
7
4
0
7
2
41
0
2
11
0
53
8
64
0
0
0
0
141
0
35
0
4
18
191
38
171
3093
2
254
74
1458
0
10
0
148
7
0
199
0
248
3
0
4
11
0
312
179
0
1
102
0
38
3
0
0
0
4
0
0
728
202
4
0
102
95
315
0
0
5
0
5
0
97
2
104
0
0
13
0
0
0
0
0
0
37
0
0
0
1
7
1581
84
12
0
16
10
67
31
6
76
147
1
83
0
20
2082
61
0
304
2
0
2
34
25
0
0
0
0
27
215
25
0
0
4
0
0
0
0
0
47
65
0
0
279
159
1005
3666
6
133
0
4
22
0
4
0
0
0
0
61
12
0
44
21
537
41
0
0
216
52
3
141
0
5
7
267
0
1
67
0
1
0
86
0
0
13
0
7
731
0
12
6
0
13
63
0
1
0
0
173
27
15
21
6
52
0
110
55
204
0
129
374
141
0
0
592
45
112
3476
27
0
2
3
0
0
2
47
0
7
5
0
6
1134
0
0
0
0
0
0
30
57
262
0
0
46
0
3
2
162
13
147
246
155
1
0
0
5
103
3
0
0
94
6
2
31
8
0
0
0
3
10
29
12
0
2
0
5
0
0
0
5
5
3
0
17
0
2
0
0
50
108
2
48
0
396
0
12
3
0
39
0
0
0
0
0
362
0
8
2
22
0
558
59
2
0
41
0
0
0
0
400
0
441
110
36
54
0
71
113
8
3
13
336
162
1
18
0
1014
0
38
0
14
2
24
2
102
3
0
0
81
12
125
317
16
259
0
0
0
2
4
0
91
275
34
0
34
2
71
7
0
0
193
3
48
0
0
183
171
1
193
23
2337
85
0
35
4
103
0
3
0
44
35
82
173
4
5
337
31
0
0
37
0
0
12
73
437
2
3
2
4
4
21
2
0
3
9
320
13
8
946
265
0
413
0
16
7
0
1
55
0
2
0
0
2
2
28
0
0
37
273
0
31
409
0
0
361
29
0
0
0
5
2
5
61
4
22
0
0
0
0
0
0
0
43
0
0
14
3
17
15
0
4
11
0
0
0
322
0
2
0
13
6
124
116
1001
11
416
16
8
48
74
5
37
178
4
285
1060
0
31
69
0
21
0
0
0
282
0
103
14
0
0
564
0
46
22
0
0
513
34
0
17
236
92
0
186
2
119
0
39
8
0
397
0
25
42
22
22
82
32
4
1
408
280
137
19
2180
5
21
14
1166
10
0
8
0
147
53
85
0
6
4
29
5
368
0
0
81
107
973
65
0
0
0
0
35
6
0
49
40
18
263
158
0
50
7
4
0
0
0
0
475
0
63
0
132
3
27
0
0
0
0
0
1327
571
0
2
124
3
9
0
22
10
804
31
2
0
18
15
0
40
6
0
0
0
84
202
4
2
199
28
878
76
24
10
0
53
5
0
31
0
0
25
18
13
134
4
0
0
127
144
0
0
54
0
0
0
124
37
138
0
0
140
0
23
306
2
0
271
0
0
6
167
591
0
0
0
0
29
31
100
0
4
0
466
0
0
4
0
12
0
331
3
76
0
0
4
6128
2
134
0
1
0
74
4
3
687
7
0
72
157
148
0
1
0
10
44
0
25
0
27
0
175
0
0
260
13
0
3
0
2
2
0
19
167
9
0
87
0
0
15
64
9
0
0
64
0
0
0
83
29
4508
0
50
5
34
0
8
10
0
0
0
174
22
775
10
482
0
0
51
4
0
2
0
25
1814
0
9
0
18
0
190
13
639
50
0
16
3
2
0
0
5
0
11
0
0
0
0
5
43
160
25
0
0
157
7
0
121
55
18
73
22
0
376
59
0
27
3
0
0
256
45
154
0
77
0
0
4
148
117
0
176
6
76
3
0
61
0
0
854
0
0
525
41
94
66
0
155
0
0
22
40
16
1
289
0
0
0
2
137
260
17
0
13
0
21
0
0
12
0
82
4
0
532
29
139
0
2
0
27
1401
159
0
3
0
47
205
12
72
387
46
0
0
0
1081
133
0
15
1
9
0
0
0
142
131
0
68
2
0
0
0
12
71
2
110
3
0
0
10
265
6
6
0
0
524
176
100
9
2
0
22
0
0
0
38
47
590
0
0
588
11
71
19
0
111
0
2
4
652
0
0
6
165
31
61
4
0
1
0
0
1344
0
0
974
38
19
73
926
87
0
0
110
1178
152
3169
139
0
110
5
222
0
12
39
12
8
0
0
0
18
0
3
395
0
2490
5
0
35
0
8
4
34
35
0
40
29
45
0
118
309
1290
3
29
96
27
135
164
0
4
1
206
0
3
0
60
268
5
79
1
4
81
65
0
240
624
6
75
220
96
0
92
11
991
554
6
669
0
52
321
137
84
2
5
4
0
0
124
3
19
0
253
0
4
30
48
0
0
1703
27
89
234
98
124
0
0
13
6
0
1080
0
1
0
0
3
467
0
156
71
0
2452
0
26
279
6
56
109
2
0
128
0
0
0
0
3
0
1
0
15
187
8
0
542
0
1
127
6
0
0
277
39
997
165
31
657
63
0
1
46
3
0
0
0
4
14
92
5
0
37
0
0
0
59
11
42
286
1
174
1
105
3
935
0
2
5
26
3
25
26
1
8
16
43
12
0
115
178
22
70
45
0
3
153
40
404
28
4
0
51
0
0
4
0
523
14
1817
193
444
406
536
0
2
0
0
80
0
1902
0
1
253
97
10
31
18
321
39
1
6
6
0
35
0
124
11
186
40
0
702
59
0
6
1004
0
27
446
458
37
56
37
169
22
62
0
2108
625
0
14
4
0
0
0
102
0
145
166
422
0
6
273
188
0
149
147
33
0
0
0
0
867
4
6
607
0
179
0
8
2
0
537
67
0
0
410
3
0
0
0
0
101
6
99
0
512
10
79
195
269
0
7
136
166
0
6
62
33
15
30
0
94
509
95
0
2
430
8
128
0
0
3
34
1
28
7
0
91
0
0
0
1
0
7
0
0
0
0
0
0
3
47
0
2
268
4
0
0
1762
1
0
0
0
0
44
0
0
0
3
33
0
0
0
197
0
0
16
57
0
0
2
455
0
0
0
193
5
7
0
0
349
0
0
4
24
0
0
0
0
9
0
0
3
0
4
0
0
6
66
0
0
13
0
0
268
1
727
17
0
12
0
36
2
0
0
1
0
534
0
0
14
0
3
2
10
0
0
222
26
0
472
22
0
303
11
1
0
146
347
0
0
6
0
0
39
2
4
3
19
44
0
8
149
1131
42
3
88
0
15
23
0
51
23
0
12
3
0
0
0
332
0
0
0
0
803
0
266
0
0
0
0
130
62
198
29
0
0
0
0
0
0
11
0
0
10
0
5
82
0
0
0
0
0
59
1820
75
1
10
59
6
0
3
0
0
0
0
0
0
0
0
0
0
21
0
0
0
78
0
0
0
62
7
23
0
0
0
0
0
0
0
43
0
0
0
0
0
0
9
1
0
13
13
95
6
0
0
0
0
0
1
0
0
2
0
1
0
0
0
25
0
14
3
0
0
6
0
1
0
0
0
0
0
0
0
0
0
0
0
0
10
8
0
0
422
0
0
1
8
4
0
1
0
209
0
0
163
74
0
12
115
0
0
0
0
0
0
0
57
25
0
0
0
10
617
33
0
64
0
0
0
0
0
0
0
0
3
0
0
40
0
0
0
102
0
6
0
0
0
0
0
0
29
0
61
0
96
0
107
0
0
0
0
2
0
5
0
0
9
6
0
0
0
336
2
0
44
0
12
176
0
0
0
6
178
0
113
0
8
0
55
0
7
0
32
0
0
1
0
11
0
0
0
0
7
0
0
0
0
590
0
1
1341
66
0
0
92
15
0
0
0
0
0
235
0
0
127
0
72
1
4
0
0
6
0
0
0
0
0
10
5
0
100
0
0
0
0
0
45
0
15
0
0
0
0
0
0
0
1
0
0
0
28
0
22
1
0
98
8
0
3
0
0
126
0
0
1
0
0
0
0
0
3
9
0
0
12
0
0
206
1
0
0
0
36
3
0
0
26
0
0
36
0
0
0
6
0
2
3
0
0
0
0
0
0
0
0
0
0
0
0
0
2
3
0
0
0
0
74
14
0
6
2
11
0
0
0
6
0
0
0
0
0
0
0
0
0
0
0
0
0
0
0
179
0
27
0
0
0
0
97
0
0
0
206
0
0
0
0
0
6
1
7
0
0
31
0
0
0
1
0
0
8
0
0
0
0
0
729
0
6
0
0
0
0
0
0
0
0
0
15
3
0
0
3
0
21
118
0
0
0
0
0
0
1
0
2
0
0
0
0
2
0
185
221
0
0
0
0
0
0
0
0
165
2
0
0
2
0
0
2
2
0
71
63
0
957
0
0
68
0
0
0
0
0
0
0
0
4
11
0
0
22
0
16
0
0
0
0
0
0
0
0
0
0
24
0
0
0
37
10
0
284
0
11
0
0
0
0
0
3
0
0
0
0
0
0
32
6
0
6
0
38
0
0
3
0
0
0
3
0
0
0
0
0
0
0
288
0
0
0
0
9
0
0
0
0
226
0
0
1
0
0
0
0
0
0
1
10
0
0
0
0
239
182
0
1
1
0
15
0
0
0
0
0
0
0
0
8
0
52
0
0
17
0
1
98
0
13
6383
0
0
0
0
63
0
4
1
0
0
0
0
9
0
0
0
246
5
5
0
0
66
0
149
0
0
0
4
1
0
1
0
0
0
0
3
0
11
0
0
0
80
4
1
3
0
0
0
0
0
589
0
30
0
0
0
0
0
0
0
0
37
0
0
225
1
0
27
8
265
0
0
0
20
0
46
0
0
0
0
344
0
0
3
0
0
1
0
0
8
38
4
0
0
4
0
0
2
3
0
2
65
310
0
0
28
21
320
0
151
1
0
4
8
0
0
2
0
24
0
0
0
2
84
4
0
0
2
4
0
0
0
0
0
0
24
0
0
0
0
2
0
22
1
0
9
0
0
2
0
0
0
0
953
0
0
0
122
2
0
3
0
0
15
0
0
0
0
6
0
0
0
0
51
1464
99
0
0
0
0
0
0
0
0
440
0
57
0
0
0
0
0
103
0
27
0
0
2
0
0
0
0
5
0
0
218
0
0
0
0
0
0
81
0
0
0
71
0
8
0
0
68
2
282
0
0
0
210
0
1
0
0
0
1
0
0
3
0
2
0
0
95
1
0
0
0
250
2
0
0
73
0
0
0
33
41
3
45
0
0
0
0
0
0
0
0
189
0
65
0
0
0
0
1
170
92
0
0
78
0
101
0
0
17
0
8
1
0
26
0
0
0
0
38
2
0
0
0
0
31
0
0
0
38
9
0
3
248
0
435
57
0
0
0
0
0
0
0
0
0
119
0
2
0
2
0
0
0
0
0
0
0
0
0
0
378
0
3
1
0
1
0
514
113
17
7
0
0
2
0
15
5
0
0
0
5
0
5
0
0
0
0
3
2
0
0
11
0
0
0
0
542
10
0
0
0
0
0
1
0
0
0
6
0
0
0
0
0
0
110
0
123
0
2
1
0
0
345
8
0
0
146
240
0
158
14
0
0
15
0
0
0
0
1
8
50
1
7
0
0
0
0
0
3
0
0
0
0
0
223
68
0
668
8
0
0
0
2
8
0
0
0
0
0
0
0
4
0
13
49
22
527
0
0
0
3
0
0
0
4
25
0
0
0
54
0
0
0
0
0
0
0
1
0
3
0
0
0
10
11
0
0
0
2
0
1
149
0
173
0
0
0
0
0
0
0
434
0
0
361
3
0
0
22
3
0
582
5
0
20
0
0
0
3
0
222
51
9
4
0
2
0
0
2
34
0
0
0
0
0
0
0
0
850
188
7
0
74
0
0
0
0
0
15
3
6
5021
1
0
0
0
0
3
98
0
1
0
1
0
13
24
2
0
0
0
0
4
0
318
0
0
0
0
51
0
0
0
0
8
0
0
0
0
0
0
0
2
47
0
0
1
0
0
0
35
0
0
0
0
0
0
0
0
0
0
18
1
5
0
0
0
0
2
0
38
0
2
18
77
0
0
0
149
0
0
17
0
0
68
0
0
0
6
103
4
0
0
1
0
13
4
0
0
107
6
0
0
33
1
25
3
0
9
2
48
0
81
13
0
1
5
0
5
0
0
0
0
67
0
0
0
16
0
0
15
0
21
215
276
0
0
0
3
0
0
16
0
0
0
7
0
0
0
0
17
0
100
131
46
0
0
0
42
0
0
3
0
6
23
0
534
579
0
0
0
0
0
29
214
0
9
3
0
7
0
0
6
2
0
0
303
6
0
0
1
0
13
0
5
22
0
0
206
0
0
0
0
15
0
0
0
0
3
2
0
0
0
0
0
0
0
0
48
7
0
0
0
0
13
3
0
0
40
0
0
40
0
0
2
2
56
0
0
0
1
4
238
0
909
0
0
1
0
0
0
0
5
0
1
0
0
0
0
0
0
103
0
21
0
0
0
0
0
0
41
1
15
0
0
0
0
268
0
0
145
0
0
56
3
0
323
27
0
4
3
0
0
0
0
0
72
0
0
1
53
17
0
0
0
3
32
155
0
0
2
27
14
0
314
0
31
0
0
184
0
85
54
48
27
4
0
7
0
36
0
0
4
0
0
0
1
0
0
0
49
0
5
2
0
1
0
0
1
1
0
45
1215
0
2
0
0
0
31
0
0
55
47
0
0
4
0
0
74
0
0
0
1
0
1
0
3
0
5
11
0
11
160
21
1
0
0
0
0
0
4
52
0
0
0
13
17
0
0
0
0
0
0
0
0
0
0
106
329
0
0
0
0
2
0
0
65
304
0
1
76
0
0
0
17
0
0
0
33
0
1
0
15
1
3
0
108
0
0
0
1
0
0
0
1
0
0
1
0
0
419
38
3
0
0
0
1
0
0
59
83
272
0
0
190
1
69
0
0
0
0
0
0
0
469
0
22
15
103
1
0
24
0
675
0
3
0
0
0
590
0
62
3
2
2271
12
0
0
0
0
0
0
2
32
0
1
7
0
3
0
323
0
0
19
0
0
0
1
0
0
129
0
5
67
0
0
0
0
0
0
29
0
748
8
1
0
3
0
0
57
119
0
0
3
4
235
0
1
9
3
0
0
245
0
436
119
0
0
49
3
0
0
0
0
0
0
0
3
70
0
2
0
61
0
0
0
0
0
0
0
0
0
74
0
942
0
0
0
0
0
0
3
0
0
0
6
137
1
0
0
0
8
0
0
0
1
12
0
0
69
0
2
5
0
0
0
559
1
0
3
0
46
1
446
0
0
0
13
0
0
0
98
0
7
2
0
23
0
226
0
0
0
498
0
0
0
0
1
0
0
97
4
0
51
0
8
26
0
0
427
0
15
2
0
0
1
0
0
0
0
1
0
0
0
14
0
0
0
0
1
0
12
0
0
0
3
63
0
0
0
265
4
0
0
0
0
0
0
0
0
0
0
6
0
0
0
0
0
0
6
283
0
23
0
0
141
0
0
0
0
72
4
0
0
0
0
0
186
0
2
2
0
0
0
158
1
4
0
975
5
0
14
0
0
1
12
1
52
0
0
0
0
0
0
0
4
0
235
0
0
8
11
0
0
5
0
144
32
3715
0
7
0
1
51
25
0
0
40
745
0
1
0
5
0
0
0
0
0
11
20
0
1143
0
50
0
4431
0
0
23
0
0
0
0
0
0
0
0
11
0
61
1
0
0
82
9
0
0
0
92
0
2
0
75
0
0
0
0
0
138
2
0
0
5
0
0
0
97
222
570
0
0
0
0
20
0
0
0
0
0
14
0
0
0
2
0
0
0
0
0
1
0
0
0
0
0
0
38
59
0
0
0
0
0
0
5
0
0
0
25
0
0
0
2
20
2
5
0
3
0
37
1
0
0
0
0
0
0
1
0
0
0
0
0
0
0
0
4
7
0
0
0
0
0
0
1
1
0
0
0
0
0
0
2
0
0
0
0
0
2043
0
0
0
5
0
0
0
0
0
0
0
0
0
0
0
0
0
21
0
32
0
42
0
31
0
0
22
0
0
0
0
0
0
0
0
0
40
0
3
0
0
0
0
0
0
0
0
96
0
91
0
0
0
4
0
0
0
102
0
0
0
0
6
0
0
0
0
0
6
1
0
0
0
0
0
12
0
0
0
0
0
0
2
0
0
138
6
0
0
0
0
0
21
0
0
3
0
0
41
0
1681
0
0
0
0
0
0
0
0
0
0
3
108
0
0
0
4
15
0
461
0
1
0
0
0
0
618
5
0
9
0
0
0
11119
0
0
0
0
10
0
39
16
0
60
0
0
7
0
1
35
353
2
0
0
38
0
0
0
0
0
117
0
0
0
0
1
0
34
0
51
0
0
0
695
5
0
1
0
42
0
580
0
47
0
103
25
0
7
3
0
0
0
0
1
0
0
0
0
0
0
0
0
0
0
1
0
0
0
0
2
517
0
436
0
0
0
8
0
0
0
0
0
33
1
0
0
0
0
0
0
0
0
0
5
0
1
0
0
5
0
0
0
0
0
0
28
0
0
0
0
0
0
430
0
2
3
0
0
0
0
0
0
0
0
0
2
0
0
0
21
1
2
0
0
0
0
1
0
0
0
0
0
0
0
0
1
0
0
0
0
3
11
0
0
1
0
0
0
0
0
0
0
0
0
0
0
0
0
0
2
0
0
0
0
5
0
2
72
0
0
0
3
0
0
0
0
299
181
0
9
7
0
0
50
0
0
20
0
11
0
0
0
0
0
0
0
0
0
0
0
0
668
1
3
0
0
0
0
4
2
268
1
2
0
71
2
0
0
3
0
0
28
0
0
0
0
0
17
0
0
0
0
0
0
103
0
0
0
0
0
0
10
0
10
0
0
1
3
0
0
0
0
0
0
0
5
0
8
0
0
0
0
3
620
1
1
2
0
0
0
0
39
0
0
0
0
0
286
2
2
165
50
0
0
0
1
0
0
15
0
0
0
0
0
0
0
0
0
456
1
0
0
0
0
0
24
0
0
0
0
2
0
0
0
0
25
0
193
0
0
0
76
4
3
1
0
0
0
0
231
0
8
2
0
0
0
0
0
0
0
0
0
3
0
2
0
2
0
0
0
0
0
0
0
0
0
0
0
607
21
75
0
128
0
0
82
0
0
24
5
6
271
17
0
0
0
0
2
0
0
2
0
0
0
0
28
26
190
3
118
0
86
76
38
0
0
0
0
2
23
0
0
280
45
0
102
12
13
0
1
48
82
76
424
0
1
0
36
14
2
0
17
0
0
60
0
27
125
0
129
0
0
0
57
2
12
0
0
107
0
0
0
320
0
91
0
2
24
0
0
39
0
177
31
588
0
35
0
0
0
0
0
21
25
175
24
44
4
3
0
33
0
6
188
6
0
0
24
0
24
7
242
8
0
4
0
282
12
4
7
0
0
0
0
0
48
0
19
0
1142
0
0
1
0
1
28
126
3
0
0
4
0
0
0
0
94
226
15
0
0
552
0
0
0
0
0
61
0
0
961
0
24
3
1
0
2
39
12
0
0
77
0
24
0
67
0
16
0
23
0
0
5
0
0
676
10
2
9
0
2
0
0
10
0
0
7
0
9
298
0
0
0
6
0
5
3
0
7
0
0
335
27
0
0
365
0
326
0
16
51
15
0
51
0
0
17
181
3
52
0
0
21
902
0
0
0
1
0
38
0
8
0
0
0
0
0
0
133
0
0
0
0
0
0
2
0
0
58
4
0
0
0
0
0
0
0
1378
5
1579
0
4
0
0
64
13
0
26
0
0
0
5
0
0
22
0
581
2
407
0
0
79
16
89
0
10
0
1031
0
248
201
273
0
11
4
33
1544
203
2
0
3
3
285
0
1028
0
0
2
0
2
59
10
0
0
0
0
137
2
28
5
11
46
135
0
423
8
18
0
139
24
3
0
299
80
2
354
0
7
10
0
28
0
87
0
0
0
0
0
306
0
3
3
723
0
0
0
82
0
15
73
0
12
0
15
65
0
0
1
8
0
0
0
38
0
0
0
0
2
0
0
0
163
1
237
0
5
7
0
0
412
0
0
171
0
7
0
0
37
85
28
90
0
0
0
0
298
0
29
0
4
0
0
0
0
0
0
0
28
171
28
0
23
5
81
4
0
12
21
38
0
5
0
37
16
2
71
0
0
3
75
1158
0
16
0
89
600
96
58
13
74
3
1304
4
0
13
5
1
246
0
0
154
310
100
0
135
107
0
0
80
4
9
5
225
9
0
0
0
0
0
6
58
0
0
306
3
65
19
0
63
0
0
0
0
0
40
0
9
107
0
0
0
0
0
1
0
166
13
1536
176
112
40
1
44
7
0
9
0
0
0
204
119
0
194
2
2
6
724
0
2
83
0
0
0
28
0
3
2
4
0
131
0
67
2
17
0
0
278
0
0
117
0
239
1036
21
0
0
46
282
262
11
0
0
1
0
0
222
17
0
36
0
4
0
79
0
586
6
0
0
0
85
20
71
160
4
0
0
0
0
93
0
0
0
0
0
0
54
1
336
0
40
263
0
0
0
0
106
190
0
0
2
0
2
0
1
28
3
0
0
3
9
1
17
0
36
0
3
0
318
20
0
3
0
13
336
0
0
88
0
0
0
0
3
0
49
12
0
0
3
0
0
52
0
1
0
0
50
15
0
2
0
55
0
90
0
0
104
0
0
0
0
38
0
3
146
0
5
45
0
5
2
93
0
95
2
0
0
1
40
26
0
0
0
320
260
13
0
0
0
0
0
282
6
0
2
0
0
0
0
0
0
0
292
0
6
2
0
0
6
0
194
0
9
0
0
0
14
0
1
0
0
339
2
0
0
3
0
82
0
0
0
0
334
0
2
3
0
0
0
0
0
28
0
0
0
148
0
0
4
0
61
0
625
0
0
2
1
781
61
15
118
13
0
0
1
4
79
0
12
13
0
0
0
1
0
11
4
61
458
42
53
1
1
0
0
0
0
0
189
88
0
1
0
0
0
1
0
4
194
1
4
12
1
25
30
69
0
0
135
86
18
62
2
88
0
10
0
0
0
0
2
21
138
157
19
18
1
0
0
10
0
162
138
0
0
0
153
0
0
37
0
0
73
5
1
620
12
1
32
4
0
16
1
0
0
0
0
153
0
34
0
16
0
0
0
33
0
0
70
0
0
0
0
2
1
158
0
2
50
17
4
0
4
0
0
1
297
66
1
64
23
146
0
20
4
0
0
0
0
0
0
6
16
0
3
0
0
5
0
0
35
3
2
2
2
9
0
0
0
0
0
0
0
12
0
7
0
14
5
5
0
0
12
0
0
3
0
103
0
0
0
0
0
5
0
0
0
21
330
0
4
21
6
269
0
3
17
153
65
12
0
0
0
0
0
0
0
0
0
4
0
37
17
0
0
0
4
0
74
5
0
3
282
16
0
0
3
19
2
0
0
35
252
2
30
0
83
50
2231
32
394
0
26
60
66
0
397
0
0
8
59
0
3
49
0
0
39
0
2
0
5
0
0
4
0
0
0
0
8
1
0
0
0
0
44
124
79
33
0
0
7
2
0
13
115
0
0
0
0
11
0
0
12
1
45
8
0
100
8
245
7
2
4
0
0
0
20
3
1078
0
8
48
2
0
0
0
0
0
47
192
2
0
0
0
0
0
22
65
2
20
0
88
276
0
0
0
480
2356
0
84
0
0
25
126
8
0
5
7
0
0
12
16
2
0
6
0
0
0
0
15
12
166
159
0
2
23
0
13
0
28
0
0
180
0
0
0
2
29
12
0
1
0
0
23
379
0
7
0
8
0
0
411
0
0
88
111
1259
108
0
0
161
0
123
0
1
0
262
0
0
0
0
4
9
0
9
2
4
0
70
14
37
1
6
0
8
26
2
263
0
114
0
0
0
48
4
24
0
536
0
0
10
17
341
139
18
209
14
5
3
77
8
506
14
0
0
0
0
8
379
0
28
0
10
67
0
4
48
45
0
69
0
817
80
8
4
0
84
0
0
66
0
71
63
356
16
49
0
185
0
199
0
0
171
244
0
0
0
47
0
3
0
10
13
78
0
385
0
3
19
0
1
58
0
98
45
73
4
85
151
55
6
1
0
30
0
0
0
23
0
6
108
7
0
0
183
0
0
14
0
0
0
10
2151
3
5
309
333
0
132
0
0
0
2
0
489
1
2
276
3
0
0
0
0
0
55
7
35
0
172
0
0
1
0
3
0
163
0
0
518
1
7
0
9
0
0
0
87
13
0
0
0
0
90
0
0
556
0
0
0
0
0
0
10
0
41
0
10
7
0
34
0
15
0
389
186
278
0
0
283
14
10
350
3
0
0
0
0
88
5
8
0
0
0
0
13
3
171
0
99
0
8
8
26
0
17
3
0
10
0
40
2
14
192
975
208
10
100
0
0
0
52
0
403
0
0
1
0
495
5
13
323
50
500
183
0
0
0
0
202
0
50
0
0
146
27
0
0
246
22
3
6
0
71
44
52
0
2
0
4
6
0
0
0
202
8
0
7
63
0
28
0
59
10
0
0
119
10
5
79
49
0
5
0
14
1
0
1
1
0
136
0
0
0
3
0
2
0
0
1
3
0
0
0
4
207
268
19
7
0
0
0
35
35
0
0
0
0
0
16
22
0
0
0
12
1
0
0
0
3
12
0
6
0
0
5
0
0
44
1
1
24
35
0
4
0
1
23
20
13
0
52
0
324
7
0
0
0
0
116
0
56
0
568
2
64
26
12
29
226
398
0
2
45
0
0
0
40
0
30
13
0
11
0
35
7
0
2
156
1
46
0
60
773
0
0
3
13
1
12
102
0
70
1
8
37
0
12
3
0
190
0
1
0
0
0
0
5
0
0
29
0
73
10
24
0
0
0
13
13
11
350
0
0
748
0
135
0
0
30
165
0
0
5
0
0
0
35
0
0
179
3
0
0
0
2
43
0
0
1
0
0
5191
4
106
0
0
0
2
16
17
23
63
222
651
134
0
33
1
253
73
0
299
2
44
0
62
0
515
0
231
1
0
0
2
1
9
1
0
4
210
0
0
3
0
150
5
49
223
0
0
0
229
0
0
0
1
10
0
44
1177
0
344
0
0
8
79
20
0
0
1
0
0
0
0
184
0
0
0
39
0
0
0
0
0
0
0
9
151
68
3
2
295
0
8
1
22
0
64
0
0
2
124
0
93
220
6
0
4
0
4
0
0
3
0
564
236
250
0
295
0
0
8
635
0
46
0
0
43
0
18
0
0
0
0
726
0
2
9
0
0
0
0
0
3
2
0
347
0
1
6
7
666
0
0
0
0
203
0
99
3
0
0
2
0
0
0
220
0
0
0
1
4
0
0
0
0
20
0
0
0
11
0
280
10
0
167
0
24
54
0
45
0
0
0
0
0
28
0
0
0
0
0
1
0
1
13
1
140
0
0
571
0
0
0
35
0
0
3
692
16
30
2
11
103
0
0
0
0
13
1
5
26
0
2
0
0
0
0
0
0
0
5
0
633
0
11
122
1
0
3
1
7
0
1
619
0
0
66
0
0
0
0
34
10
2
0
0
0
4
23
26
0
10
10
3
2
0
622
0
89
0
0
79
0
0
0
21
0
20
11
11
177
0
3
0
46
8
0
28
0
0
0
0
0
2
0
4
627
0
0
0
0
0
12
0
0
1
170
0
0
0
0
450
2
0
0
0
23
595
0
19
0
0
60
91
63
220
0
0
0
1
9
0
5
305
1
187
63
0
13
374
0
5
5
10
3
4
0
45
208
0
0
0
0
1
0
34
2
0
0
0
3
360
53
0
45
590
3
8
0
44
6
14
22
5
0
15
30
0
135
45
87
264
0
0
17
0
9
1
0
0
0
435
0
347
0
80
888
17
36
0
0
0
3
4
0
149
0
0
0
64
1169
0
479
134
1
0
13
0
160
0
0
4
0
0
0
831
0
0
0
0
0
0
34
0
26
104
0
755
0
0
0
0
92
44
0
97
0
0
0
0
0
0
0
2
0
0
20
0
154
0
46
36
561
38
0
30
0
0
0
0
0
3
30
8
0
2
90
0
0
55
0
2
0
1
11
20
4
147
17
0
26
79
0
0
63
192
0
0
0
3
1
0
47
684
44
9
0
0
0
15
0
22
40
651
0
290
3
395
9
0
0
0
1
0
0
31
91
1
0
0
0
0
69
228
19
0
2
0
0
13
155
0
176
0
0
121
70
0
1
0
0
1
0
6
5
0
0
18
4
0
145
1
0
144
27
0
102
0
138
3
20
0
0
0
0
0
0
309
970
0
876
4
37
24
144
1127
0
0
0
0
24
61
0
45
406
10
6
28
2
318
368
0
0
0
61
0
0
0
13
1
0
0
35
1
0
40
2
13
7
0
0
245
2
0
0
547
10
1
0
18
0
8
6
688
0
0
4
19
199
0
0
0
0
0
53
152
411
0
3
50
0
133
0
3162
2
1
130
1
0
0
0
0
0
0
4
0
129
0
91
601
0
118
4
75
0
155
0
279
747
1313
2
724
78
0
0
0
22
0
204
0
1
0
0
0
2
194
0
17
0
0
5
43
0
0
89
34
17
8
1
4
30
30
1
0
0
4
559
2
310
25
0
0
0
0
237
0
0
33
0
0
0
0
1171
0
76
3
0
154
0
0
0
0
229
0
53
0
266
0
3
27
0
3
15
0
4
78
0
0
422
335
0
0
8
12
67
3
0
0
0
35
2
7
0
0
0
53
0
0
51
76
0
12
278
16
220
297
890
0
0
0
0
0
5
0
517
226
0
0
0
0
17
244
13
0
18
0
48
3
0
3
0
192
147
185
3
215
60
0
0
28
1
0
0
4
0
11
18
7
5
11
70
0
0
0
0
0
0
636
0
13
183
54
0
0
12
0
0
0
45
82
14
2
3
0
0
14
0
0
696
0
0
3
120
2
1
0
9
0
236
829
0
12
2
594
4
0
0
0
0
0
257
261
0
686
0
51
1
2
31
0
3
0
0
0
13
6
0
0
0
0
5
198
0
0
0
0
37
0
0
0
0
0
21
1809
38
0
0
290
0
33
7
6
0
0
25
0
0
1
0
57
50
0
11
83
273
0
0
1
2
0
0
0
0
5
1
15
0
11
0
2163
0
0
0
361
0
0
65
0
14
0
1
0
0
0
103
7
11
113
1
0
85
0
2
0
0
0
0
6
0
0
7
1
0
0
907
27
7
75
0
0
0
2
0
27
13
0
12
138
1
0
0
207
0
0
0
3
0
610
0
0
85
4
2
0
0
0
9
2
0
0
9
0
0
0
2
0
0
0
0
0
0
0
2
168
0
0
0
0
0
11
0
0
1
41
8
13
0
438
0
0
1749
0
11
0
3
23
0
0
1
37
11
0
5
395
0
235
0
0
151
0
0
146
0
267
0
0
2
9
138
0
4
0
0
0
56
57
2
0
7
0
43
613
203
0
48
0
0
3
2
2
0
3
0
0
5
55
30
0
0
0
188
0
0
3
6
27
0
133
0
2
0
19
245
0
10
41
1
0
142
1960
0
1
959
0
0
0
33
37
0
0
15
0
0
5
3
0
33
0
9
4
0
0
6
41
0
0
0
548
0
0
0
40
0
0
54
2
0
0
1
0
47
0
13
0
4
32
13
5
0
0
32
0
62
26
0
0
101
0
0
0
50
243
3
2
0
12
0
542
0
0
4
150
218
0
0
33
0
7
0
0
0
0
425
0
0
0
6
17
18
4
34
30
0
155
0
0
0
46
127
67
0
46
9
0
6
0
0
117
0
7
0
7
44
0
0
0
6
3
783
0
5
202
0
0
1
0
0
0
0
8
0
3
17
0
11
0
0
308
0
0
0
59
0
1
0
0
114
0
46
160
117
111
3
0
9
435
0
0
3
12
0
0
1
0
383
0
33
19
0
133
535
0
0
0
6
6
2
584
10
0
77
0
0
447
0
3
0
17
562
0
0
9
155
0
0
41
28
0
0
0
0
53
59
60
14
1
1
0
6
0
16
0
0
7
0
8
0
43
2
576
411
0
0
67
0
0
0
0
0
2
0
0
0
459
4
234
0
755
0
163
3
0
0
59
0
2
0
1
0
246
4
30
13
31
32
0
123
0
18
5
0
0
1
0
83
0
0
89
3
100
0
0
0
0
10
73
26
0
9
0
0
0
3714
0
81
155
70
27
88
33
23
0
134
9
0
87
4
0
1
0
45
2
0
3
2
3
0
0
0
6
2
0
15
0
230
0
0
0
7
0
0
0
1
110
0
0
0
8
0
8
22
0
1
0
87
0
0
0
36
0
0
11
317
7
28
24
0
17
213
0
3
60
0
0
0
69
0
0
0
11
0
0
0
1
0
199
15
42
24
0
0
1
0
470
0
37
0
201
222
0
97
15
70
190
53
10
32
0
0
194
56
0
562
2
1
0
107
0
2
0
0
110
0
0
0
43
1
532
0
16
0
2
0
13
2
12
0
202
0
22
37
5
0
4
0
28
0
8
249
0
0
2
88
20
45
27
0
0
0
4
25
84
0
0
10
0
0
0
0
0
0
261
0
1
20
32
78
0
0
0
0
87
0
3
0
104
81
7
0
0
0
11
0
14
0
14
0
22
0
0
220
0
16
369
0
213
399
0
76
0
33
85
0
70
0
5
1
79
19
32
1
0
353
13
97
0
5
0
39
666
877
103
2
0
0
0
0
13
351
0
27
11
184
0
43
0
0
0
0
0
0
175
0
75
18
29
19
0
35
83
16
0
153
0
0
0
63
0
1
0
0
15
0
219
20
0
96
64
463
12
42
0
7
2
0
0
0
0
19
0
0
0
0
1
2
48
20
0
0
3
9
30
0
17
6
227
35
0
2209
19
71
0
2
0
0
6
0
830
0
55
41
14
0
5
7
0
1
49
0
9
0
0
0
110
23
799
31
5
0
0
1
8
27
0
0
19
0
0
14
134
3
0
0
497
0
295
1
0
0
32
129
2
0
152
112
0
0
0
2
0
282
6
40
955
354
0
319
0
0
114
21
616
50
0
0
0
4
0
98
193
53
0
2
1
7
0
39
240
0
4
20
1
5
0
0
0
32
0
403
53
351
7
0
352
0
94
0
0
1208
0
0
0
0
24
4
1
0
0
44
0
54
33
0
539
12
197
24
1
169
0
4
146
113
15
0
0
93
29
120
1
0
5
0
1
0
1
0
3
0
32
0
0
0
23
0
639
0
0
100
0
458
5
0
74
0
0
183
0
0
7
9
417
0
0
0
171
252
2
0
184
1
0
71
16
44
0
0
0
0
18
95
44
5
7
0
0
1
3
0
1517
16
0
3
0
8
0
1
0
0
0
0
2
0
6
35
0
26
106
0
1
0
108
1
116
81
1
0
0
0
0
98
0
0
19
0
54
0
26
0
0
1
2872
11
8
0
0
0
8
85
5
0
9
0
12
0
9
686
41
143
0
0
0
741
3
0
173
265
0
245
0
0
0
0
0
2
27
6
109
128
0
0
0
0
256
0
0
0
15
14
0
1024
19
0
697
35
663
5
3
1
0
3
0
30
24
23
0
0
101
7
35
6
0
535
0
0
15
20
0
0
2
0
0
15
0
0
0
0
0
629
0
9
0
0
0
0
38
0
4
0
168
0
346
0
3
0
0
414
4
6
0
41
3
0
1
188
58
0
0
0
0
0
0
0
0
0
0
0
0
0
0
0
0
0
0
5
0
0
0
0
114
0
0
0
0
0
16
15
1
0
2
50
7
3
53
1
0
0
0
0
0
0
0
0
0
305
0
0
0
0
0
0
14
81
0
0
0
0
0
12
1
0
5
111
9
55
0
3
4
484
0
0
27
532
0
3
0
7
0
0
206
42
12
4
3
0
419
53
0
4
199
0
38
2
65
57
0
0
132
7
661
11
0
34
0
0
3
54
0
464
0
0
0
0
0
0
0
1
0
350
12
106
0
6
0
3
1
0
29
878
0
1
81
610
0
0
30
0
0
0
317
2
0
2
40
8
0
0
0
0
40
0
0
1
1
215
0
0
0
14
0
1
0
0
0
3
0
0
0
0
0
30
0
223
3
2
237
11
0
19
0
45
109
35
73
0
0
41
0
174
0
0
0
0
109
8
4
10
0
10
0
50
0
0
2
0
316
144
250
4
45
2
22
0
1
0
0
0
0
2
1559
11
10
8
0
0
0
0
0
0
159
4
0
62
0
251
82
8
16
0
2
0
58
0
284
1
0
423
0
0
4
0
0
0
0
3
360
0
2
0
0
0
755
4
9
0
1
1149
0
0
4
45
1
0
19
0
6
0
81
61
1
0
3
154
0
0
2
0
232
22
119
0
15
0
3054
0
0
26
0
0
0
0
0
16
0
0
179
9
0
2
0
0
66
0
0
13
790
0
183
50
92
0
0
117
0
0
6
0
50
125
0
19
0
0
0
24
2
0
0
26
84
0
0
0
0
0
0
0
99
7
19
0
0
0
7
69
80
0
0
0
0
0
0
5
0
0
0
0
199
49
0
0
0
0
2
0
38
63
0
479
0
0
0
10
1
0
5
0
0
2
0
88
0
265
53
0
58
20
1
211
0
2
11
0
23
0
663
0
4
81
0
0
0
8
0
0
0
0
18
0
0
0
0
18
19
3
518
0
368
0
38
0
565
0
0
3
15
25
200
2
238
57
7
0
12
0
0
6
0
0
63
130
28
12
0
0
0
0
14
0
6
0
0
15
0
0
747
0
0
2
0
0
3
0
0
0
7
0
5
2219
63
0
5
0
8
0
175
1
0
0
0
0
0
56
3
0
0
0
8
59
185
55
7
1
52
0
186
0
0
0
0
0
0
0
1
0
0
23
79
186
0
693
0
28
38
1049
8
12
0
0
0
5
249
97
0
0
0
0
0
38
0
0
0
0
0
35
160
71
1237
5
0
44
409
356
0
0
0
1
30
0
70
0
175
0
0
53
0
0
0
10
0
212
0
212
8
77
0
12
533
29
0
43
0
1
0
1
6
0
5
0
0
0
13
0
7
0
10
0
219
184
74
0
0
0
0
0
17
58
2
19
12
0
0
1
470
5
36
13
0
0
0
0
494
0
5
0
14
65
0
0
1773
0
51
4
307
0
1
4
0
0
1327
0
199
0
0
0
131
2
0
2
84
0
310
518
4
0
0
8
983
0
0
0
49
4
0
12
0
0
0
53
0
0
1
92
21
33
9
0
18
46
1
0
0
5
3
0
0
338
8
1208
0
0
17
2
0
0
0
14
0
0
0
760
0
817
0
0
74
0
3
0
5
6
65
0
0
26
1
147
0
2
0
18
1
55
0
153
0
0
0
0
0
0
1
38
0
0
70
0
59
0
380
0
0
0
178
15
0
51
0
0
14
0
24
6
0
0
1
0
0
34
11
13
0
0
4
0
0
0
0
0
2
276
0
104
487
46
0
28
0
293
0
39
0
4
0
0
0
0
4
0
0
21
7
0
103
413
0
0
0
63
21
5
41
0
1081
11
29
0
0
0
0
0
52
49
85
0
0
0
0
43
5
0
54
0
74
79
0
0
0
23
20
0
1268
60
0
36
177
6
0
72
57
0
2548
810
11
40
137
212
80
0
0
105
0
56
851
0
30
1
0
8
1
0
0
0
0
0
5
10
1
0
0
0
11
0
0
0
0
3
0
56
0
28
0
15
0
0
0
1
0
0
0
0
0
113
0
179
17
3
7
0
116
0
0
0
0
0
2
0
34
0
0
45
0
10
6
0
5
42
0
162
249
2
0
146
0
0
20
30
1
0
3
0
0
0
211
0
0
0
0
3
8
70
0
0
0
25
0
0
197
15
0
1
77
8
0
0
0
0
23
27
0
53
0
0
0
0
0
0
2
0
126
2
5
154
0
0
0
12
0
0
398
0
0
0
0
0
0
0
29
1024
2
20
0
0
13
320
0
4
0
0
75
147
9
274
74
0
0
0
0
0
149
0
0
7
14
2
0
147
1
82
6
157
0
0
1
0
143
0
0
2
3
0
0
0
103
16
2
0
23
0
27
0
0
311
0
0
6
0
79
94
4
0
12
0
0
11
37
6
0
0
0
1
25
398
2
0
2
0
0
0
0
0
0
34
0
0
3
140
0
0
5
0
145
190
17
0
0
4
0
3
0
417
0
128
0
11
0
2
40
3
1
0
0
79
0
25
6
122
1
1861
0
0
18
184
347
11
12
3
9
388
0
159
0
49
11
15
1
0
19
258
1
0
197
2
124
1
0
0
0
0
0
12
4
135
0
3
0
15
0
12
0
0
219
0
3
31
0
183
107
0
421
315
0
1
0
0
0
387
66
0
2
0
0
0
0
1
0
153
13
2
0
8
0
709
0
4
8
0
130
0
0
0
0
42
0
57
28
12
0
48
172
0
11
0
105
449
468
0
72
0
0
4
5
12
0
94
5
69
0
0
18
75
14
0
40
0
0
194
0
6
4
0
0
0
6
0
0
0
4
9
0
1
0
2
1
5
0
11
0
87
6
8
24
0
4
185
3
0
0
8
69
0
0
1
0
0
47
3
0
6
0
0
0
0
0
3
2
1239
5
0
0
0
2
0
0
0
294
0
0
3
0
266
2
4
2
0
0
0
0
0
106
0
8
0
0
0
11
59
0
0
2
1297
142
1
1
0
0
0
0
19
111
22
0
118
0
210
55
0
0
17
1
13
4
0
0
0
0
0
38
0
1
3
30
50
0
0
69
85
0
4
0
0
0
3
4
0
0
2
0
35
2
2
12
84
0
283
0
5
49
0
51
0
0
2
20
4
0
0
0
0
0
21
3
51
0
116
36
0
220
127
29
67
0
50
78
37
0
2
8
7
0
184
1
0
193
0
1
0
2860
0
0
0
118
0
0
0
0
256
68
0
0
63
0
0
0
77
268
0
0
0
0
130
0
0
22
0
0
0
0
0
0
537
0
7
175
0
0
1025
0
0
380
0
38
3
28
50
0
0
0
4
351
176
0
152
101
0
0
94
121
4
0
0
0
0
0
457
27
1
0
0
8
402
27
16
1039
15
0
0
2
0
50
0
111
206
0
5
87
0
316
40
5
0
115
201
2
0
0
0
0
0
0
94
23
57
76
3
380
116
271
1
55
0
3
0
0
0
76
3
4
0
330
51
0
0
0
86
33
0
0
4
77
1343
113
44
0
0
4
350
5
0
0
0
0
0
7
0
393
135
0
0
0
14
50
8
8
0
0
0
0
0
104
0
17
64
20
0
23
0
2
78
4
812
0
0
19
26
488
1
5
14
0
0
0
0
0
0
0
0
3
12
163
0
121
0
14
0
10
0
2
87
256
23
0
0
0
0
5
6
50
3
14
22
60
153
9
4
0
0
0
0
190
8
34
0
0
113
0
291
0
139
0
1080
4
0
0
0
8
3
31
29
2
523
0
1
0
3
4
0
28
372
0
0
0
0
59
176
1
0
20
12
74
0
340
325
110
24
108
1
10
30
25
279
0
205
582
91
21
30
0
0
0
136
3
2
1
7
302
308
2066
703
0
180
0
134
0
1
2
0
0
0
1
24
0
0
0
1853
412
72
0
356
148
6
3
98
0
456
0
0
1
0
0
5
9
37
0
0
61
0
114
3
279
6
0
250
1442
0
25
43
0
464
2
35
4
0
164
5
5
12
0
0
0
0
0
0
0
25
139
21
0
0
6
35
752
0
2
7
98
16
116
3
1071
0
2
11
1
0
0
0
0
0
232
5
0
0
5
227
0
0
0
58
0
40
152
62
223
0
1
125
0
0
0
6
0
98
0
27
0
269
688
14
914
0
43
0
342
8
192
0
37
0
0
0
0
3
0
4
4
0
0
2
0
37
15
7
14
151
143
14
5411
246
123
0
268
0
0
0
0
0
0
17
0
0
0
0
62
57
10
11
0
13
3
0
205
7
176
0
19
70
1
0
40
0
1
0
0
9
6
0
16
0
0
166
2
0
0
37
1
274
646
0
0
0
161
3
1
107
23
102
35
0
282
0
173
5
0
0
0
49
0
60
0
0
58
0
0
0
3
0
0
3
4
137
6
10
33
0
17
0
0
226
0
0
0
0
44
0
0
26
5
0
0
53
18
128
0
0
383
0
0
247
0
0
0
0
0
0
0
4
46
1
0
0
19
0
224
0
0
0
0
0
0
0
2
9
389
0
0
3
0
0
0
19
1
0
0
0
0
35
0
81
7
0
165
0
0
15
0
0
10
83
0
0
795
0
0
1
0
1
13
203
0
24
0
196
122
3
0
39
0
1
0
3
1
3
3
0
0
0
65
4
0
36
11
19
0
2
250
120
0
0
2
0
338
0
0
0
39
20
858
2
0
40
0
0
2
19
1
30
0
0
0
0
0
184
5
0
757
0
51
0
121
0
3
54
0
66
705
0
579
3
0
0
0
373
0
0
118
0
23
0
2
3
0
507
6
0
11
0
5
0
0
57
0
0
119
0
0
0
0
0
6
0
17
34
52
2
0
12
5663
533
0
45
0
0
0
20
0
0
0
66
1
20
109
10
4662
0
0
0
449
2
0
0
0
0
0
62
63
9
4
0
48
0
0
10
212
0
0
0
0
5
240
1
0
3
0
1
12
0
0
0
0
187
12
89
0
0
0
0
4
0
0
0
0
8
0
0
0
58
5
0
62
2
0
2
0
0
0
0
0
0
0
0
1
2838
6
0
0
42
1
97
98
17
0
5
18141
0
0
0
32
11
0
0
0
0
0
0
0
0
0
83
0
0
0
24
0
0
0
0
0
0
1
0
0
0
7
0
0
0
17
2
1095
33
48
0
26
0
0
2
0
0
1469
496
328
27
10
0
1
161
3
137
2
58
238
18
77
95
14
0
46
19
5
0
0
0
8
0
0
30
0
1
0
0
41
5
74
4
118
1
156
1
0
0
0
132
54
0
0
0
0
55
9
95
0
18
0
8
25
23
0
0
0
4
0
3
0
0
0
0
2
0
0
1
24
61
0
1
0
794
0
0
1
946
126
0
883
0
4
0
0
1
90
0
0
455
4
0
419
0
0
51
12
0
0
0
4
0
73
0
3
3
0
0
0
146
6
0
0
0
0
0
3
0
0
0
0
6
0
0
61
0
0
0
0
11
0
0
46
9
5
0
138
0
0
144
3
0
17
0
0
0
0
27
0
0
0
6
0
0
3
2
0
0
3
2
0
2
0
15
18
0
0
2
0
0
0
299
0
85
0
0
2
0
0
0
0
0
60
29
0
1
0
7
0
130
0
0
0
9
180
5
0
0
359
0
0
433
80
0
0
3
1
0
138
0
0
0
176
0
0
0
125
1
8
131
0
0
0
0
0
0
0
0
0
0
0
51
58
0
0
0
0
0
0
0
0
0
0
31
0
13
0
4
0
0
0
0
0
0
0
0
2
0
0
0
5
0
0
5
0
0
0
71
0
52
0
0
3
38
4
2
0
67
0
773
0
173
0
0
0
0
0
57
0
3
0
0
0
0
0
0
3
0
0
0
1
407
3
0
0
102
0
0
0
0
0
0
0
4
0
0
54
0
195
77
8
0
0
0
0
37
0
0
2
28
1
0
0
0
0
0
0
0
0
2
1
0
0
0
0
5
0
18
124
17
0
0
0
0
17
0
0
0
441
0
0
0
5
14
0
12
0
1
0
0
0
0
9
0
0
0
2
184
77
1
56
4
0
0
0
0
0
0
0
2
273
29
63
0
8
0
1634
264
0
2
122
0
4
0
0
2
0
10
0
0
0
0
9
201
0
69
10
0
25
5
264
0
0
1
1
0
1238
0
0
0
0
0
0
37
1
0
0
111
13
0
0
0
2891
2
6
810
0
6293
0
0
1
0
0
0
0
33
0
0
0
0
7
0
1
2
0
109
0
246
0
5
80
0
230
0
18
0
0
0
12
0
0
1558
0
0
0
0
0
0
0
0
2
54
0
0
5
0
0
510
0
467
0
0
3
0
49
38
1
78
0
0
304
0
9
0
0
0
0
33
0
3
0
0
0
0
1420
72
0
343
19
0
0
0
0
0
81
0
50
0
8
11
0
354
0
2
198
0
0
0
0
5
0
0
0
67
202
12
0
0
0
0
0
0
0
0
6
203
0
0
0
0
2
0
0
0
2
0
408
0
0
0
0
0
0
0
0
0
0
0
1
0
9
145
6018
13
0
0
0
0
149
0
0
14
0
0
0
0
0
0
19
0
172
26
0
0
16
5
0
0
0
587
0
0
153
0
0
26
12
0
0
60
0
20
0
0
143
92
57
3
0
10
0
9
0
5
1
19
0
247
0
1114
0
0
192
12
143
29
28
0
0
0
26
4
0
124
2
0
429
0
0
0
62
0
53
0
0
0
0
2
75
1005
132
9
0
0
0
0
0
1420
71
111
0
89
0
0
0
46
367
0
0
8
0
12
0
123
0
0
48
10
0
0
0
30
2
233
211
65
25
203
0
2
3
186
0
322
0
0
131
3
7
0
2
47
0
0
7
0
3
29
0
29
928
0
0
468
9
0
28
3825
0
56
109
0
0
2
22
6
0
0
0
1
0
0
3
21
16
33036
140
4
252
0
9
357
27
0
25
0
0
0
1
0
53
31
90
20
0
0
212
235
35
0
0
510
7
4
0
119
0
58
93
124
4
0
130
0
43
0
2
0
1
66
0
12
1
372
27
0
2
252
13
28
70
33
0
0
124
203
6484
0
0
17222
39
1062
0
1
0
0
196
120
0
32
27
28
0
4
0
496
0
99
0
3
3127
6
31
133
0
0
6
21
0
25
137
629
8
41
523
0
3
9
19
53
0
565
50
1
47
132
0
3
4
531
2
3
0
3
0
0
2
0
0
0
235
13
379
161
749
350
0
45
248
0
38
3
270
0
54
7
28
3
8
0
29
0
665
702
3627
0
1
62
3
2
1
59
0
0
3
33
0
513
2
29
0
147
146
23
1
2
4
11
0
0
0
119
0
92
1
0
5
0
19
21
7
612
0
914
37
0
151
24
0
91
2
102
0
329
0
0
0
3
124
31
29
0
4
1927
0
245
0
0
169
197
48
0
0
178
62
4
422
0
40
0
55
45
0
0
2025
0
1
433
59
53
15
279
1
4
236
26
8
352
0
5
24
6
19
593
10
125
2
293
34
7
259
3
2
120
0
1
9
0
1
0
128
25
378
78
0
0
0
0
56
318
66
105
221
13
46
0
0
0
65
71
83
0
0
39
32
0
13
4
272
244
0
0
165
0
45
11
10
2
0
1
2
9
202
4
0
178
0
9
76
45
0
6
0
228
42
27
0
0
74
6
60
0
0
0
0
1
19
17
228
33
0
3
4
3
0
0
568
674
12
0
0
0
108
197
75
70
418
851
2
2
0
34
0
0
127
7
38
73
64
58
4
1
19
409
16
0
95
0
4
230
0
5383
1
19
73
0
0
423
0
0
0
46
0
50
23
6
0
263
6
13
13
4
12
755
0
0
43
87
3
0
15
36
0
2
69
360
0
0
1
0
0
2
2093
1
16
0
2
0
0
0
31
55
242
0
32
0
0
2
306
0
0
0
48
773
9
0
0
0
16
30
0
42
16
0
0
554
65
0
0
59
49
0
1
22
1
691
66
196
1032
0
6
0
185
0
0
2
0
5
1
25
0
3
247
0
8
21
2
17
114
29
6
0
0
2
0
2
0
0
265
37
0
246
3
0
0
349
110
24
451
9
121
23
9
910
0
2
0
11
0
23
40
2
47
64
5
0
90
1
4
83
0
450
0
0
64
45
138
23
3
0
1643
0
0
0
73
0
0
616
0
70
370
485
0
243
0
99
0
0
146
15
80
4530
0
1
0
499
0
382
35
119
0
40
94
0
85
0
0
1
0
0
149
0
67
0
0
0
0
201
358
27
0
0
0
0
0
0
0
0
0
198
366
0
0
6
0
0
277
0
0
9
0
0
0
50
9
743
18
0
53
1
6
444
139
10
5
0
24
5
0
5
20
3378
3
0
0
165
0
2
71
0
112
0
748
16
3
18
0
1
620
0
0
0
21
24
374
0
0
58
315
65
2
14
44
0
0
0
4139
33
0
127
29
8
112
1
95
0
81
14
0
2
0
81
0
0
473
33
0
57
0
0
0
65
846
2
7
0
0
89
74
4
0
67
3
26
144
210
0
2
45
0
1
3
2
1
0
882
23
25
1
0
0
3
1001
57
116
322
0
1
26
18
7
177
22
0
8
1
0
0
1
74
0
0
0
39
2
34
241
1
0
731
0
325
5
144
0
165
0
34
5
241
0
278
8
173
0
6
0
1039
135
50
0
3065
44
0
413
0
3
0
2
0
0
177
77
0
287
0
6
12
0
0
0
378
173
0
7
0
109
24
2
0
0
0
19
0
0
2
76
0
0
0
1
1
36
0
0
0
289
18
5
0
388
0
17
9
22
0
0
4
50
0
0
92
0
0
0
0
0
64
5
0
0
61
0
0
15
0
0
4
2
5
0
100
44
130
0
4
3
7
20
0
12
0
0
0
0
9
5
0
16
0
0
4
0
0
0
0
8
0
0
15
0
0
2
0
0
0
0
57
0
1
0
9
25
5
0
0
2
0
26
4696
0
0
0
0
8
22
38
40
0
0
306
18
0
1211
71
1
50
5
13
3
124
1
0
107
2855
9
0
0
4
0
0
1341
57
211
0
0
90
0
24
71
4
101
29
27
34
0
32
105
84
0
0
100
371
6
0
34
1
0
469
3
405
1553
0
0
298
80
0
9
7
528
11
53
163
76
6
194
6
0
86
280
62
1
0
0
893
11
1
0
0
0
0
0
0
22
0
11
29
33
35
15
7
0
0
16
56
47
1
0
25
208
7
30
0
37
2
0
3
94
0
196
4
0
0
7
3230
0
0
671
0
3
0
0
2
20
11
604
0
623
0
45
298
16
0
9
0
0
0
377
0
0
4
2
629
5
0
751
25
1
0
95
2
7
226
0
11
88
71
0
11
230
3
2
0
0
0
0
17
55
1
95
10
0
0
192
949
7
3271
1
31
0
117
3
64
0
0
24
18
6
0
2
2
0
0
0
42
117
81
0
130
198
129
120
148
149
0
4
734
0
0
0
0
222
195
6
0
0
1
0
1
0
0
0
0
0
1
0
0
82
279
169
9
2
6
0
196
0
0
0
0
1
0
28
0
22
0
10
0
2
0
2
37
134
48
0
0
0
1
669
225
0
0
0
0
21
0
9
0
260
2
3
14
124
0
125
9
0
18
0
28
3
50
0
0
0
0
25
25
47
0
0
3
15
0
220
0
13
0
4
0
0
136
7
0
17
0
0
29
0
97
11
620
0
0
0
49
468
0
1
0
0
0
0
64
0
8
159
0
3
0
0
0
23
0
0
41
55
417
0
127
685
194
0
21
7
649
4
664
0
3
0
0
4
21
211
208
0
0
0
0
6
0
0
0
0
0
0
0
0
350
37
0
1
48
131
0
1
3
0
10
0
12
0
39
2
58
22
0
14
6
0
1
0
0
2
0
0
7
1
55
0
4
4
53
7
97
0
26
3
0
0
0
0
0
0
23
0
0
45
0
0
0
8
0
7
17
0
2
47
0
70
0
7
25
115
6
0
201
18
5
9
13
26
0
7
0
8
0
3
2
3
0
2
12
0
0
0
7
107
185
64
0
0
10
3
50
0
515
0
208
65
393
0
0
1626
644
0
0
0
154
2
0
4
23
1
0
0
13
0
171
0
0
312
1
176
0
4
9070
55
3
28
0
34
0
0
18
309
0
42
0
0
43
0
38
0
0
379
0
0
37
0
369
2
1
2
203
12
17
0
0
221
210
4
0
102
0
524
0
5
38
234
16
16
0
0
0
0
0
315
13
0
806
77
0
5
501
0
6
3
4
0
0
0
61
19
165
4
152
1282
28
308
0
324
0
3
701
0
0
9
16
0
0
5
0
19
2
0
2
718
0
1321
0
129
51
9
461
0
0
56
0
50
165
0
86
72
148
8
102
0
0
0
14
145
4
0
0
16
111
3
0
0
0
8
59
2
83
1763
16
60
27
25
2108
27
1
35
10
129
0
0
100
498
56
0
206
203
18
0
5
2
3
104
231
120
19
227
4
1
2
0
0
125
3
0
0
88
28
0
9
37
0
241
133
103
134
0
13
19
9
0
0
0
50
5
23
207
13
0
0
4
18
343
7
25
0
3
616
0
234
25
0
1
0
1810
0
475
375
30
0
20
591
32
158
10
1
22
0
482
0
193
0
0
3
0
2
116
0
402
100
414
55
1481
17
3
0
216
0
0
0
0
29
2
197
81
0
30
24
49
317
0
0
53
34
0
0
107
96
85
77
0
0
24
765
0
0
5
1
0
3
97
4
4
32
30
2
194
5
0
0
11
0
28
0
0
0
0
23
0
19
2
12
0
603
0
12
0
0
2
0
9
0
212
1
0
0
9
0
1
0
0
41
24
1
40
27
122
0
1
0
0
70
49
11
1021
28
0
0
22
0
42
0
203
66
4
3
96
32
0
309
39
323
3
144
0
0
1
0
1
15
18
988
20
4
2
178
574
0
73
0
4
0
668
280
539
176
117
0
199
179
0
0
0
65
10
0
45
0
99
234
104
0
60
0
135
127
397
71
0
49
634
0
1
2
0
91
0
0
0
17
4
0
0
1
0
0
7
0
3
17
454
96
15
2
20
498
21
598
0
0
172
0
17
1
0
0
416
55
10
356
3562
2
117
5
0
124
424
2
0
17
0
0
66
0
31
2
3
23
11
42
0
14
1237
34
0
0
45
15
0
0
0
0
252
0
7
0
0
0
153
698
6
187
75
0
21
0
0
26
38
85
1
125
131
0
250
10
54
1
0
8
0
0
0
109
0
291
20
75
3
25
110
7
0
0
0
0
0
0
2
48
665
0
2
1
0
5
5
0
0
10
13
171
0
513
21
156
104
0
5
25
519
123
120
124
2
0
0
0
114
0
0
0
2420
0
1274
35
4
0
251
10
31
46
0
2
66
28
149
145
0
0
0
57
3
0
0
0
68
3
0
13
0
0
0
2
491
39
0
104
0
3313
0
53
18
5
0
27
0
0
0
123
1
0
0
0
172
0
430
104
0
155
3
3
18
336
543
44
0
0
5
9
0
0
0
4
269
0
5
2
17
39
3
0
75
15
63
0
70
0
24
0
0
5
0
2032
0
4
0
0
0
13
0
0
0
831
0
1
11
14
173
0
3
0
85
0
80
0
10
19
2
687
94
21
6
0
0
0
0
0
46
52
28
0
14
0
0
11
260
0
37
36
0
0
87
2
49
309
447
40
26
0
38
50
0
147
0
7
5
1551
0
21
187
0
584
2
0
49
59
0
10
50
0
11
1
2
53
19
0
2
0
1015
0
0
3
56
0
1
0
0
724
107
7
378
3
1
466
3
11
0
53
98
0
14
255
0
20
26
75
137
30
330
0
0
8
0
9
311
157
28
290
181
153
310
3
1661
82
1
0
0
347
67
248
0
0
4
1
188
0
314
9
143
300
0
0
93
0
0
13
28
761
4
0
9
77
0
11
94
4
4
2
56
2
498
30
0
0
125
4
1
2
0
0
18
8
10
16
42
66
0
292
1
0
96
144
0
3
0
0
0
492
0
76
0
91
0
81
112
316
0
78
0
0
0
1
0
0
0
0
4
87
0
1781
0
91
0
27
290
127
0
12
6
252
25
3
40
0
0
0
149
76
0
0
40
0
41
0
12
0
297
0
290
807
3
10
17
72
0
0
0
0
86
13
7
0
6
0
0
0
0
0
1
188
57
5
0
41
11
0
4
0
34
5
3
0
18
52
1
40
0
0
37
0
0
0
47
0
8
27
0
20
71
0
5
0
97
0
0
0
0
3
32
36
0
0
347
7
627
2
1085
22
12
9
11
93
378
0
0
0
0
484
317
43
75
277
1
25
138
0
0
0
0
76
3
36
15
0
0
80
0
26
8
0
7
174
24
1
487
0
693
23
0
2896
11
7
0
314
0
0
2617
164
2
0
62
29
10
4
8
0
63
170
1679
171
0
5
0
1
11
1191
2512
5
49
2
676
0
97
136
4
3
278
0
17
1
8
90
26
381
62
142
0
1
15
18
30
8
0
0
0
27
28
3
51
17
0
0
0
47
123
508
2
16
27
0
269
3
117
1364
45
7
467
130
47
68
0
42
8
104
13
0
15
0
0
6
0
318
0
16
0
0
669
12
0
0
96
1
15
0
60
0
136
0
255
0
823
0
0
0
3
3
1
0
82
3796
48
415
38
279
0
184
1
199
179
10
25
0
40
2
8
0
19
0
17
0
0
27
50
715
8
11
0
0
1
216
65
36
0
28
1133
336
28
0
1
3
75
13
0
123
0
8
571
83
5
395
72
27
0
1
574
3
0
0
0
4
0
1
0
65
1
0
49
198
2
0
1
298
105
368
17
555
86
608
0
421
0
0
41
35
15
4
0
27
89
2
0
0
78
0
506
4
55
0
0
2326
0
0
3
6
0
14
0
91
118
420
0
18
0
0
49
78
0
450
1511
0
49
66
0
0
0
30
60
46
0
1
0
118
24
3236
8
183
47
0
69
0
85
7
37
54
0
24
0
0
1936
0
21
10
0
17
1152
123
17
14
0
0
0
0
1
0
50
305
0
7
5
6
0
0
30
484
0
0
14
18
39
0
0
3
10
1
1760
80
0
13
39
0
14
0
0
0
511
246
12
133
1
270
23
0
138
215
1
0
3
1660
0
103
0
0
2
0
245
0
0
21
0
0
0
0
13
22
199
27
26
0
0
0
239
0
0
5
55
1
0
0
0
0
0
232
0
0
0
0
30
0
0
0
0
1084
5
0
4
24
0
0
2
68
0
3
171
0
0
0
366
34
606
0
0
3
12
152
87
0
15
118
4
0
0
226
0
0
4
0
1789
0
2
37
13
0
0
0
8
4
16
14
7
34
410
0
1
115
40
0
3
4
60
292
5
26
1
125
53
7
127
12
0
27
5
5
0
355
0
2
0
2
149
146
29
319
0
61
1033
103
0
70
0
250
0
614
1
12
0
0
38
819
0
69
9
0
3
77
0
0
0
78
43
0
4
67
55
53
33
0
2
153
0
7
457
137
0
0
0
24
13
218
67
0
56
0
7
0
0
0
0
0
0
0
1
78
20
0
0
0
320
33
0
33
6
2
1
205
15
3
0
6
12
717
23
725
0
0
0
4
0
546
0
0
3
37
82
0
0
19
1
0
0
304
16
0
0
358
0
17
1
2
17
0
14
2
0
33
1
0
7
104
4
178
355
0
13
0
0
4
53
2
237
646
0
61
4
0
4
6
0
327
0
23
5
1
274
9
0
17
0
4
12
36
2
2
130
2
0
0
29
0
0
0
573
261
58
114
0
0
0
4
144
0
28
302
0
0
2
5
0
0
143
27
0
280
30
85
11
0
5
0
392
2
5
0
3
16
16
7
0
89
236
131
1
361
274
0
0
0
23
126
1674
741
0
6
827
0
132
0
0
0
7
129
27
209
0
1
2
0
0
0
6
2
0
0
393
0
0
0
31
0
0
13
0
0
0
380
0
55
101
0
81
0
8
1
0
52
0
2
3
129
45
492
0
61
0
5
0
0
0
0
10
0
8
0
6
0
110
0
0
0
42
0
462
49
1926
0
11
11
252
8
384
0
39
0
2
0
148
0
82
0
0
441
0
15
0
0
0
3
518
413
374
25
4
0
0
0
14
0
15
0
3
110
82
81
0
0
5
3
161
189
45
733
2
19
0
14
38
0
350
0
173
0
0
314
0
10
157
198
0
17
0
78
2
573
30
9
24
0
5
0
0
0
41
217
40
11
365
299
341
0
207
41
136
5
0
6717
6
95
8
247
191
62
2194
0
340
20
67
9
74
0
1080
3
5
42
14
0
160
34
5
288
0
0
8
648
0
41
8
87
109
1
2
0
0
0
0
0
93
13
78
1
758
0
0
0
6
34
576
29
13
631
0
16650
8
0
12
0
4
1
3
0
8
0
83
335
78
0
44
448
677
0
43
78
185
4
126
0
0
348
29
0
0
0
0
16
1
0
219
0
8
30
846
16
174
58
0
181
997
2068
62
27
0
430
1015
4
0
17
18
872
0
0
150
11
0
3
4
0
0
160
9
830
0
1
76
0
17
0
509
37
0
0
1
8
106
14
0
3
97
0
0
2
23
27
466
63
196
2084
0
0
0
299
0
0
0
4
0
38
0
0
1395
18
168
0
933
400
73
79
8
639
0
0
2
0
479
0
0
0
15
0
0
0
0
47
74
9
0
0
0
414
11
0
82
2469
0
445
3
2
9
0
0
0
293
20
1
0
19
0
0
37
0
2
0
14
870
14
0
74
518
0
0
53
13
0
124
642
15
4
33
0
4
0
0
4
69
0
0
10
115
13
0
198
0
3919
57
0
4
381
0
19
77
11
0
205
76
164
1601
67
0
6
85
0
15
1
0
8
12
0
940
0
4
8
13
0
26
3
2
2
1
4
0
40
9
0
0
133
0
159
0
0
0
2
1594
11
9
26
12
0
519
0
0
96
0
3
184
108
0
0
32
8
53
186
0
251
26
0
27
118
435
229
27
0
13
0
0
0
0
13
0
13
0
4
0
0
29
58
764
1
0
0
276
467
226
30
255
12
62
18
0
124
0
0
13
0
0
0
52
18
0
373
26
0
0
0
0
3
123
0
27
0
0
0
103
17
93
34
825
145
246
0
16
101
15
2
0
0
0
8
0
48
2
0
0
4
88
188
0
0
0
0
152
0
0
4
0
97
179
0
94
0
15
704
0
74
26
3
0
12
0
19
1
0
1
3
22
395
1179
175
95
162
0
10
359
445
0
534
91
9
1
103
645
6
640
2
23
26
0
0
0
92
85
285
8
117
284
0
1
0
174
0
0
3
52
5
292
38
0
4
1
121
73
11
4
0
5
4
250
0
238
396
3
0
156
0
152
1
11
0
1
268
166
2053
0
146
0
161
136
376
0
0
8
0
0
0
698
0
8
140
0
15
143
75
30
40
258
19
0
35
58
1191
0
0
0
58
0
29
1029
74
0
96
5
220
2
10
3
53
127
4
0
4
90
215
0
7
0
48
26
0
0
14
0
0
0
0
0
57
0
3822
0
0
6
2002
2
21
2
0
0
0
74
0
0
18
277
15
2
69
73
292
24
0
3561
191
2
0
2
1
128
2
0
60
0
0
0
51
22
0
170
0
14
1
17
0
23
0
137
0
28
1167
36
156
0
88
0
49
0
60
7
136
0
0
0
0
28
174
53
0
5
227
86
322
0
67
9
166
58
20
1
0
21
0
6
2
0
0
229
0
0
197
0
18
0
1250
6
0
0
2
43
0
0
0
39
282
30
0
154
101
32
0
0
0
80
0
0
126
73
9
1
0
148
0
11
14
0
3
37
69
0
15
23
2
69
0
108
7
0
0
0
0
81
1
32
0
104
93
0
0
452
1
208
0
114
12
0
26
13
13
61
149
2
0
0
21
0
0
41
0
292
102
3330
0
12
9
230
163
10
0
13
0
27
70
2
0
0
0
0
26
0
0
414
20
0
2526
436
0
0
0
0
265
0
334
0
816
48
0
0
2138
14
0
0
26
835
14
2
0
18
7
3
641
2496
0
1285
0
0
903
44
483
24
0
0
0
997
833
11
224
0
35
0
0
9
280
112
0
0
0
1407
377
6
15
0
0
3
1
32
24
1013
4
72
0
1
0
0
0
0
12
30
0
111
3
2
0
0
63
2
7
0
21
0
26
2
147
7
3
3597
3
2
0
67
19
0
237
351
1
17
39
4
407
46
0
0
45
34
22
331
0
0
7
0
0
7
12
87
200
0
0
73
377
147
36
2
84
74
118
37
0
28
23
46
0
1
18
112
179
2
523
2
31
682
151
133
0
151
0
552
42
0
0
221
182
2
152
5
14
0
6
0
1
1
0
0
67
462
125
12
0
0
4
0
84
33
1982
0
3
3
6
0
0
84
897
0
1
14
0
177
0
0
194
630
0
9
0
0
67
89
40
182
11
68
3
1
110
0
1
91
0
4
41
34
0
0
404
10
0
3
0
40
0
54
68
0
0
23
47
9
0
46
18
65
0
2
4
0
0
0
186
3
0
94
46
42
0
70
0
47
0
248
15
33
3
6
6
4
832
65
0
4
0
0
5
0
0
124
0
94
250
2
285
0
69
324
0
0
0
1
341
4
43
0
11
2
4
452
151
0
193
8
29
67
33
0
0
363
0
2
0
107
1031
0
68
335
196
520
3
0
0
0
58
13
986
0
19
0
2
339
43
7
70
0
54
1
290
0
0
5
0
0
0
289
159
11
18
578
6
0
0
0
85
298
3
0
31
0
5
56
47
357
2
53
0
28
189
21
29
0
0
0
56
0
0
0
736
5
46
102
0
5
0
0
11
35
181
0
0
193
106
208
0
0
470
223
629
3
19
147
0
1
0
0
42
0
75
18
0
0
0
8
0
526
726
0
9
35
217
191
25
4
0
29
61
3
28
9
247
81
32
0
45
12
3
2
0
0
387
47
21
0
20
0
0
156
0
0
173
0
0
0
3
0
10
0
0
47
4
2
234
47
3
766
5
0
6
212
0
10
0
49
0
0
6
0
9
0
408
85
0
0
2310
0
0
0
59
479
1
98
8
0
3
0
0
477
49
15
0
0
8
0
1
0
35
5
190
24
0
2
0
0
0
0
4374
1
8
0
457
0
90
0
0
699
181
96
3753
74
0
120
0
17
0
17
33
0
53
0
1049
0
0
115
0
118
0
6
12
73
26
0
0
11
328
940
179
8
0
0
119
0
0
0
70
1
8
0
7
0
3
136
35
821
12
0
0
3
55
86
50
2187
5
33
0
84
26
580
36
77
4
779
0
90
32
2
128
880
5
0
103
289
66
158
2
0
0
0
53
213
15
51
5
7
299
5
6
489
33
115
4
0
1112
0
67
2
3
498
24
51
1
142
0
3
3305
10
0
0
33
0
33
121
0
215
419
430
588
0
0
22
0
10
75
323
46
6
2
16
346
17
0
4
8
3
1
3
0
0
3500
2
0
0
500
0
36
0
8
126
0
0
3
3
9
2
0
24
43
58
107
3
1
84
90
159
1024
108
113
0
68
0
4
66
0
46
0
63
264
0
9
30
0
0
49
14
6
26
7
0
5
0
0
0
0
2
282
0
0
0
246
3
22
0
383
0
48
32
60
1
0
46
0
362
0
617
24
0
3
262
0
142
6
1
0
291
0
96
82
2499
3
0
0
0
7
708
0
23
0
3222
3
0
0
0
1953
0
637
0
4
130
0
0
0
299
0
32
0
32
0
11
37
0
111
0
11469
0
2
2
0
0
0
44
0
0
2
2
0
5
0
4
160
0
267
0
17
0
0
502
211
0
2
0
0
21
0
153
5
0
0
183
1
0
59
0
27
0
0
36
0
2
55
33
0
14
8
7
0
0
0
0
0
102
0
0
3
0
139
16
0
249
0
0
2
12
66
3
2
0
32
3
1
0
9
17
0
0
33
201
0
2
120
1
109
0
2
328
7520
1
0
0
3
1056
0
60
0
8
0
0
2
3
33
22
0
17
0
34
0
5
78
15
103
5
0
40
0
5
269
0
2
126
1077
0
98
0
0
27
18
0
17
0
0
231
81
122
0
58
0
0
0
2
808
0
90
0
0
6
3
1
0
0
16
0
745
10
0
33
0
0
192
49
0
107
222
0
2
22
0
6
1
400
0
0
19
3
5
258
0
11
0
577
0
44
3
176
0
0
41
0
382
0
5
15
0
0
18
0
392
0
0
23
0
6
106
99
80
16
0
0
195
0
30
1
217
171
718
0
12
8
572
170
0
0
0
100
20
34
4
22
126
46
218
223
63
1137
44
0
0
14
0
33
4
0
103
0
13
15
1
10566
0
10
2
6
137
0
0
204
0
96
3
9
0
0
4
273
0
25
0
0
0
2
13
19
0
381
9
20
0
122
13
0
3
5
120
0
15
0
5
10
0
1134
19
0
8
629
14
67
11
0
0
0
436
3
0
0
41
0
0
0
0
109
1433
565
0
0
0
0
59
0
6
0
0
34
0
13
17
0
0
0
124
14
0
4
2
69
642
307
49
0
7
7
0
0
5
219
374
264
8
7
19
0
0
2
22
0
0
0
0
0
0
0
0
0
1
0
0
8099
3
21
33
7
41
12
387
348
134
0
0
0
186
0
101
213
0
0
0
112
1172
47
0
3
114
0
6
190
0
10
9
0
2
4
18
0
7
0
3
2
0
13
131
77
2
184
37
73
105
931
5
190
0
0
13
8
73
196
1155
1206
0
9
18
3
65
8
83
0
66
81
0
106
3
72
0
0
103
0
1516
4
0
3
1
2
0
16
5
8
25
0
213
3
245
354
131
52
0
18
14
10
281
1202
348
0
1
797
14
112
1
1384
2
0
3277
0
0
4
0
0
22
5
0
124
0
0
226
0
0
2
136
16
27
3
0
0
126
0
69
405
54
0
0
506
10
3033
6
20
0
85
109
9
0
137
41
29
73
0
4
107
0
5
0
0
380
2432
7
33
187
2319
0
0
258
0
0
360
69
3
231
4
378
3
0
0
357
2
25
0
0
188
0
37
0
0
0
873
39
0
23
40
6
14
1261
13
0
1267
2
3
2
1
135
5
1
238
0
0
29
594
114
0
318
8
176
17
18
11
0
39
0
79
22
105
0
0
0
0
517
0
0
222
236
0
0
21
4
32
0
473
51
58
179
0
2
1368
378
0
122
2
0
160
58
62
0
0
29
23
0
4
2
0
71
0
12
2
285
16
0
0
0
13
20
484
86
0
144
28
0
22
18
6
6
1398
0
0
147
183
45
0
92
0
536
11
24
0
102
3
0
0
81
46
0
557
126
0
14
139
18
42
167
17
10
1
76
3
35
16
0
2
0
0
0
0
8
0
1144
399
33
16
1
0
0
1499
19
84
33
18
0
276
0
0
35
0
110
34
596
26
0
52
48
293
0
30
64
0
7
0
0
0
0
19
972
314
0
15
138
56
177
6
0
3
17
16
1308
0
0
0
27
57
0
37
0
0
24
13
0
111
544
943
0
429
0
20
0
1
1
0
0
798
8
432
1197
292
4
151
0
347
5
273
0
34
0
9
3
119
1426
613
308
0
126
0
7
4
20
11
77
197
1
578
18
16
12
0
50
16
39
40
30
0
373
145
0
43
0
2
192
18
900
270
344
122
1064
8
0
0
0
1
7
42
568
0
38
242
0
60
0
0
4
533
5
0
0
0
0
5
0
33
135
866
0
13
437
46
0
329
94
0
5
1487
16
11
18
0
0
964
0
385
337
34
84
58
0
10
0
3
27
0
0
4
47
0
0
0
58
3
36
0
1
2
163
0
0
0
35
2
17
0
0
667
3
2
7
78
11
0
0
9
237
0
63
0
188
13
46
59
386
494
2
25
0
0
0
30
61
57
8
0
0
35
1
0
0
0
0
79
51
1
5
1315
0
28
0
109
23
342
0
0
74
0
154
79
67
0
0
0
20
45
0
5
0
0
20
37
0
0
226
0
112
0
131
0
237
979
0
0
37
745
0
4
239
0
43
446
11
1329
85
0
0
23
0
69
138
181
1
2
0
15
18
3
624
137
2
0
52
0
0
12
0
107
1050
32
1210
295
1411
43
155
400
553
572
8
1
24
53
20
155
0
887
1
0
0
0
15
3
12
3
7
1
8
3
0
10
242
132
0
13
0
117
0
22
1
19
4
15
0
125
30
31
40
19
7
24
0
40
263
0
225
6
70
0
187
176
32
0
35
3
0
0
0
8
112
9
231
4
13
15
71
124
6
183
1186
113
0
0
140
19
0
54
0
108
1
75
0
0
0
0
65
11
40
0
1055
126
26
14
81
4
0
180
395
2
0
0
187
1
62
5
0
1873
33
5
276
36
103
0
3
148
6
30
643
15
0
80
9
100
0
3
74
0
3
0
45
0
3
1
14
56
0
90
1
13
9
81
33
2
0
65
0
4228
129
0
6
103
0
0
0
95
138
209
0
3
57
17
0
0
0
49
1264
40
0
72
0
1
41
28
50
30
0
1189
195
116
0
7
48
28
0
31
39
78
46
2
0
16
0
0
950
0
0
39
6
2936
116
0
1
0
1914
220
97
64
0
0
0
0
78
0
6
79
48
226
1112
5
997
2
405
0
0
0
0
1009
0
0
0
0
0
72
1
70
0
361
17
0
0
130
0
293
16
10
0
0
2
975
8
0
0
1
0
4
8
62
1
73
3
281
27
48
612
0
2
8
0
0
14
228
0
420
3
0
0
0
1448
5
0
0
13
279
23
0
0
44
37
0
8
34
2
1
28
0
28
653
0
1
640
4
0
0
204
0
0
0
119
0
0
374
0
1
0
0
180
0
24
4
0
0
6
0
3216
5
0
2
0
705
3
251
0
0
102
214
0
0
53
0
3
0
0
317
0
0
86
2
0
45
83
2
2
0
2360
21
10
0
2
18
0
151
149
0
12
227
89
16
57
4
0
2
1
0
53
2
0
0
0
1
40
74
64
33
0
1
216
676
0
0
0
14
186
3
415
521
0
0
54
18
0
27
22
728
1
1
60
172
2
13
2
20
0
0
3
4
40
9
9
0
13
18
145
124
0
200
0
921
0
0
0
2
77
43
492
62
0
0
68
398
6
2
3
12
7
0
12
2
28
9
158
0
0
74
343
0
0
1201
102
557
0
0
6
0
17
1
1482
0
3
0
0
0
0
571
136
0
20
84
10
40
166
1733
90
35
5
0
4
0
0
200
2
272
6
308
22
58
224
104
0
0
2
0
14
8
5
72
0
0
638
0
2
213
0
493
0
0
506
453
5
241
270
0
16
11
160
1
107
0
1
0
199
0
0
50
0
3
2971
5
45
103
0
482
0
0
0
2056
92
300
111
216
10
19
66
0
132
17
10
12
276
31
9
0
0
19
0
4
108
19
1
0
4
10
0
0
85
25
5
42
20
41
296
76
11
0
0
1
91
366
48
0
1877
0
1
112
1
4
0
14
3
263
0
30
4
0
5
946
38
26
237
61
0
0
11
14
6
154
411
4
222
0
1
0
0
0
0
1
40
320
1
19
17
48
0
18
0
183
6
60
5
0
2
139
0
47
197
0
0
431
110
6
0
1146
0
116
7
18
0
118
0
3
0
0
113
0
8
0
2
186
0
40
49
0
2
26
3
200
147
0
155
76
4
0
17
330
0
16
0
0
22
0
0
0
274
4
44
27
2
326
6
102
261
60
25
93
0
2
62
4
3
0
0
0
360
49
1
399
0
30
26
47
37
0
50
56
130
51
0
81
2
0
219
0
0
0
736
38
0
284
333
0
0
1
262
1
123
0
0
0
0
32
0
0
17
0
6
123
0
0
0
0
9
11
781
62
1
0
0
23
5
82
0
41
64
0
0
26
6
0
0
3
46
0
6
30
0
0
0
0
345
0
5
10
7
0
0
0
66
437
4292
0
0
155
45
5
2
407
1
3
2
105
16
73
1
40
0
0
88
64
0
0
67
0
0
0
255
40
0
2
0
19
8
0
0
2
32
110
185
0
20
79
30
0
1
63
2
1
57
3
0
176
0
15
40
5
178
0
54
1
0
8
0
0
0
4
0
4
1
0
0
2867
0
205
0
0
0
59
70
187
381
0
0
19
5
0
51
65
0
281
1
67
27
7
152
0
0
1075
0
0
7
0
5
33
4
22
0
0
1924
88
0
1023
2
0
415
395
9
0
0
735
0
29
1019
1
4
6
1822
104
51
0
62
42
0
0
0
0
1
227
98
0
1700
0
190
4
2
0
1
0
35
353
1
0
115
146
145
0
0
304
50
4
0
191
436
4
82
0
0
0
190
61
173
19
82
1
2
4
26
8
0
14
0
0
153
0
218
0
66
0
0
0
88
7202
0
66
1
30
114
6
5
155
45
3
9
0
0
0
1
0
0
97
0
0
0
0
3
34
5
113
63
0
0
1
0
0
0
64
1
1
0
18
0
459
0
0
0
3
0
42
35
0
0
0
483
99
3
0
0
0
46
0
4
21
2
0
24
2
71
48
0
14
0
0
49
0
0
20
0
1
0
9
0
21
0
0
0
0
144
33
4
28
0
1
14
0
55
0
168
13
103
259
0
0
0
0
8
2
1
0
0
0
14
85
0
2
0
89
0
37
0
395
3
4
67
14
0
0
36
39
2
0
0
0
0
0
34
0
139
4
1
664
129
10
27
49
0
0
66
2
243
15
12
4
83
1
0
35
19
2
3
4925
12
0
48
0
0
0
59
32
3
1
53
0
0
0
33
0
0
0
243
0
0
1
0
0
4
40
0
653
9
0
24
264
0
29
22
53
0
41
4
7
0
0
8
68
0
1
154
5
0
0
0
6
1
0
0
319
69
0
0
0
10
42
325
0
0
0
4
2
0
101
678
59
0
4
0
0
0
0
40
43
92
0
51
43
16
0
0
11
29
23
0
0
0
0
0
237
0
0
0
34
0
0
0
733
0
56
0
11
209
0
0
5
0
286
79
0
0
0
0
14
9
0
31
3
34
121
68
49
0
2
14
151
1077
0
0
0
4
159
94
7
0
109
0
0
0
13
248
0
6
0
4
152
1
80
25
2
1
7
0
205
33
10
82
1
0
0
28
0
111
19
292
0
0
35
0
479
38
0
0
8
1
3
0
0
1
223
400
0
0
71
13
0
173
0
2
9
2
2
0
487
18219
0
0
0
1
63
0
5
0
25
11
12
114
6
4
0
14
37
99
16
45
19
781
141
0
0
0
4
44
312
0
0
4
0
42
19
457
0
94
0
0
0
165
261
0
44
130
2
0
400
8
89
7
9
7
6
0
0
0
10
0
0
56
19
0
0
55
0
42
67
20
1
0
3
113
355
11
0
2
14
2
20
0
4
0
42
268
0
2
0
0
25
0
0
0
208
0
14
0
94
2
0
0
0
8
2
20
0
0
0
80
1
3
51
0
96
184
3
0
9
0
33
1
20
48
0
0
0
233
8
0
120
0
0
39
0
0
172
9
8
0
453
166
506
0
22
0
16
177
73
2
0
0
0
0
15
2
1
2
10
64
17
9
2
0
0
4
14
71
63
3
0
0
21
218
0
9
177
226
2
0
116
113
37
0
18
4
7
347
0
6
11
0
0
0
0
17
3
37
2
9
11
2
0
0
3
14
4
30
0
22
268
24
0
7
4
0
59
312
0
0
0
138
0
19
0
5
0
264
0
0
1
294
111
13
0
0
6
285
2
3
0
11
37
118
0
129
0
32
0
14
20
0
1
54
2
36
575
0
0
0
47
68
11
48
0
0
0
8
0
0
13
280
149
180
33
0
269
76
54
44
0
5
1
5
0
365
0
45
0
263
0
5
100
0
0
0
0
510
58
0
0
11
0
22
2749
0
183
2
0
29
37
24
60
0
0
0
299
10
0
899
345
0
647
0
5
11
4
21
95
473
46
1
327
0
3
3
2
1434
11
9
4
20
2
0
0
0
0
12
19
10
4
22
186
0
0
34
116
0
0
367
8
1
0
18
0
0
603
0
2240
7
2
0
0
21
25
0
6
88
1
1468
41
63
107
18
8
0
655
2
0
684
38
0
0
1
160
0
1
0
1063
4
35
0
5
3
270
0
3
36
0
0
60
2
0
19
280
54
0
100
73
0
21
0
4
6
0
296
2
179
0
2
12
690
0
28
0
0
86
28
0
0
414
148
15
0
0
0
51
0
0
160
0
0
0
36
0
3
0
19
0
0
90
0
21
5
28
3
0
14
0
0
2952
22
111
0
0
0
0
17
120
89
0
769
10
180
0
0
97
0
0
136
4
156
0
0
27
827
132
111
0
4040
0
24
73
0
36
0
0
15
304
72
25
35
0
1
9
9
4
0
8
29
0
0
11
135
11
0
299
66
99
0
142
83
109
140
34
10
0
0
44
0
0
390
24
64
110
0
0
0
2
13
0
3
10
27
19
54
0
13
0
0
117
12
34
29
0
123
3
1368
0
81
0
2
0
8
23
33
0
179
169
9
40
0
2
0
0
84
119
272
0
85
0
104
0
0
8
0
39
0
0
12
0
0
79
0
86
1257
0
0
148
37
0
90
1
0
188
0
195
0
10
174
1
0
31
1
123
99
0
6
67
3
116
20
0
0
25
37
0
0
0
0
13
189
14
12
0
10
476
238
3
3
1257
271
5
0
0
586
62
0
3
71
229
245
0
13
0
142
0
1232
50
0
0
53
0
78
0
0
2
0
0
96
7
0
10
0
0
0
20
680
3
0
64
0
57
0
175
0
0
463
0
8
2
121
13
0
0
1124
0
116
244
76
91
34
0
433
0
0
16
0
0
1
0
12
0
0
4
0
0
24
950
0
0
0
48
438
0
258
0
53
0
1
0
53
70
114
42
0
14
5
0
0
19
325
13
35
14
0
21
17
6
0
1
645
392
120
279
1329
95
0
81
0
0
0
106
19
0
103
451
1610
277
0
4
34
346
0
52
4
169
0
235
1
1474
61
186
0
23
0
18
20
0
5
5
137
4
124
29
20
1
2
0
8
0
1
2
33
190
0
1
63
0
0
0
165
0
38
78
1028
18
4
683
0
0
2
0
135
0
0
3
0
38
4
21
0
3
82
50
34
0
0
0
68
0
195
8
3
0
6
18
1
0
0
214
0
0
3
4816
22
0
0
0
54
78
97
28
40
0
0
4077
0
0
298
0
0
0
11
670
2
2
0
43
131
0
0
0
0
0
1
1647
4
0
5
39
0
420
0
0
1
4136
32
131
0
83
2
493
3
14
26
0
0
11
3
0
1
0
3
262
53
0
1553
0
0
3
5
2
0
1566
11
5
0
4
161
2
0
98
434
2
199
20
35
60
357
343
55
0
0
2127
79
0
108
1649
0
558
394
4
0
1
0
0
2
268
4
0
0
0
0
1
0
0
0
7
7
38
2
0
50
0
164
33
1
23
1
330
7
0
0
239
4
2
34
0
10
0
0
18
2534
188
0
12
29
75
8
11681
421
9
8
913
218
0
4
3
0
21
0
0
116
0
702
2246
0
25
0
38
351
25
160
262
11
0
0
0
698
16
0
5
15
5
6
5
1209
36
185
12
0
0
205
0
14
1601
1
0
78
0
0
39
478
0
6
233
121
2
17
590
18
2
0
1671
0
0
506
0
1
0
0
18
0
1
0
184
0
189
0
89
744
1
0
12
114
56
2
52
0
0
3
0
193
25
83
39
0
0
0
1
51
0
0
0
0
943
1489
199
0
12
6
0
170
0
28
0
14
2
64
168
0
11
134
8
144
0
18
123
0
0
0
4
0
666
119
126
0
0
32
10
0
0
17
10
116
128
7
1
148
7
0
50
0
22
0
0
0
0
0
2
38
0
273
0
0
0
16
0
23
6
242
0
67
567
0
0
0
221
3
123
518
49
0
0
0
0
19
1
34
74
7
4
5550
100
0
2
0
0
565
0
0
2
99
0
25
11
23
0
0
0
181
0
0
5
3
0
25
3
6
0
84
81
0
633
363
0
180
0
43
0
0
136
0
1
2565
440
0
1
0
155
54
0
52
1
0
569
1
0
4
16
0
0
0
2
2
0
9
803
2
2
2
0
22
3
0
786
0
0
8
0
20
21
0
0
0
0
0
1
0
8
0
19
7
200
223
4
0
45
1
108
0
0
0
11
0
5
4
2
84
5
19
118
35
6
70
5
146
0
0
5
0
109
2
21
361
0
2
13
0
0
73
4
129
3
0
7
243
11
775
0
0
38
11
681
20
403
140
0
20
0
409
640
0
0
45
13
13
2
408
9
0
595
100
208
22
214
0
6181
77
22
2
0
564
0
411
5
22
0
4
0
53
9
141
0
0
0
82
0
0
3
147
1
0
0
0
377
25
33
223
35
0
11
1
3
1
11
0
6
0
74
271
0
15
0
0
0
1618
0
24
0
122
0
466
0
2
1
570
0
30
4
60
2
66
105
14
0
269
0
149
0
0
0
0
80
0
450
0
125
0
12
0
0
0
0
2
0
0
0
81
3
34
3
0
28
138
0
169
8
0
0
58
2
145
1451
0
49
38
251
7
145
0
0
1506
11
20
3
4
687
17
0
170
616
0
1909
3
276
3
0
15
0
5
2
0
1
1358
0
667
0
46
2
232
0
33
163
51
0
44
676
1
498
0
0
0
51
2
0
0
6
0
0
86
4
5
0
1092
3
0
8
0
26
41
0
0
774
26
1
0
13
16
0
2602
0
0
21
83
0
120
0
10
0
0
173
594
59
0
0
0
0
27
1
0
1
691
817
76
7
39
0
24
12
0
517
0
359
72
0
0
2
126
65
0
0
0
0
34
0
11
4
6
0
0
0
5
1
0
0
5
10
6
0
21
0
0
0
2
0
0
0
0
0
131
804
24
35
59
20
118
0
2
0
7
4
4
0
0
4
0
51
0
4
0
0
0
0
0
6
4
4
40
3
15
0
0
47
13
27
13
257
340
350
29
62
136
1
6
0
0
3
11
19
1
0
0
0
0
5
2
0
3430
0
2
0
0
3
58
0
622
10
20
69
0
0
1
0
101
20
0
2
0
0
5
137
0
263
153
1613
246
0
0
0
2
0
22
27
0
70
190
3
129
0
22
99
0
12
76
110
33
26
393
15
21
4661
782
2
1
15
138
0
0
14
249
1359
12
0
0
441
0
0
0
7
31
7
177
269
381
399
9
0
17
0
524
0
0
160
392
0
1
2
45
1009
0
629
76
0
261
16
0
25
10
4
33
17
0
23
13
128
0
44
96
1162
0
0
3
0
1
0
0
149
4
1
50
66
167
0
6
70
89
14
4
0
158
0
126
1
0
1
0
103
11
0
177
0
0
0
0
1
116
6
192
50
385
0
85
6
0
173
655
44
184
5
31
21
0
9
2
5
0
1154
31
0
80
0
0
2
0
2
0
0
0
0
143
11
0
23
0
0
0
137
2
64
0
0
5
0
78
0
0
0
241
0
15
0
17
1
0
285
0
0
0
0
133
33
0
42
23
0
0
267
0
61
1
195
99
0
0
22
276
69
56
517
0
0
24
0
0
22
24
25
3
125
0
48
0
0
0
0
614
90
24
124
20
0
4
18
102
11
14
0
4
32
0
51
0
58
0
105
0
0
25
0
0
108
0
45
234
0
448
0
0
52
0
238
7
112
679
10
552
1005
0
0
6
1
4
0
5
226
0
143
944
225
7
44
100
5
49
3
107
22
10
0
2
235
280
106
148
0
228
822
0
18
3
561
1
0
4
479
0
55
60
2633
0
83
11
254
25
0
0
325
9
53
0
0
2357
3
0
392
0
254
29
0
135
0
22
67
120
18
6
5
431
0
0
7
0
0
0
23
0
2464
7
0
154
0
0
14
2
108
17
69
281
0
0
10
122
0
0
0
137
0
69
59
0
0
30
0
26
29
0
159
102
0
32
13
190
0
11
4
51
0
75
0
0
0
2
58
0
85
1
7
0
962
0
7
0
0
13
7
751
0
146
76
293
0
2
0
6
3
0
0
0
88
0
20
0
127
118
0
60
0
22
0
3
2
0
9
15
57
406
0
303
244
119
0
0
664
8
8
124
0
154
98
0
0
37
72
0
31
78
86
44
0
0
12
1815
146
109
0
321
6
1
566
3
13
10
22
7
685
205
520
2531
238
0
0
23
3
88
10
0
4
0
63
36
1
0
69
105
7
286
0
134
0
0
18
0
0
311
110
71
0
87
0
93
0
136
0
0
8
470
131
5
67
107
42
4
0
0
133
1
0
51
10
33
85
0
160
0
29
5
641
324
168
24
254
0
56
0
86
0
4
5
11
0
5
9
20
10
641
33
3
0
11
33
0
0
0
0
95
35
0
135
6
11
0
1615
31
15
2
0
0
0
49
4
0
6
20
139
1
3
0
1166
0
5
20
0
382
3
12
1
0
0
123
0
125
0
47
4
441
13
1
0
2
82
0
13
1605
0
11
0
0
0
33
28
1
8
234
4
0
0
6
10
62
0
0
26
10
0
61
32
550
444
19
2
0
280
11
1
914
318
57
13
770
1
0
76
227
0
0
126
33
5
1238
0
26
196
146
0
1
87
71
137
0
29
0
163
78
0
28
199
912
41
0
5
6
3
1
0
47
0
2
49
143
61
93
22
338
4
52
0
142
466
0
0
2
91
22
70
15
0
0
15
131
105
0
0
162
32
0
0
0
0
580
0
0
32
232
0
0
0
5
17
0
774
6
1
0
25
104
14
0
25
261
0
0
209
0
0
0
44
0
8
0
4
92
0
10
137
0
0
54
1
100
94
0
20
0
0
0
0
98
0
5
346
274
3
0
3
46
0
0
20
766
1
192
16
33
200
0
418
71
0
2706
0
222
0
0
0
8
220
68
5
89
36
0
159
0
0
0
42
1
5
76
3
328
358
831
106
3
288
0
20
1
48
8
0
0
207
0
16
72
0
42
225
0
9
243
216
0
0
0
349
0
9
196
3807
3
0
0
0
10
20
28
52
0
12
54
42
0
0
6
0
122
7
146
0
0
131
46
0
0
313
141
0
0
25
0
0
16
7
0
55
1
15
0
17
44
162
6
0
0
0
6
143
7
0
44
0
23
3
0
0
0
0
0
0
0
2
37
2
5
629
0
0
87
6
0
0
7
0
0
0
10
394
1
2
0
17
0
3
906
503
0
243
119
0
101
0
64
47
49
17
51
0
200
4
0
2
0
165
0
0
84
25
0
2
0
156
26
28
24
0
0
11
2
0
0
3
0
42
0
0
357
66
0
0
0
0
4
0
1587
28
0
432
54
19
0
0
158
6
3
0
0
67
51
0
4
48
14
0
0
0
69
15
0
92
0
2
0
0
2
0
0
115
24
12
0
0
0
0
1388
0
2
166
115
0
49
0
251
77
3
0
16
0
3
18
0
33
0
0
114
1
0
0
0
10
321
43
0
0
0
0
0
31
689
14
74
5
5
29
98
0
0
145
161
0
18
0
28
181
19
696
12
14
1
0
0
0
3
0
163
0
0
294
0
0
0
3
13
474
3
0
4
0
73
2
31
4
301
133
70
37
124
35
63
2
0
4901
0
2
0
7
0
11
46
182
0
0
5
0
5
0
22
0
6
0
4
0
0
0
0
17
23
389
0
85
25
107
0
3
11
0
7
0
3
163
0
0
120
1
0
7
1
26
0
0
14
10
2
458
5
198
1
530
21
22
0
1
2
0
25
0
0
1
142
239
0
0
0
48
10
9
6
35
0
0
310
0
7
0
50
9
0
469
0
15
0
123
0
2
0
1
20
0
0
0
0
25
0
0
0
6
1
0
0
3
0
12
0
83
0
1
4
0
0
15
269
0
370
67
4
7
0
0
37063
158
81
6
0
0
73
335
25
0
2
0
12
74
25
0
6977
4
19
0
59
0
62
9
380
219
3
344
5
6
19
5
9
79
11
0
117
128
0
7
7
0
93
0
0
4
102
0
0
0
0
5
0
0
0
30
3
7
0
0
0
11
274
73
1
62
148
268
156
52
5
78
8
0
53
0
0
0
0
0
0
9
0
43
0
57
0
33
0
0
75
189
0
0
7
0
0
4
0
43
77
30
1286
0
484
29
30
0
5
4
1
0
2
0
167
59
28
0
0
0
0
16
0
0
51
96
0
11
0
149
145
0
63
37
36
136
6
0
7
0
1
0
4
0
15
0
0
16
267
69
0
0
6
0
0
374
0
1
45
52
1
116
0
8
131
21
11
29
223
177
1
20
2
0
0
13
13
33
41
0
0
44
281
0
0
0
2
0
10
0
0
353
40
5
0
35
6
11
15
16
544
0
28
6
60
253
102
0
49
0
0
1
9
263
20
13
0
69
4339
233
10
0
28
20
293
14
0
1365
0
11
1
27745
0
0
9
395
6
2
87
0
33
795
0
0
0
7
0
0
31
17
0
0
38
5
5
6
0
103
3
75
49
15
0
0
0
0
15
2070
7
2
3
166
30
1
19
416
0
2
24
0
0
7
0
96
0
139
0
0
22
0
6
18
0
447
0
5
11
0
0
0
0
0
0
0
339
46
0
70
15
4
1
85
11
59
245
0
207
531
0
0
0
8
1299
7
40
11
169
18
1652
0
0
0
0
0
4
25
0
0
0
1
104
5
443
0
21
6
8
169
0
0
28
34
8
2
0
88
7
3
8
0
244
22
2067
18
2
60
5
21
0
0
23
0
0
101
153
5
91
11
13
872
4
0
3
246
2
2
5
66
0
56
12
0
0
179
0
17
16
13
13
9
37
119
132
559
0
297
0
151
77
954
0
7
21
44
158
0
4
0
328
0
48
7
4
26
887
0
48
0
51
1
228
0
261
6
12
53
0
0
3189
0
49
2
1021
26
0
11
0
0
0
11
0
54
11
0
0
107
3
34
330
0
5
695
57
0
217
74
58
0
1
0
14
245
45
13
285
0
2
1
0
0
0
6
98
0
2
19
0
13
7
8
0
13
0
0
0
107
825
33
0
495
142
0
309
13
0
327
37
36
0
0
122
78
39
51
0
37
0
917
189
5
57
3
0
547
23
60
3
1
8
0
0
58
15
286
0
1
2
2
35
0
0
48
1023
0
5
32
118
0
0
0
0
0
97
263
0
530
0
29
24
0
0
41
28
0
428
0
36
73
562
71
0
0
0
23
53
33
0
14
0
36
2
0
23
139
423
0
0
53
3
0
120
3
0
1
8
0
0
21
0
0
6
0
2
115
2
0
25
17
5
75
0
254
0
1512
9
36
216
57
0
335
1
12
0
0
0
1844
0
64
0
0
39
139
0
94
1
1
17
3
3
0
0
0
0
1
0
19
0
27
0
176
0
0
182
67
0
21
31
0
1631
191
0
1
0
157
0
9
733
0
0
0
25
0
0
1
0
0
33
0
0
0
0
0
0
191
2
4
30
0
986
0
15
0
41
185
0
0
0
181
667
29
0
0
129
42
17
2
16
65
0
3
62
0
100
1
500
13
25
0
2
222
0
5
0
151
0
9
17
3
0
1
2
12
21
270
71
24
6
77
31
0
18
0
184
0
167
0
2
0
38
3
2
111
3
5
0
77
315
140
0
5
0
2684
26
9
7
804
31
0
25
6
0
40
25
890
3
0
0
34
30
0
46
217
0
4
10
643
12
6
6
259
20
0
3
0
258
465
999
0
4
0
9
16
0
0
1227
0
153
2968
100
0
0
140
718
0
5
8
0
68
0
460
3047
39
526
0
228
29
15
37
8
319
126
35
38
11
2
0
13
1
49
0
0
0
6
82
235
196
0
4
124
98
22
0
5
7
9
0
1001
0
3
10
37
10
3
0
8
179
0
2
10
0
0
20
0
0
10
0
0
1
0
0
0
4
26
4
0
0
10
0
0
8
233
10
1144
0
97
0
0
0
2
90
0
15
996
6
0
0
2
19
118
2
0
235
0
11
380
0
62
58
4
65
30
0
10
0
80
13
1
0
362
418
2
449
38
522
0
15
0
0
0
1
0
0
0
0
0
0
2
2
225
852
0
1625
0
12
2
0
0
86
24
31
56
19
0
0
2
12
19
1
46
56
0
0
0
0
0
0
31
186
632
158
0
16
564
185
18
0
0
90
35
5
115
164
0
72
17
1
20
0
39
2
6
0
0
0
118
29
86
58
0
0
0
11
28
58
5
4
0
0
460
37
0
6
0
0
0
4
23
12
0
16
0
2
18
0
4
0
8
4
8
89
0
2
0
96
2
2
47
9
0
322
92
45
7
72
1
0
7
0
30
7
37
1
460
3
8
32
16
2
107
1
6
0
14
0
0
23
45
11
0
387
0
8
16
0
3
48
0
0
0
0
5
0
11
66
0
0
14
13
26
13
0
2
0
107
6
8
196
10
0
90
0
63
58
42
0
0
38
1
96
1
0
14
96
0
300
11
86
4
0
0
0
10
0
1
0
0
12
0
76
0
13
0
4
0
6
25
0
0
68
0
37
17
0
6
48
4
10
109
1
2
0
0
3
18
282
11
103
250
0
0
6
131
2
14
11
2
17
0
2
0
34
4
0
0
17
0
3006
0
100
19
0
0
6
0
0
2
84
0
8
3
23
0
52
3
0
0
50
512
1
0
0
0
5
99
0
79
604
3
6
107
126
1
0
6
1
0
45
0
37
72
8
19
95
0
4
5
4
0
0
0
26
0
1
4
55
234
0
9
0
352
40
62
0
0
18
0
0
2416
2
195
66
15
4
0
0
30
8
37
0
0
0
0
0
379
12327
0
0
4
31
16
4
0
8
0
9
0
0
23
4
30
24
10
1
11
0
0
25
19
9
5
0
11
7
5
2
0
3
50
238
0
0
63
14
358
0
22
207
1128
63
65
7
0
94
47
257
0
12
29
0
16
220
122
506
8
0
2
620
41
0
267
41
17
1
2
0
0
35
0
334
21
0
6
3
4381
3
0
292
158
2
102
0
39
3
0
3
11
0
0
0
83
49
0
0
0
9
0
1218
0
12
769
0
145
35
0
1856
497
6
7
5
0
0
230
0
28
2
68
51
28
98
0
1
14
0
0
33
0
19
344
0
35
379
0
33
0
106
0
0
61
23
0
25
0
9
0
7
267
0
0
5
0
0
191
14
1
140
0
320
25
167
0
5
0
26
36
3
4
26
3
49
0
3
4
0
4
19
0
0
160
2
0
3
5
16
0
66
5
12
0
8
1
0
61
4
11
0
13
0
30
0
0
0
5
70
0
0
20
17
16
2
35
0
25
0
0
498
53
35
6
0
36
42
2
74
92
11
0
11
7
268
10
120
6
0
1231
156
4
12
28
74
52
29
0
17
0
0
0
0
11
0
0
0
0
6
1
1
191
0
310
96
129
61
0
0
0
626
0
0
41
0
64
25
10
0
34
0
0
0
28
475
0
145
0
35
0
183
51
22
0
0
0
0
0
30
0
0
25
0
0
5
0
0
0
3
1
0
0
2
64
0
532
148
0
2
0
172
0
19
0
1
165
18
6
1
4
0
411
0
184
34
2
310
0
123
7
0
52
44
1
1
82
149
0
138
23
0
0
0
842
84
4
8
0
25
0
0
2
0
2398
2
43
28
0
469
0
270
0
24
0
254
0
567
1
14
0
0
0
56
919
0
82
3
0
40
0
0
0
5232
0
0
9
14
51
0
336
108
353
461
190
81
0
5
94
10
8
0
0
0
39
9
163
0
0
0
11
84
3
0
0
0
0
0
63
527
258
0
359
5
1
11
200
27
5
1
0
32
3
0
0
2
167
6
0
1
0
0
0
13
0
0
30
19
35
948
45
0
0
56
1
115
43
53
0
67
0
194
9
0
1
141
21
124
0
123
1
0
0
80
1
3
373
445
0
1428
0
144
0
290
674
0
285
130
0
0
925
0
24
3
338
0
0
176
170
1
252
30
24
292
6
2398
17
9
18
137
0
0
1
4
477
1632
2
263
101
0
123
5
0
2
18
8
10
0
40
11
114
0
60
0
172
0
18
0
3
0
0
0
0
0
18
116
25
0
654
698
0
59
122
0
84
0
1
2
0
2
32
11
99
805
36
0
9
0
279
0
0
0
0
1
70
2527
4
0
95
57
307
0
11
0
32
3
19
9
0
40
5919
0
2
0
0
27
77
0
0
0
16
0
0
0
0
195
0
69
30
8
34
4
0
12
2431
11
5
0
0
264
1
0
713
0
0
90
0
3
0
8
0
0
19
30
0
0
0
10
0
0
0
48
40
644
0
2
0
0
0
0
2
54
0
0
0
110
1249
0
9
23
0
43
0
495
6
119
91
0
129
368
0
404
173
0
21
1
0
2024
16
0
135
0
9
5
0
233
0
221
1502
0
0
0
2
0
3
94
0
223
9935
380
0
0
0
0
2
2
173
0
1
26
8
85
170
32
0
0
49
3
21
0
940
173
0
31
0
0
90
7
28
0
11
0
69
0
0
594
23
0
0
48
296
4
0
0
19
0
0
47
340
0
94
42
0
1
179
0
0
0
6
445
18
145
94
0
8
0
0
0
1027
1
49
131
0
43
499
88
0
5
1287
0
0
0
4
0
3
0
30
192
42
40
0
649
0
0
4
62
476
63
117
23
0
12
0
2
10
0
435
55
0
32
0
0
6
0
0
243
3
12
36
2
125
0
0
18
81
19
0
2
0
0
1
137
117
0
0
31
0
17
12
0
386
163
0
0
492
1023
172
19
65
0
0
14
0
4
3
11
184
1
0
21
73
0
203
1
2
99
79
98
0
1
35
204
109
68
0
0
14
0
912
28
507
0
0
1
59
124
18
0
0
374
0
0
0
2
0
0
0
0
5
0
17
10
0
52
0
167
8
0
28
0
67
883
0
0
0
0
0
0
6
0
53
351
22
24
13
4
188
0
34
437
3
51
1
9
21
0
34
27
3
0
0
0
6
1
30
0
0
433
0
47
35
2
0
0
0
7
0
0
25
143
1
0
10
0
0
0
0
0
326
14
249
547
0
8
192
1103
0
24
41
0
390
2
16
36
261
0
75
0
0
0
386
27
0
0
0
0
16
142
222
0
135
130
210
0
3
75
388
89
1
39
826
0
222
0
57
249
423
0
33
23
0
0
79
787
7
0
98
0
17
3
0
21
0
0
1
97
9
24
221
121
36
65
0
22
203
12
0
0
35
0
34
0
2
1645
0
48
47
0
532
19
0
0
6
42
0
361
0
11
0
142
17
101
0
19
3
2
0
0
5
0
114
14
2
2
0
0
0
35
0
315
0
14
2
0
0
0
6
11
0
13
2
126
104
0
114
27
88
38
0
82
59
0
13
3
269
3
866
0
511
0
0
111
0
3
38
0
1003
38
287
183
43
3
0
0
0
0
6
1
1
1
163
3
97
333
0
5
291
0
0
0
0
0
7
0
2
1
3
19
0
8
0
76
1
125
0
0
1
0
45
0
4
3
52
0
212
65
0
0
42
0
0
11
0
0
0
4
0
84
2
26
1491
2
152
1
71
0
0
0
22
424
282
224
178
6
36
15
94
0
4
0
232
0
139
4
0
227
0
74
105
0
16
0
72
0
2
223
29
8
0
60
5
0
60
52
0
0
0
0
0
112
0
118
2
24
80
0
0
934
139
0
1
111
0
55
1
115
0
0
414
11
3
779
650
68
211
0
0
9
0
49
0
136
0
17
72
293
14
0
49
57
16
0
114
55
0
0
128
58
0
35
18
0
0
3
2
24
75
0
0
125
50
64
0
794
2340
687
27
100
1547
0
74
0
3
21
58
38
179
10
0
81
2
0
96
329
0
3
1
268
612
0
5
0
60
31
493
46
19
243
8
3
0
918
13
27
8
1
12
50
19
0
65
96
0
56
267
0
239
80
0
0
0
0
355
21
120
0
0
59
0
1
0
6
0
45
207
0
4
0
3
62
31
0
0
37
0
1
1
1346
1
0
2
80
16
886
110
0
3
0
0
32
106
0
3
5
0
17
0
41
0
0
40
2
0
0
68
0
33
0
1
3
8
398
0
18
0
18
0
142
315
0
27
0
0
9
5
638
13
20
2
374
69
5
43
6
40
6
2
0
740
70
0
52
9
0
0
35
1
7
106
0
0
2
0
0
0
11
5869
3
0
40
0
59
6
2
0
0
11
7
0
0
0
148
21
50
0
2
0
24
4
277
0
0
0
0
21
332
1
6
0
0
16
1
5553
0
0
0
220
250
0
0
3
1
0
0
5
20
12
0
6
0
7
22
0
14
0
0
68
256
0
0
4
3
0
181
50
3
431
63
0
0
11
1
0
0
6
0
149
0
9
0
7
3
1
0
1002
0
0
233
84
2
0
0
0
0
0
0
0
11
1
104
3
0
201
715
0
0
85
0
0
9636
0
1406
10
12
4
18
2
0
438
0
11
2
0
105
2
0
58
538
359
0
0
30
5
0
40
27
213
9
0
0
0
259
1248
27
40
38
0
65
14
0
0
10
1
2
1
152
0
129
0
16
0
125
2
0
18
0
6
0
1
0
47
5
0
43
0
53
0
0
2217
14
0
20
0
0
43
126
0
0
10
4
0
1
0
136
1
149
7
873
4
3
71
1
0
0
0
3
3
12
11
0
13
0
28
14
51
0
86
199
2
327
174
0
867
29
3
5
0
0
0
0
0
13
11
199
0
30
0
0
0
23
1
0
0
0
71
2
2
73
107
22
3
0
0
0
21
5
0
301
378
51
3
0
4
177
6
0
1
1843
64
0
757
400
0
21
0
0
81
2
28
459
0
0
233
0
0
0
0
0
2
115
3
3
49
41
0
20
5
0
125
0
97
7
3
11
10
114
36
0
0
41
175
1094
26
272
1
165
0
173
8
0
106
0
81
1
399
240
0
0
109
190
1
1
387
0
0
216
44
12
0
16
0
0
0
34
0
1
60
22
301
0
0
70
292
22
0
713
0
0
1
5
0
0
1
50
182
23
15
0
2
63
15
0
0
2
714
0
0
50
153
51
29
15
14
76
1
365
63
252
42
0
3
186
60
6
175
0
117
196
6
26
0
0
3
5
1
37
4
0
18565
10
0
3125
32
2
0
53
262
0
18
0
0
3
6
0
0
0
3
121
0
3
0
10
0
27
34
0
4
55
0
0
201
10
95
0
88
0
0
79
0
6
0
680
17
0
1
0
12
2
0
7
0
89
13
0
6
0
54
0
908
166
110
296
85
136
0
2
0
1
134
0
0
6
23
67
0
11
369
0
0
107
2
181
0
56
0
28
763
3
0
0
0
85
1965
0
0
0
0
3
0
0
0
6
0
28
74
1
5
92
18
36
52
0
387
259
0
93
59
78
0
139
8
435
202
0
12
3
0
0
0
32
14
82
0
0
14
5
0
0
24
0
63
8
3
233
0
0
0
0
0
27
0
0
99
3
67
54
15
0
519
20
0
7
3
121
2
0
0
1
0
1
0
185
3
18
0
337
11
0
0
430
0
37
293
1904
54
0
38
384
0
0
0
0
0
26
766
2
90
73
94
34
0
40
51
20
0
0
0
8
0
14
553
19
27
736
15
0
4
0
4
325
329
0
0
54
430
0
341
0
20
15
186
53
2
0
40
0
37
1
0
38
238
0
0
16
26
0
44
0
2
44
0
50
0
9
0
58
237
174
2
0
0
135
11
0
111
76
23
0
0
0
0
0
66
46
0
314
7
0
568
84
0
0
0
10
4
0
20
10
16
0
0
70
0
861
0
2
1
11
31
0
2
0
154
0
459
0
0
323
0
0
0
0
0
489
23
0
0
42
80
0
54
0
0
0
0
74
107
0
1
0
0
15
288
31
0
1
7
1
72
0
4
9
12
379
115
183
0
114
520
0
0
83
6
344
522
3
0
17
78
497
41
65
0
99
1
598
163
31
0
0
12
0
10
15
48
6
0
52
0
2349
0
0
0
14
159
53
217
0
0
0
2
2
996
394
0
2
0
3
0
159
29
496
17
171
0
0
0
285
10
0
0
79
19
0
9
19
10
0
0
0
0
315
355
1022
8
806
1
29
62
118
34
0
0
163
33
108
10
0
0
8
3
24
466
1
191
0
40
142
385
0
235
0
0
5
13
73
0
1
27
0
4139
2
4
51
0
0
3
30
1
2
0
37
0
2
11
0
0
1
0
3
3
0
0
14
0
0
166
0
399
94
0
0
201
0
0
1
399
17
0
0
85
181
3
93
256
284
0
0
96
36
0
32
81
0
0
5
85
0
13
0
0
0
36
1
2082
37
275
59
275
5
0
0
0
1
0
203
5
13
0
105
0
7
198
3
347
0
162
27
0
0
2
2
0
0
0
0
0
41
1
19
0
4
0
13
83
0
22
1
0
0
0
0
0
0
13
0
63
594
4
5
0
48
0
0
10
0
0
11
0
5
93
106
4
941
193
14
11
0
33
0
762
0
1
0
96
19
31
3
0
0
0
98
0
0
6
979
30
0
25
44
12
81
0
3
172
156
53
0
26
0
60
1
0
0
178
139
1
0
136
0
0
0
0
1
188
20
97
1688
474
1252
7
0
0
31
4
59
0
0
0
3010
92
337
353
4
0
47
26
266
20
91
0
0
39
45
165
0
0
32
312
0
16
71
4
0
0
58
0
0
484
108
238
183
42
0
0
43
76
38
0
19
107
7
0
2
0
11
100
0
0
8
108
4
4
28
0
247
0
11
61
216
1
0
52
0
0
65
90
22
2
0
192
0
175
0
7
251
0
0
91
0
9
141
0
0
3
12
480
0
335
0
10
0
0
0
0
414
6
90
34
210
82
57
33
185
0
10
15
15
148
15
6
30
311
7
46
84
1026
145
0
25
0
15
289
34
229
9
1
0
901
25
16
0
8
2991
75
336
0
130
86
6
0
0
2
21
600
0
114
40
97
477
2
27
6
0
10
23
59
28
508
0
94
0
0
0
0
59
59
0
3
0
58
0
2
16
583
43
7
107
0
42
0
0
49
9
54
18
0
0
0
27
0
8
0
578
0
3
48
21
0
4
0
5
0
77
105
0
7
46
0
265
0
93
59
217
0
365
0
16
0
2
167
2
0
5
30
246
142
0
0
0
1
0
3
0
659
0
47
0
0
305
20
68
12
1
7
0
22
226
243
159
5
52
418
1
218
6
0
14
210
57
8
0
0
0
2
0
253
0
0
0
40
2
0
32
160
24
44
0
316
1
0
24
0
3
0
428
11
1
183
0
0
33
246
3
4
0
11
11
0
57
9
0
1
10
0
573
0
0
0
0
94
0
1499
0
0
22
0
7136
0
0
86
38
0
0
11
0
211
15
198
99
35
16
0
29
19
1
1
3
0
0
0
98
0
0
3
4
0
16
0
5
31
0
0
259
32
23
7
0
7917
22
4
0
400
243
2
305
5
394
0
0
122
922
15
136
93
0
0
0
46
0
1030
0
0
0
38
1
0
5
5
0
0
0
61
0
1
0
0
159
0
14
373
0
0
0
0
0
3
227
30
0
87
3
5
0
0
0
0
16
1
100
0
0
0
0
0
0
0
525
31
0
0
461
5
185
0
57
2249
92
0
1
25
5
13
0
29
12
0
0
36
97
0
9
0
227
0
0
287
11
0
16
1
0
8
0
0
0
0
0
0
1119
7
3
0
0
75
21
252
0
0
0
8
0
0
0
1
0
136
0
0
0
23
23
63
4
0
0
623
3
0
7
4389
0
0
212
0
52
10
0
71
9
2
0
0
0
20
33
0
0
0
0
8
15
0
30
174
749
0
7
0
0
0
0
23
0
0
0
82
0
0
0
5
0
33
0
0
5
25
0
0
4
50
0
3
0
25
14
22
3
0
0
0
0
55
2
0
7
0
0
0
45
0
0
333
12
21
14
0
0
3
0
115
4
1
0
127
14
80
0
0
98
8
16
48
0
0
29
26
0
7
18
3
61
0
27
19
1
0
0
13
0
84
313
28
0
0
0
1
0
0
0
40
28
0
29
0
9
0
0
0
3
0
0
1
6182
1
76
269
0
0
1
0
3
0
121
9
0
0
0
4
0
91
312
29
67
21
7
113
1
3
0
147
0
0
101
3
0
0
0
0
30
3
0
3
17
0
22
19
0
3
65
76
0
29
33
0
0
0
0
16
0
4
0
0
1
2
114
16
2
21
0
0
0
0
0
5
0
0
0
41
0
0
204
34
0
0
0
232
29
0
54
49
31
300
51
1
0
1
3
3
57
0
0
2
1
4
3
54
35
17
14
18
0
0
0
2
196
0
36
0
1
2
56
205
0
1150
441
1265
142
56
12
239
448
399
1
0
0
0
14
0
1
18
0
0
6
230
124
0
122
91
13
127
225
0
0
90
0
110
0
36
0
575
7
0
42
2
0
7
167
31
22
23
3868
0
23
0
0
0
14
55
35
12
0
25
562
0
7
757
1
97
0
20
0
0
7
0
2
12
29
2
245
0
1
32
0
9
0
0
0
8
358
12
0
0
2
0
12
0
3
180
68
15
0
0
34
388
0
151
4
71
24
0
4
3
2
13
2
0
1583
0
0
128
0
28
273
0
3
0
39
23
5
69
0
0
262
60
85
5
29
34
0
156
0
5
0
0
0
0
8
1
270
5
117
0
3
75
0
0
0
10
0
87
0
0
1
0
1
1
0
10
0
259
6
116
0
0
20
0
0
16
30
0
37
0
0
0
0
1
15
207
8
0
72
3
99
1
8066
16
0
63
0
235
6
36
0
2
4
10
19
0
0
7
0
6
0
0
0
0
23
36
0
8
0
3
25
0
1
692
14
0
162
0
0
19
6
5
13
2
31
150
0
0
96
0
28
0
3
0
60
3
58
2
0
125
16
47
0
0
27
2
4
0
0
0
0
0
0
4
148
0
7
0
0
195
58
3
0
0
0
0
50
0
4
0
0
90
0
0
35
51
43
183
48
14
86
0
419
118
0
77
93
236
0
1
0
170
2533
9
69
3
5
70
8
92
0
0
145
4
0
0
0
0
5
0
0
0
0
36
0
59
0
0
14
0
180
2
0
0
0
0
26
622
413
376
0
89
233
1
2
30
5
0
52
549
0
19
1566
192
139
786
1
212
162
0
58
4
4
0
3
0
0
21
0
1
0
18
7
0
229
3
8
15
30
10
0
9
8
1
0
0
0
66
28
0
39
97
0
13
0
6
1
1218
3
0
0
0
30
0
2
10
9
66
0
0
84
142
0
0
63
514
0
734
271
0
221
46
0
273
0
807
0
0
9
0
221
16
0
0
0
421
229
0
0
1
39
4
17
0
10
12
0
295
259
0
0
0
131
0
69
1
0
97
0
420
5
0
151
39
0
0
0
20
1
22
1
9
153
145
0
72
11
298
0
2284
361
9
14
13
0
77
53
221
44
15
0
103
3083
28
0
1050
0
0
3
0
804
5
2
270
22
0
0
292
196
0
0
0
5
0
10
0
4
309
35
40
0
56
1028
12
228
2
7
20
9
131
0
365
1013
0
0
128
763
366
0
0
3
0
0
591
12
0
51
105
0
0
0
13
2
21
140
0
11
2164
183
0
3897
707
1
165
41
20
26
0
0
150
0
647
0
57
3
96
0
1163
0
0
126
1
737
9
0
213
25
1
69
85
2219
72
819
19
5
0
20
148
61
921
15
79
0
9
0
62
0
0
0
0
0
0
62
0
25
4
75
0
1
214
0
0
8
0
0
7
24
231
0
1
0
140
0
0
757
15
0
0
0
539
0
0
1
20
103
1
0
0
43
0
9
31
342
65
184
0
0
4
0
0
0
36
0
15
0
11
0
17
48
196
0
20
5
25
5
10
10
1
8
0
16
7
7
0
20
69
0
13
48
0
10
141
0
236
8
99
51
182
26
9
0
465
0
0
109
1
0
0
7
146
0
215
1335
21
115
295
0
456
21
96
164
87
691
0
641
0
17
0
10
0
90
96
54
1
87
0
0
4
0
0
58
2839
0
157
17
0
0
0
0
9
0
0
43
796
74
34
52
23
0
4
0
4
2
0
4725
34
57
26
0
443
0
107
554
0
68
2
2
0
0
0
210
1
27
285
189
72
25
41
0
33
62
383
0
0
0
3
207
315
2
5
0
0
0
3
808
135
66
1
995
0
45
2
512
1
0
0
0
130
587
0
7
0
0
18
26
14
0
25
110
0
0
0
3
802
21
0
11
114
0
0
89
411
12
0
861
62
24
0
401
2
98
0
1311
4
71
0
22
0
16
0
35
2
1432
33
3
0
0
0
69
487
118
0
2
2
0
157
0
69
3
10
1
0
165
73
52
2310
10
119
75
3
0
61
24
0
0
0
201
416
0
0
1
36
0
4
5
13
22
0
0
2
2
7
41
6
2
0
0
0
284
1
221
16
0
0
0
63
0
3
57
0
3
0
0
12
0
3
5
79
85
2
231
5
0
0
12
1
9
0
0
0
42
0
19
0
0
568
0
0
231
15
0
44
0
62
28
0
143
0
12
0
0
484
0
0
0
779
62
2
858
37
45
0
17
1426
0
1
0
95
5
0
48
0
17
0
9
5
14
4
0
0
314
59
9
0
1
0
0
78
0
0
12
3
6
860
0
9
0
18
23
12
19
0
5
0
306
1
125
0
0
11
29
0
59
0
5
0
7
196
2
27
30
1
7
0
2
33
30
0
752
14
0
0
195
134
70
0
6
106
56
37
3
56
24
31
0
157
0
0
17
4
0
4
0
65
0
19
0
24
0
7
193
1
105
124
89
0
0
3
157
6
0
2
0
0
7
1396
91
0
538
2
533
0
0
15
69
0
0
0
0
0
0
4
0
0
0
57
107
4
0
2
11
0
12
9
0
298
0
8
149
5
6
2
196
30
433
0
376
16
301
0
0
4
254
91
2439
9
0
0
0
2
45
4
0
0
8
10
0
5
0
31
27
1
8
0
5
4
0
0
0
0
26
0
0
39
5
270
4
20
4
77
8
65
88
0
0
11
0
93
4
0
0
86
19
124
123
3
60
686
56
0
16
95
204
20
0
33
0
807
0
0
0
7
84
15
66
37
4
16
0
0
5
310
3
41
0
4
538
0
0
0
16
0
0
195
0
0
0
0
0
75
149
18
0
0
0
0
311
0
143
0
7
35
25
102
175
79
0
3
20
1
13
187
0
0
209
0
166
3
339
332
1101
2
0
0
6
0
0
12
27
0
0
0
0
0
4
11
0
80
0
17
210
1
41
3
10
0
124
22
0
0
0
22
0
0
7
0
0
0
1
0
0
0
0
4
0
207
10
375
0
0
0
39
0
3
0
0
23
223
0
3
0
230
26
107
8
0
7
8
0
150
1261
0
0
22
16
1
17
389
0
0
1
3
492
1
59
44
15
0
16
56
0
0
8
2
65
610
8
0
0
0
388
3
1
6
0
0
28
32
20
46
0
30
0
12
184
35
0
7
3
6
1
17
1
49
62
43
89
50
1
21
1
0
114
5
0
0
0
0
0
0
1
0
15866
57
0
1
0
479
2023
11
0
0
11
62
59
0
300
2
5
0
281
0
0
9
5
2
0
168
0
5
0
0
0
0
0
2
0
0
360
0
2
632
0
2
0
0
0
3
8
2
4
21
0
80
690
0
0
92
10
35
0
422
2
8
27
0
10
0
309
0
0
0
706
0
126
0
1
38
58
60
17
27
1590
2
0
15
377
46
3
0
0
0
0
0
146
113
0
0
2
5
0
9
0
0
334
3
0
6
414
21
136
1
468
0
1072
0
3
81
271
0
7
0
57
28
252
0
0
54
0
7
0
1
34
0
0
0
550
18
159
1
0
85
0
11
0
0
20
0
301
127
16
11
0
9
410
18
3
186
2
1
0
245
22
0
34
0
163
198
0
0
52
30
226
0
0
0
132
327
306
0
677
0
3
0
2804
12
258
610
5
0
0
356
0
0
15
19
68
18
1
25
0
0
0
7
0
0
743
190
128
0
0
129
9
7
0
34
74
250
2471
0
0
0
623
0
253
0
0
160
5
7
0
2
0
0
4
0
0
5
8247
20
25
0
0
56
6
292
2499
40
0
33
42
62
0
3
3
0
124
1
0
2
49
0
124
114
353
0
98
2
47
0
1159
0
0
5
19
39
86
13
54
0
0
2
179
30
0
183
0
13
8
0
10
0
0
4
3
0
0
0
149
11
14
172
0
69
2
0
7
16
0
4
0
11
0
0
3
1
93
0
163
6
42
12
3
1
0
642
5
4
2019
0
0
153
0
11
89
0
64
283
63
138
307
19
7
170
0
0
306
0
0
1097
32
0
51
5
31
0
0
3
383
19
7
57
6
298
106
0
0
0
86
14
50
10
229
5
112
0
12
0
2015
55
0
37
13
1
4
0
4
19
0
53
210
51
0
534
0
5
0
0
0
44
22
7
54
8
33
180
253
5
52
4
9
9
0
26
0
0
4
0
0
0
216
0
332
502
0
0
1
0
0
26
8
2
11
0
0
0
0
180
128
4166
0
16
0
0
282
7
4
1105
13
98
21
0
20
0
0
70
15
6
286
412
267
46
40
30
0
180
88
2
0
0
3
0
0
99
0
14
114
12451
2
0
172
65
32
0
85
0
0
21
0
12
7
111
44
93
9
8
9
1
0
8
64
8
304
0
144
6
0
0
8
0
102
40
101
0
0
0
0
0
0
16
3
96
7
46
0
0
0
0
0
151
21
0
37
23
1
109
96
0
2
2
0
54
0
0
756
55
6
630
0
2
308
116
0
0
65
2
0
4
2
4
0
622
1903
35
18
0
136
0
4
0
128
0
268
0
22
0
3
0
6
1
196
17
43
111
8
0
20
0
1
390
91
6
3
5
0
0
11
58
13124
0
0
0
2
8
43
74
0
0
533
0
438
236
356
0
26
1055
567
424
138
0
0
0
2
35
9
0
67
6
51
0
69
0
41
0
16
217
0
77
117
0
69
5
278
498
146
4
110
0
1096
14
1592
49
29
1
1
114
0
64
16
28
84
15
3
2
113
1
0
32
68
142
12
324
407
0
190
32
265
176
29
234
365
0
0
0
26
405
0
2
0
377
5
368
26
0
51
7
0
4
0
19
96
0
0
40
7
28
51
6
0
0
0
0
48
0
0
281
249
103
321
8
15
76
310
35
339
0
0
110
13
1
0
70
16
6
0
77
11
0
0
0
11
0
10
165
0
399
330
74
0
966
27
25
2
290
6
0
0
0
0
0
0
1
63
3
7
193
8
0
231
27
0
240
37
420
0
0
0
317
77
371
229
1
164
296
3
306
40
2
0
9
52
115
284
18
0
0
16
159
38
83
66
206
25
0
0
0
0
0
0
12
24
0
26
0
0
0
0
69
22
0
22
22
34
5
5
163
15
0
0
0
27
0
49
20
15
3
5
0
0
79
0
0
12
3
201
12
1
0
6
487
1503
371
21
4
17
4
671
0
0
4
605
15
0
40
31
0
0
0
17
199
262
77
54
0
17
24
101
0
93
63
4
0
9
2
72
9
0
0
3
78
0
478
8
2
45
1
5
0
97
13
42
175
14
488
0
0
13
61
31
1494
0
809
3
238
37
1
26
0
342
0
214
41
87
144
0
475
912
0
0
1
0
0
20
0
15
14
11
311
52
0
8
0
31
8
0
0
15
158
512
124
59
284
1558
492
0
8
7
0
31
292
2
8
0
23
11
16
5
0
533
0
20
56
274
16
0
13
0
107
14
579
0
2
199
0
0
0
102
151
217
2
1
0
0
0
0
20
1
54
0
44
0
0
18
9
0
12
1
64
168
0
263
11
2
0
3
1
6
0
0
401
500
2
4
256
6
12
135
51
0
5
3
276
115
30
69
0
10
0
0
0
14
0
22
15
42
65
9
0
11
0
75
0
12
11
4
0
2
0
0
0
65
0
64
0
0
0
0
1501
0
0
0
17
0
1
0
11
2
0
0
282
67
117
2309
187
0
6
0
504
29
2
0
36
196
35
77
0
6
0
2
45
85
42
11
249
247
58
125
5
61
112
68
111
64
0
0
0
0
0
0
0
0
0
1
2
0
0
0
0
0
0
39
40
175
325
106
0
9
0
0
0
0
148
57
0
0
0
0
0
0
177
91
0
0
5
0
49
1
0
10
12
0
0
0
0
0
22
13
36
68
2
0
0
0
0
411
393
0
133
3
0
3
14
24
140
1334
0
10
2
0
0
0
46
0
101
15
4
0
0
0
0
253
25
0
0
5
0
0
0
2
2
62
0
3
13
2
0
0
2
6
112
0
0
76
0
0
0
52
71
249
61
5
8
20
0
0
3
3
0
11
8
0
0
75
0
0
0
0
0
0
148
0
22
3
0
0
0
2
0
0
0
98
25
257
0
0
0
0
0
0
0
0
0
0
0
0
1
0
0
0
1
0
0
0
0
0
0
46
5
1228
0
0
4
0
1402
313
60
95
85
51
295
249
448
4506
24337
201
0
16
19
0
8
0
95
20
98
0
0
0
4
0
0
0
19
0
0
88
12
29
139
0
0
0
0
164
46
0
0
0
668
5
4
0
0
0
5
6
3
0
0
0
0
0
0
0
62
17
1
1
0
0
19
4
3
22
40
0
4
0
0
0
0
0
0
0
33
14
1
1
370
1032
4
346
8813
0
0
14
16
1
0
0
12
1
0
0
77
10
0
0
0
7
7
0
0
0
0
0
5
42
0
0
1
189
75
130
21
41
964
4
206
449
22
0
0
0
0
0
0
0
0
10
0
68
1
0
0
0
0
6
0
0
3
0
0
0
341
46
954
0
999
1755
94
0
0
57
16
0
80
0
0
0
1445
324
0
0
27
8
88
17
0
10
4
51
0
0
0
0
0
0
3
0
0
0
0
0
0
0
0
0
0
2
0
0
107
0
0
4
81
0
9
0
164
0
0
291
3
589
216
25
47
0
11
0
0
63
6
0
0
0
0
28
0
0
22
1
0
667
1142
4
2311
11
15
0
0
0
0
0
0
0
0
0
587
1178
3
0
17
0
0
0
0
0
14
5
0
0
0
0
4
47
0
0
12
0
2
0
0
0
0
0
0
0
0
4
0
0
0
0
0
4
0
0
0
0
0
0
0
0
0
0
6
0
0
0
0
4
0
0
0
0
0
0
