24_BitB_20_1
0
0
13
1238
62
371
13
0
0
0
0
400
10
440
0
0
584
1
1
30
1069
83
0
3
0
657
0
38
1
5
39
0
0
117
3578
64
0
0
6
0
5
0
0
5
0
2863
0
232
3
340
0
89
0
786
0
10
790
65
0
1836
6
2
0
0
10
8
0
1237
20
16
1216
797
24
5
34
0
1363
8
4
0
0
0
11
28
1860
0
15
274
28
38
614
0
686
1
0
1036
7
0
228
0
14
0
9
689
74
0
1
2
0
539
0
0
38
0
3
0
0
187
185
931
15
7
0
188
47
982
1011
0
2033
44
0
1
14
182
4
0
5
99
29
0
4
17
38
0
565
130
90
34
44
29
36
2
38
5
5
1113
0
2
3
818
3
0
0
0
169
115
10
275
0
0
0
0
124
0
0
65
38
0
0
115
631
612
0
182
105
142
264
4
106
0
0
317
22
29
0
166
0
0
2
42
34
4
0
20
19
2
3
137
14
17
0
4
20
0
0
3
72
15
0
25
329
0
11
263
0
1
11
171
5
99
0
0
83
513
169
1
432
4
0
0
0
0
9
600
0
32
153
957
2
0
62
132
17
0
367
43
0
0
0
11
172
1195
51
3246
78
0
0
0
204
27
11
650
0
0
23
6
0
0
820
138
1076
85
0
1704
0
1058
2
0
0
149
0
0
0
0
0
0
56
0
208
0
0
4
0
34
249
0
402
33
4678
0
0
0
0
0
0
52
0
245
120
0
71
0
385
78
0
214
13
16
0
23
324
280
187
0
0
261
9
16
0
0
609
278
40
1201
0
13
80
30
135
0
1004
0
56
28
42
21
1030
407
53
4
4
1
0
1518
0
0
0
214
199
4772
209
655
30
13
0
0
2
6
0
591
0
63
0
4
2456
0
118
9
47
0
267
1
0
279
1687
84
118
0
491
79
15
0
1
0
6
263
16
0
2
0
0
110
10
2750
12
147
0
52
0
0
1663
331
6
0
51
0
6
943
194
0
139
7
24
1
30
0
354
0
0
0
2
0
350
1277
0
10
1405
249
162
0
0
0
28
0
2
0
0
0
0
0
7
2
0
0
0
20
63
0
651
0
67
0
963
0
2
2
0
0
324
28
337
44
73
1749
737
11
4
0
39
0
45
41
42
89
0
93
0
6
0
0
52
1
814
7
55
424
18
0
25
0
3
0
3
471
9
596
46
1
45
0
476
330
0
566
0
75
3
36
17
62
50
140
738
0
4
263
596
211
139
0
0
0
12
0
239
206
0
0
93
2
0
2
13
0
0
2
0
0
0
0
0
1288
0
296
3
285
0
0
0
239
500
91
2
234
5
274
111
47
0
56
0
227
5
1822
4
18
2
21
0
3275
0
13
0
279
0
251
129
20
0
8
63
0
0
0
2
200
0
0
0
0
1354
0
110
144
7
1
236
35
25
13
0
10
0
18
0
4
30
0
0
1
15
0
0
44
0
46
102
185
32
28
1174
4
0
8
0
0
0
0
0
192
1062
41
15
125
5
142
5
0
394
36
0
87
0
2
238
0
436
48
3
0
2
2
412
0
3
2
365
0
0
0
0
298
5
388
1
12
0
0
1
0
90
203
30
888
0
64
108
5041
9
18
0
4
18
3
91
0
10
13
74
63
3
18
10
50
0
0
61
34
195
0
104
1945
11
56
55
778
814
0
0
197
481
9
63
3
785
0
0
5
0
192
253
0
32
21
66
0
77
1
64
70
83
0
106
4
285
0
0
0
3
0
0
595
470
0
0
217
6737
1
506
49
268
119
100
53
0
0
310
3
5
85
0
16
127
0
0
1099
18
43
45
165
331
273
17
207
47
0
2
0
1101
0
123
0
0
141
17
4
0
0
13
2
0
0
2
0
45
21
0
9
0
443
104
284
45
20
0
643
1
0
2
0
17
0
281
42
0
0
1
0
0
0
11
63
3
2
0
9
9
159
145
0
14
0
6
0
0
415
3
344
1185
194
1
453
142
55
110
0
18
417
0
78
115
2
656
11
221
176
178
1
0
349
0
4
28
14
136
673
8
0
0
0
0
0
569
170
11
0
0
1
1362
4
0
1250
4
79
0
76
0
0
496
22
265
265
58
1
0
10
0
0
328
1280
866
0
0
3
2
322
53
0
8
60
0
10
72
79
5
0
488
4
0
359
1
0
0
0
346
0
119
227
37
98
29
2
6
0
1
41
18
231
391
48
1
150
8
0
1485
328
0
61
0
300
0
0
17
245
0
60
0
4
2
0
0
0
0
192
75
23
1
0
46
22
41
0
3
993
15
29
86
15
7
0
0
31
22
0
3202
54
230
580
0
122
0
0
181
0
1059
35
4
0
1841
392
140
102
1655
0
105
0
0
3074
0
0
0
0
290
0
0
5
0
32
431
733
1817
28
0
0
0
18
25
70
0
0
0
128
1147
347
99
25
0
0
11
221
3
0
0
0
3
0
1353
497
1950
752
0
0
1
0
0
155
0
0
2
191
6
18
0
5
1327
632
0
305
1478
67
36
25
19
0
0
186
3
0
20
0
0
0
18
0
32
45
7
0
0
0
0
1169
545
2
0
3
15
69
0
0
0
0
94
36
0
236
2
1
138
2
17
913
0
447
133
9
3
9
21
0
0
0
0
306
622
38
194
177
177
174
70
198
174
1
48
85
8
65
0
0
0
0
11
957
13
124
0
0
30
64
1
7
379
128
97
274
0
64
167
0
27
10
5
0
6
0
0
2678
319
126
3
0
465
0
2
0
114
10
1832
2455
0
29
2882
24
248
71
118
74
544
352
0
0
46
0
645
12
400
0
515
3
297
0
353
770
90
0
676
0
1
77
0
286
512
0
0
1
325
0
493
0
0
2
33
0
300
0
0
8
0
0
0
0
31
0
20
18
116
0
467
286
2
347
759
0
0
2160
2
0
0
174
72
42
0
137
0
7
0
98
7
0
0
276
0
3975
0
0
0
26
10
263
16
226
53
0
25
1
27
0
1
102
118
45
3
1
162
0
311
1164
14
0
0
13
4
631
2
1
47
15
5
30
0
2
0
0
1
823
0
668
5
0
6
6
0
105
1
127
0
52
195
2
42
1
288
0
0
0
111
0
5
0
75
8
0
2
41
6
0
100
0
274
2
0
4
11
0
1875
0
1
2515
18
183
0
171
10
86
0
0
0
187
99
0
2
11
40
19
0
0
3
0
0
8
0
43
0
0
2
22
37
9
0
0
0
171
1316
164
0
0
0
36
0
0
563
396
3
46
5606
0
77
225
16
105
48
822
0
0
29
2441
37
11
41
56
322
0
0
137
72
5
295
11
856
27
261
308
129
0
34
0
28
0
2
0
0
276
0
3
0
1711
6
35
692
47
34
0
0
0
6
30
0
169
0
0
304
28
0
0
0
0
22
0
121
0
4
94
0
6
0
0
15
0
0
1
0
0
13
0
0
0
0
0
0
7
337
5
83
0
20
83
60
2
0
111
1
1941
47
0
0
0
1
11
14
1154
40
257
0
1514
36
844
688
0
0
0
1462
0
176
66
8085
5297
0
1
0
49
1
12
0
0
25
0
0
1589
589
538
14
10
268
0
17
0
20
480
151
1669
0
2483
0
156
3
64
113
0
6
0
0
0
0
0
0
648
213
0
1920
42
0
0
7
111
360
492
60
792
2953
0
457
0
219
276
207
494
598
1
12
7
313
79
0
0
51
30
101
0
0
48
98
692
0
2
0
18
350
0
1613
0
3
0
5
3
86
7332
0
313
0
0
2
347
0
194
0
15
0
0
1509
26
7
12
1
0
4
3
365
2
2
0
6
1
0
20
166
23
5
0
13
44
0
2
0
66
0
8
24
0
22
46
135
0
0
0
0
45
0
4
0
7
80
55
13
97
3635
17
660
343
2727
0
27
0
163
17
0
1566
0
182
17
0
4
4
0
468
72
0
33
129
0
77
2
0
0
0
45
0
0
3256
440
0
0
350
306
222
0
0
9
0
10
0
205
0
60
4
0
4
0
39
0
0
0
0
25
0
0
0
0
32
619
58
10
0
37
20
39
17
4
25
91
3
233
0
6
5825
355
0
241
0
0
0
1632
105
0
1
0
0
11
658
11
0
0
24
0
0
0
0
0
9
178
0
0
180
169
920
1120
46
344
0
0
17
3
9
0
0
0
0
197
34
0
318
34
326
22
0
0
112
32
23
117
1
0
14
266
0
1
95
0
4
0
406
0
0
12
0
24
104
0
11
0
0
63
216
0
1
0
0
26
795
15
16
0
143
0
197
67
259
0
55
1352
442
0
0
3260
465
205
4117
87
0
5
0
0
2
1
54
0
8
1
0
108
1561
11
0
0
0
0
0
11
43
361
0
0
33
2
14
7
223
685
158
306
289
1
4
0
0
266
15
0
0
50
7
0
70
6
0
0
3
30
32
295
7
0
1
0
0
0
0
0
47
8
0
0
15
0
82
0
5
39
56
0
1
0
342
0
122
2
0
20
1
0
0
0
0
1076
2
0
12
42
0
167
146
22
0
38
0
0
0
0
204
0
823
431
532
20
0
129
101
6
0
14
335
92
1
5
0
1864
4
53
0
13
5
32
0
67
0
1
0
317
4
325
162
61
190
12
0
0
1
1
2
52
354
90
0
29
0
38
10
0
0
164
0
48
0
0
85
67
13
80
24
764
18
0
158
0
630
0
0
0
70
28
71
134
99
0
288
54
0
0
9
0
0
5
208
353
18
1
85
0
2
12
0
5
0
12
198
22
10
1637
323
0
315
0
37
12
0
0
118
0
100
0
4
2
9
16
0
1
1
715
0
124
442
9
0
1665
24
0
0
0
3
5
3
1439
82
51
0
0
1
0
0
0
6
60
0
0
5
0
17
4
0
34
31
0
0
0
3617
0
1
0
18
13
398
228
2031
12
2542
22
6
26
12
2
27
1082
1
576
1524
1
19
93
0
76
1
0
7
533
0
40
63
0
0
711
0
117
288
1
0
152
139
0
7
397
230
0
1264
0
423
0
1159
22
0
204
0
43
78
288
4
155
1
17
0
1877
382
35
17
325
2
114
25
912
76
0
97
0
77
107
211
0
2
3
0
0
216
2
19
1587
39
576
88
0
0
0
2
36
92
0
29
132
2
675
730
0
127
92
25
1
0
1
0
975
0
53
0
232
21
7
0
0
2
0
0
1707
803
0
0
195
6
5
0
79
6
304
51
4
0
116
242
0
13
1
0
0
0
228
325
3
0
1553
9
786
234
48
22
0
3
24
0
14
0
0
2
4
5
148
119
0
0
73
337
0
0
39
0
0
0
555
50
55
0
0
974
0
273
393
1
0
84
0
0
0
84
217
12
0
0
0
8
15
78
1
0
0
153
7
0
0
2
1
0
172
71
6
0
0
176
3215
5
292
0
2
0
14
7
0
810
3
0
26
253
88
1
1
0
10
139
2
21
0
228
0
657
0
3
18
20
7
2
0
13
0
1
15
161
15
0
39
0
0
30
5
5
0
0
315
0
1
0
54
9
28984
0
49
132
190
0
41
5
0
0
0
431
78
548
8
257
0
0
219
5
0
73
0
204
1721
0
16
0
71
0
927
8
488
114
0
4
0
0
0
0
4
2
10
0
12
0
0
10
341
141
114
0
0
165
22
1
43
738
24
210
65
0
1045
92
0
80
0
0
0
297
38
213
0
24
3
0
23
535
328
0
347
55
28
2
0
114
31
0
643
0
0
521
2
134
87
2
77
0
0
243
881
11
18
27
0
0
0
0
331
248
121
0
29
0
103
0
1
177
0
87
24
0
739
14
15
31
3
0
4
881
179
0
129
3
111
495
2
33
1822
157
0
0
7
375
75
0
2
2
6
0
0
0
69
54
0
34
0
0
1
0
0
407
2
154
1
0
27
8
173
0
0
0
0
410
203
68
13
0
0
71
0
0
0
11
692
2139
4
5
1581
21
26
442
0
163
0
0
0
785
0
0
5
79
75
25
0
0
1
0
0
1165
0
0
773
7
33
15
1818
269
0
0
305
1868
71
2109
348
0
23
12
351
0
33
19
21
14
0
0
0
248
2
1
347
0
1545
0
0
22
0
14
0
88
149
0
475
5
120
0
72
1548
3197
0
12
83
7
815
206
0
15
0
229
0
0
0
121
174
3
574
1
12
25
381
0
93
342
401
40
105
284
0
915
14
542
527
3
1851
0
206
204
141
207
3
0
6
0
0
35
49
6
0
174
0
4
11
8
1
0
4217
135
80
216
111
134
3
0
24
7
0
800
0
7
0
0
0
2439
0
118
180
4
984
0
11
573
17
19
575
2
0
107
0
0
0
0
14
0
0
0
42
193
18
0
54
0
2
164
2
1
0
1334
226
1156
252
3
686
48
0
0
81
8
0
0
0
5
11
124
4
0
18
0
0
0
15
6
29
686
12
59
0
78
6
4981
0
2
5
54
0
12
59
0
115
2
66
58
0
799
194
29
41
66
0
0
462
147
1747
61
0
0
88
0
0
0
0
1922
0
2823
391
187
172
481
0
2
0
0
50
0
429
0
0
161
144
12
92
7
365
11
0
7
45
0
35
0
75
5
182
82
0
1693
56
0
14
13054
0
44
2134
474
488
410
215
584
82
585
0
1863
1993
2
19
7
2
0
0
141
0
137
168
1373
0
9
341
276
0
1539
150
63
0
0
0
0
3108
0
0
613
0
457
0
17
3
0
1142
50
0
0
545
56
0
0
1
0
155
0
118
0
1600
18
78
43
578
0
2
229
532
0
6
19
130
178
76
0
37
367
121
0
0
293
37
146
0
0
10
36
1
33
31
0
234
0
0
0
0
4
17
0
0
14
0
0
0
2
14
0
5
926
20
0
0
1995
0
0
2
2
0
68
0
46
2
0
101
0
0
0
8
0
0
176
35
0
0
0
150
0
0
0
176
55
0
0
0
61
0
0
2
24
0
0
0
1
9
0
3
0
0
39
0
0
44
979
1
0
21
0
0
253
9
170
3
3
3
0
47
0
0
0
4
0
197
0
0
2
0
13
0
41
0
0
310
48
0
475
10
0
1976
103
1
0
54
512
0
0
13
0
0
85
23
67
0
129
16
0
6
1874
456
22
0
228
1
1
53
0
24
16
0
5
0
0
0
2
666
0
2
0
0
904
0
288
16
4
0
0
80
862
338
146
0
0
5
0
0
0
6
0
0
161
0
3
63
0
0
0
0
0
125
2523
55
0
0
35
0
0
0
0
0
0
0
0
0
0
0
0
0
18
0
0
1
30
0
0
0
122
2
47
0
0
0
0
0
0
0
14
0
0
0
0
0
0
59
0
0
5
24
253
3
0
0
0
0
0
1
0
0
11
0
0
0
0
0
6
0
7
3
0
0
6
0
0
0
0
0
0
0
0
0
0
0
0
0
0
15
0
0
0
919
0
0
0
25
1
0
0
0
814
0
0
111
72
0
4
91
0
0
0
0
0
0
1
47
125
0
0
0
4
444
57
0
45
1
0
0
0
0
0
0
0
0
0
0
35
0
0
0
984
0
6
0
0
0
0
0
0
46
0
68
0
67
0
21
0
3
0
0
87
0
0
3
0
22
12
0
0
0
65
10
0
6
0
6
70
0
0
0
12
51
0
41
0
2
0
73
0
14
0
382
0
0
3
0
6
0
0
0
0
42
0
0
0
2
561
0
0
889
230
0
0
70
92
0
0
0
0
0
65
0
0
58
0
82
6
0
0
0
8
0
0
0
1
0
89
0
0
405
3
0
0
0
0
14
0
8
0
1
0
0
0
2
1
0
0
0
6
72
0
40
2
0
248
2
0
0
0
0
311
0
0
6
0
0
0
0
0
0
9
0
0
54
0
0
132
4
0
0
0
38
4
0
0
40
0
0
12
0
0
0
7
0
1
0
0
0
0
0
0
0
0
0
0
0
0
0
0
0
3
0
0
0
0
145
22
0
11
15
4
0
0
0
20
0
0
0
0
0
0
0
0
0
0
0
0
0
0
0
51
0
29
0
0
0
0
132
0
0
0
198
0
4
0
1
0
9
0
10
0
1
31
0
0
0
0
0
0
0
0
0
0
4
0
1492
0
1
0
0
0
0
0
0
0
0
0
17
7
0
0
8
0
3
384
0
0
0
0
0
0
2
3
0
0
0
0
0
7
0
212
164
0
0
0
0
0
0
0
0
467
0
0
0
0
0
0
0
0
0
544
19
0
819
0
0
53
0
0
0
0
0
0
0
0
0
2
0
0
4
1
31
0
3
0
0
0
0
0
0
0
0
117
0
0
0
61
16
0
184
1
69
0
0
0
0
0
4
0
0
0
0
0
0
9
1
0
0
0
123
0
4
225
0
0
0
6
0
0
0
0
0
0
0
103
0
0
0
0
104
0
0
0
0
89
0
0
0
0
0
0
0
0
0
0
24
1
0
0
0
356
347
0
0
0
4
10
0
0
0
0
0
0
0
0
15
0
51
0
0
25
0
40
97
1
6
5953
0
0
0
0
471
0
39
0
0
0
0
0
0
0
0
0
229
0
3
1
0
23
0
222
0
0
0
1
0
0
0
0
0
0
0
14
0
6
0
0
0
415
0
1
0
0
0
0
0
0
1456
0
76
0
0
0
0
0
0
0
0
118
0
0
320
0
0
137
20
651
0
0
0
5
0
55
0
0
4
0
517
0
0
0
0
0
0
0
0
9
18
24
0
0
0
0
0
4
0
0
7
128
887
0
0
9
20
2284
0
466
3
0
0
101
0
0
6
1
25
0
0
0
0
38
0
1
0
14
0
0
0
0
0
0
0
30
0
0
3
0
16
0
31
0
0
19
1
14
0
0
0
0
0
1057
0
0
0
279
0
0
22
0
2
9
0
0
0
0
84
0
0
0
0
76
1183
160
0
0
0
0
0
0
0
0
343
0
45
0
0
0
0
0
674
0
457
0
0
14
0
0
3
0
0
4
0
1764
0
0
0
0
0
0
103
0
0
0
28
0
107
1
2
18
0
746
0
0
0
57
0
0
0
0
0
1
0
0
3
0
0
0
1
150
0
0
0
0
258
1
1
0
226
0
1
0
31
381
0
9
0
0
0
0
0
0
0
0
825
0
21
0
0
0
0
0
261
191
0
0
42
0
425
0
0
1
0
3
0
0
31
3
0
0
0
46
6
2
2
0
0
6
0
0
0
126
14
0
0
642
0
132
39
0
0
0
0
0
0
0
0
0
135
0
0
4
53
0
0
0
2
0
0
0
0
0
2
1267
0
2
3
0
0
0
1764
59
9
14
3
0
0
0
4
11
0
7
1
2
0
0
0
0
0
0
0
0
0
0
115
0
0
0
0
1021
3
0
0
0
22
0
1
0
0
0
8
12
6
0
0
0
0
215
0
172
5
0
5
0
0
1441
60
0
3
117
417
0
207
25
0
0
68
0
0
0
2
6
42
36
2
0
0
0
0
0
0
0
0
0
0
0
0
285
82
0
953
1
0
0
0
0
28
0
0
1
0
1
0
0
0
0
9
44
8
251
0
0
0
6
0
1
1
0
358
0
0
0
36
0
0
0
0
0
0
0
0
0
0
0
0
1
25
37
0
0
0
1
2
0
212
0
628
0
0
0
0
1
0
0
419
0
0
97
0
0
0
8
0
0
806
0
0
15
0
0
0
2
0
65
90
14
29
0
0
0
0
8
137
0
0
0
0
0
0
0
0
491
416
22
0
115
0
0
0
0
0
0
6
43
1426
0
0
0
0
0
0
300
0
0
0
3
0
1
15
5
0
1
0
0
0
0
49
0
0
0
0
169
0
0
0
0
2
2
0
0
0
0
9
0
0
153
0
0
0
0
0
0
6
0
0
0
0
0
9
0
0
0
0
13
0
0
0
0
0
0
0
0
75
0
0
7
36
0
0
0
63
0
0
12
0
0
167
0
2
0
9
264
4
0
0
18
0
3
2
0
6
22
1
0
0
65
2
157
0
0
39
0
124
0
610
80
0
2
9
0
30
0
0
0
0
18
0
0
0
5
2
0
9
0
24
256
110
0
0
1
7
0
0
10
0
0
0
6
0
0
0
0
3
0
509
65
400
1
0
0
117
0
0
0
0
8
14
0
433
515
2
0
0
0
0
10
737
0
11
8
0
0
0
1
84
0
0
0
16
1
0
0
3
0
7
0
6
11
0
0
207
0
0
0
0
18
0
0
0
0
0
3
0
0
0
0
2
0
0
0
14
10
0
0
0
18
7
4
0
0
99
0
0
206
0
0
2
0
497
2
0
0
0
96
593
0
1444
0
0
0
0
0
0
0
6
0
3
0
0
0
0
0
0
79
0
28
0
0
0
0
0
0
46
1
51
0
0
0
0
640
0
0
91
0
0
15
14
0
464
58
0
0
0
0
0
0
0
3
515
0
0
0
27
79
0
0
0
0
72
155
6
0
4
13
11
0
3154
5
24
0
0
122
0
199
442
74
172
0
0
29
0
232
0
0
42
0
1
0
0
0
0
0
538
0
2
0
0
5
0
0
0
4
0
239
780
0
0
0
0
0
60
1
0
173
87
0
0
12
0
0
64
0
0
0
0
0
0
0
0
0
0
2
0
9
303
12
12
0
0
0
0
0
6
12
1
2
0
55
11
0
0
2
0
0
0
0
2
0
0
139
452
0
0
0
0
0
0
0
63
408
0
4
126
0
0
0
119
0
0
0
16
0
119
1
61
6
0
0
104
4
0
0
0
0
0
0
0
0
0
1
0
0
3944
146
0
0
0
0
0
0
0
136
421
406
0
0
300
0
9
0
0
0
0
0
0
0
283
0
29
32
99
3
0
20
0
856
0
2
0
0
0
1136
0
42
0
0
1046
64
0
0
0
0
0
0
0
239
10
0
56
0
4
0
106
0
0
32
0
0
0
1
0
0
59
0
32
97
0
0
0
0
0
0
194
0
1344
52
0
0
0
0
0
186
867
0
0
7
1
1463
0
0
45
0
0
1
546
0
1167
360
0
1
14
1
1
0
0
0
0
0
0
0
896
0
0
0
36
0
0
0
0
0
0
0
0
0
55
2
2185
16
0
0
0
0
0
0
0
0
1
11
191
10
0
0
0
92
0
0
0
0
36
0
0
10
0
0
12
0
0
0
1497
0
0
0
0
132
0
162
0
0
2
66
0
0
3
53
0
2
0
0
22
0
36
1
0
0
508
0
0
0
0
0
0
0
272
32
0
531
0
2
379
0
0
1216
0
0
43
3
0
0
0
0
0
1
0
0
0
0
7
0
0
2
0
0
0
12
0
0
0
0
242
0
0
0
276
0
0
0
0
0
0
0
0
0
0
0
4
0
0
0
0
0
0
12
262
0
5
0
0
770
0
0
0
0
131
0
0
0
0
0
3
184
1
3
0
0
0
25
1073
23
43
9
798
0
2
7
0
0
0
4
0
8
0
0
0
0
0
0
0
24
0
228
0
0
34
3
0
0
0
0
945
37
1760
0
2
0
1
185
150
0
0
54
1103
0
0
0
18
0
0
0
0
0
2
31
0
2143
1
23
0
5625
0
1
14
0
0
0
0
0
0
0
0
23
0
75
0
15
0
12
166
0
2
0
45
0
0
0
134
1
0
87
12
0
160
0
0
0
10
0
0
0
19
168
289
0
0
0
0
16
0
0
0
0
0
14
0
26
0
42
0
0
0
0
0
0
27
0
0
0
0
2
18
95
0
0
0
5
0
0
0
0
0
0
14
0
0
0
2
133
0
0
0
2
0
16
6
0
0
0
0
0
0
0
0
1
0
0
0
0
0
0
15
13
1
0
0
0
1
0
0
0
0
0
0
0
0
0
3
0
0
0
0
125
1377
0
0
0
9
0
0
0
0
0
0
0
0
0
0
0
0
1
6
0
108
0
474
0
346
0
0
110
0
0
137
0
0
0
0
0
0
736
0
15
0
0
0
2
0
14
0
0
390
0
65
0
0
0
0
0
0
0
301
0
0
0
0
0
0
0
0
0
0
1
0
0
0
0
0
0
2
0
0
0
0
0
0
16
0
0
122
0
0
0
0
0
0
12
0
0
0
0
0
425
0
1090
0
0
0
0
0
0
0
0
0
0
1
98
0
0
0
0
52
0
214
0
0
0
0
0
0
458
0
0
64
0
0
0
9393
0
1
0
0
8
0
125
19
9
54
0
0
5
0
4
87
20
0
0
0
110
0
0
0
0
0
283
0
0
0
0
5
0
238
0
34
0
0
0
453
0
0
21
0
196
0
1837
0
4
0
166
16
0
0
0
2
2
0
0
0
0
0
0
0
0
0
0
0
0
0
0
0
0
0
0
0
214
0
219
0
2
0
4
0
0
0
0
0
106
0
0
0
0
0
0
0
0
0
0
15
0
0
0
0
0
0
0
0
0
0
0
53
0
0
0
0
0
0
127
0
0
0
0
0
1
0
0
0
0
0
0
2
0
0
0
2
1
0
0
5
0
0
0
0
0
0
0
0
0
0
4
0
0
0
0
0
0
0
0
0
0
0
0
0
2
0
0
0
0
1
0
0
0
0
0
0
1
1
1
0
33
0
2
48
0
0
0
9
0
0
0
0
179
361
0
3
0
0
0
16
0
0
97
0
10
0
0
0
0
0
0
0
0
0
0
0
0
225
0
1
0
0
2
0
0
0
241
0
0
8
40
14
0
0
0
0
0
9
0
0
0
0
0
37
0
0
0
0
0
0
737
0
0
0
0
0
0
10
0
9
0
0
0
2
0
0
0
0
0
0
0
194
22
45
0
3
0
0
1
257
0
0
0
0
0
0
0
269
0
0
0
0
0
629
0
6
274
52
0
0
0
0
3
0
4
0
0
0
0
1
0
0
0
0
368
0
0
0
0
0
0
126
0
0
0
0
0
0
12
0
0
16
0
455
0
0
0
224
1
0
0
0
0
0
14
197
0
0
3
0
0
0
0
0
14
0
0
0
0
0
21
0
0
0
0
0
0
0
0
0
0
0
0
0
2262
46
57
0
31
1
0
52
3
1
15
1
12
425
22
0
0
1
0
1
1
0
0
0
0
1
0
5
77
5
0
373
0
272
105
279
2
0
0
0
0
4
0
1
297
15
1
104
6
46
1
0
166
229
68
808
0
0
0
103
6
1
1
7
0
0
19
0
51
307
0
85
0
2
0
92
0
4
0
0
67
0
0
0
405
0
28
0
0
4
1
0
119
0
181
17
494
0
27
0
0
0
0
0
54
41
190
13
17
0
11
0
32
0
1
347
11
0
0
151
0
134
8
1154
179
1
0
0
64
0
2
1
0
0
0
0
0
266
0
278
0
928
0
0
0
0
0
16
23
0
0
0
1
0
0
0
0
155
168
33
0
0
800
0
0
3
0
0
14
0
0
497
0
22
0
2
1
0
21
57
0
0
179
0
15
0
50
0
7
0
128
0
0
13
0
0
451
283
1
3
0
21
0
0
15
0
0
0
0
3
448
0
0
0
2
0
4
2
0
8
0
0
475
255
0
4
546
0
301
0
82
23
61
0
53
0
0
19
351
0
65
0
0
2
399
0
0
0
63
2
80
0
5
0
0
0
0
0
0
154
0
0
0
0
0
0
0
0
1
56
0
0
0
0
0
1
1
0
3579
6
660
2
0
0
0
34
36
0
402
1
0
0
17
0
0
23
0
3820
25
557
0
0
154
13
112
5
2
0
2675
0
377
222
368
0
162
0
79
1229
398
0
0
0
0
1122
0
2624
0
0
0
0
4
180
6
9
0
0
0
44
3
75
4
9
99
327
0
906
0
4
0
216
83
1
0
218
91
1
416
0
30
80
0
1
5
41
0
0
0
4
0
270
0
1
4
1748
0
0
2
33
1
50
166
30
11
0
181
142
0
0
1
0
0
0
0
9
0
2
3
0
26
0
0
0
448
33
108
0
25
0
0
0
359
0
0
55
0
38
0
0
152
77
3
147
0
0
0
0
232
1
44
0
2
0
0
0
0
0
0
0
81
134
9
0
11
224
79
0
0
359
13
66
0
8
0
264
12
0
40
0
0
0
31
1142
0
34
0
12
611
40
13
7
54
0
3088
19
1
14
2
1
538
0
0
76
115
545
0
146
536
2
0
26
19
44
0
277
1
0
0
0
0
0
7
107
0
0
183
0
70
3
0
48
0
0
0
0
0
80
0
114
64
0
0
0
0
0
0
0
506
22
776
1362
409
14
0
13
16
0
15
0
0
0
330
771
0
212
1
0
0
684
3
0
90
0
0
0
37
1
12
0
5
0
160
0
24
0
28
0
0
117
0
0
32
0
85
823
22
0
0
40
489
210
0
0
0
0
0
0
919
27
0
706
0
0
0
40
9
457
11
0
4
0
32
5
175
339
1
3
0
0
0
65
0
0
1
0
0
0
24
0
1072
0
79
295
0
0
0
1
24
248
0
0
0
0
26
0
11
380
0
0
0
0
4
0
16
0
14
0
1
0
52
17
0
0
0
1
998
0
0
93
0
0
0
0
9
0
86
35
0
0
2
0
13
159
0
0
0
2
143
18
0
20
0
15
1
28
29
0
77
0
2
0
0
82
0
11
329
0
4
2
0
0
0
120
0
84
28
1
0
0
99
5
0
0
0
340
142
1
0
0
0
0
0
266
22
0
0
8
0
0
0
0
0
0
112
0
0
2
0
0
0
0
1611
0
52
0
0
0
11
0
0
0
0
903
0
0
0
84
0
153
0
0
0
0
192
0
0
6
0
0
0
0
0
72
0
1
0
1079
0
3
1
0
77
0
1273
0
0
0
1
1543
71
0
121
17
0
0
0
7
263
0
37
16
8
0
0
0
0
22
13
23
498
111
48
0
0
5
0
13
0
0
403
910
0
79
0
0
0
2
0
7
323
0
0
40
0
323
53
100
0
0
183
270
9
80
0
477
0
39
0
0
0
0
0
3
249
853
61
36
23
0
0
1
1
178
62
0
0
4
520
1
0
37
0
0
145
87
0
348
14
1
713
2
0
35
0
0
0
0
0
648
0
4
0
0
0
0
0
37
0
0
407
0
0
0
2
0
0
45
0
54
47
13
3
0
10
0
0
0
1065
189
0
20
7
160
0
10
12
0
0
0
0
0
0
0
3
0
5
0
0
29
0
1
278
10
33
0
0
8
0
8
0
0
0
1
0
5
1
15
0
12
52
3
0
0
1
0
0
0
0
145
3
0
1
5
0
1
0
0
0
29
156
0
1
3
1
993
0
2
33
72
29
16
0
0
0
0
0
0
0
0
2
11
0
18
54
0
0
0
27
0
213
1
0
0
658
26
0
0
2
27
10
0
0
79
1015
0
8
0
103
14
2058
101
655
0
8
238
25
0
701
0
0
11
19
1
2
35
0
0
171
0
1
0
11
7
0
11
0
0
0
0
21
0
0
0
0
0
103
128
65
22
0
0
4
140
0
79
176
0
0
0
0
12
0
0
75
0
38
2
3
37
24
1421
9
1
5
0
0
0
68
31
1625
0
4
10
0
0
0
0
0
0
47
632
0
0
0
0
0
0
46
167
6
31
1
617
154
0
1
0
242
2792
0
478
0
0
31
224
22
0
13
8
0
0
29
27
0
0
31
0
0
1
0
20
240
238
565
2
0
67
1
0
0
25
0
0
52
0
0
0
1
73
33
0
7
0
0
26
322
0
2
0
2
0
5
467
0
0
263
469
1444
474
0
0
125
2
41
0
1
0
244
5
0
0
0
0
22
0
4
0
0
0
33
4
411
2
4
0
32
2
0
1422
0
1986
0
0
0
73
20
26
0
1339
0
0
28
53
544
38
2
824
23
15
0
46
9
525
7
0
0
0
0
5
1215
0
151
0
102
22
0
3
32
285
0
84
10
1036
268
12
3
0
33
1
2
5
0
311
245
349
2
47
0
186
0
41
0
0
333
70
0
0
0
417
0
1
0
36
7
150
0
511
0
0
6
0
6
77
0
364
65
20
9
258
165
107
13
6
1
91
0
0
0
116
0
0
68
0
0
0
160
0
0
4
0
0
0
36
1549
25
3
483
198
0
818
0
0
0
5
0
361
72
1
165
18
0
0
0
0
0
35
29
61
0
231
0
0
0
0
12
0
348
0
2
669
0
0
0
11
0
0
0
115
40
0
2
0
0
124
0
0
589
0
1
0
20
0
0
37
0
51
0
8
72
0
25
0
3
0
582
42
317
0
0
581
139
0
65
27
0
0
0
0
70
4
6
0
0
0
0
19
2
125
0
84
4
28
31
23
0
34
0
0
0
0
10
22
14
129
894
1090
47
106
0
1
0
18
0
374
2
0
1
0
615
5
36
951
35
547
540
0
0
12
0
125
0
11
0
1
400
46
2
0
64
9
0
7
0
72
81
193
3
0
0
0
97
0
0
0
311
42
0
15
30
0
65
0
24
14
1
0
16
0
0
185
396
0
17
0
158
12
0
0
1
0
428
2
0
3
4
0
0
1
0
0
0
0
0
2
10
410
209
232
1
0
0
0
59
37
0
0
0
0
0
55
199
0
0
0
10
0
0
0
0
11
3
0
0
0
0
2
0
0
19
0
0
26
35
7
4
0
0
17
179
12
0
38
0
195
3
0
0
0
1
124
0
402
0
258
0
117
16
1
85
411
608
0
0
35
0
0
0
38
3
11
7
2
8
25
86
7
2
10
432
0
30
0
22
820
0
0
0
48
4
21
101
14
44
33
11
12
0
7
10
0
428
0
0
0
48
1
0
10
0
0
61
19
130
9
3
0
0
0
30
71
7
142
0
0
471
0
631
0
0
6
778
0
0
40
0
0
0
30
0
0
156
13
0
0
0
0
15
0
0
0
0
0
6474
5
33
0
0
0
2
170
16
71
208
171
1867
80
0
52
0
573
23
0
221
0
72
0
41
4
116
0
48
0
0
0
1
0
1
0
6
5
109
0
0
0
0
117
7
17
364
0
0
0
259
0
0
0
0
8
0
127
3661
0
375
0
0
15
92
14
0
0
5
4
0
0
0
302
0
0
0
48
0
12
0
1
1
1
2
140
35
95
0
11
534
0
0
0
5
0
853
0
0
0
133
0
328
184
8
0
1
0
0
0
2
0
0
367
83
244
0
222
0
0
3
1626
1
14
0
0
13
0
1
0
0
0
0
345
1
0
67
0
3
0
0
0
7
2
0
955
0
2
15
3
623
0
0
0
0
482
0
218
23
0
0
3
0
0
0
1531
0
0
0
0
0
1
0
0
0
40
4
0
0
7
0
187
11
0
89
0
49
22
0
80
0
0
0
0
0
45
0
0
0
0
0
1
0
3
27
1
478
0
0
1239
0
0
0
73
0
0
5
437
13
110
0
3
29
0
0
0
0
10
2
9
68
5
5
0
0
0
0
0
2
0
4
0
1413
0
39
328
3
0
0
0
11
0
0
597
0
0
462
0
0
2
0
332
1
0
0
0
1
1
58
19
0
5
0
10
1
0
637
0
55
0
4
30
0
0
0
76
0
2
8
71
274
0
8
1
163
23
0
7
0
0
0
0
0
0
0
1
582
3
0
0
0
1
29
0
0
2
291
0
0
0
0
407
18
0
0
0
191
757
0
8
5
0
54
71
59
318
0
0
0
2
14
0
7
396
18
84
17
0
334
448
2
1
2
16
7
2
0
47
187
0
0
0
0
3
0
158
1
5
0
0
0
447
14
0
235
420
101
44
0
12
1
0
16
7
0
64
201
0
75
51
103
897
0
0
408
0
6
0
0
0
0
260
0
717
0
89
716
33
82
0
0
0
0
22
1
28
0
0
0
168
3611
0
550
133
5
0
18
0
65
0
0
2
0
0
0
363
2
0
0
0
0
0
86
0
20
41
0
1407
0
0
0
0
90
18
0
93
0
0
0
0
0
0
0
0
0
0
141
0
115
0
17
19
171
110
0
57
0
0
0
0
0
0
131
1
0
14
72
0
0
199
0
0
0
0
10
23
0
257
89
0
42
80
0
0
51
628
0
0
0
4
1
0
17
1058
67
0
0
0
0
2
0
32
105
1071
0
452
23
258
13
1
0
2
3
0
1
338
1646
0
0
0
0
0
184
146
46
3
6
0
2
13
273
0
2564
1
0
548
371
0
0
0
0
0
0
24
44
0
0
3
2
0
131
0
0
83
38
1
397
0
271
0
89
0
0
0
0
0
0
213
2239
0
336
0
233
3
149
643
0
0
0
0
167
131
0
91
284
8
8
4
10
431
274
0
0
0
50
0
0
0
2
0
0
0
13
0
0
12
0
17
0
0
0
874
0
0
0
484
2
10
0
205
0
0
4
1247
0
0
0
747
89
0
0
6
1
0
48
139
1248
0
0
113
0
447
0
5294
0
10
192
0
0
0
3
0
0
0
0
0
65
0
592
204
0
27
8
29
0
126
1
104
558
3210
3
336
314
0
0
0
15
0
143
9
0
1
0
0
0
345
0
15
0
0
0
42
0
0
77
35
0
5
25
146
96
3
1
0
0
6
376
3
175
24
2
0
0
0
502
0
0
216
0
0
0
0
1302
0
44
0
0
127
0
0
1
0
95
1
0
0
333
2
0
34
0
14
3
0
1
168
1
3
208
322
0
0
14
26
74
4
0
0
0
81
0
63
0
0
3
14
0
0
335
137
0
19
647
36
112
462
265
0
0
1
0
0
3
0
481
323
0
0
0
0
18
223
9
1
15
2
847
0
1
0
0
267
70
144
1
941
30
0
0
296
3
0
0
0
0
4
303
28
36
10
434
0
0
0
0
0
0
444
0
4
164
247
22
0
31
0
0
0
221
233
116
0
2
0
4
148
0
4
1001
0
0
0
163
0
0
0
2
3
982
729
0
3
5
256
0
0
0
0
0
13
494
890
0
637
0
20
2
0
58
0
5
0
0
0
7
0
0
0
0
0
3
101
4
0
0
0
91
0
0
0
0
0
8
1262
17
0
0
388
0
221
48
8
2
34
47
0
2
0
0
581
28
0
4
146
584
0
0
0
0
0
0
0
0
0
0
5
0
40
0
869
0
0
0
497
2
0
109
0
12
0
0
0
0
0
366
440
0
448
0
0
50
0
5
0
0
0
0
28
0
0
3
0
0
0
849
76
19
96
0
0
0
1
0
111
74
0
9
548
0
0
0
243
0
0
3
12
2
674
5
0
375
7
0
0
1
0
0
0
0
0
29
3
0
0
0
1
0
0
0
0
0
0
0
215
0
0
12
0
2
6
0
0
0
57
2
1
0
637
0
1
1620
0
28
0
7
28
0
0
0
18
21
0
8
1389
0
64
0
0
112
3
0
193
0
181
0
0
2
14
551
0
0
0
0
0
47
185
12
0
1
0
27
421
781
2
11
6
0
11
13
0
0
17
31
0
2
24
40
0
0
0
211
0
0
0
2
36
0
203
0
0
9
24
1027
79
25
111
0
0
33
1190
1
1
1247
0
0
1
24
127
0
0
43
0
0
4
10
0
22
0
16
0
0
0
0
2
0
0
0
915
0
10
0
87
0
0
16
18
0
0
0
0
33
0
8
0
6
53
12
3
0
0
503
0
152
31
4
0
209
0
0
0
26
163
1
1
0
15
0
405
0
0
0
153
1008
0
0
58
0
142
0
0
0
0
316
0
0
0
2
28
24
6
74
24
0
63
0
0
0
424
86
38
1
31
6
0
17
0
0
71
0
3
0
61
408
0
0
0
73
0
976
0
3
376
0
0
0
0
3
1
0
3
5
4
100
0
7
48
0
367
20
0
0
100
0
0
0
0
352
0
825
602
122
200
0
0
196
1751
0
0
0
33
0
0
5
0
161
0
174
13
0
142
620
0
0
0
2
9
0
274
0
0
73
0
0
639
0
6
0
28
822
0
0
0
65
2
0
47
210
0
1
0
0
285
293
33
16
0
0
0
3
0
4
0
0
25
0
0
11
13
7
1000
460
1
1
127
0
0
0
0
3
0
0
0
0
638
5
122
1
3465
0
628
1
0
2
126
0
5
0
3
5
45
45
226
43
15
52
0
65
0
79
3
6
0
0
0
71
2
0
162
10
188
0
0
0
0
9
66
256
0
6
4
0
0
2157
0
221
48
117
59
66
6
1
0
209
19
0
256
0
0
0
0
110
0
0
4
0
43
0
0
0
16
3
0
12
0
354
0
0
0
11
0
0
0
0
366
0
0
0
59
0
14
84
0
3
0
113
0
0
0
255
0
1
7
490
34
54
43
0
6
359
1
2
282
0
0
0
200
0
0
0
70
0
1
0
0
0
206
13
857
41
0
0
0
0
257
0
16
0
271
71
0
261
5
156
102
45
19
91
0
0
55
545
0
564
0
23
0
84
0
0
0
0
537
0
0
0
39
0
1338
0
10
0
7
0
41
0
2
6
95
0
3
115
5
0
0
0
60
0
4
92
1
0
4
232
53
65
14
0
0
0
4
63
124
0
0
39
0
4
0
0
0
0
481
0
1
28
11
66
2
0
0
0
200
0
34
0
22
64
12
0
0
0
5
0
27
3
29
0
15
0
0
70
0
15
385
0
252
90
0
43
0
61
62
0
24
0
37
0
197
42
11
0
0
213
8
12
0
4
0
66
591
1076
59
0
0
0
0
0
232
198
2
30
3
96
0
34
0
0
0
0
25
0
64
0
10
16
127
11
0
6
40
149
0
120
0
0
0
22
12
0
0
0
3
0
208
48
0
93
24
1988
1
320
0
24
26
0
1
0
0
10
0
0
0
0
0
1
55
3
0
0
0
8
157
0
99
35
346
40
0
912
38
131
0
0
0
0
3
0
608
0
168
15
6
0
7
0
0
0
38
0
13
0
0
0
65
39
792
37
4
20
0
1
2
16
0
1
111
0
1
27
260
0
0
0
430
0
503
5
0
0
32
372
7
0
208
56
0
1
0
0
0
472
5
32
815
464
1
104
0
0
134
5
680
213
0
0
0
34
0
63
131
132
7
7
0
5
0
79
984
0
0
39
4
2
0
0
0
89
0
765
595
315
0
0
522
0
565
0
0
6950
1
0
0
0
24
6
8
0
0
25
0
235
78
0
490
24
77
4
0
482
0
0
209
121
9
0
0
78
9
205
0
0
2
0
8
0
0
0
3
0
31
0
0
0
45
0
226
1
0
332
0
638
66
0
58
0
6
167
0
0
45
48
2962
0
0
0
622
515
1
0
56
4
0
948
22
146
0
0
0
0
4
130
11
3
7
0
0
0
6
0
3381
4
0
0
0
82
3
0
0
0
0
0
15
0
6
138
0
14
67
0
0
0
878
0
108
216
0
0
0
0
0
397
0
0
24
0
20
0
340
0
6
0
4689
14
64
0
1
0
41
53
34
0
4
0
18
0
8
303
22
641
0
0
0
382
9
0
114
191
0
154
0
6
0
0
0
12
86
10
427
213
0
0
0
0
569
0
2
0
197
15
0
826
30
0
4337
33
606
114
1
12
0
0
0
78
17
20
0
0
41
52
28
3
0
334
0
1
56
13
0
0
0
0
0
8
0
2
0
0
0
760
0
10
0
0
0
0
18
2
0
0
85
0
760
0
0
0
0
1273
7
4
0
8
0
32
0
261
192
0
0
0
0
2
0
0
0
0
0
0
0
0
0
0
0
0
0
14
0
0
0
0
331
0
0
0
0
0
9
15
4
3
0
183
33
1
606
0
0
0
0
0
0
4
4
0
0
150
0
0
0
0
4
2
42
86
0
0
0
0
0
24
3
2
0
22
88
27
0
0
9
352
3
0
15
171
0
0
44
38
0
0
195
31
0
3
1
0
851
201
0
0
109
0
17
0
165
29
0
0
65
19
931
55
0
22
0
0
0
8
0
412
0
0
0
0
0
0
0
0
0
184
2
126
0
0
0
0
0
0
14
333
0
8
63
448
0
0
150
0
0
0
152
0
0
4
381
2
0
0
0
0
523
0
0
0
0
454
0
0
0
5
0
1
1
0
0
0
0
0
0
0
0
40
0
1513
0
0
392
10
1
101
0
176
378
12
111
0
0
16
0
1034
0
0
0
0
69
3
0
8
0
1
0
51
0
0
2
0
340
340
241
0
19
1
71
0
0
0
0
0
0
0
1753
1
2
17
0
0
0
0
0
0
79
0
0
267
29
278
127
3
38
0
0
0
68
0
790
0
0
192
0
0
0
0
0
0
0
1
294
0
0
0
0
0
756
6
15
7
0
585
0
0
0
18
0
0
64
0
4
0
73
43
0
0
4
363
0
0
4
0
207
31
265
0
10
11
3009
0
0
156
0
1
0
0
0
4
0
1
378
24
0
1
0
0
99
0
0
9
2934
0
163
44
64
1
0
71
8
0
36
7
656
563
0
43
0
2
0
8
0
0
6
8
321
0
1
0
0
0
2
0
149
5
242
0
0
0
7
11
780
0
2
0
0
0
0
3
0
0
0
0
637
90
0
0
0
0
3
0
54
187
0
242
0
0
0
22
0
2
16
0
0
0
0
101
0
104
67
0
149
51
0
784
0
0
5
0
63
0
182
0
113
32
0
0
0
2
0
0
0
0
9
0
0
0
0
18
2
54
1014
0
329
0
555
0
399
0
0
8
6
7
171
0
239
66
11
0
5
10
0
8
0
0
68
15
71
7
1
0
1
0
1
0
10
0
0
81
0
0
427
0
1
0
0
0
0
0
0
0
39
0
28
3726
106
0
79
0
0
0
96
0
0
0
0
0
0
21
0
0
0
0
2
32
401
18
38
0
5
0
306
0
6
0
0
0
0
0
3
0
0
3
126
191
0
1057
0
33
127
1324
170
2
0
0
0
1
262
91
0
0
0
0
0
152
0
0
0
0
0
11
116
56
2809
0
0
18
230
516
0
0
5
0
108
0
123
0
935
0
0
46
0
0
0
3
0
117
1
179
35
108
0
673
3292
238
0
32
3
16
0
0
9
0
25
0
0
0
70
0
71
0
0
0
933
470
40
0
0
0
0
2
1
90
0
34
53
0
1
2
960
7
46
3
7
0
0
0
2071
0
57
0
6
440
0
0
2807
3
82
9
221
1
2
5
0
0
641
0
1249
0
0
0
873
1
0
0
131
0
68
1058
0
0
4
5
1217
0
0
0
121
0
0
0
0
0
0
87
0
0
11
22
44
0
3
0
78
285
10
0
0
0
1
0
0
254
0
3127
0
0
4
8
0
1
0
28
0
0
0
1096
0
831
0
0
104
1
0
0
1
18
159
1
0
45
0
306
0
12
0
70
20
135
0
260
0
0
0
0
0
0
0
64
0
0
123
0
14
1
835
0
0
0
86
3
0
113
0
0
11
0
80
46
0
8
0
0
0
428
25
11
0
0
0
0
0
0
1
0
109
267
0
45
181
12
0
82
0
196
0
39
0
9
0
0
0
0
20
0
0
6
39
0
38
339
0
0
2
72
82
4
8
0
520
0
23
0
0
0
0
0
7
15
67
0
0
0
0
77
1
0
13
0
27
23
0
0
0
38
1
0
973
22
0
78
101
0
0
31
49
0
2851
564
4
116
20
696
60
0
0
22
0
25
399
0
84
0
0
1
1
0
0
0
1
0
0
97
1
0
0
4
4
0
0
0
0
1
0
127
0
24
0
37
0
0
0
0
0
0
0
0
0
327
0
2463
2
1
6
0
392
0
0
0
0
0
0
0
6
0
0
367
0
9
0
0
0
120
0
805
68
0
0
46
0
0
1
27
0
0
0
0
0
0
106
9
0
0
0
5
27
49
0
3
0
76
12
0
40
16
0
0
80
5
0
0
0
0
57
112
3
20
0
0
0
25
0
1
1
0
194
0
9
298
0
0
0
12
0
0
600
4
1
0
2
0
0
0
385
1265
0
13
0
0
12
217
0
0
0
0
64
304
0
185
741
0
0
1
0
0
108
0
2
0
7
0
0
109
0
6
0
852
0
0
0
1
339
0
0
2
0
0
0
0
280
54
0
0
56
0
107
0
0
493
0
0
149
5
122
100
0
0
65
0
0
2
68
29
3
1
0
16
57
77
0
0
0
2
0
0
2
0
0
99
0
0
15
48
0
0
12
0
155
59
22
0
0
1
0
1
1
814
2
141
0
18
0
0
286
0
0
4
0
207
0
13
1
42
2
957
0
0
33
197
176
86
56
0
1
184
0
1387
0
61
5
105
4
0
42
121
0
0
384
0
158
0
0
0
0
0
0
15
1
144
0
0
0
14
0
4
0
0
398
0
0
157
0
277
82
0
289
2091
2
1
0
0
0
929
73
0
0
0
2
1
0
0
0
396
57
0
0
2
0
613
0
64
13
0
14
2
0
0
0
114
0
94
37
5
0
4
235
0
328
0
48
1300
1989
13
89
0
0
14
91
5
0
358
17
22
0
0
25
110
14
0
557
0
0
168
0
0
2
0
1
0
11
1
0
0
3
71
0
0
1
11
1
27
0
8
0
103
0
8
119
0
4
130
11
0
1
13
88
1
0
0
0
0
41
1
0
13
3
0
5
0
0
13
91
239
13
0
0
0
0
0
0
0
441
0
0
0
0
450
0
0
0
19
0
0
2
0
80
0
5
0
0
2
12
24
6
0
1
562
89
0
0
0
0
0
0
16
68
24
0
1216
0
74
132
0
0
33
0
10
13
0
0
0
2
0
21
0
8
0
84
64
1
0
49
63
0
0
2
0
0
0
80
0
0
1
2
88
0
2
20
110
0
106
0
24
34
0
509
0
0
1
279
17
15
0
0
0
0
15
0
373
0
322
118
0
48
53
21
201
0
29
33
10
0
0
30
42
0
184
4
0
382
0
7
0
1505
0
2
0
9
0
0
0
0
277
9
0
0
265
0
0
0
36
1315
0
0
0
0
369
0
0
11
1
0
0
0
0
0
101
0
2
375
0
0
776
1
26
237
0
957
0
267
19
0
0
8
39
128
403
0
68
58
0
4
382
43
1
0
0
0
0
0
341
31
0
0
0
32
504
53
4
978
0
0
0
0
11
1696
7
121
83
0
30
236
5
822
38
1
0
142
193
0
0
0
0
0
0
0
39
680
222
327
1
1631
150
305
0
92
0
5
0
0
0
327
0
8
0
498
12
0
0
0
49
52
0
0
4
67
1921
167
36
0
0
4
158
0
1
0
0
0
0
11
0
295
79
0
2
0
21
31
6
4
0
0
4
0
0
203
0
16
31
24
0
21
0
5
303
1
1450
0
1
34
21
601
3
0
41
0
6
0
0
0
0
0
0
0
23
592
0
43
0
0
0
1
0
0
61
79
25
0
0
6
0
5
0
10
47
29
52
128
117
2
0
0
0
0
0
183
31
74
0
0
42
0
166
0
185
2
471
52
0
0
0
8
32
38
56
0
3080
6
1
0
9
3
0
8
145
3
0
0
0
36
257
0
0
21
11
467
0
920
1165
12
63
209
22
8
42
7
91
0
114
745
172
1
39
0
0
0
233
4
0
1
5
287
279
1539
2174
0
148
3
445
0
0
0
0
0
0
0
33
0
0
0
3032
291
87
0
743
218
3
8
26
0
2093
0
0
0
0
0
5
21
9
0
0
715
1
74
2
18
0
0
251
644
0
21
9
0
578
5
314
0
0
135
128
29
48
0
0
0
0
0
0
2
24
335
9
0
1
5
155
1121
0
6
4
20
4
178
2
1015
0
0
185
6
0
0
0
1
0
263
0
0
0
7
136
0
0
0
788
0
122
125
82
128
0
0
122
0
3
0
74
0
34
0
12
0
1240
1256
6
285
15
6
0
154
100
100
0
145
0
0
0
0
167
0
0
0
0
0
2
0
71
11
90
29
70
126
18
6073
682
30
1
104
0
0
0
0
0
0
11
0
0
0
0
67
81
19
1
3
9
13
0
115
18
677
0
2
15
24
0
12
0
11
0
0
8
141
0
9
0
0
390
0
0
0
17
0
628
858
0
0
0
515
1
2
178
29
538
371
0
157
0
100
2
0
0
0
93
0
98
0
0
283
4
0
0
1
0
0
0
1
673
22
27
349
1
3
9
0
293
0
0
0
0
18
0
0
36
8
0
0
253
69
936
0
0
1158
0
0
497
0
0
0
0
5
0
0
3
48
0
1
2
4
0
120
0
2
0
0
0
0
0
0
1
152
1
0
0
3
0
0
13
0
0
0
0
1
5
0
494
3
0
188
0
0
45
0
0
4
328
0
2
578
0
0
0
0
0
11
134
2
17
0
246
104
0
0
17
0
0
0
0
0
0
7
0
0
0
42
0
0
188
33
10
0
0
376
456
0
0
1
0
943
0
0
0
60
64
1157
0
0
37
0
0
0
26
8
9
1
0
0
0
0
264
5
0
528
0
167
0
309
0
28
29
9
76
346
0
979
23
0
0
0
272
0
0
106
0
23
0
0
2
0
652
1
0
1
0
2
1
1
24
0
0
437
0
0
0
0
0
1
13
121
46
21
0
0
13
3433
359
0
10
0
0
0
4
0
0
0
10
18
36
22
23
2453
0
0
0
540
0
8
0
0
0
0
493
73
1
2
0
167
0
0
2
81
0
0
0
0
6
67
0
0
4
0
0
4
0
6
0
0
105
13
42
0
0
0
0
9
0
0
0
6
1
0
0
0
50
4
0
135
0
0
2
0
0
0
0
0
0
0
0
0
1377
0
0
0
32
0
50
55
105
0
5
15023
0
0
0
100
6
0
0
0
0
0
0
0
0
0
120
0
0
0
19
0
0
0
0
0
0
0
0
0
0
68
0
0
0
14
1
2188
17
28
0
3
0
0
4
0
0
2004
555
251
57
10
0
0
63
0
183
41
116
464
7
351
371
294
0
209
70
0
10
0
1
2
0
3
116
0
0
0
1
28
13
302
1
222
2
102
0
0
0
0
24
43
5
0
0
1
45
5
42
4
93
0
2
13
11
0
0
0
0
0
0
0
0
2
0
0
0
2
0
46
16
0
0
0
1436
0
0
1
2313
222
0
200
0
0
0
0
4
424
0
0
1223
10
0
211
2
0
45
17
0
0
0
0
1
238
0
4
1
0
0
0
247
117
0
0
0
0
0
6
0
0
2
41
1
1
0
70
0
0
0
0
293
0
0
340
5
0
0
109
0
3
103
0
0
64
0
0
0
0
41
0
0
0
21
2
0
0
6
0
0
26
10
0
0
0
3
24
0
24
0
0
0
0
825
0
63
0
0
4
0
0
0
0
0
98
851
0
0
0
17
0
101
0
0
0
17
74
0
0
0
231
0
0
168
40
0
0
10
0
0
952
1
0
0
965
0
0
5
45
0
127
1490
0
0
0
1
0
0
0
0
0
0
0
72
40
0
0
0
0
0
0
0
0
0
0
602
0
52
0
15
0
0
0
0
0
0
0
2
0
0
0
0
4
0
0
0
0
0
0
243
0
90
0
0
0
35
0
0
0
1198
0
1564
0
300
0
0
0
0
0
15
0
2
0
0
0
0
0
0
8
0
0
0
0
641
17
0
0
181
0
0
0
0
0
0
0
10
0
0
71
0
269
41
0
0
0
13
0
48
0
1
2
14
1
0
0
3
0
0
0
0
0
0
0
0
0
0
0
0
0
13
142
33
0
0
0
0
1
0
0
0
559
0
0
0
15
16
0
8
0
0
0
0
0
46
3
0
0
0
0
1073
175
0
162
0
0
0
0
0
0
0
0
30
366
13
132
0
2
5
888
312
0
7
104
0
0
0
0
0
0
267
0
1
0
0
7
1132
0
235
1
0
11
0
383
0
0
0
0
0
441
0
0
0
0
0
0
17
0
2
0
72
107
1
0
0
1554
0
2
228
0
987
2
0
0
0
0
0
0
13
0
0
0
0
0
0
0
2
0
65
0
59
0
3
438
0
770
0
4
0
0
0
13
0
0
6876
0
0
0
0
0
0
0
0
0
33
0
0
3
0
0
400
0
251
0
0
9
0
483
82
0
204
0
0
541
0
7
0
0
1
0
1104
0
0
0
0
0
0
1722
17
0
24
0
0
1
0
0
0
56
0
29
0
3
4
0
93
3
3
178
0
0
0
0
2
0
0
0
15
118
3
0
0
0
0
0
0
0
0
1
126
0
0
0
0
165
0
0
0
2
0
100
0
0
0
0
0
0
0
0
0
0
0
3
0
2
153
2798
179
0
0
0
0
48
0
3
0
0
0
0
0
0
0
51
0
175
46
0
2
77
1
0
0
0
1078
0
0
93
0
0
12
24
0
0
74
1
5
0
5
751
202
15
3
0
19
0
22
0
55
0
22
2
100
0
494
0
0
338
0
324
121
29
0
1
1
309
0
0
193
43
0
308
0
1
0
64
0
203
0
0
0
0
0
127
1547
1051
5
0
0
0
0
0
1250
137
203
0
325
2
0
2
2
218
0
0
29
0
15
53
30
0
3
55
14
0
0
0
118
5
126
618
70
94
255
0
0
3
262
0
139
0
0
54
1
8
0
0
61
1
0
8
1
7
24
0
84
1491
0
0
2129
6
0
85
1512
1
11
72
0
4
1
11
14
0
0
0
0
0
0
1
3
37
7513
327
0
646
1
182
682
16
0
74
0
0
0
1
0
86
10
66
9
0
0
41
154
456
4
0
767
0
63
0
49
0
71
83
98
1
0
50
0
184
0
0
0
0
91
0
13
55
168
41
0
0
381
15
161
229
77
0
0
67
1041
6009
0
0
4939
81
532
0
1
0
0
174
297
0
36
16
305
0
0
0
304
0
255
0
4
4386
2
114
2842
0
0
3
698
0
15
81
269
104
125
414
1
2
640
70
33
0
94
37
0
92
516
0
0
8
336
0
0
0
0
0
2
7
0
0
3
444
28
298
84
498
1103
0
20
109
0
21
0
1211
0
157
9
30
0
5
0
128
0
1420
420
1850
0
0
103
169
0
390
193
0
0
0
3
0
940
9
151
0
70
386
3
0
0
2
255
0
0
9
284
0
99
0
0
13
0
30
27
0
289
0
378
36
0
86
60
0
1063
0
976
2
263
0
0
0
18
160
234
5
0
1
945
3
425
0
1
210
244
43
0
1
184
68
0
181
0
6
0
150
61
0
0
3008
0
0
413
22
101
41
302
2
7
33
14
23
183
0
37
26
0
121
758
113
57
2
684
75
3
747
7
0
459
0
3
11
34
0
0
92
82
1018
11
7
0
0
0
376
110
471
129
401
2
17
0
0
0
74
517
41
0
0
35
65
0
8
22
134
950
0
0
267
0
213
9
77
3
0
4
17
7
512
0
0
71
3
5
179
40
0
66
0
164
28
9
0
0
66
9
490
0
0
0
0
5
5
6
258
21
0
0
10
0
0
0
160
1157
2
0
0
0
64
1087
48
124
2119
336
38
1
0
32
19
0
474
6
98
83
22
21
3
0
11
346
0
0
19
7
2
459
0
9538
7
45
45
0
0
131
1
0
0
25
0
15
74
2
0
306
0
1
7
1
5
337
0
0
60
481
0
0
33
61
0
0
406
1397
0
0
19
0
0
0
974
23
9
0
6
0
0
0
53
20
621
0
33
0
1
11
2652
0
2
1
13
1217
0
0
0
0
13
105
0
471
56
0
2
524
734
4
0
12
10
0
2
18
0
1219
31
603
1194
0
1
0
863
0
0
0
79
8
0
53
0
1
111
0
0
5
131
139
162
29
81
0
0
0
2
93
0
0
440
22
0
206
0
0
0
672
270
1433
329
4
214
18
3
1364
2
0
0
2
0
276
265
178
18
381
24
0
122
0
2
29
0
1650
0
10
42
353
19
153
17
0
5411
0
0
0
48
0
0
986
0
133
380
427
0
123
0
92
13
2
37
14
166
3036
0
7
0
834
0
164
22
148
0
32
61
0
212
0
1
3
0
0
1603
0
113
0
0
0
6
63
185
456
0
2
1
0
0
0
3
0
0
924
723
1
0
11
0
0
156
0
0
10
0
0
0
52
13
621
61
0
21
0
12
128
326
12
3
0
109
1
0
9
3
2836
13
0
0
204
0
1
424
0
98
0
4031
28
0
17
0
0
343
0
0
0
34
40
72
0
0
212
214
38
0
216
71
0
0
0
1078
29
0
47
297
4
77
1
104
0
110
12
0
0
0
74
24
0
247
118
0
7
0
0
0
567
545
1
51
0
0
102
319
32
0
162
0
210
158
58
0
4
7
0
11
4
2
0
0
1683
15
23
0
0
0
0
1981
115
170
141
0
0
65
17
14
111
8
0
1
2
0
0
0
420
0
0
16
36
61
128
618
1
0
107
0
2021
4
235
0
66
0
158
35
116
0
215
49
67
1
26
0
674
127
21
0
815
426
0
367
0
12
0
0
0
0
1240
134
0
511
0
0
80
0
7
0
1243
110
1
0
0
81
671
87
0
0
1
106
0
0
13
148
2
0
0
15
3
54
0
0
0
431
4
0
1
1224
0
14
7
16
0
3
14
140
0
0
389
0
0
0
0
0
128
16
0
0
34
0
0
13
0
0
10
0
0
2
122
44
167
0
2
0
7
12
4
3
0
0
0
5
4
0
18
14
0
0
0
0
1
0
0
24
0
0
38
0
0
65
0
0
0
0
35
0
0
0
6
24
5
0
1
2
0
13
2336
0
0
0
0
11
5
52
23
0
0
79
167
0
1687
174
6
47
6
142
0
216
0
5
118
2253
5
0
0
46
0
0
1043
5
268
0
3
34
0
84
164
2
198
5
132
14
0
59
129
35
0
0
40
926
24
3
51
24
0
746
16
835
2557
0
0
110
37
0
1
10
374
17
32
55
254
13
95
21
0
124
219
230
3
0
0
903
3
2
0
0
0
4
0
0
9
0
36
34
21
232
10
97
0
3
127
59
67
0
0
12
687
9
142
0
21
13
0
1
471
2
156
4
0
0
0
674
0
0
678
0
1
33
0
0
99
11
2113
0
770
0
104
355
50
0
0
0
0
0
2340
0
0
6
0
804
5
0
1012
344
4
0
190
0
12
339
52
12
48
204
0
0
342
21
0
0
0
0
0
29
96
0
86
141
0
0
334
2939
21
3742
0
12
0
333
10
190
4
0
18
4
7
4
0
0
0
21
0
28
32
171
0
462
148
388
979
160
579
0
0
1664
0
0
0
0
294
748
0
0
0
2
0
0
0
0
0
0
0
0
2
24
45
114
111
101
3
2
0
235
0
0
0
0
1
0
84
0
109
0
8
0
0
0
0
32
299
2
0
0
0
0
1872
288
0
0
0
0
99
0
5
0
590
0
0
46
524
0
369
13
0
6
0
184
0
13
0
0
0
0
12
75
53
0
0
37
8
0
218
0
103
0
5
0
0
344
3
0
12
0
0
34
0
146
120
373
0
1
0
92
535
0
8
0
0
0
0
237
0
4
414
0
0
0
0
0
164
0
6
346
238
50
0
125
162
119
0
1
4
510
13
244
0
0
0
0
5
28
116
828
0
4
0
0
18
0
0
0
0
1
0
3
0
291
21
0
10
44
126
0
21
16
0
1
2
225
0
117
0
151
102
0
12
3
0
0
0
0
30
0
0
5
27
90
0
2
40
188
9
27
0
73
0
0
0
0
0
0
0
26
0
3
12
0
1
0
48
0
6
24
0
2
43
0
25
0
29
4
114
29
0
596
3
1
38
3
12
0
4
0
5
0
8
4
22
0
22
62
0
0
0
48
127
103
271
0
0
42
0
28
0
1541
0
119
99
1232
0
0
1393
539
0
0
0
731
3
0
2
38
0
0
0
26
0
79
0
23
630
3
728
0
7
5101
222
0
12
0
26
8
0
5
464
0
3095
0
0
134
0
16
0
2
490
0
0
61
0
461
0
3
10
154
20
26
0
0
722
91
0
0
248
1
189
0
53
22
270
7
14
0
0
0
0
0
944
2
0
314
178
2
0
1012
0
2
1
4
0
0
0
541
1
398
24
63
1194
15
155
0
270
0
13
705
0
0
15
14
5
0
110
0
31
2
1
3
837
0
2390
0
530
39
0
322
0
0
248
0
261
138
0
2
34
295
40
26
1
0
0
27
339
0
0
0
26
266
6
0
0
0
12
501
0
48
2261
55
369
93
8
1015
43
10
8
196
986
0
0
720
739
171
0
686
212
11
0
0
2
0
1654
1767
433
19
176
0
46
5
0
0
559
0
44
0
275
74
0
12
26
27
373
74
17
114
0
1
46
3
6
0
0
256
0
52
436
12
0
0
3
24
438
4
31
1
8
521
0
798
21
3
0
0
1719
0
226
1214
16
0
59
655
151
298
55
11
1
1
1406
0
1233
78
0
0
0
2
1304
0
1570
83
2478
27
327
172
259
0
375
2
0
7
0
13
34
80
233
0
24
25
11
328
0
0
461
32
0
0
110
217
30
237
0
0
8
2275
0
0
2
6
16
0
416
28
8
21
75
0
141
10
0
0
12
51
325
0
0
0
0
64
0
11
4
33
0
488
0
31
0
0
0
0
18
0
113
3
18
0
54
0
101
0
1
38
12
4
55
10
616
0
0
0
0
157
251
12
650
45
0
0
307
0
11
0
400
175
4
0
231
27
0
226
143
226
2
72
0
0
0
0
1
5
125
766
26
1
0
224
428
0
70
0
29
4
251
282
489
304
724
0
409
387
2
2
0
21
29
0
327
0
160
197
136
0
56
0
131
742
743
434
0
835
1305
0
0
0
0
284
0
0
0
85
37
0
0
0
0
0
1
0
0
29
418
158
111
5
20
2212
6
2754
0
0
303
0
10
6
2
0
335
27
6
454
2161
0
85
3
0
170
512
1
3
11
0
0
36
0
93
0
116
13
25
23
0
16
834
97
0
0
163
27
0
0
0
0
80
1
10
0
0
0
701
608
39
135
23
0
4
0
0
36
102
655
6
357
292
3
115
70
74
88
0
44
0
0
0
29
0
520
13
36
28
70
29
63
0
0
0
0
0
0
17
40
733
0
1
0
2
0
0
0
0
49
12
23
0
1094
5
175
133
0
4
73
1461
26
79
34
0
1
11
0
123
59
6
0
874
0
902
177
17
1
186
30
127
2
0
0
144
17
295
177
0
0
0
664
0
2
0
1
113
2
22
130
0
0
7
0
192
26
0
924
0
2527
0
49
44
15
0
454
1
0
0
293
1
0
0
0
179
0
486
46
0
191
6
6
25
166
171
48
0
0
1
41
0
0
0
7
369
0
0
0
7
41
0
1
204
89
23
0
27
0
27
0
0
1
5
1710
4
7
0
0
0
15
0
39
1
744
0
0
129
5
389
0
1
0
197
0
32
0
28
3
0
1284
49
15
0
0
0
0
0
0
107
234
34
0
13
0
0
7
282
0
13
18
4
0
5
0
106
543
2275
48
217
0
9
11
0
52
0
28
2
3261
1
59
191
0
1576
0
0
6
41
0
256
21
0
18
0
0
72
35
0
0
2
66
0
3
0
26
0
0
0
0
559
293
10
389
53
4
869
1
0
0
229
156
5
54
60
0
38
3
90
262
276
2416
0
0
4
1
26
1346
98
31
183
1287
120
189
0
2105
205
37
0
0
895
110
1085
2
0
0
0
99
0
1626
22
143
446
0
3
380
77
0
12
104
703
0
2
14
5
0
12
327
17
23
6
13
0
740
64
0
0
55
4
4
2
0
0
38
7
4
243
68
27
0
1153
2
2
116
69
2
4
0
15
0
731
0
147
0
98
0
456
29
418
1
32
0
0
0
6
0
0
0
0
8
95
0
974
0
77
0
5
93
58
0
16
0
334
52
21
58
0
0
0
252
427
0
0
46
0
5
0
0
0
756
0
109
1038
3
31
22
82
0
0
0
0
389
25
12
0
15
0
0
1
0
0
13
161
103
40
1
28
16
0
4
0
10
173
4
0
10
89
104
100
0
0
89
0
0
0
36
5
0
28
8
31
88
0
1
0
504
0
0
0
0
5
100
23
1
0
308
68
282
5
325
20
22
19
2
41
74
0
0
1
0
381
150
35
113
251
2
79
183
0
0
0
0
52
0
24
30
0
0
460
0
35
10
5
6
58
197
0
1274
0
492
18
0
6556
6
224
0
576
0
0
913
258
6
0
21
87
2
48
2
0
88
15
3922
50
0
0
0
0
2
1281
3715
29
171
4
747
0
268
183
0
0
670
0
109
3
3
211
48
235
139
290
14
2
78
67
19
0
0
0
0
1
399
0
63
12
0
18
0
192
28
238
163
15
54
0
168
0
212
1862
81
0
556
122
80
27
0
57
8
531
14
1
9
0
0
0
0
704
0
20
0
3
76
12
0
0
26
0
149
0
21
0
389
0
462
0
1082
0
0
16
10
0
5
0
414
5131
158
135
37
231
0
1064
16
376
1172
8
110
0
53
81
46
0
44
0
14
0
1
5
39
695
14
2
0
0
0
424
34
146
0
103
1209
660
5
0
0
0
66
171
0
87
0
258
248
154
62
372
26
11
0
0
750
0
1
0
0
40
0
0
0
150
0
0
28
527
0
0
2
323
704
283
36
336
38
1877
0
148
9
0
27
54
7
3
0
31
409
5
0
0
474
0
1340
2
30
0
0
2149
0
0
25
4
0
6
0
128
102
136
0
37
0
5
143
93
4
2522
1806
2
477
159
0
0
0
67
377
72
0
0
0
138
9
2971
6
204
82
2
97
0
600
29
29
132
5
17
0
2
2900
0
23
0
0
10
1841
107
47
341
0
0
1
0
2
0
151
358
0
30
108
0
0
0
6
495
0
9
52
62
192
0
0
18
4
6
731
79
0
120
82
0
23
0
0
0
535
93
3
350
1
1186
35
7
255
261
0
0
8
677
0
203
0
0
0
0
268
0
0
15
0
0
0
0
14
17
186
59
474
0
0
1
127
0
0
2
562
0
0
0
0
0
0
558
0
0
0
0
16
0
1
0
0
932
8
19
1
68
0
2
0
841
0
2
961
0
0
0
274
40
778
16
1
0
47
151
32
0
71
626
1
0
0
48
2
0
31
9
3292
0
23
42
30
0
0
0
8
1
393
5
39
281
580
0
0
513
168
1
0
0
17
219
8
84
0
134
320
6
17
10
0
59
1
17
0
199
0
4
0
2
154
69
23
253
0
115
1121
25
0
343
0
99
0
333
28
199
0
0
105
1024
0
51
6
1
0
134
0
0
4
26
503
3
0
89
110
591
8
29
1
306
0
33
239
255
0
0
0
158
134
1006
80
0
68
0
15
0
0
10
2
0
0
0
0
147
15
0
0
0
399
29
0
35
2
0
2
183
19
1
3
0
316
1962
60
1184
1
0
0
0
0
372
0
0
39
11
300
0
0
6
0
0
0
368
478
0
0
1320
0
12
5
0
5
0
7
1
0
14
1
4
24
89
1
107
90
0
24
0
0
0
185
0
248
1108
0
138
3
45
2
14
0
111
1
91
64
0
171
18
0
81
0
0
60
157
0
1
169
0
0
2
205
0
0
0
699
197
22
413
0
0
0
4
224
76
46
178
0
0
1
1
0
0
354
116
0
682
5
119
7
5
6
0
158
83
4
0
0
181
30
2
0
76
310
71
0
253
171
0
0
4
1
127
863
525
0
2
496
0
640
0
0
0
15
200
23
308
0
1
0
0
0
0
34
0
0
0
246
0
1
0
102
0
0
230
0
0
0
1589
0
32
454
0
30
0
2
0
0
35
0
4
1
76
45
842
0
151
0
124
0
1
0
0
0
0
27
0
4
0
30
0
0
0
9
0
562
123
1847
0
34
12
80
20
1319
0
69
0
0
0
265
0
122
0
0
100
0
109
0
0
1
2
555
280
247
86
12
50
0
0
12
2
28
0
8
102
100
24
0
3
1
0
133
100
32
463
8
108
0
10
51
0
1289
0
886
0
0
971
0
113
66
549
0
4
0
20
29
1677
159
8
19
0
0
0
0
0
33
549
110
5
1039
332
181
2
369
119
88
62
0
15815
4
84
4
211
312
95
3163
0
327
94
34
17
47
0
294
12
0
435
99
0
140
150
8
250
0
0
12
964
0
25
47
20
136
13
1
0
0
0
0
0
96
89
39
2
2082
0
0
2
0
24
495
22
15
3205
2
6692
1
0
61
0
2
4
6
0
0
0
526
479
12
0
68
234
758
0
44
132
300
0
216
0
0
3173
11
0
2
0
2
4
1
0
150
0
1
51
2285
8
190
51
0
445
716
1059
166
90
0
145
870
3
0
20
31
1000
0
0
729
37
0
0
0
0
4
161
34
811
0
0
86
5
18
1
3336
177
0
0
0
1
186
2
0
0
48
0
0
0
26
161
1463
46
187
882
0
0
0
168
0
2
0
10
0
190
0
0
411
187
70
0
1329
699
81
82
15
10487
7
0
0
1
2298
0
0
0
27
0
0
0
0
19
195
9
0
10
0
409
0
0
114
1713
0
974
13
44
22
0
0
6
50
23
16
0
5
0
0
28
0
0
0
177
223
38
0
149
324
0
0
197
39
0
105
465
14
0
19
0
0
0
0
187
649
0
0
10
237
24
0
371
0
3331
45
0
0
259
0
10
54
68
0
134
35
92
1266
186
0
0
28
0
2
0
0
101
9
6
198
0
12
1
231
0
76
6
0
6
0
44
11
55
66
0
0
223
0
27
0
4
0
3
3803
13
16
4
25
2
120
0
0
155
15
48
53
612
0
0
59
23
37
208
0
221
34
0
6
568
112
128
39
0
4
0
0
0
0
20
6
32
4
15
0
0
58
86
608
20
0
0
126
375
103
1
141
2
36
2
0
100
0
0
10
0
0
0
19
38
0
135
12
0
0
0
1
0
417
0
201
2
0
3
184
21
324
39
2926
94
142
0
0
104
2
1
2
0
0
122
0
16
3
0
2
0
15
437
0
3
0
0
707
0
0
38
0
365
170
0
718
2
11
3074
0
292
15
0
0
29
0
12
5
18
0
0
6
220
1452
194
83
532
0
28
213
477
4
1817
42
2
31
233
534
27
2211
8
29
25
0
0
0
36
374
441
7
723
421
1
1
0
253
0
0
0
15
3
1584
21
0
0
58
235
203
10
27
0
2
0
65
0
67
385
5
3
265
0
97
0
9
0
1
1227
589
1009
0
370
0
153
145
102
0
0
3
0
6
0
1001
0
64
82
1
6
1426
43
253
29
395
10
0
11
17
3438
1
1
0
145
0
112
1674
88
1
109
1
297
1
26
0
231
208
11
0
0
211
363
0
1
0
145
49
0
0
21
0
3
0
0
0
253
0
3473
0
0
21
3601
0
41
0
3
5
0
81
0
1
21
420
13
0
370
187
300
64
0
6530
505
40
6
0
0
32
0
0
130
0
0
0
118
24
3
513
0
1
33
4
0
212
0
2061
17
118
681
299
537
0
100
0
88
0
502
1
477
0
0
0
0
13
762
15
0
1
702
20
597
0
424
56
123
18
52
12
0
22
0
7
0
0
0
194
0
0
334
0
10
197
922
16
0
0
13
36
0
0
0
24
744
22
0
758
123
199
0
0
0
141
0
0
83
121
3
0
0
328
6
2
24
3
3
112
39
0
2
73
4
525
0
151
1
0
2
0
0
83
0
36
0
75
248
2
0
703
0
350
0
149
5
0
26
12
148
195
460
1
0
1
100
1
0
75
0
588
124
3585
0
23
9
113
143
55
0
1
0
49
32
0
0
0
0
0
2
0
0
263
58
0
5885
2019
4
0
1
0
420
1
107
1
1045
109
0
1
2832
78
0
0
4
234
11
0
0
39
31
0
178
1113
0
1089
0
0
563
102
224
35
0
0
0
1461
2064
0
86
0
390
0
0
1
2340
662
0
0
0
2025
152
3
413
0
0
5
0
4
94
665
0
70
0
0
0
1
0
0
32
25
0
51
1
27
0
0
126
6
19
0
279
0
33
0
66
1
0
1314
0
0
0
27
26
0
347
1454
6
109
89
3
412
33
0
0
90
6
24
547
0
5
3
0
0
3
63
138
527
0
0
73
165
219
29
0
277
127
364
5
0
215
23
25
0
18
8
110
344
1
162
0
22
6801
954
200
0
135
1
638
120
0
0
131
289
13
97
10
14
0
3
0
0
3
7
0
34
536
98
31
0
0
2
0
61
13
1062
0
2
0
0
0
0
78
1217
0
12
30
0
43
0
0
605
212
0
1
0
0
32
400
43
73
2
257
0
1
91
0
0
21
0
11
75
34
0
0
531
2
0
4
0
598
0
11
185
0
0
85
23
105
0
11
4
34
0
51
1
0
0
0
373
0
0
340
75
42
0
564
0
31
0
148
39
19
1
27
4
1
1090
32
0
3
0
0
11
0
0
254
28
71
239
0
6072
65
15
305
1
12
0
0
150
48
75
1
59
0
0
151
1285
5
158
15
19
170
29
0
0
78
0
0
0
214
1673
0
18
185
122
282
0
0
0
0
39
0
2202
0
75
0
8
460
53
14
97
3
23
0
67
0
0
14
0
0
0
255
125
0
11
2055
0
0
0
0
35
327
9
0
196
0
17
60
246
440
1
77
0
15
588
29
189
0
0
0
62
0
0
0
214
2
396
753
0
14
0
0
21
5
158
0
0
204
77
167
0
0
108
24
549
0
0
121
0
9
2
0
383
7
248
1
0
0
0
21
5
725
293
0
3
29
127
228
72
0
0
7
167
0
36
3
1023
7
110
0
91
5
3
0
4
0
477
470
50
1
50
0
0
477
0
0
91
0
1
0
6
0
31
0
0
27
2
1
593
296
7
540
1
0
0
476
0
6
0
65
0
0
23
0
29
0
329
855
0
1
2293
0
0
8
51
289
0
87
18
0
1
0
0
883
53
8
5
0
49
0
0
0
7
0
138
16
0
3
0
0
0
0
6675
0
9
1
1987
5
32
0
0
1474
88
61
8301
63
0
805
0
2
7
55
51
0
504
0
567
0
3
477
0
142
0
0
7
620
59
0
0
55
181
378
473
29
0
0
361
0
1
0
113
7
4
0
8
0
3
71
15
223
124
0
0
0
29
62
40
2492
0
36
0
53
3
953
24
59
25
866
0
232
28
0
102
337
2
0
18
132
109
77
0
0
0
0
75
1013
21
21
35
10
1256
7
0
489
43
326
29
0
553
0
31
0
48
577
10
58
3
460
0
60
6406
10
0
0
221
0
82
185
2
101
148
1056
590
0
0
32
0
2
15
507
24
13
0
4
309
0
0
59
3
0
0
7
0
0
5135
0
0
0
1631
0
44
0
46
1714
0
0
13
1
8
2
0
23
33
58
355
0
3
55
112
108
324
272
40
0
64
0
99
448
2
311
0
44
1209
0
88
46
0
0
58
3
41
7
4
0
38
0
4
0
0
0
295
0
0
53
189
2
20
0
106
0
217
20
18
3
0
913
0
1065
0
1253
216
0
13
665
0
62
17
5
0
431
0
34
174
1949
1
0
0
1
28
803
0
15
0
954
1
0
0
3
466
0
1903
0
3
118
1
0
0
143
0
39
0
197
0
3
117
0
23
0
12430
1
9
3
0
0
0
88
0
0
0
50
0
5
0
1
547
0
669
37
145
0
0
230
74
0
10
0
0
5
0
187
146
0
0
284
0
0
375
0
370
0
0
168
0
0
23
60
0
361
4
5
0
0
0
0
0
420
0
2
0
0
290
19
2
549
0
0
2
25
36
0
1
0
207
1
3
0
28
3
0
0
34
46
1
16
55
1
95
3
1
869
3589
0
0
1
0
197
0
29
7
43
0
0
1
4
601
94
5
2
0
180
0
9
89
41
61
0
0
25
0
11
232
3
0
122
814
0
179
0
0
6
81
0
10
0
4
102
10
236
0
24
0
0
0
9
650
0
231
0
0
0
132
0
0
16
25
0
295
33
0
53
0
0
52
18
1
44
116
0
0
6
2
7
3
108
0
0
5
3
0
1244
0
60
0
454
0
89
27
628
3
0
17
0
863
15
11
83
0
0
2
2
765
0
0
11
0
15
107
34
253
174
0
0
357
0
32
1
589
1889
565
0
23
12
339
182
0
2
0
81
17
26
3
110
69
1366
101
305
193
1670
436
0
0
13
0
119
112
0
197
0
10
29
1
7996
0
7
0
16
119
0
1
385
0
44
0
5
0
0
0
399
0
28
0
0
0
4
33
7
2
492
7
110
0
475
0
1
4
4
195
0
2
0
12
126
0
318
244
0
20
2695
20
23
4
0
0
0
253
2
4
0
77
2
5
0
0
51
900
287
0
2
0
0
28
0
0
0
0
3
0
12
21
5
0
0
316
8
0
0
10
189
693
362
664
0
14
159
0
0
0
101
1045
234
8
2
134
0
0
6
171
0
0
0
0
0
0
0
0
0
0
0
1
9415
0
82
34
1
29
9
726
631
839
0
0
0
555
0
57
99
0
0
0
107
225
15
0
0
73
0
727
134
5
3
18
0
4
31
12
0
14
0
10
1
0
7
1625
125
3
204
33
45
235
1121
2
28
0
0
23
0
387
56
1050
1459
0
8
8
16
168
0
8
0
86
75
18
301
35
334
0
0
49
3
4703
10
0
0
0
9
0
24
1
34
29
0
121
0
270
283
55
210
0
38
11
73
71
2965
773
0
0
435
6
55
0
1179
0
0
3098
2
0
1
0
0
4
2
0
435
0
6
278
0
0
0
23
6
3
4
0
0
185
0
101
193
18
0
0
1764
8
4533
3
41
0
291
98
0
0
185
51
2
23
0
0
150
0
19
0
0
348
6738
9
52
126
1308
0
11
3202
0
0
792
119
0
546
9
2847
3
0
0
443
5
134
0
0
569
0
48
0
0
0
3326
737
21
1
180
9
712
1678
40
0
2123
0
0
3
0
90
0
0
961
0
0
30
240
164
0
779
5
117
27
30
5
0
125
0
843
283
272
0
0
6
0
1173
5
0
1443
130
0
0
52
5
86
0
919
155
105
302
0
0
1505
724
122
83
1
0
353
471
518
0
0
67
120
0
0
0
0
167
0
22
4
1345
272
0
0
0
5
7
467
230
0
194
6
0
68
191
2
27
740
0
0
47
83
60
0
54
0
397
4
38
0
205
0
0
0
57
289
2
1222
103
0
8
435
110
135
83
12
30
1
63
2
45
14
0
6
0
0
0
0
2
0
2700
453
62
3
0
0
0
929
132
17
20
44
0
878
0
0
1
0
509
278
284
21
4
140
216
229
0
74
122
0
5
0
0
0
1
45
1093
206
0
5
83
15
107
0
0
11
13
71
3008
0
0
0
29
75
0
31
0
30
11
2
0
423
3253
1028
0
436
0
16
0
9
0
3
0
565
19
745
228
401
0
199
0
1363
2
699
7
2
58
25
82
288
911
328
1374
0
662
0
14
1
22
198
49
668
46
128
20
25
4
0
31
19
25
50
59
0
165
97
0
194
37
19
697
59
527
235
836
36
521
8
0
0
3
1
2
47
1854
0
22
765
0
149
0
0
32
476
95
0
0
0
0
13
0
25
162
1680
0
7
567
201
0
565
60
0
110
5358
180
56
206
8
0
943
0
618
160
52
137
39
0
0
0
0
7
0
0
3
113
0
0
0
24
1
16
0
0
9
198
2
3
0
27
0
66
0
0
440
0
0
0
402
15
0
0
163
611
0
144
0
589
64
33
99
708
471
8
37
0
0
0
80
243
18
10
5
0
18
0
0
1
0
0
85
173
36
0
3040
0
1
0
48
5
189
0
0
284
0
192
109
47
0
0
0
63
39
0
0
0
0
133
542
0
0
178
0
305
0
460
1
1695
1150
0
0
7
658
0
18
78
0
445
207
7
1016
71
1
0
5
0
70
124
574
0
12
0
4
99
0
1295
59
2
0
20
0
3
3
0
180
453
14
1314
300
1390
56
104
212
746
1188
1
0
13
4
20
89
0
538
0
0
0
0
6
1
4
3
0
2
16
0
0
2
350
135
0
5
0
70
5
107
6
253
9
5
0
239
10
1145
9
102
9
211
0
92
317
1
146
30
293
0
1019
100
951
0
110
12
0
0
3
26
134
7
141
38
12
6
180
251
2
846
1335
305
0
0
474
10
0
54
0
92
0
50
0
0
0
0
48
3
4
0
1082
501
26
4
218
13
0
243
221
0
0
0
57
0
34
2
0
4743
69
2
57
103
22
0
0
131
4
120
628
7
3
141
13
174
0
0
25
0
1
0
66
0
0
0
53
36
0
58
0
47
5
76
169
0
2
46
2
1542
52
0
0
91
0
0
0
41
776
115
0
0
646
10
0
0
0
343
659
29
0
172
0
0
19
7
27
19
0
680
248
304
0
3
7
8
5
12
45
118
36
0
0
19
0
0
3136
0
0
32
16
687
62
1
1
1
6046
1139
163
112
0
1
0
2
40
0
6
138
143
621
1073
3
1450
5
531
0
0
0
1
156
0
3
0
0
0
58
0
82
0
496
6
2
0
46
1
194
8
25
1
0
1
585
89
0
0
0
0
0
19
28
6
96
0
173
3
324
315
5
0
2
0
0
3
71
0
255
990
0
0
0
2523
8
0
1
11
164
9
5
1
35
59
0
8
178
4
0
37
0
57
1515
0
21
543
6
4
0
114
0
0
0
68
0
0
210
0
7
0
1
376
2
37
5
0
0
3
0
1539
0
0
0
0
953
0
182
0
0
121
136
0
0
346
1
19
9
0
228
0
0
42
0
1
11
64
0
4
0
2771
7
18
0
0
49
1
323
66
5
6
64
31
5
8
16
0
0
0
2
632
9
0
1
0
0
15
84
77
25
0
29
252
987
0
0
0
200
69
1
763
1064
0
0
204
26
0
2
3
1267
2
6
148
44
0
78
0
5
2
0
4
5
25
18
25
0
82
265
361
63
0
205
2
2611
0
11
0
4
132
23
1653
69
0
3
44
581
0
0
160
3
14
8
3
29
290
1
169
0
0
113
449
0
0
1100
13
1306
0
0
0
0
44
1
621
0
36
15
0
0
0
2275
573
0
89
287
3
168
1214
720
81
150
8
0
0
0
0
207
0
86
54
407
11
412
199
269
0
0
0
0
7
3
28
48
0
0
294
0
109
121
0
516
0
0
292
374
20
1108
363
3
10
10
183
0
618
0
0
0
544
0
0
110
0
0
1262
0
23
39
0
1111
0
3
0
1410
39
446
437
363
2
488
131
0
407
31
9
81
320
19
83
0
0
13
0
7
641
19
3
3
0
0
0
0
231
35
0
47
58
56
60
157
44
1
0
0
947
303
41
6
4405
0
0
66
0
2
0
80
0
72
0
13
7
0
15
416
5
63
289
61
0
0
8
3
0
126
237
2
1312
1
2
0
10
6
0
2
21
925
0
14
33
39
0
11
0
149
8
69
8
0
4
356
0
147
329
0
0
361
311
9
0
3144
43
7
1
67
0
474
0
4
0
0
2309
1
0
0
0
470
0
7
23
0
0
35
2
78
53
0
309
107
20
0
16
115
0
68
2
0
64
0
0
0
598
0
53
24
0
223
67
163
307
26
3
233
0
5
2343
0
17
0
0
0
771
21
0
102
0
75
51
18
353
0
28
112
73
186
0
394
5
0
180
0
0
0
787
66
0
221
47
2
0
3
746
0
261
0
0
8
0
31
0
0
29
0
28
224
0
42
0
0
64
57
2383
165
0
0
0
52
8
86
0
76
59
0
0
22
2
0
0
0
12
0
5
38
0
0
0
0
1486
3
3
39
14
0
0
0
286
284
3467
0
0
70
37
10
31
410
64
0
16
83
58
10
0
5
0
15
71
274
0
0
57
1
0
0
16
58
0
0
0
12
0
0
0
10
7
102
114
0
68
88
8
0
0
400
6
0
115
0
0
246
0
0
20
0
1348
0
107
7
15
6
0
0
0
3
0
3
0
0
0
4858
10
130
0
0
0
51
130
147
5127
0
0
17
1
0
164
124
0
1071
0
204
11
0
123
0
0
261
0
0
9
0
11
159
4
211
0
0
894
24
0
1273
0
0
324
304
27
0
0
757
0
464
1375
2
10
0
2710
157
91
0
335
44
0
0
1
0
20
5544
517
0
1841
0
112
41
0
0
34
0
138
355
16
0
165
181
204
21
62
722
175
8
0
270
442
1
89
0
0
0
152
49
153
31
97
1
26
0
14
11
0
3
0
0
140
1
680
0
177
0
20
0
59
4587
0
246
2
26
28
0
26
135
19
17
25
169
0
1
0
0
0
128
0
0
0
0
19
90
18
56
838
0
0
0
3
0
0
182
2
2
0
19
0
270
0
0
0
7
0
42
105
0
0
3
303
283
0
0
0
0
24
0
2
38
11
0
39
16
771
26
0
18
1
0
379
0
0
20
0
7
2
74
0
14
1
0
0
53
88
107
4
9
0
0
17
0
236
0
71
46
97
664
1
0
0
0
8
0
3
0
0
0
39
76
2
0
1
201
0
39
0
176
184
0
29
56
6
0
12
21
0
2
1
1
0
1
25
3
62
0
0
682
102
134
43
45
0
367
90
0
150
34
106
33
42
0
0
18
22
0
22
3413
2
0
21
0
5
0
147
59
0
0
58
0
0
0
23
0
0
11
149
0
0
2
0
0
3
268
0
1034
30
0
52
602
0
4
15
99
0
61
1
0
0
2
86
87
0
0
657
2
0
0
0
1
0
2
0
163
12
2
0
0
2
10
315
5
0
0
14
2
0
59
500
37
0
1
0
0
0
0
16
40
75
0
20
57
21
0
0
157
84
3
0
0
0
0
0
37
0
0
0
95
0
0
0
1935
0
79
10
7
75
0
0
0
0
206
221
0
0
0
0
11
32
0
36
5
13
357
20
154
0
9
18
632
1062
1
2
0
12
264
35
0
0
1995
1
0
0
0
103
0
13
1
1
232
0
167
8
0
0
4
0
314
0
19
561
10
0
0
17
0
37
83
109
0
0
27
0
741
13
0
1
3
0
16
0
0
3
74
379
0
0
54
2
0
131
0
1
261
0
0
0
377
7955
0
0
0
0
38
0
26
0
70
189
8
925
3
0
0
6
311
95
15
49
33
2695
531
0
0
0
1
28
48
0
0
26
0
416
4
572
1
22
0
0
0
399
177
0
60
217
15
0
1078
50
46
3
54
7
26
0
0
35
9
0
0
813
22
0
0
20
0
14
109
15
1
1
0
312
335
30
2
0
28
1
19
0
3
0
34
123
0
1
0
0
7
0
0
1
1027
0
28
0
35
17
0
0
0
9
60
88
0
0
0
56
0
125
100
0
269
250
0
0
6
0
5
0
16
24
0
0
0
416
5
0
338
0
0
98
0
1
56
69
27
0
582
23
184
0
81
2
11
65
113
0
2
0
0
1
41
3
7
0
3
38
40
8
0
0
0
0
14
355
146
5
0
0
237
135
0
40
267
246
150
0
27
59
68
0
9
97
14
1068
0
27
11
0
0
0
0
17
1
23
3
173
4
0
0
0
18
230
4
351
0
107
868
85
1
1
11
2
9
122
1
0
0
125
2
23
0
35
0
92
0
0
0
682
50
182
0
0
1
784
1
64
0
5
32
104
0
80
0
839
0
20
3
1
4
30
0
89
652
4
0
0
312
11
6
97
0
0
0
7
0
0
1
165
1279
392
9
0
110
63
84
157
0
6
1
0
0
653
0
58
0
197
0
45
108
0
0
0
17
572
142
40
20
27
0
21
3076
0
81
7
0
37
14
62
57
0
0
0
1476
8
0
696
95
1
1083
0
1
30
0
47
19
388
32
0
369
0
2
0
0
950
8
47
2
97
5
0
0
0
0
0
14
13
0
9
102
0
0
55
895
0
0
153
1
0
0
17
0
0
415
0
1227
7
0
3
0
17
16
0
3
375
21
972
231
45
227
10
106
2
844
0
0
595
38
0
0
0
249
0
4
8
349
0
6
0
15
1
206
0
0
7
0
0
126
0
0
1
111
79
12
97
54
0
13
0
0
68
0
161
76
274
0
0
20
1121
0
22
0
0
317
36
0
0
1124
212
14
2
0
0
32
0
0
159
0
7
0
132
0
39
0
9
0
0
67
0
17
3
703
0
0
8
0
0
9540
0
107
0
0
0
0
36
145
63
0
523
6
384
2
0
135
0
0
77
16
126
0
1
19
1490
452
81
0
3181
0
136
68
0
36
0
4
5
227
74
20
126
0
0
1
58
0
0
125
4
0
0
35
46
33
0
961
1
191
0
537
80
20
234
183
30
0
1
16
0
1
1263
17
154
120
0
0
5
2
22
0
2
42
45
169
159
0
40
5
0
266
20
14
6
0
367
4
1400
0
47
0
19
0
51
102
108
0
262
99
0
11
8
0
1
0
117
223
115
1
20
0
42
28
0
1
2
231
0
3
16
0
3
732
0
576
1179
0
3
686
4
0
140
3
3
403
0
157
0
25
166
3
0
110
0
121
27
0
7
34
1
788
0
0
0
20
152
0
0
0
2
2
219
124
6
0
8
416
266
9
62
1202
254
1
0
0
328
43
0
0
121
66
250
0
6
0
50
2
1030
675
0
0
24
0
174
0
0
0
0
0
170
25
0
0
0
0
0
33
494
4
0
40
0
23
0
177
0
0
162
0
19
2
265
3
0
0
183
0
455
396
55
288
84
0
345
1
0
70
0
21
0
0
154
0
0
2
0
0
7
2004
0
0
0
5
3599
0
644
0
33
0
0
13
26
30
89
153
0
134
7
7
0
21
330
51
26
6
1
24
29
0
0
0
403
281
248
96
1277
729
3
39
0
0
3
234
30
0
188
1173
818
90
0
18
90
762
5
31
9
429
0
250
0
558
92
165
0
2
0
2
644
7
63
7
83
14
412
13
44
0
14
0
3
0
0
11
103
167
1
3
165
0
1
0
193
0
8
125
1653
100
3
431
0
0
27
0
180
0
0
0
4
112
3
20
0
3
92
9
26
0
0
0
108
0
50
6
10
0
19
17
0
16
3
98
0
0
1
5920
23
2
0
0
80
108
274
33
586
0
0
2162
0
0
725
0
0
0
14
830
117
0
8
1002
245
0
0
0
0
0
8
2685
2
0
34
9
0
557
0
0
2
2004
27
268
0
137
1
1543
1
41
13
1
0
0
2
2
12
0
0
380
17
0
1788
0
0
2
10
1
0
1077
5
3
0
4
54
1
0
183
497
0
102
7
14
35
110
1207
44
0
0
2549
105
1
476
2534
0
715
653
8
0
0
0
0
40
112
0
0
0
0
0
4
0
0
0
21
22
44
1
4
83
0
667
16
2
19
0
92
28
2
0
546
0
0
17
0
6
0
1
52
646
318
0
9
226
137
56
3526
234
23
32
1769
1109
0
11
12
0
66
0
0
85
0
1144
2597
0
1
0
65
311
59
153
326
18
0
0
0
584
274
0
0
65
1
1
2
1566
17
182
5
0
0
305
0
19
805
52
0
47
0
0
43
383
1
14
150
815
0
3
923
243
0
0
2686
0
0
133
0
6
0
0
6
0
0
1
312
7
149
0
168
350
0
0
17
443
130
2
59
0
0
30
0
529
55
289
13
1
1
1
0
24
0
0
0
52
2066
494
840
0
57
7
0
225
0
13
0
2
37
421
195
0
17
203
14
418
0
0
60
0
2
0
2
0
901
125
48
11
0
740
7
1
0
107
7
66
330
0
4
161
2
0
150
0
43
0
0
0
12
0
39
128
1
640
0
0
0
25
0
112
3
906
0
60
955
0
0
0
79
0
10
750
26
0
0
0
0
39
3
49
38
1
3
7084
177
0
2
0
0
1588
0
0
0
207
0
18
22
126
5
0
0
348
0
0
18
0
0
41
0
13
0
557
58
0
1215
79
0
205
0
25
2
0
259
0
0
3102
54
0
0
0
100
171
0
56
6
0
844
2
145
11
16
0
16
0
0
6
0
1
222
0
1
11
0
25
4
0
388
5
0
4
0
10
10
0
0
0
0
1
0
0
0
0
76
7
130
146
0
0
38
0
135
0
0
0
24
0
8
0
0
126
5
62
49
5
8
36
0
290
0
0
148
0
594
0
331
1126
0
5
13
0
0
68
0
118
8
0
9
173
2
729
0
0
62
9
443
32
858
254
0
77
0
275
233
0
0
188
10
4
1
483
1
0
109
10
574
51
361
2
4090
66
304
0
0
457
0
104
111
6
0
0
0
186
17
45
0
0
0
200
0
1
0
377
0
0
0
0
528
121
62
188
93
3
0
0
33
2
8
0
4
0
39
468
0
122
0
0
0
1266
0
10
0
515
0
146
0
3
5
548
0
1
0
15
2
25
35
26
0
285
0
222
0
0
0
0
26
0
265
0
146
0
39
0
0
0
0
0
0
0
0
221
6
164
6
0
124
45
0
22
14
0
0
95
27
331
846
1
118
9
384
0
112
0
2
1404
40
7
91
3
498
30
0
426
1579
13
2359
1
223
7
0
10
0
7
18
0
3
8511
0
729
0
72
0
236
0
245
344
140
0
60
580
0
573
0
0
0
148
0
0
6
17
0
2
127
0
39
0
2626
2
0
9
0
22
119
0
0
417
27
73
0
26
1
0
2596
0
0
56
291
0
483
0
2
0
0
71
2877
963
0
0
0
0
73
2
0
0
405
408
20
8
48
0
45
14
0
450
0
352
230
1
0
0
162
326
0
0
0
0
73
0
20
0
0
0
0
0
15
61
0
2
14
2
5
0
8
0
0
0
0
79
0
2
0
0
22
150
160
1532
124
9
274
0
0
0
1
3
0
0
1
1
3
68
0
2
0
0
3
0
0
2
7
0
176
0
20
0
0
18
2
12
13
1069
468
519
11
50
75
0
0
14
0
153
3
10
0
0
13
0
0
2
0
0
863
2
0
0
0
1
27
0
1653
67
27
463
0
0
89
0
789
1
0
0
0
0
34
68
0
129
393
745
443
1
0
0
0
0
7
51
0
181
258
4
56
1
33
758
0
23
49
59
13
41
272
6
24
3519
1228
0
0
10
46
0
0
4
173
3155
5
0
3
1739
6
0
0
4
21
71
390
508
1519
316
0
0
26
0
779
0
0
117
572
0
0
0
190
1008
0
820
318
0
613
5
0
11
337
157
192
55
0
435
28
185
0
155
356
1658
0
0
14
0
1
0
0
365
7
1
6
64
1013
0
38
240
107
19
0
0
77
4
68
0
0
0
36
275
0
0
14
0
0
0
0
0
164
75
207
304
502
0
173
0
0
47
687
151
60
1
164
5
0
6
3
172
0
1819
7
0
141
0
0
30
0
4
0
0
0
0
97
3
1
1
25
0
2
483
0
1004
0
0
4
0
31
0
0
0
817
1
7
0
11
0
0
318
0
0
0
0
101
10
0
18
77
0
0
440
0
35
0
136
18
0
0
19
252
74
261
623
0
2
31
0
0
11
259
7
0
423
0
53
0
0
0
0
192
144
182
957
5
0
10
18
150
5
88
0
13
59
0
43
0
61
7
508
0
0
177
0
0
23
5
58
257
0
374
0
0
159
0
759
40
9
444
0
1654
2734
0
4
17
0
0
1
1
697
0
374
2801
267
24
39
202
2
19
0
33
21
5
0
1
418
209
122
128
0
610
632
9
32
0
2141
1
0
4
361
0
97
84
981
1
11
0
244
476
0
0
1142
6
34
0
2
1942
2
0
346
16
388
214
0
328
0
10
182
702
28
4
2
399
0
0
9
1
2
0
304
0
1316
1
0
488
0
0
24
4
107
74
111
940
0
1
42
75
2
0
0
39
0
80
67
0
0
152
0
10
39
0
430
563
0
141
27
73
0
7
0
33
0
28
0
0
0
0
66
0
339
0
8
0
779
0
0
0
0
41
7
1423
0
93
192
127
0
0
0
1
1
0
0
0
150
0
30
0
17
157
0
19
10
30
0
12
1
0
40
8
22
141
0
1193
129
352
0
0
272
17
15
183
0
503
68
0
0
71
23
0
137
45
108
30
0
0
8
689
287
97
0
1375
15
0
244
31
2
0
40
11
788
344
366
2567
588
0
66
21
2
561
122
6
0
0
63
131
0
2
299
113
0
205
0
1386
0
0
6
0
0
129
105
807
0
112
0
63
2
151
0
0
14
783
87
18
75
145
35
7
0
0
100
4
0
104
5
91
519
0
144
0
50
0
1047
1041
167
11
144
0
274
0
80
0
3
3
10
0
10
4
63
4
685
110
1
0
133
60
19
0
0
0
54
286
0
68
0
42
0
1680
60
29
4
0
0
0
64
44
0
48
127
74
3
0
0
2483
0
17
239
0
313
2
48
2
4
1
112
0
154
0
83
32
679
38
0
0
0
548
0
29
1774
0
38
6
0
0
8
15
0
13
36
17
0
0
19
5
59
0
0
50
4
0
154
29
1060
702
5
1
0
31
12
0
907
433
11
58
319
2
0
40
77
0
0
41
337
7
706
0
94
804
137
0
15
204
194
551
0
4
0
257
58
0
24
257
338
8
0
10
0
5
0
0
1
3
6
17
308
308
121
1
455
14
150
0
322
281
0
8
0
50
203
71
186
0
0
36
316
240
0
0
414
20
0
0
0
0
789
0
0
12
3053
0
0
0
4
47
0
1051
9
4
0
40
72
81
0
134
351
0
0
629
0
5
4
159
0
8
4
0
51
0
5
117
0
0
46
1
58
155
0
17
1
1
0
0
308
1
9
514
289
0
0
15
28
3
0
14
1476
0
401
88
50
540
0
511
61
0
13608
49
39
0
1
0
2
163
13
4
186
41
0
77
0
0
0
64
4
37
52
15
451
460
2228
238
16
1950
0
5
0
456
31
0
0
211
0
22
181
2
103
33
0
3
132
126
0
0
0
431
0
14
68
2793
3
0
0
0
4
0
22
68
0
4
166
125
0
0
2
0
90
6
47
0
0
430
285
0
0
469
123
1
0
15
0
0
68
0
0
111
0
27
0
73
98
411
11
0
0
0
2
53
0
0
207
0
252
0
0
0
0
0
1
0
6
0
107
8
30
395
3
2
479
24
0
0
16
0
9
0
11
410
36
0
0
36
0
4
1920
947
0
172
178
0
142
0
212
13
81
16
116
0
127
4
0
0
0
155
0
0
43
98
0
7
0
80
381
13
16
0
0
7
0
0
0
0
0
73
1
0
300
339
0
0
0
0
0
0
3228
59
0
641
61
18
0
4
51
116
6
0
0
142
49
0
0
20
9
0
0
0
226
0
0
92
0
3
17
2
3
0
0
98
39
19
0
0
0
0
417
0
0
834
172
0
25
0
108
48
1
0
209
1
80
13
0
2
0
0
268
1
0
0
0
5
2119
8
0
2
0
0
0
66
555
20
270
9
8
13
124
0
0
301
287
0
23
0
173
1708
33
1146
4
18
8
0
0
0
56
0
751
0
0
588
0
0
3
0
54
430
0
0
0
0
10
3
31
0
222
294
55
18
299
13
230
2
0
3999
0
5
0
3
0
23
55
739
0
0
140
0
19
0
19
0
0
0
18
0
0
0
2
25
3
69
1
245
59
333
0
89
13
0
30
0
0
288
0
0
359
5
0
0
1
3
0
0
1
6
1
97
0
35
0
101
12
21
0
34
3
0
22
0
6
3
208
1147
0
0
0
1
6
0
2
19
0
54
133
0
50
0
19
168
0
717
0
54
0
72
0
0
0
95
6
0
1
0
0
4
0
1
0
13
9
0
0
36
0
18
0
85
0
0
0
0
0
15
233
0
820
224
0
2
0
0
4685
82
78
5
0
2
188
2058
2
0
0
0
6
44
12
1
11545
0
13
3
452
0
2216
68
448
301
1
83
40
18
195
1
8
59
28
35
801
117
0
7
1
4
1521
4
1
0
262
0
0
5
0
6
1
0
2
3
0
3
0
0
0
2
99
139
2
85
316
1762
82
30
0
193
6
0
30
2
0
0
0
0
0
87
0
30
0
35
0
45
0
3
41
125
0
0
17
0
1
1
0
11
65
100
1103
0
418
255
8
0
142
2
4
0
5
0
358
35
27
1
4
0
3
42
0
3
9
404
0
91
0
131
180
1
114
34
53
126
8
0
1
0
0
0
2
0
14
0
0
7
130
34
0
0
10
0
9
1061
0
0
136
68
0
80
0
15
534
2
24
159
974
390
0
40
0
0
0
43
3
77
373
0
0
31
559
0
0
0
0
0
9
0
0
2290
5
8
5
174
0
3
4
14
214
0
8
607
157
276
159
7
105
0
0
3
28
134
109
1
0
80
6490
789
7
0
216
14
118
6
0
1951
0
41
0
3719
0
0
52
545
46
0
409
0
40
649
0
0
0
28
0
0
64
20
0
0
34
0
0
3
0
183
62
400
169
10
0
0
0
0
27
1635
6
0
0
134
31
0
16
441
1
0
33
0
0
0
2
28
0
628
0
0
4
0
17
6
0
561
0
0
0
0
0
4
0
1
0
0
108
115
5
237
0
80
0
83
59
20
163
0
185
505
0
0
4
11
1277
28
19
13
187
168
1793
0
0
0
0
0
16
139
0
0
14
0
294
5
552
0
43
0
43
74
0
0
122
7
4
7
0
39
5
52
126
0
207
14
2188
9
2
181
1
10
0
0
61
0
0
386
31
0
33
6
1
2859
15
0
0
440
0
1
12
49
0
79
32
0
0
641
0
136
3
19
17
4
56
142
224
251
0
270
3
400
292
657
1
0
16
35
352
0
0
0
1722
0
60
1
14
26
898
0
45
1
283
0
631
0
268
3
39
52
5
0
3322
0
19
2
3525
7
0
0
0
0
0
1
0
137
19
0
0
58
1
48
156
0
30
1128
95
0
104
177
51
0
1
0
37
2489
9
6
1265
0
0
14
0
0
0
29
447
0
0
15
0
0
17
36
0
52
0
0
21
87
844
41
0
467
627
0
292
23
0
62
664
145
0
0
58
20
763
20
0
256
4
882
220
0
29
4
0
4333
26
29
15
0
6
0
0
56
8
174
0
0
42
27
73
0
0
55
644
0
12
200
42
0
0
0
0
0
306
434
0
1471
2
9
9
0
0
135
12
7
198
0
335
61
937
396
0
1
0
27
68
159
6
172
0
167
0
0
23
17
229
0
0
69
0
0
76
0
2
0
18
0
0
98
0
0
0
0
4
64
20
0
6
2
10
187
2
348
0
230
16
11
802
9
0
398
3
0
0
5
0
1716
1
22
0
0
19
307
0
185
0
1
3
4
4
0
19
0
0
0
0
25
0
6
0
129
0
0
57
116
0
17
474
0
2183
168
0
1
0
676
0
68
255
0
1
0
38
1
0
0
0
0
19
0
0
0
0
0
0
99
0
2
10
0
1413
0
118
0
279
288
1
0
3
167
4426
263
0
0
45
27
31
2
45
14
0
6
54
0
25
0
388
59
189
0
14
33
0
3
0
503
0
8
15
0
11
1
3
5
5
89
56
39
1
25
117
0
51
0
232
6
114
0
0
3
114
0
0
477
6
5
0
63
344
55
0
0
0
2676
62
24
0
399
59
0
230
67
38
15
9
811
28
1
0
4
102
1
114
49
0
1
8
310
9
5
7
85
4
0
0
0
168
240
949
2
20
1
32
3
0
0
1824
0
363
4295
263
0
0
181
1650
0
17
25
0
51
0
444
1976
12
484
0
1123
207
1
49
8
302
119
15
7
2
7
8
9
0
30
0
1
0
4
238
141
105
0
184
194
421
26
0
66
5
27
10
413
0
4
23
116
3
0
0
47
354
0
0
9
0
0
27
0
0
3
0
0
0
0
1
0
0
84
0
0
0
1
0
1
11
79
13
1153
0
79
0
0
1
1
83
0
3
1340
2
0
0
1
3
84
2
0
1029
0
10
376
0
116
45
0
18
14
0
20
0
82
9
0
0
457
248
4
882
238
342
0
3
0
0
0
20
0
0
0
0
0
0
4
0
343
440
0
1925
0
3
3
0
0
85
35
9
65
298
0
0
15
10
53
0
47
18
8
0
0
0
0
0
271
889
849
161
0
8
1256
261
17
0
0
226
46
0
115
237
0
107
38
1
29
0
538
6
1
1
0
0
276
240
36
74
0
3
2
4
45
64
4
1
1
1
273
1
0
1
0
0
0
1
0
6
0
0
23
0
0
0
0
5
1
1
0
62
0
0
0
147
5
19
37
0
1
293
63
8
38
65
0
0
1
0
13
2
4
0
528
0
1
5
12
0
89
0
6
1
6
0
0
9
36
7
0
485
0
20
31
0
12
106
0
0
0
0
1
0
10
156
0
0
6
3
42
3
0
0
0
150
8
6
132
3
0
403
0
624
45
107
0
0
67
0
66
0
0
8
144
1
512
21
25
0
0
0
0
57
0
1
0
0
8
0
31
0
55
0
0
0
68
22
0
0
49
0
50
1
0
68
62
15
65
313
0
1
0
0
2
4
356
0
120
223
0
0
102
110
0
204
4
86
53
0
0
0
149
0
6
3
8
0
2245
0
180
4
0
0
2
0
0
0
54
0
32
7
34
1
24
0
0
0
23
484
41
0
0
2
4
126
0
36
1332
3
72
35
41
4
0
2
20
0
40
0
15
55
13
72
66
0
19
6
0
1
0
1
53
84
0
0
98
380
1
3
0
601
29
49
0
0
20
0
0
3915
20
295
15
8
5
0
18
56
12
26
0
0
0
0
0
379
19649
0
0
0
57
38
116
0
3
0
6
0
0
9
7
6
82
20
5
3
0
0
137
2
2
18
1
12
40
5
9
0
6
38
142
1
1
55
5
989
0
70
867
3964
26
265
8
1
105
16
545
1
0
26
0
41
434
86
422
48
0
0
4784
16
0
77
5
6
4
0
0
5
58
0
123
39
0
1
5
7057
0
3
294
124
0
70
0
546
0
0
0
21
0
1
0
35
268
0
0
0
26
0
2352
0
8
1442
0
83
80
0
856
574
7
3
6
0
0
93
0
22
2
33
144
6
356
0
0
33
0
0
34
0
113
189
0
28
885
0
25
0
107
0
0
23
48
0
114
0
1
2
0
160
0
0
6
0
0
609
98
0
102
0
492
403
116
0
0
0
51
71
0
6
15
1
69
3
0
9
10
0
18
0
0
69
0
0
0
26
11
0
7
45
43
0
5
0
0
50
13
5
0
15
0
58
2
2
0
6
85
0
0
39
4
28
32
537
0
7
2
0
231
129
51
18
0
209
51
32
325
67
1
0
3
14
151
19
25
4
1
3154
1436
0
0
30
30
67
85
0
4
0
0
0
0
54
2
0
0
0
4
1
1
397
7
239
27
54
243
6
0
0
308
0
0
26
0
111
15
18
0
87
0
0
0
116
303
0
193
0
188
0
123
130
16
0
0
0
0
0
40
0
0
37
0
0
2
0
0
0
0
0
0
0
16
18
0
486
436
53
0
0
186
0
10
3
0
55
86
5
0
162
2
234
0
114
47
2
175
0
92
3
0
61
47
10
3
249
1172
0
1118
36
0
0
0
1692
115
6
26
0
22
0
0
0
4
3441
3
6
112
0
184
0
129
0
22
0
159
0
1005
0
2
1
7
0
106
215
0
117
3
0
25
27
0
0
1419
0
0
14
84
64
13
707
227
390
961
1052
34
0
12
19
34
7
0
4
0
79
1
80
0
0
0
6
102
0
0
0
0
0
0
29
2575
277
0
97
8
0
44
1121
43
86
2
11
44
30
0
0
4
558
5
0
2
0
6
0
73
0
0
98
4
29
430
9
0
97
719
1
998
17
51
9
72
0
468
14
0
14
56
14
232
0
41
0
0
0
155
5
0
405
223
0
1132
4
82
0
225
155
0
299
124
0
0
829
0
86
1
138
0
0
19
3
5
185
138
38
855
19
706
2
6
510
246
0
0
0
11
203
2323
0
374
37
0
22
0
0
0
461
0
27
0
0
6
110
1
21
0
289
0
21
0
57
0
0
3
0
0
5
107
39
0
358
959
0
49
452
0
153
0
0
0
0
6
66
14
69
1742
46
0
19
44
378
0
0
0
0
0
11
1618
13
0
38
236
223
0
65
0
25
10
25
55
0
36
6629
2
0
0
0
1
670
2
0
0
16
0
0
0
0
475
0
96
100
0
25
7
4
30
5437
10
30
0
0
161
0
0
327
0
0
437
1
5
0
9
0
0
334
122
0
2
0
58
32
0
0
10
26
736
0
0
0
0
0
0
4
91
0
0
0
1537
1150
0
24
27
0
90
0
280
49
176
13
0
86
435
0
864
281
0
103
0
2
5389
20
0
191
0
0
13
0
475
5
588
3091
0
0
0
0
0
0
29
10
203
17948
418
0
13
0
0
3
0
58
0
53
10
120
257
1021
954
0
0
122
0
4
0
586
1080
3
25
1
0
39
0
33
0
11
0
153
20
0
126
14
4
0
13
239
0
0
0
20
0
2
20
242
0
90
53
0
24
108
0
4
1
0
1686
7
166
38
0
0
0
0
0
1745
132
491
85
0
6
2220
562
0
4
1226
0
0
0
31
0
2
0
224
125
74
118
0
419
0
0
13
30
708
79
20
20
0
8
0
2
59
0
328
13
0
7
0
0
0
0
0
2433
2
25
34
5
43
1
0
182
142
13
0
0
0
0
0
149
231
0
0
11
0
1
15
1
580
194
0
0
224
1039
62
14
34
0
0
74
0
7
5
1
87
0
0
35
23
0
327
0
18
35
146
211
0
0
32
273
312
78
0
0
7
0
1213
577
2058
0
0
1
97
21
15
0
0
1060
2
0
0
5
1
0
0
0
2
12
0
8
0
149
0
48
11
0
29
0
302
1459
0
1
0
2
0
0
1
0
81
1540
83
4
2
0
325
0
40
1413
74
59
0
11
20
0
12
16
0
0
0
0
7
0
25
0
22
233
2
158
77
0
0
0
0
1
7
0
7
230
2
6
1
2
0
0
0
0
158
22
187
852
0
0
378
1542
0
2
28
0
523
4
13
41
438
0
85
0
6
0
620
7
0
0
3
0
14
97
220
2
85
132
544
0
0
28
281
86
0
35
2734
2
146
0
269
1357
183
0
13
7
0
0
701
416
10
0
321
4
60
0
0
13
0
0
0
622
35
141
511
22
38
345
1
61
175
100
0
0
136
0
28
0
11
4640
1
94
26
0
139
30
3
0
7
59
0
263
0
48
0
412
31
355
0
69
0
3
0
0
8
0
574
14
1
1
0
0
0
22
0
317
0
3
0
1
0
0
21
11
0
11
2
272
111
4
142
20
149
144
0
89
55
0
189
28
203
3
465
0
133
0
38
68
0
0
184
0
1048
38
284
122
15
0
0
0
0
1
36
0
0
11
96
0
543
249
0
0
736
0
2
0
2
0
5
0
3
1
2
5
0
33
1
198
21
161
0
0
5
1
133
0
3
0
283
0
245
20
0
0
458
0
0
9
0
0
0
15
0
102
0
214
1228
0
389
0
90
0
1
0
36
760
173
162
158
79
154
23
191
0
25
0
441
0
391
63
0
167
0
261
344
0
95
0
153
0
0
854
29
13
0
64
4
0
28
33
0
0
0
0
0
96
0
151
0
165
248
0
0
631
470
0
0
376
0
32
0
57
0
0
262
66
22
2844
567
91
86
0
0
4
0
14
0
288
0
40
101
141
802
0
24
160
61
0
52
61
0
0
213
159
0
53
104
0
4
0
0
22
45
0
0
22
128
51
0
591
3318
1126
15
382
1157
0
136
5
27
383
8
35
121
96
0
199
0
0
55
169
0
2
6
126
253
5
3
0
179
14
1837
144
31
241
40
1
0
1956
305
64
0
0
0
69
106
0
178
14
0
95
375
2
289
47
0
0
0
26
511
58
152
0
0
417
0
0
0
4
0
28
1572
0
2
0
0
10
39
0
0
156
3
0
0
808
12
0
2
76
79
1019
230
0
0
0
0
40
36
0
0
1
0
10
0
69
0
0
116
0
0
8
75
0
34
0
0
0
3
177
0
6
0
51
0
254
94
0
36
0
2
22
13
1285
16
102
0
189
63
0
3
0
50
23
15
0
437
143
0
143
7
0
0
140
0
34
643
0
0
0
0
0
0
18
11164
12
0
179
3
85
19
4
0
0
30
4
1
0
0
190
38
21
0
71
75
22
1
1041
0
3
0
30
13
1346
278
1
0
0
11
0
4093
0
0
10
1581
140
0
0
3
0
0
0
2
180
72
0
14
0
1
57
0
15
0
0
32
120
0
16
32
24
5
404
86
0
468
52
0
0
189
0
0
0
31
0
820
0
1
0
3
10
2
0
1024
0
0
699
24
0
0
27
0
0
0
0
0
20
0
52
3
0
75
1889
0
0
300
0
0
5436
99
545
188
10
2
14
7
0
445
0
238
131
0
86
6
1
66
1030
1431
0
0
11
0
0
37
3
135
2
0
0
0
905
649
92
296
31
0
197
72
0
0
2
6
0
0
343
0
112
2
33
0
526
0
0
21
2
1
0
0
0
43
5
0
68
0
27
1
0
2531
20
0
28
0
0
3
47
0
0
8
5
0
0
0
12
0
214
153
638
0
5
126
1
0
0
3
8
0
13
121
9
4
0
17
124
46
0
502
51
3
415
112
0
506
32
0
5
0
2
0
1
34
85
5
48
0
11
3
26
0
22
0
0
0
0
68
0
28
543
522
14
0
0
0
0
25
3
0
758
1261
19
0
0
8
48
3
0
0
1323
10
0
455
153
0
116
0
0
28
0
256
393
0
0
88
4
0
0
0
0
0
172
5
0
41
34
0
17
1
0
230
0
266
2
4
36
34
166
31
0
2
245
72
1451
24
737
2
634
0
363
10
0
102
0
29
16
1807
1203
0
0
53
43
0
0
1360
0
0
282
15
14
0
15
0
0
0
3
0
0
27
67
374
0
0
121
313
150
3
116
0
0
0
3
0
0
0
12
97
4
1
0
8
28
3
0
0
0
616
0
0
34
130
573
26
40
154
178
0
110
36
230
8
4
44
377
79
2
49
0
60
569
52
411
0
0
23
0
12
132
70
0
21982
57
6
4390
89
3
0
74
261
0
239
0
0
0
39
0
0
0
0
334
0
5
0
5
0
97
5
0
0
218
0
0
300
6
57
0
37
0
0
38
0
16
0
305
9
0
44
0
14
20
0
12
0
49
70
0
1
0
127
5
1045
69
26
347
136
44
0
7
0
0
40
1
0
5
17
156
0
1
538
0
0
134
3
804
7
208
0
37
1029
12
0
0
1
98
971
0
0
0
0
0
0
0
0
1
0
84
83
12
2
32
22
233
356
0
727
518
0
32
217
336
0
87
6
201
1320
0
6
0
0
0
0
90
1
62
2
0
12
42
0
4
6
0
20
4
3
170
0
0
0
0
1
13
0
0
80
1
254
105
2
0
547
35
0
13
2
78
0
0
0
8
1
0
0
61
0
19
0
1141
502
0
0
1818
0
36
212
1186
26
0
15
129
0
0
0
0
0
130
839
4
103
20
132
71
0
341
51
1
16
0
0
4
0
9
1477
3
26
2160
0
0
3
0
0
1430
158
0
0
6
1032
0
494
0
141
225
80
996
0
0
67
0
33
1
0
2
822
0
3
119
20
0
42
0
19
13
1
5
0
12
0
6
684
468
25
0
0
164
11
0
195
51
7
0
0
0
0
0
10
398
0
196
12
1
571
51
0
0
0
420
8
14
35
210
6
0
0
65
0
1033
0
0
0
273
12
0
7
0
310
0
539
0
0
117
0
0
0
0
0
1418
1
0
0
15
131
0
50
0
0
0
0
118
27
0
7
0
0
3
688
106
0
5
3
0
35
0
5
1
0
398
162
299
22
50
64
0
0
50
2
263
365
0
1
211
45
116
37
753
12
1121
0
565
173
3
0
0
1
0
42
29
148
132
0
137
0
4822
0
0
0
30
41
43
182
0
1
0
1
0
522
268
0
4
3
0
0
454
215
130
4
1080
0
0
0
241
14
0
8
29
222
0
42
44
9
0
0
0
0
643
338
346
31
1763
0
11
71
216
64
0
0
52
332
129
5
0
0
3
0
12
663
0
1065
0
4
44
1091
1
273
0
0
9
12
133
0
1
46
3
3505
0
8
101
1
0
15
44
10
10
3
65
0
10
7
2
0
4
0
8
0
0
1
12
0
0
132
0
248
21
0
0
362
0
0
0
412
6
0
0
341
189
6
114
419
194
0
0
102
78
0
13
507
0
2
4
497
2
11
0
0
0
13
1
3553
61
157
68
269
6
0
0
0
2
0
610
11
39
0
219
0
4
105
5
244
0
62
20
0
0
2
3
0
0
0
0
1
33
1
29
0
5
0
32
73
0
14
9
0
0
0
0
0
4
30
0
32
397
5
0
0
377
0
0
5
0
0
8
0
6
61
197
8
2359
274
61
8
0
160
1
206
0
0
0
528
48
72
0
3
5
0
66
0
0
5
955
8
0
7
34
6
478
0
4
616
163
25
0
10
10
65
3
0
0
1088
240
0
0
27
0
0
1
0
0
587
3
198
4174
492
708
31
0
4
34
63
73
0
0
0
4188
306
927
285
3
0
181
213
152
26
45
1
0
4
149
485
0
0
150
332
0
297
862
0
0
0
45
0
2
465
89
309
223
56
0
0
64
765
35
0
19
283
0
0
20
3
90
191
0
0
31
91
1
1
24
0
214
5
6
204
113
8
0
250
0
0
25
77
18
0
0
1081
0
242
0
45
581
0
0
51
0
0
380
2
0
0
7
149
0
499
0
79
0
0
0
0
943
10
49
164
584
49
105
15
147
0
13
20
28
94
8
93
13
396
24
44
243
1351
118
0
145
1
96
144
383
188
3
3
0
538
41
65
0
8
1628
150
313
0
101
41
1
0
2
0
9
1045
0
52
137
82
660
0
29
3
0
0
33
206
7
107
0
809
0
0
0
0
72
77
0
0
1
120
0
0
2
1340
71
36
27
0
1
0
0
84
6
327
102
0
0
0
19
0
10
0
271
1
1
92
7
0
30
0
3
0
77
160
3
39
104
0
184
0
9
33
175
0
457
0
22
0
0
70
5
1
33
80
484
201
0
0
0
2
0
36
0
672
0
94
0
0
932
29
95
2
0
57
0
18
140
224
55
21
90
1351
0
430
3
0
102
992
27
7
0
0
3
0
17
287
0
0
1
28
6
0
39
23
1
65
0
49
0
0
5
0
0
0
207
5
0
494
0
0
41
434
0
0
0
19
224
0
171
8
6
0
11
0
1623
0
2
1
0
241
1
756
0
14
45
3
4030
1
0
70
84
0
0
2
0
310
83
95
155
5
0
0
56
19
7
1
0
0
0
0
66
1
0
0
41
0
14
0
19
22
0
0
201
12
18
4
0
5070
134
53
1
301
116
21
418
10
1178
0
0
1017
1759
267
321
80
0
0
0
15
0
1575
0
0
0
109
0
0
7
30
0
0
0
32
0
0
0
0
122
0
17
722
0
0
0
0
0
0
320
9
0
159
10
13
0
0
0
0
198
16
404
0
0
0
0
0
0
0
543
44
1
0
227
18
656
0
32
1940
157
0
0
122
3
29
0
9
30
0
0
189
128
0
21
26
1567
29
0
413
1
0
48
20
0
5
0
0
0
0
0
0
353
49
2
0
0
177
75
1049
0
0
0
29
0
0
2
0
0
48
0
0
1
25
238
14
5
0
0
471
13
0
0
1398
0
0
346
0
128
0
0
54
35
0
0
0
0
5
162
0
0
0
13
11
5
0
0
532
544
0
18
0
0
0
0
125
0
0
1
54
0
0
0
5
0
14
0
0
10
15
0
0
0
17
0
0
0
38
7
35
6
0
0
0
0
15
0
0
139
0
0
0
206
0
0
411
3
9
5
0
0
24
0
85
57
14
0
538
31
84
1
4
196
7
48
54
0
1
59
471
0
18
4
21
337
0
63
46
0
5
0
7
1
79
262
558
0
0
0
9
0
0
0
17
19
0
23
0
16
0
0
0
2
0
0
3
1444
0
410
153
0
0
4
12
9
0
229
2
0
0
0
16
1
252
863
6
66
15
7
132
0
0
0
155
0
0
55
1
8
0
0
0
11
0
0
9
18
3
116
14
5
1
44
46
0
48
3
0
0
0
0
2
0
0
0
0
55
0
179
2
6
75
1
0
0
0
0
7
6
0
0
27
6
0
672
126
0
0
0
108
63
0
28
130
30
91
539
17
0
2
59
0
49
0
10
0
0
0
0
51
247
96
108
37
0
6
0
2
591
0
170
0
0
2
197
79
0
3545
724
6436
224
53
25
200
443
1630
0
3
0
8
6
0
2
0
0
0
53
92
253
0
67
31
23
175
222
0
0
528
0
67
0
185
0
1309
2
0
46
0
0
961
635
18
67
47
2223
15
154
0
0
0
7
45
84
2
0
187
810
6
39
3020
0
171
0
8
0
0
3
1
0
23
6
3
214
0
0
66
14
31
0
0
0
95
170
11
0
0
0
0
6
0
20
768
101
9
0
0
59
785
0
187
5
402
30
0
55
7
5
3
0
0
1058
0
0
168
0
104
192
2
1
0
11
11
6
109
2
0
284
16
128
1
160
19
0
162
0
5
1
0
0
0
88
3
294
3
73
0
0
73
0
0
0
45
0
159
0
2
0
0
0
0
1
28
0
501
3
109
3
0
11
0
2
3
65
0
6
0
0
0
0
0
7
483
0
0
89
2
64
0
11705
9
0
172
0
118
6
14
4
1
1
71
78
0
0
100
0
9
0
0
0
0
42
233
0
2
0
7
46
0
0
507
1
2
404
0
0
168
19
20
8
1
14
37
0
0
106
0
11
0
0
0
159
12
310
0
0
132
11
25
0
2
28
0
1
0
0
3
0
0
3
3
124
0
0
0
7
355
260
14
0
0
11
0
40
0
18
0
0
63
0
0
48
4
257
629
116
2
375
0
657
51
0
401
149
247
0
0
0
902
3705
8
119
10
0
81
1
393
0
0
109
6
0
0
0
6
3
0
0
0
0
54
0
211
0
0
46
0
328
1
0
1
0
0
69
2951
254
451
0
346
248
0
0
17
1
0
42
478
0
8
2028
372
316
1502
3
256
87
0
37
0
0
1
0
0
0
69
0
5
0
18
31
1
664
0
2
51
25
20
3
13
28
0
0
0
0
24
312
0
51
163
7
24
0
70
27
1574
0
0
0
5
76
2
1
34
30
13
0
0
122
96
0
0
152
876
0
1890
1755
0
97
251
1
394
0
2426
0
0
7
0
496
351
0
0
0
4241
342
0
0
130
111
8
5
0
1
8
0
256
396
0
0
0
156
0
77
0
0
158
0
286
11
0
99
325
0
0
0
6
0
50
6
2
68
270
0
47
3
378
0
6804
271
6
190
7
0
21
48
148
154
13
0
127
1941
124
122
3252
0
0
10
0
860
0
1
325
29
0
0
370
199
0
0
0
0
0
101
1
80
1013
31
24
0
86
466
8
366
79
0
5
25
305
0
1253
3504
0
0
351
1029
219
0
0
0
6
0
447
1
0
60
158
0
0
1
2
1
17
44
0
5
4522
1777
0
1025
1073
3
940
74
14
117
0
23
182
7
1286
1
625
52
92
1
1334
0
0
371
10
429
15
0
292
84
0
47
33
1978
55
390
20
62
0
26
136
111
1654
19
164
0
33
0
113
0
0
0
0
0
0
57
0
7
1
44
0
3
64
3
0
2
0
0
0
85
193
12
0
0
269
0
0
1110
3
0
0
1
1396
0
0
2
5
279
1
0
0
79
0
6
10
1282
15
140
0
0
2
0
0
0
137
5
2
0
11
0
17
123
167
0
33
5
34
21
148
18
0
2
0
3
5
7
0
47
105
0
43
70
0
2
36
0
223
6
61
58
280
1
13
0
192
0
0
3784
1
0
9
53
106
0
762
1668
128
228
84
1
332
12
16
277
114
1352
0
294
0
1
142
15
0
31
37
271
0
97
0
0
0
0
0
8
4431
1
54
41
0
0
3
0
0
0
0
94
1078
118
3
4
6
0
14
1
8
2
0
8030
175
110
167
0
122
0
61
380
0
17
1
0
0
0
0
51
64
28
89
275
113
36
16
0
8
325
953
0
2
0
8
1702
411
10
1
0
0
0
28
271
3322
119
3
552
0
17
9
652
62
0
0
0
150
438
3
6
0
0
8
16
34
0
135
256
8
1
2
0
505
8
0
35
82
0
0
44
615
528
0
3455
48
127
0
530
0
31
0
1016
13
244
0
8
1
14
0
0
0
995
68
7
0
43
0
22
1481
47
0
0
0
0
1228
0
760
0
13
109
0
384
6
195
3318
0
517
26
60
0
27
176
0
0
0
608
648
0
0
2
520
0
0
0
7
13
0
5
0
0
25
12
0
22
3
0
0
679
0
254
12
0
2
0
43
0
0
23
0
0
2
0
47
0
0
23
147
174
0
659
29
0
1
166
2
27
0
0
0
476
0
8
0
0
120
0
0
291
139
2
32
0
32
177
0
247
0
6
0
0
517
0
0
0
797
34
0
147
8
35
0
57
844
0
1
0
199
106
4
41
0
29
0
56
0
15
0
0
10
82
74
0
0
0
0
0
36
0
0
16
16
1
563
0
20
0
36
16
3
3
0
1
0
163
0
23
0
0
43
29
20
120
0
0
0
2
256
1
17
14
0
1
0
0
26
19
0
7508
54
0
0
211
543
53
0
10
80
65
38
0
63
80
13
0
79
0
0
19
2
0
3
0
345
0
47
0
1
0
4
182
22
48
213
55
0
0
46
420
1
0
0
0
0
0
1183
92
0
725
6
153
0
0
13
15
0
0
0
0
9
4
2
0
0
0
640
42
15
0
0
63
1
2
16
0
334
0
12
64
3
4
2
203
16
127
0
371
12
232
0
2
19
131
70
1462
15
0
0
0
1
82
0
0
0
6
10
0
83
0
11
1
14
18
0
2
8
1
0
4
1
23
1
0
25
0
47
0
66
0
331
16
56
197
0
0
53
0
83
0
0
0
182
22
161
177
0
40
590
36
0
7
36
597
7
0
28
0
1180
0
0
0
30
54
17
58
7
10
16
0
0
0
79
10
103
2
2
563
0
0
18
9
0
1
268
0
0
0
0
0
88
94
17
2
0
0
0
56
0
520
0
14
84
11
289
101
58
0
0
281
10
166
274
0
0
141
0
42
0
499
788
390
0
0
0
46
2
6
73
16
0
0
0
0
0
1
5
0
255
0
18
164
0
14
1
19
0
96
9
0
2
61
34
1
0
33
0
1
0
0
0
2
0
0
1
1
1824
12
365
1
1
0
18
0
137
0
0
21
733
0
4
0
127
58
24
5
0
56
1
11
34
2647
0
2
36
3
1
47
297
0
0
0
0
395
5
80
198
16
0
44
70
0
0
5
0
16
1136
206
0
0
0
181
0
0
0
0
0
24
29
1
34
0
80
0
5
914
42
0
6
10
1
57
7
0
24
55
249
28
332
0
19
0
7
165
0
16
3
0
0
0
0
0
0
15910
310
0
1
3
512
3424
3
18
0
1
549
59
0
880
52
0
0
1042
7
0
27
3
2
1
369
0
2
1
0
2
0
0
0
0
0
974
0
0
4491
0
1
0
4
0
0
21
0
0
47
0
2
289
0
0
37
130
71
0
294
0
5
9
0
42
0
153
0
0
0
968
2
228
0
0
30
144
8
28
16
320
1
1
61
92
18
4
0
0
4
0
0
64
308
0
0
0
1
0
6
0
0
1454
0
0
0
1465
192
131
0
126
0
260
4
0
119
404
3
15
0
18
36
430
0
0
107
0
8
2
1
68
2
0
0
271
34
112
0
0
133
0
39
2
4
224
0
65
334
7
32
0
3
311
21
16
105
0
0
0
162
104
0
90
0
218
140
0
0
107
154
120
0
0
0
100
464
523
23
1815
0
16
0
1570
9
1286
442
0
9
0
265
1
0
127
13
70
61
0
51
0
0
0
30
0
0
344
214
214
0
0
1182
12
59
0
139
126
272
1147
0
0
0
2941
0
317
0
0
241
3
3
0
4
0
0
4
0
0
14
8001
55
23
0
0
96
1
203
2553
107
0
363
72
557
0
1
1
0
78
2
1
0
219
2
303
182
566
0
97
1
139
0
1029
0
0
4
154
436
231
17
867
3
0
0
671
62
0
671
0
79
1
0
14
63
0
2
0
0
0
0
187
13
9
418
0
105
1
0
1
90
3
1
0
7
0
2
0
15
44
0
181
72
13
135
2
3
0
1440
325
12
999
0
0
141
2
76
380
0
89
440
19
183
64
21
0
92
0
0
734
2
0
1196
1
0
197
163
23
0
0
0
562
5
74
19
191
330
68
0
2
0
36
11
715
7
130
1
179
11
17
2
3580
294
1
362
10
5
0
1
47
15
5
243
285
381
0
851
0
6
0
2
0
73
225
16
631
2
75
868
581
9
91
10
7
1
0
86
0
0
0
0
16
0
626
0
419
517
0
0
4
31
0
113
2
0
8
0
2
0
0
179
82
1191
0
12
0
0
1609
10
0
2143
1
98
474
0
55
0
0
12
11
26
399
485
39
141
133
200
0
129
47
5
0
7
45
0
0
337
0
184
75
10168
2
6
100
395
19
0
220
0
0
19
0
114
424
333
39
66
17
58
2
0
27
26
33
104
117
2
77
16
0
0
12
0
385
90
118
0
2
0
0
1
0
4
5
310
4
53
0
0
0
0
0
157
11
2
17
5
0
768
108
0
0
0
0
205
0
0
583
200
13
209
0
4
622
115
0
0
115
0
0
0
0
2
0
227
1101
109
6
0
476
0
0
3
137
0
1104
35
145
0
6
0
6
4
64
13
26
379
25
0
26
6
0
1036
399
52
1
41
0
0
34
91
4948
0
0
0
13
8
16
78
0
0
140
0
340
1108
1006
0
25
1274
565
313
242
0
0
0
37
33
10
0
71
8
13
0
30
0
10
2
0
67
0
7
93
0
45
5
381
292
201
24
218
0
3768
42
7147
60
47
7
6
178
0
190
128
812
57
4
2
6
51
0
0
429
23
86
13
297
362
0
453
5
351
1222
182
111
176
0
7
0
301
397
0
2
2
375
0
400
6
0
11
0
8
0
0
32
382
0
0
30
1
42
261
74
0
0
0
0
30
0
0
666
1366
134
360
0
7
195
515
67
279
77
0
38
68
17
0
114
19
6
3
175
8
0
0
1
1
0
11
294
0
1086
1397
175
0
767
127
8
1
472
8
0
0
0
0
0
0
6
113
3
2
274
24
0
415
5
1
748
351
675
0
0
0
381
413
516
139
1
492
239
10
178
34
33
0
29
748
16
443
7
0
3
142
158
105
200
10
275
2
0
0
0
2
0
0
5
64
0
15
3
0
0
0
357
6
0
1
10
54
5
9
73
14
0
0
0
177
0
75
54
29
0
1
0
3
103
0
5
13
0
144
11
1
0
0
837
1026
1009
87
0
13
3
702
0
0
18
555
32
0
10
6
0
0
0
50
76
145
120
13
0
27
6
40
0
108
90
24
0
12
4
146
5
0
0
19
50
0
762
7
0
81
4
2
0
141
1
72
436
108
1790
0
0
3
31
17
600
0
1012
0
759
46
14
38
0
787
0
158
21
42
537
1
444
581
0
0
0
0
0
9
0
200
113
5
71
21
0
19
0
41
0
0
0
72
222
262
305
69
337
1697
427
0
8
39
0
65
145
0
0
0
8
10
51
0
2
1625
0
43
93
75
14
0
0
2
47
9
157
0
0
424
1
14
0
366
114
585
0
69
0
0
0
0
82
0
42
0
5
0
0
54
56
0
1
0
19
1811
0
282
1
0
10
0
0
0
0
0
210
206
0
3
592
5
147
267
49
0
37
4
2104
361
29
184
0
4
0
0
3
12
0
493
4
102
50
23
0
30
0
38
0
14
22
16
1
0
0
0
0
118
0
122
0
0
0
0
858
0
0
0
36
0
0
0
0
1
0
0
928
104
419
5155
2098
1
10
0
306
2
1
1
289
290
25
458
0
0
0
0
405
55
26
1
557
73
24
635
28
8
225
454
61
57
0
0
1
0
0
0
0
0
0
30
0
0
0
0
0
0
0
15
210
56
190
84
0
1
0
0
0
0
211
370
0
0
0
0
0
0
149
178
0
0
0
0
18
0
0
1
10
0
0
0
0
0
9
8
95
44
0
0
0
0
0
1336
364
0
514
13
0
0
78
127
338
3681
10
20
0
3
0
0
107
0
31
3
3
0
0
0
0
165
4
0
0
0
0
0
0
2
20
200
0
133
57
0
0
0
0
11
49
0
0
695
0
0
0
80
133
565
51
46
23
117
0
0
2
0
0
119
27
2
1
116
3
0
0
0
0
0
71
1
27
23
0
0
0
0
0
0
0
890
66
779
0
0
0
0
0
0
0
0
0
0
0
0
41
0
0
0
0
1
0
0
0
0
0
46
4
730
0
0
0
0
3141
30
105
20
448
95
149
133
41
6572
25633
126
0
19
21
0
0
0
310
218
97
0
0
0
111
0
0
0
86
0
1
36
27
116
96
0
0
0
0
37
7
0
0
9
5153
6
38
0
0
0
0
22
43
0
2
15
0
0
3
0
231
226
0
0
1
0
154
10
8
7
15
0
0
0
1
0
0
0
0
0
102
41
0
0
549
891
74
296
4719
0
0
3
4
0
0
0
22
5
0
0
303
20
0
0
0
9
17
0
0
0
0
0
31
8
0
0
3
269
71
226
25
46
454
0
534
716
16
0
0
0
0
0
0
0
0
51
0
114
0
0
0
0
4
3
0
0
0
0
0
0
355
9
1147
1
3711
6195
321
0
0
22
33
0
109
0
0
0
574
125
0
0
132
426
114
27
0
11
6
235
0
0
0
0
0
0
0
0
3
0
0
0
0
0
0
0
0
0
0
0
40
2
0
14
58
0
2
0
217
0
0
497
1
5279
97
51
22
0
61
0
0
65
5
0
4
0
0
11
0
0
17
0
0
300
245
1
1068
11
73
0
0
0
0
0
0
0
0
0
1203
1461
2
0
63
1
0
0
0
0
33
33
0
0
1
2
6
92
0
0
7
0
1
0
0
0
0
0
0
0
0
22
0
0
0
0
0
0
0
0
0
0
0
0
0
0
0
0
0
0
0
0
0
1
0
0
0
0
0
0
