24_BitC_6_2
0
0
9
1479
41
268
34
0
0
0
0
405
18
427
2
0
510
3
1
69
903
49
0
4
0
635
0
47
4
6
31
2
0
270
2234
68
0
3
22
3
4
0
0
10
0
2986
0
144
0
412
0
150
0
685
0
42
959
46
2
1392
2
7
0
0
22
33
1
632
53
6
1419
770
105
15
49
0
1185
7
5
0
0
0
13
30
2850
0
36
282
50
20
651
0
567
2
4
1286
22
0
151
0
32
0
12
698
156
0
0
3
0
1040
0
0
35
0
8
0
0
318
191
762
20
9
2
284
85
1295
808
0
1618
45
0
0
10
182
0
0
5
160
26
0
2
13
28
1
855
179
116
39
55
44
35
2
63
2
6
1165
0
1
13
1071
2
0
0
0
156
105
27
235
0
0
0
0
101
0
0
86
101
2
0
87
590
579
0
92
113
261
218
7
116
0
0
388
86
38
0
128
0
6
2
74
53
3
5
43
25
3
8
94
25
30
0
1
14
0
0
16
142
43
0
37
462
0
23
355
0
1
8
179
15
154
4
0
61
425
224
1
845
18
0
0
0
0
10
721
0
59
169
932
5
4
115
236
25
0
602
79
0
1
0
45
239
1386
7
3805
97
0
0
0
306
81
2
869
0
0
37
6
0
1
787
202
831
139
0
1833
0
1205
0
0
0
174
1
0
0
0
0
0
89
0
227
0
0
16
0
39
451
2
451
24
4276
0
0
0
0
0
3
96
0
242
178
1
117
0
665
129
0
162
39
9
0
32
408
326
210
0
0
324
23
14
2
0
790
271
58
884
0
14
116
54
204
0
877
0
46
45
39
53
1087
281
51
0
4
1
0
1355
0
0
0
156
253
8541
252
914
34
2
0
3
18
13
0
474
0
98
1
0
2624
0
139
6
30
0
320
0
0
193
867
89
119
0
410
93
9
0
0
0
2
221
12
0
2
0
0
108
7
2782
3
130
0
98
0
0
1438
292
10
0
62
0
11
1171
153
0
170
25
34
14
49
0
323
0
2
0
3
0
551
1242
0
17
1324
407
191
0
0
0
34
3
3
0
0
0
0
0
13
6
0
0
0
45
113
2
452
0
32
0
763
0
3
0
8
0
532
89
524
81
156
1533
732
18
2
0
23
0
50
66
51
124
0
137
0
6
0
0
75
0
789
29
40
496
23
0
32
1
25
0
1
376
11
484
48
0
40
0
513
482
3
522
0
93
10
27
27
92
45
160
827
0
10
229
897
201
110
2
0
0
36
0
192
263
1
0
118
0
3
0
11
0
0
1
6
0
0
5
0
1284
0
250
3
260
0
0
2
270
764
92
4
391
4
276
179
30
0
104
0
127
1
1809
2
22
8
11
0
2273
2
14
0
406
0
416
192
17
5
7
87
0
0
0
5
255
0
0
0
0
1516
2
174
165
3
1
248
22
64
24
0
10
3
15
0
12
39
0
0
0
25
0
0
57
0
71
233
172
153
69
1314
6
0
7
0
5
0
2
0
245
905
101
3
239
14
123
4
0
491
39
0
130
0
0
151
0
561
115
11
4
8
0
429
0
0
5
442
0
0
0
0
341
25
465
11
19
0
0
0
0
86
223
41
613
0
90
135
5005
0
19
0
2
24
0
80
0
20
21
123
68
6
55
12
19
0
0
62
26
248
0
140
1776
3
91
54
784
520
0
2
276
537
19
78
3
1249
0
0
3
0
232
307
7
28
59
47
0
76
0
64
53
137
0
225
1
258
0
0
3
2
0
2
797
498
0
3
241
8219
1
427
42
353
179
108
90
0
1
394
0
3
55
0
21
265
2
0
1080
47
149
42
86
220
214
41
180
37
0
0
1
1031
0
230
1
0
166
11
1
0
0
7
7
0
0
8
0
94
31
0
18
0
369
103
334
50
46
0
534
0
0
0
0
50
0
257
62
2
3
0
0
0
0
16
92
12
4
0
11
3
166
173
0
10
1
2
0
0
540
2
482
1296
367
5
682
103
114
139
1
29
223
0
105
146
7
707
0
219
120
340
2
0
289
0
5
25
6
145
851
15
0
0
0
0
0
699
241
12
2
0
1
2144
2
0
1184
6
83
0
40
0
1
590
21
271
421
144
3
0
9
0
0
242
1130
874
2
0
8
0
497
84
0
11
69
0
29
83
91
22
0
253
2
0
441
1
0
0
0
247
1
175
407
70
127
87
11
20
0
4
31
62
271
458
60
0
211
26
3
1725
275
1
59
4
371
0
0
27
325
0
81
0
3
7
6
1
0
0
149
157
34
4
0
52
79
31
0
0
892
33
60
127
10
12
0
0
25
33
0
2574
50
204
669
5
126
0
1
49
1
1854
35
2
1
1716
378
201
94
1414
0
161
0
0
3425
0
0
0
0
347
0
0
0
3
44
682
571
1080
55
0
0
0
43
45
46
2
0
0
91
1491
566
105
11
0
0
19
228
5
0
0
0
6
0
1485
462
1773
1019
0
0
0
0
0
182
0
0
11
215
18
44
0
13
1370
670
0
295
1569
64
87
41
40
0
0
188
5
3
34
0
0
1
8
0
36
33
6
0
1
0
0
1331
651
0
0
10
5
109
0
0
0
0
143
85
0
241
1
1
144
7
63
1150
0
471
164
5
1
6
21
1
0
0
0
343
675
96
188
163
189
294
99
138
223
3
27
133
10
87
0
0
4
0
8
1113
28
284
0
1
73
121
1
11
379
152
179
360
2
92
182
0
38
7
3
0
6
0
0
1680
341
82
2
0
519
0
0
0
188
13
1472
1711
0
42
2999
30
122
105
114
97
560
315
0
0
26
0
588
26
409
0
526
0
382
0
425
693
55
0
595
0
0
117
0
414
810
0
0
1
471
0
893
0
0
2
40
0
261
0
0
6
0
0
0
0
29
0
31
25
168
7
408
252
6
340
786
0
1
2101
0
0
0
160
65
92
0
109
0
4
0
196
31
0
7
281
0
5839
2
0
0
18
12
278
22
204
68
0
78
3
36
0
0
131
131
48
2
0
117
0
261
1053
55
0
0
8
6
1155
24
3
69
11
26
37
2
7
0
2
3
846
0
593
3
0
9
19
0
56
1
180
0
75
191
0
64
3
378
0
0
0
101
0
2
2
62
9
0
2
87
4
0
164
0
264
0
0
5
22
0
2216
0
9
3525
21
301
0
173
23
80
1
0
0
228
98
0
1
19
31
45
2
0
7
0
0
38
0
91
0
0
8
32
89
7
0
0
1
145
1180
239
0
0
0
91
0
0
644
496
10
68
4953
0
100
382
29
90
71
873
0
4
74
1923
28
14
39
38
290
0
0
261
90
27
328
19
641
28
279
396
118
0
42
0
40
0
3
0
0
418
3
28
0
1668
2
45
866
76
55
0
0
1
0
38
0
318
0
0
389
63
0
2
0
4
16
0
231
0
3
127
0
38
1
0
19
0
0
9
0
0
15
0
0
0
0
0
1
3
518
6
144
1
74
183
74
1
0
107
3
1973
47
1
0
0
7
16
24
1981
78
360
0
1117
12
445
629
0
0
2
1386
0
186
136
6760
4591
0
3
0
74
3
13
0
1
88
0
3
1659
645
640
5
2
175
0
21
0
55
466
116
1371
0
1981
0
179
13
63
86
0
4
4
1
1
3
0
0
647
294
3
2290
73
0
0
3
130
560
434
44
967
3974
2
397
0
219
414
173
408
445
0
33
13
444
92
0
0
137
21
57
0
1
34
143
581
0
4
0
49
407
0
967
0
1
4
8
4
173
7792
0
378
0
0
3
386
0
284
0
54
13
0
1230
47
5
42
0
10
12
3
430
3
2
0
18
0
0
46
226
34
13
0
21
19
2
0
0
132
0
10
22
0
20
80
84
0
0
0
0
59
0
8
0
9
134
123
18
289
5771
21
469
275
2637
0
43
0
172
15
0
1016
5
174
25
0
2
0
0
527
72
0
25
204
0
128
4
3
0
0
50
0
0
3445
367
2
0
389
437
318
0
0
27
4
40
0
850
0
121
3
0
16
0
76
0
0
0
0
50
0
0
0
0
21
697
119
20
0
68
58
61
21
9
20
87
3
230
0
51
4296
590
0
343
4
0
0
1034
139
0
0
0
0
9
600
23
0
0
8
0
0
0
0
0
6
268
0
0
223
130
1028
742
62
525
2
0
14
10
23
0
0
0
0
166
60
1
331
60
645
21
0
1
136
65
16
88
0
1
51
329
0
0
158
0
4
0
317
0
0
14
0
33
112
0
19
0
0
77
188
0
0
0
0
50
662
24
0
1
146
0
181
90
329
3
59
1327
445
0
0
3961
1021
357
3670
79
3
6
0
0
1
4
92
4
7
2
0
118
1448
15
0
3
0
0
0
30
43
263
0
0
26
1
11
2
250
846
219
320
441
6
2
0
1
291
18
0
3
92
12
5
101
4
0
0
8
35
53
246
26
0
0
0
0
0
0
0
94
0
0
0
22
1
52
3
0
88
99
0
2
3
543
0
154
2
0
28
3
0
0
0
0
1137
1
6
8
80
2
245
190
14
0
10
0
0
0
1
261
0
689
440
594
77
0
117
46
12
0
7
409
112
0
15
0
1521
0
42
0
12
5
26
0
73
0
0
0
342
2
292
106
25
269
42
0
0
1
0
2
63
583
131
0
35
1
62
11
0
0
198
0
48
0
0
106
62
35
134
30
1073
23
0
187
0
589
0
1
0
69
33
105
125
125
3
669
52
0
0
14
0
4
4
247
368
11
7
49
0
5
16
2
6
0
21
186
10
7
2139
475
8
434
0
67
10
0
2
199
3
116
0
4
1
13
22
0
0
6
1133
0
121
324
9
0
1751
40
0
0
1
9
7
10
2148
70
118
0
0
8
0
0
0
0
53
0
0
24
1
13
5
0
34
26
2
0
0
6977
0
12
0
18
50
374
480
1494
13
3506
18
2
15
31
14
23
1034
0
591
1111
3
28
150
0
150
0
0
3
770
0
53
112
0
0
1162
0
118
231
2
0
187
295
0
5
345
378
1
1122
2
337
0
2230
31
0
160
0
30
121
257
17
267
3
8
0
1793
269
87
14
569
4
333
37
637
84
0
136
0
109
180
234
0
3
2
3
11
181
0
24
2205
84
665
201
0
0
0
1
52
170
0
90
125
18
705
609
0
117
87
38
0
2
0
4
893
0
81
0
186
16
0
0
1
9
0
0
2112
768
0
3
125
3
21
0
104
5
336
29
4
0
127
292
3
19
2
0
0
0
403
404
2
5
1577
18
389
306
43
57
0
15
38
0
10
0
2
5
19
18
110
100
0
0
104
389
0
1
65
0
0
0
512
176
82
0
0
943
3
633
559
1
0
113
0
0
4
97
272
7
0
0
0
4
20
68
3
8
0
220
9
0
0
0
10
0
268
123
15
0
0
123
3070
8
262
0
15
0
34
13
4
761
1
0
15
271
99
1
3
0
28
116
0
18
0
237
0
591
0
0
22
46
2
0
2
18
0
2
10
148
12
0
41
3
3
21
20
13
0
0
333
3
6
0
80
8
18976
2
36
143
207
0
26
5
0
0
0
332
78
573
1
195
0
3
229
2
0
43
0
218
1382
0
63
0
111
0
1203
10
332
103
0
0
0
0
0
0
0
0
4
0
20
0
0
6
444
212
103
2
0
305
28
0
125
675
29
314
70
0
1070
120
0
103
2
0
0
508
22
231
0
43
0
0
28
431
342
0
362
52
15
0
0
168
72
0
768
1
0
596
6
169
102
0
151
2
0
328
567
15
20
25
0
0
0
4
368
277
171
0
20
0
124
0
2
273
1
125
22
0
834
53
22
43
24
0
15
1129
114
0
114
1
86
513
11
52
2194
161
0
1
9
392
100
0
14
14
8
0
0
0
99
114
2
31
1
0
0
0
2
316
5
290
3
0
33
14
310
0
1
0
0
352
199
78
24
0
0
91
0
0
0
16
1267
1745
6
7
1974
25
60
473
0
240
0
0
4
750
10
0
7
83
96
32
0
0
4
0
0
1569
0
0
911
3
73
21
1699
339
0
0
215
2093
72
1884
259
0
49
10
385
0
42
27
32
24
0
0
0
183
0
1
675
0
1811
0
0
20
0
13
0
164
228
0
582
17
118
0
143
1050
3807
2
18
132
7
647
161
0
15
0
337
1
0
0
194
298
0
1037
1
21
15
565
0
147
523
350
47
169
165
0
453
12
669
645
9
1854
0
336
214
182
225
4
0
25
0
0
49
74
12
0
236
0
3
20
8
4
4
3718
152
133
331
119
135
2
0
4
15
4
1116
0
11
5
0
0
2442
0
156
230
0
923
0
16
384
15
22
662
1
0
182
0
0
0
0
39
0
0
0
18
316
33
0
26
0
8
291
2
3
0
1188
219
909
212
0
1022
54
0
0
149
7
0
0
0
0
43
157
9
0
3
0
0
0
31
11
40
862
20
151
6
68
6
4507
0
0
4
101
0
14
116
0
70
0
110
67
0
769
330
23
196
94
0
0
503
249
1433
46
0
0
139
0
0
0
0
1963
9
3370
265
184
271
415
0
2
0
0
62
0
494
1
0
177
152
3
170
9
466
51
0
19
177
0
64
0
132
12
167
58
0
1203
50
0
44
10300
1
58
1350
594
386
478
212
864
44
501
0
1911
2123
0
20
10
6
0
0
381
0
278
158
1256
0
4
254
181
0
1208
238
52
0
0
0
0
3120
2
2
632
0
656
0
34
8
0
903
42
0
0
994
42
0
0
0
0
187
3
151
0
1303
19
176
86
542
0
4
216
844
0
17
18
158
151
61
0
57
440
184
0
0
255
44
181
0
3
14
48
0
72
51
4
220
2
0
0
0
0
9
0
0
20
0
0
0
2
9
0
7
1058
16
0
0
2624
0
0
2
0
1
66
0
69
3
11
154
0
3
1
7
0
0
179
24
0
0
0
130
1
0
0
223
39
0
0
0
125
0
0
4
54
0
0
0
0
9
0
3
0
0
81
0
0
40
1510
0
0
27
0
0
307
33
233
11
6
1
0
42
0
0
0
36
0
75
0
0
0
1
20
0
36
0
0
426
33
0
498
18
0
1824
109
6
1
41
472
0
0
26
0
0
49
34
64
0
105
35
0
6
1716
516
16
0
237
0
2
63
4
32
18
0
26
0
0
0
0
686
0
1
0
0
1236
0
377
14
5
0
0
121
538
401
162
0
0
5
0
0
0
3
1
0
144
0
0
87
0
0
0
0
0
134
2460
57
0
0
38
5
0
0
0
0
0
0
0
0
0
0
0
2
28
0
0
6
39
0
0
0
126
6
64
1
2
1
1
2
0
0
33
0
0
0
0
0
0
83
0
0
14
22
298
2
0
0
0
0
0
1
0
0
11
0
0
0
0
0
10
0
6
7
0
0
7
0
0
0
0
0
0
0
0
0
0
0
0
0
0
7
1
2
0
834
0
0
0
47
0
0
0
0
959
0
0
131
60
0
5
73
0
0
0
0
0
0
0
76
78
0
0
1
13
505
63
0
63
0
0
0
0
0
0
0
0
5
0
0
30
0
0
0
865
0
3
0
0
0
0
0
0
37
2
116
3
58
0
15
0
0
0
0
110
0
0
0
0
12
7
0
1
0
72
7
0
31
1
9
90
0
0
4
25
60
0
81
0
4
0
77
0
20
0
346
0
0
3
0
6
3
0
0
0
39
0
0
0
0
523
0
6
813
336
0
0
78
114
0
0
0
1
0
92
2
0
111
0
88
3
1
0
0
10
0
2
0
1
0
111
0
0
474
8
0
0
0
0
32
0
2
0
0
0
0
0
1
0
6
0
0
1
99
0
86
0
0
171
7
0
0
1
0
259
0
0
4
0
0
0
0
0
0
9
0
0
44
0
0
102
3
0
0
0
55
1
0
0
30
0
0
19
0
0
0
24
2
0
0
0
0
3
0
0
0
0
0
3
0
0
0
1
0
6
0
0
0
0
119
24
1
25
18
3
0
0
0
28
0
2
0
0
0
0
0
0
0
1
0
2
0
0
0
97
0
28
0
0
0
0
208
0
0
0
166
0
5
0
1
0
7
0
0
0
8
15
1
0
1
0
0
0
2
0
0
0
2
0
1439
0
2
0
0
0
0
0
0
0
0
0
16
23
0
0
13
0
18
528
0
0
0
0
0
0
1
0
0
2
0
0
0
6
0
274
233
0
0
0
0
0
0
0
0
519
0
0
0
0
0
2
0
0
0
691
43
1
899
0
0
78
0
0
2
0
0
6
0
3
0
1
0
0
0
2
43
0
0
0
0
0
0
0
0
0
0
254
0
3
0
89
26
0
189
0
66
5
0
1
0
0
9
0
0
0
0
0
0
8
7
1
0
0
160
0
2
214
0
0
1
1
1
1
0
0
0
0
0
112
0
0
0
0
108
0
0
0
0
76
0
1
0
0
0
0
0
2
0
0
54
0
2
0
0
383
486
0
0
0
3
16
0
0
0
0
0
0
0
0
8
0
52
2
0
15
0
35
110
2
5
3327
0
0
0
0
308
0
37
1
0
0
0
0
4
0
0
3
299
3
6
0
0
14
0
219
0
0
0
5
0
1
0
0
0
0
0
16
0
15
0
0
0
306
0
2
0
0
0
0
0
0
1536
0
116
1
0
0
0
0
0
0
0
123
0
0
264
0
1
149
34
640
0
1
0
5
0
88
0
1
0
0
378
0
0
1
0
0
0
0
0
16
31
15
2
0
5
0
0
9
0
0
9
76
1046
0
2
17
19
1842
0
401
0
0
0
76
0
0
13
3
21
0
0
0
2
51
0
0
0
39
0
0
0
0
0
0
0
33
0
0
0
0
26
0
45
0
0
13
0
46
0
0
0
0
0
817
0
0
0
326
0
0
37
0
0
6
0
0
0
0
40
0
0
0
0
84
1094
275
0
0
0
0
0
0
0
1
382
0
32
0
0
0
0
0
719
0
365
3
0
18
0
0
2
0
0
1
0
1642
0
0
3
0
0
0
103
1
0
0
39
0
119
1
0
25
0
789
0
0
0
101
0
3
0
0
0
4
0
0
7
0
0
0
3
287
0
0
0
0
267
0
0
3
227
0
13
0
56
373
0
22
0
0
0
0
0
0
0
0
869
0
26
0
0
0
0
0
197
166
0
0
33
0
480
0
1
2
0
0
0
0
25
1
0
0
0
46
11
0
3
0
0
16
0
1
0
94
11
0
7
744
1
282
70
0
0
0
0
0
0
0
0
0
119
0
0
3
16
0
0
0
0
0
0
0
0
0
0
1636
0
3
2
0
0
0
1734
83
8
14
2
0
0
0
3
46
0
11
0
3
0
0
0
3
0
0
0
0
0
0
168
0
0
1
1
972
26
0
0
3
9
0
2
0
0
0
16
18
0
0
0
1
0
289
0
206
5
0
9
0
0
1350
84
0
0
76
251
0
277
36
0
0
54
1
0
0
6
9
42
19
0
0
0
0
0
0
0
0
1
0
0
0
0
293
123
0
935
17
0
0
0
0
74
0
0
0
0
3
0
0
3
0
14
48
9
280
0
0
0
8
0
0
0
0
292
0
0
0
73
0
0
0
0
0
0
0
0
0
0
0
0
0
36
41
0
0
1
0
0
1
198
0
801
0
0
0
0
0
0
0
480
0
0
108
1
0
0
15
5
0
852
1
0
12
0
0
0
0
0
49
88
4
47
0
0
0
2
17
101
1
0
0
0
0
6
0
1
477
407
32
0
149
0
0
0
0
0
1
2
19
1503
2
0
0
0
0
0
343
0
3
0
0
0
2
10
1
0
0
1
0
0
3
34
0
0
0
0
161
0
0
2
0
15
8
0
0
0
0
6
3
0
225
0
0
1
0
0
0
14
0
0
0
0
0
9
0
0
0
0
18
0
7
0
0
0
0
0
0
120
0
0
24
47
0
2
0
65
0
0
11
0
0
129
0
0
1
0
293
16
0
0
24
0
1
8
3
9
27
0
0
0
64
0
155
0
0
47
2
202
0
853
83
0
0
12
4
51
0
0
0
0
17
3
5
1
6
0
0
2
0
34
286
179
0
3
0
5
5
0
17
0
0
0
4
2
0
0
0
0
2
660
82
350
0
0
0
100
0
0
5
0
37
10
0
505
582
0
3
0
0
0
2
491
0
23
13
0
0
0
0
123
0
0
0
23
0
0
0
15
0
10
0
10
12
2
0
287
0
0
0
0
18
0
0
0
0
0
0
3
0
0
0
1
0
0
0
17
17
0
0
0
33
34
3
0
1
177
0
0
221
0
2
3
0
488
0
0
0
0
129
555
0
1177
0
1
4
0
0
0
0
8
0
8
0
0
0
3
0
0
65
0
14
0
0
0
0
0
0
51
0
93
0
0
0
0
532
0
0
124
0
0
10
21
0
511
61
4
0
0
0
0
0
0
0
498
0
0
0
29
79
0
0
0
1
111
194
4
0
4
19
28
0
2342
10
46
0
0
107
0
180
462
52
114
0
0
44
0
355
0
0
23
0
0
0
0
0
0
0
545
0
6
0
0
3
0
0
0
0
1
235
663
0
7
0
1
0
105
0
0
195
96
2
1
5
0
0
125
0
0
0
0
0
4
0
3
0
0
4
0
0
437
7
8
2
0
0
0
3
13
47
0
0
0
31
27
1
0
2
0
0
0
1
0
0
0
82
485
0
0
0
0
0
0
0
111
390
0
22
89
0
0
2
134
0
0
0
32
0
79
0
121
5
0
0
144
0
0
0
0
0
1
0
0
0
0
0
0
0
3366
193
0
0
0
4
0
0
0
268
326
343
0
0
221
0
23
0
0
0
0
0
0
0
303
0
25
20
109
0
0
8
0
697
1
10
0
0
0
1121
0
42
0
0
1472
80
0
0
0
0
2
0
0
316
16
0
136
0
1
0
188
1
0
40
0
0
3
1
0
0
73
0
52
110
2
0
0
0
0
0
99
1
1628
60
0
0
0
0
0
197
1071
0
0
0
0
1615
0
0
16
0
0
0
619
0
924
509
0
1
3
0
2
0
0
0
0
0
0
0
756
0
1
0
58
0
0
0
0
0
1
0
4
0
40
0
1304
27
0
0
0
0
0
0
0
0
0
5
190
7
0
0
0
179
0
1
1
0
30
0
0
20
0
0
16
0
0
0
1545
0
5
3
0
64
0
271
0
2
0
52
0
0
3
71
0
12
2
0
60
1
41
0
0
0
482
0
0
0
0
0
0
0
336
22
0
688
2
6
284
0
0
1485
0
0
36
4
0
1
0
3
0
0
0
0
0
0
8
0
0
0
0
0
0
9
0
0
0
0
231
1
0
0
458
0
0
0
0
0
8
0
0
0
0
0
5
0
2
0
0
0
0
10
314
0
5
0
0
1018
4
0
0
0
164
0
0
0
0
0
0
279
0
7
1
0
0
9
768
16
34
1
463
0
0
16
0
0
0
3
2
33
4
0
0
0
0
0
0
28
1
271
0
0
49
0
0
0
0
0
1058
52
1846
0
4
0
0
169
156
0
0
68
941
0
0
0
28
4
0
0
0
2
9
52
0
1378
0
19
3
7502
1
7
26
0
0
0
0
0
0
0
0
39
0
61
0
20
3
38
139
0
3
0
33
0
0
0
143
0
0
88
19
0
206
4
0
0
10
0
0
1
7
139
346
0
0
0
0
14
0
0
0
1
0
6
0
12
0
48
1
0
1
0
0
0
21
0
0
0
0
0
21
112
0
0
0
7
0
0
2
0
0
0
9
0
1
0
0
107
0
3
0
0
0
14
10
0
0
0
0
0
0
0
0
0
0
0
0
0
0
0
12
23
3
0
0
0
1
0
0
0
0
0
0
0
1
0
11
0
0
0
0
120
2037
0
0
0
12
0
0
0
0
1
0
0
1
0
2
0
0
0
3
0
156
0
447
0
299
0
0
129
1
0
118
0
0
1
0
0
1
691
0
10
1
0
0
1
0
21
0
0
364
0
106
0
0
0
0
0
0
0
455
0
0
0
0
0
0
0
0
0
0
4
0
0
0
3
0
0
9
0
0
0
0
0
0
16
0
0
149
0
0
0
0
0
0
9
0
0
0
0
0
224
0
1293
0
0
0
1
0
0
0
0
0
0
0
85
0
0
0
0
116
0
463
0
0
0
0
0
0
583
0
0
120
0
0
0
9355
0
0
0
2
10
0
176
28
4
82
0
2
3
3
11
173
51
4
0
0
110
0
2
0
0
0
397
0
0
0
0
9
0
281
0
48
0
0
0
682
0
0
19
0
228
0
2154
0
8
0
114
17
0
0
0
0
1
0
7
0
0
0
0
0
0
0
0
0
0
0
0
0
0
0
0
0
417
2
308
0
0
0
8
0
0
0
0
0
95
0
0
0
0
0
4
1
0
1
0
36
0
0
0
0
0
0
0
0
0
0
0
69
0
0
0
0
0
1
255
0
0
1
0
2
0
0
3
2
0
0
0
0
1
0
1
0
3
0
0
3
0
1
0
0
0
0
0
0
0
0
0
0
1
0
2
0
0
1
0
0
0
0
0
0
0
0
0
1
1
0
0
3
0
0
0
0
0
0
0
0
32
0
0
30
0
0
0
4
0
0
3
0
202
473
0
15
10
0
0
50
0
0
153
0
7
0
0
0
0
0
0
0
2
0
0
0
0
260
0
0
0
0
0
0
3
0
442
0
0
14
50
18
0
0
6
0
2
14
7
0
0
1
0
61
0
0
0
0
0
0
710
0
1
0
2
0
0
13
1
1
1
0
0
5
0
0
0
0
0
5
0
176
22
33
0
11
0
0
7
227
1
0
0
0
0
0
5
386
0
0
0
0
1
676
4
2
275
100
0
0
0
0
0
0
2
2
0
0
0
0
3
0
3
0
495
0
0
0
0
0
0
242
0
2
0
0
0
0
1
0
4
14
0
406
0
0
0
242
6
0
0
0
3
0
17
255
0
0
0
0
0
0
0
0
14
0
4
0
0
1
24
0
1
0
0
0
0
1
0
0
0
0
0
1
2436
32
117
0
24
0
0
72
0
3
13
12
18
609
25
2
0
6
4
1
4
1
0
0
0
0
0
27
97
8
3
335
0
355
79
193
2
0
0
1
0
18
0
1
376
18
0
171
4
50
0
1
165
170
82
805
0
0
0
117
6
0
3
33
0
0
42
0
55
261
0
134
4
7
0
70
0
5
0
2
135
0
0
0
475
0
39
0
0
3
1
0
116
0
127
54
582
0
24
0
0
2
0
0
110
37
199
17
69
1
19
0
46
0
7
294
8
0
0
109
0
133
6
1383
153
0
0
0
114
0
2
0
0
0
0
0
0
292
0
446
0
782
0
0
0
0
0
7
36
2
0
0
3
0
0
0
0
122
167
41
2
0
845
0
4
4
0
0
18
0
0
369
0
23
0
1
4
2
23
115
0
0
244
0
38
0
59
0
10
0
137
0
0
35
0
0
485
190
5
0
0
10
0
1
33
0
0
1
2
6
543
0
0
2
1
0
4
2
0
11
0
0
388
379
0
9
380
0
390
0
102
9
37
0
53
0
0
10
457
3
127
0
1
11
452
0
0
0
55
3
59
1
7
0
0
0
0
0
0
277
0
0
0
0
0
1
1
1
0
111
0
1
5
0
0
7
0
0
2640
5
394
1
1
0
0
36
53
0
288
8
0
0
34
0
0
54
0
3866
28
774
0
1
217
57
82
13
11
0
2230
0
387
242
318
0
173
0
73
917
606
1
0
0
0
1036
0
2978
0
0
0
0
10
114
10
4
0
0
0
80
15
58
32
5
142
290
0
643
2
11
0
228
149
0
0
229
82
3
357
0
36
68
0
3
0
69
0
0
2
0
0
347
0
7
5
1476
0
0
15
29
0
51
189
33
4
2
193
89
0
0
5
0
0
0
0
5
0
6
0
0
29
0
0
0
552
39
67
0
26
0
0
0
419
5
0
96
0
50
0
0
226
119
10
115
0
0
0
0
162
5
32
0
0
0
0
0
0
0
22
0
119
108
24
0
9
222
143
0
0
575
15
65
0
8
0
274
2
0
56
0
0
3
41
791
0
48
0
10
1070
94
14
9
20
0
3175
32
0
21
6
9
532
0
0
99
98
423
0
153
539
0
0
27
36
62
0
345
2
0
0
0
0
0
10
122
0
0
189
0
75
2
0
50
0
0
0
3
3
106
0
82
111
0
0
0
0
0
0
0
670
8
698
1372
356
22
0
38
12
0
17
2
0
0
448
577
0
277
0
1
0
606
0
0
131
0
0
0
58
0
28
0
6
0
239
0
49
4
21
0
0
108
0
0
77
0
95
611
32
0
2
37
519
300
0
0
0
0
0
0
690
35
0
720
0
0
0
53
5
453
8
0
5
0
69
33
191
383
8
0
0
2
0
65
0
0
0
0
0
0
9
0
906
0
179
251
0
0
0
0
36
291
0
0
0
0
24
1
24
428
0
0
0
0
9
0
10
0
38
0
4
0
60
26
0
0
2
0
923
0
0
113
0
0
0
0
22
0
61
44
0
0
0
1
4
152
0
0
0
5
221
21
0
16
0
30
5
31
53
0
95
0
0
0
0
97
0
4
345
0
0
11
0
0
0
68
0
93
37
12
0
0
169
22
1
0
0
359
221
10
0
0
0
3
0
251
6
0
1
13
2
0
0
0
0
0
165
0
7
5
0
0
0
4
1541
0
49
0
0
0
15
0
0
0
0
693
0
0
0
77
0
146
0
7
0
0
413
0
0
2
0
0
0
0
1
114
0
5
0
1062
0
3
6
0
128
0
1064
0
0
0
1
1617
123
0
148
22
0
0
0
8
223
0
59
9
9
1
0
0
1
0
4
25
911
69
111
0
0
17
0
10
0
0
379
1154
0
56
0
0
0
7
0
17
227
0
0
56
0
333
62
59
0
0
188
428
14
54
1
721
0
28
0
0
0
0
0
3
265
875
81
33
10
0
0
1
3
207
121
0
1
8
598
0
0
84
0
0
114
115
0
350
13
3
568
2
0
74
0
0
0
0
0
1018
1
5
0
7
1
0
0
66
0
0
289
0
2
0
1
0
3
37
0
95
65
20
3
0
0
0
0
0
1035
307
11
40
12
203
0
12
14
0
0
0
0
0
0
0
2
0
0
0
1
26
0
0
228
9
12
0
0
15
0
5
1
0
0
4
0
0
0
45
0
15
30
11
0
0
0
0
0
2
0
126
0
0
2
3
0
2
0
0
0
29
128
0
0
10
2
803
0
5
18
137
21
13
1
0
0
0
0
0
0
0
3
14
0
21
24
0
3
0
45
0
189
0
0
1
630
56
0
0
9
45
30
0
0
104
1105
1
32
1
96
45
1986
152
571
0
3
323
12
0
1071
0
0
4
44
0
9
53
0
0
187
0
1
1
10
4
0
12
0
0
0
0
16
0
0
0
0
0
92
134
53
26
0
0
9
151
0
118
267
0
0
2
0
21
3
7
44
0
38
0
2
37
63
1714
1
0
10
0
0
0
56
36
1532
0
3
24
7
2
0
0
0
0
67
540
3
0
0
0
0
0
56
220
1
33
0
707
146
0
0
0
326
3003
0
356
0
0
56
270
23
0
31
22
0
0
54
19
1
0
27
0
0
3
0
17
210
159
431
0
0
81
0
12
0
25
0
0
91
0
0
0
5
50
42
4
8
0
0
24
394
0
1
0
4
0
1
364
0
0
242
592
1231
554
5
0
141
0
45
0
8
0
290
1
0
0
0
0
24
0
7
0
0
0
68
5
486
0
9
0
54
15
3
1233
0
1306
3
0
0
151
14
23
3
847
0
1
52
71
658
36
3
889
57
18
0
50
9
565
6
2
2
0
8
16
1088
0
86
0
50
40
0
0
46
269
0
94
5
821
305
8
5
0
28
0
3
16
0
363
296
292
16
95
0
263
0
51
0
0
301
90
0
0
0
326
0
0
2
52
17
171
0
609
0
0
0
1
6
93
0
315
63
34
28
357
246
114
14
6
0
135
0
0
3
120
0
3
69
5
2
0
139
0
3
7
0
0
0
39
1771
27
3
520
321
0
878
0
0
0
6
0
414
47
0
113
16
0
0
0
0
0
52
30
59
0
217
0
0
0
0
1
3
401
0
0
514
0
1
0
23
0
0
0
80
46
1
0
0
0
157
0
0
593
0
4
0
15
1
0
55
0
133
4
11
66
0
14
0
9
0
577
37
245
0
0
636
174
2
104
10
0
0
0
0
58
0
11
0
0
0
0
16
0
91
0
86
4
35
21
38
0
40
4
0
3
4
16
45
16
84
1125
893
29
129
0
1
0
24
0
349
0
0
3
0
793
3
46
584
44
552
369
0
0
7
0
139
0
34
0
0
523
40
7
0
102
19
0
5
0
100
87
301
3
0
0
0
60
0
0
0
423
45
0
22
48
0
67
0
17
6
1
0
21
0
0
185
338
0
24
0
118
14
0
0
6
0
431
0
0
2
0
1
0
0
2
0
1
0
0
3
7
558
374
257
6
0
0
1
68
83
0
0
0
0
0
42
116
0
0
0
20
0
0
0
0
6
10
0
0
0
0
5
0
0
5
0
0
18
28
13
3
0
0
6
98
30
0
24
0
279
1
0
0
0
0
129
0
371
3
210
1
181
12
2
137
438
522
0
0
32
0
0
0
85
0
12
25
2
2
28
70
2
0
24
366
0
47
0
19
1048
0
0
0
49
9
7
86
57
104
33
4
7
0
5
24
0
458
0
0
0
78
1
0
7
0
0
81
27
122
4
6
0
2
0
53
66
13
131
0
0
377
0
565
0
0
34
673
0
0
40
0
0
0
38
1
2
307
8
0
0
0
0
9
0
0
4
0
0
5024
0
68
0
0
0
9
175
19
140
175
199
1516
92
0
53
0
565
46
0
255
0
188
0
44
0
126
0
61
0
0
0
0
0
3
0
8
3
75
0
0
0
0
124
13
34
369
0
0
0
224
0
0
0
0
7
0
135
2872
0
307
0
0
25
101
24
0
0
14
0
1
0
0
298
0
0
0
81
0
4
0
0
0
0
2
151
76
100
0
5
531
0
0
8
3
0
828
0
1
1
191
0
368
119
19
0
4
2
1
0
1
4
0
393
57
266
0
145
3
0
7
1105
0
27
0
0
8
4
4
0
0
0
0
350
0
5
53
0
0
0
3
2
9
0
4
864
0
3
40
6
599
0
0
0
0
473
0
256
54
0
0
6
0
0
0
1031
0
0
0
0
0
0
0
0
0
31
5
0
0
3
0
176
5
0
90
0
72
22
2
90
0
0
0
0
0
39
0
0
0
0
0
0
0
4
32
0
494
0
0
979
2
0
0
76
0
0
15
420
7
163
0
1
35
0
0
0
0
5
0
3
67
7
9
0
0
0
0
1
0
0
3
0
1426
0
53
255
1
0
0
0
2
0
3
585
0
0
465
0
0
0
0
275
1
0
0
0
1
4
40
22
0
4
7
5
0
0
571
0
103
0
6
37
0
0
0
69
7
7
14
93
333
0
18
0
101
21
0
8
0
0
0
0
0
3
0
0
485
8
0
0
0
0
57
0
0
0
284
0
0
0
0
415
12
0
0
0
178
611
0
11
0
0
69
130
68
356
0
0
0
0
24
0
1
568
14
90
31
0
479
521
2
0
4
13
2
3
0
47
221
0
2
0
0
0
0
172
0
2
0
0
0
510
27
0
364
480
99
62
0
21
1
2
19
10
2
98
120
0
53
86
130
694
3
0
345
3
13
0
0
0
0
471
3
787
0
103
813
14
76
0
0
0
0
38
1
45
0
3
0
114
2999
0
554
188
3
0
17
0
84
1
0
0
0
0
0
370
14
0
0
0
0
1
115
0
31
43
0
1311
0
5
0
0
95
37
0
59
0
0
0
0
0
0
0
0
2
0
195
0
152
0
18
11
265
75
0
53
2
0
0
0
1
0
126
4
0
25
53
0
0
110
0
0
0
0
21
37
4
243
167
0
37
121
0
0
68
638
0
0
0
16
0
0
26
809
87
1
0
0
0
11
0
36
135
874
0
395
16
358
14
2
0
0
6
0
0
315
1158
3
0
0
0
0
208
217
53
2
0
1
0
12
281
0
3875
0
0
552
357
0
0
0
0
1
0
17
55
2
0
2
0
0
205
0
0
99
45
2
472
0
325
4
141
0
0
0
0
0
0
283
1883
0
420
0
201
17
190
565
0
4
0
0
117
181
0
93
246
17
9
3
9
377
216
0
0
0
62
0
0
0
2
0
0
0
39
0
0
12
0
6
1
0
0
1196
2
0
0
548
1
16
0
148
0
0
7
1692
0
0
0
713
147
1
0
4
0
0
43
231
1192
0
0
91
0
658
3
3972
0
12
420
2
0
0
5
1
2
0
8
1
67
1
571
249
0
27
6
49
0
116
4
146
864
2617
2
336
464
0
0
0
24
0
184
2
0
0
1
0
0
310
0
15
0
0
0
44
0
0
87
38
14
10
10
62
123
12
2
0
0
1
397
0
173
27
12
1
3
0
594
1
0
172
0
0
0
0
1471
0
62
0
0
120
0
0
0
0
102
2
8
0
364
0
0
34
0
15
1
1
10
154
0
0
220
336
0
1
4
18
108
1
0
0
0
80
0
58
0
2
6
29
1
0
493
91
0
19
656
13
117
530
293
0
0
0
0
0
4
0
431
291
0
0
0
0
21
239
11
0
11
11
713
4
0
0
0
248
74
123
0
922
31
3
0
321
0
0
0
0
0
6
174
54
39
14
303
7
0
0
0
0
0
484
0
8
268
354
10
4
76
0
0
0
351
217
125
0
5
0
3
144
0
4
910
0
0
1
228
0
0
0
0
0
922
886
0
9
22
288
0
0
0
0
0
9
574
916
0
558
0
39
0
0
48
0
0
0
1
0
14
1
3
0
0
0
8
123
2
0
0
0
62
0
0
0
0
0
11
837
52
0
0
254
0
312
130
4
0
35
44
1
0
0
0
343
19
0
11
244
730
0
0
0
0
0
0
0
0
0
0
18
0
70
0
1494
0
0
0
528
1
0
75
0
22
0
0
2
0
0
330
269
3
395
0
3
69
0
5
0
0
0
0
14
0
0
10
4
0
0
927
48
18
143
0
0
0
31
0
177
81
0
15
533
0
0
0
243
0
0
0
1
8
1080
7
0
365
14
0
0
1
0
11
1
4
0
18
7
0
0
0
3
0
2
0
0
0
0
4
252
0
0
10
0
1
15
0
3
0
60
18
6
0
588
0
6
1280
0
38
0
5
51
0
0
1
23
16
0
20
1205
0
120
0
0
78
2
0
173
0
278
0
0
5
14
581
0
0
0
0
0
59
208
16
0
0
0
54
373
610
0
11
4
0
33
10
6
0
16
60
0
4
31
19
0
0
0
126
0
0
0
6
28
0
233
0
0
49
22
1155
87
30
155
0
0
56
1112
0
0
1257
0
2
0
28
103
0
0
54
0
1
6
8
0
34
0
16
0
0
0
5
7
0
0
0
834
0
7
0
83
0
0
33
17
0
0
2
0
56
0
15
0
4
70
13
4
0
0
642
0
89
20
2
0
259
0
0
0
29
242
2
3
0
19
0
390
1
0
0
253
1149
0
0
101
0
93
0
0
0
0
483
0
0
0
2
28
46
24
66
21
1
126
0
0
0
397
81
53
0
22
11
5
27
0
0
72
0
2
2
56
450
0
0
0
126
0
802
0
6
353
0
0
0
0
4
0
0
14
7
2
197
0
17
38
0
523
9
0
0
116
0
0
0
2
548
1
672
896
159
197
1
0
93
1988
0
0
4
24
0
0
3
0
133
0
288
3
0
205
739
1
0
3
3
8
0
336
1
0
66
0
0
633
0
15
0
27
556
0
0
0
112
0
0
36
264
0
2
0
0
393
390
43
14
0
0
0
0
0
11
0
0
56
0
2
2
7
34
953
309
0
7
103
0
0
0
0
0
0
0
0
0
878
6
143
0
3243
0
711
3
0
0
210
0
2
0
3
15
84
36
171
95
12
82
0
95
0
80
4
16
0
0
0
72
0
0
306
11
215
0
0
0
0
13
32
193
0
7
0
0
1
2421
0
191
44
121
118
79
17
6
0
145
29
0
271
0
0
0
0
101
0
0
17
3
73
0
0
0
21
21
0
15
0
424
0
2
0
10
0
0
0
4
438
0
0
0
60
0
13
113
0
10
1
117
0
0
0
260
0
0
4
379
34
27
85
0
4
481
0
0
372
0
0
0
193
0
0
3
60
0
0
0
0
0
154
20
758
42
0
0
1
0
239
0
19
1
315
73
1
368
2
249
101
69
17
151
0
0
86
434
0
438
0
18
0
71
2
0
0
0
667
0
0
0
47
0
1316
0
9
0
6
0
47
0
14
4
73
0
10
99
3
0
0
0
93
0
9
164
3
0
0
187
82
110
53
0
0
0
16
54
126
0
0
36
0
4
0
0
0
0
484
0
10
27
17
59
0
0
0
0
184
0
53
0
29
73
28
2
0
0
7
0
66
0
29
0
10
0
0
85
0
30
336
0
283
161
0
34
0
99
71
2
20
1
24
0
135
62
28
0
10
225
24
7
0
12
0
75
489
1110
68
0
0
0
0
0
183
291
3
32
3
142
1
48
0
0
0
0
63
0
41
0
31
19
171
6
0
5
53
137
0
149
0
0
0
20
3
0
0
1
1
0
217
85
0
113
24
1939
19
249
0
9
27
0
3
0
1
15
3
0
8
0
0
5
35
1
1
0
7
24
114
0
135
28
329
42
1
955
68
116
0
0
0
0
5
0
575
0
150
19
3
0
15
13
2
0
67
0
12
3
2
4
119
50
1023
23
1
33
0
1
2
30
0
0
176
4
0
38
269
0
0
0
476
0
597
4
0
0
39
289
9
0
196
88
1
2
1
0
0
460
3
63
704
755
0
122
0
0
125
16
704
176
0
0
0
41
0
111
168
137
13
1
0
0
0
121
932
0
3
33
11
0
0
0
0
139
0
838
432
307
0
0
528
0
493
0
0
8058
0
0
0
0
41
19
11
0
4
37
0
155
99
0
602
33
157
1
0
341
0
1
161
268
11
0
0
99
13
214
0
2
1
1
10
0
0
0
0
0
38
0
0
0
52
0
171
0
0
323
0
573
45
0
50
0
13
186
0
0
89
80
2615
0
0
0
553
546
6
0
49
5
0
1331
16
222
1
0
0
0
9
139
9
0
25
0
4
0
8
0
3161
8
2
0
0
78
5
0
0
0
0
0
9
2
14
195
0
3
90
0
0
0
948
0
86
200
0
0
6
0
0
244
0
0
17
0
43
0
288
0
2
0
4285
46
70
0
0
0
47
74
92
0
10
0
8
0
6
347
26
633
1
0
0
428
8
0
139
161
0
154
0
0
0
1
0
9
143
16
675
294
0
0
0
0
417
0
0
0
192
10
0
874
52
1
5811
36
431
147
1
2
0
0
1
110
13
39
0
2
68
120
57
3
0
258
0
0
33
3
6
0
0
1
5
20
0
0
1
2
0
625
1
4
0
0
2
0
27
0
0
0
130
0
1014
0
0
0
0
1596
0
0
0
20
0
43
0
230
231
0
0
0
0
0
0
0
0
0
0
0
0
0
0
0
2
0
0
25
0
0
0
0
292
0
2
0
0
0
27
5
0
5
0
160
20
3
803
2
0
2
1
0
0
4
0
0
0
179
0
0
0
0
1
3
103
98
0
0
0
0
0
14
6
3
0
21
94
48
0
1
4
380
0
0
15
138
0
0
29
49
0
0
112
25
6
0
1
0
846
127
0
8
136
0
20
0
189
37
0
1
93
31
709
70
0
40
0
0
1
12
0
628
0
0
0
0
0
0
0
0
0
268
8
167
0
0
0
0
0
0
23
335
0
17
70
458
0
0
100
0
0
0
268
0
0
0
308
4
0
0
0
0
381
0
0
5
0
562
0
0
0
2
0
2
0
0
0
6
0
1
0
0
0
105
0
1167
3
0
507
9
0
94
0
179
313
17
80
0
0
16
0
1072
0
0
2
0
48
13
3
7
2
1
0
42
3
0
1
0
438
386
265
0
37
0
77
0
0
0
0
0
0
1
1484
1
3
24
0
0
0
0
0
0
72
0
0
394
57
316
118
1
39
0
0
0
84
0
603
0
0
268
0
0
0
2
0
0
2
0
323
0
0
0
0
0
920
1
6
3
0
363
0
0
1
22
0
0
34
0
3
1
113
79
3
0
5
296
0
0
1
0
285
41
193
0
27
16
4284
0
0
186
0
0
0
0
0
9
0
3
285
28
0
0
0
0
170
0
0
23
2808
0
234
70
52
0
0
136
0
0
21
0
749
586
0
45
0
0
0
0
6
0
2
1
300
0
0
0
1
0
0
0
138
15
211
0
0
0
18
22
721
0
17
0
0
0
7
0
0
0
0
0
598
111
0
0
0
0
1
0
70
168
0
283
0
0
0
15
0
1
11
0
0
0
0
186
0
121
55
0
116
52
0
688
0
0
19
0
101
0
272
0
83
16
0
0
0
5
0
0
1
0
21
0
0
0
0
23
9
48
851
0
368
0
542
0
375
0
0
26
12
31
207
1
221
78
24
0
7
7
0
2
0
0
74
47
78
10
2
0
1
0
3
0
9
0
0
92
0
0
486
0
0
0
0
0
0
0
0
0
32
0
43
4443
181
0
26
0
6
2
89
0
0
0
0
0
0
6
0
0
0
0
5
28
363
8
10
0
5
0
484
0
0
1
1
0
0
1
2
0
0
10
145
229
0
874
0
35
170
977
139
7
0
3
0
3
318
178
0
0
3
0
0
120
0
0
0
0
0
49
129
61
2951
0
0
16
152
464
0
0
18
0
110
3
104
3
717
0
0
61
0
0
0
24
0
164
0
289
41
138
0
602
2709
315
0
15
12
12
1
0
6
0
48
0
0
1
84
0
139
0
2
0
704
453
56
0
0
1
0
3
8
89
0
40
34
0
6
11
734
11
27
2
1
0
0
0
1944
0
43
0
6
621
0
0
2401
2
164
9
314
0
0
3
0
0
1228
0
1335
0
0
0
643
2
1
0
186
0
88
1155
0
0
1
17
1128
0
0
1
82
0
2
2
0
0
0
113
0
0
49
39
44
4
0
0
107
313
3
0
0
0
3
3
0
185
3
3173
0
0
10
2
0
1
0
20
0
4
0
1137
0
792
0
0
123
0
0
0
0
18
113
0
0
34
0
396
0
2
0
64
9
201
0
218
2
0
0
0
0
1
0
84
0
0
159
0
15
9
902
0
0
0
80
11
0
125
5
0
8
0
99
22
0
1
0
0
0
508
28
7
3
0
0
0
0
0
0
0
92
199
0
75
243
13
0
116
0
248
0
28
0
18
0
0
0
0
10
0
0
4
51
5
20
354
0
0
0
75
89
12
23
0
692
7
22
0
2
0
0
0
2
19
116
3
0
0
0
92
2
0
17
0
32
22
0
0
0
48
11
0
1110
33
0
120
163
2
0
29
26
0
2925
683
9
122
25
727
71
0
0
45
0
39
347
0
64
0
0
0
7
0
0
0
0
0
0
118
0
0
0
0
2
0
0
0
0
1
0
178
0
18
0
33
0
0
0
0
0
2
2
0
0
275
0
2978
10
0
12
0
340
0
0
0
0
0
0
0
14
0
0
255
0
0
0
0
0
119
0
700
87
0
0
36
0
3
1
30
0
0
3
0
3
0
162
8
0
0
0
4
40
57
0
8
0
101
6
0
72
18
0
0
114
23
0
0
1
0
48
138
0
17
0
0
0
57
2
0
1
0
205
0
7
287
0
0
0
11
0
0
525
0
0
2
1
0
0
0
411
1190
0
29
0
1
27
251
0
0
0
0
83
339
0
235
674
0
0
20
0
0
107
0
0
1
9
0
0
74
0
5
2
1240
0
0
0
0
392
0
0
4
0
0
0
0
310
68
0
0
32
0
135
0
1
444
0
0
131
10
202
149
0
0
85
0
0
4
66
15
0
9
0
23
66
73
0
0
0
0
0
0
1
0
0
115
0
0
42
58
0
0
4
0
248
126
26
0
0
1
0
1
0
707
0
287
0
19
0
0
252
0
0
0
0
333
0
24
1
86
3
1196
0
0
66
154
161
95
70
0
1
209
1
978
0
68
9
53
1
0
44
149
0
0
254
0
209
0
1
0
0
1
0
24
2
177
0
6
0
15
0
4
0
0
351
0
0
140
0
342
65
0
477
2051
1
0
0
0
0
877
53
0
0
0
6
2
0
0
0
397
44
0
0
2
0
593
1
98
8
0
14
11
3
0
0
132
0
94
59
9
0
3
210
0
385
1
82
1955
2315
21
82
0
0
14
130
3
0
350
25
47
0
0
39
117
28
0
607
0
0
143
0
0
1
0
7
0
5
0
0
0
10
40
0
4
2
8
1
14
0
19
0
163
0
21
170
0
2
148
10
2
0
8
70
1
0
0
0
1
83
3
0
27
2
0
2
0
0
24
91
254
6
3
0
0
0
0
0
0
870
0
0
0
0
594
0
0
9
11
0
0
3
0
121
0
10
0
0
2
19
30
11
2
3
549
72
0
3
0
0
0
0
30
128
49
0
1267
0
71
136
0
0
79
0
22
28
0
1
0
2
0
23
0
11
0
104
74
0
2
31
102
0
0
0
0
0
4
112
0
0
0
5
83
0
0
6
137
0
102
0
28
44
0
512
0
0
0
327
43
26
0
0
2
0
25
0
380
0
459
158
0
62
79
12
393
0
23
63
8
1
0
70
41
0
164
0
0
291
3
6
0
1655
0
1
0
4
0
0
4
0
358
32
0
0
223
0
0
0
59
1164
0
0
0
0
280
0
0
13
0
0
2
0
0
0
117
0
2
346
0
0
655
0
39
233
0
838
0
213
16
0
0
19
52
130
353
0
89
66
0
15
326
55
6
0
0
0
0
0
286
47
0
0
0
51
464
66
10
1135
3
0
0
0
5
1355
0
86
126
0
24
192
3
1012
82
0
0
125
198
0
0
0
0
0
0
0
92
452
162
348
8
1768
185
344
0
134
0
0
0
0
0
225
0
10
0
405
22
0
4
0
42
40
0
0
2
62
2334
191
50
0
0
2
284
0
0
0
0
0
0
33
0
278
116
0
3
0
44
44
10
7
0
0
9
0
0
201
0
11
49
33
0
35
0
3
432
3
1210
0
0
70
4
961
2
0
22
0
1
0
0
0
0
1
0
0
27
567
0
46
0
0
0
24
0
0
40
137
39
0
0
1
0
4
0
3
31
12
75
116
134
8
0
0
0
1
0
231
50
145
0
0
39
0
256
0
258
4
769
61
0
0
0
13
47
34
44
0
2652
24
7
0
7
5
0
11
265
8
0
0
0
36
277
3
0
34
9
558
0
964
1097
28
50
266
9
3
56
9
98
4
179
591
154
21
101
0
0
1
260
2
0
0
2
295
270
1235
1715
0
158
2
549
0
0
1
0
3
0
0
36
0
0
1
2716
282
99
0
529
202
6
21
22
0
1413
0
0
7
0
0
7
42
13
0
0
747
0
46
0
26
0
0
414
1037
0
31
1
0
610
3
365
0
0
161
108
19
40
0
0
0
0
0
0
1
31
369
24
0
0
0
317
1085
0
6
6
25
7
85
0
1024
0
0
161
2
0
0
0
3
0
313
0
0
0
2
142
0
0
0
1005
0
118
187
76
84
0
0
160
0
0
1
164
0
69
0
14
0
1029
1970
9
311
20
8
2
225
108
132
1
156
0
0
0
0
123
0
0
0
0
0
4
0
68
27
69
44
92
165
11
7541
413
20
0
85
0
0
0
0
1
0
25
0
0
0
2
53
114
32
0
5
6
4
0
142
26
709
0
6
5
21
0
17
0
12
0
0
9
101
0
18
0
2
410
0
0
0
19
0
483
913
0
0
0
490
0
12
285
48
448
431
0
164
0
184
7
0
0
0
56
0
57
0
0
389
3
0
0
3
0
0
0
4
733
24
39
219
3
5
8
0
410
0
0
0
0
15
0
1
41
17
0
0
200
81
732
0
0
1519
0
0
438
0
1
0
0
0
0
0
4
65
1
0
0
5
0
147
0
0
0
0
0
0
0
4
5
134
9
0
3
4
7
0
25
3
0
0
0
0
2
0
665
1
0
247
0
0
47
2
0
5
259
0
0
522
0
0
0
8
0
6
242
2
34
0
311
134
3
0
25
0
0
0
0
0
0
5
0
0
0
49
0
0
160
42
22
0
4
414
456
0
0
8
0
706
0
1
0
89
110
1084
0
0
60
0
0
0
32
2
13
0
0
0
0
0
266
6
0
484
0
196
0
317
0
21
51
9
28
408
0
879
15
2
0
0
380
0
0
140
0
27
0
0
12
0
659
4
0
6
0
2
0
2
47
1
0
446
0
0
0
0
0
1
16
128
79
31
0
0
20
2455
480
0
27
0
0
0
3
0
0
0
9
24
16
28
45
1618
0
0
0
550
1
8
0
0
0
0
411
141
5
5
0
180
0
0
16
125
0
0
0
0
6
114
0
0
10
0
0
7
0
0
0
0
269
10
60
0
0
2
0
10
1
0
0
1
1
0
0
0
58
6
0
184
2
0
0
0
0
0
0
0
0
0
0
0
1873
0
2
0
42
1
75
64
101
0
0
13401
0
1
0
137
2
5
0
0
0
1
1
0
2
0
221
0
2
0
23
0
0
0
0
0
0
0
0
0
0
110
0
0
0
6
4
1995
7
25
0
1
0
0
0
0
0
2100
553
250
75
4
0
0
72
0
244
33
189
513
16
468
305
314
0
342
91
0
32
0
0
0
0
2
212
0
0
0
0
51
27
523
7
401
5
192
1
0
0
0
28
58
5
1
0
2
77
15
40
9
114
0
1
30
19
0
0
0
0
0
0
3
0
0
0
1
0
1
0
61
9
0
0
0
1667
0
0
2
2061
178
0
229
0
0
0
0
3
422
0
0
1393
9
0
314
1
0
49
23
0
0
0
0
0
184
0
0
3
1
0
0
346
143
0
0
0
1
1
9
0
0
0
42
9
0
4
55
2
0
0
2
389
0
0
266
14
0
0
201
0
4
133
0
0
47
2
0
0
0
94
0
2
0
58
5
0
5
13
0
0
39
13
1
3
0
1
21
0
63
0
0
7
0
649
0
218
0
0
9
0
0
0
0
0
194
681
1
0
0
15
0
131
0
0
0
58
134
6
0
0
290
0
3
260
51
0
0
4
0
0
995
0
0
0
612
0
0
4
83
0
93
1377
0
0
0
5
0
0
0
2
0
0
0
112
92
0
0
0
3
0
0
0
0
0
0
699
0
48
0
19
0
0
0
0
0
0
0
0
0
0
0
0
3
2
2
0
0
0
0
393
0
91
0
0
0
62
0
0
0
751
0
1520
0
545
0
0
0
0
0
17
0
0
0
0
0
0
0
3
15
0
0
0
0
731
18
0
0
174
0
0
0
1
0
3
0
8
0
0
88
0
252
58
2
0
0
7
0
53
0
0
4
36
5
0
0
0
0
0
0
0
0
1
0
0
0
0
0
15
0
12
194
17
0
0
0
0
0
0
0
0
937
0
0
0
9
13
1
5
0
0
0
0
0
37
1
0
0
0
0
1161
176
0
196
0
0
0
0
0
2
0
0
26
597
21
101
0
0
4
717
531
0
4
124
3
0
0
2
0
0
351
0
0
0
0
2
1109
0
245
7
0
15
0
543
0
0
0
0
0
200
0
0
0
0
0
0
9
0
3
0
149
163
0
0
0
1716
0
8
184
0
1419
7
1
0
0
2
2
1
21
0
0
0
0
0
0
0
0
0
85
0
65
0
7
493
0
1026
0
10
0
0
0
47
0
0
6362
0
0
0
0
0
0
1
0
0
22
0
0
4
1
0
540
4
259
0
0
10
0
448
150
0
323
2
1
579
0
5
0
0
0
0
2261
0
2
0
0
0
0
2137
29
0
23
20
0
3
0
0
0
70
1
55
0
5
12
0
136
5
3
200
0
0
0
0
0
0
0
0
23
195
6
0
0
0
0
0
0
3
0
15
96
0
0
0
0
130
0
0
0
2
2
100
2
0
0
0
0
2
2
0
0
0
0
4
0
5
480
3809
137
4
0
0
0
98
0
3
2
0
0
0
0
0
0
83
2
231
33
0
0
56
1
0
0
0
1124
0
0
143
0
0
13
24
3
0
89
0
0
0
33
742
198
41
5
0
34
0
36
0
39
0
35
0
161
0
550
0
0
308
0
364
171
53
0
3
4
206
10
0
281
42
0
294
1
0
1
69
0
261
0
0
0
0
1
246
1715
807
13
0
0
0
0
3
870
151
122
3
312
7
0
1
12
159
5
0
23
0
13
38
26
0
2
53
14
0
0
0
148
11
104
1024
64
137
122
0
0
4
211
0
173
3
0
60
0
12
0
4
104
4
0
7
0
1
35
1
78
2465
0
0
2187
2
0
66
1966
0
18
77
0
0
0
1
12
0
0
0
0
1
0
8
8
24
4878
323
2
751
4
167
887
14
0
31
6
0
0
5
0
130
11
79
15
0
0
33
200
346
0
0
879
4
28
0
64
0
74
143
140
7
1
83
0
250
0
1
0
0
88
0
16
45
185
38
0
18
303
10
238
319
83
0
0
94
1664
5590
0
0
56536
65
391
2
1
0
0
180
361
0
76
16
344
0
0
0
343
3
272
0
2
2838
19
104
2021
0
0
12
929
0
15
76
210
129
118
704
0
4
598
84
32
0
104
30
0
88
786
0
3
7
316
0
0
0
3
0
0
3
0
0
6
351
32
345
67
303
768
2
12
164
0
33
7
1078
0
182
7
110
0
6
0
109
0
1424
658
2375
3
0
198
137
0
370
242
0
0
0
30
0
1048
1
115
0
102
464
1
0
0
0
264
0
0
2
402
0
110
0
0
3
0
48
40
0
442
0
748
28
0
99
41
0
1149
1
944
0
179
0
2
0
11
306
361
10
0
3
944
0
657
0
0
260
292
27
0
4
227
104
5
269
0
14
0
149
78
0
0
2659
0
0
495
15
92
77
393
2
2
51
17
9
223
0
42
92
0
120
868
187
54
7
747
51
1
594
15
0
367
0
0
23
22
3
0
141
56
987
23
0
0
0
0
496
135
428
168
484
3
35
0
0
0
78
511
46
0
1
56
67
0
5
28
186
830
0
9
340
0
230
27
103
35
0
1
14
17
367
0
0
99
3
10
156
31
2
63
0
158
41
19
0
0
46
22
642
0
0
0
0
9
7
9
352
38
0
0
8
2
0
0
151
1218
6
0
2
0
75
847
63
120
2241
309
34
8
0
31
12
0
297
13
125
102
49
26
6
0
21
469
21
0
19
8
0
463
5
8090
3
53
45
0
0
112
0
0
0
42
0
12
180
17
0
397
6
1
9
0
22
446
0
5
90
550
0
0
29
30
0
0
507
1306
1
0
42
0
1
0
1190
15
21
0
8
0
0
0
123
43
419
0
72
0
0
19
2454
0
0
4
19
862
19
0
0
0
9
134
0
358
84
0
0
688
898
1
0
9
7
0
0
26
0
1646
52
764
1077
5
4
0
807
0
2
2
16
17
0
112
0
5
100
0
0
10
267
209
155
56
160
0
0
0
0
121
2
0
342
26
0
198
0
0
0
509
284
1685
388
2
313
11
13
1074
0
1
0
2
0
246
217
178
23
573
20
0
207
0
1
50
0
1272
0
6
35
408
31
238
9
0
5294
0
0
0
45
0
2
1089
0
194
373
685
6
124
0
99
19
2
69
14
93
3239
1
0
0
624
0
209
24
230
0
26
61
2
161
0
4
1
0
0
1478
0
107
2
0
0
3
62
230
596
0
3
0
2
0
0
0
0
0
882
726
2
0
18
0
0
164
0
0
1
0
0
0
84
11
665
133
3
27
0
8
185
254
32
2
0
97
1
0
8
12
3589
35
0
0
345
4
0
435
0
136
0
3240
83
2
24
0
0
410
0
0
0
35
62
91
0
0
245
199
57
0
211
81
0
0
0
1667
33
5
72
396
19
71
4
115
0
133
0
0
1
0
137
60
0
245
145
0
6
1
0
0
331
655
1
73
0
0
152
370
67
0
196
3
222
223
80
0
9
7
0
16
3
6
0
0
1872
35
1
0
0
0
0
1911
122
202
235
0
0
45
55
15
131
13
2
0
0
0
0
0
704
0
0
25
36
42
140
737
0
0
137
2
1633
17
255
0
38
0
158
26
197
0
154
40
77
4
23
0
1321
129
31
0
987
507
0
361
0
26
0
0
0
0
954
121
0
466
0
0
54
0
3
0
941
91
0
3
0
75
649
125
0
0
0
68
0
0
11
182
7
1
0
26
0
72
0
0
0
410
1
0
0
1357
0
18
14
7
0
0
8
230
0
0
406
0
0
0
0
0
90
43
2
0
46
0
0
19
0
0
5
5
0
0
112
40
335
0
0
4
13
14
0
0
0
0
0
3
9
1
20
23
1
1
0
0
3
0
5
9
0
0
64
0
0
59
0
0
2
0
33
0
7
0
15
33
21
0
0
0
0
12
1629
0
1
0
2
30
26
59
13
0
0
83
173
0
1133
126
2
67
7
126
0
193
0
6
126
2405
9
3
0
68
0
0
1220
8
199
1
0
49
0
101
298
1
256
20
217
4
0
94
127
29
0
0
47
1240
18
6
80
31
0
1403
11
538
3264
0
0
155
53
0
2
6
359
18
19
49
327
11
113
36
0
197
254
251
13
0
0
718
6
0
0
1
0
5
0
0
18
0
26
67
17
205
11
65
0
0
117
77
81
2
0
16
639
13
171
0
13
21
0
6
448
1
116
2
0
0
3
906
0
0
905
0
3
64
0
0
90
15
1739
0
967
1
130
331
35
0
0
0
6
0
1893
0
1
2
0
834
0
0
1281
452
11
0
168
0
25
368
28
5
51
205
0
4
376
22
0
0
1
0
2
42
112
0
149
157
0
0
316
3035
47
2778
0
10
0
458
2
192
5
0
22
12
18
6
0
1
0
19
0
57
30
210
0
550
138
416
797
183
452
2
0
1336
0
0
0
0
325
582
6
0
0
0
1
1
0
0
0
0
0
0
2
12
53
112
145
72
0
7
0
220
0
0
0
0
6
0
102
0
86
0
18
0
1
4
0
33
302
5
0
0
0
0
1551
265
0
0
0
0
125
0
8
0
536
0
0
84
533
0
495
49
0
9
0
117
0
18
0
0
0
1
13
60
48
0
0
45
14
0
189
0
83
0
8
0
2
397
1
0
14
0
0
38
0
146
106
484
0
0
0
72
685
0
14
0
0
0
0
180
0
6
294
0
0
0
0
0
205
0
2
251
177
66
0
75
160
171
0
1
13
354
4
193
1
0
0
0
6
25
95
672
0
1
0
0
24
0
1
0
0
3
0
0
0
223
53
0
4
47
136
0
17
10
0
3
4
187
0
149
0
216
110
0
8
2
0
0
0
0
25
0
0
7
43
75
0
6
21
175
3
24
0
53
3
0
0
0
0
0
2
52
0
0
6
0
4
0
46
0
4
8
0
2
53
0
7
0
14
1
153
38
0
481
1
2
44
8
12
0
6
0
2
0
1
6
20
0
29
56
0
0
0
45
143
94
289
0
0
66
1
32
0
1374
0
189
130
1008
0
0
1092
715
0
0
0
650
2
0
4
46
1
0
1
21
0
127
0
21
652
16
661
0
6
4574
85
0
18
0
29
9
1
6
632
3
2282
0
0
234
0
19
0
2
660
0
0
54
1
339
2
7
3
130
2
13
0
0
561
115
6
0
222
1
173
2
85
24
262
12
5
0
1
0
2
0
809
5
0
425
392
2
0
914
0
4
1
5
0
0
5
519
18
499
34
111
1111
13
199
0
321
0
26
814
0
1
20
27
12
0
190
0
56
4
0
3
850
0
2584
0
571
58
1
492
0
0
187
0
300
239
0
4
57
370
95
53
2
0
0
34
285
0
1
0
16
226
6
0
0
0
8
474
0
120
1639
61
818
47
11
1349
47
8
12
223
930
0
0
829
517
224
0
760
274
46
3
3
6
5
1146
1572
291
58
326
0
82
10
0
0
560
17
29
0
298
92
0
30
8
9
500
110
36
166
0
13
113
11
2
0
0
280
0
53
397
25
0
0
2
38
295
0
44
0
7
581
0
1175
32
7
0
0
1239
0
263
1221
6
0
94
627
193
245
73
8
7
0
856
0
1549
43
0
0
0
0
1196
0
1367
90
2821
30
322
195
228
4
307
2
0
0
1
19
37
141
165
0
18
36
12
482
0
0
397
36
1
0
86
226
62
243
0
0
8
2538
0
0
2
3
20
0
300
102
2
34
123
0
141
10
0
0
14
60
232
0
4
0
0
165
0
15
8
37
0
445
2
15
0
0
1
0
12
0
121
0
38
0
84
0
134
0
3
61
17
15
67
41
708
0
1
0
0
134
220
19
936
71
0
0
128
0
24
0
306
270
0
0
225
52
0
195
130
216
12
140
0
0
0
0
2
11
188
897
40
9
4
198
499
0
97
0
31
11
326
251
532
400
1362
0
255
377
3
0
0
33
41
0
374
0
108
281
121
0
58
0
119
458
1065
377
4
833
1298
0
3
0
0
295
0
0
3
95
19
0
0
0
0
0
0
0
0
56
926
136
101
13
31
1937
19
2606
0
0
219
0
7
4
0
0
427
28
2
524
2230
0
49
10
0
226
453
1
0
18
0
2
39
0
89
0
131
13
67
7
0
17
681
93
0
0
160
24
0
0
0
0
126
0
14
0
0
0
936
962
25
314
48
0
5
0
0
40
93
611
10
330
287
0
121
69
66
95
0
68
0
0
0
30
0
420
26
49
23
45
21
83
0
0
0
0
0
0
21
43
909
0
5
0
3
0
0
0
1
67
7
42
0
740
5
150
94
0
7
104
1893
25
119
44
0
0
14
0
77
28
10
0
1082
0
1009
186
14
0
244
59
64
21
13
0
170
20
327
369
0
0
0
556
0
2
0
0
126
2
11
154
0
0
15
0
217
48
0
707
0
2044
0
116
129
24
2
512
1
0
0
189
0
0
0
0
191
0
554
68
0
276
22
12
30
324
228
67
0
0
4
48
2
0
0
38
542
1
1
5
31
54
0
0
187
119
27
0
43
0
39
0
0
3
5
1357
3
12
0
0
0
15
0
43
0
654
0
0
195
4
267
0
5
0
275
0
41
3
49
14
0
1468
60
11
7
0
0
0
0
3
78
249
41
0
9
0
0
5
285
0
11
38
4
0
16
0
180
758
2451
63
311
2
11
30
0
62
0
17
5
2873
2
45
183
0
1767
0
0
5
84
0
226
56
0
14
1
0
100
30
0
0
15
75
0
5
0
36
0
0
0
0
433
365
6
704
99
5
911
1
0
0
151
261
4
35
114
0
39
9
73
333
256
1861
0
2
2
0
46
1582
122
21
246
1453
90
127
0
2360
291
38
0
0
817
166
1471
0
0
12
0
141
0
1656
32
139
307
0
14
302
78
0
18
118
1119
2
0
33
22
1
8
369
15
10
4
19
0
656
99
0
0
141
2
1
0
0
0
43
2
3
327
149
37
0
1107
3
0
120
83
0
19
2
10
0
741
0
283
0
153
0
499
61
480
5
47
0
0
0
3
0
0
0
0
11
90
4
1622
0
58
0
14
110
87
0
22
2
387
48
42
52
0
0
0
269
473
0
0
90
0
2
0
0
0
842
0
132
973
8
32
31
224
0
0
0
0
358
17
9
0
12
0
0
0
0
0
13
110
127
50
6
36
20
0
3
0
8
71
2
0
6
66
121
114
0
0
111
1
0
0
47
1
0
41
13
33
135
0
10
0
460
0
0
0
0
6
128
21
5
0
233
65
240
3
345
24
17
24
7
57
176
1
0
3
0
422
106
60
128
350
2
73
237
0
0
0
0
70
0
20
29
4
0
588
0
69
0
15
5
108
193
0
916
0
472
13
0
5474
29
309
0
867
0
0
1056
325
7
0
14
177
3
37
10
2
179
31
3230
50
0
0
0
0
3
991
3336
27
163
34
690
0
334
136
0
0
646
0
79
9
27
312
93
363
84
208
7
5
55
233
25
0
0
0
1
3
294
0
44
49
0
18
0
153
31
280
211
35
48
0
199
2
232
2083
118
0
470
180
104
16
0
89
15
453
20
0
3
4
0
2
0
518
0
21
0
14
155
4
0
0
38
0
218
0
28
0
402
0
481
0
899
0
0
15
18
2
8
2
362
4582
126
120
39
348
3
738
19
333
1384
12
114
0
36
87
130
3
39
0
12
0
1
4
37
863
24
0
0
0
0
380
61
102
5
100
1248
991
14
0
0
0
81
207
0
77
0
385
280
392
38
616
36
33
0
0
804
1
1
0
0
34
0
0
0
71
0
0
38
615
0
0
3
330
682
289
45
384
18
1047
0
146
18
1
15
60
19
10
0
50
375
10
0
0
464
0
1275
1
62
0
0
2487
0
0
36
23
0
13
0
173
155
107
0
32
0
1
100
144
4
2929
2443
0
699
184
1
0
0
94
415
71
1
0
0
156
14
1929
14
244
43
0
119
0
404
44
33
173
0
6
0
4
2268
0
37
0
0
14
2163
72
38
248
0
0
5
0
4
0
152
315
0
21
111
0
0
0
9
339
4
6
89
63
205
2
0
4
5
13
751
122
0
131
83
0
21
0
0
0
589
117
8
371
0
1008
38
2
343
246
0
0
9
484
2
221
0
13
0
0
271
0
2
33
0
0
0
0
12
28
174
55
545
0
1
0
156
0
0
1
528
0
0
1
0
0
1
402
0
0
0
0
38
0
0
0
0
1241
4
47
0
76
0
0
0
906
2
0
939
0
0
0
409
47
823
38
0
0
64
161
40
0
83
909
0
0
0
82
0
0
18
0
2690
0
17
74
26
0
1
0
19
6
219
36
100
206
873
0
0
430
265
0
3
0
33
277
1
82
0
118
359
18
17
15
0
50
8
19
0
200
0
16
0
8
152
88
29
235
0
183
1220
36
0
277
0
119
0
494
40
235
0
0
145
975
0
76
4
4
0
240
0
0
1
38
375
4
0
86
153
792
24
23
3
375
0
53
353
318
0
0
0
110
148
921
54
0
60
1
29
0
0
6
0
2
0
0
0
238
10
0
0
0
376
30
0
31
2
3
2
267
32
7
1
0
267
1420
127
1241
1
0
0
0
0
393
2
1
49
7
292
0
0
27
0
0
0
260
434
0
0
1355
3
4
1
2
1
0
41
1
0
11
0
0
20
80
0
82
128
0
24
0
0
2
295
0
407
1036
0
112
1
72
0
18
0
171
0
69
84
3
225
14
2
78
0
0
51
146
5
0
168
0
0
0
245
0
0
0
1029
267
49
509
0
0
0
8
222
55
44
182
4
0
4
1
0
0
383
262
1
802
8
98
4
11
2
0
139
166
3
3
0
128
29
9
0
59
293
123
4
285
142
0
0
12
4
140
760
434
0
9
485
0
621
0
0
0
9
238
43
532
0
0
0
0
0
0
55
0
0
0
288
1
0
0
117
1
0
200
0
0
0
1589
0
47
353
0
99
0
10
0
0
78
0
32
0
97
85
623
0
254
0
178
0
3
0
0
1
0
59
0
4
0
52
0
0
0
15
0
509
116
1858
0
29
19
126
16
1090
0
66
0
0
0
189
0
149
0
0
197
0
91
0
0
3
4
522
276
298
101
43
43
0
7
15
0
44
1
4
115
137
27
0
4
0
4
113
111
24
359
8
138
0
26
108
0
1416
1
497
1
0
1126
0
124
52
563
0
14
0
25
37
1767
149
14
10
0
0
0
0
0
68
544
176
7
756
315
246
0
345
114
63
56
0
15822
0
87
1
278
485
187
2970
0
294
105
36
35
66
0
232
5
0
453
133
0
239
217
0
246
0
0
13
943
0
28
85
24
140
10
0
0
0
0
0
0
74
90
70
0
1583
0
0
0
3
71
348
12
63
3584
0
6701
12
0
148
0
3
2
4
0
0
0
457
548
13
0
58
281
832
1
43
162
281
0
344
0
0
3266
19
1
0
0
0
3
0
0
196
0
3
81
2234
13
276
53
0
485
796
1338
194
132
0
173
700
4
1
21
42
954
0
0
812
42
3
0
0
0
1
201
17
796
0
3
101
7
14
7
3177
233
0
0
2
17
267
10
2
0
79
0
0
0
63
199
1778
39
214
846
0
0
0
239
0
0
0
11
0
201
2
0
386
227
99
0
910
784
94
112
6
8010
5
0
0
6
2227
0
0
0
8
0
0
2
0
27
204
23
0
23
0
580
3
0
115
1442
0
861
15
13
20
0
0
1
71
32
7
0
5
1
0
42
0
5
0
205
267
31
0
178
376
0
0
259
45
0
140
329
11
1
15
1
4
0
0
245
656
0
0
10
200
42
0
474
0
3864
46
0
0
353
0
5
128
64
0
156
37
92
1417
205
0
0
20
0
5
0
1
89
11
0
219
0
4
3
213
0
92
13
0
11
0
49
7
93
32
0
0
277
0
65
0
5
2
9
4546
13
12
5
48
0
165
0
0
132
22
53
47
634
0
0
64
27
92
340
0
154
41
3
3
1166
92
120
72
0
13
0
0
0
0
30
3
49
1
28
0
0
56
170
567
18
0
0
110
367
141
8
259
0
36
17
0
133
0
0
7
3
0
0
21
32
0
122
13
0
0
0
0
0
360
0
213
4
0
0
188
13
319
28
1820
87
144
0
7
81
1
0
3
0
1
122
0
34
3
0
0
0
39
542
0
6
0
0
710
0
0
42
0
630
302
0
617
0
4
2393
0
273
19
0
0
12
0
12
6
39
0
3
8
237
1425
154
87
651
0
52
203
563
19
1528
124
1
26
317
578
40
2273
2
44
27
0
0
0
28
297
391
13
836
402
0
0
0
248
0
0
0
19
14
1527
22
0
0
28
342
240
7
35
0
12
0
70
0
223
438
16
11
302
4
75
0
4
0
1
958
619
1309
0
411
0
120
122
213
0
1
14
0
4
0
988
0
120
106
0
14
1875
55
198
55
318
37
0
26
14
2895
0
3
0
105
0
269
1345
96
0
105
1
306
5
66
0
375
342
12
0
4
184
299
0
21
0
159
46
0
0
49
0
0
0
0
0
302
0
2640
0
0
38
3974
0
30
4
4
8
0
112
0
7
14
505
32
0
313
268
198
112
0
6422
401
16
8
0
0
80
0
0
246
0
0
2
75
34
2
495
0
2
4
18
0
186
0
789
24
125
658
344
818
0
212
0
110
0
398
9
423
0
0
0
0
16
570
31
0
7
684
54
529
0
386
102
237
53
57
7
0
28
5
7
1
0
0
195
0
0
423
0
34
200
829
16
0
0
11
31
1
0
0
33
629
20
0
640
158
225
0
0
0
193
6
0
110
151
3
0
0
275
0
4
19
0
2
137
20
0
1
54
6
675
0
113
8
0
2
0
0
62
0
19
0
81
250
5
0
577
0
339
0
131
11
0
44
11
161
236
431
0
0
5
92
0
0
106
0
741
184
3763
0
25
5
119
197
60
0
1
0
97
24
2
1
0
0
0
5
3
2
319
55
0
5596
2154
0
0
0
0
464
0
154
0
944
130
0
1
2966
177
0
6
14
358
3
0
0
85
23
4
256
1003
0
1273
0
0
496
325
217
31
0
0
0
992
2105
2
106
2
304
0
0
0
2435
555
0
0
0
1819
103
9
333
0
0
2
0
16
115
814
0
126
0
0
0
0
0
0
64
66
0
44
3
30
0
0
107
11
10
0
284
0
64
0
83
8
1
1433
7
0
0
65
39
0
289
2719
3
160
78
14
341
35
1
0
80
4
25
468
0
6
2
0
0
1
90
160
439
0
0
124
257
348
24
0
247
131
341
5
0
472
35
16
0
29
14
126
275
2
148
3
55
5283
1088
256
0
170
3
445
235
0
0
161
318
13
56
30
14
0
1
0
0
3
13
0
42
723
188
38
0
0
2
3
88
12
1506
0
2
0
0
1
0
49
1378
0
18
25
0
51
0
0
441
302
0
11
1
0
72
437
42
68
5
216
0
0
69
0
0
21
0
21
147
44
0
0
767
9
0
4
0
576
0
32
217
0
0
63
12
180
0
17
5
53
0
68
1
0
0
7
518
0
0
283
84
61
0
539
0
22
0
229
30
17
4
34
15
4
1433
67
0
4
3
0
28
0
0
350
17
84
234
0
4662
41
29
255
3
9
0
0
172
112
25
2
83
0
8
123
787
3
111
22
24
241
43
0
0
146
0
0
0
262
1558
0
33
213
163
303
0
0
0
0
51
7
1805
4
63
0
14
464
111
26
228
2
37
0
67
0
3
23
1
0
0
241
123
7
12
2009
1
0
0
0
48
298
8
0
274
0
28
104
282
433
3
125
0
31
708
42
198
0
0
2
71
0
1
0
291
5
470
577
0
25
0
0
40
11
123
0
0
195
84
144
1
0
99
40
747
0
0
172
0
7
1
0
311
44
279
2
0
0
2
19
3
774
326
0
12
24
181
360
71
0
0
11
149
0
34
5
1023
18
180
0
140
7
1
0
7
0
566
356
24
0
20
0
0
400
0
0
104
0
1
0
16
0
85
1
0
26
1
0
1207
328
14
626
0
0
0
635
0
9
0
63
1
0
30
2
22
0
390
551
0
2
2272
0
0
0
36
334
4
172
66
0
0
0
0
692
53
7
11
0
45
0
0
0
14
0
160
18
0
0
0
0
0
0
10782
0
6
1
1281
0
47
0
0
1348
156
49
6343
86
0
1253
0
3
23
39
94
2
529
0
470
0
1
332
0
170
0
0
11
470
89
0
0
48
233
791
527
59
0
0
350
0
0
0
106
7
12
0
8
0
11
71
28
184
154
0
1
0
89
101
43
2228
4
33
0
67
0
1125
28
51
29
785
0
242
46
0
87
377
10
0
14
139
187
114
0
0
0
0
68
914
20
26
27
14
1246
14
0
489
55
406
33
0
570
0
49
5
25
613
10
56
6
447
0
23
6849
13
0
0
222
0
89
244
1
122
158
1203
663
0
0
50
0
0
27
516
45
22
0
5
353
6
0
63
2
4
0
3
0
0
4807
0
0
0
1288
0
75
0
66
1870
0
3
22
0
22
7
5
31
49
90
458
0
6
109
172
159
409
280
49
0
82
1
122
432
5
218
0
33
1134
0
70
29
0
1
122
8
85
76
5
0
40
0
9
0
0
0
425
0
2
50
226
2
13
0
125
0
136
28
60
1
0
688
0
1137
0
1348
242
0
24
504
0
130
21
2
0
379
0
50
154
2470
3
0
0
8
29
613
0
5
0
596
2
0
0
1
525
0
1750
0
9
68
0
0
3
154
0
51
0
148
0
1
151
2
21
3
10777
1
8
2
0
0
0
102
0
0
0
87
0
1
0
0
558
0
487
36
158
0
0
194
112
0
3
0
0
15
0
343
120
5
0
367
0
0
256
0
411
0
0
220
0
0
45
110
0
236
1
7
0
0
0
0
0
282
0
9
0
1
369
16
0
905
0
0
6
31
36
0
5
0
297
5
0
0
24
7
0
0
42
122
0
41
51
2
180
0
0
891
2972
0
0
0
0
285
0
47
12
18
0
0
2
4
538
55
12
15
0
123
0
6
135
71
28
4
0
39
0
13
288
3
0
147
978
0
227
0
0
20
111
0
9
3
2
174
18
187
0
47
0
0
0
16
577
0
207
0
0
0
132
3
0
104
44
0
400
55
4
54
0
0
51
14
1
77
144
0
0
16
0
6
5
145
0
0
3
16
0
1324
0
40
0
423
0
81
40
748
0
0
26
0
965
6
20
48
0
0
9
10
1070
0
0
25
3
24
168
47
372
184
0
0
306
0
33
2
825
1734
1029
0
29
18
423
184
1
1
0
89
52
70
5
146
123
1445
200
365
240
1504
360
0
0
26
0
94
233
0
217
0
18
22
0
5615
0
10
1
39
103
0
0
451
0
62
8
18
0
0
0
347
0
27
2
0
0
5
29
2
0
427
8
116
0
339
9
4
12
1
154
0
12
0
16
184
1
374
322
0
23
2877
18
30
2
0
0
0
442
6
0
0
28
13
7
0
5
132
757
411
0
0
1
0
54
0
1
0
0
8
0
17
28
4
0
0
415
12
0
2
15
290
972
525
813
0
19
121
0
0
0
112
1159
247
21
2
84
0
0
17
132
0
6
0
0
4
1
0
1
0
0
0
11
8612
0
85
57
6
21
14
899
765
1116
0
0
1
566
0
69
100
0
4
0
91
215
10
0
6
70
0
236
172
4
0
18
2
1
115
20
0
16
0
18
5
0
21
1240
111
10
296
48
40
220
1201
3
17
0
0
12
2
376
77
863
2013
0
6
22
30
177
2
12
0
79
106
12
256
20
301
0
0
79
3
3962
6
0
0
0
10
0
9
1
21
38
0
92
0
363
466
41
289
0
45
18
99
125
3517
861
4
2
422
8
80
0
1312
0
0
2557
0
0
15
1
0
2
4
3
495
0
6
440
0
0
0
15
10
6
5
0
3
161
0
140
223
17
0
0
1552
27
3918
7
76
0
255
140
1
0
119
88
5
41
0
0
141
0
63
0
0
464
7475
7
61
158
1319
0
4
2906
3
1
799
191
0
589
22
2954
3
0
0
433
11
245
2
0
626
0
56
0
0
0
3432
1030
24
8
173
4
946
2297
40
0
2639
0
0
15
0
139
0
0
1025
0
0
37
487
214
0
756
6
259
15
24
15
0
165
0
1414
249
217
0
0
8
0
998
6
0
1251
209
1
0
27
15
87
0
838
206
125
302
0
0
1469
781
118
135
0
0
221
533
361
1
0
59
148
1
0
0
0
199
0
10
2
1540
204
0
0
4
7
5
489
177
0
256
18
0
74
222
1
48
717
0
0
75
70
67
4
67
0
370
12
50
0
231
1
0
0
51
235
0
1710
153
2
6
338
155
112
94
29
29
0
102
2
36
23
0
17
0
1
0
0
0
0
3006
854
43
5
0
0
1
1004
131
41
43
44
0
813
0
0
0
0
390
187
334
17
0
163
218
193
1
76
105
0
22
0
0
0
0
52
843
210
0
10
122
12
153
2
0
9
6
131
3393
0
0
0
28
109
0
48
0
30
20
13
0
376
3083
774
1
471
0
14
2
16
0
13
0
750
14
852
171
396
4
281
0
1218
1
900
0
11
102
39
112
361
815
314
1316
0
869
0
28
5
37
127
38
572
30
190
12
25
5
0
39
17
62
54
45
0
306
129
0
288
40
8
703
60
653
265
1595
55
784
32
0
0
5
4
13
38
1733
0
24
507
1
264
0
0
45
414
164
0
0
0
0
33
0
44
145
1870
0
9
596
362
0
770
45
0
138
3390
160
69
135
6
0
729
2
1460
171
51
158
112
0
1
0
0
9
0
0
1
89
0
0
0
68
0
54
0
1
10
190
0
0
0
38
0
68
0
0
542
3
1
0
522
20
0
1
202
706
0
186
1
514
80
51
85
731
432
4
65
0
0
0
89
345
33
5
3
2
2
1
0
2
0
0
102
222
28
0
2979
0
1
1
63
8
276
0
0
306
0
225
88
62
0
0
0
231
42
0
14
0
0
196
493
4
0
188
0
291
0
463
4
1478
1420
4
0
18
608
0
19
162
0
442
328
6
908
119
0
0
4
0
58
124
577
0
23
0
2
143
1
1335
40
1
0
41
0
1
13
0
225
594
17
1840
267
1985
58
85
221
713
1394
7
0
22
15
28
78
0
435
4
0
0
1
6
4
23
20
0
0
6
3
0
0
260
108
0
0
0
39
15
124
8
220
22
5
0
204
15
1076
23
106
13
194
0
116
224
5
153
21
376
0
924
157
631
0
138
41
0
0
0
19
183
8
180
35
24
16
131
409
7
836
1404
299
0
0
351
2
0
109
0
100
0
95
0
0
0
0
41
17
9
0
783
508
18
1
285
6
0
244
257
0
0
0
81
0
46
7
1
4360
79
3
68
105
33
0
2
123
13
163
474
6
0
131
16
178
0
0
55
0
0
0
49
0
0
1
35
35
0
48
0
61
1
137
205
0
5
64
3
1843
94
0
6
132
0
0
2
62
1182
154
0
0
493
17
1
0
0
445
695
43
0
224
0
1
47
28
52
49
4
999
375
261
0
0
18
11
3
22
77
135
57
6
0
32
0
0
2775
0
0
26
27
1112
57
3
1
0
4815
1275
186
102
0
5
0
0
74
0
5
133
252
542
1286
0
1383
3
502
0
0
0
4
143
1
0
3
0
0
72
0
90
0
642
13
18
3
58
0
198
13
51
1
0
3
932
247
0
0
0
0
1
29
25
9
149
0
140
1
369
358
5
0
1
0
0
4
71
0
213
427
0
1
0
2082
12
0
7
1
173
6
15
2
15
103
0
6
190
5
0
21
0
44
1780
2
35
478
6
0
0
99
0
0
0
54
0
0
224
0
4
0
0
372
0
44
3
0
0
13
0
1350
0
0
1
0
967
0
243
7
0
139
118
1
0
446
0
21
2
0
377
0
1
72
3
4
32
52
0
4
1
2524
1
12
0
0
49
0
372
93
4
4
94
34
12
13
16
0
3
0
2
452
47
0
0
0
0
67
87
39
32
0
62
360
1019
1
0
0
137
45
0
637
967
0
0
338
38
4
0
10
1394
17
19
130
60
0
71
0
8
4
0
1
1
30
11
13
0
292
344
532
61
0
201
0
2253
0
8
1
13
220
51
1902
69
0
1
38
488
3
0
176
0
25
10
4
36
202
5
92
2
3
142
669
0
0
943
36
1288
0
1
0
0
64
9
582
0
23
24
0
3
2
2203
599
1
91
199
30
191
954
744
88
210
30
0
1
0
0
304
0
115
59
301
10
422
324
184
0
0
0
0
5
16
43
12
0
0
322
0
61
159
0
719
0
0
232
553
7
1069
736
13
20
15
144
2
613
0
1
0
613
0
0
52
0
0
1397
4
33
32
1
1184
0
0
0
1617
101
336
395
342
3
297
178
0
518
38
9
73
243
19
72
0
0
14
0
10
980
25
8
18
3
0
0
0
321
28
0
30
73
92
50
248
36
0
0
0
698
259
93
14
5317
0
4
114
0
3
0
75
4
54
0
23
6
0
3
732
20
66
342
88
0
0
12
4
0
184
347
2
1248
0
5
3
6
13
0
10
45
914
0
21
59
28
3
4
0
148
11
49
10
1
4
444
0
245
265
0
0
227
383
7
0
4134
21
13
3
113
2
748
2
5
2
0
2961
0
0
0
1
490
0
21
21
0
0
39
0
167
114
0
400
87
12
3
26
129
1
40
0
1
89
0
0
0
438
0
35
39
0
431
120
253
281
17
11
305
0
5
1233
2
17
3
0
0
555
47
0
137
0
107
103
13
315
0
58
54
110
121
0
550
2
0
311
0
1
0
677
70
0
177
79
0
0
6
778
3
313
0
0
4
0
46
0
0
39
0
41
264
0
32
0
0
68
46
2845
139
0
0
0
76
17
113
0
93
35
0
0
39
3
0
0
1
9
0
9
53
0
0
0
0
1216
2
7
36
22
0
0
0
192
285
2925
0
0
114
33
8
31
478
97
0
38
80
58
13
1
16
0
12
119
310
1
1
62
0
0
0
12
46
0
0
0
23
2
0
0
23
9
139
112
0
73
106
25
0
0
257
15
0
98
0
0
326
0
5
68
0
1380
0
107
11
18
5
0
0
0
5
0
0
1
0
2
6178
17
162
0
0
0
45
158
148
4123
0
3
25
3
0
250
132
0
1716
4
188
2
0
241
0
0
264
0
0
7
0
9
187
15
454
0
1
1199
21
0
1338
0
0
253
166
19
0
0
1114
0
453
1278
6
8
1
1942
140
99
0
304
14
0
0
5
0
70
3546
387
0
1333
0
167
49
1
0
64
0
99
280
17
0
269
131
241
23
40
1473
214
0
0
282
436
1
99
0
0
0
127
66
172
37
95
3
31
2
30
16
0
0
0
0
136
0
748
0
164
0
21
0
75
3264
1
251
0
43
47
0
53
171
6
17
34
232
0
0
0
3
0
224
0
2
1
1
2
68
13
73
1111
0
0
0
7
0
0
297
0
2
0
19
0
378
0
1
0
13
0
72
125
0
0
1
341
320
0
0
0
0
34
1
0
32
23
0
61
9
761
50
0
15
0
0
474
0
0
18
0
1
1
122
0
52
0
1
1
31
33
162
2
2
2
0
21
0
189
0
72
71
136
940
1
0
1
0
1
0
2
0
0
0
49
79
0
0
0
237
0
37
1
171
134
6
33
30
7
0
5
29
0
2
1
5
1
0
31
6
93
0
0
801
179
102
73
46
0
317
104
7
283
29
145
39
64
0
1
15
19
0
23
4012
3
0
72
0
0
0
189
54
3
0
82
0
0
0
49
0
2
0
243
0
0
5
5
0
1
270
0
1023
19
0
50
514
2
9
10
106
0
77
0
2
0
0
89
156
3
0
629
3
0
0
0
1
0
0
0
370
15
0
0
0
3
37
302
0
1
0
14
0
0
70
815
44
0
5
0
0
0
0
7
22
51
0
22
51
38
0
1
143
125
7
0
0
0
0
0
61
0
0
0
103
0
0
0
1428
0
103
25
5
93
0
0
0
4
166
238
0
0
0
1
22
67
1
45
9
40
304
18
169
1
7
24
544
1045
0
2
1
21
209
13
16
0
1886
0
1
0
9
92
0
27
0
2
282
0
278
39
9
0
8
0
463
2
8
658
13
0
0
45
3
21
68
156
0
0
18
4
649
41
0
0
9
0
4
1
0
8
26
287
0
0
47
3
0
151
0
4
188
0
0
0
320
5628
0
0
0
0
52
0
16
0
94
120
21
1165
0
3
0
3
271
120
22
32
53
3364
577
0
0
0
1
77
107
0
0
27
0
309
5
830
3
16
2
0
0
596
180
0
46
219
8
0
952
117
61
3
65
11
49
0
2
33
10
1
0
814
13
0
0
36
0
27
106
32
0
2
2
247
346
40
0
2
56
0
41
0
5
0
32
142
1
6
0
1
11
0
0
0
775
0
45
0
28
7
0
3
0
7
66
133
0
0
0
61
0
120
104
0
410
283
7
0
7
1
12
0
21
34
0
0
0
766
14
1
402
0
0
146
0
0
26
102
20
0
412
21
301
0
80
1
12
74
193
0
0
1
0
2
37
1
7
4
16
21
132
15
0
0
0
0
29
218
149
1
0
0
213
144
0
50
273
341
163
0
37
50
85
0
10
167
14
1137
0
51
15
0
2
3
0
6
0
22
3
203
0
1
3
0
45
370
1
321
0
109
734
76
0
3
2
6
7
227
1
0
0
157
0
27
3
30
0
116
0
0
0
522
50
159
3
2
6
604
4
59
0
4
41
94
0
90
1
736
0
20
5
0
3
39
0
76
716
5
0
0
269
20
15
168
6
0
0
8
1
0
26
98
1032
364
19
0
199
110
64
284
0
1
0
2
0
1011
0
85
0
302
0
59
201
0
0
4
20
537
173
20
15
38
3
40
3406
0
107
19
1
59
35
32
74
1
1
0
1333
6
0
502
123
0
1381
1
2
25
2
98
40
450
39
0
422
0
0
0
4
1132
15
47
3
64
4
11
2
0
0
2
34
23
0
7
182
4
0
83
1050
1
0
253
2
0
0
6
1
0
312
0
1607
5
4
0
0
43
26
0
5
260
17
1100
244
53
238
6
115
1
949
0
0
566
77
0
0
0
319
4
18
3
438
1
22
0
12
0
218
0
0
8
0
0
140
2
0
0
160
98
4
153
37
0
26
0
2
51
0
187
117
319
0
1
39
907
0
13
0
0
355
67
0
0
1597
150
18
1
0
0
15
0
1
281
0
16
0
187
0
25
0
12
3
0
96
0
14
5
527
1
0
21
0
2
10604
15
101
0
0
0
0
87
271
49
0
367
6
295
1
1
142
0
1
126
19
126
0
0
35
1143
475
65
0
2741
0
206
142
0
20
0
0
28
318
93
39
160
0
1
5
138
0
2
79
1
0
0
36
61
29
0
739
6
217
0
410
128
26
275
350
44
0
0
22
0
1
1180
23
243
139
0
0
3
5
35
0
0
52
36
156
296
0
30
0
0
85
19
17
17
0
568
8
1159
0
49
1
39
5
81
67
167
0
216
48
0
17
8
0
1
1
78
263
165
9
21
1
34
21
0
0
1
291
0
3
62
0
3
550
0
587
1225
3
0
1108
5
0
247
10
7
351
0
125
0
27
285
0
0
105
0
84
23
0
7
63
9
629
9
0
0
43
148
0
0
0
0
4
212
160
2
0
21
378
460
4
40
1221
260
1
2
0
278
65
0
2
153
83
309
1
1
1
50
0
1188
499
0
0
22
0
219
0
0
0
0
0
120
29
1
4
0
0
0
39
694
4
0
42
0
22
0
139
0
0
214
0
22
0
260
14
0
0
187
0
509
320
59
324
121
0
273
2
0
163
0
20
1
0
118
0
0
4
3
0
4
1740
0
0
0
27
2522
2
786
0
48
0
0
12
39
81
95
123
0
167
6
2
0
15
328
42
64
13
0
40
26
0
1
0
539
362
221
78
2090
677
5
41
0
0
0
298
63
0
179
1008
755
142
6
9
86
730
5
25
8
503
0
329
0
444
103
109
0
20
0
9
631
4
62
13
111
27
452
38
74
0
25
0
1
0
0
13
133
160
0
4
234
0
0
0
209
0
7
178
1495
112
3
648
0
0
12
0
236
4
1
0
2
162
0
0
0
5
107
41
32
0
0
0
172
0
116
1
2
0
21
28
3
38
0
122
0
4
0
5317
33
6
0
0
90
161
376
36
690
0
3
1733
0
0
616
0
0
0
6
1033
142
0
13
1589
140
4
0
0
0
0
19
2817
2
1
24
16
0
917
1
0
0
1796
48
287
0
129
3
1428
0
48
12
0
0
13
9
0
4
0
4
323
40
0
2030
0
0
0
15
0
0
1235
8
0
2
0
82
0
1
150
410
0
109
13
7
46
189
974
55
0
0
2145
118
2
445
2777
1
530
1033
21
1
0
0
0
33
172
0
0
0
0
0
2
1
0
0
31
43
27
7
3
104
0
964
29
0
74
0
104
47
4
0
680
6
6
12
0
12
3
0
42
785
298
0
18
162
143
36
40602
227
19
78
1496
751
1
9
10
0
132
0
0
121
0
1150
2178
0
1
0
64
240
119
204
317
15
1
0
0
550
430
0
5
59
2
2
7
1258
36
178
20
0
0
352
0
23
922
64
0
55
0
0
38
296
0
18
229
665
0
7
1106
305
1
0
2299
0
0
146
0
12
0
0
3
0
0
0
287
25
196
0
298
287
4
0
37
420
151
0
60
0
0
76
0
785
79
300
14
0
2
0
0
26
0
3
3
71
1993
604
786
0
62
8
0
215
0
26
0
8
48
374
141
0
17
265
14
378
0
5
109
0
0
0
2
2
628
141
54
6
0
709
14
0
0
63
10
96
350
0
0
109
3
0
175
0
55
0
0
0
26
0
52
96
0
455
0
0
0
26
0
152
14
825
0
74
1152
2
3
0
79
0
21
636
34
0
0
6
0
98
10
64
91
0
17
5329
201
0
3
0
0
1427
0
0
0
306
0
24
20
112
2
0
0
309
0
0
13
2
0
105
0
19
0
452
52
2
1211
54
0
227
0
40
1
0
427
0
0
2465
81
0
0
0
118
278
0
55
8
5
796
1
118
14
8
0
30
0
1
6
0
2
191
0
0
21
0
26
0
0
401
7
0
0
0
16
8
0
0
0
0
0
6
0
9
0
123
16
106
127
8
3
57
0
119
0
0
0
36
0
10
0
0
219
0
82
95
2
8
34
0
294
0
1
133
4
461
0
324
1405
0
7
6
0
0
141
4
175
13
0
7
154
2
620
0
0
61
20
558
70
968
358
0
73
0
278
324
0
0
179
18
10
10
524
5
1
121
7
583
109
556
0
3369
89
307
0
2
443
0
224
174
9
2
1
0
212
53
68
0
0
0
178
0
0
5
446
1
0
0
0
553
162
99
199
89
4
6
0
40
3
1
0
11
0
71
432
0
170
0
0
0
953
0
14
0
396
0
274
0
8
18
696
0
13
0
27
2
48
64
55
0
294
0
222
0
0
0
0
114
0
348
0
158
1
39
0
0
0
0
0
0
0
4
372
12
110
1
0
95
81
0
6
19
0
0
95
30
353
789
0
100
14
472
2
144
0
5
1541
49
14
123
1
438
31
0
394
1800
35
2184
3
353
15
0
17
0
19
17
2
1
5971
0
765
0
80
0
197
1
379
307
134
0
94
717
0
745
0
0
1
149
0
0
2
23
0
0
124
0
45
0
2565
14
0
24
0
24
108
0
0
523
14
68
0
58
9
0
1656
0
0
68
308
0
440
0
4
0
3
95
1984
785
0
0
0
0
84
0
0
4
424
462
35
9
49
0
32
11
0
307
0
292
337
0
0
0
184
440
1
1
0
2
38
0
16
2
0
0
0
0
3
50
0
1
15
27
17
0
4
0
0
0
0
72
3
4
0
0
48
105
206
879
166
19
373
0
0
0
7
1
0
1
0
10
0
103
0
0
0
0
5
0
1
0
4
0
175
0
7
0
3
22
8
14
3
1154
418
401
21
59
68
0
0
8
0
170
4
10
0
0
35
0
1
21
0
1
1439
3
0
0
0
7
42
0
1087
59
19
484
0
0
63
0
794
5
1
0
0
0
35
87
0
208
300
554
533
0
0
0
0
0
1
131
0
153
393
8
83
0
35
876
2
23
48
62
15
28
250
12
64
3548
934
0
0
8
98
0
0
27
265
3015
8
0
4
1447
2
1
0
11
16
69
458
531
1167
438
5
0
45
2
691
0
0
111
582
0
0
8
145
818
0
764
260
0
706
7
0
13
454
110
204
76
0
312
53
151
3
225
446
1795
0
0
14
0
14
0
0
369
11
3
10
73
780
0
32
246
84
15
0
0
128
5
86
0
2
0
19
353
8
0
0
0
0
0
0
0
109
91
297
298
285
0
111
0
0
97
595
189
80
10
156
20
1
4
19
184
2
1697
20
0
134
0
0
30
1
13
0
0
1
4
116
2
0
0
39
0
0
707
1
1537
0
7
5
0
56
0
2
0
858
4
9
4
8
0
0
399
0
0
0
1
109
28
0
18
62
0
0
372
0
38
0
141
9
0
0
20
262
130
207
866
0
0
95
0
0
17
319
4
0
418
0
70
0
0
2
0
212
189
173
878
1
0
9
28
130
14
32
4
6
75
0
37
0
98
8
580
0
0
178
1
2
78
4
119
140
0
258
0
0
334
0
932
28
28
505
8
1312
1956
0
1
7
0
0
0
0
718
2
220
3111
240
36
28
309
0
21
2
45
40
5
0
3
232
188
64
113
4
575
894
8
40
0
2597
0
0
3
457
2
114
107
672
3
34
0
243
383
0
1
1021
14
18
0
1
2307
4
0
620
8
587
138
0
217
2
16
225
924
19
1
10
572
1
0
2
0
0
0
357
0
1465
4
0
920
1
1
26
4
147
43
139
790
0
0
38
79
4
0
0
41
0
128
90
0
0
141
0
5
56
0
473
555
0
211
21
96
0
17
0
26
0
38
0
0
0
0
89
0
459
3
6
1
620
0
0
2
4
74
6
1658
0
74
139
183
0
0
0
10
3
0
0
0
316
0
40
0
33
144
0
27
15
57
0
13
1
0
55
12
30
170
0
1232
187
362
1
0
317
20
17
232
0
764
96
0
0
73
35
0
228
47
93
23
0
0
3
890
253
81
6
1438
19
1
251
39
2
0
97
29
744
417
313
2308
791
0
48
46
0
503
112
4
1
0
133
163
0
3
281
221
0
240
0
1589
0
0
7
0
0
240
99
964
0
155
0
66
8
144
0
1
27
740
116
12
117
145
41
12
0
0
119
3
0
123
6
73
674
0
186
0
70
3
1154
884
117
23
166
0
190
0
135
0
4
10
13
0
11
17
61
16
849
182
0
1
104
70
8
0
0
0
111
368
0
118
0
37
0
1757
35
29
1
0
0
0
71
62
0
44
88
144
6
0
0
3024
0
10
200
0
419
0
25
0
2
0
121
0
150
0
95
48
845
62
1
0
0
601
0
23
1407
0
37
5
1
0
2
32
0
19
54
11
4
0
20
12
73
0
0
69
8
0
101
56
847
821
8
0
0
72
32
1
1072
332
15
81
352
4
1
27
115
0
0
60
405
7
779
0
102
755
150
0
21
280
231
504
3
15
0
169
81
0
62
358
480
17
1
18
0
5
0
0
5
0
2
21
395
257
183
3
555
14
150
0
366
268
0
15
5
44
225
203
270
0
0
30
451
214
4
0
628
29
0
0
0
2
740
0
0
28
2346
0
0
0
5
69
0
1179
18
10
0
41
77
54
1
180
328
0
0
770
0
6
5
196
0
7
2
4
77
0
6
103
7
0
66
0
60
183
0
12
2
2
0
2
352
0
6
511
289
2
1
5
25
10
0
20
1260
1
429
89
59
583
0
377
48
0
11201
63
64
0
0
0
1
155
3
11
173
52
0
97
0
0
3
61
10
29
47
34
608
675
3190
210
15
1786
0
14
0
568
54
0
4
248
0
43
243
0
110
58
1
2
114
147
0
0
0
566
0
30
151
3812
0
0
1
0
3
4
23
74
0
3
312
177
0
0
10
0
46
6
54
0
0
465
218
0
0
676
89
0
0
40
0
0
76
0
0
97
3
32
0
115
124
387
1
0
0
0
6
91
0
0
192
0
307
0
0
0
0
2
2
0
21
0
112
2
124
383
3
4
719
16
0
0
18
0
4
0
13
447
24
0
0
50
1
7
1700
738
0
266
327
0
206
0
180
23
123
28
127
0
153
14
0
3
0
182
0
0
24
129
0
6
0
166
423
30
7
0
0
23
0
0
0
3
6
78
1
0
164
269
0
0
0
3
11
0
2628
49
0
666
85
23
0
1
97
143
0
0
0
222
50
1
0
21
9
0
0
0
155
2
3
64
0
0
14
0
2
3
0
103
58
25
0
0
0
2
564
0
0
654
144
2
24
0
129
80
0
1
169
0
62
21
0
12
0
0
301
2
0
0
0
4
1532
22
0
4
0
1
0
52
506
6
250
26
7
22
95
0
0
377
282
1
28
0
206
1393
28
972
0
20
29
0
0
0
65
0
712
0
0
925
0
1
6
0
114
455
2
3
0
1
37
0
62
3
210
330
81
25
400
15
310
7
0
3120
0
10
0
1
0
53
105
865
0
0
130
0
26
0
31
3
0
1
5
0
0
0
6
16
2
168
2
313
59
332
0
183
33
0
28
0
1
409
0
0
289
4
0
2
1
19
0
0
11
0
0
137
0
43
8
168
28
38
2
33
1
0
43
0
8
1
174
1159
0
0
2
6
6
0
15
27
0
31
124
0
60
0
11
164
0
571
0
49
0
93
0
0
0
73
9
0
0
0
2
16
0
0
0
8
0
0
1
38
0
35
0
114
1
0
0
0
0
21
271
0
754
185
0
2
0
1
4752
100
104
11
2
4
231
1630
14
1
2
0
0
65
21
1
8955
2
26
0
531
1
1596
82
664
306
0
61
32
19
154
0
12
76
27
43
669
172
0
10
6
4
1529
8
0
3
154
0
4
3
0
0
0
0
0
7
3
1
0
0
0
6
125
131
0
111
443
1797
99
44
0
245
10
0
34
1
0
0
0
3
0
81
0
25
0
24
0
45
0
2
71
143
0
0
3
0
0
1
0
14
70
103
800
0
470
144
15
0
70
1
0
0
6
0
386
30
22
0
1
0
10
37
0
6
28
386
0
171
0
136
213
0
88
50
62
114
5
0
1
0
0
0
6
0
30
0
0
2
223
39
0
0
6
0
3
948
0
1
175
84
0
85
0
31
433
6
21
221
705
567
5
49
0
0
1
53
11
86
460
0
0
19
770
0
0
0
0
3
19
0
0
3005
1
14
0
205
2
1
5
40
367
0
4
654
183
428
148
5
53
0
2
0
17
112
111
2
0
71
6794
778
0
0
118
19
127
10
0
1710
0
28
0
3037
0
0
85
441
31
11
662
0
32
698
0
0
0
19
0
0
90
19
0
0
48
0
0
3
0
218
64
399
101
12
0
0
0
0
39
2034
5
0
0
92
33
0
29
344
2
0
24
0
1
0
2
34
0
773
0
0
6
0
22
7
0
632
0
1
0
0
0
3
0
0
0
0
117
112
12
189
1
98
1
116
65
13
207
0
180
602
0
0
0
29
1507
11
24
16
180
197
2049
0
0
0
0
0
18
126
0
0
4
0
240
6
622
5
42
0
55
80
0
0
151
17
12
9
0
36
3
25
158
0
420
9
1681
6
3
162
0
33
0
0
67
0
1
455
52
10
56
22
3
2589
11
0
0
577
0
6
9
100
0
65
56
0
0
746
0
124
5
21
10
10
31
159
184
293
0
335
2
430
264
518
0
1
29
36
314
0
1
0
1478
0
107
0
23
16
1189
0
77
2
333
0
625
0
456
0
48
57
8
0
4144
0
21
8
3564
17
0
5
0
0
0
0
0
157
18
0
0
77
0
69
178
0
37
1018
101
1
92
181
30
0
0
0
57
2753
16
7
1275
0
1
20
0
0
0
20
400
0
0
18
0
0
14
40
1
65
1
0
18
95
829
51
0
508
659
1
304
37
0
101
469
177
0
0
83
22
555
39
0
173
1
778
257
0
21
11
0
3963
58
44
19
0
6
0
0
77
15
256
0
0
56
20
45
0
0
82
498
0
12
414
28
0
0
0
0
0
353
352
0
1578
0
10
8
0
0
134
16
7
342
0
247
46
840
368
0
1
0
30
132
228
8
129
0
167
0
0
32
45
250
0
0
37
0
0
105
2
1
0
15
0
0
99
0
0
0
0
3
57
49
0
6
0
4
185
0
354
0
367
35
23
746
20
0
509
4
4
0
7
0
2434
0
30
0
0
16
439
0
177
0
0
7
8
5
0
18
0
0
2
0
45
0
4
0
109
1
0
32
68
0
29
493
0
2638
151
0
7
0
911
0
130
401
1
3
0
57
0
0
2
0
0
27
0
0
0
0
0
0
156
0
4
7
1
1280
0
142
0
269
323
0
0
0
200
3207
245
0
0
51
23
23
0
85
14
0
6
37
0
62
2
343
87
251
0
32
21
0
1
0
526
0
2
3
0
5
0
4
5
8
79
42
75
6
20
157
0
62
1
185
9
174
0
0
1
159
0
0
905
7
1
0
97
388
94
0
0
0
2758
53
6
12
402
86
0
207
31
43
8
16
900
39
0
0
7
93
0
101
73
0
3
13
342
12
5
13
95
4
0
0
0
178
185
820
1
23
0
28
3
0
0
2278
0
268
4200
227
3
2
191
1337
0
15
31
0
58
0
305
2257
26
860
0
1133
272
3
85
7
379
171
39
4
4
5
2
6
3
66
0
0
0
6
169
149
138
6
152
284
384
18
0
28
4
43
24
578
0
0
23
172
0
3
0
22
501
0
0
12
0
0
62
4
2
7
0
2
0
0
0
0
0
104
0
0
0
0
0
0
11
54
18
1135
2
57
0
0
6
1
78
0
11
1182
4
0
0
0
14
75
11
0
695
0
26
449
0
131
45
0
39
21
1
22
0
102
14
3
0
414
255
4
804
217
482
0
5
0
0
0
48
0
0
0
2
0
0
3
0
407
405
0
1276
0
5
2
0
0
103
73
18
42
291
0
0
17
24
54
0
48
27
0
0
0
0
0
0
230
781
669
236
0
37
1354
425
17
0
0
258
50
1
177
385
0
82
35
0
93
0
461
7
1
0
0
0
254
290
106
63
0
8
5
3
68
71
8
5
0
3
242
2
0
2
2
0
3
0
13
10
0
6
25
6
3
2
0
8
0
0
2
82
4
0
0
253
2
9
48
0
0
362
89
11
45
77
5
4
5
2
15
4
9
0
773
0
0
11
8
0
95
0
10
0
24
0
0
21
36
3
0
333
0
12
15
0
11
145
0
0
0
0
1
0
11
138
0
0
19
4
48
12
0
0
0
180
14
2
132
8
0
400
0
584
72
124
0
0
68
7
122
0
0
8
155
4
405
32
34
0
1
0
1
124
0
0
0
0
19
0
63
0
78
0
0
1
51
30
1
1
37
5
34
8
0
86
57
14
48
271
1
2
0
0
7
6
532
0
115
212
0
0
114
153
0
219
3
77
66
4
0
0
177
0
0
1
18
0
2058
0
191
4
0
0
0
0
0
0
117
0
40
12
60
0
50
0
0
0
50
557
78
0
1
5
2
89
0
62
1066
0
113
72
48
2
0
2
10
1
64
0
16
60
0
85
112
0
20
4
11
6
2
0
83
101
2
5
72
280
0
10
0
930
72
74
0
1
34
0
1
5284
31
222
18
25
1
0
21
93
15
38
8
0
0
1
0
313
13418
0
0
0
64
126
121
0
4
0
4
0
0
14
11
9
62
45
8
12
0
0
181
13
10
31
4
39
43
9
25
0
4
52
152
0
0
52
5
872
0
79
984
3746
54
248
5
2
153
25
442
0
6
68
0
16
372
145
219
41
1
0
5556
40
0
82
3
4
6
0
0
0
60
0
160
58
0
3
2
5712
0
5
176
240
1
38
0
565
3
1
0
30
0
2
0
26
364
7
0
0
49
0
2965
0
17
1321
0
152
117
0
1187
432
13
3
4
0
0
114
0
69
2
42
134
8
469
0
0
17
0
0
14
0
100
282
0
32
798
0
18
0
121
0
0
35
60
0
79
0
0
3
0
116
0
0
9
0
0
586
72
0
108
0
527
441
183
0
2
0
38
57
0
2
15
3
80
3
0
10
0
6
13
0
0
96
0
0
1
42
21
0
19
47
56
0
6
5
0
49
11
13
0
17
0
75
0
0
0
6
108
0
0
35
8
23
18
624
0
7
0
0
256
101
87
51
0
269
23
47
432
109
2
1
12
5
196
24
50
15
0
2816
1213
0
2
70
52
33
98
1
5
1
0
4
0
58
2
0
0
0
5
2
0
350
6
212
35
36
276
6
0
0
242
2
0
24
0
133
12
23
1
84
0
0
0
119
255
0
261
0
178
0
165
160
22
0
0
0
2
0
87
0
0
39
0
0
1
0
0
0
1
0
0
2
15
22
0
455
292
8
0
0
212
0
15
11
6
65
192
9
0
146
0
348
0
227
84
7
161
2
122
5
0
72
63
12
6
234
1234
0
1189
34
0
0
0
1315
117
4
25
1
40
2
0
0
6
3022
0
5
123
7
158
0
116
2
10
0
200
0
1033
2
3
4
10
0
219
308
0
131
0
0
16
32
2
0
2312
0
1
9
109
99
16
815
205
397
1151
1184
49
0
6
29
58
16
2
7
0
84
1
93
0
0
0
5
155
0
0
0
0
0
3
44
2804
319
0
122
11
0
66
1033
44
54
1
5
76
23
0
0
6
475
15
0
0
3
15
0
102
0
0
119
12
38
485
11
0
169
614
0
791
24
66
4
99
2
787
38
0
13
106
16
229
0
57
3
0
0
135
9
0
365
284
0
1298
0
100
0
276
261
0
477
136
0
0
1004
0
78
2
171
0
0
35
20
5
250
210
38
642
17
926
16
1
437
223
0
0
0
6
117
2174
0
428
73
0
54
2
1
1
369
0
59
0
0
7
237
0
31
0
364
0
32
0
101
0
0
0
0
0
0
60
53
0
698
989
0
78
565
0
254
0
0
0
0
9
43
42
79
2152
102
0
8
27
433
0
0
0
0
0
69
1381
1
0
50
227
171
0
111
4
17
9
26
53
0
31
5253
2
0
0
5
1
713
1
0
0
9
0
0
0
0
485
0
93
125
0
59
2
11
26
4819
19
36
0
0
127
2
0
449
0
0
394
5
3
0
7
0
0
326
120
0
1
0
76
9
0
3
15
20
624
0
1
0
0
0
0
0
101
0
0
0
1286
2454
0
17
6
0
132
0
470
28
232
35
0
98
641
0
710
270
0
109
0
0
5317
17
4
269
0
1
6
2
662
8
491
2606
0
0
0
0
3
2
44
2
161
13088
418
0
13
0
0
1
0
72
0
45
3
93
181
1089
1276
0
0
201
3
15
0
599
929
0
46
0
1
69
7
37
0
8
0
197
18
0
205
33
3
0
17
216
0
0
1
31
0
0
12
453
0
78
70
0
12
134
0
2
1
1
1258
6
230
50
0
5
0
0
0
1559
145
549
83
0
14
1777
678
0
1
1904
0
0
0
18
0
8
0
195
112
42
129
0
541
1
0
16
11
625
99
28
51
0
7
0
9
46
0
326
27
0
29
0
0
6
0
0
3581
2
31
91
23
69
0
0
185
207
39
0
0
1
0
2
223
250
0
0
29
0
9
16
0
660
234
0
0
313
1066
105
15
45
0
0
48
0
8
1
0
137
0
0
38
24
0
401
0
20
64
122
184
0
0
29
178
217
102
0
0
5
0
1062
566
2332
0
0
12
105
46
17
0
0
921
0
0
5
3
0
0
0
0
0
8
1
6
0
82
0
43
31
1
52
0
343
1305
0
3
0
0
3
0
0
0
197
1094
93
3
15
0
238
0
49
964
82
54
0
10
20
0
6
16
3
1
0
0
6
0
42
0
9
281
1
118
150
0
0
0
0
0
5
0
5
235
0
0
4
0
0
0
0
2
159
18
152
687
2
0
417
2195
0
7
34
0
698
3
19
58
344
0
178
0
10
0
504
29
0
0
5
0
9
90
264
3
138
129
626
0
4
23
221
103
0
41
2176
0
289
0
347
1168
147
0
16
14
0
0
748
482
17
0
359
3
138
0
0
22
0
0
3
672
19
127
663
46
51
269
0
52
154
212
0
0
86
0
36
0
4
4204
0
56
36
0
212
60
3
0
5
66
0
277
0
61
0
423
88
288
0
56
0
1
0
1
5
0
633
13
2
3
0
0
0
49
0
300
0
2
0
6
0
0
20
15
0
19
1
239
201
2
138
27
168
144
0
97
66
0
241
45
306
0
701
0
130
0
42
67
0
1
152
0
1098
49
263
73
25
0
0
0
0
0
50
0
0
5
84
0
473
251
3
0
498
0
0
0
2
0
5
0
0
0
5
5
0
22
0
189
22
190
0
0
0
1
146
0
3
0
172
0
328
43
0
0
445
1
0
7
0
0
0
23
0
155
0
134
816
0
482
0
86
2
20
2
97
1048
212
126
175
118
113
7
142
0
60
0
387
0
353
62
0
219
0
499
331
0
99
0
157
0
0
845
86
29
0
106
9
2
74
42
0
0
0
1
1
118
0
201
1
134
298
0
1
795
495
0
0
478
0
38
2
72
0
0
280
69
14
3137
617
136
111
0
0
0
0
14
0
274
0
51
119
172
627
0
45
153
73
0
43
78
0
1
242
153
0
125
98
0
3
0
0
12
21
0
0
44
220
85
0
1041
2949
737
37
406
1418
0
164
5
46
428
32
41
140
59
0
235
0
0
49
271
0
0
0
185
242
0
5
0
399
19
2573
151
37
319
59
2
0
2059
190
107
12
2
1
94
91
0
151
11
0
115
326
2
268
67
0
0
0
24
593
139
230
0
0
733
0
0
1
2
2
26
1458
0
0
0
0
11
56
0
0
239
0
0
0
790
8
0
13
109
42
1425
180
0
0
0
0
22
35
0
1
2
0
7
0
86
0
0
140
5
0
4
88
0
59
0
6
0
5
192
0
7
1
84
3
440
147
1
79
1
2
37
12
1087
25
95
0
211
104
1
1
2
56
10
31
4
505
135
2
129
20
0
2
101
0
45
966
0
0
0
0
0
1
43
7666
46
0
127
3
101
10
1
0
2
16
12
0
0
0
189
51
49
0
107
104
46
0
798
0
6
0
37
30
1694
354
9
0
0
6
12
4182
0
1
18
1807
138
3
0
1
0
0
0
2
191
75
0
25
0
0
100
1
20
0
0
32
199
0
14
22
33
3
453
120
0
520
108
0
0
289
0
3
0
42
0
1044
0
2
0
0
24
5
0
1021
0
0
778
19
0
0
64
0
0
0
0
0
28
0
63
6
0
116
2001
0
0
397
1
0
6192
112
741
164
6
0
8
10
0
420
0
338
128
3
115
3
0
84
1467
1372
0
0
18
0
4
15
2
151
1
0
0
2
887
661
113
354
44
0
252
140
0
0
2
18
2
0
363
0
131
7
26
0
278
0
0
14
0
4
3
0
0
51
5
0
93
0
19
0
0
1657
48
0
33
0
0
2
93
0
3
21
0
0
0
0
9
1
229
162
553
1
2
206
0
0
0
0
0
0
12
120
5
3
0
17
147
48
0
558
41
2
361
115
0
477
37
0
3
0
3
0
0
62
84
6
69
0
13
1
30
0
31
3
0
0
0
86
3
39
506
415
22
0
1
0
2
26
3
0
969
1104
11
0
2
15
37
10
0
0
1590
3
0
402
144
0
96
0
0
48
0
286
341
0
0
93
0
0
4
1
0
0
193
13
0
34
33
0
30
10
0
207
0
287
1
4
71
45
150
29
0
0
306
67
1732
27
500
3
684
0
459
29
0
114
0
49
8
1517
974
0
7
99
64
0
0
1172
0
0
294
26
59
0
33
0
0
0
32
0
0
22
97
441
0
0
98
243
152
6
138
0
0
0
2
0
0
1
13
102
21
10
0
16
27
1
0
0
0
815
0
0
38
161
538
42
71
148
178
0
163
70
130
10
3
47
317
128
7
116
1
48
590
49
427
0
0
11
4
5
165
51
0
16148
138
0
5065
148
7
0
72
221
0
364
0
0
0
39
0
2
0
0
239
0
4
0
18
0
133
4
0
0
292
0
0
274
0
109
0
30
0
0
42
0
27
0
351
10
0
60
0
12
20
0
27
0
57
97
0
1
0
221
3
1007
86
58
542
123
37
0
8
0
0
101
0
0
5
15
151
0
13
649
0
0
206
2
827
3
229
0
35
983
22
0
0
2
119
1119
0
0
0
0
0
0
0
0
0
0
62
196
17
2
58
16
172
219
0
864
527
0
32
265
370
0
76
15
246
1383
0
13
0
0
0
2
146
7
39
0
0
15
96
0
3
4
0
37
7
0
215
0
0
0
0
0
20
0
0
106
0
457
175
4
0
705
19
0
42
2
88
0
0
0
4
0
0
0
53
0
17
0
1752
599
0
0
842
0
36
321
1255
27
1
13
132
0
0
0
0
0
164
745
2
197
23
99
64
1
359
62
14
10
0
0
1
0
23
1812
3
44
2076
7
0
3
0
1
1647
255
0
0
0
1116
0
391
0
149
183
83
937
0
0
71
0
64
1
0
13
758
0
6
156
24
0
45
3
18
15
0
19
0
14
0
39
750
922
39
0
0
199
37
0
224
65
7
0
0
0
0
0
32
306
0
315
6
0
580
47
0
0
3
274
6
25
65
213
5
0
0
28
0
973
0
0
0
209
12
0
10
0
252
0
594
0
0
151
0
0
2
0
0
1361
4
0
0
10
135
0
47
0
0
0
0
38
22
0
11
0
0
6
597
192
0
9
5
0
77
0
4
3
3
385
268
490
18
62
96
0
0
74
10
349
310
4
3
163
65
105
32
625
9
758
0
458
234
10
0
6
5
0
81
32
127
110
1
187
0
4016
0
0
0
36
27
65
151
1
2
0
2
0
462
318
0
0
0
2
0
501
331
121
18
832
0
0
0
204
7
0
9
63
272
0
19
24
13
0
0
0
0
700
532
534
55
2564
3
2
80
212
105
0
0
124
483
90
6
0
0
10
2
17
724
0
985
1
14
26
825
2
243
0
0
26
29
165
0
0
69
3
3703
2
11
212
0
0
46
79
10
8
8
63
0
21
9
6
0
4
0
2
1
0
5
31
0
0
171
0
315
27
3
0
395
0
2
0
325
10
0
3
339
375
7
180
407
103
0
4
90
98
0
28
632
0
3
4
498
2
7
0
0
0
6
9
3002
50
126
68
385
18
0
0
0
0
0
769
3
82
0
264
2
3
166
2
225
0
61
19
1
0
0
0
0
0
0
0
2
57
6
20
0
4
0
50
73
0
9
12
0
0
0
0
0
0
38
0
57
509
2
2
0
293
1
1
14
0
0
24
1
8
69
125
1
1999
208
88
13
0
206
0
360
0
0
0
419
68
76
0
1
7
6
66
0
0
4
883
4
3
8
51
17
566
0
0
499
279
44
0
12
17
62
5
0
0
1265
173
0
2
21
0
0
4
0
0
611
1
134
2839
527
591
18
0
5
52
48
96
0
0
0
3018
206
774
339
0
0
142
177
138
58
60
0
0
7
198
570
0
0
180
590
0
229
754
0
0
0
68
0
0
500
126
285
189
51
0
0
66
655
37
0
23
243
5
0
9
3
141
267
1
0
44
89
0
5
26
3
261
0
6
384
158
9
2
280
0
0
23
79
25
0
2
828
0
285
0
68
703
0
0
90
0
0
525
0
0
0
7
266
0
415
0
51
0
0
0
4
1642
23
54
161
432
40
108
14
121
0
9
25
45
115
20
106
12
532
20
63
140
1228
244
0
216
7
91
102
265
176
2
0
0
254
62
53
0
23
1253
175
350
0
107
39
5
0
0
0
24
1275
0
84
199
109
728
0
41
6
0
1
31
99
21
113
0
739
0
0
0
0
70
122
0
0
1
122
0
6
1
1107
79
51
51
0
4
0
0
115
16
304
157
1
0
0
14
0
9
0
276
1
2
136
2
0
36
0
10
0
86
262
2
41
106
0
371
4
33
49
231
0
516
0
23
0
2
103
3
5
56
77
388
220
0
0
0
3
2
35
0
820
0
127
0
0
653
39
104
0
0
130
2
51
166
258
27
37
115
1044
0
490
6
0
85
948
30
3
0
0
18
0
8
529
0
0
0
24
3
0
54
17
21
74
0
59
0
0
8
0
0
0
142
8
0
497
0
0
56
470
0
2
0
18
380
0
247
19
3
0
29
0
1251
0
0
0
0
255
0
946
0
0
21
0
4195
0
0
99
79
0
0
6
0
273
172
103
164
10
0
1
73
37
3
7
0
7
0
0
120
0
0
0
46
0
7
0
19
24
0
0
183
8
15
9
0
5059
159
70
3
219
149
4
421
34
1357
0
0
1133
1856
225
403
59
0
0
0
26
0
1114
0
0
0
100
0
0
7
21
0
0
0
81
0
12
0
0
89
0
7
885
0
0
0
0
0
7
198
11
0
221
15
14
0
0
0
0
185
20
530
0
0
2
0
0
0
0
613
81
0
0
333
16
716
0
49
1515
176
0
0
157
8
31
5
6
15
0
0
160
163
0
6
44
1416
29
0
430
0
0
71
21
4
5
0
0
0
3
2
0
354
79
0
6
0
167
114
929
0
0
0
61
0
0
0
7
0
76
0
0
10
20
202
7
6
0
0
459
39
0
1
1866
0
0
266
3
181
8
0
70
27
0
1
0
0
4
314
0
0
0
11
12
6
0
17
397
560
0
21
0
1
2
0
172
0
0
1
85
0
0
0
5
0
32
0
0
15
16
3
0
0
42
0
2
0
34
7
76
0
2
0
0
0
22
3
0
181
0
0
0
182
0
0
370
4
6
20
0
0
18
0
158
51
13
0
328
25
102
1
0
158
0
75
90
0
0
38
420
1
19
1
9
313
0
67
42
0
4
0
6
7
85
311
572
0
0
0
18
0
0
0
26
21
0
52
0
27
0
0
0
0
0
0
6
2165
0
508
183
0
0
2
16
8
0
243
1
0
0
2
9
5
374
966
17
113
26
16
157
7
0
0
156
0
1
39
0
5
0
0
0
16
0
0
0
33
1
104
12
0
5
48
79
1
66
1
0
0
0
0
10
0
0
0
0
134
0
154
2
40
62
0
0
0
0
0
15
0
0
0
19
8
0
756
98
0
0
0
95
64
0
28
140
13
127
330
11
0
3
60
0
96
0
36
3
2
1
3
62
140
85
69
32
0
13
0
0
627
1
204
0
0
4
185
90
1
3363
507
6977
184
51
27
223
689
1597
0
9
0
8
9
1
7
8
0
0
54
107
228
0
76
55
17
214
320
10
0
550
0
78
0
155
0
1152
2
0
122
0
0
1284
553
26
72
50
2724
19
160
0
0
1
9
49
97
2
0
123
925
7
36
2947
0
163
0
13
0
0
0
0
0
16
1
5
242
1
0
81
9
29
0
0
0
149
130
12
0
0
1
0
15
0
22
689
128
4
0
0
61
595
0
308
11
432
74
0
89
2
16
12
0
0
1315
0
0
154
0
110
200
0
0
0
17
14
16
74
0
3
368
31
106
0
108
24
0
118
0
10
0
0
0
0
75
7
244
0
62
0
0
67
0
1
0
45
0
191
0
0
0
0
1
0
0
25
0
652
8
130
0
0
16
0
0
1
75
0
30
0
0
0
0
1
14
295
0
0
110
4
91
0
12174
0
0
133
0
162
7
29
0
1
4
53
59
0
0
138
0
19
0
0
0
0
56
174
0
10
0
16
32
0
1
455
2
8
343
0
0
151
29
38
8
0
37
37
0
0
142
0
9
0
0
0
187
29
343
0
0
139
32
22
0
2
21
5
1
0
0
2
0
0
0
1
125
0
2
0
14
328
240
9
0
0
11
0
21
0
17
0
0
86
2
0
57
7
191
541
377
0
459
0
600
79
0
458
249
216
0
0
0
1140
3635
6
125
16
5
52
2
321
4
0
136
6
0
0
0
10
0
0
0
0
0
76
0
227
0
0
44
0
243
4
0
3
0
0
43
2648
206
459
0
359
266
1
0
14
0
0
21
527
0
20
1826
423
303
1685
0
312
150
0
40
0
0
2
3
0
0
109
0
3
0
26
19
1
633
1
1
43
32
13
4
13
50
0
0
0
0
49
428
0
84
248
17
38
0
106
10
1102
1
0
0
9
123
0
4
96
33
14
0
0
123
99
2
0
102
578
0
1921
1649
0
134
241
1
366
0
1599
0
0
3
0
729
264
0
0
0
2725
410
0
0
104
77
39
21
0
0
5
0
239
353
2
0
0
130
0
59
0
0
163
0
280
10
0
95
268
1
0
0
13
9
30
17
0
108
289
0
97
9
379
0
6010
252
9
225
17
0
35
64
203
137
28
0
115
2433
133
131
2927
0
0
18
0
1001
2
8
693
27
0
0
422
247
0
0
0
1
0
88
5
127
964
25
21
0
124
736
18
433
53
3
17
70
348
0
1489
4143
0
0
501
1118
187
0
0
0
21
0
416
4
2
90
157
0
0
7
3
1
9
16
0
14
3878
1853
0
1000
827
3
878
58
19
153
0
11
150
6
1576
2
515
103
104
0
927
0
0
367
14
681
31
0
403
134
0
134
24
1878
52
641
34
57
0
44
184
101
1513
27
207
0
15
0
138
0
0
0
0
0
0
65
0
12
3
47
0
0
73
2
0
3
0
0
1
109
210
10
6
0
270
2
0
906
4
0
0
3
1245
0
0
1
13
194
1
0
0
138
0
7
2
1122
26
190
0
0
0
0
0
0
144
2
8
0
13
1
27
81
189
0
26
6
86
25
127
16
0
3
0
3
6
26
0
45
137
0
33
115
0
7
27
0
234
5
63
62
239
1
5
0
158
0
0
4536
3
0
9
40
111
0
554
2471
159
216
110
0
360
14
11
215
113
1027
0
267
0
2
43
19
0
37
67
219
0
65
2
0
6
0
0
35
5033
0
70
105
0
0
0
2
3
0
0
99
1137
137
14
10
19
0
4
1
15
5
0
8556
151
136
178
3
108
1
68
392
0
14
7
0
0
0
0
49
73
33
131
555
148
77
22
1
19
234
848
3
5
0
4
1305
434
10
8
3
0
0
23
273
3662
114
4
562
0
6
1
740
72
0
1
0
155
378
1
10
0
0
28
18
55
0
343
325
9
0
0
0
415
11
0
20
102
0
0
33
710
545
0
3088
47
114
0
477
0
34
0
1410
13
247
0
14
2
14
0
2
4
775
81
6
0
20
0
29
1270
76
0
3
0
0
1352
0
355
4
11
214
0
307
16
78
3930
3
361
61
140
0
43
231
0
0
0
809
605
0
0
0
583
0
0
0
43
29
0
7
0
0
32
15
0
21
18
0
0
1033
0
310
18
0
0
0
56
0
0
20
0
0
10
0
51
0
5
23
229
104
0
608
30
0
0
112
5
44
0
0
0
391
0
12
0
0
52
0
0
284
95
3
40
0
45
235
0
229
0
9
0
0
596
0
0
0
700
52
0
72
28
61
0
79
808
0
0
0
222
133
3
50
0
24
0
45
0
24
0
0
13
127
63
1
0
0
0
0
44
0
2
12
3
4
549
0
30
0
42
11
5
4
0
3
0
126
2
51
0
0
23
51
12
88
0
2
0
0
196
4
22
17
0
3
0
0
30
20
0
4380
68
0
0
307
656
71
0
17
116
88
45
0
74
50
5
0
140
0
0
33
12
0
10
1
437
0
68
1
2
6
1
276
18
58
265
108
0
0
70
369
3
0
6
2
0
0
1278
113
0
705
3
216
0
0
23
30
1
0
0
0
4
3
0
0
0
0
734
46
13
0
0
87
0
6
30
0
413
0
56
77
5
0
7
210
49
202
0
424
21
256
0
0
21
123
90
1604
17
0
0
0
2
60
1
0
0
11
8
0
94
0
15
5
21
27
0
9
20
0
0
2
0
52
1
0
28
0
36
1
51
0
369
27
70
157
0
0
49
0
106
8
0
1
171
15
199
262
0
53
370
57
0
11
42
606
5
0
21
0
1112
0
2
0
31
58
20
43
12
8
15
0
0
4
106
21
129
7
0
711
0
0
30
9
0
0
244
0
0
4
0
0
147
179
13
0
0
0
3
76
0
530
0
47
106
26
234
147
67
0
0
333
26
212
404
0
0
136
0
32
0
767
546
323
10
0
0
27
12
5
74
17
0
0
3
0
0
1
22
0
216
0
20
147
0
48
1
9
0
104
10
0
1
33
56
0
1
45
0
4
3
0
0
1
0
0
0
1
1598
28
412
0
0
2
3
0
98
0
0
39
872
0
14
0
338
48
82
7
0
100
3
15
28
2209
2
0
22
19
0
78
340
0
0
0
0
475
12
133
190
14
0
49
62
6
0
5
0
25
771
188
0
0
0
212
0
0
4
0
0
20
40
6
108
0
65
0
7
1016
88
0
10
21
5
43
17
0
28
67
328
33
408
0
13
0
7
182
0
11
5
0
0
0
0
0
0
11388
351
0
1
0
555
2919
2
17
0
7
534
58
0
1099
65
0
0
1079
3
0
24
7
0
2
469
0
0
1
0
0
2
0
2
1
0
815
0
0
6238
3
0
0
1
0
7
14
0
0
18
0
14
392
0
0
33
136
141
0
381
5
11
15
0
30
0
179
0
0
0
1249
13
168
2
0
27
265
24
66
31
300
0
2
91
70
16
0
0
0
2
2
2
81
266
0
0
0
5
0
15
1
0
958
0
0
0
1138
107
184
0
135
0
499
0
2
163
319
0
8
1
23
42
392
0
0
108
0
3
2
1
57
1
0
0
196
30
96
0
0
150
2
51
0
8
146
0
97
450
29
32
0
4
388
33
26
198
0
0
0
102
97
0
91
0
184
271
5
0
118
99
142
0
0
0
113
583
692
31
1558
0
38
0
2048
10
1135
661
0
8
0
375
0
0
179
29
46
47
4
82
0
0
0
59
0
0
577
233
280
1
0
1502
19
57
0
187
149
380
1053
0
0
0
2908
0
596
0
0
337
6
0
0
2
0
0
5
0
0
13
7203
61
43
0
0
172
6
282
1913
168
0
305
109
882
0
2
0
0
100
0
0
0
129
3
337
152
479
0
96
4
114
0
999
0
1
0
111
595
315
29
647
1
1
3
544
79
0
906
0
119
2
3
27
89
0
4
0
0
3
0
134
26
6
357
0
104
8
0
1
57
0
4
0
4
0
0
0
26
35
0
146
78
29
119
2
3
0
1650
209
23
991
0
0
147
3
98
352
3
110
609
7
380
99
2
2
153
0
0
706
3
0
1064
8
0
259
195
35
0
0
1
669
0
76
29
211
540
93
1
0
0
51
6
440
3
64
2
189
3
31
0
2966
294
0
464
6
2
4
0
28
29
9
169
403
515
6
740
0
8
3
3
0
120
152
33
636
9
127
468
330
11
68
12
3
2
0
76
0
0
0
0
0
0
575
0
431
554
0
0
8
50
0
92
25
0
16
0
2
0
0
180
91
1510
0
14
0
0
1265
10
0
2363
0
134
473
0
56
1
0
5
3
9
443
604
57
103
158
198
0
97
77
0
0
3
59
0
0
233
0
180
68
7620
4
10
305
548
23
0
174
0
0
20
0
102
428
259
64
77
25
38
8
0
27
16
63
93
196
15
100
8
0
0
2
2
325
113
130
0
2
0
0
2
1
17
22
149
8
80
2
0
8
0
0
136
10
0
32
21
0
558
104
0
0
3
0
268
0
0
539
269
17
202
0
5
611
111
0
0
105
0
0
2
0
0
1
262
1114
141
39
0
717
6
0
12
125
0
1166
32
139
0
16
0
13
1
68
14
33
320
31
0
22
1
1
1121
372
53
3
66
0
0
28
99
5873
0
0
0
17
30
28
93
0
0
160
0
485
1513
818
0
54
1184
1067
484
147
0
0
4
42
26
8
0
61
17
39
0
30
0
9
0
4
126
0
5
100
0
91
10
421
324
164
18
282
0
3769
90
4662
57
95
10
4
258
1
221
160
739
113
14
1
4
80
0
0
411
38
129
24
371
389
0
526
2
475
1064
232
156
205
0
9
0
332
405
0
3
0
199
1
331
12
1
21
1
20
0
0
84
382
0
0
32
2
77
289
96
0
0
0
0
88
0
0
922
887
167
395
3
10
179
505
95
330
70
0
48
50
23
0
100
45
30
1
253
14
0
0
0
0
1
12
357
0
1450
1062
204
0
974
220
17
10
323
5
0
0
0
0
0
0
4
88
0
6
286
26
0
472
14
0
519
352
804
0
0
0
500
365
632
107
0
530
257
16
262
38
29
0
35
1124
37
496
5
0
3
108
151
88
301
15
278
8
0
0
0
3
0
0
10
65
0
20
21
0
0
0
294
6
0
7
14
67
3
21
63
27
3
0
4
253
0
119
82
36
0
4
0
6
129
0
15
17
0
173
7
5
0
13
994
974
659
78
1
9
6
667
0
0
17
413
52
0
14
11
0
0
0
61
90
199
101
32
1
36
19
70
0
159
116
15
0
8
1
149
1
0
0
11
65
0
1002
6
0
88
4
2
0
152
4
60
319
100
1938
0
0
2
48
36
613
0
1013
0
1059
42
13
128
0
824
0
225
26
135
728
0
648
890
3
0
0
0
0
12
0
175
97
8
71
37
0
28
0
58
0
0
0
41
224
338
512
111
638
1280
539
0
1
46
2
60
152
0
3
0
11
25
56
0
6
1747
0
40
140
116
9
0
5
0
67
16
158
0
0
434
0
3
2
352
189
540
0
46
0
0
2
0
66
2
108
0
21
0
0
87
84
0
0
2
15
1926
0
227
7
0
15
0
2
0
0
0
252
292
0
16
765
10
55
295
74
0
19
0
2237
263
36
139
0
28
0
0
0
31
0
436
3
129
61
35
0
20
0
38
0
9
32
13
6
0
0
0
0
130
0
126
0
0
0
0
1020
0
0
6
49
0
0
0
4
3
0
0
1152
131
458
5123
1465
0
15
0
251
3
0
0
283
376
21
368
0
0
0
0
485
55
66
4
474
94
28
537
37
6
237
395
71
36
0
0
1
0
0
0
0
0
1
36
2
0
0
0
0
5
0
38
190
71
226
93
0
3
0
0
1
5
366
311
0
0
0
0
0
0
164
151
0
0
0
0
18
0
0
7
8
1
0
0
0
0
6
13
110
102
0
0
0
0
0
1745
369
0
653
31
0
0
48
156
563
2921
8
24
0
0
0
0
106
0
35
0
2
0
0
0
0
208
23
0
0
1
0
0
1
0
16
269
0
194
89
0
0
6
0
46
69
2
0
835
0
0
1
55
129
578
37
60
31
101
0
0
10
0
0
125
29
0
0
196
2
0
14
0
1
7
59
0
40
18
0
0
0
0
0
0
0
455
73
809
0
0
0
0
0
0
0
0
0
0
0
0
27
0
0
0
0
1
0
0
0
0
0
67
5
495
0
0
1
0
4252
35
192
28
292
121
278
117
45
4404
12881
137
0
18
23
0
0
0
460
185
99
0
0
0
109
0
0
3
104
0
0
45
18
154
159
0
0
2
0
49
13
0
0
8
4630
10
80
0
0
0
5
32
72
0
3
24
0
0
4
2
226
126
0
0
2
0
136
14
9
20
19
0
0
0
0
0
0
0
0
8
69
33
0
0
651
800
89
277
3198
0
0
20
10
1
0
0
21
2
1
0
321
38
0
0
0
11
13
0
0
0
0
0
45
12
1
0
20
287
114
191
50
60
629
9
612
973
12
0
0
0
0
0
0
0
0
29
0
161
0
0
3
0
0
2
0
0
0
0
0
0
429
32
1382
0
3494
5415
280
0
0
17
23
0
145
0
0
3
804
166
0
0
250
321
195
52
0
14
9
192
0
4
0
0
0
7
5
0
0
0
0
0
0
0
0
0
0
0
0
0
62
5
0
21
115
0
0
0
255
0
0
594
0
4450
482
83
76
0
129
0
0
33
3
1
0
0
0
11
0
0
11
0
0
602
536
2
1424
7
43
0
3
0
0
1
0
0
0
0
1386
1359
1
0
66
0
0
0
2
0
37
48
1
0
0
0
2
113
0
0
21
0
2
0
0
0
0
0
0
0
0
41
0
0
1
2
0
0
0
0
0
0
0
0
0
0
0
0
0
0
0
0
0
9
0
0
0
6
0
0
