BaP_2
0
0
18
2671
16
154
13
0
1
2
0
332
22
477
1
1
887
6
2
225
594
104
0
7
0
594
0
25
0
13
15
8
0
149
1251
36
1
0
5
0
3
0
0
7
0
2123
0
216
5
166
0
146
0
569
0
10
324
120
0
898
7
2
0
0
18
7
1
116
18
13
1921
472
40
14
14
1
1666
9
10
0
0
0
5
13
642
0
77
205
34
19
424
0
775
0
0
726
16
4
59
1
16
0
3
560
60
1
0
0
0
290
0
0
20
0
2
0
0
120
130
527
6
1
0
72
54
356
239
0
1925
50
0
0
0
71
0
0
6
112
8
0
17
9
21
0
505
101
8
25
31
16
20
0
251
0
1
1128
2
0
19
118
0
0
0
1
133
48
41
297
0
2
0
1
76
0
0
130
84
2
0
100
351
408
0
136
74
340
195
4
80
1
0
286
151
29
0
78
0
0
0
38
34
19
6
32
15
1
0
85
21
36
0
1
12
0
0
3
51
8
0
25
404
1
26
179
0
7
5
207
5
95
0
0
33
304
1115
3
1067
37
2
0
0
0
7
419
0
11
107
475
8
8
193
289
20
0
619
25
2
0
1
24
118
224
503
1031
47
0
0
1
206
49
3
260
0
0
26
8
0
0
1292
73
1543
71
0
1313
0
787
0
0
0
140
0
0
0
0
0
0
183
3
127
0
0
6
0
14
236
1
214
8
4011
0
0
1
0
0
0
237
0
166
186
0
75
0
325
129
0
200
54
25
0
51
578
360
77
0
0
185
21
10
0
0
684
219
56
592
0
22
319
43
145
0
940
0
46
8
39
27
1044
225
27
0
11
4
0
695
2
0
0
125
134
4102
107
1112
3
23
0
3
9
5
0
438
0
197
0
10
1907
0
59
47
41
0
259
0
0
207
749
59
236
0
642
53
46
0
1
0
2
123
29
0
3
0
0
82
15
3214
15
94
0
264
2
0
1183
176
7
0
76
0
9
2122
110
0
60
23
25
2
41
1
437
0
0
0
4
0
561
1325
0
4
2330
181
79
0
0
1
10
1
0
6
0
0
0
0
13
12
1
0
2
27
98
0
500
1
43
0
459
0
4
2
4
0
358
154
380
22
75
1398
239
49
0
0
24
0
37
327
104
77
0
83
0
3
1
0
141
0
644
46
52
335
6
1
36
2
25
0
8
367
9
343
19
0
42
0
611
223
0
591
0
60
10
41
11
58
44
105
999
0
8
136
418
198
45
3
0
0
83
0
176
256
0
2
80
0
1
1
10
0
0
2
7
0
0
0
0
901
0
227
1
188
0
0
0
351
364
12
0
278
0
256
49
49
0
61
0
169
4
1181
1
23
2
9
0
4065
1
6
0
225
0
1115
132
6
3
3
136
0
0
0
2
434
0
0
0
0
951
7
173
101
2
0
124
9
13
30
0
9
2
19
0
7
43
0
0
7
6
0
0
42
0
31
130
147
265
135
775
4
0
8
2
0
0
4
0
181
723
194
15
189
7
295
2
0
931
18
0
75
0
1
211
3
257
63
3
1
0
0
649
0
1
2
183
0
0
0
2
398
11
390
4
22
0
0
0
0
54
111
28
820
0
40
119
2325
2
10
3
4
23
4
53
1
10
4
78
55
1
124
5
14
0
0
27
11
83
0
49
1511
1
61
56
799
898
0
0
269
326
14
15
3
461
0
0
0
5
187
165
4
12
28
65
0
42
0
32
32
143
4
146
7
433
0
0
0
1
0
0
999
476
0
0
255
3805
4
289
36
141
90
60
57
0
0
362
0
1
145
0
12
797
0
0
412
86
57
53
150
382
245
5
13
32
0
0
11
1026
3
258
0
0
242
16
3
0
0
32
1
0
0
3
0
44
12
0
9
0
483
79
442
22
13
0
302
0
3
1
0
22
0
186
20
1
1
0
0
3
1
8
36
6
1
0
4
16
279
197
0
23
1
8
0
0
253
2
280
819
144
0
633
71
281
103
2
7
262
0
94
37
9
595
5
123
68
148
0
0
404
0
4
14
13
73
778
5
0
0
0
0
2
1147
469
12
2
0
0
1894
2
0
1273
6
23
0
53
1
0
275
75
249
217
104
2
0
3
0
0
75
284
356
0
0
20
0
315
38
0
5
43
0
60
47
55
4
0
164
0
0
538
2
0
0
0
265
0
163
180
104
65
254
4
48
0
0
40
215
176
162
29
1
70
15
0
1372
214
2
45
1
191
0
0
21
157
0
47
1
0
1
0
0
0
0
158
71
32
1
0
14
29
21
0
0
644
31
16
145
1
1
0
0
27
6
0
1314
26
276
443
0
87
0
0
56
0
1959
31
3
0
668
292
340
157
1107
0
59
0
0
2265
0
3
0
0
126
0
0
3
0
18
607
458
583
33
0
0
0
43
33
13
2
0
0
81
825
364
57
13
0
0
76
119
12
0
0
0
24
0
1169
211
1245
303
0
0
0
0
0
92
0
0
5
212
37
78
0
10
1402
493
3
212
857
80
73
15
102
0
0
144
3
2
15
1
0
0
7
0
31
16
3
0
2
0
0
819
402
0
0
10
13
31
0
0
0
0
64
29
0
174
4
2
45
6
214
838
0
259
43
7
7
7
24
0
0
0
0
389
558
57
202
135
78
214
283
176
189
0
18
72
33
53
3
2
0
0
4
2376
8
497
0
0
142
70
0
6
254
113
92
200
2
78
38
0
7
16
3
0
26
0
0
940
216
102
1
0
751
0
0
0
143
20
1396
761
0
18
3145
77
174
61
88
33
271
376
0
0
39
0
542
12
387
0
448
0
208
0
215
627
29
0
908
1
0
56
0
117
412
0
0
2
291
0
275
0
0
6
95
1
156
0
0
0
0
0
0
1
21
0
111
7
85
1
189
299
16
329
424
0
0
1577
2
2
0
145
42
66
0
60
0
32
0
140
49
0
1
330
0
6482
1
0
0
13
6
107
62
179
21
0
157
0
36
0
11
109
291
61
1
1
88
0
334
874
144
0
0
5
0
2691
32
2
42
10
12
18
0
14
0
0
4
554
0
504
9
0
19
11
0
47
1
450
0
51
116
0
52
3
186
0
0
0
653
3
1
2
21
5
0
2
54
7
0
156
2
208
0
0
15
15
0
1929
7
12
1454
17
1335
0
81
6
39
0
1
0
56
107
1
0
5
44
19
0
0
3
0
0
41
0
282
0
0
9
17
119
6
0
0
2
89
309
171
0
0
0
114
0
0
694
428
12
51
5009
0
20
155
1
64
35
645
0
9
23
2068
25
4
48
66
119
0
0
290
43
12
151
7
1161
6
183
196
82
1
31
0
16
0
0
0
0
185
6
20
0
2604
4
25
293
77
35
0
0
0
8
21
0
98
0
0
100
17
0
0
2
0
19
0
161
0
6
65
0
61
0
0
12
0
0
28
0
0
6
0
0
0
2
0
0
1
240
12
513
0
97
90
48
1
0
114
0
1728
35
0
1
0
1
9
12
841
32
261
0
1043
11
557
542
0
0
2
712
0
109
249
1641
2636
0
0
0
27
1
7
0
0
15
0
2
927
347
652
10
4
351
0
14
0
137
243
71
1164
0
763
1
103
13
58
67
0
9
0
0
0
0
0
0
567
136
1
1923
53
0
0
4
143
258
428
39
545
2981
2
431
0
138
248
92
342
733
0
19
10
164
111
0
0
194
58
60
0
1
17
127
468
0
3
0
32
291
0
1167
0
4
24
3
1
436
5186
0
148
0
0
0
234
1
889
0
39
3
0
1190
30
6
25
1
6
1
3
485
3
0
0
7
2
0
42
160
18
5
0
8
10
0
0
5
113
0
3
10
0
20
111
61
0
0
0
0
60
0
7
0
1
94
355
5
524
1303
210
647
157
4050
1
28
1
268
7
0
732
0
221
7
0
0
1
0
666
63
0
9
129
0
31
1
2
0
0
38
0
2
1357
250
2
0
232
1670
243
1
0
25
0
45
0
1074
0
624
34
0
11
0
49
0
0
1
0
34
1
0
0
1
12
489
105
9
0
122
21
83
29
1
25
66
2
92
0
80
4124
912
0
187
2
0
0
454
67
0
1
0
0
2
477
23
0
0
13
0
0
0
0
0
8
135
0
2
279
171
451
1296
72
348
0
0
12
8
7
0
0
0
0
110
28
0
516
15
1569
25
0
0
128
67
17
142
0
0
86
230
0
0
71
0
5
0
274
1
0
11
0
32
69
0
13
11
2
44
308
0
0
0
0
13
509
17
3
2
105
2
327
37
2075
0
71
1637
100
0
0
3203
602
191
3933
21
0
10
0
0
0
1
51
0
14
1
0
141
1026
3
0
0
0
0
0
20
46
145
0
0
19
20
20
1
231
352
90
190
371
29
0
0
1
265
2
0
0
31
15
3
10
2
0
0
6
24
21
116
16
0
0
0
0
0
0
0
147
0
4
0
42
0
50
0
0
35
307
0
16
1
394
0
416
3
1
13
0
0
0
0
0
874
8
4
11
20
1
167
241
2
0
13
0
0
0
3
112
0
243
355
384
114
0
51
89
5
4
11
216
72
0
8
0
2001
0
25
0
41
2
40
0
31
3
0
1
171
1
203
123
58
181
6
0
0
15
3
5
45
258
89
0
19
0
41
16
0
0
138
1
23
0
0
78
36
14
50
194
805
6
0
195
0
308
0
1
0
25
17
59
110
106
0
2220
41
0
0
56
0
0
9
183
934
5
1
27
0
1
3
2
1
0
21
190
15
6
1635
172
27
531
0
63
27
0
0
203
1
115
0
0
2
8
21
1
0
7
1043
0
96
476
22
0
1480
77
0
0
0
5
3
9
742
50
40
0
0
0
1
1
0
0
106
0
1
35
0
4
4
0
19
24
0
0
0
2629
0
2
0
7
55
656
596
3965
3
763
40
2
18
17
0
10
955
0
543
824
0
7
102
0
477
0
0
4
508
0
19
57
0
0
2613
0
43
213
0
0
56
130
1
7
172
302
0
403
0
621
0
1201
22
0
142
2
26
80
428
11
433
2
8
0
1668
229
101
16
1864
0
113
10
874
85
0
142
0
51
120
190
0
0
0
9
22
74
0
10
4115
242
945
221
1
2
0
1
26
183
3
198
96
7
486
329
0
72
51
80
0
6
2
0
584
0
79
0
137
26
1
2
4
10
3
0
1388
291
0
4
131
7
7
0
74
8
451
33
4
0
147
218
0
10
0
0
0
0
1138
279
2
0
475
14
276
125
32
76
0
2
20
0
15
0
0
3
15
1
51
65
0
0
64
301
0
0
148
0
0
0
465
482
62
2
0
217
4
433
175
8
2
74
0
0
0
99
267
4
0
0
0
15
5
45
2
0
0
124
2
1
0
0
11
0
249
115
20
1
1
65
1707
6
275
0
11
0
9
8
3
754
7
0
11
67
52
0
9
0
6
95
0
16
0
70
0
467
0
0
26
32
3
1
0
18
0
0
2
68
8
0
17
0
0
13
44
6
0
0
299
1
6
0
39
9
11188
0
14
57
194
0
48
3
0
0
0
253
47
522
2
172
0
0
61
3
0
26
0
123
891
1
114
0
165
0
973
5
364
83
0
0
1
0
0
0
3
0
5
0
10
0
0
3
217
268
84
0
1
276
8
0
289
571
11
151
23
0
1091
66
0
37
0
0
0
806
24
183
3
19
7
0
8
490
355
0
279
31
11
0
6
76
200
0
343
0
0
467
9
213
38
2
111
0
0
141
345
10
10
23
0
0
0
2
141
222
165
0
9
0
38
0
0
76
0
39
8
2
388
45
8
24
62
0
0
872
125
0
180
1
69
437
29
25
1621
173
0
0
6
335
82
0
7
35
2
0
0
0
71
111
0
50
2
0
0
0
2
215
2
108
2
0
19
13
148
0
1
0
0
195
251
26
23
1
0
155
0
0
0
7
1478
1934
1
2
3527
17
61
303
0
67
0
0
3
613
9
0
8
137
55
16
0
1
0
0
2
899
0
0
998
3
20
24
3265
100
0
0
172
2274
66
1472
202
0
82
26
456
0
23
19
10
6
0
0
0
114
0
0
2058
0
2074
1
0
17
0
17
0
85
135
0
123
43
66
0
78
701
4063
11
19
84
13
432
115
0
7
0
93
0
0
0
231
309
1
251
4
21
17
223
0
43
362
381
39
68
93
0
316
5
909
609
4
1399
0
268
127
151
160
6
0
14
0
0
30
59
8
4
84
0
4
5
2
1
0
2186
73
114
209
111
373
1
0
2
19
0
728
0
4
0
0
2
2041
0
146
126
1
1166
0
15
211
29
32
369
0
0
169
0
1
0
0
9
0
1
0
37
209
41
0
3
0
2
134
1
1
0
798
140
825
217
0
1111
37
0
0
70
11
0
0
7
1
36
126
2
0
6
0
0
1
24
4
53
766
57
167
3
41
2
3168
0
0
8
68
0
17
147
0
232
21
52
52
0
544
272
34
430
48
0
0
441
615
653
144
1
1
52
0
0
0
0
1143
2
1419
229
197
185
327
0
6
0
0
21
0
221
0
0
105
279
4
72
0
690
23
0
19
145
0
103
0
87
6
167
94
0
1133
29
0
46
10658
0
42
951
584
398
416
154
548
29
653
0
283
812
3
61
32
1
0
4
350
0
119
72
2718
0
9
168
132
0
1734
104
200
0
0
0
0
1489
9
4
760
0
320
0
60
2
0
688
18
1
0
939
50
0
0
3
0
115
4
42
0
968
4
76
53
1237
0
0
74
1511
1
3
5
33
90
34
2
51
308
112
0
0
157
31
181
0
0
11
23
0
18
180
0
158
3
0
0
0
1
2
2
0
13
0
0
0
0
6
0
5
458
6
2
0
1292
0
0
3
2
0
41
0
73
4
4
39
0
0
8
14
5
0
80
64
0
0
0
265
0
0
0
129
44
2
0
0
294
0
1
9
12
0
0
0
0
3
0
3
0
1
24
0
0
37
944
0
0
26
0
1
161
18
284
12
0
19
0
53
0
0
0
59
0
301
0
0
11
0
15
0
25
0
0
315
20
0
371
23
0
1117
45
13
1
42
327
0
0
7
0
0
44
31
55
0
63
29
0
4
943
306
7
1
124
0
0
38
0
20
25
0
3
0
0
0
0
541
0
3
0
0
1264
0
117
2
5
0
0
101
541
200
58
0
0
3
0
0
0
0
0
0
47
0
0
91
0
0
0
0
0
55
2298
50
1
0
21
0
0
0
0
0
0
0
0
2
0
0
0
1
14
0
0
12
14
0
1
0
22
0
76
0
1
0
0
0
4
0
16
0
0
0
0
0
0
65
0
0
8
7
202
0
0
0
0
0
0
2
0
0
7
0
1
0
0
0
6
0
13
0
0
0
4
0
0
0
0
0
0
1
0
0
0
0
0
0
0
0
2
0
0
1118
0
0
0
39
2
0
0
0
555
0
0
72
50
0
21
51
0
0
0
0
0
0
0
40
63
0
0
1
8
354
36
0
25
1
2
0
0
0
0
0
0
3
0
0
23
0
0
0
497
0
12
0
0
0
0
0
0
53
0
89
1
24
0
26
2
0
0
0
75
0
2
1
0
7
1
0
0
0
82
0
0
3
0
3
73
0
0
0
11
40
1
41
0
1
0
163
0
12
0
168
0
0
1
0
7
0
0
0
0
234
0
0
1
0
226
0
5
811
156
2
0
18
34
0
0
0
0
0
339
0
0
70
0
39
2
0
0
0
4
0
0
1
2
0
30
0
0
252
1
1
0
0
2
14
0
8
0
0
0
0
0
1
0
11
0
0
8
30
0
15
0
0
158
0
0
0
1
0
128
0
0
5
0
0
0
0
0
3
3
0
0
17
0
0
124
2
0
0
0
43
1
0
0
71
0
0
12
0
0
0
10
4
1
2
0
0
0
0
0
0
0
0
0
0
1
0
0
0
1
0
0
1
0
111
4
0
137
7
2
0
0
0
15
0
0
0
0
0
0
0
0
0
0
0
0
0
0
0
49
0
27
0
0
0
0
73
0
0
1
234
0
5
0
0
0
9
0
1
0
0
12
0
0
0
0
0
0
0
0
0
0
2
0
557
0
0
0
0
0
0
0
0
0
0
3
22
43
0
2
2
0
6
233
0
0
0
0
0
0
0
0
0
0
0
0
0
37
0
220
91
0
0
0
0
0
0
0
2
252
0
0
0
0
0
0
0
0
0
451
14
0
599
0
0
49
0
0
0
0
0
0
0
0
0
2
0
0
6
0
12
0
2
0
0
0
0
0
0
3
0
61
0
4
0
26
8
0
71
0
46
0
0
0
0
0
5
0
0
0
0
0
0
1
3
0
0
0
38
0
0
77
0
0
0
1
0
0
0
0
0
0
0
122
0
1
1
0
46
0
0
0
0
218
0
0
0
0
0
0
0
2
0
0
48
3
0
0
0
260
481
0
1
0
2
7
0
0
0
0
0
0
0
0
14
0
29
2
0
27
0
80
62
0
7
2826
0
1
0
0
543
0
19
0
0
0
0
0
5
0
0
1
176
1
3
0
0
10
0
103
0
0
0
1
4
0
0
0
0
0
0
7
0
5
1
0
0
220
0
0
0
0
0
0
0
0
566
0
125
0
0
0
0
3
0
0
0
57
0
0
232
0
0
106
9
469
0
1
0
3
0
14
0
1
2
0
368
0
0
0
0
0
0
0
0
2
26
10
0
0
1
0
0
5
0
0
39
37
625
0
2
10
23
588
0
497
0
0
0
71
0
0
2
0
35
1
2
0
0
24
1
0
0
21
0
0
0
0
0
0
0
16
0
0
0
0
21
0
13
0
0
12
2
24
1
0
1
0
0
641
1
0
0
214
0
0
11
0
0
0
0
0
0
0
29
0
1
0
0
56
594
125
0
0
0
0
0
0
0
0
365
0
15
0
0
0
1
0
447
0
240
0
0
2
0
0
0
0
0
10
0
1078
0
1
0
0
2
0
65
0
0
0
36
0
59
0
0
10
0
772
0
0
0
105
0
0
0
0
0
1
0
0
9
0
0
0
1
73
0
0
0
0
486
0
0
0
138
0
11
0
24
233
0
23
0
0
0
2
0
0
0
0
1299
0
9
0
0
0
0
0
104
164
0
0
35
0
291
0
0
3
0
5
3
0
12
1
0
0
0
52
10
0
1
0
0
6
0
0
0
51
32
0
0
541
6
94
15
1
0
2
0
0
3
0
0
1
90
0
0
6
23
1
0
0
0
0
1
0
0
0
0
2696
0
4
5
0
0
0
2010
76
9
1
0
0
0
0
3
21
0
12
0
0
0
0
0
0
0
0
0
0
0
0
107
1
0
0
0
566
6
0
2
0
2
0
3
0
0
0
18
9
9
0
0
0
0
531
0
150
4
0
5
0
1
1083
46
0
0
114
218
0
103
42
0
0
23
2
0
0
0
5
13
23
2
0
0
0
0
0
0
0
0
0
0
1
2
171
106
0
1156
0
0
0
0
0
16
1
0
0
0
0
0
0
0
0
18
60
12
168
0
0
0
0
0
0
0
0
175
0
1
0
81
0
0
0
0
0
0
0
1
0
0
0
0
1
29
77
0
0
0
0
0
2
115
1
273
1
0
0
0
0
0
0
415
0
2
105
3
0
0
5
0
0
587
0
0
5
0
0
0
0
0
21
88
4
29
0
4
0
5
3
46
0
2
0
0
0
1
0
0
456
236
27
2
95
0
0
0
0
0
2
3
39
1101
0
0
0
0
0
0
173
0
0
0
0
0
0
19
1
0
4
0
0
0
0
66
0
0
0
0
141
2
0
0
0
3
3
0
0
2
0
4
0
0
73
0
0
2
0
0
1
20
0
0
0
0
2
6
0
0
0
0
28
0
0
0
2
0
0
0
1
133
0
0
12
35
0
0
0
84
0
0
2
0
2
118
0
0
0
3
191
8
0
0
14
0
3
2
1
5
16
0
0
0
102
0
114
0
0
25
0
86
0
501
73
0
2
1
1
34
0
0
1
1
20
0
0
0
2
0
0
2
0
12
202
371
0
3
0
0
16
0
7
0
0
0
0
0
0
0
0
7
2
298
62
230
1
0
0
69
0
0
0
0
7
9
0
223
508
0
0
0
0
0
2
439
0
36
6
0
0
0
0
13
1
0
0
33
9
1
0
0
0
8
0
8
7
0
0
181
0
0
0
0
18
0
0
0
0
0
0
0
0
0
0
1
0
1
0
14
3
0
0
1
12
86
0
0
0
68
0
0
101
0
0
2
0
201
0
0
0
0
33
548
0
640
0
0
0
0
0
0
0
7
0
2
0
0
0
0
4
0
48
0
17
0
0
2
0
0
0
33
0
42
0
0
0
0
531
0
0
109
0
0
21
13
0
249
27
0
0
0
0
0
0
1
0
418
1
0
0
32
79
0
0
0
0
43
118
4
3
2
13
7
0
873
1
19
0
0
85
0
111
275
22
77
0
0
17
0
177
0
0
10
0
0
2
0
0
0
3
543
0
0
0
0
0
0
0
0
0
2
96
923
0
2
0
0
0
51
2
0
168
51
3
0
9
0
0
38
0
0
0
0
0
0
0
0
0
0
2
0
14
161
6
8
2
0
0
0
0
4
22
0
0
0
43
15
0
0
2
0
0
0
0
1
0
0
143
317
0
0
3
0
0
0
0
50
188
0
29
77
0
0
0
538
1
0
0
18
0
24
0
95
3
0
0
110
0
0
0
0
0
0
0
0
0
0
0
0
0
3986
123
5
0
0
0
0
0
0
83
217
201
0
1
230
0
12
0
0
0
0
0
0
0
200
0
11
21
75
0
0
4
0
720
0
2
1
0
0
757
0
16
0
1
1613
25
0
0
0
0
0
0
0
183
0
0
42
0
0
2
115
0
0
22
0
0
0
4
0
0
24
0
11
48
0
0
0
0
0
1
107
0
977
29
0
0
2
0
0
81
297
0
0
0
0
1014
0
0
68
0
0
1
267
0
855
249
0
2
4
1
0
0
1
0
0
0
0
4
547
0
0
0
57
0
0
0
0
2
0
1
0
0
41
0
377
32
0
0
3
0
4
0
0
0
0
14
296
5
4
0
0
86
0
0
3
0
32
0
0
15
0
0
13
1
0
0
772
0
0
0
0
61
3
201
0
2
0
77
0
0
0
42
0
11
1
0
72
2
22
0
0
0
288
0
0
0
0
0
0
0
149
8
0
218
0
5
300
0
0
1073
2
0
16
22
0
3
0
0
0
0
0
0
2
0
5
0
0
0
0
0
0
5
0
1
3
0
158
0
0
0
63
0
1
0
0
0
6
0
0
0
0
0
15
0
0
0
0
0
0
2
156
0
12
0
0
746
0
0
0
0
99
0
0
0
0
0
1
193
0
4
0
0
0
11
991
22
31
3
639
0
0
5
0
0
0
2
3
26
0
15
0
0
0
0
0
10
2
166
0
0
8
0
0
0
0
0
595
22
1512
0
0
1
0
77
57
0
3
33
629
0
0
2
1
0
0
0
0
0
1
24
0
1146
2
14
0
6324
0
1
4
0
0
0
0
0
0
0
0
23
0
38
0
131
0
53
136
0
0
0
24
0
0
0
99
11
0
35
10
0
138
0
0
0
2
0
0
0
1
84
219
0
0
0
0
7
0
0
0
2
0
6
0
24
0
7
0
0
0
1
0
1
11
0
0
0
1
0
14
312
0
0
0
10
1
0
0
0
3
0
3
0
3
0
0
57
0
3
0
1
0
17
3
0
0
0
0
0
0
0
0
0
0
0
0
0
0
0
11
4
0
0
0
0
1
0
0
0
0
0
0
0
1
0
12
0
0
0
0
39
1118
0
0
0
15
0
0
1
0
0
0
0
0
0
0
0
0
0
2
0
123
0
497
0
302
0
0
118
0
0
46
0
0
1
0
0
0
705
0
20
0
0
0
0
0
4
0
0
287
0
49
0
0
0
0
0
0
0
294
0
0
0
0
0
0
1
0
0
0
4
0
0
0
0
0
0
9
0
0
0
0
0
0
5
0
0
148
0
0
0
0
0
0
37
0
0
0
0
1
196
0
1382
0
0
0
0
0
2
0
0
0
0
0
73
0
0
0
0
106
0
193
0
0
0
0
0
0
250
0
0
37
0
0
0
5565
0
0
0
0
4
0
89
22
1
70
0
0
17
0
2
75
76
0
0
0
51
0
0
2
0
1
254
0
0
0
0
11
0
216
0
16
0
1
0
257
0
0
9
0
137
0
1457
0
17
0
348
13
0
0
1
0
0
0
0
0
0
0
0
0
0
0
0
0
0
0
0
0
0
1
0
0
307
0
87
0
0
2
1
0
0
0
0
1
95
2
0
0
0
3
0
2
0
1
0
7
0
0
0
0
0
0
0
0
0
0
2
56
0
0
0
0
0
0
189
0
0
1
0
0
1
0
0
0
0
0
1
1
0
0
0
1
0
0
0
3
0
0
0
0
0
0
0
0
1
0
0
1
0
0
0
0
0
1
0
2
0
0
2
1
7
0
0
2
0
0
0
0
3
0
0
0
5
0
0
0
11
0
0
34
0
1
0
3
0
0
0
0
158
362
0
10
4
0
0
21
0
0
97
0
0
1
0
0
0
0
0
0
0
0
3
0
0
224
0
1
0
0
1
0
3
0
161
0
0
6
30
24
0
0
0
1
2
6
0
1
2
0
0
17
0
0
0
0
0
0
752
0
2
0
0
0
0
10
0
27
1
0
0
1
0
0
0
0
0
0
0
230
6
39
0
12
0
0
0
154
0
0
0
0
0
0
1
295
0
0
0
0
0
447
0
8
294
47
0
0
0
0
0
0
11
0
0
0
0
0
0
0
0
1
382
1
0
0
0
0
0
108
0
0
0
0
0
0
6
1
0
22
0
413
0
0
0
226
0
0
0
0
0
0
9
171
0
0
3
0
2
0
0
0
4
0
0
0
1
3
22
0
0
0
3
0
0
0
0
0
0
0
0
5
2529
35
59
0
29
0
1
44
3
0
9
1
6
421
9
0
0
1
1
3
2
0
0
0
0
0
0
10
243
7
0
153
0
592
51
144
0
0
0
0
0
17
2
0
487
11
2
68
5
63
0
0
157
145
82
572
2
0
0
99
7
0
4
2
0
0
18
0
27
115
0
123
0
2
0
48
0
4
0
0
112
0
0
2
667
0
18
0
1
7
1
0
63
0
177
80
183
0
19
0
0
1
0
1
207
12
98
12
19
0
15
0
17
0
1
220
13
3
0
104
0
63
7
966
59
0
0
0
85
2
3
1
2
0
0
0
0
146
0
113
1
621
1
0
0
0
0
10
24
0
0
0
1
0
0
0
0
141
80
9
0
0
509
2
0
2
0
0
17
0
0
378
0
12
0
1
0
0
5
75
0
0
137
0
19
0
106
1
4
0
73
0
0
10
0
0
404
165
1
3
0
9
0
0
29
0
0
0
0
0
740
1
0
0
2
0
8
2
0
8
0
0
209
640
0
1
220
0
240
0
50
11
55
0
41
0
0
13
255
1
64
0
3
7
190
0
1
0
18
4
32
0
4
0
0
0
0
0
0
236
0
0
0
0
0
0
0
0
0
69
0
0
0
0
0
1
0
0
2262
7
384
0
0
0
0
12
31
0
474
4
0
0
11
0
0
24
0
3111
29
352
0
2
102
34
105
4
2
0
1842
0
164
207
228
0
97
0
47
1069
277
2
0
0
0
703
0
981
0
1
0
0
9
98
5
2
0
0
0
83
1
35
3
3
53
209
5
499
1
0
0
111
33
4
0
112
44
0
417
0
29
42
0
6
0
81
0
0
0
0
0
308
2
0
1
1044
0
0
5
44
0
38
114
15
10
0
23
135
0
0
0
1
2
0
0
0
0
1
4
0
40
0
0
0
357
205
38
0
49
4
0
0
771
0
0
63
0
12
0
0
102
27
0
43
0
1
3
0
180
0
30
1
0
0
0
0
0
0
20
0
160
83
5
0
7
159
86
0
0
74
10
66
0
6
0
96
9
0
19
0
0
2
19
704
0
22
0
15
706
44
17
11
49
0
3069
10
0
9
1
0
570
0
0
66
76
148
0
115
374
0
0
21
10
31
0
243
0
1
0
0
0
0
11
60
0
0
165
0
29
5
0
45
0
0
0
1
0
55
0
41
88
0
3
0
1
0
0
0
399
9
497
667
217
6
0
14
5
0
9
0
0
0
1055
553
0
196
0
0
1
1072
0
0
63
1
0
2
26
0
7
0
7
0
119
0
32
1
6
0
0
35
0
0
51
5
133
592
26
0
0
57
220
186
6
0
0
0
0
0
541
12
0
418
0
0
0
31
6
331
3
0
0
0
38
21
113
376
0
4
0
0
0
34
0
0
0
0
0
0
26
0
1033
0
15
103
0
0
0
0
43
178
0
0
0
0
3
0
14
247
1
0
0
0
7
0
67
0
31
0
3
0
64
11
0
1
0
3
745
0
0
92
0
0
0
0
17
0
84
34
2
4
0
0
7
165
0
0
0
0
281
6
0
15
0
7
1
31
35
0
98
1
0
0
0
67
0
8
356
0
0
2
0
0
1
50
0
65
25
4
1
0
119
8
0
0
0
216
155
6
0
0
0
0
1
188
11
0
0
11
3
0
0
0
0
0
89
0
7
1
0
0
1
0
2165
0
47
0
0
0
9
0
0
0
0
1110
0
0
0
68
0
60
0
1
2
0
74
0
1
1
0
0
0
2
0
67
0
0
0
569
0
2
15
0
101
1
958
0
0
0
0
1313
92
0
68
30
0
0
0
12
124
0
55
4
1
0
0
0
0
4
4
20
1002
86
42
0
0
17
0
13
0
0
180
625
0
60
0
0
0
6
0
10
158
0
0
20
0
245
25
56
0
0
175
147
2
46
0
421
0
26
0
0
0
1
5
13
217
364
23
22
5
0
0
0
4
123
40
0
0
0
313
1
0
18
0
0
193
13
0
173
9
0
535
3
0
13
0
0
0
0
0
844
1
0
0
3
0
0
0
35
0
0
469
0
0
0
0
0
0
40
0
59
62
7
0
0
0
0
0
0
699
112
1
8
47
92
0
14
3
0
0
0
0
0
0
1
11
0
2
0
2
6
0
0
108
6
21
2
0
14
0
2
0
0
0
5
0
0
0
15
0
12
31
5
0
0
1
0
0
0
0
59
0
0
0
3
0
0
0
0
0
18
120
0
0
10
2
646
0
0
36
45
3
24
0
0
0
0
0
0
0
0
3
8
0
14
43
0
0
0
26
0
217
0
0
0
410
36
1
0
0
44
15
0
0
44
515
0
34
0
75
19
1088
187
360
0
9
227
20
0
544
0
0
9
45
0
1
21
0
0
80
0
0
0
13
0
0
13
0
0
0
0
8
0
0
1
0
0
54
133
59
3
0
0
20
62
0
78
103
0
0
0
2
10
0
0
71
0
36
3
0
33
56
1749
2
1
1
1
0
0
23
32
2257
0
15
11
1
0
0
0
0
0
21
331
0
0
0
0
0
0
46
93
3
19
1
220
111
0
0
0
263
2835
0
342
0
0
4
361
18
2
5
19
0
0
4
30
1
0
13
0
0
4
0
3
207
174
274
3
0
95
1
3
0
16
0
0
34
0
0
0
8
48
17
0
8
0
0
8
276
0
1
0
7
0
0
223
0
0
176
294
756
468
0
0
60
2
20
0
2
0
224
3
0
0
0
0
25
0
9
0
0
0
36
8
104
3
2
0
25
4
0
802
1
1056
0
0
1
264
42
20
0
834
0
0
39
66
222
28
3
185
6
17
0
29
6
415
9
0
0
0
0
0
561
0
108
0
46
20
0
0
21
146
0
84
6
434
491
3
4
0
21
0
0
2
0
191
177
231
19
47
0
146
0
44
0
1
108
41
0
0
0
236
0
0
0
19
3
55
0
778
0
2
4
0
4
51
0
178
35
16
9
179
63
107
10
31
0
215
0
0
0
116
0
0
35
0
0
1
74
0
0
0
0
0
0
26
671
11
3
404
159
0
601
0
0
0
0
1
314
83
0
146
8
0
0
0
1
0
37
5
21
0
89
0
0
0
5
3
0
347
0
0
985
0
0
0
13
0
0
0
24
19
0
0
3
0
78
0
1
272
0
6
0
2
1
0
40
0
54
0
0
31
0
18
0
8
0
564
42
200
0
0
425
112
1
50
21
0
0
0
0
40
10
1
0
0
0
0
21
1
107
0
96
0
11
27
16
0
23
0
1
3
0
8
43
3
123
623
656
32
69
0
0
0
11
0
195
1
0
2
0
577
5
12
237
60
338
295
0
1
6
0
82
0
6
0
0
199
28
0
0
65
9
0
6
0
55
51
56
3
0
0
0
42
0
0
0
184
50
1
2
52
0
122
0
34
13
1
0
10
0
0
113
191
0
17
1
134
2
0
0
2
0
233
0
0
2
0
0
2
0
0
0
2
0
0
4
16
393
164
272
2
0
0
0
67
31
0
0
1
0
0
55
148
0
0
0
16
0
2
1
0
22
2
0
0
0
0
1
0
0
33
0
0
16
25
9
8
0
0
12
60
18
0
9
0
135
0
0
0
0
0
161
0
104
0
301
0
99
12
2
466
218
319
0
0
12
0
2
0
94
0
3
8
0
1
20
34
7
2
2
437
4
21
0
14
794
0
0
0
23
7
31
27
30
21
36
14
8
0
6
30
0
268
3
2
0
23
0
0
3
0
0
48
14
50
2
5
0
0
0
16
41
8
147
0
0
476
0
751
0
0
7
1054
0
0
7
0
0
0
36
0
1
129
1
0
1
0
1
14
0
0
0
0
0
1107
1
13
2
1
0
6
72
18
103
186
81
903
76
0
38
0
182
29
0
219
1
267
0
23
0
80
0
42
1
0
0
3
3
13
1
0
0
69
0
0
0
0
161
19
18
285
0
0
0
129
0
0
0
0
5
0
75
2027
0
349
0
0
12
51
6
0
0
12
8
0
0
0
101
0
2
0
31
0
0
0
0
0
0
2
76
31
62
2
7
398
0
0
3
4
0
761
0
1
0
65
0
272
111
5
0
12
0
1
0
1
0
0
294
32
355
1
72
1
0
3
970
2
10
0
1
14
0
6
0
0
0
0
171
2
0
56
1
0
0
0
0
2
1
3
72
3
0
34
0
557
0
1
0
1
267
0
89
22
0
0
7
0
2
0
793
1
0
0
0
0
0
0
0
0
24
0
2
0
6
0
163
5
0
83
0
26
17
0
40
1
0
1
0
0
26
0
0
0
0
0
3
0
0
11
0
257
0
1
780
1
0
0
31
0
0
1
216
13
76
1
6
44
0
0
0
0
3
0
4
32
0
3
1
0
0
0
0
0
0
2
0
1754
0
18
278
1
2
0
0
5
0
0
200
0
0
611
0
0
1
0
89
1
0
0
0
0
0
32
19
0
5
0
0
0
0
493
0
22
0
1
27
0
1
0
52
10
2
5
56
159
0
12
0
142
8
0
9
0
1
0
0
0
0
0
0
444
3
0
0
0
2
29
0
0
2
184
0
0
0
0
249
19
0
0
1
128
533
0
14
0
0
30
122
32
150
0
0
0
0
9
0
2
385
7
82
27
0
107
283
0
2
2
12
1
2
0
18
503
0
0
0
0
1
0
54
2
0
0
0
0
313
22
0
123
275
79
35
0
12
0
1
19
13
1
34
121
0
29
46
66
353
0
0
215
0
5
0
0
0
0
337
0
742
0
84
416
23
42
0
0
0
1
18
8
27
0
0
0
41
3526
0
187
126
2
0
16
0
79
0
3
0
0
0
0
410
0
0
0
0
0
0
31
0
20
17
0
826
1
2
0
0
110
47
0
120
0
0
0
0
0
0
0
1
0
0
104
0
88
0
6
13
126
133
0
107
0
0
0
0
2
1
74
0
0
10
72
0
0
138
0
0
0
0
6
7
0
217
81
0
18
77
0
1
61
574
0
0
0
6
1
0
17
444
212
11
0
0
0
6
0
11
66
709
0
704
31
409
4
2
1
0
0
0
3
211
949
0
0
0
0
0
192
208
21
1
2
0
0
30
197
0
7348
0
6
359
245
0
0
0
0
1
1
5
88
0
0
3
0
0
128
0
0
57
21
0
361
0
316
1
89
0
0
0
0
0
0
85
1870
0
300
0
128
22
76
448
0
0
0
0
37
165
0
53
174
5
1
4
2
272
199
0
0
0
40
0
1
0
0
0
0
0
17
0
0
11
0
5
0
0
0
634
0
0
0
246
4
3
0
97
0
0
22
1070
0
0
1
204
79
3
0
3
7
0
11
149
488
0
3
84
0
215
0
6152
0
0
162
0
0
0
4
0
0
0
15
0
84
0
358
186
0
19
8
15
0
97
0
67
516
2586
0
162
155
0
0
0
24
0
64
0
0
0
1
0
0
230
0
15
0
0
3
27
0
0
51
11
15
8
9
52
64
2
5
0
0
6
136
0
221
25
4
0
0
0
299
0
0
165
0
0
0
0
764
0
89
0
0
64
0
0
0
0
45
0
7
0
197
0
0
22
0
31
1
0
9
93
0
0
112
179
0
3
8
24
60
7
0
0
0
58
1
43
0
1
1
14
0
0
208
82
0
17
542
27
76
594
131
1
0
0
0
0
0
0
324
137
0
7
0
0
14
187
5
0
3
3
820
2
1
0
0
122
87
84
0
303
20
0
0
95
0
0
0
1
0
6
181
36
50
5
434
1
0
0
0
0
0
378
0
7
98
170
15
0
44
0
0
3
92
125
81
1
1
0
8
123
0
3
408
0
0
2
250
0
0
0
5
2
767
747
0
8
13
104
0
1
0
0
0
11
381
347
1
209
1
19
1
0
32
0
3
0
0
0
23
3
0
0
0
0
0
82
3
0
5
1
61
0
0
0
0
0
6
1153
41
0
0
247
0
118
73
3
0
47
23
0
0
0
0
129
6
0
4
140
396
6
0
2
0
0
0
0
0
2
0
10
0
39
0
591
0
0
0
329
0
0
49
0
8
2
0
0
0
0
274
234
2
414
0
0
24
0
8
0
0
0
0
21
0
0
0
0
0
0
860
36
1
54
0
0
0
18
0
64
23
0
2
403
0
0
0
98
0
0
5
4
1
651
2
0
226
2
0
0
2
0
3
0
0
0
14
4
0
1
0
0
2
0
0
0
0
0
2
197
0
0
20
0
3
13
0
0
0
68
28
6
0
409
0
2
1285
0
26
0
3
18
0
1
0
10
8
0
6
686
0
76
0
0
110
1
0
192
0
237
2
0
1
12
332
0
0
0
0
0
32
90
7
0
0
0
22
240
448
3
14
16
0
8
7
2
0
19
18
0
0
3
1
0
0
0
114
0
0
2
1
15
0
123
0
0
8
35
1091
60
7
72
0
0
85
781
0
0
681
0
2
0
10
78
0
0
24
2
0
5
14
0
5
1
4
1
0
0
28
0
0
0
0
616
0
0
0
9
0
0
18
9
0
0
0
0
27
0
10
0
2
45
9
0
0
2
607
0
91
18
6
0
17
0
0
0
10
35
3
2
0
15
0
245
0
0
2
81
713
0
1
47
0
59
0
0
0
0
347
0
0
1
2
34
14
3
35
18
2
257
0
0
0
260
87
43
0
15
16
3
5
0
0
86
0
0
0
34
196
0
0
0
28
0
905
0
2
256
0
0
0
0
0
0
0
8
3
7
501
0
17
1
3
255
3
0
0
36
0
0
1
0
264
0
534
323
71
70
0
0
68
1630
0
1
1
31
0
0
0
0
55
0
92
21
0
107
407
6
1
1
0
7
0
143
5
0
50
0
0
248
0
5
0
17
551
0
0
0
50
0
0
23
124
0
0
0
0
261
288
17
20
0
0
0
1
0
1
0
0
12
0
0
2
3
57
652
231
0
0
43
0
0
0
0
0
0
0
0
0
927
0
109
0
3388
0
737
0
0
0
91
0
4
0
2
7
25
27
87
37
10
34
0
57
0
47
0
12
0
0
0
52
6
0
161
2
112
0
3
0
0
11
44
169
0
4
0
0
0
1548
0
63
40
35
52
44
5
3
0
163
12
0
99
0
0
0
0
41
2
0
1
4
35
0
0
0
20
0
0
11
0
198
0
0
0
9
0
1
1
0
383
0
0
0
23
1
9
36
0
0
0
57
0
0
0
330
0
0
2
357
28
6
29
0
1
383
0
0
280
0
0
0
155
0
0
1
72
0
0
0
0
0
162
5
506
68
0
0
0
0
157
0
17
0
118
64
0
231
2
96
52
13
26
53
0
0
30
273
0
673
0
3
0
39
0
1
0
0
491
2
1
0
30
0
763
0
8
0
5
0
17
1
3
2
90
0
4
43
0
0
0
0
173
0
5
195
1
0
3
177
44
54
25
0
2
0
35
80
78
0
1
40
0
0
0
0
0
0
174
0
2
25
14
20
0
0
0
0
113
0
11
0
14
30
9
0
0
0
0
0
42
0
23
0
3
0
1
67
0
27
221
0
106
74
0
41
0
42
37
3
17
0
21
4
89
34
21
1
2
186
12
39
0
1
0
69
416
648
32
1
0
0
1
0
164
160
3
13
2
62
0
32
1
0
0
0
16
0
84
0
10
27
105
8
0
2
35
66
0
133
0
0
0
12
8
0
0
0
1
1
102
63
0
56
23
1491
9
180
0
23
26
0
2
0
0
7
4
0
3
0
1
4
50
0
0
0
12
7
152
0
59
15
375
22
0
1277
18
48
0
0
0
0
9
0
490
0
123
9
8
0
6
5
1
0
10
0
11
0
1
1
61
103
646
14
8
16
0
2
14
32
0
0
82
0
0
30
128
0
0
0
393
0
287
8
0
0
32
85
6
0
45
30
0
6
0
1
0
455
1
15
621
594
0
73
0
0
78
69
404
201
0
0
0
14
2
61
77
111
43
2
0
0
2
104
881
0
2
24
18
0
0
0
0
80
0
474
597
345
0
0
341
0
867
0
0
6872
0
0
0
1
10
1
11
0
0
38
0
186
19
0
336
4
71
9
0
165
0
1
134
217
0
0
0
65
10
146
0
4
0
3
3
0
0
0
0
0
20
0
0
0
39
0
182
0
0
224
0
357
24
0
57
0
8
75
0
0
40
14
1661
0
0
0
339
216
5
0
26
6
1
948
12
87
0
0
0
0
0
66
8
3
16
0
0
0
3
0
2742
7
0
0
0
60
5
0
0
1
0
0
6
0
3
141
0
1
33
0
0
0
618
0
53
94
0
0
0
0
5
254
0
0
9
0
32
0
416
0
0
0
2121
21
75
0
0
1
49
50
32
0
1
0
10
3
1
365
22
685
1
0
0
178
15
1
99
251
0
129
0
5
0
2
0
8
45
15
2682
70
0
1
0
0
153
0
1
0
150
10
0
1024
10
0
4736
32
264
45
0
0
0
0
0
41
12
20
0
0
95
74
14
3
1
162
0
0
37
7
0
0
0
0
0
26
0
0
0
0
0
540
0
7
0
0
0
0
15
1
0
0
62
0
413
0
1
0
0
497
2
6
0
9
0
19
0
196
145
0
0
0
0
0
0
0
0
0
0
0
0
0
0
0
0
0
0
6
0
0
0
0
255
0
2
0
0
0
12
7
1
0
0
149
17
5
365
1
0
0
0
0
0
1
0
0
0
114
1
0
0
0
4
1
89
91
0
0
0
0
0
7
4
0
0
24
103
37
0
2
3
558
0
0
10
81
0
0
15
27
1
0
109
32
6
2
1
0
396
105
0
2
67
0
28
0
117
32
0
0
68
11
670
65
0
23
0
2
0
5
0
246
0
0
0
0
0
0
0
0
0
176
7
52
0
0
0
0
3
1
21
213
0
8
62
370
0
0
153
0
0
0
149
2
1
2
99
0
0
0
0
1
202
0
1
6
0
349
3
0
0
2
0
1
0
0
0
0
0
2
0
0
0
54
0
748
0
0
421
18
0
33
0
40
105
18
82
0
2
7
0
1394
0
0
0
0
38
9
3
5
0
1
1
26
0
0
0
0
124
172
153
0
24
2
49
0
0
1
0
0
0
0
908
5
6
10
0
0
4
0
0
0
65
0
0
156
28
201
105
2
27
2
0
0
22
0
262
0
2
217
0
0
1
0
0
0
0
1
190
1
0
0
0
0
575
1
8
0
2
488
0
2
3
20
1
0
62
0
1
0
53
27
0
2
1
278
0
0
1
0
177
31
212
0
11
9
3892
0
0
93
0
3
0
0
0
4
3
2
69
3
0
1
0
0
591
0
0
10
1215
0
68
16
31
0
0
148
1
0
16
5
187
263
0
29
0
0
0
4
0
0
0
7
136
0
0
0
0
0
0
0
68
4
298
0
0
1
4
12
595
0
24
0
0
0
1
1
0
0
0
0
770
108
0
0
2
0
5
2
39
95
1
270
0
1
0
6
0
1
3
0
0
0
0
101
0
50
45
0
73
29
0
460
0
0
5
0
42
0
83
0
112
25
0
0
0
4
0
0
0
0
4
0
0
1
0
19
2
46
606
0
262
0
369
0
403
0
0
5
3
13
374
1
141
38
4
0
1
12
0
0
0
0
34
77
83
9
2
1
3
0
3
0
7
0
0
70
0
2
349
0
0
0
1
0
0
0
0
0
5
1
46
3755
64
0
33
0
0
0
32
0
7
0
0
0
0
13
1
0
0
0
3
36
248
4
0
0
4
0
202
0
4
0
0
0
0
2
4
0
0
3
116
207
0
801
0
15
62
727
131
7
0
0
0
2
134
63
0
0
0
0
0
117
0
1
0
1
0
19
85
26
3364
0
0
18
154
263
0
0
2
2
95
0
56
0
524
0
0
39
0
0
0
5
0
129
1
111
8
129
0
306
2195
112
0
18
4
2
0
1
6
0
24
0
0
0
89
0
35
0
0
1
371
226
30
0
0
0
0
0
0
87
0
13
187
0
2
3
729
9
16
1
4
0
0
0
550
0
49
0
10
269
0
2
2261
5
82
2
173
0
0
4
0
0
1242
0
1075
0
0
0
433
3
0
0
122
0
95
497
0
0
2
1
1174
0
0
0
73
0
0
1
0
0
1
43
0
0
5
15
61
6
6
0
79
234
1
0
0
0
0
0
0
155
2
2238
0
1
7
1
0
2
0
25
0
1
0
1181
0
642
0
0
346
2
0
0
3
20
102
0
0
2
0
179
0
1
0
46
0
63
0
187
0
0
0
0
0
0
0
43
0
0
108
2
18
4
820
0
0
2
64
4
0
59
2
0
16
0
70
9
0
4
0
0
0
176
15
1
0
0
1
0
0
0
0
0
86
109
0
59
162
7
0
71
0
68
2
26
0
15
0
0
0
0
7
0
0
8
28
0
19
264
0
1
0
24
55
7
13
0
466
1
18
0
0
0
0
0
3
9
517
0
0
0
0
48
0
0
9
0
21
8
0
0
0
12
2
1
1017
20
0
78
47
2
0
27
47
0
1150
505
15
67
23
485
85
0
0
31
0
27
276
0
50
0
0
1
1
0
3
2
1
0
0
51
1
0
0
1
4
0
0
0
2
0
1
136
0
13
0
36
0
0
0
0
0
0
0
0
3
200
0
2207
10
1
8
0
252
0
0
1
0
0
0
0
32
0
0
226
0
2
4
0
1
83
0
511
62
0
0
53
0
1
3
21
0
0
2
0
0
0
86
3
0
0
0
1
23
50
2
1
0
31
3
0
45
2
0
0
26
18
0
0
1
0
34
148
0
23
0
0
0
19
0
0
4
0
116
2
2
210
0
0
0
6
0
0
425
0
0
0
0
0
0
0
337
1325
0
25
0
0
25
139
0
0
0
0
35
138
0
128
385
0
0
1
0
0
76
0
1
7
12
0
0
92
0
29
1
655
0
0
1
0
162
0
0
0
0
0
0
0
203
18
0
0
34
0
64
0
0
340
0
0
107
3
124
79
11
0
53
0
0
3
58
22
0
6
0
7
20
81
0
0
0
0
0
0
2
0
0
74
0
0
6
56
0
0
47
0
120
34
23
0
0
0
0
1
0
233
0
77
2
12
0
0
130
2
0
2
0
227
0
32
11
88
0
1182
1
0
57
89
114
58
45
0
0
101
0
753
0
24
8
47
3
0
35
58
0
0
314
2
248
0
0
0
0
0
0
4
0
55
2
1
0
9
0
10
0
0
284
0
0
92
0
220
16
0
926
1339
4
0
0
0
0
672
99
2
0
0
0
0
0
0
0
311
37
0
0
0
0
505
0
37
10
1
11
4
0
0
0
123
1
30
46
4
0
4
186
0
196
0
9
1700
3462
6
78
0
0
8
29
6
0
258
15
32
5
0
12
99
14
0
97
0
0
67
0
0
0
0
3
0
0
2
0
0
4
24
0
1
3
13
0
13
0
50
0
115
1
6
123
0
0
143
2
0
2
12
64
0
0
0
0
0
105
0
0
10
3
0
0
0
0
14
119
130
1
3
0
0
0
0
0
0
895
0
0
4
0
442
0
4
1
17
0
2
0
0
80
0
11
0
0
0
7
3
5
0
0
482
65
3
2
0
0
0
0
7
43
19
0
715
0
51
103
0
0
32
0
21
16
0
0
0
0
1
0
0
8
0
25
34
0
1
28
238
0
3
0
0
0
2
48
0
0
3
0
52
0
0
12
115
0
133
0
20
18
0
248
0
0
0
280
11
23
0
0
2
0
26
0
214
0
440
54
0
35
46
7
216
0
17
98
3
0
0
192
28
0
203
3
0
182
0
8
0
1702
0
2
1
12
0
0
0
0
170
10
0
0
205
0
0
1
34
296
0
0
0
0
178
0
0
11
0
0
1
0
0
0
56
0
1
297
0
0
427
0
2
165
0
619
0
114
25
0
0
2
12
84
247
0
41
60
0
3
221
28
6
0
0
0
0
0
247
47
1
0
0
20
436
28
17
1092
2
0
0
0
8
1214
0
157
65
0
7
161
15
425
17
0
1
56
118
0
0
1
0
0
0
0
56
483
74
1502
15
802
201
243
7
53
0
2
0
0
0
226
0
11
0
311
11
0
0
0
11
20
0
0
6
47
1017
104
18
0
0
4
90
0
0
0
0
0
0
21
1
238
67
0
0
0
50
13
3
2
0
0
5
0
0
90
0
3
28
28
0
25
0
5
136
0
1403
0
1
35
22
989
3
0
32
0
9
0
0
0
0
0
0
0
19
243
0
30
3
0
4
1
0
0
32
83
17
0
0
1
0
1
0
109
24
11
33
32
82
13
0
0
0
0
0
115
38
109
0
0
69
0
66
0
65
0
449
18
0
0
0
5
17
15
18
0
2439
2
3
0
0
0
0
5
239
1
1
0
0
14
161
0
0
22
6
424
0
557
609
1
85
134
49
9
19
11
71
0
232
596
115
3
267
0
0
2
247
4
0
1
1
238
167
1098
2576
0
71
0
391
0
1
0
0
0
0
0
14
0
0
0
1980
276
78
2
455
156
8
11
48
0
1444
0
0
0
0
2
9
15
5
0
0
239
3
59
0
16
0
0
161
607
0
9
0
0
469
0
217
0
0
101
41
21
16
0
0
0
0
0
0
0
22
126
21
0
0
5
135
831
0
1
3
13
2
71
5
618
0
0
89
0
0
0
0
2
0
210
0
0
0
1
106
0
0
0
300
0
72
98
265
92
2
0
136
0
0
0
37
0
16
0
2
0
662
1495
5
115
3
4
0
161
29
69
0
193
0
0
0
0
64
0
0
0
0
0
2
0
48
12
71
20
48
53
5
7952
321
25
0
74
0
0
0
2
0
0
14
2
0
0
2
53
38
7
0
1
4
10
0
96
29
355
1
2
13
5
0
24
0
9
1
0
1
56
0
10
0
2
248
0
0
0
21
0
353
662
0
0
0
185
0
29
135
23
364
183
0
113
0
141
3
0
0
0
35
0
30
0
0
207
0
0
0
0
0
0
0
2
293
2
8
257
0
2
5
0
178
0
0
1
0
11
2
0
14
13
0
0
132
31
158
0
0
290
0
0
270
0
0
0
0
0
0
0
0
33
0
0
0
2
0
75
0
2
0
0
0
1
0
1
2
79
2
0
1
3
5
0
36
0
0
0
0
0
2
1
375
10
0
96
0
0
16
0
0
0
334
0
0
188
0
0
0
0
1
5
162
2
24
4
165
47
0
0
4
0
0
0
0
0
1
20
0
0
0
22
0
0
76
50
27
0
2
199
547
0
0
2
0
579
0
2
0
28
26
886
0
0
24
0
0
2
7
1
14
0
0
0
0
0
158
2
0
441
0
133
0
384
0
4
25
9
56
406
0
884
3
1
0
1
185
0
0
73
0
13
0
0
4
1
886
0
0
3
0
0
4
0
28
0
0
247
0
0
0
0
0
0
6
78
27
24
0
0
10
3098
237
0
18
0
0
0
1
0
0
0
4
15
19
21
31
2565
0
0
0
575
0
4
0
0
0
0
263
121
3
15
0
156
0
0
0
75
0
0
0
0
7
58
1
0
6
1
0
11
0
2
0
0
571
7
40
0
0
0
0
2
1
0
0
1
1
0
0
1
29
1
0
54
0
0
0
0
0
3
0
0
0
0
2
0
1136
0
0
0
39
0
23
48
52
0
0
11471
0
0
0
61
5
0
0
0
0
2
0
0
0
0
99
0
2
0
17
0
0
0
0
0
0
0
0
0
0
41
0
0
0
4
2
1658
8
22
0
0
0
0
0
0
0
1638
525
203
45
6
0
0
50
0
94
12
181
211
16
215
218
188
2
108
43
0
11
0
0
2
0
0
109
0
0
0
0
13
7
252
0
199
4
92
0
0
0
0
49
41
0
0
0
2
24
4
25
10
55
0
2
28
11
0
0
1
1
0
0
0
0
0
0
1
0
0
0
83
27
0
0
0
1110
0
0
0
2593
145
0
191
0
1
0
0
1
160
0
0
455
1
0
271
0
0
46
14
0
0
0
0
0
221
0
0
2
0
0
0
209
102
0
0
1
0
0
0
0
0
1
47
2
0
0
41
0
0
1
0
364
1
0
303
1
0
0
117
0
2
81
0
0
49
0
0
0
0
109
0
0
0
22
4
0
0
8
0
0
21
6
0
0
0
1
20
0
11
0
0
0
0
547
2
572
0
0
2
2
0
0
1
0
88
521
0
0
0
12
0
82
0
0
0
15
68
7
2
0
177
0
0
100
19
0
0
5
0
0
920
0
0
0
596
0
0
0
18
0
55
767
0
0
0
3
1
1
0
0
0
0
0
72
36
0
0
0
0
0
0
0
1
0
0
609
0
60
0
26
0
0
0
0
1
0
0
0
0
0
0
0
1
0
0
0
0
0
0
116
0
48
0
0
0
34
0
3
0
1036
0
1842
0
330
0
0
0
0
0
10
0
5
0
0
0
0
0
0
5
0
0
0
0
580
19
0
0
94
0
3
0
0
0
0
0
0
0
0
51
0
220
35
0
1
0
33
0
19
0
0
0
56
3
0
0
1
0
0
0
2
0
0
0
3
0
0
0
6
0
24
163
24
0
0
0
0
4
0
0
0
503
0
0
3
7
10
0
4
0
0
0
0
1
24
4
0
0
0
0
1114
122
0
205
1
0
0
0
0
0
0
0
10
330
13
67
0
0
1
617
322
0
1
155
0
2
0
0
0
3
726
1
1
0
0
0
735
2
279
1
0
5
0
434
0
0
0
0
0
580
0
0
0
0
0
0
12
0
0
0
284
86
0
1
4
902
1
10
135
0
647
0
0
0
0
0
0
0
18
0
0
0
0
1
0
0
0
0
80
0
73
0
17
514
0
566
0
15
0
0
0
14
0
0
5712
0
0
0
1
0
0
0
0
0
23
0
0
2
0
0
254
0
309
1
0
16
2
357
177
0
231
0
0
320
1
4
0
0
0
0
1592
0
0
0
0
0
0
796
23
0
8
6
0
0
3
0
0
39
0
36
0
1
11
0
190
7
0
79
0
0
0
3
0
0
0
0
13
181
3
0
0
0
0
0
0
0
0
0
108
0
0
0
0
274
0
0
0
1
0
322
0
0
0
0
0
0
2
1
0
0
0
5
0
4
181
2143
77
2
0
0
0
167
0
0
0
0
0
0
0
0
1
68
0
104
24
0
0
73
0
0
0
0
1707
0
0
133
0
0
4
57
0
0
34
0
9
0
15
396
195
6
2
1
16
1
25
0
42
0
22
1
65
0
399
0
0
255
3
287
147
9
0
1
0
164
4
0
112
30
0
270
0
0
1
12
0
289
0
0
0
0
3
858
1084
824
3
0
1
0
0
0
573
122
144
0
209
1
0
0
7
31
0
0
42
0
15
20
31
0
1
50
5
0
0
0
77
9
51
309
51
31
193
0
0
0
151
0
122
5
0
66
0
7
0
1
51
0
0
0
2
0
21
0
20
1185
0
0
1371
7
0
52
1813
0
23
82
0
0
1
10
3
0
0
0
0
3
0
4
18
25
11283
196
3
372
1
62
613
24
0
17
0
0
0
6
0
97
9
37
6
0
1
13
291
405
0
0
681
0
52
0
38
0
33
51
57
11
0
84
0
91
1
0
0
0
37
0
10
36
232
18
0
14
181
19
99
244
49
0
0
57
1749
4698
0
0
23316
56
221
0
2
0
0
166
241
0
20
7
251
0
0
0
410
0
119
0
0
2173
4
53
1682
0
0
8
516
0
9
40
151
44
111
424
0
1
169
65
13
0
174
13
0
70
437
0
0
0
171
0
0
0
0
0
0
3
0
0
3
336
19
409
44
363
521
0
5
78
0
32
1
633
3
123
6
120
0
1
0
54
0
1518
432
2109
0
0
42
86
0
67
99
0
0
0
6
0
789
0
99
0
48
249
4
0
0
5
118
0
0
4
95
0
88
0
0
9
0
15
19
0
122
0
352
28
0
84
23
0
741
0
725
0
127
0
1
1
7
125
94
14
0
1
626
0
383
1
0
226
191
23
0
2
211
120
6
99
0
4
0
98
37
0
0
4029
0
2
435
4
84
27
231
1
10
22
12
15
154
0
33
17
1
115
689
102
52
0
378
46
8
672
7
0
96
0
3
14
12
4
0
77
58
701
25
3
0
0
0
395
107
200
82
386
0
15
0
0
0
35
370
23
0
1
32
35
0
7
25
220
490
0
1
115
0
114
17
40
15
0
2
14
16
345
0
1
54
0
1
139
27
0
65
0
89
21
18
0
0
30
12
263
0
0
0
0
1
7
3
220
13
0
0
12
0
0
0
86
1810
2
0
0
0
36
734
9
140
1652
329
21
1
0
34
14
0
244
0
45
61
25
23
4
0
6
265
37
0
13
6
3
220
0
7867
3
49
27
0
0
88
12
0
0
18
1
1
113
10
1
100
0
0
12
0
15
257
0
0
76
374
0
0
45
21
0
0
137
405
0
0
11
0
0
0
571
14
14
0
9
0
0
2
70
50
264
1
38
0
0
9
3146
1
1
1
5
690
4
1
0
0
7
88
0
81
31
0
1
459
467
2
0
22
4
0
0
17
0
1071
26
899
751
0
2
0
619
0
0
0
32
11
2
54
0
1
116
0
0
7
134
66
140
163
43
0
1
0
0
68
1
0
303
44
2
122
0
0
0
705
341
1087
324
2
155
12
5
661
0
0
0
18
0
159
204
84
20
204
5
0
154
0
0
24
0
790
0
12
67
100
48
102
10
0
2985
4
0
0
15
0
3
973
0
106
261
225
2
118
0
58
11
0
32
3
68
7257
0
0
0
1123
0
137
15
43
0
21
79
4
63
0
2
1
2
0
737
0
79
0
0
0
0
35
170
405
1
6
0
1
2
0
3
0
0
563
586
1
0
8
0
0
71
0
0
4
0
1
0
42
6
301
87
0
12
0
9
72
219
20
1
0
54
3
0
4
6
1888
10
1
0
150
4
1
197
0
59
0
2082
298
1
15
0
0
330
0
0
1
18
25
48
0
0
105
166
36
0
72
124
1
0
0
2710
20
1
50
140
1
79
0
38
0
39
20
0
0
0
94
120
1
467
120
0
4
0
0
0
247
384
3
40
0
0
69
118
20
0
123
0
125
90
40
0
2
15
0
3
3
1
0
0
2301
24
8
0
0
0
0
1387
124
170
60
0
1
27
19
13
111
2
1
2
0
0
0
0
229
0
0
21
9
39
88
616
0
0
237
0
1792
8
205
0
71
0
38
12
159
0
194
18
112
0
2
0
492
153
18
0
482
242
0
231
0
8
0
2
0
0
409
78
0
286
0
4
85
0
0
0
568
42
0
1
0
46
240
51
1
0
1
14
0
0
4
81
3
0
0
6
0
68
0
0
0
198
0
2
1
1110
0
19
6
19
0
0
8
517
0
0
342
0
0
0
0
0
31
8
2
3
60
0
0
5
1
0
6
0
0
1
51
16
546
0
1
1
7
4
0
4
0
0
0
2
4
0
17
19
0
0
1
0
2
0
0
4
0
2
16
0
0
37
0
0
3
0
36
0
1
5
6
12
7
0
0
0
0
3
1409
0
0
0
0
17
2
57
14
0
0
80
112
0
825
79
5
69
4
46
0
120
9
8
76
2314
6
0
0
30
1
0
561
8
179
0
1
29
0
50
144
0
161
1
131
9
0
34
101
20
0
0
24
1583
24
0
36
16
0
545
3
514
2004
0
0
97
43
0
10
23
326
21
16
34
422
4
74
21
0
73
200
275
2
0
0
590
1
0
0
0
0
0
0
0
0
0
24
40
11
168
5
41
0
2
60
29
55
0
0
10
370
5
66
0
22
8
0
5
368
0
51
4
0
0
0
559
0
0
445
0
0
37
0
0
47
4
1230
0
412
1
88
290
23
0
2
0
4
0
1423
0
0
5
2
501
0
0
989
214
4
0
75
0
17
148
44
12
48
175
0
3
314
14
0
0
2
1
0
22
88
0
69
106
0
0
186
1464
12
1383
1
11
0
619
2
158
1
0
29
15
0
0
2
0
0
8
0
34
22
96
0
289
65
279
798
138
533
5
0
1086
0
0
0
1
223
322
1
0
2
1
3
0
0
0
0
0
0
0
0
30
27
73
56
64
3
2
3
80
1
0
0
0
2
0
34
0
78
0
4
0
2
1
0
17
185
17
0
0
1
0
729
146
0
0
0
0
70
0
2
0
380
0
3
39
339
0
1167
15
0
2
0
103
0
16
0
0
0
0
5
76
14
0
0
17
7
0
219
1
64
0
9
2
0
443
6
0
20
0
0
26
0
103
52
469
0
0
0
57
380
0
4
1
0
0
0
75
0
2
163
0
0
4
0
1
71
0
3
123
166
77
0
59
67
147
0
4
5
513
14
115
0
0
0
0
3
64
142
460
0
2
0
0
5
0
0
0
0
2
0
0
0
175
20
0
3
35
148
1
13
4
0
1
3
136
0
117
0
123
78
0
8
5
0
0
0
1
12
0
0
12
133
47
0
1
30
191
2
28
0
39
0
0
0
0
0
0
0
19
0
0
8
0
0
0
27
0
2
12
0
1
27
0
8
0
14
4
129
4
0
362
5
0
33
1
14
0
5
0
4
0
1
3
3
0
6
47
0
1
0
31
86
69
180
0
0
13
0
20
0
1441
0
116
64
826
1
0
1859
247
0
0
0
646
2
0
1
28
0
0
4
28
0
66
0
4
321
36
507
0
2
3450
102
0
7
0
27
32
0
0
405
0
597
0
0
331
0
14
0
2
239
0
0
64
0
179
3
4
13
64
1
12
0
0
474
84
0
1
316
1
180
0
54
7
232
12
4
0
0
0
3
0
126
0
0
246
247
0
2
497
0
4
0
0
0
0
0
348
0
227
10
143
824
15
77
0
87
0
8
633
3
0
17
10
1
0
73
0
15
0
0
4
566
0
3731
0
482
93
3
272
0
0
188
0
184
1142
0
13
137
290
47
29
3
0
0
16
125
0
4
3
10
257
4
0
0
0
3
391
1
38
856
19
533
54
15
720
29
13
7
126
565
0
0
255
579
50
0
552
186
55
0
0
4
2
1163
1103
392
8
120
0
28
5
2
1
416
7
30
0
295
41
0
24
3
12
261
82
38
64
0
6
265
1
1
0
0
133
0
39
369
8
0
0
0
15
298
1
28
0
0
310
0
305
33
8
0
2
975
0
166
309
3
0
72
339
99
324
71
1
3
2
708
0
910
42
1
0
0
1
1116
0
635
54
1329
25
298
101
207
1
160
0
1
0
0
14
111
67
90
0
13
17
16
353
0
2
335
9
0
0
115
190
101
209
0
0
1
1817
0
1
7
0
21
0
303
238
1
31
93
0
111
13
0
4
3
85
157
1
0
0
2
35
0
1
6
33
0
418
0
14
0
0
1
0
14
0
65
0
3
0
53
0
42
0
3
51
24
20
42
25
572
0
6
0
0
131
183
19
359
5
0
0
206
3
9
0
416
126
1
0
84
44
0
91
138
173
0
103
0
0
1
0
0
4
94
368
18
9
0
148
443
0
42
0
23
13
193
172
419
248
1139
0
253
254
1
0
0
25
33
0
163
0
115
150
44
0
62
0
59
587
566
376
1
762
1196
0
0
0
0
133
0
0
2
63
12
0
0
0
0
0
1
4
0
36
2245
97
87
5
36
1060
3
1672
0
3
186
0
10
0
0
0
244
26
7
222
1928
1
59
2
0
119
337
5
0
8
0
1
38
0
37
1
73
13
215
5
0
2
546
121
0
0
101
9
0
0
1
0
45
0
3
0
0
0
705
217
44
62
18
0
4
0
0
14
19
432
16
349
212
0
76
53
35
51
0
20
0
0
0
13
0
440
24
13
10
31
31
41
0
1
0
0
0
1
16
47
569
0
0
0
0
1
2
0
0
48
3
53
0
543
13
184
71
0
6
39
1241
26
42
37
0
1
3
2
46
30
3
0
697
0
770
75
2
1
142
25
60
6
1
0
100
21
83
358
0
0
0
850
0
1
0
0
146
0
17
66
0
0
7
0
260
31
0
488
0
3130
0
83
352
7
0
486
3
0
0
160
0
0
0
0
102
0
421
65
0
111
8
3
28
568
127
44
0
0
1
20
0
0
0
3
224
1
0
1
2
33
0
0
108
84
10
0
40
0
21
0
0
6
6
1288
0
10
1
1
0
9
0
35
0
470
0
0
99
8
328
0
6
0
111
0
13
1
18
64
0
1354
40
1
2
0
0
0
0
0
59
261
20
0
12
0
0
6
121
0
17
5
2
2
8
0
83
361
2807
28
233
2
4
8
0
46
0
13
0
1981
0
56
158
0
2232
0
0
2
41
0
101
34
0
10
1
2
66
16
0
14
0
30
0
3
0
22
0
0
0
1
467
193
9
379
283
1
670
1
5
0
29
84
7
28
48
0
21
5
42
176
247
884
0
0
3
0
16
646
142
3
73
875
34
67
0
1382
208
7
0
0
552
31
650
1
0
2
0
63
0
1262
1
131
499
0
9
248
59
0
5
129
811
1
0
11
22
0
6
358
4
8
0
3
0
419
54
1
0
55
8
7
0
0
0
29
0
0
104
46
17
0
603
0
0
74
56
4
2
0
3
2
924
0
872
0
41
0
255
23
162
0
85
0
0
0
0
0
0
0
0
9
46
1
772
0
48
0
2
55
39
1
5
5
177
14
8
41
0
0
0
106
348
0
0
40
0
4
0
0
0
758
0
90
683
0
25
48
178
0
0
0
0
150
6
11
0
20
1
0
0
0
0
8
83
95
28
1
15
11
2
3
0
3
64
5
0
4
77
37
35
0
0
88
1
0
0
21
0
0
20
14
14
96
1
4
0
437
0
0
0
0
0
62
17
0
2
506
34
346
4
420
13
30
8
3
67
248
0
0
0
0
318
81
15
78
303
4
49
159
0
0
0
0
160
0
6
33
0
0
449
0
25
6
8
1
40
83
1
1008
0
316
8
0
2575
9
204
0
277
0
0
687
109
9
0
24
88
0
25
3
0
120
76
3094
35
0
0
0
0
1
858
2136
8
37
6
523
0
246
240
0
0
831
0
83
1
7
351
53
256
50
204
1
2
35
705
31
0
0
0
0
1
230
0
27
20
0
11
0
206
35
325
112
16
71
0
132
0
147
2524
91
1
401
87
52
27
0
21
2
313
8
0
0
7
0
1
1
296
0
8
0
6
55
5
0
0
30
0
111
0
25
0
365
0
272
0
108
0
1
11
9
2
0
0
261
5289
59
68
42
871
0
1041
5
284
1608
4
108
0
28
76
36
0
39
0
22
0
2
4
35
482
18
2
0
0
0
228
23
188
0
16
904
705
1
0
0
0
60
133
0
123
0
239
132
88
28
158
20
32
0
3
528
0
0
0
0
47
1
0
0
92
0
0
12
737
0
0
0
248
381
216
26
201
55
2522
0
72
6
1
22
15
1
4
0
18
220
10
0
0
357
0
1000
0
7
1
0
2219
0
0
12
7
0
3
0
82
170
132
0
22
0
1
44
53
7
1683
1119
2
353
92
0
0
1
169
499
51
0
0
0
48
3
2095
16
160
49
0
62
0
430
21
23
109
2
3
0
4
1082
0
18
0
0
14
2283
86
18
134
0
0
1
0
1
0
102
274
0
19
49
2
0
0
3
329
0
1
67
56
455
0
2
9
5
6
1007
53
0
67
33
1
32
0
0
0
582
61
6
330
1
601
27
1
253
248
0
0
10
285
0
155
1
3
0
0
527
4
0
23
0
0
1
0
15
14
55
25
374
0
3
0
79
0
0
1
156
0
0
0
0
0
0
309
0
0
0
0
9
0
0
0
0
608
3
24
1
65
0
0
0
576
0
0
657
0
0
0
273
27
564
17
0
0
56
149
35
0
37
328
0
0
0
59
3
0
2
5
3231
0
6
69
62
0
0
0
36
2
213
13
34
256
551
0
1
300
264
1
1
0
23
233
1
120
0
65
99
6
62
10
0
32
7
7
0
144
0
10
0
0
45
33
12
126
0
123
1025
29
0
198
0
95
0
284
31
269
0
0
53
848
0
40
4
1
0
277
0
0
0
10
279
1
0
62
53
298
14
6
4
199
0
29
487
171
2
0
0
155
95
634
119
0
32
0
9
0
0
2
0
1
0
0
0
98
17
0
0
1
650
46
0
27
4
3
1
532
16
0
3
0
288
968
35
1888
0
0
0
0
0
197
0
0
13
9
892
0
0
15
0
0
0
269
366
0
0
661
0
5
2
0
7
0
7
0
0
5
3
4
26
52
0
81
59
0
14
0
0
0
133
0
120
596
0
74
1
33
1
9
0
102
0
84
30
1
178
13
0
24
1
2
85
60
0
0
84
0
0
0
283
0
1
0
1264
125
35
306
0
0
1
2
228
103
20
105
4
0
1
2
0
0
169
428
0
619
10
133
8
15
0
0
155
106
3
1
1
238
8
12
0
45
259
82
2
214
135
0
1
8
7
139
1297
389
0
4
448
0
438
0
0
0
7
275
17
280
0
0
0
0
0
0
51
1
0
0
86
0
0
0
65
1
0
171
0
0
0
2620
0
27
461
0
186
0
7
0
0
91
0
13
0
57
70
426
0
211
0
94
0
0
0
0
0
1
37
0
7
0
31
0
0
0
17
0
380
219
1152
0
25
11
129
6
1208
0
21
0
0
0
209
0
112
0
0
309
0
38
0
0
3
1
322
162
56
64
90
22
0
3
7
0
29
0
2
71
110
20
0
0
2
1
102
114
23
129
4
98
0
5
91
0
2694
0
182
0
0
519
0
61
31
358
0
3
0
15
20
2284
61
6
12
0
0
0
0
1
46
168
94
1
293
189
112
0
350
56
31
34
0
11333
11
32
3
184
226
121
3094
0
234
14
12
25
68
0
467
8
0
175
47
0
263
82
6
183
0
0
2
611
0
24
24
8
52
2
2
0
0
4
0
0
85
47
109
2
449
0
0
0
2
52
273
16
52
1544
0
5288
6
1
74
0
0
0
9
0
0
0
212
137
12
0
20
166
747
0
50
171
139
0
196
0
0
3241
21
0
0
2
0
6
4
0
109
0
4
61
1641
13
338
20
0
343
665
650
159
35
0
86
476
2
0
12
27
1092
0
0
390
10
0
0
0
0
1
156
13
548
0
3
32
1
25
3
1755
77
0
0
0
4
233
7
0
0
45
0
2
0
16
114
685
23
143
501
0
1
0
88
0
0
0
9
8
128
4
0
346
121
68
0
496
481
49
49
24
3299
3
0
0
2
1656
0
0
0
8
1
0
0
0
9
78
11
0
6
0
397
3
0
70
1026
0
835
23
32
4
0
0
4
70
35
8
0
6
0
0
58
0
0
0
101
261
26
0
97
393
0
0
158
41
2
57
327
3
0
19
0
0
0
0
124
740
0
0
3
476
22
0
341
0
2813
34
0
0
255
0
10
40
31
1
124
13
60
1030
95
0
0
15
0
0
0
0
47
5
0
142
0
5
3
137
0
46
4
0
4
0
54
24
80
43
3
1
63
0
59
0
1
0
6
1874
9
1
1
15
0
85
1
0
79
6
34
174
604
0
0
52
35
49
109
0
100
23
2
6
274
170
103
18
0
19
1
0
0
0
3
1
105
6
4
0
2
85
90
484
20
0
2
96
181
163
2
173
4
35
3
0
78
0
0
5
0
0
0
14
19
0
77
8
0
0
0
0
0
265
0
143
3
0
0
59
2
184
11
1035
66
108
0
7
112
1
0
1
1
0
46
0
9
5
0
0
0
19
378
0
1
0
0
468
0
0
98
0
238
95
0
396
0
12
1643
0
128
3
0
0
18
0
9
6
15
5
1
8
137
1421
173
62
660
0
14
89
349
5
1119
62
5
25
126
241
25
2217
16
9
19
0
0
0
56
163
312
7
215
265
2
0
0
256
1
0
0
5
10
1709
16
0
0
15
370
79
1
2
0
9
4
86
0
726
259
19
7
148
0
98
0
5
5
7
751
508
923
0
354
0
86
135
84
0
0
7
0
2
0
578
0
120
109
2
9
1975
28
92
55
201
12
3
4
22
2677
3
3
0
85
0
201
1301
97
0
84
7
206
3
16
0
273
220
4
0
6
162
251
0
9
0
16
30
4
0
20
0
0
3
0
0
102
0
2457
0
0
68
1836
1
31
5
2
7
0
62
0
1
8
482
10
0
263
107
109
52
0
4604
299
13
7
1
2
25
0
0
168
0
0
0
82
37
0
199
0
1
7
7
0
144
0
1228
12
55
604
109
400
0
94
0
112
3
402
9
274
0
0
0
0
8
357
10
0
1
1133
37
203
0
376
133
161
110
32
6
0
13
0
2
0
0
0
156
0
0
436
0
8
52
808
32
1
0
4
13
1
0
0
42
510
14
1
535
99
142
0
1
0
164
1
0
77
244
3
0
0
213
0
1
12
3
2
66
2
0
6
38
0
248
0
96
3
0
0
0
0
63
1
16
0
48
98
1
0
392
0
158
0
244
7
0
12
13
114
154
256
2
2
0
47
0
0
54
2
233
76
5200
0
7
8
64
93
25
0
4
0
36
14
0
1
1
0
0
3
0
0
310
32
3
7619
1793
2
0
0
0
319
0
94
0
516
95
0
1
783
327
0
1
3
215
16
0
0
35
19
0
179
1313
0
2220
0
0
270
551
116
21
1
0
0
531
1066
0
39
0
218
0
0
0
2131
337
1
0
0
489
143
2
167
0
0
2
0
7
67
473
1
127
0
1
0
0
8
0
38
19
0
22
4
26
0
0
83
17
13
0
317
0
35
0
65
1
5
1034
3
0
0
59
26
0
174
1435
4
72
36
5
214
13
0
2
49
1
10
571
0
11
1
0
0
0
49
151
344
0
0
111
198
130
52
0
122
52
311
9
0
252
17
14
1
21
8
51
179
0
197
8
14
4480
286
125
0
166
1
497
87
0
0
100
139
10
10
5
16
0
2
0
0
0
3
0
16
611
141
31
0
2
8
0
31
11
1622
1
0
0
0
3
0
70
2007
0
25
9
0
96
0
0
256
159
0
1
0
0
23
191
36
29
18
62
0
3
38
2
0
32
0
7
90
14
2
0
444
4
0
1
0
296
0
14
123
0
0
53
14
67
0
5
2
70
0
34
0
0
0
2
153
1
0
166
36
17
1
390
1
46
0
125
31
20
0
0
4
5
635
24
0
0
5
0
23
0
0
104
16
49
160
0
3116
39
15
182
2
9
0
2
144
20
66
0
73
0
0
115
901
8
112
2
12
105
31
0
0
125
0
0
0
190
1865
0
11
116
98
244
1
0
1
0
47
6
1996
0
44
0
5
303
45
16
161
7
32
0
49
0
2
5
1
1
0
169
84
0
2
1751
1
0
1
0
33
211
6
0
163
0
9
16
165
433
1
141
0
11
348
19
189
0
0
3
66
0
1
0
198
11
267
385
0
13
0
0
13
10
71
0
0
202
29
86
0
0
53
33
623
2
0
86
0
5
0
1
443
3
196
5
0
0
0
62
2
396
455
0
5
19
135
138
34
0
0
14
104
1
18
4
701
8
148
0
72
3
0
0
0
0
307
249
6
2
47
0
2
196
0
0
30
2
5
0
2
0
130
0
0
23
3
0
956
243
11
537
0
0
0
474
0
4
0
50
0
0
18
0
10
0
200
700
9
0
1278
0
0
0
81
308
1
72
10
0
4
0
1
619
78
1
2
0
29
0
0
0
0
0
42
12
0
0
1
0
0
0
3721
0
15
1
361
0
18
0
0
1171
56
39
6508
94
0
340
0
2
14
25
33
0
218
1
472
0
0
536
0
71
0
0
10
516
35
0
3
22
196
375
348
22
0
0
101
2
0
0
14
0
4
1
6
0
2
33
7
217
82
0
0
0
11
131
36
2204
1
26
0
31
0
843
61
66
16
741
0
126
18
0
114
319
0
0
14
125
47
51
0
0
0
0
83
580
16
6
5
16
1443
2
0
251
17
153
16
0
381
0
16
4
22
409
18
29
9
410
0
55
4906
5
2
0
85
0
124
103
5
145
130
716
382
0
0
35
0
3
19
255
16
15
2
8
224
0
3
16
0
0
0
3
0
0
4740
2
0
0
636
0
34
0
42
986
0
0
7
4
7
0
0
13
85
68
318
1
0
147
145
84
462
239
30
0
107
0
56
629
0
108
1
23
1091
0
40
31
0
0
290
11
275
57
2
0
11
0
2
0
0
0
408
1
0
352
144
0
9
0
132
2
96
15
54
2
0
865
0
139
0
542
94
0
12
584
0
42
13
4
0
307
0
42
107
289
1
0
0
2
23
342
0
5
0
715
0
0
0
0
427
0
2029
0
4
60
0
0
0
145
0
61
0
99
0
2
69
0
39
0
10050
2
17
9
0
0
0
45
3
0
0
44
0
1
1
0
422
0
374
23
76
0
0
210
36
0
2
0
0
6
0
184
72
1
0
136
2
0
322
1
327
0
0
177
0
0
31
70
0
240
16
6
1
0
0
0
0
190
0
1
0
0
191
8
0
713
0
0
2
12
28
0
0
0
137
2
4
2
36
7
0
0
27
273
0
10
75
3
39
2
0
513
3329
0
0
0
0
192
0
92
5
14
0
0
3
0
326
9
21
6
0
254
0
11
76
14
40
3
0
18
0
5
145
12
0
77
1217
0
144
0
0
8
67
0
6
0
8
79
13
188
0
26
0
0
0
8
680
0
185
0
2
5
61
0
0
15
31
0
244
16
1
18
0
0
29
7
0
38
82
2
1
5
0
6
0
74
0
0
8
21
0
985
0
26
1
134
0
86
14
218
1
3
10
0
669
10
6
43
0
0
3
11
620
0
0
5
0
9
142
37
167
76
2
0
227
0
27
1
602
1661
2722
0
17
9
260
125
0
2
0
166
25
24
2
100
79
1145
97
234
131
1158
273
1
0
11
0
80
34
0
140
0
10
16
0
3331
1
10
1
7
29
0
1
237
1
37
4
7
0
0
0
238
0
13
0
0
0
5
11
3
0
257
10
71
0
725
7
3
2
2
89
0
6
0
4
39
0
393
73
0
8
1200
10
13
0
0
0
0
287
8
0
0
83
2
3
0
0
49
954
214
0
0
0
0
170
0
5
0
0
3
0
8
11
0
0
0
280
4
0
1
5
327
671
217
759
0
2
139
0
0
0
130
593
126
7
0
55
0
0
11
71
0
0
0
0
0
0
3
1
0
0
0
0
6643
6
37
19
1
16
10
239
260
342
0
0
0
284
0
21
89
0
0
0
63
134
12
0
1
76
1
477
117
11
4
15
0
0
48
9
0
10
0
21
3
0
7
756
63
1
146
23
17
121
1570
7
20
0
1
25
1
190
48
810
1000
0
0
3
10
172
0
14
0
92
37
25
142
10
178
0
0
72
2
945
3
0
0
4
7
0
9
0
14
34
0
90
0
217
303
30
190
0
20
12
57
67
3130
339
0
0
180
3
35
0
878
0
0
2224
0
1
0
0
0
6
5
0
251
0
0
520
0
0
0
6
1
9
11
0
1
413
0
76
75
3
0
0
613
12
3859
3
85
0
116
477
0
0
111
21
3
16
0
0
58
0
99
0
0
379
2917
10
29
112
617
0
14
3310
1
0
659
567
0
119
30
2475
0
0
0
310
0
70
1
0
489
0
40
0
0
0
3105
644
6
15
115
0
314
961
18
0
2489
0
1
9
0
41
1
1
711
0
0
28
206
119
0
483
3
266
22
10
7
0
25
0
307
156
177
0
0
9
0
599
2
0
960
306
0
0
23
5
116
0
565
63
129
164
0
0
1602
295
94
63
1
0
248
268
270
0
0
140
73
0
0
0
0
110
0
15
5
1109
188
0
0
5
0
2
291
40
0
131
15
0
39
116
0
72
542
0
0
29
46
44
0
35
0
243
1
24
0
117
0
0
0
28
239
0
798
93
1
0
210
83
67
102
12
30
0
174
1
21
14
0
9
0
0
0
0
3
0
2139
556
26
4
0
0
2
2038
51
29
14
20
0
577
0
0
2
0
195
120
112
21
0
113
445
177
0
37
17
0
1
0
3
0
0
19
556
126
0
21
105
11
35
2
0
4
0
45
1749
0
0
0
9
37
0
33
0
2
12
12
5
256
2900
1282
0
230
0
17
0
0
0
0
0
448
6
621
206
557
3
147
0
505
2
459
3
4
22
16
14
185
477
774
1090
0
314
0
17
0
19
145
14
550
32
165
11
30
3
0
24
4
11
119
46
0
136
95
0
803
20
22
581
32
467
108
499
31
427
10
0
2
1
1
1
44
711
0
32
363
0
177
0
0
49
222
285
0
0
0
0
8
0
17
48
954
0
4
312
529
0
616
91
0
318
2605
62
30
182
9
2
351
0
1884
71
34
133
39
0
2
0
1
13
0
0
2
9
0
1
0
32
1
18
0
0
13
104
1
1
0
8
0
9
0
0
433
2
1
0
255
12
0
0
90
519
1
126
0
580
137
24
46
605
391
4
22
0
0
0
50
147
17
2
0
0
0
0
0
0
0
0
44
71
11
0
2799
0
5
0
30
8
109
0
0
142
0
79
108
36
0
1
0
565
30
0
6
0
0
117
219
1
0
129
1
275
0
353
0
915
812
2
0
17
358
0
12
77
0
259
123
6
342
66
1
0
0
0
70
179
310
0
8
0
2
58
0
2316
43
0
0
46
0
0
9
0
120
407
8
742
163
1430
14
52
200
559
688
4
0
10
6
21
107
0
456
7
0
2
0
6
1
5
7
0
0
23
1
0
0
209
93
0
2
0
44
6
32
9
123
1
2
0
168
12
753
4
46
0
147
0
68
257
3
64
9
130
0
391
70
361
1
234
67
2
0
0
13
85
18
86
22
9
8
94
130
0
547
885
88
0
2
239
8
0
270
0
68
0
55
0
0
0
0
37
9
4
0
743
198
11
5
378
4
0
201
181
0
0
0
48
1
17
18
0
2682
184
0
95
68
20
0
0
105
13
394
369
4
2
75
21
71
0
0
31
0
5
0
21
1
0
0
32
18
0
33
0
20
12
107
107
0
1
7
4
1399
32
0
1
73
0
0
8
49
364
98
0
0
295
3
2
0
0
191
711
18
0
135
0
1
13
36
32
59
0
519
253
143
0
0
9
7
6
4
24
54
21
1
0
17
0
0
2978
0
0
32
7
527
71
5
3
0
4822
1065
126
105
0
6
0
0
49
0
2
83
87
682
776
2
711
6
322
0
0
0
0
105
0
0
0
0
0
49
1
65
0
647
6
29
0
44
0
147
3
203
0
0
0
1061
59
2
0
0
0
0
21
13
0
71
1
188
5
180
313
8
0
0
0
0
3
35
0
200
808
0
0
0
2917
3
0
1
3
114
1
27
2
22
56
1
4
102
1
0
14
0
57
462
0
19
471
4
3
0
103
0
0
2
67
0
0
169
0
5
0
0
243
0
7
4
0
0
0
0
931
0
0
7
0
748
0
165
12
0
74
107
2
0
111
0
10
1
0
260
0
0
43
0
1
7
32
0
9
0
3620
5
3
0
0
19
0
192
23
2
5
75
33
13
43
69
0
0
0
0
288
74
0
1
0
0
92
35
69
18
0
25
182
1795
0
0
0
158
34
1
244
752
0
0
147
33
1
2
4
861
0
15
102
33
0
54
0
2
6
0
1
3
26
11
10
0
434
171
299
23
1
153
0
2218
0
1
0
6
116
29
1431
51
0
3
41
378
0
0
86
2
9
4
6
15
182
9
91
3
0
60
431
0
0
709
8
948
0
0
0
0
98
1
395
0
26
0
1
0
0
1174
535
0
51
183
7
112
1019
703
70
26
11
0
0
0
0
135
3
73
54
179
5
162
158
149
0
0
0
0
7
8
16
39
0
0
169
0
40
117
0
612
0
2
247
82
11
872
3443
5
7
11
81
0
478
0
2
0
704
0
0
56
0
0
1069
0
7
56
0
769
1
0
0
1659
21
382
251
200
2
391
326
0
256
26
2
37
191
25
57
0
0
8
0
5
389
4
12
0
0
5
0
0
207
33
0
25
62
48
52
702
22
0
0
0
723
336
17
7
2972
0
0
53
0
1
0
75
0
37
0
8
1
1
11
334
6
75
188
31
0
0
9
11
0
99
297
1
893
1
0
0
5
1
0
2
29
668
0
6
21
15
0
2
0
101
25
115
14
0
0
298
1
74
203
0
0
232
203
4
1
1901
60
8
1
57
0
291
0
1
0
0
1320
0
0
0
0
216
0
7
21
0
0
15
1
184
54
0
290
59
8
0
5
66
0
33
1
0
61
0
1
0
189
0
18
17
0
200
46
42
346
22
15
158
0
0
689
0
13
0
0
0
411
11
0
119
0
57
44
5
149
0
12
66
51
113
3
313
11
0
142
0
0
0
769
55
0
108
75
0
0
1
260
1
149
0
0
0
0
38
0
0
5
0
24
130
0
32
0
0
72
44
556
111
0
0
0
98
8
42
0
74
28
0
3
9
0
0
1
0
16
0
8
45
0
0
0
0
973
0
4
32
6
0
0
0
111
272
3430
2
0
55
22
1
11
304
88
0
20
75
37
4
0
13
2
7
51
212
0
0
36
0
0
1
18
5
0
0
0
10
0
0
0
10
0
61
95
0
55
206
24
0
1
76
0
0
113
0
0
176
0
2
127
0
722
0
108
7
2
4
0
0
3
7
0
4
1
0
2
7559
29
99
0
0
0
24
60
92
2291
3
3
19
2
0
104
65
1
1300
3
146
1
1
50
0
0
228
0
0
4
0
2
93
6
989
0
0
1936
26
0
2518
1
0
268
248
10
0
1
520
0
123
1073
4
12
0
1311
110
44
0
35
24
0
0
2
0
78
2928
356
0
1684
0
98
211
2
0
14
0
203
173
6
0
149
48
142
22
9
905
119
1
0
144
434
0
76
0
0
0
107
64
66
34
60
4
13
0
3
6
0
0
0
0
140
0
429
0
105
0
0
0
61
3240
0
102
0
39
17
0
22
53
5
3
49
122
0
0
0
0
0
114
0
0
0
0
13
54
10
31
495
0
0
0
1
0
0
184
1
6
0
10
0
219
3
0
0
4
0
21
47
0
0
0
153
135
3
0
0
0
17
1
0
84
37
0
33
8
341
59
0
17
0
0
293
0
0
11
0
5
0
84
0
34
0
1
0
30
145
58
4
10
0
0
11
0
162
0
52
39
71
714
0
0
0
0
1
0
5
0
0
0
48
90
1
0
0
149
0
38
0
135
79
2
20
24
6
0
14
26
0
6
1
0
0
2
13
0
55
5
0
525
121
61
37
41
0
113
14
0
129
18
129
151
53
1
0
13
8
0
5
1184
9
1
158
0
2
0
130
85
2
0
38
0
0
0
35
1
0
4
102
0
0
5
2
0
0
223
0
763
12
0
9
487
0
4
7
51
0
50
3
2
0
3
26
78
0
0
348
2
0
0
0
0
0
0
1
101
15
0
0
0
5
10
320
0
0
0
19
1
0
26
478
15
0
2
0
0
0
0
11
17
51
0
24
34
21
0
0
73
43
4
1
0
0
0
0
52
0
3
0
76
0
0
0
1206
0
134
27
6
66
0
1
0
0
161
182
0
0
0
0
6
33
0
19
3
3
442
12
122
0
5
38
317
911
0
0
0
4
131
3
24
0
1226
0
0
0
4
94
0
9
1
3
107
0
138
44
3
0
2
0
346
7
6
425
32
0
0
37
0
9
122
123
0
0
16
0
856
18
0
0
4
0
25
0
0
9
58
284
0
0
43
3
0
88
0
9
164
0
0
0
134
6389
0
0
0
0
26
0
20
0
53
94
11
1934
1
2
0
5
167
64
6
35
26
1107
419
0
1
0
1
46
168
0
0
31
0
182
7
508
0
21
0
0
0
332
128
0
45
123
2
0
554
114
43
7
229
7
14
0
0
17
2
0
0
588
11
0
0
20
0
14
122
4
0
2
0
242
246
13
0
1
39
3
105
0
4
0
38
156
0
4
0
0
12
0
0
0
660
0
48
0
12
10
0
0
0
12
40
54
0
0
0
29
0
61
108
0
234
157
6
0
0
1
15
0
17
31
0
0
0
2756
5
0
256
0
0
74
2
3
21
60
5
1
247
17
182
0
14
0
5
37
101
1
0
0
0
0
37
1
1
0
0
26
63
10
0
0
1
0
12
175
118
3
0
0
111
65
2
52
96
238
64
0
19
20
52
0
2
25
6
953
0
164
6
1
0
0
0
7
1
15
2
131
5
0
0
0
26
86
1
183
0
61
493
70
0
6
1
1
2
134
1
0
0
100
0
24
3
24
0
89
0
0
4
318
20
104
0
0
0
238
0
23
0
1
27
115
0
32
1
571
0
5
7
1
7
25
0
69
637
0
0
0
167
23
23
134
0
0
2
4
0
0
5
129
900
214
13
0
54
48
57
425
0
6
0
1
0
660
0
129
0
226
0
25
67
0
0
1
68
340
119
20
11
34
1
19
2470
1
98
11
1
41
25
12
45
0
0
0
1360
3
0
474
52
0
704
1
9
8
0
25
39
315
53
4
320
0
0
0
1
491
6
23
1
107
3
4
0
3
0
2
122
67
0
17
83
0
0
37
472
0
0
108
5
0
0
5
4
0
213
0
993
2
3
1
0
21
10
1
1
218
24
798
119
28
256
1
74
0
411
2
0
489
37
0
0
1
181
0
2
9
246
0
47
0
11
2
109
0
1
9
1
0
98
1
0
0
74
52
3
183
30
0
3
0
1
57
2
127
66
216
0
4
12
650
0
8
0
0
182
25
1
4
621
188
27
0
0
0
24
0
2
185
0
4
0
75
0
14
0
18
1
1
104
0
21
0
443
0
2
11
0
0
3425
1
113
0
0
0
0
74
136
41
0
615
2
141
0
0
89
0
0
67
17
153
0
3
19
1036
271
47
0
4653
0
63
71
0
55
0
4
9
298
46
39
129
0
2
6
43
0
0
78
0
0
3
31
29
10
0
828
11
147
0
419
84
20
226
1200
97
0
2
8
0
2
854
19
107
37
0
0
3
3
14
0
0
33
70
174
171
0
25
1
0
180
19
12
17
0
267
4
720
0
32
0
10
0
23
51
81
0
83
37
10
21
2
0
1
0
48
84
56
2
26
0
43
25
0
0
5
467
0
12
26
0
1
466
0
582
951
3
0
826
1
1
146
23
7
196
0
196
1
45
97
1
0
112
0
96
19
0
1
32
1
446
8
0
0
31
70
0
1
0
0
0
149
81
9
5
17
214
228
9
29
505
139
0
0
1
427
61
0
0
100
35
179
0
6
0
36
0
1819
394
0
0
4
0
94
0
0
0
0
0
123
15
0
2
0
0
0
26
395
2
0
13
0
11
0
157
0
0
55
0
7
0
164
1
0
0
179
1
283
228
44
606
76
0
213
2
0
29
0
46
3
0
88
0
0
3
0
1
0
2084
1
0
1
18
995
0
308
0
28
0
0
11
35
50
53
44
0
87
5
5
0
13
221
53
21
8
0
9
7
0
0
0
554
152
205
57
758
458
2
5
0
0
2
160
39
0
366
524
579
79
3
6
40
705
2
12
6
276
0
165
0
421
46
157
0
1
1
7
466
9
39
37
141
38
244
46
45
0
7
0
1
0
0
5
38
126
0
2
145
0
1
0
247
0
10
98
1610
60
0
353
2
1
9
0
177
0
2
0
1
132
2
7
0
12
73
12
16
0
0
0
113
0
60
0
3
0
13
30
0
2
0
122
0
1
1
6104
35
2
0
0
47
49
70
57
380
1
0
1477
0
0
707
0
1
0
2
622
58
0
4
995
116
0
0
0
0
0
7
2086
1
0
11
14
1
905
0
0
0
2585
25
265
0
126
0
911
1
12
8
0
0
4
13
0
4
0
0
222
12
0
1116
0
2
4
14
0
0
798
8
0
0
0
45
0
0
87
341
1
106
20
3
15
197
897
35
0
0
2843
85
0
538
2026
0
406
383
22
2
1
1
3
9
241
3
0
0
0
0
2
0
0
0
10
12
43
1
0
70
1
592
32
2
50
0
95
42
1
0
503
3
0
12
0
4
2
0
67
570
196
0
9
57
29
24
16847
164
11
26
1332
721
0
6
13
0
50
0
1
45
0
1044
2005
0
2
0
54
301
57
131
398
20
0
0
0
1217
129
0
0
33
0
2
8
718
18
97
1
1
1
181
0
9
856
64
0
56
0
0
22
281
0
13
130
500
1
9
752
142
0
0
2010
0
0
123
0
3
0
0
10
0
2
2
249
17
187
0
217
128
0
0
19
181
83
0
52
0
0
40
0
491
26
218
19
1
2
0
0
25
1
1
1
92
2182
555
254
0
18
29
0
107
0
16
0
5
23
274
99
0
2
181
6
253
0
2
41
0
0
0
2
0
372
68
50
8
0
453
6
0
0
62
5
61
435
1
3
62
7
0
105
0
51
2
0
0
7
0
11
61
0
211
0
1
0
13
0
110
8
530
0
31
597
6
0
0
68
0
22
494
20
0
0
0
0
57
7
62
36
0
6
5493
67
0
1
0
1
1191
0
0
2
112
1
14
4
65
0
0
0
314
0
0
1
1
0
60
0
5
0
308
43
0
804
100
1
391
0
15
0
0
340
0
0
4679
94
0
0
0
131
105
0
10
7
0
487
0
46
2
7
0
0
2
0
3
0
1
63
1
7
17
0
49
2
0
631
7
2
0
1
6
4
0
0
0
0
0
0
0
5
0
74
7
128
152
2
0
78
0
108
0
1
0
27
0
4
0
0
307
5
96
29
6
2
22
0
219
0
1
98
1
518
0
388
782
0
2
3
0
0
49
2
57
4
0
2
105
1
280
0
0
48
6
279
30
492
206
0
31
0
228
244
0
0
142
10
11
0
287
1
3
63
7
447
34
258
0
2938
21
216
3
0
520
0
103
116
7
0
0
0
105
20
51
0
0
0
122
0
1
6
246
9
0
0
0
298
192
183
111
55
2
1
1
22
0
0
0
10
0
26
287
0
53
1
0
0
825
0
8
0
200
0
161
3
9
20
264
0
5
0
6
5
10
34
93
0
175
1
118
0
0
0
0
15
0
109
0
80
0
15
0
0
0
0
0
4
0
0
189
28
70
1
0
63
25
0
5
1
0
0
40
43
163
800
2
45
3
432
0
79
0
8
766
47
4
56
7
414
20
0
220
1140
23
1019
6
249
7
0
5
0
7
16
1
1
6580
0
388
0
49
0
135
0
50
194
161
0
45
494
0
325
0
0
0
93
0
0
1
11
0
0
68
0
12
0
1796
3
0
16
0
6
54
0
0
683
13
42
0
44
9
0
2345
0
0
125
131
0
270
0
4
0
0
41
2244
667
0
0
0
0
83
6
0
0
1282
592
15
2
51
0
32
8
0
212
0
142
120
0
0
0
81
304
0
0
0
1
58
0
9
0
0
0
0
1
4
19
0
0
8
15
2
0
2
2
0
0
0
60
0
0
0
0
38
69
159
1706
41
6
276
0
0
0
1
2
0
0
4
28
0
120
0
0
1
0
3
0
0
0
4
2
198
0
4
0
0
35
1
10
10
413
407
143
7
21
41
0
2
7
0
68
5
9
0
0
3
0
0
35
0
0
1858
1
0
0
0
0
44
0
176
6
27
459
0
0
41
0
319
1
0
5
0
0
24
51
0
119
169
397
515
0
0
0
0
0
10
77
0
234
207
0
20
0
34
513
0
18
32
25
17
34
216
12
116
3627
703
0
0
3
43
0
1
2
151
2010
20
2
4
980
2
0
0
2
11
66
212
279
1031
317
2
0
26
1
975
0
0
63
418
0
0
2
178
890
2
396
184
0
325
3
0
11
148
111
87
48
0
175
29
78
0
245
230
1057
0
0
13
0
20
0
0
213
5
0
8
46
700
0
15
128
107
13
0
0
362
1
22
0
0
0
14
358
0
0
9
0
0
0
0
0
58
44
144
170
214
0
74
2
0
81
448
101
74
2
81
4
0
3
18
129
0
1782
11
0
115
0
0
25
0
4
2
0
0
0
102
2
0
1
12
0
0
221
0
661
0
0
2
0
38
0
0
0
258
0
9
0
2
0
0
220
0
0
0
0
70
12
1
5
74
0
0
340
0
22
1
155
6
0
0
35
70
34
150
524
2
0
215
0
1
14
106
6
1
375
0
32
0
0
0
0
276
73
175
1039
0
0
2
24
135
1
17
1
4
31
0
39
0
76
0
290
0
0
125
0
0
28
4
102
337
0
185
3
0
144
0
670
24
9
482
0
796
1574
1
0
21
0
0
1
1
666
0
249
1561
181
33
31
163
0
7
0
17
27
0
0
8
153
244
85
73
0
176
458
1
24
0
1934
0
0
3
264
0
76
46
392
0
10
0
143
320
0
0
861
3
11
0
1
1212
6
0
275
4
478
72
0
130
0
45
93
533
3
4
6
327
1
0
2
0
0
0
228
0
2626
2
0
864
0
1
9
9
69
46
55
607
0
0
17
88
0
0
0
53
0
63
11
0
0
52
0
4
24
0
370
700
0
90
5
49
0
2
0
10
0
25
0
0
0
0
66
0
204
0
5
0
425
0
0
0
0
65
2
656
0
111
85
152
0
0
0
11
0
0
0
0
296
0
31
0
35
119
0
9
6
26
0
10
4
0
32
5
32
159
0
545
103
237
0
0
293
4
27
65
0
787
50
0
0
41
11
0
104
24
83
14
1
0
0
472
185
62
1
1759
10
0
64
21
26
1
17
7
964
316
68
980
528
0
17
33
0
351
62
1
0
0
49
144
1
1
158
122
1
129
0
823
0
0
37
2
0
246
41
706
0
48
0
50
3
48
1
0
15
568
40
11
36
98
52
6
0
0
55
5
0
28
0
82
508
0
157
0
25
1
817
987
160
15
115
0
140
0
58
0
5
11
2
0
1
20
24
7
520
37
0
0
125
95
14
0
0
0
85
188
0
62
0
36
0
1779
58
13
0
0
0
0
27
35
0
18
49
85
10
0
0
1777
0
7
157
0
250
1
12
0
25
0
83
0
85
0
109
39
264
28
1
1
0
282
0
11
1091
0
23
0
0
0
5
21
0
11
42
13
0
0
10
6
23
0
0
49
2
0
104
13
282
486
2
0
0
27
10
1
787
154
6
31
210
3
0
23
74
0
0
14
252
4
432
0
38
623
82
0
15
195
89
579
1
3
0
164
90
1
95
59
227
11
0
17
0
41
1
0
0
5
9
10
277
118
141
0
253
7
92
0
499
368
0
11
2
56
65
315
257
0
0
14
263
146
0
0
108
23
0
0
0
0
1012
0
0
28
1146
0
0
0
6
31
0
894
1
0
0
36
117
26
0
190
191
0
0
328
0
9
4
134
0
1
1
1
42
0
3
40
2
0
26
0
25
166
0
5
2
11
0
0
204
0
7
538
249
0
1
5
29
39
0
7
861
1
251
55
33
431
0
347
34
0
5369
45
42
0
0
0
1
104
15
1
131
33
0
47
0
0
1
57
5
16
39
56
360
225
3645
167
17
2194
0
3
1
228
26
0
0
566
0
13
72
5
83
44
0
4
89
125
0
0
0
196
3
15
209
2206
0
0
0
0
0
5
44
49
0
2
154
195
0
0
0
0
38
4
41
0
2
350
256
0
0
584
135
0
0
19
0
0
45
0
0
119
1
6
0
48
422
447
5
0
0
0
6
53
0
0
208
1
136
0
0
2
1
0
0
0
2
0
71
5
272
293
3
0
1053
14
0
1
7
0
10
0
1
320
7
0
0
13
0
2
1143
485
0
182
159
0
142
0
81
18
46
38
94
0
108
11
0
0
1
119
0
0
23
64
0
4
0
85
236
4
13
0
0
8
0
0
0
3
2
114
0
0
156
177
0
0
0
0
24
0
2642
242
0
182
59
48
0
1
30
54
23
0
0
154
16
0
0
13
2
0
0
0
151
4
2
82
1
9
14
0
3
0
0
107
43
18
1
0
0
0
597
0
1
530
113
0
10
1
115
42
5
0
101
0
21
33
0
8
0
2
209
0
0
0
0
5
854
8
0
0
1
0
0
20
386
2
196
8
12
11
51
0
0
247
164
0
34
0
76
492
7
773
3
32
7
0
0
0
11
0
466
0
0
1192
0
0
0
1
177
150
3
0
0
0
15
0
26
7
227
218
54
20
236
17
159
2
0
2519
0
6
0
1
0
43
61
670
0
0
121
0
24
1
18
0
0
0
10
0
0
0
0
28
7
38
1
186
36
261
0
48
14
0
14
0
0
279
0
0
187
3
0
0
0
14
0
0
5
3
0
88
0
60
0
171
17
44
0
19
3
0
10
0
4
0
114
1004
0
0
0
80
4
0
3
5
0
28
192
0
75
0
15
76
0
783
0
53
0
47
0
0
0
46
17
0
0
0
1
11
0
0
0
9
8
0
0
21
0
18
0
126
0
0
1
0
0
7
542
0
544
146
0
3
0
0
4300
62
25
32
0
2
113
1515
4
0
0
0
1
96
15
3
7446
3
34
0
309
0
1102
7
578
401
2
118
35
14
90
0
3
49
151
38
460
98
0
4
0
0
1211
0
0
0
78
1
0
3
0
1
0
0
4
3
5
4
0
0
0
6
34
122
0
333
371
938
80
22
4
128
9
0
24
2
0
2
0
0
0
47
0
20
0
31
0
27
1
0
50
58
0
0
9
0
0
0
0
5
39
63
543
0
209
163
7
0
46
0
3
0
16
0
246
29
32
0
0
0
6
21
0
7
19
197
0
29
3
123
176
0
102
20
50
89
17
0
3
0
0
0
0
0
8
0
0
3
59
14
0
0
7
0
5
598
0
1
97
57
0
58
1
103
437
2
14
107
471
390
0
34
1
0
1
22
9
63
436
0
1
23
525
0
0
0
1
0
8
0
1
599
0
9
6
108
0
0
3
3
203
1
6
247
111
200
186
5
141
0
0
0
22
62
56
1
7
17
4838
361
3
0
142
3
91
3
0
839
0
47
0
4828
1
2
76
301
38
2
299
0
39
817
0
0
0
6
0
0
45
10
0
0
20
1
0
1
0
47
34
351
145
7
0
0
0
0
22
1672
19
0
4
38
11
0
16
201
5
0
7
0
1
0
0
16
0
573
0
0
8
0
39
5
0
390
0
0
0
0
0
9
0
1
0
0
82
346
26
175
3
28
4
88
26
17
111
0
103
318
0
0
0
25
503
39
15
17
132
76
1470
2
0
0
0
0
11
111
0
0
1
2
204
3
161
0
39
2
22
60
0
0
75
4
8
8
0
35
5
36
98
0
823
1
1897
6
0
112
0
50
1
0
16
1
0
301
36
1
202
8
0
1107
4
3
0
367
0
0
20
50
0
68
41
0
0
584
0
75
2
30
20
6
25
131
117
199
0
354
2
327
160
295
0
0
16
34
337
0
0
0
1393
0
34
2
28
2
760
0
37
0
173
0
304
0
244
9
14
42
0
0
2855
0
5
1
2425
6
0
1
0
0
1
0
16
103
19
0
0
30
1
15
115
0
57
1209
134
2
68
178
57
0
4
0
51
1353
13
6
818
0
4
11
0
0
1
17
451
1
0
7
0
0
14
21
0
38
1
0
12
111
820
12
0
498
237
0
242
20
0
68
282
73
4
0
61
11
446
11
0
171
2
647
86
3
24
9
0
4692
11
18
23
0
3
0
0
27
3
247
0
0
174
3
37
0
0
24
254
0
5
281
38
3
0
0
0
0
253
167
0
881
0
13
8
0
0
97
12
3
205
0
97
89
488
466
0
1
0
15
121
117
10
75
0
138
0
0
20
41
197
0
0
31
1
0
52
9
1
0
3
0
0
130
0
0
0
1
4
77
39
0
2
5
1
144
0
320
0
207
22
18
184
6
0
195
1
0
0
8
1
1127
0
8
0
0
8
218
0
169
0
0
3
1
4
0
7
0
0
0
0
8
0
10
2
54
0
0
31
62
0
6
162
0
3197
195
2
1
0
842
0
36
253
0
2
1
13
0
0
1
0
0
20
0
0
0
0
0
0
116
1
2
2
0
829
0
51
0
210
182
1
0
0
173
2881
134
0
2
17
11
31
1
23
22
0
3
24
0
48
1
304
54
124
0
33
3
0
0
0
266
2
2
4
0
0
0
1
0
23
104
28
23
10
21
146
0
23
1
182
5
67
0
0
2
126
0
0
438
0
0
0
25
220
63
1
0
0
989
27
8
1
358
44
0
138
30
37
12
2
426
24
1
0
3
72
0
66
64
1
0
7
395
0
4
2
82
7
0
0
0
236
119
552
0
3
0
21
4
0
0
1102
0
168
3902
128
0
0
129
1723
0
7
32
0
20
0
687
1819
29
739
0
913
159
0
43
11
129
44
8
11
10
4
1
11
0
20
0
0
0
3
152
85
80
5
106
164
391
9
1
26
3
22
9
457
2
2
11
172
5
2
0
12
255
0
0
13
0
0
50
0
0
8
0
0
0
0
0
0
0
42
0
0
0
1
3
0
5
113
11
796
0
63
0
0
6
0
82
1
2
898
0
0
0
0
3
56
3
0
899
0
2
191
0
104
23
0
51
13
14
11
0
38
9
0
0
250
233
5
341
257
328
0
3
0
0
0
15
0
0
0
2
0
0
20
0
862
238
0
2462
0
3
1
0
1
40
30
4
48
304
0
0
5
14
100
0
35
5
5
0
0
0
2
0
248
643
416
95
0
12
1175
307
11
0
0
211
40
0
71
98
0
91
17
0
109
0
390
11
5
0
0
0
163
118
21
57
0
2
4
7
37
83
3
2
1
2
183
5
0
4
0
0
0
0
3
0
0
2
44
1
1
0
1
5
8
6
0
48
0
0
0
82
2
4
16
0
0
345
86
20
38
48
0
0
2
0
19
2
19
0
443
1
1
13
1
0
48
0
6
0
7
0
0
11
22
17
0
214
0
13
11
0
16
47
0
0
0
0
2
1
6
38
0
0
4
3
30
6
0
0
0
99
7
2
104
1
0
348
0
1351
342
70
0
0
49
2
119
0
0
7
173
2
323
11
25
0
0
0
0
35
0
0
0
0
2
0
28
2
65
0
0
0
28
18
0
0
56
5
28
2
0
57
26
12
33
209
0
0
0
0
0
0
267
3
104
278
0
0
59
78
0
128
3
39
56
3
0
0
132
0
0
0
26
0
2697
0
160
3
0
0
1
3
0
0
35
0
45
4
15
0
29
0
0
0
29
521
25
0
0
0
5
57
0
61
900
1
52
19
19
2
0
1
1
0
20
0
4
44
1
49
104
0
9
17
1
0
0
0
45
53
2
0
64
229
0
8
0
551
152
37
0
0
8
0
0
2410
10
387
11
18
3
0
21
65
3
12
0
0
0
0
2
439
13884
0
0
0
29
59
59
2
4
0
2
0
0
8
0
4
96
8
12
3
0
0
256
6
4
23
0
32
31
5
3
0
5
32
137
0
1
19
5
823
0
57
719
5668
20
179
24
5
122
16
357
0
0
23
0
29
243
253
244
6
0
0
3393
17
0
64
9
2
1
0
2
0
32
0
45
38
0
2
4
4741
0
0
136
111
3
45
0
341
0
0
0
13
0
5
1
25
139
3
0
0
32
0
3138
0
0
802
0
105
66
0
676
344
7
3
1
0
0
75
0
174
5
42
95
4
263
0
0
37
0
0
16
0
47
281
0
31
588
0
8
0
49
0
0
5
31
0
41
0
0
0
2
94
0
0
0
0
0
370
35
0
82
0
321
332
194
0
2
0
32
59
1
3
7
2
32
2
0
4
0
0
39
0
0
45
0
0
0
13
30
0
38
58
34
0
6
1
0
28
4
2
0
10
0
14
0
2
0
7
140
0
0
34
4
44
8
185
0
4
0
0
269
88
29
18
0
98
30
26
121
87
6
0
2
28
81
2
11
11
0
3237
584
0
0
37
37
45
39
0
6
0
0
1
0
42
0
0
0
0
0
0
0
180
2
210
10
18
130
4
0
0
319
0
0
19
0
34
10
7
1
46
0
0
0
148
42
1
128
0
108
0
296
46
6
0
0
0
0
0
23
0
0
22
1
0
0
0
0
0
0
0
0
0
20
16
0
354
203
40
0
0
132
0
8
0
0
139
65
11
0
69
0
199
0
214
52
0
134
0
51
1
1
42
28
4
5
212
830
0
303
3
0
0
0
625
82
4
27
0
17
0
0
0
3
1069
0
3
150
0
57
0
35
0
5
0
107
0
826
2
3
0
13
0
244
232
0
339
0
0
8
17
2
0
1092
0
0
9
95
79
13
354
142
239
1015
879
32
0
12
12
17
13
0
0
0
57
0
39
0
0
3
3
119
1
0
1
0
1
0
24
569
152
0
133
9
0
28
709
53
17
2
2
38
29
0
0
16
430
8
0
3
1
3
0
197
0
0
85
2
11
420
6
0
49
339
0
463
10
17
0
60
1
706
58
0
15
72
13
122
0
50
0
0
0
94
1
0
292
141
0
1468
1
62
0
187
114
0
483
106
0
0
961
0
56
0
125
0
0
9
11
9
234
170
31
517
9
413
7
1
569
258
1
0
1
7
169
1361
1
240
43
0
26
2
0
0
157
1
17
0
0
9
85
0
11
0
194
0
18
0
21
0
0
0
0
0
4
58
15
0
208
895
0
85
198
0
102
0
0
0
0
4
42
14
70
2516
73
0
68
50
318
0
0
0
0
0
158
1240
16
1
19
130
121
0
73
0
12
2
19
39
0
41
4896
3
0
0
1
0
415
0
1
0
7
1
0
0
0
230
0
62
83
0
72
0
5
14
3667
14
14
0
0
71
0
2
521
0
0
206
0
16
0
4
0
0
137
57
0
0
0
172
22
0
0
21
6
611
3
0
0
0
0
0
1
60
0
0
0
1035
2019
2
15
10
0
74
0
258
29
182
23
0
52
202
0
658
412
1
69
0
0
3427
12
1
79
0
0
10
0
530
1
243
1924
0
0
0
0
2
1
29
4
111
7187
239
0
3
0
0
0
0
89
0
48
14
80
158
1026
2047
0
0
129
0
5
0
434
659
4
18
0
0
49
0
10
1
4
0
64
28
0
107
8
3
0
3
103
0
0
0
3
0
0
6
451
0
51
25
3
4
50
0
7
0
0
957
5
140
12
0
0
0
0
0
1642
82
258
150
0
8
2053
579
0
2
868
1
0
0
23
0
0
0
66
104
39
60
0
231
0
0
8
25
402
78
62
11
0
0
0
5
17
1
183
17
0
7
0
0
0
0
0
2669
3
24
149
16
36
0
1
129
134
11
0
0
0
0
0
89
100
0
0
16
0
0
6
0
415
128
0
0
92
735
47
11
30
0
0
40
0
1
5
2
60
0
0
26
11
0
289
0
5
46
130
160
0
0
46
77
126
37
0
0
7
0
819
393
2345
0
0
2
44
29
18
0
0
1106
0
0
0
3
2
0
0
0
1
23
0
3
0
71
0
22
16
0
39
0
238
626
0
2
0
0
4
0
0
0
125
390
33
3
3
0
139
0
30
822
50
748
0
29
15
0
9
2
1
0
2
2
9
0
79
0
7
153
0
59
55
0
1
0
0
3
1
0
1
208
3
0
3
0
0
0
0
2
59
11
286
627
0
0
113
1022
0
8
5
0
697
4
12
28
253
0
120
0
7
0
422
11
0
0
3
0
0
48
286
0
40
103
240
0
0
45
135
26
0
19
987
0
115
0
132
1060
84
0
15
13
0
1
819
907
4
0
188
3
59
0
0
14
0
0
0
465
56
165
541
7
50
207
2
53
73
87
0
0
62
0
26
0
4
2415
0
49
16
0
90
45
5
1
2
52
0
331
0
21
0
246
212
187
0
52
0
1
0
0
8
0
466
7
2
0
0
0
0
42
0
279
0
0
0
4
0
0
2
4
0
30
2
173
132
3
195
17
47
36
2
93
35
0
49
26
141
0
1614
0
179
0
23
60
0
0
238
0
817
227
347
133
8
0
0
0
0
2
16
0
0
11
67
0
551
167
0
0
533
1
0
0
3
0
4
0
1
0
2
7
0
8
0
216
4
133
0
0
1
0
225
0
10
0
161
0
304
29
0
0
170
0
0
6
0
1
0
47
1
93
0
96
886
0
354
0
38
2
7
0
55
709
89
97
93
67
133
19
40
0
21
0
156
0
344
25
0
185
0
160
166
1
108
0
98
0
0
514
187
82
0
62
36
0
237
56
0
0
0
0
0
119
0
117
0
87
187
0
0
767
370
0
0
334
0
15
2
58
0
0
147
54
54
2097
611
76
67
1
0
6
0
16
0
114
0
8
70
190
263
0
22
150
30
0
21
65
0
0
155
98
1
24
102
0
2
0
2
11
18
0
0
25
67
38
0
563
1604
1422
15
249
1164
0
90
5
16
315
30
50
69
34
0
85
0
0
28
116
0
1
4
100
150
0
5
0
223
8
3169
57
30
171
21
0
0
648
177
58
4
3
1
65
51
0
127
13
0
140
500
3
108
29
0
0
0
15
416
227
68
0
0
438
0
0
0
0
0
16
913
0
5
0
0
8
28
1
0
154
5
0
0
797
16
0
4
65
46
554
134
0
0
0
0
37
22
0
0
4
0
8
0
35
0
0
78
1
0
5
66
0
24
0
3
0
8
128
0
5
0
92
0
232
76
0
46
0
1
19
98
1027
22
71
1
80
46
0
8
0
41
8
4
0
305
216
0
97
3
0
0
91
0
29
688
0
0
0
0
0
0
9
9831
15
0
103
2
66
3
7
0
1
25
5
0
0
0
94
14
23
0
44
17
25
0
707
0
3
1
40
19
808
127
4
1
0
5
9
1604
0
0
1
1440
114
1
0
1
2
0
0
9
176
106
3
39
0
0
48
0
7
0
0
28
97
0
8
22
12
7
336
38
0
264
96
0
0
104
1
5
0
158
0
348
0
0
0
1
6
0
0
601
0
0
787
12
1
0
20
0
0
0
0
0
18
0
27
5
0
45
1336
0
0
613
0
0
3340
10
332
90
8
3
7
2
0
222
0
115
49
0
73
7
0
51
1268
923
0
0
5
2
3
36
2
96
0
0
0
3
958
269
59
232
21
0
141
79
0
0
1
3
0
0
136
0
101
0
60
0
213
1
0
9
0
0
0
0
0
38
0
0
31
0
17
0
0
2075
23
0
30
0
0
11
49
0
0
10
0
0
0
0
7
0
262
81
347
10
12
80
2
0
0
1
6
0
10
53
0
0
0
10
63
27
0
528
36
3
576
196
0
346
7
0
11
0
1
0
0
7
52
4
53
0
19
0
32
0
20
0
0
1
0
50
2
24
388
361
13
0
0
0
0
23
1
1
673
689
23
0
0
3
4
1
0
0
1634
11
0
345
104
0
115
0
0
76
1
43
263
1
0
68
0
0
1
0
1
0
129
0
0
20
98
0
9
2
0
88
0
177
0
3
16
30
110
11
0
0
154
48
1791
16
225
8
444
0
332
11
0
47
0
26
11
1008
650
0
1
31
40
0
0
918
0
0
264
15
11
0
1
0
0
0
49
0
0
14
108
459
0
0
21
206
135
0
75
0
0
0
3
0
0
0
22
134
7
2
0
9
22
1
0
4
0
381
1
0
24
96
293
22
24
35
105
0
76
44
89
41
0
28
351
58
6
27
0
88
292
42
234
0
0
10
0
13
107
14
0
10195
40
2
3269
69
2
0
70
250
0
156
0
0
2
134
0
0
0
1
212
0
0
0
10
0
62
0
0
0
142
0
0
315
15
35
0
48
0
0
19
0
3
0
198
2
0
22
0
4
7
0
45
0
21
76
0
2
0
128
4
744
128
37
415
103
29
0
3
1
0
66
1
0
4
9
62
0
7
455
0
0
128
8
782
0
81
0
108
663
6
0
1
2
68
1610
0
0
0
0
1
1
0
0
0
0
61
59
11
0
44
45
92
151
0
798
616
0
24
158
172
0
68
4
123
583
1
10
0
1
0
2
201
1
48
0
0
1
21
0
0
4
0
21
19
2
105
0
0
0
3
1
16
0
0
89
1
158
132
8
0
466
20
0
21
3
94
0
0
0
7
0
0
0
32
0
6
0
1027
233
0
0
1105
0
15
102
810
9
1
9
163
0
0
0
0
1
59
540
3
88
21
123
29
0
640
51
9
10
3
0
2
0
13
1936
1
64
1992
2
0
2
0
0
848
110
0
0
9
760
0
319
0
83
145
38
121
0
0
128
0
10
4
0
0
996
0
1
75
32
0
57
0
81
9
0
48
1
35
0
16
472
310
10
0
0
129
17
0
331
16
7
0
0
0
0
0
21
176
0
106
13
0
415
38
0
1
0
305
5
11
45
117
8
0
0
8
0
424
0
0
0
237
3
0
0
0
210
2
353
0
0
59
0
0
2
1
0
760
3
1
0
27
85
0
39
0
0
0
0
40
27
0
9
0
0
7
463
144
0
6
2
0
73
0
1
3
2
299
219
394
11
36
184
0
0
70
3
143
238
0
2
140
29
129
23
400
9
799
0
674
175
5
0
0
1
0
28
20
98
54
2
72
0
3058
0
0
0
16
16
17
122
0
0
0
4
0
251
122
1
1
0
0
0
526
128
99
31
919
0
0
0
313
0
0
3
39
130
0
20
54
17
0
0
0
0
593
359
225
37
1744
2
0
31
212
51
0
0
46
309
34
6
1
0
2
1
8
813
0
432
0
0
30
556
11
139
0
0
2
4
72
0
2
32
0
4471
2
15
101
1
0
59
52
0
2
0
37
0
12
8
0
0
2
0
3
0
0
4
15
0
0
146
0
194
28
0
0
400
0
0
3
328
2
0
0
238
171
2
89
222
81
0
0
94
28
0
48
468
0
2
4
281
0
10
0
0
0
5
3
3160
32
117
21
201
13
0
0
0
1
2
443
5
59
0
183
1
3
102
3
157
0
38
15
0
0
0
5
0
2
0
0
0
16
1
4
0
6
0
17
48
2
4
10
0
0
0
0
0
0
16
0
42
516
0
0
0
383
0
0
5
0
0
10
0
1
26
69
0
1480
272
56
10
0
52
0
429
0
0
0
343
32
74
0
5
4
0
56
0
0
2
878
6
0
15
21
4
152
0
0
262
115
21
0
12
35
50
1
1
0
937
70
0
0
20
0
0
1
0
0
541
0
119
1220
338
601
7
0
1
28
29
158
0
0
0
5237
225
439
205
1
0
90
51
99
49
27
0
0
23
170
355
0
0
80
744
0
132
704
0
0
0
85
0
1
504
171
270
285
43
0
0
50
533
42
0
6
174
2
0
8
4
83
119
0
0
26
106
6
2
24
0
197
0
5
158
120
4
1
301
0
0
14
78
19
0
1
557
0
118
0
38
455
0
0
40
0
0
285
0
0
0
7
105
0
365
1
26
0
0
0
0
1496
9
41
160
262
48
53
8
94
1
4
16
56
36
9
40
4
347
29
36
137
1085
286
1
140
0
84
134
160
144
1
0
0
32
13
51
0
26
1013
84
349
0
64
35
0
0
3
0
16
1037
0
86
238
47
241
1
19
2
1
1
34
80
5
103
0
457
1
0
0
0
42
250
0
0
0
51
0
4
0
830
68
28
68
0
5
0
0
94
10
137
198
0
0
0
34
0
7
1
315
0
1
67
2
0
38
0
3
0
33
134
0
75
119
0
235
1
19
26
250
0
350
1
22
0
0
43
4
0
35
22
391
88
0
0
0
2
0
37
0
504
0
193
1
1
883
18
113
3
1
24
0
35
126
265
62
10
70
1074
0
356
25
0
57
546
8
10
0
0
3
0
11
163
2
0
0
8
4
0
25
25
12
74
0
22
0
0
3
0
0
1
35
9
0
325
0
0
35
623
0
0
0
7
358
0
189
27
3
0
10
0
1037
0
0
0
0
90
0
590
0
8
32
0
3255
0
0
46
72
1
0
3
0
120
104
64
127
9
1
1
20
35
2
2
0
1
1
0
128
0
0
0
7
0
17
0
2
6
0
0
185
8
11
3
0
4105
77
28
0
152
127
0
557
3
796
1
0
674
1470
243
244
39
0
0
0
19
0
1068
0
0
0
60
0
0
8
10
0
0
0
35
0
5
0
0
83
0
0
418
0
0
0
0
0
1
444
5
2
129
44
3
0
0
0
0
94
5
449
0
0
1
1
1
0
1
228
19
0
0
148
21
228
0
17
933
87
0
0
54
1
19
0
2
19
0
0
244
101
0
39
27
1377
14
0
146
0
0
21
10
0
3
0
0
0
1
0
0
242
28
0
4
0
69
73
807
0
0
0
21
2
0
0
0
0
52
0
0
25
10
190
5
1
0
0
431
6
1
5
1386
0
0
287
0
47
2
1
60
19
0
0
0
0
13
286
0
1
0
0
7
7
0
8
392
246
0
3
0
0
0
0
131
0
0
1
41
0
0
0
7
3
13
0
0
5
20
1
1
0
31
0
0
0
4
1
115
2
0
0
0
0
14
4
2
107
0
0
0
145
0
0
286
0
15
11
0
1
12
0
99
36
2
0
313
14
73
0
0
98
4
53
33
0
4
53
406
0
19
2
3
371
0
66
16
0
4
0
4
4
47
189
411
0
0
0
2
0
0
0
7
15
0
145
0
7
0
0
0
1
0
0
6
1224
0
278
86
0
0
2
14
15
0
147
1
0
2
0
7
2
939
434
9
80
11
5
126
5
4
0
171
0
0
50
1
14
0
0
0
13
1
0
3
15
0
60
12
0
1
20
46
1
44
10
0
0
0
0
4
0
0
0
1
93
0
141
4
11
101
0
0
0
0
0
4
0
0
0
19
4
0
689
50
0
0
0
84
44
0
28
170
15
45
404
15
0
1
68
0
30
3
14
0
1
2
0
28
101
36
183
102
0
3
0
0
657
0
105
0
2
1
64
67
0
3453
414
2844
87
8
21
161
412
1191
0
4
0
6
4
0
1
5
0
0
19
87
223
0
57
22
9
283
103
11
0
384
0
26
0
166
0
1132
8
0
51
0
0
381
426
11
20
11
2829
19
89
0
0
0
0
42
101
10
0
70
789
0
27
1982
0
61
0
1
0
0
1
0
0
14
4
5
100
0
2
59
3
16
0
0
0
132
160
4
3
1
0
0
8
0
14
516
60
1
0
0
26
704
0
141
3
241
31
0
29
2
2
14
0
0
1787
0
0
52
0
49
207
0
0
1
25
20
10
56
1
0
326
5
118
0
94
22
0
74
0
4
0
2
0
0
59
10
118
3
18
2
0
41
0
1
0
28
0
109
0
1
0
0
0
0
0
20
0
467
4
86
0
0
7
0
0
2
84
1
3
1
0
0
2
1
10
272
11
0
64
2
41
0
4299
1
0
130
0
147
0
12
4
0
0
33
47
0
0
83
0
9
0
0
0
0
18
67
0
3
0
6
7
0
3
389
5
1
328
0
0
146
10
21
3
0
133
85
0
0
30
0
6
0
0
0
95
7
143
0
0
85
5
7
0
0
5
6
3
0
0
2
0
0
1
0
158
0
4
0
4
299
137
37
2
0
19
0
35
0
10
0
0
69
0
0
55
10
119
361
550
1
210
0
450
54
1
311
96
207
0
0
1
616
3235
4
95
18
3
25
1
213
0
0
69
5
0
0
0
2
0
0
0
0
0
32
0
141
0
0
45
0
270
18
0
0
1
0
11
2158
156
323
0
287
256
0
5
23
0
2
27
321
0
15
1413
289
223
1842
1
220
165
0
27
0
0
0
0
0
0
30
0
2
0
16
12
0
327
0
0
10
21
3
2
11
8
0
0
0
0
37
188
0
22
89
4
50
0
44
6
2401
0
0
0
7
56
0
3
188
21
21
0
0
86
90
0
0
62
496
0
1357
560
0
139
80
0
188
0
1064
0
0
7
0
215
367
2
0
0
627
286
0
0
53
85
6
13
0
3
1
0
80
319
3
0
0
54
0
46
0
0
103
0
196
1
0
53
283
0
0
1
5
2
10
1
0
42
167
0
344
0
244
0
4978
143
2
185
8
0
14
47
167
87
16
0
111
1927
50
64
2656
0
0
27
0
216
0
4
217
50
0
0
322
207
0
0
0
2
3
50
10
38
842
9
6
0
76
547
1
212
59
1
16
30
234
0
1956
2684
0
0
224
625
155
0
0
1
16
0
391
3
0
52
85
2
2
1
2
0
9
9
0
5
1973
2504
0
844
862
0
425
25
10
80
0
9
194
17
736
2
746
83
79
1
1191
0
0
198
7
1368
10
0
153
53
0
40
47
2646
21
421
5
41
0
9
126
128
903
20
114
0
21
0
110
0
2
0
0
0
0
33
0
8
2
43
0
0
22
0
0
8
0
0
1
67
142
5
0
0
286
0
0
766
5
1
0
11
573
0
0
1
8
167
0
0
0
67
0
0
2
1153
23
368
0
0
1
0
0
0
45
8
4
0
7
0
5
60
95
0
10
2
157
8
172
6
4
9
0
1
1
5
0
30
63
0
28
43
0
6
25
0
170
4
30
39
178
2
5
0
175
0
0
2433
7
0
2
1
104
0
635
1561
44
146
99
1
379
12
4
159
72
749
0
257
0
1
89
8
0
39
35
209
0
50
0
0
0
0
0
15
3699
0
37
14
0
0
2
0
13
0
0
35
727
107
19
1
21
0
7
4
11
1
3
4563
88
127
75
0
107
0
16
210
1
19
0
1
0
0
0
49
31
14
92
327
72
259
14
0
5
168
664
0
4
1
1
1293
423
6
0
0
0
0
24
279
4634
116
2
760
0
17
5
845
56
0
3
0
81
339
0
5
0
3
9
11
22
0
854
215
6
0
0
2
220
3
0
15
88
0
3
34
386
257
0
3820
43
107
0
611
0
17
0
643
1
107
0
3
0
17
0
1
0
362
44
2
0
54
0
9
1161
44
0
0
0
0
1265
1
563
0
15
50
0
285
4
82
2486
2
522
31
131
0
42
144
0
0
3
396
484
0
0
0
107
0
1
1
94
5
0
1
0
0
13
10
0
5
8
0
0
1114
0
456
11
0
0
0
49
0
0
24
0
0
5
0
37
0
3
19
127
72
0
364
31
0
1
72
0
51
0
0
0
182
0
11
0
0
221
0
0
376
29
0
16
0
24
106
0
184
0
4
0
1
286
0
0
0
842
16
0
71
8
76
0
85
2074
0
0
0
115
89
6
30
0
13
1
10
0
6
0
0
5
114
51
1
0
0
0
0
14
0
2
7
9
2
376
0
20
0
21
12
0
5
0
1
0
87
4
34
0
0
22
20
20
65
0
0
0
0
134
4
12
23
0
4
0
0
20
5
0
957
43
0
0
193
498
61
0
7
47
101
29
0
32
86
12
1
92
0
0
5
0
0
4
0
262
0
20
0
3
0
2
64
32
28
146
210
0
0
23
226
5
0
4
0
0
0
1290
68
0
371
7
246
0
0
27
11
0
1
0
1
0
3
0
0
0
0
391
30
12
0
0
43
0
4
0
0
138
0
42
62
3
3
3
107
10
97
0
204
4
174
0
0
14
97
111
1059
12
0
0
0
0
53
0
0
0
3
16
0
37
0
13
1
8
4
0
9
4
1
0
0
0
30
1
0
23
0
74
2
30
0
266
28
34
82
0
0
25
0
44
3
1
1
87
8
206
207
1
47
570
33
0
0
48
342
5
0
8
0
603
0
1
0
5
42
35
76
4
2
7
0
0
2
92
12
102
0
3
989
0
0
13
12
0
1
208
0
0
0
0
0
95
54
30
0
0
0
2
42
0
364
0
12
87
2
208
91
31
0
1
134
10
185
436
0
0
149
0
42
0
375
389
337
0
0
0
6
5
8
52
9
0
0
1
0
0
0
20
0
205
0
34
116
0
109
2
5
0
77
7
0
2
65
31
0
0
47
0
5
0
0
0
3
0
0
1
0
2011
97
323
0
0
2
4
0
59
0
0
13
437
0
6
0
164
51
36
2
0
124
1
13
29
1555
0
1
23
10
0
181
444
0
0
0
0
258
0
53
216
2
0
26
65
2
0
0
0
6
778
85
0
0
0
170
0
1
2
0
0
23
21
6
26
2
45
0
4
358
52
0
12
8
2
20
22
4
27
44
135
40
393
0
10
0
6
319
0
2
0
0
0
0
0
0
0
10648
236
2
0
0
309
2846
5
0
0
0
352
25
0
905
25
2
0
773
4
0
68
2
4
0
236
0
0
4
0
0
0
0
2
0
0
616
0
0
6879
0
0
0
6
0
0
1
0
0
20
0
23
1191
0
0
25
84
73
5
295
0
9
7
0
34
0
121
0
0
13
880
0
134
0
3
12
119
25
37
5
378
0
4
37
64
8
3
0
0
2
0
0
61
235
0
0
0
0
0
6
1
0
1223
0
0
0
793
133
89
0
61
0
291
0
5
121
496
6
15
0
10
11
323
0
0
106
0
2
0
2
46
6
0
0
190
3
63
0
0
114
0
30
0
0
107
0
65
288
125
15
0
12
656
8
16
159
0
1
0
136
123
0
89
0
175
104
6
0
47
53
93
0
0
0
71
343
500
36
1785
0
14
0
1266
3
514
376
0
6
0
212
0
0
52
5
38
39
1
71
0
0
0
16
0
0
397
205
254
0
1
1565
7
45
0
198
179
261
1003
3
0
0
3247
0
542
2
0
161
4
0
0
0
0
0
4
0
0
5
10504
51
50
0
0
91
1
174
2729
165
0
619
27
178
2
2
0
0
138
0
0
7
95
0
188
92
359
0
215
0
101
0
575
0
1
2
32
200
272
20
283
4
0
1
385
51
0
486
0
181
0
0
14
49
4
3
0
0
2
0
137
4
5
356
0
58
1
5
0
107
0
0
0
3
0
0
0
2
37
0
111
61
20
117
7
2
1
2439
221
8
774
0
0
155
0
42
132
0
37
492
8
209
57
18
6
64
0
0
398
9
0
542
1
0
126
66
10
0
0
0
490
3
44
12
186
270
87
0
3
2
14
3
165
6
196
1
162
6
2
0
1029
102
0
241
5
3
0
1
27
33
7
181
237
397
1
379
0
3
1
0
0
71
221
11
497
25
138
444
101
14
68
8
1
6
1
38
0
0
0
0
9
0
319
0
244
485
0
0
5
21
0
28
6
0
5
0
5
0
0
161
52
1180
0
9
0
0
1673
10
1
1738
0
63
217
0
54
0
0
1
5
13
265
650
55
131
129
182
0
129
79
0
0
0
14
0
0
136
0
85
33
7350
1
5
888
171
36
0
67
1
0
12
0
96
238
154
22
89
18
28
1
0
19
19
18
86
211
3
51
15
0
0
11
0
250
56
58
0
5
0
0
1
0
6
5
255
4
64
0
0
0
0
0
83
1
0
10
10
0
667
72
0
0
0
0
88
0
0
710
148
8
140
2
6
539
106
0
0
84
0
0
3
0
8
0
125
834
41
103
0
806
0
0
0
99
0
639
1
40
0
6
0
4
0
49
0
24
285
21
0
13
0
3
998
265
140
0
13
0
1
22
25
3891
0
0
0
7
23
14
36
0
0
73
0
94
601
335
0
9
1179
1085
256
22
0
0
0
25
13
5
0
32
6
7
0
70
0
6
0
0
94
1
12
85
0
161
22
256
136
152
23
214
0
2752
38
5794
44
144
2
6
216
0
175
105
351
62
7
2
8
42
0
0
376
7
80
19
206
149
0
299
2
287
589
143
103
217
0
1
0
111
395
0
3
6
186
4
331
3
0
70
3
4
0
0
141
101
0
0
59
10
40
148
30
0
0
0
0
40
2
0
453
715
156
134
2
22
95
331
43
277
34
0
32
28
27
0
46
27
28
1
108
11
0
0
0
3
0
0
212
0
934
806
159
0
686
174
10
3
366
0
0
0
0
0
1
0
5
44
1
0
193
8
0
227
7
0
350
130
481
0
0
0
1041
475
263
93
0
254
162
2
157
43
31
0
20
303
44
318
7
1
2
181
134
40
193
9
366
1
0
0
0
8
0
0
8
34
0
13
10
2
0
0
256
8
0
1
7
27
2
53
48
11
0
0
4
65
0
65
44
35
1
2
0
2
82
0
0
18
0
125
9
0
0
7
553
568
676
18
4
10
2
680
0
0
3
157
40
0
36
6
0
1
0
29
36
177
56
17
0
5
14
28
0
168
80
14
0
6
0
112
3
0
0
59
15
0
714
3
0
69
47
0
0
113
9
39
231
70
497
0
0
1
46
32
562
0
846
0
1370
24
3
131
0
455
0
143
19
383
337
4
799
882
2
0
0
0
0
3
0
146
111
11
46
99
0
7
0
64
3
0
0
591
162
313
242
61
374
1241
336
0
2
26
1
31
121
1
2
1
1
5
23
0
1
1650
0
33
38
142
7
0
0
0
26
9
151
0
0
460
1
8
0
478
144
453
0
41
0
0
0
0
31
1
191
0
10
0
0
33
55
0
18
0
17
875
0
182
4
0
0
0
0
0
0
0
170
220
4
3
382
3
94
80
98
0
40
1
1110
273
20
99
0
1
0
0
0
7
0
243
2
137
123
11
0
10
0
18
0
8
13
3
2
5
0
0
0
64
0
114
0
0
0
0
449
0
0
1
31
0
0
0
3
10
1
0
1337
171
281
3114
1440
0
4
0
200
2
2
0
59
283
7
328
0
0
2
1
145
32
35
4
740
55
21
486
19
5
124
238
11
28
0
0
1
1
0
0
0
0
0
98
1
0
0
0
0
0
0
18
73
22
271
85
0
0
0
0
0
0
180
354
0
0
0
0
0
0
104
112
1
0
0
0
19
0
0
2
17
0
1
0
0
0
6
12
69
38
0
0
0
0
0
1182
369
0
414
6
0
1
59
120
161
1490
17
39
0
1
0
0
79
0
23
4
1
0
0
0
0
257
4
0
0
0
0
0
0
0
14
145
0
62
47
0
0
0
0
11
10
0
0
442
0
0
1
47
83
333
20
39
17
71
0
0
20
0
0
73
18
0
3
85
1
0
6
0
0
3
57
0
10
8
0
1
0
0
0
0
0
406
25
373
0
0
0
0
0
0
0
3
0
0
0
0
27
0
0
0
0
1
0
0
0
0
0
33
4
251
0
0
0
0
1910
20
48
8
275
60
27
42
28
3695
12245
79
0
33
12
0
0
0
588
123
37
0
0
0
63
0
0
0
79
0
0
28
12
86
76
0
0
0
0
27
4
0
0
13
3204
6
67
0
0
0
0
10
29
0
5
59
0
0
1
0
232
181
1
0
1
0
174
25
1
5
4
0
0
0
0
0
2
0
0
1
87
22
0
0
514
924
100
349
2888
0
0
5
0
0
0
0
14
7
0
0
164
15
0
0
0
1
6
0
0
0
0
0
8
5
0
0
1
245
43
225
22
41
732
3
448
701
8
0
2
0
0
0
0
0
0
22
0
71
0
0
1
0
0
0
0
0
0
0
0
0
239
18
1197
1
2875
4192
223
0
0
19
22
0
103
1
0
0
561
143
0
0
97
300
116
39
0
23
1
303
0
0
0
0
0
0
1
0
0
0
0
0
0
0
1
0
0
0
0
0
32
1
1
1
33
0
0
1
215
0
1
316
4
3146
330
55
22
0
65
0
0
27
4
0
1
0
0
3
0
0
7
2
0
371
268
1
1593
10
61
0
1
0
0
0
0
3
0
0
799
880
4
0
25
3
0
0
0
0
19
21
0
1
0
0
5
85
0
0
15
0
1
0
0
0
0
0
0
0
0
37
0
0
1
0
0
0
0
0
0
0
0
0
0
0
0
0
0
0
0
0
0
0
0
0
0
0
0
0
