BitA_28_1
0
0
29
2211
33
180
23
0
0
0
0
263
39
510
0
0
829
3
0
310
799
118
1
5
0
966
0
71
0
15
32
9
0
100
4113
108
0
0
10
0
7
0
0
8
3
1986
5
178
10
273
0
247
0
1209
2
20
482
149
0
1074
9
7
0
2
22
37
2
1731
32
15
2243
613
100
33
51
0
1516
1
13
1
0
0
5
10
1322
0
182
292
28
13
557
0
939
0
0
1225
15
0
1289
0
15
0
14
869
113
8
3
0
0
548
0
0
81
0
9
0
0
235
187
806
20
1
0
223
87
402
237
0
1731
37
0
1
0
163
0
0
2
236
9
0
26
8
17
0
699
142
6
16
65
52
22
0
474
3
10
1326
0
0
42
414
4
1
0
0
211
58
64
209
0
0
0
4
69
0
0
147
123
2
0
103
403
710
6
115
103
604
358
14
124
0
0
610
334
47
0
150
0
5
1
49
55
12
6
59
49
2
5
75
76
131
0
1
21
0
4
5
136
23
1
44
719
0
25
400
0
9
7
382
34
120
0
0
98
386
985
4
921
37
3
0
0
0
16
492
0
23
105
443
9
14
283
383
46
1
292
88
0
0
0
14
168
353
259
2097
190
0
0
0
309
96
2
611
2
0
52
1
0
0
1263
251
1193
142
0
2345
0
868
4
0
0
261
0
0
0
0
0
0
124
0
219
0
0
22
0
50
449
0
272
16
4410
0
2
0
0
0
0
238
0
277
276
0
106
0
675
130
0
131
18
19
0
60
645
489
152
0
0
282
31
22
0
0
1042
330
78
534
0
27
281
75
151
0
1167
0
66
26
53
39
1179
339
43
0
4
0
1
998
0
0
0
165
123
4180
165
1427
32
40
0
6
12
27
0
543
0
391
0
5
2214
0
109
88
48
0
461
0
2
266
696
192
186
0
406
100
88
0
0
0
3
147
9
0
0
0
0
166
22
2686
7
106
0
338
5
0
1270
279
5
0
154
0
33
2167
122
0
115
27
78
12
48
0
349
0
0
0
6
0
1556
1445
0
37
1872
298
150
0
0
0
42
4
1
8
0
0
0
0
11
37
0
0
0
34
149
0
592
0
134
0
316
0
0
0
7
0
550
235
664
61
220
1059
545
60
0
0
48
0
77
292
117
123
0
148
0
8
0
0
1782
2
644
83
76
430
21
2
76
1
21
0
7
519
6
555
31
0
31
0
711
185
0
582
0
68
23
46
23
146
73
149
1159
0
19
212
602
190
71
1
0
0
90
0
207
209
5
0
69
0
0
1
8
3
0
6
3
0
0
1
0
796
0
268
8
290
0
0
0
764
461
39
0
333
5
354
45
54
0
53
0
168
6
1227
24
54
4
7
1
10575
2
22
0
324
0
1164
166
8
3
12
250
0
0
0
0
386
0
0
0
0
1475
6
260
193
2
0
212
24
87
57
0
15
6
29
0
22
50
0
0
2
39
5
0
67
0
73
247
108
438
225
690
2
0
6
0
2
0
3
0
282
899
308
17
351
35
169
10
0
664
23
2
179
0
0
195
0
387
143
6
6
0
0
359
0
6
5
444
0
1
0
0
385
13
637
7
24
0
0
0
0
83
43
46
689
0
109
176
2352
17
22
7
16
43
0
100
0
12
10
171
43
3
186
16
15
0
0
45
23
163
0
84
2037
36
98
93
2051
1621
0
0
1288
426
22
14
2
733
0
0
4
6
276
347
2
20
29
59
0
88
0
31
28
324
0
222
9
546
0
0
0
2
0
0
1107
729
0
0
450
5994
3
254
37
196
151
153
107
0
0
395
0
6
107
0
25
1097
1
0
671
199
57
61
98
263
363
20
42
75
3
0
4
1221
0
128
0
0
314
8
0
0
0
65
10
0
0
10
0
124
43
0
22
0
379
131
1675
49
33
0
620
0
3
5
0
55
0
311
50
0
0
1
0
0
0
32
91
11
3
0
16
9
468
173
0
24
1
9
0
0
535
14
518
1410
423
127
596
163
455
140
2
39
262
0
156
111
4
1011
10
151
88
337
5
0
375
8
0
44
9
139
685
10
0
0
0
0
0
939
531
8
0
0
0
2047
0
0
1703
20
24
0
105
0
2
816
103
280
388
129
2
0
1
0
0
160
351
261
0
0
9
2
541
66
0
13
80
0
80
78
119
39
0
224
0
2
620
6
0
0
0
222
0
344
527
54
83
357
9
88
0
0
73
378
217
260
85
0
167
39
0
2343
377
0
124
1
224
0
0
26
286
0
94
2
2
1
2
0
0
0
281
139
75
0
0
23
23
60
0
0
971
61
29
464
1
4
0
0
17
18
0
1288
81
480
620
2
155
0
0
1583
0
2509
62
2
0
1320
543
554
167
1265
0
145
0
0
2663
0
0
0
0
152
0
0
3
0
10
536
691
599
93
0
0
0
127
41
27
5
0
0
98
895
506
154
60
0
0
56
125
15
0
0
0
63
1
1431
422
1461
891
0
0
1
2
0
132
2
0
14
284
80
135
0
22
682
680
0
208
1096
185
142
36
105
0
0
263
10
1
48
0
0
0
7
0
59
51
7
0
1
0
0
1196
586
0
0
6
132
78
0
0
0
1
121
57
0
332
6
0
65
5
252
870
0
613
184
31
13
6
32
0
0
0
0
513
788
181
208
284
207
404
697
227
285
3
37
78
63
122
0
0
4
0
13
2202
16
1145
0
0
243
59
4
7
315
91
206
380
0
146
137
0
16
1
11
0
33
0
0
739
355
61
0
0
907
0
2
0
137
11
1914
1248
0
62
2771
29
156
93
129
42
563
259
0
0
44
0
751
22
767
0
597
0
376
0
381
549
61
0
875
0
0
108
0
263
680
0
0
6
387
0
517
0
0
9
123
0
373
0
0
25
0
0
0
0
22
0
112
15
86
0
456
516
50
450
856
0
0
1809
8
2
0
278
56
90
0
182
0
6
1
324
79
0
6
319
0
4438
0
0
0
26
2
198
132
302
77
0
264
3
32
0
10
94
346
61
0
6
102
0
243
971
269
0
0
2
9
3404
59
11
25
28
25
43
3
23
0
6
5
1262
0
648
12
0
30
20
2
71
0
559
0
123
168
3
100
14
585
0
0
0
498
0
0
3
48
0
0
4
67
1
0
242
2
457
20
0
36
34
0
2299
3
6
2531
24
965
0
203
9
57
0
0
0
158
180
0
1
4
86
37
0
0
9
0
0
98
0
367
0
0
8
17
164
5
0
4
1
118
1076
376
0
0
0
241
0
0
983
550
71
127
6059
5
56
287
25
122
51
379
0
11
75
2334
16
25
101
42
183
0
0
506
36
31
203
28
1136
51
194
342
122
0
23
0
60
0
0
1
1
287
4
23
0
1899
4
55
641
117
43
0
0
0
0
32
0
254
0
0
291
49
0
3
0
0
35
0
635
0
7
51
0
88
0
0
30
0
0
44
0
0
16
0
0
0
0
0
0
3
437
11
615
0
117
94
79
1
0
142
4
1796
84
0
0
0
5
19
19
564
54
489
0
976
28
239
681
0
0
0
1233
0
199
567
2856
3998
0
0
0
79
0
21
0
0
69
0
1
1188
491
1697
16
14
267
0
15
0
276
443
137
1039
0
1109
0
183
14
65
69
0
6
2
0
0
0
0
0
690
336
0
300
81
0
0
3
224
502
503
73
424
4209
8
397
0
215
387
136
397
487
0
19
5
258
123
0
11
279
65
58
0
0
63
187
661
0
9
0
63
375
0
893
0
0
34
3
2
517
5279
1
244
0
0
9
418
0
566
0
88
4
2
1332
65
21
26
0
16
4
19
546
4
1
2
20
0
0
19
186
40
22
0
4
18
0
3
4
207
0
10
21
0
66
51
102
0
0
0
0
99
0
5
0
4
122
753
13
883
2588
134
692
250
4277
0
69
3
226
29
0
752
3
267
32
0
6
2
0
853
86
0
64
242
0
127
1
0
0
0
33
0
0
1642
278
3
0
386
2032
435
0
0
29
0
44
0
2082
0
646
4
0
27
0
63
0
2
0
0
77
0
0
0
0
16
812
82
21
0
131
48
177
15
10
39
200
9
161
0
167
3761
1115
0
289
5
2
1
537
70
0
0
0
0
35
753
26
0
0
25
0
0
0
0
0
46
64
0
3
196
209
2201
3666
172
507
0
0
49
20
23
0
0
0
0
140
143
0
678
46
1852
54
0
0
136
93
7
146
0
0
141
420
0
0
114
0
2
0
412
0
0
11
0
36
170
0
19
20
0
27
328
0
0
0
0
61
509
30
0
0
102
1
481
88
480
0
70
1701
366
0
0
3666
392
455
3583
21
0
14
0
0
5
2
84
0
11
8
0
144
1346
9
0
0
0
0
0
14
108
280
0
0
61
23
10
4
282
415
158
345
470
72
0
2
9
474
0
0
0
66
10
7
27
14
0
0
7
22
33
106
34
0
0
0
0
0
0
0
155
3
0
0
118
2
51
0
14
54
326
0
34
0
589
0
503
6
0
51
0
0
0
0
0
1055
0
6
22
75
3
393
321
14
0
29
0
0
0
0
242
0
537
508
481
304
0
84
49
4
3
29
285
134
0
12
0
2338
2
21
0
53
4
28
0
92
7
0
0
227
9
302
138
253
391
1
0
1
14
0
11
129
310
149
0
25
0
61
44
0
0
160
0
44
0
0
129
34
16
99
160
1172
6
0
177
0
329
0
4
0
90
33
176
144
86
1
2251
47
3
0
120
0
1
0
303
2456
20
3
30
0
11
14
0
3
0
47
368
4
20
1529
349
12
1032
0
42
22
0
0
298
0
117
0
1
6
12
18
1
1
8
1891
0
150
603
3
0
1896
157
0
0
0
10
15
15
631
24
87
0
0
0
0
0
0
5
286
0
0
48
0
9
16
0
15
35
0
0
0
1458
0
16
0
19
103
788
270
3458
6
980
42
12
9
17
11
46
966
0
820
1226
0
22
194
0
768
0
0
12
852
0
79
90
0
0
1929
0
56
163
0
0
93
258
2
12
342
311
0
478
0
700
0
1781
33
0
239
0
38
139
374
7
667
4
4
0
1206
225
178
35
2919
0
94
32
925
116
0
169
3
204
282
269
2
0
2
0
31
151
0
15
1370
524
1813
360
0
0
0
0
16
61
0
329
181
28
780
537
0
57
81
70
0
0
3
0
793
0
105
0
196
13
3
0
0
6
0
0
1740
278
0
8
144
10
20
0
108
15
411
35
1
0
230
140
0
28
1
0
0
0
1384
642
22
0
812
28
354
151
89
91
0
7
15
1
22
0
1
3
17
7
116
53
0
0
119
413
0
0
290
0
0
4
455
473
117
0
0
349
0
197
302
1
0
197
0
0
0
110
346
9
0
0
0
5
34
85
2
3
0
232
6
0
0
0
23
0
498
32
13
0
0
69
3354
0
214
0
48
0
51
18
1
1185
1
0
40
213
125
0
9
0
19
164
0
29
0
120
1
725
0
0
194
4
1
2
0
8
4
0
9
102
24
0
53
0
0
21
59
17
0
0
400
0
5
0
132
9
10444
0
50
80
299
0
40
1
0
0
0
307
107
853
0
252
0
3
166
12
0
21
0
103
1357
2
196
0
200
0
1276
9
574
188
0
7
0
0
0
0
6
0
9
0
6
0
0
6
330
892
45
0
0
502
26
0
375
601
34
294
49
0
1846
176
0
87
3
0
0
323
14
282
0
38
7
0
1
685
602
0
1227
52
36
0
5
126
166
0
388
0
0
820
27
383
128
1
208
3
0
84
167
32
16
33
0
1
0
1
267
389
253
0
21
0
96
0
2
97
0
83
33
0
556
104
25
12
106
1
11
1674
134
0
79
2
129
488
31
47
1614
171
0
2
8
458
111
0
8
32
6
0
0
0
85
208
0
176
2
0
3
0
9
328
7
248
4
0
10
21
329
3
0
0
0
192
384
45
55
0
1
221
0
0
0
12
265
2827
0
4
1477
19
102
182
0
175
0
3
4
820
26
0
9
198
76
22
0
0
1
1
4
1342
3
0
1414
1
46
29
2388
152
0
0
180
2726
135
1379
303
0
26
19
559
1
55
40
24
27
0
0
0
156
0
0
2196
0
2942
0
2
22
0
34
0
165
177
0
250
155
94
0
140
463
5193
15
33
175
20
496
138
0
23
0
198
0
0
0
428
444
0
454
13
21
57
219
4
120
643
223
81
98
182
0
312
16
1059
742
2
1274
0
427
266
347
192
8
0
23
0
0
73
138
15
0
208
0
6
43
33
1
0
2850
252
196
403
105
142
13
0
16
88
0
931
0
11
0
0
0
2182
0
163
247
0
1114
0
34
233
39
36
473
0
0
361
0
0
0
0
26
0
0
0
19
331
54
0
124
4
0
240
9
0
0
700
162
941
252
5
1430
61
0
0
144
17
0
0
0
7
65
146
5
0
5
0
0
0
26
14
99
1038
68
290
3
107
1
3725
0
0
9
120
0
27
182
0
131
17
103
43
0
784
371
72
704
109
0
0
400
683
331
166
3
0
95
3
0
2
0
1245
1
2415
314
387
274
434
0
8
0
0
59
1
470
0
0
170
120
22
134
8
581
19
2
30
156
0
204
0
103
11
442
66
0
1309
55
0
46
7267
1
85
1452
642
364
253
219
893
15
851
0
909
1813
7
187
23
8
0
0
167
0
156
131
2040
0
14
299
204
0
1700
238
94
0
2
3
0
1930
12
7
652
0
666
0
39
7
0
938
41
0
3
1034
25
0
0
3
0
165
4
168
1
1158
17
219
102
950
0
4
173
1251
0
5
15
95
128
80
3
77
456
125
0
0
264
43
230
0
0
10
36
1
52
251
0
132
0
0
0
0
8
2
0
2
39
0
0
0
4
39
0
17
1055
12
0
0
2589
0
0
1
3
3
60
0
70
3
7
67
0
0
1
16
6
0
137
51
0
0
0
323
0
0
0
192
39
11
0
0
619
0
0
1
19
0
0
4
0
17
0
4
0
0
55
1
0
27
652
0
0
32
0
0
306
22
527
11
0
4
0
83
0
0
0
58
0
141
0
0
10
0
15
0
36
0
0
486
39
0
496
26
0
1449
49
5
0
60
347
0
0
32
0
0
52
29
62
0
73
22
0
1
1251
705
10
10
196
0
11
53
0
42
36
0
57
0
0
0
0
639
0
8
0
0
1331
0
203
16
3
0
0
122
763
312
92
0
0
0
0
0
3
3
0
0
135
0
0
160
0
0
0
0
0
60
2482
101
0
0
30
0
0
0
0
0
0
1
0
0
0
0
0
0
13
0
0
5
55
0
0
0
73
3
78
0
0
0
0
0
3
0
31
0
0
0
0
0
0
153
0
0
13
15
313
0
0
0
0
0
0
19
0
0
0
0
0
0
0
0
0
0
11
0
0
0
3
0
0
0
0
0
0
0
0
0
0
0
0
0
0
3
1
0
0
1502
0
0
1
48
0
0
0
0
652
0
0
368
70
0
22
60
0
0
0
0
1
0
0
86
73
0
0
1
28
411
78
0
28
2
0
0
0
0
0
0
0
0
0
0
46
0
0
0
555
0
18
0
0
0
0
0
0
57
0
97
0
48
0
45
0
1
0
0
71
0
0
1
0
15
8
0
2
0
83
2
0
30
0
9
166
0
0
0
5
90
0
60
0
7
1
192
0
19
0
241
0
0
9
0
10
0
0
0
1
103
0
0
0
0
407
0
6
1372
312
3
0
90
58
0
0
0
0
0
109
0
0
120
1
73
9
0
0
0
8
0
0
0
2
0
58
0
0
427
2
0
0
0
0
23
0
3
0
0
0
0
1
4
2
4
0
0
10
60
0
77
0
0
195
4
3
0
0
0
281
0
0
13
0
0
0
0
0
0
11
0
0
23
0
0
110
1
0
0
0
67
0
0
0
75
0
0
24
0
0
0
8
0
3
0
0
0
0
0
0
0
0
0
1
0
0
0
0
0
9
0
0
0
0
137
28
0
46
11
6
0
0
0
43
0
0
0
5
0
0
0
0
0
0
0
0
0
0
0
94
0
48
0
0
0
0
126
0
0
0
285
0
0
0
0
0
8
4
4
0
2
25
0
0
0
0
0
0
2
0
0
0
6
0
810
1
0
0
0
0
0
0
0
0
0
0
22
24
0
0
8
0
18
458
0
0
0
0
0
0
5
2
0
0
0
0
0
20
0
377
151
0
0
0
1
0
0
0
1
320
2
0
0
0
0
0
0
0
0
707
50
0
859
0
0
75
1
0
1
0
0
0
0
0
0
3
0
0
0
1
22
0
6
0
0
0
0
0
0
0
0
125
0
0
0
65
4
0
174
1
49
0
0
0
0
0
11
0
0
0
0
0
0
2
5
0
0
2
87
0
0
112
0
0
0
9
2
0
0
0
0
0
0
166
0
0
2
0
77
0
1
0
0
131
0
0
0
0
0
0
0
0
0
0
108
2
0
0
0
364
501
0
1
0
0
8
0
0
0
0
0
0
0
0
13
0
76
1
0
53
0
61
77
9
7
2542
0
0
0
0
493
0
52
0
0
0
0
0
2
0
0
0
315
5
20
3
0
26
0
145
0
0
0
3
5
0
0
0
1
2
0
13
0
20
3
0
0
296
0
0
0
0
0
0
0
0
1720
0
138
2
0
2
0
0
0
0
0
112
0
0
329
0
0
132
18
620
0
0
0
1
0
54
1
0
0
0
521
3
0
0
0
0
0
1
0
13
88
11
0
0
4
0
0
3
0
0
1
65
1067
0
0
35
31
854
0
406
0
0
0
69
0
0
9
2
20
0
0
0
0
65
1
0
0
41
0
0
0
0
0
0
0
29
0
0
0
0
29
0
50
0
0
19
0
10
0
0
0
0
0
765
0
0
0
475
0
0
9
0
0
5
0
1
0
0
27
0
0
0
0
53
1112
273
0
0
0
0
0
0
0
0
589
0
68
0
0
0
0
0
605
0
148
0
0
2
0
0
5
0
0
0
0
1649
0
0
0
0
0
0
86
0
0
0
96
0
65
5
0
64
0
741
0
0
0
146
0
0
0
0
0
0
0
0
0
4
2
0
0
163
0
0
0
0
686
0
0
0
251
0
1
0
41
336
0
38
0
0
0
0
0
0
0
0
496
0
30
0
0
0
0
0
233
179
0
2
60
0
429
0
0
4
0
5
0
0
32
0
0
0
0
69
3
0
2
0
0
10
0
0
0
88
24
0
0
816
1
246
61
0
0
0
0
0
0
0
0
0
125
0
0
2
12
0
0
1
0
0
0
0
0
0
0
1338
0
7
9
0
0
1
1978
160
21
5
1
0
0
0
5
30
0
35
0
3
0
2
0
0
0
0
0
0
0
0
119
0
0
0
0
815
17
1
0
3
6
0
10
0
0
6
31
4
1
0
0
0
0
96
0
145
4
1
13
0
0
1231
64
0
0
91
205
0
177
38
0
0
57
1
0
0
1
9
18
35
0
1
0
0
0
0
0
0
0
0
0
0
4
301
125
0
1148
0
0
0
0
0
50
0
0
0
5
0
0
0
0
0
18
145
35
216
0
0
0
6
0
0
0
0
183
0
0
0
95
0
0
0
0
1
0
0
0
0
2
0
0
2
23
65
0
0
0
5
0
0
149
0
433
0
0
0
0
0
0
0
658
0
0
188
7
0
0
15
0
0
696
0
0
2
0
0
0
0
0
62
98
8
65
0
1
0
6
16
70
0
2
0
0
0
0
0
0
619
264
27
1
149
0
0
0
0
0
4
7
77
1387
0
4
0
0
0
0
334
3
0
0
0
0
4
69
0
0
2
0
0
0
0
88
0
13
0
0
154
0
0
0
2
23
3
0
0
0
0
6
2
0
157
2
0
0
3
0
0
14
0
0
0
0
1
8
0
0
0
0
3
0
2
0
0
0
0
0
0
96
0
0
8
53
0
0
0
144
0
0
16
0
1
122
0
0
0
7
251
17
0
0
9
0
23
3
1
2
53
0
0
0
89
0
146
1
0
39
0
189
0
646
114
0
0
7
1
41
0
0
0
0
10
0
0
0
2
0
0
12
0
23
357
635
0
9
0
0
11
0
18
0
0
0
8
2
0
0
0
12
1
605
52
393
0
0
0
100
0
0
4
0
26
8
0
510
771
0
0
0
2
0
2
497
0
9
30
0
0
0
0
17
2
0
0
280
0
0
0
4
0
4
0
24
1
2
0
234
0
0
0
0
17
0
1
0
0
0
5
0
0
0
0
0
0
1
0
40
17
0
0
0
62
172
0
4
4
119
0
0
210
0
0
1
0
179
0
0
0
0
79
666
0
942
0
0
0
0
0
0
0
3
1
2
0
0
0
0
0
0
117
0
19
0
0
0
0
0
0
46
0
98
0
0
0
0
522
0
0
149
0
0
25
32
0
610
64
1
0
0
0
0
0
0
0
571
0
0
1
45
61
0
0
0
0
106
325
4
0
8
22
35
0
1317
0
32
0
4
88
0
306
431
59
185
0
0
35
0
318
0
0
8
0
0
0
0
0
0
0
522
0
0
0
0
0
0
0
0
3
0
115
948
0
2
0
0
0
92
0
0
218
39
0
0
2
0
0
164
0
0
0
0
0
0
5
0
0
0
7
0
21
356
18
11
0
0
0
0
0
10
49
1
0
0
69
25
2
0
2
0
0
0
0
0
1
0
148
439
2
0
0
0
0
0
0
122
377
0
61
151
0
0
0
248
0
1
0
29
0
40
0
111
7
0
0
280
0
1
0
3
0
0
0
0
0
0
0
0
0
4203
210
5
0
0
0
0
0
0
63
225
510
0
0
334
0
33
0
0
0
0
0
0
0
219
0
17
62
84
3
0
29
0
752
0
7
0
0
0
1421
0
43
1
2
1601
25
0
0
0
2
0
0
0
310
8
0
105
0
4
0
191
1
0
16
0
0
1
9
0
0
76
0
21
44
0
0
0
0
0
0
211
0
1631
48
0
0
5
3
0
122
616
0
0
0
0
1451
0
0
80
0
0
1
497
0
1309
677
0
0
71
0
0
0
0
0
2
0
3
6
738
0
0
1
43
0
0
0
0
0
0
0
0
0
51
2
444
18
0
0
4
0
1
0
0
2
0
12
328
1
0
2
0
60
0
0
0
0
26
0
0
47
0
0
38
0
0
0
859
0
0
0
0
115
0
416
0
6
0
61
0
0
1
104
0
3
0
0
106
1
30
0
0
0
465
0
0
0
0
0
1
0
396
24
0
331
3
2
281
0
0
1510
0
0
11
8
0
3
0
0
0
0
0
0
0
1
3
0
0
0
0
0
0
9
0
0
0
0
289
0
0
2
123
0
0
1
0
0
8
0
0
0
0
0
6
0
0
0
0
0
2
5
307
0
6
0
0
708
0
1
0
0
186
1
0
0
0
0
13
515
1
5
0
4
0
21
964
34
50
2
908
0
0
14
0
0
0
5
1
90
0
19
0
2
0
0
0
4
0
333
0
0
32
1
0
0
0
0
660
19
2104
0
2
1
0
106
58
0
0
59
854
0
0
0
16
4
0
0
0
0
6
20
0
1179
4
9
0
6242
0
5
29
0
0
0
0
0
0
0
0
21
2
43
0
157
0
67
109
0
0
0
65
0
0
0
98
2
1
110
15
0
232
0
0
0
15
0
0
0
14
96
488
0
0
0
0
12
0
0
0
0
0
6
0
10
0
25
0
0
0
0
0
0
28
0
0
0
0
0
43
372
0
0
0
2
0
0
0
0
0
0
17
0
0
0
0
51
0
0
0
0
0
35
7
0
0
0
0
0
0
0
0
0
0
0
0
0
0
0
8
19
0
0
0
0
5
0
0
0
0
0
0
0
1
0
9
0
0
0
0
87
1006
0
0
0
2
3
0
0
0
0
0
0
0
0
0
0
0
0
15
0
116
0
445
0
197
0
0
162
0
0
97
0
0
1
0
0
1
1041
0
41
0
0
0
0
0
0
0
0
420
0
96
4
0
0
0
0
0
0
745
0
0
0
0
0
0
0
0
0
0
7
0
0
0
0
0
0
11
2
0
0
0
0
0
2
0
0
235
0
0
0
0
0
0
14
0
0
0
0
0
285
0
1549
0
0
0
0
0
0
0
0
0
0
0
80
0
0
0
0
192
0
562
0
0
0
0
0
0
397
3
0
88
1
0
0
7520
0
0
0
0
4
0
170
41
7
199
0
0
14
0
14
241
244
0
0
0
131
0
0
5
0
0
364
0
0
2
0
4
0
264
0
24
0
0
0
619
0
0
23
0
194
0
1728
0
13
0
165
16
0
0
0
0
0
0
0
0
0
0
0
0
0
0
0
0
0
0
0
0
0
0
0
0
468
0
394
2
0
0
3
0
0
0
0
0
166
1
0
0
0
0
0
0
0
3
0
20
1
0
0
0
0
0
0
0
0
0
0
85
0
0
0
0
0
0
414
0
0
1
0
0
0
0
0
0
0
0
0
4
0
0
0
10
3
0
0
2
0
1
0
0
0
0
0
0
4
0
0
0
0
0
0
0
0
6
0
4
0
0
0
0
0
0
0
0
0
0
0
0
1
0
0
0
6
0
0
0
37
0
0
64
0
0
0
7
0
0
0
0
195
404
0
6
4
0
0
75
0
0
119
3
0
0
0
0
0
1
0
0
0
0
0
0
0
161
0
1
0
0
2
0
4
0
324
0
0
35
65
17
0
0
0
0
0
19
2
0
1
0
0
46
0
0
0
0
0
0
650
0
0
0
0
0
0
26
0
1
0
0
0
1
0
0
0
0
0
3
0
230
19
25
0
10
0
0
0
197
0
0
0
0
0
3
0
507
0
0
0
0
0
1107
0
0
372
164
0
0
0
0
0
0
20
0
0
0
0
0
0
0
2
0
551
1
0
0
0
0
0
242
0
0
3
0
0
0
0
0
0
48
0
327
2
0
0
247
0
0
0
0
0
2
35
250
0
0
1
0
0
0
0
0
22
0
2
1
0
0
32
0
1
0
0
0
0
0
1
0
0
0
0
0
2294
99
80
0
21
3
1
120
1
0
13
2
15
875
27
0
0
4
0
8
4
0
0
0
0
0
0
15
306
12
0
241
0
628
108
243
0
0
0
0
0
8
0
2
335
24
0
160
3
53
0
0
297
156
91
790
0
0
0
159
17
0
5
5
0
0
31
0
26
136
0
166
3
5
2
82
0
10
0
0
159
0
0
0
873
0
72
0
0
12
4
0
90
4
200
54
367
0
26
0
0
0
0
0
285
33
82
24
48
0
16
0
62
1
9
324
11
1
0
60
0
84
5
1148
84
0
0
3
90
3
10
1
3
0
0
0
0
207
0
289
1
996
2
0
0
0
0
24
38
1
0
0
3
0
0
0
0
143
183
20
0
0
698
0
0
4
0
0
36
0
0
596
0
13
0
3
1
3
18
131
0
0
205
0
20
0
196
0
6
0
131
0
0
34
0
0
518
153
0
3
0
4
0
0
33
0
0
15
0
5
742
0
0
0
0
0
17
1
3
9
0
0
459
695
1
0
213
0
306
0
65
11
44
0
62
0
0
3
469
5
138
2
0
4
465
0
0
0
16
6
83
0
7
0
0
0
0
0
0
385
0
0
0
0
0
0
0
2
0
140
0
0
0
0
0
0
4
0
2572
14
864
0
1
0
0
46
50
0
460
4
0
0
8
0
0
67
0
2850
40
563
0
0
187
83
71
3
12
0
1612
0
363
278
274
0
151
0
62
1070
649
0
0
3
0
990
2
1602
0
0
0
0
6
74
8
0
0
0
0
170
2
27
16
35
134
313
0
723
1
8
0
246
69
4
0
214
68
0
857
0
28
48
0
9
0
80
0
0
0
4
0
446
0
0
2
1665
0
0
10
76
0
105
133
8
11
0
78
196
0
0
5
0
0
0
0
20
0
6
6
2
26
0
0
0
547
48
76
0
100
0
0
0
934
0
0
200
0
11
2
0
286
101
9
74
0
0
0
0
384
10
31
1
1
0
0
0
0
2
31
0
152
215
23
0
7
166
196
0
0
107
23
112
0
17
0
290
5
0
37
0
1
1
34
1094
0
90
0
19
1120
68
53
8
41
0
4119
28
0
31
0
8
585
0
0
112
109
302
0
115
570
0
0
44
24
91
0
310
3
0
0
0
0
0
13
153
0
0
220
0
85
16
0
66
0
0
0
0
0
107
0
46
127
0
4
0
1
0
0
0
792
8
705
630
406
35
0
43
15
0
28
0
0
0
1685
811
0
289
0
3
0
1270
0
0
146
0
0
0
61
0
5
3
9
0
242
0
64
4
21
0
0
175
0
0
136
1
192
726
58
0
0
42
405
347
9
0
0
0
0
2
518
25
0
1016
0
0
0
52
6
551
11
2
2
0
106
35
153
1153
1
5
0
0
0
93
0
0
0
0
0
0
34
0
1226
0
37
244
0
0
0
0
94
376
0
0
0
1
31
0
13
266
0
0
0
5
24
5
25
0
45
0
0
0
101
40
3
0
0
0
846
4
0
114
0
0
0
0
55
0
94
81
0
0
0
0
9
186
0
0
0
0
380
24
0
60
0
31
1
56
49
0
86
0
1
0
2
46
0
6
332
0
1
9
0
0
0
109
0
150
49
0
0
0
151
17
0
3
0
388
192
24
0
0
0
0
0
347
23
0
2
9
2
0
0
0
0
0
181
0
12
1
0
0
2
0
1281
0
51
0
0
0
36
0
2
0
0
776
4
0
0
53
0
119
0
2
0
0
171
2
0
6
0
0
1
0
0
90
0
1
0
565
0
3
10
0
166
0
1553
0
0
0
0
1561
159
4
191
51
0
0
3
6
380
0
95
27
5
0
0
0
0
24
12
27
979
128
91
2
0
15
0
6
0
0
210
831
0
55
0
0
0
2
3
17
150
0
1
85
3
339
46
79
0
0
318
346
13
40
0
800
0
24
0
4
0
0
5
6
308
551
82
39
11
0
0
0
4
239
68
0
0
1
620
0
0
32
0
0
152
26
0
364
12
8
442
0
0
31
0
0
0
0
0
1107
0
2
0
7
0
0
0
38
0
0
457
0
2
0
0
0
0
64
0
106
43
5
3
0
3
0
0
0
579
133
7
36
40
166
0
55
2
0
0
3
1
0
1
5
2
0
0
0
0
11
0
0
165
23
7
2
0
18
0
5
0
1
0
1
0
0
0
20
0
13
50
3
0
0
3
0
0
0
0
92
0
0
2
12
0
0
0
0
0
15
182
0
0
38
6
992
0
3
33
166
11
34
0
0
1
0
0
0
0
0
4
6
0
19
40
0
0
0
40
0
200
1
0
1
451
41
8
0
1
44
13
0
0
28
792
0
107
0
93
48
1659
187
621
0
2
427
35
0
534
0
0
11
60
0
5
42
0
0
184
0
4
0
2
0
0
30
0
0
0
0
18
0
0
0
0
0
82
192
81
7
0
0
20
113
0
120
181
0
0
0
0
22
0
3
76
2
78
0
1
45
57
266
7
3
1
3
0
0
19
30
2274
0
46
24
7
0
0
0
0
0
53
547
0
0
0
0
0
0
79
155
10
43
0
433
258
0
0
1
152
2771
0
374
0
0
43
250
58
0
5
35
0
1
10
62
4
1
9
0
0
2
0
11
296
144
462
0
0
188
0
4
0
21
0
0
95
0
0
0
25
84
20
1
15
0
0
14
517
0
4
0
0
0
0
428
0
0
227
282
1135
729
3
0
177
0
80
0
18
0
186
4
0
2
0
0
7
0
18
0
5
0
69
9
244
0
17
0
41
21
6
880
0
1373
1
0
0
91
72
40
0
1078
0
0
59
88
551
78
7
723
47
29
0
50
3
512
20
0
0
0
0
12
924
0
97
0
42
52
0
0
21
199
0
177
5
728
404
13
5
0
30
0
0
9
0
403
366
755
28
53
0
163
0
114
0
0
203
191
0
0
0
241
0
2
0
36
12
150
0
1112
0
3
11
0
16
81
0
194
45
18
7
464
172
97
53
37
0
311
0
0
0
194
0
0
77
3
0
0
201
0
0
4
0
0
0
24
1235
29
5
614
375
0
739
0
0
0
4
0
501
105
3
292
13
0
0
0
0
0
62
29
30
0
98
0
2
0
3
8
2
366
0
0
575
0
0
1
15
0
0
0
22
22
0
0
0
0
151
0
0
454
0
3
0
1
0
0
72
0
91
0
7
93
0
25
0
9
1
556
79
274
0
0
731
166
0
132
28
0
0
0
0
27
10
3
0
0
0
0
35
3
122
0
106
3
23
37
38
0
49
0
0
1
0
16
66
9
112
1163
562
43
101
0
3
4
53
0
291
2
0
0
0
1124
4
23
324
144
595
359
0
0
3
0
205
0
41
0
0
405
63
5
0
134
30
0
10
0
68
75
263
2
0
0
2
41
0
3
0
338
27
2
8
92
0
166
1
46
20
0
0
54
0
0
268
254
0
18
0
84
6
0
0
1
0
229
0
0
3
0
0
0
0
0
0
0
0
0
1
16
895
224
254
4
0
0
1
95
45
0
0
0
0
2
100
68
0
0
2
33
0
0
0
0
44
18
0
0
0
0
1
0
1
17
0
2
4
39
7
8
0
4
26
81
16
0
44
0
255
3
0
0
0
0
204
0
232
0
176
1
165
29
0
646
407
193
0
0
50
0
0
0
44
2
37
15
10
6
27
56
16
0
14
171
0
39
0
47
1024
2
0
0
29
12
41
57
9
75
52
36
34
0
0
26
0
531
2
2
0
9
1
0
10
0
0
108
35
131
12
4
0
0
0
22
31
8
220
0
0
515
0
669
0
0
14
423
0
0
39
0
2
0
47
0
0
366
0
0
0
4
1
39
4
1
0
0
0
3073
6
63
0
0
0
1
129
23
119
155
165
1194
155
0
26
0
336
73
0
520
0
44
0
59
0
182
0
138
0
0
0
1
0
16
0
0
3
104
0
0
2
2
185
34
17
299
0
0
0
257
0
0
0
0
18
1
184
1145
0
266
0
0
49
82
12
0
0
20
14
0
0
0
176
0
0
0
137
0
3
0
0
0
1
13
99
74
85
1
13
628
4
2
6
6
0
600
0
1
1
163
0
259
144
9
0
9
0
0
0
0
0
0
378
51
478
0
186
3
0
11
977
6
35
0
0
13
1
3
0
0
0
0
482
7
1
42
0
0
0
0
0
4
0
1
106
0
0
60
2
794
0
0
0
0
371
0
170
35
0
1
6
0
0
0
471
0
0
0
0
0
0
0
0
0
41
5
0
0
6
0
293
18
0
75
0
21
55
0
40
0
0
0
0
0
38
0
2
0
0
0
0
0
0
18
1
507
0
2
1076
0
0
0
97
0
0
0
555
37
173
0
40
42
0
0
0
0
13
0
1
146
2
5
0
0
0
0
0
0
0
1
0
1861
0
29
232
3
0
0
0
10
0
0
324
0
0
837
0
0
6
4
172
14
0
0
0
0
2
34
18
0
6
6
4
3
0
566
0
74
0
0
49
0
0
0
104
18
6
8
58
331
0
31
0
131
19
0
11
0
0
0
0
0
1
0
0
662
1
0
0
0
11
59
0
0
0
349
0
0
0
0
327
8
0
0
0
249
633
0
29
0
0
46
168
94
341
0
0
0
0
27
0
4
573
5
101
46
0
176
370
1
0
6
11
4
0
0
51
772
0
0
0
0
1
0
202
8
6
0
0
0
564
27
0
245
634
130
126
0
38
7
2
15
21
0
94
166
0
71
75
167
558
0
0
351
0
13
0
0
0
0
546
2
796
0
199
864
9
63
0
0
0
5
4
0
65
0
0
0
28
3561
0
424
216
3
0
23
1
120
0
1
5
0
0
0
560
0
0
0
0
0
0
49
0
19
40
0
1270
0
1
0
0
143
77
0
115
0
0
1
0
0
0
0
1
0
0
126
0
112
0
26
35
341
146
0
104
1
3
0
0
1
0
99
2
0
14
85
0
0
153
0
0
0
0
15
7
0
227
69
0
52
121
0
0
79
669
0
1
0
8
1
0
22
775
58
22
0
0
0
9
0
7
114
667
0
325
23
595
18
0
1
2
3
0
0
133
1201
0
0
0
0
0
218
506
49
4
0
0
0
12
356
0
6591
0
1
716
488
0
0
0
1
4
0
30
34
0
0
5
0
0
176
0
0
215
47
2
399
0
269
3
122
0
0
0
0
0
0
472
2308
0
589
0
221
42
123
706
0
0
3
0
118
205
0
19
278
11
1
7
2
273
243
0
0
0
71
0
0
0
2
0
0
0
48
0
0
14
1
14
2
0
1
1041
0
0
0
438
7
22
0
96
0
0
36
1261
0
0
0
199
188
0
0
0
6
0
57
264
1352
0
0
127
0
386
0
6398
0
3
411
0
0
0
0
0
0
0
7
0
204
0
592
311
0
45
13
39
0
103
0
131
806
3600
2
266
501
0
0
0
30
0
76
5
0
7
0
0
0
390
0
23
0
0
2
60
0
0
85
9
29
20
12
64
119
1
5
0
4
3
503
1
447
56
27
0
0
0
744
0
0
208
0
0
0
0
1299
0
80
0
0
88
0
0
0
0
128
0
10
0
352
1
0
12
0
19
0
0
19
78
2
3
388
316
0
0
11
56
137
3
0
2
0
85
0
29
0
0
3
26
0
0
449
79
0
29
715
19
119
432
283
0
0
0
0
0
7
0
439
246
0
0
0
0
13
329
11
0
12
12
1041
1
2
4
0
265
120
103
0
552
26
0
0
98
8
0
0
0
0
5
182
81
35
17
359
0
0
2
0
0
0
597
0
6
198
356
17
0
110
0
0
0
359
126
144
0
2
0
7
148
0
0
576
0
0
0
453
1
0
0
7
0
1170
1098
4
1
15
350
0
2
0
0
0
8
660
522
0
386
2
23
0
0
59
0
4
0
0
0
20
3
0
0
0
0
1
184
1
0
0
0
102
0
0
0
0
0
8
1487
64
0
0
274
0
189
111
15
0
71
26
6
0
0
0
156
36
0
3
219
965
0
0
0
0
0
0
0
0
0
0
12
0
69
0
1534
0
0
0
567
0
1
81
0
18
0
0
0
0
0
313
227
11
790
0
0
30
0
5
0
2
0
0
34
1
0
3
0
0
0
995
34
1
128
0
0
0
17
0
112
35
0
10
413
0
0
0
230
0
0
4
8
0
805
5
0
379
1
0
0
4
0
0
0
0
0
12
5
0
0
1
0
0
0
0
0
0
0
12
188
0
0
0
0
2
14
0
0
1
98
11
14
0
645
0
3
1199
0
65
0
3
57
0
0
0
50
14
0
10
1024
0
142
0
2
96
12
0
123
0
424
0
0
0
28
555
0
0
0
0
0
101
190
23
0
0
0
62
329
694
6
35
11
3
14
6
11
0
29
18
0
4
37
11
0
0
0
158
0
0
0
13
19
0
275
0
0
19
41
1475
44
14
113
1
0
153
1022
0
2
987
0
5
0
38
71
0
0
53
0
0
15
12
0
45
1
19
0
0
4
34
0
0
0
0
731
0
8
0
33
0
0
38
3
0
0
0
0
31
0
22
0
1
78
8
2
0
2
368
0
125
33
2
0
39
0
1
0
21
67
0
0
0
26
0
636
0
1
1
252
1150
0
0
120
0
95
0
0
0
0
781
0
0
0
2
58
21
16
37
40
0
476
0
0
0
264
119
52
0
29
30
0
12
0
0
77
0
5
0
44
266
0
0
0
59
2
1001
0
4
193
0
0
0
0
4
0
0
13
4
5
552
0
13
8
0
531
2
0
0
137
0
0
0
0
556
0
500
807
171
166
0
0
52
1904
0
0
0
49
0
0
1
0
113
0
182
21
0
185
706
0
1
0
0
7
0
181
3
0
151
0
0
536
0
11
0
49
719
0
0
0
248
0
4
67
219
0
1
0
0
234
356
43
16
0
0
0
3
0
8
0
1
49
0
0
3
19
10
689
426
0
5
144
0
0
0
0
2
1
0
0
0
1297
11
162
0
2087
0
1053
0
0
2
254
0
7
0
0
12
81
50
118
59
33
60
0
133
0
75
40
5
0
5
0
214
1
0
360
6
242
0
0
0
0
30
30
224
0
1
1
0
4
2457
0
90
262
55
39
90
10
3
0
163
27
0
254
0
0
0
0
82
0
0
1
2
41
0
0
0
15
4
0
9
0
330
0
0
0
9
0
1
0
0
390
0
0
0
56
0
13
67
0
10
0
157
0
0
0
317
0
0
1
427
51
27
63
0
7
284
0
0
307
0
0
0
245
0
0
8
56
0
2
0
0
0
247
17
465
52
0
0
0
0
328
0
34
0
277
170
2
439
1
227
89
53
9
92
3
0
54
232
0
692
0
23
0
74
0
1
0
0
574
0
0
0
48
0
1046
0
19
0
13
0
20
0
6
0
225
0
8
129
2
0
0
0
224
0
13
419
0
0
0
268
98
100
63
0
0
0
22
104
103
0
0
38
0
0
0
0
0
0
262
0
0
32
11
47
0
0
0
0
325
2
37
0
51
118
12
0
0
0
3
0
72
0
52
0
4
0
0
171
0
44
232
0
251
185
0
48
0
78
61
2
17
0
28
4
99
51
41
0
4
302
23
28
0
6
0
69
413
862
85
0
0
0
0
0
195
290
4
25
6
156
0
29
1
0
1
2
49
0
66
0
26
14
150
21
0
12
57
92
0
173
0
0
0
27
8
0
0
1
4
2
152
137
0
155
66
1640
8
295
0
21
21
0
1
0
0
24
0
0
0
0
0
3
77
4
2
0
31
13
138
0
84
23
440
29
0
4073
47
176
5
0
0
0
1
0
479
0
145
65
2
0
9
1
0
0
18
0
28
3
0
1
88
148
1019
32
7
23
0
10
38
10
2
4
256
2
0
35
245
0
1
0
640
0
555
2
0
0
28
124
9
0
122
52
0
6
0
0
1
666
2
41
832
362
0
114
0
0
99
42
636
271
0
0
1
18
0
109
133
121
29
6
0
5
0
111
867
0
8
37
8
0
0
0
1
117
0
662
563
443
0
0
388
0
1083
0
0
4784
0
0
0
0
41
31
8
0
0
34
0
186
78
0
374
31
217
12
0
382
0
5
169
413
9
0
0
153
11
297
2
0
5
0
3
0
0
0
7
0
25
0
0
0
64
0
356
0
0
241
4
381
64
0
45
0
8
143
0
0
54
18
1863
0
0
0
599
343
7
0
60
5
1
592
64
115
1
0
0
0
0
140
24
5
16
0
0
0
13
0
2475
0
0
0
1
96
11
0
0
0
0
0
8
0
1
202
0
2
63
0
10
0
470
0
101
164
0
0
1
0
0
279
2
0
42
0
81
0
621
0
0
0
2916
31
55
0
0
0
36
93
39
0
13
0
31
1
2
479
61
834
0
0
0
451
30
0
229
273
0
210
0
3
0
0
3
12
90
15
2633
270
0
0
0
0
339
0
0
0
265
0
0
1018
19
1
5858
44
315
24
5
10
0
0
0
107
27
25
0
0
99
87
29
8
0
477
0
6
50
18
0
0
0
0
3
15
0
0
2
0
0
745
0
17
0
0
0
0
18
2
0
0
68
2
952
0
1
0
0
727
3
4
0
29
0
31
0
146
260
0
0
0
0
0
0
0
0
0
0
0
0
0
0
0
0
0
0
21
0
0
0
0
483
0
5
1
0
4
12
4
0
7
0
119
46
4
461
0
0
0
0
0
0
0
0
0
0
160
0
1
0
0
7
0
50
213
0
0
0
0
0
16
3
2
3
40
147
44
0
2
0
578
2
0
25
136
0
0
44
35
0
0
109
24
9
3
0
0
1016
199
0
0
151
0
77
0
113
80
0
2
149
17
976
69
0
55
0
0
0
0
0
410
0
0
0
0
0
0
2
0
0
263
14
140
0
0
0
0
0
0
19
343
0
11
55
538
0
0
155
0
0
0
397
3
0
2
92
12
0
0
0
0
256
0
0
6
0
552
0
0
0
6
0
0
0
0
0
0
0
0
0
0
0
77
0
856
3
0
423
14
0
49
2
103
226
14
98
0
1
25
0
918
0
0
0
0
70
23
8
13
0
2
0
18
0
0
0
0
246
239
245
2
38
0
56
3
1
0
0
0
0
0
2472
7
6
8
2
0
0
0
0
0
40
0
0
323
20
373
173
3
77
0
0
0
31
0
572
0
1
337
0
0
0
0
0
0
0
0
428
0
0
0
0
0
937
0
1
0
0
559
0
0
2
22
5
0
29
0
6
0
129
74
0
0
12
353
0
0
5
0
276
54
234
3
32
4
4709
1
0
127
0
0
0
0
0
3
0
1
41
3
0
10
0
0
321
0
0
10
1186
0
167
72
63
0
0
112
12
0
22
1
241
382
0
75
1
0
0
3
0
0
2
10
237
1
0
0
0
0
0
0
171
13
278
0
0
0
8
17
781
0
17
0
0
0
1
4
0
9
0
0
452
178
0
0
0
0
4
0
83
250
0
429
0
0
0
14
0
0
19
0
0
0
0
234
0
87
62
0
141
30
0
652
0
0
32
0
78
0
319
0
70
12
0
0
0
46
0
0
1
0
3
0
0
0
0
63
6
63
883
0
308
0
404
0
459
0
0
10
9
32
525
0
201
96
15
0
5
59
0
1
0
0
28
84
62
20
4
1
0
0
4
0
7
0
0
47
0
0
579
0
0
2
0
0
0
0
0
0
32
6
22
4251
164
0
35
0
0
5
85
0
2
0
0
0
0
5
0
0
0
0
5
48
325
16
14
0
12
0
226
0
0
0
0
0
0
0
0
0
0
16
126
399
0
1222
0
22
137
986
220
7
0
0
0
4
124
267
1
0
0
0
0
73
0
0
0
0
0
72
140
54
3637
0
0
68
247
647
0
0
3
0
94
3
109
1
710
0
0
58
0
0
0
15
0
191
0
334
8
204
0
221
2260
188
0
11
10
16
0
0
10
0
40
0
0
0
51
0
76
0
1
5
547
405
81
0
0
0
0
0
9
90
1
24
91
4
9
0
779
9
51
20
1
0
2
0
919
0
52
0
20
588
0
1
3359
0
164
3
338
0
1
7
2
0
2063
0
1536
0
0
0
611
0
0
0
226
0
55
1333
1
3
8
18
1249
0
0
0
108
0
0
5
0
0
3
114
0
0
21
61
38
13
2
0
157
163
2
0
0
0
2
1
0
296
8
2890
0
0
5
9
0
0
0
29
0
0
0
1458
0
843
0
0
505
1
0
0
0
20
92
0
0
9
0
383
0
4
1
68
0
150
0
333
0
0
0
0
0
0
0
34
0
0
119
0
24
0
1058
0
0
0
148
12
0
153
0
0
11
0
60
27
4
1
0
0
0
242
34
1
0
0
2
0
0
0
0
0
156
188
0
125
256
14
0
78
0
157
0
22
0
21
0
0
0
0
21
0
0
6
39
0
40
496
0
0
0
50
79
12
28
4
932
13
32
0
2
0
0
0
17
28
475
0
0
0
0
75
0
0
12
0
45
28
0
5
0
19
18
0
1393
48
0
106
143
2
0
36
114
3
2680
1411
62
82
41
458
166
0
0
49
0
49
750
0
138
0
2
6
12
0
1
0
0
0
0
44
0
0
0
2
6
0
0
0
0
3
0
205
0
32
0
51
0
0
0
0
0
0
0
0
0
337
0
1484
27
1
5
0
370
0
0
0
0
0
0
0
38
0
0
259
0
3
4
0
2
156
0
556
62
0
2
55
0
0
9
46
0
0
4
1
0
0
182
10
0
0
3
7
33
44
0
0
2
52
2
0
101
17
0
0
36
10
0
0
0
0
42
158
0
38
0
0
0
24
0
0
6
1
122
0
11
224
0
0
0
7
0
0
396
0
4
0
0
0
0
0
507
1417
0
17
0
1
63
382
0
0
2
0
53
203
0
296
494
0
0
1
0
0
63
0
0
3
14
0
0
77
3
41
0
474
0
0
2
0
267
0
0
8
0
0
0
0
363
56
0
0
44
0
66
0
0
534
4
0
94
3
246
143
0
1
64
0
0
5
46
29
6
8
0
24
24
227
0
0
0
0
0
0
5
0
0
127
0
0
28
71
0
0
25
0
311
108
41
0
0
0
0
3
0
723
1
128
0
19
0
0
232
0
0
0
0
372
1
22
13
159
0
1464
0
0
129
243
258
88
69
0
4
233
0
716
0
59
10
94
2
0
46
181
0
0
269
0
246
0
0
0
0
0
0
19
0
201
0
4
0
10
0
21
0
0
506
0
2
80
0
286
54
0
283
1299
3
0
0
0
0
1146
179
0
2
0
0
1
0
0
0
318
53
2
0
7
0
759
0
60
1
0
20
21
0
0
0
168
0
92
60
2
0
7
227
0
479
0
98
1303
1871
3
99
0
1
13
42
7
0
299
37
55
0
0
41
120
37
0
236
1
0
171
0
0
1
0
7
0
0
3
0
0
8
48
0
4
3
15
0
16
0
59
0
193
0
6
216
0
8
206
2
0
5
20
183
0
0
0
0
0
86
0
0
5
1
0
2
0
0
17
27
364
7
9
0
0
0
0
0
0
1479
0
0
9
0
623
0
0
0
36
0
0
9
0
147
0
11
0
0
0
3
13
11
1
0
632
97
0
10
0
0
0
0
15
86
56
0
884
0
75
138
0
0
69
0
14
29
0
0
0
0
0
1
0
26
0
25
75
0
1
36
113
0
6
0
0
0
1
77
0
0
5
2
55
0
0
32
187
0
232
0
5
40
0
348
0
0
0
241
54
17
2
0
0
0
17
1
278
0
627
87
0
106
82
21
211
0
26
118
7
0
0
325
21
1
261
3
0
409
0
5
0
2035
0
0
0
91
0
0
0
0
242
29
0
2
237
0
0
0
47
551
0
0
0
0
182
0
0
42
0
0
0
0
0
0
107
0
16
312
0
0
675
0
0
285
0
750
1
187
22
0
0
12
0
199
350
0
92
73
0
0
375
63
6
0
0
0
0
0
381
44
0
0
0
39
568
60
13
1468
4
0
0
0
6
887
1
123
274
0
11
253
13
659
48
5
0
103
242
0
0
0
0
0
0
0
93
573
119
1123
20
1079
297
298
10
191
0
0
0
0
0
282
8
11
0
288
23
0
0
0
47
33
0
0
5
116
1553
230
71
0
1
14
113
0
0
0
0
0
0
33
0
458
128
0
1
0
17
38
3
12
1
0
6
0
5
258
0
14
27
26
0
38
0
8
339
2
1318
0
1
60
31
1122
1
0
46
0
5
0
0
0
0
0
0
0
27
633
0
35
0
0
4
10
0
0
45
166
7
0
0
1
0
0
0
79
42
38
42
56
243
20
1
0
0
0
0
452
83
198
0
0
102
0
152
0
201
1
860
19
0
0
0
10
51
15
37
0
2616
3
0
1
3
7
0
15
575
1
0
0
0
12
233
0
0
46
13
479
0
650
681
9
93
373
46
4
74
46
86
0
472
878
133
15
432
0
0
0
216
10
3
3
0
426
173
1133
2881
0
123
1
682
0
0
0
2
1
0
0
51
0
0
0
3071
392
124
0
381
179
2
16
125
4
1053
1
0
0
0
0
21
31
37
0
0
358
0
142
7
118
0
1
427
1335
0
36
20
0
627
0
420
0
0
192
43
32
30
0
0
1
0
0
0
3
18
115
39
0
0
0
308
1244
0
13
9
22
10
99
2
514
0
0
158
0
0
0
0
0
0
474
0
0
0
8
114
0
0
0
649
0
123
204
97
129
0
0
152
0
0
0
49
0
51
0
8
0
1101
3595
9
393
7
30
0
371
61
101
0
231
0
0
3
0
68
0
0
0
0
0
0
0
44
25
93
42
75
125
18
10539
567
40
0
120
0
0
0
0
0
0
42
0
0
0
0
59
112
48
12
7
9
16
0
165
26
381
0
8
3
19
0
42
0
8
0
0
1
107
4
24
0
6
421
0
0
0
23
0
566
889
0
0
0
215
5
54
310
62
416
216
1
131
1
221
2
0
1
0
103
0
159
0
0
311
0
0
0
0
0
0
0
5
600
31
48
240
0
7
13
0
439
0
0
2
0
31
0
0
30
0
0
2
175
83
127
0
0
548
1
0
313
0
2
0
0
0
0
0
2
60
1
0
2
17
0
76
0
0
0
0
0
0
0
2
2
153
0
0
11
5
10
0
43
0
0
0
0
0
10
0
495
0
0
186
0
0
61
0
0
0
362
0
0
269
0
0
0
0
0
2
324
4
47
0
258
217
10
0
19
0
0
0
0
0
0
26
0
0
1
43
1
0
92
72
59
0
0
350
844
0
0
10
0
712
2
1
0
59
85
1420
0
0
56
2
0
3
16
10
20
0
0
0
0
0
223
2
0
798
0
218
0
344
2
20
86
14
55
700
0
1194
28
2
0
0
246
0
1
143
0
67
0
4
18
4
790
3
0
8
0
0
2
1
52
0
0
436
0
0
0
0
0
0
0
128
94
39
0
0
13
5392
670
0
20
0
0
0
9
0
0
5
13
60
30
29
91
2753
0
0
0
759
0
20
0
0
0
0
402
220
1
6
0
201
0
0
11
155
3
0
0
0
4
169
0
0
7
0
0
16
0
13
0
0
815
13
144
0
0
0
0
7
0
0
0
4
0
0
0
0
43
25
0
167
0
0
0
0
3
0
0
0
0
1
0
0
2049
0
0
0
65
0
106
76
72
0
1
13972
0
0
0
132
11
0
0
0
0
2
0
0
0
0
278
0
0
0
31
0
0
0
0
0
0
0
0
0
0
40
0
0
0
15
7
1769
10
35
0
2
0
0
1
0
2
2818
556
391
107
16
0
0
100
0
153
14
275
459
28
346
358
260
0
189
38
2
12
0
0
2
0
0
253
0
0
0
1
44
15
388
1
314
8
184
5
0
0
0
19
106
4
0
0
2
61
7
52
5
96
0
2
40
26
0
0
0
0
0
1
2
0
0
0
2
0
0
4
145
59
0
2
1
1448
0
0
9
2633
216
0
259
0
0
0
0
8
317
0
0
759
10
0
483
0
0
128
36
0
2
1
0
0
311
0
0
5
6
1
0
461
182
0
0
3
0
0
4
0
1
5
14
6
0
0
61
0
0
0
1
431
0
0
395
4
0
0
196
3
1
211
2
0
62
0
0
0
0
114
0
0
0
36
2
0
4
10
0
0
48
1
0
1
0
4
45
0
28
0
0
0
0
813
0
1018
0
0
10
0
0
0
0
0
216
317
0
0
0
27
0
196
0
0
0
71
135
2
0
0
259
0
0
267
56
0
0
1
0
0
1409
0
0
0
1087
0
2
3
53
0
114
982
0
0
0
5
0
2
0
0
0
0
0
107
87
0
0
0
0
0
0
0
0
0
0
395
0
50
0
19
0
0
0
0
0
0
0
0
0
0
0
0
3
0
0
0
0
0
0
246
0
132
0
2
0
139
0
4
0
819
0
1810
0
596
0
0
0
0
0
23
0
10
0
0
0
0
0
0
10
0
0
0
0
926
14
0
0
228
0
0
0
0
0
0
0
7
0
2
64
0
375
63
0
1
0
4
0
46
0
0
2
43
0
0
0
9
0
0
0
0
0
0
0
0
0
0
0
26
0
27
222
4
0
0
0
0
7
0
0
0
774
0
0
0
21
8
0
4
0
1
0
0
0
92
0
0
0
0
0
1543
192
0
274
0
0
0
0
0
0
2
0
23
415
13
113
0
2
0
791
690
0
8
227
0
0
0
0
0
0
696
0
10
0
0
2
1036
0
446
22
0
20
0
388
1
0
0
0
0
314
0
0
0
0
0
0
40
0
0
0
609
105
1
0
5
1261
5
10
397
0
1483
9
0
0
0
0
0
0
33
0
0
0
0
0
0
0
0
0
100
0
92
0
53
588
4
573
0
18
0
1
0
25
0
0
6192
0
0
0
6
1
0
0
0
0
62
0
0
3
0
0
586
0
417
0
0
12
0
343
186
0
389
0
1
428
0
15
0
0
0
0
568
0
0
4
0
5
0
1382
51
0
9
0
0
0
0
0
0
101
0
107
0
14
3
0
349
3
0
288
0
2
0
0
12
0
0
0
24
335
2
0
0
0
0
0
0
0
0
7
168
0
0
0
0
234
0
0
0
5
0
341
0
0
0
0
0
0
2
0
0
0
0
6
0
8
454
3247
155
4
0
0
0
344
0
0
5
0
0
0
0
0
0
107
0
278
40
0
3
78
0
1
0
0
1481
3
0
260
0
0
13
127
3
0
82
2
14
1
3
562
336
24
14
0
19
0
43
0
12
0
33
2
171
0
562
0
0
449
3
384
223
21
0
2
0
243
7
0
237
57
0
591
5
0
0
70
0
444
0
2
0
0
0
865
1553
694
3
0
3
0
0
0
717
158
226
0
311
3
0
4
16
149
3
0
45
0
10
12
46
0
4
78
23
0
0
0
138
11
70
956
88
123
179
0
0
4
197
0
171
1
0
32
0
15
0
1
85
6
0
19
5
2
50
0
61
1568
0
0
1744
10
0
94
2265
0
34
124
0
0
0
10
6
0
0
0
0
0
0
2
35
34
10908
336
0
526
2
134
869
22
0
72
0
0
0
6
0
64
20
83
29
0
0
87
233
376
0
0
637
9
13
0
91
0
84
135
129
24
0
51
0
166
0
0
0
0
103
0
14
6
371
64
0
14
264
15
164
451
56
0
0
146
600
4749
0
0
15836
85
425
0
2
0
0
255
268
0
59
23
400
0
0
0
543
2
230
0
2
2158
11
159
1602
0
0
3
605
0
13
63
205
66
279
600
0
3
264
111
24
0
267
12
0
120
621
0
7
6
218
0
0
0
1
0
0
5
0
2
4
505
41
626
201
447
907
1
18
268
0
62
4
807
0
193
8
241
0
17
0
72
0
1165
669
4085
0
0
111
77
0
94
116
0
2
3
36
0
1016
2
109
0
115
481
16
3
0
0
146
0
0
7
221
0
148
0
9
16
1
27
40
0
247
0
622
46
0
142
30
0
701
3
658
0
185
0
0
5
20
277
196
32
0
3
826
5
412
0
0
280
299
24
0
1
115
221
6
209
0
8
3
158
138
0
0
4650
0
2
469
21
88
41
325
2
14
42
17
14
258
0
50
81
4
144
774
131
64
18
629
58
4
632
22
1
113
0
8
39
21
2
0
227
66
932
32
3
0
0
0
400
175
298
184
700
2
37
0
0
0
74
262
67
0
1
68
30
0
16
39
225
711
0
0
313
4
158
8
71
25
0
1
23
10
366
0
0
99
0
4
319
39
0
59
0
100
38
17
0
0
38
45
318
0
0
0
0
2
18
23
541
17
1
0
14
1
0
0
198
2395
5
0
0
0
64
818
66
192
1947
405
18
8
0
69
22
0
343
9
154
112
52
37
19
0
16
477
45
0
57
1
3
311
2
8743
7
49
29
0
0
138
7
0
0
76
0
12
100
33
0
311
1
0
6
0
28
439
0
0
104
305
0
0
80
61
0
0
347
710
0
3
25
1
0
0
937
9
13
0
8
0
0
0
190
42
263
0
78
0
0
19
2973
0
1
16
43
824
17
0
0
0
9
230
0
117
181
0
7
898
865
0
0
21
14
0
1
31
0
1675
70
358
978
0
0
0
939
0
0
0
18
38
1
154
0
0
133
0
0
12
175
143
232
320
100
0
1
0
0
120
0
0
394
68
0
168
0
0
0
582
480
803
505
2
250
32
7
854
0
0
0
43
0
264
282
123
22
427
18
0
306
0
0
69
0
1241
0
5
115
286
105
232
13
0
3423
0
0
0
33
0
0
1460
0
123
375
447
0
184
0
125
8
0
60
11
98
5858
1
0
0
872
0
267
22
158
0
44
103
5
67
3
0
4
0
0
853
0
107
0
0
0
0
92
160
393
0
3
0
2
0
0
0
0
0
653
647
4
0
24
0
0
149
0
0
23
0
0
0
93
22
656
204
0
25
2
34
238
285
32
9
0
85
3
0
6
8
2685
12
0
0
335
2
0
470
0
228
0
2211
213
0
30
0
0
577
0
0
0
27
70
98
0
0
180
205
67
0
137
184
0
2
0
3916
14
6
110
250
17
92
2
72
0
134
10
0
1
0
81
118
0
860
225
0
13
0
0
1
215
807
3
82
0
0
239
188
44
0
211
0
86
91
121
0
3
20
0
4
14
4
0
0
2637
61
21
0
0
0
0
928
142
212
126
0
0
68
56
12
198
16
6
0
1
0
0
0
546
0
0
12
15
85
107
769
0
0
449
0
1633
0
255
0
96
0
44
11
310
0
145
70
188
2
5
1
1240
194
62
0
1269
495
0
411
0
29
0
0
0
2
546
93
0
544
0
1
72
0
0
0
853
97
0
17
0
130
373
42
0
0
0
31
0
0
13
227
3
0
0
6
0
128
0
0
0
355
11
8
3
1355
0
38
14
26
0
2
8
434
0
0
459
0
0
0
0
0
51
22
3
5
65
0
0
16
0
0
18
1
0
0
107
30
606
0
1
4
16
12
3
3
0
0
0
1
6
0
9
35
0
0
2
0
2
0
0
18
0
3
16
0
1
82
2
0
1
0
34
0
9
1
11
42
22
0
0
6
0
16
2514
0
0
0
0
27
23
64
18
0
0
171
160
0
1682
194
12
156
6
118
1
269
49
15
222
2657
14
0
0
94
0
0
1064
16
246
0
21
67
0
89
327
2
421
7
156
17
0
83
72
67
0
0
66
1662
9
6
85
27
0
1135
8
625
2736
0
0
184
57
0
14
84
377
29
32
83
619
18
144
29
0
192
306
233
14
0
0
645
2
3
0
0
0
5
0
0
11
0
31
88
20
254
14
65
1
0
67
49
68
0
0
25
718
5
144
0
41
9
0
10
409
0
158
5
0
0
0
1046
0
0
739
0
4
14
0
0
75
13
1476
0
586
4
174
453
71
0
2
0
0
0
1445
0
0
6
0
661
0
0
1564
298
1
0
79
3
22
415
42
8
56
219
0
18
429
23
0
0
1
0
0
19
172
0
125
118
0
0
384
2117
38
2741
0
14
0
733
7
205
0
0
35
55
12
0
0
0
0
23
0
48
49
153
0
552
141
443
885
223
582
0
0
1536
0
0
0
4
332
323
4
0
0
0
0
0
0
0
0
0
0
3
1
20
37
115
99
86
3
7
0
130
0
0
0
0
18
0
37
0
106
0
16
0
0
0
0
29
286
2
0
0
5
1
1261
265
0
0
0
0
182
0
10
0
521
0
3
90
392
0
853
30
0
19
0
113
0
25
0
0
0
0
13
92
48
0
0
24
9
0
251
0
45
0
0
0
6
420
7
0
43
0
0
53
0
174
108
759
0
0
0
63
754
0
17
0
2
0
0
105
0
3
217
0
4
3
0
3
229
0
5
203
232
104
0
91
166
219
2
0
8
739
12
294
0
0
0
0
9
112
165
766
0
1
0
0
18
1
0
0
0
0
0
5
0
251
79
0
8
37
330
0
29
12
0
2
3
54
0
172
0
182
99
0
14
7
0
3
0
0
36
0
0
19
48
49
0
1
44
209
12
21
0
59
2
0
0
0
0
0
0
45
0
1
7
0
4
0
53
0
6
2
0
0
96
0
12
0
14
7
210
12
0
386
0
5
39
4
16
0
12
0
11
0
4
0
4
0
14
79
0
0
0
39
254
139
352
0
0
46
0
55
0
1867
0
154
111
963
0
0
1845
443
0
0
0
494
3
0
1
41
1
0
0
41
0
177
0
15
574
60
503
0
1
4511
123
0
21
0
37
40
0
9
764
0
852
0
0
318
0
39
0
11
379
0
0
78
0
243
7
1
16
109
14
30
0
0
434
195
1
0
253
1
279
5
102
19
388
8
3
0
0
0
0
0
354
0
0
493
380
0
0
751
0
1
0
0
0
0
0
467
6
335
15
195
821
18
228
0
265
0
26
622
2
0
21
44
8
0
128
1
61
10
0
10
720
0
3655
0
769
59
2
793
0
0
321
0
328
1007
0
10
216
351
89
100
0
0
0
26
216
0
6
0
22
341
14
0
0
3
18
360
0
78
1494
61
474
79
20
1289
86
21
13
110
840
0
0
510
577
100
0
494
420
145
0
0
2
1
1292
1625
456
27
318
0
62
7
0
0
528
2
25
0
230
108
0
56
11
5
429
203
176
173
0
5
97
10
4
0
0
258
0
73
355
22
0
0
0
33
392
2
46
0
2
530
0
576
49
24
3
3
1157
0
298
534
26
0
46
657
166
569
85
5
0
0
1278
0
1124
23
0
3
0
4
1534
0
1124
122
1858
83
1083
210
130
0
252
0
0
3
0
16
113
201
351
0
47
63
41
577
0
0
400
31
0
0
75
184
107
222
0
0
19
2182
0
0
27
4
12
0
396
277
8
68
141
0
166
23
0
0
5
35
208
0
0
0
0
82
0
12
2
34
0
432
0
17
0
0
2
0
12
0
116
1
2
0
57
0
44
0
7
145
13
13
89
33
892
0
1
0
0
168
174
35
782
15
0
0
258
0
32
0
349
306
4
0
207
77
0
163
102
321
3
187
0
0
4
0
0
8
135
757
60
13
7
329
438
2
92
0
18
31
383
297
507
541
1260
0
384
208
2
0
0
70
66
0
278
0
66
297
92
0
138
0
162
507
1092
449
0
737
1180
0
0
0
0
281
0
0
0
123
17
0
0
0
0
0
9
0
1
76
2372
100
72
22
28
2304
6
1685
0
0
243
0
14
1
0
0
482
26
4
303
2512
0
86
7
0
288
215
0
0
28
0
0
42
0
67
0
105
13
261
24
0
12
786
133
0
0
260
18
0
0
0
0
110
0
5
2
0
0
578
987
55
233
87
0
16
0
2
24
22
551
19
298
288
0
144
47
55
30
0
42
0
0
0
50
0
527
79
25
17
40
49
42
0
0
0
0
0
0
37
114
933
0
0
0
0
2
0
0
0
46
18
76
0
810
4
170
80
0
0
79
1661
45
152
49
1
0
2
0
70
35
8
0
1346
0
1010
251
7
0
242
47
141
27
9
4
168
33
178
691
0
2
0
643
0
0
0
0
83
6
21
85
0
0
12
0
313
26
0
513
0
3799
0
107
313
33
0
610
2
0
0
181
0
0
0
0
316
0
535
167
2
228
15
3
89
1007
343
22
0
0
9
65
0
0
0
19
234
8
11
3
11
62
0
0
193
157
5
0
58
0
47
0
0
6
2
1564
8
22
0
0
0
28
0
28
0
598
0
0
178
13
194
0
3
0
251
0
50
0
48
125
1
1724
101
3
9
0
0
0
0
0
114
301
70
0
31
0
0
23
218
0
35
19
2
1
42
0
149
562
1841
36
251
0
8
33
1
72
0
13
11
2281
0
78
216
0
2607
0
0
3
107
0
150
54
0
7
6
3
92
13
0
11
1
597
0
0
0
56
0
0
0
0
614
330
9
495
199
11
746
0
0
0
62
293
14
3
103
0
45
18
55
272
227
1259
0
0
2
6
18
1085
266
21
215
1192
71
106
0
1786
300
9
0
0
865
126
1382
1
0
0
1
140
0
1009
13
251
747
0
8
343
78
0
13
104
1586
2
0
22
44
1
37
470
9
15
10
13
0
622
112
0
0
207
11
8
4
0
0
88
3
6
163
202
54
0
875
0
0
165
59
1
8
0
13
1
1142
0
968
0
112
0
316
44
254
6
36
0
0
0
12
0
0
0
0
11
97
5
1276
0
58
0
6
137
81
0
18
18
323
48
20
77
0
0
0
219
510
0
0
55
0
8
0
0
0
1185
0
186
923
4
49
65
380
0
0
0
0
210
18
21
0
9
0
0
0
0
0
7
190
156
27
3
31
14
0
2
0
16
55
3
0
16
127
74
98
0
0
162
0
0
0
76
0
1
33
16
25
163
0
9
0
320
0
0
1
0
1
96
28
0
0
340
29
231
7
1155
16
16
23
7
58
509
0
0
11
0
445
118
17
77
541
1
54
374
0
0
0
0
158
0
17
67
0
0
472
0
79
12
30
0
126
132
0
981
0
446
38
0
3217
25
202
0
433
0
0
1121
246
20
0
21
155
10
59
3
0
107
187
3335
60
0
0
0
0
1
1075
3715
22
195
17
833
1
415
257
0
0
699
3
61
5
5
470
101
449
76
226
0
4
57
773
49
0
0
0
0
8
257
0
57
43
0
38
1
233
57
490
320
30
76
0
239
0
269
3860
72
5
578
193
33
29
0
42
4
543
25
0
11
7
0
0
0
326
0
13
0
0
147
10
0
0
45
2
231
0
12
3
477
0
311
0
1004
0
0
6
27
6
6
0
479
5404
83
134
41
1035
0
845
18
314
1682
5
83
0
44
108
35
3
63
0
38
0
1
13
65
600
26
2
2
0
0
348
76
152
0
65
1766
754
14
0
3
0
84
214
0
172
0
274
316
170
33
533
23
60
0
4
576
0
0
0
0
20
0
0
0
91
0
0
27
1038
0
0
2
400
624
398
31
400
62
2123
1
184
15
3
8
70
8
4
0
57
333
19
0
0
492
0
1175
0
27
0
0
3079
0
0
16
10
0
19
0
156
285
138
0
47
0
0
65
92
1
1891
1958
5
472
166
0
0
0
106
419
61
0
0
0
157
5
1621
24
186
62
5
179
0
452
31
65
154
2
7
0
5
1646
0
41
0
0
23
2398
110
12
255
0
0
1
0
6
0
130
372
0
14
38
3
0
0
8
598
0
26
106
85
473
4
0
7
4
11
1390
213
0
88
49
1
44
1
0
0
850
114
16
432
5
888
45
8
451
254
0
0
10
529
0
187
0
6
0
0
599
0
0
45
2
0
0
0
14
7
163
43
434
0
1
1
147
0
0
1
238
0
0
0
0
0
0
432
0
0
0
0
37
0
0
0
0
2337
2
46
0
49
1
0
0
586
0
5
908
0
0
0
319
58
676
28
0
0
63
236
64
0
104
598
4
0
0
134
7
0
1
0
3113
0
26
97
56
0
0
0
42
5
129
8
76
455
819
0
1
483
257
1
0
0
37
305
0
148
2
80
229
13
72
12
0
19
9
14
0
225
0
9
2
2
117
103
44
225
0
213
1121
68
0
227
0
141
0
662
75
338
0
0
103
892
6
137
9
13
0
400
0
0
0
42
459
4
0
127
154
551
15
28
2
207
0
4
1090
266
0
0
0
128
129
946
120
0
47
0
14
0
0
8
0
5
1
0
0
239
31
0
0
0
989
47
0
35
2
1
6
688
21
0
1
0
268
1413
79
1937
0
0
0
0
0
319
0
0
48
18
286
0
0
40
0
0
0
326
287
0
0
993
0
15
0
2
2
0
23
3
0
18
0
0
40
111
0
170
122
0
36
0
0
0
213
0
332
999
0
130
8
50
0
26
0
164
0
48
23
1
226
25
0
46
2
6
73
110
3
0
203
0
0
0
153
0
3
0
1172
237
29
508
0
0
0
14
300
85
23
241
6
0
0
2
0
0
293
641
0
712
24
119
11
38
10
0
215
153
7
0
10
142
36
18
0
123
314
170
3
463
173
0
0
7
13
174
946
481
0
15
616
0
511
0
0
0
16
717
48
577
1
0
2
0
0
0
60
1
0
0
292
0
0
0
92
1
0
112
0
0
2
2239
2
56
380
2
312
0
0
4
0
156
0
27
0
136
68
390
0
309
0
138
0
2
0
1
0
4
30
0
2
0
39
0
0
3
28
0
388
140
1674
0
32
20
142
14
1725
0
37
0
0
0
203
0
172
0
2
507
0
46
0
0
0
5
501
239
146
58
106
46
0
1
4
0
17
0
5
241
153
37
0
5
3
3
146
101
44
710
7
265
0
17
162
0
1051
0
171
0
0
647
2
133
51
663
0
9
0
32
40
2461
91
17
40
1
0
0
0
0
75
333
135
4
548
293
224
0
400
179
69
121
0
10873
16
31
1
367
437
159
2992
0
430
27
25
39
54
0
435
8
0
319
49
0
353
125
11
434
0
0
11
1080
0
37
48
35
168
18
6
0
0
11
0
3
86
46
134
0
790
0
0
2
9
88
532
28
32
3046
0
7462
1
0
40
0
1
0
8
0
0
0
288
306
42
0
27
423
948
2
78
224
351
0
258
0
2
1940
18
0
0
0
0
25
0
0
298
0
3
117
1985
24
431
56
0
793
747
1729
115
68
0
231
514
0
0
20
75
1236
0
0
636
42
0
6
0
0
0
126
14
915
0
2
73
1
9
8
2572
169
0
0
0
8
295
5
0
0
123
0
0
8
66
81
1388
64
312
398
0
0
0
241
0
1
0
13
0
251
0
0
402
184
70
0
469
786
88
131
32
3447
6
0
0
5
1641
0
0
0
17
2
0
0
0
10
94
34
0
4
0
782
12
0
135
1253
0
1026
21
24
6
0
0
11
133
17
3
0
1
0
0
47
0
3
3
238
251
48
0
141
628
0
0
249
65
0
113
473
17
1
32
0
0
2
0
232
852
0
0
6
472
42
0
1129
0
3425
81
0
0
528
0
7
131
41
0
269
58
128
1487
156
0
0
66
0
1
0
0
87
2
0
244
0
4
9
231
0
73
2
2
12
0
26
36
76
57
0
0
150
0
114
0
0
0
6
3266
25
6
29
37
0
293
0
0
122
14
35
199
626
0
0
75
27
106
225
0
208
19
0
12
678
206
101
61
0
18
0
0
2
0
23
8
97
6
16
0
0
59
196
692
22
0
0
173
321
166
5
280
11
67
8
0
109
0
0
7
0
0
0
20
24
0
156
21
0
0
0
0
0
381
0
172
2
0
0
171
5
321
15
1244
116
201
1
4
162
4
0
0
1
0
65
4
29
12
0
0
3
67
839
0
0
0
0
995
1
0
115
0
416
259
0
610
9
21
2107
0
202
26
0
0
9
0
7
9
12
1
3
14
234
1390
154
161
950
0
47
141
651
9
808
126
4
7
296
793
28
2590
26
47
32
0
0
0
71
184
453
8
280
385
3
1
0
393
0
2
0
11
12
1746
34
0
1
27
557
120
17
8
0
1
3
378
0
1352
440
38
11
277
0
121
0
9
0
9
945
630
1628
1
951
0
199
123
245
0
0
9
0
5
0
907
0
76
180
4
11
2045
106
127
60
256
29
1
26
44
2527
0
5
0
126
0
128
1422
103
0
108
0
470
4
17
0
417
371
9
0
14
207
529
0
6
0
38
53
0
0
44
0
1
4
0
0
342
0
2625
0
0
49
2575
0
48
9
3
6
0
112
0
6
3
592
10
0
410
193
133
138
2
5913
288
17
6
0
0
78
0
0
215
0
0
0
89
38
3
526
0
2
27
11
0
70
0
1067
20
73
672
167
548
0
274
0
172
0
546
16
520
0
0
0
0
18
618
45
0
63
488
33
326
2
407
226
259
146
54
5
0
42
0
13
0
0
0
189
2
0
494
0
9
63
720
34
0
0
22
64
0
0
0
111
575
24
0
623
176
109
0
0
0
144
9
0
117
300
18
0
0
314
0
7
38
0
10
128
23
2
4
71
5
316
0
143
4
0
0
0
0
110
0
22
0
94
244
2
0
512
0
417
0
205
6
0
28
17
52
218
494
0
0
1
90
0
0
65
9
523
147
4843
0
23
14
75
195
60
0
2
0
118
34
0
2
0
0
0
8
0
1
321
59
1
6514
1786
1
0
0
0
497
1
182
0
975
125
0
10
1463
459
0
0
12
434
24
0
0
73
27
0
328
2603
0
775
0
0
459
743
168
35
0
1
0
1142
1700
2
134
0
345
0
0
0
2874
495
0
0
0
1153
125
7
233
0
0
0
1
19
131
842
0
230
0
0
0
0
3
0
31
51
0
41
1
68
0
0
67
16
16
0
349
0
72
0
119
0
2
1676
3
0
2
69
36
0
351
1879
2
143
28
21
445
53
0
0
104
2
25
585
0
9
5
0
0
4
163
199
758
2
1
132
392
153
92
0
140
75
500
9
0
147
55
43
0
48
22
110
205
0
243
8
41
4959
535
261
0
186
0
575
130
0
0
262
284
18
55
34
33
3
2
0
3
1
1
1
33
1009
198
94
0
0
6
0
115
21
1741
0
6
3
0
0
0
104
1967
0
50
34
0
161
0
0
377
355
0
2
0
0
52
277
65
63
12
91
0
0
158
0
0
58
0
15
153
39
0
0
608
8
0
0
0
456
0
30
185
0
0
97
35
150
0
15
6
108
0
74
2
3
0
1
316
0
0
227
83
40
0
476
0
43
0
233
30
73
6
6
19
10
1113
33
0
13
8
0
32
0
1
291
16
80
334
0
2905
30
41
331
2
20
0
0
228
16
81
1
63
0
0
160
672
5
135
1
16
265
54
0
5
124
0
0
4
363
2098
0
52
222
169
265
0
0
0
0
55
15
2983
0
43
0
6
493
77
32
231
4
85
0
68
3
0
7
3
0
0
327
160
1
15
1802
0
0
0
0
44
397
9
0
301
0
14
51
293
450
3
111
0
31
323
43
214
0
0
8
117
0
0
0
391
5
569
633
0
15
3
6
48
9
117
0
0
215
75
154
0
0
177
53
918
1
0
157
0
10
0
0
309
21
377
8
0
0
0
60
2
860
618
0
0
62
134
290
86
0
0
17
122
3
59
8
927
18
183
0
121
2
0
1
9
0
754
290
19
3
89
0
0
309
0
0
70
0
0
0
17
0
138
0
0
32
1
0
1347
317
6
928
5
0
0
1053
0
11
0
150
1
0
20
0
64
5
388
660
0
0
2288
0
0
0
68
506
0
194
22
0
0
0
0
741
59
26
0
1
53
0
0
0
2
0
175
27
0
1
2
0
0
0
4768
0
21
4
383
0
74
0
0
1367
141
144
6251
142
0
420
0
11
13
69
94
0
440
0
792
1
0
602
0
119
0
2
20
406
89
3
0
36
236
589
565
21
0
0
124
0
0
0
33
4
12
0
43
0
8
93
17
253
101
0
0
0
31
236
21
2195
1
43
0
67
0
1103
131
85
16
1355
0
247
33
0
134
1395
2
0
41
113
56
107
0
0
0
0
70
537
18
24
17
9
1659
6
0
410
33
238
25
0
673
0
39
0
48
698
26
45
8
450
0
37
8571
13
0
0
133
0
178
259
0
120
306
841
665
0
0
105
0
10
46
344
44
22
0
45
217
1
0
15
15
2
0
0
0
2
4376
0
0
0
940
0
72
0
69
1244
0
0
15
2
15
0
0
9
77
153
408
0
0
183
295
152
706
350
68
0
140
0
82
779
1
252
0
86
726
0
92
48
0
0
575
11
323
156
3
0
45
0
4
0
0
0
599
0
0
216
360
0
8
0
182
1
154
28
88
1
0
836
0
343
0
985
186
0
32
698
0
90
42
4
0
415
0
104
111
830
0
0
0
9
29
329
0
9
0
945
0
0
0
0
867
0
2165
0
18
103
0
0
0
249
0
64
0
140
0
16
142
0
60
0
10219
2
22
16
0
0
0
150
0
0
1
48
0
6
2
1
470
0
629
48
79
0
0
274
28
0
2
0
3
4
0
275
69
7
0
322
2
0
407
2
456
0
0
160
1
0
67
167
0
245
15
20
0
0
0
0
0
320
0
4
0
0
306
17
0
1026
0
0
2
44
65
4
1
0
425
5
8
0
45
11
0
0
42
526
0
38
322
4
116
1
0
794
4587
0
0
0
0
248
0
273
19
55
0
0
4
0
386
21
23
23
0
260
1
4
155
31
108
7
0
44
0
4
291
11
0
194
1461
0
184
0
0
6
66
3
6
1
23
115
27
258
0
72
0
0
0
7
745
0
366
0
3
8
128
0
0
26
11
0
454
75
0
54
0
0
70
12
0
84
168
0
1
8
11
10
2
193
0
0
4
60
0
1010
0
15
1
225
0
111
29
547
0
6
39
0
676
13
21
42
0
0
43
6
1074
0
0
32
0
15
162
50
454
90
0
0
277
1
24
0
869
1002
2829
0
9
31
457
187
1
2
0
144
17
60
0
82
135
1310
261
692
182
1398
399
0
0
15
0
113
91
1
253
0
25
60
0
11125
0
9
0
37
95
0
5
387
0
55
1
16
0
0
0
302
0
34
0
0
0
12
28
10
0
418
16
56
0
564
1
8
3
0
183
0
13
0
12
56
0
739
182
0
29
1817
29
14
14
0
0
0
590
3
0
0
48
18
10
0
0
122
1969
358
0
0
0
0
237
0
4
0
0
8
0
29
26
8
0
0
412
7
0
2
8
670
983
348
723
0
3
179
0
0
0
159
996
270
33
0
64
0
0
15
164
5
0
0
0
7
0
1
0
0
0
0
0
7838
3
91
93
1
42
24
533
606
578
0
0
0
442
0
74
130
0
0
0
81
385
23
0
0
97
5
410
238
9
5
11
1
3
81
5
0
17
0
19
2
0
18
1121
160
10
290
71
34
283
1363
14
34
0
0
30
0
293
72
1009
1570
1
1
21
20
319
0
31
0
81
115
14
298
20
308
0
0
135
0
1567
12
0
0
8
25
0
30
1
43
47
0
131
0
284
433
45
336
0
29
9
87
77
3928
785
0
0
468
7
48
0
1880
0
0
2592
0
0
6
4
0
12
8
0
473
0
3
686
0
0
0
26
6
4
21
0
2
348
0
122
199
13
0
0
853
33
4406
1
77
0
170
716
0
0
228
53
18
35
0
0
124
0
146
0
0
311
3493
8
33
107
920
0
0
4215
0
0
1104
718
0
255
77
2546
5
0
1
441
10
192
6
0
770
0
66
0
0
0
4136
682
11
10
123
3
181
1826
40
0
3630
0
0
6
1
87
0
2
678
1
0
64
438
351
0
714
4
489
24
12
10
0
55
0
569
184
216
0
0
5
0
979
12
0
1121
584
0
0
105
19
144
0
901
156
228
258
0
0
1782
406
102
113
0
0
421
371
377
0
0
247
127
4
0
0
0
145
0
17
2
1175
191
0
0
5
1
7
655
82
0
211
16
0
72
158
2
89
772
0
0
60
96
82
0
65
0
421
21
79
0
107
7
0
0
29
224
0
905
200
3
5
246
139
100
125
17
29
3
337
4
113
36
0
4
0
0
0
0
2
0
2614
954
41
3
0
0
0
1844
70
76
31
19
9
960
0
1
6
0
296
121
419
15
5
116
331
274
0
54
94
0
7
0
4
0
0
49
909
150
1
16
195
29
115
0
0
10
8
62
3207
0
0
0
29
80
0
96
0
5
37
8
5
433
3099
1018
0
449
0
21
0
2
0
0
0
970
17
746
255
530
1
322
0
754
2
710
0
25
36
47
40
464
847
1066
930
0
649
0
6
4
15
202
39
397
48
187
25
92
7
0
60
31
52
201
71
0
325
179
0
987
24
13
812
61
696
222
974
90
854
41
0
0
3
0
11
78
1036
0
37
443
0
350
2
0
87
482
261
0
0
0
0
16
0
50
150
1945
0
1
358
970
0
1070
179
0
203
2383
111
53
206
20
0
2126
2
2035
199
74
219
96
0
0
0
0
45
0
0
8
27
0
0
0
70
0
46
0
0
16
170
0
0
0
14
0
33
0
0
654
1
0
0
441
40
0
4
121
554
0
130
0
460
154
66
84
853
439
10
73
0
0
0
66
280
53
6
1
0
15
0
0
4
0
0
137
303
23
0
3321
1
6
0
86
5
234
0
0
132
0
236
175
57
0
1
0
1079
64
0
26
0
0
187
335
0
0
217
0
370
0
245
3
1145
1665
3
0
20
431
0
27
140
0
142
327
8
541
69
0
0
8
0
137
271
455
0
19
0
16
42
0
2292
65
3
0
60
5
0
13
0
203
589
55
1300
321
2407
54
77
355
791
909
8
3
25
14
40
143
0
568
10
1
0
0
4
0
6
7
0
0
7
0
0
4
262
172
0
17
0
66
7
31
24
173
31
1
0
158
34
1018
26
111
15
193
0
71
451
0
170
24
221
0
451
163
504
0
288
151
3
0
1
17
223
18
219
42
30
14
274
314
6
1127
2244
305
0
10
400
12
0
384
0
93
0
112
0
1
0
4
65
17
6
0
1051
312
27
3
318
8
0
308
281
0
0
2
96
0
43
37
0
3689
351
3
168
144
48
0
0
91
29
508
360
8
0
235
53
135
3
0
50
0
0
0
41
0
0
0
43
32
0
62
3
56
9
296
176
0
9
29
0
2347
95
0
5
266
0
0
1
115
648
203
0
0
384
10
0
0
0
259
3580
50
0
163
0
3
35
78
44
180
0
980
524
260
1
3
9
17
3
31
90
179
40
0
0
31
0
0
3114
0
0
48
28
1364
79
6
0
6
5649
1584
293
111
0
8
0
0
118
0
8
198
143
707
1228
0
1324
6
543
0
0
0
6
198
0
1
0
0
0
108
0
119
0
473
2
13
0
100
0
262
13
80
0
0
0
1177
168
0
0
0
0
0
9
33
5
101
0
291
5
329
558
7
0
2
0
0
7
104
0
300
586
0
1
0
2773
12
0
6
2
136
11
57
7
22
95
0
9
254
10
0
40
0
151
994
0
17
718
7
1
0
138
0
0
4
93
1
0
304
0
11
0
1
408
3
41
13
1
0
3
1
1092
0
0
0
0
917
0
291
11
0
178
174
0
0
384
0
17
7
0
552
0
0
120
0
2
20
54
0
11
0
3837
17
11
0
0
32
0
279
64
17
11
148
36
31
122
85
0
0
3
2
313
196
0
0
0
0
140
79
40
55
0
8
321
2224
0
1
0
135
81
0
648
1024
0
0
379
20
0
0
12
914
8
19
140
82
0
44
0
25
1
0
2
2
34
13
9
0
518
366
628
91
0
205
4
1827
2
7
1
8
303
47
1875
54
0
0
45
490
1
0
133
12
23
0
8
26
186
16
92
2
0
100
718
0
0
1079
26
1026
0
0
0
0
128
14
690
0
22
1
0
0
0
1234
550
0
130
265
8
47
789
916
87
123
33
1
4
0
0
283
0
108
41
349
12
256
255
160
0
0
0
0
16
41
18
93
0
0
417
0
79
230
0
808
0
2
476
356
19
1242
1827
8
14
25
125
0
577
0
3
0
636
0
0
65
0
4
1879
0
43
69
0
1445
0
0
0
1772
145
447
326
296
3
355
234
0
409
16
5
80
244
8
69
0
0
39
0
14
686
19
5
0
0
0
0
0
214
24
0
17
49
88
76
967
89
0
1
0
785
435
83
4
4317
0
0
83
0
4
0
72
0
126
0
0
4
0
7
545
14
131
294
42
0
0
4
17
4
174
472
5
964
1
9
0
3
1
0
1
78
934
0
25
34
31
0
23
0
175
4
124
44
0
1
368
2
145
422
0
0
392
603
10
0
3612
38
27
15
55
0
475
0
11
0
0
989
0
0
0
3
292
0
16
9
0
0
46
5
280
100
0
310
136
5
0
15
156
0
62
2
0
82
1
0
1
318
0
56
61
2
503
52
248
374
41
7
318
0
9
748
0
5
1
0
0
614
40
0
233
0
70
58
19
260
0
38
73
84
167
0
361
0
0
283
1
0
0
690
70
0
260
194
0
3
6
620
5
291
0
0
7
0
29
0
0
24
0
27
260
0
21
0
0
63
44
847
238
0
0
0
141
26
131
0
156
76
0
0
43
0
0
0
0
25
2
14
70
0
0
0
0
1254
1
3
46
12
0
0
0
157
288
3794
0
0
119
27
16
29
669
179
1
47
139
55
20
0
17
0
17
73
322
2
0
34
3
0
0
36
11
0
0
0
34
0
0
3
16
19
126
294
0
70
305
50
0
0
181
25
0
164
0
0
372
0
0
218
1
1066
0
146
10
7
19
0
0
0
23
0
7
0
0
3
8997
10
181
0
0
3
72
177
180
1643
2
18
37
3
0
170
122
0
2124
0
171
9
1
91
0
0
307
0
0
7
0
6
191
4
1033
0
0
2299
38
0
2461
0
0
411
437
22
0
0
931
0
311
1207
4
14
0
1408
174
78
0
50
25
0
0
9
0
119
2839
404
0
1822
0
143
216
1
0
57
0
244
399
14
0
308
67
164
18
7
1168
259
0
0
465
880
0
107
0
0
0
165
138
131
60
54
1
27
0
15
15
0
0
0
0
230
0
573
0
146
0
10
0
165
3309
0
159
1
54
37
3
27
138
20
13
69
125
0
0
0
2
0
148
0
0
0
0
35
53
13
62
778
0
0
0
3
0
0
278
0
0
0
25
0
457
0
0
0
0
2
35
61
0
0
1
217
160
1
0
0
0
38
0
5
42
120
0
88
10
428
89
2
45
0
0
338
0
0
21
0
6
0
68
0
36
0
0
0
27
94
77
1
24
0
1
61
0
180
0
117
30
164
895
11
0
1
3
13
3
1
0
0
0
69
105
0
0
2
284
0
22
0
172
100
3
38
30
10
0
15
33
1
2
0
0
3
4
60
3
135
2
0
1196
190
43
71
50
0
261
63
0
354
52
209
222
96
2
1
4
23
0
3
3133
6
0
353
0
1
0
187
71
5
0
90
2
0
0
68
4
0
0
265
0
0
5
2
0
27
349
0
732
27
0
25
483
0
28
12
88
5
112
5
1
0
0
55
109
0
0
534
6
0
0
0
2
0
0
0
194
27
0
0
0
6
34
418
1
0
0
15
3
0
112
973
41
0
0
0
0
0
0
21
81
79
0
44
47
18
0
0
116
86
7
0
0
0
0
0
105
0
5
0
104
0
3
0
1235
0
207
37
12
88
0
4
0
0
156
230
0
0
0
0
27
77
0
20
16
23
366
27
200
0
3
16
351
1679
0
0
1
20
227
16
50
0
1697
0
0
0
6
112
0
33
2
7
367
0
163
82
2
0
1
0
417
13
36
581
33
0
1
47
0
33
95
230
0
0
30
0
627
14
0
0
2
0
7
0
2
5
70
385
0
0
114
4
0
179
0
11
250
0
0
0
270
5942
0
0
1
0
46
0
34
0
65
117
13
180
2
9
0
4
248
120
10
63
63
1502
466
0
0
1
11
61
430
0
0
34
1
274
1
581
0
52
0
0
1
538
269
0
60
218
2
0
822
45
118
8
250
19
21
0
0
12
26
0
0
559
25
1
0
28
1
26
142
36
0
3
3
229
371
18
0
4
59
3
211
0
8
0
62
207
0
1
0
0
36
0
0
1
712
1
52
0
24
4
0
0
0
8
31
102
0
0
0
36
0
78
258
0
455
228
3
0
6
0
38
0
16
46
0
0
0
2893
9
0
317
0
0
183
1
1
51
146
17
0
323
59
273
2
24
4
11
78
220
0
0
1
0
0
66
0
0
3
13
20
95
9
0
0
0
4
36
184
130
2
0
0
123
141
3
58
142
312
98
0
80
514
83
0
7
99
25
1069
0
197
4
0
0
0
0
17
5
16
0
88
8
0
0
0
40
137
1
360
0
125
1178
103
1
3
5
0
7
216
1
0
0
264
0
36
2
39
5
157
0
0
0
250
66
47
1
0
3
428
0
38
0
6
42
251
0
68
0
517
0
9
26
0
0
49
0
115
726
3
0
0
264
44
70
114
1
0
0
17
0
0
28
154
1058
311
11
0
193
102
88
752
0
4
0
1
1
1465
0
207
0
384
0
50
176
0
0
0
60
554
173
18
7
22
0
40
3509
0
231
16
0
64
16
36
98
0
0
0
1355
16
0
547
169
1
1228
3
4
42
0
81
78
646
94
8
444
0
2
0
0
1130
19
56
3
109
0
4
1
0
0
4
113
123
3
19
174
9
3
106
801
0
0
297
0
1
0
2
0
0
306
7
1356
6
1
0
0
46
26
2
6
237
7
1398
144
87
370
4
98
0
518
2
1
543
57
0
0
0
373
0
8
11
490
0
53
0
20
6
175
0
7
21
0
3
146
0
0
3
338
192
1
256
48
1
6
0
4
63
0
232
31
349
0
2
35
772
0
26
0
0
319
67
0
0
774
161
28
3
0
0
13
0
3
381
1
8
2
128
0
15
0
33
0
0
231
0
11
5
580
0
4
12
0
0
4885
7
134
0
0
0
0
34
232
100
0
756
6
322
0
0
197
0
0
93
25
210
0
0
53
1001
454
77
0
4193
0
102
158
0
57
0
12
14
510
46
24
111
0
6
9
107
0
0
66
2
0
0
30
58
13
1
791
25
338
1
364
148
65
444
1089
118
1
2
37
4
0
965
19
273
127
0
0
4
11
41
2
0
70
74
146
337
0
64
6
0
197
40
41
16
0
483
7
981
0
46
0
35
1
54
68
190
0
177
60
1
33
9
0
0
0
68
191
128
5
18
0
69
15
0
0
6
662
0
20
52
1
0
413
0
679
1272
1
0
1388
4
0
295
16
8
222
0
149
0
30
359
5
0
115
0
77
33
0
5
46
0
599
44
0
0
65
147
0
0
0
1
7
283
183
15
0
67
253
408
17
18
907
278
1
0
2
289
129
0
0
170
80
292
0
5
0
55
0
1682
320
0
3
9
0
213
0
0
0
0
0
128
13
0
6
0
0
0
53
891
0
2
22
0
23
0
283
0
0
226
0
32
1
204
14
0
0
228
0
581
652
88
637
106
0
218
1
0
45
0
37
2
0
104
0
0
13
3
7
0
2377
4
0
0
30
1332
0
392
0
23
3
0
51
66
112
127
109
0
131
11
10
4
16
433
110
62
23
0
23
22
3
0
0
955
395
178
122
1426
885
0
5
0
1
0
253
33
0
252
983
614
133
5
0
63
717
5
16
1
463
0
303
4
633
77
213
0
9
1
6
433
19
55
51
291
92
287
62
63
0
7
0
10
0
0
21
72
355
0
0
213
0
0
0
458
0
30
191
1831
121
1
483
0
0
15
0
249
0
1
0
5
176
5
0
0
36
76
24
47
0
0
0
222
0
97
6
2
0
13
23
1
0
0
273
0
9
0
5765
70
5
1
3
100
136
162
97
864
0
2
1557
0
0
951
0
0
0
4
956
129
0
3
641
133
5
0
0
2
0
22
1886
3
0
75
28
0
1031
0
1
0
2759
78
257
0
221
7
753
0
18
13
0
0
0
28
0
3
0
9
272
59
0
1972
0
0
3
7
2
0
1380
6
0
0
6
97
2
0
185
520
0
138
9
14
27
444
1036
55
0
0
2885
100
0
778
2730
0
638
659
16
2
0
0
0
10
311
3
0
0
0
0
11
0
0
0
21
18
40
2
0
61
1
848
18
0
91
3
169
42
0
2
524
8
0
23
0
14
4
0
39
1033
348
0
13
107
80
34
11257
236
14
62
1411
962
0
13
11
0
76
0
0
119
0
961
2518
3
1
0
80
244
118
189
271
11
0
0
0
1551
68
0
1
41
8
1
26
1045
46
138
17
1
0
352
0
20
1372
89
0
87
0
1
32
653
0
21
213
564
0
12
1195
187
0
0
2125
0
0
262
0
1
0
0
18
0
0
0
344
25
201
0
348
301
0
0
46
289
124
0
110
1
0
67
0
949
58
437
24
0
8
0
1
56
0
2
0
89
1648
930
764
1
32
48
0
197
0
53
0
13
34
280
132
0
10
344
20
423
0
9
88
0
0
0
5
4
507
85
60
0
0
686
12
0
0
61
8
92
334
5
8
106
2
0
101
0
50
0
0
0
21
0
26
88
0
412
0
0
0
28
0
148
6
669
0
94
819
4
0
0
155
0
60
682
59
1
0
0
0
92
8
116
66
0
0
4641
132
0
5
0
0
1322
0
0
5
313
0
46
19
33
2
0
0
392
0
0
5
3
0
65
0
12
0
314
114
0
1363
170
0
604
0
43
1
0
539
0
0
4204
162
0
0
0
167
173
0
37
19
0
814
1
63
5
11
0
4
0
0
8
0
0
565
0
2
27
0
62
6
0
826
2
0
0
0
17
12
0
0
0
0
0
0
0
8
0
103
18
133
219
0
0
115
0
106
0
0
0
25
2
10
0
0
350
3
39
89
13
6
41
0
217
0
1
131
0
598
0
544
761
0
30
14
0
5
98
4
123
0
0
1
154
8
526
0
0
29
23
553
95
892
394
6
67
0
354
507
0
0
132
19
21
4
785
0
0
203
16
544
76
402
0
3117
76
227
0
0
894
0
234
80
10
0
0
0
101
63
107
0
2
0
194
0
0
8
387
3
0
0
0
576
377
235
252
68
0
3
2
37
0
16
0
13
0
56
416
0
120
0
0
0
855
6
28
0
378
0
295
3
18
31
331
0
13
0
55
3
31
74
205
0
322
0
178
0
0
0
2
64
2
207
0
200
0
49
0
0
0
0
0
3
0
0
351
57
100
3
0
109
101
0
390
10
0
0
80
38
359
1026
0
84
14
552
3
164
0
32
961
58
15
98
3
723
57
0
379
1796
19
1254
4
603
12
0
15
0
6
31
4
3
6924
0
569
2
80
6
211
5
112
316
212
0
150
609
1
897
0
0
0
106
0
0
5
32
0
0
118
0
34
0
1789
12
0
40
0
14
180
0
0
755
13
35
0
119
29
0
1965
0
0
221
221
0
336
0
2
3
0
54
2069
731
0
0
0
0
85
2
0
0
1289
546
59
13
58
1
45
23
0
426
0
185
191
0
0
0
112
433
0
0
0
0
98
0
35
4
1
5
0
0
9
18
0
0
15
47
17
0
3
3
0
0
0
20
1
2
1
0
60
164
172
1017
57
28
177
0
0
0
9
2
0
2
2
42
0
209
1
0
0
0
2
0
0
1
6
0
173
0
4
3
8
31
14
33
0
564
683
256
17
67
82
0
6
7
0
64
10
16
0
0
4
0
0
57
0
0
2964
0
0
0
0
1
64
0
2833
54
14
530
3
0
45
0
373
7
0
0
0
0
70
103
0
140
214
1093
325
0
0
0
0
0
32
120
0
237
280
3
61
2
48
807
0
20
18
66
32
69
500
24
144
4641
1114
0
0
7
90
0
0
15
347
1937
9
0
8
1217
0
0
0
1
13
77
176
414
1287
310
2
0
49
0
859
3
0
115
620
0
0
4
223
841
0
631
228
0
627
9
0
13
238
63
173
92
0
283
70
199
0
68
389
1558
0
0
29
0
10
0
0
200
11
4
11
71
696
0
25
250
157
11
0
0
351
8
26
3
0
0
12
369
2
0
7
0
0
0
2
0
129
199
283
254
251
0
98
3
0
67
615
155
107
5
229
38
1
9
75
157
0
1521
30
1
197
0
0
89
1
2
0
0
0
0
167
0
0
1
29
0
0
828
0
1283
0
0
5
0
31
0
3
0
651
3
10
0
9
1
0
458
0
0
0
0
150
33
0
6
63
0
0
376
0
62
5
526
32
0
0
22
204
100
247
665
0
0
325
0
0
15
198
5
2
274
0
90
0
0
6
0
818
220
244
1112
1
0
11
47
247
15
38
0
15
50
0
74
0
99
1
439
3
0
127
1
0
110
0
116
639
0
298
5
0
415
0
950
14
46
827
3
1398
1613
4
0
51
5
0
0
9
703
0
316
3377
338
32
51
268
8
25
0
39
69
6
0
1
189
369
97
148
0
201
820
22
31
4
2306
0
0
4
538
0
199
101
839
0
53
8
249
417
0
0
941
14
36
0
1
2305
9
0
547
13
493
143
2
261
0
52
218
832
20
0
18
598
0
0
3
0
2
0
393
0
3206
6
0
254
0
2
38
12
120
22
150
409
0
0
37
131
0
0
0
67
1
110
26
0
0
71
0
16
50
1
373
770
0
131
13
101
0
16
0
28
1
70
0
0
0
0
164
0
298
4
39
0
552
0
0
1
0
84
12
1071
1
153
161
121
0
0
0
24
1
0
0
0
113
0
68
0
52
208
0
42
8
73
0
4
7
0
86
21
56
176
0
821
165
271
0
2
548
27
43
187
2
676
100
0
0
55
43
0
154
46
89
22
0
0
0
1078
239
74
12
1409
26
0
174
29
43
6
47
21
823
455
195
2190
624
0
27
58
1
614
55
0
0
0
97
154
0
4
300
282
0
194
0
488
0
0
28
1
0
537
88
1311
0
106
0
105
0
135
0
0
11
831
88
18
111
97
128
12
0
0
81
20
0
67
10
96
945
0
234
0
60
0
895
905
266
17
207
0
134
0
159
0
4
10
25
0
4
89
82
5
843
31
0
0
150
128
16
0
0
0
125
292
0
132
0
35
0
2421
56
31
1
0
0
0
37
40
0
54
84
122
7
0
0
2082
0
18
282
0
521
3
20
2
5
0
145
0
167
0
123
27
458
59
0
0
0
645
0
17
1382
2
30
2
0
0
7
29
0
20
53
11
2
0
16
4
52
0
0
91
1
0
115
39
339
825
9
1
0
84
29
0
828
165
20
47
570
2
0
50
88
0
0
65
391
8
762
0
44
750
209
0
21
369
196
484
6
3
0
247
188
0
108
157
577
21
0
11
0
36
0
0
5
2
7
6
475
213
188
9
457
3
208
0
290
365
0
21
0
51
147
665
376
0
0
34
358
196
3
0
271
34
0
0
0
0
1009
0
0
47
2107
0
0
0
14
36
0
1076
2
0
0
53
126
56
0
105
365
0
0
614
0
4
0
153
0
13
0
1
51
0
4
108
9
0
94
0
52
305
0
29
0
41
0
0
371
0
13
537
277
0
1
6
52
22
0
82
1284
0
191
83
35
327
0
459
109
0
5932
39
106
0
0
0
0
129
16
19
153
65
0
132
0
0
3
99
14
23
69
84
706
690
5376
176
37
1532
0
1
0
291
47
0
5
596
0
50
157
0
55
83
0
0
192
108
0
0
0
509
1
10
376
3893
2
0
0
0
7
0
52
102
0
12
351
183
0
0
4
0
37
8
89
0
0
682
268
0
1
763
221
1
0
40
0
0
67
2
0
99
1
27
0
116
347
517
12
0
0
0
14
126
0
0
239
0
193
0
0
0
0
0
3
0
3
0
93
24
517
375
10
2
1122
24
0
0
30
0
13
0
12
617
21
3
1
18
0
5
1689
744
0
234
346
0
211
0
152
25
191
49
213
0
185
7
0
0
0
129
0
0
63
162
0
9
0
231
392
11
27
0
0
14
4
0
0
11
0
211
0
0
235
270
0
0
0
8
80
0
1795
120
0
357
121
34
0
0
62
95
9
0
0
351
32
4
0
24
11
0
0
0
237
8
0
89
0
31
21
0
2
0
0
169
93
35
0
0
0
0
691
2
2
688
176
0
26
0
153
72
3
0
118
0
16
44
0
13
0
4
334
0
0
0
0
9
1258
8
0
0
0
0
0
60
545
0
346
42
10
25
67
0
0
352
334
0
136
0
143
568
8
1379
2
53
19
0
0
0
34
0
744
0
0
1737
0
0
0
0
202
234
0
0
0
0
17
0
84
2
313
306
91
16
414
17
371
1
0
2849
0
7
0
2
0
74
103
692
0
0
112
0
12
2
48
1
0
0
13
0
0
1
0
22
4
135
0
239
88
421
0
55
39
1
72
0
0
354
0
0
275
15
0
2
0
12
1
0
2
7
0
122
0
44
0
291
35
66
0
42
4
0
32
0
1
1
194
454
0
0
0
42
15
0
3
43
0
28
223
0
57
0
33
138
0
719
0
43
2
124
0
0
0
43
5
0
0
0
5
24
0
4
0
22
22
0
1
30
0
52
0
91
0
0
0
0
0
31
573
0
581
190
0
4
0
0
7094
97
97
46
0
1
151
1418
33
0
1
0
1
134
11
9
8214
0
44
0
373
0
1453
48
774
392
0
93
36
14
141
1
2
116
70
45
537
152
0
13
3
2
1071
0
3
3
117
0
0
0
0
1
0
0
3
15
3
7
0
0
3
12
69
149
0
260
517
1016
136
43
2
250
21
0
45
3
0
0
0
0
1
40
0
40
0
27
0
66
0
0
81
155
0
0
17
0
4
6
0
26
54
93
872
0
425
339
31
0
45
0
1
0
15
0
406
50
34
1
0
0
9
54
1
5
50
270
0
58
0
90
308
0
118
43
55
148
18
3
2
1
4
0
0
0
16
0
0
5
185
30
0
0
16
0
2
683
0
0
144
122
0
61
0
100
374
8
40
160
739
523
1
69
0
0
0
28
21
154
367
0
1
43
701
0
3
0
0
0
28
0
0
1291
8
11
10
239
0
10
14
16
406
0
11
215
188
493
333
3
109
0
0
3
17
95
44
11
0
42
6084
628
4
0
163
2
162
6
0
1385
0
36
0
14196
0
3
73
549
62
20
396
0
83
906
0
0
0
19
0
0
84
23
0
0
34
2
1
5
0
103
82
404
151
18
0
0
0
0
50
2324
18
0
0
49
31
0
23
321
13
0
22
0
0
0
0
21
0
711
0
0
7
0
61
0
0
717
2
2
0
0
0
2
0
0
0
0
183
390
50
192
4
46
2
101
23
45
159
0
200
604
0
0
2
16
942
30
43
21
242
146
1951
0
0
1
0
0
20
155
0
0
7
0
222
0
244
0
69
0
25
144
5
0
93
29
5
12
0
43
35
34
182
0
1070
23
1851
10
2
187
2
116
4
0
58
8
0
644
54
9
395
28
6
2116
7
3
1
421
0
0
35
87
0
74
75
0
0
1193
0
164
20
39
9
14
14
142
199
322
0
580
4
406
304
359
0
0
24
56
381
0
0
3
1564
0
159
3
35
14
960
0
104
0
263
0
495
0
530
32
57
96
0
0
4725
0
33
2
2920
4
0
8
0
0
0
4
1
268
40
0
0
129
2
55
221
0
77
1320
196
2
139
187
72
0
9
1
73
1947
21
9
1482
0
0
14
0
0
0
12
532
0
0
18
0
0
47
35
0
127
2
0
15
205
1156
34
0
646
386
0
332
46
0
122
545
126
0
0
132
39
407
33
0
272
0
920
161
1
65
8
0
4149
30
16
37
0
16
0
0
53
9
337
0
0
80
1
69
0
0
61
527
0
13
172
85
0
0
0
0
0
381
203
0
1650
0
18
12
0
3
104
13
4
273
0
186
112
726
291
0
0
0
8
197
285
16
85
0
114
0
0
52
68
314
0
0
81
0
0
105
9
4
0
13
0
0
155
0
0
0
0
0
69
47
0
14
15
5
164
0
465
0
699
25
22
332
17
0
644
6
4
0
3
0
2158
0
25
0
0
43
492
0
77
0
5
1
10
2
0
22
0
0
0
0
12
0
20
0
109
0
5
64
77
0
16
205
0
3508
217
0
0
0
384
0
86
476
0
0
0
30
0
0
0
0
0
67
1
0
0
0
0
0
163
0
13
11
0
1738
0
133
0
327
258
0
0
0
336
2980
201
0
0
52
39
24
3
32
50
0
0
45
0
75
0
258
65
142
0
33
30
0
4
1
366
0
25
8
0
0
1
2
2
44
121
68
49
12
26
215
0
107
2
243
11
193
0
4
0
181
0
0
498
0
0
0
50
461
136
0
0
7
1766
47
18
1
519
45
0
113
24
72
18
9
462
28
0
0
25
65
0
169
87
0
6
7
435
14
7
8
137
7
0
0
0
345
265
1352
1
30
1
40
7
3
0
1937
0
246
4167
245
0
0
156
1384
0
21
10
0
40
0
445
3406
30
590
0
1121
183
0
126
9
258
176
38
10
15
9
13
17
0
67
0
0
0
6
241
130
201
5
114
304
371
24
0
27
8
17
27
702
0
1
12
220
21
0
0
43
449
0
0
11
0
0
49
0
0
3
2
0
1
0
0
0
0
46
0
0
0
10
0
0
12
227
19
931
0
108
0
0
10
9
138
0
2
1241
12
0
0
0
4
105
7
0
1696
0
19
365
0
340
45
0
56
42
19
22
0
78
34
0
0
419
246
7
460
266
491
0
25
0
0
0
25
0
0
0
0
0
0
24
0
1314
515
2
5490
0
4
2
2
0
124
65
15
90
356
0
3
4
15
69
0
31
35
3
3
0
0
0
0
217
699
719
154
0
51
1415
678
22
2
0
275
81
6
147
192
0
105
18
1
207
0
460
16
16
1
0
0
235
187
97
71
0
1
1
2
69
72
0
0
0
3
384
12
0
3
1
0
0
4
15
3
0
12
53
0
8
0
1
4
16
4
0
156
0
3
0
333
7
12
76
0
0
520
120
24
42
100
1
0
12
0
12
0
27
0
688
1
1
21
10
0
112
0
8
0
12
0
0
9
46
11
0
298
0
25
24
0
17
106
2
0
0
0
0
0
9
53
0
0
18
12
39
2
0
0
0
118
24
7
349
11
0
347
2
1039
277
171
0
0
75
5
182
0
0
7
406
0
554
17
72
4
0
0
0
113
0
0
4
0
12
2
97
3
82
0
1
0
41
31
0
0
65
21
42
7
0
99
75
31
57
282
3
2
0
0
0
3
420
0
132
340
0
3
72
197
0
179
21
64
32
0
0
1
217
0
10
4
56
0
2579
0
142
13
0
2
0
0
0
0
115
0
63
8
45
2
39
0
0
0
87
515
8
0
0
2
4
96
0
87
1350
0
138
60
69
4
0
0
3
4
92
0
22
103
1
78
127
0
23
10
2
0
0
0
129
56
0
3
104
263
0
30
0
795
265
88
0
0
27
0
0
3978
17
682
23
17
5
0
9
127
17
25
0
0
4
0
0
480
13479
0
0
0
28
45
106
0
5
0
3
0
0
17
1
11
155
18
40
18
0
0
219
20
0
35
2
74
68
13
5
0
14
61
223
0
1
42
7
798
0
80
742
4201
41
311
34
4
194
31
470
0
4
48
0
51
346
138
335
10
0
0
3316
32
0
92
19
7
3
0
4
4
150
0
143
56
1
0
11
5525
0
6
179
258
1
31
0
400
1
0
2
39
0
1
0
25
257
0
0
0
30
0
3370
0
7
986
0
217
86
1
1425
500
10
4
1
0
1
97
0
275
19
98
94
7
534
0
0
21
0
1
33
0
35
334
4
83
688
0
31
0
113
0
0
45
45
0
35
0
1
0
5
144
0
0
4
0
0
322
32
0
106
0
522
358
286
0
0
0
44
91
4
8
7
5
40
1
0
32
0
6
23
0
0
151
0
0
3
29
46
0
94
43
36
0
5
2
0
68
23
13
0
22
0
41
0
0
2
17
155
0
0
54
4
49
17
283
0
7
0
1
653
134
67
38
0
104
20
34
255
102
6
0
13
44
190
8
26
6
6
3444
814
0
0
60
72
42
57
0
12
0
0
4
0
59
0
0
0
0
3
1
1
243
7
305
25
61
229
1
0
0
601
0
0
25
0
88
20
21
0
22
0
0
0
149
301
0
294
0
247
0
480
86
28
0
0
0
0
0
32
0
2
43
0
0
1
0
0
0
1
0
0
0
25
32
0
563
316
32
0
0
235
0
25
2
0
277
135
22
0
78
0
313
0
327
92
1
210
0
110
4
8
83
94
10
12
246
748
0
422
38
1
0
0
799
139
13
57
0
32
0
0
1
7
1724
0
35
364
0
224
0
158
0
8
0
197
0
1047
7
2
0
30
0
390
388
0
311
0
0
26
51
7
0
2319
1
0
10
97
84
6
822
322
283
1242
705
89
3
11
24
45
16
0
5
1
96
0
96
0
0
7
12
185
0
0
0
0
0
0
80
1037
308
0
299
19
0
45
900
58
22
8
1
72
5
0
0
23
531
14
0
1
0
7
0
191
0
0
112
5
35
720
28
0
62
447
0
1184
21
55
1
123
0
324
60
0
15
153
8
198
0
80
0
0
0
183
13
0
192
275
0
1517
8
42
0
311
279
0
686
135
0
0
1273
0
32
3
188
0
0
14
10
1
365
303
82
701
16
842
15
1
486
596
0
0
0
11
450
2210
0
342
66
0
50
15
0
0
220
0
73
0
0
14
149
0
23
0
385
0
35
0
55
0
0
4
0
1
19
67
42
0
537
1075
0
146
392
0
325
0
0
1
1
1
71
14
135
1933
106
0
70
26
301
1
0
0
0
0
385
1731
16
0
57
204
201
0
124
0
14
10
33
74
0
70
5119
0
0
0
0
2
416
2
0
0
11
0
0
0
0
319
0
110
76
1
64
0
17
47
3747
7
45
0
0
107
0
0
795
0
0
324
0
9
0
2
0
0
186
107
0
2
0
154
24
0
3
28
27
558
1
0
0
0
0
0
0
125
0
0
0
1151
3193
2
7
20
0
157
6
507
27
209
59
0
111
577
0
970
336
0
171
0
0
4676
13
0
254
0
2
9
0
888
2
302
3382
0
0
0
2
0
0
74
0
165
8362
310
0
9
0
0
2
0
157
0
65
26
80
274
1019
286
0
0
256
0
32
0
633
1001
1
53
1
0
54
3
9
0
9
2
136
19
0
246
34
0
0
21
199
0
0
0
20
0
0
27
885
1
115
59
0
3
181
0
3
4
0
751
8
250
36
0
10
0
0
0
1678
141
425
149
0
9
1918
727
0
0
1426
0
0
0
24
0
2
0
74
230
56
116
0
382
8
0
19
26
676
84
146
48
0
6
0
6
58
0
264
68
0
22
0
0
0
1
0
794
8
24
209
24
129
0
3
187
188
15
0
0
0
0
1
197
232
0
0
18
0
11
7
0
663
172
0
0
299
887
134
45
56
0
0
58
0
0
9
2
144
0
0
20
21
0
463
0
23
87
143
356
0
0
47
165
227
42
0
0
38
0
1645
301
2153
0
0
5
118
29
22
2
0
1201
0
0
2
1
8
0
0
0
0
21
1
21
0
78
0
48
15
0
80
0
315
1012
3
0
0
0
1
0
0
0
276
518
53
113
9
0
199
0
44
603
38
509
2
13
23
0
6
10
1
0
0
1
29
0
78
0
9
366
0
80
144
0
0
0
0
5
4
0
7
298
9
0
6
0
0
0
0
4
100
16
438
840
5
8
286
2221
0
17
24
0
1045
9
20
60
249
0
194
0
15
0
321
23
1
0
12
0
7
72
332
4
219
200
546
0
0
41
433
57
2
45
1118
2
255
0
473
1412
238
1
30
30
0
7
970
978
8
0
277
4
68
0
0
19
0
0
1
627
40
196
932
80
72
207
0
53
108
191
0
0
83
0
45
0
4
2978
0
51
32
0
226
74
4
0
3
91
0
419
0
53
0
422
233
328
0
97
3
1
0
2
10
0
541
4
1
0
0
0
0
60
2
332
0
0
0
10
0
0
12
15
0
68
6
338
146
8
161
10
121
156
0
137
64
0
75
47
278
3
2188
0
299
0
12
97
0
0
120
2
1325
222
301
124
48
0
0
0
0
0
48
1
2
8
72
0
821
219
0
0
506
0
0
0
15
0
1
0
3
0
3
6
0
15
0
252
5
311
0
0
10
2
188
0
1
0
261
0
366
75
0
0
309
0
0
26
0
0
0
32
1
80
0
150
1852
0
578
0
82
1
2
0
104
1415
213
148
218
134
135
34
178
0
63
0
452
0
477
43
0
304
0
384
170
3
118
0
204
0
0
1010
254
35
0
169
29
2
349
139
0
0
0
0
0
229
0
271
0
106
198
0
0
1000
483
0
2
443
0
35
5
141
0
3
300
88
72
2431
679
97
149
0
0
12
0
39
2
171
0
50
126
184
387
1
40
320
90
0
27
140
0
3
289
131
1
43
167
0
0
0
0
2
41
0
0
37
143
119
0
615
2482
1776
40
368
1862
0
125
26
11
499
45
52
194
62
0
148
1
0
71
299
0
4
8
188
255
0
11
0
423
20
3642
187
72
157
49
3
0
873
203
118
7
1
22
72
75
0
167
20
0
60
509
1
134
142
0
0
0
27
645
407
149
0
0
622
0
0
0
0
0
24
1022
1
1
0
0
44
39
1
0
216
5
0
0
821
13
0
11
120
84
1089
225
0
0
0
0
13
58
0
2
0
0
12
0
89
0
0
148
9
0
5
84
0
85
0
2
0
4
211
0
13
0
102
0
458
166
0
99
0
5
59
24
1161
18
55
0
150
114
0
5
2
92
15
23
0
479
186
0
88
14
0
0
120
0
36
722
0
0
0
0
0
0
34
9417
21
0
191
1
138
15
6
0
4
38
10
0
2
0
165
51
53
0
71
14
51
0
996
0
5
0
64
24
1262
106
1
0
0
23
23
9607
0
0
4
1762
157
3
0
12
1
0
0
6
174
125
0
40
0
1
101
0
49
0
0
54
238
0
4
14
5
8
288
150
3
393
219
0
0
187
0
6
0
154
0
454
1
5
0
1
15
5
0
814
0
0
773
28
0
0
79
0
4
0
0
0
24
0
57
0
0
83
1552
0
0
326
0
0
5607
13
657
149
23
5
11
4
0
284
0
220
82
0
102
3
0
45
1991
1491
0
0
21
0
0
17
8
145
6
0
0
1
879
546
113
243
33
0
302
123
3
1
1
4
4
0
228
0
192
2
3
0
209
0
0
34
0
52
0
0
0
98
7
0
86
0
17
0
0
1416
47
0
46
0
0
6
130
0
0
6
0
0
0
0
12
0
378
120
553
26
8
154
13
0
0
0
10
0
26
78
9
7
2
28
127
59
0
312
57
4
818
262
0
593
53
0
0
0
0
0
0
12
152
1
45
0
47
0
14
0
31
0
3
1
0
204
0
39
486
304
25
0
0
0
0
68
13
0
811
756
50
0
0
13
59
2
0
0
2229
15
0
490
159
0
194
0
0
172
0
93
330
0
0
110
1
0
4
2
0
0
201
4
0
44
120
0
27
13
0
119
1
221
0
2
60
87
211
51
0
0
200
104
2131
43
411
0
328
0
537
17
2
119
0
60
13
2176
699
0
1
122
143
0
0
1301
0
0
307
30
14
0
45
0
0
0
92
0
0
18
166
549
0
0
71
297
90
0
101
0
0
0
3
1
0
0
27
209
22
16
0
4
32
3
0
0
0
629
0
0
38
119
268
32
48
35
161
0
249
102
137
53
1
60
401
118
4
75
0
45
717
37
299
0
0
5
0
6
178
43
0
11850
80
2
5041
200
1
0
72
326
0
218
0
0
6
78
0
0
0
2
276
0
1
0
12
0
141
9
0
0
250
0
0
360
27
71
0
26
0
0
42
0
34
0
487
20
0
50
0
11
10
0
60
0
77
97
0
0
1
218
8
1062
188
158
543
140
51
0
14
0
0
102
0
0
5
22
107
0
25
510
0
0
217
1
628
2
215
0
165
703
24
1
0
0
101
4282
0
0
0
0
2
0
0
1
0
0
107
177
15
1
37
32
112
154
0
1205
379
0
46
270
320
0
41
17
237
898
0
20
0
1
0
0
264
3
53
0
0
15
70
0
2
10
0
44
25
2
162
0
0
0
0
3
43
0
0
160
1
432
330
8
0
892
34
0
35
0
113
0
0
2
11
0
0
0
137
0
8
2
1519
314
0
0
1159
0
39
248
1422
37
0
9
225
0
0
0
0
1
102
610
4
149
27
135
77
0
598
67
20
8
2
0
10
0
23
1516
4
100
2043
5
0
1
0
0
1243
266
5
2
44
1075
0
516
0
103
179
64
90
0
2
160
0
34
6
1
7
1325
0
3
153
65
0
85
0
80
17
0
81
0
69
0
31
881
560
45
2
0
245
23
0
333
49
25
0
0
0
0
0
14
237
0
284
14
5
500
49
0
0
3
304
6
3
42
191
16
0
0
40
0
843
0
0
0
158
10
0
6
0
288
0
787
0
0
207
0
0
3
0
0
889
5
0
0
20
94
0
48
0
0
0
0
58
31
0
7
0
0
2
602
263
0
11
1
0
149
0
7
8
9
251
142
613
34
35
257
0
0
100
13
321
301
2
4
171
63
124
70
620
6
805
4
705
236
4
0
2
1
0
73
41
110
80
0
131
0
3420
0
0
0
10
81
78
120
0
0
0
6
0
400
280
0
0
0
2
0
489
210
164
46
910
5
0
0
248
1
0
3
98
142
0
21
100
26
0
0
0
0
1255
539
665
19
2306
0
7
79
302
70
0
0
90
410
62
6
0
0
0
0
22
1148
0
693
0
6
53
645
10
157
0
0
8
12
137
0
0
42
5
4618
1
93
138
0
0
100
72
17
1
9
44
0
11
1
1
0
4
0
5
0
0
13
10
0
2
260
3
349
56
0
0
407
0
0
0
614
14
0
0
353
331
7
272
380
65
0
2
128
68
0
88
635
0
0
7
599
1
11
1
0
0
22
7
3566
52
120
58
356
13
0
0
0
4
0
619
15
71
0
327
0
2
277
7
204
0
113
14
0
0
0
7
0
0
0
0
3
42
5
23
0
0
0
41
99
0
9
9
0
0
0
6
0
3
44
0
37
722
1
2
0
441
0
0
15
0
0
29
0
11
44
142
1
1705
225
62
22
0
81
0
614
0
0
0
483
91
135
0
1
2
0
81
0
0
13
955
25
0
8
108
5
390
0
0
308
222
55
0
8
55
56
0
0
0
1407
122
1
0
39
0
0
0
0
0
641
4
133
1490
508
759
18
0
3
53
31
61
0
0
0
4458
289
399
499
4
0
151
92
216
37
83
2
0
22
222
463
0
0
86
1033
0
276
912
0
0
0
181
0
3
579
248
376
270
82
0
0
93
681
44
0
10
196
8
0
20
9
116
210
0
0
58
126
0
1
60
0
309
1
17
245
204
21
0
298
0
0
36
59
50
1
3
553
0
138
0
28
847
0
0
80
4
0
401
0
1
0
14
291
0
350
0
67
0
0
0
1
1412
15
103
191
310
110
77
26
165
0
6
58
55
176
13
59
20
431
38
80
168
1354
340
0
405
4
122
122
219
186
3
3
0
167
24
74
0
34
1120
210
375
0
108
43
9
0
0
3
9
1082
0
136
415
80
496
0
36
6
0
0
27
58
9
231
0
736
0
0
0
0
107
518
4
2
0
114
0
4
1
1008
157
39
89
0
11
0
0
133
11
264
273
0
0
0
58
0
12
0
389
3
2
168
5
0
28
0
10
0
83
130
0
44
147
0
605
5
73
26
308
0
521
0
33
0
0
104
6
12
31
112
410
244
0
0
0
0
0
49
0
949
0
219
5
0
675
35
106
0
0
44
1
57
320
283
76
14
131
1168
0
362
23
0
157
818
34
6
0
0
14
2
7
414
0
0
0
20
2
0
42
27
25
68
0
35
0
2
24
0
0
0
216
20
2
435
0
0
50
788
0
0
0
37
281
0
305
23
6
0
28
0
1621
0
0
0
0
122
0
1313
0
6
40
1
4174
0
0
123
126
0
0
4
0
206
101
133
216
18
0
0
55
34
0
0
1
0
4
0
65
0
0
0
28
0
21
0
8
18
0
0
199
36
19
1
0
5660
142
44
0
349
327
12
809
18
1103
0
0
733
1895
276
500
90
0
0
0
26
0
1099
0
0
0
112
0
0
2
10
2
0
0
44
0
6
0
0
121
0
17
799
0
0
0
0
2
6
506
47
0
298
69
17
0
0
0
0
166
0
822
0
0
0
0
0
0
0
329
20
0
0
327
11
395
0
58
1775
210
0
0
165
1
72
0
13
15
0
0
257
183
0
32
48
1805
17
0
381
0
0
36
20
0
4
0
4
0
0
0
3
448
56
0
0
0
193
136
849
0
0
0
46
0
0
0
0
0
138
0
0
22
17
283
9
1
0
0
611
22
1
0
1672
1
0
266
0
109
0
0
139
27
0
0
0
0
42
190
0
0
0
15
22
8
0
21
281
360
0
5
0
3
1
0
160
0
0
1
83
0
0
0
7
1
39
0
0
20
62
0
0
2
36
0
0
0
19
6
46
0
1
0
0
0
42
13
0
106
0
0
0
193
1
0
411
6
8
43
0
0
27
0
142
33
2
0
268
40
151
0
0
149
4
59
40
0
4
48
498
0
28
2
10
259
0
103
32
0
2
0
13
4
88
270
487
0
0
0
14
0
1
0
29
22
0
128
0
15
2
0
0
0
0
0
11
2551
0
316
162
0
0
9
11
8
0
174
2
0
0
0
14
23
854
744
8
123
16
12
189
0
2
0
166
0
3
85
2
12
0
0
0
16
0
0
2
20
0
123
12
0
9
80
74
0
66
10
0
0
0
0
2
0
0
0
0
47
0
178
4
24
83
0
0
0
0
0
10
0
0
0
55
8
0
690
87
0
0
0
150
53
0
41
270
31
93
501
13
0
0
87
0
50
0
37
1
0
2
0
52
136
63
221
26
0
1
0
3
625
0
145
0
1
4
154
64
0
3431
425
2710
146
30
29
176
808
1412
0
8
0
3
10
0
3
4
0
0
67
107
333
0
86
62
21
273
231
2
0
355
0
123
0
193
0
1243
3
0
100
0
0
264
496
29
58
22
3249
11
95
0
0
10
26
83
109
3
0
59
1156
1
26
2402
0
108
0
12
0
0
3
0
0
19
9
9
175
5
2
50
9
18
0
0
3
28
171
6
0
0
0
0
21
0
16
701
65
0
1
0
60
1084
0
310
5
372
43
0
26
1
9
43
0
0
1980
0
0
93
0
45
205
0
4
0
6
11
12
97
0
0
350
20
114
1
117
35
0
136
0
8
0
0
0
0
116
17
287
2
62
0
0
77
0
1
0
26
0
312
0
0
0
0
0
0
0
34
0
698
18
122
2
0
20
1
0
8
144
0
20
0
0
0
0
3
6
222
5
0
90
4
100
0
8884
4
0
112
0
225
6
35
7
3
2
41
80
0
0
100
0
23
0
0
0
0
45
132
0
6
0
3
47
0
0
616
12
0
450
0
0
137
30
27
3
3
39
117
0
0
89
0
16
0
0
0
206
7
226
2
0
236
35
30
0
0
21
8
4
0
0
0
0
0
0
3
216
0
4
0
16
496
188
20
0
0
41
0
24
0
27
1
0
96
0
0
94
22
54
366
833
4
332
0
763
122
0
416
118
356
3
0
0
864
3516
9
131
40
5
31
6
306
0
0
93
14
0
0
0
12
0
0
0
0
0
76
0
180
0
0
51
0
610
8
0
11
0
0
42
2617
299
619
0
236
412
0
2
57
0
0
37
555
0
18
1642
318
242
2237
0
230
287
0
55
2
0
5
0
0
0
72
1
0
0
16
19
0
455
0
4
26
39
11
0
19
42
2
0
0
0
76
364
0
52
232
14
70
0
90
14
1867
0
0
0
3
80
0
4
199
25
6
0
0
159
166
0
1
124
633
0
2208
1140
0
241
164
0
312
0
977
0
0
5
0
403
358
3
0
3
594
455
0
0
48
79
24
52
0
2
3
0
145
581
0
0
0
132
0
73
0
0
224
0
351
5
0
173
242
0
0
0
5
1
33
8
6
75
258
0
382
3
434
0
7331
152
2
208
16
0
63
53
227
169
26
1
135
3818
45
81
2894
0
0
18
0
445
0
12
556
55
1
0
444
359
0
0
0
0
0
90
8
69
901
23
35
0
40
940
10
362
68
8
31
89
284
0
1890
4271
0
0
374
1183
148
1
0
0
10
0
704
6
0
99
128
1
0
0
0
0
8
46
0
13
3111
2523
0
1805
1113
0
598
66
22
211
0
11
236
8
1122
0
811
116
180
0
1394
0
0
239
14
1184
31
0
200
86
0
137
30
2666
67
717
30
73
0
27
269
130
1512
49
136
0
28
0
178
0
0
0
3
0
0
47
0
8
3
39
0
0
40
3
0
7
0
0
6
105
251
15
0
0
436
0
0
1043
5
2
0
4
959
0
0
9
21
183
2
0
0
64
0
6
0
1375
23
217
0
0
11
0
0
0
88
20
3
0
16
0
30
85
143
0
34
7
459
4
85
8
1
16
0
4
21
17
0
44
135
0
56
71
0
9
46
0
347
3
120
84
237
7
4
0
209
0
0
1187
3
0
2
3
180
0
614
2782
108
223
111
0
526
27
40
211
117
836
0
334
0
6
47
19
1
55
90
248
0
96
0
2
3
0
0
29
5000
0
111
43
0
0
4
1
19
7
0
74
794
37
29
16
33
0
6
4
18
6
0
6111
94
158
144
0
210
2
56
547
0
34
3
2
0
2
0
90
27
48
214
661
139
167
33
0
13
205
834
0
11
4
7
1486
419
17
3
0
0
0
21
282
1706
192
24
960
3
37
7
1210
37
0
3
0
133
536
2
8
0
0
12
27
42
0
1072
489
21
0
0
0
261
21
0
55
131
0
3
54
787
342
0
3699
42
174
0
808
1
30
0
1370
16
151
0
8
0
23
0
0
0
445
134
2
0
18
0
81
1136
98
0
0
0
0
1420
0
349
6
27
132
0
299
35
94
4288
0
522
43
215
0
49
153
0
0
0
729
568
0
0
1
178
0
0
0
149
44
0
5
0
0
5
4
4
4
18
0
0
869
0
580
29
0
2
0
73
0
0
38
0
3
11
1
44
0
2
13
212
106
0
475
26
0
1
76
1
77
0
0
0
116
0
8
0
0
432
0
0
377
24
0
39
0
60
205
0
272
0
7
0
0
630
0
0
0
751
39
0
213
35
69
3
116
2372
0
0
0
245
91
5
117
0
23
0
44
0
17
13
0
11
295
86
4
0
0
0
0
26
0
0
5
11
0
676
0
35
0
36
14
5
6
0
4
0
227
0
69
0
0
32
33
27
78
0
2
0
2
155
12
14
12
0
3
0
0
49
6
0
1037
47
0
0
319
538
106
0
20
124
144
69
0
58
69
6
0
187
0
0
40
10
0
17
0
417
0
59
0
9
0
9
140
47
95
344
351
0
0
59
441
9
0
15
2
0
7
1577
92
0
526
5
428
0
0
60
26
3
0
0
2
0
2
0
0
0
0
634
62
9
0
0
52
3
8
21
0
295
0
12
107
9
12
18
272
17
373
0
400
20
283
0
0
5
90
279
1842
17
0
0
0
0
73
0
0
3
5
27
0
97
0
32
11
16
11
0
20
20
0
0
0
0
69
0
0
33
2
103
1
108
0
319
45
93
150
0
0
105
0
70
2
0
0
168
23
296
227
0
70
631
76
0
6
82
483
6
0
29
0
1087
0
3
0
11
74
66
81
15
3
32
0
0
1
132
4
62
4
1
957
0
0
16
30
1
0
301
0
0
0
0
0
136
181
51
0
0
0
0
55
0
434
0
31
148
19
245
220
40
0
0
215
20
193
620
0
0
131
0
40
0
595
488
404
2
0
0
19
7
2
48
26
2
0
3
0
3
6
25
0
329
0
9
124
0
157
4
10
0
179
24
3
0
17
58
0
0
88
0
0
0
0
0
5
0
0
6
1
2302
146
417
0
8
0
1
2
106
0
0
53
552
0
25
0
446
105
99
2
0
85
1
23
56
1693
0
0
19
29
2
257
404
0
1
0
0
487
8
102
189
17
0
58
72
7
0
2
0
25
934
139
0
0
0
266
0
5
2
0
0
28
39
8
99
0
61
0
12
708
55
0
4
15
5
35
28
0
42
73
245
50
347
0
13
3
7
137
0
6
0
0
0
0
0
0
1
9973
153
7
0
0
549
2402
3
7
0
15
475
56
1
1280
27
3
0
985
6
0
39
6
2
3
459
0
2
1
0
6
0
0
2
0
0
746
0
0
4304
0
0
0
0
0
3
19
0
1
42
0
80
2118
0
0
27
135
172
0
433
6
12
23
0
46
0
299
0
0
0
1583
0
132
0
0
8
303
17
59
40
602
0
14
56
96
11
0
2
0
8
4
0
108
297
0
0
1
9
0
26
1
0
978
0
0
0
1039
166
198
0
145
0
627
0
10
117
507
3
1
0
12
21
507
0
0
114
0
14
4
0
66
18
0
0
286
8
92
0
0
119
0
64
5
2
120
0
235
446
101
30
0
20
670
47
20
251
0
0
0
152
107
0
122
0
251
216
2
0
139
121
143
0
0
0
162
414
1084
33
2196
0
2
0
1735
9
427
607
0
6
0
418
7
0
83
15
96
48
5
152
0
0
1
52
0
0
661
292
290
0
0
1832
17
95
0
191
322
496
1239
0
0
0
4393
0
785
1
0
376
5
2
0
0
0
0
20
0
5
4
14263
72
59
5
0
215
9
317
3056
153
0
200
65
399
2
1
0
0
175
0
0
9
104
0
290
183
509
0
214
0
99
2
907
0
5
5
84
451
366
23
514
0
0
6
432
132
0
1022
0
150
0
0
17
53
0
3
0
0
2
0
227
16
24
325
0
170
4
1
1
96
0
1
0
6
0
0
4
6
85
0
214
48
45
158
4
5
0
2286
229
8
764
0
0
123
0
56
277
0
97
966
20
404
98
36
8
118
0
0
656
0
0
1017
21
0
330
99
23
0
0
2
864
3
140
6
156
796
192
0
0
0
57
2
264
6
155
2
182
14
6
0
1057
200
0
364
13
2
4
0
28
61
9
235
296
536
0
492
0
12
0
0
4
133
165
43
597
23
129
647
222
17
124
38
2
16
0
90
0
0
0
0
11
0
242
0
569
566
0
0
0
44
0
164
19
0
2
0
12
0
0
192
126
2719
0
18
0
0
1657
6
2
2228
1
204
234
0
53
0
0
10
12
17
548
847
90
123
187
229
0
79
134
0
0
3
26
0
0
207
0
80
77
7272
8
9
953
285
38
0
141
0
0
18
3
123
247
217
43
185
25
48
12
0
8
14
60
156
385
6
85
40
0
0
11
0
454
89
124
0
6
0
0
0
0
11
16
253
4
113
0
0
0
0
0
89
4
0
9
30
0
501
108
3
0
0
0
204
0
0
740
347
16
205
4
0
726
161
0
0
75
0
0
4
0
0
0
734
794
116
187
0
855
0
2
4
107
0
855
6
101
0
2
2
14
4
90
5
45
371
35
0
49
4
0
1280
167
58
0
20
0
0
24
61
6006
0
0
0
13
33
20
69
0
0
200
0
477
894
797
0
35
857
1291
476
63
0
0
0
46
44
18
2
45
20
49
1
40
0
17
0
0
123
0
18
184
0
251
30
442
117
288
37
225
0
3636
45
5815
80
92
1
7
258
0
199
97
492
105
13
4
15
101
0
0
342
50
185
45
150
318
0
496
7
569
763
124
227
472
0
9
0
154
632
5
10
12
323
5
390
17
0
114
0
3
0
0
278
90
0
0
95
11
60
211
65
3
0
0
0
55
0
0
843
933
244
205
12
23
175
538
123
557
39
0
99
38
25
0
54
34
72
4
285
26
0
0
0
4
0
4
149
0
1173
965
245
0
757
162
28
7
338
1
0
0
5
0
0
2
7
62
5
8
269
3
0
274
21
0
616
317
649
0
0
0
1011
398
677
145
1
548
255
24
360
41
28
0
33
432
128
717
9
0
2
168
211
89
193
22
430
4
0
0
0
20
0
0
10
68
0
35
12
0
0
0
367
10
0
11
21
90
2
93
73
15
0
0
6
130
0
101
62
32
4
0
0
4
177
0
10
15
0
188
20
6
0
8
847
723
413
38
6
3
6
819
0
1
3
260
48
0
37
26
0
0
0
110
79
274
127
30
0
17
26
46
0
259
144
16
0
16
0
91
4
0
0
85
54
0
1166
9
0
108
41
2
0
147
9
92
401
98
1163
0
0
10
102
72
571
0
1151
0
1363
52
12
236
0
994
0
226
42
463
496
0
1444
1636
0
0
0
0
0
8
1
196
100
2
142
281
0
19
0
105
4
1
0
362
234
481
517
101
572
912
556
0
7
47
0
73
193
0
9
0
5
18
33
0
6
1524
2
44
108
302
18
0
0
0
53
21
290
0
0
506
3
8
0
611
230
616
0
42
0
2
1
0
29
0
395
0
19
0
0
82
88
0
3
0
16
1005
0
227
6
0
0
2
8
0
0
0
310
385
0
15
548
13
88
210
278
3
32
3
1295
248
34
142
0
20
0
0
0
23
0
393
18
100
156
40
0
30
0
49
0
9
17
14
13
1
0
0
0
110
0
137
0
0
1
0
1028
0
0
4
42
0
0
2
8
4
4
0
1075
139
314
3905
1683
0
15
0
268
9
5
0
90
492
39
536
0
7
0
0
272
85
87
2
781
130
31
526
31
6
264
277
36
64
0
0
5
0
0
0
0
0
0
81
2
0
0
0
0
0
0
47
103
76
500
174
0
7
0
0
0
0
393
270
0
0
0
0
0
0
253
150
4
1
0
0
10
0
0
6
19
0
0
0
0
0
10
13
128
117
0
0
0
0
0
2078
586
0
428
16
0
4
70
123
370
2188
46
79
0
5
0
0
153
0
33
5
12
0
0
0
0
421
27
0
0
0
0
0
0
0
10
120
0
83
102
0
0
0
0
18
40
0
0
633
0
0
0
66
101
539
44
61
10
51
0
0
26
0
0
103
37
0
8
202
9
0
3
0
0
1
103
0
30
4
1
0
0
0
2
0
0
640
58
900
0
0
1
0
0
0
0
0
0
0
0
0
18
0
0
0
0
0
0
0
0
0
2
78
4
462
0
0
7
0
3139
8
65
8
260
72
31
34
28
3179
10279
73
0
45
23
0
0
0
696
204
90
0
0
0
54
2
0
3
149
0
0
94
16
154
116
0
0
0
0
23
26
0
0
9
4266
4
82
0
0
0
0
12
27
0
2
43
0
1
2
0
470
224
0
4
10
0
121
21
8
19
27
0
0
0
0
0
0
0
0
2
75
48
0
0
604
896
109
367
2830
0
0
3
4
1
4
0
8
4
0
0
132
35
0
0
0
18
16
0
0
3
0
0
18
12
0
0
16
319
92
282
24
54
1145
6
699
997
13
0
0
0
0
0
0
1
0
34
0
61
0
0
0
0
0
0
0
0
0
0
0
0
371
62
1851
4
3238
4083
197
0
0
34
52
1
226
0
0
0
985
200
0
0
183
273
120
42
0
6
3
287
0
4
0
0
0
0
5
0
0
0
0
0
0
0
0
0
0
0
0
0
196
0
0
26
102
0
1
0
343
0
0
395
1
3252
196
75
34
0
73
0
0
66
4
2
2
0
0
21
0
0
13
0
0
763
808
1
2102
13
52
3
0
0
0
0
0
1
0
0
1032
773
0
0
36
0
0
0
0
0
14
38
0
0
1
0
9
64
0
0
28
0
2
0
0
0
0
0
0
0
0
39
0
0
1
0
5
0
0
0
0
0
1
0
1
0
0
0
0
0
0
11
0
1
0
0
0
0
0
0
