BitA_7_2
3
0
21
3050
44
242
36
3
0
2
0
341
25
628
0
1
968
8
0
318
915
144
0
9
0
831
0
69
3
6
27
7
1
213
1807
85
0
3
9
0
19
0
0
18
1
2998
5
266
1
251
0
311
0
1141
0
9
685
119
4
1218
4
9
0
2
20
42
4
533
34
25
2378
755
94
32
55
0
1615
3
31
0
0
1
12
12
1597
0
183
354
25
14
703
0
793
0
0
914
21
1
180
0
19
0
13
900
131
1
5
0
0
612
0
0
69
0
8
1
0
297
191
897
21
5
0
228
100
608
234
0
2179
60
0
1
0
151
4
0
24
262
25
0
45
9
31
0
885
219
22
25
46
43
47
3
477
14
5
1435
0
0
46
399
6
0
0
0
242
49
72
293
0
5
3
8
90
0
0
128
120
2
0
110
420
720
0
172
105
592
326
9
128
1
0
524
326
45
0
222
0
0
3
67
50
27
10
47
34
0
1
104
70
85
0
5
25
0
0
14
92
21
0
47
532
3
26
379
0
2
1
328
32
170
0
0
95
408
1314
2
1879
56
0
0
4
0
21
615
0
21
142
641
14
9
340
471
50
0
482
35
0
0
0
22
219
519
343
2463
142
0
1
0
360
92
0
692
0
1
60
3
0
0
1377
220
1372
129
0
2506
0
1121
2
0
0
318
0
0
0
0
0
0
162
2
169
2
0
19
0
45
477
0
342
11
4867
0
1
2
0
0
0
242
0
229
345
3
78
0
760
134
0
151
40
35
0
34
634
552
134
0
5
268
40
40
0
0
960
326
60
645
0
13
391
51
167
0
1160
0
74
43
84
51
1239
408
48
0
5
8
0
1083
1
0
4
166
99
5535
206
1448
20
10
0
2
18
20
0
635
0
354
0
0
2838
1
107
81
87
0
381
0
0
245
822
88
214
0
558
104
81
0
0
0
2
195
37
1
3
0
0
155
13
3255
9
126
0
407
0
0
1394
280
10
0
152
0
11
2526
149
0
157
65
60
14
91
0
584
0
0
0
0
0
1448
1544
0
10
2279
321
154
0
1
1
33
13
8
7
0
1
0
0
28
24
0
0
1
47
222
0
465
5
33
0
574
0
0
0
18
0
604
230
735
58
221
1638
543
60
0
0
48
0
96
337
130
146
0
159
0
4
0
0
160
0
797
122
59
555
29
0
69
0
29
0
9
491
15
500
46
0
50
0
947
271
0
641
0
76
17
53
28
144
56
134
1433
0
19
277
711
234
93
0
2
3
84
0
204
324
0
0
179
0
0
0
19
0
0
4
10
3
0
1
2
1343
0
236
4
262
0
0
0
561
660
81
1
321
8
465
85
105
0
79
0
156
12
1361
6
54
7
11
0
4086
0
23
0
431
0
1212
219
3
3
13
287
0
3
0
3
548
0
0
0
0
1855
2
336
243
12
4
329
22
57
42
4
15
2
51
0
8
54
0
1
8
27
0
3
58
0
89
282
164
565
190
889
6
0
3
0
0
0
1
0
247
901
419
8
381
25
322
10
0
1269
76
0
164
0
0
169
0
493
113
3
0
2
0
458
0
1
5
510
0
0
0
1
573
19
591
13
37
0
0
1
0
152
165
46
866
0
66
239
3559
7
13
2
5
43
2
149
0
21
13
122
74
5
233
13
12
0
0
45
24
191
0
143
2031
24
86
63
1202
1066
4
0
375
452
22
15
4
890
0
0
3
2
294
367
5
22
35
107
0
98
1
70
39
173
0
273
0
667
0
0
0
0
0
0
1525
804
0
0
446
7260
6
264
49
255
226
163
148
0
0
431
8
6
90
0
34
1400
0
0
897
268
46
91
211
368
437
14
61
34
0
0
0
1364
0
188
0
0
224
12
3
0
1
28
9
0
0
6
0
119
44
0
21
0
545
155
806
35
29
0
724
7
3
1
0
33
1
291
36
0
0
7
6
3
0
32
79
18
1
0
12
7
433
244
4
14
9
15
0
0
491
4
675
1516
333
4
800
193
447
173
6
35
240
0
153
124
7
919
9
188
84
352
2
0
317
0
7
44
11
95
813
17
0
0
0
0
0
1482
635
19
2
0
0
2863
7
0
1507
27
20
0
91
3
2
569
130
348
493
167
6
0
11
0
2
137
469
456
0
0
4
0
533
93
0
17
96
0
101
185
149
51
0
216
2
0
648
7
0
0
0
238
3
234
518
84
102
449
13
95
0
4
77
318
222
279
72
0
244
54
0
2620
415
0
87
2
259
0
0
29
397
0
82
0
1
5
3
0
0
0
226
140
88
0
0
19
47
68
0
3
965
64
21
254
0
22
3
0
27
18
0
1548
110
384
675
1
147
0
0
248
0
3090
78
5
1
1111
596
534
228
1518
0
127
0
0
3233
0
0
0
0
146
0
9
4
0
2
614
539
820
85
0
0
0
160
32
25
0
0
0
112
979
651
86
32
0
0
98
169
17
1
0
0
67
0
1726
483
1461
997
0
3
0
1
1
176
0
0
14
291
110
119
0
10
1157
743
0
331
1205
128
60
46
150
5
0
258
4
1
50
0
0
0
15
0
76
40
11
0
2
0
0
1062
636
0
0
5
21
82
0
0
0
0
117
32
0
265
11
0
92
5
252
1197
0
553
171
14
17
6
18
0
0
0
0
414
981
141
180
227
223
418
530
182
383
3
38
92
35
111
0
0
5
0
17
2715
24
996
2
0
251
104
0
17
361
174
197
457
0
137
128
0
28
10
33
0
39
0
0
922
452
118
6
0
1011
0
0
0
179
33
1855
1409
0
46
3600
28
262
111
166
94
608
331
0
0
38
0
688
22
461
0
795
0
465
0
431
865
46
0
932
5
2
120
0
312
815
0
0
0
508
0
579
0
2
5
140
2
348
0
0
10
0
0
0
4
24
0
127
25
140
4
385
405
37
475
815
0
0
2404
1
0
0
223
68
109
2
162
0
11
0
399
65
2
2
344
0
8290
0
4
2
44
0
233
144
377
59
0
276
8
41
0
10
116
241
81
2
2
108
0
288
1074
245
0
0
7
1
4127
70
2
59
25
19
49
1
13
0
2
3
1034
2
570
13
0
44
21
3
56
0
545
0
80
192
0
85
3
489
0
0
0
180
7
1
4
70
9
0
10
98
6
0
263
0
253
0
0
18
32
0
2876
0
15
2977
20
1266
0
194
20
91
0
2
0
214
151
0
7
28
58
34
0
0
18
1
0
107
0
475
0
0
4
51
204
16
0
1
2
126
1053
457
0
0
0
248
1
0
973
590
68
88
6299
2
85
323
11
126
83
560
1
8
85
2703
33
16
69
48
216
0
0
537
77
25
241
42
913
34
230
387
162
0
37
0
33
2
8
2
1
425
3
35
0
2343
6
83
689
102
73
0
0
0
10
26
0
293
4
0
320
55
1
0
3
3
43
0
321
0
24
57
0
80
0
0
12
0
0
46
0
0
14
0
0
1
0
0
0
6
488
10
677
3
155
125
103
1
0
193
2
2337
52
0
0
0
4
17
12
831
85
417
0
1062
33
461
689
0
0
0
1341
0
193
449
3305
4194
0
0
0
59
1
11
0
0
58
2
0
1438
613
1033
9
25
355
0
31
0
298
342
103
1368
0
1344
0
230
29
83
104
0
5
0
0
1
0
0
0
780
307
0
1068
107
0
2
0
239
455
488
72
686
4927
4
637
0
203
489
174
407
534
0
31
13
356
145
0
0
324
43
58
0
2
42
182
627
0
0
2
81
442
0
1021
0
0
61
3
6
641
6981
0
289
0
0
4
467
2
836
0
62
8
2
1218
62
10
42
0
14
9
4
650
7
0
0
17
0
0
17
207
41
22
0
8
29
0
1
14
220
0
6
11
1
50
53
105
0
0
0
0
69
0
5
2
2
119
611
7
812
2666
210
808
207
5130
0
61
1
218
11
0
1106
3
189
38
0
2
1
0
974
70
0
44
188
0
110
10
0
0
0
40
0
0
2111
257
4
4
329
2739
431
5
0
39
0
70
0
2409
0
759
19
2
20
0
104
0
0
0
0
78
0
0
0
0
14
802
148
19
0
168
43
141
46
1
71
113
8
167
0
188
4628
1281
4
364
8
2
0
600
35
0
0
0
0
6
926
17
0
0
22
2
0
2
0
0
27
129
3
0
214
264
1168
1784
207
552
6
2
23
34
17
1
0
0
0
241
123
0
678
44
2135
46
0
0
145
113
5
184
1
1
193
412
0
0
88
2
8
0
385
1
0
23
0
45
175
0
10
22
0
54
303
0
0
0
0
55
668
37
12
0
123
3
479
112
553
3
115
1920
374
2
0
4713
549
486
4499
48
0
25
0
0
0
0
106
0
23
3
0
247
1426
15
0
0
0
0
1
31
59
260
0
0
58
21
34
5
320
494
250
421
431
36
3
0
4
335
8
0
0
71
13
13
24
12
0
0
10
54
28
118
38
0
0
0
0
0
0
0
170
0
1
0
78
0
36
2
0
53
352
0
33
0
752
3
552
4
3
63
0
0
0
0
0
1316
5
4
15
50
3
395
312
5
0
27
0
1
0
0
216
1
641
559
541
230
0
99
34
4
10
12
449
157
3
16
0
2989
3
25
0
90
26
29
3
132
13
0
0
318
19
365
173
103
317
2
0
0
13
1
0
135
433
207
0
29
0
84
38
0
0
179
0
47
0
0
161
48
16
71
155
1356
9
0
164
0
447
0
0
0
112
37
110
179
122
1
3549
31
0
2
112
0
0
9
359
811
20
1
37
0
5
15
4
12
4
49
307
2
18
2016
424
7
908
0
99
31
0
0
289
0
103
0
0
10
27
10
0
0
10
2212
0
177
600
15
0
2056
50
0
0
0
18
18
34
941
37
90
3
2
0
0
0
0
7
110
0
1
84
0
17
6
0
18
34
3
0
0
3334
0
8
0
17
139
739
385
4411
5
1507
20
4
15
20
1
37
1134
0
703
1180
0
46
219
0
775
6
0
9
1009
0
65
158
0
0
2698
0
92
248
0
0
161
353
0
2
369
360
1
587
2
756
0
2296
22
0
266
1
33
121
476
21
605
7
5
0
1528
247
229
19
2646
0
117
44
1205
118
0
140
0
128
216
279
9
5
5
3
28
122
0
23
1597
488
1656
366
0
0
1
9
27
96
0
398
138
29
890
612
0
97
99
65
0
0
0
0
1001
0
125
0
278
5
3
3
0
23
0
2
2351
447
0
5
186
3
21
1
171
13
459
45
0
0
247
241
0
25
0
3
4
0
1718
559
18
1
1192
54
540
226
94
121
0
5
74
2
29
2
0
9
48
1
81
94
0
0
118
461
0
0
239
0
0
4
562
626
112
0
0
461
0
359
332
10
0
164
0
0
1
126
373
6
0
0
0
14
26
74
0
9
0
179
1
0
5
0
14
3
455
64
50
0
0
81
3446
5
290
0
87
0
47
32
5
1069
7
0
21
216
120
0
14
0
29
150
0
39
0
144
0
687
0
2
82
23
13
7
0
9
0
0
14
156
29
0
98
0
4
21
105
5
0
3
395
0
3
0
61
25
13366
0
51
109
261
0
46
3
0
0
0
305
96
661
16
263
1
2
197
2
0
26
0
142
1522
0
216
0
175
0
1178
8
402
184
0
0
0
0
0
0
6
0
14
0
14
0
0
7
454
451
73
5
0
508
18
0
498
682
46
300
52
0
1570
177
0
67
0
0
0
542
18
276
0
40
5
0
3
731
624
0
411
76
37
0
0
143
196
0
467
0
0
949
25
352
144
0
242
6
0
228
219
29
13
48
0
0
0
5
276
424
291
0
22
0
77
0
1
178
1
76
26
0
827
108
20
35
137
0
4
1371
99
0
167
3
175
540
28
47
1989
177
0
0
3
482
124
0
12
53
9
2
0
0
89
252
0
58
1
0
1
0
0
368
1
296
4
0
31
24
358
0
1
0
0
331
280
51
54
0
0
231
0
0
0
7
617
3208
10
7
2357
51
99
262
0
207
0
0
13
898
43
0
20
136
82
60
0
0
8
0
0
1673
4
3
1472
11
98
34
2975
209
0
0
220
2756
97
1725
344
0
53
24
496
0
46
67
38
22
0
0
0
195
0
4
3107
0
3376
0
0
63
0
19
0
158
199
0
270
45
94
0
166
729
5252
12
39
118
23
640
138
0
18
0
253
0
1
0
448
547
2
498
6
31
31
277
0
120
579
383
85
158
182
0
391
15
1272
827
1
1720
1
499
312
285
186
11
0
24
0
0
84
146
23
0
244
0
7
39
13
0
2
3734
208
190
434
132
224
7
0
10
20
0
1127
0
15
2
0
1
2679
0
122
249
6
1320
1
40
293
46
53
529
0
0
264
0
0
0
0
33
0
0
0
44
408
84
0
16
4
6
346
7
0
0
977
199
1123
342
8
1596
65
0
0
181
23
0
0
0
13
57
168
1
0
28
0
0
0
19
10
116
1404
86
355
14
114
3
4432
0
0
19
135
0
15
225
0
144
16
79
86
0
784
625
38
868
133
0
0
541
870
498
276
3
0
95
0
0
0
0
1506
11
3037
454
215
429
514
3
12
2
0
50
0
428
0
1
202
211
14
145
2
748
22
4
32
337
0
103
0
133
11
151
98
0
1216
44
0
81
11057
0
102
1665
654
380
305
253
1377
40
1044
0
931
1639
3
135
8
3
0
6
307
0
202
174
2711
0
9
268
196
0
1745
225
112
2
0
0
0
2460
4
9
902
0
755
0
57
7
0
848
60
3
0
1194
31
0
0
2
0
196
0
148
6
1459
16
237
101
963
0
7
195
1779
0
7
19
119
181
74
0
66
519
245
0
1
289
24
291
0
0
30
77
0
55
273
1
189
0
0
0
0
0
9
0
0
27
0
2
1
0
27
0
11
1121
21
0
0
2703
0
0
5
0
0
88
0
75
4
1
141
0
0
6
9
2
0
189
95
0
0
0
292
0
0
0
233
52
8
0
1
596
6
2
4
11
0
0
0
2
29
0
1
0
0
83
3
0
26
814
2
3
26
1
3
369
18
558
13
4
8
0
91
0
0
0
70
0
296
0
0
17
0
8
0
45
0
0
683
34
0
554
30
0
1796
96
5
1
63
498
0
0
33
0
2
78
6
76
0
125
27
0
3
1157
728
22
5
271
0
9
69
0
52
33
0
27
0
0
0
2
881
0
7
0
0
1601
0
354
14
2
0
0
129
840
410
86
1
0
0
0
0
0
9
4
0
187
0
0
218
0
0
0
0
0
86
3423
80
1
0
70
1
0
0
0
2
0
0
0
0
0
0
0
0
16
0
1
4
45
0
0
0
89
0
86
0
0
0
1
1
0
0
29
3
0
0
0
0
0
169
1
0
12
18
395
1
0
0
0
1
0
35
1
0
4
1
0
4
0
0
19
0
14
0
0
1
8
0
0
0
0
0
0
0
0
0
0
0
0
0
0
6
2
2
0
1049
0
0
0
47
0
0
0
0
923
0
1
147
54
0
14
62
0
1
1
0
1
0
3
99
70
0
0
4
9
522
106
0
79
0
0
0
0
0
0
0
0
3
0
0
49
0
0
0
673
2
10
2
0
0
0
1
0
62
0
155
0
60
1
66
0
3
0
0
125
0
0
4
0
22
3
0
0
0
96
5
1
30
0
7
147
0
4
0
29
86
0
88
0
9
0
193
0
15
0
328
1
0
0
0
8
0
0
0
0
136
0
0
0
0
502
0
8
1285
449
0
0
73
47
0
0
0
0
0
117
1
0
102
0
41
7
0
0
0
15
0
0
1
5
0
87
0
0
442
0
0
0
0
3
35
0
4
0
0
3
0
0
1
0
13
0
0
8
56
0
69
0
0
288
5
0
0
0
0
227
0
0
12
0
0
0
0
0
0
15
0
0
18
0
0
124
15
0
0
0
61
4
0
0
72
0
0
14
0
0
2
16
0
0
0
0
0
0
3
0
0
3
0
0
0
0
0
0
0
5
0
0
0
0
129
19
0
117
13
5
0
0
0
56
0
0
0
0
0
0
0
0
0
0
0
0
0
0
0
137
0
39
0
0
0
0
191
0
0
0
363
0
7
1
2
0
19
0
5
0
0
30
3
0
0
0
0
1
0
0
0
0
14
0
939
0
3
0
3
0
0
0
0
2
0
0
25
34
0
0
9
0
9
452
0
0
0
0
0
0
0
3
0
0
0
0
0
17
0
436
208
0
0
0
0
0
0
0
0
439
2
1
0
0
0
0
0
0
0
773
35
0
941
0
0
94
0
0
3
0
0
3
0
0
0
7
0
0
3
6
31
0
9
0
0
0
0
0
12
0
0
143
0
0
2
64
22
0
214
0
33
0
0
0
0
0
19
0
0
0
0
0
1
33
7
0
0
0
114
0
0
149
0
0
0
2
2
0
0
0
0
0
0
116
0
0
0
0
87
2
0
1
0
160
0
6
0
0
0
3
0
0
3
0
112
14
0
0
0
423
740
0
0
0
4
4
0
0
0
0
0
0
0
0
22
0
97
0
0
41
0
111
99
0
3
2721
0
0
3
0
541
0
54
0
0
0
0
1
5
0
0
0
299
2
5
0
0
18
0
193
0
0
0
6
0
0
0
0
0
4
0
5
0
13
0
0
0
264
0
0
0
0
0
0
1
3
1600
0
188
6
4
0
0
0
1
0
0
120
0
0
402
0
0
170
14
753
2
1
0
3
0
71
0
0
6
0
424
0
2
0
0
0
1
0
0
5
88
4
3
0
2
0
0
3
0
0
7
55
969
0
0
39
19
1306
0
507
0
0
0
69
0
0
2
4
31
0
0
0
0
76
0
2
0
47
0
0
0
0
0
0
0
36
0
0
0
2
22
0
55
0
4
20
0
28
0
0
0
0
0
701
0
0
0
255
0
0
11
0
0
12
0
0
0
0
45
0
0
0
2
104
880
296
0
0
0
0
0
2
0
0
565
0
56
0
0
0
1
0
604
0
222
0
0
15
0
0
3
0
0
7
0
1876
0
0
0
0
0
0
77
0
0
0
44
0
92
0
0
40
0
992
1
0
0
209
0
0
0
0
0
0
0
0
6
0
0
0
2
231
4
0
0
0
891
0
0
0
222
4
4
5
54
419
0
40
0
0
0
0
0
7
0
0
858
1
21
3
0
0
0
0
185
186
0
2
53
1
476
0
2
4
0
6
0
0
34
1
0
1
0
104
12
2
1
0
1
13
2
0
0
73
34
0
0
963
9
310
94
1
0
0
1
0
0
2
0
0
118
0
0
6
32
0
0
4
0
0
0
0
0
0
0
1635
0
7
7
0
0
0
2611
113
8
6
1
0
0
0
15
21
0
24
0
1
0
0
0
0
0
2
3
0
0
0
137
1
0
0
0
1035
8
0
1
2
13
0
5
0
5
0
22
12
3
0
0
0
0
180
0
188
0
0
11
0
0
1517
80
0
0
117
300
0
171
39
0
0
54
0
0
0
2
8
19
29
0
0
1
2
0
0
0
0
1
3
0
0
0
278
144
2
1275
1
0
0
0
0
42
0
0
0
0
0
0
0
2
0
16
91
17
274
0
0
0
4
0
0
0
0
276
0
0
0
98
0
4
0
0
0
0
0
1
0
0
0
0
1
34
88
0
5
0
4
0
0
222
0
462
0
0
2
0
0
0
0
654
0
0
165
10
0
0
24
0
0
963
2
0
11
0
0
0
0
0
52
89
4
72
0
3
0
7
15
84
0
1
0
0
0
0
0
0
462
341
21
5
173
0
0
0
0
0
5
4
100
1634
0
3
0
0
1
0
369
3
3
2
5
0
0
44
0
0
0
0
0
1
0
78
0
3
0
0
191
0
0
0
0
12
18
0
0
1
0
6
0
4
178
0
0
0
0
4
0
13
0
0
0
0
3
4
0
0
0
0
22
0
0
0
0
0
0
0
0
117
1
0
16
74
0
0
0
130
0
0
19
2
0
142
0
0
0
9
305
13
0
0
19
0
7
7
7
9
51
0
3
0
134
2
169
3
1
68
0
209
0
777
122
0
1
11
5
55
0
0
0
0
27
0
3
0
4
4
0
6
0
15
357
613
2
0
1
0
9
0
18
0
0
0
1
1
0
0
3
27
2
582
73
360
0
1
0
92
0
2
8
0
11
8
0
411
889
0
0
0
0
0
12
486
0
27
28
0
0
0
0
30
0
0
1
78
1
3
0
7
0
6
0
36
10
3
0
333
0
0
1
0
23
0
1
0
0
0
4
0
0
1
0
0
2
0
0
25
14
0
0
0
68
149
3
0
0
150
0
0
231
0
0
8
0
275
3
0
0
1
95
812
0
1086
4
0
0
1
0
0
0
12
0
9
0
0
1
0
0
0
111
0
15
0
0
6
3
0
0
50
5
65
0
0
0
0
666
0
0
135
0
0
24
32
0
522
79
0
0
0
0
0
0
0
3
825
0
0
0
48
54
0
0
0
0
98
324
20
1
4
26
25
0
1999
4
61
0
0
96
0
310
460
50
190
0
0
23
0
308
0
0
7
0
0
0
0
0
0
2
631
0
2
0
0
0
3
0
0
4
6
166
935
0
4
0
0
0
101
0
1
201
65
0
0
10
0
0
117
0
0
0
1
0
0
0
0
0
0
5
0
12
424
19
5
0
4
0
0
0
27
33
0
2
0
62
19
0
0
4
0
0
0
0
0
0
0
238
598
0
1
0
0
0
0
0
101
425
0
29
155
0
6
0
327
0
0
0
36
0
57
0
122
0
0
3
285
0
0
0
4
0
4
0
0
0
0
0
0
1
4016
230
0
0
0
0
0
0
1
106
315
481
0
0
373
0
34
0
0
0
1
1
0
0
257
0
31
44
107
0
0
33
0
1003
0
4
0
3
0
1341
0
43
3
0
2027
60
0
0
0
0
0
0
0
303
8
0
105
0
1
0
218
0
0
50
0
0
4
3
0
0
66
3
15
74
0
0
0
0
0
0
147
0
1849
39
0
0
0
0
0
133
764
0
0
0
0
1593
0
0
60
0
0
0
603
0
1485
606
1
4
0
0
0
0
0
0
0
0
0
5
864
0
0
0
80
0
1
0
1
0
0
0
0
0
68
0
573
23
2
0
5
0
12
1
0
0
2
8
345
4
0
0
0
128
0
0
8
0
22
0
0
40
0
4
16
0
1
0
1092
0
0
2
0
99
0
324
0
6
0
127
0
0
2
131
0
3
3
0
144
3
38
4
0
0
462
0
0
0
0
3
1
3
429
11
0
487
2
9
410
0
0
1740
3
1
19
9
0
0
0
0
0
0
0
0
0
1
7
0
0
1
0
0
0
6
10
0
0
0
278
0
0
0
175
0
1
0
0
0
9
0
0
0
0
0
7
0
0
0
2
0
0
3
363
2
19
0
0
1021
0
0
3
0
243
2
2
0
0
0
5
461
0
8
0
0
0
6
1068
16
54
3
901
0
0
26
0
0
0
10
7
99
0
22
0
2
0
3
0
15
4
305
2
0
45
0
0
0
0
0
805
28
1969
0
4
0
0
143
99
0
0
67
1048
0
0
0
8
0
0
3
0
0
7
37
0
1456
3
16
3
8438
0
14
22
0
0
0
0
0
0
0
0
58
0
74
0
144
0
61
172
0
5
0
86
2
0
0
112
5
0
104
24
1
327
1
0
0
6
0
0
1
0
139
488
2
0
0
0
21
0
0
0
0
5
20
0
9
0
24
0
0
0
0
0
1
22
0
0
0
0
0
36
426
0
0
0
9
0
0
0
0
0
0
16
0
2
0
1
65
0
4
0
1
0
32
5
0
0
0
0
0
0
0
0
0
0
0
0
0
0
0
23
12
0
0
0
0
1
0
2
0
0
0
4
0
1
1
13
0
0
0
0
94
1766
0
0
0
15
0
0
0
1
1
0
0
0
0
0
0
1
0
0
0
148
0
508
0
310
0
0
145
0
1
82
0
0
0
0
0
0
1194
0
29
0
0
0
6
0
0
2
0
474
0
116
0
0
0
0
0
0
2
525
2
0
0
0
0
2
0
0
1
0
7
0
0
1
0
0
0
15
0
0
0
0
0
0
0
0
0
214
0
0
1
0
0
2
16
0
0
3
0
0
305
0
1884
0
0
0
0
0
2
1
0
0
0
0
59
0
0
1
0
259
0
564
0
0
0
2
0
0
558
2
0
96
2
0
3
8935
0
5
0
0
1
0
220
37
14
106
0
0
21
0
8
207
165
2
0
0
115
3
0
1
0
5
404
0
0
2
4
1
0
358
1
28
0
0
0
713
3
0
19
0
274
0
2255
0
20
0
198
13
1
3
0
1
0
0
0
0
0
0
0
0
0
0
0
1
0
0
3
0
0
2
0
0
709
0
303
0
0
3
6
0
0
0
0
0
159
0
0
0
0
0
0
0
1
2
0
13
0
2
0
0
0
0
0
0
0
2
3
71
0
1
0
0
0
0
423
2
0
0
0
0
0
0
6
0
0
1
0
3
0
0
0
4
7
0
0
3
2
0
0
0
0
0
0
0
0
0
0
0
0
0
4
0
0
0
0
2
0
0
0
0
0
0
2
2
0
0
0
0
0
0
0
0
0
0
0
0
23
0
0
54
0
0
1
8
0
0
0
1
241
673
0
31
1
1
0
78
0
0
246
4
6
0
0
0
0
0
0
0
0
0
0
0
0
432
0
0
0
0
0
0
2
0
304
0
0
28
56
2
0
0
0
0
0
12
0
0
0
2
0
51
0
0
0
0
0
0
698
0
0
0
2
0
11
25
0
15
0
0
0
7
0
0
0
0
0
2
0
295
17
43
0
4
0
1
0
309
0
0
0
0
1
0
0
499
0
0
0
0
0
1030
0
13
342
106
0
3
0
4
0
0
10
3
1
0
0
0
0
0
0
5
572
0
0
0
0
0
0
285
0
0
0
0
0
0
6
0
0
31
0
371
0
1
3
365
0
1
0
0
0
0
57
330
0
0
7
0
0
0
0
0
24
0
0
0
0
2
24
0
0
0
0
0
3
0
0
0
0
0
0
0
2968
65
111
0
54
2
0
73
17
0
22
12
27
969
13
0
0
1
0
0
8
0
1
0
0
0
0
23
260
11
0
248
3
875
105
203
2
0
0
3
0
21
0
0
484
14
0
159
4
114
0
0
330
138
101
919
0
0
0
185
5
0
20
6
0
7
16
0
71
139
0
198
0
2
0
78
3
5
0
0
172
0
0
0
802
0
49
0
0
19
6
0
149
0
198
56
358
0
31
0
0
0
0
6
248
33
116
28
48
0
26
0
27
0
8
355
22
0
0
122
0
129
1
1259
139
0
0
0
129
4
5
2
0
2
2
0
0
223
0
323
0
903
0
0
0
0
0
35
57
0
0
0
1
0
2
0
2
175
183
39
0
0
608
0
0
5
0
0
41
0
0
627
0
28
0
0
0
2
20
166
0
0
321
0
61
0
76
0
8
0
134
0
0
24
0
0
704
162
3
1
0
14
0
5
50
0
0
6
0
8
915
0
0
0
6
0
11
4
1
7
0
0
402
697
8
5
308
0
343
0
101
6
82
0
68
0
0
11
400
9
130
0
4
7
445
0
0
0
21
0
54
0
8
0
1
0
1
0
0
470
0
0
0
0
0
2
0
0
0
161
0
0
0
0
1
1
2
0
2973
38
524
5
3
0
0
71
61
0
318
6
0
0
14
0
0
75
0
3992
42
814
0
0
178
79
131
10
7
0
2013
0
273
367
326
2
173
0
60
1181
541
0
0
0
0
1366
0
1652
0
0
0
0
7
120
20
0
0
0
0
233
5
20
28
27
161
345
0
809
3
5
0
299
73
10
0
231
99
1
579
0
38
46
0
3
0
136
1
1
0
0
0
485
0
4
8
1617
7
0
5
91
0
102
174
23
4
1
111
132
0
0
6
3
5
0
0
6
0
6
14
0
62
0
0
0
822
37
58
0
75
0
0
0
962
0
1
153
0
20
0
0
260
120
12
83
0
2
2
0
369
6
51
1
3
0
0
0
0
0
32
0
227
147
23
0
8
321
273
3
0
164
10
115
0
4
0
266
20
0
43
0
0
1
32
783
0
64
0
23
1350
77
35
20
48
0
4030
29
0
19
4
9
737
0
0
123
98
418
0
94
581
0
1
21
39
83
3
403
2
0
0
0
0
0
2
149
0
0
229
3
66
10
0
75
0
0
0
0
0
109
0
65
157
0
2
0
0
0
0
0
792
8
758
930
410
12
0
19
25
0
35
0
0
0
1328
1029
0
380
0
2
0
1224
0
0
142
0
0
0
38
0
9
2
16
4
303
0
61
0
22
1
0
138
0
0
133
0
166
662
46
0
0
44
409
348
10
0
0
0
0
0
558
42
1
1115
0
0
0
59
1
502
7
0
5
0
125
47
138
514
6
2
0
0
0
102
0
0
3
0
0
0
28
0
951
0
83
204
0
0
0
0
73
342
0
2
0
0
30
0
5
383
0
0
0
0
37
0
40
0
44
0
0
0
95
24
0
2
0
0
1221
0
0
166
0
0
0
0
44
0
98
53
0
0
0
0
6
196
0
0
4
0
340
17
0
42
0
19
1
42
86
0
124
6
0
0
0
100
0
14
423
0
6
16
0
0
0
125
0
161
29
1
0
0
236
13
0
1
0
528
233
8
0
0
0
0
0
281
16
0
1
6
1
0
0
0
0
0
180
0
5
2
0
0
0
0
1468
0
60
0
0
0
20
0
0
0
0
1457
0
0
0
77
2
138
0
2
0
0
238
4
0
1
0
0
0
2
0
164
2
1
0
600
0
1
13
0
174
0
1418
1
0
0
0
1909
150
0
166
57
1
0
3
27
256
0
67
8
4
0
0
0
0
9
21
31
1257
167
118
0
3
23
0
6
0
0
274
932
0
74
0
0
0
11
0
9
260
0
4
105
5
329
74
48
0
0
256
322
11
70
0
640
0
32
0
2
2
0
0
8
332
683
97
24
3
0
0
3
0
239
68
0
0
3
606
0
0
33
0
0
178
45
0
325
2
0
672
7
0
50
0
0
0
0
0
1437
1
1
3
7
1
0
0
79
0
0
448
0
0
0
0
1
0
49
0
134
37
12
4
0
2
0
0
1
656
185
2
27
32
258
0
37
14
0
0
0
0
0
0
4
3
0
3
0
0
23
0
0
199
30
14
0
0
22
0
6
0
0
0
14
0
0
0
33
0
5
46
3
0
0
0
0
0
0
0
152
3
0
0
4
0
0
0
2
0
16
171
2
0
14
3
815
0
5
45
146
7
52
0
0
1
0
0
0
0
0
2
21
0
17
25
0
0
0
30
0
215
0
0
0
477
50
0
0
0
56
24
0
0
34
959
0
70
3
72
32
1903
149
730
1
6
466
26
0
822
0
2
20
48
0
6
43
0
0
123
0
8
0
23
0
0
43
2
2
0
0
12
0
0
0
0
0
67
192
81
7
0
0
18
156
0
108
257
1
0
0
0
17
0
0
125
0
65
0
0
45
68
383
6
0
8
0
0
0
34
47
2640
1
17
18
8
0
0
0
0
2
52
682
0
0
0
0
0
0
76
167
3
71
0
637
205
0
0
3
342
3429
0
332
0
0
25
279
55
0
11
35
0
3
13
33
0
0
18
0
5
11
0
9
245
227
437
1
0
212
2
2
0
27
0
0
101
0
0
0
6
74
27
0
19
0
0
20
535
0
0
0
5
5
2
519
4
0
262
696
1412
804
0
0
174
1
49
0
18
0
197
5
0
2
0
0
10
0
9
0
0
0
61
14
320
1
16
0
33
10
1
1220
0
1614
0
0
0
91
67
50
0
1022
0
0
48
81
458
66
10
816
55
34
0
70
5
677
26
0
0
0
0
22
936
0
107
0
72
34
1
0
38
243
0
145
11
753
374
26
1
1
49
0
0
31
0
541
468
298
19
87
0
200
0
92
0
0
211
93
0
0
1
277
0
0
0
35
2
102
0
1035
2
0
6
2
10
98
0
278
60
25
11
519
190
115
21
4
0
264
1
0
0
324
0
0
92
0
0
0
180
0
0
4
0
0
0
37
1234
36
0
658
314
0
796
0
0
0
11
0
478
116
0
179
19
0
0
0
0
0
73
16
46
0
101
0
0
1
1
12
0
470
0
0
1032
0
0
0
25
0
0
0
30
40
0
0
1
0
154
1
0
469
0
1
0
2
0
0
70
0
113
0
7
163
0
18
0
24
0
673
72
311
0
0
828
131
1
107
24
0
0
0
0
63
31
6
4
0
0
0
36
0
171
0
150
5
20
35
24
0
54
4
0
1
0
19
64
21
107
1250
661
47
131
0
1
0
45
0
243
0
0
4
0
1119
15
11
402
78
670
353
0
0
1
0
176
0
21
0
0
463
51
9
0
186
26
0
3
0
133
96
199
6
0
0
0
78
0
0
0
385
48
0
15
79
0
171
3
37
12
0
0
39
0
0
214
322
0
20
0
98
1
0
0
2
0
322
0
0
3
0
0
0
0
0
0
3
0
0
0
22
680
282
276
1
0
0
2
82
54
0
0
0
0
0
106
84
2
0
3
41
0
0
0
0
11
7
0
4
0
4
7
0
0
26
3
4
36
31
27
3
0
0
18
74
11
0
39
0
280
0
0
0
0
0
192
0
195
0
188
0
195
40
3
717
421
378
0
0
29
0
0
0
47
0
10
16
2
9
25
40
5
0
22
285
0
59
0
36
1124
0
0
3
48
9
40
57
25
86
42
27
22
0
4
25
0
462
3
0
0
22
2
0
6
0
0
100
34
142
2
8
0
0
0
35
39
27
204
0
0
633
0
627
0
0
8
908
0
0
37
0
0
0
71
0
0
280
1
0
0
0
0
38
0
0
1
0
0
3084
0
69
2
0
0
6
210
34
160
187
202
1353
179
0
56
0
425
59
0
430
0
162
0
49
5
218
0
110
0
0
0
0
0
19
0
1
4
124
3
0
0
0
282
33
31
394
0
0
0
282
0
0
0
0
24
0
144
1842
0
345
0
0
39
124
23
0
0
33
4
0
0
0
283
0
0
0
112
0
8
0
0
0
1
4
135
107
91
1
10
651
2
1
4
10
0
864
0
5
4
193
0
347
136
11
0
18
0
0
0
0
0
0
388
81
643
0
169
0
0
10
1169
0
38
0
3
8
0
21
0
0
0
0
399
0
5
62
3
0
0
0
0
18
7
2
144
0
0
36
0
962
0
0
0
0
376
0
158
53
0
1
1
1
0
0
629
0
0
0
2
0
0
0
0
0
72
0
0
0
2
0
180
17
0
111
0
24
34
0
70
0
0
0
1
0
68
0
0
0
0
0
0
0
3
24
2
355
0
3
906
0
0
0
64
0
0
0
620
10
192
0
3
103
0
0
0
0
5
3
14
68
3
7
0
0
0
0
0
0
0
7
0
1360
0
41
321
0
2
0
5
10
0
0
413
0
0
869
0
0
0
0
182
7
0
0
0
0
1
28
20
0
1
2
4
0
0
605
0
114
0
6
69
0
0
0
62
5
8
20
68
300
0
11
0
163
22
0
14
0
0
0
0
0
0
0
0
602
9
0
0
0
1
98
0
3
0
344
0
0
7
0
315
2
0
0
0
263
563
0
12
0
0
57
160
99
414
0
0
0
1
23
0
2
642
10
160
33
0
294
419
0
0
2
6
9
4
0
46
312
0
0
0
0
0
0
145
3
3
0
0
0
669
33
0
256
558
102
89
0
16
9
6
22
26
0
117
195
0
67
96
171
600
0
0
255
0
3
0
2
0
0
574
0
753
0
141
752
16
54
0
0
1
3
17
1
42
0
0
1
54
4218
0
620
261
5
0
30
0
87
0
0
0
0
1
0
560
3
0
0
0
0
0
51
0
19
47
0
1361
0
4
0
0
140
86
0
106
0
0
0
0
0
0
0
0
3
0
191
0
144
0
18
19
277
128
0
160
0
0
0
0
6
0
106
7
3
26
82
0
0
184
0
0
0
0
24
7
3
202
126
0
31
156
0
0
128
869
0
0
0
11
3
0
23
847
126
15
0
1
1
6
0
26
147
827
0
391
31
620
13
3
0
0
2
0
0
244
1346
1
0
0
0
0
252
516
64
7
0
0
2
4
334
0
8376
2
6
752
462
0
0
0
0
1
0
22
36
3
0
18
1
0
213
0
0
110
67
0
479
0
323
1
121
0
0
0
0
0
0
298
2630
0
572
0
211
29
212
725
0
0
0
0
90
266
2
51
296
6
2
1
7
346
261
0
2
0
45
0
0
0
7
0
1
0
47
0
0
18
0
6
2
0
0
1317
0
0
0
472
3
20
0
162
0
0
28
1543
0
0
2
382
234
0
0
1
9
0
41
295
1300
0
0
96
0
411
3
6997
0
7
449
5
0
0
0
0
0
0
9
0
230
0
529
426
1
47
8
45
0
147
0
116
909
3522
0
243
326
0
1
0
42
0
112
0
0
0
0
0
0
368
0
14
0
0
5
36
0
0
104
29
22
16
15
78
135
4
4
0
0
4
561
1
499
24
10
0
0
2
718
0
1
260
0
0
0
0
1668
0
99
0
0
136
0
3
0
0
99
0
26
0
377
0
0
18
0
25
0
0
27
170
1
1
258
301
0
4
4
36
125
5
0
2
0
95
0
58
0
0
0
26
0
0
472
114
0
27
767
19
145
467
294
0
0
3
0
0
9
0
483
232
0
0
0
0
18
323
4
0
18
6
1371
7
0
0
3
303
129
102
0
743
26
0
0
206
8
0
0
1
0
5
272
120
52
12
399
0
0
0
0
0
0
713
0
7
239
334
14
2
108
0
0
0
350
129
213
0
3
0
6
163
0
1
654
0
0
0
470
0
0
0
0
0
1028
947
0
6
13
293
0
0
0
0
0
15
713
751
0
411
0
50
0
1
75
0
4
0
2
5
27
1
0
0
0
0
5
192
5
0
0
0
90
0
0
0
2
0
9
1648
120
0
0
278
0
291
156
10
0
72
37
0
0
2
1
211
26
6
4
223
675
2
0
0
0
0
0
0
0
1
0
4
0
55
0
1626
0
0
0
525
3
0
124
0
31
0
0
0
0
0
292
291
8
720
0
0
67
0
5
0
0
0
0
39
0
0
1
0
0
0
1222
51
3
122
0
0
0
13
0
120
46
0
12
552
0
0
0
219
0
0
5
14
2
1089
6
0
341
13
0
0
5
0
2
0
0
0
33
2
0
0
0
0
0
0
0
0
0
0
6
350
0
0
14
0
0
16
0
0
0
80
24
11
0
700
0
8
1119
0
55
2
4
56
0
0
0
40
19
4
21
1061
0
111
0
0
91
0
0
214
0
453
0
0
1
16
600
0
0
1
0
0
56
213
21
0
0
0
66
338
562
2
27
17
4
28
7
8
0
20
39
0
0
32
9
0
0
0
153
0
0
0
9
40
0
245
0
0
24
42
1416
45
20
122
0
0
163
1318
0
7
990
0
0
0
35
65
0
0
75
0
0
7
13
0
48
0
32
0
0
0
24
1
0
0
0
684
0
2
0
15
0
0
48
13
0
1
1
0
52
0
13
0
0
92
15
4
0
0
570
0
138
55
3
0
60
0
0
0
45
97
0
0
0
15
0
489
0
0
3
232
1178
0
0
86
0
115
0
0
0
0
618
0
0
0
1
70
24
3
77
25
0
533
0
0
0
288
168
54
5
30
31
2
18
0
0
101
0
4
0
40
367
0
2
0
59
0
855
0
0
351
0
1
0
0
9
4
0
14
5
16
619
0
48
5
0
667
7
0
1
95
0
0
0
0
486
0
603
870
173
158
0
0
60
2130
2
0
6
55
0
0
4
0
161
4
189
22
0
141
730
4
2
0
2
9
0
259
3
0
129
0
1
672
0
13
0
49
590
2
0
0
87
2
0
71
267
3
0
0
2
284
343
27
15
0
2
0
8
0
9
6
0
56
0
0
7
8
20
842
241
0
1
99
0
0
0
0
0
0
0
0
0
1468
0
176
0
2907
0
1032
1
0
0
238
0
8
0
0
16
79
47
119
48
19
64
0
113
0
82
0
0
0
0
0
101
4
0
372
2
199
0
1
0
0
17
55
309
0
0
0
0
0
2804
3
144
94
81
65
127
17
4
0
168
20
0
232
8
0
0
0
75
0
0
1
6
64
0
0
0
31
4
0
5
0
420
0
0
0
11
0
0
1
0
633
0
0
0
60
2
20
41
0
9
0
140
0
0
1
300
0
0
3
464
31
53
42
0
8
426
0
0
440
0
0
0
243
0
2
0
83
0
0
0
0
0
184
12
577
58
0
15
3
0
298
0
26
0
325
164
0
399
2
281
103
51
14
125
0
0
55
359
0
732
0
16
0
99
0
3
0
1
638
0
0
0
56
0
1348
0
9
0
1
0
44
2
1
3
146
0
0
107
2
0
0
0
196
0
22
502
3
0
0
298
83
138
39
0
2
1
37
87
131
0
0
50
0
7
0
1
0
0
361
0
3
28
22
56
0
0
0
0
196
1
26
0
14
109
6
0
0
0
3
0
99
0
71
0
5
0
0
145
0
53
257
0
331
144
1
66
0
57
65
0
39
0
18
2
128
56
58
1
3
348
27
51
0
6
0
92
575
1045
62
2
0
0
3
0
183
316
0
35
8
195
0
36
0
0
0
1
82
1
134
0
29
33
101
15
0
8
67
159
0
149
0
0
0
28
9
0
0
0
8
0
217
92
0
118
51
1657
15
254
0
29
25
0
3
2
2
16
3
0
3
0
0
4
88
22
4
0
22
7
122
0
119
24
510
40
0
1220
41
140
0
0
0
0
3
0
510
0
96
45
4
0
12
8
0
0
13
0
31
0
0
0
133
113
969
22
19
22
0
13
40
7
0
0
177
0
0
77
281
0
0
0
687
0
661
2
0
0
45
182
10
0
142
70
0
5
0
0
2
629
7
41
790
493
0
119
2
0
145
77
740
244
0
0
3
35
0
143
132
99
19
0
0
11
0
130
947
0
2
30
11
0
0
0
0
140
0
866
711
389
0
0
512
0
663
0
0
6761
1
0
0
0
33
16
15
0
0
48
0
199
93
0
489
57
148
3
0
368
0
4
216
426
5
1
0
137
14
293
0
2
0
2
7
0
0
0
9
0
39
0
0
0
52
0
275
0
0
227
0
523
74
0
36
0
11
175
0
0
83
33
2284
0
0
0
563
389
17
0
55
9
0
913
70
186
2
0
0
0
2
119
20
4
20
0
6
0
19
0
2832
7
0
0
0
108
9
0
0
0
0
0
12
0
4
207
0
3
56
3
2
0
772
0
110
172
0
0
0
0
0
313
1
0
24
0
59
0
470
0
0
0
2930
45
81
0
1
0
53
64
48
0
11
0
11
0
6
538
39
887
0
0
0
396
26
6
234
240
0
209
0
0
0
0
0
34
92
33
3911
323
0
4
0
0
364
0
0
0
305
5
3
1279
31
0
7330
83
373
61
4
1
0
1
0
99
31
45
0
0
107
127
24
12
0
383
0
12
46
13
0
2
2
0
0
49
0
0
0
0
0
737
0
11
0
0
0
0
24
0
3
0
148
0
963
0
4
0
0
1220
0
3
0
28
0
41
2
216
299
0
0
0
2
0
0
0
0
0
0
0
0
0
0
0
0
0
0
12
0
0
0
0
477
4
2
0
0
4
51
5
2
1
0
144
34
2
621
0
0
0
0
0
0
0
1
0
0
217
0
2
0
0
6
0
63
149
0
0
0
0
0
34
0
1
0
34
181
33
0
2
3
542
1
0
23
143
0
0
21
42
0
0
131
27
12
2
1
0
981
129
2
4
194
2
64
0
161
54
0
0
155
37
1018
120
3
68
0
0
0
1
0
419
0
0
0
0
0
0
0
2
0
227
27
182
0
0
0
0
0
0
20
431
0
16
66
507
0
0
161
2
6
0
361
8
0
2
128
3
0
0
0
0
322
0
0
3
0
612
0
0
0
9
0
7
3
0
0
0
4
8
0
0
0
81
2
1075
2
1
503
34
1
95
0
171
222
18
86
0
0
35
0
1113
0
0
0
1
97
10
3
17
0
0
0
38
0
0
0
0
333
398
158
0
46
0
72
0
0
0
3
2
0
0
2071
1
8
21
0
0
0
0
0
0
60
0
0
313
14
374
118
4
49
7
0
0
41
0
752
0
1
266
0
0
0
3
0
0
0
0
363
0
0
1
0
0
1100
7
2
0
1
682
0
0
0
29
0
0
41
0
5
0
123
85
4
0
18
368
0
0
5
0
348
49
242
0
39
6
5869
0
0
175
0
0
0
0
0
1
0
0
135
25
0
5
7
0
359
0
0
24
1327
0
161
61
95
0
0
176
11
0
11
0
264
374
0
96
0
0
0
3
0
0
1
0
285
0
0
0
7
0
0
0
181
22
267
0
0
0
16
13
868
0
35
0
0
0
0
1
0
2
3
0
785
204
0
0
0
0
2
0
59
236
0
358
0
1
0
38
0
7
6
0
0
0
0
165
0
81
54
0
121
45
0
743
0
0
44
0
134
0
286
0
65
33
0
0
0
9
0
0
0
0
8
0
0
0
0
51
0
76
879
0
367
0
579
0
518
0
0
5
6
32
475
2
241
58
14
0
8
83
0
5
0
0
50
66
81
8
7
2
2
0
2
0
12
0
0
72
0
0
562
0
1
0
0
0
0
0
0
1
37
3
32
4881
165
0
42
0
1
0
89
0
0
0
0
0
0
10
0
0
0
0
4
58
345
3
16
0
16
0
308
0
7
0
0
0
0
0
2
0
0
15
99
425
0
1142
1
35
142
1057
299
14
0
1
0
5
221
220
0
0
0
0
0
96
0
0
0
0
0
66
108
60
4069
0
0
23
141
520
0
0
7
8
143
0
109
2
900
0
0
45
0
2
2
22
0
381
2
427
17
278
0
304
2914
228
0
28
4
16
0
2
12
0
42
0
0
0
100
0
91
0
2
0
792
369
95
0
0
1
0
0
8
116
0
42
123
3
3
1
879
13
26
1
4
0
0
0
1239
0
56
0
17
598
0
0
3315
4
193
6
411
0
0
9
0
0
2494
0
1522
0
1
0
801
3
8
0
210
0
117
1208
4
10
5
7
1519
0
0
0
109
0
0
1
0
0
0
134
0
0
30
53
45
4
1
0
120
260
9
0
5
1
2
5
0
236
4
3584
0
0
17
9
0
0
0
33
2
0
0
1346
0
1007
0
0
473
1
0
0
1
59
124
0
0
18
0
320
0
3
0
69
4
152
0
351
5
2
0
0
0
1
0
40
0
0
166
0
25
0
1187
0
0
0
108
8
3
143
0
0
20
0
96
27
0
4
0
0
0
289
42
20
0
0
0
0
0
0
0
0
158
196
0
124
339
29
0
134
0
207
0
37
0
27
1
0
1
0
43
0
0
7
47
1
36
443
0
0
0
52
168
8
33
0
738
1
49
0
0
0
0
0
16
19
552
0
0
0
0
95
4
0
7
0
29
14
0
0
0
26
9
0
1477
52
0
94
165
3
0
62
75
0
2895
1151
55
112
56
642
109
0
0
58
0
30
444
0
65
0
0
3
20
0
0
0
0
0
1
64
14
0
0
6
4
0
0
0
0
8
0
211
0
25
4
54
0
0
0
0
0
3
0
0
0
293
0
2122
21
4
4
0
378
0
0
0
4
0
0
0
19
1
0
325
0
3
5
0
0
156
0
798
105
0
0
93
0
0
2
28
0
0
2
4
0
0
145
6
0
0
0
6
30
58
0
2
0
42
3
0
103
15
0
0
38
19
0
0
2
0
43
229
0
68
0
0
0
49
0
0
10
0
133
2
5
328
0
0
0
14
0
0
436
0
0
3
2
0
0
0
604
1268
0
40
0
2
54
320
0
0
0
0
59
264
0
266
572
0
0
0
1
0
139
0
0
5
8
0
0
109
2
25
0
649
0
0
0
0
304
0
0
2
0
0
0
0
397
29
0
0
81
1
93
0
0
530
4
0
130
5
182
180
5
0
110
0
0
6
120
24
2
9
0
21
30
165
1
0
0
0
1
1
0
0
0
158
0
0
12
105
0
0
80
0
297
106
52
0
0
0
1
2
0
597
2
154
0
16
0
1
163
0
0
0
3
537
2
33
9
134
5
1619
0
0
111
137
262
165
105
0
0
167
0
931
0
69
7
84
0
0
61
176
0
0
323
0
236
4
0
0
0
0
0
16
2
197
0
10
2
27
0
19
0
0
392
0
0
86
5
459
60
0
753
1630
1
0
0
0
0
1005
177
0
0
0
2
0
0
4
0
455
53
0
0
1
0
816
0
81
3
0
16
22
0
0
0
154
3
105
112
2
0
7
276
0
419
0
84
1974
2667
12
125
0
0
7
68
17
0
376
49
73
4
0
27
118
16
0
348
2
0
98
0
0
5
0
14
0
14
10
1
0
0
27
0
9
0
21
0
24
0
100
0
211
0
10
258
0
7
240
1
0
2
13
134
5
0
0
0
0
127
0
0
10
0
0
0
0
0
22
45
314
23
5
0
0
0
0
0
0
1505
0
1
12
0
636
0
2
3
13
0
0
5
0
220
2
20
0
0
0
5
17
5
0
0
726
75
0
2
0
0
0
0
17
110
68
0
1154
0
69
189
0
0
66
0
29
49
2
0
0
0
0
2
0
25
0
42
69
1
0
39
106
0
8
0
0
0
5
93
0
0
5
0
100
0
3
25
187
1
243
0
8
54
2
438
0
0
1
287
27
16
0
0
0
0
21
1
309
0
733
98
0
53
61
42
341
0
21
78
18
0
8
468
32
0
249
4
0
288
0
3
0
2136
0
1
0
15
0
0
3
0
325
38
0
0
243
0
0
0
68
658
0
0
0
0
254
0
0
39
0
0
0
0
0
0
145
0
6
251
0
0
866
0
2
263
0
1049
0
179
32
0
0
9
18
209
391
0
92
103
0
2
391
75
16
2
2
0
0
0
438
84
0
0
0
56
532
72
3
1592
3
0
0
6
7
1387
4
117
179
3
25
259
10
755
72
4
0
142
279
0
2
0
0
0
0
0
82
646
145
1408
5
1396
339
358
3
133
0
2
0
0
0
317
0
3
0
365
20
3
0
0
54
45
0
0
12
143
1838
248
39
0
0
2
60
1
0
1
0
0
0
15
0
425
133
0
3
0
27
53
3
14
0
0
2
0
1
275
0
20
47
25
0
52
0
6
351
4
1429
3
4
69
32
1335
0
2
42
0
5
6
0
0
0
0
0
0
46
679
0
43
0
3
3
8
0
0
38
176
17
0
0
5
0
4
0
104
48
36
42
83
269
11
1
0
0
0
0
247
75
147
0
0
100
0
115
0
228
1
845
37
0
0
0
14
35
33
45
0
3065
20
0
0
6
6
0
25
593
7
0
0
0
17
281
0
0
66
1
662
0
863
870
17
79
360
40
5
64
20
96
0
497
993
126
4
480
0
0
0
325
3
1
0
1
378
308
1270
3196
0
162
1
715
0
0
3
0
0
0
0
32
0
0
0
3087
425
127
0
428
239
2
10
72
0
1323
0
0
2
0
0
19
44
16
0
0
479
6
98
4
33
0
0
443
1112
0
44
15
0
664
0
483
0
0
226
61
6
58
1
0
0
3
0
0
0
45
156
39
0
0
4
366
1331
0
5
5
63
9
125
1
840
0
0
197
2
0
0
0
1
0
449
0
3
0
5
143
0
0
0
675
0
160
185
245
114
0
0
172
0
0
8
37
0
44
0
12
0
1071
2794
15
358
3
16
1
325
81
139
0
242
0
0
1
0
73
0
0
0
0
0
3
0
71
21
127
35
81
143
33
10468
446
54
4
84
1
0
0
0
0
0
52
2
0
0
0
82
109
27
0
8
7
15
1
124
42
393
0
11
6
31
0
29
4
6
0
0
2
144
0
33
1
6
565
3
0
0
36
0
600
948
0
0
0
286
0
63
331
81
507
251
0
117
0
176
5
0
0
3
89
0
122
0
0
345
0
0
0
0
2
2
0
17
677
10
46
297
0
3
12
0
410
0
0
3
0
31
0
0
55
3
0
0
158
99
237
0
0
611
0
0
373
0
1
0
0
0
0
0
2
60
0
1
5
8
0
148
0
0
0
0
0
0
0
0
0
207
0
0
3
0
2
4
50
0
0
0
0
0
6
2
468
2
0
200
0
1
31
0
0
3
417
0
0
271
0
0
0
4
0
1
317
8
42
0
390
98
6
0
42
5
0
0
0
3
0
35
0
0
0
43
0
0
103
80
56
0
4
380
806
0
0
14
0
586
2
3
0
36
114
1421
0
4
70
0
0
9
10
7
19
2
0
0
0
0
211
2
0
643
0
228
0
483
0
16
84
13
32
723
0
854
17
5
0
0
325
0
0
179
0
20
0
0
6
0
1003
3
0
5
0
2
0
2
63
0
0
523
1
0
0
0
0
4
4
115
67
36
0
0
25
2757
705
0
45
0
0
0
6
0
0
0
22
50
20
45
84
2487
0
0
0
782
0
11
0
0
0
0
427
258
6
12
0
186
0
5
16
175
0
0
0
0
3
138
0
0
4
0
0
24
0
6
0
0
802
17
59
0
0
0
2
11
0
0
0
6
0
0
0
0
44
9
0
218
0
0
1
0
0
0
0
0
1
0
0
0
2342
0
0
0
94
0
97
96
61
0
2
15402
0
0
0
141
15
0
0
0
0
4
1
0
0
1
195
0
0
0
23
0
2
0
0
0
1
0
0
0
0
78
0
0
0
21
3
2372
24
34
0
5
0
0
0
0
0
2778
683
374
99
19
0
0
116
0
176
16
319
447
30
535
410
317
0
202
49
2
11
0
4
0
0
3
347
0
0
0
0
18
29
460
2
418
7
166
4
0
0
0
47
89
1
0
0
0
52
16
84
16
83
1
7
69
30
0
0
0
0
0
0
6
0
0
0
0
0
0
0
134
43
0
0
0
1415
0
3
8
2759
274
0
348
0
0
0
0
14
338
0
0
1031
8
0
525
0
0
74
26
0
1
0
1
0
341
0
3
2
5
0
0
441
163
0
0
2
0
2
7
1
0
0
55
2
0
1
82
0
0
0
1
414
0
0
405
3
0
0
220
0
0
144
0
0
65
0
0
0
0
145
0
0
0
60
3
0
3
13
0
0
26
12
0
0
0
3
50
2
41
0
0
0
0
751
0
1158
0
0
6
2
0
0
0
0
191
446
0
1
0
35
0
196
0
0
0
36
109
5
3
0
338
0
0
295
37
0
0
0
0
0
1719
0
0
0
1019
0
0
5
35
0
79
1238
0
0
0
2
5
0
0
0
0
3
0
122
86
0
0
4
5
0
0
0
1
0
0
580
1
85
3
25
1
0
0
0
0
0
4
0
0
0
0
0
3
2
0
0
3
0
6
315
0
86
0
0
0
123
0
1
1
1096
0
2128
0
776
0
1
0
3
2
17
0
10
0
0
0
0
0
0
29
0
0
0
0
945
24
0
0
229
0
0
0
0
0
0
0
14
0
0
77
0
308
61
0
0
5
13
0
59
0
0
2
98
3
0
0
0
3
0
0
0
0
0
0
0
0
5
0
28
0
38
277
34
0
0
0
0
12
0
2
0
873
0
0
0
23
27
0
5
2
0
0
0
0
78
2
0
0
1
2
944
211
5
230
1
0
0
0
0
0
5
0
43
571
10
85
0
0
0
752
818
0
12
288
0
2
0
0
0
3
1200
0
10
0
2
4
1122
0
440
22
0
16
0
648
1
0
0
0
0
407
0
0
0
0
0
0
27
1
0
0
466
160
3
0
0
1611
4
11
272
0
1337
1
0
0
0
2
1
0
30
0
0
0
0
4
0
0
0
0
98
0
108
0
29
648
3
916
1
18
0
0
0
42
0
0
8034
0
0
0
0
0
0
0
0
0
70
0
0
6
0
0
594
1
526
0
0
16
0
438
165
0
534
4
2
746
0
12
0
0
0
0
1330
0
0
0
0
0
0
1866
33
0
19
11
0
0
0
0
0
112
1
40
0
9
11
0
388
12
4
202
0
0
0
2
2
0
0
1
32
331
5
0
0
0
1
1
0
0
0
23
199
0
0
0
0
379
0
1
0
2
0
282
0
0
0
0
3
0
0
3
0
0
1
7
2
3
545
3719
182
0
0
0
0
314
0
3
3
0
2
0
0
0
0
107
0
240
51
0
0
95
0
0
0
0
1506
1
0
272
0
0
10
132
0
0
74
0
5
0
12
699
377
35
4
0
31
3
53
0
23
2
12
0
207
0
760
0
7
417
2
366
269
27
0
7
0
289
5
2
231
43
0
327
3
0
0
86
0
511
0
0
0
0
0
1231
1737
687
0
0
0
0
0
0
865
241
200
0
304
6
0
1
8
124
0
0
67
0
7
31
42
0
6
91
15
3
1
0
155
19
111
883
70
112
169
0
2
8
260
0
171
3
0
36
0
32
0
0
120
3
0
16
3
1
51
0
51
1998
0
0
2275
2
0
123
2928
0
15
75
2
0
1
11
11
0
0
0
0
1
4
1
55
22
13155
316
0
702
3
165
974
28
0
85
0
0
0
0
0
82
19
116
17
0
0
80
255
495
0
3
767
5
29
0
99
0
112
166
125
15
0
118
0
221
0
0
0
0
115
0
17
44
443
34
4
9
388
26
188
384
101
0
0
108
1008
5135
0
0
56923
96
541
0
2
0
0
296
319
0
92
29
460
0
0
0
609
0
226
0
7
2318
12
177
2170
0
0
17
1164
0
21
94
208
107
294
728
0
4
298
106
34
0
285
27
1
145
952
0
2
3
270
0
0
0
1
0
0
19
0
0
7
507
47
655
130
369
921
2
16
164
0
52
5
819
1
230
6
257
3
9
0
135
0
1591
752
3928
0
2
137
169
0
172
173
0
6
0
35
2
1347
7
142
0
128
574
29
0
0
16
169
0
0
13
196
1
142
0
6
17
0
31
36
0
380
0
667
20
0
150
34
0
1052
0
874
0
179
0
0
0
9
334
215
19
0
2
955
0
735
0
0
305
395
24
0
5
170
121
2
273
0
8
0
202
121
0
0
3942
0
0
500
15
121
76
394
0
9
39
19
15
264
0
55
57
1
133
1121
220
82
0
646
80
2
701
8
0
130
0
4
31
31
5
0
134
103
932
59
1
0
0
0
583
211
390
180
751
3
45
0
0
0
96
384
59
0
4
50
32
0
15
39
294
921
0
6
295
0
172
30
66
18
0
3
27
25
404
0
0
158
3
1
250
24
1
80
0
227
38
40
0
0
31
29
462
0
0
0
0
14
9
11
397
15
0
0
20
5
0
0
221
2543
11
0
0
0
68
919
50
211
2011
477
22
5
0
58
29
2
370
17
135
136
50
32
20
0
11
539
39
0
41
5
2
388
0
10024
1
64
58
0
0
163
6
0
0
47
0
24
149
20
0
322
0
1
24
4
16
429
0
0
54
416
0
0
85
51
0
1
500
694
0
4
27
4
0
0
1143
17
17
5
33
0
0
0
187
39
294
0
87
0
7
13
3701
0
3
5
14
880
19
0
2
0
10
184
0
132
156
0
1
1027
945
5
0
38
19
0
2
38
0
1824
74
621
1074
1
0
0
957
0
0
3
22
11
3
135
0
1
155
0
0
18
268
112
287
370
92
0
0
0
1
93
2
0
411
90
0
269
0
0
0
492
489
833
444
2
263
45
6
963
0
0
0
35
1
243
265
143
47
554
9
0
332
0
5
68
0
1210
0
13
119
336
73
255
30
0
4121
0
0
0
49
0
5
1691
0
173
552
544
0
134
0
134
21
0
74
16
183
7001
2
5
0
1098
1
258
22
241
0
46
108
7
145
0
13
1
0
0
1172
0
110
0
0
0
8
94
203
463
0
0
0
2
8
0
7
0
1
872
667
0
0
14
0
0
148
0
0
5
0
0
0
87
10
713
240
0
25
1
26
195
318
32
1
0
82
0
0
9
6
2770
20
0
0
267
8
3
548
0
108
0
2885
372
0
29
1
0
497
0
0
1
33
56
91
0
0
229
162
66
0
191
163
0
0
0
4370
22
7
106
320
7
100
3
101
0
71
12
0
0
0
119
159
0
516
262
0
6
1
0
3
285
665
0
104
0
0
194
212
57
2
204
5
115
139
144
0
17
23
0
3
13
9
0
0
2916
53
13
2
0
0
0
1324
176
273
125
0
1
53
58
28
155
16
5
9
4
0
0
0
644
0
0
18
25
78
130
882
1
0
405
0
1923
8
291
0
108
0
77
20
227
0
203
34
133
1
0
0
1327
300
46
0
1174
586
3
384
0
21
0
0
0
4
573
77
0
531
0
2
58
1
0
0
830
83
0
9
0
87
492
70
0
0
6
50
0
0
16
211
6
0
0
9
0
94
0
0
0
382
9
0
0
1505
0
52
18
36
0
7
15
527
0
0
496
0
0
0
0
0
43
19
0
4
57
0
0
26
0
0
15
4
0
0
111
29
751
0
1
0
4
27
2
3
0
0
0
3
3
0
28
25
0
0
3
0
0
0
0
23
0
1
33
0
0
100
0
0
12
0
41
0
5
3
4
29
21
6
0
0
0
9
2070
0
0
0
0
32
24
67
9
0
0
129
139
0
1284
299
17
130
13
120
2
274
4
18
131
3374
11
0
0
62
0
0
1045
16
254
0
8
64
0
74
275
5
488
9
174
4
0
106
121
36
0
0
62
1985
18
0
88
27
0
1368
12
694
3445
0
0
202
57
0
14
28
436
28
12
102
888
10
154
42
0
222
368
358
6
0
0
753
4
2
0
0
0
3
0
0
15
0
34
104
10
357
22
66
0
3
100
84
92
10
0
18
659
15
182
0
37
8
0
18
420
0
128
3
0
0
0
1184
4
0
640
0
0
52
0
0
57
14
1698
0
704
2
182
480
74
0
0
0
2
0
1853
0
0
6
3
745
0
0
1283
421
3
0
79
0
28
302
76
4
53
232
0
7
429
19
0
0
3
0
0
48
217
0
140
150
0
0
367
2664
40
2787
0
15
0
749
9
193
1
0
35
25
9
1
0
7
0
18
0
31
24
211
0
579
170
382
1027
299
651
0
0
1688
0
0
0
0
282
433
4
0
0
1
5
0
1
0
0
0
0
0
0
9
36
91
123
126
0
1
0
148
0
0
1
0
8
0
67
0
120
0
9
3
0
0
0
27
298
12
0
0
0
0
1357
231
0
0
0
0
180
0
17
0
582
0
1
92
563
0
1313
35
0
16
0
121
0
31
0
0
0
0
8
76
64
3
0
39
12
0
257
0
87
0
3
0
8
630
6
0
27
0
0
53
0
197
101
664
0
0
0
98
557
0
15
0
0
5
0
130
0
19
297
0
1
2
0
2
225
0
14
224
264
84
0
68
171
218
4
2
9
768
25
257
0
0
0
0
8
136
153
611
0
3
1
0
33
0
0
0
0
4
0
2
0
279
64
0
14
80
299
0
18
15
1
2
6
135
0
215
0
188
104
0
18
16
0
0
0
0
25
0
0
23
87
81
0
8
32
228
8
45
0
67
0
0
0
0
2
0
0
37
0
0
11
0
6
1
46
0
3
10
0
1
87
0
19
0
30
0
216
5
0
528
4
0
63
4
22
1
15
0
8
0
3
1
15
0
10
82
0
0
0
47
213
127
329
0
0
67
0
25
2
2252
0
144
164
1101
0
0
2174
517
0
0
0
497
1
3
12
42
2
0
0
46
0
168
0
21
762
102
638
0
8
4809
166
0
30
0
30
29
3
6
707
0
991
0
0
473
0
30
0
1
457
0
1
132
3
334
3
7
14
135
22
21
0
0
566
232
0
0
228
0
250
2
106
7
350
4
1
0
0
0
1
0
451
0
0
491
430
7
1
943
0
0
0
1
0
0
0
476
3
482
31
288
1151
10
174
0
246
0
27
893
2
0
46
48
7
0
146
0
56
4
1
14
842
0
4902
0
744
63
3
673
0
0
269
0
314
1266
0
11
258
478
124
101
5
1
0
53
268
0
2
0
8
339
9
0
0
0
20
547
0
94
1626
62
543
87
18
1269
37
25
9
159
953
0
0
582
571
110
3
810
425
131
1
0
3
0
1460
1685
499
17
287
2
63
11
0
0
693
23
42
0
271
75
0
37
9
19
614
184
54
152
1
6
171
13
8
0
0
263
0
57
399
26
0
0
1
45
480
0
40
0
11
619
0
670
39
6
0
0
1242
0
249
491
27
0
107
801
215
427
99
4
3
0
926
0
1589
46
0
0
0
0
1420
0
1362
104
2264
102
666
278
170
0
286
0
0
3
0
20
161
215
158
0
18
31
22
603
0
0
549
52
0
0
97
176
121
250
0
0
27
3089
0
2
21
1
28
0
359
339
1
48
146
0
132
11
0
0
6
95
385
0
2
0
0
144
0
3
6
44
0
605
0
19
0
0
1
0
26
0
118
5
6
0
72
1
61
1
5
102
19
9
91
35
884
0
3
0
0
184
150
55
669
19
0
0
242
1
23
0
373
238
0
0
290
109
0
183
96
326
2
225
0
0
1
0
0
17
234
966
40
13
2
237
477
0
85
0
34
31
404
353
719
631
1802
2
404
237
5
0
0
61
61
0
268
0
134
232
145
0
108
0
150
696
1159
540
0
977
1375
0
3
0
0
347
0
2
11
176
14
0
0
4
0
0
5
3
0
73
2822
157
124
14
31
1699
2
2172
0
0
245
3
15
1
1
0
559
20
4
362
2623
0
71
5
0
263
345
3
2
18
0
0
38
0
73
0
109
26
313
20
3
19
790
195
0
0
260
11
0
0
3
0
124
0
3
0
0
0
820
942
38
240
85
0
14
0
0
45
29
591
33
469
297
0
147
69
75
59
0
101
0
0
3
36
0
457
46
13
22
44
28
62
0
0
0
0
0
1
51
110
1078
0
0
1
0
9
0
0
0
76
29
85
0
707
3
212
110
0
26
96
1982
43
84
51
3
0
11
0
68
25
13
0
1579
0
1111
241
9
0
310
61
146
17
3
4
246
40
199
818
0
0
0
946
0
0
0
2
158
1
24
174
0
0
8
0
398
38
0
599
0
4277
0
76
458
35
0
736
1
0
0
206
1
0
0
0
223
0
636
130
0
228
15
7
69
850
309
44
0
0
2
45
0
0
0
30
449
0
1
8
4
69
0
0
168
137
12
0
45
0
33
0
3
13
0
1695
5
15
0
0
0
35
4
45
0
691
0
0
201
6
364
0
1
0
253
0
64
4
40
158
3
1959
113
1
4
4
0
0
0
0
83
370
55
0
28
0
0
16
254
0
37
21
0
0
28
0
179
669
3448
66
322
0
9
24
0
76
0
10
6
2667
3
64
268
0
2972
0
0
1
113
0
167
27
0
22
0
1
156
33
0
14
7
51
0
0
0
90
0
0
0
0
577
336
6
649
233
1
836
7
1
0
56
260
10
16
113
0
50
21
74
223
264
1480
0
0
11
0
13
1112
324
10
243
1470
64
107
0
2198
295
7
0
0
764
122
1327
1
0
18
1
125
0
1336
19
233
397
0
10
411
114
0
16
199
1464
4
0
35
40
2
20
508
3
20
8
11
0
713
128
0
0
189
20
4
2
4
0
101
0
5
203
184
45
0
933
0
0
122
78
1
10
0
21
0
1378
0
1205
0
71
0
420
61
305
0
26
0
0
1
1
0
0
0
0
21
82
1
1614
1
106
0
10
146
79
0
16
4
269
38
41
101
3
0
2
223
661
0
0
61
0
4
0
3
0
1197
0
191
918
5
43
99
590
0
0
0
0
304
9
14
0
17
0
1
0
0
0
8
139
191
54
1
59
35
0
0
0
28
54
8
0
4
103
125
133
0
0
147
0
0
0
63
2
0
34
20
44
167
0
15
0
427
0
3
0
0
0
118
21
0
0
375
59
313
10
573
11
28
13
4
59
466
0
0
5
0
470
128
33
126
521
2
61
295
0
0
0
0
226
3
25
60
1
0
749
0
62
13
12
7
95
174
0
1082
2
534
57
1
3584
23
245
4
537
1
0
1166
271
22
0
40
171
1
44
7
0
184
158
3849
64
0
0
1
0
1
1166
3936
64
70
15
916
0
527
290
0
0
807
2
76
2
17
584
72
526
81
368
13
5
43
919
46
2
0
0
0
1
253
0
37
51
0
18
1
290
68
342
330
22
64
2
207
5
283
4142
117
0
780
193
61
35
0
72
13
572
19
0
19
11
0
3
0
422
1
17
0
1
191
14
0
0
37
0
273
1
29
0
431
1
354
0
441
0
0
22
28
9
0
1
530
6224
93
150
40
960
1
774
17
342
1815
3
158
0
64
93
83
3
66
0
39
0
0
17
49
827
12
0
0
3
0
345
69
191
1
84
1643
982
30
0
0
0
112
251
0
161
1
384
255
198
34
645
27
77
0
1
694
3
3
0
0
55
0
1
0
131
0
3
17
1037
0
1
3
443
822
330
50
345
51
1390
0
188
4
0
10
57
9
15
6
28
352
29
0
0
373
0
1272
2
57
0
4
3658
0
0
14
21
0
9
0
152
318
168
0
46
0
0
92
112
3
2411
2107
1
545
183
0
0
3
178
381
66
0
0
0
147
13
2090
30
318
72
11
152
0
591
30
37
147
3
15
0
3
1860
1
41
0
0
46
2630
123
25
267
0
0
2
0
8
0
88
415
0
28
60
2
0
0
7
513
0
20
90
94
394
0
3
1
14
6
1489
160
0
110
63
7
32
0
0
0
667
139
5
431
5
903
33
2
473
292
0
0
17
509
0
225
0
1
0
0
691
0
0
37
1
0
0
0
12
24
179
62
627
0
0
2
132
0
0
3
297
0
0
0
0
0
0
445
0
0
0
0
22
0
0
0
0
1364
4
24
0
84
1
2
0
742
0
9
949
0
0
0
502
73
967
20
0
4
51
213
50
0
134
694
0
0
0
111
0
0
23
2
3878
0
22
110
65
0
1
0
20
0
191
22
101
342
895
0
0
549
530
0
4
0
42
433
0
206
0
104
192
11
93
21
1
27
10
11
0
199
0
8
0
3
109
98
56
211
0
228
1281
60
0
233
0
189
0
576
92
342
0
0
90
1040
0
91
8
3
0
386
0
0
0
51
411
4
0
118
159
445
24
28
8
254
1
25
722
233
0
0
0
223
136
895
195
0
86
7
34
0
0
9
0
3
0
0
0
285
36
0
0
2
1053
114
0
40
5
0
6
845
22
0
9
0
354
1542
87
2110
0
0
0
0
0
380
0
0
53
19
421
0
0
49
1
0
0
443
407
0
0
1155
0
6
0
1
4
1
18
0
0
21
0
5
14
83
0
123
178
0
25
0
0
0
264
0
346
731
2
119
9
65
6
22
0
221
0
71
30
3
296
12
0
60
0
0
77
139
7
0
237
0
0
0
202
0
2
0
1763
196
51
592
3
0
0
8
333
84
11
173
2
0
4
3
0
0
276
734
0
822
15
135
3
22
11
0
244
252
8
0
4
169
36
36
0
45
370
140
7
365
193
0
2
15
10
214
1056
588
0
7
608
0
601
0
0
0
14
393
37
616
0
2
0
0
0
0
110
0
0
0
306
0
0
0
73
2
0
170
0
0
0
2831
0
73
267
0
335
0
10
0
0
126
0
19
4
192
125
565
0
393
0
196
0
0
0
0
2
2
52
0
5
0
39
0
0
1
32
0
465
160
2325
0
44
18
186
4
1331
0
20
2
0
0
277
0
169
0
0
248
0
62
1
0
2
4
519
278
156
72
110
77
0
0
7
0
45
0
9
171
139
36
0
9
1
5
100
150
17
444
13
247
0
32
134
0
1469
0
201
0
0
775
0
118
71
592
0
7
1
46
22
2677
106
15
43
0
0
0
0
0
88
476
154
5
641
293
202
0
486
168
97
75
0
13651
10
37
9
336
431
199
3606
0
292
28
11
41
86
0
456
7
0
353
58
0
349
148
5
386
0
0
9
1361
0
43
73
26
116
19
13
1
0
3
3
0
156
59
202
2
853
0
0
1
1
118
581
25
63
3362
0
8065
2
0
102
0
1
4
15
2
0
0
327
308
23
0
45
432
1044
0
69
213
396
0
352
0
1
2916
21
0
0
0
0
12
2
0
237
0
18
86
2145
39
491
67
2
859
909
1794
173
131
0
195
552
1
0
17
38
1343
1
0
728
27
0
7
1
2
3
150
23
984
4
4
72
3
18
5
3130
257
2
1
0
9
344
6
1
1
107
1
0
3
51
90
1762
79
300
526
3
1
0
258
1
0
3
21
3
260
2
0
443
239
106
0
621
840
91
91
40
4688
9
0
0
3
2201
4
0
3
30
0
0
0
1
34
131
26
0
11
0
655
4
8
190
1348
0
1075
19
52
13
0
0
11
103
21
6
0
9
0
0
31
0
11
0
224
396
59
1
158
700
0
0
326
59
0
136
437
37
8
40
0
6
0
0
239
866
0
0
4
478
39
3
700
0
3973
65
0
0
553
1
8
109
58
0
193
48
73
1571
150
0
5
32
0
4
0
0
140
12
0
276
0
6
3
248
0
114
5
0
13
0
47
31
134
41
0
0
144
0
119
0
3
2
17
3521
24
13
7
28
0
238
0
0
123
21
57
202
685
0
0
94
34
85
267
0
176
45
2
10
679
169
110
52
0
15
0
0
0
4
16
5
142
4
12
0
0
97
220
734
27
0
2
131
305
238
1
274
2
63
6
0
133
0
0
12
0
0
0
38
30
0
124
17
0
0
0
1
0
422
0
244
9
0
0
154
6
345
22
1650
76
185
0
7
220
0
0
1
4
0
134
0
31
7
0
0
1
63
804
0
0
0
1
823
2
0
121
0
498
254
1
726
0
13
2484
0
192
23
0
0
16
0
20
13
20
0
0
8
267
1741
168
136
884
0
27
145
502
17
1233
132
9
12
291
810
32
3307
18
44
68
0
0
0
50
369
638
7
355
399
2
0
0
406
0
2
0
41
17
2178
56
0
2
24
682
104
10
4
0
3
3
163
0
1195
491
35
18
308
0
145
0
4
1
10
1110
670
1748
0
513
0
219
137
243
0
0
12
0
0
0
859
0
127
164
0
14
2567
101
173
107
317
45
2
33
42
2829
3
3
0
137
0
205
1553
99
2
146
13
457
2
18
0
600
414
19
0
8
234
539
0
8
2
23
52
0
0
58
0
0
3
0
0
241
0
2405
0
0
43
2962
0
54
2
5
20
0
104
0
7
12
745
14
0
437
179
184
111
1
7227
286
43
4
1
0
72
2
0
232
0
0
0
86
47
3
641
0
0
13
13
0
102
0
1268
21
122
853
206
653
0
300
0
150
0
691
22
554
0
0
5
1
15
612
40
0
1
679
47
310
0
508
279
295
148
67
18
0
29
0
14
0
4
0
230
0
0
571
0
21
96
906
52
0
0
10
25
5
0
0
115
788
18
0
657
172
140
0
0
0
155
13
0
92
370
9
0
0
262
0
8
37
3
9
96
20
0
0
72
0
447
0
170
10
0
7
0
0
135
0
25
0
94
226
3
0
571
0
306
0
328
8
0
32
23
105
213
505
0
0
3
81
0
0
93
8
584
201
5325
0
29
17
94
232
51
0
5
0
169
55
0
0
0
0
0
9
2
2
391
44
0
8673
2031
3
0
0
0
701
0
162
3
1069
144
0
2
1871
563
0
1
12
413
18
0
0
75
32
2
351
2548
0
1054
0
0
515
901
187
62
0
0
0
912
1605
0
176
0
327
1
0
3
3414
580
3
0
0
1223
155
13
312
0
0
0
8
14
112
856
0
353
0
0
0
0
7
0
44
57
0
65
5
57
0
0
96
36
23
0
344
0
61
0
113
12
17
1624
6
0
2
94
46
0
382
2485
5
148
24
16
403
34
0
0
81
7
19
651
4
8
1
0
0
10
104
215
349
1
1
194
435
160
67
0
233
111
501
12
0
276
68
50
1
36
14
153
264
0
226
11
34
5926
555
255
0
187
0
511
158
0
0
252
311
16
33
28
23
0
4
0
6
1
11
0
40
1038
230
75
0
1
5
0
141
38
2160
0
0
0
0
3
1
96
1980
1
24
20
0
136
0
0
482
336
0
1
0
3
31
309
66
72
13
117
0
0
113
1
0
35
0
29
165
73
0
0
799
4
0
4
0
497
0
27
214
0
0
145
32
136
0
14
5
113
0
58
0
0
0
0
448
1
0
220
79
26
0
614
0
57
0
249
49
28
5
15
4
13
1379
54
0
10
0
0
55
0
0
392
10
92
264
0
3942
24
36
352
5
11
2
0
256
21
109
1
66
0
0
133
937
2
165
12
33
250
72
0
0
171
0
0
1
313
1848
0
58
260
209
274
0
6
0
0
87
10
2704
0
43
0
11
590
75
28
262
11
81
0
65
0
0
24
6
0
0
285
186
0
19
2169
2
0
0
5
47
375
14
3
328
0
11
50
358
527
14
172
0
46
593
76
225
0
0
5
113
0
0
0
397
12
415
741
0
14
0
1
58
12
122
0
0
253
98
147
0
2
175
36
1130
1
0
191
0
13
0
2
351
18
387
4
0
0
0
62
8
772
565
0
10
72
152
333
123
0
0
13
114
2
54
6
1073
22
258
0
135
3
1
0
4
0
686
343
12
1
77
0
1
300
0
0
92
0
0
0
8
0
163
0
0
49
9
0
1759
345
12
803
0
0
1
1240
0
6
2
103
0
0
40
0
26
0
410
693
7
0
2453
0
0
0
90
469
1
240
50
1
6
3
0
786
68
33
1
0
34
0
1
2
8
0
150
16
0
1
0
0
1
0
8960
0
21
1
399
0
41
0
0
1220
164
152
7719
163
0
536
0
12
28
48
115
0
534
0
705
0
0
299
0
178
0
10
16
630
123
0
0
27
228
764
591
31
0
0
297
0
0
0
67
0
19
0
24
0
1
79
16
257
141
0
0
0
31
196
45
2344
1
54
2
58
4
1576
121
99
48
1319
0
218
50
0
149
486
4
0
39
142
66
121
0
0
0
0
59
553
21
51
25
12
925
7
0
452
38
221
26
0
961
0
49
0
53
735
22
73
8
370
0
68
10439
4
0
0
153
0
170
266
8
148
219
987
781
2
0
89
0
1
23
372
49
22
0
27
329
7
0
37
4
4
0
1
0
0
6141
0
0
0
1126
0
71
0
90
1367
0
0
13
1
36
2
1
12
118
153
509
0
2
201
319
147
789
331
62
0
126
0
85
941
0
274
0
24
1127
0
110
42
0
0
497
6
441
214
6
0
41
0
1
0
0
0
651
0
0
353
259
0
8
0
187
0
173
10
110
6
0
899
0
384
1
1384
262
0
23
654
0
151
33
7
0
388
0
80
146
988
2
0
0
6
13
421
0
19
0
738
4
2
0
0
491
0
2459
0
20
73
0
0
0
188
0
44
0
174
0
5
193
0
46
0
12662
0
24
5
0
0
0
119
0
0
0
67
0
4
0
2
734
0
565
46
106
0
0
275
99
4
0
0
0
14
0
436
86
3
0
335
0
0
429
0
442
0
2
169
0
3
63
279
0
291
8
16
0
0
0
0
0
241
0
4
0
0
405
24
0
1284
0
0
3
30
70
0
0
0
372
0
4
0
50
9
0
0
34
498
0
17
158
8
147
2
0
968
4722
0
0
0
0
316
0
231
22
21
0
0
9
0
426
34
27
9
0
307
4
9
177
55
84
15
0
60
0
2
232
12
0
184
1719
2
264
0
0
14
101
0
8
1
10
100
17
269
0
82
0
0
0
10
921
0
208
0
2
5
92
0
0
26
40
0
491
69
0
75
0
0
98
35
0
112
148
0
1
7
2
6
15
116
0
0
2
60
0
1123
0
19
0
253
0
74
41
623
5
0
26
0
793
22
13
91
0
0
9
3
1156
0
0
36
0
14
235
43
397
91
0
0
354
0
36
0
995
1115
3331
0
21
23
563
246
3
14
2
159
23
48
8
161
134
1485
235
563
276
1334
501
0
0
15
2
120
124
3
250
0
4
45
4
4778
0
10
1
44
103
0
4
475
0
69
1
12
0
0
0
383
0
53
0
0
0
5
16
12
0
557
28
108
0
615
2
10
0
2
124
0
17
0
6
119
0
740
164
0
27
1860
32
21
0
2
0
0
675
4
0
0
54
22
4
0
0
102
1157
396
0
0
0
0
237
0
9
0
0
4
0
30
28
7
0
0
356
7
0
1
16
621
1329
474
851
0
7
110
0
0
1
130
1142
221
18
0
84
0
0
16
155
0
3
0
0
4
0
0
2
0
0
0
1
8337
3
111
77
2
34
11
716
615
624
0
0
0
568
0
60
140
0
0
2
103
330
19
0
2
124
3
436
247
9
3
8
0
0
126
19
0
30
0
10
8
1
12
1403
126
8
340
48
30
258
1499
5
31
0
0
16
3
373
121
975
1834
0
0
21
35
330
2
15
0
154
123
24
323
15
313
0
0
187
0
2074
13
0
0
6
6
2
11
1
48
39
0
106
0
386
529
74
415
0
32
15
105
94
4772
792
0
0
403
9
49
0
2064
0
2
2666
0
0
12
0
2
6
17
0
516
0
14
735
0
3
0
4
7
9
28
1
0
450
0
176
169
15
0
0
928
56
5364
0
65
0
244
772
0
0
221
42
1
40
0
0
130
1
175
1
0
453
4286
14
70
145
1017
0
5
3814
0
0
902
852
0
333
84
2800
3
0
0
546
11
171
1
1
796
0
42
0
0
6
4766
853
23
7
182
11
285
2100
37
0
3749
0
0
15
0
115
0
0
856
0
0
50
423
328
0
769
5
527
22
19
33
0
85
0
707
204
265
2
0
9
0
811
11
0
1221
666
0
0
71
9
165
0
1030
172
241
230
0
0
1797
556
90
116
0
0
380
456
365
0
0
328
127
1
0
2
0
260
0
7
4
1195
254
0
0
2
11
16
773
73
0
250
20
0
64
219
0
91
953
5
0
102
70
80
5
119
0
458
29
74
3
194
0
0
0
20
336
0
1075
192
2
7
193
165
110
113
43
41
1
328
8
48
38
0
12
0
4
0
0
0
0
2840
871
73
1
0
0
0
2463
114
82
48
42
3
969
0
1
10
0
357
187
365
52
0
127
392
243
0
73
40
0
12
0
0
0
1
52
1072
233
0
15
191
32
137
11
0
3
10
100
3046
0
0
0
25
87
6
89
0
9
30
4
0
429
3769
1316
0
389
0
26
0
12
0
3
0
943
17
801
308
618
0
294
0
985
2
702
0
13
42
40
54
405
884
1034
1084
0
562
0
24
2
28
238
61
514
33
259
34
70
4
0
68
36
38
177
51
0
374
122
0
1226
61
19
913
94
819
195
1191
85
819
35
0
3
0
0
1
63
1254
0
44
590
0
309
0
2
64
466
327
0
1
0
0
27
0
75
139
2107
0
11
414
1084
0
1262
183
0
336
2862
107
55
194
21
0
654
0
2930
140
91
163
104
0
0
0
2
12
0
0
0
11
0
0
0
74
0
38
0
0
23
178
0
0
0
39
3
64
0
0
796
0
0
0
551
40
0
4
143
729
0
171
0
625
142
64
121
1149
410
8
59
0
0
2
70
344
42
7
6
2
10
0
0
0
0
0
114
216
35
0
4200
0
5
0
93
18
241
0
0
188
0
250
180
63
0
1
0
1054
76
0
20
0
1
226
420
5
0
256
2
379
0
397
4
1400
1637
6
0
20
534
0
26
143
0
220
350
21
551
98
0
0
9
0
120
253
466
0
10
0
13
115
0
2999
55
0
0
77
0
1
5
0
184
738
19
1442
412
2730
35
74
410
954
1076
17
3
26
8
14
177
0
607
15
0
0
0
3
4
11
4
4
0
35
3
0
5
292
186
2
6
0
57
3
75
17
186
26
9
0
237
29
1154
34
100
11
237
0
70
298
0
214
20
280
0
593
199
489
0
239
165
0
0
0
18
269
20
196
52
39
11
262
334
4
816
1611
296
0
0
397
9
0
466
0
70
0
123
0
0
0
2
60
27
9
0
1135
338
38
8
391
15
0
318
275
0
0
0
90
0
68
24
0
4090
244
0
184
161
52
0
0
78
41
593
396
9
3
181
24
170
3
0
60
0
0
0
28
3
0
3
70
50
1
65
0
41
10
264
225
5
10
29
4
2265
62
0
0
207
0
0
1
73
770
236
0
0
456
1
0
0
0
321
1036
43
0
199
2
1
26
146
33
66
5
974
505
291
0
1
19
22
3
7
67
156
46
6
0
38
2
0
3173
0
0
48
27
1255
91
10
1
0
6329
1994
258
147
0
13
0
0
180
0
6
139
167
783
1421
0
1431
2
428
0
0
0
0
191
0
1
0
0
0
66
0
160
4
674
10
33
0
93
3
253
0
67
0
0
0
1089
178
0
0
0
0
0
23
32
4
151
0
225
5
372
533
12
0
7
0
0
3
58
0
306
594
0
0
0
3023
2
0
13
11
175
3
69
5
32
134
0
14
254
5
0
28
0
67
1256
0
30
828
2
6
0
151
0
0
2
77
0
0
291
0
25
0
6
440
0
45
4
0
0
7
0
1364
0
2
2
2
1099
0
291
12
1
118
241
0
0
334
2
17
8
0
554
0
0
139
0
9
45
68
0
3
0
3984
14
4
0
0
54
0
257
39
2
9
144
36
27
98
68
0
0
0
0
418
204
0
4
0
0
170
91
72
46
0
23
331
2444
0
2
0
220
49
0
645
1156
0
5
246
67
0
8
17
1375
16
35
153
55
1
76
0
10
0
0
2
6
27
38
23
0
694
430
627
81
1
149
1
2914
2
1
0
3
313
55
1793
76
0
6
66
482
0
5
174
1
43
0
20
51
225
14
84
0
4
132
809
0
0
1281
27
1122
0
8
0
0
161
12
1009
0
21
8
0
0
0
1448
727
0
61
250
26
114
1162
995
113
104
15
0
5
0
0
375
0
135
61
285
12
315
317
182
0
0
0
0
4
42
10
57
0
0
411
3
75
237
0
853
0
3
302
327
19
1264
2978
9
10
25
169
9
716
3
0
0
798
0
0
95
0
0
2166
2
40
77
2
1686
0
0
0
2154
98
664
446
273
6
382
217
0
532
33
16
92
236
13
125
0
0
32
0
8
777
20
3
2
2
6
0
0
324
33
0
52
44
86
83
1236
87
3
0
0
984
365
89
20
5232
0
1
166
0
5
0
88
0
98
2
13
7
0
8
614
20
148
289
45
0
0
24
9
6
168
460
2
1020
0
0
0
31
8
2
2
76
1363
0
48
33
37
0
10
6
147
8
76
24
2
3
468
0
138
332
0
0
394
443
10
0
4256
20
24
3
60
3
608
0
2
1
0
1507
0
0
0
2
356
0
26
22
2
0
54
0
385
155
0
387
131
30
0
23
211
4
81
0
0
92
0
0
1
423
0
43
66
0
468
70
184
435
21
12
365
0
3
939
6
23
0
3
4
677
30
0
249
0
96
65
22
243
0
42
88
104
168
0
463
2
0
292
0
3
0
773
116
0
158
131
0
0
5
763
5
299
0
0
8
2
64
0
0
22
0
66
241
1
24
0
0
121
61
1195
206
0
3
0
157
25
142
0
168
96
0
4
43
1
0
0
2
23
0
7
60
0
0
0
0
1067
3
11
62
25
0
0
0
151
407
3298
0
0
133
27
11
14
443
142
0
61
216
76
6
0
24
0
17
88
356
0
0
55
7
0
0
25
35
0
0
0
22
0
0
0
15
14
99
198
0
92
250
43
0
0
242
12
0
158
0
0
373
1
0
189
0
1181
0
166
0
7
19
0
0
0
16
0
1
3
1
7
12423
6
221
3
3
3
68
188
221
2546
6
6
14
4
0
156
120
0
2619
14
117
18
1
78
1
1
417
0
0
13
0
2
214
18
1535
0
0
2471
79
0
2777
0
0
299
490
30
0
0
1017
0
307
1193
2
14
7
1597
182
78
0
57
28
0
0
4
0
207
3504
434
0
2024
2
166
238
0
0
65
0
299
336
22
0
305
71
180
21
14
1578
226
1
0
393
810
5
89
0
0
0
170
105
174
50
88
3
20
4
16
23
0
8
0
0
254
3
789
0
153
0
2
6
77
3563
0
173
0
41
38
0
24
101
6
8
74
162
0
0
2
0
0
256
0
0
0
6
20
76
29
77
907
0
0
0
1
0
0
288
0
7
0
25
1
399
0
0
0
11
0
53
69
0
0
2
249
260
0
0
0
0
35
0
0
84
74
0
76
8
602
118
0
34
1
0
399
0
0
17
1
9
0
86
0
27
0
4
0
46
152
102
1
9
0
0
45
0
211
0
120
44
149
1021
6
0
0
0
9
0
0
0
0
0
78
92
0
0
3
410
0
29
1
182
118
10
35
34
14
0
15
63
0
0
0
0
1
4
31
0
77
0
0
1306
141
74
55
51
0
199
67
6
339
47
188
200
103
0
0
3
35
0
5
3464
0
0
478
0
0
0
230
98
4
2
103
0
0
0
62
4
0
4
233
0
0
0
3
0
5
361
0
1051
33
0
36
572
0
13
25
62
1
88
3
2
0
2
80
137
0
0
543
0
0
0
0
2
1
0
0
282
29
0
0
0
6
24
642
0
0
0
24
0
0
103
1109
70
0
1
0
0
0
0
17
65
77
0
39
61
40
0
0
126
116
1
0
0
0
0
0
91
0
5
0
118
0
0
0
1444
0
215
40
14
80
0
0
0
6
184
159
0
0
3
2
21
76
0
51
10
37
301
25
215
9
2
29
554
1344
0
0
0
20
217
9
59
0
2266
0
0
0
6
100
0
49
7
3
314
0
121
69
2
0
6
1
425
7
35
764
44
0
0
91
0
25
108
192
1
0
32
0
886
21
0
0
9
0
20
0
3
3
44
463
4
0
76
5
0
218
0
1
237
0
2
0
294
6716
1
0
0
0
54
0
19
0
82
113
12
538
4
5
0
23
251
145
11
66
65
1914
567
0
0
1
6
70
372
0
0
29
0
302
18
632
0
52
0
0
0
478
171
0
75
216
9
0
966
72
79
7
233
8
32
4
0
21
33
0
0
761
26
0
0
24
2
25
210
34
0
0
1
225
404
21
0
0
50
1
162
3
17
0
46
166
3
0
0
0
16
0
3
0
946
0
97
0
42
13
0
0
0
9
49
98
0
0
0
80
0
68
195
0
424
266
13
0
12
4
33
0
26
80
5
0
0
3829
27
0
348
1
0
128
0
7
50
217
25
0
395
36
401
0
29
5
19
98
262
0
0
0
0
1
72
0
4
1
9
30
112
15
0
0
0
1
25
260
166
6
0
0
139
156
0
63
150
393
90
0
29
53
110
0
12
131
16
1258
0
236
28
0
2
0
0
16
0
42
4
112
8
5
3
0
35
207
6
313
0
159
824
74
0
12
5
5
13
200
0
0
0
284
0
47
4
62
0
136
0
0
0
434
64
94
1
0
0
446
2
58
0
19
49
223
0
91
0
606
0
23
24
0
0
106
0
128
721
2
0
0
243
47
45
141
0
3
0
9
3
0
23
163
1391
459
21
0
184
121
90
695
2
7
1
6
2
1707
1
140
0
412
3
67
149
0
0
1
67
518
194
15
7
4
0
28
4178
0
280
7
1
47
21
25
80
0
0
5
1637
11
0
576
116
0
1581
0
15
29
0
91
90
616
62
1
518
0
0
0
1
1726
12
33
7
113
6
12
0
0
0
9
85
103
1
14
173
1
0
76
1010
0
0
274
7
1
0
5
0
0
305
0
1630
5
7
1
0
60
22
4
11
240
13
1438
159
107
377
7
114
3
593
0
2
595
59
0
0
0
427
0
11
7
398
0
85
0
12
0
304
0
0
16
0
0
114
0
0
2
211
174
0
279
91
0
12
0
4
60
2
273
53
338
1
1
36
930
0
27
0
0
344
61
0
0
967
182
19
0
3
0
16
0
1
433
0
14
0
118
0
42
0
15
0
0
199
0
13
1
615
0
0
23
0
3
7938
7
145
0
0
0
0
41
324
53
0
640
5
286
2
0
181
0
0
93
34
264
0
9
46
1319
498
88
0
4492
0
128
165
0
40
0
11
12
591
81
36
142
1
0
9
110
0
0
98
0
0
0
49
65
16
0
909
16
167
0
504
171
58
336
1278
129
1
4
53
2
3
1089
40
276
143
0
0
7
17
63
0
4
76
73
192
349
0
49
0
0
192
60
34
20
0
602
7
1000
0
26
0
29
1
39
87
188
0
172
60
5
39
12
0
3
0
74
148
108
6
37
0
87
40
1
0
6
384
0
23
52
0
0
476
0
814
1328
3
0
1682
5
0
244
36
6
287
0
183
0
27
230
1
0
135
0
114
30
0
23
87
8
748
30
0
1
74
243
0
0
0
1
8
228
168
21
0
28
355
420
13
60
914
284
3
0
0
395
110
0
3
155
75
277
0
6
0
32
0
2039
418
0
1
11
0
243
0
0
0
0
0
124
31
0
2
0
0
0
45
1010
1
0
28
0
39
0
295
0
0
216
0
16
0
199
17
0
0
203
0
635
585
69
506
68
0
248
1
0
59
0
43
4
2
137
1
0
19
0
3
0
2518
0
0
0
35
1708
0
477
0
34
0
0
29
63
100
114
111
0
159
16
6
0
14
359
168
57
9
0
20
25
0
0
0
901
327
157
67
1676
751
4
19
0
3
0
294
71
0
266
1026
843
183
16
7
65
1035
1
19
3
508
0
273
0
671
127
229
0
12
0
6
620
8
72
54
345
69
299
119
54
0
4
2
13
1
0
10
95
250
0
2
210
0
4
0
431
0
28
165
1859
126
6
653
0
5
13
0
260
0
3
0
0
173
4
3
0
19
147
38
47
0
0
0
169
0
108
5
7
0
14
26
6
0
0
155
0
7
5
6712
74
2
2
0
74
113
172
138
741
0
0
1965
0
1
800
0
0
0
7
1016
168
0
4
862
177
0
0
4
1
0
29
2610
6
0
66
9
0
1299
0
2
0
2916
80
358
0
270
1
1215
0
27
12
0
0
4
20
0
2
0
8
285
54
0
2182
0
0
1
33
1
0
1402
12
1
1
10
99
0
0
177
434
2
149
19
6
33
372
1111
55
0
0
3192
141
0
932
3146
0
541
853
19
1
0
0
2
40
298
0
0
0
2
0
1
0
4
0
26
29
47
4
0
68
1
868
24
0
113
0
172
64
1
0
593
4
0
27
0
9
2
0
53
1170
360
0
26
152
104
54
40593
304
16
69
1458
777
0
20
13
2
93
0
2
98
0
1472
2480
0
7
0
91
259
174
205
332
6
0
0
0
1525
80
0
0
65
2
0
10
1151
22
153
19
1
2
426
1
27
1402
67
6
84
0
0
27
457
0
13
215
654
0
6
1273
220
0
0
2565
0
0
174
0
6
0
0
24
0
0
2
382
38
222
0
358
300
3
0
54
201
109
3
81
1
4
58
0
1064
61
448
21
0
7
0
0
45
2
0
0
123
1800
851
676
0
60
35
0
248
3
22
0
13
46
347
173
0
9
414
15
409
0
12
105
0
7
0
0
0
444
81
42
2
0
652
12
0
0
62
1
150
347
1
0
105
21
0
131
0
81
0
0
0
15
0
36
129
0
433
0
0
0
35
0
148
7
674
0
84
886
3
0
0
106
0
26
769
51
0
0
0
0
124
10
97
67
2
4
5383
103
0
7
0
0
1702
0
0
4
299
0
32
8
62
0
0
0
434
0
0
0
1
0
117
0
11
0
362
111
0
1159
130
2
616
0
60
3
0
569
0
1
4611
147
1
0
0
189
225
0
36
14
0
1008
0
58
10
22
0
0
0
4
13
0
10
363
0
9
25
0
68
1
0
633
12
0
10
0
22
7
0
0
0
2
0
7
0
10
0
124
8
153
210
11
0
101
0
117
0
0
0
39
0
14
0
0
327
7
106
64
5
15
39
0
207
0
1
146
0
542
0
528
1200
0
11
22
0
0
110
4
114
12
0
12
228
3
644
0
0
37
40
601
93
1029
361
2
63
0
345
472
0
0
147
12
24
6
685
4
4
169
28
496
116
554
0
3497
65
234
7
0
657
0
275
128
11
0
0
0
137
45
83
0
0
0
231
0
1
3
436
1
1
0
0
561
360
222
209
102
0
1
2
37
0
13
1
23
0
82
456
0
145
0
0
2
1024
3
15
0
396
0
324
0
13
14
476
0
17
2
45
6
49
78
131
0
345
2
208
0
0
0
0
84
0
238
0
161
0
40
1
0
0
0
3
1
1
0
323
59
81
3
0
118
113
0
5
12
0
0
84
60
400
1164
12
102
15
646
0
155
0
25
1202
60
16
63
15
737
46
0
442
2013
8
1479
2
575
2
0
8
0
24
50
1
0
7531
0
694
0
68
1
182
0
81
354
232
0
99
905
0
707
0
0
1
131
1
0
0
31
1
0
110
0
33
0
2469
11
0
16
0
25
133
0
0
883
21
54
0
51
10
0
2319
0
1
235
255
0
349
0
3
0
0
68
2534
993
0
0
0
0
102
2
3
3
1481
694
43
9
49
0
41
33
0
380
0
226
256
0
0
0
143
588
2
0
0
0
78
0
27
0
2
0
1
0
4
40
1
0
13
47
16
0
0
1
1
7
0
66
0
1
0
0
56
212
165
1828
75
9
363
0
0
0
12
0
1
1
1
66
0
185
0
0
1
0
4
0
0
0
10
0
197
0
5
3
1
23
16
14
2
655
787
314
17
57
66
0
1
5
0
117
9
25
0
2
7
0
0
71
0
2
3162
0
1
0
0
2
53
0
896
71
35
489
0
0
32
0
528
3
0
2
0
0
59
173
0
225
217
673
389
2
0
0
0
0
17
139
0
249
450
8
46
0
64
1105
0
32
46
56
32
97
489
35
152
5224
1242
0
0
17
97
0
0
13
355
2545
21
0
3
1595
1
1
0
0
17
74
295
509
1482
505
3
0
30
0
891
0
0
168
655
0
0
5
184
991
1
634
272
0
661
15
0
17
273
84
123
107
0
260
59
179
1
101
469
1722
0
0
21
0
21
0
0
291
7
1
14
81
1053
0
23
231
143
22
2
0
532
2
52
0
0
0
16
446
0
0
9
0
0
0
0
0
130
105
257
275
247
0
109
0
0
87
682
187
131
2
208
15
0
0
64
198
0
2128
38
0
114
0
0
86
0
6
3
0
0
0
189
6
2
5
19
0
0
700
1
1544
0
1
7
0
32
0
1
0
707
3
10
0
6
0
0
434
0
3
0
0
170
35
0
12
54
0
0
440
0
37
0
229
17
0
0
28
193
106
242
871
0
0
311
0
0
24
227
17
0
429
0
81
0
0
0
0
528
246
256
1265
3
3
4
58
216
28
43
17
3
61
0
58
0
156
2
508
1
0
144
0
0
85
5
191
401
0
304
8
0
437
0
1200
20
50
716
6
1382
1899
0
6
47
0
0
5
1
757
2
284
3760
256
45
58
304
5
20
0
53
41
1
0
10
167
453
123
110
0
265
974
14
32
3
2762
5
0
2
449
0
162
168
859
3
44
2
232
360
0
0
1044
10
22
0
2
2733
7
0
637
18
659
162
1
287
0
72
291
918
22
6
15
713
0
0
9
0
0
0
412
0
2215
11
0
385
0
0
43
2
146
33
116
770
0
0
43
68
3
0
0
52
0
148
67
0
8
84
0
7
46
0
578
738
2
222
17
91
0
13
0
60
1
78
0
0
0
0
154
1
370
4
18
2
694
0
0
2
0
140
8
1328
0
110
104
173
0
0
0
30
1
0
0
0
236
0
62
2
41
147
0
27
16
46
0
12
8
0
78
12
67
233
0
982
171
384
0
0
362
9
48
227
2
1221
127
0
0
64
9
0
275
49
182
10
0
1
5
980
324
106
7
1953
16
0
242
50
31
3
44
41
977
607
171
2092
677
0
40
79
0
676
73
1
5
0
113
231
0
3
396
284
0
300
0
710
0
0
52
0
0
521
96
1239
0
119
0
65
5
126
0
2
15
987
109
32
87
124
84
4
0
0
101
17
0
45
5
110
982
0
253
0
49
0
1133
1016
259
21
214
0
144
0
128
0
0
10
8
0
0
88
59
16
756
73
0
0
178
91
19
0
3
0
162
358
0
123
0
61
0
2493
68
27
2
3
0
4
52
52
6
50
78
232
18
2
0
3207
0
18
293
0
571
0
33
0
8
0
194
0
167
0
160
49
662
95
0
0
0
809
0
20
1517
0
21
11
0
0
2
36
0
34
93
17
0
0
10
8
62
0
0
68
0
0
113
43
428
931
9
1
1
55
20
3
1169
271
27
89
321
0
0
26
150
0
0
61
461
12
1012
0
61
904
180
0
9
381
215
514
1
23
2
234
213
0
128
232
485
35
4
18
0
32
1
0
5
1
2
22
446
197
200
10
447
5
207
0
426
386
0
29
2
99
175
854
374
4
0
63
455
233
4
0
423
47
0
0
0
0
1480
0
0
47
2358
5
0
0
18
38
1
1306
0
5
0
73
87
87
0
218
355
0
2
694
0
8
2
225
0
4
3
6
61
0
2
90
0
0
62
0
49
271
0
14
9
18
0
0
340
2
8
619
323
2
3
6
45
45
0
31
1196
0
296
113
60
431
0
437
122
0
7309
69
82
0
3
1
1
117
18
10
176
47
0
118
0
0
0
101
26
21
33
84
763
716
4989
179
31
2466
0
14
0
480
34
0
3
661
0
37
234
2
124
110
0
3
178
138
0
0
1
483
0
21
297
3818
1
0
2
0
0
5
31
94
0
10
301
215
0
0
11
0
75
7
103
0
0
551
263
0
0
925
300
0
0
61
0
0
71
0
0
106
9
50
0
146
452
509
7
0
0
0
19
88
3
0
309
1
179
0
0
0
0
2
0
1
5
0
89
18
581
442
13
0
1518
42
0
0
9
0
21
0
18
585
25
0
0
27
0
4
1597
766
0
207
432
0
267
0
206
26
161
51
168
0
177
23
0
1
0
204
0
0
60
105
0
11
0
166
385
7
8
0
0
24
2
0
0
7
1
188
0
0
224
236
0
0
0
1
18
0
2350
183
0
408
93
15
0
0
57
100
7
0
0
298
42
3
0
26
5
0
0
0
159
6
1
109
0
16
7
1
6
0
0
129
95
47
0
0
0
0
830
0
0
707
168
2
20
0
145
67
2
0
173
0
23
40
0
17
0
1
314
0
0
0
0
19
1537
3
0
0
0
0
0
61
599
0
398
19
27
41
87
0
0
454
286
0
115
0
113
799
9
1231
2
37
24
0
0
0
43
0
738
0
1
1881
0
0
5
0
229
235
0
0
0
0
22
0
94
4
346
390
129
13
526
12
332
3
0
3146
0
5
0
1
0
56
95
890
0
0
170
0
18
0
40
0
0
0
13
0
0
0
0
29
7
221
5
273
59
458
0
48
24
0
78
0
0
470
0
0
302
3
0
6
2
24
0
0
16
10
0
156
0
49
1
330
31
45
0
30
5
0
33
0
1
1
246
1037
0
0
0
61
14
0
17
28
0
24
267
0
70
0
27
180
0
829
0
47
0
113
0
0
0
77
5
0
0
0
0
18
1
0
0
11
11
0
0
53
0
58
0
110
0
0
0
0
0
25
543
1
730
163
0
1
0
1
7856
99
84
66
0
3
185
1781
12
0
3
0
4
119
31
9
10405
7
38
0
467
0
1666
58
972
438
4
131
28
24
166
0
19
86
126
58
606
208
0
17
1
15
1438
0
2
3
141
0
0
2
0
0
0
0
5
17
6
1
0
0
0
9
99
186
0
319
453
1315
141
55
2
206
27
0
66
2
0
0
0
0
0
63
1
50
0
56
0
35
0
0
118
135
0
0
10
0
0
5
0
8
111
122
805
0
528
263
25
0
64
3
1
0
18
0
411
45
19
0
0
0
11
68
0
2
34
328
0
61
0
97
269
0
79
55
64
162
15
0
8
0
0
2
1
0
18
0
0
9
161
34
0
0
18
0
8
867
0
0
190
88
0
102
0
91
583
13
25
237
723
507
0
52
1
0
0
43
15
131
469
0
0
40
919
0
0
0
0
0
24
0
0
1447
8
15
19
294
0
6
16
52
460
0
7
277
167
459
254
2
107
0
2
4
14
145
67
4
6
45
7034
843
2
0
122
13
130
21
0
1542
0
23
0
5158
5
2
134
565
63
3
501
0
75
1041
0
0
0
6
0
0
114
13
0
0
35
0
0
5
2
155
65
366
160
8
2
0
0
0
58
2884
26
0
5
84
68
0
23
286
12
0
17
0
0
6
0
11
0
903
0
0
10
0
56
9
0
809
0
0
0
0
0
11
0
1
0
0
179
180
78
256
5
67
0
121
36
26
237
0
186
604
0
0
2
26
1047
45
20
19
240
111
2229
4
0
0
0
0
5
193
0
0
8
0
280
15
354
0
63
0
46
150
0
0
111
30
9
21
0
55
20
58
162
0
1453
23
1924
0
4
234
4
98
0
0
24
0
0
651
70
8
417
18
12
2566
12
4
0
552
0
2
23
104
5
68
90
0
0
1192
0
207
3
47
19
8
42
161
304
310
0
433
2
442
313
389
0
3
65
46
402
0
0
0
1703
0
132
3
33
31
1145
0
80
0
277
0
596
0
523
11
44
99
11
0
5105
0
25
6
3592
7
0
9
0
0
0
5
1
263
8
0
0
92
6
43
235
0
49
1407
176
0
156
205
69
0
8
0
94
2516
22
9
1304
0
2
12
0
0
0
12
481
0
0
26
0
3
23
28
0
107
1
0
18
190
1166
47
0
674
387
0
467
26
0
121
502
139
0
0
130
30
624
58
0
299
2
884
143
4
30
27
0
5199
16
27
42
2
21
0
0
48
26
292
0
0
164
4
70
0
0
47
634
0
9
258
56
2
0
0
0
0
351
275
0
1964
0
21
22
0
0
122
26
4
325
2
189
90
658
620
0
0
1
7
254
216
19
79
0
138
0
0
45
59
330
0
3
93
0
0
100
5
0
0
14
0
0
128
0
1
0
0
0
53
116
0
12
3
7
193
0
376
0
542
47
68
392
18
0
582
3
2
0
4
0
2498
0
28
0
0
31
514
0
137
0
0
8
15
1
0
23
0
2
2
0
22
0
7
0
133
0
0
80
126
0
26
259
0
3521
267
0
3
0
692
5
60
487
0
0
0
29
0
0
1
0
0
75
0
0
0
0
0
0
169
4
9
20
0
1602
2
147
2
387
348
0
0
0
385
3470
223
3
2
65
38
23
5
41
28
0
3
53
1
83
0
336
78
181
0
79
29
0
3
1
436
0
15
18
0
3
5
4
0
21
119
61
40
12
44
250
0
114
8
262
2
188
0
1
1
268
0
0
714
2
0
0
42
427
113
0
0
4
2271
48
25
7
466
53
0
179
57
80
25
7
596
54
0
0
10
100
3
174
73
0
10
18
494
3
12
9
150
17
0
0
0
326
321
1181
0
31
1
67
11
0
0
2195
1
262
5702
252
0
0
181
1709
0
28
41
0
49
0
537
2623
30
944
0
1097
191
3
137
10
350
187
23
17
25
15
6
18
6
52
0
0
5
2
185
142
184
2
105
299
414
41
0
36
3
31
35
864
0
4
13
309
12
1
0
50
525
2
0
22
0
0
57
2
0
10
2
0
0
0
3
0
1
60
0
0
0
1
0
3
23
124
20
1093
0
84
0
0
2
3
118
0
21
1380
2
0
0
4
9
101
0
0
924
1
26
396
0
312
62
0
66
20
43
16
0
86
35
0
0
510
278
5
568
416
411
0
19
1
0
0
22
0
0
0
0
0
0
33
0
1206
480
3
2164
0
7
1
0
0
99
45
32
58
420
0
0
19
32
101
0
59
35
9
0
0
0
0
0
259
831
645
225
0
55
1757
820
35
0
0
282
70
0
136
160
0
88
16
6
143
0
670
20
12
1
0
0
311
178
82
94
0
6
4
18
74
84
0
11
1
13
395
17
0
2
0
0
0
1
7
8
0
9
44
0
3
0
0
2
5
1
1
140
0
0
0
251
4
8
64
3
0
492
153
9
53
100
0
3
2
0
20
8
32
3
772
2
7
32
10
0
91
0
22
0
14
6
0
23
55
18
0
293
2
18
21
0
15
183
0
0
0
0
1
0
8
72
0
0
41
9
68
7
0
0
0
120
12
5
213
12
0
467
0
1322
327
146
2
0
78
8
168
0
0
3
360
4
492
21
32
1
0
0
0
123
0
0
0
0
36
15
105
0
56
2
3
0
55
46
0
1
46
4
23
15
0
110
55
29
31
330
3
0
0
0
4
4
485
5
118
294
0
0
121
168
0
174
10
75
64
3
0
0
231
8
11
10
48
0
3036
0
239
7
1
0
0
1
0
1
98
0
82
8
48
3
65
0
0
0
35
563
40
0
1
10
7
87
0
92
1387
0
93
68
64
0
0
5
5
0
99
1
18
97
5
47
175
0
35
13
3
0
0
0
123
98
2
0
108
292
1
24
0
1001
359
92
0
0
32
0
0
4672
30
308
11
30
0
0
13
148
24
33
1
0
0
0
1
470
15682
0
0
1
36
63
148
0
11
0
2
6
0
16
2
6
108
3
22
19
0
0
325
11
3
39
1
66
59
17
8
0
10
76
197
0
9
35
4
1180
0
56
1065
6274
36
300
15
2
198
26
461
0
14
53
0
48
271
156
383
34
0
1
4210
50
2
118
19
3
0
0
1
4
90
0
140
55
0
0
1
6400
0
3
204
236
0
60
0
547
8
2
0
35
0
5
0
31
245
11
0
1
57
0
4467
0
5
1213
0
235
162
0
1445
606
4
8
1
3
0
120
0
300
15
100
97
7
507
0
0
16
0
1
41
0
63
416
0
36
841
0
22
0
101
0
0
40
51
0
34
0
0
0
7
134
0
0
6
0
0
536
64
0
81
0
489
387
325
0
0
3
51
91
3
6
16
2
43
2
0
9
2
0
44
0
0
170
0
0
5
37
37
0
119
59
31
0
9
2
0
63
20
22
0
13
0
47
1
0
0
20
201
0
0
32
10
35
28
265
0
13
0
2
601
93
92
43
0
126
32
34
292
144
1
0
10
45
221
15
40
13
3
3808
1261
0
3
81
54
72
77
0
3
1
0
4
0
36
0
0
0
0
4
0
2
268
0
227
16
49
166
2
0
1
358
0
0
46
1
113
24
11
4
46
0
1
0
234
196
0
295
1
183
0
470
118
14
0
0
0
0
0
74
0
0
45
0
0
5
0
0
0
1
0
0
0
16
29
0
668
277
28
2
0
222
0
32
3
0
111
145
23
0
73
0
395
0
353
118
0
171
0
123
7
4
78
65
12
7
281
1008
0
479
30
0
0
0
1222
108
6
90
0
38
0
0
0
6
1986
3
13
443
0
169
0
138
0
9
0
260
0
1153
0
6
1
14
0
501
347
0
335
0
0
38
40
0
0
2418
0
0
13
158
125
10
830
284
428
1433
998
61
0
27
37
56
29
0
2
0
102
3
78
0
0
6
12
118
0
0
0
0
0
0
45
1396
262
0
233
19
1
78
972
59
45
10
8
73
9
0
0
8
548
12
0
0
0
12
0
258
0
0
112
13
40
820
26
0
57
573
0
1017
26
47
5
156
0
483
71
0
8
180
11
216
2
113
0
0
0
185
11
6
310
296
0
1844
3
88
0
317
308
0
708
156
0
0
1489
0
52
1
129
0
0
22
24
9
424
177
98
700
26
897
30
11
690
428
0
0
0
12
225
2437
0
377
93
0
61
0
0
0
320
1
57
0
0
20
155
2
35
0
353
0
19
0
77
0
0
2
0
0
18
90
30
0
624
1634
0
243
426
3
322
1
0
1
4
4
69
27
124
2595
98
3
100
29
491
0
4
0
0
0
337
1780
20
0
55
275
152
0
119
0
31
8
64
77
0
50
6115
0
0
0
0
0
457
0
0
0
7
0
4
5
0
426
0
87
140
1
92
2
13
55
4773
18
35
2
0
147
0
0
615
0
0
334
5
8
0
3
0
0
239
83
0
0
0
195
14
0
0
13
24
598
0
0
0
0
0
0
1
123
0
4
0
1312
3995
0
14
19
0
136
1
538
25
287
33
2
136
514
0
867
344
0
172
0
0
5160
15
0
279
0
0
11
0
873
3
347
2937
0
0
0
0
1
0
82
2
180
10957
346
0
5
0
0
1
0
121
0
39
38
96
166
1280
723
1
0
313
5
22
0
642
928
3
45
0
2
69
1
17
0
11
0
157
27
0
178
48
0
0
7
215
0
4
0
24
0
0
9
1022
0
90
52
0
10
145
0
8
3
4
1029
7
269
41
0
14
0
0
0
2385
79
557
152
0
16
2256
865
0
0
1752
0
0
0
22
0
0
0
73
194
78
106
0
431
6
0
19
32
579
129
174
24
0
3
0
3
45
0
356
61
0
13
1
3
2
0
0
1419
3
19
262
54
85
0
0
248
191
15
0
2
0
0
0
216
227
0
0
26
0
4
33
0
639
164
0
0
288
933
124
32
50
1
0
52
0
5
0
11
168
0
3
23
25
0
394
0
35
91
161
226
0
0
66
174
203
58
0
4
7
0
1187
460
2943
0
0
28
149
76
22
0
0
1454
1
0
0
6
9
0
0
0
0
33
0
4
0
109
0
49
24
0
71
0
347
1207
0
0
0
0
4
0
0
0
315
579
92
7
12
2
198
0
39
841
62
477
0
31
24
0
15
29
5
0
0
0
18
0
119
0
10
275
0
83
123
0
0
0
0
19
3
0
9
288
7
3
1
0
0
0
0
0
109
27
306
827
0
0
385
2444
0
8
33
0
988
5
38
40
370
0
177
5
25
0
423
21
2
0
4
0
15
73
301
4
146
144
636
0
0
58
284
55
1
57
1596
0
256
0
355
1410
246
0
59
26
0
4
872
741
7
0
284
5
111
9
0
19
0
0
0
755
65
214
1034
54
65
254
0
55
90
191
0
0
93
0
56
0
8
3419
0
40
45
0
256
58
16
1
0
64
0
362
0
34
0
377
266
327
0
83
0
1
0
5
13
0
723
15
2
0
0
0
8
52
0
410
0
0
0
6
0
0
13
13
0
62
5
347
180
1
184
32
123
116
0
131
78
0
126
61
271
0
2164
0
293
1
34
148
0
2
223
2
1134
288
187
118
52
0
0
0
4
0
42
1
0
5
87
0
961
283
4
0
520
3
0
0
14
0
2
0
2
0
7
13
0
26
0
220
15
338
0
0
5
0
192
0
5
0
178
0
347
57
0
0
246
0
0
20
0
0
3
43
1
113
0
153
1549
0
701
2
94
0
0
1
89
1311
207
203
177
89
109
36
153
0
50
0
415
0
439
27
0
338
0
374
209
6
152
2
319
0
0
1048
345
52
0
124
27
0
454
99
0
0
5
0
0
234
2
261
7
142
313
0
1
1147
543
0
0
708
0
26
1
135
0
4
312
80
78
3184
764
132
129
0
0
16
0
29
0
209
2
46
151
207
388
0
62
309
122
1
44
71
0
1
269
118
0
53
174
0
0
0
2
9
45
0
0
24
195
86
0
815
2688
1033
27
376
2266
0
131
21
8
529
69
68
211
50
2
145
0
0
54
231
0
1
5
203
282
0
5
0
554
8
4949
194
71
301
68
9
0
1325
200
112
16
4
11
74
142
0
163
21
0
135
634
4
227
138
0
0
7
62
655
471
159
0
0
845
0
0
0
2
0
33
1294
0
7
0
1
63
32
4
0
309
11
0
0
843
16
0
18
129
60
1374
237
0
0
0
0
54
74
0
5
2
0
3
0
92
0
0
156
6
0
3
118
0
52
0
4
0
2
268
0
12
0
132
0
499
189
0
90
0
2
46
22
1233
24
106
1
201
156
1
6
0
79
26
11
1
677
151
2
117
18
0
0
138
0
46
1053
0
0
1
0
0
0
38
10682
16
0
161
0
115
16
11
0
4
33
16
0
0
0
189
49
64
0
149
23
52
0
1179
0
18
0
55
45
1683
171
4
4
0
11
12
5857
0
0
3
2219
196
0
0
4
8
0
0
14
242
182
0
51
0
0
114
1
35
0
0
62
282
0
19
42
30
23
403
116
0
517
287
0
0
215
0
15
0
171
0
646
0
1
0
3
15
1
0
907
0
0
926
30
0
0
50
0
0
4
0
1
29
0
64
8
0
115
1719
0
0
386
0
0
6874
16
674
129
15
0
16
6
0
457
0
307
137
0
113
20
0
53
2192
1456
0
0
27
4
0
18
5
187
1
1
0
0
1063
592
150
322
32
0
382
110
0
0
2
12
0
0
336
0
140
1
21
0
353
0
1
22
4
26
0
3
0
104
6
0
73
0
34
0
0
2199
43
0
56
2
0
21
106
0
3
11
1
0
0
0
18
0
416
107
541
16
24
151
20
0
0
2
4
0
33
109
19
8
0
26
131
101
0
411
67
14
543
188
0
506
78
2
14
0
3
1
0
19
123
7
70
0
53
0
27
0
52
7
0
7
0
192
0
24
580
586
16
0
0
0
0
42
17
0
806
1022
58
0
0
12
41
10
0
0
2516
14
0
505
198
0
151
0
0
189
1
128
301
0
0
144
7
0
3
1
0
1
255
7
0
37
169
0
16
12
0
170
0
255
3
1
54
69
221
26
0
0
274
89
2360
16
432
2
641
0
486
26
0
119
0
64
10
1949
792
1
3
96
122
0
0
1411
0
0
433
20
25
0
49
0
0
0
112
0
0
25
160
593
0
0
57
320
137
1
120
0
0
0
6
0
0
0
23
251
21
14
0
5
32
1
0
0
0
785
0
0
51
185
418
41
34
63
150
0
152
94
120
32
16
59
537
163
6
76
0
86
606
36
310
0
0
17
3
15
214
44
0
13705
102
1
5686
155
6
0
137
271
0
323
0
0
0
93
0
1
0
6
334
0
2
0
11
0
144
5
0
0
273
4
0
329
10
76
0
45
0
3
57
0
6
0
446
15
0
59
0
15
5
0
63
0
74
164
1
2
0
227
2
1182
175
92
689
126
69
1
15
0
0
109
0
0
8
19
95
0
21
664
0
0
203
5
655
0
265
0
161
1194
20
2
0
0
109
2037
0
0
3
4
1
0
0
0
6
0
112
157
13
2
51
46
157
172
0
1602
597
0
45
269
325
0
48
21
219
1035
1
22
0
0
0
0
373
11
69
0
0
20
52
0
3
5
0
24
33
0
199
0
0
0
0
0
75
0
0
108
8
319
269
9
0
792
28
0
47
0
85
0
2
0
8
0
0
0
54
0
24
0
1754
398
0
0
1218
0
41
238
1663
52
0
10
231
0
0
0
0
0
151
655
5
176
9
143
81
0
515
58
29
5
0
0
11
0
22
2272
0
98
2251
2
0
3
1
3
1572
286
1
0
12
1157
0
463
2
161
214
70
218
0
2
235
0
37
1
0
7
1372
0
2
143
56
0
116
0
102
26
1
115
0
68
0
17
977
796
44
0
0
224
18
0
235
47
18
0
0
0
0
0
19
331
0
318
4
0
646
65
0
0
0
341
4
24
75
180
17
0
2
46
1
1070
0
0
0
287
7
0
6
0
389
1
756
0
0
177
0
0
2
4
0
998
2
0
0
19
86
0
52
0
0
6
0
55
9
0
3
0
0
2
638
272
0
12
8
0
189
0
2
3
3
426
247
579
26
68
167
0
0
119
8
346
422
0
2
238
77
144
69
653
7
923
0
786
279
16
4
0
13
0
67
40
171
114
0
137
0
4032
0
0
0
21
36
77
192
0
0
0
25
0
451
259
0
5
0
1
0
627
249
159
43
1175
3
0
0
333
4
0
3
72
187
0
17
102
21
0
0
0
0
907
722
596
44
2653
3
5
117
256
35
1
0
79
613
84
0
1
0
12
1
21
1364
0
817
0
7
39
741
16
207
0
0
4
15
113
0
0
84
1
5415
0
9
178
0
0
68
84
10
6
3
83
0
24
26
3
0
4
0
16
0
0
6
24
0
0
248
0
361
55
0
0
450
0
0
4
484
6
0
2
338
397
22
228
275
96
0
5
77
100
0
139
757
0
3
9
550
1
12
0
0
0
9
9
4204
75
152
59
352
20
0
0
0
0
2
622
16
61
2
320
0
4
215
0
163
0
99
14
0
0
0
0
0
0
0
0
1
20
0
28
0
2
0
30
77
2
29
18
0
0
0
9
3
0
39
0
38
777
5
0
0
560
0
0
13
0
0
36
0
15
62
102
1
1922
242
111
27
0
130
1
730
1
0
0
515
81
102
0
0
10
2
62
0
0
6
1085
14
0
16
54
19
389
4
0
409
317
56
0
4
66
79
10
0
0
1489
119
1
0
24
4
0
4
0
0
641
0
157
1919
599
749
33
0
6
40
49
58
0
0
0
3469
353
565
477
4
0
115
96
203
44
99
0
0
15
166
579
0
1
132
1029
0
174
743
0
0
0
167
0
1
662
324
451
274
49
2
1
121
702
60
0
31
259
5
0
19
4
144
216
0
0
91
108
0
7
53
6
312
1
6
269
217
17
0
369
0
0
33
86
53
2
2
648
0
216
0
67
915
0
0
89
1
0
335
0
0
5
5
261
0
459
2
78
0
0
0
1
2020
3
83
282
325
58
140
24
128
0
15
49
75
123
14
74
6
650
47
74
195
1483
340
1
302
0
98
161
277
180
6
0
0
151
46
92
1
40
1353
123
387
0
73
105
5
0
4
0
15
1248
5
158
423
110
567
0
48
6
0
2
35
73
21
217
0
878
2
0
0
0
97
460
0
3
0
88
0
1
7
1054
73
41
86
0
3
0
0
208
5
284
282
4
0
0
73
1
14
5
510
1
2
242
0
5
34
1
8
1
82
211
5
54
119
0
454
6
44
33
389
0
481
0
28
0
0
100
7
9
23
107
390
229
0
0
3
0
0
69
0
1016
0
211
4
0
707
41
186
5
1
88
0
52
293
260
100
18
95
1428
2
513
35
1
101
842
40
23
0
6
18
0
18
467
0
0
0
20
1
0
46
22
21
51
0
49
4
0
10
0
0
8
147
16
0
553
0
0
51
707
0
0
0
38
344
0
312
32
7
0
51
2
1640
0
0
0
0
225
0
1279
0
11
42
0
4984
0
1
164
154
3
0
12
0
363
113
142
138
23
0
0
89
22
2
0
3
1
0
0
111
1
0
0
21
1
27
0
26
20
0
0
217
8
16
4
0
6526
163
48
0
224
289
1
870
27
1359
0
0
866
2250
284
475
76
4
0
0
34
0
1222
0
0
0
133
0
0
10
23
0
1
0
53
0
1
0
0
87
0
5
1031
0
0
0
0
0
0
427
18
0
235
75
22
0
3
0
0
150
9
887
0
0
0
0
0
0
0
320
35
0
3
329
37
468
0
43
1528
192
1
0
138
1
38
0
6
26
0
0
249
202
0
36
62
2023
15
0
373
0
0
48
24
0
10
0
0
0
1
0
0
457
63
0
0
0
177
174
975
0
0
0
47
0
0
0
2
0
112
0
0
29
27
277
13
3
0
0
616
10
0
0
2179
0
1
282
0
144
6
0
85
58
0
1
0
1
32
266
3
0
0
12
14
14
0
22
442
549
0
7
0
1
6
0
206
0
0
5
105
0
0
0
7
0
23
0
0
12
34
0
0
2
34
0
0
0
32
6
23
9
0
0
0
0
66
4
0
99
0
0
0
299
0
0
367
13
20
27
0
3
10
0
180
70
6
0
274
55
82
0
0
141
7
51
42
0
0
74
561
0
24
12
13
291
0
103
29
0
7
0
31
7
93
377
497
0
0
0
10
0
0
2
27
34
0
174
0
39
5
0
0
5
0
0
4
2737
0
456
144
2
0
1
18
8
0
210
2
0
0
0
12
3
1135
863
14
175
9
7
211
2
4
0
179
0
0
93
1
7
0
0
0
52
0
0
7
21
3
140
26
0
18
51
99
1
60
1
0
0
0
0
2
0
0
0
0
53
0
211
4
29
131
0
0
0
0
0
3
1
0
0
43
7
0
978
69
0
0
0
140
48
0
54
347
42
108
422
8
0
0
97
0
68
0
20
11
0
2
5
83
189
76
126
61
0
6
0
1
736
0
126
0
0
4
161
94
0
3847
453
3370
215
63
53
217
869
1539
0
5
0
18
9
0
2
4
0
0
61
156
260
0
68
64
8
259
340
13
0
463
0
70
0
179
0
1297
8
0
112
0
0
375
484
29
77
33
3554
21
170
0
0
10
13
46
127
16
0
66
1317
3
28
2494
0
118
0
10
0
0
3
0
0
22
13
1
167
3
0
64
19
41
0
0
0
88
212
5
0
0
0
0
18
0
19
707
100
7
0
0
59
966
0
307
7
372
42
0
33
3
6
24
5
0
2718
0
0
133
0
80
203
0
0
0
22
30
27
118
0
0
430
24
139
0
129
36
0
170
0
5
0
0
0
0
108
4
288
5
88
0
0
89
1
1
0
36
0
238
0
4
0
0
5
0
0
41
0
853
8
129
4
0
15
0
3
3
147
1
6
0
0
0
2
7
13
482
4
0
126
6
102
0
10863
13
0
172
0
229
3
30
32
5
0
66
68
0
0
94
0
20
0
0
0
0
55
176
0
6
2
15
33
0
0
595
10
2
406
0
0
134
26
29
7
0
52
127
0
0
87
1
24
0
0
2
182
19
293
0
0
183
23
29
0
4
30
7
3
0
1
2
0
0
3
4
191
0
0
0
9
458
179
36
0
0
16
0
59
0
35
0
0
124
0
0
55
10
94
477
1147
2
432
0
744
185
0
503
180
370
0
0
0
983
4142
7
145
28
1
74
7
300
0
0
84
9
0
0
0
2
0
0
0
0
0
64
0
231
0
0
63
0
355
21
2
0
0
1
46
2720
244
505
0
381
433
0
2
44
2
5
51
554
0
20
1776
360
283
2688
0
286
378
0
47
0
0
9
0
0
0
99
0
0
0
23
26
2
480
0
6
26
33
23
0
5
39
1
4
0
0
85
360
0
96
195
35
59
0
125
19
1616
0
0
0
10
74
0
8
205
33
4
0
0
104
182
0
0
143
551
0
2650
1251
0
230
223
0
413
0
1176
0
0
5
0
419
421
4
0
0
877
457
0
0
89
72
21
29
0
1
4
0
203
640
0
0
1
151
0
90
0
0
183
0
375
7
0
124
317
0
0
0
17
5
23
30
12
110
302
0
449
4
460
0
8413
237
12
211
21
0
44
67
225
177
32
0
195
3013
60
113
3331
0
0
27
0
586
5
6
627
59
0
0
582
324
0
0
0
2
2
87
28
109
1049
31
14
0
97
1108
9
412
45
8
48
97
293
3
2470
4439
0
0
523
1095
186
0
0
0
15
0
693
3
0
104
142
0
0
10
0
2
11
52
0
8
3579
3312
0
1502
1131
0
621
72
9
195
2
6
230
8
1430
0
976
144
173
0
1489
0
0
234
9
1709
29
0
244
82
0
135
68
2773
53
912
37
97
0
24
286
151
1763
38
242
0
47
1
190
0
0
0
0
0
0
73
1
5
10
73
0
3
39
4
0
6
0
0
0
142
271
10
4
0
387
0
0
869
3
0
0
7
914
0
0
4
25
204
0
0
0
134
0
0
7
1625
24
273
0
0
1
0
0
0
103
15
8
0
7
0
27
103
171
0
14
10
500
6
130
9
11
15
0
10
15
30
0
62
147
0
69
48
0
4
24
0
320
2
68
62
271
6
8
0
231
0
0
1928
6
0
19
13
145
0
688
3367
172
222
110
0
550
31
27
228
95
938
0
356
0
0
58
30
0
67
117
252
0
79
0
6
6
0
0
36
5258
0
91
47
0
0
6
0
32
0
0
102
980
92
39
13
26
0
6
8
18
0
0
7612
194
185
141
0
200
1
84
469
0
21
0
3
0
1
0
101
21
39
240
787
146
188
40
0
14
231
925
0
0
6
1
1618
441
24
1
0
0
1
27
398
3159
133
9
980
0
23
11
1326
54
0
4
0
135
494
1
18
2
0
39
34
45
0
1688
557
7
0
0
1
297
19
0
47
167
0
0
54
949
482
0
4379
77
200
0
906
2
46
1
1478
32
160
0
17
0
55
0
3
2
567
84
5
0
30
0
26
1300
84
0
0
6
0
1704
0
449
0
44
145
0
389
17
107
5026
6
461
70
163
0
66
197
0
0
0
892
658
0
0
3
230
0
0
0
204
48
0
6
0
2
16
13
1
2
10
0
0
1040
0
906
33
0
4
0
98
0
0
25
0
1
5
0
56
1
0
27
226
131
0
460
27
0
0
111
0
40
0
0
0
154
0
25
0
0
415
3
0
448
36
2
59
3
63
173
0
394
0
17
0
2
763
0
0
0
962
29
3
152
29
113
0
116
2692
0
2
0
281
116
8
68
0
25
0
39
2
14
0
0
12
177
85
3
0
0
0
0
66
0
0
17
10
1
649
0
37
0
47
21
1
14
0
4
0
194
2
71
0
0
35
36
29
107
0
0
0
10
212
1
39
23
0
5
0
0
40
21
0
1494
60
0
0
311
616
126
0
14
132
133
66
0
49
111
17
0
172
0
0
63
4
0
21
0
409
0
51
0
6
0
0
154
74
98
360
455
0
0
61
302
19
2
7
6
0
3
1726
119
0
593
8
357
0
0
51
20
0
2
2
0
0
0
0
2
0
0
547
40
15
0
0
95
0
9
14
0
289
0
27
112
9
3
11
235
35
375
0
392
21
372
0
1
16
140
139
2079
25
0
0
0
0
123
0
0
0
7
15
1
137
0
17
16
18
19
0
4
16
0
0
0
0
83
6
0
33
0
146
0
72
0
355
69
106
151
0
0
115
0
107
6
0
0
165
31
340
318
0
96
672
53
0
6
94
558
10
0
35
0
1115
0
3
0
23
71
54
96
13
13
6
0
0
3
148
25
108
0
2
953
3
0
28
21
4
0
335
0
0
5
0
0
166
187
63
0
0
0
2
69
0
588
0
28
113
15
279
243
70
0
1
211
41
225
904
0
0
161
0
62
0
576
632
398
0
0
0
32
3
3
47
13
4
0
0
0
0
9
13
0
285
0
8
189
0
159
0
8
0
134
11
0
3
15
53
0
1
85
0
6
0
0
0
2
0
0
2
3
2560
208
502
0
2
3
5
0
113
0
0
41
566
0
25
2
572
76
81
1
0
119
1
17
59
1857
0
0
32
11
2
189
430
0
0
0
0
600
6
95
222
16
0
61
78
3
0
5
1
21
1007
185
0
1
0
293
4
5
3
0
0
28
52
18
46
4
71
0
3
798
90
0
22
8
18
50
45
0
56
61
270
30
343
0
23
0
9
267
0
5
8
0
0
0
0
0
0
11185
254
3
0
0
642
3128
1
13
0
5
542
47
0
1583
48
2
0
1082
4
0
28
0
8
1
423
0
1
2
0
12
4
0
2
0
0
888
0
1
7827
1
0
0
5
0
1
19
0
0
54
0
74
2076
0
0
27
145
177
1
464
2
20
11
0
43
0
249
0
0
0
1283
2
157
0
0
21
303
20
61
36
469
0
12
83
100
21
0
0
0
5
4
0
100
296
0
0
0
25
0
7
0
0
1232
0
0
1
1148
183
233
2
192
0
636
0
12
155
568
0
5
0
37
38
446
0
0
107
0
4
0
3
75
10
0
0
291
13
120
0
0
187
0
75
0
3
156
0
132
463
128
33
0
29
915
21
21
253
0
1
0
135
160
0
88
0
246
217
10
1
116
113
171
0
0
0
174
568
838
28
2419
0
17
0
1892
11
704
744
0
9
0
363
2
0
120
11
96
56
2
142
0
0
0
42
0
0
754
315
257
3
0
2261
21
74
3
294
317
401
1369
0
0
0
5782
0
1015
0
0
340
12
8
0
5
0
0
24
0
0
27
10348
101
54
0
0
197
4
256
2775
210
0
363
110
432
0
0
0
0
222
0
0
7
146
0
300
193
506
0
174
0
161
1
897
0
9
2
123
433
412
24
593
3
0
2
509
136
0
1032
0
233
4
3
13
84
0
8
0
0
0
0
172
32
19
429
0
169
1
2
2
127
0
1
0
13
0
0
0
15
66
0
197
86
24
176
4
2
3
2692
325
10
834
0
0
160
0
87
348
0
108
1035
8
548
92
13
6
157
0
3
707
2
0
1046
15
0
333
98
40
0
0
2
942
2
93
20
293
825
112
0
0
0
53
2
265
10
246
3
287
28
9
0
1562
265
0
382
11
13
0
4
43
68
7
314
346
599
3
578
7
2
0
2
1
139
199
31
712
24
161
699
219
18
154
14
10
3
0
82
0
0
3
0
10
0
312
0
529
614
0
0
4
33
0
98
22
0
21
0
1
3
0
200
130
2197
0
20
0
0
1800
10
0
2772
0
141
281
0
78
0
0
3
10
26
535
1039
75
169
228
216
0
128
115
0
1
1
41
0
0
166
0
79
111
8043
3
22
1202
423
41
0
186
0
0
17
0
189
251
229
41
191
44
63
6
0
44
40
52
173
505
5
93
67
1
1
10
0
441
80
99
0
3
0
0
0
0
24
17
217
15
82
0
0
0
0
0
105
5
0
20
18
4
566
107
0
0
1
0
240
0
0
978
392
21
204
0
4
694
203
0
0
111
0
0
6
0
1
0
270
903
85
158
0
1147
4
0
8
97
0
1003
11
116
0
4
0
8
2
77
6
22
310
48
0
20
0
0
1370
283
105
0
17
0
1
30
74
6482
0
0
0
10
48
21
133
0
0
212
0
580
1175
884
0
29
1351
1668
474
105
0
0
0
53
37
11
0
67
32
40
0
50
0
24
0
2
126
0
11
144
0
208
26
525
235
263
47
279
0
4197
42
6416
52
157
6
5
270
0
242
125
651
107
12
3
13
91
0
0
458
46
212
36
200
303
0
608
1
617
856
193
224
408
0
4
0
210
618
2
4
11
352
10
486
20
0
110
2
5
0
0
324
166
0
0
34
12
73
234
58
1
0
0
0
80
0
0
706
1027
201
202
15
35
153
523
156
701
66
0
62
45
30
0
80
47
62
6
352
27
0
0
0
6
0
13
215
0
1344
1101
230
0
1036
383
28
12
389
12
0
0
0
0
3
0
9
63
0
7
264
30
0
350
11
0
575
251
713
0
0
0
628
440
715
175
2
574
346
13
373
49
49
0
26
683
103
470
4
0
0
196
248
74
282
43
410
0
0
0
1
16
0
0
14
68
0
34
13
3
0
0
277
22
8
7
19
85
7
108
57
18
0
0
3
151
0
127
71
55
4
4
0
7
203
0
19
14
1
190
2
2
0
3
998
947
761
41
9
15
7
939
0
0
18
301
77
0
20
14
0
0
0
111
61
155
86
13
0
6
22
59
0
298
142
34
0
9
2
123
3
3
0
68
62
0
1273
19
1
154
57
2
0
159
14
69
460
113
1397
0
0
6
50
46
740
0
1216
0
2338
84
14
313
0
926
0
197
27
482
590
0
1540
1738
1
0
0
0
0
7
0
302
135
8
111
187
0
16
0
78
7
0
0
352
228
470
530
151
650
1462
569
0
7
28
2
78
175
0
0
0
3
18
46
0
2
1623
1
35
146
294
18
0
4
0
28
25
292
3
0
719
0
6
0
697
241
558
0
75
0
0
2
0
51
0
330
0
20
3
0
76
97
0
4
0
48
1063
0
235
4
0
2
0
8
0
0
0
334
384
11
7
676
12
129
198
277
0
35
0
1375
241
46
179
0
11
0
0
0
35
0
353
20
95
110
17
0
19
0
26
0
22
38
18
5
0
0
0
0
135
0
142
1
0
0
0
1249
3
0
0
71
0
0
0
2
3
0
0
1286
152
380
4573
1748
2
17
0
251
0
1
0
105
567
20
536
0
0
0
0
358
87
83
21
828
125
26
637
54
9
259
357
45
77
1
0
0
0
0
0
0
0
1
127
2
0
0
0
0
0
0
40
104
66
472
177
0
11
0
2
0
0
389
353
0
0
0
0
0
0
235
160
0
0
0
0
13
0
0
5
11
0
0
0
0
0
6
24
158
70
2
0
0
0
0
2342
654
0
632
32
0
16
82
192
392
2633
53
88
0
6
0
0
72
0
47
6
3
0
1
0
0
467
13
0
0
0
0
0
0
0
21
160
0
107
105
0
0
0
0
24
49
1
2
779
0
0
0
75
133
635
42
40
24
67
0
0
40
0
0
105
17
0
4
191
15
0
6
0
0
3
141
0
47
1
0
0
0
0
2
0
1
620
42
888
0
0
0
0
0
0
0
0
0
0
0
0
17
0
0
0
0
0
0
0
0
1
2
55
15
519
0
0
0
0
3899
23
149
26
400
132
80
53
28
5608
14508
127
0
45
38
0
0
0
925
210
90
0
0
0
115
0
0
4
157
0
0
115
17
154
155
0
7
0
0
63
16
0
0
8
5156
6
60
0
0
0
0
23
46
0
8
24
0
0
0
0
336
130
0
4
3
2
141
36
11
11
19
0
0
0
0
0
1
0
0
3
154
46
0
0
783
970
92
294
3070
0
0
10
13
0
0
0
22
2
0
0
203
34
0
0
0
13
33
0
0
0
0
0
24
12
0
0
0
316
102
350
51
68
1534
1
883
1323
9
0
0
0
0
0
0
0
0
42
0
97
0
0
0
0
2
1
0
0
2
0
0
0
445
53
2016
12
3932
4998
339
0
0
63
39
6
215
0
0
0
958
219
0
0
269
405
259
81
0
7
10
228
0
0
0
0
0
0
3
0
0
0
0
0
0
0
0
0
0
0
1
0
71
6
0
15
89
0
2
0
312
0
0
571
4
4185
598
106
40
0
106
0
0
67
3
3
1
0
0
18
0
0
40
0
0
986
947
2
2516
11
49
0
3
0
5
1
2
0
0
0
1129
781
2
3
28
3
0
0
0
0
28
48
0
0
0
0
7
102
0
0
4
0
0
0
0
0
0
0
0
0
0
52
0
0
0
0
0
0
0
0
0
0
3
0
0
0
0
0
0
3
0
1
0
4
0
0
0
0
0
0
