BitB_41_1
0
0
22
2483
33
289
21
0
0
2
0
309
22
677
0
0
981
8
2
548
1231
134
0
3
0
1325
0
56
2
5
16
5
0
44
9899
85
0
0
14
0
2
0
0
15
0
2597
0
206
29
243
0
169
0
1238
0
5
492
118
0
1690
20
0
0
0
10
25
2
2431
32
21
2612
680
79
10
26
1
1998
0
11
0
0
0
9
25
961
0
111
256
25
40
693
0
1316
0
1
1210
10
0
1143
0
24
0
14
1056
103
0
1
0
0
544
1
0
44
0
2
0
2
161
188
1088
26
4
0
220
106
438
435
0
2553
52
0
1
6
201
1
0
5
145
25
0
15
5
38
0
554
148
22
22
66
30
39
0
476
0
0
1355
1
2
36
574
3
0
0
0
164
66
58
365
0
0
0
5
185
0
0
206
92
4
0
147
517
969
0
271
69
434
340
5
219
3
0
794
232
47
0
118
0
2
0
40
65
22
5
23
25
12
13
204
46
85
0
4
54
0
0
6
70
11
1
38
721
0
19
305
0
7
0
332
30
153
1
0
105
762
677
1
621
41
0
0
0
0
6
404
0
22
130
804
7
6
231
405
37
0
250
94
2
0
0
9
159
638
263
2240
123
0
0
0
242
83
1
863
0
0
23
3
0
0
1458
182
1366
131
0
1713
0
1109
0
0
0
229
0
0
0
0
0
0
229
0
271
0
0
9
0
33
380
0
281
6
6484
0
0
1
0
0
0
274
0
198
238
0
80
1
423
93
0
144
34
16
0
58
580
597
218
0
0
445
29
15
0
0
1087
525
135
753
0
28
408
59
198
0
1669
0
61
35
51
19
1220
432
45
0
6
7
0
917
1
0
0
261
238
3077
258
1802
11
79
0
2
5
7
0
579
0
248
0
0
3225
1
132
85
73
0
379
0
1
262
751
333
209
0
400
164
52
0
2
0
4
253
11
1
3
0
0
141
5
3066
9
213
0
275
0
0
1791
249
33
0
105
0
37
2060
183
3
164
33
59
9
41
0
333
0
0
0
4
0
1199
1711
0
32
1894
189
115
0
1
0
37
2
3
16
0
0
0
0
11
22
0
0
0
21
75
0
990
1
116
0
428
0
2
0
1
0
472
325
514
49
94
1616
510
95
2
0
31
1
33
343
141
137
4
113
0
5
0
0
1552
0
1010
56
56
306
16
3
48
0
38
0
10
810
7
594
48
0
45
0
862
199
0
860
0
89
13
51
11
93
73
113
1400
0
6
143
414
302
100
0
0
0
38
0
585
182
0
0
73
0
7
0
32
0
0
1
8
1
0
0
0
767
1
414
0
237
0
0
0
685
380
44
0
183
2
303
41
51
0
39
0
208
3
1946
10
28
5
11
0
24888
0
13
0
321
0
1734
221
18
9
2
171
2
0
0
4
473
0
0
0
0
1392
8
170
349
1
0
162
14
41
35
0
16
0
31
0
17
41
0
0
7
34
0
0
75
0
37
136
165
287
164
1377
10
0
9
2
0
0
6
0
269
999
380
20
232
25
221
10
0
639
19
0
131
2
1
346
0
281
156
7
2
0
0
240
1
2
9
380
0
0
0
0
414
13
851
10
28
0
0
0
0
105
37
27
1216
0
61
134
2604
25
10
9
7
23
2
125
1
9
4
124
109
1
120
3
12
0
1
33
16
153
0
146
2267
28
52
50
2577
1969
2
0
1247
510
14
15
3
896
1
0
4
2
241
236
2
10
17
92
0
66
0
37
79
202
0
163
4
531
0
0
0
3
0
0
639
858
0
0
408
5482
1
508
95
268
127
164
89
2
0
265
3
5
72
1
14
1201
0
0
812
121
64
27
76
187
410
9
62
90
0
0
1
1155
0
108
0
3
285
13
0
0
0
87
8
0
0
8
0
62
9
0
16
0
364
69
1587
69
12
0
700
5
1
2
0
50
0
273
24
3
0
3
0
4
0
34
47
2
2
0
15
7
354
250
0
11
5
10
0
0
448
3
319
1050
621
112
395
148
542
142
1
13
489
0
165
114
3
1080
7
274
141
270
3
3
620
0
0
14
17
157
730
6
0
0
0
0
0
1200
1242
12
0
0
0
1723
0
0
2111
14
47
0
90
0
0
874
90
311
215
120
1
0
3
0
0
109
957
514
0
0
7
1
472
21
0
26
50
0
91
70
95
35
0
270
2
0
752
4
0
0
0
200
1
191
300
26
120
408
8
110
0
2
43
358
558
281
33
4
166
28
0
1594
358
0
103
1
277
0
0
30
216
0
53
0
2
1
0
0
0
0
275
124
101
0
0
15
27
25
0
5
743
60
16
348
2
3
0
0
45
16
0
1891
52
440
1116
2
227
0
0
1639
0
1478
55
4
0
1594
532
483
148
1519
0
86
0
0
3471
0
0
0
0
91
0
0
1
0
37
650
1188
997
55
0
0
0
123
67
29
1
0
0
186
1396
598
188
19
0
1
92
250
6
0
1
0
23
0
1479
695
2709
885
0
1
2
0
0
133
0
0
11
287
73
199
0
5
773
600
0
434
1133
376
134
33
155
0
0
299
2
0
36
0
0
0
3
0
41
53
15
0
5
0
0
1555
593
0
1
12
108
65
1
0
0
1
130
38
0
316
10
0
73
5
328
953
0
574
88
15
8
9
25
0
0
0
0
502
1079
116
362
215
193
353
366
285
190
5
40
202
59
115
0
0
7
0
15
2515
11
802
0
0
354
60
3
21
385
130
123
375
0
120
225
1
2
1
10
0
58
0
3
965
398
78
4
0
806
0
0
0
79
11
3253
1496
0
32
3369
26
300
83
105
62
791
390
0
0
46
0
793
25
1060
0
701
4
347
0
251
669
24
0
891
3
0
79
0
285
454
0
0
2
523
0
263
2
0
5
98
0
401
0
0
9
0
0
4
0
18
0
142
17
84
0
667
670
25
387
761
0
0
2706
1
7
0
273
72
83
0
299
0
8
0
234
37
0
1
400
0
3851
0
0
0
10
6
186
111
342
33
0
260
2
50
0
18
166
469
31
2
4
189
0
326
1377
209
0
0
3
5
1595
50
4
19
21
10
23
1
26
0
2
0
1490
0
1047
16
1
23
15
3
91
1
287
0
58
263
0
74
9
361
0
1
0
647
0
1
2
77
3
2
1
77
8
0
151
7
560
13
0
22
16
0
2481
2
3
3246
12
1021
0
142
14
38
0
0
0
170
212
0
1
10
93
31
0
0
13
0
0
52
1
268
0
0
4
13
235
4
2
0
6
151
1055
339
0
1
1
200
0
0
886
485
54
48
7949
1
64
225
25
94
43
371
0
13
50
3310
28
41
69
111
201
0
1
401
79
10
194
20
1293
28
311
270
127
0
35
0
44
1
1
1
0
318
2
24
0
2215
4
50
737
71
33
0
2
0
9
44
0
213
0
0
271
37
0
1
0
2
31
0
460
0
8
55
0
23
0
0
5
0
0
27
1
0
32
0
0
1
1
0
0
8
337
5
777
3
104
73
127
0
0
126
0
2207
39
0
0
0
1
17
4
393
106
447
0
1090
15
144
836
0
0
0
1694
0
140
359
4058
7823
0
0
0
32
0
13
0
1
32
2
1
1312
365
1894
7
11
327
0
13
0
202
698
157
1400
0
1206
0
142
6
36
173
0
11
0
0
0
0
0
0
798
277
0
345
128
0
0
7
270
585
570
32
412
3898
2
538
0
230
377
114
471
632
0
24
4
183
89
0
2
446
78
69
0
2
40
197
806
0
0
0
37
427
0
1552
0
0
23
11
0
845
4285
0
177
0
0
7
481
0
604
0
62
5
2
1294
52
9
13
0
6
8
13
514
5
2
0
15
0
0
17
286
45
10
0
7
10
1
2
0
147
3
5
23
0
30
50
124
0
0
0
0
66
0
5
0
0
113
443
8
736
1574
215
973
343
5129
0
54
10
195
16
0
1319
0
192
48
0
2
5
0
645
60
1
54
320
0
87
4
3
0
0
56
0
0
1997
417
0
0
469
3227
264
2
0
22
1
91
0
1620
0
665
10
0
22
0
112
0
0
0
0
33
0
0
0
2
10
784
95
21
0
191
22
75
39
7
23
200
1
165
0
106
6215
1835
0
232
1
0
1
1041
70
0
0
0
0
28
863
20
1
0
12
0
0
0
2
0
20
39
1
0
197
188
2273
3516
173
526
0
0
37
24
10
0
0
0
0
162
116
0
774
48
1151
49
0
0
146
35
5
143
1
1
155
319
0
0
65
1
5
3
554
0
0
14
0
100
81
0
13
4
0
40
511
0
0
0
0
43
1139
19
19
1
193
1
601
53
645
0
58
2297
383
0
0
5118
241
208
3857
36
0
22
0
0
0
2
54
1
21
6
0
162
1644
6
0
0
0
0
0
18
103
305
0
0
53
26
7
0
259
851
167
498
323
33
0
0
3
508
1
0
0
40
26
7
37
3
1
0
0
41
15
146
25
0
2
1
0
0
0
0
87
0
6
0
124
0
119
0
2
51
465
0
26
1
474
0
1072
1
3
40
0
0
0
0
0
972
2
2
17
36
0
234
320
27
0
50
0
0
0
0
178
0
689
641
878
163
0
85
95
2
2
10
293
175
0
9
0
3119
0
19
0
59
3
46
4
55
5
1
0
352
3
346
135
604
422
5
0
0
5
0
1
82
236
122
0
27
0
41
43
0
0
162
0
13
0
0
177
33
11
124
142
771
2
0
174
0
402
1
0
0
59
17
94
138
292
3
2350
57
0
7
84
0
0
6
289
3485
12
4
66
4
1
5
1
8
0
15
252
10
3
1396
237
11
930
0
32
35
0
0
423
0
141
0
2
5
12
18
0
0
6
1323
0
146
791
9
0
3277
145
0
0
0
9
9
10
694
60
42
0
0
0
0
0
0
4
319
0
0
41
0
13
9
0
10
41
0
0
0
881
1
8
0
10
86
953
199
6164
10
1186
40
6
8
8
4
39
1239
1
935
1526
0
26
107
1
626
1
1
8
859
1
63
91
0
0
1792
0
95
209
0
0
56
219
0
10
333
297
0
969
1
849
0
2009
24
0
257
1
26
122
473
11
626
5
6
0
1880
284
98
16
2302
0
24
12
1193
112
0
150
2
113
201
272
0
3
1
6
23
126
0
9
2006
318
1624
457
0
0
0
2
9
56
0
309
245
16
925
694
0
56
137
102
0
0
4
0
1023
0
121
0
212
2
17
0
5
8
0
0
1734
551
0
5
160
10
11
0
73
9
402
44
12
0
334
227
0
6
1
0
0
0
1259
533
9
0
1000
29
411
211
80
71
0
1
20
0
20
0
2
8
11
4
49
109
1
0
74
424
0
0
350
0
1
7
638
612
77
0
0
673
1
138
462
3
0
104
0
0
1
93
267
17
0
0
0
5
31
152
1
0
0
148
11
0
0
0
15
0
388
38
26
0
0
108
3504
7
192
0
28
0
49
13
5
1333
3
0
16
183
85
2
3
0
10
185
3
35
0
175
0
1061
0
3
169
15
9
3
0
9
1
0
7
125
18
1
36
0
0
16
34
9
0
0
505
1
6
0
209
14
16361
0
36
150
297
0
83
2
0
0
0
379
110
849
3
231
0
0
166
8
0
40
0
155
1620
0
138
0
272
0
1829
5
639
155
0
16
0
0
0
0
5
0
3
0
14
0
0
7
557
676
64
1
0
481
49
0
306
1208
12
213
59
0
2213
110
0
64
2
0
0
293
22
277
1
27
7
0
2
1012
538
2
1181
61
64
0
0
101
528
0
371
0
0
666
23
246
104
0
143
0
0
118
194
12
14
22
0
0
0
2
257
349
388
0
15
0
80
0
0
79
0
58
36
0
443
91
27
27
66
0
2
1889
262
0
105
1
108
599
12
43
2349
191
0
0
4
506
125
0
2
32
6
0
0
0
93
147
0
126
1
0
1
0
5
432
5
142
2
0
25
30
237
0
5
0
0
221
586
57
29
2
0
273
0
0
0
15
340
3138
0
3
1311
17
95
254
0
170
0
0
1
896
34
2
10
143
132
22
0
0
10
3
2
1399
0
0
1696
9
39
27
3707
129
0
0
336
2651
118
1511
464
0
33
24
554
2
47
43
23
9
0
0
0
348
0
0
2537
0
3108
0
0
11
0
18
2
162
192
0
533
142
73
1
140
622
5712
11
25
98
18
913
158
0
11
0
215
2
0
1
337
264
0
354
2
42
15
150
0
56
522
827
59
81
278
0
400
8
1169
658
11
1505
0
410
277
261
229
8
1
10
0
1
52
117
6
0
125
0
5
31
44
0
1
3781
321
213
306
87
114
3
0
33
63
0
840
0
6
0
0
2
3282
0
116
166
0
832
0
14
416
61
43
712
6
0
295
0
1
0
1
19
0
0
0
30
246
56
0
114
0
0
181
3
3
0
838
193
1315
212
3
1170
33
0
1
88
24
0
0
0
2
21
160
0
0
6
0
0
0
9
7
70
1070
88
155
8
93
0
5794
0
0
7
90
0
10
163
0
188
7
58
74
0
1091
331
74
376
80
0
0
441
1049
614
138
0
0
126
0
0
0
0
1431
2
2328
510
384
116
487
0
0
0
0
27
0
375
0
1
116
109
12
126
1
560
23
0
12
96
0
220
0
70
8
707
95
0
2255
64
0
31
11268
6
109
1800
831
665
262
318
1019
39
986
0
727
2557
1
118
38
0
0
0
127
0
120
131
3351
0
27
290
204
0
2642
165
130
0
0
1
0
2354
4
7
690
0
462
0
24
8
0
1386
50
1
0
963
87
0
0
0
0
167
0
168
2
1452
7
205
48
1119
0
1
128
846
0
5
10
63
242
65
1
55
369
127
0
1
321
51
210
0
2
8
40
0
44
243
0
132
0
0
0
0
0
2
1
0
42
0
0
0
1
18
0
3
1190
21
0
1
2376
0
0
1
10
0
99
1
123
1
5
58
0
2
2
1
0
0
242
52
0
0
0
217
0
0
3
147
81
2
0
0
457
0
0
0
12
0
0
0
0
12
0
5
0
0
50
3
0
35
862
0
0
28
0
6
284
19
470
15
2
12
0
80
0
0
0
84
0
210
0
0
5
0
11
2
43
0
0
334
52
0
458
26
0
2187
58
11
0
61
399
0
0
20
0
0
75
21
97
0
153
26
0
9
2382
561
14
2
243
0
2
55
0
13
72
0
54
0
0
0
2
664
0
3
0
0
1224
1
195
17
5
1
0
59
1491
361
127
0
0
7
0
0
0
1
0
0
260
1
0
192
0
0
0
0
0
96
2394
60
2
0
27
0
0
0
0
0
0
3
0
0
0
0
0
0
7
0
0
8
38
0
0
0
54
5
83
0
0
0
0
0
0
0
18
2
0
1
0
0
2
158
0
2
13
31
371
2
0
2
4
0
0
11
0
0
0
0
0
0
0
0
2
0
29
3
0
0
12
0
0
0
0
0
0
0
0
0
0
2
0
0
0
5
1
0
0
2271
0
0
0
43
0
0
0
0
1071
0
0
253
83
0
48
39
0
0
0
0
0
0
0
82
113
1
0
1
6
456
64
0
36
0
1
0
0
0
0
2
0
0
0
0
15
0
0
0
866
0
10
0
0
0
0
0
0
68
0
114
0
42
0
36
0
5
0
0
211
0
2
0
0
13
2
0
0
0
54
9
0
17
0
4
56
0
0
0
9
48
0
44
0
2
1
231
0
13
0
456
0
0
4
0
8
0
0
0
1
139
0
0
1
0
346
0
2
1720
330
0
0
51
62
0
1
0
0
0
75
0
0
71
0
65
3
0
0
0
11
0
0
2
1
0
70
0
0
547
0
5
0
0
0
2
0
3
0
0
0
0
0
0
0
3
0
0
9
92
0
28
0
0
252
0
2
0
0
0
321
0
0
7
0
0
0
0
0
0
10
0
0
20
2
0
85
5
3
0
0
74
3
0
1
55
0
0
7
0
0
0
17
4
0
2
0
0
0
0
0
0
0
0
0
0
1
0
0
0
5
0
0
1
0
258
6
0
36
6
4
0
0
0
38
0
0
0
5
0
0
0
0
1
0
0
0
0
0
0
57
0
60
0
3
0
0
88
0
0
0
208
0
4
0
0
0
8
1
4
0
1
11
1
0
0
0
0
0
2
0
0
0
6
0
1090
0
1
0
0
0
0
1
0
0
0
0
31
32
0
0
12
0
20
364
0
0
0
0
0
0
5
1
1
0
1
0
0
17
2
320
154
0
0
0
0
0
0
0
0
432
0
0
1
0
0
0
0
0
0
762
20
0
943
0
0
61
0
0
0
0
0
0
0
0
0
2
0
0
2
3
23
0
7
0
0
0
0
0
0
0
0
125
0
0
1
77
19
0
147
0
85
0
0
0
0
0
9
0
0
0
0
0
0
15
5
0
0
0
73
0
0
176
0
0
0
5
3
0
1
2
0
0
0
133
0
0
2
0
116
0
0
0
0
159
0
0
0
0
0
0
0
0
0
0
77
4
0
0
0
267
426
0
0
0
0
15
0
0
0
0
0
1
0
0
21
1
66
1
0
33
0
99
65
0
8
3491
0
0
0
0
802
0
27
0
0
0
0
0
7
0
0
1
253
4
9
0
0
13
0
173
0
0
0
1
1
0
0
0
0
0
2
20
0
7
1
0
0
537
0
0
0
0
0
0
0
0
2328
2
64
2
0
0
0
0
0
0
0
111
0
0
331
0
0
167
7
920
0
0
0
0
0
23
0
0
6
0
648
0
0
0
0
0
0
3
0
4
89
24
0
0
2
0
0
3
0
0
3
88
1592
0
0
10
40
1295
0
769
1
0
2
111
0
0
10
4
52
0
0
0
1
47
6
0
3
28
0
0
0
0
0
3
0
26
0
0
0
0
29
0
43
0
3
21
0
10
0
0
2
0
0
1234
3
0
0
648
0
0
3
0
0
6
0
0
0
0
69
0
0
0
0
89
1486
199
0
0
0
0
0
0
0
0
463
0
66
0
0
0
0
0
893
1
369
0
0
9
0
0
7
0
0
8
0
3063
0
0
0
0
0
0
98
0
0
0
75
0
86
5
0
48
0
999
0
0
1
51
0
1
3
0
0
3
0
0
2
0
0
0
0
154
0
0
0
0
647
0
0
0
288
0
0
1
52
483
0
22
0
1
0
0
0
4
0
0
477
0
22
0
0
0
0
0
316
209
0
0
49
0
572
0
1
0
0
9
1
0
60
0
0
0
0
86
9
0
3
0
0
11
0
0
0
69
28
2
0
1025
1
122
34
5
0
0
0
0
0
0
0
0
100
0
0
8
29
0
0
0
0
0
0
0
0
0
0
1462
0
6
7
0
0
0
2508
149
13
3
0
0
0
0
7
23
0
20
0
1
0
0
0
0
0
0
1
0
1
0
175
1
0
1
0
1159
15
0
0
4
9
0
6
0
0
0
17
5
0
0
0
0
0
59
0
187
3
0
7
0
0
1931
80
0
0
78
309
0
80
34
0
0
64
0
0
0
3
3
47
56
0
0
0
0
0
0
0
1
0
0
0
0
0
270
97
0
1205
2
0
0
0
0
62
0
0
0
0
1
0
0
0
0
23
224
19
247
0
0
2
6
0
0
0
0
248
0
2
0
87
1
0
0
0
0
1
0
0
0
3
0
1
4
30
75
0
0
2
0
0
0
191
0
567
0
0
0
0
1
0
0
747
0
0
104
0
0
1
6
0
0
919
0
0
9
0
0
0
0
0
38
138
7
73
0
2
0
5
13
123
1
0
0
0
0
0
0
0
585
383
9
0
183
0
0
0
0
0
6
1
78
1146
3
0
0
0
0
0
268
0
0
0
0
0
0
81
2
1
1
1
0
0
0
64
0
1
0
0
238
0
0
0
0
10
7
0
0
0
0
25
1
0
158
0
0
2
4
0
0
11
0
0
0
0
0
11
0
0
0
0
3
0
3
0
0
0
1
0
1
62
0
0
22
68
0
0
0
65
0
0
7
0
0
199
0
0
0
13
364
6
0
0
17
0
6
1
4
5
30
1
1
0
105
0
199
1
0
36
0
183
0
869
156
0
0
5
1
91
0
0
0
0
21
0
2
0
1
0
0
0
0
26
424
859
0
4
0
1
6
0
8
0
0
0
6
0
0
0
0
5
4
604
56
555
0
0
0
123
0
0
8
0
19
9
0
506
752
3
0
0
0
0
7
642
1
35
32
0
1
1
1
10
0
1
1
181
0
2
0
7
0
5
0
21
9
0
0
188
0
1
0
1
16
0
1
1
0
3
2
0
0
1
0
0
0
0
2
9
8
0
0
2
32
125
2
0
0
151
0
0
209
1
0
1
0
389
2
0
0
0
89
892
0
1198
0
0
0
0
0
0
0
1
0
9
0
0
2
2
2
0
116
2
12
0
0
3
0
0
0
26
4
89
0
0
5
0
558
0
0
123
0
0
30
41
1
723
57
0
0
0
0
0
0
0
0
609
0
0
0
31
76
0
0
0
0
92
278
5
0
9
14
12
0
2367
4
27
0
0
111
0
292
730
62
230
1
0
40
0
356
0
0
12
0
0
2
0
0
0
0
899
0
0
1
0
2
0
0
0
3
4
105
1089
0
4
0
0
0
85
0
0
268
49
0
0
14
0
0
136
0
0
0
0
0
0
0
1
0
0
2
1
11
320
11
19
0
0
0
0
0
18
45
0
0
0
77
16
0
0
7
0
0
0
0
3
0
0
177
424
0
0
0
0
0
1
0
81
353
0
47
107
0
0
0
385
0
0
0
32
0
17
0
149
2
0
0
141
0
0
0
0
0
1
0
0
0
0
0
0
0
7073
281
0
0
2
0
0
0
1
76
501
546
0
1
417
1
23
0
0
0
0
0
0
0
255
0
8
89
69
0
0
17
1
919
0
2
0
1
0
1212
4
22
0
0
1327
34
0
0
1
0
0
0
0
383
16
3
95
0
2
0
120
0
0
75
0
0
1
4
0
0
55
2
10
77
0
0
0
0
0
0
302
0
1578
48
0
0
4
0
0
219
1025
0
0
3
3
2323
0
0
90
0
0
1
453
0
1102
522
5
0
171
1
0
0
1
0
0
2
0
2
1171
0
0
0
42
0
0
0
0
1
4
0
0
0
38
1
687
9
0
0
1
0
7
0
0
0
0
16
344
11
0
0
0
61
0
0
1
0
51
0
0
12
0
0
15
2
0
0
1141
0
1
2
0
100
0
369
0
14
1
100
0
0
0
53
0
0
1
0
71
0
24
0
1
0
463
0
0
0
0
0
0
0
368
31
0
233
1
3
515
0
1
2051
0
0
16
20
0
2
0
0
0
0
0
0
0
0
12
0
0
0
0
0
0
6
0
1
1
0
384
1
0
0
93
0
0
0
0
0
0
0
0
0
0
0
26
0
0
0
0
0
0
2
276
0
3
1
0
616
1
1
0
0
161
0
0
0
2
0
10
307
0
10
0
0
0
9
1487
37
53
0
1011
0
0
13
0
0
0
5
2
48
0
7
0
0
0
0
0
10
0
421
0
0
17
2
0
0
0
0
1149
32
2313
0
3
0
0
80
122
0
0
64
1057
0
1
3
13
0
0
0
0
0
1
31
0
1531
1
22
3
5597
0
13
31
0
0
0
0
0
0
0
0
17
0
61
0
247
0
43
164
0
0
0
54
1
0
0
137
2
0
106
33
0
201
0
0
0
11
0
0
0
27
159
358
0
0
0
0
4
0
0
0
0
1
4
0
32
0
48
0
0
0
0
0
0
55
0
0
0
0
0
22
422
0
0
0
11
0
0
0
0
0
0
8
1
0
0
0
100
0
3
0
2
0
22
2
0
0
0
0
0
0
0
0
0
0
0
0
0
0
0
9
18
0
0
0
0
3
0
0
0
0
0
0
0
1
0
19
0
0
0
1
208
629
0
0
0
10
0
1
0
0
0
0
0
0
0
0
0
0
0
5
0
164
0
687
0
324
0
0
221
0
0
169
1
0
0
0
0
0
1431
0
27
0
0
0
0
0
9
0
0
452
0
91
1
0
0
0
0
0
0
687
0
0
0
2
0
0
0
0
0
0
7
0
0
0
0
0
0
4
0
0
0
0
0
0
0
0
0
229
2
0
0
0
0
3
11
0
0
0
0
0
396
0
1528
0
0
0
0
0
0
0
0
0
1
0
99
0
0
0
0
132
0
240
0
0
0
0
0
0
381
1
0
65
0
0
0
9653
0
0
0
0
3
0
145
16
8
139
0
0
7
2
11
157
130
1
0
0
161
0
0
0
0
0
387
0
0
0
0
13
0
456
0
27
0
0
0
405
0
0
21
1
222
0
2173
0
6
0
172
16
0
0
0
1
0
0
0
0
0
0
0
0
0
2
0
0
0
0
0
0
0
3
0
0
401
0
319
0
0
4
2
0
0
0
1
0
272
0
0
0
0
0
0
1
0
0
0
10
0
0
0
0
0
3
0
0
0
4
0
106
0
0
0
0
1
0
191
0
0
1
1
0
1
0
1
0
1
0
0
0
0
0
0
9
8
0
0
8
0
0
0
0
0
0
0
0
0
1
2
0
0
0
0
0
0
8
0
0
0
0
1
0
2
0
0
0
0
0
0
0
1
0
0
0
3
0
0
0
54
0
0
27
0
0
0
6
0
0
2
0
150
364
0
3
4
0
1
24
0
0
166
0
1
0
0
0
0
1
0
0
0
0
0
0
0
101
0
0
0
0
2
0
1
0
364
0
0
23
40
34
0
0
0
0
0
11
0
0
0
0
0
26
0
0
0
0
0
0
1247
0
0
0
0
0
2
26
0
0
0
0
0
1
1
0
0
0
0
3
0
432
4
41
0
10
0
0
0
188
0
0
0
0
0
0
1
442
0
0
0
0
0
1026
0
4
542
72
0
2
0
4
0
0
4
31
0
0
0
0
0
0
7
0
518
0
0
0
0
0
0
178
0
0
1
0
1
0
6
0
0
44
0
420
0
5
1
329
4
0
0
0
0
0
35
188
0
0
5
0
0
0
0
0
6
0
0
1
3
1
26
0
1
0
0
0
0
0
1
0
0
0
0
0
3129
99
85
0
37
0
0
121
8
0
5
2
9
696
11
0
0
2
8
2
2
0
0
0
0
0
0
10
486
12
0
339
0
972
83
393
4
0
0
0
0
15
1
0
294
9
2
96
2
107
0
0
254
350
75
770
0
0
0
182
2
1
6
2
0
0
10
0
41
158
0
88
0
2
0
85
0
6
0
0
128
0
0
0
928
2
66
0
0
7
0
0
86
0
230
60
290
0
38
0
2
0
0
0
300
20
89
21
30
0
12
0
44
0
0
360
27
0
0
106
0
140
5
1618
146
0
0
0
78
2
9
10
1
0
0
0
0
224
0
248
1
1405
0
0
0
0
0
16
40
1
0
0
0
0
0
2
0
167
126
18
0
0
883
0
5
1
0
0
8
0
0
622
0
6
0
3
0
1
13
151
0
0
249
0
18
0
227
0
12
0
120
0
0
24
0
0
445
238
3
0
0
9
0
0
23
0
0
1
0
4
888
0
0
6
0
0
9
2
1
7
0
0
566
1027
0
4
372
0
222
1
110
1
150
0
58
0
0
17
418
4
58
0
0
2
364
0
1
0
44
1
70
0
2
0
0
0
0
0
0
284
0
0
0
0
0
0
0
0
0
80
0
0
0
0
0
9
1
0
2992
6
1198
1
1
0
0
22
47
0
1039
13
1
0
8
0
0
75
0
4048
79
519
1
0
248
45
58
9
13
0
2119
0
335
248
368
0
224
0
131
1485
494
0
0
0
0
1256
0
2541
0
2
0
0
9
85
6
0
0
0
0
135
4
21
11
12
102
643
0
1061
0
4
0
278
51
0
1
200
74
0
782
0
33
78
0
2
0
53
0
0
2
1
0
354
0
2
2
2561
0
0
5
70
0
84
148
34
14
1
78
177
0
0
3
1
1
0
1
4
0
2
1
0
35
0
0
2
448
33
30
0
71
0
0
0
646
0
1
71
0
24
0
0
274
66
10
83
0
1
0
0
425
6
49
0
0
0
2
0
0
0
17
0
295
222
21
0
3
215
132
0
1
122
7
87
0
35
0
325
9
0
35
0
0
2
40
1568
0
42
0
11
905
44
33
7
66
1
5211
22
0
13
0
8
686
0
0
70
77
432
0
135
791
4
0
13
28
59
0
380
1
0
0
0
0
0
29
152
0
0
209
0
68
3
4
64
0
0
0
1
0
105
0
77
112
2
3
0
0
0
0
0
910
19
669
1286
734
27
0
29
10
0
12
0
0
0
1784
1176
0
200
2
2
4
1421
0
0
87
0
0
0
38
0
12
1
6
0
134
0
33
0
18
0
0
78
0
0
96
1
141
874
36
0
0
24
426
344
3
0
0
0
0
0
621
33
0
1238
0
0
0
77
3
694
8
0
0
0
86
22
385
1522
1
0
0
0
0
64
0
0
0
0
2
0
28
0
2214
0
31
251
0
0
0
1
61
214
0
1
0
0
19
0
19
539
0
0
0
0
27
1
30
0
33
1
1
0
99
22
0
1
1
0
1028
0
0
61
0
0
0
0
66
1
123
71
0
0
1
1
13
381
0
0
0
0
317
4
0
37
0
25
6
28
129
0
53
0
0
0
0
60
0
22
380
0
2
3
0
0
0
103
0
158
28
4
0
0
166
8
0
0
0
402
127
7
1
0
2
2
0
393
17
0
3
5
2
0
0
0
0
0
161
0
0
4
2
0
5
2
2734
0
47
0
0
0
20
0
0
0
0
971
0
0
0
120
0
84
0
2
0
0
134
0
0
2
0
1
0
0
0
103
0
0
0
829
0
15
6
0
173
0
1937
0
0
0
1
1754
133
1
198
31
0
0
12
8
611
2
57
8
1
0
0
0
0
38
4
26
761
142
111
0
0
34
0
21
0
0
384
919
0
78
0
0
0
25
0
11
226
0
0
54
1
598
24
121
0
0
470
376
4
93
0
1047
0
20
0
0
3
0
3
2
215
706
42
42
10
0
0
1
1
165
55
0
0
0
726
2
0
76
0
1
131
56
1
276
4
0
835
2
0
69
0
0
0
0
0
854
0
5
0
3
0
0
0
31
0
0
800
0
0
0
0
2
0
44
0
94
48
5
1
0
9
0
0
0
644
181
2
12
23
238
0
34
10
0
0
0
2
0
1
3
7
0
1
0
1
29
0
0
251
5
19
1
4
18
0
0
0
0
0
11
0
2
1
16
0
9
53
11
0
0
1
0
0
0
0
113
1
0
3
3
0
0
0
0
0
25
94
0
1
12
1
1463
0
0
41
79
3
18
0
0
0
0
0
0
0
0
8
8
0
28
33
0
0
0
32
0
292
1
0
0
734
62
0
0
3
42
15
0
0
35
992
0
39
0
147
45
1965
248
705
0
4
536
24
3
275
0
0
4
43
0
3
37
0
0
130
0
1
0
15
0
0
28
0
1
0
0
16
0
0
0
0
0
106
168
48
2
0
0
16
151
0
90
207
0
0
0
0
11
0
0
71
0
62
3
1
29
47
224
3
1
9
2
0
0
35
29
2207
1
20
25
8
0
0
0
1
0
23
781
0
0
0
0
0
0
74
188
4
28
0
472
337
0
0
1
146
3305
0
693
0
0
38
321
29
0
5
28
0
0
6
43
0
0
29
0
2
5
0
8
421
155
690
2
1
189
2
2
0
10
0
0
61
0
0
0
16
128
30
0
11
0
0
12
443
0
0
0
2
1
0
505
0
0
329
154
1272
752
5
0
92
4
39
0
9
0
221
2
0
1
0
0
10
0
1
0
0
0
51
10
385
0
2
0
105
15
5
1463
0
3005
0
0
0
97
87
13
0
1808
0
0
74
108
849
18
1
819
33
23
0
58
4
405
11
0
1
0
0
10
1391
0
208
0
73
38
2
0
10
276
0
146
7
1214
541
1
2
0
38
0
1
7
1
452
409
1156
18
117
0
116
0
54
0
0
245
175
0
0
0
463
1
1
0
65
12
109
0
1443
0
1
4
2
9
94
0
235
59
27
10
417
140
103
39
43
0
324
0
0
0
231
1
0
72
1
1
0
183
0
0
4
0
0
0
23
860
34
1
683
256
0
1048
0
0
0
7
2
666
279
0
392
15
0
0
0
0
0
60
13
21
0
136
0
0
0
1
8
0
445
0
1
476
0
0
0
15
0
1
0
22
31
0
0
0
0
148
0
0
669
1
4
0
4
4
0
69
0
87
1
5
58
0
25
0
6
0
688
64
318
0
0
822
267
0
118
34
0
0
0
0
21
4
7
1
2
0
0
33
4
91
0
110
0
31
27
37
0
24
0
0
4
0
19
50
11
121
1278
840
75
131
1
3
0
20
0
364
0
0
2
0
809
2
104
560
114
597
489
0
1
8
0
122
0
11
0
1
568
75
1
0
100
22
0
18
0
85
106
295
0
0
0
1
97
1
0
0
352
23
0
15
52
0
131
0
48
14
5
0
24
0
0
246
806
0
25
0
368
4
0
0
0
1
324
0
0
2
0
0
0
0
0
0
1
1
0
0
17
976
144
478
1
0
0
0
78
36
0
0
0
0
0
89
114
0
0
3
25
0
0
0
0
50
1
0
0
0
1
2
0
0
60
0
1
16
48
23
5
0
0
13
126
8
0
23
0
214
1
0
0
0
0
209
0
493
2
234
1
185
29
4
721
366
242
0
0
35
0
0
0
36
0
13
20
16
2
34
86
30
1
18
212
0
26
0
43
1089
2
0
0
26
13
25
83
7
36
98
30
9
0
1
61
0
594
3
1
0
21
1
0
8
0
0
99
13
98
4
2
0
0
0
43
73
8
250
0
0
362
0
792
0
1
20
365
0
0
15
0
0
0
35
0
0
262
2
0
0
0
0
23
0
0
0
0
1
5271
8
40
0
0
0
6
258
11
126
214
123
1548
83
0
77
0
419
43
0
460
1
47
0
23
0
147
0
60
0
0
0
2
1
8
0
14
6
89
0
0
1
0
171
34
17
323
0
0
0
274
0
0
0
0
47
0
189
1374
0
329
0
0
62
75
13
0
0
19
7
0
0
0
122
1
0
0
61
0
0
0
0
0
0
13
163
70
141
1
7
594
0
1
4
10
0
973
0
0
0
130
0
297
206
7
0
11
0
0
0
1
0
0
483
65
465
0
252
0
0
7
1691
8
14
1
0
16
0
4
0
0
0
0
432
5
1
98
0
0
0
3
0
2
1
3
152
0
0
43
0
848
0
0
0
0
529
0
255
40
0
0
2
0
0
0
699
0
0
0
1
0
0
1
0
0
16
0
5
1
9
3
471
7
0
88
0
38
17
0
57
0
1
0
0
0
41
0
0
0
0
0
2
0
8
21
2
691
0
0
2312
0
0
0
87
0
0
14
410
29
129
0
64
50
0
1
0
0
19
1
5
152
3
4
0
0
0
0
0
0
0
4
1
2729
0
21
426
9
0
0
0
6
0
0
290
0
0
1042
0
0
2
0
256
5
0
0
0
0
2
62
31
0
2
5
0
1
0
662
0
84
0
1
66
0
0
1
131
6
12
8
62
374
0
13
4
199
19
0
11
0
0
0
0
0
4
0
0
978
3
0
0
0
1
35
2
0
2
473
0
1
0
0
416
14
0
0
0
209
943
0
18
0
0
68
132
84
273
2
0
0
4
15
0
0
498
34
75
28
0
335
505
0
0
1
13
3
1
0
27
1347
0
0
0
0
0
0
189
4
0
0
0
0
561
9
0
287
336
283
107
0
10
0
3
19
8
0
69
243
1
72
41
150
823
0
0
1202
0
16
1
0
0
0
325
1
1424
0
155
870
13
99
0
0
1
4
12
2
73
0
0
0
64
4143
0
518
148
3
0
13
0
115
0
0
0
0
0
0
558
5
2
0
0
0
0
36
0
9
42
0
1284
0
4
0
0
121
65
0
133
0
0
0
0
0
0
1
0
0
0
107
0
117
0
19
42
157
169
0
92
0
0
0
0
8
0
106
0
1
11
108
0
0
262
0
1
0
1
9
5
0
470
49
0
65
90
0
0
72
1084
0
0
0
9
1
0
26
992
33
23
0
0
0
6
0
6
129
772
0
410
43
374
15
2
0
1
1
0
0
152
2431
2
0
0
0
0
252
493
19
2
2
0
0
15
422
0
7652
0
2
863
597
0
0
0
0
2
0
1
44
0
1
6
0
0
158
0
0
146
54
3
583
0
286
0
133
0
0
0
0
0
0
296
3340
0
329
0
287
11
105
549
0
0
0
0
183
203
0
15
275
16
1
9
3
335
276
0
0
0
81
0
0
0
1
0
0
0
12
0
0
11
0
8
0
0
0
972
1
0
0
471
7
19
0
219
0
0
23
1207
0
0
0
303
136
1
0
0
4
1
81
229
1948
0
0
76
0
273
1
9594
0
6
328
1
0
0
1
2
0
0
3
0
154
0
849
225
0
34
8
40
0
138
0
152
686
4977
3
194
918
0
0
1
34
0
60
1
0
1
0
1
0
582
0
8
0
0
6
58
0
0
66
5
11
4
13
192
107
0
4
0
0
11
579
1
373
25
5
0
0
0
867
0
0
283
0
0
0
1
1301
0
41
0
0
127
0
0
0
0
83
0
1
0
370
2
0
20
0
30
1
0
3
103
0
1
284
211
0
0
10
25
125
4
0
0
1
76
0
63
0
0
10
11
0
0
403
140
0
13
1109
19
141
462
232
0
0
0
0
2
2
0
442
277
0
2
0
0
17
282
15
0
27
1
1712
1
2
1
0
291
129
72
1
632
24
0
0
134
6
0
0
0
0
9
392
77
43
13
686
0
0
2
0
0
0
560
0
4
123
370
23
0
92
0
0
3
411
212
137
1
5
0
4
213
0
2
872
0
0
0
384
1
0
0
5
0
1896
1261
0
3
20
309
0
0
0
1
0
34
810
456
0
364
0
26
0
0
78
0
8
0
0
0
14
2
0
0
0
0
2
102
9
0
0
0
142
0
0
0
1
0
1
1565
66
0
2
391
1
254
83
18
1
96
21
0
2
0
0
153
42
0
8
222
1368
0
0
0
0
2
0
0
0
0
0
1
0
50
0
631
0
0
0
526
0
0
101
0
8
0
1
0
0
0
549
499
8
967
0
1
24
0
10
0
0
0
0
26
0
0
0
0
0
0
1035
58
3
77
0
0
0
14
0
108
69
0
3
446
0
0
0
241
0
0
8
6
2
487
4
0
501
4
0
0
4
0
2
0
0
1
19
1
0
0
0
1
0
0
0
0
1
0
4
129
0
0
9
0
0
10
0
0
0
120
5
9
1
886
0
2
1726
0
56
0
1
90
0
0
0
24
22
0
9
1304
0
69
0
0
105
7
0
118
0
342
2
2
1
10
655
0
0
0
0
0
76
327
28
0
0
0
33
393
1312
7
21
5
0
13
5
3
0
27
32
0
4
19
17
0
0
0
165
0
0
0
7
21
0
250
0
0
13
17
1885
94
18
162
0
0
84
1044
0
0
1412
0
2
0
29
103
0
0
58
0
0
4
17
0
32
0
11
0
0
0
34
6
1
0
0
855
0
5
0
51
0
0
31
10
0
0
0
0
49
0
4
0
1
87
19
1
0
2
355
0
189
27
4
0
34
0
0
0
18
54
0
0
0
20
0
505
0
0
2
168
1486
0
0
94
0
129
0
0
0
0
532
0
0
0
0
55
28
12
39
43
0
355
0
0
0
361
112
57
1
19
21
1
21
0
0
61
0
4
0
47
466
0
0
0
57
0
1159
0
0
282
0
0
0
0
11
2
0
5
10
7
781
0
12
4
0
372
8
0
0
134
0
0
0
0
421
0
1062
992
174
150
0
0
117
2607
0
0
0
34
0
0
0
0
117
0
255
12
0
279
741
0
1
0
1
6
0
179
0
0
100
0
1
395
0
5
0
42
1380
0
0
15
277
7
0
70
305
0
0
0
0
241
380
42
26
0
0
0
7
0
6
0
0
42
0
0
7
13
10
904
492
1
2
184
0
0
0
0
1
0
0
2
0
798
4
117
0
2875
0
969
1
0
0
219
0
2
0
5
18
39
38
163
48
30
58
4
133
0
83
70
4
0
2
0
171
1
0
239
0
225
0
0
0
0
13
46
344
0
4
2
0
2
1895
0
154
269
73
44
65
3
3
0
249
43
1
344
1
0
0
0
112
0
0
8
1
48
0
0
1
31
2
0
13
0
370
0
0
0
12
0
0
0
0
248
0
0
0
115
0
13
44
0
8
1
115
0
0
1
463
0
1
5
469
36
37
78
0
1
285
0
0
383
0
0
0
363
0
0
2
148
0
0
0
0
0
266
17
596
47
0
0
0
0
332
0
14
0
224
104
1
426
2
162
91
8
13
131
0
0
37
416
0
920
0
21
0
100
0
0
0
0
669
0
0
0
41
0
1567
0
12
0
11
0
38
0
5
7
238
0
4
142
7
0
1
0
303
0
7
255
0
0
1
370
56
70
26
0
0
0
12
146
82
0
0
46
0
2
0
0
2
0
263
0
0
25
15
42
0
1
0
0
263
0
52
0
35
72
4
0
0
0
0
0
69
1
51
0
5
0
0
123
0
45
264
0
233
116
0
62
0
69
70
0
6
0
44
0
179
75
31
0
9
395
5
26
0
7
0
87
319
1201
75
0
0
0
0
0
435
203
1
53
2
104
0
20
0
0
2
0
39
0
65
0
22
24
139
15
0
10
39
136
0
174
0
0
0
12
13
0
0
0
7
0
163
113
0
156
36
2160
6
386
0
29
44
0
2
0
0
14
0
0
2
0
0
10
104
6
0
0
8
17
261
0
70
36
564
42
0
6163
48
187
1
0
0
0
6
0
742
0
129
35
3
3
6
2
1
0
10
2
33
0
0
1
51
54
907
17
2
52
0
15
6
32
0
0
272
0
1
56
219
0
0
0
503
0
548
1
0
0
27
169
13
1
169
51
0
1
1
2
1
739
0
56
1167
297
2
113
1
0
85
13
745
357
1
1
0
25
0
93
112
130
57
9
0
6
0
146
1035
0
7
42
9
0
0
0
0
114
0
802
1228
413
2
0
587
0
2652
1
0
5977
1
0
0
0
40
8
7
0
0
36
0
258
84
0
438
31
153
12
0
588
0
0
210
512
1
0
0
67
9
311
0
0
2
3
11
0
0
0
3
0
19
0
0
0
93
0
255
0
0
345
0
555
85
0
51
0
7
182
0
0
87
11
2939
0
0
0
774
389
1
0
65
8
0
692
49
112
0
0
0
0
11
100
19
3
14
0
6
0
19
0
3300
9
0
0
0
141
9
0
0
1
0
0
18
0
7
326
0
2
70
0
0
0
922
0
104
272
0
1
3
4
0
338
0
0
21
0
33
0
1132
0
2
1
3107
29
60
0
0
0
107
112
41
0
4
0
27
0
3
419
37
1133
2
0
0
387
19
0
201
360
0
121
0
0
0
0
0
28
91
10
3283
356
0
0
0
0
398
1
0
0
517
2
0
956
20
0
6236
59
377
18
6
5
0
2
0
77
31
25
0
0
129
147
10
11
0
399
0
9
60
19
3
0
1
1
0
16
3
0
0
1
1
988
0
16
0
0
0
3
15
0
0
0
76
0
1046
0
0
0
0
622
2
1
0
23
0
61
0
89
243
0
0
0
0
0
0
0
0
0
0
0
0
0
0
0
0
0
0
21
0
0
0
0
500
0
0
0
0
0
16
6
1
14
0
191
21
0
531
2
0
0
0
0
1
0
0
0
0
92
0
2
0
0
6
1
18
192
0
0
0
0
0
10
3
1
0
21
137
57
0
3
4
691
2
0
15
155
3
0
19
65
0
0
157
22
5
1
0
0
1499
326
0
0
153
0
51
0
172
89
0
3
78
27
1092
79
0
48
2
0
0
11
0
279
0
0
0
0
0
0
0
0
0
209
15
97
0
0
3
0
6
0
22
356
0
20
114
588
1
0
271
0
0
1
226
2
0
3
194
2
0
0
0
0
460
0
0
5
0
587
0
0
0
5
0
2
0
0
0
0
0
3
0
0
0
46
0
1529
0
0
530
18
0
136
0
130
373
15
56
0
1
27
0
1295
0
0
0
0
44
10
5
15
0
0
0
42
0
0
2
0
215
293
349
2
29
5
65
0
0
0
0
0
0
0
2315
2
2
13
0
0
0
0
2
0
23
0
0
339
37
361
189
3
112
0
0
0
37
1
763
0
0
352
0
0
0
0
0
0
0
1
464
0
0
1
1
0
694
1
8
1
0
749
1
0
2
19
0
0
43
0
6
0
117
58
2
0
20
436
0
0
4
0
261
27
304
0
31
6
3840
0
0
131
0
0
1
0
0
5
0
2
44
18
0
4
1
0
386
0
0
7
1734
0
197
43
98
2
0
98
6
1
34
2
249
774
0
50
0
0
0
3
0
0
1
14
281
0
0
0
2
0
1
0
184
10
351
0
0
0
5
12
1564
0
54
0
0
0
2
2
0
3
1
0
562
90
0
0
0
0
3
0
109
274
0
409
0
0
1
9
1
3
10
0
0
0
0
176
0
65
63
0
122
60
0
824
0
0
11
0
79
0
235
0
146
13
0
0
0
26
1
0
0
0
5
1
0
0
0
31
2
116
1076
0
269
0
627
0
434
0
0
27
1
25
533
0
174
130
35
0
2
66
0
4
0
0
25
30
32
11
1
5
0
0
1
0
0
0
0
124
0
0
520
0
0
0
0
0
0
0
0
0
18
1
28
5422
189
0
84
0
6
2
94
0
3
0
2
1
0
14
0
0
0
0
8
35
514
12
17
0
4
0
149
0
2
0
0
0
0
0
2
0
0
9
195
328
0
2113
0
43
167
1853
303
4
1
1
0
5
122
275
2
0
0
0
0
103
0
3
0
0
0
22
146
35
4730
0
0
58
246
682
0
0
10
0
129
0
67
0
1126
0
0
46
3
0
1
10
0
144
0
248
7
224
0
391
3225
240
0
17
15
6
0
0
3
0
99
0
0
0
69
0
107
0
0
2
955
410
35
0
0
0
3
1
4
180
1
27
137
0
7
0
1225
12
58
35
6
0
1
1
1414
0
128
0
19
645
0
0
4738
6
103
0
204
0
0
3
1
0
1429
0
2102
0
0
0
946
0
0
0
208
0
67
1503
5
4
7
4
1604
0
0
0
122
0
0
5
0
0
4
111
0
0
8
45
120
2
7
0
142
333
7
2
0
1
6
1
0
304
3
4109
0
0
4
1
0
0
0
16
0
0
0
1691
0
637
1
0
742
0
0
0
0
18
173
0
0
4
0
267
0
2
0
95
4
160
0
262
0
0
0
0
0
0
2
44
0
0
86
0
46
0
766
0
0
1
50
12
0
93
2
0
14
0
52
20
0
1
1
0
0
563
20
13
0
0
1
1
1
0
0
0
241
252
0
99
233
5
0
67
0
96
0
30
0
15
0
0
0
0
28
0
0
2
45
1
26
381
0
0
0
29
88
14
17
0
961
0
32
0
1
0
0
0
3
16
422
0
0
0
0
75
0
0
12
0
52
17
0
0
0
16
7
0
1318
23
0
123
84
1
0
27
97
2
2948
1351
31
127
28
709
149
0
0
26
0
31
1034
0
185
0
0
1
23
0
0
0
1
0
1
36
0
0
0
0
2
0
0
0
0
0
0
270
0
12
0
42
0
0
0
1
0
1
0
0
0
431
0
1470
2
1
9
0
408
0
0
0
0
0
0
0
30
1
0
377
0
4
0
0
1
148
0
759
64
0
0
44
0
0
1
85
0
1
1
4
0
0
116
7
0
0
0
6
38
54
2
1
0
44
1
0
44
13
0
0
39
14
0
0
1
0
34
251
0
32
0
0
0
26
0
0
4
0
135
2
10
231
0
0
0
4
0
0
442
1
4
0
4
0
0
2
701
2133
0
21
0
0
66
272
1
0
1
1
61
248
0
222
854
0
0
3
1
0
108
0
0
2
5
0
0
85
2
33
1
441
0
1
0
1
298
0
3
4
0
0
0
0
240
124
0
0
90
0
106
0
3
523
0
0
100
6
169
126
7
0
61
0
0
2
70
29
0
2
0
7
5
160
0
0
0
0
2
0
1
0
0
138
0
0
27
71
0
0
55
0
257
50
39
0
0
0
0
1
0
984
1
115
1
28
0
0
356
0
0
0
0
235
0
21
11
119
1
825
5
0
64
251
167
128
35
0
0
212
1
978
0
65
3
117
3
0
67
98
0
1
275
0
268
0
0
0
0
0
0
17
5
162
0
3
0
14
0
14
0
0
393
0
3
117
2
229
63
0
154
1410
7
1
0
0
0
1286
232
0
0
0
0
0
0
0
0
517
56
0
0
2
0
989
0
79
8
0
11
16
0
0
0
141
0
79
83
0
0
5
332
0
589
2
57
924
2191
7
104
0
0
7
49
11
0
524
25
33
0
2
17
121
25
0
258
0
0
269
0
0
0
0
11
0
6
3
0
0
9
63
0
6
4
27
0
10
0
101
0
169
1
6
184
0
7
164
0
0
7
12
210
0
0
1
0
0
87
2
0
5
0
0
0
3
0
38
51
260
12
4
1
0
0
0
0
2
932
0
0
7
0
607
0
0
1
21
0
0
3
0
143
0
5
0
0
0
8
10
2
1
0
565
82
0
3
0
0
0
0
6
59
34
1
1301
0
55
173
0
0
46
0
16
23
0
0
0
1
0
2
0
17
0
47
78
0
0
30
88
0
4
0
0
4
3
148
0
0
3
0
90
1
1
34
168
0
163
0
6
41
2
402
0
0
2
238
46
22
0
0
0
0
9
1
554
0
547
68
0
101
57
9
235
0
20
92
7
0
4
259
32
0
301
9
0
479
2
1
0
2341
0
1
3
110
0
0
0
0
231
13
0
0
388
0
0
0
25
635
0
0
0
0
316
1
1
29
2
0
0
0
0
0
68
2
9
419
1
0
812
0
5
377
0
1469
3
296
23
0
0
14
2
114
444
0
45
40
0
1
468
38
8
0
1
0
0
0
437
31
0
1
2
35
722
58
7
1644
5
0
0
0
6
1708
1
172
135
0
22
324
10
520
75
3
0
81
273
0
0
0
0
0
0
0
80
965
205
1263
15
1448
271
266
0
154
0
0
2
0
0
374
4
14
0
529
21
1
1
0
41
53
0
0
0
78
1832
255
64
1
0
23
127
0
1
3
0
4
0
51
0
423
96
0
5
0
18
27
8
4
0
0
10
0
0
343
0
4
20
30
0
24
0
2
367
1
2103
2
0
52
31
800
4
0
31
0
7
0
0
0
0
0
0
1
13
876
0
15
4
1
1
4
0
0
55
90
11
0
0
2
0
2
0
76
93
30
73
76
152
12
0
0
0
4
0
268
75
182
0
0
69
0
83
0
164
0
652
32
0
0
0
20
56
16
35
0
3581
27
2
0
1
3
0
13
364
0
0
0
1
23
222
0
0
13
7
607
0
904
741
7
162
281
95
1
60
12
76
0
337
839
136
4
470
0
3
0
336
5
3
0
0
394
247
1460
3425
0
127
0
778
0
0
0
0
0
0
0
19
0
0
2
3932
417
133
1
583
208
5
3
59
0
2065
0
0
0
0
0
14
25
18
0
0
473
2
85
4
111
0
0
364
968
0
13
9
0
630
1
528
0
0
182
79
33
25
0
0
0
0
0
0
1
27
136
24
0
0
12
300
1074
0
1
4
15
6
65
1
580
0
0
179
1
0
0
0
4
0
371
0
0
0
9
170
0
0
0
969
0
79
127
63
151
0
0
121
0
0
9
46
0
41
0
7
0
1570
3509
5
238
4
17
0
314
98
145
0
259
0
0
4
0
66
6
0
0
0
0
0
0
84
26
160
74
72
102
3
12242
1053
39
2
126
0
0
0
0
0
0
36
0
0
3
0
46
132
100
11
1
6
15
0
118
36
723
0
8
10
19
4
28
0
3
0
0
2
222
1
14
0
3
364
0
0
0
44
0
885
1196
0
0
0
269
1
41
256
57
925
322
0
192
2
188
4
2
0
0
65
2
200
0
0
410
0
1
0
0
0
0
0
4
851
28
28
485
2
11
9
0
353
0
0
0
0
17
0
0
26
0
0
2
274
65
194
0
0
644
2
0
430
0
3
0
0
0
0
0
2
55
0
0
2
9
0
86
0
0
0
0
0
0
0
0
0
128
0
0
1
2
7
2
17
1
0
0
0
0
3
0
691
5
0
200
0
0
54
0
0
3
569
1
0
286
0
4
0
1
0
0
194
4
47
2
177
213
4
0
8
0
0
0
0
1
0
31
0
1
0
50
0
1
149
39
57
0
0
476
1127
0
0
3
0
980
0
5
0
54
103
1370
0
0
30
0
0
6
19
6
19
0
0
0
0
0
311
1
0
752
0
199
0
339
0
11
45
8
61
489
0
1696
27
1
0
0
287
1
0
172
0
30
0
1
0
1
774
1
2
5
0
0
8
0
27
0
0
533
0
0
2
0
0
1
10
183
82
26
0
0
12
9306
399
0
18
2
0
0
1
0
0
1
6
12
27
22
47
3831
0
0
0
972
2
11
0
0
0
0
528
331
3
0
0
207
0
2
7
94
0
0
0
0
9
122
0
0
12
0
0
4
0
3
0
0
676
14
160
0
0
0
0
8
0
0
0
1
1
0
0
0
37
9
0
194
0
0
0
0
0
0
0
0
0
0
0
0
1471
0
0
0
64
0
64
55
103
0
2
16474
0
0
0
137
7
0
0
0
0
0
0
0
0
0
246
0
0
0
24
0
0
1
0
0
0
0
0
0
0
46
0
0
0
15
4
2003
8
45
0
2
0
0
2
0
0
3757
544
351
61
16
0
0
92
0
131
22
241
412
13
447
433
797
0
159
121
0
9
0
0
3
1
2
236
0
0
1
0
29
15
353
0
242
7
182
2
0
0
0
20
62
6
0
0
1
40
6
38
6
61
0
4
33
15
0
0
0
0
0
0
0
0
0
0
2
1
0
0
76
36
0
0
0
1653
0
0
0
3932
262
0
259
0
0
0
0
2
437
0
0
795
13
1
427
0
0
92
22
0
0
0
0
0
420
0
0
3
4
0
0
262
279
0
0
2
0
1
2
0
0
0
35
2
1
0
24
0
0
0
1
627
0
0
610
5
0
0
144
0
3
113
0
0
68
0
0
0
0
100
2
0
0
32
13
0
1
11
0
0
55
3
0
0
0
2
47
0
40
0
0
1
0
1435
0
767
0
0
7
0
0
0
0
0
191
560
0
0
0
14
0
161
0
0
0
61
79
0
0
0
278
0
0
119
19
0
0
6
0
0
2016
0
0
1
1955
0
0
1
52
0
220
1414
2
0
0
7
0
0
0
0
0
2
0
136
66
0
0
1
0
0
0
0
0
0
0
676
0
80
0
18
0
0
0
0
0
0
0
0
0
0
0
0
2
0
0
0
1
1
0
301
0
102
0
0
0
66
0
1
0
1430
2
2386
0
457
0
0
0
0
1
15
0
19
3
0
0
1
0
0
13
0
0
1
0
1123
31
0
0
227
1
0
0
0
0
0
0
6
0
0
52
0
337
35
0
0
2
9
0
30
0
0
2
44
4
0
0
3
2
0
0
0
0
0
0
0
0
0
0
6
0
26
227
23
0
0
0
0
1
0
0
1
594
0
0
0
26
14
2
5
1
4
0
0
1
99
0
0
2
0
0
2421
148
0
244
0
0
0
0
0
1
1
0
38
386
10
203
0
1
0
911
521
0
4
108
0
0
3
0
0
0
940
2
3
0
5
11
1458
0
571
1
0
3
0
440
0
0
0
0
0
459
1
0
0
0
0
0
14
0
4
0
499
181
0
0
3
1061
1
10
350
0
730
3
0
0
0
0
0
0
23
0
0
0
0
1
0
0
0
0
95
0
78
1
32
713
2
676
0
30
0
0
1
29
0
0
7184
0
0
0
0
2
0
1
1
0
42
0
0
3
0
0
492
0
315
0
0
20
2
582
184
0
319
0
0
496
0
24
0
0
0
0
550
0
0
0
0
0
0
1050
22
0
19
3
2
0
0
0
0
54
0
46
0
6
10
0
170
6
0
324
0
0
0
0
0
0
0
0
15
181
4
0
0
0
0
0
1
0
0
3
175
2
0
0
0
409
0
0
0
1
0
164
0
0
0
0
0
1
1
0
0
2
0
6
0
4
201
2642
289
1
0
0
0
316
0
0
2
0
0
0
0
0
1
62
0
223
41
0
0
107
0
0
0
0
2201
0
0
195
0
0
6
115
0
1
94
16
13
0
5
683
501
28
6
1
34
0
17
0
19
0
21
0
68
0
462
0
0
436
3
503
315
27
0
2
0
434
8
0
227
73
1
744
0
0
0
90
0
533
0
0
0
0
0
1171
1484
969
2
0
0
0
0
0
857
237
230
0
294
4
0
2
8
204
1
0
54
0
9
57
22
1
6
72
22
0
0
0
141
20
132
1010
113
116
303
0
0
0
268
0
127
3
0
20
0
15
0
0
69
3
0
8
3
3
37
0
64
1078
0
0
2437
4
0
115
1626
0
19
73
0
0
0
19
4
0
0
0
0
0
0
1
19
49
7222
308
0
584
2
146
956
26
0
96
0
0
0
4
1
82
5
84
23
0
1
75
222
609
3
0
803
1
79
0
48
0
61
118
71
13
0
28
0
203
1
0
0
0
102
1
15
55
319
65
0
7
267
23
177
548
35
0
0
99
711
5826
0
0
5205
96
536
1
1
0
0
179
367
0
32
20
378
0
2
0
516
0
231
0
0
3685
14
161
2170
1
0
8
844
0
10
74
222
88
242
346
0
1
248
56
20
0
138
15
2
124
719
0
1
1
287
0
0
0
1
0
0
6
0
0
10
599
31
559
136
495
1609
0
12
259
0
23
1
1294
0
261
11
234
0
6
0
101
0
1388
573
3638
0
0
95
121
0
334
124
0
6
0
11
0
1123
5
154
2
80
625
9
4
0
6
367
0
0
4
265
0
117
0
1
4
0
24
34
1
172
0
416
42
0
129
39
0
1165
0
1292
0
194
0
2
0
23
179
263
8
0
1
718
2
392
0
0
281
336
42
0
0
89
312
6
168
1
5
1
212
121
0
0
7121
0
0
468
9
79
60
290
2
2
19
27
7
176
0
45
97
0
247
689
137
86
4
800
102
0
871
15
0
144
0
5
9
63
5
0
184
134
1465
11
1
0
0
0
534
107
509
114
755
0
23
0
0
1
57
413
41
1
1
52
47
0
12
32
183
838
0
3
321
0
251
11
87
22
0
1
42
20
441
0
0
63
1
6
379
40
0
98
1
76
34
17
0
1
40
34
263
0
0
1
0
2
6
9
541
28
0
0
19
0
0
0
141
3644
4
0
0
0
61
1241
34
190
2936
373
27
5
0
40
28
0
696
12
136
91
46
15
10
0
9
370
36
0
29
10
2
477
0
11287
2
39
33
0
0
143
7
0
0
36
0
8
44
22
0
285
2
0
17
0
20
321
0
0
140
654
0
0
63
64
2
0
389
753
0
3
20
0
0
3
961
35
13
0
1
0
0
0
235
53
380
1
38
0
2
11
4514
0
5
10
26
1286
9
0
0
1
14
200
0
147
117
0
2
667
724
1
0
10
12
0
0
31
0
1374
42
317
1245
0
2
0
1065
0
0
0
78
19
2
109
0
3
128
0
0
9
177
196
231
243
149
0
0
0
0
129
0
0
419
40
1
182
0
0
0
876
471
1269
449
7
293
32
4
1158
0
0
0
14
0
388
405
113
27
375
106
0
241
0
0
29
0
2198
1
5
105
242
46
289
16
0
4556
7
0
1
34
0
2
1313
0
126
453
311
0
166
0
100
29
0
26
2
142
6136
0
0
0
893
0
211
24
108
0
30
59
5
94
0
4
0
0
0
1231
0
167
0
0
0
4
62
181
636
0
0
0
0
0
0
0
0
0
1035
959
0
0
10
0
0
155
0
0
6
2
0
0
77
14
722
231
0
21
2
43
140
334
20
1
0
118
3
0
5
11
2495
43
1
0
616
3
2
573
0
203
0
4143
222
0
8
0
0
499
0
0
0
21
56
68
0
2
159
265
55
0
161
275
0
0
0
2760
18
1
56
287
5
98
0
62
0
152
9
0
0
1
99
238
0
902
342
0
6
0
2
0
449
731
0
67
0
0
217
182
40
0
194
3
115
74
84
0
9
13
0
7
4
2
0
0
3349
44
10
0
0
0
0
967
129
241
70
0
3
43
61
13
167
3
0
1
0
0
0
0
446
0
0
27
19
130
160
728
0
0
227
2
2580
1
254
0
67
0
99
19
307
1
201
41
164
2
8
0
786
207
46
0
971
538
0
458
0
26
0
0
0
0
693
125
0
590
0
2
126
0
0
0
1298
111
0
1
0
51
742
83
0
0
4
33
0
0
20
203
8
0
0
10
1
112
0
0
0
421
12
4
2
1620
1
23
2
29
0
0
22
372
0
0
399
0
0
0
0
0
71
20
2
3
84
0
0
11
0
2
18
5
0
0
136
33
748
0
2
5
11
23
2
1
0
0
0
0
4
4
34
3
0
0
1
0
3
0
0
22
0
0
34
0
1
96
0
0
3
0
34
0
4
4
5
26
15
0
0
2
0
4
2894
0
0
0
0
19
13
84
12
0
0
123
269
0
3142
332
5
114
3
108
2
199
26
5
135
3147
8
0
0
75
0
8
903
20
268
0
34
47
0
40
274
1
334
6
108
20
1
84
105
41
0
0
45
1829
18
3
61
16
0
647
9
1003
2929
0
0
142
55
0
7
70
413
16
41
98
619
3
111
27
1
198
215
219
8
0
0
719
2
0
1
0
0
3
0
0
5
0
50
75
23
296
12
67
1
2
178
39
73
2
0
23
881
15
118
0
26
4
0
5
687
0
147
2
0
0
0
691
0
0
801
0
1
21
0
0
84
10
1857
0
524
4
268
376
71
0
1
1
2
0
2023
0
0
3
1
865
0
0
1599
346
0
0
148
2
5
475
86
6
49
283
0
3
415
35
0
0
2
0
0
46
157
0
88
161
0
0
437
2773
31
3627
0
5
0
824
1
334
1
0
33
28
17
1
0
0
0
30
0
56
32
129
0
602
111
514
1088
143
1099
0
0
2687
0
0
0
6
301
545
5
0
0
0
1
2
1
0
0
0
0
0
1
95
46
135
70
107
0
1
1
134
0
0
3
0
5
0
47
0
248
0
1
1
3
1
0
21
464
5
0
0
0
0
2276
283
0
3
0
0
175
0
5
0
835
0
1
89
338
0
531
15
0
12
0
227
0
9
0
0
0
0
2
121
17
1
0
17
12
2
300
0
47
0
1
3
3
516
9
0
30
0
0
41
0
160
157
463
0
0
0
81
1009
0
11
0
0
0
0
158
0
2
317
0
4
0
0
2
256
0
10
452
297
57
0
142
139
259
1
2
10
656
15
243
0
0
0
0
6
139
171
1290
0
4
0
0
16
0
0
2
0
0
0
2
0
361
35
0
4
36
306
0
17
16
1
2
3
131
0
164
0
227
184
0
16
3
0
0
0
0
44
0
0
11
26
103
0
2
64
268
5
22
0
59
3
0
0
0
0
0
0
27
0
0
4
2
6
0
57
0
6
3
0
0
60
0
20
0
14
1
136
7
0
520
4
0
43
8
13
0
12
0
3
0
1
2
6
0
20
85
0
0
0
56
220
99
336
0
0
34
0
27
0
2890
0
154
92
1401
6
0
1998
499
0
0
0
854
0
0
9
26
1
0
0
32
0
143
0
18
414
63
887
0
6
4953
148
0
12
0
43
32
1
2
598
0
2056
0
0
173
0
30
0
7
377
0
1
77
0
298
2
4
16
203
20
42
0
0
694
93
0
0
362
7
243
6
98
16
511
3
6
0
0
0
0
0
342
0
0
352
367
1
2
978
0
1
0
0
0
0
0
792
8
321
22
174
817
16
130
0
158
0
25
583
1
0
20
15
4
0
210
0
40
5
0
2
881
0
3354
1
810
53
1
491
0
1
559
0
530
1079
0
6
118
248
93
52
0
0
1
32
330
0
3
0
15
292
5
0
0
0
9
678
0
53
1964
52
291
104
5
1165
50
17
12
170
1095
0
0
642
1062
48
0
527
536
126
0
0
7
1
2529
2397
667
7
203
0
55
3
0
0
787
5
67
0
292
110
1
33
16
10
387
144
104
158
0
4
86
6
8
0
1
319
0
53
650
9
1
0
0
38
400
0
23
0
6
411
0
628
76
25
0
0
1593
0
285
748
16
0
77
659
156
745
78
2
2
0
2626
0
1337
65
0
2
0
2
3390
2
1420
74
1778
42
744
274
185
1
260
0
0
0
0
11
171
145
593
0
32
81
16
652
1
0
482
61
0
0
104
265
61
264
0
0
9
2763
0
2
38
2
29
0
583
377
5
69
139
0
171
23
0
0
7
84
414
0
0
0
0
48
0
2
15
60
0
391
0
13
0
0
0
0
15
0
122
3
7
0
63
0
155
0
1
82
6
7
53
16
790
0
1
0
0
215
273
41
746
11
0
0
441
0
19
0
545
397
2
0
208
53
0
193
101
300
1
125
0
1
0
0
2
3
109
508
41
8
0
288
436
1
63
0
29
33
317
277
402
397
1356
0
585
217
1
1
0
42
64
3
335
0
103
350
62
0
79
0
140
742
1268
706
0
1245
1450
0
0
0
0
318
0
2
2
100
76
1
0
2
0
0
6
1
5
55
2438
128
71
12
26
3510
6
2088
0
0
356
0
12
4
2
0
435
22
4
465
2493
0
75
1
0
280
172
3
0
20
0
0
66
0
97
0
187
24
364
8
0
13
977
265
0
0
280
11
0
0
0
0
90
0
0
0
0
0
1138
436
68
141
49
0
20
0
0
48
27
783
12
315
422
0
122
58
58
157
0
53
0
0
0
48
0
580
25
29
22
61
25
39
0
2
0
1
1
1
30
76
893
0
5
0
1
0
4
0
0
102
18
64
0
1213
4
176
143
0
1
98
2078
31
111
39
2
0
12
1
97
71
11
0
803
3
1176
347
16
0
185
21
124
19
2
3
145
27
158
601
0
0
0
1167
0
2
0
2
82
2
48
163
0
0
5
0
249
41
0
1132
0
3833
2
72
422
22
0
555
2
0
0
329
0
0
1
0
293
0
342
149
0
169
12
5
43
927
228
96
0
0
4
69
1
0
0
11
142
3
0
3
0
38
0
0
208
167
10
0
42
0
31
0
0
5
15
1936
0
11
0
0
0
15
0
48
1
641
0
0
111
1
305
0
1
0
296
0
42
1
45
70
0
1642
52
11
0
0
0
0
0
0
127
361
55
0
20
0
0
7
231
0
18
12
0
3
20
0
105
499
2079
24
328
0
6
22
0
56
0
29
16
3115
2
119
351
0
2568
0
0
4
116
0
219
59
0
11
4
4
127
12
1
14
0
607
0
3
0
29
0
0
0
1
696
396
8
335
398
0
1138
4
3
0
105
172
7
4
38
0
44
3
89
325
168
2150
0
0
6
0
29
1734
276
10
160
1498
62
116
2
2379
266
24
0
0
1471
114
1375
0
1
4
0
105
0
1355
10
110
1559
0
0
455
184
0
14
81
1382
1
2
18
32
1
10
420
11
10
2
17
0
740
122
0
0
133
15
3
2
0
0
75
3
3
348
117
20
0
1402
0
0
114
30
0
3
0
24
0
981
0
1321
0
89
0
483
55
406
2
33
0
0
0
2
0
0
0
0
16
83
2
989
0
89
0
9
106
80
0
20
9
448
46
50
102
0
0
0
182
526
0
0
73
0
3
0
1
0
1445
0
254
1067
1
27
69
317
0
0
0
0
303
17
20
0
20
0
0
0
0
0
17
173
174
60
1
20
11
1
2
0
15
176
6
0
6
94
134
122
0
0
146
0
0
0
27
0
4
34
11
45
141
0
3
0
326
0
0
0
0
1
108
33
0
0
510
42
339
1
1075
13
18
8
6
53
216
0
0
0
0
646
90
47
147
367
0
71
295
0
0
0
0
193
1
31
46
0
0
341
0
65
6
14
1
95
233
2
1818
0
378
13
0
3190
17
225
0
429
0
0
789
259
13
0
19
145
0
62
4
0
86
79
5305
71
3
0
0
0
0
1201
4848
44
617
5
922
2
512
296
0
0
1052
0
167
7
6
547
145
320
104
298
7
1
89
934
43
0
0
0
0
1
529
0
47
17
0
24
1
268
39
354
361
13
103
0
159
2
268
5063
57
3
696
161
40
16
0
35
10
834
15
0
10
29
0
0
0
340
0
15
0
1
108
7
0
0
65
0
264
1
14
0
443
0
528
1
778
1
0
14
25
1
5
0
590
7946
72
109
45
963
2
1455
42
533
2922
4
90
0
34
206
44
2
56
0
27
0
2
23
38
605
31
2
0
0
0
535
35
259
0
80
1641
579
7
0
0
0
101
239
0
212
2
623
217
161
41
279
43
62
0
6
697
2
0
0
0
61
0
0
2
190
1
1
7
1143
0
0
6
411
979
429
15
474
30
3300
0
189
23
0
28
27
7
15
0
65
562
13
0
0
811
0
1463
0
30
0
0
2844
0
0
8
6
0
9
0
187
221
141
0
76
0
0
79
110
2
3064
1222
0
674
164
0
0
0
177
507
66
0
2
1
101
2
1944
14
161
154
13
257
0
992
61
53
117
5
9
0
21
1917
0
29
0
0
19
2810
83
27
489
0
1
0
0
8
1
130
379
0
14
104
0
3
0
26
883
0
22
143
114
622
1
0
8
1
1
913
162
0
157
24
0
44
0
0
0
1110
79
11
437
2
1148
61
1
625
344
0
0
5
704
0
124
0
7
2
0
629
1
0
31
2
0
0
0
11
14
112
87
746
0
0
1
105
0
0
5
594
0
0
0
0
0
0
751
0
0
0
0
29
0
0
0
0
2077
7
63
0
75
0
0
1
863
0
2
1566
0
0
0
315
59
726
25
0
0
57
190
63
0
136
603
0
0
0
70
0
0
6
0
4693
0
31
83
55
0
0
0
57
2
385
24
31
707
625
0
0
644
338
0
3
0
33
338
0
182
0
117
276
8
32
6
0
27
7
14
3
167
0
11
0
1
99
67
25
208
0
151
1169
25
0
383
0
138
0
540
147
531
0
0
88
1101
0
132
4
3
0
390
0
0
0
33
740
2
0
172
91
898
11
37
1
165
0
29
1684
272
0
0
0
178
158
1468
139
0
55
4
10
0
0
13
0
2
0
0
0
158
22
3
0
0
959
44
0
19
0
1
0
590
16
3
3
0
373
2029
34
2956
1
0
0
0
0
367
0
0
47
9
265
0
0
37
0
0
0
346
469
0
0
1302
0
7
5
1
6
0
20
0
2
4
0
2
69
130
0
146
85
0
16
0
0
1
146
0
294
1106
0
194
5
63
2
33
0
101
3
109
77
3
176
12
0
22
0
1
117
198
0
2
127
0
0
0
176
0
6
0
1074
184
38
572
0
0
0
3
441
118
27
195
2
0
2
1
0
0
316
1142
0
793
11
209
7
49
3
0
214
181
0
0
1
181
28
13
0
153
381
124
2
433
200
0
4
2
7
138
1024
621
0
4
658
0
796
0
0
0
14
800
7
344
0
0
0
0
0
0
50
6
0
0
148
0
0
0
121
1
0
363
0
0
0
2383
0
25
748
0
268
0
6
0
0
124
0
34
2
78
65
565
0
237
0
207
1
0
0
0
0
0
48
0
5
0
42
0
0
0
20
0
419
180
1744
0
34
4
119
2
2182
0
35
0
0
0
227
0
130
0
2
441
0
105
1
0
0
10
623
241
121
46
239
40
0
0
3
1
39
0
9
201
141
39
0
2
9
2
148
83
36
912
7
277
0
13
180
0
1195
0
250
0
0
976
2
144
53
749
0
14
0
15
38
2941
152
3
21
0
0
0
0
0
47
376
156
5
896
427
187
0
552
155
73
162
0
16896
11
55
3
327
450
152
4508
0
622
16
22
27
29
2
358
60
0
566
35
0
418
122
15
402
0
0
12
935
0
36
50
43
158
12
3
0
0
5
0
0
114
137
140
2
1051
0
0
1
2
61
593
20
20
2696
4
6295
1
0
52
0
1
3
14
0
0
0
573
291
14
0
54
315
1161
1
52
250
368
3
260
0
1
2818
20
0
0
0
0
4
0
0
234
0
4
75
2756
13
393
31
0
646
905
1429
147
95
0
236
800
1
0
20
62
1269
0
0
886
54
0
2
0
0
4
113
26
986
0
0
71
1
13
8
4048
241
4
0
1
4
245
9
0
0
50
0
0
7
34
123
1319
23
276
566
3
1
0
178
0
0
1
17
1
242
3
0
450
332
45
0
674
669
104
68
52
7069
8
0
0
2
2408
0
0
0
39
0
0
0
3
29
189
21
2
9
0
638
7
0
136
1281
0
1153
65
72
3
1
0
7
83
35
8
0
12
0
0
25
0
3
0
243
264
39
0
132
484
0
0
199
52
0
118
640
23
1
33
0
0
0
0
398
1117
0
1
0
355
60
0
914
0
3247
50
1
1
347
0
6
107
95
2
318
17
150
1807
196
0
0
53
0
0
0
0
108
2
0
173
0
2
6
503
0
51
2
1
10
0
50
74
97
47
0
0
167
1
51
0
1
1
5
3663
21
1
2
25
0
216
0
0
133
16
46
183
954
0
0
78
48
52
141
0
197
33
0
12
711
186
109
54
0
10
0
0
2
0
25
13
119
8
13
0
0
72
108
729
16
0
2
171
231
110
7
148
5
62
3
0
127
0
0
7
0
0
0
38
25
0
138
11
0
0
0
0
0
656
0
283
6
0
0
167
13
467
35
2289
90
168
0
11
84
3
0
2
0
0
162
0
19
4
0
0
1
20
859
0
2
0
1
1702
0
0
160
0
417
197
1
912
1
7
3640
0
301
14
0
0
15
0
7
10
34
3
0
12
183
1269
212
92
1312
1
43
251
702
3
1505
60
3
13
315
475
36
2571
10
33
25
0
0
0
70
351
539
7
417
543
1
1
0
397
0
0
2
17
6
2359
21
0
0
27
565
183
3
13
0
5
2
254
0
1196
385
28
13
213
0
94
1
4
0
2
1456
1028
1135
0
1116
0
145
156
120
0
0
3
0
2
0
1062
0
96
155
1
13
3342
86
175
51
368
24
3
18
37
3788
0
1
0
215
0
92
1638
142
2
146
5
524
5
17
0
536
310
3
0
2
105
611
0
3
0
27
27
0
1
39
0
0
1
0
0
301
0
3932
0
0
86
3198
0
48
4
3
6
0
129
0
6
10
589
2
0
505
195
174
86
2
7243
331
44
6
0
0
60
0
0
152
0
1
0
167
107
4
540
0
1
14
2
0
108
0
1817
17
118
639
200
490
0
195
0
157
0
827
32
502
0
0
0
0
10
884
20
0
82
406
18
306
0
539
251
154
135
86
11
0
14
1
8
0
0
0
208
0
0
543
0
18
111
725
52
0
0
11
21
0
1
0
71
849
13
0
1003
192
227
0
0
0
174
3
0
116
251
4
0
0
319
0
4
48
0
2
145
32
1
3
115
0
471
0
135
0
0
0
0
0
81
0
20
0
59
249
6
0
579
0
547
0
119
3
0
10
9
146
203
512
0
0
0
133
0
3
91
4
429
169
5682
0
21
15
95
123
78
0
1
0
77
36
0
2
0
0
0
5
0
1
289
83
2
8303
2363
6
0
0
0
505
0
183
0
935
153
0
6
1885
423
0
3
8
357
25
2
0
90
37
0
231
2545
0
520
0
0
496
562
225
46
2
0
1
1380
2297
1
102
0
618
0
0
0
3541
697
0
0
0
1383
141
1
326
0
0
2
0
15
151
639
0
153
0
0
0
2
5
0
11
38
0
32
1
34
0
0
63
8
30
0
465
0
43
0
107
2
4
1452
1
0
2
61
45
0
367
2136
13
158
54
7
535
17
1
1
101
7
30
777
0
21
0
0
0
4
173
194
1132
0
0
106
258
176
51
0
256
84
594
1
0
79
36
23
0
26
13
131
274
0
250
6
30
8311
581
173
0
230
0
819
106
0
0
172
352
15
30
18
12
0
7
0
1
2
4
0
35
843
117
82
1
0
3
0
60
25
1197
0
0
2
0
0
0
109
2004
0
24
22
0
205
0
0
625
253
0
1
0
0
38
556
71
57
17
190
0
3
251
0
1
49
0
20
112
29
0
0
510
2
1
2
0
759
0
16
132
0
0
123
30
154
0
10
6
89
2
72
7
0
0
0
329
0
2
286
81
15
2
769
0
39
0
217
38
48
7
4
12
1
872
28
0
4
0
0
26
0
0
172
31
75
401
0
5721
50
20
378
1
28
0
0
199
37
67
2
56
2
3
106
1533
1
202
8
9
161
32
0
3
110
0
0
0
384
2904
0
29
178
171
259
0
1
0
0
43
13
4194
0
77
0
12
552
52
41
160
6
57
0
50
7
0
33
0
0
0
378
144
0
9
2546
1
1
0
0
30
370
6
0
355
0
15
13
385
482
10
168
0
26
385
24
406
3
0
3
127
0
0
0
246
4
1116
941
0
6
0
0
37
5
147
1
1
262
66
129
0
0
94
17
917
0
0
116
0
3
0
0
528
13
379
4
0
0
0
55
6
844
610
0
4
56
128
193
54
1
0
8
130
0
23
5
1241
11
258
0
92
0
2
0
4
2
545
394
25
2
100
0
0
379
0
1
63
0
4
2
15
0
95
0
0
31
2
0
1117
427
10
818
6
0
0
771
0
10
0
71
0
0
49
0
37
2
353
1027
1
1
2552
0
0
1
87
467
0
121
13
0
2
0
0
996
41
13
7
0
108
0
0
0
6
0
133
14
0
0
0
0
2
0
4982
0
12
1
473
1
27
0
0
2319
75
109
7731
113
0
342
0
3
24
88
57
0
457
0
785
1
0
1050
0
139
0
0
10
714
79
0
0
51
277
511
628
33
0
0
121
0
0
0
48
6
5
0
20
0
3
43
27
247
184
0
0
0
15
155
29
3372
0
36
0
45
1
1161
71
54
40
1280
0
234
28
1
142
2007
1
0
24
100
36
76
0
0
0
0
112
597
19
36
8
8
3013
0
2
391
28
361
31
0
351
0
27
0
57
856
42
43
3
731
0
112
6534
3
0
0
227
0
86
183
5
93
180
1170
741
0
0
63
0
2
30
378
29
13
0
57
187
3
0
49
9
3
0
2
0
0
4639
1
0
0
1318
0
64
0
44
2649
0
0
12
7
15
0
0
6
57
144
371
0
2
109
191
128
401
412
46
0
149
0
186
1008
3
487
1
92
1116
0
120
58
0
0
549
6
355
99
4
0
21
0
8
0
0
0
583
0
0
218
296
0
1
0
98
0
237
12
63
2
1
1674
0
397
1
1241
164
0
16
1232
0
56
31
9
0
566
0
39
221
702
0
0
0
3
46
277
0
4
0
1104
0
0
0
0
1077
0
2681
0
9
114
0
0
0
407
0
67
0
170
0
8
136
0
26
0
11994
0
29
5
0
0
0
115
0
0
4
61
0
1
0
0
473
0
879
70
112
0
0
329
11
0
5
0
0
9
0
168
222
8
0
261
3
0
690
0
628
0
0
283
0
1
31
173
0
595
19
5
0
0
0
0
0
442
0
5
0
0
259
9
0
1106
0
0
1
20
35
2
3
0
620
5
4
0
44
19
0
0
38
377
0
17
295
3
65
0
0
893
3527
0
0
0
0
221
0
151
15
125
0
0
3
1
554
40
14
7
0
405
0
4
156
39
60
1
2
33
0
2
221
6
0
152
1277
0
199
2
0
2
93
1
6
1
14
74
31
374
0
42
1
0
0
7
711
0
583
0
2
4
242
0
0
62
14
0
400
77
0
39
0
0
46
10
0
46
153
1
0
3
3
4
4
157
1
1
1
19
0
1161
0
56
2
239
0
132
29
545
4
1
27
0
868
11
29
65
0
0
27
1
1004
0
0
18
1
19
101
52
426
112
0
0
392
0
39
1
943
2105
2570
0
19
18
293
136
0
7
0
106
11
20
5
82
57
2046
160
620
215
2309
475
0
0
13
0
140
162
0
271
0
11
32
3
20899
3
10
0
18
68
0
0
401
0
54
0
10
0
0
0
377
0
20
0
0
0
5
47
11
0
586
2
113
0
924
3
5
6
0
331
0
13
0
10
43
0
377
259
0
22
4253
27
18
20
0
0
0
292
0
0
0
73
2
9
0
4
63
2413
303
0
0
1
0
231
0
7
0
0
4
0
18
28
2
0
0
431
11
0
0
6
638
885
248
1438
0
4
317
0
0
0
155
1241
299
13
1
108
0
0
13
211
0
5
0
0
6
0
0
0
0
0
2
3
9738
0
80
67
1
34
26
487
566
525
0
1
0
438
0
47
118
0
0
0
112
250
17
0
0
95
0
892
200
3
4
34
0
0
128
4
0
26
0
32
9
0
18
1969
193
4
299
52
32
266
1905
5
45
0
0
38
5
424
94
1358
1742
0
1
7
21
176
0
6
2
100
95
18
213
14
463
0
0
97
1
2088
5
0
0
5
16
0
13
2
54
43
0
142
0
266
365
68
289
0
33
9
124
49
4770
941
2
0
383
3
49
0
1414
0
0
3580
0
0
2
1
0
3
17
0
551
0
1
576
0
0
0
18
6
2
14
0
0
420
0
130
181
11
0
0
1397
6
3539
0
33
0
199
700
5
0
261
52
14
29
0
0
198
0
96
0
0
268
4378
14
31
132
847
0
6
7301
0
0
1270
1073
0
311
86
4439
6
0
0
439
5
209
3
0
932
0
52
0
0
0
4549
1350
14
15
279
1
500
1589
57
3
3714
1
0
15
0
92
0
1
1001
0
0
28
248
326
0
1376
10
258
41
8
7
0
65
0
1003
354
338
0
0
14
0
2001
15
1
1792
362
0
0
52
13
154
0
978
145
173
301
0
0
2470
543
224
115
0
0
535
407
682
0
0
309
110
3
0
0
0
237
0
29
4
1883
527
0
0
6
4
10
626
104
0
150
8
1
78
341
1
84
551
0
0
42
66
60
7
33
0
451
27
62
1
101
1
0
0
16
307
0
1027
143
0
2
306
162
149
214
16
58
4
311
2
154
11
0
5
0
0
0
0
0
0
2491
761
57
3
0
0
0
1726
115
53
25
23
7
1047
0
2
5
1
378
318
338
26
0
142
469
281
2
84
112
0
5
0
0
0
1
43
1180
147
0
11
115
16
42
6
1
7
9
103
3706
0
0
0
28
86
4
102
2
2
20
13
0
590
4784
1399
0
317
0
42
0
1
0
2
0
786
14
801
285
571
3
231
0
928
0
723
3
6
93
20
18
471
794
846
1300
0
774
0
17
0
36
435
37
685
47
151
19
141
6
0
35
23
23
268
98
2
197
144
0
1795
58
26
986
62
485
222
912
38
678
44
0
0
2
1
6
83
1235
0
28
563
1
213
0
0
152
516
621
0
0
0
0
13
0
33
182
2380
0
3
497
834
0
844
98
0
349
3677
193
104
316
21
0
4308
0
1487
161
53
285
67
0
0
0
1
42
0
0
0
31
0
0
0
35
6
59
0
0
16
183
0
0
1
11
2
31
0
0
497
4
3
0
473
51
0
0
194
721
0
129
1
784
169
29
84
1298
568
24
44
0
0
3
146
204
47
11
0
0
10
2
1
0
0
0
119
268
29
0
4110
0
7
0
29
3
190
0
0
174
0
245
130
44
0
1
0
943
36
0
23
1
1
141
605
2
0
183
0
548
0
336
8
1819
1445
1
0
14
479
0
38
89
0
207
167
15
581
55
0
0
3
0
104
140
563
0
7
0
11
109
0
3850
26
0
0
35
0
2
4
0
165
462
10
1072
305
1615
31
76
231
917
1253
10
0
10
13
33
117
0
890
6
0
1
0
4
0
1
23
0
3
7
1
0
3
422
150
0
8
0
63
7
38
8
350
9
1
0
285
17
1775
41
144
4
356
0
110
459
1
115
37
250
0
434
105
707
3
435
139
2
0
2
14
179
16
158
64
14
12
330
217
13
1920
2160
317
0
0
680
11
0
449
1
68
0
57
0
0
0
9
46
16
16
0
1297
477
48
4
472
4
0
272
285
0
0
0
50
0
14
12
0
5683
373
2
71
172
40
0
0
90
13
686
459
20
4
272
24
117
0
0
38
5
1
0
42
0
0
0
70
34
3
79
0
58
13
160
188
0
1
13
6
1785
67
0
0
121
0
0
4
80
684
222
0
0
679
8
0
0
0
320
4750
35
0
234
0
0
35
47
35
157
0
903
613
308
0
1
10
6
3
9
58
158
26
0
2
26
0
0
4468
0
0
36
27
721
55
7
1
1
8924
2174
262
250
0
8
0
0
72
0
4
393
87
1153
1291
0
1494
5
728
0
0
3
0
120
0
0
0
0
0
78
0
122
0
346
4
20
1
87
0
258
8
123
0
0
0
982
236
0
0
0
0
0
22
67
4
88
1
280
7
510
407
15
0
6
0
0
1
60
0
291
1671
1
0
0
3971
10
0
4
4
124
9
30
3
23
67
0
10
207
4
0
86
0
243
941
0
45
741
5
2
0
123
0
0
5
69
0
0
232
0
15
0
0
455
3
36
3
0
0
6
0
1580
0
0
1
0
1078
0
263
14
1
83
186
0
0
343
0
23
15
0
409
0
0
55
0
4
31
41
0
0
0
4594
3
36
3
0
50
0
291
49
6
6
57
30
19
59
53
0
0
1
0
957
160
0
1
0
0
102
57
69
35
0
11
403
2424
0
0
0
341
70
0
870
1271
0
0
356
31
0
2
7
1044
9
14
216
53
1
76
0
0
0
1
1
0
26
22
12
0
545
393
662
83
0
212
1
2216
0
8
0
2
268
51
1961
54
0
1
38
616
0
0
262
0
37
1
6
41
243
9
171
1
0
85
795
0
0
1367
14
1485
0
1
0
0
195
1
498
0
19
1
4
0
0
1473
668
0
122
357
10
60
1259
942
58
108
14
0
1
0
0
146
0
83
62
367
3
328
144
251
0
0
0
0
2
17
24
197
0
0
347
1
136
165
0
724
1
1
649
161
14
1668
1709
18
37
24
161
3
709
0
0
0
706
0
2
113
0
0
1281
0
10
45
0
1773
0
0
0
1660
71
598
392
371
4
570
168
0
433
31
7
115
339
14
101
0
1
16
0
11
1168
15
6
3
1
3
0
0
277
16
0
33
58
55
54
1294
71
2
0
0
1404
517
52
5
4636
0
1
61
0
2
0
145
0
74
0
12
5
0
9
469
12
124
241
34
0
0
14
4
2
156
379
3
1690
0
0
0
3
10
0
1
29
1077
0
20
44
35
0
11
0
131
4
148
31
2
3
237
1
86
357
0
0
415
574
12
0
3143
119
9
2
63
3
523
0
6
2
0
1211
0
0
0
0
350
0
10
10
0
1
29
2
97
55
0
331
101
5
0
14
88
0
63
0
2
123
0
0
0
431
0
34
42
0
332
63
196
518
26
5
395
0
0
1660
1
19
0
0
0
844
39
0
145
0
111
63
10
361
0
25
168
61
209
0
505
2
0
236
0
0
2
867
63
0
222
73
3
0
2
851
0
285
0
0
0
0
22
0
0
20
0
26
304
1
29
0
0
145
78
901
262
0
2
0
109
15
91
0
74
65
1
2
22
3
0
0
4
27
0
12
45
0
0
0
0
2104
1
9
40
15
0
3
1
282
193
6157
0
0
78
27
5
41
722
179
6
35
98
40
17
0
11
0
13
60
389
3
0
41
1
0
0
39
16
1
0
4
9
5
0
0
22
9
110
155
0
82
498
22
0
0
239
10
0
158
0
0
410
0
2
240
0
1960
0
86
9
5
6
0
0
0
23
1
4
0
0
3
8177
3
109
0
0
1
43
187
103
3310
1
13
38
2
0
245
152
0
2035
3
240
9
1
67
0
0
205
0
0
11
0
7
159
9
1483
0
0
1820
18
0
3348
0
0
490
443
15
0
0
939
0
528
1557
0
5
0
1867
180
82
0
45
33
0
0
4
0
162
6581
500
0
2232
0
110
260
0
0
51
0
357
357
18
0
249
101
277
54
7
839
261
1
1
400
1003
0
120
0
0
0
158
81
101
38
72
3
26
0
3
28
0
4
0
0
253
1
812
0
287
0
5
0
129
4683
0
240
0
45
32
0
31
109
15
8
45
193
0
1
0
0
0
164
0
0
2
0
44
106
14
63
1231
0
0
0
2
0
0
183
2
0
0
36
0
427
1
0
0
21
0
29
74
0
0
0
177
236
0
0
0
0
23
0
4
88
109
0
31
18
644
79
2
16
0
0
430
0
0
35
0
1
0
101
0
15
0
2
0
78
150
62
4
17
2
3
20
0
336
0
45
46
100
957
3
1
0
0
5
0
1
0
0
0
88
107
0
0
0
289
0
40
1
195
196
5
18
49
4
2
24
31
0
4
0
1
0
3
39
2
91
0
0
1165
173
67
72
22
0
596
78
1
196
48
406
362
75
0
0
8
25
0
2
2774
4
0
191
0
2
0
143
107
6
2
67
0
0
0
43
0
0
7
202
0
0
3
2
0
19
377
0
870
37
0
35
845
0
13
15
84
0
73
5
0
0
0
97
72
0
0
871
7
0
0
0
0
0
1
0
140
20
0
0
0
9
17
289
0
1
0
39
0
0
48
646
30
0
4
0
0
0
0
17
18
100
0
33
76
14
0
0
177
89
7
0
0
0
0
0
50
0
2
0
139
0
0
0
1756
0
146
29
3
65
0
0
0
1
126
214
0
0
0
4
13
75
0
41
5
13
493
23
192
3
0
37
559
2856
0
0
0
23
262
13
30
0
1994
0
0
0
3
141
0
23
0
1
387
0
152
71
0
0
2
0
477
12
36
1022
57
1
0
47
0
21
129
163
0
0
43
0
707
31
2
0
4
0
15
0
0
1
67
421
5
0
84
8
0
136
0
5
366
0
0
2
383
6883
0
1
0
0
28
0
21
0
63
180
13
371
1
1
0
9
447
92
32
51
42
1601
548
0
0
0
2
53
288
0
1
31
0
419
14
402
0
36
0
0
1
682
226
0
70
224
3
1
1235
22
110
1
365
20
29
0
0
35
13
0
0
904
47
0
0
21
0
38
196
10
0
2
3
475
348
35
0
0
64
7
155
0
8
1
80
277
0
0
0
0
31
0
0
0
970
2
31
0
19
12
0
0
1
7
70
84
0
0
0
50
0
141
242
0
683
297
7
1
7
0
8
0
17
34
3
0
0
3151
9
0
335
0
1
150
0
0
43
123
16
0
407
29
202
0
22
8
15
71
188
0
1
0
0
0
50
1
3
0
7
46
95
18
0
0
0
0
20
403
153
4
0
0
165
121
7
81
149
303
71
0
83
598
69
0
4
139
16
1170
0
318
5
0
0
0
0
9
2
12
2
101
7
1
2
0
57
126
2
552
1
98
1641
104
0
8
2
1
3
195
0
0
0
190
0
39
0
34
0
139
1
0
0
309
47
64
3
0
5
598
8
85
0
0
38
246
0
58
1
1202
0
9
16
0
3
25
0
73
743
1
0
0
411
27
39
112
2
1
0
21
0
0
13
150
1640
358
13
0
128
56
167
624
0
22
0
0
0
1383
2
173
0
310
0
66
190
0
0
0
131
631
195
51
9
11
0
33
3686
0
124
18
0
35
16
37
65
0
0
2
1761
14
0
686
153
0
1115
4
8
49
0
35
55
504
81
3
609
0
2
2
2
1106
10
37
6
190
6
3
0
0
0
3
134
138
2
13
144
0
0
84
1090
1
0
250
2
0
0
3
0
3
277
1
938
4
4
0
0
32
25
1
7
331
27
1072
275
59
350
4
190
0
666
3
0
632
44
0
4
2
403
0
5
20
389
0
52
0
11
0
178
0
9
17
0
0
140
0
0
1
308
149
6
288
29
0
10
0
1
82
0
141
27
283
0
2
20
986
0
28
0
0
245
37
0
0
819
218
13
2
0
0
9
1
0
336
0
5
0
119
0
14
2
17
0
1
159
0
12
8
1127
0
2
15
0
5
7662
3
179
0
0
0
0
28
113
88
0
637
2
372
0
0
258
0
0
133
19
169
0
0
30
1253
507
70
0
4164
0
98
125
0
60
0
11
12
409
54
63
192
1
6
13
130
0
0
159
1
0
0
50
46
24
0
1133
20
646
0
604
213
29
486
1396
137
0
2
22
0
2
1227
26
210
76
0
0
6
4
30
0
0
59
98
215
304
0
67
0
3
289
45
17
14
0
510
2
1036
0
44
0
39
2
51
110
163
0
209
53
6
16
9
1
0
0
118
194
100
2
17
0
75
16
0
0
4
760
0
8
37
0
3
607
0
917
1478
3
0
1054
4
0
285
37
10
337
0
163
0
21
339
1
2
187
0
35
14
0
2
42
2
1127
19
0
2
52
136
2
0
0
1
3
368
232
18
0
27
306
324
7
29
584
213
11
0
0
285
60
0
0
173
46
249
0
2
0
62
3
1771
535
0
1
17
0
197
0
0
0
0
0
190
30
0
2
0
0
0
40
550
3
2
13
0
32
0
224
0
0
114
1
15
2
253
6
0
0
143
0
588
690
66
904
203
0
333
1
0
83
1
77
0
0
178
0
1
8
3
2
0
3131
0
0
0
9
2476
0
516
0
23
0
2
75
38
43
169
104
0
203
13
11
1
15
438
78
50
5
0
11
20
7
0
2
709
341
305
173
1239
1188
3
14
0
0
0
255
59
0
269
1077
506
117
7
5
116
967
5
14
3
475
0
284
1
530
101
239
0
6
0
5
960
29
65
59
174
46
437
24
93
4
9
0
1
1
1
14
74
358
0
0
220
0
0
0
645
0
11
76
2300
109
3
393
0
0
9
0
246
1
0
0
4
157
3
18
0
25
67
13
75
0
0
0
254
0
64
7
6
0
10
17
0
0
0
181
0
1
1
7446
50
3
0
0
91
130
234
80
846
0
0
1608
1
2
1516
0
1
0
12
1029
105
0
6
902
181
1
0
0
0
1
11
2010
1
0
65
10
0
791
0
0
1
2548
36
301
0
241
0
785
3
12
5
2
0
0
28
0
3
0
0
436
33
1
1859
0
0
12
10
0
0
1286
12
2
0
7
77
0
1
146
522
0
103
12
6
33
333
1603
41
0
0
3798
101
0
834
4023
0
907
656
8
3
0
0
0
13
219
1
0
0
1
0
8
0
0
0
12
20
40
5
0
77
2
904
24
0
72
1
84
64
1
0
912
3
2
14
0
8
2
0
67
515
451
0
34
124
142
52
3595
182
29
65
1669
1448
0
19
2
0
108
2
0
79
0
987
3302
0
3
0
81
359
110
159
374
14
0
0
0
1995
51
0
1
57
3
0
10
1280
37
121
11
2
1
296
3
17
830
117
0
83
0
0
34
663
0
13
132
970
0
6
1025
185
1
0
2647
0
0
214
0
1
0
0
19
0
0
0
385
27
153
0
373
221
0
0
34
358
111
0
137
1
0
26
0
841
59
362
16
1
3
3
3
27
0
0
0
147
1922
682
1038
0
57
31
0
235
1
29
0
4
32
543
168
0
12
235
14
638
0
13
76
0
1
0
3
0
837
95
43
1
0
1708
5
0
4
162
4
131
316
4
2
144
4
1
124
0
32
1
0
0
23
0
36
101
0
489
1
0
0
33
0
107
4
978
1
73
684
1
0
0
126
0
20
913
34
0
0
1
0
74
7
135
34
1
2
7488
184
0
3
0
0
1771
0
0
2
287
1
19
19
60
2
0
1
492
0
0
6
1
0
73
1
11
0
608
58
0
1879
111
0
508
0
31
1
0
567
0
0
6421
76
0
0
0
202
187
0
37
1
0
1066
1
141
3
6
0
2
0
1
6
0
0
534
1
2
34
0
22
5
0
744
3
0
3
0
7
9
0
1
0
0
0
1
0
3
0
86
10
140
220
3
0
126
0
96
0
0
0
37
0
9
1
0
320
1
35
57
32
1
14
0
330
0
1
180
0
861
1
1051
782
0
20
20
0
0
57
1
114
20
0
4
113
4
715
0
1
69
16
501
36
930
452
0
85
0
237
276
0
0
189
26
18
2
826
0
0
128
17
467
58
415
0
4436
68
405
0
0
720
3
136
133
17
0
0
0
43
28
50
0
0
1
306
0
0
6
389
0
0
0
0
591
533
261
260
75
0
6
0
49
0
1
0
12
1
42
667
0
184
0
0
0
1082
3
11
0
535
0
245
0
38
23
329
0
10
0
52
3
45
50
159
0
280
0
226
0
0
0
0
22
0
178
0
149
3
53
0
0
1
0
2
4
0
0
422
56
122
4
0
193
81
0
525
9
2
0
73
53
373
975
0
104
11
617
0
123
0
20
1213
28
15
199
4
542
46
0
418
2035
42
1654
1
658
3
0
13
0
6
28
1
2
11366
0
593
0
105
1
221
0
87
355
250
0
131
574
0
877
0
0
0
134
1
0
0
21
0
0
116
0
51
0
1925
4
0
41
0
14
317
0
0
809
24
64
1
99
13
0
2393
0
0
364
272
1
707
2
7
0
0
44
3034
1008
0
0
0
0
125
1
0
0
929
724
38
1
65
0
40
24
0
396
0
422
361
0
0
0
167
373
0
3
0
0
110
0
50
5
3
0
0
0
1
46
0
0
10
41
7
0
0
0
0
0
0
76
0
1
0
0
19
134
247
2038
131
0
173
0
0
0
5
1
0
1
0
41
0
172
2
2
0
0
1
1
0
0
6
0
162
1
2
3
3
16
9
32
8
593
727
302
8
49
86
0
3
12
0
89
2
18
1
0
5
0
0
65
0
0
1306
0
0
0
0
0
54
0
3883
105
32
825
0
0
112
0
768
5
0
1
0
0
30
87
0
167
353
1195
739
1
0
0
0
0
20
125
0
382
299
5
60
0
63
1057
0
49
25
55
7
74
383
19
224
5262
1400
0
1
4
62
0
0
2
234
2867
21
0
6
1637
0
0
0
3
19
160
275
352
1731
292
1
0
28
0
1592
0
0
141
569
0
2
3
328
1217
0
611
379
0
806
11
0
9
459
242
242
79
0
706
62
155
1
69
438
1604
0
0
21
0
4
0
0
260
16
7
7
74
1093
0
10
372
117
8
0
2
222
4
30
0
0
9
32
338
3
0
17
0
0
0
0
0
125
204
278
260
368
0
197
1
0
51
1002
171
109
7
245
27
0
5
46
280
1
1456
20
1
258
0
0
64
0
3
0
0
0
0
127
1
0
14
14
0
0
695
0
1745
0
0
5
0
56
0
1
1
889
2
5
0
10
0
0
367
0
0
0
0
104
11
1
8
95
0
0
504
0
46
0
427
20
0
0
17
144
131
352
687
0
1
464
0
0
11
310
10
0
327
0
60
0
0
0
4
623
190
268
1460
0
4
7
37
335
16
42
2
14
42
0
39
0
105
9
558
2
0
131
0
0
42
0
82
1024
0
288
3
0
317
0
866
32
40
752
6
2367
2078
0
1
29
0
0
3
0
983
0
458
3927
361
33
31
262
19
13
0
30
42
8
0
7
269
283
120
94
0
203
548
16
20
0
3567
0
0
0
597
0
224
89
693
0
36
0
223
641
0
0
1428
8
33
1
2
1890
16
0
340
32
527
242
0
324
0
49
197
905
28
0
8
587
0
0
7
0
0
0
477
0
3532
3
0
216
0
0
19
14
69
58
192
394
0
0
57
160
0
0
0
40
1
75
32
0
0
69
0
3
37
0
663
1212
0
164
5
52
1
10
0
20
1
31
0
0
0
0
106
0
371
2
14
1
667
0
4
1
0
71
4
821
0
233
184
113
0
1
0
44
4
0
0
0
76
0
53
0
24
218
0
9
10
36
0
19
4
0
78
15
18
164
0
989
162
369
0
1
381
21
22
178
0
449
68
0
0
61
27
1
171
33
56
14
0
0
3
977
314
42
9
1810
12
0
107
39
30
2
45
20
785
523
154
3503
772
0
81
81
1
596
53
1
2
0
84
207
0
4
273
177
0
205
0
540
0
0
30
0
0
461
109
2021
0
83
0
178
9
102
0
1
16
1056
83
24
79
173
95
20
0
0
46
21
0
52
7
161
1138
0
203
0
17
0
1083
1065
386
15
127
0
269
0
180
0
1
6
8
0
0
32
30
6
1188
41
1
0
185
139
56
0
0
1
73
486
0
92
0
42
0
2380
48
22
3
0
0
0
58
65
0
47
191
116
7
0
0
2835
0
13
410
0
388
3
51
4
12
0
170
0
153
0
216
31
255
61
0
0
0
659
0
24
2065
0
23
4
0
0
1
26
0
23
40
12
0
1
30
4
31
1
0
117
2
0
170
7
470
995
10
3
0
43
28
1
915
271
8
37
655
2
2
61
49
0
3
42
423
18
682
0
54
1225
164
0
20
357
309
697
4
10
1
224
126
0
74
124
358
8
0
7
0
25
0
0
6
4
1
9
676
323
99
3
493
11
197
0
228
457
0
10
2
47
129
310
447
0
0
45
304
315
5
0
157
18
0
0
0
3
1234
0
0
14
3864
0
3
1
10
38
0
1186
5
3
0
43
168
78
0
125
416
0
0
514
0
10
7
145
0
6
1
1
24
0
1
139
7
0
41
0
25
324
0
22
0
15
0
3
425
0
4
721
264
2
1
9
42
35
0
57
1783
0
189
140
26
355
0
729
76
0
7898
94
52
0
1
0
1
138
18
9
172
31
0
71
0
0
5
107
10
34
37
77
663
610
4824
261
38
1963
0
11
0
310
38
0
2
832
0
29
112
4
75
57
0
1
94
97
0
0
0
572
0
30
201
3635
0
0
0
0
0
3
107
79
0
12
379
163
0
0
5
0
49
3
68
0
0
983
419
0
0
732
192
0
0
16
0
0
114
2
0
187
3
16
0
98
536
619
5
0
0
0
9
83
0
0
220
0
330
0
0
1
0
0
0
0
2
1
91
15
459
391
1
1
1605
31
0
0
16
0
9
0
13
550
30
1
0
8
0
5
3221
863
0
208
309
1
162
0
159
22
155
56
214
0
197
8
0
0
0
212
0
0
54
159
0
6
0
91
535
9
11
0
0
6
0
0
0
2
6
232
0
0
211
422
0
0
0
0
58
0
2957
179
0
363
71
38
0
0
39
64
14
0
0
265
18
1
0
22
15
0
2
0
370
6
0
111
0
5
19
0
0
0
0
115
83
32
0
0
0
0
641
1
0
939
198
0
30
0
180
39
3
0
166
0
63
8
0
12
0
0
426
0
0
0
0
5
2480
2
0
4
0
0
0
47
598
16
419
16
8
17
90
0
1
372
387
0
203
0
209
884
17
1398
4
36
13
0
0
0
59
0
993
0
1
1525
0
0
4
0
304
247
4
0
2
0
3
1
72
1
360
386
63
32
404
5
387
0
0
3733
0
3
0
1
1
82
61
866
0
0
288
0
6
0
35
0
0
1
6
0
0
0
0
32
10
87
2
247
59
634
0
25
18
0
45
0
0
310
2
0
316
4
0
1
4
14
0
0
1
4
0
88
0
24
0
106
30
67
0
43
6
0
20
0
7
3
243
670
0
0
0
25
10
0
11
14
0
43
231
0
35
1
17
180
0
1161
0
71
0
99
0
0
0
50
12
0
2
0
0
9
0
0
0
28
29
0
0
59
0
51
0
158
1
0
0
0
0
11
559
0
808
354
0
0
0
0
4425
106
85
28
0
1
253
2186
5
0
2
0
2
69
5
6
11081
3
26
0
544
0
3066
69
708
514
1
108
51
22
334
1
2
98
123
66
823
140
0
4
0
5
1825
0
7
2
158
0
0
8
0
1
0
0
0
16
3
2
0
0
1
6
84
113
0
397
632
1908
121
24
0
300
15
0
32
2
0
0
0
0
0
85
0
20
0
51
0
62
0
3
71
141
0
0
13
0
0
0
0
11
35
145
1446
3
329
453
9
1
96
4
5
0
16
0
484
36
47
0
0
0
12
70
0
6
15
403
0
66
0
88
254
0
169
56
108
141
6
0
2
0
0
0
4
0
21
0
0
1
102
42
0
0
12
0
1
1181
0
0
124
93
0
74
0
196
704
7
33
204
947
535
1
89
0
0
0
34
12
97
581
0
2
25
524
0
0
0
0
0
35
0
0
1253
5
4
14
330
0
1
7
25
282
0
12
546
190
428
286
4
215
1
0
7
15
127
85
3
1
43
7450
632
11
0
286
12
158
6
0
1692
0
43
0
24566
0
1
96
568
98
3
373
0
54
943
0
0
0
65
0
0
79
16
0
0
32
2
0
1
0
95
48
609
128
13
0
0
0
0
36
2280
30
0
0
48
24
1
27
458
15
0
13
0
0
0
6
15
0
752
0
0
12
0
91
3
0
720
0
0
0
0
0
1
0
1
0
0
141
392
62
207
7
50
0
157
62
43
142
0
207
760
0
1
0
22
904
53
55
20
252
196
1821
1
0
0
0
0
21
269
0
0
14
0
293
2
216
0
55
0
31
117
0
0
43
10
4
14
0
43
8
113
203
0
928
20
2423
13
0
326
0
108
1
0
77
0
0
648
37
4
349
16
2
2163
22
0
0
382
0
0
28
70
0
98
73
0
0
1190
0
230
13
40
10
8
46
148
256
249
0
657
4
620
370
349
2
0
41
68
390
0
0
0
2583
0
69
3
20
8
887
0
52
0
335
1
612
2
353
17
56
62
11
0
4599
0
20
2
3985
13
0
3
0
0
0
0
0
238
22
0
0
61
1
24
148
0
99
1484
104
0
97
207
56
0
0
0
64
2854
10
10
2270
0
0
12
0
0
0
10
931
0
2
8
0
0
58
40
0
81
0
0
18
235
1224
35
0
646
667
0
222
20
0
78
1059
154
0
0
113
20
876
13
0
314
3
1270
153
2
38
10
0
5697
26
18
65
0
11
0
0
38
15
293
0
0
163
2
43
0
0
67
574
0
12
153
56
0
0
0
0
0
343
273
0
1583
0
6
4
0
0
112
1
9
163
0
311
89
933
446
0
0
0
19
167
247
19
116
0
206
0
0
38
67
224
0
1
85
0
0
93
8
0
0
6
0
0
219
0
0
0
0
6
65
45
0
14
11
7
178
0
476
0
327
25
18
400
13
0
604
4
2
0
11
0
1791
0
20
0
0
23
430
0
102
0
4
3
5
3
0
16
0
0
0
0
22
0
4
2
89
0
0
54
65
0
13
313
0
4273
212
0
0
0
432
0
49
322
0
0
0
28
0
0
4
0
0
45
0
0
0
1
0
0
117
2
13
2
0
2237
0
150
1
345
248
0
0
0
265
4765
380
0
1
36
36
30
0
38
12
0
6
51
0
95
0
195
102
160
0
19
20
0
3
1
610
0
12
7
0
1
0
6
4
35
154
39
39
22
29
184
0
76
1
224
16
146
0
0
4
186
0
0
466
2
1
0
29
488
90
0
5
5
1194
73
25
3
474
57
0
169
53
54
15
9
523
23
0
1
2
67
0
152
46
0
2
10
339
19
10
8
123
2
0
0
0
389
251
1714
0
21
0
26
6
0
0
1786
0
353
6164
421
0
0
138
1916
0
16
15
0
47
0
660
3378
28
424
0
1661
287
1
78
11
195
134
18
8
11
2
10
23
1
31
0
0
0
4
301
161
97
7
305
299
624
15
0
68
12
15
19
530
0
6
16
253
10
0
0
20
671
0
0
26
0
0
56
1
0
10
0
0
0
0
0
0
0
71
0
1
0
7
0
0
11
339
3
1153
0
74
0
2
17
4
203
2
1
1614
3
1
0
1
10
135
2
0
3360
0
2
381
0
275
47
0
58
40
7
15
0
61
11
0
0
418
342
3
619
461
377
0
15
0
0
0
31
1
0
0
1
0
0
6
0
1696
293
0
14230
0
3
0
0
0
164
68
14
111
534
0
3
29
16
61
0
49
6
23
0
0
0
0
0
376
944
1075
100
0
19
1542
518
16
0
0
317
46
0
139
164
0
146
17
5
109
0
652
9
3
0
0
0
336
176
55
84
0
2
3
3
71
48
1
2
0
4
237
8
1
1
0
1
0
0
8
1
1
6
47
0
2
1
0
1
4
1
0
141
0
0
0
213
5
14
76
0
0
527
91
17
48
101
2
3
4
0
12
2
20
0
563
6
8
20
15
0
115
0
0
0
13
0
0
12
35
1
0
459
0
19
14
0
19
91
1
1
0
0
1
0
10
75
1
1
7
3
42
3
0
4
0
99
17
3
299
8
1
447
0
1897
391
214
4
0
69
0
178
0
0
12
306
8
599
15
64
2
0
0
0
94
0
0
0
0
6
1
60
0
103
0
0
0
63
21
0
0
52
7
44
5
0
145
70
32
122
319
3
0
0
0
0
7
379
0
165
381
0
1
151
139
0
443
4
69
16
0
0
0
171
0
3
4
35
0
3075
0
256
5
0
0
0
8
0
0
103
0
40
6
24
2
25
0
0
0
48
559
14
0
0
4
5
101
0
72
1783
0
229
36
58
0
0
4
6
0
34
0
22
71
0
90
63
0
12
15
2
0
3
0
78
127
2
2
123
344
0
14
0
605
149
54
0
0
28
0
0
3623
13
1094
29
15
0
0
7
73
27
34
0
0
0
0
0
605
18747
1
1
1
53
27
133
0
3
0
2
0
0
6
4
9
127
23
26
6
0
0
453
8
3
23
1
118
55
8
14
0
5
41
214
0
4
48
7
1026
0
60
1112
5333
27
363
40
5
243
36
650
0
4
35
0
58
495
59
366
35
0
0
3070
33
0
56
16
5
5
0
3
4
88
0
78
87
0
0
4
7063
0
3
207
174
0
23
1
768
3
0
0
24
0
1
0
35
441
0
0
0
40
0
3377
0
2
901
0
124
108
0
841
517
19
9
1
1
0
66
0
194
15
73
136
14
382
0
0
31
0
0
72
0
50
224
2
113
874
0
30
0
91
0
0
27
39
0
69
2
1
1
5
185
0
0
1
0
0
421
97
1
83
0
539
663
233
0
0
0
60
92
3
17
16
5
49
2
0
10
0
0
30
0
0
101
0
0
1
44
13
0
56
83
55
0
11
1
0
59
19
13
0
17
0
34
0
0
0
22
166
0
0
59
4
54
24
345
3
9
0
3
538
170
60
36
0
314
52
39
303
88
5
0
12
52
218
12
30
6
3
4307
1369
0
0
65
66
112
53
0
1
0
0
1
0
81
0
0
0
0
2
1
0
339
7
353
13
45
284
0
0
0
903
0
0
17
0
90
10
6
3
18
0
2
0
265
370
0
250
0
370
0
281
173
14
0
0
0
0
0
36
0
0
54
2
0
4
0
0
0
0
0
0
0
13
17
1
594
566
105
0
0
205
0
14
2
0
334
105
11
0
125
0
238
0
182
75
1
308
0
110
1
3
102
42
16
9
269
866
0
465
35
3
0
0
1242
167
6
48
0
14
0
0
0
8
2001
2
18
222
0
187
0
99
0
19
0
113
0
1236
2
3
10
44
1
214
215
0
539
0
0
24
34
1
0
1628
0
0
27
144
66
24
750
333
444
1015
1193
55
0
13
18
50
29
0
1
0
83
2
72
0
0
2
2
246
0
0
0
0
1
0
31
1464
313
3
164
12
1
53
1179
95
64
5
12
58
6
0
1
7
968
6
0
0
0
3
0
259
0
0
118
5
20
527
9
0
80
717
0
2583
10
21
2
151
2
377
96
0
14
170
19
212
0
45
4
1
0
297
9
0
245
216
0
1590
12
46
0
238
166
0
584
97
2
0
1167
0
55
6
206
0
0
20
12
7
310
310
48
1017
30
655
12
2
687
1038
0
0
0
12
470
2773
0
334
72
0
18
5
1
0
393
5
30
2
1
21
142
2
19
0
351
0
31
0
78
0
0
5
0
0
6
84
32
0
334
1086
0
69
418
0
261
0
0
0
5
8
79
18
54
2212
37
0
96
81
257
0
0
0
0
0
251
1982
49
0
27
254
295
0
119
1
27
8
21
86
0
64
6906
2
0
0
2
5
796
0
0
0
7
0
0
0
0
490
0
75
73
1
65
3
3
36
5658
9
33
0
0
105
0
0
812
0
0
582
3
27
0
3
0
1
401
144
0
0
0
225
59
0
2
28
12
690
0
0
0
0
0
0
1
109
0
0
0
1690
2425
0
20
10
0
101
1
335
21
206
14
0
97
351
0
1464
385
1
179
0
0
5759
21
0
182
0
0
14
0
935
7
305
5472
0
0
0
0
0
2
44
3
144
10873
432
0
9
0
0
3
0
114
1
96
30
170
577
1532
348
1
0
123
0
21
0
690
2088
4
33
2
0
87
1
15
0
5
0
153
27
0
207
9
0
1
9
151
0
2
0
14
0
0
22
642
0
96
56
0
15
134
2
11
1
0
1013
4
205
40
0
10
0
0
0
1801
184
597
151
0
9
3358
1037
0
0
1219
0
0
0
31
0
1
0
93
201
60
135
1
222
1
0
7
31
799
185
82
23
0
8
0
7
57
0
237
49
0
15
0
0
3
0
1
905
5
21
193
18
55
0
0
225
169
15
0
0
2
1
1
220
223
0
0
15
0
5
12
0
754
160
0
0
202
1012
79
24
53
0
0
71
0
1
5
2
111
0
0
14
12
0
431
4
40
50
134
437
0
0
48
210
325
42
0
0
8
0
1989
394
3093
0
1
8
66
32
26
0
0
1753
0
0
0
0
8
0
0
0
0
17
0
10
0
126
0
49
4
0
70
0
428
1321
0
0
0
1
3
0
2
0
142
862
70
80
5
1
223
0
65
780
112
709
6
21
34
0
7
3
3
0
0
0
14
0
144
0
7
285
1
114
127
0
0
1
0
2
0
0
11
391
3
0
0
0
0
0
0
1
68
18
510
1165
2
1
236
1720
0
3
19
0
1055
2
22
45
228
0
121
0
14
0
481
9
1
0
1
0
6
106
511
3
159
139
836
0
1
51
443
58
1
36
1442
0
147
0
555
2064
171
0
24
22
0
1
2346
991
11
1
347
3
131
0
0
15
0
0
0
847
35
215
769
29
45
344
0
97
126
130
0
0
142
0
31
0
4
4396
0
63
38
0
117
80
4
3
2
96
0
480
0
73
0
514
375
334
0
95
0
1
0
0
21
0
723
5
2
3
0
0
0
39
0
298
0
0
0
0
0
0
7
11
0
73
1
245
141
9
317
14
133
252
0
132
49
0
188
83
155
2
2528
0
265
0
40
72
1
0
302
7
1513
220
490
118
32
0
0
0
3
0
52
0
0
28
91
0
1226
318
0
0
820
0
0
0
12
0
1
0
4
0
5
5
0
20
0
227
10
431
0
0
2
1
312
4
1
0
570
0
338
40
0
0
591
0
0
8
0
0
0
24
0
114
0
241
2996
0
629
0
104
0
9
1
49
1316
153
169
253
214
234
32
156
0
70
0
550
0
685
51
0
256
1
305
255
0
178
0
187
0
0
1250
126
86
0
257
20
0
226
87
0
0
0
0
2
143
0
196
0
255
171
0
0
956
531
0
0
568
0
32
5
94
0
0
409
63
110
2982
645
93
90
3
2
8
2
27
1
155
0
46
129
183
754
1
23
271
72
0
53
113
0
0
334
195
0
55
222
0
3
0
0
10
35
0
0
8
138
77
0
679
2480
3500
27
431
1561
0
148
6
21
582
42
29
125
86
1
181
1
0
59
216
0
7
6
93
231
1
5
0
375
9
3751
155
54
85
33
1
0
1020
422
103
10
4
7
86
90
0
213
12
0
92
436
6
179
86
0
0
0
39
672
512
178
0
0
468
0
0
0
0
1
24
2345
0
0
0
0
35
22
1
0
337
6
0
0
1091
27
0
3
131
87
966
388
0
0
0
0
26
80
0
4
5
0
15
0
117
0
0
145
2
0
3
76
0
65
0
2
0
2
191
0
10
0
71
0
414
131
0
63
0
1
59
57
1497
37
95
0
185
89
1
4
2
71
12
9
0
339
174
0
111
9
0
0
160
0
30
777
0
0
0
0
0
0
40
14581
25
0
332
0
109
7
3
0
1
25
15
0
0
0
126
46
38
0
78
13
40
0
1304
0
0
0
113
18
1726
275
10
0
0
11
19
11645
0
0
6
2857
157
1
0
5
4
0
0
3
237
139
1
26
0
2
83
0
21
2
0
28
167
0
14
28
25
10
368
119
0
441
176
0
0
259
0
4
0
187
0
525
1
0
0
5
4
8
0
795
0
0
895
12
0
0
75
2
0
0
0
0
45
0
43
1
0
47
2175
1
0
372
0
0
5589
22
450
302
12
0
10
1
1
246
0
307
226
2
119
13
0
83
1717
1950
0
0
23
3
0
58
3
105
2
0
0
4
1047
376
122
369
29
0
386
190
1
1
11
2
0
1
221
0
131
2
11
0
329
0
0
16
2
34
0
0
0
70
6
0
82
0
21
0
0
1807
28
0
44
1
0
5
63
3
0
13
0
0
0
0
2
0
488
132
657
9
6
175
4
0
0
1
8
1
12
100
12
9
0
22
215
31
0
314
63
8
944
297
0
680
33
0
3
0
2
0
0
33
166
3
65
0
26
0
13
0
32
7
0
0
0
258
2
79
845
561
14
0
0
0
0
48
4
0
1127
1037
26
0
0
10
33
3
0
0
2119
10
0
664
160
0
263
0
0
78
0
113
551
0
0
107
2
0
0
0
0
0
168
0
0
50
193
0
14
7
0
172
0
266
0
5
34
70
236
38
0
0
280
71
2379
33
703
2
360
0
510
17
0
137
0
54
20
3532
1182
0
10
66
35
0
0
2113
0
0
275
13
19
0
22
0
0
0
84
0
0
34
166
773
0
0
52
280
52
0
92
0
0
0
5
0
0
1
28
125
8
2
0
11
22
1
0
0
0
571
0
0
49
122
421
49
49
36
197
1
151
67
231
39
3
96
444
128
0
62
0
51
1103
67
432
0
0
10
0
30
136
71
0
15692
91
2
4805
212
1
0
69
387
0
323
0
0
9
145
0
0
0
2
300
0
2
0
6
0
183
5
0
2
222
0
0
477
11
81
0
29
0
0
27
0
35
0
385
3
0
38
0
10
16
0
31
0
36
124
0
0
0
160
14
1210
194
78
448
202
31
1
9
2
0
66
0
0
3
20
125
0
13
513
1
1
178
0
746
7
242
0
185
702
25
0
0
1
72
5387
0
0
0
0
0
0
0
0
2
2
127
114
17
0
23
40
118
238
0
1089
452
0
19
500
437
0
61
12
186
1374
0
8
0
0
0
0
293
2
89
0
0
9
37
0
5
10
1
31
21
1
102
0
0
0
0
1
28
0
1
103
6
587
204
5
0
809
43
0
30
1
127
0
0
1
7
0
0
0
111
0
13
3
1494
369
0
0
1633
0
39
201
1057
22
0
18
186
0
0
2
0
1
129
893
8
136
30
158
64
0
1096
65
16
13
0
0
2
1
15
1661
0
116
2974
1
1
7
1
0
1847
206
0
0
31
1364
0
587
0
153
349
104
141
0
1
193
0
32
0
0
14
1453
0
2
168
35
0
51
0
155
8
0
50
1
80
0
17
1086
431
69
0
0
298
25
0
482
36
16
0
1
0
0
0
15
522
0
220
18
0
531
51
0
0
0
730
5
15
42
236
9
0
0
28
1
703
0
1
0
341
6
0
1
0
459
1
682
2
0
172
0
0
7
0
0
1356
1
3
0
7
89
0
48
0
0
2
1
73
44
0
5
0
0
4
790
228
0
10
2
0
83
3
2
4
3
310
72
557
38
31
211
0
0
82
6
240
305
0
5
227
37
142
53
1157
5
1167
0
918
241
7
2
0
4
0
43
32
172
162
0
145
0
4561
0
0
0
18
43
32
205
0
0
0
8
0
461
145
0
7
0
0
0
573
389
79
25
1762
2
0
0
259
3
0
2
62
172
0
42
118
17
0
0
3
0
1417
553
336
25
2096
1
2
49
478
110
0
0
42
738
26
3
0
0
1
0
16
941
0
685
0
7
28
963
4
261
0
0
9
16
126
0
2
28
0
4716
0
130
88
1
0
100
33
17
7
8
38
0
6
5
1
0
4
0
9
0
0
7
2
0
0
213
0
236
53
2
0
524
0
0
0
896
3
0
0
559
257
10
165
458
128
0
0
142
93
0
57
649
0
0
3
928
1
6
0
0
0
14
4
4770
49
174
63
473
16
0
0
0
0
0
719
9
92
0
168
2
2
222
1
192
0
79
23
0
0
2
11
0
0
0
0
3
29
2
20
0
1
0
19
115
0
13
21
1
0
0
2
0
1
40
1
36
505
3
0
0
595
0
1
11
0
0
10
1
7
46
181
1
2665
272
78
20
0
98
0
399
0
0
0
711
61
145
0
3
4
0
91
0
0
12
1016
5
1
10
169
8
312
0
0
541
185
21
2
4
89
45
0
5
0
1850
198
0
0
24
0
0
2
0
0
765
1
221
2702
414
896
27
0
2
43
49
78
0
0
0
5820
354
539
404
1
0
209
200
124
35
38
0
0
18
317
561
0
0
95
926
0
580
1541
0
2
0
143
0
1
664
166
515
363
60
0
0
83
1037
56
0
24
158
3
0
33
0
161
276
0
0
38
161
5
10
44
0
253
6
15
339
152
11
0
478
0
0
16
85
34
0
1
667
0
177
0
56
826
0
0
74
0
1
450
0
0
0
8
193
0
493
1
74
0
0
0
0
882
13
68
318
609
159
49
16
150
0
5
24
83
123
14
74
15
451
48
64
449
1683
193
0
354
1
239
127
435
211
8
0
0
194
17
107
0
25
1189
270
372
0
107
41
0
0
4
0
4
1234
0
174
553
102
509
0
38
6
0
3
74
93
9
248
0
1367
0
0
0
0
68
524
1
5
0
87
0
2
0
1277
244
34
104
0
2
0
0
138
17
458
448
0
0
0
66
0
7
0
359
1
2
107
3
0
17
0
5
0
81
134
2
67
156
0
407
0
12
16
298
0
605
0
22
0
0
56
7
11
37
67
572
218
0
0
3
0
0
49
0
875
0
234
1
0
963
21
85
0
0
70
0
23
211
276
52
13
131
1594
0
472
38
0
193
1570
23
4
0
1
12
0
28
384
0
0
0
28
1
0
20
25
21
92
0
32
0
0
6
0
0
0
288
9
2
601
0
0
36
957
0
0
3
17
388
0
274
22
12
0
14
0
2271
2
0
0
1
162
0
1172
0
17
26
0
4942
2
0
89
117
3
0
3
1
326
81
119
187
9
1
0
36
49
8
2
1
2
2
0
38
1
0
0
35
0
24
0
15
21
0
0
224
31
35
3
0
5244
140
86
2
413
250
6
1148
8
1301
0
0
990
1631
413
539
63
0
0
0
22
0
1987
0
0
2
109
0
0
7
18
0
0
2
10
0
2
0
0
118
0
20
556
0
0
0
0
0
8
794
12
1
207
120
19
0
0
0
0
226
5
786
0
0
2
0
0
0
0
348
37
0
0
290
29
620
0
36
2255
155
0
0
191
5
46
0
5
16
2
0
628
243
0
47
40
1997
35
0
516
1
0
30
13
0
9
3
1
0
0
0
1
306
74
0
0
0
233
164
1321
0
1
0
53
0
0
1
0
0
105
0
0
23
19
458
13
4
0
0
684
20
1
2
1535
0
0
409
0
107
0
0
88
51
0
0
0
0
20
245
0
0
0
8
11
4
0
16
416
321
0
5
0
1
2
0
127
0
0
1
55
0
0
1
9
0
40
0
0
13
32
0
0
0
32
0
4
0
14
15
59
2
5
21
0
0
36
2
0
178
0
0
0
304
0
0
473
1
18
25
0
0
8
0
70
114
6
0
600
22
154
3
0
205
1
60
33
0
5
53
856
0
31
9
7
366
0
82
54
0
8
0
8
3
83
228
916
0
0
0
5
0
0
0
13
39
0
133
0
15
0
0
0
2
0
0
3
1436
0
367
152
0
0
2
24
8
0
210
0
0
0
0
9
7
1105
602
1
118
9
17
177
0
3
0
222
0
5
108
3
11
0
0
0
41
0
0
3
9
0
133
14
1
15
71
69
1
103
7
0
0
0
0
5
0
0
0
0
44
0
231
5
15
111
0
5
0
0
1
9
0
0
0
32
11
0
752
97
0
0
0
128
122
0
46
265
18
92
1126
16
0
0
106
2
45
2
23
1
0
1
0
52
192
79
213
41
0
8
0
1
821
0
167
0
0
3
135
92
0
5222
633
5571
225
23
60
216
652
2130
0
0
0
6
12
1
0
1
0
1
73
99
425
0
134
27
22
427
250
0
0
596
0
88
0
176
0
1862
7
2
50
0
0
444
844
22
66
26
3517
27
155
0
0
5
15
50
126
2
0
110
1326
4
33
3910
0
80
0
5
0
0
3
0
0
25
2
1
197
1
4
81
16
17
0
0
0
11
145
5
0
0
1
0
29
0
20
877
66
5
0
0
88
1640
0
295
13
330
41
0
14
5
4
18
0
0
1561
0
0
162
0
39
108
0
0
0
18
9
8
124
2
0
353
10
181
0
166
48
0
167
1
5
0
3
0
0
138
15
282
4
52
0
0
75
0
6
0
36
0
321
0
0
0
0
2
0
0
47
1
645
4
109
2
0
5
0
0
4
80
0
16
0
0
0
2
1
14
281
1
0
112
15
77
0
8179
10
0
186
0
146
6
38
16
10
6
63
122
0
0
106
0
22
0
1
0
3
37
142
0
6
0
5
39
0
1
710
7
0
692
0
0
242
43
30
8
1
47
106
0
0
96
0
17
0
1
0
126
3
282
0
0
179
33
19
0
4
10
8
6
0
0
2
1
0
5
1
182
0
0
0
11
555
326
19
1
0
38
0
24
0
30
0
0
88
0
0
91
12
79
643
672
3
349
2
862
57
2
593
154
363
0
1
0
1440
5240
4
144
45
8
46
7
357
0
0
96
7
0
0
0
10
0
0
0
0
0
68
0
251
0
0
97
0
669
14
0
20
0
0
37
3494
304
760
0
247
307
0
1
73
1
2
51
490
4
13
2021
418
288
2242
17
298
203
0
30
2
0
5
1
0
6
84
0
2
0
16
13
0
784
0
7
41
52
12
6
23
23
2
0
0
0
45
417
0
38
183
10
61
0
87
7
3668
0
0
0
2
109
0
8
315
58
17
2
0
147
186
2
0
153
1025
0
2445
1286
0
213
185
0
392
0
1508
0
3
1
0
568
533
0
0
1
949
538
0
1
83
141
50
28
0
3
4
0
246
541
0
0
0
132
0
72
2
0
160
0
291
3
0
138
353
0
0
0
1
2
22
14
5
39
335
0
452
1
365
0
9349
254
15
260
27
0
44
68
262
214
19
0
199
3565
92
97
4115
0
0
31
0
322
4
36
318
71
0
0
357
414
0
0
1
3
0
117
10
90
1644
57
11
0
17
618
4
442
103
1
41
83
493
0
2418
4954
0
0
425
1100
199
0
0
6
19
0
543
9
0
68
130
5
1
4
7
1
8
43
0
6
3064
3137
0
1807
1271
1
976
28
11
139
0
36
223
12
1296
3
1173
66
158
3
2430
0
0
518
3
1001
6
0
225
128
0
60
44
2858
33
467
19
104
0
20
262
214
2064
54
156
0
44
0
156
0
0
0
0
0
0
59
0
14
2
38
0
1
47
5
0
9
0
0
0
108
175
2
0
0
604
0
0
1365
12
0
0
3
1099
0
0
7
12
265
1
0
1
85
0
0
4
2044
28
273
0
0
3
0
0
0
112
10
2
0
19
1
3
85
193
0
32
3
293
10
160
6
0
13
0
5
11
10
0
60
120
0
35
99
0
6
28
0
328
3
82
78
252
1
9
0
278
0
0
1260
2
1
10
9
183
0
1023
1781
98
353
111
5
440
16
60
260
150
1134
0
284
0
3
325
4
0
24
51
426
0
84
0
0
1
0
2
15
4731
0
66
24
0
0
4
1
16
0
0
70
889
68
13
16
23
0
9
2
16
2
0
6533
118
112
161
0
201
2
25
493
0
37
2
0
0
1
0
94
47
31
100
665
149
202
29
0
11
491
1306
0
1
10
5
2852
513
5
4
0
0
1
40
301
1642
241
9
1140
0
11
31
936
41
1
5
0
161
470
3
13
2
0
15
18
38
0
1417
308
37
0
0
0
440
17
0
65
82
0
0
47
826
631
0
5118
41
200
0
1016
2
30
1
1078
8
260
0
17
0
24
0
4
0
476
90
4
0
98
0
45
1877
60
0
0
0
0
1949
0
1059
0
22
98
0
469
24
146
4023
7
824
44
173
0
20
163
0
0
0
813
767
0
0
0
227
0
0
0
117
27
1
6
0
0
14
5
1
13
5
0
0
918
0
425
17
0
0
0
66
0
0
35
0
0
7
0
54
0
0
27
232
227
0
494
56
0
0
98
0
93
1
0
0
151
0
7
0
0
271
0
1
492
48
0
26
0
28
288
0
345
1
10
0
0
417
0
0
0
1031
21
0
133
21
65
0
170
2792
0
1
0
343
103
3
51
1
37
0
35
0
9
0
0
27
334
103
1
0
0
0
0
16
0
0
24
23
0
760
0
34
0
25
16
3
9
0
6
0
191
4
50
3
0
36
18
47
97
0
1
1
5
194
7
16
19
0
1
0
0
50
9
0
1609
41
0
0
271
676
86
0
16
89
134
70
0
69
110
5
0
113
2
0
40
8
0
10
0
537
0
50
0
9
0
2
97
87
65
334
333
2
0
49
397
1
0
0
4
0
1
1606
83
0
500
4
418
0
0
24
11
0
0
0
0
0
9
0
0
0
0
955
48
13
0
0
61
3
2
25
0
180
0
16
76
2
7
4
261
15
203
0
351
21
203
1
1
16
155
299
1585
24
0
0
0
4
110
1
0
0
2
15
0
181
2
10
3
2
21
0
6
22
0
0
0
3
48
0
0
34
0
79
0
84
0
298
36
45
128
0
0
72
0
71
1
0
0
150
8
304
268
0
57
658
69
0
0
91
672
3
0
17
0
1279
0
4
0
25
73
35
56
8
10
26
1
0
6
70
16
56
0
5
1120
0
0
29
13
1
0
326
0
1
1
0
0
91
117
48
0
0
0
4
67
0
600
0
25
124
13
415
137
48
0
0
370
22
304
393
0
0
222
0
18
0
443
810
497
1
0
0
26
4
4
59
23
0
0
0
2
0
1
14
0
466
0
34
183
0
141
0
10
0
135
5
0
2
46
58
0
0
65
0
4
0
0
0
7
0
0
1
1
3741
197
344
0
0
0
13
0
122
0
0
43
738
0
28
0
179
124
63
1
0
105
0
11
33
2233
0
2
32
20
3
357
339
0
0
0
0
344
5
58
267
9
0
37
82
2
0
2
0
16
1324
195
0
0
0
187
0
2
2
0
0
13
30
3
21
3
71
0
5
728
72
4
10
12
4
53
23
1
26
81
311
70
450
0
5
0
6
172
0
11
5
0
0
0
0
0
0
15310
300
5
1
0
508
3849
13
6
0
7
531
39
0
1377
49
0
0
1272
14
0
36
9
2
0
571
1
5
1
0
0
0
0
2
0
0
763
0
0
4411
0
1
0
0
0
0
29
0
0
63
0
34
1753
0
0
13
134
82
0
352
0
21
16
0
62
0
285
0
0
0
1626
2
155
1
0
16
249
29
39
36
480
0
12
30
70
14
4
0
1
0
0
0
65
483
0
1
0
7
0
8
1
0
1740
0
0
0
1428
330
193
0
103
0
354
1
8
87
752
0
8
0
11
29
576
0
0
164
0
4
0
0
74
16
0
0
328
10
137
0
0
131
0
71
3
1
267
0
161
318
81
44
0
28
469
40
17
153
0
0
2
250
116
0
157
0
238
190
2
1
93
105
153
0
0
0
167
424
1058
50
3122
0
28
0
1563
7
548
387
0
29
0
457
3
0
92
24
61
99
1
76
0
0
0
24
0
0
319
272
360
0
0
1835
14
132
0
141
299
545
1354
0
0
0
4918
0
604
1
0
308
1
4
0
0
0
0
5
0
0
5
20016
67
43
5
0
177
2
304
4875
239
0
297
47
392
0
0
0
0
100
0
0
2
142
0
236
215
661
0
244
0
132
0
1209
0
2
3
130
508
343
30
974
1
0
8
405
124
0
1006
0
351
1
0
17
61
0
11
0
0
1
0
269
10
9
443
0
132
5
0
1
201
0
1
0
2
1
0
1
8
45
0
281
116
54
303
2
0
1
2679
634
23
713
0
0
89
0
70
389
3
63
788
11
242
47
31
7
99
0
0
861
2
0
1075
4
0
220
178
15
0
0
0
989
6
127
10
432
827
121
0
0
0
32
2
618
9
178
4
153
41
11
0
1236
353
0
371
10
9
2
0
62
43
15
278
260
660
2
704
0
4
0
2
0
102
264
18
895
12
239
1084
297
35
101
15
2
5
1
130
2
0
0
0
2
0
223
0
567
618
0
0
3
63
0
126
11
0
3
0
7
1
0
171
98
1673
0
25
0
0
2726
6
6
2181
2
140
305
0
55
0
0
4
7
20
515
692
40
269
187
408
0
109
77
1
0
1
45
0
0
288
0
178
67
9694
1
7
764
256
21
0
166
0
0
26
0
232
654
310
32
181
15
53
5
0
27
22
30
239
226
4
98
37
0
0
11
0
467
184
139
0
9
0
0
0
0
7
1
420
4
108
0
0
1
0
0
100
9
0
14
14
0
751
96
0
0
0
0
209
0
0
811
312
6
214
0
7
955
159
0
0
106
0
0
9
0
4
0
849
811
109
121
0
901
0
1
11
61
0
1190
7
98
0
0
0
16
3
105
2
85
619
33
0
77
2
0
1525
310
110
0
13
0
3
32
101
5048
0
0
0
21
34
14
102
1
0
174
0
251
1078
1180
0
15
697
871
333
77
0
0
0
27
26
12
0
58
14
16
0
41
0
15
0
0
104
0
36
154
0
257
19
549
122
300
50
308
0
5305
55
8896
66
29
4
0
148
0
167
214
833
86
5
11
30
49
0
0
857
30
184
23
122
335
0
377
7
611
1250
150
157
361
0
15
0
194
787
2
11
6
248
4
463
5
0
66
0
7
0
0
299
97
0
0
92
3
47
307
93
0
0
0
0
35
0
0
1121
1708
249
259
4
9
166
677
107
350
125
0
59
66
30
0
70
32
59
0
287
12
1
0
0
1
0
4
354
0
1213
1578
209
0
616
127
18
5
545
1
0
0
1
0
0
0
4
75
0
3
381
32
0
246
2
0
832
772
649
0
0
0
1061
520
517
138
1
578
210
18
211
61
65
0
48
684
40
964
2
0
6
180
285
87
210
18
553
1
0
0
3
32
0
0
1
89
0
22
10
0
0
0
666
5
0
1
23
55
4
55
88
12
0
3
6
184
0
72
99
35
0
2
0
0
147
1
4
8
0
159
10
0
0
6
1158
797
614
53
1
20
3
935
0
0
3
332
33
0
21
19
0
0
0
49
71
495
75
10
0
7
16
52
0
192
111
21
0
1
0
126
3
0
0
137
32
0
912
10
0
109
55
1
1
124
9
113
364
124
1204
0
0
6
102
47
492
0
1205
2
1437
35
9
172
0
1107
0
159
38
556
592
1
1074
1173
1
0
0
0
0
5
0
393
146
3
67
251
0
14
0
98
3
0
0
602
271
348
496
108
532
1184
521
0
2
52
2
75
245
0
5
0
4
15
30
0
2
2272
2
32
131
174
13
0
0
0
40
9
157
0
0
552
0
28
1
836
205
727
0
66
0
0
0
0
55
0
374
0
29
0
0
47
76
0
7
0
20
1329
0
225
4
1
1
1
0
0
0
0
341
267
6
11
851
17
204
161
201
1
89
4
2284
329
21
246
0
25
0
1
0
11
0
797
1
115
155
49
0
17
2
15
0
16
16
15
2
0
0
0
0
80
0
157
0
0
1
0
720
3
0
0
53
0
0
0
1
0
0
1
1189
122
504
5648
3009
0
18
0
304
2
1
0
63
506
18
783
2
1
0
0
413
38
33
6
998
87
21
822
31
4
164
409
34
49
0
0
0
0
0
0
0
0
0
135
0
0
0
0
0
0
0
29
199
57
370
123
0
5
1
1
1
0
239
525
0
0
1
0
0
0
242
245
0
0
0
0
10
0
0
3
28
0
0
0
0
0
5
2
127
93
0
0
0
0
0
2501
566
2
624
22
0
3
84
129
434
3543
65
98
0
11
0
0
166
0
15
0
1
0
0
0
0
339
9
0
0
1
0
0
0
3
7
58
0
178
116
2
0
0
2
10
15
0
0
859
0
0
0
81
150
684
13
95
4
69
0
0
15
0
0
175
27
0
6
132
8
0
1
0
0
0
80
1
19
7
0
0
0
3
4
0
0
1543
86
1122
0
0
0
0
0
0
0
0
0
0
0
0
14
0
0
0
0
2
0
0
0
0
0
46
5
431
0
0
1
1
3459
27
78
15
417
85
115
83
29
4185
14430
112
0
26
17
0
0
0
564
258
79
0
0
0
89
0
0
0
138
0
0
45
19
119
141
0
1
0
0
20
14
0
0
32
5489
17
89
0
0
2
0
14
24
0
3
26
1
0
0
0
797
700
0
0
6
0
125
16
2
12
17
1
1
0
0
0
2
0
0
2
183
67
0
0
710
1004
278
638
3868
0
1
0
8
0
1
0
11
3
0
1
285
30
0
0
0
6
14
0
0
0
0
0
51
15
0
0
4
373
48
270
42
46
604
1
612
1006
10
0
0
0
0
0
0
0
0
33
2
38
0
0
0
0
0
0
0
0
3
0
0
0
313
36
1984
9
4400
6216
307
0
0
25
45
4
131
0
0
0
620
183
0
0
131
614
159
36
0
16
6
581
0
0
0
0
0
1
0
0
1
0
0
0
0
0
0
0
0
0
0
0
185
1
0
15
115
0
0
0
336
0
0
358
1
5606
146
34
15
0
135
0
0
47
1
0
3
0
0
23
0
0
5
0
0
393
355
0
1821
5
56
1
0
0
0
0
1
0
0
0
894
733
5
0
25
2
0
0
1
2
10
50
0
0
2
3
1
77
0
0
7
1
4
0
0
0
0
0
0
0
0
67
0
1
1
0
0
0
0
0
1
0
0
0
0
0
0
0
0
0
0
0
0
2
0
0
0
0
0
0
