BitB_20_2
0
0
34
2299
23
224
27
0
0
1
0
195
29
475
0
0
674
1
2
421
1583
100
0
2
0
919
0
32
6
13
16
10
0
68
6686
83
0
0
17
0
3
0
0
3
0
2881
0
189
6
216
0
104
0
679
0
3
411
96
0
1529
15
1
0
3
9
45
6
904
30
30
1921
515
94
14
21
0
1943
4
7
0
0
0
11
22
738
0
157
169
15
31
633
0
599
0
0
763
11
2
284
1
27
1
8
937
118
2
1
0
0
694
0
1
14
0
2
0
0
97
241
902
16
9
0
141
73
311
481
0
2242
45
0
1
3
132
0
0
7
100
20
0
10
15
26
0
559
120
16
23
63
24
60
0
332
2
1
1104
0
1
16
438
0
1
0
0
194
110
77
277
0
0
0
4
233
0
0
141
57
5
0
76
451
814
0
253
24
277
215
3
169
0
0
544
216
48
0
78
0
2
4
45
57
31
2
20
19
1
3
184
27
46
0
2
26
0
0
10
47
9
2
18
368
0
12
282
0
3
0
199
19
83
2
0
115
509
604
4
747
25
3
0
0
0
5
337
0
33
123
874
7
1
159
312
15
0
290
80
3
0
0
9
164
1160
392
2517
112
0
0
0
269
47
2
932
0
0
73
5
0
0
1309
128
862
124
0
1046
0
1076
0
0
0
223
0
0
0
0
0
0
194
0
185
0
0
8
0
21
326
0
190
12
4423
0
0
1
0
2
0
246
0
112
344
0
66
0
414
126
0
166
42
14
0
47
458
406
144
0
0
440
25
17
0
0
1378
358
116
723
0
32
310
35
281
0
1849
0
51
21
61
23
736
590
79
0
10
7
0
622
2
0
0
384
410
3487
223
1189
25
17
0
1
11
4
0
365
0
180
1
1
2936
0
107
45
87
3
264
0
0
157
525
96
93
0
403
115
55
0
0
0
2
179
10
0
6
0
0
119
16
3261
19
328
1
377
0
0
1814
214
18
0
71
0
23
1160
141
0
175
19
18
5
24
0
246
0
0
0
3
0
537
1170
0
18
1230
151
101
0
0
0
18
3
0
12
0
0
0
0
4
19
0
0
0
21
66
0
875
0
43
0
469
0
2
0
2
0
347
237
598
29
186
1427
483
107
0
0
27
0
100
202
128
121
0
61
0
6
0
0
284
0
1093
38
79
258
15
1
27
0
7
0
2
801
4
476
34
0
26
0
1243
181
0
905
0
107
18
18
12
38
84
107
953
0
5
149
306
183
170
0
0
0
33
0
697
133
0
0
112
1
0
1
11
0
0
1
5
0
0
0
0
1146
0
334
1
143
0
0
0
387
438
32
3
150
4
224
38
55
0
30
0
139
4
1860
8
10
3
31
0
6852
4
16
0
281
0
1547
250
26
14
10
128
0
0
0
0
348
0
0
0
0
1078
3
125
600
6
2
115
9
31
40
0
12
3
11
0
11
59
0
0
1
10
0
0
71
0
31
115
226
327
122
1565
11
0
6
0
0
0
2
0
206
660
322
3
255
6
294
5
0
620
19
2
91
0
1
433
0
356
148
6
0
0
0
128
0
11
2
209
0
0
0
0
450
9
622
5
29
0
0
0
0
70
48
37
828
0
23
100
2948
10
12
0
6
29
1
131
0
8
3
59
104
0
147
2
11
0
0
27
15
154
0
188
1885
13
45
21
1144
1299
1
0
413
592
10
25
5
911
1
0
0
2
210
266
2
15
24
95
0
70
0
53
47
97
0
156
2
363
0
0
0
2
0
0
536
861
0
0
237
4228
1
397
102
244
170
145
72
3
0
265
3
5
35
0
6
1000
0
0
946
107
56
28
92
153
380
4
68
82
1
0
3
629
0
99
0
0
194
22
2
0
0
22
1
0
2
15
0
41
8
1
4
0
289
79
787
62
29
0
566
1
1
0
0
13
6
264
20
2
1
0
0
0
1
9
57
3
2
0
11
0
222
196
0
8
1
5
0
3
287
4
198
596
565
18
269
98
533
160
2
12
446
0
143
104
4
729
4
186
93
209
0
3
582
0
5
12
19
227
480
1
1
0
1
0
0
756
1156
4
0
0
0
1746
2
0
1700
21
83
0
44
2
0
578
119
296
194
68
2
0
9
0
2
85
1863
717
0
0
11
0
434
35
0
14
56
0
83
75
84
8
0
267
1
0
607
1
0
0
0
250
1
105
215
37
102
346
7
144
0
0
14
238
510
360
26
1
116
31
0
1104
203
0
60
3
371
0
0
14
205
0
16
0
2
9
0
0
0
3
232
148
110
2
0
16
19
11
0
0
415
35
18
109
1
4
0
0
45
32
0
1519
38
205
1012
0
161
0
0
444
1
1300
89
5
1
909
375
349
127
1089
0
48
1
0
3255
0
0
0
0
100
0
0
0
0
61
580
710
831
50
0
0
0
105
59
8
4
0
0
124
1261
689
103
27
0
0
75
273
8
0
0
0
15
0
1432
468
2507
1147
0
0
1
1
0
85
0
3
2
160
32
189
0
5
1015
456
0
373
1078
181
82
50
156
0
0
215
4
3
25
0
0
0
16
0
21
31
3
0
3
0
0
1540
344
0
0
13
27
68
0
0
0
0
99
32
0
226
23
1
78
0
419
758
0
424
56
9
4
5
18
1
0
3
0
306
1146
66
234
84
148
273
147
135
200
1
19
349
48
78
0
0
4
2
10
2767
4
512
0
0
359
47
3
4
313
95
111
267
0
171
263
0
2
2
7
0
85
0
1
875
367
147
4
0
588
0
0
0
70
12
2109
1269
0
18
2523
30
239
131
53
57
1000
361
0
0
29
0
570
14
563
0
701
0
433
0
205
657
30
1
638
2
0
63
0
248
367
0
0
0
579
0
277
0
1
2
66
0
282
0
0
7
0
0
3
0
12
0
92
18
76
0
531
267
43
295
577
0
0
2585
6
1
0
71
50
105
0
212
0
5
0
171
36
0
5
380
0
5226
0
0
0
19
5
194
71
172
40
0
230
1
71
0
6
138
339
39
2
1
198
0
263
1549
234
0
0
1
2
963
48
7
38
14
7
17
2
18
0
0
1
916
0
754
11
0
35
10
0
52
0
178
0
28
204
2
60
2
245
0
0
1
381
1
3
0
99
1
0
0
38
6
0
129
0
390
2
2
5
28
0
2403
4
8
3601
19
984
0
127
6
9
0
0
0
186
170
0
1
7
73
13
0
0
7
0
0
55
0
223
0
0
6
23
312
3
0
0
5
123
1370
263
0
0
1
167
0
0
798
439
50
58
5960
3
61
146
31
71
29
469
0
6
41
3419
46
20
39
79
154
0
0
392
57
13
241
13
573
7
356
147
152
0
66
0
40
0
0
1
0
326
3
10
0
1958
0
37
688
51
33
0
2
0
3
24
0
201
1
0
227
64
0
2
0
2
52
0
303
0
6
26
0
8
0
0
12
0
0
50
0
0
19
0
0
0
0
0
0
6
388
11
627
0
225
70
107
0
0
116
2
1729
23
0
0
0
1
8
7
443
123
292
0
788
16
258
600
0
0
0
1492
0
81
250
4201
6824
0
0
0
26
0
19
0
0
63
0
1
1086
316
1421
13
3
314
0
17
0
175
331
125
1138
0
918
0
109
6
20
239
0
8
1
0
0
0
0
0
809
170
0
989
98
0
0
14
190
387
364
41
466
3298
7
617
0
157
391
126
343
560
0
11
5
191
75
0
2
470
29
73
0
0
41
172
440
0
0
0
24
373
0
1120
1
0
32
5
1
812
2676
0
169
0
0
9
482
0
581
0
40
3
1
1148
28
4
20
0
1
4
5
486
0
3
0
14
1
0
9
145
11
5
0
6
33
0
0
2
92
0
1
23
0
27
34
84
0
0
1
0
49
0
2
0
0
80
289
9
730
1513
181
1034
162
4049
0
56
5
220
14
0
1353
2
135
67
0
0
0
0
650
42
0
86
203
0
56
0
0
0
1
56
0
0
1911
445
1
0
336
3696
169
3
0
20
0
78
0
1755
0
608
17
0
10
0
133
0
0
0
0
45
0
0
0
0
1
669
62
6
0
210
15
51
14
3
47
100
4
188
0
128
6097
1838
0
173
2
0
2
1468
49
0
0
0
0
22
541
10
0
0
11
0
0
0
0
0
15
91
0
0
136
150
1218
1259
108
382
0
0
12
24
14
0
0
0
0
217
53
0
659
29
985
33
0
0
75
40
6
130
0
1
258
176
0
0
64
2
2
0
431
0
0
12
0
62
39
0
20
17
1
57
445
0
0
0
0
31
1426
19
2
0
203
0
714
45
604
0
28
2154
406
0
0
4986
192
294
3033
30
0
17
0
0
1
0
39
0
15
7
0
265
1120
19
0
0
0
0
0
19
84
223
0
0
20
29
13
0
194
1049
110
571
293
27
0
0
2
483
6
0
0
28
33
3
30
7
0
0
0
55
24
166
23
0
0
0
0
0
0
0
132
3
0
0
56
0
121
2
0
81
444
2
14
0
455
0
1113
2
0
21
0
0
0
0
0
835
8
3
19
49
1
128
235
24
0
13
0
1
0
0
126
1
754
376
1158
129
0
74
103
6
2
17
261
106
0
5
0
2847
2
20
0
47
3
32
1
42
1
0
0
315
1
188
93
271
295
16
0
1
2
3
8
50
140
123
0
17
0
36
22
0
0
139
0
12
0
0
101
38
8
80
65
610
4
2
194
0
495
0
0
0
42
11
61
145
530
0
1821
65
0
0
61
0
0
2
207
2118
12
2
79
1
3
14
3
17
1
16
196
6
6
1528
205
7
986
0
49
39
0
0
669
0
116
0
2
4
5
25
0
2
4
1174
0
154
498
16
0
2714
51
2
0
0
9
11
11
777
75
62
0
0
0
0
0
0
15
212
0
0
30
2
6
6
0
14
29
0
0
0
2191
0
12
0
31
81
626
296
5328
2
1656
30
7
8
5
8
20
1388
0
350
981
1
12
113
0
520
1
1
9
817
0
29
118
0
0
1716
0
90
302
0
0
40
261
0
7
207
329
0
924
0
957
0
3330
23
0
196
0
21
85
791
14
596
1
13
1
1746
182
88
5
1560
0
36
17
760
165
2
178
0
58
131
215
0
1
3
5
43
82
0
11
1725
255
1215
589
0
1
0
6
20
41
0
211
193
7
641
796
0
117
185
117
0
2
0
0
908
0
113
0
212
6
7
0
14
19
0
0
1254
1125
0
6
123
9
12
0
65
13
355
28
1
0
358
294
0
14
0
0
0
0
1532
453
3
2
1287
9
311
165
40
57
4
1
30
0
6
0
0
10
15
8
44
202
0
0
26
450
0
0
151
0
0
0
612
479
55
0
0
760
0
192
550
4
0
49
0
1
0
37
148
17
0
0
0
11
10
69
0
1
0
86
17
0
0
0
5
0
253
57
18
0
0
282
2293
2
133
0
32
0
32
8
5
741
0
0
10
123
50
1
5
0
6
202
0
18
0
168
0
778
0
7
53
12
3
3
0
13
1
0
6
78
22
0
35
0
0
19
28
11
0
1
439
4
0
0
78
13
12089
0
29
182
215
0
124
0
0
1
0
273
79
601
2
169
0
2
182
3
0
36
0
267
1249
0
194
0
241
0
1291
4
486
135
0
2
0
2
0
0
1
0
7
0
10
0
0
9
554
401
72
0
0
407
50
0
214
1331
10
189
23
0
1108
108
0
49
0
0
0
294
11
270
0
20
6
0
2
1114
417
0
519
70
32
0
0
118
740
0
275
0
0
346
7
170
110
2
47
1
0
195
196
7
15
8
0
0
0
3
144
272
452
0
17
0
97
0
0
128
0
50
43
0
525
85
9
50
58
0
2
989
194
0
223
3
90
358
27
26
2790
246
0
0
15
345
74
0
3
43
6
0
0
0
49
73
0
57
3
0
2
0
1
319
10
107
4
0
31
11
170
0
0
0
0
189
420
45
22
1
0
240
0
0
0
12
382
2691
0
0
1355
28
66
289
1
175
0
1
7
725
25
0
11
58
73
10
1
0
7
0
0
1296
0
0
1412
5
57
10
2850
195
0
1
315
1924
36
1208
469
0
47
55
555
0
48
22
17
17
0
1
0
481
1
1
2630
0
2329
0
0
19
0
11
0
139
200
0
539
56
72
2
68
689
4116
9
18
78
10
829
149
0
5
2
179
1
0
1
270
245
0
571
0
35
13
129
0
44
328
1458
40
72
252
0
360
7
821
503
5
1569
0
424
122
125
226
10
0
6
0
2
26
103
3
0
143
0
1
17
10
2
0
3727
273
135
192
55
150
4
2
16
38
0
681
0
14
0
0
1
3857
0
105
175
4
563
0
11
406
53
32
904
2
0
197
0
2
0
0
14
0
0
0
55
186
52
0
28
0
2
102
2
0
0
1077
228
923
267
4
1167
29
0
0
82
16
1
0
0
1
40
134
0
0
2
0
0
0
4
9
47
950
158
98
9
61
2
5195
0
0
4
56
0
8
237
0
220
5
70
96
0
970
221
43
313
69
0
0
350
1114
463
219
1
0
114
0
0
0
0
1294
0
1798
341
197
73
368
0
5
0
0
29
0
219
0
0
133
83
5
108
3
613
10
0
20
148
0
140
0
64
10
353
63
0
1742
30
2
21
13937
1
99
1294
491
670
265
350
1059
77
1257
0
620
1961
2
79
17
3
0
3
77
0
92
96
3646
1
14
173
168
0
2605
71
132
0
2
0
0
1900
8
14
677
0
353
1
17
12
0
984
38
0
0
1034
137
0
0
1
0
133
0
108
0
1303
4
145
27
1020
0
4
95
1109
0
6
8
57
194
40
0
51
272
118
0
0
141
61
231
0
0
5
19
0
41
182
0
105
3
0
0
0
0
6
0
0
27
0
0
1
1
16
0
15
1091
22
0
0
3132
0
0
0
2
2
74
0
114
0
8
37
0
1
4
2
0
0
222
71
0
1
0
90
0
0
0
147
134
2
0
0
302
1
0
1
15
0
1
0
1
10
0
4
0
0
140
2
0
22
1112
0
0
17
1
11
201
16
284
5
3
9
0
80
0
0
0
73
0
248
0
0
13
5
12
0
53
0
0
304
38
0
338
16
0
2205
84
12
0
38
319
0
0
12
0
0
54
42
90
0
171
15
0
5
2179
345
16
1
194
0
3
67
0
19
35
0
41
0
0
0
3
624
0
3
0
0
836
0
168
34
10
0
0
48
1525
404
244
0
1
3
0
0
0
2
2
0
329
2
0
119
0
0
0
0
0
94
2045
39
2
0
15
2
0
0
0
0
0
0
2
0
0
0
0
0
12
0
0
11
31
0
0
0
55
3
91
0
2
0
0
0
0
0
6
1
0
0
0
0
0
156
0
0
3
27
342
0
0
0
0
0
0
9
0
0
7
0
0
0
0
0
2
0
21
0
0
0
9
1
0
0
0
0
0
2
0
0
0
0
3
0
0
11
4
0
0
1479
0
1
0
33
2
0
2
0
1198
0
0
69
67
0
21
25
0
1
0
0
0
0
0
55
108
0
0
1
6
318
47
0
21
0
0
0
0
0
0
0
0
0
0
0
19
0
0
0
1106
2
2
0
0
0
0
1
1
62
0
65
0
41
0
27
0
4
0
0
256
0
0
0
0
13
2
0
0
0
58
2
0
6
0
5
51
0
0
0
6
26
0
34
0
0
0
174
0
12
0
597
0
2
2
0
8
0
0
0
0
123
0
0
0
0
262
0
3
1093
289
0
0
32
51
0
0
0
0
0
111
0
0
41
0
60
2
1
0
0
5
0
0
1
1
0
75
0
0
615
1
5
0
0
0
9
0
4
0
0
0
0
0
2
0
5
0
0
9
106
0
37
0
0
213
0
0
0
0
0
202
0
0
17
1
0
0
0
0
0
15
0
0
7
0
0
52
2
0
0
0
74
10
0
0
46
0
0
3
0
0
0
13
0
0
1
0
0
0
0
1
0
0
2
0
0
0
0
0
0
4
0
0
0
0
108
9
0
38
10
0
0
0
0
27
0
0
0
0
0
0
0
0
0
0
0
1
0
0
0
47
0
39
0
0
0
0
117
0
0
0
138
0
2
0
0
0
13
1
3
0
2
12
0
1
0
0
0
0
0
0
0
2
7
0
1005
0
1
0
0
0
0
0
0
0
1
0
26
39
0
0
6
0
10
324
0
0
0
0
0
0
4
0
0
0
0
0
0
15
0
309
139
0
0
0
0
0
0
0
0
436
0
0
0
0
0
0
0
0
0
679
25
0
726
0
0
52
1
0
0
0
0
0
0
0
0
1
0
0
0
2
25
0
1
0
0
0
0
0
0
0
0
92
0
1
0
78
10
1
103
0
90
0
0
0
0
0
5
0
0
0
0
0
0
8
5
0
0
0
78
0
0
330
0
0
0
9
1
0
0
0
0
0
0
62
0
0
1
0
146
0
0
1
0
110
0
0
0
0
0
0
0
0
0
0
119
9
0
0
0
220
420
0
0
0
4
19
0
0
0
0
0
0
0
0
7
0
68
3
0
16
0
40
80
0
5
1937
0
0
1
0
627
0
23
0
1
0
0
0
5
0
0
1
261
2
6
2
0
11
0
163
0
0
0
1
0
0
0
0
0
0
0
10
0
3
0
0
0
560
0
0
0
0
0
0
0
0
2194
0
126
2
0
0
0
0
0
0
0
139
0
0
401
0
0
162
16
1000
0
0
0
1
0
39
0
0
0
0
548
7
0
0
0
1
0
0
0
9
39
9
0
0
1
0
0
4
0
0
9
56
1414
0
0
3
38
1310
0
644
1
0
0
116
0
0
4
1
33
0
0
0
0
42
4
0
0
75
0
0
0
0
0
0
0
19
0
0
0
0
27
0
28
0
4
18
0
17
0
0
0
0
0
844
0
0
0
305
0
0
10
0
0
8
0
0
0
0
105
0
0
0
0
67
834
165
4
0
0
0
0
0
0
0
356
0
39
0
0
0
0
0
1004
0
569
0
0
10
0
0
1
0
0
10
0
3125
0
1
0
0
0
0
53
0
0
0
32
0
114
3
0
19
0
953
0
0
0
38
0
0
0
0
0
2
0
0
2
1
0
0
0
117
0
0
0
0
557
2
0
0
233
0
3
3
23
390
0
33
0
0
0
0
0
0
0
0
625
0
15
1
0
0
0
0
195
197
0
0
37
0
554
0
0
2
1
2
0
0
47
0
0
0
0
62
13
0
0
0
0
3
0
0
0
73
18
0
0
958
2
94
36
0
0
0
0
0
0
0
0
0
104
0
0
4
31
1
0
0
1
0
0
0
0
0
0
1265
0
1
3
0
0
0
2340
67
9
3
1
0
0
0
11
18
0
41
0
2
0
2
0
0
0
0
2
0
0
0
229
0
0
0
0
1044
3
0
0
3
14
0
5
0
0
0
16
8
2
0
1
0
0
80
0
166
6
1
5
0
0
1941
82
0
0
79
216
0
69
24
0
0
72
0
0
1
2
4
35
55
1
0
0
0
0
0
0
0
0
0
0
0
1
180
108
0
887
5
0
0
0
0
62
0
0
0
0
0
0
0
1
0
15
161
4
201
0
0
0
6
0
0
0
1
297
0
0
0
137
0
0
0
0
0
0
0
0
0
0
0
0
4
29
64
0
0
0
0
0
0
235
0
711
0
0
0
0
0
0
1
550
0
0
70
6
0
0
10
0
0
740
0
0
9
0
0
0
0
0
23
62
8
35
0
0
0
1
13
135
0
3
0
0
3
0
0
0
275
334
10
0
211
0
0
0
0
0
4
1
82
856
0
0
0
0
0
0
142
0
0
0
0
0
0
82
2
0
1
2
0
0
0
63
1
0
0
0
245
0
0
0
0
4
5
0
0
0
0
35
0
0
151
0
0
0
0
0
0
16
0
0
0
0
0
26
0
0
0
0
9
1
1
0
0
0
0
0
0
72
0
0
26
46
0
0
0
42
0
0
5
0
0
239
0
0
0
1
316
1
0
0
30
0
5
1
2
9
14
0
0
0
102
0
159
2
0
60
1
159
0
747
172
0
1
13
7
85
0
1
0
1
25
0
1
0
3
0
0
1
0
8
289
602
0
11
0
3
12
0
8
0
0
2
9
0
0
0
0
4
0
596
29
519
0
0
0
112
0
0
1
0
26
7
0
460
554
0
0
0
0
0
9
535
1
27
29
0
0
0
0
11
0
0
0
48
2
4
0
1
0
10
0
23
8
0
2
126
0
0
0
0
8
0
1
1
0
0
1
0
0
0
0
2
3
0
0
16
2
0
0
0
35
138
2
0
0
120
0
0
265
1
0
5
0
560
0
0
0
0
53
1055
0
936
0
0
0
1
0
0
0
4
0
4
0
0
0
0
1
0
95
1
4
0
1
0
0
0
0
23
5
59
0
0
0
0
397
0
0
108
0
1
14
44
0
518
60
0
0
0
0
0
0
0
0
435
0
0
0
50
97
0
0
0
0
86
192
16
0
3
4
10
0
2372
2
37
0
0
97
0
246
626
64
267
0
0
32
0
397
0
0
10
0
0
0
0
0
0
0
1002
0
0
1
0
2
0
0
0
0
1
167
794
0
4
0
0
3
74
0
0
182
49
0
0
6
0
0
80
0
0
0
0
0
0
0
0
3
2
2
0
12
260
6
21
0
0
0
0
0
12
12
1
0
0
92
10
0
0
10
0
0
0
0
0
0
0
157
307
0
0
0
0
0
0
0
86
208
0
37
70
0
0
0
397
0
0
0
28
0
37
0
162
0
0
0
156
0
0
0
0
0
0
0
0
0
0
0
0
0
5257
168
4
0
0
0
0
0
0
34
391
370
0
0
238
0
19
0
0
0
0
0
0
0
250
1
6
69
86
2
0
19
1
653
1
4
0
0
0
690
1
14
0
0
910
25
0
0
0
0
0
0
0
327
7
0
158
0
0
0
96
0
0
76
0
0
1
7
0
0
14
0
16
41
0
0
0
0
0
0
262
0
1093
86
0
0
5
0
0
200
1119
0
0
3
0
1916
0
0
113
2
0
1
322
0
876
428
1
0
28
0
3
0
0
0
0
0
0
1
1533
2
0
0
46
0
0
0
0
1
0
0
0
2
35
0
670
16
0
0
2
0
5
0
0
0
0
8
321
20
0
0
0
41
0
0
0
0
39
0
0
3
0
0
12
0
0
0
1102
0
2
2
0
83
0
248
0
7
0
74
0
0
0
39
0
6
0
0
53
0
19
0
0
0
391
0
0
0
0
0
0
0
291
21
0
291
1
1
535
0
0
1690
0
0
30
9
0
0
0
0
2
0
1
0
0
0
5
0
0
0
0
0
0
2
0
0
1
0
364
0
0
0
70
0
0
0
0
0
5
0
0
0
0
0
20
0
0
0
0
0
0
5
271
0
9
0
0
824
0
0
0
0
133
0
0
0
1
0
14
183
0
7
0
0
0
22
1344
27
104
2
648
2
1
11
0
0
0
6
1
22
0
10
0
0
0
0
0
13
0
265
0
0
27
0
0
0
0
0
1280
22
1452
0
1
0
0
122
142
0
0
69
1061
1
0
0
4
0
0
1
0
0
0
13
0
1360
3
11
0
4444
0
2
25
0
1
0
0
0
0
0
0
29
0
50
0
285
0
44
290
1
0
0
43
0
0
0
97
1
0
76
24
0
136
0
0
0
9
0
0
0
7
118
193
0
0
0
0
19
0
1
0
0
0
2
0
35
0
48
0
0
0
0
0
0
76
0
0
0
0
0
19
490
0
0
0
10
0
3
0
0
0
0
1
0
0
0
3
138
0
0
0
0
0
15
2
0
0
0
0
0
0
0
0
0
0
0
0
0
0
0
11
9
0
0
0
0
5
0
3
0
0
0
0
0
4
0
36
0
0
0
0
242
585
0
1
0
10
0
0
0
0
0
0
0
0
0
0
0
0
0
0
0
88
0
544
0
455
0
0
173
0
0
248
1
0
0
0
0
0
1410
0
31
0
0
0
0
0
3
0
0
511
0
46
0
0
0
0
0
0
0
532
0
0
0
0
0
0
0
0
0
0
2
0
0
0
0
0
0
16
0
0
0
0
0
0
2
0
0
102
0
1
0
0
0
2
18
0
0
0
0
0
385
0
1263
0
0
0
0
0
0
0
0
0
0
1
49
0
0
0
0
138
0
154
0
0
0
0
0
0
365
0
0
41
0
0
0
6642
0
0
0
0
6
0
125
23
16
87
0
0
11
0
7
103
78
0
0
0
100
0
0
0
0
0
491
0
0
0
1
15
0
480
0
13
0
1
0
340
0
1
45
0
177
0
2045
0
6
0
96
12
0
0
0
1
0
0
0
0
0
0
0
0
0
0
0
0
0
0
1
0
0
0
1
0
340
0
133
0
1
7
4
0
0
0
0
0
211
1
0
0
0
0
0
0
0
0
0
12
1
0
0
0
0
0
0
0
1
4
4
83
1
0
0
0
1
0
183
0
0
0
0
0
0
0
0
0
0
0
0
3
0
0
0
5
0
0
1
2
0
0
0
0
0
0
0
0
0
0
0
0
0
1
0
0
0
1
0
0
0
0
0
0
0
0
0
0
0
0
0
2
0
0
0
0
0
0
0
0
38
0
0
25
0
0
0
14
0
0
0
0
138
338
0
6
0
0
0
12
0
0
148
0
0
0
0
1
0
0
0
0
0
0
0
0
0
79
0
0
0
0
0
0
2
2
221
0
0
28
32
21
0
0
1
0
0
14
0
0
0
0
0
40
0
0
0
0
0
0
1310
0
0
0
0
0
0
11
0
6
0
0
0
2
0
0
0
0
0
0
0
638
12
33
0
4
0
0
0
154
0
0
0
0
0
0
1
338
0
0
0
0
0
742
0
9
348
44
0
0
0
1
1
0
4
0
0
0
0
0
0
0
3
0
380
0
0
0
0
0
0
217
0
0
0
0
0
0
14
0
0
29
0
477
0
0
0
379
2
0
0
0
0
0
26
182
0
3
3
0
0
0
2
0
25
0
0
0
0
1
39
1
3
0
0
0
0
0
0
0
0
0
0
0
5463
67
49
0
22
5
0
98
1
0
2
8
20
445
7
0
0
2
2
5
1
0
0
0
0
0
0
3
577
4
0
261
0
889
63
322
2
0
0
0
1
19
0
3
314
4
10
78
0
59
0
0
164
203
51
510
0
1
0
201
1
2
14
6
0
0
8
0
52
127
0
65
0
2
0
60
0
3
0
0
108
0
1
0
822
0
21
0
0
5
1
0
77
0
120
102
186
0
27
0
0
0
0
0
321
12
72
16
24
0
18
0
39
0
1
312
37
0
0
107
0
124
1
1625
211
0
0
0
65
0
7
1
1
0
0
0
0
311
0
310
0
737
0
0
0
0
0
16
20
0
0
0
0
0
0
0
0
100
77
15
0
0
632
0
0
1
0
0
6
0
0
426
0
8
0
1
0
4
4
135
2
0
184
0
19
0
74
0
8
0
87
0
0
38
0
0
309
232
1
3
0
10
0
0
25
0
0
2
0
4
555
0
0
1
0
0
15
0
2
4
0
1
442
862
0
2
331
0
270
0
135
6
179
0
28
0
0
7
270
0
68
0
3
0
257
0
0
0
47
5
33
0
5
0
0
0
0
0
0
194
0
0
0
0
2
0
0
0
1
83
0
0
2
0
0
2
2
0
2548
26
563
1
1
0
0
23
59
0
833
9
0
0
9
0
0
83
0
4394
85
733
0
0
253
41
43
12
6
0
2058
0
234
133
268
0
312
0
62
1167
404
0
0
0
1
1345
0
2752
0
0
0
0
5
97
14
0
0
0
0
50
2
29
21
15
67
526
1
752
0
5
0
240
39
1
0
115
61
0
374
0
33
101
0
3
0
35
0
1
0
2
0
208
0
0
0
1856
1
0
4
44
0
67
114
55
7
0
114
123
2
0
6
0
2
0
3
3
0
0
3
0
26
0
0
0
469
37
22
0
38
0
0
0
372
0
2
50
0
34
1
0
234
38
3
101
0
0
0
0
241
3
27
0
1
0
2
0
0
1
20
0
382
122
10
0
10
324
113
0
0
115
4
77
0
18
0
373
8
0
21
0
0
0
26
807
0
53
2
5
705
22
17
9
63
0
3531
22
0
18
2
2
596
0
0
51
63
383
0
93
772
0
0
14
29
80
2
250
2
0
0
0
1
0
19
85
0
0
140
0
89
0
0
28
0
0
0
0
0
100
0
108
97
0
1
0
0
0
0
0
693
17
509
1571
1052
12
0
7
9
1
18
0
0
0
918
1530
0
171
1
1
0
1234
0
0
57
0
0
0
16
0
16
4
6
0
127
0
19
0
14
0
0
89
2
0
75
0
90
661
45
0
0
33
454
297
1
0
0
0
0
0
570
39
0
1300
0
0
0
46
12
349
7
0
3
0
43
18
292
732
1
0
0
0
0
56
0
0
0
0
0
0
17
0
2235
0
29
190
0
0
0
0
33
150
0
0
0
0
32
0
14
892
0
0
0
0
16
1
32
0
33
0
0
0
37
11
0
1
0
0
891
0
0
44
0
0
0
0
94
0
86
92
0
0
0
0
5
337
0
0
0
0
219
8
0
33
0
11
7
11
154
0
37
0
0
0
0
57
0
5
341
0
0
7
0
0
2
75
1
112
32
4
0
0
159
2
1
1
0
392
107
13
0
0
0
0
2
139
11
0
1
16
3
0
0
0
0
0
98
0
7
0
0
0
2
0
2733
0
76
0
0
0
20
0
0
0
0
865
0
0
0
134
0
72
0
0
0
0
113
1
0
1
0
0
1
4
0
81
0
0
0
828
0
12
3
0
116
0
1116
0
0
0
0
1663
117
1
169
22
0
0
7
0
265
0
37
18
0
1
0
0
0
13
2
24
571
91
85
0
0
23
0
16
0
0
407
955
0
139
0
0
0
17
0
13
306
0
0
62
3
535
24
89
0
0
235
375
8
81
0
995
0
11
0
0
6
0
0
3
201
760
78
35
9
0
0
0
0
154
54
0
0
0
531
4
0
42
0
0
171
56
0
115
4
0
1150
0
0
43
1
0
0
1
0
780
1
6
0
4
0
0
0
16
0
0
764
0
0
0
0
0
1
29
0
102
27
12
0
0
4
0
0
0
880
177
2
8
5
246
0
25
4
0
0
0
0
0
0
3
8
0
0
0
0
35
0
0
295
4
40
0
0
18
0
3
0
0
0
8
0
0
0
22
0
3
40
6
0
0
0
0
0
0
0
105
2
0
0
1
0
0
0
0
0
22
70
0
0
0
0
1068
2
4
21
70
0
24
0
2
0
0
0
0
0
0
7
8
0
13
44
0
0
0
31
0
226
0
0
1
737
53
1
0
3
52
23
0
0
35
776
2
26
0
165
20
1590
205
512
0
12
561
8
0
373
0
0
8
38
0
1
34
0
0
135
0
2
0
8
1
0
8
0
0
2
0
24
0
0
0
0
0
117
124
47
6
0
0
18
268
0
107
131
2
0
0
3
21
0
0
79
0
57
1
0
29
19
337
3
5
6
0
3
0
35
23
1346
0
14
8
7
0
0
0
0
0
11
892
0
0
0
0
1
0
75
139
4
33
2
619
191
0
0
0
145
2814
1
571
0
0
26
256
31
0
7
12
0
2
10
26
3
0
33
0
0
3
0
5
618
165
509
2
0
148
3
2
0
14
0
0
43
0
0
0
5
126
30
3
5
0
0
14
345
0
0
0
3
0
1
415
0
0
204
318
843
696
3
1
45
0
24
0
6
0
173
8
0
0
0
0
8
0
5
0
0
0
27
0
341
1
7
0
132
17
2
1553
0
4142
0
0
1
46
78
22
0
987
0
0
46
99
641
22
7
818
27
13
0
32
11
406
10
0
0
0
0
12
1057
0
155
1
83
27
0
0
19
289
0
122
5
969
572
1
5
0
21
0
0
3
0
422
386
536
4
122
0
89
0
68
0
0
168
99
0
0
0
383
0
0
0
52
2
80
0
987
0
0
7
0
9
105
2
239
53
12
7
296
153
45
38
16
0
294
0
0
0
297
0
0
35
0
1
1
102
0
1
2
0
0
0
38
719
21
0
524
183
0
792
0
0
0
4
3
474
418
3
175
21
0
0
0
0
0
34
17
20
0
82
0
0
0
0
16
0
395
0
0
354
0
0
0
12
0
0
0
11
22
0
0
1
0
100
0
0
528
0
0
0
25
0
0
66
0
81
0
3
69
0
5
1
7
0
518
20
290
0
0
530
248
1
33
53
0
0
0
0
29
6
8
0
0
0
0
33
0
90
2
104
0
42
38
45
0
12
0
0
0
1
26
67
8
113
828
748
55
92
0
6
0
16
0
253
0
0
0
0
617
0
33
357
85
426
366
0
0
16
0
89
0
8
0
0
488
36
10
0
73
11
0
10
0
55
114
188
0
0
0
0
169
0
0
0
369
45
1
17
60
0
140
0
27
13
1
0
23
0
0
176
661
0
18
0
247
2
0
0
4
0
371
0
3
0
0
0
0
0
0
0
0
0
0
5
10
602
129
443
2
0
0
0
66
29
0
0
0
0
0
152
148
0
0
0
40
0
0
0
0
9
1
0
0
1
0
8
0
0
27
0
2
26
29
15
6
0
0
4
176
12
0
10
0
150
1
1
0
0
0
102
0
240
0
185
0
112
15
0
746
398
267
0
0
17
0
0
0
48
0
7
12
9
0
33
97
3
0
10
260
0
42
0
23
908
0
0
0
30
6
10
101
8
39
72
30
4
0
0
35
0
519
1
0
0
16
2
0
29
0
2
74
12
118
5
5
0
0
0
63
90
1
149
0
0
177
1
1035
1
0
8
647
0
0
23
0
1
0
24
0
0
229
4
0
0
0
0
13
0
0
0
0
0
4406
2
23
0
0
0
4
334
8
96
195
85
1171
23
0
84
0
463
33
0
457
0
100
0
24
0
68
0
40
0
0
0
0
0
3
0
7
6
47
0
0
4
0
92
24
7
337
0
0
0
101
0
0
0
0
27
0
140
1284
0
237
0
0
40
67
4
0
0
31
17
0
0
0
130
0
0
1
54
0
5
0
0
0
2
4
216
36
109
1
4
533
0
0
0
6
1
1060
0
0
1
139
0
332
104
12
0
12
0
0
0
0
0
0
295
44
353
1
197
0
1
14
1400
9
7
1
1
9
0
7
0
0
0
0
288
4
0
109
0
2
0
0
0
2
2
5
126
0
0
38
0
597
0
1
0
0
479
0
223
51
0
0
6
0
0
0
641
1
0
0
1
0
0
0
0
0
37
1
0
0
7
0
215
1
0
92
1
42
22
0
38
0
0
0
0
0
41
0
0
0
0
0
3
0
5
24
0
826
0
1
1613
0
0
0
91
0
0
6
348
11
168
0
8
25
0
0
0
0
4
0
4
67
7
6
0
0
0
1
0
0
0
4
0
1904
0
10
456
1
1
0
0
13
0
0
253
0
0
816
0
0
8
0
440
0
0
0
0
0
3
60
23
0
10
5
0
0
0
379
0
54
0
0
32
0
0
0
85
5
9
3
54
235
0
9
2
234
24
0
17
0
0
0
0
0
0
0
0
751
2
0
0
0
9
38
0
0
2
308
0
0
0
0
251
7
0
0
0
255
711
0
8
2
3
48
77
79
167
0
0
0
0
18
0
0
420
16
53
23
0
724
315
1
2
1
27
1
2
0
20
526
0
0
0
0
0
0
179
0
1
0
0
0
435
14
0
258
110
191
120
0
6
0
1
14
22
0
59
261
0
44
78
117
653
0
0
730
0
6
1
0
0
0
385
0
1360
0
69
597
14
158
0
0
0
2
9
0
51
0
0
0
70
2698
0
421
118
3
0
6
0
45
0
0
0
0
0
0
265
0
0
0
0
0
0
35
0
10
45
0
982
0
1
0
0
54
24
0
104
0
0
0
0
0
0
0
0
0
0
164
0
53
3
15
14
74
166
0
48
1
0
0
0
4
0
75
0
0
18
78
0
0
204
0
0
0
0
8
0
0
274
48
0
34
100
1
0
51
1092
0
0
0
6
2
0
21
631
73
10
0
3
0
6
0
4
121
727
0
363
54
292
18
0
0
0
0
0
0
280
2593
1
0
0
0
0
245
367
24
3
1
0
0
20
348
0
8706
0
2
997
483
0
1
1
0
3
0
12
69
0
0
0
0
0
171
5
0
70
57
0
830
0
289
0
115
0
0
0
0
0
0
182
2456
0
180
0
298
12
50
388
0
0
0
0
192
178
0
21
181
9
0
0
5
424
221
0
0
0
44
0
0
0
0
0
0
0
9
0
0
12
0
9
0
0
0
933
2
0
0
395
5
26
0
208
2
0
19
827
0
0
0
541
71
2
0
3
3
0
27
277
1260
0
0
56
0
290
1
8535
1
7
262
0
0
0
1
4
0
0
3
0
78
0
668
122
0
8
4
22
0
107
0
81
519
3122
1
110
667
0
0
0
21
0
38
6
0
2
0
0
0
441
0
6
0
0
2
71
0
0
54
5
10
7
21
207
72
3
1
3
0
5
665
0
365
37
22
0
0
0
464
0
0
153
0
0
0
0
940
0
45
0
0
130
0
0
0
0
61
0
7
0
247
2
0
19
0
35
1
2
2
111
2
1
139
202
0
3
3
31
65
7
0
0
0
53
0
63
0
0
1
10
1
0
405
133
0
11
809
17
62
392
135
0
0
6
0
0
0
0
344
192
0
1
0
2
17
182
9
0
19
2
2198
3
1
0
0
224
77
25
1
792
15
2
0
140
2
0
0
0
0
1
487
59
70
13
642
0
0
0
0
0
0
455
0
6
108
313
14
0
50
0
0
0
381
208
159
0
2
0
4
249
0
7
677
0
0
2
246
0
0
2
0
0
1454
799
0
8
22
125
0
0
0
0
0
35
641
418
0
350
0
1
0
0
45
0
15
0
0
0
8
0
0
0
0
0
1
52
2
1
0
0
79
2
0
0
0
0
4
1249
43
0
0
182
0
342
92
17
0
145
24
0
0
0
0
180
18
0
5
269
1009
2
0
0
0
1
0
0
0
0
0
5
1
45
0
383
0
0
0
463
0
1
114
0
6
0
0
0
0
0
427
560
1
720
0
0
34
0
6
0
0
0
0
41
0
0
1
0
0
0
843
49
2
32
0
1
0
17
0
89
74
0
5
496
0
0
0
187
0
0
10
7
0
353
3
0
551
1
0
0
1
0
1
0
0
2
19
6
0
0
0
0
0
0
0
0
0
0
1
162
0
0
23
0
0
8
0
0
0
92
14
8
0
520
1
2
1104
0
49
0
1
71
0
0
0
16
12
0
20
945
0
49
0
0
78
3
0
149
0
281
0
1
3
7
482
0
0
2
0
0
59
303
16
1
1
0
31
226
871
0
11
1
0
22
7
6
0
38
41
0
0
27
27
0
0
0
160
0
0
0
9
21
0
171
0
0
30
25
1553
137
17
268
0
0
104
852
0
2
1094
0
2
1
16
95
0
0
37
0
0
0
24
0
29
0
17
0
0
0
32
1
0
0
0
644
0
8
0
33
0
0
9
9
0
0
0
0
42
0
6
0
0
93
17
0
0
0
577
0
119
21
2
0
18
0
0
0
13
48
4
2
0
20
0
254
0
0
3
102
1218
0
0
83
0
132
0
0
0
0
524
0
0
0
2
79
20
7
27
30
0
355
0
0
0
336
99
45
0
18
20
1
35
0
0
62
0
4
0
114
382
0
0
0
68
0
788
0
5
283
0
1
0
0
6
0
0
5
4
4
863
1
19
3
0
286
15
0
0
131
0
0
0
0
472
0
1278
1003
138
145
0
0
157
1997
1
0
0
56
0
0
3
0
71
0
269
6
0
161
588
1
0
0
0
12
0
124
0
0
91
0
0
335
0
16
0
34
771
0
0
0
64
0
0
39
351
0
0
0
0
198
312
13
18
0
0
0
3
0
3
0
0
38
0
1
24
6
4
741
210
1
0
137
0
2
0
0
0
2
0
0
0
763
0
106
0
3253
0
566
1
0
0
162
3
1
0
0
11
24
15
144
24
23
36
0
87
0
94
13
2
0
0
0
97
5
0
281
1
110
0
0
0
0
9
34
319
0
4
0
0
0
688
0
133
133
84
56
52
8
5
0
175
37
0
265
1
0
0
0
73
0
0
8
0
40
0
0
0
27
0
0
8
0
249
0
0
0
16
0
0
0
0
351
0
0
0
100
0
10
40
0
5
0
78
0
0
0
384
0
0
4
266
47
32
47
0
4
342
0
0
375
0
0
0
327
0
0
0
192
0
0
0
0
0
180
27
857
62
0
0
0
0
217
0
9
0
263
45
0
446
2
159
80
11
15
173
0
0
12
370
0
729
0
28
0
57
0
0
0
0
534
0
0
0
19
0
1445
0
5
0
7
0
29
0
12
3
98
0
2
93
5
0
0
0
290
0
7
203
0
1
0
368
53
32
16
0
1
0
12
117
59
0
0
27
0
0
0
0
0
0
298
0
2
21
9
34
0
0
0
0
144
0
108
0
16
49
15
0
0
0
0
0
68
0
46
0
6
0
0
61
0
51
276
0
218
73
0
36
0
57
59
0
9
0
44
0
158
56
9
1
12
253
2
18
0
4
1
78
198
1283
57
0
0
0
0
0
503
149
0
30
4
44
1
36
1
0
1
0
35
0
26
0
9
14
58
13
0
9
38
128
0
81
0
0
0
12
16
0
0
0
0
0
110
76
0
71
35
1557
1
546
0
26
51
0
1
0
0
12
0
0
3
0
0
10
61
2
3
0
10
14
253
0
124
47
474
30
4
2342
35
106
4
0
0
0
3
0
439
0
63
18
11
0
8
2
0
0
14
0
33
0
0
2
73
46
880
14
3
98
0
10
11
10
0
0
172
0
0
46
192
0
0
0
343
0
432
1
0
0
23
111
25
0
118
47
0
0
0
0
0
653
1
57
749
246
0
59
1
0
83
12
509
320
1
0
0
36
0
101
82
78
54
6
0
3
0
157
876
0
0
25
18
1
0
0
0
177
0
619
1236
180
0
0
697
0
1681
0
0
6865
0
0
0
0
24
14
19
0
0
35
0
177
65
0
199
28
85
7
0
560
0
0
232
422
3
0
0
85
6
217
0
1
0
0
2
1
0
0
0
0
11
0
0
0
61
0
137
0
0
268
1
408
147
0
61
0
8
111
0
0
105
18
3161
0
0
0
543
279
0
0
45
5
0
924
22
130
0
0
0
0
3
128
13
2
12
0
1
0
10
0
2783
9
0
0
0
120
1
0
0
2
0
2
18
0
2
291
0
2
45
0
5
0
1038
0
81
168
0
1
2
0
0
396
0
0
14
0
16
0
889
0
3
3
2252
40
92
0
0
0
102
75
28
0
7
0
16
0
0
301
18
1140
0
0
0
216
13
0
177
268
0
121
0
0
0
0
0
26
82
7
3734
286
0
0
0
0
347
0
0
0
535
7
0
585
13
0
5638
42
395
50
0
2
1
0
1
51
11
20
0
0
114
164
18
11
1
206
0
19
77
4
0
0
0
0
0
13
0
0
0
0
1
711
0
8
0
0
0
0
17
1
0
0
51
0
803
0
0
0
0
469
0
7
0
13
0
55
0
90
160
0
0
0
0
0
0
0
0
0
0
0
0
0
0
0
0
0
0
15
0
0
0
0
317
0
0
0
0
0
15
4
1
2
0
153
27
3
632
0
0
0
0
1
0
0
2
1
0
63
0
0
0
0
4
0
35
119
0
0
0
0
0
12
4
1
0
21
135
37
0
0
1
469
1
0
11
89
0
0
21
41
0
0
114
30
8
2
0
0
1310
373
0
0
92
0
30
0
130
62
0
0
74
14
965
77
0
29
0
0
0
6
0
217
0
0
0
0
0
0
2
0
0
138
8
71
0
0
0
0
3
0
12
205
0
13
89
448
0
0
320
0
0
0
140
0
0
0
187
7
0
0
0
0
669
0
0
2
2
552
0
0
0
2
0
1
1
0
0
0
0
1
0
0
0
35
0
1361
0
0
480
13
0
123
0
143
507
11
59
0
0
17
0
1239
0
0
0
0
13
19
1
13
0
0
0
33
2
0
0
0
171
246
224
0
13
0
70
0
0
0
0
0
0
0
1139
3
4
7
0
0
0
0
0
0
31
0
0
227
98
273
135
2
71
0
0
0
40
0
675
0
1
217
0
0
0
0
0
0
0
0
256
0
0
0
0
0
444
0
9
0
0
502
2
0
3
16
0
0
33
0
0
0
91
49
0
2
7
375
0
0
4
0
169
28
238
2
20
9
3195
0
0
165
0
0
0
0
0
1
0
1
60
20
0
3
0
0
394
0
0
3
1696
0
179
20
66
0
0
98
6
0
11
0
210
941
0
65
0
0
0
0
0
0
0
1
211
1
0
0
1
0
0
0
142
11
375
0
0
0
17
9
1675
0
42
0
0
0
0
5
0
2
0
0
882
117
0
0
0
0
1
0
39
226
0
288
0
0
0
10
0
2
16
0
4
0
0
206
0
56
44
0
132
43
0
952
0
0
19
0
124
1
208
0
125
18
0
0
0
6
0
0
1
0
4
0
0
0
0
17
0
131
1030
0
229
0
762
0
324
0
0
15
9
13
283
0
126
77
19
0
3
83
0
0
0
0
39
21
33
9
0
0
1
0
1
0
4
0
0
143
0
0
358
0
0
2
0
0
0
0
0
0
18
0
53
3788
177
0
89
0
0
0
50
0
0
0
0
1
0
5
0
0
0
0
4
38
345
11
16
1
4
0
122
0
1
0
2
0
0
0
1
0
0
8
169
209
0
1385
0
27
160
1449
435
4
0
2
0
2
112
181
0
0
0
0
0
97
1
0
0
0
0
44
96
27
2931
0
0
30
138
434
0
0
10
0
211
0
83
6
959
0
0
32
0
0
1
6
0
107
3
211
14
156
0
493
3118
295
0
7
6
6
0
0
4
0
120
0
0
0
124
3
179
0
1
0
931
274
46
0
0
0
0
0
4
59
0
26
149
0
5
6
1060
6
57
7
7
0
0
0
1557
0
93
0
2
726
0
0
3670
3
114
1
130
0
1
12
1
0
1435
0
1370
0
0
0
952
0
0
0
136
0
36
1045
1
4
4
2
1660
0
0
2
72
1
0
0
0
0
0
100
0
0
8
13
111
0
0
0
132
515
1
0
0
0
4
0
0
231
1
3188
0
0
9
5
0
0
1
12
0
0
0
913
0
496
0
0
551
0
0
0
1
14
132
0
0
12
0
199
0
1
0
156
4
163
0
238
0
0
0
0
1
0
0
41
0
0
77
0
27
1
557
0
0
0
47
7
1
61
4
0
8
0
33
28
0
1
0
0
0
626
32
7
0
0
4
0
0
0
0
0
200
217
0
71
147
2
0
85
0
74
0
12
0
11
0
0
0
0
30
0
0
1
30
2
21
261
0
0
0
41
109
4
4
1
421
2
19
0
2
0
0
0
5
5
413
2
0
0
0
88
1
0
11
0
30
13
0
0
2
14
5
1
815
16
0
126
80
4
0
34
59
1
1981
1063
16
96
20
709
74
0
0
9
0
15
508
0
96
2
0
0
13
0
3
0
1
2
0
53
1
0
0
0
0
0
0
0
0
2
0
223
0
12
0
38
0
0
1
0
0
0
0
1
0
296
0
1514
6
1
11
0
391
0
0
0
0
0
0
0
35
0
0
415
0
3
2
0
0
89
0
519
39
0
0
40
0
0
3
22
0
0
3
0
0
0
53
6
0
0
1
11
21
35
1
3
0
26
2
0
54
8
0
0
26
11
0
0
0
0
28
236
0
12
1
0
0
35
0
0
5
0
104
6
5
328
0
0
0
4
0
0
435
0
3
1
0
0
1
0
773
1457
0
10
0
0
36
166
0
0
1
0
60
252
0
197
985
0
0
2
0
0
107
0
0
0
3
0
0
48
2
17
2
537
0
0
0
0
250
1
0
2
0
0
0
0
209
87
0
2
57
0
104
0
0
374
0
0
125
6
165
72
8
1
122
0
0
1
72
30
1
1
0
8
24
70
0
0
0
0
0
0
2
0
0
106
0
0
27
52
0
0
43
0
157
25
28
0
1
0
0
0
0
657
0
105
0
24
0
0
267
0
0
0
0
175
0
22
11
74
0
577
2
0
62
218
105
161
69
0
0
168
0
1109
0
16
1
96
4
0
40
67
1
0
164
0
139
0
2
0
0
0
0
8
0
98
0
3
0
5
0
7
0
0
387
0
0
168
0
194
59
0
287
1278
4
0
0
0
0
576
172
0
0
0
0
1
0
0
0
319
81
0
0
0
0
562
0
98
6
0
8
12
0
0
0
97
0
58
54
1
0
1
333
1
745
1
34
1298
2209
3
75
0
0
7
61
11
0
611
31
18
0
0
18
109
14
0
290
0
0
212
0
0
1
0
2
0
7
1
0
0
12
91
0
3
2
23
0
16
0
61
0
160
0
16
194
0
0
111
3
0
9
11
134
0
0
0
0
0
72
0
1
5
1
0
0
0
0
28
65
144
6
0
0
0
0
3
0
0
593
0
0
3
0
541
0
2
2
16
0
0
7
0
99
0
13
0
0
0
13
4
2
0
2
417
50
0
6
0
0
0
1
8
74
37
0
1381
0
40
146
0
0
51
0
11
20
0
0
0
0
0
2
0
6
1
49
48
3
0
15
59
1
2
0
0
1
3
138
0
0
1
0
29
0
2
20
91
0
91
0
10
24
1
472
0
0
1
430
35
12
0
0
0
0
17
1
736
0
427
55
0
50
70
17
423
0
7
67
6
0
1
195
42
0
230
4
0
294
0
4
0
3070
0
0
0
24
0
0
0
0
225
5
0
0
283
0
0
0
38
812
0
0
0
0
341
0
0
24
0
0
0
0
0
0
37
0
14
326
2
0
399
0
0
221
0
1381
0
339
22
0
0
17
5
64
291
0
59
47
0
0
412
48
8
0
0
0
0
0
243
36
0
2
0
17
577
55
6
1314
1
0
0
0
6
3006
0
159
81
0
14
248
12
671
68
1
0
61
171
0
0
0
0
0
0
0
51
892
140
1431
28
1217
239
246
2
79
0
5
0
0
0
326
0
8
0
391
13
0
6
0
38
46
0
0
2
50
1328
253
28
0
0
16
114
0
0
1
0
0
0
26
0
350
102
0
1
0
16
21
9
1
0
0
2
0
1
226
0
7
25
24
0
35
0
2
360
3
1320
0
0
67
18
591
6
0
16
0
9
1
0
0
0
0
0
0
15
644
1
31
3
2
3
4
0
0
44
50
2
0
0
3
0
1
0
52
94
26
81
47
104
4
0
0
0
0
0
117
32
198
0
0
39
0
72
0
149
1
469
36
0
0
0
8
68
21
43
0
3613
26
1
0
4
0
0
10
197
2
0
0
0
30
208
0
0
7
2
865
1
943
582
2
138
224
127
2
49
11
43
0
271
628
121
3
493
0
0
0
310
8
6
0
2
211
194
902
2113
0
67
0
642
0
0
0
0
0
0
0
8
0
1
0
3061
221
61
0
606
377
3
9
18
0
1580
0
0
1
0
0
12
30
12
0
0
650
2
34
0
40
0
0
240
633
0
10
2
0
749
3
497
0
0
125
83
35
38
0
0
1
0
0
0
0
23
106
13
0
0
0
394
849
0
4
4
10
1
49
5
653
0
0
187
2
0
0
0
1
0
330
0
0
0
5
112
0
0
0
1468
0
60
92
76
112
0
0
120
0
0
4
63
0
33
0
11
0
1211
2606
5
174
3
4
5
224
110
95
0
196
1
0
1
0
51
0
0
0
0
0
3
0
68
24
156
57
66
102
3
7150
801
20
0
45
0
0
0
1
0
0
19
1
0
0
3
61
91
45
1
3
6
10
0
77
25
829
0
6
2
40
0
18
0
0
0
0
2
256
0
10
1
0
447
0
0
0
13
0
538
806
0
0
0
311
1
53
291
50
851
451
1
107
3
127
6
0
0
0
80
0
154
0
0
355
0
0
0
0
0
0
0
2
725
22
23
563
0
10
8
0
232
3
0
1
0
14
0
0
19
1
0
1
176
54
212
0
0
546
1
0
355
0
1
0
1
0
0
0
3
40
6
0
6
2
0
87
0
0
0
0
0
0
0
1
1
121
0
0
0
2
2
0
16
1
0
0
0
0
7
0
912
15
0
203
0
0
25
3
0
0
645
0
0
164
0
0
1
4
0
0
141
6
21
4
128
63
3
0
9
0
0
0
0
0
0
21
0
0
0
17
1
0
158
50
51
0
6
501
764
0
0
1
0
656
0
0
0
58
81
965
0
0
21
0
0
1
24
8
5
0
0
0
0
1
259
5
0
490
0
201
0
194
0
4
23
4
51
386
0
1155
24
0
0
0
135
0
0
150
0
15
0
0
2
0
620
1
0
1
0
1
1
1
22
0
0
494
0
0
2
0
0
2
12
206
53
23
0
0
29
5271
333
1
16
0
0
0
1
0
0
0
1
19
28
10
33
1849
0
0
0
664
0
6
0
0
0
0
762
248
0
7
0
130
0
0
4
60
0
0
0
0
2
56
0
0
7
0
0
4
0
1
0
1
577
11
56
2
0
1
0
5
0
0
0
1
3
0
0
0
14
5
0
155
0
0
0
0
2
0
0
0
0
0
0
0
1296
0
0
0
61
0
53
26
90
0
5
11671
0
0
0
160
8
0
0
0
0
2
0
0
0
0
127
0
0
0
18
0
0
0
0
0
0
0
0
0
0
94
0
0
0
5
10
1736
11
24
0
3
0
0
1
0
0
2490
491
206
60
3
1
0
49
0
94
45
307
399
4
469
385
761
0
96
108
0
4
0
0
0
0
0
222
0
0
0
0
9
14
273
1
207
4
123
2
0
0
0
22
27
6
0
0
2
31
9
17
8
74
0
1
26
10
0
0
1
0
0
0
0
0
0
0
0
0
0
0
59
18
0
0
1
1330
0
0
0
2869
166
0
177
0
3
0
0
0
329
0
0
767
4
0
293
0
0
98
34
0
1
0
0
0
356
0
0
1
5
0
0
217
262
0
0
0
0
0
1
0
0
0
75
3
0
0
13
1
0
0
0
736
0
0
553
1
0
0
140
0
0
82
0
0
25
0
0
0
0
85
0
0
1
39
7
0
2
8
0
0
53
8
0
0
0
1
49
0
49
0
0
0
0
1170
0
572
0
0
4
0
0
0
0
0
167
759
0
0
0
11
0
133
0
0
0
40
66
3
1
0
170
0
1
81
10
0
0
7
0
0
1752
0
0
0
1514
0
0
4
48
0
180
2126
0
0
0
9
0
0
0
0
0
0
0
125
58
0
0
1
0
0
0
0
1
0
0
689
0
69
0
29
1
0
0
0
0
0
0
0
0
0
0
0
9
0
0
0
0
0
0
321
0
86
0
0
0
60
0
0
0
1734
0
2476
0
331
0
0
0
0
0
14
0
9
0
0
0
0
0
0
13
0
0
1
0
773
35
0
0
171
0
0
0
0
0
0
0
4
0
0
30
0
201
27
0
0
0
22
0
24
0
1
7
26
0
0
0
1
0
0
0
0
0
0
0
0
0
0
0
4
0
29
177
25
0
0
0
0
0
0
3
0
316
0
0
0
8
17
0
10
0
1
0
0
0
91
1
0
0
0
0
1830
191
0
203
0
0
0
0
0
0
1
0
38
301
9
204
2
3
0
428
438
0
6
67
0
0
1
0
0
0
1568
0
0
0
0
5
1285
0
518
4
0
4
0
402
0
0
0
0
0
342
0
0
0
0
0
0
7
0
1
0
409
171
0
0
0
901
2
5
172
3
542
0
0
2
0
0
0
2
18
0
0
0
0
0
0
0
0
0
56
0
29
0
16
777
0
818
0
7
0
1
0
11
0
0
5150
0
0
0
0
0
1
0
0
0
14
0
0
4
0
0
305
1
206
0
2
17
0
776
118
0
377
0
0
575
0
23
0
0
0
0
749
0
0
0
0
0
0
857
11
0
30
2
0
0
0
0
0
38
0
56
0
4
4
0
59
3
0
170
0
0
0
0
1
0
0
0
12
186
2
0
0
0
0
0
0
0
0
6
92
0
0
0
0
679
0
0
0
0
0
112
0
0
0
1
0
0
2
0
0
0
0
0
0
5
264
2081
269
0
0
0
2
219
0
0
0
0
0
0
0
0
0
52
0
128
19
0
0
70
1
0
0
0
1751
0
0
97
0
0
9
105
0
0
60
3
7
0
5
573
422
9
0
0
30
1
18
0
36
0
20
5
88
0
407
0
0
300
0
383
273
25
0
9
2
453
2
0
228
97
0
319
1
0
0
39
0
531
0
0
0
1
0
1193
946
948
2
1
0
0
2
0
637
170
180
0
218
8
0
2
2
126
0
4
72
0
4
80
27
0
2
32
25
0
0
0
111
9
72
591
86
81
169
0
0
3
224
0
67
4
0
29
3
15
1
0
78
0
0
0
0
4
41
0
44
746
0
0
2196
1
2
73
1173
0
2
55
0
0
0
10
12
0
0
0
0
1
0
3
15
43
2847
260
0
599
4
109
1216
24
0
79
0
0
0
5
1
69
3
45
8
0
0
28
123
829
0
0
613
2
122
0
20
0
55
66
68
13
0
39
2
208
0
0
0
0
73
0
17
73
108
45
0
7
229
18
170
475
40
0
0
57
622
5141
2
0
15994
69
418
0
0
0
2
121
297
1
35
25
443
0
0
0
343
0
263
0
1
2782
11
130
2600
0
0
11
1520
0
5
60
130
162
201
319
0
1
312
81
13
0
79
12
0
117
636
0
0
3
160
0
0
0
0
0
0
2
0
0
7
563
36
331
85
258
1472
1
7
135
0
29
0
1075
0
221
10
337
0
0
0
103
0
1646
385
2603
0
0
108
260
0
468
124
0
0
0
5
0
759
2
108
0
51
555
9
0
0
8
667
0
0
0
130
0
106
1
3
9
1
28
24
1
114
0
367
45
0
75
23
0
1195
0
1284
0
204
0
0
0
32
208
329
8
0
0
512
0
358
0
0
332
375
28
0
2
93
276
1
126
3
6
0
199
57
0
0
5329
0
0
376
2
61
57
164
1
5
24
15
11
132
0
66
53
2
247
773
138
58
3
852
91
2
768
11
0
124
0
0
16
77
2
7
96
136
1206
11
7
0
0
0
742
92
521
88
612
0
23
0
0
0
38
587
48
0
3
39
56
0
8
33
184
1045
0
3
157
0
384
21
82
25
0
3
41
26
392
0
0
30
1
3
235
28
0
62
0
50
21
8
0
0
46
22
289
0
0
0
0
10
5
5
368
17
0
0
15
0
0
0
97
3110
6
3
0
0
65
1014
29
146
3341
151
33
2
0
37
47
2
618
6
134
50
29
7
13
0
4
307
29
0
10
20
0
270
0
7089
5
99
16
0
0
80
13
0
0
26
0
5
53
17
0
185
1
0
13
1
7
179
0
0
44
790
0
0
53
51
0
0
428
975
0
4
24
1
0
2
676
58
17
0
3
0
0
0
206
26
314
0
54
0
0
7
4385
0
8
4
12
984
17
0
1
0
24
137
0
213
124
0
2
437
799
0
0
3
5
0
1
21
0
1282
30
483
875
0
0
0
883
0
0
0
81
32
0
122
0
0
87
0
0
4
371
162
151
213
186
0
0
0
0
186
0
0
349
47
1
170
0
1
0
628
384
2294
306
3
354
28
4
1015
0
2
0
25
0
535
363
167
18
493
99
0
172
0
0
24
0
1653
0
24
82
206
28
508
9
0
5173
2
0
0
20
0
0
869
0
95
419
228
0
103
0
103
48
0
37
3
159
3337
0
1
0
525
0
167
19
91
0
17
64
0
99
0
5
0
0
0
1457
0
162
0
0
0
0
43
140
896
0
2
0
0
0
0
3
0
0
1136
751
0
0
7
0
0
114
0
0
2
0
0
0
74
1
610
204
0
8
0
38
72
271
34
1
0
150
0
0
2
2
2087
21
0
0
369
5
4
578
0
106
0
4458
241
1
8
0
0
328
0
0
0
25
64
38
0
0
122
180
36
0
182
210
0
0
0
1796
12
5
48
335
12
54
1
61
0
110
6
0
1
0
104
466
0
553
305
0
6
0
0
0
542
422
1
61
0
1
118
129
114
1
138
0
149
54
42
0
9
14
0
14
3
2
0
1
3142
32
4
0
0
0
1
1025
66
190
62
0
2
40
42
21
122
2
0
2
1
0
0
0
551
0
0
18
10
98
163
587
0
0
101
0
1998
4
164
0
103
0
126
27
193
0
164
24
59
3
11
0
603
178
28
0
335
443
0
247
0
12
0
1
0
0
564
83
0
588
0
1
135
0
0
1
1249
65
0
4
0
56
935
142
0
0
0
31
0
0
8
184
4
0
0
8
0
64
0
0
0
310
8
1
5
1080
0
18
9
14
0
0
30
315
3
0
219
0
0
0
0
0
56
16
2
5
39
0
0
2
0
1
21
5
0
0
120
23
788
0
1
1
1
4
2
2
0
0
0
9
11
0
41
12
0
0
3
0
0
0
0
29
0
5
29
0
0
72
0
0
0
0
71
0
1
4
3
28
4
0
0
0
0
9
1302
0
0
0
0
59
30
45
17
0
1
89
349
0
2064
238
1
117
1
46
1
132
8
34
80
2500
4
0
0
97
0
0
769
5
181
0
7
28
0
47
274
3
290
2
142
2
0
75
78
25
0
0
26
1371
14
5
71
34
0
586
11
993
1975
0
0
76
32
2
5
33
325
12
17
72
737
14
82
52
1
136
194
275
13
0
0
583
2
1
0
0
0
0
0
0
7
0
59
56
24
236
12
69
0
7
260
36
29
2
0
7
893
16
125
0
23
9
0
3
614
0
123
3
0
0
2
521
0
0
762
0
2
22
0
0
120
14
1997
0
452
1
211
299
39
0
0
0
3
0
2010
0
0
3
0
817
2
0
1050
360
2
0
133
2
9
356
116
2
56
205
0
10
324
37
0
0
0
0
0
61
128
0
116
257
0
0
238
1967
29
2855
0
12
0
888
4
265
3
0
15
32
11
1
2
1
0
29
0
49
10
134
0
558
67
361
1190
118
804
0
0
2439
0
0
0
3
204
569
2
0
0
0
3
0
0
3
0
0
0
0
0
101
15
85
50
137
0
3
0
134
0
0
0
0
13
0
41
0
194
0
3
1
1
0
0
22
371
1
0
0
1
1
2229
181
0
0
0
0
142
0
3
0
672
0
2
49
506
0
701
14
0
5
0
165
0
9
0
0
0
0
5
82
16
0
0
30
3
1
173
0
39
0
1
0
5
453
9
0
45
0
0
37
0
155
192
312
0
0
0
111
577
0
15
0
0
1
0
132
0
5
249
0
0
0
0
0
211
0
12
381
203
40
0
132
97
224
1
0
11
255
19
123
0
0
0
1
8
87
93
985
2
4
1
0
18
0
0
0
0
0
0
3
0
351
22
0
5
22
234
0
41
6
0
7
1
113
0
194
0
184
108
0
8
4
0
0
0
0
58
0
0
13
63
75
0
2
49
282
2
62
0
39
0
0
0
0
0
1
0
39
0
0
5
0
5
0
49
0
1
4
0
1
23
0
6
0
14
2
113
2
0
469
1
0
54
4
12
0
8
0
0
0
1
6
10
0
14
87
0
0
0
52
133
57
241
0
0
25
0
33
0
2807
0
108
35
1145
2
0
1386
315
0
0
0
983
0
0
0
34
3
0
0
16
0
87
0
16
293
72
759
0
3
3888
179
0
11
0
28
23
0
7
389
0
3780
0
0
245
0
34
0
3
356
0
0
113
1
274
0
4
12
132
14
63
0
0
639
41
2
0
219
3
171
2
113
18
270
2
1
0
0
0
0
0
245
2
0
243
410
0
2
664
0
2
0
1
1
0
0
952
1
338
15
189
622
17
113
0
120
2
28
511
0
0
9
21
8
0
292
0
42
2
0
5
979
0
2695
0
686
50
0
289
0
0
470
0
425
810
0
4
64
236
102
24
4
0
0
28
336
0
0
0
15
222
3
0
0
0
8
836
0
74
1360
75
424
93
11
940
56
25
3
260
1515
0
0
591
723
62
0
652
329
75
0
0
1
0
2667
1947
681
22
153
0
106
15
0
0
881
4
100
0
306
145
0
26
8
27
354
120
40
140
0
0
57
3
7
0
0
295
0
53
627
9
4
0
0
20
274
2
46
0
1
404
0
728
49
15
0
0
1463
0
198
757
6
0
92
424
153
690
89
3
5
0
2011
0
1445
92
0
0
0
0
2846
0
1372
82
1337
29
304
366
382
0
187
4
0
4
0
9
195
90
342
0
8
40
14
548
0
0
568
25
3
0
70
189
32
324
0
0
7
2578
0
0
28
2
34
0
530
392
3
37
80
3
100
15
2
0
3
192
314
0
0
1
0
60
0
7
22
46
0
273
0
15
0
0
0
0
13
0
155
3
9
0
119
0
221
0
6
72
6
4
45
12
684
0
1
0
0
208
301
30
584
20
0
0
340
0
10
0
437
258
3
0
291
54
0
131
79
282
0
79
0
0
0
0
0
3
187
363
30
4
3
228
409
0
49
0
37
19
135
242
256
336
1588
0
264
220
0
0
0
44
60
0
356
0
143
228
64
0
92
0
109
667
1115
764
2
1799
1341
0
0
1
0
260
0
2
3
112
68
1
0
1
0
0
5
4
0
51
2474
100
77
13
19
2817
4
2055
0
0
282
0
6
3
1
0
251
18
3
501
1717
0
55
2
0
230
204
1
1
10
0
0
38
0
110
0
215
12
332
7
0
6
613
168
0
0
220
22
0
0
0
0
38
0
6
0
0
0
1931
382
67
110
25
0
4
0
0
28
31
904
21
383
395
1
75
82
52
252
0
54
0
0
0
29
0
328
24
10
33
48
14
54
0
0
0
0
0
0
27
60
830
0
8
0
0
0
0
2
0
74
15
45
0
1096
0
156
138
0
1
138
1904
21
68
19
0
0
16
0
67
105
16
0
453
0
940
294
22
1
118
30
146
6
6
3
105
6
161
443
0
0
0
1198
0
0
0
0
107
0
63
157
0
0
18
0
129
24
0
1852
0
4926
6
79
485
16
0
980
6
0
0
277
0
0
0
0
217
2
235
66
0
209
24
0
24
592
134
83
0
0
2
56
1
0
0
5
178
3
0
0
1
30
0
0
165
219
5
0
23
0
21
0
2
2
12
1335
2
12
0
0
0
18
0
65
0
476
0
0
155
3
339
0
1
0
209
0
24
2
39
29
0
1211
33
3
3
0
0
0
0
0
146
274
24
0
28
0
0
13
162
0
8
9
8
0
13
1
57
501
2864
18
347
1
8
11
0
42
0
19
3
2152
0
54
231
0
2597
0
0
8
50
0
238
36
0
14
0
1
96
16
0
8
0
65
0
2
0
18
0
0
0
0
423
351
10
382
492
2
1012
0
4
0
76
160
11
13
27
0
37
3
55
212
269
1949
0
0
2
0
31
1879
219
18
142
1626
57
72
0
2506
215
22
0
0
1180
68
1358
2
0
2
0
67
0
1533
13
42
774
0
8
389
208
0
2
87
1106
0
2
25
6
3
14
261
3
9
1
0
0
492
133
2
0
111
19
6
0
0
0
59
2
0
466
99
14
0
1129
0
0
72
12
3
4
4
23
0
720
2
1124
0
106
0
463
41
327
3
24
0
0
0
4
0
0
0
1
8
45
6
873
0
66
0
1
60
45
0
16
1
336
57
30
110
0
0
0
153
551
0
0
112
0
2
0
2
0
1002
0
142
845
6
56
57
275
0
0
0
0
218
24
15
0
10
0
0
1
0
0
3
67
154
58
1
31
30
0
0
0
6
223
1
0
3
58
219
79
0
0
107
0
0
0
19
0
0
80
19
47
120
0
6
0
321
0
0
0
0
1
124
19
4
0
433
52
306
4
463
13
4
14
2
25
153
0
0
3
0
306
70
31
178
197
1
95
203
0
0
2
0
160
0
19
50
1
0
393
0
51
6
13
2
40
258
0
1387
0
338
23
0
2399
24
520
1
379
0
0
601
164
5
0
25
221
0
81
2
0
113
50
4070
43
0
0
0
1
0
881
3221
46
148
3
637
0
484
125
0
0
1026
1
141
12
21
676
110
335
96
226
6
0
89
670
35
0
1
0
0
2
607
0
42
21
0
16
3
237
49
248
513
17
90
0
125
0
312
4119
116
0
587
94
42
9
0
38
4
990
12
0
7
19
0
0
0
253
0
10
0
5
66
5
0
0
20
0
228
2
8
0
382
2
528
0
505
0
1
10
25
0
6
0
541
5604
52
57
30
704
0
1001
66
482
2873
13
92
0
52
334
32
1
54
0
26
0
0
5
20
790
12
0
1
0
1
415
28
218
1
62
1159
546
19
0
0
1
64
266
0
119
0
661
197
125
43
326
34
47
0
0
621
0
0
0
0
163
0
0
0
198
0
0
8
869
0
0
0
314
987
273
15
282
32
2350
0
155
37
0
20
38
3
12
0
34
368
14
0
0
575
0
1076
3
15
0
0
2251
0
0
8
9
0
9
0
88
133
81
0
46
0
1
98
76
10
4392
1916
5
597
82
0
0
0
112
534
47
0
4
0
49
1
1595
14
113
125
6
170
0
903
51
32
172
0
8
0
32
1138
0
15
0
0
13
1974
69
11
471
0
0
1
1
0
0
114
249
0
9
196
3
0
0
6
541
1
9
135
107
580
0
0
8
6
10
654
85
0
216
24
0
37
0
0
0
661
75
3
288
0
1157
51
2
476
361
0
0
12
614
0
62
0
2
0
0
372
2
0
18
0
0
0
0
15
16
63
44
1309
0
2
0
48
0
0
1
937
0
0
0
0
0
0
432
0
0
0
0
19
0
0
0
1
1292
7
28
1
113
0
0
0
1067
0
0
934
0
0
0
368
46
712
21
0
1
41
189
43
0
157
735
2
0
0
41
0
0
5
0
3921
1
23
72
67
0
1
0
30
5
452
18
54
688
581
0
0
516
398
2
0
0
20
277
4
218
0
110
205
8
27
15
0
24
2
15
0
107
0
5
0
0
109
44
19
118
0
95
846
22
0
347
0
118
0
330
195
357
0
0
65
768
0
97
1
5
0
221
0
0
0
8
553
3
0
103
84
701
23
112
1
194
0
32
815
185
0
0
0
346
264
1099
96
0
44
1
9
0
0
2
0
1
0
0
0
159
14
0
0
0
731
41
0
27
3
2
0
602
11
0
2
0
491
1785
58
2187
0
0
0
0
0
251
0
1
62
7
372
0
0
16
0
0
0
230
536
0
0
1157
0
2
3
3
2
0
26
2
0
5
0
3
21
85
0
62
55
0
22
0
0
1
135
0
283
602
0
123
3
95
1
20
0
65
2
166
98
0
134
7
0
74
0
0
53
199
0
0
94
0
0
3
206
0
5
0
833
108
23
362
0
0
0
1
291
139
21
102
4
0
1
1
0
0
199
980
0
833
11
152
7
76
0
0
96
296
5
0
2
173
29
8
0
47
347
95
4
244
117
0
1
1
1
110
743
515
0
6
488
0
898
0
0
0
8
346
31
355
0
0
0
0
0
0
50
1
0
0
85
0
0
0
131
1
0
501
0
0
0
2042
1
27
566
0
193
0
5
0
0
69
0
21
5
94
66
637
0
226
0
194
0
1
0
0
0
0
48
0
3
0
21
0
0
0
9
0
416
215
1675
0
26
5
68
3
1658
0
38
1
0
0
213
0
97
0
0
274
0
89
1
0
0
4
626
177
93
73
171
62
0
0
3
1
45
1
5
96
90
41
0
1
0
4
102
73
28
538
12
305
0
4
159
0
1308
0
244
0
0
768
0
157
35
488
0
8
0
18
67
2710
161
2
16
0
0
0
0
0
62
311
155
3
872
204
139
0
447
115
40
185
0
18611
9
48
0
250
383
117
3913
0
360
10
16
41
25
0
205
53
0
481
44
0
294
118
8
279
0
0
6
580
0
15
76
22
47
6
1
0
0
6
0
0
115
121
90
0
1378
0
2
2
0
35
478
8
23
2144
0
3689
9
0
49
0
0
0
4
3
0
0
617
172
11
0
42
189
635
0
46
185
369
0
220
0
2
3534
18
0
0
0
1
1
0
0
144
0
0
44
2068
18
279
12
0
540
746
994
190
95
2
90
650
2
0
17
37
946
0
0
890
50
0
1
0
0
0
101
29
590
0
1
42
2
16
6
3837
260
0
0
1
6
260
11
0
1
27
0
0
2
23
122
1381
21
241
473
0
0
0
80
0
0
0
6
1
257
1
0
331
784
58
0
662
654
59
68
51
8543
9
0
0
2
2511
0
0
0
10
0
0
0
3
10
129
9
0
11
0
318
1
0
126
898
0
1027
43
68
6
0
0
9
50
23
3
0
4
0
0
21
0
3
0
180
156
22
0
94
350
0
0
242
45
0
98
347
14
0
8
0
0
1
0
496
993
0
0
3
392
36
0
458
0
2193
12
0
0
216
0
4
61
70
0
181
21
186
1255
251
1
0
20
0
2
0
0
92
2
0
106
0
1
3
469
0
52
2
0
2
0
45
60
71
75
0
0
117
0
9
0
1
0
16
4174
17
1
4
52
0
99
0
0
73
27
87
96
874
0
0
54
21
35
116
0
114
16
0
2
1012
118
54
49
0
3
0
0
0
0
18
7
64
2
13
0
0
74
89
425
49
0
0
195
178
136
6
140
1
25
0
1
122
0
0
10
0
0
0
14
29
0
80
7
0
0
0
0
0
606
0
243
8
0
0
75
12
389
26
1670
30
167
0
6
84
1
2
1
0
0
168
0
14
5
0
0
0
7
909
0
5
0
0
1236
0
0
115
0
503
133
0
1172
0
9
3064
0
287
13
0
0
15
0
5
0
42
6
2
0
104
855
227
63
1098
0
28
149
565
6
1394
19
0
19
236
403
35
2043
11
34
32
0
0
0
36
295
389
2
640
459
3
0
0
330
0
0
0
11
3
2076
20
0
0
34
764
197
2
23
0
8
0
133
0
855
266
37
24
225
0
66
0
6
5
3
1296
893
842
0
765
0
100
122
72
0
0
1
0
3
0
815
0
144
129
0
6
3462
63
202
29
279
30
0
16
13
3480
0
7
0
183
0
83
931
117
0
126
3
467
4
18
0
564
317
1
0
2
70
381
0
3
3
49
19
2
0
44
0
0
10
0
0
275
1
2908
0
0
75
2740
0
75
2
0
27
0
132
0
5
4
648
5
0
414
175
102
125
3
5360
205
53
7
0
0
25
1
0
160
0
0
0
107
105
0
435
0
1
26
4
0
79
0
1951
26
133
443
220
520
0
148
0
86
0
1217
23
521
0
0
0
0
1
660
18
0
37
444
12
239
0
570
180
127
87
53
24
0
18
0
5
0
0
2
189
0
0
426
0
8
98
516
90
0
0
18
22
0
0
0
48
505
4
0
795
143
228
0
0
0
170
3
0
120
203
6
0
0
281
0
1
40
7
5
167
13
0
0
86
1
513
0
88
3
0
6
0
0
63
0
11
0
55
230
2
0
399
0
318
0
102
2
0
22
1
181
279
493
0
0
4
177
2
0
96
0
359
136
3877
0
11
20
70
145
100
0
1
2
69
25
0
0
0
1
0
2
0
0
243
82
2
7080
1832
5
0
0
3
384
0
95
0
910
156
0
5
2153
396
0
0
1
225
21
0
0
66
15
0
162
1898
0
564
0
0
328
530
110
29
0
0
0
860
1916
0
58
0
527
0
0
0
3015
1061
2
0
0
1343
143
6
410
0
0
0
1
5
136
386
0
117
0
0
0
0
10
0
14
40
0
34
4
50
0
0
73
12
24
0
634
1
59
0
67
0
7
1364
3
0
0
35
30
0
415
2088
11
150
41
8
255
28
0
0
54
1
10
651
0
24
0
0
0
5
116
186
640
0
0
62
185
186
47
0
250
73
565
4
0
107
36
29
0
35
20
62
219
1
197
1
25
8351
633
175
0
210
1
490
123
0
0
91
221
24
41
17
13
1
1
0
1
4
2
0
14
570
74
76
0
0
3
0
69
14
738
0
0
0
0
1
0
49
1314
0
36
27
0
97
0
0
571
134
0
1
4
0
14
638
60
33
15
182
0
0
191
0
0
34
0
12
114
12
0
0
460
0
0
0
0
852
0
11
109
0
0
149
11
173
2
11
2
75
1
87
2
0
0
0
440
0
0
253
32
29
0
1110
0
62
0
139
30
13
0
5
15
4
861
28
0
6
2
0
42
0
0
232
50
50
264
2
7195
51
12
276
4
29
0
0
215
80
85
1
101
0
0
60
1491
4
117
20
20
160
32
0
1
105
0
0
0
243
1596
2
34
99
181
299
0
0
2
0
42
2
2861
0
77
1
21
462
50
51
160
4
41
0
41
0
0
32
0
1
0
326
74
2
10
2054
1
0
0
0
38
255
8
0
315
0
25
19
365
466
0
200
0
29
418
35
487
5
2
4
93
0
3
0
179
6
1079
1357
0
6
0
0
19
7
122
0
0
224
46
124
0
0
42
24
831
0
0
98
0
11
2
0
689
31
471
2
0
0
0
31
2
628
440
0
1
49
61
220
51
0
0
10
120
4
13
4
1236
3
270
0
74
1
4
2
0
0
522
602
12
8
62
0
0
546
0
0
71
0
8
0
4
0
76
0
0
18
2
0
1307
368
7
622
2
0
0
642
0
6
0
58
0
0
27
0
21
1
260
972
8
0
1677
0
0
0
58
190
1
77
10
0
1
0
0
532
54
12
9
0
84
0
1
0
3
0
112
24
0
3
0
0
0
0
4857
0
15
0
467
2
35
0
0
1639
67
89
5587
113
0
290
0
3
21
74
52
0
365
0
491
0
0
690
0
115
0
0
5
683
40
0
0
52
254
377
481
48
2
0
153
0
1
0
51
14
11
0
4
1
1
44
14
133
183
1
0
0
16
75
32
2355
0
33
0
37
0
1082
47
36
34
1129
0
193
28
0
74
579
2
0
14
69
47
59
0
0
0
0
99
464
15
26
21
9
1885
4
0
218
21
466
44
0
299
0
34
0
56
620
17
32
5
616
0
121
5134
5
1
0
191
0
114
174
4
53
113
1065
709
0
0
34
0
1
26
256
15
15
0
37
113
3
0
44
4
1
0
0
0
0
3397
0
0
0
1211
0
77
0
54
3182
0
0
8
4
14
5
0
4
52
82
318
0
4
73
108
93
269
322
36
0
96
0
138
883
5
305
0
48
1579
0
178
36
0
0
363
8
432
80
1
1
30
0
6
0
1
1
367
0
0
239
192
0
5
0
54
0
180
10
74
3
0
1622
0
350
0
1164
176
0
16
927
0
66
18
9
0
347
0
31
204
1064
2
0
0
6
40
176
0
4
0
610
3
0
0
0
428
0
2362
0
5
59
0
0
0
190
0
39
0
175
0
4
100
0
30
0
9516
3
23
2
0
0
0
72
0
0
0
46
0
0
3
2
513
0
623
162
118
0
1
153
13
0
0
0
0
4
0
163
325
3
0
281
1
0
496
0
737
0
1
225
0
0
28
181
0
1149
10
0
0
0
0
0
0
333
0
6
0
1
246
9
0
1029
0
0
0
18
34
0
3
0
481
3
5
0
37
6
0
0
43
235
0
35
89
4
42
0
0
746
2571
0
3
1
0
170
0
147
21
102
0
0
2
0
590
28
10
1
0
467
0
6
153
34
31
0
0
29
0
3
149
7
0
111
804
0
186
0
0
3
142
0
5
2
18
52
8
253
0
23
0
0
0
5
504
0
230
0
2
2
230
0
0
50
26
0
268
72
0
47
0
0
20
8
0
35
124
2
1
3
6
3
7
104
0
0
0
32
0
839
0
56
0
153
0
124
55
442
7
0
19
0
943
26
15
92
0
0
17
8
783
1
0
12
0
13
157
58
332
89
0
0
441
0
21
0
704
3140
2360
0
22
24
176
110
0
6
0
116
12
22
7
96
12
2260
79
357
210
1811
562
0
0
11
0
131
359
0
188
0
10
32
2
8333
5
8
5
25
64
0
4
341
0
25
1
11
0
0
0
276
0
18
0
0
0
0
39
8
0
421
8
105
0
597
5
2
5
0
296
0
6
0
11
87
0
232
404
0
8
4388
20
23
1
0
0
0
243
1
2
0
62
9
15
0
1
32
1185
176
0
0
0
0
201
0
1
0
0
4
0
25
24
1
0
0
456
5
0
0
2
541
689
128
1359
0
0
296
0
0
0
77
1032
200
5
2
193
0
0
36
112
0
6
0
0
3
0
0
0
0
1
0
0
8033
0
77
41
3
15
19
440
498
708
0
0
0
264
0
18
83
0
0
0
65
185
4
0
1
56
0
1528
167
6
0
18
0
1
149
4
0
15
0
37
1
0
6
2229
156
7
166
22
27
235
1507
2
26
0
0
21
3
446
71
1026
1377
0
0
6
12
190
0
6
0
110
85
60
148
5
436
0
0
89
4
1964
3
0
0
2
5
0
9
4
62
35
0
72
0
251
206
28
256
1
41
13
135
41
3038
528
0
0
252
4
32
0
1063
0
0
2929
0
0
3
0
0
0
5
0
559
0
2
385
0
0
0
4
2
2
24
0
0
393
0
135
126
3
1
0
1295
5
2062
10
27
0
203
438
1
0
169
45
1
16
0
0
183
1
122
0
0
178
4014
25
53
129
680
0
4
5407
0
0
1312
1139
0
346
118
3636
2
0
0
326
7
220
6
0
876
0
47
0
0
0
4567
1692
9
6
315
6
745
1418
63
0
2142
0
2
16
0
39
1
0
870
0
0
27
168
294
0
1008
5
272
27
13
6
0
41
0
972
407
278
0
0
15
0
1804
7
0
1506
302
0
0
24
4
241
0
713
126
142
331
0
0
1780
494
224
66
1
0
323
544
612
0
0
257
82
0
0
3
0
227
0
11
0
1589
577
0
0
5
1
4
378
76
0
149
5
0
65
362
0
58
557
0
1
37
52
39
6
39
0
255
23
32
0
106
1
0
0
15
396
0
1007
164
0
1
264
138
140
116
18
53
3
255
4
62
17
0
7
0
0
0
0
0
0
1949
559
67
1
0
0
0
1421
142
23
19
11
2
947
0
3
1
0
399
575
195
20
6
179
423
191
0
48
52
0
8
0
0
0
1
31
971
85
0
10
97
4
26
2
0
4
2
74
2916
0
0
0
8
70
1
76
1
6
4
9
0
592
4214
1207
0
192
0
22
0
7
1
0
0
490
23
663
261
395
0
212
0
771
1
698
1
7
98
32
53
402
703
702
780
0
829
0
11
0
7
873
20
806
73
96
11
79
3
0
27
10
15
180
104
0
162
88
0
2344
97
40
860
55
358
209
1243
48
496
33
0
0
0
0
5
29
1315
0
25
516
1
269
0
0
155
353
927
0
0
1
0
12
0
24
88
2303
0
4
488
698
0
642
42
0
676
3219
201
126
521
26
0
1982
0
1527
86
63
243
114
0
0
0
0
11
0
0
2
18
0
0
0
21
1
20
1
0
11
129
1
0
0
15
0
27
0
0
391
9
0
1
474
44
0
0
222
741
0
147
0
777
135
28
82
1001
378
32
23
0
0
0
125
194
26
8
0
0
3
0
0
0
0
0
99
283
42
0
3636
0
3
0
20
2
136
0
0
189
0
188
112
33
0
0
0
1033
49
0
14
0
1
130
649
1
0
103
0
537
1
415
4
1916
868
2
0
17
333
0
30
59
0
223
88
15
431
38
0
0
3
0
73
61
459
0
19
0
20
143
2
3995
25
0
0
15
0
0
5
0
153
405
4
843
148
1592
15
62
181
654
1135
11
2
10
5
28
59
0
637
4
0
0
0
5
2
11
8
3
0
8
0
0
3
264
99
0
1
0
46
8
43
8
347
12
4
0
218
5
2229
14
158
6
514
0
71
282
0
70
33
226
0
343
92
788
1
282
192
0
0
0
16
126
10
111
56
20
12
214
171
4
1443
1268
326
0
0
647
11
0
429
0
44
0
45
0
0
0
0
37
13
3
0
816
370
22
7
566
17
0
218
219
0
0
0
56
0
11
7
0
4949
258
3
39
125
15
2
0
53
20
704
446
9
0
117
29
87
0
0
25
7
0
0
65
0
0
0
56
20
0
61
0
65
9
159
182
0
2
8
2
1213
40
0
1
131
3
1
2
51
962
153
0
0
804
0
0
0
0
268
1374
13
2
260
0
0
26
47
33
55
0
595
404
294
0
0
8
6
5
4
39
134
16
0
0
20
0
0
3639
0
0
20
17
576
27
1
1
0
6640
2091
236
238
0
10
0
0
43
0
2
310
114
889
953
1
1209
3
574
1
0
0
0
70
0
1
0
0
0
68
0
86
1
339
2
12
1
68
2
181
10
108
1
0
0
878
198
0
0
0
0
0
26
31
0
70
0
180
0
358
228
13
0
8
0
0
2
38
0
270
1893
0
0
0
2805
7
0
3
8
114
9
14
3
14
64
0
4
224
1
0
38
0
116
1114
0
35
390
4
5
0
116
0
0
2
65
1
0
128
0
13
0
0
249
2
33
2
0
0
6
0
1115
0
0
0
1
844
1
238
18
0
94
128
1
0
300
0
25
10
0
306
0
0
59
0
1
25
17
0
3
0
3822
4
18
0
0
21
0
218
25
5
2
61
29
25
52
56
0
0
0
0
1154
144
0
0
0
0
73
68
70
23
0
23
273
1508
0
0
0
350
38
2
828
1040
0
3
217
21
0
5
3
1073
12
5
205
29
0
52
0
4
1
0
2
2
31
22
16
0
644
389
502
48
0
137
4
2365
0
11
0
0
219
38
1061
74
0
10
28
403
1
1
402
0
15
0
5
49
284
2
77
1
0
77
509
0
0
952
6
1053
0
0
0
0
140
10
244
0
30
0
0
0
0
1638
648
0
127
387
5
78
1164
745
59
71
24
0
2
0
0
130
0
44
136
262
7
397
113
223
0
0
0
0
3
17
29
97
0
0
227
0
179
119
0
831
0
2
340
178
13
1580
1484
6
27
27
119
0
704
0
0
1
600
0
0
111
0
2
898
0
8
30
0
1513
0
0
0
717
48
446
418
315
3
698
147
0
291
8
0
181
215
17
125
1
0
26
0
10
1091
11
6
1
0
3
0
0
220
18
0
26
82
37
9
1173
62
0
1
0
1592
348
35
6
4395
0
0
55
0
9
0
123
0
44
0
12
3
0
3
336
6
112
241
16
0
0
13
10
1
134
252
2
1333
0
0
0
9
10
0
3
16
970
0
9
34
26
1
5
0
85
3
93
18
0
2
152
0
53
280
0
0
253
613
15
0
2821
166
6
0
61
0
466
0
0
2
1
1535
0
0
0
0
332
0
17
10
0
1
14
1
94
43
0
267
67
6
3
9
41
0
79
5
0
115
0
0
0
382
0
46
34
0
341
78
146
455
17
10
393
0
0
2298
7
36
0
0
0
558
15
0
107
0
102
68
4
373
0
23
209
58
212
0
686
5
0
276
0
1
0
757
68
0
141
54
0
0
5
1114
0
166
0
0
5
0
25
0
0
42
0
55
200
0
29
0
0
114
49
774
214
0
0
0
80
12
83
0
81
44
0
0
18
0
0
1
0
13
0
18
55
1
0
0
0
1482
2
1
26
6
0
0
0
332
135
3888
0
0
55
26
7
39
561
93
2
38
116
65
9
1
21
0
9
95
297
0
0
31
0
0
0
10
8
1
0
0
11
0
0
0
17
4
119
94
0
54
238
22
1
1
277
7
0
155
4
0
288
0
1
159
0
1962
1
68
7
13
8
0
1
0
12
0
0
0
0
4
5558
9
102
0
0
0
23
231
52
4234
1
2
34
1
0
243
127
0
2137
2
218
6
1
42
0
0
148
0
0
1
0
6
189
6
1943
0
0
1177
20
0
2323
0
0
247
215
15
0
0
806
0
590
1136
3
7
0
1373
143
71
0
45
42
0
0
4
0
125
9497
526
0
1676
0
87
322
0
1
71
0
209
247
12
0
188
49
315
72
14
667
213
0
0
351
572
0
86
0
0
0
89
36
98
50
79
3
44
0
6
15
0
0
0
0
146
0
813
0
221
0
28
0
83
3991
0
208
0
37
13
3
20
55
9
3
18
265
0
0
0
1
0
118
0
0
0
0
42
94
22
45
1459
0
0
1
0
0
0
141
0
0
0
23
0
255
0
0
0
12
0
37
77
0
0
0
144
178
0
0
0
0
14
0
4
63
72
1
51
10
819
48
4
30
2
0
467
0
0
27
0
6
0
80
1
24
0
1
0
139
136
91
2
5
0
0
19
0
303
0
51
20
108
755
0
0
0
0
7
0
0
0
0
0
102
100
0
0
0
241
0
48
0
110
354
1
12
56
18
0
17
24
0
0
0
0
0
3
15
5
62
0
0
715
167
50
45
31
0
632
85
0
102
31
443
288
54
0
0
5
16
0
5
2061
1
0
195
0
4
0
141
75
1
1
68
1
0
0
30
1
0
4
138
0
0
3
2
0
4
312
0
697
15
0
27
620
0
5
14
54
0
47
2
2
0
0
133
91
0
0
713
1
0
0
0
1
0
0
4
92
16
0
0
0
2
13
238
0
0
0
26
1
0
36
541
29
0
0
0
2
0
0
8
12
51
0
21
78
11
0
0
161
98
5
0
0
0
0
2
37
0
4
0
88
0
0
0
1413
0
131
42
4
41
0
7
0
1
129
179
1
0
0
0
15
107
0
25
8
17
476
4
209
0
2
32
561
2256
0
3
4
12
214
13
27
0
2366
0
0
0
14
83
0
36
1
1
250
0
116
46
0
0
6
0
534
9
29
864
127
0
0
32
0
19
122
171
0
0
14
0
673
15
3
0
8
0
15
0
0
0
40
304
0
2
57
2
0
67
0
6
266
0
0
1
314
4662
0
0
0
0
14
0
21
2
77
178
16
375
3
3
0
17
559
50
25
56
54
2070
496
0
0
1
1
35
165
0
1
18
0
338
3
349
2
29
0
0
0
663
102
0
59
201
11
5
1356
31
55
1
411
18
9
0
0
23
4
1
0
1102
16
0
0
9
1
16
198
7
1
0
0
347
296
23
0
0
19
4
157
0
14
0
20
170
0
0
0
0
23
0
0
0
1003
2
58
0
14
12
0
0
0
8
110
144
2
0
0
35
0
253
140
0
445
213
4
0
2
0
3
0
11
17
0
0
0
2523
2
0
336
0
0
121
1
2
13
122
21
0
338
17
135
0
19
4
7
36
151
0
0
0
0
0
52
3
9
0
7
27
84
15
0
0
0
0
14
458
101
2
0
0
225
122
3
77
149
259
94
0
33
116
56
0
1
164
26
1100
0
285
2
0
0
0
0
9
2
9
3
216
5
0
1
0
32
248
1
515
0
96
1726
130
0
14
1
2
1
160
0
0
0
98
0
37
0
37
3
54
0
0
0
425
25
131
0
0
1
490
1
80
0
3
53
155
0
30
0
1206
0
19
4
0
1
22
0
90
573
1
0
0
411
18
55
81
0
0
0
11
0
0
9
111
1737
479
6
0
93
50
70
516
0
19
0
0
2
1139
0
83
1
259
0
52
105
0
0
0
137
391
188
73
7
18
0
20
3107
0
107
10
0
24
13
35
66
0
0
1
1639
5
0
327
92
0
993
1
2
37
0
55
19
496
38
1
378
0
0
0
3
992
6
51
1
178
1
3
0
0
1
1
105
116
3
10
118
0
0
116
1286
0
0
166
0
0
0
5
1
0
141
0
497
2
2
1
1
28
14
0
8
313
12
488
487
49
343
1
230
2
453
2
0
520
30
0
1
1
384
0
5
27
168
0
54
1
17
1
210
0
1
5
0
0
96
0
0
2
147
105
2
250
7
0
23
0
0
92
0
102
52
156
0
0
33
937
0
23
0
0
282
15
0
0
731
187
17
6
0
0
7
0
2
314
0
6
0
79
0
17
0
18
0
0
149
1
15
1
1077
0
0
13
0
3
6710
0
102
0
0
0
0
20
135
62
0
418
13
344
0
0
176
0
0
88
15
96
0
8
31
1239
520
47
0
1986
0
121
108
0
23
0
5
2
293
55
72
199
0
0
0
125
0
0
226
1
0
3
21
18
21
0
846
14
418
0
783
144
8
349
1308
133
0
0
9
0
7
1741
13
153
49
0
0
2
15
11
0
0
25
78
311
328
0
44
2
1
280
50
9
6
0
388
3
631
0
28
0
31
0
66
106
105
0
133
46
0
11
8
0
0
0
69
151
76
4
3
0
62
24
0
0
2
485
0
12
29
0
1
615
0
1040
1118
0
2
1180
0
0
147
19
30
354
0
130
0
22
126
0
0
217
0
71
20
2
6
27
8
987
15
0
0
28
213
1
0
0
1
1
181
160
2
0
17
160
333
6
25
342
152
2
2
0
237
63
0
0
124
47
202
0
2
0
31
0
1359
566
0
2
19
0
174
0
0
0
0
0
161
22
1
3
0
0
0
19
460
7
0
8
1
10
0
126
0
0
62
0
9
0
252
9
0
0
60
1
630
541
68
708
142
0
245
0
0
41
0
103
0
0
128
0
0
10
0
1
0
2363
0
0
0
9
2450
1
385
0
26
0
0
121
36
63
105
96
0
265
8
7
0
13
299
114
31
13
0
15
12
0
0
0
441
179
205
54
1084
807
1
13
0
0
3
216
34
0
241
805
346
38
3
10
105
723
3
15
4
438
0
234
0
361
49
81
0
1
0
7
1381
7
73
61
120
37
439
26
68
1
18
0
2
0
0
16
93
141
3
0
237
0
0
0
461
0
20
81
2194
95
0
321
0
0
8
2
182
0
0
0
12
118
3
3
1
14
83
19
43
0
0
0
189
0
42
0
6
0
10
13
4
3
0
86
0
3
0
5272
43
1
0
0
67
87
210
92
795
0
0
1117
0
0
1021
0
0
0
14
894
148
0
14
1135
149
2
0
0
0
0
6
1820
3
1
49
11
0
530
0
0
0
1602
48
281
0
208
0
737
2
14
8
0
0
1
23
0
8
0
1
292
25
0
1290
0
0
1
19
3
0
924
5
1
0
2
63
0
2
89
268
0
90
20
6
6
186
1472
27
0
0
3493
99
1
989
3489
0
510
703
12
0
0
0
0
26
128
0
0
0
0
0
3
1
0
0
6
14
41
0
0
77
0
794
18
0
56
0
56
53
0
0
716
3
0
6
0
6
5
0
48
295
412
0
18
127
118
63
11099
134
28
75
1323
893
0
27
6
0
111
0
0
52
0
994
1948
0
2
1
77
248
45
134
343
8
0
0
0
1687
80
0
5
54
0
0
0
1023
14
90
5
1
0
270
0
14
531
134
0
57
0
0
20
360
0
9
104
921
0
3
838
284
0
0
2428
0
0
117
0
5
0
0
15
0
0
0
335
66
97
0
459
190
0
0
41
219
113
0
87
0
0
60
0
704
90
366
4
0
3
2
1
10
0
1
0
276
1456
436
1007
0
40
21
0
242
0
22
0
9
34
621
136
0
5
243
15
514
0
1
37
0
1
0
3
0
796
71
30
4
0
1679
11
0
0
122
6
90
364
1
2
83
1
0
170
0
30
0
1
0
10
0
40
126
0
333
0
0
0
24
0
99
9
780
0
85
654
1
0
0
51
0
14
639
27
0
0
0
0
89
6
119
39
1
4
6414
143
0
2
0
0
1649
0
0
0
244
0
12
14
70
1
0
2
370
0
0
13
2
0
89
1
10
0
468
58
0
1081
69
0
648
0
27
0
0
391
0
0
4594
48
0
0
0
192
173
0
24
7
0
835
0
216
2
6
0
1
0
0
5
0
2
326
0
0
25
0
15
0
0
381
9
0
3
2
5
9
0
1
0
0
0
2
0
2
0
84
4
82
156
2
0
126
0
76
0
0
0
39
0
5
1
0
239
5
62
43
4
1
13
1
295
0
0
298
0
636
0
1096
768
0
4
9
0
4
66
1
64
9
0
1
128
5
723
1
0
46
11
358
21
788
217
0
67
0
274
192
0
1
208
13
14
3
461
3
0
96
5
576
53
483
0
3792
46
516
3
4
371
0
118
90
5
0
1
0
19
41
43
0
0
0
230
0
0
1
405
0
0
0
0
429
388
267
176
78
1
1
1
64
0
1
0
13
0
20
514
0
187
0
0
0
811
0
9
0
439
0
197
0
22
18
289
0
8
0
25
6
18
22
125
0
192
0
114
0
0
0
0
17
1
165
0
134
0
65
5
0
1
0
0
0
0
0
386
37
89
1
0
162
25
0
63
11
0
0
68
56
350
743
1
55
7
525
0
91
0
9
1211
32
5
198
5
356
30
0
293
1447
19
1590
1
322
9
0
16
0
9
22
0
1
12854
1
497
0
68
0
196
0
70
325
230
0
60
519
0
481
0
0
0
113
2
0
0
19
0
0
84
0
25
0
1339
1
0
27
0
6
177
0
0
602
16
72
0
67
16
0
1571
0
0
297
246
0
566
0
0
0
0
30
1888
866
0
0
0
0
104
0
0
1
642
630
19
6
61
2
25
15
0
209
1
302
297
0
0
0
130
387
0
0
0
0
79
0
25
0
1
1
0
0
2
77
0
0
17
20
8
0
1
1
0
0
0
245
0
0
0
0
29
62
164
2514
102
10
220
0
4
0
6
0
0
3
0
39
0
101
0
0
1
0
3
0
0
0
8
0
175
0
2
0
0
15
3
10
1
560
523
174
8
18
52
0
5
4
0
74
4
10
0
0
19
0
0
83
0
0
779
2
0
0
0
2
32
0
2202
105
24
951
0
0
179
0
860
6
0
0
0
1
40
69
0
120
292
585
592
0
0
0
0
0
15
102
0
411
306
0
42
0
53
1433
0
21
28
35
4
73
236
10
162
3848
1015
0
0
0
56
0
0
7
181
2738
2
1
7
1607
0
0
0
0
14
88
276
242
1387
251
1
0
22
0
1040
0
0
68
536
0
1
1
266
1263
1
458
384
0
675
4
0
7
521
220
219
102
0
798
55
167
0
67
364
911
0
0
15
0
5
0
0
261
7
5
7
42
973
2
13
326
95
11
0
0
118
8
29
0
0
0
44
301
0
0
7
0
0
0
0
0
97
107
251
122
355
0
124
1
0
37
701
137
75
3
263
12
3
0
39
399
0
1216
8
0
248
0
0
88
0
5
0
0
0
2
68
0
0
2
23
0
0
450
1
2193
0
0
4
2
29
0
3
0
929
2
5
0
2
0
0
254
0
0
0
0
104
2
0
9
86
0
0
384
0
42
0
177
4
0
0
21
129
57
319
458
0
0
285
0
0
12
399
5
0
347
0
29
0
0
0
0
339
133
270
1610
0
0
7
25
274
12
36
2
10
47
0
16
0
88
2
559
0
0
104
2
0
24
3
76
713
0
135
0
0
279
0
548
22
19
429
0
1917
1450
0
0
17
0
0
1
0
923
0
276
3102
232
39
27
148
2
12
0
21
18
0
0
1
150
157
73
74
0
337
493
7
25
1
3724
0
1
6
325
0
228
41
485
0
16
0
161
521
0
3
1121
7
22
0
3
1414
7
0
470
25
289
232
0
216
0
46
176
709
15
1
17
451
2
0
8
0
0
1
514
2
2014
1
0
135
0
0
22
7
60
49
142
608
0
0
48
87
0
0
0
35
0
82
33
0
0
44
0
4
32
0
487
1118
0
139
11
25
1
13
0
17
1
41
0
3
0
0
57
0
631
6
4
0
479
0
0
1
0
73
1
688
0
140
135
83
0
0
0
24
7
0
0
0
49
0
41
0
34
142
0
7
47
26
0
20
4
0
94
4
16
114
0
845
88
270
0
0
306
42
31
156
0
581
41
0
0
83
16
0
159
49
58
13
0
0
1
639
222
53
8
2090
17
0
57
28
29
2
40
7
745
334
89
2620
674
0
128
53
1
699
62
1
0
0
112
178
4
1
356
145
1
244
0
510
0
0
15
0
0
244
61
2134
0
111
0
115
2
59
0
0
28
758
67
14
57
193
47
16
0
0
31
20
0
67
10
192
1140
0
112
0
28
2
1047
854
188
15
128
0
279
2
83
0
2
1
3
0
1
17
39
1
979
45
0
0
206
85
77
0
0
2
37
607
0
64
0
33
0
1350
69
31
0
0
0
0
48
45
1
84
168
92
9
0
0
2907
0
10
563
2
245
6
49
0
2
1
110
0
127
0
166
45
329
52
0
0
0
718
0
14
1593
0
22
1
0
0
4
25
0
13
24
33
1
1
32
3
46
0
0
85
2
0
159
6
376
749
7
0
1
10
12
0
889
170
7
60
345
1
0
42
41
0
0
29
443
18
467
0
102
960
65
0
3
294
269
818
5
9
0
140
104
0
99
100
231
10
3
8
0
17
0
0
9
2
6
11
532
351
102
2
404
10
142
0
295
233
0
17
0
44
171
228
367
0
0
43
294
313
1
0
136
26
0
0
0
0
1002
3
0
28
4467
0
0
0
4
36
1
943
1
3
0
44
91
53
0
200
357
0
0
475
0
10
5
94
1
2
2
2
45
0
1
63
3
0
46
0
33
366
0
39
3
30
0
0
373
0
0
664
254
0
0
1
33
71
0
19
1169
0
193
108
32
374
0
516
48
0
6375
74
26
0
0
0
0
105
8
4
163
46
0
27
0
0
1
88
7
28
46
108
576
523
3760
313
25
2183
0
12
0
504
26
0
3
609
0
18
128
6
74
32
0
4
62
65
0
0
0
443
0
18
92
2416
6
0
0
0
0
3
32
68
0
14
431
152
0
0
5
0
37
4
53
0
0
720
423
0
0
683
189
0
0
12
0
0
199
0
1
99
1
14
0
144
466
613
2
0
0
0
16
65
0
0
273
3
355
0
0
1
0
0
4
0
6
0
102
12
494
244
4
0
1644
27
0
0
10
0
11
1
8
375
21
1
0
16
0
4
2411
635
0
203
220
0
190
0
160
18
208
55
136
0
115
5
0
1
0
251
0
0
49
141
0
10
0
73
647
3
2
0
0
23
0
0
0
4
3
127
0
0
116
436
0
0
0
0
37
0
4009
210
0
284
82
38
0
4
28
74
10
0
2
352
20
0
0
18
10
0
0
0
284
11
0
115
0
6
42
0
2
0
0
71
99
51
0
0
0
0
353
2
0
584
195
0
23
0
85
30
1
0
147
0
113
18
0
11
0
1
382
0
0
0
0
5
1999
4
0
5
0
0
0
59
390
15
289
11
5
21
98
0
0
223
361
0
114
0
242
833
11
811
1
32
11
0
0
0
62
0
620
0
0
966
1
0
0
0
273
201
0
0
0
0
9
0
36
1
276
180
73
17
271
12
364
1
0
2965
0
13
0
0
0
75
41
638
0
0
288
0
10
0
23
0
0
0
5
0
0
0
0
26
6
70
0
166
61
433
0
38
25
0
59
0
0
371
0
0
330
2
0
2
1
11
0
0
4
3
0
69
0
24
3
59
20
63
0
64
3
0
7
0
8
0
180
675
0
0
0
34
3
0
10
8
0
94
108
0
83
0
15
155
0
1013
0
105
0
68
0
0
1
139
14
0
0
0
1
3
0
0
0
2
12
0
0
52
0
35
0
113
0
0
0
0
0
22
520
0
504
360
0
0
0
0
1999
50
67
50
0
9
266
2231
5
2
1
0
1
50
2
7
8371
6
22
0
577
0
3587
64
767
570
1
63
39
11
285
3
1
74
81
78
865
83
0
3
0
4
2630
0
4
0
159
0
0
2
0
3
0
0
2
9
2
1
0
0
0
10
62
83
0
320
420
1754
117
18
1
225
20
0
43
3
0
0
0
0
0
79
0
14
0
39
0
37
0
2
61
82
0
0
15
0
0
0
0
4
37
137
981
0
247
346
23
0
57
1
2
0
7
0
323
24
31
0
0
0
15
73
0
6
22
471
0
43
0
132
187
1
110
37
95
93
1
0
3
0
0
0
0
0
18
0
0
11
62
18
0
0
15
0
1
804
0
0
149
48
0
57
0
129
563
3
23
229
1189
393
0
53
0
0
0
57
4
79
733
0
0
27
503
0
0
0
0
0
33
0
0
1353
1
5
15
255
3
1
8
21
182
0
8
768
127
361
204
1
192
0
0
0
16
93
39
0
2
18
5281
706
1
0
241
17
63
0
0
1376
0
18
0
6341
0
0
87
460
108
0
635
0
49
845
0
0
0
63
0
0
53
15
1
0
20
3
0
4
0
76
96
514
145
12
0
0
0
0
45
1664
17
0
0
56
25
0
16
255
6
0
5
0
0
0
0
18
0
756
0
0
5
0
40
6
0
532
0
0
1
0
0
0
0
0
0
0
84
247
43
246
0
72
1
132
57
14
97
2
157
604
0
0
0
8
714
29
30
5
273
156
1405
0
0
0
0
0
22
334
0
0
14
0
297
2
291
0
51
0
28
81
0
0
76
9
5
14
1
24
7
129
223
0
920
18
1833
12
0
209
0
74
1
0
52
1
0
509
35
1
294
14
0
2131
13
0
2
392
0
0
23
56
1
74
47
0
1
1152
0
219
6
32
10
6
18
171
213
237
0
318
6
656
272
238
0
0
25
23
333
0
0
0
2245
0
66
1
5
4
654
0
48
0
220
0
585
0
223
2
35
36
22
0
3334
0
12
3
3594
7
0
8
0
0
0
2
4
233
32
0
0
35
0
31
89
0
95
966
121
1
66
213
28
0
0
0
60
3154
8
1
1582
0
0
20
0
0
0
3
941
0
0
13
0
0
31
42
0
95
0
0
29
148
716
21
0
597
732
0
210
40
0
32
1113
189
0
0
104
16
1184
19
0
326
0
864
112
2
26
34
0
6507
22
4
41
1
6
0
1
29
6
220
0
0
239
5
60
0
0
66
461
0
13
132
29
0
0
0
0
0
264
262
0
1271
0
17
5
0
0
143
14
13
130
0
369
67
867
396
0
0
3
11
106
226
33
118
2
248
0
0
15
26
122
0
0
55
0
0
48
1
0
0
9
0
0
185
0
0
0
0
12
32
44
0
4
2
4
158
0
306
0
133
24
17
291
3
0
351
1
0
0
13
0
1840
0
17
1
0
4
300
0
116
0
3
8
5
4
0
12
0
0
0
2
23
0
7
0
84
0
0
47
77
1
6
467
1
3004
119
0
0
0
407
0
109
251
0
2
0
13
1
0
0
0
0
14
1
1
0
0
0
0
66
0
4
0
0
1205
0
154
0
369
203
0
0
0
180
5163
453
0
0
19
18
47
0
29
10
0
1
51
0
65
0
184
98
241
0
23
25
0
0
0
671
0
8
2
0
2
0
2
1
16
99
32
40
27
19
189
0
58
0
153
7
81
0
0
8
184
0
0
374
5
0
1
30
359
68
1
0
0
758
41
22
4
317
43
0
288
82
76
20
7
448
28
0
0
8
94
0
134
38
0
2
8
205
2
9
4
45
6
0
0
0
262
97
1080
2
25
0
15
1
0
0
1671
0
266
4654
318
0
0
124
1513
0
19
8
0
19
0
391
2643
13
398
0
1515
181
0
120
8
207
71
19
10
13
1
8
21
1
40
0
0
0
1
175
121
86
5
421
159
529
7
0
81
15
21
23
388
0
2
17
265
12
4
0
29
787
0
1
20
0
0
45
0
0
8
0
0
0
0
0
0
0
88
0
0
0
1
0
0
6
156
11
880
0
48
0
0
9
2
154
0
1
1141
2
0
0
0
7
89
8
0
2254
0
12
304
1
245
28
0
35
13
6
7
0
41
12
0
0
339
244
10
492
524
351
0
14
0
0
0
18
0
0
0
0
0
0
3
0
1244
162
2
5396
0
0
1
0
0
84
53
16
87
459
0
0
7
20
45
0
42
11
1
0
0
0
0
0
368
885
856
115
0
37
1452
554
15
0
0
267
23
2
100
119
0
151
6
1
89
0
821
4
2
0
0
0
370
319
56
107
0
3
1
2
83
58
2
2
0
4
134
3
0
0
0
0
0
0
3
1
0
1
67
1
4
0
0
1
11
0
1
75
0
0
0
155
6
23
51
0
0
283
127
3
87
113
4
0
3
0
15
3
9
0
535
2
5
9
10
0
78
0
5
0
9
0
0
5
34
2
0
469
0
12
19
0
7
84
2
0
0
0
1
0
4
81
0
0
9
1
36
2
0
0
0
106
16
1
170
8
0
373
0
2780
253
145
0
0
54
0
157
1
0
4
266
12
467
9
21
1
0
0
0
115
1
0
0
0
0
1
36
0
79
1
0
0
94
18
0
0
27
3
32
9
0
160
71
34
63
265
6
1
0
0
3
5
261
1
130
257
0
0
133
85
0
416
11
103
19
0
0
0
190
0
6
5
21
0
2851
1
167
1
0
0
0
0
0
0
66
0
34
5
42
0
26
0
0
0
21
574
23
0
0
1
5
64
0
69
2033
2
211
27
17
7
0
4
4
0
15
0
19
45
0
71
59
0
31
9
1
1
0
0
69
298
0
5
86
255
4
10
0
646
106
55
0
0
12
0
0
2384
14
565
16
9
2
0
21
67
18
13
2
0
0
0
0
389
15745
1
0
1
30
19
175
0
0
0
0
0
0
4
0
14
81
9
23
1
0
0
451
8
1
25
0
87
55
10
9
0
1
43
116
0
3
26
4
815
0
97
1102
6729
25
301
40
3
155
30
474
0
0
22
0
38
442
57
220
42
1
0
2263
37
0
19
9
2
3
0
1
6
62
0
64
64
0
3
2
6011
0
1
236
168
0
38
0
1145
3
0
0
33
0
1
0
15
358
1
0
0
47
0
3669
0
0
578
0
78
96
0
820
386
6
4
0
0
0
76
0
120
17
52
125
5
307
0
0
22
0
1
37
0
77
192
0
43
654
0
27
0
73
0
0
16
33
0
56
0
0
1
4
97
0
0
5
0
0
461
123
0
69
0
468
898
243
0
1
0
66
50
1
4
14
3
30
2
0
4
1
2
27
0
0
63
0
0
0
71
36
0
47
122
44
0
3
1
0
41
5
7
0
14
0
27
0
0
0
6
123
0
0
26
0
71
20
373
0
5
0
2
332
73
41
30
0
613
23
45
296
51
6
0
4
27
101
16
32
3
4
3305
1879
0
0
56
37
72
53
0
1
0
0
1
0
106
0
0
0
0
2
0
0
314
4
263
22
34
256
8
0
0
496
0
0
18
0
50
3
13
0
36
2
0
1
370
190
0
184
0
196
0
212
129
12
0
0
0
0
0
19
0
0
52
0
0
3
0
0
0
0
0
0
0
13
9
0
430
378
127
0
0
99
0
9
7
1
130
80
14
0
237
0
211
1
177
80
1
132
0
79
0
0
43
43
14
18
246
953
0
368
36
0
0
0
1182
275
2
43
0
10
0
0
3
17
1782
0
3
230
0
107
0
66
0
14
0
63
0
1100
1
4
10
64
0
183
183
0
424
0
0
21
38
3
0
1230
0
0
14
144
55
35
741
261
336
1080
1260
28
0
9
15
73
14
0
0
0
68
0
59
0
0
0
3
147
0
0
0
0
0
0
54
1560
200
1
93
14
0
53
1082
98
65
1
13
43
10
0
0
4
808
3
0
6
1
3
0
302
0
0
94
2
17
479
9
0
209
959
1
2111
11
42
2
95
0
333
91
0
23
90
24
186
0
23
0
0
0
238
16
0
216
149
0
1457
1
50
2
167
102
0
467
79
0
0
925
0
87
4
98
0
0
10
10
6
319
247
27
847
22
297
9
0
827
686
0
0
0
13
120
2021
6
257
56
0
13
5
0
0
485
2
48
2
0
10
117
0
12
0
288
0
14
0
161
0
0
3
0
0
10
61
28
0
260
924
0
48
430
0
263
0
0
0
1
2
59
19
61
1974
54
0
105
84
297
0
0
0
0
0
133
1354
25
0
21
362
162
0
71
0
27
4
5
131
0
42
5452
0
0
0
3
1
815
0
0
0
6
0
0
0
0
508
0
66
73
0
90
2
11
15
4748
10
25
0
0
112
3
0
724
0
0
492
6
16
2
2
0
0
375
149
0
0
0
254
52
0
0
31
7
568
0
0
0
0
0
0
0
74
0
0
0
1630
1844
0
19
8
0
99
0
248
37
231
0
0
46
209
0
1002
313
0
118
0
0
4735
16
0
175
0
0
6
0
743
7
322
3654
0
0
0
0
1
0
19
1
107
6778
309
0
14
0
0
1
0
63
0
54
10
159
527
1253
516
0
0
142
0
8
0
443
1962
2
25
1
0
60
1
13
0
11
1
94
35
0
149
12
4
0
9
74
0
0
0
7
0
0
16
462
0
64
32
0
6
80
0
6
0
0
1372
8
171
13
0
4
0
0
0
1477
201
589
108
0
3
2541
922
0
0
833
0
0
0
47
0
4
0
97
122
69
172
1
175
3
0
9
29
691
69
76
25
0
4
0
2
47
0
198
39
0
4
0
0
2
0
0
1041
3
20
189
27
40
0
0
293
153
29
0
0
0
0
0
149
151
0
0
12
0
3
8
0
477
104
0
0
135
982
51
19
39
0
1
44
0
2
0
5
116
0
0
25
13
0
309
0
58
36
94
258
0
0
29
191
338
30
0
0
13
0
1136
597
3713
0
0
2
68
31
20
0
0
1608
0
0
0
1
4
0
0
0
0
30
0
3
0
159
0
8
14
0
51
0
389
1257
0
0
0
0
5
0
0
0
150
765
69
31
3
0
132
0
40
911
114
544
0
23
20
0
5
1
3
0
0
1
12
0
119
0
12
149
0
91
90
0
0
0
0
6
2
0
0
274
1
0
2
0
0
0
0
0
36
29
279
992
0
0
217
1040
0
3
25
0
877
1
18
25
144
0
88
0
11
0
357
16
0
0
5
0
6
64
273
0
115
145
798
0
0
26
167
45
0
19
1589
0
98
0
327
1500
112
0
27
13
0
2
1964
556
4
0
286
0
150
0
0
9
0
0
0
779
35
220
725
26
53
452
0
77
71
168
0
0
154
0
11
0
3
4261
0
56
7
0
63
61
4
2
0
58
0
534
0
60
0
314
341
270
0
84
0
0
0
0
25
0
768
12
0
0
0
0
0
32
0
243
0
0
0
2
0
0
6
8
0
31
0
167
99
6
245
3
130
159
0
116
43
0
360
88
123
0
1957
0
175
0
41
81
0
1
317
8
1013
189
252
87
28
0
0
0
2
0
38
1
0
25
61
0
1210
223
0
0
729
0
0
0
9
0
0
0
2
0
3
2
0
19
0
218
22
264
0
0
1
1
318
1
10
0
302
0
231
24
0
0
506
0
0
9
0
0
0
27
0
85
0
366
1871
0
586
0
72
2
3
2
49
1152
116
109
201
189
247
23
113
0
84
0
434
0
602
65
0
142
0
319
230
0
241
0
125
0
0
1182
128
94
0
124
21
0
177
74
0
0
0
0
0
120
0
138
0
268
149
0
0
696
364
0
0
520
0
18
0
55
0
0
289
96
113
3082
605
91
61
0
0
4
0
16
0
194
0
30
85
210
786
0
15
213
53
0
24
59
0
2
237
170
2
69
194
0
2
0
0
22
25
0
0
5
209
68
0
658
1892
1999
19
485
1063
0
177
6
32
725
41
41
113
49
0
168
0
0
40
181
0
0
5
127
116
0
1
0
596
10
3435
139
47
83
48
0
0
849
616
106
7
0
4
73
113
0
142
10
0
77
416
3
117
61
0
0
0
46
507
460
129
1
0
447
0
0
0
0
0
15
2353
0
3
0
0
19
26
0
0
282
11
0
0
898
18
0
17
91
62
712
240
0
0
0
0
29
40
0
0
1
0
2
0
64
0
0
121
3
0
5
55
0
41
0
2
0
3
158
0
12
0
64
0
340
60
0
40
0
0
101
29
1109
52
149
0
158
88
0
2
0
64
17
25
0
364
147
0
114
21
0
0
143
0
44
1004
0
0
2
0
0
0
23
10404
25
0
264
0
87
5
7
0
3
24
3
0
0
0
139
40
19
1
120
27
45
0
1261
0
1
0
101
16
1840
405
7
0
0
8
31
4899
0
0
11
2918
78
1
3
0
7
0
0
1
212
156
0
35
0
1
66
0
18
0
0
15
134
0
24
15
25
9
501
98
1
295
88
0
0
306
0
2
0
161
0
535
0
3
0
5
6
4
0
480
0
0
955
13
1
0
122
3
0
0
0
0
20
0
36
1
0
52
1562
1
0
356
0
0
4269
25
283
292
8
0
7
1
0
200
0
239
343
0
69
10
0
81
1205
1600
0
0
1
5
0
45
1
113
0
0
0
1
1056
206
56
295
20
0
367
257
0
0
3
3
0
2
251
3
57
0
14
2
326
0
0
7
0
12
0
0
2
63
1
0
48
0
12
0
0
1647
24
0
52
0
0
1
70
0
0
16
1
0
0
0
1
0
553
304
471
11
10
129
9
0
0
0
5
0
12
143
8
4
0
17
388
29
2
385
48
4
482
183
0
347
36
1
0
0
3
0
0
38
121
5
42
0
18
0
20
0
34
0
0
0
0
146
1
69
917
578
11
0
0
0
0
24
11
0
950
1103
14
0
0
15
23
11
3
0
1656
0
0
508
76
0
170
0
0
54
0
113
360
0
0
37
0
0
3
0
0
0
185
2
0
22
155
0
8
15
1
105
0
236
1
0
33
47
167
17
0
2
273
53
1596
27
655
2
469
0
450
8
1
68
0
29
23
2341
1057
0
3
60
28
0
1
1911
0
0
196
10
23
0
15
0
0
0
64
0
1
11
169
541
0
0
58
216
124
4
43
0
0
0
1
0
0
1
10
96
8
3
0
17
17
1
0
2
0
462
0
0
21
94
575
20
35
47
151
0
66
52
148
11
7
110
376
91
1
62
0
32
658
46
311
0
0
17
0
21
191
44
0
10700
66
8
3493
187
3
0
48
231
0
403
0
0
4
192
0
0
0
4
233
0
2
0
8
0
135
8
0
0
205
0
0
271
11
64
0
25
0
0
20
0
15
0
262
3
0
76
1
9
32
0
33
0
45
111
1
1
0
117
4
548
113
64
331
163
31
0
9
0
0
67
0
1
4
5
99
0
5
516
0
0
138
2
751
4
233
0
226
443
13
0
0
0
43
2779
0
0
2
0
4
0
0
0
1
0
140
115
22
1
24
43
102
214
0
986
333
0
14
286
445
0
47
11
103
1382
0
7
0
0
0
0
205
1
51
0
0
4
40
0
2
6
0
28
10
0
98
0
0
0
0
0
13
0
0
45
0
535
183
2
1
411
26
0
25
0
83
0
0
0
6
0
0
0
52
0
6
0
1700
335
0
0
1001
0
36
110
790
15
0
22
119
0
0
0
0
1
165
539
5
156
21
93
49
0
1102
40
4
5
1
0
3
1
11
2019
0
79
2137
1
0
5
0
0
1918
104
0
0
4
1281
0
312
0
159
420
74
169
0
0
156
0
49
0
0
3
1367
0
0
241
31
0
31
0
175
5
0
31
0
82
0
15
908
682
93
0
0
190
16
1
251
33
7
0
0
0
0
0
6
699
0
127
5
0
348
60
0
1
1
665
2
11
29
274
0
0
0
26
0
418
0
0
0
411
2
0
2
0
439
0
521
0
0
113
0
0
1
3
0
1487
1
0
0
6
95
0
25
0
0
0
0
73
13
0
0
0
0
3
578
265
0
6
0
0
58
0
3
1
2
266
106
595
18
32
98
0
0
34
2
152
178
0
0
184
24
110
45
1109
13
1547
0
620
166
7
0
0
3
1
40
27
186
184
0
182
0
4433
0
0
0
14
31
29
104
1
0
0
8
0
266
74
0
6
0
0
0
645
458
42
18
2041
0
0
0
157
3
0
7
38
231
0
30
77
10
0
0
0
0
806
405
201
31
1894
4
7
80
341
66
0
0
25
922
38
7
0
0
3
0
4
617
0
648
0
6
20
1087
2
174
0
0
9
9
117
0
1
30
1
3560
0
21
139
1
0
101
29
10
2
5
52
0
11
9
0
2
4
0
5
0
0
4
14
0
0
138
0
266
16
0
0
466
0
0
3
527
5
0
0
452
252
8
114
420
95
0
1
72
87
0
68
445
0
1
2
762
2
2
0
0
0
12
5
3300
54
90
71
361
10
0
0
0
4
0
671
2
84
0
124
0
3
127
7
157
0
40
20
0
0
0
7
0
0
0
0
2
24
0
19
0
7
0
15
84
0
15
22
0
0
0
3
1
3
27
0
32
381
0
1
0
560
0
0
3
0
1
16
0
4
31
163
0
2440
245
73
10
0
122
0
253
0
1
0
856
67
170
0
1
7
1
51
0
0
7
755
1
0
8
49
4
297
0
0
521
144
20
0
3
108
85
1
0
0
1894
118
0
0
16
0
1
0
0
0
556
4
169
2832
356
692
16
0
4
37
58
64
0
0
0
3120
276
644
240
2
0
212
206
130
16
27
0
0
15
235
349
0
0
135
759
0
525
1469
0
1
0
105
0
0
402
127
423
255
43
0
1
40
1042
47
0
36
188
0
0
19
4
136
217
0
0
39
106
0
6
37
0
125
2
12
405
101
15
0
741
0
0
3
77
18
0
4
534
0
130
0
57
704
0
0
42
0
0
568
0
1
0
2
105
0
492
2
126
0
0
0
3
496
11
67
268
594
39
56
6
130
0
7
21
51
53
9
52
19
430
79
47
361
1255
187
0
356
0
308
80
522
123
2
0
0
162
10
103
0
20
794
230
249
0
80
33
5
0
0
0
9
1048
0
116
501
48
422
0
32
1
0
1
25
85
8
112
0
1149
1
0
0
0
59
327
0
7
0
107
0
3
1
1418
149
27
38
0
2
0
0
146
9
443
580
0
0
0
68
0
5
0
286
0
0
130
0
1
20
0
4
0
70
124
1
57
212
0
300
1
11
21
310
0
520
0
30
0
0
44
18
6
40
35
416
232
0
0
2
0
0
39
0
591
0
188
2
0
711
25
99
0
0
84
0
34
117
201
27
17
140
1935
0
480
36
0
100
1133
25
4
0
0
6
0
44
329
5
0
0
16
4
0
22
9
21
69
0
22
0
0
13
0
0
1
178
10
0
438
0
0
31
958
0
2
0
14
500
0
214
12
10
0
19
0
1508
0
0
0
0
188
0
784
0
10
22
0
3722
0
0
75
87
0
0
4
0
267
164
112
123
4
0
0
22
20
2
1
0
0
0
0
30
0
2
0
64
0
15
0
13
11
0
0
170
10
15
4
0
3232
185
72
9
292
186
6
741
10
1188
0
0
935
984
432
278
42
0
0
0
23
0
1477
0
0
0
115
0
0
4
21
0
0
0
22
0
4
0
0
89
0
13
527
0
0
0
0
0
0
517
7
0
121
140
24
0
0
0
0
333
2
748
0
0
0
0
0
0
0
343
22
0
0
219
34
860
0
45
1135
115
0
0
218
1
55
0
0
14
0
0
502
129
0
50
68
1818
39
0
351
0
0
30
14
0
12
0
1
0
4
3
0
207
85
0
0
0
148
135
892
0
0
0
60
0
0
1
6
0
32
0
0
21
8
341
12
2
0
0
484
31
4
0
1081
0
0
328
0
88
0
0
44
42
0
0
0
0
7
262
0
0
0
6
7
2
0
6
428
401
0
6
0
7
0
0
131
0
1
0
55
1
0
0
11
0
14
0
0
24
11
0
0
1
17
0
0
0
16
8
50
8
1
0
0
0
14
9
0
308
0
0
0
388
0
0
378
5
4
13
0
0
17
0
40
83
5
0
534
38
93
0
0
204
1
116
16
0
1
51
1038
0
21
3
8
434
0
45
39
0
12
0
1
2
73
252
1339
0
0
0
16
0
0
0
10
41
0
130
0
10
0
0
0
0
0
0
3
837
0
336
112
0
0
3
27
7
0
165
2
0
0
0
8
2
1002
399
2
70
10
4
136
0
2
0
170
0
0
37
0
25
0
0
0
21
5
0
1
17
0
94
14
0
8
48
46
0
56
4
0
0
0
0
6
0
0
0
0
48
0
187
2
13
123
0
1
0
0
0
10
0
0
0
14
25
0
888
136
0
0
0
89
112
0
14
189
16
93
667
14
0
0
183
0
56
1
31
1
1
0
0
36
213
118
172
32
0
6
0
0
750
0
131
0
1
0
154
44
0
3273
554
6047
147
7
81
147
594
2070
0
1
0
10
12
0
3
0
1
0
80
52
373
0
64
18
16
305
212
6
0
715
3
53
0
204
0
1490
2
0
37
0
0
537
604
2
73
43
2658
20
213
0
0
2
21
25
149
4
0
96
1016
9
63
4338
0
74
0
4
0
0
2
0
0
25
1
3
161
3
3
72
23
17
0
0
0
18
64
1
0
0
0
0
16
0
20
807
69
2
0
0
61
1592
0
163
11
408
53
0
21
9
11
6
0
0
1446
0
0
111
0
67
67
0
0
0
13
12
18
93
2
0
368
9
153
0
141
40
0
107
1
5
2
1
0
0
154
6
304
1
34
0
0
112
0
3
0
36
0
182
0
0
0
0
1
0
0
27
0
617
4
92
0
0
5
0
4
3
92
0
13
0
1
0
0
1
7
315
2
0
112
11
79
0
9668
4
0
147
0
83
4
10
7
3
2
50
89
0
0
123
0
15
0
0
0
0
35
180
0
7
0
11
32
5
0
399
9
0
463
0
0
356
48
39
2
0
25
40
0
0
102
0
9
0
0
0
109
9
277
0
0
122
4
9
0
0
19
6
4
1
0
1
0
0
7
2
128
0
2
0
15
385
372
41
0
0
36
0
10
0
38
1
0
81
0
0
54
3
66
468
591
1
377
0
743
57
0
465
185
277
0
0
0
1901
3980
8
124
24
3
36
4
307
0
0
53
8
0
0
0
6
1
0
0
0
0
68
0
274
0
0
97
0
329
18
0
6
0
0
25
2877
201
476
0
285
293
0
3
46
0
0
43
333
0
15
1565
386
264
1746
13
272
216
0
32
0
0
0
0
0
0
79
0
0
0
6
21
0
663
0
1
42
19
10
0
5
29
1
0
0
0
28
528
1
30
135
8
55
0
101
16
2410
0
0
0
24
121
0
0
377
32
6
0
0
105
101
0
0
170
579
0
1717
1397
0
184
151
2
364
0
1329
0
0
2
0
600
536
0
0
0
1092
540
0
0
135
121
57
17
0
3
4
0
183
360
0
0
0
116
0
65
2
0
132
0
198
10
0
43
367
1
0
0
6
0
10
11
3
29
269
0
459
2
305
0
7033
113
3
308
15
0
25
56
141
141
11
0
139
2438
146
185
3369
0
0
25
0
251
2
5
272
48
0
0
427
300
0
0
0
4
3
142
9
46
1250
46
14
0
42
408
8
352
89
0
15
95
368
0
2706
4248
0
0
504
739
153
0
0
0
5
0
234
4
0
56
131
1
1
5
0
1
7
21
0
3
2149
2919
0
1140
635
0
1163
39
15
105
4
115
178
13
1115
2
1264
94
77
0
1535
2
0
437
8
873
11
0
192
148
0
57
28
2385
14
388
14
111
0
19
257
160
1159
28
160
0
62
0
128
0
0
0
0
0
0
44
0
9
2
23
0
0
23
1
0
5
0
0
5
91
165
1
0
0
427
0
0
939
2
0
0
6
852
0
0
11
6
210
1
0
0
54
0
5
6
1695
16
189
0
0
2
0
0
0
131
7
2
0
11
0
6
63
114
1
29
6
324
16
181
2
1
7
0
6
13
5
0
57
89
0
30
89
0
1
33
0
196
1
60
37
154
2
6
0
145
0
0
2241
1
0
12
9
82
0
1088
1680
100
287
59
7
393
8
21
243
103
1114
0
191
0
1
713
4
0
15
49
343
0
40
0
1
1
0
0
13
3622
0
43
56
0
0
2
0
6
0
0
60
1016
56
15
7
10
0
14
7
27
0
0
4253
134
116
174
0
133
0
15
269
0
18
7
0
0
0
0
62
71
16
41
495
87
215
9
0
11
435
1004
0
10
9
8
3004
446
18
6
0
0
0
53
183
3332
189
12
644
0
8
7
622
86
0
4
0
110
268
0
5
0
0
5
29
22
2
1737
311
5
0
0
0
289
10
0
67
88
0
0
36
641
906
0
4605
35
282
0
664
3
22
0
1310
8
229
0
4
0
15
1
0
1
474
67
7
0
114
0
22
2060
37
0
0
0
0
1761
1
1110
0
15
93
0
416
2
157
3657
2
555
20
267
0
25
119
0
0
0
867
577
0
0
1
295
0
0
0
120
22
0
4
0
0
15
5
0
5
12
0
0
758
0
458
24
0
1
0
37
0
0
23
0
0
7
0
71
0
1
22
113
134
0
388
28
0
2
108
1
42
1
0
0
122
0
2
0
0
128
0
0
341
38
2
21
0
24
320
0
292
0
2
0
0
449
0
0
0
902
17
1
65
19
54
0
107
2095
0
0
0
305
97
12
25
0
32
0
30
2
1
2
0
18
162
51
4
0
0
0
0
9
0
0
9
9
2
400
0
17
0
16
4
2
2
0
0
0
102
1
43
0
0
22
6
41
113
0
0
0
1
170
13
17
6
0
0
0
0
32
3
0
1209
36
0
0
255
767
45
0
12
84
92
43
0
41
88
8
0
72
3
0
24
11
0
2
0
509
0
68
0
1
0
5
68
112
45
278
349
0
0
85
357
4
0
3
1
0
0
1368
139
0
360
3
220
0
0
17
5
0
1
0
0
0
2
2
0
0
0
880
30
12
0
0
55
0
0
9
0
184
0
7
38
5
2
8
181
5
162
0
224
19
141
0
0
19
87
176
1243
13
0
0
0
1
67
1
0
0
3
12
0
227
0
15
5
13
25
0
16
23
0
0
1
0
27
0
0
27
0
77
1
82
0
268
34
34
189
0
0
62
0
56
2
0
0
147
10
241
169
0
73
443
45
0
3
46
675
2
0
14
0
810
0
9
0
19
46
26
33
3
9
33
0
0
0
78
19
102
0
2
776
0
0
37
7
0
0
198
0
0
1
0
0
87
83
33
0
0
0
0
51
0
551
0
16
94
8
427
71
32
0
0
396
20
322
337
0
0
160
1
15
3
340
724
321
1
0
0
34
3
3
64
7
2
0
0
0
0
2
7
0
310
0
21
136
0
98
2
4
0
86
9
0
1
29
67
0
0
42
0
1
0
0
0
7
0
0
4
0
3995
152
327
0
4
0
9
0
109
0
0
16
659
0
14
0
335
93
38
8
0
103
2
8
19
1968
0
0
17
12
0
305
300
0
0
0
0
270
3
41
333
12
0
37
57
4
0
1
1
25
974
304
0
0
0
103
5
1
0
0
0
22
21
14
33
7
69
0
9
581
75
0
8
10
2
32
17
0
27
39
359
68
447
0
6
0
3
105
0
13
5
0
0
0
0
0
0
12452
380
0
0
0
353
3525
2
3
1
1
460
74
0
1278
58
0
0
1108
9
0
35
4
0
1
379
1
3
0
1
3
1
0
4
0
0
827
1
0
5892
0
1
0
0
0
6
31
0
0
25
0
42
981
0
0
15
151
74
0
210
5
5
12
0
75
0
148
0
0
1
803
0
124
0
0
6
165
24
40
28
245
1
33
45
48
11
0
0
0
1
0
0
78
351
0
0
0
3
0
9
0
0
1259
0
0
0
1194
296
123
2
69
0
212
0
8
112
757
0
4
0
11
15
599
1
0
182
0
8
0
0
67
7
0
0
127
19
85
0
0
137
0
66
0
2
293
1
79
394
64
72
0
18
393
22
18
119
0
0
0
115
117
0
175
0
183
157
2
0
68
132
100
1
0
0
59
390
725
41
2312
0
39
0
1196
10
562
328
0
15
0
305
4
0
173
7
50
90
0
62
0
0
0
36
0
0
238
210
339
0
0
1765
15
110
0
95
196
337
815
0
0
0
4486
0
501
3
0
208
3
1
0
0
0
0
7
0
0
11
9917
46
50
3
0
126
0
269
3487
155
0
190
75
497
0
0
0
0
83
2
0
0
188
0
168
212
402
0
241
2
143
2
848
0
0
0
212
551
404
32
1041
7
0
10
522
140
0
711
0
502
2
0
18
126
0
10
0
0
1
0
232
19
2
406
0
49
7
0
1
219
0
1
0
11
0
0
0
10
19
2
200
66
19
340
5
1
0
2868
912
22
479
0
0
80
0
82
300
0
71
530
6
299
38
35
5
91
0
0
564
2
0
885
2
0
136
291
13
2
0
0
582
4
137
9
702
510
65
0
0
0
8
7
783
6
175
1
76
36
10
0
918
269
0
555
4
1
1
0
67
44
17
312
314
731
1
638
0
7
0
4
0
103
151
21
850
19
245
896
202
20
86
20
0
0
0
96
0
0
0
0
6
0
234
0
343
433
0
0
9
56
0
126
10
0
14
0
2
0
0
120
51
955
0
22
0
0
2650
5
4
1848
1
69
315
0
24
0
0
5
1
25
340
560
31
245
141
472
0
81
59
0
0
0
55
0
0
199
0
183
46
7151
1
12
623
242
31
0
127
0
0
21
0
302
1044
269
26
93
15
51
4
2
45
12
25
180
229
8
42
25
0
0
7
0
330
129
140
0
8
2
0
1
0
16
4
203
4
64
2
0
0
0
0
48
0
0
12
6
0
626
82
0
0
0
0
193
0
0
940
420
5
104
0
1
605
100
0
0
83
0
0
5
0
2
0
405
500
96
78
0
858
2
1
11
47
0
1247
7
107
0
1
0
14
0
52
4
38
522
14
0
24
2
0
1488
487
101
0
17
0
0
9
96
3467
1
0
0
15
17
12
75
0
0
83
0
187
1106
1021
0
20
896
874
296
64
0
0
0
39
15
5
0
31
16
8
0
39
0
10
0
0
72
0
9
81
0
187
4
612
103
237
46
227
0
5265
72
8326
46
56
4
2
145
0
214
341
1519
72
0
2
9
43
0
0
783
18
133
40
95
195
0
242
1
534
1206
204
90
96
0
7
0
266
680
0
7
12
154
2
341
0
0
47
0
2
0
0
226
117
0
0
48
7
40
300
114
0
0
0
0
40
0
0
740
1321
176
262
1
13
103
513
67
326
284
0
22
84
28
0
28
23
35
2
258
21
0
0
0
2
0
10
329
1
983
1430
166
0
416
169
13
6
387
3
2
0
0
0
0
0
2
31
3
4
182
18
0
204
1
3
550
750
706
0
0
0
611
528
252
133
1
569
140
30
163
25
46
0
29
911
36
484
2
0
1
171
183
90
255
13
428
1
0
0
0
21
0
0
5
87
0
29
12
0
0
2
332
4
0
3
18
67
5
36
41
11
0
0
7
174
0
58
111
19
5
5
0
0
118
1
4
17
1
121
6
0
0
7
902
596
650
103
3
9
7
727
0
0
8
200
29
0
44
8
1
0
0
55
41
184
32
4
0
13
9
14
0
88
84
10
0
10
0
124
1
0
0
103
48
0
560
6
0
72
39
0
0
141
8
91
331
105
1180
1
0
0
44
43
282
0
830
1
2412
34
2
155
0
766
0
152
17
335
463
0
758
764
1
0
0
0
0
3
0
478
196
1
46
126
0
10
0
39
13
0
0
833
185
186
429
77
512
959
295
2
2
47
6
90
114
0
0
0
3
17
17
0
3
2532
0
29
88
113
6
0
1
0
13
6
119
0
0
458
0
41
0
1075
135
506
0
146
0
0
0
0
77
2
185
0
7
0
4
41
71
0
9
0
1
2022
0
163
5
0
0
2
0
0
0
0
224
194
2
17
625
9
247
136
155
0
61
4
3159
278
17
255
0
9
0
0
0
14
0
861
10
102
81
31
0
14
0
19
0
6
22
7
6
1
0
0
1
61
0
123
0
0
0
0
594
1
0
2
37
0
0
0
0
3
0
0
1156
122
463
5839
2893
0
7
0
191
6
2
0
64
489
17
917
0
0
0
0
595
11
33
1
604
70
18
888
24
0
191
442
37
36
0
0
1
0
0
0
0
0
1
172
1
0
0
0
0
0
0
50
146
19
176
81
0
0
0
0
0
1
241
440
0
0
1
0
0
0
130
187
0
1
0
0
5
0
0
6
34
0
0
0
0
0
9
12
82
50
1
0
0
0
2
2257
520
0
786
18
0
6
49
220
434
2633
125
85
0
3
0
0
102
0
26
2
1
0
0
0
0
224
8
0
0
0
0
0
0
0
12
78
0
203
115
0
0
0
3
17
4
0
0
1079
0
0
0
30
142
845
6
108
10
93
0
0
14
0
0
199
39
0
3
112
14
0
7
0
0
0
64
1
17
5
0
0
0
0
2
0
0
1485
72
788
0
0
1
0
0
0
1
0
0
0
0
0
10
0
0
0
0
0
1
0
0
0
0
33
13
271
0
0
0
0
2880
124
159
27
661
200
435
576
94
4552
13763
449
0
28
20
0
0
0
694
265
57
0
0
0
126
0
0
0
121
0
0
24
9
137
92
0
1
0
0
13
4
0
0
19
5462
22
170
0
0
0
0
10
29
0
0
26
0
0
1
0
579
402
2
0
7
0
144
25
4
8
11
2
0
0
0
0
2
0
0
0
210
54
0
0
623
686
306
347
3112
0
0
17
2
1
2
0
5
2
0
0
275
39
0
2
2
7
14
0
0
0
0
0
37
7
0
0
1
361
21
230
22
29
394
4
511
729
11
0
0
0
0
0
0
0
0
51
1
32
1
0
3
0
0
0
0
0
1
0
0
0
288
44
1622
12
3048
5023
539
0
0
28
38
0
133
0
0
0
471
114
0
0
125
1254
147
42
0
26
2
358
0
0
0
0
0
2
1
0
0
0
0
0
0
0
0
0
0
0
0
0
105
2
0
18
50
0
0
0
314
0
0
289
0
6906
241
28
19
0
211
0
0
55
10
0
3
0
0
9
0
0
0
0
0
263
241
1
1218
5
42
0
0
0
0
0
0
0
0
0
680
585
1
0
29
7
0
0
0
0
10
42
0
0
1
1
7
56
0
0
11
0
2
0
0
0
0
0
0
0
0
46
2
0
1
0
0
0
0
0
0
0
1
0
0
0
2
0
0
0
0
0
0
0
0
0
0
0
0
0
