BitB_82_2
5
0
13
3357
40
168
10
0
0
3
0
308
7
496
1
2
985
7
0
19
165
61
0
5
0
464
0
74
0
12
28
14
0
70
1505
20
2
0
2
0
11
0
0
11
20
173
0
124
64
64
0
272
0
3039
5
19
34
105
0
231
10
13
0
0
47
7
0
2962
44
2
1538
375
29
65
55
0
638
0
40
3
0
1
1
6
638
0
79
276
13
7
205
0
1438
3
2
2000
0
1
8729
0
29
1
26
410
126
2
0
0
0
133
0
0
133
0
17
0
0
265
53
828
29
0
0
93
102
444
81
0
687
46
0
0
0
175
0
1
16
351
7
0
21
0
6
0
702
42
5
28
29
60
6
0
540
9
21
793
5
10
53
491
1
0
7
0
180
13
69
786
0
0
0
2
7
0
4
90
93
0
0
155
106
162
0
21
208
881
395
15
160
2
0
226
80
89
0
268
0
5
0
47
11
16
5
75
25
11
13
38
26
135
0
8
73
0
0
7
335
18
1
74
1298
0
37
102
0
3
10
421
9
158
6
0
26
307
227
1
423
18
8
0
0
0
55
494
0
1
271
113
10
50
414
158
169
0
200
36
1
0
0
2
96
54
31
2126
253
0
0
3
38
126
0
130
0
1
20
27
3
2
822
82
2627
31
0
5052
0
581
1
2
0
215
1
2
0
0
1
0
151
2
251
0
0
22
0
34
258
0
283
12
1153
0
0
0
0
1
0
79
0
277
106
0
129
0
470
94
0
41
2
36
0
25
1172
1063
99
0
2
255
37
5
0
0
284
136
106
283
1
5
93
46
16
0
263
0
51
65
26
19
1416
336
1
0
16
5
0
1720
6
0
1
29
6
5122
300
2060
31
288
0
2
3
6
0
222
0
432
0
3
3681
0
53
49
23
0
349
0
1
483
1012
2223
279
2
84
60
39
0
1
0
0
27
6
0
7
0
0
279
7
1078
0
8
0
86
7
0
1890
194
1
0
215
0
5
2448
112
1
51
25
126
49
150
0
519
0
1
0
7
0
4787
3894
0
116
1428
237
61
0
0
0
68
0
1
17
0
0
3
0
23
33
2
0
0
83
148
0
839
7
161
6
140
0
0
2
15
0
279
389
536
76
45
334
719
22
0
3
14
0
22
622
45
32
0
100
0
16
0
0
7428
1
102
151
32
166
19
0
234
0
83
3
1
139
54
1040
5
0
53
0
60
92
0
400
0
12
1
6
35
301
10
162
719
0
19
83
1063
316
11
0
1
0
59
0
39
191
1
0
17
0
0
4
18
0
0
6
28
6
2
0
0
17
3
229
0
237
0
0
0
467
155
64
3
1008
5
382
55
39
0
3
0
275
6
364
40
22
2
3
0
39056
6
16
0
606
0
392
90
0
0
9
202
0
0
1
13
512
0
2
0
0
2163
0
355
5
4
2
296
28
22
50
0
17
0
50
0
48
30
0
0
4
89
3
0
21
0
97
283
154
582
579
126
0
0
6
0
1
0
2
0
215
357
86
361
97
21
511
8
0
337
7
1
356
1
2
47
2
247
107
14
0
1
0
759
0
0
4
714
0
0
0
4
686
9
242
5
3
0
0
0
0
49
9
69
521
0
562
434
1771
24
8
2
3
24
3
22
0
24
41
271
2
0
65
34
2
0
0
67
13
216
0
11
2485
111
169
257
2716
1053
6
0
669
136
13
3
43
319
0
0
7
1
279
248
17
4
34
14
1
77
1
10
35
1536
2
76
12
507
0
0
0
1
0
0
2156
188
2
0
1078
7812
2
121
0
217
55
307
131
0
0
171
7
0
318
0
66
912
0
4
385
102
45
57
18
241
373
48
8
8
0
2
0
2776
0
93
3
0
609
0
1
0
1
224
25
0
2
8
0
548
60
0
87
0
464
73
4652
119
39
0
245
0
7
0
2
76
0
116
41
5
2
5
6
6
2
22
87
5
5
2
27
12
346
223
0
14
6
12
0
3
451
1
748
2832
206
1209
706
354
70
84
4
31
170
0
89
28
0
1114
23
137
88
318
3
3
253
3
23
112
1
3
742
14
0
0
0
0
0
310
256
3
0
0
0
1711
4
1
3111
11
1
0
476
0
0
800
101
207
236
77
0
2
0
4
0
293
2
138
0
0
11
6
591
13
0
3
51
0
92
21
46
28
0
91
1
0
602
9
0
2
0
34
0
715
802
54
44
97
14
36
0
8
112
324
64
137
118
4
54
13
0
1957
467
3
220
1
29
2
0
124
282
0
314
0
8
8
0
0
1
3
354
48
0
0
0
0
28
131
0
3
2694
107
4
1213
0
4
2
0
1
1
0
761
51
479
155
0
36
0
1
2929
0
2153
21
4
2
2386
615
643
266
2577
0
97
0
2
1929
0
0
0
0
260
0
0
0
0
1
170
1414
330
122
0
2
0
86
47
22
0
3
0
36
355
216
143
8
1
0
52
74
14
0
0
0
54
0
1348
289
414
141
3
0
2
0
0
223
0
0
24
629
45
26
0
38
167
478
0
35
935
879
96
7
25
0
0
450
1
0
97
0
5
1
4
0
27
70
2
0
1
0
0
428
1146
0
0
4
91
55
2
0
0
0
34
13
0
741
4
4
86
1
28
665
0
667
111
21
5
4
436
18
0
0
0
751
134
197
48
247
190
270
2717
76
239
0
17
1
2
35
2
0
9
0
20
2909
9
1281
0
0
125
37
5
90
645
213
291
1227
0
20
0
0
8
3
56
1
3
0
0
461
241
6
1
0
1346
0
2
0
111
31
2789
743
0
99
1205
5
401
11
82
45
128
264
1
0
66
0
418
17
370
0
619
3
86
0
437
143
72
0
1294
0
2
128
0
67
893
3
0
1
93
1
118
0
0
9
169
0
154
0
0
65
0
0
0
0
10
1
48
0
47
0
214
336
3
190
553
0
0
750
5
1
0
1546
44
5
2
34
0
6
0
362
107
0
0
100
0
1686
0
4
3
11
16
60
110
268
80
0
170
0
8
0
58
69
331
71
0
0
85
0
241
339
53
0
0
7
7
3799
21
24
1
26
32
30
5
2
0
3
10
2381
1
187
21
0
27
41
38
176
2
1046
0
115
406
0
87
9
328
0
0
0
1232
4
2
2
1
0
2
7
215
6
0
182
11
311
5
3
95
8
0
1324
3
38
1301
18
622
0
251
11
48
0
0
0
36
166
0
0
35
77
5
7
0
3
0
0
47
0
205
0
0
8
43
16
15
1
0
0
137
520
417
0
0
0
257
0
0
883
385
43
36
4808
2
27
366
2
99
80
148
1
18
16
1209
2
30
79
23
124
0
2
473
45
8
82
12
4350
283
41
519
145
0
15
0
80
5
3
6
0
111
2
30
0
3913
0
56
418
98
72
0
0
0
4
32
0
140
0
1
377
12
0
4
2
0
6
0
695
0
48
83
0
182
0
1
27
1
0
46
0
0
27
0
1
0
2
2
2
0
185
2
224
0
17
73
144
2
3
81
3
1865
77
0
0
0
16
18
10
356
5
1169
0
1490
19
314
444
0
0
1
861
0
219
563
706
1130
0
0
0
52
1
30
0
2
13
0
1
1166
239
529
4
39
164
1
48
0
229
747
55
3125
2
666
0
244
13
169
7
4
1
0
0
0
0
0
0
289
427
0
118
17
0
0
2
166
331
969
43
239
4059
3
182
0
166
211
77
524
289
0
10
4
203
30
0
9
89
156
71
0
1
41
104
923
0
1
0
62
254
0
1300
0
6
9
8
12
132
4228
0
122
0
0
0
112
0
501
0
34
0
1
1563
44
15
78
0
0
4
27
729
4
3
0
7
0
0
10
205
16
44
1
2
1
0
2
2
221
5
2
16
0
74
209
75
1
2
4
0
186
0
14
0
2
36
2166
25
1370
1681
47
364
40
5107
0
13
3
214
24
0
189
4
425
1
0
5
14
0
377
174
1
14
307
0
54
1
0
0
0
6
10
0
784
338
3
1
228
464
812
0
0
49
1
18
0
576
0
641
16
0
62
2
9
0
0
0
0
123
0
0
0
1
11
1075
180
21
0
42
12
193
25
13
131
255
0
58
0
36
2569
227
1
420
0
0
2
25
38
0
0
1
4
9
407
74
2
0
5
0
2
0
1
0
64
86
0
0
315
241
2645
7498
119
253
2
0
45
11
8
0
0
2
0
28
81
0
140
36
2911
109
0
0
373
50
0
177
0
0
53
594
0
7
53
6
3
0
64
0
0
19
0
17
530
0
32
19
0
13
148
0
0
0
0
75
43
1
5
4
44
0
118
104
695
1
140
710
141
3
0
934
117
140
4333
15
1
4
3
0
1
4
82
1
9
32
0
17
1616
5
0
0
0
0
2
26
117
338
0
0
72
24
5
3
249
47
156
202
168
50
2
2
6
190
0
0
0
135
11
13
9
5
0
0
2
0
13
48
34
0
0
1
0
0
1
0
77
2
0
0
103
0
3
0
0
51
357
6
90
1
542
0
50
6
6
53
0
0
0
0
1
835
0
3
1
31
0
1259
301
2
0
82
0
0
0
0
542
1
223
258
34
544
2
47
59
39
8
21
212
251
0
24
0
1518
0
25
0
75
3
43
0
54
78
0
0
118
9
208
405
509
606
1
0
0
12
0
6
116
562
67
2
28
0
132
37
0
0
244
0
15
0
1
457
69
2
134
450
2688
18
0
140
0
46
0
2
0
63
39
227
159
5
0
1914
23
0
0
307
0
0
7
156
1296
5
7
0
7
2
19
4
2
0
18
552
6
14
1636
411
3
1002
0
42
21
0
4
83
0
28
0
0
16
5
70
0
1
28
867
0
41
618
2
3
1188
247
0
0
1
8
7
14
231
9
16
2
0
0
1
1
0
1
336
0
0
70
1
12
15
0
8
21
0
0
0
195
2
0
0
3
39
356
216
4002
10
488
54
2
11
101
2
19
280
1
849
1288
2
38
134
7
291
2
2
13
483
0
101
22
0
0
1060
0
39
12
0
0
226
63
2
21
231
151
0
244
1
137
0
279
16
0
304
3
47
79
34
8
248
31
3
0
1537
272
289
9
9420
2
63
9
1373
27
6
20
0
305
98
48
8
2
2
33
14
210
0
18
576
1109
2178
322
0
0
0
0
11
26
2
218
40
58
574
166
0
39
3
62
0
1
0
0
447
1
55
0
92
1
17
2
0
6
0
0
2489
83
0
0
135
4
30
0
62
33
1493
73
1
0
37
12
0
65
0
1
2
0
527
404
6
2
289
96
487
122
52
9
0
69
5
2
33
0
0
28
40
13
94
2
3
0
153
160
0
3
161
0
0
15
120
203
139
3
0
94
0
112
312
0
0
402
0
7
11
256
597
1
0
0
0
28
19
291
3
4
0
503
3
0
0
0
35
0
839
23
104
0
0
2
7078
9
230
0
29
0
116
6
12
1781
5
0
32
133
228
2
6
0
17
75
0
28
0
29
0
334
0
2
1607
8
3
1
0
4
2
3
38
168
4
0
55
0
0
34
169
1
1
1
197
0
11
0
537
12
9840
1
41
10
84
1
11
13
0
0
0
122
45
1478
5
703
0
2
18
0
0
5
0
41
1451
0
87
1
59
0
405
28
768
57
0
12
1
3
0
0
45
0
10
0
1
0
0
9
95
532
133
0
0
648
4
2
586
85
24
151
41
0
1556
64
1
48
1
2
0
720
19
151
2
87
2
0
1
240
164
0
1530
11
146
1
6
84
8
0
1561
0
0
1128
73
401
95
2
622
0
1
33
90
23
1
79
1
2
0
3
211
247
17
0
14
0
13
0
0
11
0
37
5
3
328
36
88
0
32
0
7
3267
230
0
0
0
57
526
19
92
493
67
0
0
1
1312
135
0
12
13
20
1
0
0
190
182
0
218
4
0
0
2
11
46
0
173
1
0
5
97
454
0
7
0
3
559
503
47
28
0
3
82
0
0
0
15
174
834
0
7
1455
9
149
80
0
45
0
1
9
684
23
3
21
597
47
61
3
0
10
0
1
1579
0
0
1378
37
16
111
1712
62
0
0
113
2083
329
2833
127
0
212
12
553
0
21
51
45
2
0
0
0
11
0
0
2524
5
5703
0
0
64
0
8
0
129
57
0
89
197
7
0
182
222
3407
11
28
93
42
159
201
3
12
4
190
4
3
11
314
639
6
107
0
10
110
268
0
140
1297
8
100
120
78
0
39
8
3875
713
4
720
0
159
787
511
149
8
0
10
0
2
102
43
17
2
240
0
14
29
130
5
0
1721
29
303
455
151
56
12
1
16
43
5
1497
0
18
0
0
4
625
0
247
100
0
2457
0
48
291
5
49
173
0
0
235
0
0
0
0
8
0
2
0
9
247
6
1
817
2
9
179
6
0
0
257
15
1076
147
20
1607
58
0
4
90
10
1
2
0
2
26
123
18
0
31
0
0
1
37
5
114
632
9
340
0
175
0
1356
0
1
10
63
0
20
80
0
12
51
49
10
0
145
323
94
492
43
0
0
240
168
513
53
0
0
34
0
0
0
0
808
8
2117
268
866
376
547
8
5
0
0
98
0
1631
0
0
252
73
12
74
3
538
31
2
27
73
0
71
2
84
14
305
62
0
1124
114
0
25
1152
12
16
565
1043
71
122
67
297
5
117
0
680
1172
2
92
62
2
0
1
162
0
171
171
825
0
24
164
232
0
244
391
41
0
0
0
0
1225
3
5
833
0
404
2
28
0
0
516
77
0
0
741
2
0
0
0
0
97
0
147
1
494
2
135
191
554
1
16
143
517
3
7
44
48
9
46
10
102
484
156
2
3
540
10
182
0
2
2
120
3
22
128
0
85
2
0
0
0
0
1
0
0
2
0
0
2
0
65
0
3
428
6
2
0
1545
0
0
1
0
0
113
0
12
1
7
33
1
3
11
455
21
0
11
70
0
5
3
717
0
0
0
166
1
11
2
0
1410
0
0
1
9
0
0
1
0
21
0
5
3
0
7
1
0
5
319
0
0
31
0
1
277
3
1268
20
6
11
0
47
2
0
0
32
0
186
0
3
5
0
2
0
6
0
1
398
19
0
528
56
0
733
9
8
1
127
426
0
0
20
0
0
42
3
13
0
7
36
2
2
110
1278
63
0
138
0
13
19
0
107
23
0
20
0
0
0
0
474
0
2
2
0
1802
1
237
2
1
0
2
272
59
127
6
0
0
0
0
0
0
5
0
0
2
1
0
187
0
2
0
0
0
53
2417
164
5
0
64
2
1
0
0
0
0
0
4
0
0
0
0
0
8
0
0
0
101
0
0
0
50
1
95
1
0
1
0
0
0
0
58
0
0
2
0
0
0
12
1
0
64
19
139
2
0
0
0
1
0
25
0
0
0
0
0
0
0
0
11
0
25
5
0
0
5
1
0
0
0
0
0
0
0
3
0
0
1
0
0
1
3
0
0
953
0
0
3
8
0
0
2
0
325
0
4
734
31
0
67
88
0
0
0
0
0
0
0
43
17
0
2
0
25
805
39
0
96
0
0
0
0
0
0
0
0
12
0
0
42
0
0
0
131
2
13
1
0
0
0
1
0
33
2
74
0
54
0
125
0
2
0
0
0
0
33
0
0
19
6
0
0
0
232
2
0
20
0
19
192
1
0
0
24
247
0
104
0
23
0
171
0
7
0
18
0
3
13
1
9
0
1
0
0
43
0
0
0
0
594
0
4
3698
207
1
0
107
4
0
3
1
0
0
140
0
0
175
0
86
2
1
0
3
0
0
0
0
0
0
20
0
0
188
0
0
0
0
0
53
0
12
0
0
0
0
0
2
1
9
0
0
3
13
0
94
0
0
180
20
0
0
2
0
146
4
0
0
0
0
0
0
0
0
3
0
0
11
1
0
284
0
0
0
1
51
0
0
1
45
0
0
54
0
0
0
6
4
5
1
0
0
0
3
0
0
0
4
0
0
2
0
0
0
3
0
0
3
0
211
28
0
11
3
46
0
0
0
36
0
1
0
2
5
0
0
0
2
0
2
0
0
2
0
199
0
72
0
0
0
0
87
0
0
1
280
0
6
3
3
0
0
0
1
2
4
44
5
0
0
0
0
0
0
0
1
0
12
0
567
1
2
0
0
1
0
1
0
4
2
0
9
13
0
2
3
1
17
133
0
0
0
0
0
0
2
1
0
0
0
1
0
13
0
244
191
0
0
0
0
0
0
0
0
147
1
1
1
0
0
4
1
0
0
270
44
0
788
0
2
107
1
0
0
2
0
2
0
0
1
0
0
0
9
2
10
0
3
1
0
0
0
0
2
0
0
45
0
0
0
46
10
0
281
0
10
0
0
0
0
0
4
0
0
0
0
0
0
17
0
0
1
0
33
0
1
6
0
0
0
6
0
0
0
0
0
1
0
509
2
2
0
1
8
0
0
0
0
214
0
1
0
0
1
0
0
0
0
0
21
11
0
1
0
349
200
0
0
1
1
4
0
0
0
0
1
1
0
0
41
0
116
0
0
30
0
18
93
0
8
3831
0
0
0
0
114
0
4
0
0
0
0
0
17
0
0
3
216
1
3
0
0
55
0
84
0
0
0
3
0
0
4
1
1
0
0
25
0
3
0
0
0
102
4
2
0
0
0
0
0
0
880
2
34
6
0
0
0
0
0
0
0
22
2
0
218
0
0
24
13
325
0
0
0
0
0
20
0
0
4
2
374
0
2
0
0
1
2
0
0
11
86
2
0
0
0
0
1
2
2
0
5
45
556
0
0
60
54
317
0
104
0
1
0
18
0
0
5
0
21
0
0
1
0
67
13
0
0
2
2
0
0
2
0
0
1
10
0
3
0
0
13
0
63
1
3
26
2
2
0
0
2
0
0
1534
0
1
0
298
0
0
1
0
0
19
0
0
0
1
0
1
1
3
1
30
2361
120
0
2
1
0
2
0
0
0
495
0
189
0
0
1
2
1
182
0
14
0
0
0
0
0
4
0
0
6
0
485
0
2
0
0
0
0
69
0
2
0
253
0
0
0
0
255
0
413
1
0
0
273
0
0
1
0
0
6
0
0
7
3
2
0
0
72
0
0
0
0
300
2
0
0
123
0
0
4
22
32
0
42
1
0
0
0
0
9
0
0
119
1
76
1
0
0
2
0
195
147
0
1
64
1
192
0
0
24
0
2
6
1
145
4
0
0
0
82
2
0
0
0
0
23
0
0
0
47
7
2
0
482
0
573
57
2
0
0
0
1
2
0
0
1
60
5
0
7
1
0
0
0
0
0
0
0
0
0
0
779
0
2
0
2
1
0
958
331
18
3
0
0
0
0
21
11
0
0
0
15
0
3
0
0
0
0
0
0
0
0
7
0
0
1
0
978
11
0
0
6
0
1
9
0
0
0
44
1
6
0
2
2
1
52
3
191
1
0
11
0
0
406
12
0
0
142
298
0
256
48
0
0
6
0
0
0
0
1
17
106
0
1
0
0
0
1
0
0
0
0
0
0
0
376
141
0
1168
18
0
1
0
0
9
1
0
0
0
3
0
0
2
0
2
77
47
299
0
0
2
3
0
2
0
2
18
0
0
0
80
0
0
0
0
0
1
0
2
0
4
0
0
3
26
7
1
0
1
1
0
0
60
5
243
0
0
0
0
0
0
6
629
2
1
626
15
0
0
33
0
0
649
1
0
17
0
0
0
3
0
123
23
3
36
0
0
0
0
0
19
0
0
6
0
2
0
1
0
1618
223
21
1
64
0
0
0
0
0
4
0
12
3266
0
0
2
0
3
1
136
0
0
0
1
0
12
40
2
0
0
0
0
0
0
194
0
0
0
1
64
0
0
0
0
16
1
0
0
0
1
0
1
0
66
3
0
0
0
1
0
11
0
0
0
0
0
0
0
7
0
0
7
0
7
3
0
0
1
0
0
86
3
0
11
96
0
0
0
325
0
1
17
0
0
30
3
4
1
13
82
15
0
0
0
0
13
9
0
0
164
1
0
0
61
0
46
3
0
3
0
83
0
372
16
0
0
4
0
20
0
0
0
0
78
0
0
0
1
3
0
10
0
39
489
740
0
0
0
2
71
0
16
1
0
0
6
0
0
0
0
20
0
165
70
77
0
1
0
47
0
0
8
2
2
29
0
538
1033
0
1
0
0
0
28
205
0
19
4
0
0
0
0
1
0
0
0
1846
0
0
0
16
0
5
2
15
2
0
0
168
0
0
0
0
44
0
1
0
0
0
0
0
0
0
1
0
4
1
0
35
9
0
0
1
5
28
0
0
0
28
0
0
28
0
0
0
0
56
4
4
2
1
39
281
0
1101
0
0
0
1
0
0
1
5
0
3
2
0
0
0
0
0
91
2
21
0
0
0
2
0
0
24
3
22
0
0
0
0
424
0
0
93
0
2
81
38
0
493
75
0
1
3
0
0
0
0
0
270
0
0
0
62
26
0
0
0
0
58
255
1
0
4
29
5
0
241
8
15
0
0
216
1
41
140
41
37
2
2
16
0
81
0
0
3
2
0
1
0
0
0
0
81
0
0
4
0
1
0
1
0
3
2
11
2243
0
11
0
3
0
37
6
0
132
51
0
0
3
0
0
232
0
0
1
0
0
0
0
0
0
1
7
0
3
214
62
4
0
1
2
0
0
3
119
6
0
0
13
52
0
0
7
3
1
0
0
0
0
0
184
438
0
0
0
0
0
0
2
106
438
0
9
79
0
0
0
48
2
0
0
55
0
3
0
16
8
4
0
125
0
0
0
0
0
0
0
0
0
0
1
0
0
825
94
0
0
0
0
0
0
0
58
78
459
0
0
332
0
75
0
2
0
0
4
2
2
352
0
6
35
110
3
0
11
2
929
0
0
0
0
0
1023
1
92
0
4
2894
15
0
0
0
2
0
0
0
85
1
0
17
0
0
1
408
0
0
26
0
0
5
0
0
0
148
1
13
76
2
0
0
0
2
0
2
0
1340
6
0
2
12
0
0
62
138
0
0
6
7
338
0
0
9
1
0
11
300
2
674
274
0
0
315
1
1
1
0
0
0
0
2
12
60
0
2
0
63
0
2
0
2
0
2
0
3
0
25
0
275
2
0
0
2
0
0
2
0
0
0
7
237
1
0
0
0
62
0
0
0
1
2
2
0
86
0
0
20
0
0
0
733
1
3
0
0
21
0
634
0
5
0
36
0
0
0
104
0
0
3
0
70
3
373
0
0
0
547
0
0
0
0
0
2
2
134
17
0
152
4
15
33
0
0
694
1
2
5
5
2
6
0
3
0
1
2
0
0
0
5
0
0
2
0
0
0
20
0
0
0
0
92
0
0
1
135
0
0
0
1
0
16
0
0
0
0
0
4
0
0
1
0
0
0
0
275
2
12
0
0
172
1
0
0
0
173
2
0
0
0
0
2
394
0
1
0
0
1
1
275
28
3
0
1204
1
0
13
0
2
0
6
6
190
1
1
0
0
0
0
0
3
3
372
0
0
7
15
4
0
0
0
201
72
5640
3
10
0
2
19
20
4
0
41
692
2
37
1
19
1
0
0
0
0
0
10
0
1121
2
47
0
6514
0
5
58
0
3
0
0
0
2
0
2
10
0
41
0
12
0
91
6
0
0
0
87
0
1
0
115
0
2
63
1
0
344
0
0
0
4
0
0
0
8
122
1167
0
0
0
0
20
0
0
0
0
0
22
0
1
0
1
1
1
0
0
0
3
0
0
0
0
2
2
71
115
0
0
0
0
0
0
0
1
0
0
26
0
0
0
0
5
0
0
0
0
0
54
12
0
0
0
1
0
0
3
0
0
2
0
0
0
0
0
1
27
2
0
0
1
0
0
0
0
2
0
0
0
0
0
0
0
0
0
0
12
1693
0
0
1
0
0
0
0
0
0
0
0
0
0
0
0
0
0
24
0
62
0
129
1
43
0
0
70
0
2
1
0
0
0
0
0
0
78
0
8
1
0
0
0
0
0
1
0
166
0
97
5
0
2
1
0
3
0
356
1
0
0
0
0
0
0
0
1
0
7
3
0
0
0
0
0
12
0
0
0
0
0
0
2
0
0
295
2
2
0
0
0
1
28
1
0
0
4
0
36
6
2889
0
0
0
0
0
0
0
0
0
0
0
130
0
0
1
0
48
2
816
0
2
0
0
0
0
428
3
2
14
1
0
0
17662
0
0
0
1
2
0
49
59
0
260
0
0
9
0
3
107
1274
0
0
0
183
0
2
0
0
0
168
1
2
0
2
5
2
29
0
14
0
0
0
599
0
0
1
0
43
0
1137
0
98
0
129
11
0
0
0
0
0
0
2
0
0
0
2
0
0
1
0
0
0
0
0
0
0
0
0
0
775
0
1140
2
1
2
4
0
0
0
2
0
91
0
0
2
1
0
0
1
0
1
0
11
0
1
0
2
0
0
1
0
0
1
3
40
0
1
0
0
0
0
721
0
0
1
0
3
0
0
0
0
0
1
0
0
0
0
3
16
17
0
2
0
1
0
0
0
0
4
0
0
0
1
0
0
1
0
0
0
0
3
0
2
0
0
1
0
1
0
0
7
1
1
0
2
0
0
0
1
1
3
0
0
5
0
0
90
0
2
1
2
0
0
0
0
356
284
0
24
0
4
0
60
0
0
37
0
2
0
0
0
0
2
0
2
0
0
0
0
0
200
0
6
0
0
0
0
6
0
488
0
0
6
79
11
0
2
4
0
0
18
0
0
0
0
0
30
0
0
0
0
0
1
200
0
1
0
0
1
1
12
0
8
0
0
0
2
0
0
0
0
0
8
0
11
5
9
1
17
0
0
0
319
1
0
0
1
3
1
0
103
0
0
0
0
0
773
0
1
256
79
0
0
0
3
0
1
12
1
0
0
0
0
0
0
1
1
1041
0
1
0
0
0
0
115
0
1
0
0
0
0
4
1
3
80
0
190
0
5
1
61
2
0
0
0
1
0
7
190
0
3
6
0
0
1
0
0
0
0
0
1
3
6
6
4
2
0
0
0
1
0
0
0
0
0
0
0
915
53
59
0
95
1
0
109
4
0
20
8
2
387
9
0
1
0
1
3
4
0
0
0
1
0
0
31
110
158
0
179
1
224
74
50
2
0
0
1
2
22
0
0
243
15
0
122
18
44
0
0
93
99
86
454
0
0
0
61
21
0
3
5
0
0
87
1
21
119
0
344
0
4
0
95
3
13
0
0
129
0
0
0
960
20
167
0
0
32
3
1
39
0
327
14
534
0
63
0
0
0
0
1
86
37
71
34
38
0
19
0
28
0
0
186
0
1
0
20
0
35
2
303
19
0
0
0
171
7
9
10
6
2
0
0
0
20
3
49
0
1140
0
0
0
0
0
26
225
2
0
0
0
1
0
0
0
79
287
4
0
0
1082
0
4
0
0
0
83
0
0
1058
0
15
0
1
0
1
45
63
0
0
99
0
11
0
453
0
21
0
57
0
0
5
1
0
972
12
3
3
0
3
0
0
3
2
0
23
0
1
612
1
0
0
2
0
3
0
22
14
0
0
469
227
3
0
215
2
250
0
6
19
20
0
62
0
0
4
336
42
142
2
9
4
1241
2
4
0
2
0
61
0
6
2
0
4
0
0
0
461
0
2
0
0
0
0
0
0
0
57
0
0
0
0
0
0
0
0
1738
1
3185
5
0
0
0
32
9
0
64
2
0
0
3
0
0
21
2
517
1
407
0
0
160
39
81
2
37
0
1075
0
363
270
209
0
16
0
79
1583
506
0
0
4
0
681
0
911
0
0
0
0
1
19
17
3
0
0
0
231
0
18
4
17
94
182
1
394
2
35
0
187
30
6
0
307
55
0
616
0
14
8
0
28
3
127
0
0
0
3
0
893
0
1
1
883
0
0
4
103
0
34
93
0
35
0
13
102
0
0
4
8
0
1
0
72
0
2
9
0
12
0
0
0
408
10
82
0
29
0
2
0
1378
0
0
360
1
3
0
0
37
60
16
39
0
1
0
0
827
2
19
0
0
0
0
2
0
0
6
0
76
430
45
0
28
4
140
0
0
27
26
66
0
16
0
64
23
3
36
0
1
0
106
2196
0
24
0
98
1286
116
121
5
31
3
2585
17
0
3
4
5
356
0
3
272
164
92
0
126
112
2
0
14
6
57
3
528
9
2
0
1
3
0
2
42
0
0
394
1
45
47
0
128
0
0
0
0
1
77
0
17
202
1
1
0
0
0
0
0
241
15
1650
110
65
37
0
52
11
0
7
0
0
0
1451
150
0
283
0
0
0
390
1
0
195
1
3
0
49
0
0
2
7
0
149
0
111
8
7
3
1
140
0
0
186
3
390
792
33
0
0
51
301
403
19
0
0
0
0
0
397
14
2
116
0
0
0
71
3
1271
3
0
0
1
182
20
98
879
7
3
0
0
0
114
0
0
1
0
0
0
38
0
549
1
30
293
0
0
0
0
258
435
0
0
0
0
0
0
2
11
0
0
2
0
8
1
72
0
60
1
0
0
397
22
1
2
1
0
473
0
0
88
0
0
0
0
35
3
96
14
0
0
1
0
0
93
0
0
2
4
115
18
2
10
0
54
0
96
1
0
152
0
0
0
1
35
0
5
181
0
0
35
1
1
5
118
0
223
7
3
0
2
63
39
3
13
0
346
160
10
0
0
0
1
0
662
9
2
9
8
1
1
0
0
0
0
304
0
11
0
0
0
3
0
464
0
32
0
0
0
42
0
2
0
0
864
0
0
0
1
0
75
0
0
0
0
303
0
0
7
0
0
0
1
0
54
0
1
0
231
0
1
3
0
109
3
866
1
0
0
1
1018
122
1
216
52
2
2
1
8
312
1
28
10
0
1
0
0
0
30
11
33
1286
51
91
3
1
9
0
2
0
0
269
156
2
0
3
0
2
3
0
8
46
0
0
26
2
87
75
115
0
0
263
100
19
54
0
180
0
12
0
1
0
5
0
10
180
188
4
78
6
0
0
2
2
167
121
0
0
0
169
0
0
80
0
4
93
25
1
490
16
3
19
1
0
12
0
0
0
0
2
382
0
11
0
17
0
0
0
60
0
0
134
0
0
0
0
0
2
249
0
10
35
25
4
0
4
0
0
5
245
77
1
28
125
180
1
47
12
0
0
2
4
0
0
4
3
0
3
0
1
2
0
0
31
14
2
0
2
2
0
2
0
0
0
25
0
0
3
5
0
28
7
11
1
0
4
0
0
2
0
81
2
0
0
1
0
0
0
0
0
13
240
0
0
18
0
304
0
0
13
163
44
61
2
0
0
0
0
0
0
0
2
5
0
26
15
0
0
0
4
0
124
3
0
0
218
10
4
0
6
17
2
0
0
12
334
0
133
0
92
102
1634
59
651
0
23
116
64
1
307
0
0
16
82
0
9
56
0
0
82
0
3
2
7
0
1
24
0
0
4
0
7
0
0
0
0
2
47
283
116
20
0
0
12
2
1
26
163
0
0
0
0
11
0
0
17
0
47
7
1
120
102
141
9
5
4
8
0
0
13
1
1382
0
24
47
2
0
1
0
2
0
46
137
0
0
1
0
0
0
21
188
3
13
0
54
521
0
0
0
427
3076
0
163
6
0
22
171
19
4
7
24
0
6
2
36
2
1
0
0
2
4
0
23
23
76
226
1
0
92
0
24
5
14
1
0
220
0
0
0
44
55
19
0
6
0
0
16
551
2
1
0
5
0
0
715
0
0
119
47
1589
164
1
0
308
0
113
0
10
1
316
2
3
0
0
0
13
0
2
0
0
0
93
33
49
6
1
0
5
29
8
341
0
108
0
0
0
196
4
70
0
592
0
0
44
45
778
143
6
265
15
32
2
41
5
645
12
0
1
0
0
9
736
0
8
0
10
116
2
1
48
35
0
70
4
745
112
4
9
0
100
0
1
46
0
106
89
2139
16
44
0
115
1
372
0
0
131
364
0
0
3
71
0
0
0
8
9
47
0
1571
2
7
7
0
3
55
0
33
16
73
1
194
201
125
2
10
0
126
2
0
0
10
0
2
75
15
0
0
401
0
0
9
2
1
0
15
1362
18
3
463
559
0
154
0
0
0
4
0
1052
8
2
856
2
0
0
0
0
1
93
10
35
0
55
2
0
3
3
1
1
210
0
2
646
0
3
0
28
0
0
0
72
22
0
0
0
0
149
0
1
441
0
9
0
0
0
1
38
0
80
0
12
0
0
52
2
10
4
646
352
425
0
0
1009
14
2
364
5
0
0
0
0
51
6
6
0
0
5
0
28
13
49
0
76
1
8
11
53
0
25
1
3
7
0
33
27
0
126
1675
236
24
120
0
0
0
39
0
401
1
0
9
0
683
5
40
309
152
430
271
0
0
10
4
334
0
22
0
0
236
25
5
0
332
20
0
0
0
71
17
66
8
0
1
0
4
0
2
0
193
14
0
4
122
0
139
0
52
9
4
0
97
6
0
115
70
0
13
0
19
3
0
0
7
0
94
0
1
0
0
0
2
1
0
0
0
0
0
2
18
676
256
33
4
0
0
0
31
39
1
0
0
1
2
18
0
0
0
0
31
0
0
0
0
14
20
1
0
0
0
9
0
0
21
0
4
17
35
2
0
0
4
50
14
42
3
45
0
318
6
1
3
0
3
203
1
175
9
248
5
83
13
1
169
215
178
0
0
38
0
0
0
28
0
17
16
2
21
8
50
30
2
12
90
0
56
0
44
1172
5
1
0
2
1
12
70
10
111
3
64
31
0
2
5
0
288
7
0
0
7
0
0
2
0
0
0
21
30
22
22
1
0
0
8
2
18
385
0
2
567
0
145
0
1
43
198
0
0
14
2
1
0
55
0
0
274
2
0
3
0
1
50
1
0
4
0
2
2548
12
63
3
0
2
7
8
21
77
127
190
511
397
2
13
1
300
75
0
982
0
36
0
62
0
751
0
352
0
0
0
0
8
7
0
1
12
200
0
0
0
2
285
18
43
236
0
0
0
294
0
0
2
1
23
0
26
991
0
449
12
0
20
75
11
0
0
5
1
0
0
0
233
0
0
0
72
0
0
0
0
1
1
0
16
325
34
0
5
179
1
1
4
69
0
191
0
0
3
73
0
60
543
16
0
25
0
0
0
1
0
0
676
173
518
0
157
0
0
4
931
1
26
1
0
29
0
10
1
0
0
0
1046
0
0
8
0
0
0
0
0
5
6
2
83
1
0
21
2
1489
0
6
0
0
151
0
95
10
1
1
24
0
0
0
143
0
2
0
3
1
2
0
5
0
32
0
0
0
3
5
678
7
0
109
0
15
65
3
21
3
0
0
0
0
34
4
0
0
0
0
0
2
0
14
10
223
0
4
864
3
0
0
27
0
0
2
646
30
33
2
105
106
0
2
0
0
14
0
5
218
0
4
0
2
0
0
0
1
0
7
0
1695
0
25
149
1
0
1
0
7
0
2
394
0
0
103
3
0
0
0
30
6
0
0
0
0
0
34
27
0
0
9
0
0
0
1156
1
80
8
0
266
0
0
0
53
8
18
13
18
224
0
7
14
78
5
0
34
0
0
0
0
0
6
0
1
843
2
0
1
0
0
33
0
2
3
265
0
0
1
0
463
3
0
0
0
66
524
0
40
0
0
108
313
90
228
2
0
2
6
17
3
0
480
2
151
135
0
11
477
0
1
6
10
0
6
0
19
1585
0
0
0
0
1
0
35
13
0
0
0
0
390
15
0
62
787
16
22
3
59
15
15
27
4
0
28
94
0
134
33
154
252
0
0
73
0
13
0
2
0
0
733
0
678
0
187
945
15
28
0
0
0
1
7
1
114
0
0
0
45
2309
1
222
158
3
0
55
0
288
3
0
0
0
0
0
1856
0
1
0
0
0
0
31
0
22
132
0
1197
0
3
0
0
278
117
0
64
0
0
0
0
0
0
1
0
0
1
13
0
124
3
43
58
644
76
0
28
0
0
0
2
6
0
40
0
0
4
168
0
0
216
0
0
0
0
9
5
0
299
30
0
22
85
1
0
115
265
0
0
0
7
1
0
18
809
13
70
0
6
0
16
0
14
42
518
0
636
5
751
9
0
0
0
6
2
0
13
129
3
0
0
0
2
115
756
20
4
5
1
1
10
184
0
2029
0
1
127
128
0
0
0
0
4
0
6
7
0
0
30
0
0
126
0
0
384
32
0
78
1
449
2
35
2
0
0
0
0
0
426
1854
0
801
0
65
45
213
1168
0
0
0
0
14
223
0
41
440
8
2
17
4
122
214
0
0
2
67
1
0
0
3
3
2
0
59
1
0
38
0
18
13
0
0
456
1
0
0
990
1
7
0
42
0
0
32
1298
1
0
1
5
403
0
0
3
4
0
81
182
726
0
0
85
0
207
2
7707
5
1
247
0
2
0
0
3
0
2
14
2
897
0
186
792
0
112
2
60
0
139
0
422
1305
2174
3
485
136
1
0
0
29
3
103
2
0
3
0
0
0
255
0
4
0
0
5
61
0
0
107
21
30
8
4
1
72
13
1
0
5
4
426
2
630
53
0
0
0
0
382
0
0
31
0
0
0
0
1386
1
92
0
2
99
0
0
2
0
278
1
26
0
316
0
0
5
0
26
15
0
9
72
1
1
661
412
0
1
7
19
112
4
3
6
2
78
4
2
0
2
0
67
0
0
94
78
1
17
648
3
201
380
609
0
0
2
1
0
0
0
629
321
0
0
0
0
24
532
10
0
32
6
50
3
0
1
0
171
531
94
0
107
10
0
0
18
12
0
0
3
0
14
23
53
3
4
55
0
0
0
0
0
0
800
2
24
229
122
5
0
54
0
0
7
97
77
36
0
0
0
2
33
0
0
582
0
0
0
547
0
1
1
4
1
534
1756
0
20
42
816
0
0
2
0
0
1
337
207
0
544
1
47
1
0
60
0
1
0
1
0
26
1
1
0
0
0
1
285
0
0
1
0
47
1
0
0
3
2
44
2910
142
0
2
464
0
41
39
6
0
1
11
0
2
0
0
27
24
2
6
103
534
1
0
1
0
4
0
5
4
0
0
3
0
12
0
1588
0
1
0
489
1
1
33
0
23
0
1
0
0
0
147
15
11
221
0
0
79
0
2
0
0
0
0
1
0
5
0
0
0
0
1387
26
3
137
1
0
0
1
0
38
23
0
24
136
0
0
0
197
0
0
16
5
8
1317
12
0
133
11
0
0
1
0
3
0
0
0
14
5
0
0
2
0
0
0
0
0
0
0
4
253
0
0
4
0
0
12
3
0
1
65
21
5
0
967
0
5
1229
0
30
0
0
25
0
3
0
80
8
2
10
619
3
244
0
0
93
2
0
66
0
625
0
1
4
36
174
0
0
0
0
0
98
130
15
0
0
0
48
1080
469
0
61
8
0
6
7
0
3
3
0
0
11
18
6
1
0
1
171
0
1
0
8
11
0
137
0
0
5
27
609
3
10
28
2
0
351
3119
2
2
1279
0
3
0
72
32
0
0
24
0
0
12
8
0
18
0
19
2
0
0
36
16
4
0
0
692
0
3
0
40
0
0
65
0
0
0
0
0
35
2
10
0
2
48
15
0
0
0
163
0
45
22
0
0
53
0
2
0
66
96
0
3
0
27
0
985
3
0
19
282
394
0
0
61
0
4
0
0
0
0
664
1
2
0
7
49
24
15
33
72
0
667
3
0
0
44
106
41
0
49
11
0
7
0
0
92
0
2
2
2
45
0
3
0
9
0
1427
0
2
163
0
0
0
3
0
2
0
0
5
7
82
0
18
0
0
407
2
0
0
58
0
0
2
0
152
0
33
281
156
42
0
0
2
966
0
0
2
18
0
1
0
0
287
0
89
39
0
293
1259
2
0
0
1
14
0
347
9
0
210
0
1
363
0
12
0
36
988
0
0
52
753
0
0
70
38
0
0
0
1
109
138
37
19
0
0
2
12
1
5
0
0
12
0
0
0
31
27
659
657
0
4
80
4
0
0
0
0
2
0
0
1
822
2
238
0
1664
0
663
1
0
0
125
0
0
0
8
11
184
12
32
30
17
64
0
211
0
19
91
1
0
7
0
233
2
1
95
5
169
0
0
0
0
25
30
50
0
0
0
0
0
4731
1
33
266
59
26
137
17
15
0
123
1
0
184
3
0
0
0
37
0
0
2
2
16
0
0
0
11
0
0
6
0
206
5
3
0
2
0
0
0
4
185
0
3
0
17
0
5
29
0
8
0
142
0
0
0
84
0
1
9
602
23
18
28
0
13
75
1
0
160
0
0
0
106
0
1
3
14
3
0
0
0
1
307
4
10
52
3
3
4
0
422
0
36
0
164
365
2
201
8
88
183
85
1
26
3
0
111
76
0
1047
0
1
0
158
0
4
0
0
242
1
0
0
35
0
813
1
25
0
5
0
5
0
5
0
251
0
22
46
4
0
6
0
186
1
1
685
15
0
0
137
49
41
33
0
0
0
47
85
132
0
0
19
0
3
0
0
0
0
124
0
6
15
44
32
0
0
0
0
222
2
3
0
108
99
3
3
0
0
3
0
22
14
28
0
6
0
0
661
0
37
215
3
223
899
0
47
0
114
86
0
26
0
3
2
91
11
96
1
0
880
23
159
0
0
0
109
806
920
106
0
0
0
3
0
33
392
0
39
16
352
1
43
0
0
0
0
22
0
148
0
120
16
223
8
0
65
80
17
0
183
0
0
0
28
8
0
1
0
15
1
139
40
0
231
84
601
21
41
0
0
3
0
0
0
0
4
0
0
4
0
0
3
73
11
0
1
11
9
103
0
14
9
321
31
1
9949
41
149
0
3
3
0
5
1
1068
1
56
67
6
2
2
11
0
0
30
0
13
4
0
10
90
126
1313
22
10
2
3
5
17
30
0
2
67
0
0
52
205
0
0
0
450
0
265
2
0
0
39
69
1
0
87
106
1
9
1
0
1
448
6
19
1550
607
0
310
0
0
78
47
677
50
0
0
0
2
0
96
296
85
1
1
0
9
0
58
328
0
1
19
11
0
0
0
0
27
0
413
136
537
1
1
168
0
410
0
0
5342
0
2
0
0
97
10
5
0
8
76
0
146
51
0
570
33
703
39
2
181
0
5
48
378
8
0
0
183
6
412
0
0
8
0
5
1
0
0
1
0
46
0
0
0
42
0
960
2
0
110
0
326
4
0
40
0
2
269
2
1
8
9
661
0
0
0
252
499
12
0
124
15
0
124
41
119
1
0
2
2
10
45
18
1
10
0
8
0
0
0
2810
7
0
0
0
8
6
2
0
0
0
2
1
0
6
82
0
35
133
0
0
0
127
0
84
72
0
0
0
0
0
81
0
0
34
0
75
0
81
1
0
3
1387
8
3
0
0
0
16
101
31
0
12
0
37
0
7
647
95
337
0
0
0
1057
16
2
282
435
0
258
0
0
0
0
0
3
16
1
895
252
0
0
0
0
365
1
0
0
6
2
0
950
15
0
2636
26
344
20
0
8
0
0
2
28
23
44
1
2
156
7
31
2
0
864
0
0
30
5
0
0
0
0
0
8
0
0
2
0
0
1407
0
19
0
2
0
1
43
1
0
0
125
0
616
0
0
1
3
404
10
5
0
47
0
0
2
98
86
0
0
0
0
0
0
0
0
0
0
0
0
0
0
0
0
0
0
11
0
0
0
0
178
0
0
1
0
0
22
12
0
8
3
72
9
0
86
1
1
0
0
3
0
3
0
0
0
216
0
0
0
0
1
2
26
127
0
0
0
0
0
22
1
0
0
157
12
80
0
0
3
869
8
1
15
179
4
0
2
3
3
1
159
8
7
1
2
0
565
84
0
0
347
0
65
1
57
104
0
0
174
8
698
55
0
43
0
0
0
66
2
589
0
0
0
0
0
0
1
0
1
402
20
45
2
0
0
3
0
0
56
821
0
3
95
1159
0
0
26
0
0
0
726
0
0
6
31
7
0
0
0
0
23
1
0
0
0
249
0
0
0
11
0
2
2
0
0
0
0
5
0
0
0
59
0
234
2
1
403
30
1
28
0
30
89
56
29
0
0
37
0
171
0
3
3
0
104
8
0
19
0
7
0
7
0
0
1
0
313
92
492
5
24
3
26
3
0
0
0
1
0
0
1807
26
7
12
0
0
0
0
0
0
50
0
0
57
0
298
138
3
11
1
0
0
42
0
359
0
0
572
0
0
0
0
1
0
2
0
355
0
0
1
0
0
903
3
1
0
1
1088
1
0
1
60
2
0
18
0
5
0
79
59
6
0
4
224
0
0
0
0
556
8
70
0
22
0
4726
0
2
38
0
4
2
0
0
4
3
5
12
11
0
7
2
0
342
0
0
7
659
0
209
66
123
0
11
112
2
0
17
4
327
89
2
17
0
0
0
6
2
0
0
13
93
1
0
1
3
0
0
0
68
4
169
0
2
0
1
81
113
0
2
0
0
0
2
11
0
1
0
0
92
51
2
0
0
0
9
2
81
84
0
496
0
0
0
14
2
0
10
0
0
0
0
128
0
154
52
0
21
8
0
160
0
0
15
0
24
1
1198
0
7
45
0
1
0
104
0
0
2
0
11
1
0
0
0
64
24
5
679
0
502
0
44
1
467
0
0
5
4
49
882
2
314
40
10
0
11
6
0
1
1
1
14
148
32
10
7
1
0
0
0
0
0
1
0
15
0
0
1020
0
0
4
0
0
0
0
0
0
11
1
20
5416
64
0
8
0
5
4
141
0
0
0
3
1
0
48
0
0
0
0
7
133
229
151
1
1
30
0
100
0
1
0
3
0
0
1
0
0
0
27
69
289
0
1534
0
18
31
1126
1
12
0
0
0
12
380
252
0
0
0
1
0
29
0
0
0
0
0
48
252
161
3028
0
1
32
488
527
0
0
1
2
28
0
43
0
123
0
0
103
0
0
0
10
4
317
0
210
4
96
0
33
960
37
1
10
10
18
5
0
6
0
8
0
0
0
9
0
5
0
6
4
205
305
91
0
0
0
1
5
30
167
0
8
80
2
3
0
770
12
134
20
1
0
0
1
489
0
12
0
27
129
0
0
2476
6
52
0
526
0
0
14
1
0
2495
0
343
0
0
2
112
0
0
0
119
1
295
693
12
0
7
10
1288
0
2
0
108
0
0
15
0
0
0
41
0
0
16
105
3
9
2
1
26
84
0
3
2
0
3
0
0
503
10
1964
0
0
8
0
0
0
0
6
0
0
0
1264
0
1131
0
0
398
1
2
0
0
13
90
0
0
29
5
419
0
0
0
44
3
82
0
228
0
0
0
0
0
0
0
25
0
0
144
0
51
0
1080
0
1
0
87
12
3
95
1
0
28
0
83
7
0
3
0
0
0
39
12
22
2
0
0
0
0
0
1
0
10
193
1
158
699
36
0
22
0
153
0
38
2
6
3
0
0
0
3
0
1
4
13
1
57
539
0
0
0
41
15
21
65
0
1930
4
50
0
0
1
0
0
17
34
395
2
0
2
0
39
3
0
30
0
76
48
0
1
0
30
14
1
1915
119
0
57
207
3
0
53
99
0
3249
1231
50
46
193
154
176
0
1
227
2
91
1684
1
204
0
0
5
0
0
0
0
1
0
2
9
0
0
0
0
14
0
0
0
0
1
0
94
0
53
3
18
1
1
2
0
1
0
0
0
0
148
0
904
11
8
5
0
183
0
0
0
0
0
0
0
52
0
0
89
0
1
9
0
5
65
0
265
162
2
0
89
0
1
23
103
0
0
1
0
0
2
291
0
0
0
2
3
17
74
0
3
1
31
2
3
252
20
1
0
48
24
0
0
0
0
12
45
0
54
1
0
1
10
0
0
6
0
105
3
17
94
0
1
1
12
0
0
421
1
1
2
0
3
1
0
96
1973
0
22
0
0
55
499
0
0
1
0
43
110
0
310
89
0
0
8
1
0
100
0
0
9
4
0
0
98
0
141
3
167
0
3
0
0
202
0
0
19
0
0
0
1
170
60
1
0
35
0
45
0
0
299
0
2
11
4
85
176
2
0
3
0
0
16
54
20
0
1
0
4
13
571
0
0
0
0
0
0
0
1
0
40
0
0
8
153
0
0
21
0
555
152
35
0
0
0
0
16
0
842
2
115
3
13
0
1
83
0
2
2
0
183
0
66
0
240
0
6344
1
0
60
228
543
6
21
0
21
333
2
177
0
111
17
21
0
0
23
263
0
2
262
0
292
4
2
0
0
0
0
3
4
193
0
8
0
22
0
47
1
0
452
0
1
41
0
296
84
0
320
994
1
0
0
0
0
648
131
0
1
7
1
0
0
0
0
260
31
1
1
0
0
1407
0
8
1
0
94
4
0
1
0
92
0
47
61
10
0
20
192
0
23
1
72
541
1780
6
236
0
0
10
15
19
0
77
5
143
0
0
11
101
9
0
50
0
0
145
0
6
1
2
3
0
9
4
0
0
2
10
0
17
0
14
0
3
0
45
0
208
3
10
34
1
0
352
5
0
0
18
169
1
2
0
0
0
111
4
2
3
0
1
2
1
0
22
32
1102
1
4
1
0
0
0
0
0
755
0
0
6
0
360
2
0
7
0
0
0
2
0
311
0
10
1
0
0
16
18
8
0
0
1331
103
1
5
0
0
0
0
11
105
36
0
225
0
97
60
0
0
22
0
8
11
0
0
0
0
2
2
1
11
10
10
46
0
0
60
144
2
6
1
0
0
0
21
1
0
6
2
54
0
5
28
193
0
359
0
2
81
1
70
0
0
6
32
11
5
0
0
0
0
1
5
77
0
502
24
0
240
113
37
73
0
29
236
11
0
4
67
9
0
250
18
0
262
0
2
0
2605
0
0
0
234
0
0
0
0
276
104
0
1
205
0
0
0
32
136
0
0
0
0
174
0
0
52
0
0
1
0
0
0
434
0
2
115
0
2
1010
1
0
628
0
64
2
36
42
0
0
2
8
545
292
0
73
28
0
0
70
117
60
2
0
0
0
0
500
22
0
0
0
28
766
13
3
1746
24
1
0
0
0
71
0
232
439
0
13
114
1
190
77
1
0
105
305
0
0
2
0
0
0
0
429
72
55
443
12
433
223
161
1
115
0
1
0
0
0
90
15
16
0
347
40
3
0
0
40
14
0
0
11
109
1675
110
86
2
0
2
31
2
0
0
0
0
0
2
0
540
64
0
1
0
7
118
7
3
0
0
3
0
4
102
1
27
71
12
2
14
0
3
90
3
1716
0
2
8
28
1000
1
0
71
0
1
0
0
0
0
0
1
0
10
340
1
48
0
0
4
13
0
0
66
368
17
0
0
0
0
0
2
106
2
15
23
36
198
18
2
0
0
0
0
599
15
58
0
0
136
0
154
0
93
0
1370
15
3
0
0
5
19
33
34
0
630
0
4
0
1
5
3
9
1268
0
0
0
0
10
144
3
0
41
6
74
2
406
327
51
10
155
2
9
27
50
221
0
589
696
66
11
72
0
7
1
107
5
3
10
1
392
270
1809
2749
0
186
0
292
0
0
0
2
0
0
0
57
0
0
1
2324
570
129
0
233
73
2
0
322
1
761
0
0
0
0
3
6
5
76
0
0
43
0
256
2
345
0
2
348
2051
0
39
138
0
491
0
48
2
1
291
5
9
16
0
0
0
0
0
0
1
2
41
49
2
1
9
27
1355
1
14
12
164
13
68
4
718
0
1
46
1
0
0
0
2
0
303
0
0
1
9
224
0
0
1
100
0
61
222
62
338
0
0
205
0
0
4
2
0
92
0
26
0
395
2642
35
511
0
64
3
342
5
183
0
52
0
0
7
0
13
0
0
0
0
0
0
2
90
10
32
16
147
54
3
262
350
95
0
304
0
2
0
3
0
4
45
0
0
0
0
43
35
3
27
1
3
9
0
288
15
179
0
38
68
0
0
37
0
0
0
0
1
11
0
30
0
0
138
2
2
3
62
0
493
1369
0
0
0
193
4
15
145
86
200
57
0
241
2
854
3
0
3
1
79
0
101
0
0
72
2
0
0
0
0
0
0
0
271
3
34
24
0
34
0
0
303
0
0
1
0
30
0
0
37
7
0
2
84
18
38
0
0
401
0
0
161
2
0
0
4
0
0
1
0
69
3
0
2
4
0
127
0
0
0
1
0
0
0
5
2
362
2
0
0
2
1
0
41
0
1
0
0
2
31
1
196
15
0
157
0
1
42
0
2
17
123
0
4
502
0
0
0
0
0
7
392
0
56
2
225
613
2
0
31
0
0
2
0
0
9
45
2
0
0
125
0
6
44
13
40
0
2
247
256
0
1
28
0
635
0
0
0
45
18
1353
0
0
33
0
0
6
6
0
34
0
0
0
0
0
107
8
2
1459
0
49
0
300
0
15
131
5
43
866
0
1049
2
2
0
1
546
0
0
160
2
20
0
2
1
0
1076
11
0
20
0
1
6
0
59
0
0
105
0
0
0
0
0
0
0
27
57
56
0
0
14
11682
699
0
54
0
0
0
14
0
0
0
76
10
28
119
57
7790
2
0
1
845
2
0
0
0
0
0
32
646
2
5
0
81
0
0
13
368
0
0
0
2
2
283
0
0
1
0
2
12
0
5
0
0
750
9
255
0
0
4
2
3
0
0
2
1
3
0
2
0
65
5
0
65
0
0
3
0
0
0
0
0
0
0
2
0
2651
0
0
0
23
0
76
97
15
0
10
24846
3
0
0
45
5
0
0
0
1
1
0
0
0
0
130
0
0
0
32
0
2
0
0
0
1
0
0
0
0
5
0
1
1
29
0
1467
33
36
0
32
0
0
2
0
0
2524
600
684
54
21
0
0
228
0
195
0
54
360
26
124
134
35
1
49
20
1
7
0
0
15
1
3
58
0
1
0
0
49
10
146
1
228
3
265
1
0
0
0
47
35
0
0
0
12
58
11
100
0
23
0
17
44
49
0
0
0
0
0
3
1
0
0
0
0
0
1
1
47
240
0
0
0
979
1
0
3
3118
158
0
600
0
6
0
0
3
111
0
3
442
1
0
655
2
0
163
16
2
1
0
0
0
164
0
0
2
1
2
0
207
20
2
0
0
0
0
22
0
3
0
0
4
0
0
36
0
0
0
1
44
0
0
79
29
0
0
143
0
0
244
0
0
81
0
0
0
0
60
1
0
0
6
2
0
2
6
0
0
0
7
0
0
0
19
40
1
2
0
3
0
0
356
0
908
0
0
10
0
0
1
0
0
80
11
0
0
4
11
0
151
0
0
0
74
266
34
0
0
397
0
0
536
84
0
0
4
2
0
440
1
0
0
242
0
0
2
146
0
10
146
6
0
5
3
2
0
0
0
0
0
0
86
75
0
0
0
1
0
0
0
0
0
0
136
3
21
0
3
3
0
0
0
0
0
0
1
0
0
0
0
4
0
1
0
2
0
5
74
0
98
1
0
0
122
0
1
0
59
1
1098
0
293
0
1
0
1
0
77
1
6
2
0
0
1
3
1
7
1
0
2
0
673
5
0
0
197
0
0
0
0
0
0
0
20
0
0
57
0
422
70
0
0
0
5
0
74
0
0
1
93
6
0
0
13
1
1
0
0
0
0
0
0
0
0
0
12
0
40
266
7
0
0
0
1
7
0
0
1
530
0
0
0
26
7
0
4
0
0
0
0
0
26
5
0
2
0
0
756
56
2
114
0
0
0
0
1
0
4
2
6
346
26
68
1
5
0
1737
572
0
9
270
1
1
0
3
0
0
8
2
0
0
0
5
316
0
151
62
4
21
0
206
0
0
0
3
0
817
0
0
0
0
0
0
49
0
0
0
746
42
0
0
0
2505
0
27
756
0
4532
6
0
0
0
0
0
2
46
0
0
0
0
5
0
0
0
0
172
6
477
0
37
128
3
250
0
79
0
0
1
15
2
0
2264
0
0
0
0
0
0
0
0
0
56
0
0
19
0
3
799
0
603
0
0
13
0
51
215
1
99
0
1
209
1
12
1
0
0
0
138
3
0
1
1
2
0
901
95
0
76
23
1
0
0
1
0
118
1
53
0
4
17
0
657
3
7
218
0
2
5
0
6
0
1
0
49
320
17
1
1
0
0
0
0
3
0
15
325
0
1
0
0
12
0
0
0
0
0
929
0
0
0
1
0
1
0
1
0
11
0
21
2
0
383
9650
19
3
7
0
0
617
0
0
4
0
1
0
0
0
0
90
0
165
10
0
4
37
3
0
0
0
1514
0
0
395
1
0
20
65
1
0
88
16
26
4
1
190
105
42
5
0
36
9
11
0
2
1
26
0
355
3
1002
0
0
310
3
296
31
26
1
3
1
19
11
2
100
3
0
1002
0
0
2
52
0
120
2
0
1
0
8
289
1405
175
7
0
0
0
0
0
1594
134
167
0
178
4
1
3
37
258
3
0
14
0
10
2
51
0
1
43
7
0
0
0
67
18
132
756
73
30
294
0
0
2
306
0
269
7
0
67
0
5
0
0
61
5
0
10
0
17
32
2
18
2542
0
0
690
0
0
39
4610
0
77
147
0
0
1
6
4
0
0
0
1
1
0
3
105
22
42881
247
1
202
0
28
484
34
1
27
2
0
0
7
0
65
16
81
78
0
0
136
303
38
0
0
446
11
6
0
178
0
102
135
49
17
0
88
0
37
0
0
4
0
51
2
12
2
934
56
0
5
190
24
27
220
64
0
2
277
575
8131
0
0
89241
104
534
1
5
0
3
257
181
0
54
18
55
0
2
0
1142
0
78
0
5
3711
19
76
194
1
0
10
43
1
47
110
539
7
76
858
0
0
22
35
41
0
752
21
2
36
175
0
8
3
531
0
0
0
2
0
0
5
0
0
0
332
1
1313
98
1376
350
6
38
574
0
96
15
315
4
101
2
109
0
8
0
29
1
483
1111
6383
1
7
77
7
1
2
40
3
1
2
67
2
715
12
43
0
131
160
16
9
0
2
5
0
0
3
143
0
264
0
0
4
0
31
33
0
555
2
1350
64
0
217
30
2
314
0
277
1
325
0
0
0
12
104
36
54
0
1
1524
0
351
0
3
187
178
51
0
1
167
122
0
410
0
22
0
74
156
2
0
7943
0
1
726
36
29
40
292
1
20
135
69
10
365
0
17
76
2
38
499
68
131
6
301
45
4
420
8
0
31
0
13
15
5
0
2
304
7
566
29
0
0
0
0
63
354
91
124
337
18
41
0
0
0
35
64
94
0
2
26
21
0
21
7
425
154
0
0
244
2
53
17
18
10
0
1
5
1
210
0
0
171
0
5
143
24
0
25
0
159
35
20
0
0
112
23
49
0
0
0
0
0
22
22
358
41
0
0
0
0
0
0
298
1285
12
2
1
0
43
317
45
90
632
919
2
0
0
36
1
0
78
13
93
45
137
91
19
2
47
544
41
0
100
6
3
306
1
8155
3
23
88
0
0
280
0
0
0
36
0
18
46
22
0
357
4
2
2
22
10
743
0
1
178
88
0
0
35
50
0
0
141
211
1
0
4
0
0
0
1871
0
28
1
1
0
0
5
33
68
469
0
44
0
0
5
710
0
0
1
142
577
3
0
1
0
5
104
0
23
16
0
1
1204
93
1
0
61
8
0
1
21
1
735
166
407
1309
0
0
0
253
0
0
0
4
0
30
61
0
0
292
0
12
13
21
15
137
135
0
0
0
2
0
13
0
0
281
139
0
108
0
0
2
614
189
80
714
3
155
66
1
946
0
0
0
48
0
51
41
8
36
80
9
0
154
0
0
85
2
621
0
1
119
80
354
12
3
0
2225
1
0
1
79
1
0
1059
3
92
269
851
0
513
0
72
0
0
240
6
25
12706
0
1
0
832
0
355
20
106
1
71
213
0
28
2
3
2
2
2
319
0
54
0
0
0
0
215
491
68
0
7
0
0
4
0
5
0
3
260
588
0
0
19
0
0
246
1
0
10
0
1
0
76
15
660
53
0
25
6
4
423
154
10
5
0
6
0
0
12
16
4028
5
0
0
286
1
0
122
0
327
0
609
131
0
7
0
2
1227
0
1
0
25
35
345
0
0
36
220
102
0
18
151
0
1
0
9210
15
0
147
24
10
114
1
58
0
85
18
0
2
0
130
2
3
1387
108
0
33
0
0
2
51
1329
2
11
0
0
148
156
0
0
125
0
34
74
191
0
6
87
0
0
0
7
0
7
1448
51
29
0
0
0
0
722
113
198
163
0
0
9
34
6
292
19
2
6
4
0
0
0
67
1
0
8
40
19
23
551
14
0
1330
0
425
1
279
0
78
0
17
4
532
0
293
1
363
0
3
0
1043
214
42
0
6232
83
0
581
1
6
1
1
2
4
207
61
0
426
0
1
22
2
0
1
340
88
0
0
0
147
13
9
0
0
0
12
0
0
2
67
4
0
0
1
2
87
0
0
0
362
13
28
0
625
0
35
6
41
0
1
4
275
0
0
286
0
0
0
0
0
15
18
2
4
112
0
0
5
0
0
6
3
2
0
90
32
342
0
0
0
5
28
0
3
0
0
0
0
7
3
1
22
1
0
0
0
3
0
0
18
0
0
10
0
2
7
0
0
2
0
23
0
14
3
3
6
3
0
0
0
0
13
5926
0
0
1
0
7
11
126
38
0
0
520
9
1
2402
59
7
106
17
7
0
108
51
2
122
4865
40
0
4
6
0
18
1355
54
286
0
174
100
3
25
130
0
229
5
64
61
0
30
142
49
0
4
135
1330
12
1
35
0
3
651
0
437
4233
0
1
443
73
2
37
77
705
24
103
140
128
7
333
15
0
161
352
66
0
1
2
586
0
0
0
0
0
1
2
0
14
0
14
43
61
86
26
23
0
2
20
51
54
10
2
46
283
11
29
0
22
3
0
16
138
0
255
1
0
0
3
2889
0
1
756
0
5
16
0
0
13
24
571
0
736
2
151
580
30
0
0
0
2
0
265
0
3
6
0
790
0
0
2142
45
0
0
135
1
12
273
0
20
103
137
0
29
379
16
0
0
2
0
0
10
156
2
117
8
0
0
194
1496
36
3097
0
13
0
258
8
65
1
4
41
55
1
3
0
0
0
11
0
41
255
76
0
102
211
356
86
166
229
0
0
1147
2
0
0
0
357
256
4
0
0
0
0
1
2
0
0
0
0
0
0
0
66
228
182
10
5
1
0
114
0
0
2
0
5
0
17
0
29
0
16
4
4
0
0
25
155
43
0
2
7
1
1164
524
1
3
0
1
56
0
10
0
247
0
4
51
110
0
455
14
0
24
0
19
0
32
2
0
0
0
23
59
40
0
1
0
10
0
569
0
40
0
6
1
2
156
11
0
61
0
0
58
0
63
5
1049
0
0
0
43
867
0
22
0
0
3
0
35
2
3
202
1
12
0
0
1
38
0
0
49
77
520
0
73
640
365
2
10
19
840
8
1074
0
2
0
2
10
79
389
286
0
0
4
0
10
0
0
0
0
0
0
0
0
311
95
0
12
51
210
0
8
3
2
4
0
9
1
90
0
93
42
0
4
31
0
0
0
0
4
0
0
19
3
73
0
9
24
68
15
16
0
45
0
0
0
0
0
0
0
16
0
0
42
0
4
0
15
0
5
0
0
2
59
0
97
0
4
17
150
1
0
215
3
0
24
7
47
0
4
0
9
0
5
0
3
0
2
17
0
0
0
7
216
159
142
0
0
17
0
83
1
845
2
304
162
474
8
2
2718
537
0
0
0
251
0
0
15
71
0
0
0
24
0
260
0
5
269
70
276
1
4
7823
62
0
20
0
26
25
0
8
609
0
36
0
0
111
3
19
0
4
485
0
0
33
2
148
9
2
13
224
16
4
0
0
278
268
4
0
177
1
456
1
32
37
509
10
7
0
0
0
3
0
177
1
0
835
149
0
4
913
0
2
0
0
2
0
0
78
10
190
2
201
741
60
370
0
257
0
11
489
6
1
12
29
2
0
2
3
12
4
1
11
667
0
3392
0
591
103
2
1057
0
0
108
3
68
1084
4
119
310
256
24
237
5
1
0
8
241
0
3
0
4
151
4
1
0
0
7
69
0
72
2086
17
380
44
11
2423
92
13
29
22
113
1
1
66
797
55
2
773
400
105
0
2
8
3
136
486
175
18
398
0
9
0
8
0
113
11
2
0
141
22
2
18
26
0
270
373
565
98
0
0
112
15
1
0
0
80
0
11
418
16
0
0
4
18
277
3
11
2
11
345
0
311
19
8
0
0
1738
0
714
419
38
0
35
696
118
269
50
1
4
0
368
0
358
0
0
3
0
9
473
3
486
141
362
53
2198
14
15
0
167
0
2
1
0
27
19
702
186
0
81
111
67
458
0
0
63
25
1
0
72
127
164
127
0
0
58
1154
0
1
8
14
0
0
89
36
7
57
65
0
307
17
8
0
1
2
15
0
0
0
0
13
0
20
0
30
0
788
1
8
0
0
0
0
14
0
323
3
2
0
1
0
1
0
0
2
28
19
77
34
215
0
25
0
0
54
45
51
1373
11
0
0
20
0
81
0
315
117
16
0
69
45
0
111
24
400
7
304
6
0
0
0
1
15
13
811
45
16
2
267
423
0
108
0
6
13
1003
235
1088
264
835
0
559
206
2
0
0
117
22
0
48
0
39
491
93
0
76
0
182
82
620
136
7
45
669
0
4
0
0
79
0
2
4
9
2
1
0
3
0
0
11
0
3
5
2086
76
15
9
15
1448
5
529
0
0
194
0
22
3
0
0
670
37
6
244
5531
0
113
6
0
148
196
3
2
38
0
0
125
1
29
0
14
67
54
17
0
19
1475
85
0
1
73
12
1
0
0
0
197
1
2
0
0
0
293
554
5
323
115
0
31
0
0
28
8
96
3
114
174
3
339
16
58
0
0
18
0
0
0
164
0
467
31
54
2
18
98
12
0
6
2
2
0
1
9
92
1171
0
0
0
0
0
3
0
2
28
4
264
0
482
16
174
29
3
3
11
901
195
86
191
0
1
0
0
66
6
0
0
3468
0
1685
76
0
0
427
13
31
61
1
0
104
36
129
383
0
0
1
286
0
0
2
5
101
13
6
16
3
0
6
0
789
24
0
128
0
1413
0
93
164
4
0
98
1
2
0
99
0
0
0
0
148
0
266
301
4
119
10
0
63
2126
946
67
0
2
12
24
0
0
0
9
154
0
11
16
19
63
1
0
92
20
26
0
122
0
8
0
3
12
0
2154
0
11
0
0
0
13
0
5
0
673
3
0
12
20
93
0
1
0
180
0
43
3
15
97
0
950
103
13
16
2
0
0
0
0
49
75
29
0
34
0
2
8
404
0
48
25
0
3
171
1
24
430
502
39
96
1
38
28
0
132
0
5
3
2393
0
44
228
4
779
0
0
52
171
0
12
75
0
22
0
4
159
14
0
11
3
5992
0
0
0
133
0
0
0
4
957
230
3
372
9
8
617
0
0
0
17
142
1
4
356
0
27
14
83
286
28
532
0
0
12
0
5
261
517
6
376
273
73
329
3
1868
190
2
0
4
781
60
458
2
1
8
3
184
0
420
11
165
1274
0
2
167
3
0
13
32
2311
7
3
7
154
1
18
216
3
5
1
51
0
532
64
0
0
421
4
1
14
0
0
61
42
4
22
133
37
0
326
3
0
152
104
2
0
0
2
0
1129
0
1107
0
108
0
50
149
262
2
102
0
0
1
3
1
0
0
6
16
171
0
2321
0
93
0
15
290
183
0
12
9
230
19
6
26
0
0
3
241
87
0
0
49
0
27
0
0
0
499
0
561
1528
6
18
60
270
0
0
2
0
78
6
23
0
5
0
0
1
0
3
3
150
74
4
6
41
2
1
0
1
27
1
1
1
10
87
2
28
0
0
107
0
0
0
55
0
14
43
3
3
102
2
1
0
94
0
1
0
0
13
47
47
0
1
498
17
786
9
3768
15
34
14
11
142
1142
0
0
8
0
847
475
30
74
663
5
29
428
0
0
0
0
171
2
11
46
0
0
214
0
8
16
2
5
260
17
0
788
1
292
26
2
3806
9
4
2
225
0
1
2452
101
18
0
52
35
16
8
5
0
56
587
2309
375
2
0
0
0
7
1893
4941
8
211
32
1151
2
162
239
0
0
495
2
32
0
12
316
50
461
109
170
3
3
22
467
38
1
0
0
0
7
58
0
22
32
0
3
0
74
104
731
9
15
42
0
343
0
81
5062
14
3
641
133
23
70
0
55
1
120
16
0
8
135
0
0
0
224
0
2
5
14
510
3
0
0
159
0
13
0
45
0
226
0
451
1
583
0
4
10
11
4
2
0
115
10689
26
286
47
1249
1
303
0
243
522
5
22
0
16
20
5
0
31
0
23
0
5
78
36
501
19
10
2
0
1
361
116
43
0
26
2031
879
67
0
0
0
154
47
0
201
2
16
262
118
11
296
40
52
0
0
502
6
0
0
0
0
0
0
3
84
1
0
19
405
0
0
0
374
146
487
32
852
132
496
0
457
0
1
51
24
10
2
0
14
259
2
0
0
245
3
724
3
32
0
0
4959
0
0
8
4
0
9
0
111
197
260
0
18
2
0
30
91
1
442
802
1
107
133
0
0
0
66
184
33
1
0
0
123
1
1410
49
131
53
26
98
0
82
28
64
36
4
25
0
0
1545
0
34
0
0
44
2463
65
14
46
1
0
8
0
2
0
60
467
0
1
10
1
0
0
48
223
0
9
15
57
85
0
0
1
6
1
2710
355
0
8
66
2
28
0
0
0
1660
182
18
230
21
270
11
0
275
237
0
0
15
1825
2
131
0
2
0
0
670
0
0
38
1
0
1
0
16
7
162
24
30
0
0
0
264
2
5
0
31
0
0
0
0
0
0
268
0
2
0
0
34
0
0
0
0
1817
0
135
0
9
0
0
3
109
0
6
540
1
0
0
607
49
828
7
1
0
33
250
88
0
14
305
2
3
0
457
2
0
6
3
2911
0
1
50
22
0
0
0
64
6
14
2
28
51
645
0
0
128
51
3
0
0
154
301
12
62
0
84
121
2
287
16
0
21
25
15
3
428
1
6
0
2
106
121
26
368
0
147
1833
120
0
39
0
270
0
920
2
106
0
0
63
1024
2
176
3
3
0
422
0
0
0
151
78
0
2
303
125
160
33
1
7
87
2
7
2408
276
4
0
0
10
15
282
129
0
12
0
16
1
1
7
1
1
0
0
0
68
10
6
0
0
603
93
3
33
2
0
0
716
30
4
5
0
15
570
14
2186
1
0
0
0
0
445
0
0
1
48
304
0
1
20
0
1
0
333
36
0
0
532
3
13
0
2
20
4
19
0
0
25
1
3
44
73
4
390
466
1
3
0
0
0
116
0
205
1207
0
52
23
10
8
28
1
388
0
18
6
0
368
14
0
15
0
0
19
61
8
2
100
3
0
1
123
0
0
0
1100
301
29
198
0
0
0
7
310
5
8
337
1
0
6
2
0
0
214
99
1
391
29
118
14
0
18
0
573
12
3
0
4
35
28
36
0
290
441
257
2
732
230
0
3
7
20
319
2512
866
0
16
852
0
179
0
0
0
8
472
24
336
0
0
1
0
0
0
20
0
0
0
314
0
3
0
23
0
0
18
1
0
1
2342
0
92
79
0
523
0
6
0
0
125
0
18
0
201
60
261
0
177
0
39
0
4
0
0
0
1
11
1
4
0
133
0
0
0
28
0
462
102
1627
0
13
14
550
6
20
1
28
0
0
2
258
3
234
0
0
1388
2
11
3
0
0
3
672
456
410
71
18
10
0
0
7
3
60
0
1
347
277
217
0
0
5
11
232
172
39
718
5
39
0
16
188
0
1398
0
90
0
0
1134
0
10
142
282
0
24
2
71
4
738
41
13
33
0
0
0
0
1
54
190
37
10
279
685
350
0
310
75
115
11
0
14612
2
28
9
471
257
110
2631
0
620
51
46
37
110
0
2323
4
0
62
16
0
432
12
7
585
0
1
10
851
0
39
7
146
271
17
12
0
0
4
0
0
73
21
104
2
501
0
0
2
3
49
706
29
36
570
0
17706
0
0
7
4
3
4
3
0
4
0
77
350
50
2
25
580
856
0
65
77
293
0
122
0
0
377
43
0
0
4
0
4
0
0
345
0
4
79
1573
33
522
48
3
316
956
2774
51
14
0
449
672
2
0
6
53
1605
0
0
170
7
0
11
1
0
1
230
4
1477
0
5
23
0
5
2
751
23
1
0
5
20
191
17
0
0
237
0
0
2
17
52
533
43
302
1087
4
0
0
503
0
1
1
11
0
50
0
2
1539
14
194
0
425
494
80
93
17
604
5
0
1
0
807
0
0
0
28
0
0
0
0
38
40
4
0
3
0
1367
5
0
79
2043
1
689
4
9
26
0
0
5
592
24
9
0
19
0
0
69
0
0
0
27
381
20
0
122
1061
0
0
63
27
0
148
1374
20
2
59
0
0
0
0
6
66
0
0
5
132
41
0
601
1
6435
152
1
0
741
0
40
77
6
0
536
63
84
2327
4
0
0
63
2
2
0
2
22
3
0
581
0
13
7
26
0
19
22
0
9
2
1
5
33
10
2
0
4
0
327
0
2
1
0
1269
20
0
24
10
0
871
0
0
98
1
3
277
190
0
0
69
24
163
271
0
345
37
2
38
97
524
265
78
0
56
0
0
1
0
4
0
33
1
7
0
0
34
65
974
2
0
2
237
433
152
25
371
14
93
18
0
182
0
0
13
0
3
0
54
29
0
459
19
0
0
1
3
0
176
0
35
2
0
0
133
29
104
31
478
177
181
0
6
182
16
0
0
3
0
16
0
38
5
0
0
4
176
415
0
0
4
0
328
0
0
14
1
168
307
0
104
0
28
732
3
85
13
0
0
8
1
9
2
6
9
0
36
565
1285
117
106
466
0
8
384
607
0
365
209
14
2
130
1223
13
2903
10
59
26
0
0
0
61
109
448
5
103
367
1
0
0
239
1
0
0
62
0
487
48
0
3
3
144
81
18
5
0
1
6
535
3
2544
525
2
4
145
0
230
0
6
1
0
449
254
2631
0
153
0
235
135
554
0
0
74
0
12
0
889
0
17
312
0
39
310
125
39
104
254
7
1
27
141
2007
0
1
0
44
0
131
942
133
0
129
1
385
8
7
0
93
205
7
0
2
107
476
0
20
3
27
48
3
3
17
0
0
0
1
0
28
0
4798
4
0
48
2155
0
41
6
10
0
0
70
0
2
1
576
5
0
84
66
133
19
5
4108
202
4
0
2
4
161
2
0
189
1
2
1
105
24
4
80
3
7
0
31
0
13
0
110
2
27
1139
27
132
0
233
0
146
0
94
6
135
0
0
3
3
45
344
66
0
28
236
138
275
3
95
63
280
249
50
3
0
14
1
9
1
0
0
245
0
0
289
0
2
5
1819
7
0
0
6
33
1
2
0
48
336
27
0
255
156
22
0
0
0
81
0
0
311
470
10
0
0
178
5
21
35
0
2
59
49
0
5
28
0
56
0
126
6
0
0
1
0
103
2
15
0
134
77
0
3
562
0
426
0
98
8
0
12
22
14
120
249
0
10
0
11
0
0
77
1
369
128
8640
0
30
0
119
234
5
1
6
0
89
92
0
0
0
0
0
43
0
0
536
25
3
5382
601
0
0
2
0
327
4
441
0
764
35
0
103
1554
110
0
0
26
994
28
1
0
19
9
3
839
2622
0
771
0
0
845
225
753
15
0
0
0
1110
698
4
324
0
65
0
0
4
567
71
2
0
0
1030
152
27
12
0
0
3
3
27
37
1185
1
163
0
5
0
5
1
0
15
37
0
79
1
8
0
0
23
5
4
1
36
0
10
0
198
12
5
3018
5
0
0
198
10
0
341
836
0
23
21
2
502
79
0
0
151
12
20
683
2
9
11
0
0
4
45
132
650
5
2
114
734
120
60
0
60
179
316
36
0
28
44
76
0
32
34
182
46
5
1257
0
39
801
214
219
0
202
6
498
54
0
0
466
234
0
43
16
30
0
4
0
6
0
0
0
44
872
183
22
0
0
7
2
50
34
4035
0
0
0
0
0
0
134
2380
0
13
21
0
480
0
6
253
1081
0
0
0
0
32
86
39
129
15
87
2
3
140
0
0
146
0
2
54
80
0
0
392
10
1
3
0
48
1
57
87
0
0
7
65
9
0
59
8
128
0
5
7
0
0
1
147
1
0
139
76
24
0
80
0
15
0
267
7
79
0
10
13
11
1152
53
0
13
9
0
13
0
0
130
0
335
517
0
367
0
76
646
0
1
0
5
541
2
22
0
56
5
6
356
161
1
138
0
13
115
29
0
1
448
1
4
2
176
2484
0
39
391
184
240
3
0
1
0
77
28
2998
0
18
0
0
419
59
20
143
9
95
0
324
3
2
1
4
2
0
400
335
12
22
1227
1
0
3
0
47
305
2
0
50
0
4
26
52
350
0
163
0
38
134
22
16
2
0
4
85
0
0
0
606
12
163
181
0
47
3
2
10
27
158
0
0
230
103
165
0
2
521
178
1177
0
5
113
0
6
1
0
74
3
117
27
2
3
3
150
1
761
1701
0
2
46
219
185
20
0
0
33
39
1
47
16
331
49
47
2
66
0
0
0
0
1
266
15
2
0
25
1
2
195
0
0
134
0
2
0
10
0
71
0
0
53
0
0
581
111
14
1698
14
2
0
354
1
14
0
138
6
2
3
3
14
1
478
85
12
0
2544
0
0
0
115
1173
0
141
33
0
11
0
0
675
86
26
0
0
7
0
2
0
15
0
210
57
0
1
0
0
6
0
29461
0
48
0
270
0
104
0
0
1204
183
95
3879
192
0
491
0
12
6
52
41
0
43
0
1662
0
0
311
0
124
4
3
43
68
49
0
0
10
396
1314
244
17
0
0
62
0
0
0
4
1
7
2
16
4
14
121
50
932
16
2
0
0
37
474
49
2392
0
53
0
81
2
1619
340
67
9
832
0
84
21
2
326
6184
2
0
124
171
79
162
0
2
0
0
63
528
31
24
14
0
990
10
3
700
44
99
2
2
862
0
126
3
7
715
36
51
4
256
0
1
3846
11
0
0
67
6
64
141
1
318
596
502
691
0
1
48
1
11
62
436
63
5
0
15
222
11
0
7
11
1
2
0
0
1
4811
0
0
0
313
0
92
0
27
243
1
0
3
17
14
0
1
45
113
88
79
2
3
289
294
167
1392
173
168
0
243
0
22
148
0
73
0
142
128
0
21
69
0
1
328
35
81
173
5
0
4
0
0
0
0
0
1104
0
4
9
524
1
13
0
988
0
76
20
122
0
0
119
0
237
1
703
58
0
3
416
0
164
23
1
0
378
0
115
59
1570
0
0
0
0
8
381
0
26
0
1921
0
0
0
0
5134
0
1199
0
7
162
0
1
2
467
0
80
0
35
0
8
81
0
94
0
12100
0
5
21
0
0
0
58
0
0
0
14
0
9
0
0
86
0
339
1
17
0
0
803
39
0
1
0
0
22
0
220
1
2
0
169
7
0
140
0
54
0
3
10
0
1
96
88
0
16
0
1
0
2
0
3
0
165
0
6
0
0
140
23
0
652
0
3
0
19
113
4
2
0
64
13
0
0
37
9
0
0
45
1171
0
10
460
5
139
0
1
340
7769
0
0
0
0
375
0
343
1
21
0
0
6
0
35
11
3
6
0
52
0
3
74
30
73
9
0
99
0
2
265
0
0
437
1438
0
150
0
0
15
24
0
15
0
5
173
76
158
0
95
2
0
0
3
654
0
329
0
0
11
16
7
0
4
14
0
1024
6
0
49
0
0
190
33
1
194
343
0
0
15
0
19
2
491
0
0
18
18
0
324
0
14
0
490
0
35
3
144
0
4
35
0
412
0
5
50
0
0
273
1
771
0
1
25
0
0
110
91
140
25
3
0
97
0
41
0
432
252
2874
1
0
6
785
188
0
4
0
101
17
48
7
20
300
78
655
791
51
1815
40
0
0
21
0
20
5
0
167
0
7
23
2
25595
7
38
2
10
104
0
2
204
0
75
2
9
0
0
0
316
0
11
3
5
0
18
7
28
0
592
43
11
5
176
8
2
9
0
94
0
5
0
27
7
0
1284
21
0
2
463
12
74
4
0
0
0
712
2
0
0
19
2
1
0
3
135
4115
415
0
0
2
0
108
0
6
1
0
7
0
25
12
0
0
0
176
7
2
0
0
192
1820
320
118
1
5
16
0
0
1
327
526
393
9
3
15
4
1
3
76
0
3
0
0
1
1
5
2
0
0
0
0
11797
0
29
111
0
56
28
329
240
86
0
2
0
222
0
102
141
0
3
0
110
1271
60
0
2
123
0
2
247
9
16
1
2
0
26
21
0
11
5
0
2
0
32
91
123
12
285
96
57
64
1401
29
114
0
1
26
13
75
19
1593
1612
0
3
18
3
89
4
87
0
76
131
0
243
5
92
0
0
79
0
974
8
0
0
5
1
0
5
10
7
40
0
199
0
200
690
103
108
1
22
9
25
108
2288
485
0
0
380
7
149
0
2041
0
0
4396
2
5
4
0
0
43
10
2
152
0
1
739
0
0
0
59
4
29
5
0
2
294
0
94
296
30
0
0
473
27
4057
6
130
0
57
729
0
0
166
63
36
60
0
0
130
1
15
0
2
536
2740
9
38
148
1924
0
2
763
2
0
905
136
5
147
36
1318
21
0
0
443
8
50
0
0
260
0
46
0
0
0
3870
87
1
31
77
8
68
860
9
0
3555
4
0
9
0
104
1
2
210
0
0
23
698
96
0
347
7
370
16
15
24
0
23
3
99
24
111
0
0
2
0
905
8
0
207
1051
0
0
68
8
30
1
831
82
131
279
0
0
2458
355
5
194
0
2
222
54
73
0
0
63
93
1
4
3
0
62
0
11
2
524
28
0
0
11
4
35
1087
39
0
70
38
0
58
10
5
7
990
0
0
175
87
60
1
112
0
835
15
96
0
42
4
0
2
66
52
0
478
172
6
10
102
18
19
276
11
24
2
207
4
187
31
0
9
0
0
0
0
4
0
2331
904
27
10
0
0
2
4481
2
94
16
14
0
414
0
1
23
3
101
29
763
18
0
77
143
264
0
12
54
0
6
0
1
0
1
34
969
283
0
0
136
68
217
2
0
6
17
27
1950
1
0
0
19
98
0
78
0
1
49
4
0
180
759
1721
1
561
0
42
3
0
0
5
0
1597
29
573
960
349
18
177
0
289
6
312
0
45
4
7
4
181
879
2416
527
0
191
0
11
5
18
3
65
140
4
578
22
100
22
0
87
23
19
131
21
0
425
196
0
193
2
1
280
17
1570
218
414
204
2360
19
0
1
0
2
20
136
460
0
87
191
0
57
0
0
45
735
41
0
0
0
0
10
4
61
126
1291
0
13
948
226
0
722
263
0
26
1503
19
35
17
2
0
3349
0
1658
269
29
125
51
0
3
0
0
101
0
1
8
24
2
0
0
174
0
77
1
0
17
104
0
0
0
33
2
33
0
0
1114
2
0
0
85
7
1
3
25
263
0
61
0
322
49
76
40
492
334
0
38
0
0
0
32
108
120
8
8
0
39
0
0
2
0
2
157
109
11
0
2105
2
14
1
83
16
392
0
0
37
0
238
107
64
0
0
0
255
46
0
9
0
4
27
37
0
1
321
0
111
0
219
6
174
1666
0
0
83
600
0
5
347
2
90
630
18
596
128
0
0
9
0
138
256
194
0
0
1
3
6
0
2500
94
17
2
91
1
0
14
0
115
1442
72
1278
408
2442
45
164
448
1008
569
14
2
24
109
9
144
0
987
5
0
0
0
16
0
20
3
7
2
6
4
0
9
403
275
0
34
0
220
2
26
12
27
14
4
0
106
51
48
87
31
4
30
0
39
664
1
446
0
55
0
154
133
35
0
132
9
0
0
0
9
227
10
313
14
38
9
79
126
0
371
2799
87
0
0
164
9
0
219
0
48
0
174
0
0
0
4
33
12
27
1
1240
183
47
8
150
2
0
377
348
2
0
2
179
1
97
33
0
2694
144
0
421
74
128
0
1
115
41
214
680
35
0
305
12
73
0
0
58
0
0
2
41
2
0
1
28
33
6
68
0
2
11
177
47
0
1
39
1
5304
231
0
1
176
2
0
3
92
262
372
0
0
64
8
1
0
1
103
10091
60
0
99
0
5
106
31
21
166
3
2205
548
95
0
0
64
60
0
26
64
95
47
7
0
38
0
0
1329
0
0
117
10
2705
141
2
2
0
3321
386
308
45
0
1
0
0
161
0
3
169
49
445
1928
4
736
21
492
2
0
2
0
988
0
0
0
0
0
84
0
126
0
430
20
35
0
104
1
376
6
9
1
0
2
2379
19
0
0
0
2
1
4
147
2
64
3
333
11
100
965
4
0
5
0
0
32
199
0
563
25
0
0
0
2306
9
1
1
9
243
1
59
0
33
79
0
21
30
16
7
13
0
48
420
1
5
1024
0
5
0
315
2
1
0
155
0
0
394
0
1
0
0
271
2
12
4
0
0
7
0
4217
0
0
2
0
1201
1
265
31
2
100
356
0
0
57
0
7
1
4
626
1
0
115
7
4
78
153
0
2
0
3473
33
6
0
0
12
0
463
99
0
17
158
91
25
192
34
0
3
1
1
30
59
0
0
2
0
139
47
55
54
3
3
219
2759
0
1
0
24
444
3
391
405
0
6
207
38
2
13
22
649
0
4
90
120
5
37
0
24
0
0
1
0
13
8
1
0
102
35
218
148
0
171
1
1130
0
0
6
5
350
67
1261
39
0
0
81
791
3
1
23
15
64
3
29
7
44
17
900
0
3
71
529
0
0
1442
121
572
0
0
4
0
61
3
1635
0
6
1
0
0
0
788
215
0
18
52
52
28
223
2172
77
44
16
3
6
0
3
145
1
252
6
498
9
29
279
110
0
0
1
1
14
34
5
141
1
0
661
0
3
283
0
669
0
1
1221
271
10
450
1321
0
12
5
218
5
138
0
1
1
370
0
0
41
3
1
3530
2
60
274
1
767
0
0
2
3138
140
305
181
150
3
21
181
0
121
12
14
9
301
18
18
0
0
31
0
23
195
20
0
3
0
23
0
0
109
9
1
31
22
44
208
431
3
0
2
0
96
587
43
1
2753
0
3
39
0
1
5
12
0
228
0
3
1
0
3
1276
68
28
195
178
0
1
11
21
5
272
801
11
488
2
7
0
0
0
1
2
64
457
0
37
42
44
0
21
0
193
64
196
24
2
11
379
0
105
184
0
1
421
191
2
0
1820
0
94
12
57
2
191
0
2
0
0
85
0
2
0
6
278
0
47
10
2
0
80
1
541
2
0
173
49
18
4
10
495
0
9
2
1
43
0
0
3
166
0
26
24
0
428
21
109
423
42
46
119
0
13
44
0
3
5
6
0
429
56
0
862
0
40
56
36
17
0
37
20
124
58
0
143
4
0
281
0
0
2
895
30
0
454
322
0
0
8
129
3
159
2
0
1
0
76
0
2
1
0
16
339
0
1
1
0
8
13
447
71
1
0
0
88
12
95
0
96
72
0
1
40
0
0
0
11
51
2
2
38
0
0
0
3
895
7
26
8
2
0
0
0
44
582
9683
0
1
222
19
6
2
600
87
3
1
103
31
77
1
43
0
10
73
47
0
0
15
0
0
1
315
23
2
0
0
20
4
0
2
3
14
131
507
0
31
357
28
0
2
20
7
0
102
0
0
369
0
1
361
3
218
0
103
6
0
19
0
0
0
22
0
5
5
0
1
8998
3
243
2
0
0
42
79
173
393
6
3
27
3
0
40
120
0
397
6
200
4
0
95
0
0
603
0
0
18
0
0
13
3
77
0
0
3364
116
0
2576
0
0
725
499
16
0
0
885
0
43
1411
8
14
19
2755
120
38
0
33
44
0
0
1
0
59
102
126
0
2152
0
220
53
0
0
7
0
58
377
1
3
247
72
246
0
5
558
128
2
0
308
812
0
110
0
0
0
243
132
119
29
73
1
10
0
10
8
0
7
0
0
380
0
266
0
93
7
0
0
255
6740
0
64
2
45
26
0
4
162
99
2
77
0
0
0
0
3
0
87
0
1
4
1
9
33
7
127
83
0
0
0
7
0
0
275
4
4
0
30
0
823
0
0
0
2
0
53
26
0
0
3
516
202
1
0
0
0
54
0
4
83
24
1
25
3
43
58
2
14
0
0
109
0
0
17
3
1
0
66
3
42
0
10
0
0
89
19
9
21
4
3
16
3
47
0
182
6
94
648
3
0
0
0
10
0
1
0
0
4
15
107
0
0
0
61
0
27
2
547
0
2
100
38
1
0
78
71
0
6
1
0
2
2
71
0
153
0
2
1416
89
21
112
36
0
3
51
7
316
45
35
14
62
9
0
29
34
0
7
3986
3
2
285
0
0
0
111
37
1
2
81
0
0
0
63
10
0
8
357
0
0
0
0
0
29
54
3
1167
18
0
36
734
0
29
15
76
0
113
8
3
1
3
2
81
0
0
182
0
0
0
0
2
0
1
0
225
56
0
0
0
7
34
1051
0
0
0
8
9
0
90
1269
47
0
0
0
0
0
0
21
35
141
0
75
21
30
0
0
58
34
17
0
0
0
0
0
429
0
20
0
65
0
0
1
1144
0
217
7
16
169
0
0
0
0
150
122
0
0
0
0
19
14
0
33
1
38
210
61
121
1
10
18
135
1722
1
8
1
20
189
71
22
0
169
1
1
0
12
288
0
11
5
0
250
2
270
70
3
7
2
0
260
28
9
65
6
0
0
56
0
72
28
352
0
0
63
0
728
42
0
0
1
0
1
0
6
0
166
628
1
0
102
8
1
312
0
11
37
0
1
0
306
15670
1
0
0
0
32
0
3
0
30
40
23
290
22
0
2
20
54
92
28
32
21
708
204
0
0
0
18
77
1615
0
2
16
0
41
20
733
0
113
0
2
0
340
418
0
81
141
3
0
367
29
260
3
36
1
10
0
0
5
16
0
0
139
29
1
0
56
0
61
117
28
1
4
0
124
326
3
0
0
23
12
186
0
20
0
48
536
0
7
0
0
49
0
0
2
185
3
10
0
73
1
1
1
0
8
1
12
0
1
0
100
0
12
191
0
259
163
22
0
12
0
24
0
25
87
0
0
0
777
16
0
117
0
0
87
0
4
205
16
6
0
355
190
561
0
6
0
20
224
108
0
0
0
0
0
21
4
4
2
7
49
21
12
0
0
2
1
19
41
123
5
0
0
30
246
0
9
336
280
13
0
189
1174
55
0
15
11
0
475
0
68
17
3
0
0
0
14
4
18
0
27
5
0
8
0
11
24
1
29
0
66
276
38
0
2
20
3
49
463
0
0
1
331
0
25
0
4
6
513
2
0
0
259
163
45
4
0
1
202
3
0
0
8
32
394
0
134
0
52
0
7
30
1
0
47
2
70
836
4
0
0
118
107
47
102
3
0
0
7
0
0
31
259
178
142
36
0
235
30
156
274
0
11
4
0
1
632
1
130
0
307
4
22
160
0
0
1
6
620
90
0
0
14
0
23
4313
0
421
1
0
26
41
8
151
0
0
8
539
14
2
1597
154
0
841
0
19
5
0
40
187
817
97
4
496
0
1
0
4
1997
26
23
6
29
3
3
0
0
0
6
79
88
2
22
273
6
0
81
136
0
0
453
2
0
0
11
0
0
1076
0
2932
8
6
2
1
25
16
3
6
64
6
2612
92
95
175
3
34
1
670
3
2
1126
18
0
0
2
161
0
1
0
2172
0
141
1
4
2
178
0
47
51
1
1
151
0
1
3
724
78
4
351
119
0
10
0
4
6
0
339
1
333
0
2
15
838
0
41
2
0
84
54
0
0
574
237
5
12
1
1
34
0
0
383
1
3
0
67
0
3
7
80
1
0
152
0
37
5
95
0
3
37
0
0
19044
1
206
5
0
0
1
43
101
243
0
1337
8
112
0
0
153
0
0
119
4
203
0
1
32
722
190
86
0
6439
0
29
162
0
63
0
0
10
880
99
20
83
0
3
19
6
1
1
18
23
0
0
5
150
5
0
602
49
342
0
209
168
131
318
135
18
0
0
102
4
0
471
27
148
70
0
0
10
5
20
0
1
90
0
17
120
0
20
5
2
93
28
74
58
0
159
0
1616
0
65
0
0
1
12
15
45
3
204
146
2
90
1
1
2
3
114
144
306
0
34
0
132
2
0
3
3
179
0
2
28
0
1
76
0
85
1494
1
6
256
24
1
248
20
8
253
0
157
0
8
734
2
0
36
4
69
33
0
27
62
2
143
50
0
0
29
46
4
0
0
1
10
538
88
4
0
50
407
314
9
12
1160
382
0
0
4
569
54
0
0
90
233
400
4
4
0
227
0
2591
89
3
0
13
1
101
0
0
0
0
2
123
2
1
0
0
0
0
25
832
13
2
47
2
37
0
314
0
1
423
0
23
2
82
32
4
0
1690
0
180
702
35
202
87
0
521
0
0
79
0
2
0
0
37
0
0
41
0
1
1
1608
0
0
0
26
360
2
403
0
51
0
0
0
49
139
62
18
0
15
1
1
0
13
472
15
94
0
0
22
10
0
0
0
1125
939
131
311
1307
276
4
29
0
0
0
105
6
0
363
369
1266
378
1
8
22
795
0
18
2
202
0
341
0
1225
79
547
1
23
0
2
14
2
7
27
142
53
190
33
20
3
6
0
6
0
0
2
10
711
0
3
74
0
0
0
455
1
50
185
1428
25
0
628
0
7
0
2
186
0
0
0
0
76
7
38
0
23
49
92
86
0
0
0
260
0
148
34
3
0
16
39
2
0
1
486
0
1
0
8536
50
4
0
0
69
121
93
41
99
0
0
3327
0
0
757
0
0
0
4
868
0
1
2
68
186
1
1
0
0
0
10
2218
3
0
15
75
0
1052
2
1
0
5879
30
212
0
125
6
278
0
5
29
0
1
2
7
1
0
1
1
262
29
0
1621
0
0
14
5
0
0
2350
8
5
0
3
232
0
1
158
587
0
224
12
27
52
840
354
103
0
0
3429
139
0
143
2634
0
1086
394
6
2
4
1
0
6
422
5
0
0
0
0
9
0
0
0
21
9
31
5
0
32
0
361
23
0
45
7
316
27
0
0
566
3
0
72
5
4
0
0
22
3830
185
0
27
25
88
3
57178
262
17
35
3272
250
2
9
2
0
41
2
2
119
0
1383
2118
0
11
0
81
313
97
139
325
10
0
0
0
1302
20
0
4
5
10
0
28
1085
45
202
3
0
0
282
0
16
2516
2
0
44
0
0
18
368
3
10
206
177
1
17
621
17
0
0
1773
3
0
894
0
8
3
0
14
0
0
1
318
10
448
0
110
404
0
0
13
82
80
6
57
0
1
13
0
346
48
75
43
1
1
0
2
70
0
3
0
1
660
2597
170
0
12
58
3
77
0
52
0
37
22
131
205
1
11
165
18
182
0
22
157
0
0
0
1
0
433
67
89
0
0
72
10
0
0
17
3
95
149
10
1
138
26
3
30
0
12
13
1
2
11
0
2
37
0
359
3
0
0
18
0
29
4
499
2
37
812
1
0
0
342
0
117
641
65
1
1
3
0
57
0
126
69
5
1
6654
33
0
11
0
1
952
0
0
0
131
0
30
19
0
2
0
0
196
1
0
0
2
0
20
0
6
0
105
164
0
1083
601
0
342
0
38
0
0
381
0
0
7754
581
0
0
0
154
63
0
36
6
0
588
3
2
16
23
0
1
0
0
8
0
7
672
3
10
6
2
58
4
0
1971
2
1
4
0
11
31
0
0
0
1
0
4
0
6
1
50
11
248
242
12
0
92
0
71
0
0
0
18
4
1
1
0
525
10
18
110
150
7
56
0
96
0
5
13
0
114
0
47
255
0
3
9
0
0
89
4
111
2
0
15
225
1
327
1
0
58
39
541
51
373
325
2
25
1
338
878
0
2
47
24
22
3
554
18
0
230
34
278
21
262
0
5565
125
27
1
0
1323
0
561
92
29
0
0
3
202
20
290
0
1
0
110
1
0
5
200
1
0
1
0
419
81
155
355
15
0
13
0
4
2
14
0
8
0
63
249
2
38
1
0
0
1743
0
40
1
135
0
657
0
7
5
561
0
74
5
117
0
133
181
75
0
526
0
325
0
0
0
1
52
4
354
0
131
0
3
0
0
0
0
0
9
1
0
145
5
34
4
0
6
169
0
3844
7
0
0
49
5
134
1369
1
58
48
460
0
189
0
27
1539
41
7
12
9
827
33
0
136
945
24
1495
0
848
7
0
44
0
0
18
4
4
2176
0
624
0
19
3
244
2
23
265
103
0
169
829
0
998
3
0
0
36
3
0
2
11
0
0
43
0
19
1
1117
0
0
19
1
11
130
0
0
1115
11
10
3
63
22
0
3026
2
5
23
105
0
178
0
22
0
1
63
953
24
0
1
0
0
25
6
2
3
1937
1345
108
5
32
0
46
18
2
516
3
283
71
0
0
0
120
97
0
0
0
0
88
1
22
0
20
1
0
0
5
1
0
1
5
74
14
1
9
0
2
0
0
0
4
2
0
0
272
501
81
35
75
15
74
0
0
0
6
0
1
4
5
45
0
205
4
0
3
3
2
0
3
4
1
0
170
0
3
0
4
34
12
158
8
218
384
223
65
30
165
2
9
0
0
33
3
24
0
3
3
0
0
59
0
3
13018
0
7
0
0
2
89
0
891
15
29
90
0
0
0
0
49
9
0
3
2
0
17
145
0
336
56
1138
621
1
0
0
0
0
20
47
0
107
497
16
62
0
59
133
0
8
22
92
24
34
465
59
99
8222
1012
0
3
20
144
0
0
4
357
1730
18
2
0
366
4
1
0
4
38
9
184
450
524
304
28
0
13
0
1389
2
0
214
437
0
0
3
44
891
0
507
76
0
316
3
0
19
23
3
67
40
0
17
26
121
0
63
180
1580
0
0
2
0
6
0
1
95
0
4
43
62
201
0
1
72
114
8
2
0
624
1
127
0
0
0
2
178
2
0
79
0
1
2
0
0
193
102
267
129
178
2
40
4
0
118
1155
92
306
6
32
31
7
6
16
6
1
2311
35
0
231
0
1
6
0
5
0
0
0
0
145
2
0
9
4
0
1
294
0
148
0
2
2
1
45
0
1
0
191
0
6
0
16
0
0
592
3
0
0
0
177
68
0
11
21
0
2
379
0
72
0
1310
87
0
0
13
181
109
97
501
0
5
313
0
0
43
35
20
3
137
0
135
0
0
0
0
1251
75
84
275
6
0
1
14
262
5
6
5
3
31
0
115
0
81
0
131
0
0
90
0
0
235
1
104
284
0
368
2
0
175
0
524
17
132
1773
7
625
1782
2
3
27
0
0
0
1
309
3
259
1625
367
16
66
99
20
22
2
95
78
5
3
4
162
340
190
154
0
100
693
7
23
7
1200
12
1
2
1090
0
109
68
1796
2
140
6
260
64
0
3
427
16
35
0
1
2574
3
0
551
0
266
14
1
220
0
70
105
261
19
4
2
823
0
0
3
0
3
0
35
0
5818
12
0
483
0
0
9
2
185
30
92
42
0
0
4
489
0
0
0
84
3
104
35
0
0
70
0
8
48
2
190
72
0
28
1
161
2
8
0
12
0
47
0
0
0
1
107
0
85
4
18
0
901
0
2
8
3
13
10
969
3
321
109
95
1
0
0
47
1
2
4
0
269
0
33
0
120
184
1
75
2
42
0
0
12
1
9
7
135
659
0
285
370
146
1
4
1368
9
13
102
0
473
92
0
0
52
111
0
75
87
65
53
0
0
7
2277
116
112
1
409
14
0
201
11
74
0
19
9
977
291
314
3604
416
0
2
44
0
87
12
0
0
0
73
55
3
0
114
214
0
132
0
270
0
0
69
0
0
1230
75
286
0
57
0
118
6
127
0
0
6
704
170
9
134
109
169
1
0
0
166
4
3
42
48
17
148
0
444
0
21
1
784
935
869
18
230
0
79
0
198
0
0
3
19
0
0
101
12
26
1407
25
0
0
14
36
0
0
0
2
149
98
2
239
0
71
3
3269
37
26
5
1
0
0
33
15
0
4
35
160
11
1
4
1436
0
7
36
0
401
3
7
3
4
0
108
0
120
0
69
9
269
27
0
0
4
105
0
21
1485
0
40
0
0
0
2
55
0
26
297
5
0
0
5
2
23
0
0
94
2
0
74
21
667
680
18
0
0
289
44
1
1288
172
51
13
1065
3
0
119
155
1
2
144
27
5
1462
0
7
490
346
0
9
97
47
128
2
27
0
223
180
0
63
161
957
4
0
8
0
14
10
0
51
4
2
53
331
22
113
15
430
1
96
0
104
814
0
14
1
71
23
340
61
3
0
5
133
123
4
0
67
46
0
1
0
0
811
0
1
49
296
0
3
1
33
32
0
1288
7
0
2
15
181
34
0
13
300
0
0
95
1
0
0
105
15
0
0
18
46
0
12
77
3
0
38
0
48
113
0
2
1
4
0
0
171
0
4
323
198
1
0
0
86
1
0
104
1339
0
173
16
30
134
0
717
95
0
6005
2
172
0
0
0
8
278
61
8
111
15
2
346
0
0
2
88
7
6
56
12
369
451
2520
98
16
873
0
13
0
31
25
0
0
698
0
44
72
0
26
262
1
2
298
82
0
0
0
507
0
23
682
8169
1
0
0
0
7
5
38
50
0
5
188
64
0
0
5
1
121
5
187
0
0
452
63
0
0
476
30
0
0
28
0
0
33
0
0
100
0
32
1
24
218
216
6
0
0
0
12
193
0
0
48
1
61
0
0
10
0
0
2
0
8
0
6
22
181
812
1
0
425
25
1
0
12
0
9
2
5
592
8
0
1
8
0
10
2658
773
0
371
159
0
184
0
54
43
70
28
154
0
388
0
0
7
0
117
0
0
120
60
0
0
0
276
62
29
22
0
1
8
0
2
0
4
0
98
0
1
391
96
0
0
0
0
28
0
2450
39
0
331
55
53
0
2
103
12
6
0
0
122
21
5
0
74
15
0
0
1
128
2
0
173
1
9
6
0
0
0
0
154
17
21
0
0
1
2
2344
1
0
300
126
1
46
0
294
131
0
0
21
0
5
34
0
47
0
0
129
3
0
0
1
8
597
45
1
0
0
0
0
21
621
3
207
50
26
34
63
0
0
631
196
0
32
0
21
246
2
1051
2
26
1
0
0
0
5
0
386
0
2
778
0
0
0
0
29
378
6
0
0
0
28
2
47
2
342
276
161
92
212
17
55
5
0
4623
0
3
0
14
1
29
61
325
0
1
6
0
5
0
50
0
0
0
4
0
0
0
5
12
15
6
0
75
16
169
0
10
2
0
19
4
0
152
0
0
173
3
1
3
0
51
0
0
37
10
0
285
0
215
9
1234
59
23
0
12
6
0
31
0
4
3
186
435
0
0
0
13
11
0
22
44
0
1
619
0
8
1
24
27
0
562
0
9
0
181
0
2
0
0
23
0
2
0
1
21
0
1
0
14
8
0
2
1
5
17
0
167
0
14
0
0
0
20
719
0
435
103
0
3
0
0
30477
190
120
17
1
0
93
389
42
1
26
0
15
80
26
1
9754
7
27
1
69
0
80
8
660
249
0
369
5
14
19
4
10
115
146
6
100
220
0
6
5
0
81
2
2
0
86
0
0
0
1
0
0
0
0
60
5
1
0
0
0
17
124
189
0
316
272
310
183
73
1
136
5
0
49
6
0
3
0
2
0
1
0
114
0
43
0
47
0
1
95
128
0
0
10
0
3
16
0
26
20
30
1112
0
691
52
39
0
11
0
0
0
18
0
188
69
37
0
0
0
2
37
0
0
44
78
0
31
0
60
244
0
58
33
56
249
0
0
16
0
2
0
6
0
2
0
0
3
509
50
1
0
8
0
8
512
0
0
44
49
0
131
0
69
159
13
15
35
211
273
4
19
1
0
7
5
85
26
94
0
2
38
503
0
1
0
0
0
18
0
1
456
17
7
7
39
0
8
13
12
1019
0
32
6
97
354
213
2
35
2
3
13
5
142
42
9
22
34
6204
258
8
1
33
13
359
6
3
1997
0
8
0
0
2
10
29
427
4
17
72
0
71
1464
0
0
0
35
0
0
55
15
0
0
61
0
0
6
0
129
0
183
21
41
0
0
0
0
26
2956
23
0
0
107
9
3
30
443
7
0
17
0
1
4
4
37
0
201
1
0
41
0
63
0
0
539
0
4
0
0
0
7
0
0
0
2
264
261
33
57
18
3
1
109
12
74
191
0
277
865
0
0
0
13
1061
9
83
16
170
19
2175
2
0
0
0
0
9
28
0
0
1
0
120
2
108
0
24
5
5
187
0
4
12
19
3
2
0
107
18
1
24
0
573
14
3401
19
3
111
9
124
0
0
22
4
0
232
186
2
1066
18
27
596
10
0
0
200
0
0
36
97
0
66
32
0
0
378
0
16
87
26
8
29
20
127
142
421
1
1103
1
187
128
698
4
8
13
107
226
1
0
0
623
1
84
0
24
30
1347
0
84
0
74
0
201
1
439
36
25
60
0
0
7188
0
124
8
1231
16
0
22
0
0
0
8
21
97
9
3
0
141
5
11
269
0
23
1143
114
4
220
75
49
0
3
0
36
293
54
10
774
0
3
1
0
0
1
9
100
0
0
20
0
0
15
10
0
44
0
0
7
136
1353
25
0
606
279
0
419
21
1
335
39
42
0
0
245
95
41
42
1
63
0
1334
462
0
74
3
0
718
24
32
20
0
2
0
0
37
39
626
0
0
7
3
35
0
0
12
484
0
11
228
187
2
0
0
0
0
238
149
0
371
5
31
28
0
0
34
24
0
554
0
28
82
810
130
2
2
3
6
102
31
0
27
0
21
3
0
112
419
496
0
0
53
0
0
192
1
9
0
24
0
0
30
0
0
0
0
1
69
7
0
18
16
29
66
0
338
0
4364
15
20
104
43
0
576
6
1
0
0
0
2505
0
67
0
0
21
330
0
129
0
1
45
9
3
0
2
0
0
1
1
19
0
23
0
1
0
0
149
67
0
28
15
1
4595
290
2
1
0
973
0
10
926
0
0
0
48
0
3
9
1
0
123
1
0
0
0
4
0
242
0
3
36
0
1924
2
25
0
95
210
0
0
0
415
541
53
3
0
132
83
55
3
16
40
0
8
99
0
149
1
233
13
54
0
69
50
0
1
2
174
0
5
20
5
1
0
0
3
56
270
90
27
10
36
102
0
22
4
435
0
412
1
0
0
104
0
0
385
2
2
1
44
408
149
0
3
0
2407
82
20
4
1174
43
0
22
18
3
33
21
166
17
4
2
53
100
0
33
190
0
0
23
1169
19
7
6
604
15
0
0
0
483
859
1794
0
12
0
8
35
3
0
1350
0
175
4462
83
0
1
145
1071
1
15
15
0
74
1
1074
4170
85
668
0
463
53
3
45
10
344
297
32
23
34
7
10
15
6
71
0
3
5
9
218
159
222
0
4
162
185
14
0
9
24
8
1
1797
0
1
4
78
1
1
0
22
189
3
2
14
0
0
55
3
0
3
2
0
0
0
0
0
1
17
1
0
0
0
0
0
3
421
16
1034
0
98
0
0
0
1
125
0
17
849
11
0
1
4
8
220
5
2
338
0
32
467
1
129
49
0
93
60
8
32
0
119
14
0
0
378
484
0
437
74
447
0
78
0
0
0
6
0
0
0
1
3
0
27
0
467
668
0
15294
0
36
1
1
0
115
48
42
144
75
0
0
4
12
31
0
70
83
79
0
0
0
0
0
58
213
1274
99
0
27
960
354
21
1
0
182
74
0
191
273
0
44
21
0
44
1
68
2
5
0
1
0
162
31
72
130
0
4
1
9
24
125
5
10
0
5
620
93
0
3
1
1
0
0
28
0
4
42
7
0
0
0
2
0
6
4
1
292
0
2
0
208
0
2
40
0
0
616
158
33
15
64
6
0
3
1
26
3
118
0
518
10
5
82
31
1
199
0
13
0
21
0
2
55
46
5
2
394
0
12
11
0
9
43
0
3
0
3
15
0
1
20
0
0
24
22
36
18
0
3
0
145
10
26
467
15
2
184
0
328
415
82
0
0
45
6
421
0
0
9
195
2
385
17
103
6
0
2
0
29
0
0
0
0
6
6
52
2
24
0
4
2
12
17
0
0
46
17
28
15
0
11
33
6
13
129
3
3
0
0
0
19
592
0
158
409
0
5
13
203
1
15
7
3
10
0
0
0
56
0
1
1
62
0
6450
0
125
7
0
0
0
1
0
0
75
0
2
15
15
4
65
0
0
0
59
1084
0
1
3
3
1
122
0
197
617
1
27
116
98
0
0
0
16
0
73
2
53
148
5
21
122
0
5
8
1
0
0
0
37
1
1
0
148
130
1
10
0
382
303
111
0
0
27
0
0
3631
5
665
104
30
0
0
0
64
18
52
0
0
0
0
0
862
13331
0
1
2
27
31
5
0
12
0
13
1
0
49
4
25
35
17
34
12
0
1
62
13
22
4
1
64
14
5
0
0
6
103
388
0
0
58
5
632
0
10
395
1931
62
91
8
0
259
58
365
0
12
89
0
35
325
279
464
8
2
1
1401
45
0
300
54
3
1
4
0
0
71
0
186
34
0
6
8
5572
1
0
192
253
0
39
0
44
6
0
1
13
0
0
0
67
129
2
1
0
6
0
2675
2
1
1095
0
317
47
0
1835
680
32
3
0
0
0
114
0
130
3
75
30
15
254
0
0
16
2
0
80
2
5
427
0
44
378
0
37
0
149
1
0
47
10
1
26
1
3
0
6
308
1
17
4
2
4
205
12
0
126
0
419
40
316
0
0
0
45
65
3
0
8
1
42
0
0
28
0
0
27
0
0
199
0
0
9
3
28
0
124
10
17
0
6
9
0
86
10
7
0
18
0
18
0
0
0
22
108
0
0
45
3
52
21
59
0
4
0
0
2797
73
34
15
0
28
44
2
136
194
10
2
17
38
374
5
19
28
0
1881
151
3
6
53
96
86
24
0
15
0
0
0
0
13
0
0
0
2
4
3
0
159
1
708
71
114
54
0
0
0
1338
0
0
14
0
110
24
3
0
30
0
0
2
14
942
0
312
0
64
0
842
35
22
0
0
0
0
0
41
0
0
11
2
0
4
0
0
0
3
0
0
0
2
126
0
1139
585
1
0
0
240
0
27
2
0
674
20
18
2
5
0
525
0
216
71
4
611
0
100
10
3
142
95
2
4
76
237
0
215
41
3
0
0
625
65
1
39
0
29
0
0
0
5
2528
12
161
99
0
314
0
252
0
2
0
318
0
761
1
10
0
4
0
137
847
0
315
0
4
48
10
8
0
5694
0
0
8
31
125
2
425
78
592
641
230
148
0
3
86
13
42
0
4
1
67
0
88
2
0
3
6
278
0
0
0
0
0
0
127
432
387
0
603
6
3
6
209
47
1
6
0
32
0
0
0
2
308
13
1
0
0
2
0
48
0
0
54
15
44
1408
58
0
2
58
0
302
36
62
1
104
1
520
25
0
0
236
12
136
0
171
14
0
0
255
2
0
239
380
1
1900
5
87
0
364
810
0
702
200
2
2
2344
0
23
5
766
1
0
137
58
13
481
64
39
388
15
2814
48
3
53
307
0
0
0
0
1731
2155
2
408
175
0
152
16
0
1
34
0
17
1
4
44
135
2
35
0
172
0
7
0
2
0
1
0
0
3
41
96
2
0
650
1069
0
125
64
0
202
0
0
3
0
6
49
11
138
935
42
3
23
1
195
0
0
0
1
0
409
3562
6
0
71
66
607
0
44
1
18
1
23
11
2
72
8498
0
0
0
0
8
98
7
1
0
36
0
1
0
0
219
0
70
24
0
37
6
0
7
3444
11
34
0
0
237
0
2
1345
0
0
212
0
6
0
4
0
0
38
41
0
5
1
42
2
0
0
26
22
736
2
0
0
0
0
0
0
63
0
1
0
66
5181
0
5
22
0
75
1
816
10
147
196
0
195
463
0
829
281
0
64
0
4
2952
26
0
63
0
7
4
0
601
6
142
3634
0
1
0
0
2
3
129
0
220
8648
379
0
0
1
1
0
0
228
0
7
39
23
86
442
117
0
0
73
0
39
0
1023
284
2
72
0
0
131
8
4
0
37
0
44
13
0
508
13
0
3
60
304
0
1
3
20
0
0
69
1163
0
157
43
0
1
302
16
4
0
0
375
16
168
117
0
9
0
0
0
2668
7
47
181
0
34
671
214
0
0
1839
1
0
0
4
0
1
0
31
650
61
15
0
646
0
0
19
62
748
86
314
21
0
0
0
9
4
0
481
118
0
45
0
0
1
0
0
548
4
22
198
19
190
0
0
36
164
23
0
7
7
0
5
84
92
0
0
56
0
48
4
0
978
196
0
0
528
1335
233
60
76
0
0
14
0
4
14
12
164
0
0
68
41
1
377
0
0
84
112
157
0
2
48
208
109
46
0
0
25
0
1960
23
985
0
1
21
225
117
24
2
0
647
0
0
3
0
1
0
0
0
0
3
9
32
2
53
0
175
4
0
53
2
144
706
0
0
1
0
0
0
5
0
129
375
51
165
3
0
525
0
71
329
13
346
6
9
20
0
4
10
1
1
0
0
12
1
147
0
2
831
1
35
41
0
1
0
0
16
0
0
16
255
0
0
19
0
1
0
0
7
184
6
1014
921
6
4
123
1802
0
33
56
0
1247
3
5
83
295
0
120
1
11
0
454
62
0
8
3
0
20
175
670
0
228
157
292
3
0
98
883
64
2
23
494
1
260
0
160
551
308
0
45
3
0
4
265
1793
10
0
153
8
7
0
0
18
0
0
0
103
31
70
310
136
77
87
0
24
173
64
0
0
24
0
25
0
10
2152
0
44
46
0
487
13
4
0
3
79
1
251
0
40
0
259
155
130
0
14
1
0
0
1
0
0
169
11
7
0
0
0
0
61
0
448
0
7
1
5
0
0
2
6
0
48
1
158
146
0
174
28
74
111
0
207
29
0
9
6
363
6
2914
1
599
1
7
66
0
0
63
0
2270
412
545
226
54
0
0
0
0
0
31
6
0
7
213
1
202
285
0
0
386
1
0
0
4
1
1
0
2
0
1
15
9
14
0
65
2
178
0
0
5
0
78
2
0
0
38
2
622
54
0
1
43
1
0
60
3
2
0
7
0
67
1
13
2437
4
110
4
124
7
0
0
30
730
327
244
170
43
48
62
123
0
5
0
256
0
256
7
0
516
1
104
87
0
14
0
109
0
0
419
155
82
0
219
63
0
354
104
1
1
0
0
4
212
1
194
2
20
100
0
0
1565
190
0
2
237
0
43
1
281
0
0
461
35
22
1775
625
117
151
0
0
11
0
40
6
110
0
29
52
159
47
2
51
85
44
0
76
105
0
7
228
47
0
23
38
0
0
0
16
13
39
0
3
198
99
79
0
997
2159
1558
67
194
2315
3
106
18
1
40
148
41
200
16
1
26
1
0
227
410
2
2
5
217
501
0
1
0
45
37
2242
100
12
312
6
3
0
1076
16
34
4
0
14
144
24
0
56
88
0
93
491
1
221
67
0
0
0
3
717
148
201
1
0
111
1
0
0
3
0
71
211
2
3
0
2
63
14
0
0
81
0
0
0
1780
7
0
4
86
59
1367
333
0
0
0
0
26
158
0
11
5
1
22
0
46
0
0
18
3
0
1
68
0
24
0
4
0
0
313
1
10
0
92
0
206
360
3
28
0
0
23
49
1204
5
7
0
281
80
2
32
0
90
6
3
2
426
109
4
51
13
0
1
15
2
3
134
0
0
0
1
1
0
31
9127
4
0
50
0
99
10
2
3
4
13
28
4
0
0
222
41
122
4
10
1
56
1
264
0
3
3
23
35
320
3
22
0
0
9
10
35892
0
0
1
433
426
1
3
2
0
0
0
4
39
41
0
20
0
0
82
0
12
0
0
48
365
0
0
3
1
2
141
107
26
552
323
0
0
28
0
13
0
28
0
138
0
2
0
8
3
1
0
956
0
0
419
51
0
1
3
0
0
1
4
0
15
0
91
7
3
77
1572
0
0
145
0
0
12217
0
1222
29
11
7
16
9
0
275
0
41
0
0
150
5
1
42
831
727
1
0
51
0
4
6
8
254
0
0
0
3
401
1296
33
100
33
0
60
19
0
1
6
3
0
2
102
0
187
1
1
0
68
3
0
33
1
13
0
2
0
78
0
0
21
0
65
0
0
1523
34
0
33
0
2
49
248
0
1
8
0
3
0
0
166
0
393
2
1863
21
1
118
3
0
2
0
2
0
12
20
2
6
0
20
11
54
1
167
274
7
895
214
0
1538
37
0
14
0
0
0
0
0
29
11
199
0
78
2
9
2
19
4
0
1
4
156
0
13
167
194
32
3
0
0
0
55
4
0
236
494
83
0
0
1
404
6
1
0
3526
34
0
838
431
0
76
0
0
546
0
21
783
0
0
387
2
3
3
1
1
0
135
0
0
41
145
0
9
26
0
85
2
175
0
10
24
12
131
50
0
0
53
172
3015
23
134
6
143
0
243
10
0
116
0
115
1
611
228
0
10
138
260
0
0
815
0
0
482
74
16
0
25
1
0
0
19
1
0
53
65
887
0
0
34
335
8
0
584
0
0
0
2
0
0
0
52
252
47
26
0
7
64
8
0
0
0
842
6
0
81
214
57
42
9
2
87
1
699
156
116
233
2
1
295
78
15
119
0
202
373
13
60
0
0
2
6
4
39
15
0
15118
17
0
4163
37
7
3
50
637
1
43
0
0
1
59
0
0
0
4
245
0
6
0
2
0
81
26
0
2
97
0
0
319
3
97
0
38
0
0
43
0
10
2
588
30
0
4
0
10
0
0
26
0
161
7
0
5
0
120
6
1036
358
157
420
106
175
0
10
0
0
243
3
1
9
21
52
0
18
700
0
0
97
3
178
0
48
2
71
571
11
0
0
0
92
7537
0
0
0
0
1
0
0
1
7
0
21
105
0
2
52
12
65
31
0
806
471
0
54
74
119
0
83
17
567
181
0
48
0
0
0
0
117
19
85
0
0
17
25
0
1
20
0
129
68
0
208
0
0
0
0
12
21
0
0
156
0
161
120
15
2
882
6
0
8
0
199
0
0
2
8
0
1
1
213
1
14
0
581
52
0
0
291
0
80
261
2470
66
2
39
455
0
0
0
0
0
17
1389
4
89
77
109
43
1
149
83
81
1
0
0
19
0
25
802
0
102
2361
8
0
2
0
3
522
492
0
1
355
487
0
444
2
33
10
369
6
0
0
77
0
21
4
5
37
473
0
4
45
51
0
92
4
10
70
0
211
0
67
0
43
294
127
4
0
0
294
6
1
474
35
25
0
1
1
0
0
37
39
0
327
12
0
537
110
0
0
0
23
3
0
21
10
18
0
0
33
1
905
0
7
0
15
26
0
0
0
142
0
812
0
0
532
0
1
2
0
2
578
2
0
0
26
129
0
59
0
0
0
0
52
147
5
4
0
1
0
327
79
1
3
13
0
97
0
0
15
5
241
59
420
6
86
1029
0
0
174
6
434
592
5
0
41
98
314
66
92
1
135
0
760
167
29
0
0
21
3
26
21
64
6
0
29
0
2724
0
0
0
9
88
61
246
0
2
0
22
0
790
351
0
0
0
2
0
254
55
491
62
278
5
0
0
509
2
0
8
76
13
0
2
105
22
0
0
2
0
918
657
2031
9
1373
2
21
53
135
46
0
0
105
74
42
4
0
0
3
3
32
660
0
125
0
61
116
310
0
206
3
0
0
3
108
0
2
20
2
7302
0
116
119
1
1
12
36
7
6
9
20
0
5
10
2
2
0
0
4
1
0
5
24
0
1
166
1
228
126
0
0
337
0
1
0
900
20
0
0
73
234
5
145
316
169
0
3
116
4
0
100
173
0
9
6
204
4
25
0
1
0
30
6
5276
43
497
61
315
11
0
2
2
2
0
228
15
17
0
131
1
3
447
1
297
0
158
7
1
0
0
17
1
0
0
0
0
48
2
18
0
1
0
32
165
0
22
0
0
2
0
5
0
0
17
0
70
919
3
0
0
83
0
0
3
0
2
10
0
16
36
211
3
1363
251
37
13
0
29
0
1039
0
1
0
134
28
87
1
0
0
0
82
0
0
0
1716
31
0
35
297
9
72
0
0
204
211
27
0
38
3
29
0
0
0
348
69
0
0
97
0
0
1
0
3
295
17
80
1163
568
1011
4
0
5
71
26
106
3
0
0
4734
103
284
538
7
0
63
40
252
44
101
0
0
35
207
174
0
5
24
751
0
94
121
1
3
0
243
0
3
755
237
333
259
70
0
0
59
89
80
0
10
72
3
0
3
1
23
141
0
0
34
253
5
4
39
2
357
0
22
77
459
0
5
102
0
0
105
106
49
1
0
195
0
86
4
15
402
0
0
146
0
0
170
0
0
0
22
571
0
252
3
28
0
0
0
3
1413
7
164
47
148
307
64
53
235
1
4
29
24
298
26
24
34
596
35
115
116
2415
269
0
59
0
11
395
44
273
5
0
3
211
14
18
0
23
1762
104
296
0
75
137
6
0
6
0
23
947
0
208
89
93
544
0
13
28
0
4
19
42
61
587
0
87
5
0
0
0
86
480
0
9
4
45
0
7
9
757
111
17
105
0
28
0
0
46
10
38
33
2
0
0
110
1
13
0
778
4
4
61
0
0
4
0
23
0
60
40
0
26
49
0
475
1
142
19
268
0
748
0
24
0
0
142
0
0
3
128
416
174
0
0
0
2
0
39
0
886
0
94
5
0
550
18
100
1
0
15
0
43
610
353
233
11
76
630
0
320
42
0
51
364
24
4
0
3
8
0
0
262
0
0
1
42
2
0
55
147
40
52
0
101
0
0
13
0
0
5
796
14
0
279
0
0
38
672
0
0
0
42
35
0
194
54
0
0
24
0
912
0
0
0
0
68
0
2708
0
0
23
3
8973
0
2
138
27
12
0
20
0
222
22
269
163
57
0
0
17
10
0
7
2
3
3
0
48
3
0
0
5
2
20
0
15
17
0
0
198
50
56
7
0
10087
16
3
3
580
314
2
707
6
444
3
0
189
819
12
339
65
0
0
0
32
0
1463
2
2
0
33
0
0
6
12
2
1
0
72
0
4
0
0
256
0
3
411
1
1
4
0
3
0
370
31
0
180
25
2
0
1
0
0
25
1
487
2
0
1
0
2
1
0
334
10
0
0
704
12
196
0
85
2593
66
1
0
28
2
27
2
28
12
0
0
31
154
0
4
5
442
1
2
298
1
0
7
15
0
6
1
0
0
3
0
0
831
16
2
1
0
84
66
585
0
0
0
15
0
3
0
0
0
484
0
0
5
32
119
35
9
0
0
865
6
2
4
4715
0
1
251
0
61
7
1
248
20
0
0
0
0
96
39
0
0
0
0
23
9
0
51
94
411
0
3
0
0
0
0
16
0
5
1
100
1
3
0
9
0
37
0
0
25
76
0
0
0
42
1
2
0
15
20
51
3
4
0
0
0
56
5
0
2
0
0
0
28
0
1
437
17
18
45
0
0
10
0
265
27
4
2
91
20
172
0
0
105
5
7
51
0
0
34
16
0
9
11
2
45
0
46
18
0
2
0
23
0
107
190
60
0
0
0
0
0
1
0
60
12
0
51
0
2
4
0
0
0
0
0
4
6358
5
97
199
0
0
0
19
9
0
57
0
0
0
0
2
4
150
421
47
92
13
7
114
0
3
0
146
0
0
98
3
0
0
0
0
36
0
0
1
12
3
44
27
6
5
157
70
0
38
10
0
0
1
4
10
0
3
0
0
17
0
115
12
5
32
0
1
0
0
0
4
0
0
0
65
8
0
260
13
0
0
0
367
24
0
66
97
47
121
123
5
0
2
5
0
36
1
2
6
0
0
1
20
50
23
75
54
0
0
0
7
328
0
56
0
5
4
25
104
0
2193
460
1157
147
56
36
218
642
668
0
0
0
0
8
5
0
32
0
0
1
127
287
2
232
125
20
199
182
7
0
105
0
169
0
57
0
932
19
0
31
0
0
53
225
54
33
22
7272
4
21
0
0
7
7
115
91
16
0
23
1026
0
3
1031
0
81
0
26
0
0
9
0
0
32
41
8
197
3
1
38
8
3
0
0
0
13
310
17
0
0
0
0
15
0
3
318
37
20
0
0
43
424
0
359
0
133
39
0
14
9
3
91
0
0
3054
0
2
120
0
27
372
5
0
0
22
25
6
88
2
0
242
17
76
3
50
19
0
172
0
4
0
3
0
0
13
10
214
26
131
0
0
53
0
0
1
23
0
181
0
2
0
0
0
0
0
6
0
318
3
179
0
0
7
2
0
23
57
2
17
1
0
0
0
9
24
63
8
0
44
2
154
0
5881
11
0
116
0
415
9
52
8
8
4
8
29
2
0
15
0
8
0
0
0
0
31
21
0
4
4
3
35
0
1
1487
18
1
317
0
0
5
17
2
6
0
62
285
0
0
76
0
15
0
0
1
118
0
43
5
1
102
47
12
0
3
32
5
9
3
0
0
3
0
3
3
230
0
4
0
4
393
67
31
0
0
12
4
64
0
7
0
3
98
0
2
40
120
32
316
319
9
55
0
466
318
0
126
94
357
0
1
0
273
3195
19
36
21
6
60
6
65
0
0
127
4
0
0
0
4
1
0
0
0
0
28
0
83
0
0
34
0
526
1
0
2
0
1
20
1092
356
620
0
312
361
2
1
296
0
3
65
839
0
40
1935
191
110
1659
1
192
309
1
71
5
0
6
0
0
2
2
0
0
0
23
7
2
252
0
5
32
116
9
2
8
6
0
0
0
1
151
54
0
29
184
4
19
0
7
5
2070
0
0
0
0
39
0
7
63
21
62
0
0
120
167
0
0
58
920
1
1754
258
0
433
48
0
607
0
997
0
0
0
0
158
24
5
0
0
188
360
0
0
1
37
6
46
0
8
10
0
330
479
0
0
0
180
0
60
0
0
124
0
582
2
2
301
60
0
1
0
16
1
37
8
12
164
196
0
299
4
246
0
2993
269
6
15
19
0
132
67
234
132
19
0
220
5232
21
0
1707
0
0
12
0
581
1
15
253
55
0
0
320
474
0
0
0
1
0
11
5
28
552
45
36
0
19
1739
2
219
5
17
42
23
270
0
704
2544
0
0
197
1175
418
0
0
0
2
0
1495
18
2
107
87
1
0
0
4
0
13
110
0
12
2678
400
0
1635
1043
1
172
29
36
236
1
0
354
12
522
4
55
3
204
2
3623
0
1
133
7
1960
24
0
129
33
0
89
32
4154
194
1140
37
13
1
34
247
142
1997
31
64
0
8
0
96
0
0
0
1
0
1
46
0
29
11
142
0
3
47
0
0
7
0
0
4
18
194
2
2
0
183
0
0
1103
7
0
0
3
655
0
0
2
35
118
1
0
0
20
0
12
4
566
50
397
0
0
18
0
0
0
37
4
7
0
3
0
28
40
145
0
10
7
146
6
14
11
5
15
0
12
25
24
0
31
168
0
35
75
0
26
64
0
437
4
70
76
164
17
20
0
736
0
0
352
6
0
0
0
249
0
368
2607
32
109
462
4
623
16
141
125
119
426
0
665
0
12
0
18
0
146
69
58
0
59
0
0
3
0
0
51
7560
0
140
15
0
0
0
0
14
0
0
36
651
58
95
22
67
0
8
0
12
5
1
6119
8
132
32
0
829
3
125
766
0
219
3
4
0
1
0
287
8
27
395
529
101
68
65
1
10
75
527
1
4
1
2
493
402
2
6
0
1
0
2
644
382
68
3
2364
0
141
5
864
2
0
2
2
116
910
1
1
0
1
44
37
20
1
126
114
10
0
0
0
963
31
0
39
110
0
1
107
844
4
1
1650
57
46
0
651
0
39
0
1847
2
91
0
30
0
45
0
25
0
451
31
4
0
8
0
209
694
178
0
0
0
0
286
0
64
0
26
15
2
177
48
29
3190
16
206
141
8
0
56
37
0
2
2
275
443
0
0
0
11
0
0
4
25
42
0
0
0
6
1
15
1
0
11
0
0
1059
5
354
47
0
2
0
57
0
0
105
0
0
0
0
8
0
3
3
155
99
0
236
11
0
0
1
0
62
2
0
0
64
0
6
0
0
855
2
0
383
23
0
92
0
128
45
0
134
4
20
0
2
339
0
0
0
1900
51
6
448
32
162
0
63
3941
0
0
0
145
25
0
31
0
15
0
11
0
25
5
0
9
833
85
14
0
0
0
0
47
0
0
26
0
10
1113
0
49
0
43
29
8
77
0
2
0
229
2
107
1
0
17
54
1
72
0
0
1
0
133
2
6
60
0
7
0
0
43
24
0
272
18
0
0
184
199
85
0
2
40
119
58
2
36
21
23
0
264
0
0
22
2
0
11
0
177
0
4
0
39
0
3
204
1
203
184
442
0
1
28
144
6
0
9
1
0
7
2143
77
0
363
0
1325
0
0
24
65
1
1
0
4
0
1
0
0
0
0
103
111
13
0
0
19
5
14
5
0
256
2
25
328
7
15
5
241
38
561
0
421
20
404
0
0
2
332
408
2294
8
0
0
0
0
53
0
1
0
9
21
0
7
0
44
19
24
2
0
6
6
0
0
0
0
42
3
0
63
0
242
11
30
0
201
22
42
45
0
0
18
0
75
7
1
0
82
34
249
263
2
179
1663
34
0
5
147
227
52
0
10
0
910
0
5
0
6
138
37
139
44
21
13
1
0
13
263
7
33
0
5
1648
0
0
2
30
0
0
292
3
0
0
0
0
93
173
41
0
0
1
0
173
1
198
0
6
58
8
168
350
91
0
2
40
4
38
392
1
0
204
0
91
0
393
364
1192
3
0
0
1
2
0
16
43
1
3
3
0
1
16
16
0
124
0
323
178
0
194
1
5
0
143
31
0
2
0
29
0
0
44
0
11
0
1
0
2
0
0
2
3
583
44
358
2
0
0
6
0
2
0
0
93
319
5
32
0
243
35
363
8
5
20
5
11
173
1663
0
0
13
20
0
42
578
0
0
1
1
584
0
106
96
11
0
11
78
0
0
5
0
45
742
10
3
0
0
598
2
8
3
0
0
28
40
20
39
0
18
0
3
133
48
0
33
5
8
4
79
2
85
81
76
118
171
5
43
0
3
496
0
0
2
0
0
0
0
3
0
14320
38
3
0
0
703
2410
13
1
0
12
144
30
4
584
10
8
0
416
0
0
36
9
0
0
184
0
0
0
0
0
1
0
1
0
0
180
19
0
1778
0
1
0
0
0
0
9
0
1
39
0
440
4982
0
0
71
40
55
0
693
18
18
32
0
28
0
689
0
0
6
2613
1
130
0
0
5
128
86
15
51
2099
0
0
31
190
58
8
0
0
3
5
0
110
174
0
0
0
7
0
3
0
0
619
2
0
0
477
27
328
0
255
0
1508
2
14
76
360
4
9
0
18
18
434
0
0
83
0
1
3
4
66
1
1
0
689
10
145
0
1
120
0
46
1
0
17
0
817
152
139
7
0
16
729
23
5
357
1
1
0
387
33
0
21
2
314
170
1
0
27
12
428
1
0
0
166
763
647
20
1495
0
1
0
3691
29
218
806
0
7
0
612
0
2
1
16
116
25
5
83
0
0
0
16
0
0
901
317
181
1
0
504
8
51
0
89
137
538
3425
1
0
0
1551
0
552
1
0
108
14
40
0
4
0
1
17
0
0
1
26989
98
82
6
0
108
6
490
5726
123
0
41
36
171
0
1
0
4
207
2
0
13
62
0
206
126
533
0
141
0
63
1
1294
0
5
1
3
44
179
16
37
4
0
25
104
39
1
182
0
30
0
0
15
11
0
14
0
0
1
0
172
5
7
180
0
134
0
0
0
39
0
1
0
10
0
2
0
1
70
2
107
24
104
21
5
2
0
988
13
2
1826
0
0
110
5
9
59
4
31
760
30
178
210
11
1
264
0
0
284
0
0
1177
14
0
55
1
26
0
0
10
841
5
11
47
29
881
197
0
4
0
140
1
23
2
252
1
106
0
11
0
1296
34
0
36
26
11
11
6
2
82
11
67
198
101
2
391
0
10
0
2
0
53
86
20
70
21
73
134
186
13
90
11
12
20
0
60
0
3
1
2
0
0
186
0
850
727
0
0
3
10
0
51
5
0
3
0
9
2
0
261
184
4848
0
24
0
0
982
15
8
1506
16
186
67
0
45
0
0
14
6
6
425
630
380
35
81
20
0
326
115
0
0
1
8
0
0
127
0
18
99
15008
0
4
933
52
46
0
92
0
0
35
0
18
17
95
53
215
65
15
15
3
2
11
44
17
388
6
143
20
0
1
4
0
324
40
140
0
0
3
0
2
0
7
29
282
13
94
0
0
0
0
0
232
11
2
44
13
2
72
66
2
0
0
1
34
1
1
603
22
20
905
0
9
849
125
0
0
113
0
1
3
3
0
0
1477
2522
11
325
0
298
1
4
0
125
0
221
7
6
0
7
0
2
0
262
0
37
263
19
0
32
0
0
862
78
13
6
6
0
0
24
33
14789
0
0
0
7
11
33
142
0
0
572
0
333
235
270
0
39
691
1097
575
25
0
0
2
4
1
19
0
52
12
73
0
77
0
30
0
3
187
0
68
259
0
404
11
247
226
210
7
172
0
2398
34
1932
109
16
0
0
295
1
52
33
25
87
11
13
2
157
3
0
58
56
189
16
206
1018
0
255
18
511
318
24
460
1150
0
2
3
23
429
5
5
1
393
6
439
18
2
225
8
8
1
0
117
94
0
1
73
4
53
109
1
0
0
0
5
41
0
0
436
489
189
132
1
37
142
416
64
404
0
0
199
2
0
0
59
19
38
2
70
19
1
0
1
8
0
7
163
0
652
560
174
0
1132
86
55
2
445
5
0
0
6
0
0
0
0
80
3
1
337
9
0
225
51
0
276
67
507
3
0
0
1565
180
340
208
0
186
343
5
337
55
17
0
20
70
325
802
9
1
6
27
157
25
128
59
377
11
0
0
2
4
0
0
11
27
2
70
0
0
0
0
157
13
6
12
58
37
0
51
119
5
0
0
0
26
0
27
27
29
2
8
0
5
173
0
0
28
4
151
16
3
0
4
717
1527
200
3
1
9
23
1352
0
0
4
308
51
0
63
34
0
2
0
49
123
473
73
77
0
4
27
120
1
316
165
17
0
4
2
81
7
1
0
76
107
0
818
15
4
67
18
16
6
200
30
64
236
25
336
0
1
13
107
69
1605
0
1157
0
211
60
4
100
0
763
0
146
41
683
140
0
1387
2373
1
1
1
0
0
13
0
18
7
1
292
247
0
8
0
150
7
0
0
68
241
710
274
101
423
1552
1076
1
7
14
3
38
583
0
0
2
7
6
24
2
0
898
9
20
65
485
8
1
8
0
73
25
591
2
0
339
1
2
3
134
302
394
0
3
4
0
0
1
9
0
453
0
71
0
0
46
12
0
11
0
58
176
0
211
0
1
0
0
7
0
0
0
8
659
2
5
548
5
15
112
238
0
6
7
267
92
27
57
0
32
0
0
0
14
0
7
20
31
56
9
0
2
2
28
0
7
17
12
5
0
0
0
3
49
0
117
0
0
2
0
1470
1
0
7
17
0
0
0
21
3
3
0
1286
205
190
3013
189
0
7
0
541
14
5
0
15
390
44
64
3
9
0
1
56
120
87
18
586
295
29
185
6
81
109
76
85
67
0
1
0
0
0
0
0
0
0
11
0
0
0
0
0
0
0
74
82
122
760
140
0
7
1
0
0
0
252
100
0
0
0
0
0
0
227
84
0
0
0
1
17
0
0
9
12
0
1
0
0
0
6
18
64
123
0
0
0
0
0
1172
911
0
150
9
0
11
41
56
277
2108
0
23
0
3
0
2
131
0
103
6
0
0
2
0
0
948
60
0
0
3
0
0
0
1
8
128
0
27
13
0
0
0
0
8
50
0
0
105
1
0
0
64
102
296
103
16
18
41
0
0
18
0
0
12
21
0
2
118
5
0
1
0
1
2
129
0
26
1
0
0
0
0
2
0
0
63
70
452
0
4
0
0
0
0
2
1
0
0
0
0
2
3
2
0
0
0
0
0
0
0
0
92
8
517
0
0
2
0
1791
86
14
22
23
43
60
43
131
3368
12288
36
0
16
38
4
0
0
283
36
111
3
0
1
1
0
0
0
54
0
0
64
9
126
408
0
0
1
0
144
51
0
6
15
743
4
14
0
0
0
0
6
9
0
0
23
0
0
0
0
213
51
3
0
1
3
20
6
8
35
77
1
1
0
0
0
2
0
0
0
18
29
0
0
428
1423
30
852
4974
0
1
4
6
0
3
0
13
0
0
2
37
3
0
0
0
13
15
0
0
0
0
0
1
30
0
0
4
316
77
195
39
105
2472
10
515
1058
6
0
0
0
0
0
1
0
0
5
2
90
0
0
1
0
0
0
0
0
0
0
0
0
428
68
1369
0
1446
2235
65
2
0
92
44
1
188
0
0
0
1627
300
0
0
55
6
100
65
0
2
14
141
1
0
5
0
0
5
3
4
0
0
0
1
0
0
0
0
0
0
0
0
266
0
4
24
159
0
5
0
237
1
0
286
5
517
326
19
28
0
35
0
0
33
5
8
4
0
0
43
0
0
46
0
0
1249
2308
17
5245
10
27
0
3
1
0
0
3
1
0
0
932
1488
1
2
75
0
2
0
0
0
33
8
0
1
0
2
19
94
0
1
21
0
2
0
0
0
0
0
0
0
0
17
0
0
1
1
0
2
0
0
0
0
0
0
1
0
0
4
0
0
0
0
0
0
1
0
0
0
0
0
