BitC_6_2
0
0
29
2130
3
163
33
0
0
0
0
221
27
409
0
0
534
10
1
288
1222
84
1
7
0
627
0
26
0
9
12
16
0
115
2694
104
0
0
11
0
8
0
0
3
0
2897
0
203
5
248
0
196
1
630
0
13
447
76
2
1034
3
1
0
1
10
41
2
386
18
18
1873
424
57
19
14
0
1669
6
16
2
0
0
0
8
1069
0
150
201
26
12
625
0
334
3
0
623
4
0
122
3
35
0
6
762
128
1
2
0
0
771
1
0
32
0
4
0
0
139
197
673
11
7
0
199
59
360
282
0
1709
38
0
0
0
80
0
0
3
150
15
0
22
9
29
3
579
158
25
32
64
25
32
0
325
4
1
1006
0
0
27
370
1
0
0
0
230
67
89
212
0
0
0
3
135
0
0
138
88
6
0
65
395
683
0
136
34
336
257
5
118
1
0
365
329
24
0
69
0
0
2
46
47
36
5
20
26
5
1
111
47
35
0
0
33
1
0
1
74
17
0
20
348
0
17
371
0
6
5
197
33
77
0
0
100
382
879
0
1154
40
2
0
0
0
5
377
0
47
97
691
3
10
217
326
34
0
491
54
0
0
1
13
144
873
359
2316
102
0
0
0
359
69
1
885
0
0
104
1
0
0
1240
187
739
165
0
1486
0
821
1
0
0
251
0
0
0
0
0
0
106
0
135
0
0
5
0
35
454
0
247
19
2930
0
0
0
0
0
0
166
0
115
382
0
62
0
527
127
0
128
44
22
0
27
464
334
156
0
0
367
31
12
0
0
1353
281
112
683
0
29
226
47
249
0
1187
0
53
32
45
33
674
335
94
0
10
3
2
641
0
0
0
241
353
4013
152
1008
16
16
0
1
6
7
0
328
0
248
0
3
2378
0
94
51
45
0
221
0
0
129
363
28
58
0
395
94
85
0
0
0
0
138
14
2
0
0
0
97
24
3363
10
174
0
340
0
0
1326
195
7
0
66
0
23
1148
82
1
145
36
24
11
41
0
183
0
0
0
8
0
526
996
0
10
1079
181
125
1
1
0
25
2
3
7
0
0
0
0
0
33
0
0
0
32
121
0
540
5
25
0
377
0
0
2
2
0
410
175
746
56
244
1281
439
50
0
0
17
0
89
125
107
110
0
115
0
4
0
0
91
0
812
52
109
338
18
0
54
0
31
0
1
585
12
335
27
0
49
0
1324
176
0
667
0
86
20
9
21
54
74
75
854
0
25
130
319
180
111
0
1
0
54
0
349
115
0
0
165
0
0
0
19
0
0
2
5
0
0
0
0
1028
0
224
0
134
0
0
0
388
418
30
0
226
7
236
46
51
0
38
0
95
8
1414
8
21
2
9
0
3603
1
23
0
275
0
1222
218
14
7
3
178
0
0
0
0
270
0
0
0
0
1240
2
173
381
4
0
109
15
53
38
0
4
1
19
0
7
35
0
0
2
12
0
0
85
0
23
173
184
430
114
1063
3
0
4
0
0
0
4
2
206
551
435
0
340
9
352
4
0
662
62
0
131
0
1
292
0
379
124
8
0
0
0
113
0
0
9
214
0
0
0
1
468
12
549
6
26
0
0
0
0
81
72
27
575
0
36
108
2766
5
13
2
3
21
0
119
0
17
4
95
118
3
238
3
10
0
0
19
21
149
0
154
1586
11
46
24
938
876
0
0
298
475
9
9
0
891
0
0
3
3
218
282
0
27
27
106
0
60
0
35
52
140
0
245
6
313
0
0
0
0
0
0
786
851
0
0
222
5128
1
327
59
181
185
101
60
0
0
221
0
5
54
0
15
807
0
0
765
156
83
63
128
181
308
19
87
97
0
0
5
581
0
125
0
0
168
18
0
0
0
19
3
0
1
25
0
50
18
0
7
0
213
100
589
35
28
0
412
0
4
1
0
33
0
312
46
0
0
0
0
6
0
15
42
8
1
0
11
7
229
183
0
6
2
1
0
0
301
0
344
786
469
1
411
97
500
145
0
20
229
0
145
98
2
661
19
113
63
253
1
0
385
1
1
24
3
195
490
11
0
0
0
0
0
811
661
6
0
0
1
2087
4
0
1274
12
65
0
55
1
0
538
107
276
331
102
5
0
4
0
0
73
1150
461
0
0
3
0
424
34
0
16
33
0
29
48
141
19
0
228
2
0
489
8
0
0
0
221
2
144
292
51
100
337
9
122
0
1
31
239
443
281
24
1
118
40
0
1527
287
0
76
7
310
0
0
13
273
0
39
0
2
5
5
0
0
1
158
150
154
0
0
21
24
21
0
0
458
31
20
104
0
8
0
0
18
21
0
1052
57
197
775
2
171
0
0
208
0
2053
78
3
0
641
387
374
78
965
0
66
0
0
3126
0
0
0
0
130
1
0
3
0
31
497
541
503
50
0
0
0
80
40
22
6
0
0
92
1064
676
69
38
0
0
73
169
10
0
0
0
32
0
1197
358
2113
1050
0
0
0
0
0
113
0
0
11
151
40
117
0
8
1014
432
0
321
854
91
91
41
141
0
0
227
3
0
14
0
0
0
9
0
40
26
8
0
3
0
1
1225
337
0
0
5
22
69
0
0
0
0
95
18
0
163
7
0
47
2
359
799
0
376
87
13
6
5
14
2
0
0
0
315
889
78
187
141
115
403
213
96
277
1
23
247
55
81
1
0
6
0
3
2523
23
561
0
0
261
79
1
1
279
110
106
243
0
181
212
0
13
6
7
0
48
0
6
494
326
159
5
0
617
0
0
0
123
15
1452
895
0
20
2374
41
227
136
62
52
786
264
0
0
24
0
424
26
415
0
680
2
363
0
274
600
22
0
555
0
0
102
0
253
463
0
0
1
642
0
518
1
0
4
51
0
246
0
0
6
0
0
2
0
15
2
93
22
100
0
436
217
42
332
615
0
0
2108
3
0
0
92
37
112
1
161
0
5
2
178
31
0
4
276
0
5416
0
2
0
24
6
168
87
225
57
0
229
0
78
0
7
138
208
46
1
1
130
0
157
1202
261
0
0
6
3
1545
101
6
48
16
17
17
0
26
1
0
4
707
0
542
7
0
32
16
0
46
0
269
0
35
103
0
84
0
296
0
0
0
214
1
1
2
74
1
0
1
55
10
0
122
0
246
0
0
5
39
0
2434
0
11
3295
16
866
0
116
7
28
0
0
0
216
100
0
0
7
54
31
0
0
4
0
0
64
0
277
0
0
2
25
327
10
0
0
5
118
902
259
0
0
0
166
0
0
736
465
26
106
4811
0
83
130
22
59
22
365
0
6
72
2684
41
25
49
37
151
0
0
401
48
9
192
26
334
2
300
181
98
0
40
0
21
0
2
0
0
394
3
27
1
1526
1
32
608
48
30
0
0
0
0
22
0
248
0
1
223
66
0
0
0
2
24
0
315
0
6
35
0
41
0
0
9
0
0
62
1
0
11
0
0
0
0
0
1
2
492
4
543
5
277
80
101
0
0
93
0
1939
42
0
0
0
2
14
8
565
106
364
0
592
19
339
566
0
0
0
1075
0
97
304
3041
4575
0
0
0
31
0
9
0
0
94
0
0
1148
453
945
6
3
211
0
25
0
205
238
90
717
0
920
0
112
10
28
155
2
10
0
0
4
0
0
0
760
215
0
1336
83
3
0
9
186
295
275
39
442
3235
3
627
0
130
429
180
234
536
0
33
7
258
83
0
0
352
20
34
0
2
39
153
412
0
4
0
54
351
0
640
0
0
43
6
2
697
3394
0
247
0
0
0
332
0
516
0
58
1
0
1095
62
11
24
0
13
3
5
453
2
1
0
4
0
0
8
117
16
9
0
5
27
0
1
0
116
0
6
12
0
43
39
61
0
0
0
0
55
0
6
0
1
128
301
18
743
2080
103
649
177
3367
0
63
0
189
12
0
876
0
124
51
0
0
7
0
814
32
0
47
153
0
66
4
4
0
0
63
0
0
1781
246
1
0
308
2708
227
0
0
28
0
77
0
2066
0
587
12
0
15
0
116
0
0
0
0
42
0
0
0
1
12
581
89
9
0
166
25
61
14
1
25
50
2
213
0
138
4288
1464
0
243
0
0
0
1005
41
0
2
0
0
20
641
23
0
0
4
0
0
0
0
0
18
66
0
0
151
164
1052
898
122
384
0
1
20
9
35
0
0
0
0
276
76
0
610
35
1488
36
0
0
101
60
10
108
5
0
337
172
0
0
85
1
8
0
301
0
1
8
0
42
86
0
14
6
0
41
366
0
0
0
0
35
869
26
6
1
139
0
424
51
575
0
40
1665
349
0
0
4175
320
488
2370
37
0
14
1
0
2
3
71
2
17
1
0
235
1003
12
0
0
0
0
0
36
68
163
0
0
12
21
17
0
195
865
160
413
323
31
0
0
3
339
1
0
0
33
22
7
35
4
0
0
3
36
20
126
45
0
0
0
0
0
0
0
171
1
0
0
67
0
42
0
4
56
298
0
6
0
616
0
794
2
0
25
0
0
0
0
0
854
2
5
20
62
0
132
157
26
0
33
0
0
0
0
141
0
557
459
806
213
0
54
44
4
1
10
266
110
0
9
0
1780
3
20
0
65
1
21
5
60
5
0
0
317
2
194
107
87
276
1
0
0
6
1
9
82
177
139
0
19
0
50
30
0
0
115
0
20
0
0
101
18
10
57
72
764
8
0
147
0
449
0
0
0
71
11
94
116
331
0
1770
50
0
0
48
0
0
2
242
1036
16
6
56
1
2
15
1
36
0
25
167
8
11
1453
234
8
965
0
51
18
0
0
507
0
103
0
0
0
23
9
0
0
8
1401
0
188
375
11
0
2183
57
0
0
0
11
17
8
830
55
177
0
0
1
5
1
0
6
136
0
0
51
0
8
2
0
7
34
0
0
0
2909
0
8
0
24
127
527
337
3933
6
1586
14
3
4
12
0
28
1020
0
400
637
2
14
170
0
545
3
3
6
852
0
49
115
0
0
2107
0
72
401
0
0
50
281
0
3
196
340
0
593
2
955
0
3929
19
0
149
0
35
112
767
14
587
5
12
0
1309
160
128
24
1591
0
90
22
683
149
0
182
0
61
142
242
1
3
7
2
37
85
0
22
1906
304
1205
422
0
0
0
10
18
90
0
255
153
6
514
609
0
88
164
66
3
0
0
0
764
0
115
0
155
5
6
0
4
21
0
0
1224
846
0
2
132
6
23
0
82
8
282
28
1
0
310
271
0
15
1
1
0
0
1660
482
4
0
1108
21
185
164
32
114
0
2
37
2
9
3
0
3
25
2
52
194
0
0
66
458
0
0
97
0
0
0
713
477
55
0
0
520
0
368
403
5
0
75
0
0
1
44
207
8
0
0
0
13
12
47
0
0
0
97
20
1
0
0
13
0
288
63
28
0
0
217
1885
1
138
0
37
0
28
11
1
658
0
0
16
122
50
0
9
0
4
141
0
15
0
156
0
593
0
3
31
30
5
4
0
12
1
0
11
69
33
0
45
0
0
6
31
9
0
0
322
3
3
0
52
5
8606
0
31
180
226
0
89
4
0
0
0
210
92
548
5
153
0
1
193
2
0
36
0
189
1118
4
197
0
188
2
1240
4
340
105
0
2
0
0
0
0
5
0
16
0
13
0
0
7
456
378
63
0
0
356
32
0
280
804
9
241
30
0
926
107
1
79
0
0
0
431
12
250
1
33
10
0
0
798
432
0
365
61
24
0
0
104
528
0
249
0
0
385
8
212
93
3
93
0
0
224
157
6
10
10
0
0
0
3
148
282
404
0
15
0
111
0
2
147
0
65
50
1
549
104
7
40
59
0
3
850
109
0
249
0
72
425
29
40
2244
237
0
0
7
319
76
0
4
50
5
0
0
0
40
123
0
47
2
0
0
0
2
350
2
182
7
0
17
10
231
0
0
3
0
216
261
43
44
0
0
221
0
0
0
12
554
2531
3
15
1467
23
98
238
0
167
2
0
3
581
38
0
12
53
78
29
1
0
2
0
2
1131
0
0
1342
1
102
17
2073
168
0
0
197
2126
48
1011
347
0
46
51
484
2
56
34
22
16
0
0
0
248
0
2
2543
0
2336
2
2
27
0
13
0
136
234
0
416
40
63
0
76
544
4098
8
34
101
11
561
129
0
20
0
195
3
0
0
331
273
0
722
5
31
19
152
0
56
299
937
47
76
116
0
235
8
681
474
4
1243
0
392
202
133
153
8
0
17
0
0
43
105
10
0
168
0
3
20
12
3
0
3151
225
122
250
67
136
2
0
12
33
0
665
0
11
1
0
4
2864
0
106
247
1
442
0
18
229
54
24
761
1
0
209
0
0
0
0
22
0
0
0
46
287
65
0
31
0
2
179
2
0
0
931
178
710
201
3
1357
30
0
0
130
25
0
0
0
3
38
122
1
0
6
0
0
0
4
5
55
1091
142
173
14
100
4
3957
0
0
1
71
0
15
231
0
99
6
66
72
0
804
225
25
523
83
0
0
390
957
354
216
0
0
98
0
0
0
0
1187
3
1825
280
106
107
257
0
4
0
0
38
0
179
0
0
162
128
4
94
0
528
25
0
20
227
0
149
0
56
21
168
81
0
1078
36
0
39
10548
0
79
857
475
380
248
225
1272
63
1107
0
578
1636
1
83
17
5
0
0
171
0
148
92
2414
0
18
184
114
0
2066
114
87
0
0
0
0
1811
1
12
634
0
474
0
26
5
0
683
65
1
0
1270
83
0
1
4
0
122
0
116
3
1074
11
148
42
805
0
5
95
1416
0
3
8
71
156
77
0
42
282
183
0
0
105
51
224
0
0
14
15
0
44
209
0
115
0
0
0
0
0
3
0
0
17
0
0
2
0
14
0
1
993
21
0
0
3197
0
0
0
2
0
63
0
77
1
0
66
0
0
4
0
0
3
153
108
0
0
0
69
0
0
0
176
68
2
0
0
305
0
0
2
17
0
0
0
1
5
0
0
0
0
137
0
2
24
1008
1
0
15
0
7
205
24
244
4
2
2
0
43
1
0
0
63
0
250
0
1
33
0
12
0
67
0
0
296
21
0
267
21
0
1726
93
10
0
39
223
0
0
17
0
0
33
32
126
0
168
19
0
0
1431
514
12
1
183
0
5
48
1
19
23
2
30
0
0
0
4
516
0
0
0
0
897
0
181
32
12
0
0
50
791
410
192
0
0
5
0
0
0
10
0
0
184
3
0
97
0
0
0
0
0
57
1864
57
4
0
26
1
0
0
0
0
0
0
0
0
0
0
0
0
11
0
0
9
24
0
0
0
68
4
79
0
0
0
0
0
3
0
34
0
0
1
1
0
0
144
0
0
9
19
237
1
2
0
0
0
0
8
0
0
11
0
0
0
0
0
4
0
13
5
0
0
3
0
0
0
0
0
0
0
0
0
0
0
2
0
0
2
0
1
1
1121
0
0
0
36
1
0
0
0
1066
0
0
69
31
0
14
38
0
0
0
0
0
0
0
76
93
0
0
2
16
285
44
0
44
0
0
0
0
0
0
0
0
4
0
0
33
0
0
0
838
0
0
0
0
0
0
0
0
61
0
92
0
31
0
10
0
0
0
0
235
0
0
4
0
5
10
0
0
0
59
4
0
9
0
9
63
0
0
0
5
40
0
63
0
1
0
149
0
16
0
396
0
0
1
0
8
0
0
0
0
99
0
0
0
0
258
0
1
891
416
1
0
26
54
0
0
0
0
0
126
0
0
63
0
61
3
0
0
0
5
0
0
0
0
0
67
1
0
498
0
4
0
0
0
24
0
5
0
1
0
0
0
5
0
7
0
0
5
82
0
53
0
0
181
5
0
1
0
0
197
0
0
15
0
1
0
0
0
0
2
0
0
20
0
0
34
2
0
0
0
49
6
0
0
81
1
0
3
0
0
0
9
4
0
0
0
0
0
0
0
0
0
0
0
0
1
0
0
0
1
0
0
0
0
77
7
0
85
5
0
0
0
0
35
0
0
0
0
0
0
2
0
0
0
0
0
0
0
0
62
0
47
0
0
0
0
141
0
0
0
110
0
2
0
0
0
19
1
4
0
0
13
4
0
0
0
0
1
0
0
0
0
2
1
795
0
2
0
0
0
0
0
0
0
1
0
29
74
0
0
4
0
8
415
0
0
0
1
0
0
3
0
0
0
0
0
1
11
0
355
125
0
0
0
0
0
0
0
3
350
0
1
0
0
0
0
0
0
0
847
29
0
648
0
0
61
0
0
0
0
0
0
3
0
0
1
0
0
3
1
27
0
0
0
0
0
0
0
0
0
0
104
0
2
0
89
17
0
104
0
60
0
0
0
0
0
15
0
0
0
0
0
0
16
5
0
0
0
72
0
1
256
0
0
0
5
0
0
0
0
0
0
0
29
0
0
0
0
134
0
0
0
0
95
0
0
0
0
0
0
0
0
0
0
146
11
0
0
0
222
593
0
0
0
5
8
0
0
0
0
0
0
0
0
10
0
47
4
0
18
0
21
78
0
4
1156
0
0
1
0
422
0
21
0
0
0
0
3
1
0
0
0
197
0
7
0
0
11
0
122
0
0
0
1
0
0
0
0
0
1
0
14
0
10
0
0
0
311
0
0
0
0
0
0
0
0
1640
0
154
1
0
0
0
0
0
0
0
143
0
0
327
0
0
169
23
652
0
0
0
1
0
44
0
0
11
0
357
6
0
0
0
0
1
0
0
1
27
7
0
0
1
0
0
8
0
1
9
52
1130
0
0
3
12
1119
0
433
0
0
2
127
0
2
1
3
22
0
0
0
0
48
0
0
2
70
0
0
0
0
0
0
0
26
0
0
0
0
20
0
28
0
1
6
0
34
0
0
3
0
0
523
0
0
0
200
0
0
14
0
3
3
0
0
0
0
39
0
4
0
0
78
581
181
0
0
2
0
0
0
0
0
428
0
32
0
0
0
0
0
780
0
394
0
0
6
0
0
2
0
0
8
0
2628
0
0
0
0
0
0
66
0
0
0
38
0
70
3
0
24
0
756
1
0
0
72
1
2
0
0
0
0
0
0
5
0
0
0
0
180
0
0
0
0
511
0
0
0
200
4
3
0
54
325
0
17
0
0
0
0
0
0
0
0
634
0
26
0
0
0
0
0
174
120
0
0
37
2
485
0
0
3
0
1
0
0
25
1
0
0
0
82
9
0
4
0
2
5
0
0
1
62
23
0
0
805
2
109
61
2
0
0
0
0
0
0
0
0
77
0
0
1
40
0
0
0
0
0
0
0
0
0
0
1387
0
1
4
0
0
0
1897
92
0
1
0
0
0
0
5
21
0
66
0
2
0
3
3
0
0
0
1
0
0
0
202
0
0
0
0
826
6
0
0
1
4
0
3
0
0
0
12
8
1
0
0
0
0
116
0
187
6
0
7
0
0
1500
55
0
0
57
135
0
99
37
0
0
33
0
0
0
0
9
27
27
1
0
1
0
0
0
0
0
3
0
0
0
0
175
91
2
850
5
0
0
0
0
64
0
0
0
0
0
0
0
0
0
26
114
12
199
0
0
0
2
0
0
0
0
253
0
0
0
77
0
0
0
1
3
0
0
1
0
0
0
0
0
42
67
0
0
0
1
0
0
165
0
551
0
0
0
0
0
0
0
539
0
0
81
0
0
0
11
0
0
548
0
0
4
2
0
0
0
0
21
65
4
87
0
0
0
5
11
87
0
0
0
0
1
0
0
0
207
271
13
4
222
0
0
0
0
1
2
3
69
873
0
0
0
0
0
0
152
0
1
0
0
0
0
37
0
0
0
0
0
0
0
37
0
0
0
0
181
0
0
0
0
4
7
0
0
0
0
14
0
0
143
0
0
0
0
0
0
18
0
1
0
0
0
22
0
0
0
0
12
0
2
0
0
0
3
0
0
69
0
0
12
38
0
0
0
36
0
3
15
0
0
191
0
0
2
3
208
5
0
0
24
0
13
5
1
4
25
0
0
0
92
0
132
3
1
58
0
194
0
833
152
0
2
10
1
63
0
0
0
0
8
0
5
0
4
0
0
3
0
10
204
434
1
0
0
0
0
0
14
0
0
0
4
1
0
0
0
8
2
484
23
413
0
0
0
72
0
0
6
0
18
8
0
423
515
0
0
0
1
0
1
353
0
15
18
1
0
0
0
21
0
0
0
33
2
2
0
1
0
5
0
18
4
0
0
242
0
0
2
0
8
0
0
0
0
1
3
0
0
0
0
0
2
0
0
13
4
0
0
2
34
176
3
0
0
147
0
0
234
0
0
7
0
378
0
0
0
0
75
918
0
720
0
0
0
0
0
0
0
5
0
5
0
0
0
0
0
0
64
0
12
1
0
2
0
0
0
33
1
62
0
1
0
0
349
0
0
94
0
0
16
22
0
442
68
0
0
0
0
0
0
0
0
454
0
0
0
55
57
0
0
2
0
89
255
10
0
1
11
27
0
1755
3
30
0
0
73
0
293
576
36
241
0
0
21
0
419
0
0
17
0
0
0
0
0
1
0
790
0
0
0
0
3
0
0
0
3
0
175
533
0
0
0
0
0
74
0
0
163
50
0
0
8
0
0
76
0
0
0
0
0
0
0
0
5
0
4
0
1
379
5
25
0
0
1
0
0
31
22
0
0
0
52
9
1
0
8
0
0
0
0
0
0
0
117
354
0
0
2
0
0
0
0
113
181
0
59
60
0
0
0
276
0
0
0
16
0
28
1
125
1
0
0
183
0
0
0
0
0
0
0
0
2
0
0
0
0
3929
76
2
0
1
0
0
0
0
51
285
387
0
0
218
0
11
0
0
0
2
0
0
0
184
0
11
33
65
1
0
12
2
578
0
0
0
0
0
907
0
35
0
0
1174
44
0
0
0
0
0
0
0
391
10
0
123
0
1
0
116
0
0
52
0
0
0
5
0
0
26
1
14
23
0
0
0
0
0
0
170
0
1182
65
0
0
2
2
1
141
814
0
0
1
1
1665
0
0
77
0
0
0
372
0
626
531
0
1
5
0
0
0
0
2
0
0
0
3
1187
0
0
1
52
0
0
0
0
0
1
0
0
0
26
0
467
9
0
0
0
0
5
0
0
0
0
16
274
15
0
0
0
74
1
0
0
2
38
0
0
11
0
0
26
0
0
0
953
0
0
1
2
71
0
259
0
4
0
72
0
0
0
97
0
2
0
0
82
0
7
0
1
0
308
0
0
0
0
0
0
0
319
21
0
351
1
6
323
0
0
1495
3
1
19
10
0
1
0
0
0
1
0
0
0
0
2
0
0
0
0
0
0
2
0
0
0
0
353
0
1
0
84
0
0
0
0
0
0
0
0
0
0
2
13
0
0
0
0
0
0
8
278
3
9
1
0
808
0
0
0
0
197
0
0
0
1
0
5
310
1
6
0
0
0
12
1080
18
42
4
426
0
0
11
0
0
0
7
0
40
0
24
0
0
0
0
0
2
0
253
0
0
23
1
0
0
0
0
1003
11
1084
0
2
2
0
58
94
0
0
51
695
0
0
0
5
0
0
0
0
0
0
7
0
954
3
9
0
5163
0
14
13
0
0
0
0
0
0
0
0
48
0
51
0
222
0
53
184
0
0
0
36
0
0
0
97
2
0
65
22
0
143
0
0
0
11
0
0
0
4
107
211
0
0
0
0
4
0
0
1
0
0
8
0
12
0
30
0
0
0
1
0
0
27
0
0
1
0
2
21
500
0
0
0
4
0
0
0
0
0
1
5
0
0
0
0
75
0
3
0
0
1
20
3
0
1
0
0
0
0
0
0
0
0
0
0
0
0
1
15
15
0
1
0
0
0
0
0
0
1
0
0
0
4
0
10
0
0
0
0
206
823
0
0
0
8
0
0
0
0
0
0
0
0
0
0
0
1
0
0
0
66
0
434
0
395
0
0
132
0
0
173
1
0
0
0
0
0
1035
0
38
1
0
0
4
0
1
0
0
400
0
67
0
0
0
0
0
0
0
555
0
0
0
0
0
0
0
0
0
0
0
1
0
0
0
0
0
11
0
0
0
3
0
0
0
0
0
118
0
0
0
0
0
0
15
0
0
0
0
0
203
0
1352
0
0
0
0
2
0
0
0
0
0
0
40
0
0
0
0
215
0
256
0
0
0
0
0
0
445
0
0
105
0
0
3
5255
0
0
0
0
7
0
146
28
12
86
0
0
14
0
6
153
90
0
0
0
95
0
0
3
0
0
441
0
0
0
0
13
0
444
0
33
0
0
0
355
3
2
40
0
174
0
1710
0
12
0
100
11
0
0
0
0
0
0
0
0
1
0
0
0
0
1
0
0
0
1
0
0
0
4
0
0
487
0
172
0
0
9
4
0
0
0
0
2
144
2
0
0
0
0
0
0
0
0
0
10
1
0
1
1
0
0
0
0
6
0
0
85
1
1
0
0
0
0
252
0
0
0
0
0
0
0
0
0
0
0
0
1
0
0
0
4
6
0
0
6
0
0
0
0
0
0
0
0
0
0
2
0
2
0
0
0
1
1
0
3
0
0
0
0
1
0
0
0
1
0
0
0
1
0
0
1
0
0
0
0
51
0
0
32
0
3
0
13
0
0
0
0
176
401
0
8
0
0
0
25
0
0
237
1
7
0
0
0
0
0
0
0
0
0
0
0
0
187
2
0
0
0
0
0
0
0
210
0
1
33
46
14
0
0
0
0
0
9
0
0
0
0
0
39
0
0
0
0
0
0
874
0
0
0
0
0
0
19
0
2
0
0
0
4
0
0
0
0
0
2
0
474
17
17
0
3
0
0
0
145
0
0
0
2
0
0
3
451
0
0
0
0
0
756
0
1
276
108
0
0
0
0
0
0
2
0
0
0
0
0
0
0
0
0
432
0
0
0
0
0
1
202
0
0
0
0
0
0
8
0
0
25
0
362
0
0
0
314
2
1
0
0
0
2
46
228
1
0
5
0
0
0
0
0
32
0
0
0
0
0
19
0
0
0
5
0
0
0
0
0
0
0
0
0
4305
52
75
0
26
0
0
49
3
1
18
4
8
601
7
0
0
4
1
0
2
0
0
0
0
1
0
6
405
3
1
180
0
640
54
216
0
0
0
0
0
7
0
0
294
7
0
103
3
64
0
0
134
99
65
447
0
0
0
163
2
0
11
8
0
0
12
0
31
102
0
143
0
0
0
49
0
6
0
0
91
0
0
0
765
0
20
0
0
2
0
0
90
0
117
95
207
0
21
0
0
0
0
1
301
27
55
6
38
0
12
0
25
0
3
225
24
2
0
68
0
129
0
1494
129
0
0
0
53
0
3
1
1
0
0
0
0
231
0
314
0
581
2
0
0
0
0
16
14
0
0
0
4
0
0
0
0
52
82
19
0
0
510
0
0
8
0
0
13
0
0
416
0
8
0
1
1
0
10
137
0
0
212
0
24
0
51
0
13
0
82
0
0
47
0
0
386
132
0
3
0
13
0
0
20
0
0
5
0
1
630
0
0
0
0
0
12
0
0
4
0
0
291
734
1
1
193
0
219
0
113
9
91
0
44
0
0
5
300
2
109
0
0
3
200
0
0
0
27
3
47
0
8
0
0
0
0
0
0
212
0
0
0
0
0
0
0
0
0
98
0
0
2
0
0
3
5
0
1940
21
337
0
0
0
0
13
50
0
504
3
0
0
10
0
0
103
0
3758
75
592
0
0
167
63
47
12
5
0
1867
0
208
154
191
0
305
0
39
866
477
4
0
0
0
1010
0
1984
0
0
0
0
5
76
12
5
0
1
0
101
0
16
31
17
97
403
5
547
0
8
0
205
38
13
0
131
80
0
355
0
41
43
0
0
0
50
0
0
0
0
0
254
0
1
1
1313
1
0
6
34
0
52
90
40
15
0
61
89
0
0
2
3
0
0
0
5
0
3
3
0
22
0
0
0
429
48
31
0
59
0
0
0
536
0
0
75
1
12
0
0
259
50
2
57
0
2
2
0
212
3
38
0
0
0
0
0
0
0
27
0
271
98
4
0
0
297
138
0
0
156
10
75
0
14
0
268
8
0
22
0
0
2
11
465
0
64
0
9
806
44
19
2
37
0
2955
15
0
6
3
2
581
0
0
72
54
293
0
72
628
3
0
20
36
98
0
194
3
0
0
1
0
0
5
85
1
0
167
0
92
7
0
31
0
0
0
0
0
76
0
69
81
0
1
4
0
0
0
0
719
10
434
1163
777
18
0
10
17
2
18
0
0
0
913
1114
0
253
0
2
0
1058
0
0
87
1
0
0
26
0
10
3
5
0
179
0
37
4
7
0
0
76
0
0
66
0
63
482
21
0
0
31
286
325
1
0
0
0
0
0
470
21
0
1281
0
0
0
39
2
348
5
0
8
0
64
19
202
591
3
1
2
0
0
64
1
0
0
0
0
0
2
0
1344
0
50
166
0
0
0
0
36
173
1
0
0
0
23
0
16
798
0
0
0
0
16
0
32
2
22
0
0
0
58
14
0
0
0
1
740
0
0
47
0
0
0
0
72
0
80
81
0
0
1
0
7
240
0
0
0
0
347
18
0
38
0
26
4
11
86
0
81
0
0
0
0
23
0
4
296
0
0
2
0
0
1
62
0
82
38
4
0
0
157
9
0
1
0
342
115
9
0
0
1
0
0
182
2
0
2
13
1
0
0
1
0
0
108
0
4
1
0
0
0
0
2118
0
56
0
0
0
19
0
0
0
2
867
0
0
0
102
0
52
2
6
0
0
154
0
0
6
0
0
0
0
0
82
1
3
0
545
0
3
7
0
131
0
783
2
0
0
0
1360
103
0
104
38
0
0
6
1
172
0
42
19
2
0
0
0
0
4
6
27
597
67
63
0
0
29
0
15
0
0
307
892
0
94
0
0
0
3
0
16
137
0
0
61
0
346
45
48
0
0
164
399
5
34
0
946
0
28
0
0
0
0
1
6
198
656
99
30
7
0
0
3
0
166
43
1
0
2
511
4
0
48
0
0
151
39
0
154
6
0
943
2
0
94
4
0
0
0
0
1037
0
2
0
4
0
0
0
24
0
2
491
0
0
0
3
0
1
34
0
130
39
8
0
0
1
0
0
0
829
163
0
16
22
206
0
24
8
0
0
0
5
0
0
0
11
0
4
0
0
23
0
0
170
9
16
0
0
20
1
3
0
0
0
11
0
2
0
13
0
7
35
3
0
0
1
0
0
0
0
64
3
0
0
9
0
0
0
0
0
15
98
0
0
9
0
790
0
1
30
79
4
32
0
0
0
0
0
0
0
0
2
3
0
7
21
0
0
0
50
0
122
1
0
0
429
65
1
0
2
75
41
2
0
36
696
0
28
0
95
19
1129
230
408
0
10
523
12
0
474
0
0
2
34
0
0
43
0
0
144
0
3
2
7
0
0
20
0
0
0
0
28
0
0
1
0
0
85
89
41
11
0
0
12
292
0
85
161
1
0
0
0
17
1
0
81
2
87
5
2
22
39
430
2
1
1
2
0
0
37
57
1273
0
10
19
4
0
0
0
0
0
28
842
0
0
0
0
0
0
76
96
1
43
4
675
123
0
2
1
209
2207
0
331
0
1
22
279
41
0
10
20
0
0
10
31
3
0
32
0
0
3
0
5
429
181
436
2
0
161
0
1
0
14
0
0
26
0
0
0
2
103
37
0
11
0
0
19
322
0
5
0
10
0
0
375
0
0
178
546
788
756
3
0
63
0
23
0
14
0
120
3
0
0
0
1
3
0
8
0
0
0
46
1
333
0
10
0
60
5
1
1214
1
2776
0
0
0
83
78
24
0
548
0
0
38
96
419
17
4
629
35
23
0
28
6
441
11
0
0
0
0
7
822
0
118
0
19
23
0
0
12
220
2
106
7
585
380
8
4
0
28
0
1
1
0
402
384
294
27
105
0
127
0
49
0
0
158
73
0
0
0
264
0
0
0
40
9
92
0
769
0
2
8
1
10
87
0
210
30
10
8
329
127
75
32
6
0
197
0
1
0
316
0
0
33
0
0
0
81
0
0
3
0
0
0
50
774
21
4
462
246
0
674
0
4
0
2
0
381
183
0
120
18
0
0
0
0
0
38
20
40
0
65
0
0
0
5
7
0
369
0
2
338
0
0
0
17
0
0
0
11
13
0
0
0
0
120
0
1
335
0
2
0
24
4
0
54
0
76
0
5
86
0
12
0
8
0
484
22
236
0
0
556
172
0
40
41
0
0
1
0
28
11
4
0
0
0
0
42
1
74
0
65
3
32
11
47
0
19
0
0
0
0
26
49
11
88
677
574
54
73
0
2
0
26
0
166
0
0
0
0
738
8
13
244
60
461
237
0
0
13
0
105
0
20
0
0
501
44
8
0
83
17
0
6
0
35
72
166
0
0
0
0
121
0
0
0
433
56
0
7
66
0
160
3
37
20
2
0
5
0
0
169
396
0
11
0
110
0
0
0
3
1
295
0
0
1
2
0
0
0
0
0
1
0
0
5
4
515
133
375
1
0
0
0
46
63
0
0
0
0
0
192
111
0
0
0
55
0
0
0
0
19
4
0
0
1
0
3
0
0
13
0
0
3
41
19
3
0
0
11
76
17
0
28
0
140
2
0
0
0
0
115
0
141
0
141
3
153
8
0
644
334
225
0
0
11
0
0
1
35
0
7
22
4
1
37
51
13
1
10
225
0
55
0
38
806
4
0
0
21
7
6
57
27
47
42
19
2
0
5
28
0
443
0
0
0
21
0
0
8
0
0
74
13
149
4
3
0
0
0
20
111
6
131
0
0
162
0
693
5
0
7
743
0
0
30
0
0
1
22
0
0
222
2
0
1
0
0
31
0
0
0
0
0
1816
1
28
0
3
0
5
230
15
88
158
74
875
80
0
48
0
291
38
0
445
0
157
0
19
0
122
0
83
0
0
0
0
4
8
0
2
3
47
0
0
2
0
125
28
10
366
0
0
0
102
0
0
0
0
10
0
170
1133
0
210
0
0
27
74
10
0
0
23
13
0
0
0
141
0
0
0
58
0
3
0
0
6
2
4
166
77
72
1
6
444
0
0
0
3
0
901
0
4
0
136
0
339
95
6
0
3
0
0
0
0
0
0
238
26
339
0
152
0
0
13
988
5
14
1
0
14
0
8
0
0
0
0
261
3
2
82
0
0
0
0
0
3
0
8
69
0
2
26
0
552
0
0
0
0
374
0
171
68
0
1
3
0
0
0
430
0
0
0
0
0
0
0
0
0
24
0
0
0
3
0
148
12
0
63
0
41
16
0
62
0
0
0
0
0
37
0
0
0
0
0
0
0
5
13
0
485
0
0
942
0
0
0
96
0
0
8
303
11
149
0
0
21
0
0
0
0
4
0
13
46
5
12
0
0
0
0
0
0
0
8
0
1503
0
35
378
1
0
1
0
7
0
0
251
0
0
781
0
1
10
0
297
5
0
0
0
0
0
40
10
0
1
0
6
0
0
408
0
47
1
0
26
1
0
2
45
14
2
4
52
223
0
23
0
96
14
0
8
0
0
0
1
0
0
0
0
538
0
0
1
0
11
72
0
0
0
265
0
0
0
0
228
10
0
0
0
275
482
0
11
0
0
46
64
64
224
0
0
0
0
23
0
0
420
8
68
28
0
562
290
6
0
0
12
8
0
0
26
332
0
0
0
0
3
0
157
0
3
1
0
0
456
13
0
258
125
124
145
0
11
1
1
10
20
0
99
169
0
27
53
115
560
0
0
431
0
13
1
0
0
0
527
0
960
0
76
501
12
107
0
0
0
1
18
0
20
0
0
0
56
2172
0
406
150
6
0
16
0
64
0
0
3
0
0
0
285
3
0
0
0
0
0
43
3
9
38
0
810
0
4
0
0
72
36
0
127
0
0
1
0
0
0
0
0
1
0
145
0
66
1
13
6
99
110
0
70
0
0
0
0
1
0
59
0
0
34
46
0
0
95
0
0
0
0
9
7
0
170
78
0
27
111
0
0
58
834
0
0
0
2
1
0
5
425
104
1
0
0
0
4
0
10
93
603
0
260
38
375
3
0
0
0
3
0
0
233
1690
0
0
1
0
0
201
429
30
3
5
0
0
21
314
0
8558
0
0
826
447
0
0
0
2
1
4
11
40
0
0
5
0
0
191
0
0
72
52
0
580
0
282
0
75
0
0
0
0
0
0
211
1820
0
262
0
243
13
83
471
0
0
0
0
97
174
0
43
214
4
0
0
4
317
181
0
0
0
51
0
0
0
0
0
0
0
19
0
0
18
0
6
0
0
0
956
0
0
0
405
2
21
0
118
0
0
25
899
0
0
1
444
103
4
0
2
8
1
33
253
1005
0
0
77
0
401
10
5419
0
6
325
0
0
2
0
0
0
0
8
0
90
0
500
160
0
13
2
32
0
80
2
54
496
2285
0
116
576
0
0
0
35
1
46
2
0
0
0
0
0
295
0
15
0
0
0
52
0
0
47
7
8
6
16
114
79
1
3
0
0
3
468
0
294
34
11
0
0
0
469
0
0
132
0
0
0
0
1033
0
51
0
0
64
0
0
1
0
58
0
5
0
186
6
0
11
0
31
0
0
17
118
1
0
147
179
0
0
17
23
72
6
0
4
0
66
1
61
0
0
10
18
0
0
499
137
0
10
595
16
53
387
150
0
0
1
2
0
2
0
252
160
0
0
0
0
8
196
8
0
8
1
1885
4
1
0
0
240
87
30
0
678
8
0
0
137
0
0
0
0
0
6
353
75
90
10
455
0
0
1
0
0
0
450
0
2
171
315
4
0
80
0
1
0
390
110
226
0
1
0
2
132
0
4
489
0
0
0
200
0
0
0
0
0
1040
735
0
1
13
129
0
1
0
0
0
19
649
410
0
282
0
4
0
0
47
0
9
0
0
0
18
4
0
1
0
0
0
90
0
0
0
0
60
0
0
0
0
2
7
1175
53
0
0
103
0
295
86
11
0
127
19
0
0
0
0
157
17
0
0
223
803
0
0
0
0
0
0
0
0
10
0
0
0
77
0
879
0
0
0
473
3
0
48
0
10
0
2
0
0
0
281
339
1
587
0
0
46
0
3
0
0
0
0
17
0
0
1
2
0
0
771
46
2
47
0
0
0
10
0
91
52
0
6
353
0
0
0
159
0
0
9
9
2
555
9
0
439
3
0
2
1
0
0
0
0
4
21
4
0
0
0
0
0
0
0
0
0
0
5
167
0
0
21
0
1
10
0
2
0
65
13
5
0
403
0
8
879
0
60
0
0
53
0
0
0
14
7
0
16
835
0
57
0
1
69
5
1
192
0
279
0
2
0
19
592
0
0
0
0
0
55
193
10
1
0
0
54
197
571
0
20
4
0
12
9
5
0
43
46
0
3
42
20
0
0
0
144
0
0
0
3
18
0
170
0
0
24
46
1345
74
10
215
0
0
65
646
1
0
728
0
0
0
15
50
0
0
48
0
0
1
14
0
39
0
12
2
0
0
26
2
0
0
0
559
0
0
0
25
0
0
25
8
0
0
0
0
32
0
4
0
4
72
26
0
0
0
473
0
75
29
0
0
35
0
0
0
23
69
3
2
0
27
0
199
0
0
5
123
982
0
0
136
0
90
0
0
0
0
653
0
4
0
2
34
21
5
32
20
0
374
0
0
0
240
119
25
0
21
20
1
41
0
0
73
0
4
0
86
339
0
0
1
105
0
733
0
0
282
0
0
0
0
3
1
0
12
23
11
698
0
33
2
0
355
4
0
0
84
0
0
0
0
469
0
888
896
148
125
0
0
78
1780
0
0
0
40
0
0
0
0
60
0
204
9
0
141
437
0
1
0
0
4
0
150
1
0
127
0
0
430
0
15
0
21
478
4
0
0
74
0
0
55
320
0
0
0
0
235
275
41
11
0
0
0
1
0
7
0
0
52
0
0
5
12
7
608
160
0
0
114
1
0
0
0
0
0
0
0
0
766
1
72
0
3040
0
548
4
3
0
180
0
1
0
1
14
39
11
143
41
34
49
0
63
0
75
1
2
0
0
0
81
5
0
274
8
101
0
0
0
0
21
33
305
0
0
1
0
0
926
0
140
78
56
84
50
3
1
0
132
24
0
177
0
0
0
0
61
0
0
2
0
46
0
0
0
28
3
0
2
0
269
0
0
0
12
0
0
0
2
432
0
1
0
84
0
9
33
0
7
0
124
0
0
0
270
0
0
0
273
48
29
54
0
5
303
0
0
445
0
0
0
275
0
0
12
108
0
0
0
0
0
96
26
843
65
0
0
0
0
225
0
11
0
297
69
0
411
4
196
72
21
17
175
0
0
27
263
0
516
0
16
0
58
0
2
0
0
596
0
0
0
19
0
1141
0
3
0
9
0
36
0
9
3
77
0
6
93
1
0
2
0
230
0
10
234
0
0
0
254
74
101
23
0
0
0
21
93
92
0
0
47
0
0
0
1
0
0
229
0
4
26
5
37
0
0
0
0
150
0
72
0
24
57
24
0
1
0
3
0
92
0
65
0
11
0
0
60
0
39
185
0
208
89
0
32
0
56
54
0
21
0
30
2
149
34
33
0
16
171
12
19
0
8
0
52
290
836
50
3
0
0
0
0
291
203
0
19
0
86
0
37
1
0
0
0
44
1
55
0
16
16
41
7
0
13
39
129
0
109
0
0
0
21
16
0
0
0
2
0
110
104
0
80
28
1381
8
340
0
28
33
0
0
0
0
19
0
0
1
0
0
4
30
2
3
0
21
2
110
0
108
11
382
22
0
1159
33
145
1
0
0
0
3
0
279
0
64
39
9
0
22
10
0
0
19
0
33
0
1
2
58
63
739
22
8
74
0
10
14
12
0
0
157
0
0
32
222
0
0
0
435
0
425
1
0
0
19
117
8
0
86
58
0
0
0
0
0
614
0
44
536
243
0
39
0
0
58
40
475
213
0
0
0
27
1
99
70
55
17
1
0
3
0
101
719
0
3
16
22
0
0
0
0
188
0
567
835
187
1
0
607
0
845
0
0
6748
0
0
0
4
36
19
19
0
1
36
0
138
86
0
190
26
66
2
2
339
0
3
203
431
5
0
0
88
1
168
0
2
0
0
2
0
0
0
1
0
30
0
0
0
32
0
93
0
0
199
0
296
126
0
68
1
4
121
0
0
82
11
2472
0
0
0
498
226
4
0
23
5
0
1116
48
182
0
1
0
0
0
149
15
1
19
0
0
0
15
0
2197
9
0
1
0
68
4
0
0
0
0
0
13
0
3
213
0
1
25
0
0
0
880
0
54
103
0
0
1
0
0
276
0
0
32
0
25
0
599
0
0
1
1689
28
95
0
1
0
74
62
45
0
3
0
15
0
4
247
24
880
0
0
0
206
28
0
152
122
0
100
0
1
0
2
0
37
93
25
3549
276
0
0
2
0
223
1
0
0
364
9
0
600
15
0
6477
29
268
70
0
7
0
0
0
83
15
26
1
0
67
173
25
11
0
215
0
6
77
14
0
0
2
0
0
27
1
0
0
0
0
449
0
4
0
0
0
0
30
1
0
0
48
0
707
0
0
1
0
637
0
3
0
28
0
53
0
88
136
0
0
0
0
0
0
0
0
0
0
0
0
0
0
0
2
0
0
11
0
0
0
0
270
0
0
0
0
0
26
12
0
3
0
128
14
0
671
0
0
0
0
0
0
0
0
0
0
84
0
0
0
0
1
0
49
117
0
0
0
0
0
8
3
3
0
19
144
43
0
0
1
377
2
0
15
77
0
0
41
31
0
0
77
40
20
0
4
0
875
227
0
0
81
0
21
0
105
39
0
0
70
33
859
87
0
33
0
0
0
6
0
306
0
0
0
0
0
0
0
0
2
153
14
71
0
0
0
0
0
0
15
223
0
8
57
404
0
0
185
0
0
1
164
0
0
1
167
2
1
0
0
0
503
2
0
3
0
418
0
1
0
5
0
2
1
0
0
0
0
0
0
0
0
50
0
1099
0
0
464
25
0
95
0
124
344
19
89
0
0
12
0
1113
1
0
0
0
19
9
0
11
0
0
0
19
0
0
1
0
178
227
139
0
25
0
86
0
1
0
0
0
1
0
1003
3
6
10
0
0
0
0
0
0
44
0
0
226
63
242
124
7
37
0
0
0
27
0
498
0
0
182
1
0
0
1
0
0
0
0
259
0
0
0
1
0
674
0
3
0
0
373
0
0
0
6
0
0
37
0
4
0
99
86
1
0
4
282
0
0
1
0
145
23
196
0
10
5
3299
0
0
191
0
0
0
0
0
0
0
0
64
17
0
0
0
0
384
0
0
14
1436
0
147
39
72
0
0
148
2
0
11
3
184
674
0
50
0
0
0
0
0
0
0
1
119
0
0
0
8
0
3
0
121
21
204
0
0
0
19
17
1239
0
39
0
0
1
3
10
0
2
0
0
937
181
0
0
0
0
0
0
40
183
0
347
0
0
0
14
0
2
14
0
1
0
1
193
0
80
32
0
123
54
0
951
0
0
20
0
106
0
204
0
75
32
0
0
0
18
0
1
5
0
10
1
0
0
0
28
1
90
712
0
247
0
736
0
232
2
0
15
2
14
238
0
87
65
20
0
1
69
0
1
0
0
39
28
57
7
3
3
3
0
3
0
3
0
0
103
0
0
430
0
2
1
0
0
0
0
0
0
29
3
26
3265
154
0
34
0
2
0
61
0
1
3
0
2
0
8
0
0
0
0
4
41
251
17
5
0
8
0
211
0
0
0
0
0
0
0
5
0
0
2
144
240
0
1029
0
24
135
950
286
7
0
1
0
3
103
257
0
0
0
0
0
86
0
0
0
1
0
50
92
44
2320
0
0
27
113
425
0
0
0
4
144
0
76
0
753
0
0
26
0
0
0
7
0
183
1
209
28
102
0
363
2664
306
0
19
5
2
0
0
2
0
61
0
0
0
119
0
149
0
3
7
656
230
25
0
0
0
0
0
1
47
0
42
128
0
3
4
594
4
34
3
4
0
0
0
1217
0
69
0
5
720
0
0
2573
2
156
0
158
0
0
1
0
0
1803
0
1229
0
0
0
793
0
0
0
132
0
19
1086
2
4
7
7
1394
0
0
0
64
0
0
1
0
0
0
82
0
0
38
41
57
2
1
0
104
341
4
0
1
0
0
0
0
234
1
2645
0
0
5
1
0
0
0
5
0
0
0
883
0
606
0
0
391
1
0
0
2
9
76
0
0
13
0
184
0
4
0
128
6
132
1
189
0
0
0
0
0
0
0
35
0
0
73
0
10
2
620
0
0
0
76
1
0
91
1
0
16
0
43
11
0
1
0
0
0
493
28
5
0
0
3
0
0
0
0
0
145
157
0
69
163
5
0
128
0
74
0
21
0
34
0
0
0
0
13
0
0
0
33
0
7
287
0
0
0
27
108
9
8
4
494
8
25
0
5
0
0
0
8
7
322
0
0
0
0
74
0
0
15
0
29
21
0
2
0
37
3
0
979
20
0
75
90
0
0
24
45
3
1503
1101
34
87
7
529
66
0
0
17
0
28
325
0
92
0
0
5
7
0
0
0
1
0
0
59
0
0
0
2
2
1
0
1
0
1
0
166
0
9
0
47
0
0
0
3
0
0
0
0
0
250
0
2103
9
3
12
0
296
0
0
0
0
0
1
0
23
0
0
346
0
5
0
0
2
79
0
359
49
0
1
32
0
0
0
17
0
0
0
0
0
0
70
3
3
0
1
1
17
23
0
0
0
32
2
0
52
8
0
0
27
18
0
0
0
0
45
236
0
26
0
0
0
49
0
0
7
0
127
1
12
232
0
0
0
8
0
0
291
0
1
0
0
0
0
0
716
969
0
15
0
0
43
230
0
0
0
0
36
257
2
206
752
0
0
0
0
0
127
0
2
6
2
1
0
26
1
15
3
585
0
0
0
0
253
0
0
0
0
0
0
0
287
43
0
1
31
0
87
0
0
361
0
0
112
5
232
83
0
0
76
0
0
4
58
24
0
7
0
21
29
80
0
0
0
0
0
0
3
0
0
110
0
0
33
72
0
0
47
0
160
35
32
0
0
0
0
5
0
556
0
112
2
35
0
0
180
0
0
0
0
255
0
26
19
100
2
673
0
0
64
132
150
159
106
1
0
169
0
875
0
51
2
58
6
0
44
70
0
0
177
0
114
0
0
0
1
0
0
13
2
133
0
0
0
7
0
8
0
0
402
0
1
166
5
292
30
0
477
1122
3
0
0
0
0
532
150
0
0
0
0
0
0
0
0
299
43
0
0
1
0
470
0
133
4
0
16
30
0
0
0
111
0
93
59
4
2
6
221
0
682
3
39
1808
2085
8
56
0
0
9
72
11
0
519
33
21
0
0
12
83
6
0
298
0
0
142
0
0
0
0
4
0
7
5
0
0
1
51
0
2
0
21
0
18
0
55
1
119
0
28
263
0
0
134
6
0
7
13
116
0
0
0
0
0
88
4
0
7
2
0
0
0
0
20
61
155
4
4
0
0
0
1
0
0
809
0
0
6
0
558
0
5
1
20
0
4
5
0
92
0
17
0
0
0
4
27
4
2
0
377
50
0
3
0
0
0
0
3
77
32
0
1286
0
37
97
0
0
43
1
17
8
0
0
0
0
0
1
0
17
1
41
70
3
0
21
68
0
4
0
0
0
0
110
0
0
1
0
46
0
0
29
119
1
128
0
6
29
0
503
0
0
0
340
43
24
0
0
0
0
10
0
457
0
533
98
0
56
40
14
461
0
18
104
7
0
0
229
30
0
194
2
0
194
0
7
0
2138
0
0
0
6
0
0
0
0
240
7
0
0
256
0
0
0
16
548
0
0
0
0
278
0
1
32
0
0
0
0
0
0
41
0
6
264
0
1
364
0
2
203
0
1229
7
280
11
0
0
24
2
65
261
0
56
49
0
3
368
41
8
0
0
0
0
0
167
32
0
0
0
56
358
68
5
989
1
1
0
1
3
2247
2
83
78
0
11
196
4
681
79
0
0
75
164
0
0
0
0
0
0
0
46
596
130
1143
13
1018
267
228
3
88
0
1
0
0
0
260
0
9
0
255
10
0
4
0
32
35
0
0
13
41
1236
238
30
0
0
7
76
0
0
2
0
0
0
24
0
276
110
0
0
0
15
22
6
0
0
0
3
0
0
187
0
14
24
35
0
47
0
0
328
0
1005
0
0
51
23
738
2
0
6
0
7
0
0
0
0
0
0
4
34
510
0
29
2
0
3
7
0
0
26
81
8
0
0
1
0
0
0
69
41
24
69
41
152
2
1
0
0
0
0
136
52
180
0
0
61
0
91
0
177
0
537
27
0
1
0
0
53
15
24
1
2998
33
3
0
0
0
0
9
334
0
0
0
0
24
224
0
0
21
7
755
2
654
652
14
75
326
81
3
58
14
34
0
258
750
117
4
523
0
0
0
209
1
2
2
0
218
183
697
1758
0
78
4
565
0
0
0
0
0
0
0
18
0
0
0
2749
245
65
0
428
237
1
6
31
0
1003
0
0
0
0
0
16
30
5
1
0
591
0
24
5
25
0
0
270
559
0
24
1
0
634
3
534
0
0
148
51
32
33
0
0
0
0
0
0
0
25
130
15
0
0
2
458
1087
0
3
4
27
1
26
7
661
0
0
168
0
0
0
0
0
0
283
0
0
0
4
99
0
0
0
1241
0
68
105
117
68
0
0
141
0
0
1
46
0
37
0
8
0
947
2822
3
224
1
6
0
175
134
88
0
177
0
0
2
0
61
0
0
0
1
0
3
0
85
22
114
38
53
117
15
6387
502
36
0
41
0
0
1
0
0
0
24
0
0
0
0
52
134
25
0
0
14
25
0
80
44
617
0
7
4
21
0
16
0
9
0
0
3
190
0
7
0
5
360
0
0
0
6
1
418
773
0
0
0
253
0
62
337
64
530
376
0
97
0
175
3
0
0
0
51
0
110
0
0
351
0
0
0
0
0
1
0
4
711
19
33
349
0
8
8
0
234
0
0
0
0
7
0
0
31
2
0
0
112
83
156
0
0
531
0
0
308
0
0
0
2
0
1
0
1
43
0
0
0
7
0
54
0
0
0
0
0
0
0
0
0
93
2
0
2
1
9
0
23
0
2
0
0
0
1
0
639
6
0
172
1
0
29
0
0
1
468
0
0
190
0
0
0
0
0
5
208
11
33
0
145
114
1
0
9
0
0
0
0
0
0
17
0
0
0
33
0
0
123
56
20
0
2
355
578
0
0
10
0
531
2
2
0
60
110
926
0
0
52
0
0
2
30
16
3
0
0
0
0
0
204
1
0
363
0
248
0
175
0
7
48
8
24
541
0
811
23
1
0
1
141
0
0
116
0
21
0
0
0
0
593
3
0
2
0
0
0
0
28
0
0
406
0
0
0
0
0
1
9
81
45
38
0
0
26
2505
342
0
7
0
0
0
0
0
0
0
0
40
21
23
43
1154
0
0
0
580
1
12
0
0
0
0
659
234
0
12
0
157
0
0
6
126
0
0
0
0
4
92
0
0
3
0
0
4
0
1
0
0
591
18
28
1
0
0
1
4
0
0
0
2
1
0
0
0
21
7
0
179
0
0
0
0
0
0
0
0
0
0
1
0
1659
0
0
0
93
0
41
73
78
0
6
9319
0
3
0
158
9
0
5
0
0
0
0
1
0
0
131
0
0
0
15
0
0
3
0
0
0
0
0
0
0
98
0
1
0
8
0
1735
12
24
0
6
0
0
0
0
0
2164
460
148
82
5
0
0
59
0
102
30
399
399
18
528
397
589
0
184
91
1
7
0
0
4
0
0
311
0
0
0
0
33
11
341
0
279
5
95
1
0
0
0
3
46
5
0
0
2
65
5
20
13
79
0
0
20
27
0
0
0
0
0
0
3
0
0
0
0
0
0
0
56
31
0
0
1
1031
0
0
0
2244
157
0
223
0
0
0
0
2
387
0
1
690
5
0
391
4
0
77
25
0
0
0
1
0
260
0
0
0
1
0
0
355
301
0
0
0
0
3
7
0
0
0
110
4
0
0
34
0
0
0
0
680
0
0
343
3
0
0
147
0
8
81
0
0
23
0
0
0
0
115
0
0
0
49
10
0
0
4
0
0
50
8
0
0
0
12
42
0
70
0
0
0
0
764
0
875
0
0
8
0
0
0
0
0
181
560
0
0
0
17
0
132
0
0
3
41
99
2
0
0
186
0
0
107
32
0
0
0
0
0
1465
0
0
0
1037
0
0
3
36
0
107
1710
0
0
0
6
0
0
1
0
0
1
0
102
52
0
0
1
0
0
0
0
0
0
0
615
0
64
0
38
2
0
0
0
0
0
0
0
0
0
0
0
1
0
0
0
0
0
1
369
0
82
2
0
0
71
0
0
0
1134
0
2071
0
512
0
0
0
0
0
14
0
17
0
0
0
2
1
0
9
0
0
0
0
662
37
0
0
209
0
0
0
0
0
0
0
0
0
0
34
0
161
25
0
2
1
17
0
21
0
0
8
53
0
0
0
0
0
0
0
0
0
0
0
0
1
0
0
2
0
40
188
31
0
0
0
0
1
0
0
0
408
0
0
0
8
27
0
6
0
3
0
2
0
91
0
1
0
0
0
1372
183
0
208
0
0
0
0
0
0
1
0
36
315
7
188
1
0
0
314
477
0
10
114
0
0
6
0
6
0
1628
1
0
0
2
5
1094
0
432
9
0
7
0
486
0
0
0
0
0
398
0
0
0
0
0
0
8
0
0
0
414
120
0
0
5
805
0
4
128
0
767
0
0
0
0
1
1
1
20
0
0
0
0
2
0
0
0
0
82
0
33
0
22
769
0
880
0
18
3
0
0
9
0
0
4730
0
0
0
0
0
0
0
0
0
16
0
0
0
0
0
306
0
197
1
0
10
0
530
105
0
492
0
0
666
0
10
0
0
0
0
1294
2
0
0
0
0
0
1335
7
0
70
8
0
2
0
0
0
59
0
69
0
6
10
0
104
5
1
151
0
1
0
0
0
0
0
0
7
225
3
0
0
0
0
0
0
0
0
16
92
0
0
0
0
448
0
0
0
1
0
105
0
0
2
0
0
0
0
0
0
0
0
3
0
5
414
2309
295
0
0
0
0
266
0
0
0
0
0
0
0
0
0
66
0
134
17
0
0
105
0
0
0
0
1371
0
0
153
0
0
8
104
0
0
61
0
6
0
12
503
334
25
3
1
42
0
25
0
31
0
20
0
84
0
440
0
0
277
0
312
250
29
0
3
0
260
3
0
212
88
0
266
0
0
0
15
0
592
0
0
0
0
0
1074
1081
752
2
1
0
0
0
0
447
151
140
0
210
1
0
1
4
72
0
0
62
0
7
49
27
0
11
60
6
0
0
0
90
10
61
663
59
69
101
0
0
8
163
0
78
3
0
33
0
15
0
0
109
1
0
1
3
0
32
0
46
1059
0
0
1966
1
0
87
1490
0
4
48
0
0
1
10
1
0
0
0
0
2
0
1
40
38
2573
225
0
554
6
121
917
12
0
59
0
0
0
2
0
81
4
58
15
0
0
19
128
549
6
0
525
0
45
0
29
0
61
110
105
6
0
32
0
234
0
0
0
0
82
0
10
44
132
50
0
12
200
6
192
400
67
0
0
90
635
4193
0
0
22646
66
329
0
1
0
0
164
218
0
33
21
452
2
0
0
315
0
233
0
2
1608
6
136
1813
0
0
3
1713
0
1
65
105
129
191
483
1
0
346
128
8
0
61
16
0
133
826
0
0
8
110
0
0
0
1
0
0
11
0
0
27
460
27
285
70
154
851
0
12
116
0
24
0
921
0
203
10
252
0
4
0
112
0
1332
536
3209
0
8
114
153
2
294
80
0
0
2
19
0
661
0
82
0
71
491
10
2
0
0
474
0
0
10
94
0
151
1
1
8
0
28
28
0
112
0
522
30
0
76
22
0
970
0
1189
0
154
0
0
0
17
339
320
8
0
1
552
0
425
0
0
297
341
27
0
3
75
198
0
116
0
5
0
160
72
0
0
4003
0
1
326
20
91
48
163
0
3
27
8
14
105
0
83
90
1
208
735
131
48
7
775
122
2
589
21
0
93
0
2
26
72
2
0
97
98
790
14
0
0
0
0
885
118
417
123
609
1
23
0
0
0
54
421
30
0
3
56
42
0
0
23
182
921
0
13
226
0
260
11
93
35
0
0
33
14
341
2
0
63
5
3
222
25
0
54
0
86
25
13
0
1
33
28
336
0
3
0
0
6
3
8
270
12
0
0
34
0
0
0
109
2292
5
0
0
0
42
734
32
142
2837
238
22
5
1
65
43
0
405
4
115
55
42
13
11
0
5
289
23
0
33
13
0
224
0
4817
7
160
28
0
0
84
11
0
0
29
0
14
72
18
0
178
3
1
26
0
9
184
0
0
53
643
0
0
42
39
0
0
364
662
0
2
44
1
0
0
721
32
19
0
11
0
0
0
169
34
338
0
50
0
2
24
3791
0
2
2
23
531
7
0
0
0
27
145
0
166
103
0
0
657
785
0
0
10
12
0
2
23
0
1446
44
517
667
0
0
0
813
0
0
0
35
17
0
158
0
2
56
1
0
8
414
193
151
255
211
0
0
0
5
169
0
0
340
66
0
119
0
1
0
424
461
1673
270
4
272
27
5
770
0
1
0
18
0
355
281
133
10
563
40
0
292
0
0
26
2
1170
0
28
90
211
42
403
21
0
4253
0
0
0
22
0
1
987
0
104
368
319
0
105
0
95
28
0
61
2
109
3511
0
0
0
466
0
190
11
107
0
24
72
2
149
0
8
0
0
0
1254
0
116
0
0
0
7
53
129
900
3
3
0
2
0
0
4
0
0
941
630
1
0
13
0
0
87
0
0
6
0
0
0
82
11
593
197
0
17
0
31
90
200
29
0
0
99
1
0
6
7
1881
26
2
0
318
5
3
417
1
88
0
3499
204
0
17
0
0
275
0
0
0
6
47
39
0
0
99
132
25
0
207
201
0
0
0
1865
20
9
79
359
6
46
1
60
0
99
3
0
0
0
72
344
0
547
240
0
18
0
0
0
380
472
2
105
0
0
100
125
115
0
155
0
144
92
51
0
24
13
0
11
1
1
0
0
2892
34
13
0
0
0
0
1057
93
151
71
0
1
40
53
14
104
8
2
0
2
0
0
0
668
0
0
23
9
72
96
581
0
0
159
0
1605
0
209
0
151
0
76
36
170
0
98
23
84
1
5
0
756
155
29
0
406
408
0
221
0
26
0
3
0
5
391
72
0
501
0
0
73
3
0
0
871
85
0
0
1
70
715
102
0
0
0
42
0
0
14
154
5
2
0
12
0
85
0
0
0
296
9
2
1
847
1
18
9
9
0
1
13
356
0
0
290
0
0
0
0
0
47
8
1
1
34
0
0
5
0
1
5
1
0
0
71
35
759
0
4
5
5
11
4
0
0
0
0
12
3
0
28
30
0
0
0
0
1
0
1
29
0
0
31
0
0
69
0
0
2
2
31
0
2
4
10
22
9
0
0
2
0
12
890
0
0
0
0
58
18
45
12
2
0
94
253
2
969
228
4
107
13
63
0
139
9
9
86
2059
5
0
1
129
0
0
849
3
222
0
1
43
0
65
314
0
367
4
171
8
0
88
87
14
0
0
30
1189
22
5
99
18
0
1152
13
601
2520
0
0
112
54
0
5
28
245
13
6
50
915
18
65
37
0
132
300
263
16
1
0
417
2
0
1
0
0
1
0
0
3
0
46
74
17
274
16
78
0
5
145
39
31
0
0
23
676
6
122
0
24
9
0
1
446
2
111
0
0
0
4
621
0
0
572
2
7
16
0
0
59
12
1530
0
488
8
127
315
33
0
0
1
2
0
1566
0
0
0
0
608
1
0
972
426
2
0
86
0
15
264
124
5
41
180
0
4
292
28
0
0
3
0
0
47
132
0
79
214
0
0
270
1660
37
1896
0
9
0
983
2
189
3
2
36
13
12
2
0
6
0
20
0
40
16
139
0
569
47
330
1011
218
619
1
0
1720
0
0
0
2
213
421
7
0
0
0
0
1
0
0
0
0
0
0
0
22
23
41
65
126
0
3
3
104
0
0
0
0
5
0
24
0
157
0
9
2
3
0
0
14
269
10
0
0
3
0
1513
142
0
0
0
0
104
0
1
0
533
0
11
54
537
0
983
30
0
8
0
106
0
11
0
0
0
0
9
61
40
0
0
36
3
0
132
0
43
0
4
3
2
396
10
0
35
0
0
53
0
141
170
473
0
0
0
71
490
0
10
0
1
0
0
77
0
2
156
0
0
0
0
0
220
0
25
279
195
43
0
67
101
171
1
0
8
260
25
109
2
0
0
0
7
80
64
565
0
4
0
0
14
0
1
1
0
0
0
0
0
252
34
0
12
36
168
0
32
9
0
5
1
121
0
235
0
200
109
0
11
6
0
0
0
4
44
0
0
14
98
46
0
0
34
228
1
28
0
57
0
0
0
0
0
0
0
21
0
2
5
0
2
0
27
0
1
11
0
0
29
0
12
0
9
1
139
10
0
339
0
1
46
4
12
0
6
0
2
0
1
6
10
0
12
49
0
0
0
31
96
74
254
0
0
38
0
33
0
2637
0
79
74
941
0
0
1163
300
0
0
0
695
0
0
3
40
2
0
0
22
0
96
0
12
375
73
522
0
1
3643
113
0
22
0
48
40
0
2
396
0
1837
0
0
288
0
31
0
0
334
0
0
104
0
158
1
0
13
91
5
34
0
0
366
65
0
0
159
1
115
3
83
14
192
10
3
0
1
0
0
0
256
0
0
281
489
2
0
525
0
0
0
4
1
0
0
775
9
332
19
169
548
8
126
0
160
0
22
541
0
0
19
27
13
0
353
0
50
1
0
12
796
0
3015
0
686
33
0
497
1
0
311
0
282
667
0
2
87
283
93
50
1
0
0
39
209
0
1
1
12
235
2
0
0
0
7
565
0
59
1180
72
387
81
17
858
43
14
7
188
1087
1
0
640
419
45
0
625
292
90
0
0
0
7
1542
1543
459
13
203
0
98
10
0
0
659
10
67
0
260
94
0
31
4
10
436
106
44
94
0
0
77
7
2
0
0
283
0
82
366
36
1
0
0
34
263
0
26
0
3
507
0
687
41
3
3
2
937
0
147
554
10
1
88
434
169
413
86
2
3
0
1098
0
1333
115
0
0
0
1
2124
0
1131
76
1558
39
304
398
273
1
213
1
0
1
0
16
139
123
158
0
19
43
15
415
0
0
477
26
0
0
77
120
33
213
1
0
6
2608
0
5
23
4
33
0
334
387
3
28
118
0
111
15
0
0
4
128
308
0
0
0
0
70
0
6
14
31
0
256
0
14
0
0
1
0
13
0
97
0
4
0
102
0
116
0
13
66
9
13
48
20
763
0
3
0
0
116
164
23
543
17
0
0
170
0
15
0
323
220
0
0
172
82
0
90
88
217
2
103
0
0
0
1
1
8
194
400
48
4
2
177
298
0
68
0
25
27
150
237
259
523
1640
0
171
166
1
0
0
20
46
0
347
0
108
224
67
0
111
0
105
624
1186
530
0
1472
1171
0
0
0
0
318
0
0
2
155
10
0
0
2
1
0
14
0
0
90
2233
87
65
11
23
1653
0
1707
0
0
198
0
2
4
10
0
317
17
6
408
1851
0
44
6
0
233
157
4
3
19
0
0
30
0
84
0
172
25
254
4
0
4
468
142
0
0
208
10
1
0
0
0
80
0
4
0
0
0
1819
632
81
168
39
0
11
0
0
23
19
763
24
314
329
0
106
73
54
114
0
72
0
0
0
21
0
253
44
18
33
39
21
67
0
0
0
0
0
1
57
68
718
0
0
0
1
3
0
0
0
36
9
45
0
649
2
121
100
0
4
143
1799
21
46
13
0
0
7
0
59
57
26
0
723
0
913
244
5
1
159
55
104
8
1
2
123
18
135
495
0
0
0
889
0
0
0
0
114
4
52
189
0
0
13
0
101
17
0
1154
0
3955
0
98
442
11
0
919
1
0
0
161
0
1
0
0
146
0
348
79
0
196
28
4
27
621
187
32
0
0
6
55
0
0
0
16
292
1
8
6
1
52
0
0
130
172
7
0
40
0
22
0
0
7
4
1003
2
25
0
0
0
20
0
58
0
465
0
0
237
6
234
0
5
0
187
0
27
2
37
64
3
1253
74
5
0
0
1
0
0
0
75
258
28
0
13
0
0
10
130
0
5
13
3
0
8
0
124
488
2218
13
439
3
7
10
0
55
0
12
12
1723
0
45
172
0
2690
0
0
3
87
0
203
28
0
18
2
0
62
8
0
7
0
25
0
0
0
21
0
0
0
0
319
303
9
592
377
1
767
0
0
0
59
217
2
12
43
0
45
7
42
181
288
1395
0
0
3
0
24
1457
204
10
151
1702
33
80
1
1952
191
10
0
0
815
86
1454
2
0
1
1
78
0
1152
8
75
323
0
5
324
180
0
3
98
1097
0
0
30
7
0
10
296
13
18
2
1
0
490
117
0
0
94
9
0
0
0
0
64
1
3
349
126
32
0
882
2
0
92
40
0
5
0
20
0
742
0
937
0
75
0
412
29
201
1
35
0
0
0
7
0
0
0
0
9
41
1
971
0
44
0
10
74
63
0
29
4
240
38
29
57
0
0
0
184
527
0
0
106
0
2
0
1
1
1079
0
88
580
1
32
53
340
0
0
0
0
175
17
18
0
5
0
0
0
0
0
4
71
130
44
3
36
18
0
0
0
9
131
3
0
3
54
140
117
0
0
93
0
0
0
50
0
4
114
6
28
136
0
0
0
316
0
0
2
0
2
125
25
6
0
250
36
220
14
388
11
22
22
8
34
247
0
0
10
0
286
63
44
150
231
2
58
240
0
0
0
0
129
1
18
48
2
0
407
0
89
5
9
1
52
180
0
838
0
307
9
0
2238
11
495
0
452
0
0
631
204
14
0
15
265
2
84
3
0
132
80
3060
25
0
1
0
0
0
716
2437
52
91
7
476
0
539
113
0
0
815
0
100
9
12
638
118
315
62
250
0
4
65
715
36
0
0
0
0
1
384
0
29
36
0
30
0
178
30
256
495
17
84
1
152
0
299
3407
90
4
488
117
32
22
0
50
13
586
17
0
0
9
0
1
0
215
0
11
0
1
80
1
2
0
11
1
253
0
7
0
373
0
376
0
347
0
0
5
23
1
2
0
541
4054
41
88
32
684
1
517
58
329
2150
7
108
0
38
198
46
0
55
0
30
0
2
4
57
482
15
0
0
0
0
239
44
152
0
49
928
767
10
0
0
3
48
219
0
131
0
574
270
125
27
569
18
54
0
6
617
0
0
0
0
164
0
0
0
110
0
0
6
905
0
0
0
298
664
203
29
211
35
1412
0
106
9
0
1
34
6
10
0
23
264
9
0
0
358
0
862
8
42
0
0
2704
0
0
17
13
0
7
0
95
192
80
2
43
0
1
87
61
3
3741
2063
0
596
137
0
0
0
151
415
54
0
0
0
68
8
1265
20
243
57
3
170
0
622
37
35
184
0
7
0
20
1151
0
31
0
0
16
1631
70
10
343
1
0
5
0
2
1
89
239
0
23
160
0
3
0
4
436
0
19
114
111
512
0
0
3
16
11
815
129
0
170
32
2
34
0
1
0
608
66
1
326
0
867
38
6
455
248
0
0
14
414
0
76
0
3
0
0
395
0
1
15
0
0
0
0
10
13
84
30
1193
0
0
1
55
0
0
0
614
0
0
0
0
0
3
277
0
0
0
0
27
0
0
0
0
1131
10
25
1
90
0
1
0
888
0
0
790
0
0
0
352
42
666
19
0
0
35
156
49
0
128
792
0
0
0
66
2
0
11
3
3148
0
11
89
28
0
0
0
33
4
229
34
65
471
668
0
3
434
470
0
2
0
34
334
1
166
0
62
186
9
27
11
0
19
2
8
0
129
0
8
0
0
70
47
28
72
0
156
747
25
0
231
0
133
0
235
136
248
0
0
79
732
0
72
0
2
0
301
0
0
1
17
401
5
0
117
108
538
21
98
1
174
0
19
562
193
4
0
0
286
197
899
104
2
39
0
17
0
0
10
2
4
0
0
0
193
16
0
0
0
681
55
0
24
2
0
3
695
33
0
0
0
428
1318
60
1867
0
0
0
0
0
234
1
2
54
4
370
0
0
21
0
0
0
183
514
0
1
937
1
0
0
4
3
0
12
0
0
6
0
0
25
60
0
75
75
0
24
0
0
1
190
0
310
534
0
86
5
69
1
23
0
71
0
108
68
0
192
15
0
40
0
2
41
191
1
0
88
2
0
0
216
0
7
0
898
133
21
317
0
1
0
12
272
110
20
84
1
0
0
4
0
0
192
830
0
758
5
93
4
74
2
0
70
304
7
0
2
177
21
19
0
38
259
97
4
228
106
0
0
1
3
154
729
407
0
13
402
0
625
0
0
0
5
318
32
438
0
3
0
0
0
0
85
2
0
0
127
0
0
0
97
0
0
252
0
0
0
2241
0
54
251
0
157
0
6
0
0
65
0
23
2
76
73
440
0
329
0
150
0
0
0
0
5
0
38
0
2
0
21
0
0
0
14
0
410
121
1310
0
15
8
79
9
1322
0
19
1
0
0
194
0
134
0
0
239
0
66
3
0
3
4
441
170
108
60
128
52
0
0
6
0
35
0
4
81
133
36
0
3
0
3
88
64
23
377
8
352
0
23
145
0
1295
0
146
0
0
529
0
109
33
461
0
8
0
11
77
2603
111
6
31
0
0
0
0
0
69
313
188
2
500
142
124
0
290
114
49
110
0
14124
13
35
5
271
329
144
3067
0
212
11
15
24
37
0
227
13
0
421
29
0
217
96
4
253
0
0
5
549
0
39
63
27
59
18
3
1
0
6
0
0
105
81
141
0
856
0
0
1
0
87
393
19
32
2632
1
3492
0
0
52
0
0
2
20
0
0
0
394
194
8
0
30
310
600
0
47
184
329
0
227
0
0
3095
18
0
0
0
0
3
2
0
167
0
2
63
1680
15
309
19
0
604
554
921
111
96
0
131
396
0
0
13
31
830
0
0
701
47
0
4
0
0
3
97
23
463
0
0
39
3
10
2
2791
219
1
0
0
6
308
7
0
0
54
0
0
0
47
104
1287
28
278
359
0
0
0
105
0
0
2
4
0
203
0
0
227
616
60
0
407
615
87
94
34
5724
4
0
0
2
2162
0
0
0
17
0
0
0
3
5
90
16
0
5
0
380
3
0
119
590
0
898
11
40
5
0
0
12
51
16
5
0
17
0
0
17
0
1
0
245
132
20
0
92
339
0
0
275
38
0
107
238
12
0
11
0
0
0
2
374
804
0
1
3
337
42
0
428
0
2403
37
0
0
262
0
9
61
45
0
116
16
118
1063
190
0
0
36
0
5
1
0
149
8
0
111
0
1
0
383
0
87
2
0
7
2
77
40
73
50
0
0
101
0
20
0
1
0
1
3727
38
4
5
59
0
106
0
0
47
23
52
79
759
0
0
47
50
46
137
0
105
26
0
6
1113
101
64
53
0
3
0
0
0
0
11
12
31
0
8
0
0
64
147
431
21
0
4
147
164
178
4
190
2
39
2
0
115
0
0
4
0
0
0
10
24
0
88
20
0
0
0
0
0
351
0
241
6
0
0
76
7
326
14
1142
43
164
0
8
73
1
0
0
0
0
154
0
10
3
0
0
1
21
754
0
1
0
0
995
2
0
104
0
698
187
0
794
0
7
2231
0
170
14
0
0
12
0
5
7
26
4
0
8
129
923
192
114
957
0
20
102
411
4
1296
70
0
0
199
483
31
1909
13
30
71
0
0
0
37
267
427
5
525
327
2
4
0
289
0
0
0
9
4
1904
19
0
1
14
925
146
0
12
0
0
4
135
0
848
257
53
25
255
2
118
0
6
0
3
1081
694
1220
0
524
0
114
73
129
0
0
0
0
2
0
606
0
133
143
1
9
2953
52
204
32
213
25
0
14
17
2562
0
5
0
112
0
120
743
123
0
92
3
307
0
20
0
506
331
6
0
5
97
413
0
5
0
50
19
0
1
39
0
2
0
0
0
346
0
1745
0
0
76
2582
0
56
1
0
13
0
71
0
2
10
592
8
0
387
167
80
131
6
4880
150
28
4
0
2
29
0
0
140
0
0
0
65
73
1
538
0
0
27
14
0
67
0
1077
15
98
376
188
664
0
207
0
83
0
965
13
446
0
0
0
0
5
481
16
0
9
473
12
238
0
515
266
214
102
62
19
0
15
4
3
0
0
0
137
0
0
462
0
13
96
452
46
0
0
7
17
0
0
0
95
355
12
0
647
142
228
0
0
0
121
4
0
77
204
8
0
0
189
0
0
50
5
3
106
24
0
2
55
8
510
0
83
4
0
4
0
0
61
0
18
2
45
230
4
0
339
0
182
0
149
0
0
28
3
109
319
514
0
1
1
111
0
0
72
2
412
113
3587
0
13
33
83
117
88
0
0
0
75
20
0
0
0
0
0
0
0
0
242
67
0
6263
1602
3
0
2
0
369
0
96
0
719
110
0
4
1688
392
0
0
6
209
12
0
0
73
19
0
181
1765
0
685
0
0
299
845
117
44
0
0
0
495
1549
0
60
0
440
0
0
0
3150
851
2
0
0
913
249
1
307
0
0
2
0
10
100
346
0
227
0
0
0
0
13
0
28
21
0
33
5
80
0
0
34
23
29
0
458
0
69
0
65
0
6
1198
1
0
0
42
41
0
290
2639
3
153
42
20
290
31
0
0
40
1
33
485
0
26
6
0
0
1
113
154
304
3
0
70
176
177
45
0
197
54
500
4
0
150
69
26
0
38
18
71
171
0
143
5
30
6241
600
144
0
128
0
391
189
0
0
153
211
30
25
12
5
0
1
0
0
2
4
0
14
621
103
88
0
0
3
0
86
8
930
0
5
0
3
0
0
83
1396
0
39
11
0
87
0
0
413
137
0
1
4
0
14
544
61
27
6
130
0
0
124
0
0
25
0
22
123
27
0
0
532
5
0
3
0
592
5
4
108
0
0
117
22
220
0
14
2
94
0
70
6
0
0
0
524
0
0
171
24
33
3
943
0
29
0
135
36
13
3
2
14
6
1066
42
0
4
3
0
40
0
0
339
13
47
240
0
5110
33
16
225
6
17
0
0
132
67
118
0
109
0
2
78
752
6
104
10
16
228
39
0
2
82
0
0
0
246
1199
0
19
115
127
209
0
0
0
0
41
7
2260
0
71
0
17
394
69
44
279
10
32
0
29
1
0
18
1
0
0
170
107
2
4
1845
1
0
0
0
28
190
2
0
346
0
20
22
327
358
3
141
0
21
452
35
419
0
0
2
76
0
2
0
236
9
695
917
0
16
0
0
37
8
60
0
0
146
59
101
0
0
61
18
791
3
0
107
0
15
0
0
441
20
411
2
0
0
0
16
3
592
411
0
7
32
74
263
80
0
0
7
91
1
9
1
1136
12
287
5
123
0
0
0
5
0
534
422
22
4
25
0
3
417
0
0
62
0
2
0
4
0
127
0
1
21
1
0
1639
299
17
550
0
0
0
932
0
1
0
45
1
0
28
1
40
0
222
620
8
0
1574
0
0
1
31
269
0
148
21
0
0
0
0
344
40
12
1
0
67
0
0
0
2
0
95
16
0
0
0
1
0
0
4799
0
12
3
383
0
39
0
0
1220
74
93
4688
140
0
421
0
9
21
54
63
0
385
0
253
0
0
328
0
69
0
0
10
639
67
1
0
40
205
416
398
41
0
0
166
0
0
0
38
17
10
0
12
0
2
79
26
100
195
0
0
0
8
83
31
1640
2
21
0
55
0
1088
81
43
27
1151
1
149
28
0
116
368
3
0
20
70
43
69
0
0
0
0
64
353
17
12
32
14
1112
7
0
193
29
326
17
0
501
0
24
0
34
443
15
40
9
463
0
56
6576
4
0
0
144
0
121
173
5
70
125
1041
647
0
1
77
0
0
29
178
16
32
0
15
106
9
0
37
0
1
0
0
0
0
3049
2
0
0
831
0
73
0
70
2063
0
0
6
0
7
1
0
12
74
65
320
0
5
107
206
102
363
289
54
0
84
0
150
1037
12
188
0
31
1513
0
179
21
0
0
434
9
533
82
0
0
47
0
3
0
0
0
380
0
0
220
247
2
1
0
63
0
153
16
108
1
0
1275
0
202
0
1058
212
0
8
590
0
65
25
8
0
300
0
36
202
1015
0
0
0
5
12
188
0
2
0
366
0
0
0
3
369
0
1820
0
8
41
1
0
0
127
0
36
0
113
0
1
83
0
28
0
9414
0
25
0
0
0
0
86
1
0
0
75
0
2
1
1
741
0
479
154
110
0
0
134
32
0
2
0
0
3
1
266
177
4
0
303
1
0
330
0
672
0
0
191
0
1
45
213
0
710
6
16
0
0
0
0
0
273
0
10
0
0
215
14
0
1028
0
0
2
26
20
3
6
0
414
0
6
0
29
7
0
1
43
317
0
64
77
2
61
0
0
820
2247
0
2
0
0
178
1
160
15
36
0
0
6
2
455
16
14
5
0
303
0
6
148
44
16
7
0
27
0
2
153
10
1
130
711
0
212
0
0
8
145
0
9
0
11
60
15
155
0
24
0
0
0
3
458
0
120
0
0
4
164
0
0
67
29
1
352
108
0
43
0
0
28
17
0
48
90
0
3
4
4
3
5
85
0
0
2
44
0
896
0
50
0
107
0
93
90
568
2
0
24
0
730
20
8
35
0
0
15
4
719
0
0
18
2
13
150
33
370
91
0
0
267
0
24
0
869
2476
2055
0
28
23
203
105
4
7
0
137
30
41
3
93
44
2032
106
373
268
1263
491
0
0
8
0
68
329
0
150
0
3
41
5
3524
1
9
5
21
65
0
4
448
0
30
1
8
1
0
0
223
0
22
0
0
0
1
20
8
0
315
4
125
0
395
6
1
3
0
163
0
11
0
13
72
0
341
330
0
10
2661
12
16
4
0
0
0
320
0
0
0
33
3
10
0
2
55
726
165
0
0
0
0
170
0
2
0
0
7
0
28
14
0
0
0
362
0
0
1
2
574
853
218
1266
0
2
194
0
0
0
92
969
142
9
0
113
0
0
31
104
0
21
0
0
5
0
0
1
0
0
1
0
6715
1
63
52
4
28
11
548
547
781
0
0
1
257
0
20
122
0
0
0
56
203
12
0
1
55
0
770
139
3
3
20
0
1
200
9
0
26
0
16
3
0
7
1759
141
6
179
28
32
220
1168
8
15
0
2
22
3
405
68
614
1244
0
0
20
22
223
0
10
0
93
119
44
143
17
374
0
0
84
2
1522
2
0
0
3
3
0
9
4
68
40
1
76
0
231
205
19
319
0
39
8
85
57
2813
538
2
0
263
8
29
0
1320
1
0
2145
3
2
9
0
0
5
2
0
572
0
2
340
0
0
0
2
2
1
25
1
0
282
2
87
123
8
0
0
765
19
2107
1
46
0
165
477
0
0
163
63
6
41
0
0
104
0
123
0
0
227
3286
17
31
129
677
0
3
4158
1
0
942
801
0
278
56
2880
6
0
0
286
5
193
5
0
781
0
28
0
0
0
3776
1255
9
2
160
2
491
1652
38
2
1821
0
0
5
1
46
0
2
678
0
0
34
208
354
0
613
9
374
20
13
6
0
28
1
1007
242
209
0
1
14
0
1182
2
4
1170
387
0
0
25
8
278
0
706
122
132
278
0
0
1402
366
154
74
0
0
274
528
326
0
0
205
80
0
0
1
0
158
0
6
2
1395
409
0
0
2
0
3
337
44
0
160
8
0
49
208
0
61
565
1
0
30
55
66
3
69
0
285
23
29
0
119
2
0
0
24
381
0
852
176
0
6
203
148
85
112
18
33
1
203
1
42
21
0
13
0
0
0
1
4
1
1773
588
30
0
0
0
0
1593
94
52
27
19
3
930
0
1
1
0
249
302
207
21
0
162
325
128
0
61
35
0
7
0
1
0
0
44
662
136
0
12
139
16
45
1
0
2
5
106
2197
0
0
0
6
53
2
81
0
2
27
3
0
413
3310
885
0
188
0
5
3
3
0
2
0
507
23
524
203
385
0
259
0
659
0
555
0
9
112
21
41
422
612
709
564
0
891
0
10
0
29
489
22
450
43
139
16
87
2
0
31
27
47
172
57
0
207
101
0
1603
61
21
778
56
425
172
1480
58
484
26
1
0
0
0
6
16
1013
0
30
332
0
298
0
0
82
315
665
0
0
0
0
14
0
39
89
1737
1
10
310
831
0
848
66
0
654
1975
117
92
312
20
0
800
0
2003
71
43
169
178
0
0
0
1
9
0
0
0
2
2
0
0
60
0
30
0
3
17
120
0
2
0
16
0
19
0
0
490
0
0
0
498
60
0
2
224
697
2
163
0
493
143
19
71
878
301
3
33
0
0
0
103
260
29
8
0
0
8
1
0
0
0
0
112
265
34
0
3876
0
0
0
42
12
207
0
0
190
4
193
78
41
0
0
0
933
46
0
9
0
0
208
500
0
0
97
0
420
0
331
6
1616
928
1
0
8
321
0
19
69
0
134
216
4
353
52
0
0
1
0
88
80
456
0
9
0
6
143
0
3356
21
0
0
36
0
0
4
0
181
492
5
1086
104
1758
48
56
241
568
903
9
2
12
11
28
69
0
492
7
0
0
0
10
0
11
5
1
0
8
0
0
1
164
101
0
1
0
33
11
32
8
260
10
1
0
171
11
1624
14
164
10
390
0
57
301
0
43
28
236
0
332
120
580
0
256
178
1
0
0
18
128
16
175
60
23
6
170
207
2
1039
974
319
0
0
376
11
0
430
0
34
0
56
0
0
0
3
64
10
8
0
847
347
17
2
463
6
0
234
210
0
0
0
51
0
14
20
0
3189
243
0
58
126
25
0
0
39
16
491
254
10
4
114
19
97
0
0
49
0
3
0
32
0
0
0
43
19
0
36
0
45
1
213
204
0
0
9
0
1210
39
0
0
189
1
0
0
44
1105
152
0
0
446
2
1
0
2
398
892
27
0
241
0
2
21
82
33
68
0
541
330
227
0
0
16
8
4
14
51
93
34
0
0
23
0
0
2804
0
0
18
16
825
40
6
0
0
5207
1835
200
181
0
3
0
0
78
0
3
152
153
587
868
0
998
1
495
0
0
0
0
75
0
0
0
0
0
49
0
70
0
318
5
12
0
74
0
203
7
105
0
0
0
782
228
0
0
0
0
0
16
28
3
106
0
137
7
330
182
8
0
1
0
0
0
39
0
244
971
0
0
0
2064
1
0
1
3
118
1
38
8
6
67
0
6
200
9
0
16
0
72
1020
0
20
316
4
0
1
111
0
0
3
55
0
0
130
0
2
0
0
245
7
22
0
0
0
15
0
848
0
0
1
0
673
1
195
28
0
83
104
0
0
302
0
9
7
0
302
3
0
109
0
4
15
10
0
11
0
3102
12
13
0
0
32
1
248
34
10
5
74
22
31
68
41
0
0
1
2
648
196
0
0
0
0
85
65
66
18
0
14
234
1783
0
1
0
216
42
0
572
748
0
1
181
36
0
0
3
1115
12
13
121
25
2
40
0
3
0
0
0
4
31
33
17
0
697
355
515
38
0
133
5
2295
0
8
0
3
183
39
1141
27
0
4
45
336
3
0
383
1
8
0
19
35
180
9
89
1
2
49
564
0
0
749
13
885
0
0
0
0
143
6
355
0
18
6
0
0
0
1303
656
0
79
224
15
63
851
551
88
95
19
1
1
0
0
215
0
53
128
210
10
336
103
161
0
0
0
0
3
24
22
42
0
0
246
0
123
163
0
742
0
0
223
185
13
1146
1481
8
17
24
121
0
636
0
0
0
590
0
0
74
0
0
1234
2
24
28
0
1294
0
0
0
772
64
373
307
239
2
453
258
0
275
16
2
142
146
10
107
0
0
31
0
8
1136
5
9
0
1
3
0
0
237
19
0
29
83
52
20
944
62
0
0
0
1137
213
39
9
4087
0
0
108
0
8
0
81
0
42
0
5
8
0
4
345
7
108
222
18
0
0
31
13
2
115
317
0
947
0
0
0
6
12
0
2
16
1138
0
14
42
25
0
2
0
106
4
62
30
0
1
183
1
79
301
2
0
187
528
9
0
2687
54
16
2
87
1
510
0
2
0
0
1737
0
0
1
0
223
0
18
14
0
3
19
5
219
60
0
347
87
13
0
12
71
0
97
2
2
140
0
0
0
266
0
29
45
0
362
90
189
298
15
15
308
0
6
1141
0
29
0
0
0
378
13
0
167
0
76
60
14
268
2
20
96
69
140
0
664
0
0
309
0
0
0
525
80
0
117
87
0
0
3
892
0
207
0
0
1
0
20
0
0
33
0
55
187
0
17
0
0
79
23
743
144
0
0
0
85
18
73
0
85
47
0
0
27
0
0
0
0
11
1
12
48
0
0
0
1
1060
1
8
22
3
0
0
0
196
150
2548
0
0
85
30
14
36
416
116
1
37
115
55
0
0
13
0
21
90
242
0
0
30
2
0
0
7
13
0
0
0
19
0
0
0
10
15
109
63
0
47
168
22
0
0
205
19
0
114
0
0
275
0
0
123
0
1681
0
73
4
6
3
1
0
0
13
0
4
0
0
4
7279
22
143
0
0
0
53
171
96
2696
1
4
34
5
0
241
102
0
2297
3
134
7
0
54
0
0
176
2
0
2
0
5
183
3
1883
0
0
1441
18
0
2309
0
1
219
245
16
0
1
718
0
478
926
3
21
0
1068
139
80
0
45
28
1
0
3
0
145
5681
431
0
1450
0
82
202
0
0
65
0
185
240
29
0
224
66
264
34
9
949
169
1
0
332
543
1
61
0
0
0
101
62
91
28
60
8
36
0
5
12
0
0
0
0
126
0
675
0
137
0
39
1
63
2436
0
184
4
37
21
1
16
70
8
14
59
244
0
0
0
0
0
160
0
0
1
0
29
65
14
45
1294
0
0
0
1
0
0
180
1
0
0
32
0
217
0
0
0
12
0
34
70
0
0
0
111
161
0
0
0
0
20
0
0
77
75
0
94
3
602
68
0
12
0
2
462
0
0
28
0
6
0
49
0
32
0
1
0
65
116
87
1
13
0
0
31
0
217
2
71
22
105
796
0
0
0
0
7
0
0
0
0
0
90
58
0
0
0
199
0
51
0
87
188
3
6
34
15
0
9
32
0
0
0
0
0
0
21
2
75
0
0
821
167
59
38
66
0
487
101
0
163
37
310
212
67
0
0
1
19
0
9
2029
1
0
279
0
0
0
201
37
5
0
72
0
0
0
49
1
0
6
123
0
0
0
0
0
0
282
0
615
28
0
25
472
0
15
10
64
0
60
6
2
0
3
96
83
4
0
562
2
0
0
0
1
0
0
0
133
7
0
0
0
3
15
279
0
0
0
11
0
0
41
754
39
0
0
0
0
0
0
14
10
41
0
12
49
19
0
0
160
69
2
0
0
0
0
0
33
0
0
0
93
0
1
0
1083
0
102
25
8
40
0
6
0
3
120
171
0
0
0
0
29
155
0
28
2
20
340
12
170
1
5
6
445
1529
0
5
1
12
163
2
42
0
2346
0
0
0
1
52
0
31
0
4
229
0
155
48
2
0
7
0
544
1
25
895
77
0
0
63
0
22
76
141
0
0
14
0
512
13
0
0
0
0
13
0
0
1
39
247
1
0
49
8
0
96
0
9
188
0
2
2
240
3373
0
0
0
0
26
0
22
1
49
151
5
543
0
2
0
3
405
80
5
66
75
1821
516
0
0
0
7
63
169
0
0
19
0
264
3
568
0
26
0
0
0
717
142
0
61
233
20
0
1087
46
65
1
320
9
33
0
0
19
14
0
0
908
24
0
0
13
0
22
97
21
0
0
0
215
274
21
2
0
29
2
149
0
14
0
25
135
0
4
0
0
14
0
0
0
815
0
55
0
13
7
0
0
0
5
66
134
0
0
0
25
0
143
189
0
405
230
5
0
10
0
11
0
17
21
3
0
0
2315
11
0
404
0
0
160
0
0
18
177
22
0
189
13
217
0
16
2
10
57
145
0
0
0
0
0
35
3
18
2
3
32
118
5
0
0
1
1
25
354
116
6
0
0
158
84
0
67
112
298
113
0
39
46
73
0
5
209
28
1017
0
198
2
1
5
0
0
9
1
10
1
159
15
0
0
0
44
241
3
402
0
76
1018
117
2
5
2
3
5
144
1
0
0
209
0
48
0
71
4
66
0
0
1
448
32
73
0
0
1
318
2
55
0
4
51
138
0
38
0
975
0
17
13
0
5
23
0
77
512
1
0
0
243
11
61
131
0
0
0
7
0
0
9
64
1301
341
16
0
84
75
58
614
0
4
0
0
0
1195
0
80
0
268
0
91
113
0
0
2
98
366
117
37
11
13
0
25
3014
0
126
5
0
34
20
15
63
0
0
0
1273
7
0
259
54
0
1254
1
7
41
0
87
35
508
34
3
346
0
1
1
11
766
0
55
0
114
2
2
0
0
4
1
92
91
0
27
113
0
0
103
1078
0
0
184
3
0
0
9
0
0
142
1
476
4
6
0
0
37
13
0
5
159
5
659
302
45
346
4
143
0
374
4
0
437
40
0
0
1
298
0
5
18
157
0
29
0
11
0
228
0
0
5
0
3
81
0
0
1
122
137
1
206
10
0
19
0
0
67
0
110
56
200
0
7
22
722
5
11
0
0
275
30
0
0
778
134
23
4
0
1
4
0
1
398
0
10
1
95
0
16
3
12
0
0
223
0
22
5
714
0
0
22
0
1
4735
4
71
0
0
0
0
50
231
58
0
457
6
209
0
0
194
0
0
119
21
130
0
3
40
885
436
50
0
1605
0
101
101
0
26
0
14
3
400
31
39
182
0
0
2
167
0
0
112
4
0
0
29
21
5
0
586
5
197
0
567
123
8
230
1083
124
0
0
7
0
1
1296
15
145
59
0
0
2
7
20
0
1
36
116
187
344
0
49
0
0
109
33
20
10
0
424
3
541
0
18
0
33
0
43
69
115
0
95
48
2
14
2
0
0
0
49
145
81
0
10
0
43
42
0
0
3
484
0
20
41
0
0
418
0
942
1018
4
0
1469
0
0
174
17
14
231
0
138
0
15
128
2
0
155
0
46
20
0
5
33
2
732
11
2
2
48
229
2
0
0
5
3
228
152
7
0
30
147
312
5
22
443
162
0
0
0
235
127
0
0
104
50
259
0
4
0
25
0
1236
454
0
1
8
0
188
0
0
0
0
0
88
11
0
10
0
0
0
22
611
1
0
1
0
12
0
146
4
0
83
0
20
0
202
19
0
0
61
2
499
405
66
426
126
0
177
0
0
49
0
40
0
3
94
0
0
12
1
2
0
1842
0
0
0
19
1730
0
413
0
31
0
0
82
15
80
83
67
0
201
4
9
0
8
251
142
43
13
0
8
14
0
0
1
464
169
112
34
1328
647
1
8
0
0
2
248
54
0
159
789
339
66
4
2
68
725
0
14
3
368
0
228
4
348
94
73
0
2
0
5
1133
9
100
32
210
30
322
33
48
1
8
0
4
0
0
30
107
125
0
1
221
0
0
0
308
0
5
117
1725
66
1
364
0
0
19
0
179
0
0
0
3
122
1
3
0
16
69
17
26
0
0
0
177
0
69
2
2
0
14
8
7
0
0
144
0
0
0
4252
48
4
0
0
39
102
220
129
634
0
0
989
0
0
759
0
4
0
2
793
141
0
8
1077
103
0
0
0
0
0
4
1550
1
0
34
10
0
771
0
0
0
1481
63
219
0
192
1
711
0
22
9
0
0
0
23
0
10
0
2
176
26
0
1209
0
0
1
33
5
0
917
8
1
0
2
64
2
0
89
304
0
96
19
4
20
175
1059
45
0
0
2659
74
0
727
2688
0
400
712
11
0
0
0
0
11
185
0
0
0
0
0
0
0
0
0
24
13
18
5
0
65
0
790
17
0
71
3
88
44
0
0
565
6
0
17
0
5
7
1
32
415
360
0
29
148
92
40
15523
170
21
72
1104
586
2
10
11
0
72
0
4
60
0
818
1414
0
2
0
26
172
94
234
284
2
0
0
0
1182
112
0
1
62
1
0
4
770
23
80
7
0
0
308
0
18
691
133
0
39
0
0
20
304
0
12
126
633
0
4
745
250
0
0
2196
0
0
136
0
12
0
0
3
0
0
5
271
70
185
0
468
193
0
0
45
202
123
0
73
0
0
56
0
918
68
438
10
0
9
0
3
40
0
0
0
254
1175
547
789
0
39
24
0
193
3
28
0
11
43
477
117
0
5
310
14
362
0
1
56
0
0
0
6
0
550
63
28
1
0
1333
3
0
0
85
5
102
350
0
10
62
1
0
179
0
49
0
0
1
23
0
46
135
0
264
0
0
0
12
0
138
3
612
0
72
549
1
0
0
53
0
20
532
50
0
2
0
0
107
13
60
36
0
4
4593
86
0
7
0
0
1243
0
0
3
320
1
19
2
66
3
0
0
414
0
0
7
1
1
94
0
12
0
339
62
0
942
81
0
452
0
28
0
0
513
0
0
2918
60
0
0
0
151
215
1
11
19
0
753
0
145
4
11
0
9
0
0
8
0
0
208
0
3
23
0
24
3
0
332
5
4
5
0
4
5
0
0
0
0
0
0
0
7
0
98
14
50
118
0
0
69
0
101
0
0
0
19
0
14
0
0
219
0
67
58
3
6
14
0
192
0
0
237
0
387
2
691
802
0
0
6
1
0
80
1
61
7
0
3
123
0
556
0
0
19
20
346
31
639
221
0
50
0
244
195
0
0
177
2
24
3
461
2
0
81
9
447
100
397
0
2733
58
386
1
0
387
0
151
121
7
0
0
2
57
39
59
0
0
2
180
0
0
2
356
0
0
0
0
449
344
235
167
74
2
10
0
55
0
4
0
13
0
27
391
0
240
0
2
0
655
2
19
0
325
0
158
0
21
23
282
0
11
1
35
0
17
26
114
0
224
5
103
0
0
0
0
27
0
152
0
121
0
43
0
0
0
0
0
1
0
0
368
37
51
2
0
132
18
0
14
12
0
0
62
48
359
651
3
65
1
451
0
113
0
23
946
33
4
149
5
307
27
0
295
1435
16
1195
0
259
10
0
5
0
11
13
1
0
8780
0
454
0
119
0
122
0
88
219
214
0
48
546
0
510
0
0
0
70
0
0
2
24
0
0
69
0
31
2
1371
4
0
8
0
8
121
0
0
582
9
54
0
42
17
1
1046
0
0
184
204
0
443
2
2
0
0
49
1388
718
0
0
0
0
104
4
0
0
609
383
32
12
58
0
30
15
1
178
0
222
311
0
0
0
87
360
0
0
0
0
46
0
12
0
0
0
0
0
5
67
0
0
16
41
8
2
2
0
1
0
0
186
5
1
0
0
29
60
131
1852
74
14
318
0
0
0
0
0
0
0
0
34
0
119
1
0
5
0
0
0
0
1
5
0
207
0
2
0
8
8
5
4
4
519
436
127
1
18
42
0
0
12
0
98
5
9
0
0
6
0
0
68
0
1
1099
1
0
0
2
0
35
0
940
61
22
681
0
0
98
0
614
4
0
0
0
0
48
68
0
150
244
409
510
0
0
0
0
0
3
164
2
282
323
7
66
0
46
1289
0
16
18
34
23
103
316
30
110
3835
800
0
0
8
58
0
0
7
194
2257
2
0
8
1379
0
3
0
2
3
72
232
252
1050
303
0
0
36
0
715
0
0
92
592
0
0
4
156
805
0
440
246
0
568
7
0
10
424
97
156
112
1
432
63
141
0
96
428
926
0
0
6
0
20
0
0
254
6
0
3
36
767
0
13
314
100
5
0
0
241
4
25
0
0
0
28
369
0
0
7
0
0
0
0
0
89
97
208
148
162
0
54
0
0
70
431
167
60
7
197
12
0
4
61
369
0
1123
16
0
134
0
0
87
0
5
1
0
0
1
102
1
3
2
24
0
0
571
1
1950
0
0
0
0
31
0
1
0
654
0
8
0
0
0
0
328
0
0
0
0
107
9
0
13
65
0
0
304
0
35
0
152
12
0
0
29
164
68
213
520
0
0
274
0
0
12
332
6
0
324
0
67
0
0
1
0
341
189
250
1218
0
3
10
57
196
18
35
0
5
57
0
35
0
78
1
473
0
0
117
0
0
58
5
84
328
0
129
3
0
388
0
535
15
16
332
4
1194
997
0
0
24
0
2
2
0
713
2
171
2868
191
31
38
171
2
14
0
21
22
0
0
8
96
130
40
70
0
324
513
18
22
1
3522
0
0
0
246
0
163
105
385
4
26
2
106
362
0
0
861
4
15
0
2
1682
14
0
590
18
297
175
0
144
0
48
241
775
11
3
16
508
0
0
4
0
0
0
475
0
1732
3
0
203
0
0
38
5
67
28
99
483
0
0
43
60
0
0
0
35
0
100
42
0
0
67
0
0
18
0
452
962
0
160
11
28
0
8
0
21
1
45
0
0
0
0
92
0
582
0
16
0
439
0
0
0
0
167
6
792
0
68
69
88
0
0
0
26
1
0
0
0
85
0
45
0
26
163
0
10
27
46
0
6
4
0
102
8
37
90
0
824
97
236
0
0
239
29
22
153
0
1027
84
0
0
76
9
0
237
48
68
8
0
0
6
740
244
41
5
2001
22
0
109
51
20
0
45
23
650
386
86
1663
595
0
53
63
5
693
77
0
0
0
81
196
1
5
369
196
1
233
0
611
0
0
28
0
0
327
41
2037
0
100
0
83
4
94
0
0
14
731
52
20
82
125
47
5
1
0
45
23
0
48
3
116
1105
0
143
0
55
0
923
743
163
13
133
0
154
0
107
0
7
1
5
0
0
34
67
5
766
28
0
0
193
109
55
0
0
0
48
454
0
55
0
44
0
1432
96
18
4
0
0
0
61
46
0
75
94
161
1
0
0
3025
0
20
352
0
267
0
30
1
3
0
127
0
101
1
140
28
527
82
0
0
1
732
0
15
1236
0
19
6
0
0
3
18
0
21
24
10
2
2
17
4
46
0
1
67
1
0
82
22
302
658
6
0
0
32
8
0
738
186
15
48
252
8
0
26
25
0
0
21
517
6
400
1
42
687
68
0
12
248
211
598
2
7
0
178
120
0
103
156
279
15
0
10
0
30
0
0
0
6
5
7
367
206
164
1
326
2
152
0
310
209
0
10
0
53
161
343
372
0
0
68
307
245
1
0
243
33
0
0
0
0
822
0
0
51
3255
0
0
1
22
41
0
919
0
0
0
43
66
60
1
151
277
0
0
502
0
2
2
155
1
1
6
1
19
0
3
46
0
0
64
0
42
272
0
42
3
10
0
0
307
0
9
528
310
0
0
3
21
44
0
34
865
0
210
112
50
348
0
294
45
0
4770
55
59
0
2
0
0
108
9
3
121
33
0
58
0
0
2
109
9
19
31
80
559
556
3708
190
22
1881
0
8
0
436
26
0
2
544
0
32
141
15
76
52
0
4
59
61
0
0
0
342
0
7
170
2697
0
0
0
0
5
1
22
54
1
1
441
211
0
0
1
0
22
3
72
0
3
580
378
1
0
707
252
0
0
22
0
0
114
0
0
82
0
23
0
146
302
526
4
0
0
0
13
75
3
0
235
1
211
0
0
0
2
0
4
0
3
0
63
17
661
190
3
0
1342
19
0
0
8
0
7
0
1
358
38
0
1
9
0
3
1916
447
0
189
272
0
230
0
188
17
168
37
186
0
108
10
0
0
0
153
0
0
35
104
0
4
0
85
609
7
15
0
0
15
0
0
0
5
1
117
0
0
75
269
0
0
0
0
33
0
2870
227
0
236
112
61
0
2
26
67
11
0
0
474
17
3
0
16
3
0
0
0
177
8
0
74
0
9
24
0
0
0
0
75
65
45
0
0
0
0
434
0
0
450
109
0
18
0
90
35
0
0
131
2
66
18
0
10
0
0
342
0
0
0
0
9
1213
5
0
2
0
0
0
36
283
4
297
42
10
27
35
0
0
258
203
0
89
0
156
665
5
697
0
33
17
0
0
0
61
0
455
0
0
1314
0
0
0
0
241
108
0
0
0
0
9
1
70
4
201
159
56
7
367
10
299
8
0
2046
0
9
0
4
0
59
43
700
0
0
167
0
13
1
16
1
0
0
13
0
0
2
0
27
4
104
2
139
65
338
0
56
32
0
25
0
0
417
0
0
234
5
0
0
3
17
0
0
2
0
0
79
0
24
0
114
8
66
0
27
0
0
9
0
0
1
146
637
0
0
0
18
6
0
4
5
0
67
113
0
62
0
10
116
0
629
0
63
0
63
0
0
0
103
6
0
0
0
1
9
0
0
0
15
12
0
0
77
0
28
0
92
0
0
1
0
0
10
443
0
356
205
0
0
0
0
2058
68
56
54
4
6
197
1653
3
0
3
0
1
43
8
8
7019
3
34
0
721
0
2348
57
810
377
3
56
40
12
188
0
4
44
77
73
573
116
0
4
0
0
2028
0
0
3
116
0
3
3
0
0
0
1
2
7
1
2
0
0
0
6
47
101
0
272
373
1563
157
22
0
170
9
0
32
4
0
0
0
0
0
65
0
18
0
21
1
36
0
0
62
64
0
0
8
0
3
2
0
1
52
91
636
0
231
233
12
0
70
1
0
0
10
0
318
28
26
0
0
0
9
53
0
2
13
376
0
45
0
112
177
0
96
61
50
142
2
0
0
0
0
0
0
0
8
0
0
6
97
33
0
0
10
0
0
741
0
0
182
62
0
51
0
102
405
8
40
205
826
387
0
48
0
0
0
35
6
119
555
0
0
27
494
0
0
0
0
0
28
0
0
1267
5
8
21
288
2
1
5
10
247
0
8
506
147
317
141
5
121
0
1
0
6
114
55
0
6
27
4351
622
2
0
133
22
85
2
0
936
0
19
0
3625
0
0
119
376
72
5
852
0
54
770
0
0
0
26
0
0
64
14
1
0
14
1
0
0
0
74
95
425
100
0
0
0
0
0
25
1581
20
0
0
43
37
0
12
175
8
2
10
0
0
3
3
8
0
742
0
0
2
0
43
1
0
510
0
0
0
0
0
2
0
0
0
0
69
190
34
150
2
114
0
79
45
13
83
1
171
455
0
0
0
13
662
16
10
8
235
130
1108
0
0
0
0
0
16
239
0
0
12
0
247
8
300
2
49
0
41
77
0
0
86
15
5
13
0
43
10
66
333
2
965
21
1245
10
2
175
0
89
0
0
33
1
0
447
51
2
205
7
0
2111
2
0
1
493
0
0
21
70
0
54
63
0
0
1290
0
177
7
47
8
3
14
139
155
194
0
204
2
455
250
212
0
2
35
23
239
0
0
0
1692
0
83
3
17
12
690
0
48
0
240
0
503
0
265
10
36
72
8
0
3759
0
7
1
3172
5
0
14
0
0
0
0
0
161
9
0
0
53
0
45
107
0
74
736
104
0
51
202
27
0
1
0
59
2817
6
4
1269
0
0
29
0
0
1
0
590
0
1
13
0
0
30
26
0
85
0
1
21
161
594
39
1
519
437
0
255
42
0
51
674
136
0
0
86
15
827
30
0
136
3
682
118
0
25
18
0
5225
20
9
41
0
5
0
0
15
10
214
2
0
196
2
32
0
0
73
336
0
8
219
27
0
0
0
0
0
281
179
0
1416
0
21
11
0
0
141
16
9
148
0
261
74
687
329
0
0
0
6
115
272
24
63
0
199
0
0
27
53
210
0
2
41
0
0
56
1
0
0
10
0
0
162
0
0
0
0
6
18
89
0
3
5
9
124
0
320
0
229
35
20
238
3
0
298
2
0
0
3
0
2106
0
23
0
0
14
298
0
84
0
4
2
6
3
2
16
0
0
0
0
8
0
9
0
57
0
0
14
57
0
13
347
0
2825
110
0
4
0
416
0
106
269
0
2
0
23
3
0
2
0
0
25
0
6
0
0
0
5
86
0
3
4
0
1051
0
110
0
333
280
0
1
0
209
4215
346
0
0
29
20
28
0
27
7
1
4
36
0
64
0
178
106
198
0
34
15
0
3
0
408
0
4
4
0
4
0
2
0
16
67
36
50
14
14
185
0
83
0
154
0
88
0
0
4
191
0
0
530
0
0
0
51
264
73
0
0
3
1052
26
19
0
264
41
1
222
44
93
13
2
384
48
0
0
6
54
0
164
58
0
3
2
165
2
10
8
73
11
0
0
0
180
133
873
0
25
0
33
6
3
0
1794
0
199
4252
198
0
0
118
1058
0
8
14
0
32
0
235
2108
31
427
0
1273
152
2
136
4
233
106
28
12
4
3
7
19
2
23
0
0
0
1
177
68
96
4
242
132
453
18
0
38
8
35
22
374
0
4
31
265
4
1
0
23
697
0
0
6
0
0
43
0
0
5
0
0
0
0
0
0
0
80
0
0
0
3
2
0
11
121
17
725
0
51
0
0
3
6
115
0
1
856
2
0
0
0
13
52
0
0
1074
0
13
254
0
287
21
0
31
12
8
15
0
56
23
0
0
298
188
1
385
362
326
0
7
0
0
0
14
0
0
1
0
0
0
19
5
951
212
0
2203
0
1
3
0
0
58
53
7
55
374
0
0
6
31
37
0
53
15
1
0
0
0
0
0
180
760
548
118
0
31
1598
686
25
0
0
185
35
0
121
104
0
91
10
1
126
0
650
9
4
0
0
0
266
338
53
101
0
3
3
0
60
58
0
3
0
3
159
6
0
2
0
0
0
0
6
4
2
3
46
0
2
3
0
1
7
5
0
96
1
0
0
162
5
15
41
0
0
296
110
11
53
104
0
1
2
0
9
5
5
0
641
1
8
17
11
0
62
0
9
0
10
0
0
4
38
8
0
294
0
6
13
0
7
124
0
0
0
0
3
0
9
61
0
0
7
4
50
0
0
0
2
101
14
0
140
2
0
322
0
2400
178
142
0
1
70
3
132
0
0
2
276
3
332
19
19
0
0
0
0
109
0
0
0
0
6
2
34
0
63
0
0
0
61
24
0
0
58
6
38
4
0
138
41
36
54
197
3
0
0
0
5
0
240
0
72
227
0
1
128
96
0
363
0
62
36
0
0
0
176
0
0
11
23
0
2457
0
182
2
0
0
0
2
0
0
69
0
61
3
49
1
25
0
0
0
33
452
31
0
1
1
7
66
0
70
1507
0
162
39
14
0
0
1
6
0
35
0
17
66
0
55
81
1
41
2
1
0
0
0
119
243
0
0
41
171
1
11
0
710
107
73
0
0
24
0
0
2703
10
331
11
10
1
0
7
87
10
20
0
0
0
0
0
349
10514
0
0
2
30
39
147
0
1
0
0
0
0
3
0
8
78
22
7
5
0
0
363
10
1
44
1
72
73
12
5
3
3
39
103
0
2
17
2
576
0
74
1031
5324
18
262
26
10
173
30
286
0
9
45
0
35
296
55
133
12
2
0
2426
36
0
59
6
2
3
0
0
1
56
0
54
54
0
0
5
4398
0
0
139
182
0
19
0
969
2
0
0
32
0
9
0
17
282
2
0
0
32
0
3636
0
7
449
0
66
122
0
990
311
9
11
2
0
0
43
0
120
15
55
101
2
379
0
0
10
0
1
21
0
61
217
1
23
498
0
19
0
83
0
0
13
55
0
30
0
0
6
0
113
0
0
8
0
0
374
77
0
47
0
462
672
229
0
0
1
29
52
1
9
13
7
15
4
0
15
0
3
31
0
0
103
0
0
0
47
25
0
85
65
37
0
6
6
1
30
18
16
0
12
0
24
0
1
0
6
114
0
0
19
1
47
14
296
0
3
0
0
385
59
57
41
0
453
17
28
276
60
3
0
4
11
124
15
14
8
2
3044
1454
0
1
60
25
40
65
0
5
0
0
2
0
55
0
0
0
2
0
2
0
185
4
164
17
26
214
1
0
0
315
0
0
20
0
52
8
12
0
26
0
0
0
222
92
0
204
0
139
0
285
127
14
0
0
0
0
3
39
0
0
19
2
0
1
0
0
0
0
0
0
0
12
15
0
437
269
66
0
0
100
0
13
5
0
90
123
13
0
219
0
169
0
357
79
1
91
0
106
3
4
79
37
6
3
213
788
0
330
42
0
0
0
745
157
10
43
0
8
0
0
0
13
1412
0
4
351
0
136
0
86
0
4
0
96
0
1045
3
6
4
43
0
464
230
0
282
0
0
21
77
1
0
1507
3
0
9
124
67
19
677
231
344
1021
1100
33
0
13
13
69
24
0
2
0
82
0
46
0
0
0
0
108
0
0
0
0
0
0
30
1371
174
0
112
17
0
48
833
53
44
0
7
32
13
0
1
4
591
4
0
4
0
5
0
281
0
0
99
4
24
514
12
0
273
703
0
1148
17
25
1
133
0
335
61
0
19
99
12
122
0
26
0
0
0
166
14
0
222
165
0
1289
11
54
0
195
122
0
578
90
0
0
855
0
46
0
81
0
0
10
17
5
329
232
45
629
9
320
11
0
724
408
0
0
0
10
103
1651
5
225
78
0
18
5
0
1
335
3
37
0
0
7
150
0
25
0
301
0
42
0
152
0
0
2
0
2
7
65
25
0
318
1105
0
56
446
0
302
0
0
1
3
0
51
19
107
2007
69
0
95
17
237
0
0
0
0
4
179
1124
16
1
22
260
111
0
100
0
38
9
12
95
0
32
4404
1
0
0
0
1
666
3
0
0
10
1
0
0
0
398
1
85
99
0
65
0
23
19
4254
5
38
0
0
97
1
0
551
0
0
351
4
6
0
1
1
0
237
93
0
0
0
237
31
0
0
13
16
487
0
0
0
0
0
0
1
128
0
0
0
1305
2020
0
8
14
0
135
1
320
18
210
15
1
58
339
0
775
297
0
115
0
0
3474
9
0
206
0
1
1
0
725
3
256
2694
0
0
0
0
3
1
43
1
104
5147
249
0
3
0
0
1
0
56
0
54
13
84
271
1067
825
0
0
252
1
11
0
439
1134
0
37
0
0
37
0
10
0
4
0
108
19
0
75
18
2
0
3
76
0
0
0
15
0
1
10
545
0
75
37
0
8
78
0
4
2
0
962
0
179
25
0
1
0
0
0
1257
180
509
83
0
14
1723
839
0
0
970
0
0
0
35
0
3
0
62
152
88
110
0
258
9
0
19
20
456
72
79
30
0
1
0
0
71
0
128
28
0
5
0
0
1
0
1
1478
4
20
229
32
56
0
0
272
204
26
0
0
2
2
0
143
153
0
0
8
0
3
8
2
405
117
0
0
179
830
76
30
47
0
0
22
0
2
0
3
92
0
0
25
5
0
308
0
54
48
85
225
0
0
24
137
207
22
1
0
6
0
802
542
3260
0
0
12
80
33
21
0
0
1295
2
1
1
0
0
0
0
0
4
18
0
5
0
60
0
15
18
0
72
0
357
902
0
2
0
0
11
0
1
4
165
544
82
11
5
0
140
0
28
707
104
403
0
18
15
0
9
8
2
0
0
0
21
0
77
0
7
158
0
66
114
0
0
0
0
7
0
0
5
223
11
0
0
0
0
0
0
0
51
23
174
673
0
0
261
1349
0
5
24
0
718
7
20
24
148
0
142
0
13
0
239
13
0
0
11
0
3
31
193
4
96
144
602
0
0
28
160
22
2
30
1107
0
127
0
359
1051
105
0
31
21
0
3
1449
495
5
0
248
0
93
0
0
20
1
0
0
836
48
256
824
15
61
336
0
58
56
161
0
0
142
0
31
1
0
3370
0
44
20
1
105
64
3
5
0
66
0
298
0
42
0
266
288
210
0
82
0
1
0
0
6
0
783
20
0
1
0
0
0
53
0
277
0
0
0
1
0
0
4
15
0
47
2
127
115
0
136
14
102
95
0
102
62
0
245
68
146
0
1552
0
201
0
40
75
0
0
199
2
721
119
137
91
30
1
3
0
0
0
69
3
0
13
55
0
1034
167
0
1
459
0
0
0
16
0
2
0
1
0
1
2
0
23
0
197
27
175
3
0
0
4
248
5
2
0
188
0
285
29
0
0
362
0
0
11
0
0
0
34
4
95
0
228
1147
0
474
0
80
8
0
0
83
1174
113
102
152
148
124
8
95
0
89
0
425
1
475
47
0
110
0
326
230
3
209
0
116
0
0
901
223
81
0
32
24
0
275
89
0
0
0
0
0
161
0
115
0
127
141
0
0
625
396
0
0
392
0
21
0
63
0
0
199
75
90
3045
525
111
76
0
0
1
0
21
3
157
0
30
90
165
518
1
15
154
67
0
34
40
0
1
178
126
0
61
187
4
1
0
0
10
27
0
0
23
198
77
0
623
1550
995
12
448
1289
0
135
3
65
715
37
68
124
61
0
186
0
0
35
160
0
4
0
153
107
0
6
0
660
10
3906
163
52
86
61
0
0
776
374
111
11
0
5
59
73
0
105
13
1
89
334
0
116
65
0
0
0
62
513
404
111
0
0
717
0
0
0
1
0
19
1639
0
2
0
0
15
14
0
0
300
2
0
2
592
16
0
15
69
41
803
161
0
0
0
0
13
41
0
1
0
0
4
0
53
0
0
135
3
0
0
64
0
66
0
11
0
2
139
0
4
0
92
0
379
82
2
63
0
3
81
3
922
57
140
0
155
128
1
6
3
42
28
19
0
437
94
0
78
17
0
0
113
0
54
1120
0
0
0
0
0
0
22
6720
27
0
201
2
139
20
8
0
2
33
7
0
0
0
146
31
21
0
154
26
45
0
1040
2
2
0
51
40
1644
326
0
0
0
11
35
2917
0
0
9
2522
67
0
0
5
2
0
0
3
214
150
0
19
0
0
83
0
47
0
0
30
184
0
22
31
32
11
496
111
0
283
159
0
0
269
0
5
0
148
0
506
0
1
0
3
4
1
0
419
0
0
835
23
0
0
101
0
2
0
0
0
17
0
36
5
0
65
1303
0
0
389
0
0
4359
11
338
182
17
0
2
1
0
230
0
220
201
0
81
12
0
63
1352
1415
0
0
17
1
1
39
7
76
1
0
0
0
916
295
88
262
15
0
328
180
0
0
5
9
0
0
209
0
81
1
14
0
192
0
0
6
0
13
1
0
0
54
4
0
32
0
21
0
0
1351
28
0
46
0
0
8
81
0
0
22
0
0
0
0
1
0
392
222
309
11
4
118
9
0
0
0
6
0
16
115
2
4
0
22
290
63
0
328
33
12
377
150
0
330
58
0
4
0
3
0
1
35
98
1
37
0
21
0
27
0
16
0
0
2
0
146
2
65
721
437
10
0
0
0
0
37
10
0
705
787
28
0
0
29
22
5
0
0
1488
8
0
338
84
0
110
1
0
83
1
86
292
0
0
69
1
0
4
0
0
0
219
0
0
36
131
0
12
12
0
116
0
232
0
0
20
53
101
20
0
0
263
41
1272
34
391
2
515
0
424
12
0
53
0
32
8
1794
705
0
13
56
38
0
0
1444
0
0
231
13
10
0
15
0
0
0
89
2
0
19
178
475
0
0
52
161
111
3
48
0
0
0
2
0
0
3
9
118
9
1
0
11
25
0
1
1
0
550
0
0
33
72
382
15
53
29
98
0
48
60
72
15
8
86
306
68
3
27
0
44
490
30
255
0
0
13
1
11
186
25
0
8477
98
3
3646
174
2
0
66
223
0
376
0
0
3
113
0
0
0
0
239
0
3
0
10
0
179
2
0
3
286
0
0
247
10
72
0
25
0
0
20
0
10
0
194
10
0
58
0
16
21
0
35
1
26
135
0
0
0
192
5
612
112
91
365
112
33
0
1
0
0
69
0
3
5
23
75
0
8
569
0
0
155
2
553
0
185
0
155
443
15
0
0
0
62
1678
0
0
0
0
1
0
0
0
0
0
162
159
23
1
17
37
77
206
0
1083
348
0
22
208
362
0
30
15
126
1107
0
17
0
0
0
0
181
7
41
0
0
6
43
0
5
1
0
16
20
3
115
0
0
0
0
0
15
0
0
60
0
583
248
5
0
546
41
0
30
1
38
0
0
0
7
0
1
0
40
0
2
0
1624
363
0
0
712
0
19
145
965
32
0
7
151
0
0
0
0
1
102
406
7
144
5
93
55
0
833
59
15
5
3
0
6
0
21
1553
1
70
1846
0
0
4
0
0
1676
139
0
2
5
1026
0
197
0
155
333
32
177
2
0
122
0
45
0
0
5
1491
0
6
158
28
0
58
0
110
7
0
34
0
47
0
26
741
934
46
0
0
170
10
0
209
14
9
0
0
0
0
0
2
577
0
160
2
0
342
29
0
0
0
374
1
18
49
255
6
0
0
27
2
632
0
0
0
291
7
0
5
0
320
0
471
0
3
124
0
0
0
0
0
1137
0
0
0
18
48
0
39
0
0
0
0
27
12
0
6
0
0
1
449
299
0
18
2
0
122
0
0
4
4
229
131
612
19
25
129
0
1
59
5
166
181
5
4
187
28
78
41
665
12
1024
0
425
172
7
0
0
3
0
50
24
136
111
0
149
0
3435
0
0
0
17
16
36
98
0
0
0
4
0
225
86
0
0
1
2
0
479
548
64
26
1460
0
0
0
117
5
0
1
52
179
0
14
76
22
0
0
0
0
608
479
255
35
1791
2
11
72
283
56
0
0
56
754
54
2
0
0
2
2
6
644
0
727
0
4
27
723
1
128
0
0
8
16
134
0
4
25
0
3244
0
11
143
1
0
103
57
7
10
2
49
0
8
9
2
1
5
0
1
0
0
8
10
0
0
130
0
282
26
0
0
348
0
0
0
383
3
0
0
312
371
4
153
259
55
0
0
68
72
0
50
440
0
1
0
555
0
4
3
0
0
24
10
2621
37
46
52
291
12
0
0
2
4
0
656
1
85
1
133
0
2
124
0
106
0
31
10
0
0
1
7
0
0
0
0
3
11
4
13
0
7
0
35
62
0
10
17
0
0
0
1
0
2
29
0
26
401
0
2
0
451
0
0
14
0
0
11
0
4
37
87
8
1816
129
108
12
0
103
0
330
0
0
0
537
75
136
0
1
2
0
29
0
0
5
667
5
0
9
31
4
269
0
0
362
129
32
0
9
99
64
1
0
0
1571
106
0
0
26
0
0
1
0
0
435
0
89
1735
449
427
36
0
7
23
51
55
0
0
0
2383
171
462
261
0
0
133
135
152
19
28
0
0
4
246
324
0
0
164
855
1
298
1072
0
0
0
89
0
3
321
174
381
186
28
0
0
46
803
22
1
11
159
2
0
19
1
121
220
0
0
32
84
0
0
35
5
148
5
10
486
145
6
0
574
0
0
7
82
26
0
3
408
0
120
0
52
703
0
0
49
0
0
400
0
0
0
19
177
0
360
1
95
0
0
0
0
690
7
60
218
357
31
76
5
116
0
7
40
40
52
24
48
14
371
40
74
219
982
224
0
333
3
188
63
355
71
8
0
0
57
19
85
1
30
666
200
249
0
66
46
1
0
0
0
22
809
0
96
424
55
433
0
21
3
0
2
17
67
5
78
0
890
0
0
0
0
73
270
0
0
0
79
0
2
6
993
83
28
20
0
0
0
0
119
3
340
493
0
0
0
49
0
6
0
262
2
2
185
0
0
23
0
4
0
71
126
0
58
169
0
383
3
18
24
352
0
532
0
21
0
0
45
4
10
32
58
340
205
0
0
4
1
0
46
0
723
0
168
0
0
493
26
108
3
0
74
0
26
160
157
34
11
138
1364
0
418
21
0
90
996
11
8
0
3
20
0
29
346
0
0
0
5
4
0
42
11
12
53
0
9
0
0
12
0
0
0
76
19
2
330
0
0
24
757
0
0
0
19
620
0
180
26
22
1
19
0
1124
0
0
2
0
216
0
642
0
16
26
0
3451
1
0
74
83
2
0
2
0
191
203
116
120
2
0
0
42
20
3
0
0
10
0
0
61
0
0
0
64
0
11
0
20
16
0
0
111
9
10
4
0
3675
189
41
1
142
247
2
579
22
1132
0
0
788
1065
365
343
46
0
0
0
31
0
944
0
0
0
106
0
0
5
18
1
0
0
32
0
2
0
0
48
0
2
861
3
0
0
0
0
1
335
3
1
160
114
30
0
0
0
0
192
3
821
0
0
1
0
0
1
0
385
29
0
0
164
39
564
0
52
807
154
0
2
138
2
58
0
7
16
0
0
229
146
0
40
65
1672
46
0
206
3
0
28
13
2
8
0
0
0
0
0
0
152
63
0
0
0
104
173
628
0
0
0
55
0
0
0
2
0
63
0
0
33
8
297
8
4
0
0
508
22
0
6
950
0
0
258
0
100
10
0
75
36
0
1
0
0
28
338
0
0
0
3
6
0
0
21
355
459
0
6
0
5
0
0
153
0
0
4
88
0
0
1
11
0
17
0
0
19
14
0
0
0
15
0
4
0
11
8
66
2
0
0
0
0
24
4
0
252
0
0
0
232
0
0
327
0
4
20
0
0
11
0
85
70
9
0
307
25
92
1
0
113
3
111
29
0
3
52
810
1
23
2
10
272
0
55
33
0
4
0
3
1
41
277
859
0
0
0
12
0
0
0
10
27
0
89
0
9
0
0
0
0
0
0
1
991
0
390
54
0
0
4
26
10
0
135
2
0
0
0
7
4
863
568
6
89
13
3
198
7
4
0
135
0
0
40
1
27
0
0
0
17
1
0
1
9
0
97
22
0
2
31
70
0
54
3
0
0
0
0
9
0
0
0
0
41
0
220
5
50
77
0
0
0
0
0
7
3
1
0
12
17
0
911
77
0
0
0
75
51
0
10
180
26
72
369
8
0
0
163
0
50
5
43
3
2
2
0
56
120
61
125
26
0
8
0
0
574
0
98
0
0
3
177
57
0
2588
323
4804
140
32
46
127
558
1633
0
2
0
24
0
0
2
1
0
0
91
83
229
0
59
26
24
231
236
2
0
651
0
31
0
165
0
1145
1
0
67
0
0
503
380
8
83
27
2332
9
215
0
0
1
32
44
126
3
0
94
810
2
42
3470
0
96
0
4
0
0
6
0
0
15
1
3
159
0
0
46
9
24
0
0
0
72
97
0
2
0
0
0
20
1
11
679
51
5
0
0
42
1290
0
190
16
333
48
0
35
6
6
35
0
0
1648
0
0
85
0
81
83
0
0
0
4
11
12
50
0
0
253
28
117
0
81
34
0
60
0
1
0
0
0
0
97
4
252
0
56
0
0
82
0
2
0
24
0
193
0
0
0
0
0
0
0
28
0
663
2
88
1
0
11
2
0
6
62
0
15
0
0
0
0
2
13
227
4
0
96
9
83
0
6417
8
0
116
0
116
8
22
21
3
0
54
76
0
0
104
0
13
0
0
0
0
27
160
0
10
0
12
33
0
0
331
11
3
362
0
0
262
58
21
8
2
30
67
0
0
76
0
18
0
0
0
122
7
330
0
0
73
9
15
0
1
14
3
3
0
1
2
0
0
11
0
119
0
2
0
5
350
234
52
0
0
22
0
17
0
27
0
0
116
0
0
52
1
55
314
866
2
388
0
518
87
0
501
122
241
0
0
0
1491
2952
4
72
20
1
43
1
227
0
0
58
1
0
0
0
7
2
0
0
0
0
101
0
200
0
1
50
0
323
19
0
0
0
0
21
2198
197
371
0
239
339
0
0
34
0
2
27
338
0
10
1444
374
224
2142
3
277
287
0
19
0
0
1
0
0
0
65
0
1
0
20
13
0
462
1
1
31
28
13
3
6
48
0
0
0
0
42
482
0
62
144
13
57
0
92
15
1416
0
0
0
11
113
0
1
361
22
1
0
0
78
140
0
0
118
433
1
1783
1176
0
143
129
0
351
0
950
0
0
5
0
538
400
0
0
0
604
405
0
0
79
37
34
18
0
5
8
0
152
383
0
0
0
85
0
53
0
0
107
0
157
0
0
45
255
1
0
0
7
0
31
22
2
46
224
0
406
2
323
0
6395
110
4
306
12
0
43
27
144
98
9
0
119
2295
80
192
2788
0
0
24
0
327
1
16
406
61
0
0
474
233
0
1
2
3
0
119
8
73
871
21
19
0
48
472
11
335
69
0
27
128
298
0
2782
3807
0
0
597
543
142
0
0
2
14
0
221
7
0
84
114
1
0
2
0
3
6
32
0
3
1728
2455
0
1071
523
4
835
67
10
133
0
50
156
4
1178
1
1153
147
110
0
1138
0
0
283
3
1077
16
0
153
116
1
106
9
2069
25
427
18
109
0
21
267
113
1013
31
178
0
37
0
113
0
0
0
0
0
0
55
0
12
1
36
0
3
15
7
0
6
0
0
1
135
163
5
1
0
302
0
0
742
1
0
0
4
635
0
0
4
9
135
0
0
0
59
0
0
3
1323
12
167
0
0
0
0
0
0
74
14
1
0
10
0
16
44
105
0
38
2
437
12
124
1
7
8
0
1
7
6
0
54
88
0
52
70
0
2
28
0
191
0
33
38
119
6
5
0
90
0
0
2473
4
0
8
13
62
0
763
2290
149
161
54
4
364
9
9
164
86
713
0
196
0
0
285
0
0
10
60
226
0
24
0
1
9
0
0
25
3546
0
59
28
0
0
4
4
14
0
0
62
801
52
16
3
14
0
22
14
15
0
0
3878
153
134
161
0
121
1
36
236
0
31
1
1
1
0
0
56
57
37
87
499
74
185
26
0
5
279
733
0
5
5
8
2032
348
17
3
0
0
0
35
177
3664
105
4
574
0
12
4
788
56
0
0
0
153
221
0
16
0
0
11
31
27
0
1919
359
8
0
0
0
187
7
5
47
88
0
0
20
644
801
0
3615
44
273
0
566
2
14
0
1507
19
155
0
3
0
17
0
0
0
358
87
1
0
57
0
20
1292
71
0
0
2
0
1857
0
467
0
23
172
0
320
9
105
4050
1
368
40
229
0
22
92
0
0
0
806
484
0
0
0
186
0
0
0
152
34
0
6
0
3
10
9
1
9
15
0
0
779
0
603
8
0
2
0
66
0
0
41
0
0
4
0
59
0
1
27
157
106
0
300
30
0
0
100
2
72
0
0
0
89
2
14
0
0
185
0
0
265
39
0
24
0
34
287
0
200
0
3
0
0
487
0
0
0
693
13
0
39
14
56
0
98
2005
0
0
0
213
134
17
57
0
23
0
31
0
7
0
0
14
113
58
5
0
0
0
0
14
0
0
23
4
0
355
0
28
0
31
6
2
3
0
2
0
89
2
51
0
0
36
23
46
64
0
2
0
1
142
6
20
26
0
1
0
0
20
5
0
733
28
0
0
289
702
48
0
18
110
94
48
0
34
72
9
0
78
0
0
37
15
0
5
0
416
0
39
0
5
0
0
86
88
65
224
305
0
0
64
342
4
0
7
2
0
1
1268
102
0
375
2
231
0
0
56
13
0
1
0
0
1
2
0
0
0
0
821
22
13
0
0
68
1
1
21
0
184
0
7
38
3
3
5
140
12
188
0
200
3
152
0
0
16
64
79
1352
11
0
0
0
0
59
1
0
0
1
11
0
175
0
11
5
8
20
0
7
11
0
0
2
0
21
1
0
19
0
67
1
87
0
247
76
75
128
0
0
111
0
68
0
0
0
156
8
260
144
0
66
373
30
0
2
49
543
9
0
23
0
667
0
1
0
30
37
37
19
2
0
28
0
0
1
64
24
83
0
3
599
0
0
29
9
1
0
136
0
1
0
0
0
72
108
19
0
0
0
1
46
0
471
0
14
86
10
325
132
29
2
0
386
11
335
538
0
0
113
0
14
1
401
569
234
5
0
0
25
2
0
39
13
1
0
2
0
0
1
12
0
249
1
6
87
0
55
0
2
0
102
7
0
6
14
49
0
0
54
0
5
0
0
0
3
0
0
0
2
3115
94
329
0
1
0
12
0
85
0
0
14
493
0
19
1
301
44
17
2
0
89
1
19
23
1408
0
2
9
14
0
278
234
0
0
0
0
328
9
70
267
14
0
31
63
7
2
1
0
11
700
262
0
0
1
147
0
7
0
0
0
4
32
4
41
5
67
0
9
514
49
0
14
11
3
55
21
0
40
52
343
39
389
1
17
0
10
107
3
11
5
5
0
0
0
0
0
8452
229
1
2
1
374
2696
5
6
0
4
444
64
0
1415
50
0
0
997
8
0
17
7
6
0
298
0
3
1
0
2
0
0
4
0
0
658
0
0
5881
0
1
0
0
0
1
38
0
0
8
0
31
967
0
0
12
194
123
0
227
0
6
7
0
35
0
147
0
0
0
700
1
117
0
0
10
240
11
44
29
214
0
24
38
63
18
4
0
0
8
0
0
75
229
0
0
0
4
0
26
0
0
757
0
0
0
869
159
124
0
83
0
263
1
5
127
537
1
0
0
10
14
441
0
0
121
0
5
0
0
65
9
0
0
115
6
81
0
0
116
0
47
0
6
217
0
70
469
101
64
0
24
474
34
15
154
0
3
0
91
130
0
120
1
147
225
0
0
84
127
88
0
2
0
98
339
634
39
1789
0
29
0
1066
11
512
458
0
13
0
258
1
0
168
10
69
74
4
68
0
0
0
57
0
0
232
240
310
0
0
2129
7
94
0
116
255
341
635
0
0
0
4174
0
724
0
0
234
0
2
0
4
0
0
5
0
1
13
7270
39
80
0
0
153
2
280
2455
113
0
181
61
436
0
0
1
1
107
0
0
8
133
0
181
126
375
0
204
0
133
2
620
0
1
1
159
540
327
28
653
4
0
6
486
108
0
630
0
441
2
0
13
124
0
4
0
0
0
0
142
11
5
309
0
93
4
3
3
147
0
4
0
4
0
0
4
14
38
0
138
38
21
248
2
3
0
2707
641
2
406
0
0
129
4
75
251
0
64
606
11
502
41
16
3
115
0
0
465
0
0
813
6
0
215
142
16
0
0
1
600
0
136
8
536
450
69
0
11
0
27
2
401
1
198
3
101
28
2
0
949
219
0
613
1
2
2
1
34
39
19
254
265
617
2
443
0
10
0
0
0
104
79
21
714
20
241
490
137
11
122
17
9
3
0
65
0
2
0
2
7
0
189
0
411
373
0
0
9
47
0
133
16
1
6
0
8
2
0
102
56
1305
0
8
0
0
1696
4
2
2012
0
72
214
0
32
0
0
8
5
38
310
577
40
151
170
304
0
85
66
0
0
1
69
0
0
133
0
134
57
5002
2
24
659
335
18
0
158
0
0
27
0
240
763
211
26
138
18
45
3
0
23
14
26
151
327
5
61
32
0
0
6
2
300
50
76
0
0
0
0
0
2
9
6
159
9
63
0
0
0
2
0
45
4
0
11
20
0
367
62
0
0
0
0
213
0
0
835
448
6
75
0
3
553
77
0
0
71
0
0
12
2
6
4
236
422
72
68
0
841
0
0
7
66
0
1201
13
133
0
4
0
13
0
76
6
26
330
34
0
4
0
0
1382
296
126
3
25
0
4
29
60
3362
0
0
0
10
41
22
75
0
0
93
0
379
1121
821
0
61
799
1187
255
34
0
0
0
64
16
11
0
29
18
7
0
30
0
4
0
1
54
0
3
73
0
191
13
411
125
191
52
288
0
4199
49
5262
26
79
7
2
220
0
178
177
1182
70
3
1
3
42
0
0
575
23
131
40
93
181
0
327
0
540
921
173
108
107
0
8
0
332
584
1
5
5
201
2
356
9
0
37
2
2
0
0
193
106
0
0
23
1
35
283
127
1
2
0
0
64
0
0
799
822
164
202
3
12
87
423
104
312
156
0
42
59
52
0
28
26
45
1
322
14
0
0
0
4
0
6
249
1
930
868
156
0
578
183
20
8
253
5
0
0
2
0
0
0
4
36
0
7
135
23
0
260
7
0
380
372
628
0
0
0
602
420
347
99
0
572
175
13
219
40
35
0
24
949
63
386
1
0
1
145
146
57
228
24
353
1
0
1
0
24
0
0
3
71
0
17
18
0
0
0
242
1
0
4
16
97
3
65
37
9
0
0
7
193
0
72
77
25
0
4
0
4
117
0
8
10
0
146
4
1
0
4
765
603
594
73
3
4
0
653
0
0
16
137
22
0
19
28
0
0
0
88
26
161
28
13
0
7
20
31
0
152
123
15
0
8
2
113
2
0
0
70
45
0
714
6
0
88
42
5
0
101
5
61
331
72
1044
0
0
2
28
58
311
0
650
0
2638
77
6
258
0
638
0
119
37
346
545
0
1024
927
1
0
0
0
2
2
0
458
192
5
72
155
0
16
0
36
10
0
0
504
193
209
426
107
636
842
246
0
3
42
0
69
64
0
5
0
8
6
29
0
5
2002
1
40
116
162
7
0
8
0
36
9
154
0
0
458
0
12
0
830
119
479
0
109
0
0
0
0
67
0
220
0
9
0
0
60
93
0
6
0
6
1407
0
170
6
0
3
0
0
0
0
0
188
198
2
13
631
6
121
122
169
0
34
0
2290
220
21
142
0
10
0
0
0
18
0
607
5
81
108
31
0
18
0
33
0
7
34
9
7
0
0
0
0
89
0
126
0
0
0
0
635
0
0
0
28
0
0
0
3
3
0
0
1396
133
397
4553
1839
0
8
0
130
5
2
0
77
411
21
676
0
2
0
0
665
14
39
2
500
54
24
670
27
0
174
320
40
35
0
0
3
0
0
0
0
0
2
147
10
0
0
0
0
0
0
37
114
23
282
93
0
3
0
0
0
1
344
373
0
0
0
0
0
0
139
171
0
0
0
0
3
0
0
1
13
0
0
0
0
0
10
13
101
69
0
0
0
0
0
2087
456
0
777
34
0
6
68
172
341
2026
78
70
0
5
1
0
92
0
30
0
1
0
1
1
2
240
15
0
0
0
0
0
0
0
14
119
0
170
94
0
0
0
0
15
20
0
0
876
0
0
0
50
92
568
11
81
14
71
0
0
19
3
0
135
27
0
1
182
9
0
4
0
0
0
87
3
21
11
0
0
0
1
1
0
0
640
51
540
0
0
0
0
0
0
0
1
0
0
0
0
3
0
0
0
2
2
1
0
0
1
0
20
9
234
0
0
2
0
3308
106
216
80
529
183
418
452
125
3821
9618
426
0
23
31
0
0
0
762
219
67
0
0
0
105
0
0
0
140
0
0
51
30
152
105
0
0
0
0
14
10
0
0
4
6036
3
131
0
0
1
0
16
22
0
5
50
0
0
0
0
312
166
1
0
2
0
162
47
5
6
18
0
0
1
0
0
0
0
0
3
130
69
0
0
474
560
238
269
2174
0
0
6
3
0
0
0
12
1
0
0
222
21
0
0
0
5
29
0
0
0
0
0
49
12
0
0
1
307
65
255
27
24
632
1
517
869
6
0
0
0
0
0
0
0
0
40
0
42
0
0
1
0
1
1
0
0
0
0
0
0
286
49
1493
14
2527
3872
365
0
0
19
25
0
132
5
0
1
565
120
0
0
130
923
174
31
0
14
1
230
0
0
0
0
0
0
0
0
0
0
0
0
0
0
0
0
0
0
0
0
65
3
0
10
102
0
1
0
249
0
0
419
4
4133
221
76
35
0
126
0
0
59
4
0
2
0
0
11
0
0
14
0
3
446
401
0
1324
6
34
0
1
0
0
0
0
1
0
0
792
408
1
0
27
1
0
0
0
0
19
47
0
0
3
0
1
40
0
0
11
0
0
1
0
0
0
0
0
0
0
44
0
0
0
0
0
1
0
0
0
0
0
0
1
0
0
0
0
0
0
0
0
7
0
0
0
0
0
0
