BitC_1_1
3
0
20
2851
28
200
38
0
0
3
0
302
34
345
0
0
605
3
0
368
1542
153
0
3
0
683
0
46
3
6
25
16
0
130
2683
104
0
0
18
0
10
0
0
6
0
3320
0
205
4
216
0
199
0
640
0
11
590
69
0
1288
0
1
0
0
13
46
0
452
37
17
2201
484
54
21
22
0
1759
21
32
0
0
0
5
15
899
0
179
219
27
23
729
0
425
0
0
660
11
0
81
0
31
0
2
756
146
0
0
0
0
830
0
0
25
0
7
0
0
134
206
833
9
15
0
179
100
380
272
0
2213
30
0
1
0
108
0
0
8
127
28
0
42
5
59
0
524
197
30
30
47
27
68
0
357
3
1
1357
0
0
15
435
0
0
0
0
217
77
66
219
0
0
0
0
160
0
0
144
127
4
0
83
462
673
0
210
74
366
248
3
86
0
0
427
282
35
0
84
0
1
1
58
93
26
8
37
21
4
2
87
41
47
0
0
18
0
0
4
57
14
0
22
409
0
21
380
0
12
1
160
57
85
0
0
117
457
1047
0
1418
36
1
2
4
0
20
413
0
34
97
850
8
2
156
335
23
0
887
51
0
0
0
17
193
972
311
2376
146
0
0
0
271
77
0
963
0
0
133
5
0
0
1637
163
866
185
0
1518
0
1101
0
0
0
234
0
0
0
0
0
0
230
0
143
0
0
7
0
17
557
0
183
9
3745
0
0
2
0
0
0
245
0
96
323
0
85
0
573
138
0
161
53
25
0
29
537
476
118
0
0
303
26
14
0
0
1787
347
117
810
0
36
221
55
222
0
1402
0
79
13
98
43
634
357
90
0
12
8
0
693
2
0
0
304
394
3975
155
1458
23
23
0
0
9
2
0
378
0
205
0
7
3203
0
103
75
82
0
280
0
0
143
368
27
70
0
420
112
128
0
5
0
3
109
8
2
2
0
0
104
18
3346
9
276
0
424
0
0
1896
195
7
0
80
0
26
1250
124
0
164
32
16
17
42
0
248
0
0
0
11
0
541
1144
0
6
1237
205
105
0
0
0
28
6
5
12
0
0
0
0
5
10
0
0
0
25
81
0
489
0
22
2
470
0
4
0
0
0
426
193
1025
20
286
1639
459
66
1
0
19
0
145
133
155
152
0
102
0
1
0
0
65
0
1148
62
122
351
34
2
39
0
14
0
6
736
11
435
49
0
9
0
1589
225
3
823
0
66
20
46
15
48
124
147
1066
0
16
234
357
202
149
0
1
0
69
0
576
211
0
0
235
1
0
0
36
0
0
5
4
0
0
0
0
1031
0
267
0
177
0
0
0
408
561
62
3
287
6
278
62
48
0
40
0
114
5
1576
12
15
11
37
0
4100
0
15
0
277
0
1402
320
20
5
4
139
0
0
0
5
351
0
0
0
0
1614
2
210
496
2
0
157
9
73
53
3
8
1
13
0
2
36
0
0
2
17
0
0
73
0
34
157
256
455
110
1281
15
0
6
0
0
0
7
4
188
644
446
0
432
13
433
9
0
969
31
0
118
0
2
382
0
301
100
3
6
0
0
132
0
4
3
207
0
0
0
0
577
21
566
12
34
0
0
0
0
79
79
35
617
0
40
95
3204
1
6
4
4
21
2
171
0
15
2
80
133
6
288
0
15
0
0
24
13
154
0
195
1903
7
42
52
888
839
1
0
316
630
24
35
1
952
0
0
6
6
173
268
3
36
32
126
0
89
0
42
56
135
0
330
3
322
0
0
0
0
0
0
1029
1055
0
0
256
5789
0
299
91
205
267
127
89
2
0
170
7
12
57
0
10
844
0
0
942
136
109
88
175
219
352
16
45
109
0
0
4
648
0
156
0
0
205
25
5
0
0
16
4
0
0
12
0
39
14
0
12
0
252
126
475
46
17
0
549
0
0
0
0
33
0
340
34
2
0
0
0
4
1
12
59
11
0
0
4
5
228
184
0
9
4
4
0
0
259
3
372
749
451
4
435
98
638
248
11
37
257
0
219
51
3
695
4
171
62
198
1
1
395
0
12
16
33
212
501
15
0
0
0
0
0
1108
782
9
0
0
0
2696
8
0
1369
4
73
0
59
0
0
557
96
307
316
110
12
0
16
0
0
49
1283
581
0
0
19
3
408
48
0
28
45
0
54
109
126
23
0
208
4
0
567
12
0
0
0
196
5
142
248
42
126
386
5
147
0
0
25
316
443
289
21
0
137
40
0
1493
223
2
78
4
388
0
0
32
307
0
45
0
3
3
1
1
0
0
248
200
159
7
0
31
35
11
0
0
482
63
14
136
3
6
3
0
24
16
0
1093
61
264
1118
6
135
0
0
64
0
2385
75
6
0
678
383
467
129
1137
0
86
1
0
3630
0
0
0
0
95
0
0
4
0
31
606
487
653
89
0
1
0
135
55
12
4
0
0
74
1158
688
48
48
0
0
107
203
19
0
0
0
40
0
1240
406
2445
1148
0
0
0
0
0
92
0
0
8
201
55
186
0
16
1190
539
0
340
1133
132
75
76
164
0
0
236
6
1
18
0
0
0
11
0
41
22
0
0
0
0
1
1527
343
0
0
6
9
106
0
0
0
0
122
25
0
161
10
2
47
3
453
890
0
510
77
12
6
9
14
0
0
0
2
412
1115
111
204
88
115
431
190
124
291
3
25
365
65
114
0
0
4
0
4
2894
7
678
0
0
381
77
5
2
268
100
123
254
4
213
177
0
14
14
0
0
83
0
0
660
350
243
0
0
560
0
0
0
134
4
1605
1145
0
26
2979
54
319
144
73
53
912
388
0
0
27
0
539
11
462
0
874
0
549
0
264
754
25
0
718
0
2
96
0
233
579
0
0
2
706
0
570
0
0
2
48
0
249
0
0
12
0
0
0
0
18
0
86
23
69
0
492
203
25
360
767
0
0
2879
3
2
0
70
51
127
0
163
0
4
2
245
47
0
5
400
0
7734
0
0
0
29
1
159
79
298
35
0
216
0
88
0
8
105
249
53
3
2
111
0
193
1529
247
0
0
6
1
1630
63
6
97
23
25
28
0
23
0
0
0
718
0
620
21
0
40
4
0
34
0
344
0
38
134
1
81
1
346
0
0
0
201
4
2
2
94
1
2
0
59
7
0
186
0
203
3
0
3
44
0
3027
0
1
3546
12
1032
0
125
6
52
0
0
0
167
131
0
0
6
65
33
0
0
11
0
0
39
0
343
0
0
17
21
450
7
0
0
6
120
1086
186
0
0
0
205
0
0
850
523
39
111
5680
2
92
186
29
62
27
537
0
16
84
3026
47
25
32
55
190
0
0
395
56
18
204
27
440
12
313
138
95
0
74
0
39
0
0
0
0
457
0
32
0
2189
2
48
777
76
22
0
0
0
2
39
0
213
0
1
221
77
0
3
0
2
74
0
281
0
2
29
0
36
0
0
17
0
0
65
0
2
20
0
0
0
0
1
0
1
632
8
649
7
440
155
70
6
0
147
2
2322
26
0
0
0
0
9
9
718
177
407
0
652
9
377
598
1
0
0
1265
0
77
313
3218
5305
0
0
0
49
2
12
0
0
91
0
0
1496
490
1062
3
3
266
0
38
0
169
286
98
875
0
1135
0
163
11
35
222
0
7
0
0
0
0
0
0
996
220
0
2207
90
0
0
14
220
363
316
35
476
3670
6
744
0
102
461
140
312
590
0
23
5
235
105
0
0
440
13
59
0
2
46
197
455
0
7
0
61
401
0
712
0
2
33
0
2
780
3347
3
228
0
0
3
417
0
630
0
43
4
2
1244
49
3
28
0
4
6
10
487
3
1
0
9
0
0
20
155
16
6
0
5
38
0
0
8
114
0
1
6
0
47
54
105
0
0
0
0
76
0
5
0
0
109
400
19
810
2023
127
863
155
4078
0
75
0
244
8
0
945
0
133
57
0
0
1
0
1028
43
0
74
174
0
66
5
2
0
0
48
0
0
1815
298
0
0
337
3341
265
5
0
27
1
107
0
1989
0
621
12
0
13
0
113
0
0
0
0
39
0
0
0
6
11
636
90
4
0
225
35
41
24
8
29
84
0
197
0
145
5122
1790
0
253
1
0
0
1149
49
0
0
0
0
8
707
30
0
0
35
0
0
0
0
0
14
107
0
0
124
204
937
853
136
387
0
0
29
21
36
0
0
0
0
327
82
0
848
40
1772
37
0
0
102
48
5
118
2
0
404
227
0
0
61
0
5
2
449
0
0
9
0
53
79
0
15
5
0
64
334
0
0
0
0
31
1248
27
6
0
178
0
558
54
754
0
41
2220
365
0
0
4801
476
550
2860
27
0
13
0
0
0
0
92
3
21
4
0
332
1144
6
0
0
0
0
0
59
64
182
0
0
27
36
23
2
207
995
159
531
280
48
1
0
1
416
3
0
2
31
49
10
39
6
0
0
11
51
22
161
24
0
0
0
0
0
0
0
200
0
0
0
57
0
58
3
1
68
375
0
3
1
724
1
935
3
0
38
0
0
0
0
0
900
4
1
19
49
3
158
179
17
0
35
0
4
0
0
154
3
505
487
945
181
0
66
64
2
2
14
345
122
0
7
0
2288
0
16
0
71
8
32
1
71
1
0
0
378
0
235
139
154
238
10
0
0
13
2
4
75
212
190
0
17
0
40
16
0
0
131
0
26
0
0
88
14
10
63
87
943
8
0
175
0
580
0
1
0
47
13
121
169
567
0
2067
50
0
1
74
0
0
1
257
1082
19
5
53
2
6
12
1
33
0
24
205
22
7
1488
254
14
1167
0
53
31
0
0
556
0
87
0
0
6
33
10
0
1
7
1829
0
179
395
24
0
2287
57
0
0
0
17
22
34
812
76
179
0
0
5
0
0
0
13
124
0
0
44
0
6
6
0
10
22
0
0
0
3951
0
18
0
25
139
537
378
4978
5
1511
20
4
15
3
0
20
1258
0
417
717
0
25
191
0
566
3
0
6
1031
0
69
102
0
0
2542
0
66
459
0
0
48
334
0
2
227
420
1
693
0
1169
0
4198
39
0
183
0
19
120
1102
18
688
4
10
0
1691
153
118
16
1803
0
99
10
799
157
0
214
0
119
159
251
0
1
2
6
49
81
1
22
2352
366
1240
469
0
0
0
3
20
88
0
226
172
13
585
703
0
75
178
71
0
0
0
0
745
0
151
0
178
15
5
0
4
19
0
0
1616
1206
0
2
110
0
12
0
106
3
272
32
1
0
341
357
0
12
1
0
0
0
2095
506
0
0
1076
19
230
152
64
155
1
9
38
0
17
1
0
7
23
2
63
276
0
1
44
564
0
0
123
0
0
0
823
599
35
0
0
666
0
490
453
3
0
54
0
0
0
41
168
19
0
0
0
14
12
38
0
0
0
94
8
0
0
0
4
0
301
94
33
0
0
271
2139
3
127
0
66
0
16
5
0
799
6
0
16
143
64
0
8
2
10
173
3
15
0
153
0
557
0
2
27
30
1
3
0
3
3
0
6
63
26
0
37
0
0
12
27
7
0
0
325
0
1
0
30
17
9498
0
38
218
188
0
65
1
0
0
1
261
116
598
4
154
0
0
182
2
0
44
0
187
1155
0
180
0
205
0
1257
2
358
121
0
0
0
0
0
0
2
0
13
0
13
0
0
8
550
380
47
0
0
357
36
2
270
1143
9
301
28
0
1038
116
0
91
0
0
0
637
4
338
0
40
4
0
3
1139
534
0
272
52
42
1
3
139
634
0
242
0
0
432
17
254
85
0
65
0
0
271
207
8
15
3
0
0
0
0
155
340
539
0
1
0
108
0
0
182
0
71
48
0
585
113
9
64
73
0
3
892
122
0
410
3
75
464
41
31
3192
256
0
0
12
370
71
0
6
82
2
0
0
0
48
151
0
73
0
0
1
0
1
347
0
191
7
0
39
18
216
0
0
0
0
168
300
46
39
0
0
192
0
0
0
4
977
2976
1
8
2284
35
138
381
0
203
0
0
4
697
40
0
12
70
120
9
0
0
7
0
0
1450
2
0
1764
2
128
18
3373
209
0
0
234
2079
35
1254
533
0
46
65
680
0
44
33
7
21
0
2
0
262
1
6
3608
0
2907
0
0
15
0
3
0
197
422
0
418
36
70
0
71
646
4604
2
21
91
3
616
158
1
8
0
223
1
0
0
314
428
0
1081
6
29
16
196
0
33
364
1529
43
81
179
0
337
5
855
452
4
1347
0
428
157
141
192
13
0
18
0
0
33
145
7
0
180
0
3
15
8
0
0
3700
249
134
266
79
119
2
2
6
43
2
628
0
18
0
0
5
3507
0
101
344
4
529
0
4
248
38
16
977
1
0
255
0
0
0
4
32
0
0
0
44
336
51
0
15
1
0
169
0
0
0
996
197
872
282
0
1676
42
0
0
117
25
0
0
0
1
60
151
3
0
3
0
0
2
12
7
84
1391
136
214
2
67
1
4595
0
1
5
82
0
6
319
0
210
15
76
91
0
843
247
41
447
91
0
0
452
1017
347
265
0
0
124
0
3
0
0
1358
0
2109
293
105
118
344
0
3
0
0
53
0
175
0
0
217
161
8
86
0
659
12
2
20
257
0
117
0
95
3
141
75
0
1205
27
0
50
15790
0
82
925
574
490
313
368
1234
77
1481
0
500
1849
0
99
13
1
0
1
193
0
146
66
3109
0
21
211
129
0
2326
120
88
0
0
0
0
1984
11
9
778
0
410
0
28
5
0
787
46
0
0
1503
111
0
0
3
0
153
0
88
0
1207
12
160
34
978
0
0
99
1656
0
5
0
77
177
48
0
68
282
187
0
0
111
84
254
0
0
6
25
0
75
246
0
142
4
0
0
0
0
4
0
0
34
0
0
2
1
17
0
7
1046
29
0
1
5129
0
0
2
3
0
95
4
123
1
0
62
3
0
0
0
0
0
244
88
0
0
0
112
0
0
0
166
78
3
0
1
387
3
0
5
3
0
0
1
2
4
0
4
0
0
147
0
0
12
1115
0
0
17
0
6
169
41
319
9
1
0
0
75
0
0
0
81
0
274
0
0
11
0
8
0
58
0
0
363
19
0
315
36
0
2185
94
20
0
44
205
0
0
28
0
0
40
37
101
0
141
17
0
2
1641
513
11
11
200
0
8
70
0
23
35
0
20
0
0
0
4
665
0
0
0
0
1014
1
147
25
7
0
0
41
1134
435
251
0
0
8
0
0
0
8
0
0
256
4
1
106
0
0
0
0
0
69
2375
48
4
0
51
3
0
0
0
0
0
1
0
0
0
0
0
0
16
0
0
9
22
0
0
0
77
3
56
0
0
0
0
0
0
0
26
0
0
0
0
0
0
232
0
0
5
45
332
4
0
1
1
0
0
9
0
2
5
0
0
0
0
0
10
0
16
2
0
0
6
0
0
0
0
0
0
3
0
0
0
0
2
0
0
8
0
0
0
1312
0
0
0
42
0
0
3
0
1323
0
0
53
46
0
13
24
0
8
0
0
0
0
2
110
123
0
0
0
11
339
47
0
47
0
7
0
0
0
0
0
0
5
0
0
24
0
0
0
1047
0
3
0
0
0
0
0
0
77
0
90
0
22
0
25
0
0
0
0
263
0
0
1
0
11
13
0
0
0
95
1
0
13
0
9
107
0
0
0
19
31
0
41
0
0
0
182
0
9
0
503
0
3
0
0
7
0
0
0
0
134
0
0
0
0
366
0
1
1233
460
1
0
20
48
0
2
0
0
0
97
0
0
85
0
100
0
0
0
0
8
0
0
0
8
0
61
0
0
554
0
1
0
0
0
38
0
2
0
0
0
0
0
5
0
4
0
0
1
113
0
46
0
0
225
0
0
0
0
0
223
0
0
18
0
0
0
0
0
0
15
0
0
20
0
0
50
0
0
0
0
59
7
0
0
47
0
0
11
0
0
0
24
2
0
5
0
0
0
0
0
0
0
0
0
0
0
0
0
0
7
0
0
0
0
62
3
0
78
6
1
0
0
0
48
0
0
0
0
0
0
0
0
0
0
0
0
0
0
0
120
0
43
0
0
0
0
224
0
0
0
122
0
0
0
0
3
16
0
3
0
0
22
1
0
0
0
0
0
0
0
3
0
3
0
1028
0
0
0
0
0
0
0
0
0
0
0
31
40
0
1
8
0
11
503
0
0
0
0
0
0
0
0
6
0
0
0
0
14
0
468
137
0
0
0
0
0
3
0
0
418
0
0
0
0
0
0
0
0
0
903
18
0
769
0
0
81
0
0
3
0
0
0
1
0
0
1
0
0
2
0
34
0
3
0
0
0
0
0
0
0
0
127
0
0
0
111
14
0
111
2
66
0
0
0
0
0
9
0
0
0
0
0
0
11
3
0
0
0
82
1
0
226
0
0
0
5
0
0
0
0
0
0
0
37
0
0
0
0
173
0
0
0
0
71
0
0
0
0
0
0
0
0
0
0
179
2
0
0
0
265
719
0
0
0
0
17
0
4
0
0
0
0
0
0
4
0
41
0
0
12
0
41
83
4
7
1227
0
0
0
0
568
0
54
0
0
0
0
0
2
0
0
2
202
1
7
0
0
9
0
134
0
0
0
1
0
0
0
0
0
0
0
15
0
15
0
0
0
382
0
0
0
0
0
0
0
0
1601
0
221
0
0
0
0
0
0
0
0
219
0
0
366
0
0
130
21
840
0
0
0
0
0
32
1
0
5
0
415
8
1
0
0
0
0
0
0
2
46
22
0
0
1
0
0
10
0
0
6
44
1554
0
0
13
23
1051
0
545
2
0
0
141
0
0
6
11
24
0
0
0
0
53
2
0
6
90
0
0
0
0
0
0
0
30
0
0
0
0
46
0
36
0
0
15
0
63
0
0
1
0
0
654
0
0
0
182
0
0
8
0
0
0
0
0
0
0
66
0
0
0
0
65
656
307
0
0
0
0
0
0
0
0
464
0
13
0
0
0
0
0
909
0
470
0
0
15
0
0
5
0
0
26
0
3272
0
0
0
0
0
1
61
0
0
0
29
0
143
1
0
30
0
889
0
0
0
69
0
3
0
0
0
3
0
0
1
0
0
0
0
228
3
0
0
0
615
0
0
0
184
0
5
5
43
409
0
46
0
0
0
0
0
0
0
0
797
0
18
0
0
0
0
0
221
145
0
0
72
0
450
0
1
0
0
3
0
0
41
0
0
0
0
99
11
0
0
0
0
9
0
0
0
47
25
0
1
994
0
105
56
0
0
0
0
0
0
0
0
0
103
2
0
5
32
2
0
0
0
0
0
0
0
0
0
1951
0
2
18
0
0
0
2413
76
7
8
1
0
0
2
5
22
3
84
0
4
0
3
0
3
0
0
0
0
0
0
188
0
0
3
0
941
1
0
0
0
6
0
10
0
0
0
25
11
0
0
0
0
0
156
2
208
0
0
8
0
0
1852
69
0
0
61
200
0
102
30
0
0
64
0
0
0
2
13
20
32
0
0
0
0
0
0
0
0
0
0
0
2
0
172
106
0
1117
0
0
0
0
0
63
0
0
0
0
0
0
0
1
0
24
113
9
234
0
0
0
11
0
0
0
0
299
0
0
0
110
0
0
0
0
0
0
0
0
0
0
1
0
0
63
84
0
0
0
0
0
0
172
0
609
0
0
0
1
0
0
0
599
0
0
52
6
2
0
16
0
0
759
0
0
4
0
0
0
1
0
26
79
10
55
0
2
0
7
8
135
0
2
0
0
0
0
0
0
278
279
17
0
252
0
0
1
0
0
2
5
101
851
2
0
0
0
0
0
180
0
0
0
4
0
0
66
4
0
1
0
0
0
0
36
0
0
0
0
230
0
0
0
0
5
13
0
0
0
0
19
0
0
178
2
0
0
1
0
0
10
0
0
0
0
0
14
0
0
0
0
26
0
0
0
0
0
0
0
0
73
0
0
25
36
0
0
0
69
0
0
14
1
0
222
1
0
0
4
271
15
0
0
36
0
5
7
0
15
18
0
0
0
102
0
144
0
0
84
0
197
0
988
210
0
0
6
2
84
0
0
0
0
14
0
0
4
5
0
0
4
0
12
277
459
0
2
0
0
13
0
28
0
0
0
3
0
0
0
0
6
2
490
22
498
0
0
0
109
0
0
0
0
9
9
0
472
534
2
0
0
0
0
0
440
0
14
33
0
0
0
0
10
0
0
0
26
0
0
0
5
0
4
0
28
3
0
0
216
0
0
0
0
11
0
1
0
0
0
0
0
0
0
0
0
0
0
0
15
11
0
0
0
41
156
2
0
0
156
0
0
233
0
0
8
0
462
2
0
1
2
81
1168
0
901
0
0
0
0
0
0
0
2
0
11
0
0
1
0
0
0
84
0
7
0
0
6
3
0
0
19
2
70
0
0
0
0
374
0
0
83
0
0
18
22
0
396
79
0
0
0
0
0
0
0
0
511
0
0
0
56
63
0
0
0
0
98
217
14
0
6
10
33
0
1952
0
38
0
0
68
0
255
563
28
265
0
0
44
0
332
0
0
9
0
0
0
0
0
0
0
1165
0
0
0
0
0
0
0
0
5
2
199
626
0
5
0
0
0
86
1
0
190
63
1
0
18
2
0
83
0
0
0
0
0
0
0
0
3
0
7
1
6
414
4
29
0
0
2
0
0
32
19
0
0
0
55
5
1
0
9
0
0
0
0
3
0
0
113
391
0
0
0
0
0
0
0
128
184
0
35
51
0
0
0
287
0
0
0
32
0
58
6
143
4
0
0
258
0
0
0
0
0
0
0
0
0
0
0
0
0
4885
132
1
0
0
0
0
0
0
61
317
413
0
2
203
0
7
0
0
0
0
0
0
0
196
0
11
35
105
0
0
19
5
654
0
3
0
0
0
1010
0
32
0
0
1382
64
0
0
0
0
0
0
0
393
12
0
139
0
4
0
131
0
0
33
0
0
0
1
0
0
45
1
8
29
0
0
0
0
0
0
227
0
1257
76
0
0
1
0
0
192
1094
0
0
1
0
2105
0
0
102
0
0
0
430
0
792
507
0
0
3
2
0
0
0
0
0
0
0
0
1645
0
0
0
81
0
0
0
3
0
0
0
0
2
29
3
497
21
0
0
1
0
8
0
0
0
0
9
330
31
0
0
0
72
0
0
0
0
32
0
0
5
0
0
18
0
0
0
1080
3
0
0
0
49
0
335
0
11
0
77
0
0
2
88
0
5
1
0
78
5
11
0
0
0
317
0
0
0
0
0
1
0
352
23
0
530
0
3
455
0
0
1690
1
1
41
7
0
0
0
0
0
0
0
0
0
0
2
0
0
0
0
0
0
3
0
0
0
0
414
0
0
0
56
0
0
0
0
0
3
0
0
2
0
0
5
0
0
0
0
0
0
1
346
0
12
0
0
1054
0
0
0
0
191
0
0
0
0
0
10
293
0
4
0
0
0
13
1370
18
80
8
496
0
0
25
0
0
0
5
2
18
0
11
0
0
0
0
0
16
1
230
0
0
27
0
0
0
0
0
1208
19
1308
0
2
0
0
105
138
0
3
68
885
0
1
0
7
0
0
0
0
0
3
17
1
1223
3
11
0
6695
0
8
18
0
0
0
0
0
0
0
0
29
0
74
0
238
0
60
227
0
0
0
29
0
0
0
75
2
0
59
15
0
137
2
0
0
14
0
0
0
0
158
265
0
0
0
0
21
0
0
0
0
0
5
0
31
0
38
0
0
0
2
0
0
52
0
0
0
0
0
16
601
0
0
0
13
0
0
0
0
0
0
5
0
0
0
0
105
0
0
0
0
0
9
6
0
0
0
0
0
0
0
1
0
0
1
0
0
0
0
8
19
0
0
0
0
2
0
0
0
0
0
0
0
4
0
32
0
0
0
0
221
882
0
0
0
6
0
0
0
0
0
0
0
0
0
0
0
0
0
0
0
98
0
649
0
416
0
0
187
0
0
272
0
0
0
0
0
0
1288
0
35
0
0
0
3
0
2
0
0
505
0
64
0
0
0
0
0
0
0
593
0
0
0
0
0
0
0
0
0
0
0
0
0
0
1
0
0
8
0
0
0
0
0
0
0
0
0
123
0
0
0
0
0
0
26
1
0
0
0
0
302
0
1465
0
0
0
0
0
0
0
0
0
0
0
45
0
0
0
0
234
0
287
1
0
0
0
0
0
479
0
0
91
0
0
0
6239
0
0
0
0
7
0
170
19
7
78
0
0
7
0
5
193
96
0
0
0
107
0
0
0
0
0
588
0
0
0
0
14
0
673
0
47
0
0
0
488
0
0
42
0
263
0
2191
0
16
0
85
7
0
0
0
0
0
0
0
0
0
0
0
0
0
0
0
0
0
0
0
0
0
0
0
0
574
0
140
0
0
3
0
0
0
0
0
0
218
1
0
0
0
0
0
0
0
0
0
8
0
0
0
3
0
0
0
0
0
0
2
87
0
0
0
0
0
0
340
0
0
0
0
0
0
0
3
0
0
0
0
0
0
0
0
5
3
0
0
2
0
0
0
0
0
0
0
0
0
0
0
0
0
0
0
0
0
0
0
0
0
0
0
0
0
0
0
0
0
0
0
0
0
0
0
0
4
3
0
0
47
0
0
31
0
0
0
5
0
0
1
0
184
494
0
6
0
0
0
18
0
0
292
0
0
0
0
0
0
0
0
0
0
0
0
0
0
231
0
0
0
0
0
0
1
0
201
0
0
28
42
11
0
0
0
0
1
5
0
0
0
0
0
44
0
0
0
0
0
0
1174
0
0
0
0
0
0
29
0
7
0
0
0
1
0
0
0
0
0
0
0
535
20
34
0
5
0
0
0
221
0
0
0
0
0
0
2
513
0
0
0
0
0
896
0
4
330
108
0
0
0
1
0
0
7
4
0
0
0
0
0
0
0
0
466
0
0
0
0
0
0
286
0
0
0
0
0
0
9
0
0
39
0
463
0
0
0
459
0
0
0
0
0
0
48
283
2
0
0
0
0
0
0
0
22
0
0
0
0
0
29
0
0
0
0
0
0
2
0
0
0
0
0
0
5911
56
77
0
9
0
0
81
14
0
9
4
12
579
2
0
0
0
1
0
0
0
0
0
0
0
0
5
438
8
0
250
0
876
64
250
0
0
0
0
0
10
0
1
341
5
5
95
3
63
0
0
188
108
81
574
0
0
0
254
13
0
14
6
0
0
19
0
35
100
1
113
0
4
0
44
0
3
0
0
119
0
4
0
853
0
31
0
0
4
0
0
76
0
144
120
216
0
27
0
0
0
0
0
318
17
54
17
32
0
20
0
28
0
7
256
24
0
0
102
0
164
8
1658
197
0
0
1
47
0
1
1
0
0
0
0
0
313
0
345
0
602
0
4
0
0
0
28
12
0
0
0
0
0
0
0
0
50
78
22
0
0
582
0
3
12
0
0
17
0
0
468
0
5
0
1
0
0
2
172
0
0
189
0
17
0
50
0
4
0
61
0
0
47
0
0
389
138
0
3
0
12
0
0
22
1
0
1
0
3
723
0
0
3
0
0
13
0
0
2
0
0
302
868
0
0
274
0
271
0
114
14
135
0
36
0
0
0
424
2
118
0
0
2
237
0
0
0
23
4
32
0
0
0
0
0
0
0
0
270
0
0
0
0
0
0
0
0
0
126
0
0
1
0
0
2
0
0
2246
9
335
0
0
0
0
23
72
0
652
10
0
0
3
0
0
99
0
4574
133
736
0
0
203
90
36
10
3
0
2004
0
177
190
234
0
246
0
57
931
517
0
1
0
3
1225
0
2423
0
3
0
0
12
103
17
4
0
0
0
88
0
22
38
18
105
560
9
647
0
10
0
193
52
3
0
143
93
0
238
0
22
59
0
1
2
35
0
1
0
0
0
227
1
3
6
1485
0
0
11
47
0
106
119
59
6
1
40
108
0
0
2
2
4
2
0
5
0
0
1
0
40
0
0
0
458
78
46
0
44
0
0
0
605
0
0
66
0
24
0
0
326
65
0
58
0
0
0
0
286
1
33
1
0
0
0
0
0
2
23
0
325
98
3
0
4
439
181
0
0
113
15
84
0
18
0
307
3
0
23
0
0
1
36
519
0
77
0
12
809
31
22
14
36
0
3461
31
0
12
2
7
660
0
0
45
67
276
0
96
843
1
0
15
29
98
0
272
0
2
0
0
0
0
13
75
0
0
182
0
89
3
0
24
0
0
0
0
0
116
0
96
70
0
0
0
0
0
0
0
715
10
523
1478
967
10
0
11
18
0
26
0
0
1
984
1413
0
314
0
2
0
1126
0
0
98
4
0
0
20
0
2
1
9
0
190
0
19
0
4
0
0
104
0
0
73
0
74
577
29
1
0
32
329
378
2
0
2
1
0
0
491
48
0
1317
0
0
0
56
7
305
6
0
17
0
55
22
236
687
2
0
0
3
0
89
0
0
0
0
0
0
10
0
1550
0
34
95
0
0
0
0
55
207
0
0
0
0
43
0
16
987
0
0
0
0
22
1
41
0
45
0
0
0
64
23
0
1
2
0
881
0
0
46
0
0
0
1
79
0
80
84
0
0
0
0
13
285
0
0
0
0
426
22
0
58
0
25
4
25
120
0
64
0
0
0
0
39
0
20
439
0
0
6
0
0
0
58
0
88
32
7
0
0
242
4
0
3
0
502
163
6
0
0
0
2
0
208
15
0
7
14
0
0
0
0
0
0
145
0
6
0
0
0
0
0
2804
0
36
0
0
0
16
0
0
0
0
1013
0
0
0
150
0
51
0
0
0
0
127
3
0
3
0
0
0
2
0
121
0
2
0
696
0
3
1
0
136
0
816
0
0
0
0
1738
123
0
163
35
0
0
0
9
238
0
45
11
2
0
0
1
1
3
8
19
843
83
59
0
1
18
0
24
0
0
290
951
0
140
0
0
0
6
0
21
186
0
0
71
0
412
29
74
0
0
219
478
16
54
0
1037
0
20
0
0
0
0
0
8
252
665
99
25
15
0
0
2
0
214
76
0
0
3
497
6
0
45
0
0
241
24
0
171
4
0
1109
3
0
91
0
0
5
0
0
1052
0
4
0
7
0
0
0
26
0
0
607
0
1
0
0
0
0
23
0
147
38
18
4
0
1
0
0
0
925
190
0
11
8
255
0
34
16
0
0
1
0
0
0
0
1
0
0
0
1
23
0
0
232
6
37
0
0
16
0
0
0
0
0
9
0
0
0
19
0
15
45
5
0
0
0
0
0
0
0
104
0
0
2
2
0
3
0
0
0
29
108
0
0
12
3
922
2
0
24
92
0
21
0
0
0
1
0
0
0
4
9
7
0
13
18
0
0
0
23
0
217
0
0
1
497
61
0
0
2
105
34
0
0
48
753
0
41
0
100
10
1479
279
426
0
2
594
12
0
530
0
0
2
46
0
1
40
0
0
147
0
9
0
11
4
0
30
0
1
0
0
11
0
0
0
0
0
103
116
53
12
0
0
8
307
0
84
180
0
0
0
0
27
0
4
107
1
74
2
0
22
34
691
0
0
0
4
0
4
29
58
1522
0
27
7
8
0
0
0
0
0
38
806
0
0
0
0
0
0
78
88
5
43
0
745
106
0
0
1
197
2561
0
314
1
0
26
327
30
0
7
17
0
1
4
25
0
0
42
0
0
2
0
0
585
150
379
4
0
169
6
3
0
10
0
0
48
0
0
0
4
100
21
0
12
0
0
8
508
0
3
0
8
1
4
351
0
0
198
516
979
941
8
0
59
0
23
0
11
0
162
4
0
0
0
0
11
0
10
0
0
0
41
1
369
0
14
0
106
8
4
1618
0
3641
0
0
0
143
77
19
0
746
0
0
49
83
516
25
5
691
39
36
2
29
9
508
11
0
0
0
0
13
935
0
129
3
47
26
4
0
21
271
0
125
1
644
502
14
5
0
26
0
0
2
0
430
393
370
15
88
0
148
0
58
0
0
131
57
0
0
0
336
0
0
0
37
6
97
0
965
0
0
2
0
12
104
0
271
44
19
6
386
138
86
17
15
0
208
1
0
0
365
0
0
44
1
0
0
113
0
0
3
0
0
0
73
620
26
0
587
235
0
747
0
0
0
2
0
465
340
4
149
13
0
0
0
0
0
31
27
26
0
54
0
0
0
2
6
0
307
0
2
402
0
0
0
9
0
1
0
5
19
0
0
0
0
162
0
0
416
2
1
0
19
1
0
68
0
81
0
8
79
0
4
0
13
0
535
24
233
0
0
611
207
2
22
46
0
0
0
0
35
10
4
0
0
0
0
47
0
82
0
109
4
47
38
8
0
41
0
0
0
0
16
65
2
105
797
735
75
79
0
2
1
35
0
164
0
0
0
0
793
10
7
299
87
446
279
0
0
9
0
101
0
8
0
0
495
47
10
0
90
14
0
1
0
96
99
164
0
0
0
0
150
0
3
0
581
58
1
16
76
0
138
0
20
24
3
0
26
0
0
232
483
0
37
0
201
2
0
0
0
0
269
0
0
0
0
0
0
0
0
0
1
0
0
3
7
617
184
495
0
0
0
0
72
61
0
0
0
0
0
166
139
0
0
1
57
0
0
0
3
13
6
0
0
0
0
3
0
0
7
0
3
15
33
20
4
0
0
9
117
8
0
28
0
139
0
0
3
0
0
194
0
200
2
196
0
110
7
0
720
395
257
0
0
11
0
0
0
66
0
8
38
3
2
34
104
17
5
4
266
0
52
0
20
1063
0
0
0
41
22
8
71
34
51
52
18
7
0
0
27
0
490
0
0
1
31
1
0
4
0
0
71
19
115
1
5
0
0
0
34
136
7
144
0
0
155
0
1035
3
0
8
928
0
0
23
0
0
0
35
0
0
254
0
0
0
0
1
26
0
0
0
0
0
1699
7
37
0
0
0
7
250
34
78
181
112
1077
72
0
97
0
363
43
0
489
0
189
0
19
0
89
0
75
0
0
0
0
0
6
0
2
2
50
0
0
1
0
183
31
8
414
0
0
0
113
0
0
0
0
19
0
175
1220
0
287
0
0
57
82
20
0
0
23
23
0
0
0
139
0
0
0
37
0
2
0
0
2
0
9
165
60
94
0
0
492
1
0
3
8
0
1013
0
0
0
95
0
269
66
4
0
11
4
0
0
1
0
0
205
37
403
1
158
0
0
16
1361
3
30
0
0
9
0
3
0
0
0
0
292
1
4
65
0
0
0
0
0
7
0
1
65
0
0
28
0
573
0
0
0
0
377
0
185
72
1
0
10
0
0
0
571
0
0
0
2
0
0
0
0
0
52
0
0
0
4
0
185
3
0
60
0
40
21
0
52
0
0
0
0
0
78
2
0
0
0
0
0
0
7
24
0
566
0
4
1137
0
0
0
89
0
0
6
272
15
218
0
4
23
0
0
0
0
8
0
14
42
7
4
0
0
0
1
0
3
0
5
0
1772
0
29
467
5
0
0
0
10
0
0
242
0
0
853
0
0
6
0
333
0
0
0
0
0
0
37
19
0
5
0
9
0
3
484
0
47
3
1
49
0
0
1
107
7
0
10
48
245
0
4
0
154
8
0
5
0
0
0
0
0
0
0
0
538
2
0
0
0
3
97
0
1
0
267
0
0
0
0
321
9
0
3
0
277
553
0
16
0
0
59
122
59
225
0
0
0
0
22
0
0
450
14
78
19
0
714
287
0
3
0
16
2
0
0
41
367
0
0
0
1
0
0
141
0
7
0
0
0
400
12
0
235
144
178
169
0
18
6
12
10
26
0
108
272
0
41
44
86
601
0
0
498
0
10
0
0
0
0
495
0
974
0
72
575
10
127
0
0
0
3
13
7
18
0
2
0
57
2526
4
390
174
7
0
6
0
55
0
0
0
0
0
0
244
1
0
0
0
0
0
32
0
15
43
0
766
0
3
0
0
110
33
0
130
0
0
0
0
0
0
0
0
0
0
198
0
101
0
30
4
109
143
0
62
0
0
0
0
0
0
64
2
0
46
40
0
0
109
0
0
3
0
6
1
0
262
100
0
27
119
0
0
71
970
0
0
0
14
1
0
16
495
137
4
0
0
1
11
4
12
101
616
0
331
37
405
15
0
0
0
3
0
0
272
1930
0
0
1
0
0
276
498
28
5
1
0
0
26
376
0
10101
3
1
998
464
0
0
0
0
3
0
7
60
0
0
11
0
0
234
0
0
54
43
0
772
0
400
3
101
0
0
0
0
0
0
193
2433
0
240
0
301
40
58
573
0
0
0
0
130
180
0
50
208
0
0
0
11
436
254
0
0
0
73
2
0
0
0
0
0
0
7
0
0
6
5
3
7
0
0
969
0
0
0
376
2
26
0
161
0
0
28
945
0
0
0
474
124
4
0
3
4
0
18
254
1114
0
0
72
0
424
2
6665
0
2
346
0
0
8
2
0
1
0
5
0
108
0
635
156
0
9
1
24
0
129
1
73
609
2660
0
118
491
0
0
0
49
0
50
8
0
2
0
0
0
408
0
9
0
0
0
61
0
0
59
8
15
4
21
114
94
1
0
0
0
10
445
0
304
21
30
0
0
0
492
0
0
139
0
0
0
0
959
0
61
2
0
83
0
0
2
0
50
0
5
0
212
2
0
24
0
42
0
0
12
100
0
2
155
190
0
7
16
32
87
5
0
2
0
55
0
82
0
0
2
29
0
0
478
164
0
16
775
15
60
362
152
0
0
4
0
0
0
0
321
201
0
0
0
0
3
205
7
0
6
3
2289
6
2
0
0
263
68
55
0
701
24
0
0
181
0
0
0
0
0
6
477
69
119
16
605
0
0
0
0
0
0
622
0
1
182
418
5
0
76
0
0
0
322
165
260
0
1
0
2
140
0
1
500
0
0
0
200
0
0
0
2
0
1116
858
0
0
16
94
0
0
0
0
0
28
591
461
0
340
0
13
0
0
52
0
2
0
0
4
19
0
0
0
0
0
0
101
2
0
0
0
62
0
0
0
2
0
4
1231
52
0
0
113
1
322
121
15
2
128
37
0
0
0
0
109
29
0
5
300
818
0
0
0
0
0
0
0
0
0
0
2
0
47
0
937
0
0
0
529
3
0
53
0
11
0
0
0
0
0
395
508
1
617
0
0
45
0
4
0
0
0
0
37
0
0
0
0
0
0
943
46
3
66
0
0
0
15
0
101
64
0
13
528
0
0
0
202
0
0
3
15
4
556
3
0
636
2
0
0
3
0
1
3
0
0
16
5
0
1
0
0
0
0
0
0
0
0
10
241
0
0
32
0
1
6
2
0
0
90
22
8
0
459
0
5
986
0
75
0
0
63
0
0
0
36
13
0
13
813
0
49
0
0
90
3
0
245
1
258
0
0
0
6
687
0
0
0
0
0
62
207
11
0
1
0
53
223
624
1
21
3
0
19
9
11
0
39
80
0
0
42
6
0
0
0
141
0
0
0
6
18
0
171
0
0
29
38
1495
117
15
230
0
0
105
680
0
0
814
0
1
0
18
71
0
0
45
0
0
6
21
0
52
0
11
0
0
0
28
0
2
0
0
565
0
3
0
23
0
0
21
15
0
0
1
0
41
0
10
0
0
93
23
0
0
0
680
0
87
33
2
0
48
0
0
0
26
33
0
2
0
28
0
213
0
0
1
121
1107
0
0
81
0
145
0
0
0
0
641
0
0
0
0
50
34
15
25
25
0
401
0
0
0
296
88
27
2
18
23
0
34
0
0
67
0
6
0
115
343
0
0
3
82
0
806
2
0
288
0
0
0
0
0
0
0
3
12
8
836
0
15
4
0
453
6
1
0
102
0
0
0
0
598
0
1270
931
166
106
0
0
81
2061
0
0
1
32
0
0
0
0
74
0
192
24
0
140
544
0
0
0
0
12
0
210
0
0
95
0
0
438
0
22
0
47
555
0
0
0
103
0
0
30
426
1
0
0
0
304
356
39
10
0
0
0
8
0
2
0
0
35
0
0
14
7
7
645
183
0
0
105
0
0
0
0
0
1
0
0
0
739
0
116
0
3323
0
581
3
0
0
140
0
3
0
0
22
13
15
133
25
13
59
0
76
0
95
6
7
0
0
0
50
3
0
321
3
130
0
0
0
0
17
34
308
0
5
4
0
0
913
0
136
81
77
133
62
7
8
0
203
35
0
134
0
0
0
0
71
0
0
2
3
59
0
0
0
48
2
0
8
0
379
1
0
0
14
0
0
2
0
454
2
0
0
104
0
16
51
0
4
5
143
0
0
0
326
0
0
2
255
44
17
67
0
1
374
0
0
508
0
0
0
314
0
0
1
131
0
0
0
0
0
138
36
983
54
0
0
0
0
241
0
20
1
264
74
0
509
7
299
113
15
20
145
0
0
57
282
0
510
0
25
0
66
0
0
0
0
614
2
0
0
14
0
1253
0
0
0
22
0
42
0
4
5
53
0
6
98
4
0
0
2
244
0
16
296
0
0
0
237
63
108
38
0
0
0
16
86
70
0
0
64
0
0
0
9
0
0
279
0
2
19
8
33
0
0
0
0
143
0
92
0
7
52
14
0
0
0
0
0
72
0
43
0
5
0
0
52
0
46
226
0
233
113
0
52
0
46
75
0
5
0
52
2
100
39
21
0
12
166
14
23
0
5
0
57
259
1105
62
0
0
0
1
0
316
193
2
18
3
76
0
33
0
0
0
0
39
0
48
0
13
8
35
6
0
6
48
157
0
88
0
0
0
25
15
0
0
0
0
0
139
150
0
76
32
1594
8
485
0
28
43
0
0
0
3
8
0
0
2
0
0
3
37
2
0
0
31
7
175
0
143
32
523
34
4
1313
40
122
0
0
0
0
5
0
424
0
52
14
2
0
21
1
4
0
16
0
36
0
1
2
60
78
782
16
12
87
0
15
21
23
0
0
164
1
0
32
201
0
0
0
499
0
452
1
0
0
12
91
14
2
135
46
0
5
0
0
0
726
7
69
604
348
0
62
0
0
68
43
500
363
0
0
0
44
0
122
57
58
35
2
0
0
0
142
830
0
0
23
21
0
0
0
0
228
0
591
891
199
0
0
834
0
916
0
0
6932
0
0
2
0
43
10
7
0
0
46
0
146
69
0
233
12
64
2
0
353
0
3
205
277
2
0
0
91
11
221
0
1
2
0
8
0
0
0
0
0
19
0
0
0
53
0
102
1
0
242
0
361
95
0
89
0
4
159
0
0
105
6
2909
0
0
0
542
260
3
0
19
3
0
1304
26
213
1
0
0
0
3
95
26
5
19
0
0
0
13
0
2465
13
0
0
0
117
6
0
0
0
0
0
24
1
1
278
0
5
39
0
4
0
1009
0
94
127
0
0
0
0
0
357
0
0
13
0
42
0
588
0
0
0
1920
22
103
0
0
0
111
51
23
0
6
0
10
1
0
314
11
954
0
0
0
181
26
0
156
215
0
119
0
0
0
0
0
37
97
33
4500
275
0
0
0
0
236
1
0
0
437
11
0
552
24
0
7570
23
247
60
3
2
0
0
0
70
13
29
1
0
77
234
23
17
0
184
0
14
51
12
0
0
0
0
0
49
0
0
0
0
0
582
0
1
0
0
0
0
27
1
0
0
45
3
653
0
0
2
0
761
1
2
0
5
0
69
0
62
212
0
0
0
0
0
0
0
0
0
0
0
0
0
0
0
0
0
0
30
0
0
0
0
360
0
0
0
0
0
13
13
0
7
0
97
26
0
724
0
0
0
0
0
0
0
0
0
0
108
0
0
3
0
0
0
61
147
0
0
0
0
0
9
1
7
0
15
171
49
0
0
0
356
5
0
12
53
0
0
57
34
0
0
115
34
4
3
0
0
920
273
0
2
107
0
48
0
110
46
0
4
80
4
1101
113
0
42
0
0
0
1
0
287
0
0
0
0
0
0
0
0
0
199
4
49
0
0
2
0
1
0
17
186
0
9
80
389
0
0
185
0
0
0
216
0
0
3
207
5
0
0
0
0
623
0
0
4
0
572
0
0
0
0
0
0
2
0
0
0
0
0
0
4
0
49
0
1105
0
2
469
13
0
146
0
123
347
16
63
0
0
21
0
1456
1
0
0
0
27
6
0
5
0
2
0
19
0
0
0
0
181
206
173
0
35
0
103
0
0
0
0
0
0
0
955
3
0
7
0
0
0
0
0
0
31
0
1
268
100
240
130
1
28
0
0
0
14
0
546
0
1
194
0
0
0
0
0
0
0
0
219
0
0
0
0
0
557
0
13
0
0
453
0
0
0
17
0
0
36
0
0
0
92
90
0
0
23
365
0
0
4
0
191
56
215
1
24
5
3853
0
0
167
0
3
2
0
0
4
0
0
73
17
1
14
0
0
504
0
0
12
1817
0
136
32
50
0
0
157
0
0
11
0
198
706
0
48
0
0
0
0
0
0
0
2
189
0
0
0
0
0
0
0
138
8
263
0
0
0
26
10
1432
0
34
0
0
0
1
10
0
7
0
0
1310
110
0
0
0
0
4
2
52
166
0
329
0
0
0
9
0
4
19
0
4
0
0
197
0
63
30
0
68
55
0
1102
0
0
18
0
141
0
225
0
81
30
0
0
0
12
0
0
2
0
4
0
2
0
0
26
0
100
713
3
239
0
876
0
294
0
0
15
0
16
236
0
98
68
27
0
2
88
0
6
0
0
51
38
46
2
2
0
5
0
1
0
4
0
0
107
0
0
439
0
0
0
0
0
0
0
0
0
21
10
34
3788
120
0
64
0
2
0
74
0
0
0
3
0
0
5
0
0
0
0
3
69
371
7
17
0
7
0
285
0
0
0
4
0
0
1
2
0
0
2
106
264
0
1171
0
21
136
1285
435
6
0
0
0
5
141
254
0
0
0
0
0
80
0
0
0
11
0
63
78
43
2701
0
0
7
86
453
4
0
4
7
182
0
59
0
890
0
0
16
0
0
0
19
0
187
1
266
17
109
0
376
2862
292
0
8
0
10
0
0
3
0
100
0
0
0
115
0
183
0
2
0
800
210
21
0
0
7
0
0
3
56
0
20
171
0
3
6
725
20
32
0
5
0
0
0
1348
0
60
0
18
716
0
0
3089
1
206
0
233
0
0
9
0
0
1883
0
1413
0
0
0
851
0
0
1
109
0
20
1153
0
4
1
12
1628
0
0
0
80
0
3
0
0
0
0
90
0
0
20
29
131
0
0
0
151
573
6
2
0
0
7
0
0
203
1
3122
0
0
8
0
0
0
0
19
1
0
0
881
0
573
0
0
470
0
0
0
0
21
94
0
0
7
0
233
0
4
0
131
4
145
1
209
0
0
0
0
4
0
0
37
0
0
88
0
9
5
716
0
0
2
44
2
0
95
3
0
11
0
38
16
0
3
0
0
0
635
32
0
0
0
2
0
0
0
0
0
229
182
0
62
202
4
0
145
0
79
0
20
0
20
0
0
0
0
34
6
0
4
51
0
16
359
0
0
2
31
135
18
5
0
487
0
15
0
2
0
4
0
5
5
413
0
0
0
3
93
0
0
12
0
25
9
0
0
0
8
12
2
975
20
0
122
75
0
0
15
54
0
1706
1165
40
96
31
594
95
0
0
15
0
20
352
0
75
0
2
2
6
0
1
0
1
0
1
56
0
0
0
2
1
0
0
0
0
0
0
212
0
14
2
72
0
0
0
0
0
0
0
0
0
288
0
2571
14
1
10
0
286
0
0
0
0
0
0
0
42
4
0
376
0
2
0
0
2
118
0
531
42
0
0
35
0
0
2
32
0
0
4
2
0
0
44
5
0
0
0
8
32
29
0
12
2
28
5
0
50
4
0
0
26
28
0
0
0
0
32
205
0
19
0
0
0
70
0
0
8
0
118
0
2
252
0
0
0
15
0
0
431
0
0
0
1
0
2
0
674
1354
2
20
0
0
58
240
0
0
0
0
42
321
0
215
749
0
0
0
0
0
121
0
0
0
3
0
0
41
0
24
5
598
1
0
0
0
270
0
0
3
0
0
0
1
268
58
1
0
56
0
130
0
0
472
0
0
166
8
218
96
14
0
110
0
0
3
60
17
1
5
0
16
24
65
0
0
0
0
0
0
0
0
0
177
0
0
30
101
0
0
44
0
151
50
30
0
0
0
0
0
0
521
0
106
1
62
0
0
204
0
0
0
0
341
0
18
35
115
1
656
1
0
62
152
147
179
111
0
0
135
0
913
0
35
7
84
4
0
46
99
0
0
209
0
156
0
0
0
0
0
0
9
5
126
0
1
0
7
0
3
0
0
385
0
0
155
4
321
44
0
535
1372
11
0
0
0
0
555
160
0
0
0
0
0
0
0
0
462
92
0
0
0
0
474
0
133
5
0
19
21
0
0
0
147
0
47
69
2
0
1
238
0
687
0
45
2008
2635
6
68
0
0
2
84
17
0
677
68
13
0
0
31
108
18
0
345
0
0
139
0
2
3
0
0
0
8
0
0
0
0
48
0
4
1
18
0
13
0
57
0
100
0
10
300
0
4
133
6
0
3
22
104
0
0
0
0
0
47
1
0
2
1
0
0
0
0
26
75
149
23
6
0
0
0
0
0
0
960
0
0
4
0
648
0
0
2
33
0
1
4
0
121
0
6
0
0
0
22
9
3
3
0
379
61
0
1
0
0
0
0
13
98
58
0
1450
0
38
168
0
0
57
0
14
37
0
0
0
0
0
0
0
30
0
44
41
5
0
30
64
0
1
0
0
0
7
106
0
0
6
0
35
0
2
16
105
0
118
0
14
15
0
476
0
0
0
421
68
19
0
0
0
0
21
0
550
0
546
66
0
44
58
15
473
0
15
104
12
0
0
281
34
0
186
7
0
180
0
8
0
2994
0
0
0
15
4
0
0
0
221
0
0
0
240
0
0
0
47
671
0
0
0
0
281
3
0
17
0
0
0
0
0
0
46
0
20
277
0
0
404
0
1
194
0
1360
4
335
20
0
3
17
4
57
232
0
52
37
0
11
380
30
15
0
0
0
0
2
204
53
0
0
0
23
387
58
7
1194
3
0
0
1
8
3029
0
145
114
0
19
231
5
783
65
0
0
102
195
0
0
0
0
0
0
0
45
792
96
1640
12
1071
352
241
0
112
0
6
0
0
0
254
0
6
0
365
21
0
8
0
23
47
0
2
6
26
1280
264
30
0
0
5
73
0
0
1
0
0
0
35
0
319
97
0
4
0
16
16
7
2
0
0
4
0
1
223
0
7
22
20
0
41
0
3
346
0
1243
3
9
84
24
740
11
0
15
0
11
0
0
0
0
0
2
0
20
669
0
35
3
0
0
1
0
0
32
92
11
0
0
3
0
0
0
93
64
12
84
27
195
0
3
0
0
0
0
158
44
188
0
0
68
2
80
0
149
0
654
44
0
0
0
13
43
27
33
0
3772
29
1
0
3
3
0
6
322
6
0
0
0
21
277
0
0
28
0
1064
0
859
667
9
76
326
89
6
75
18
48
0
271
798
163
4
590
0
0
0
241
4
0
0
1
249
205
789
1964
0
125
0
558
0
0
0
0
0
0
0
25
0
0
0
2544
281
63
0
611
307
2
10
31
1
982
0
0
0
0
0
6
27
22
0
0
763
7
46
3
37
0
0
303
580
0
15
6
0
706
1
534
0
2
148
87
16
67
0
0
0
0
0
0
0
18
114
23
0
3
3
548
1353
0
1
3
25
1
36
5
797
0
0
232
0
0
0
0
4
0
361
0
0
0
1
104
0
0
3
1257
0
109
106
111
80
0
0
156
1
0
2
31
0
27
0
11
0
1052
2949
2
222
0
6
0
178
103
77
0
256
0
0
5
0
89
0
0
0
0
0
2
0
88
31
148
68
60
133
13
7474
498
23
0
61
0
0
0
3
0
0
28
7
0
0
0
92
116
25
2
2
2
20
0
103
33
621
0
8
5
26
1
12
0
1
0
0
3
249
0
12
0
1
424
0
0
0
14
0
341
778
0
0
0
274
0
70
370
72
672
429
0
114
0
185
2
0
0
3
38
0
109
0
0
504
0
0
0
1
0
0
0
2
675
9
19
447
0
5
12
0
223
0
0
2
0
18
0
0
24
6
0
0
142
51
210
0
0
588
0
0
404
0
0
0
0
0
0
0
0
29
0
0
0
12
0
106
0
0
0
0
2
0
0
0
0
88
0
0
2
0
1
0
36
0
0
0
0
0
4
0
850
6
0
169
0
0
34
0
0
1
470
0
0
173
1
0
0
3
0
0
202
3
32
0
174
78
2
0
12
0
0
0
0
0
0
20
0
0
0
34
0
0
152
56
50
0
6
376
714
0
0
8
0
590
0
0
0
42
82
1143
0
0
38
0
0
1
30
12
10
0
0
0
0
0
217
2
0
384
0
296
0
221
0
7
59
8
31
531
0
930
7
2
0
0
112
0
0
163
0
24
0
0
8
0
731
2
0
6
0
1
1
0
36
0
0
550
0
0
0
0
0
0
1
166
61
29
0
0
25
2530
413
0
22
0
0
0
4
0
0
0
9
24
20
13
47
1391
0
0
0
618
1
28
0
0
0
0
696
322
0
2
0
160
0
0
12
112
0
0
0
0
3
109
0
0
4
0
0
3
0
10
0
0
799
12
47
0
0
0
0
8
0
0
0
5
0
1
0
0
22
0
0
182
0
0
0
0
0
0
0
0
0
0
0
0
1688
0
0
0
87
0
53
76
127
0
4
11565
0
0
0
139
7
0
1
0
0
0
0
0
0
0
164
2
0
0
13
0
0
1
0
0
0
0
0
0
0
130
0
0
0
7
6
2117
11
34
0
0
0
0
0
0
0
2500
539
214
87
17
0
0
67
0
124
32
460
370
22
584
524
643
0
157
87
0
8
0
0
3
0
0
414
0
0
0
0
33
17
325
0
305
9
128
0
0
0
0
22
66
2
0
0
0
75
12
14
10
100
0
2
22
19
0
0
0
0
0
0
1
0
0
0
2
2
0
0
100
30
0
0
0
1202
0
0
0
2784
202
0
208
0
0
0
0
6
445
0
0
837
13
0
437
0
0
73
11
0
0
0
0
1
288
0
0
1
3
0
0
337
388
0
0
0
0
0
3
0
0
0
168
4
0
0
25
0
0
0
0
717
6
0
451
4
0
0
164
0
8
123
0
0
42
0
0
0
0
94
0
0
0
53
8
0
0
6
0
0
38
10
0
0
0
0
57
0
89
0
0
0
0
1020
0
994
0
0
2
0
0
0
0
0
202
662
0
0
0
8
0
155
0
1
0
56
79
7
2
0
245
0
0
126
41
0
0
1
0
0
1960
0
0
0
1121
0
0
1
50
0
138
2092
0
0
1
10
0
0
0
0
0
0
0
117
80
0
0
7
0
0
0
0
0
0
0
731
0
80
0
44
0
0
0
0
0
0
0
0
0
0
0
0
4
0
0
0
0
0
0
389
0
139
0
0
0
40
0
0
0
1844
0
2140
0
546
0
0
0
0
0
24
0
20
0
0
0
0
0
0
17
3
0
0
0
778
61
0
0
264
0
0
0
0
0
0
0
1
0
0
67
0
166
30
0
0
0
16
0
16
0
0
5
72
1
0
0
6
3
0
0
0
0
0
0
0
0
0
0
0
0
32
166
37
0
0
0
0
1
0
0
0
410
0
0
0
31
19
0
12
0
4
0
0
1
106
2
0
0
0
0
1544
165
0
225
0
0
0
0
0
0
0
0
76
449
4
306
0
1
0
363
564
0
23
136
0
0
0
0
0
5
2106
3
5
0
0
7
1267
0
615
9
0
0
0
588
0
0
0
0
0
435
0
0
0
0
0
0
9
0
0
0
548
189
0
0
0
1051
0
7
183
0
607
0
0
0
0
0
0
0
36
0
0
0
0
0
0
0
2
0
100
0
37
0
23
1021
1
1078
0
14
0
0
0
14
0
0
5930
0
0
0
0
0
0
0
0
0
16
0
0
0
0
0
375
0
292
0
0
5
0
783
89
0
525
0
0
756
0
22
0
0
0
0
1832
0
0
0
0
0
0
1252
10
0
83
5
0
0
0
0
0
80
1
73
0
1
4
0
101
1
0
135
0
0
1
0
0
0
0
0
18
345
1
0
0
0
0
0
0
0
0
8
102
0
0
0
0
708
0
0
0
4
0
114
0
0
0
0
0
0
0
0
0
0
0
2
0
4
521
2683
350
0
0
0
0
299
0
0
0
0
0
1
0
0
0
43
0
163
19
0
0
105
0
0
0
0
1592
0
0
130
0
0
2
98
0
0
61
0
9
0
8
631
372
24
8
0
25
0
29
0
47
0
14
0
107
0
535
0
0
301
2
315
316
45
0
0
4
310
3
0
198
96
0
259
6
0
0
38
0
686
0
0
0
1
0
1322
1341
846
6
0
3
0
0
0
530
140
175
0
300
2
0
2
11
61
0
0
76
0
11
49
28
0
9
90
23
0
0
0
82
8
79
656
49
76
126
0
0
5
167
0
85
2
0
22
1
6
4
2
91
9
1
0
14
1
47
0
58
1069
0
0
2454
5
0
83
1620
0
11
73
0
0
0
9
10
0
0
0
0
0
0
4
46
41
2871
329
0
579
10
114
1247
26
0
41
0
0
0
0
0
71
11
54
5
0
0
22
168
708
0
0
577
1
110
0
44
0
72
134
118
12
0
57
0
282
0
0
0
0
90
0
20
63
183
29
0
11
238
17
178
407
38
0
0
95
1144
4893
0
0
12431
57
339
0
1
0
0
118
255
0
38
24
551
0
0
0
348
0
262
0
0
2033
9
135
2085
0
0
4
1962
0
2
56
112
127
234
617
0
1
355
91
22
0
68
25
0
117
1015
0
0
7
112
0
0
0
2
0
0
7
0
0
12
530
30
319
68
217
1024
0
11
91
0
38
1
891
0
203
17
461
0
4
0
97
0
1569
580
3736
0
0
96
177
0
402
163
0
1
0
18
0
801
0
107
0
52
595
15
0
0
2
551
0
0
0
132
0
128
0
1
15
0
39
48
0
175
0
492
37
0
76
18
0
1183
0
1517
0
142
0
0
0
15
418
373
12
0
3
574
0
585
0
0
398
295
13
0
1
83
219
2
129
0
1
0
231
62
0
0
4609
1
1
407
9
125
65
180
4
0
23
19
7
118
0
71
82
4
233
866
188
47
8
838
118
0
663
30
0
108
0
9
9
73
7
0
91
133
951
16
1
0
0
0
1063
128
528
129
709
3
22
0
0
0
45
533
42
5
1
51
50
0
2
33
193
1034
0
2
204
0
276
26
142
14
0
0
33
33
455
0
0
77
2
11
208
27
0
93
0
70
20
21
0
0
29
19
408
0
0
0
0
15
8
6
256
11
0
0
28
0
0
2
117
2707
3
0
0
0
45
954
33
122
3123
237
11
0
0
40
41
0
407
11
124
52
23
20
13
0
8
326
36
0
24
12
0
252
0
6460
0
250
30
0
0
106
14
0
0
46
0
6
110
18
0
152
5
0
22
0
16
165
0
0
43
788
0
2
53
44
0
1
334
821
0
4
57
0
0
0
681
49
9
0
32
0
0
0
209
36
346
0
51
0
6
19
4802
0
4
1
7
675
29
0
0
0
21
145
0
163
127
0
0
620
986
3
0
6
8
0
0
21
0
2101
43
636
712
0
5
0
841
0
0
0
59
27
0
161
0
6
90
0
0
5
457
144
132
289
226
0
0
0
0
193
0
0
299
84
0
156
0
1
0
505
535
1852
239
0
268
25
12
885
0
2
3
30
0
406
376
147
6
696
46
0
250
1
0
43
0
1451
0
40
89
308
41
481
20
0
5948
1
0
0
22
0
0
1163
0
158
406
338
0
89
0
74
26
0
41
5
131
4260
0
0
0
509
0
204
23
144
0
22
63
4
137
2
4
0
0
0
1455
0
109
0
0
0
1
33
109
1016
0
4
0
1
0
0
0
0
0
973
775
0
0
17
0
0
101
0
0
3
1
0
0
93
9
648
269
0
15
0
33
83
230
42
0
0
110
0
0
5
3
2396
17
0
0
322
1
6
480
0
105
0
4200
282
0
22
0
0
304
0
0
0
29
45
70
0
0
101
167
21
0
270
255
0
0
0
2174
14
19
60
350
9
30
0
54
0
109
6
0
0
0
115
411
0
526
211
0
6
0
0
0
417
515
1
82
0
0
146
151
133
0
181
0
161
73
69
0
9
9
0
10
5
2
0
0
3573
28
5
1
0
0
0
1204
91
214
102
0
0
42
54
25
140
2
0
2
0
0
0
0
711
0
0
25
15
66
104
619
1
0
166
0
1712
1
252
0
129
0
116
22
172
0
171
31
104
4
10
0
847
142
33
0
448
476
0
201
0
11
0
1
0
0
460
81
0
474
0
2
130
0
0
0
885
72
0
1
0
54
872
175
0
0
0
32
0
0
3
177
3
1
0
17
2
87
0
0
0
272
12
2
0
1050
0
38
7
14
0
0
11
513
0
0
225
0
0
0
0
0
36
12
4
4
38
0
0
18
0
0
9
3
0
0
69
30
855
0
2
2
0
15
4
2
0
0
0
8
6
0
36
11
0
0
4
0
5
0
1
17
0
0
24
0
0
130
0
0
2
1
19
0
5
1
7
17
10
0
0
4
0
12
1011
0
0
0
0
59
27
64
9
0
0
75
313
0
1050
194
5
170
0
57
2
163
5
9
125
2324
11
0
0
128
0
0
961
2
274
0
3
42
0
66
255
0
373
11
193
7
0
106
84
31
0
0
22
1474
24
14
107
45
0
1130
5
631
2770
0
0
85
39
0
4
26
263
13
9
30
1023
44
94
41
0
123
261
323
12
0
0
569
0
1
0
0
0
9
0
0
4
0
63
94
20
337
19
40
2
10
180
29
39
4
0
23
842
8
88
0
32
6
0
14
557
0
98
4
0
0
2
679
0
0
802
2
2
39
0
0
77
18
1632
0
355
3
99
418
23
0
0
0
1
0
1955
0
0
0
0
748
0
0
1023
556
4
0
121
1
15
282
152
2
57
198
0
0
323
19
0
0
0
0
0
21
100
0
104
250
0
0
238
1870
39
2042
3
13
0
1067
0
258
4
5
43
13
5
0
0
2
0
15
0
45
11
185
0
624
60
380
1185
206
702
2
0
2099
0
0
0
2
196
535
2
0
0
0
0
0
2
0
0
0
0
0
0
49
18
49
52
157
0
0
0
150
0
0
0
0
6
0
51
0
143
0
8
0
1
0
0
20
365
4
0
0
2
0
2040
162
0
0
0
0
93
0
10
0
638
0
0
70
724
0
1063
18
0
18
0
130
0
8
0
0
0
0
7
65
24
0
0
30
5
2
160
0
44
0
6
0
2
462
7
0
23
0
0
80
0
163
220
450
0
0
0
96
521
0
22
0
0
1
0
74
0
0
203
0
1
0
0
0
204
0
13
352
181
48
0
107
79
224
0
0
17
259
27
90
0
0
0
0
7
88
110
762
0
3
1
0
12
0
0
0
0
1
0
0
0
260
42
0
2
24
217
0
55
15
0
4
4
212
0
268
0
252
131
0
6
4
0
0
5
0
54
0
0
9
119
45
0
7
32
366
5
43
0
52
0
0
0
0
0
0
0
24
0
6
10
0
0
0
47
0
6
7
0
0
28
0
6
0
6
4
195
0
0
450
3
5
38
4
7
1
16
0
0
0
1
11
17
0
24
75
0
0
0
56
125
49
236
0
0
42
0
11
0
3290
0
127
53
1114
0
0
1456
281
0
0
0
815
4
0
4
21
3
0
0
23
0
86
0
16
331
84
646
0
1
4400
140
0
14
0
32
27
0
0
461
0
2399
0
0
388
0
36
0
0
340
0
0
103
0
279
7
2
11
83
13
33
0
0
499
71
2
0
214
2
153
3
119
13
209
8
3
0
0
0
0
0
251
0
0
344
516
3
0
516
0
0
0
0
0
0
0
856
4
412
10
207
692
28
147
0
113
1
13
517
0
0
29
42
1
0
345
0
59
1
0
9
821
0
3107
0
930
39
0
462
0
0
381
0
283
754
0
4
108
270
139
49
2
0
0
57
274
0
5
0
24
322
5
3
0
0
9
839
0
70
1287
86
524
79
18
1011
53
22
6
245
1525
0
0
583
530
48
0
761
294
103
2
0
0
2
2269
1750
592
25
195
0
92
8
0
0
988
1
128
0
291
98
0
34
4
24
484
134
59
160
0
0
105
10
0
0
0
304
0
91
526
25
1
0
0
40
269
0
27
0
0
436
0
706
47
6
0
0
972
0
172
560
3
0
106
412
203
523
123
2
0
0
1104
0
1604
192
0
0
0
1
2437
0
1264
113
1823
54
219
443
368
0
212
0
0
2
0
10
182
99
163
0
19
14
6
547
0
0
554
19
1
0
83
158
75
295
1
0
12
3538
0
2
18
2
48
0
418
453
0
32
102
0
116
13
0
0
5
190
330
4
0
1
0
103
0
1
17
51
0
395
0
10
0
0
0
0
20
0
113
3
12
0
95
0
132
0
6
83
9
10
57
18
779
0
5
0
0
178
226
34
550
18
0
0
165
0
17
0
388
230
0
0
300
76
0
98
108
231
2
126
0
0
0
0
0
4
207
530
26
2
4
222
364
0
52
0
26
29
146
226
281
625
1904
0
224
270
0
1
0
37
53
0
391
0
118
194
63
0
90
0
91
747
1161
611
0
1872
1377
0
0
0
0
275
0
0
1
142
34
0
0
0
0
0
5
2
3
88
2185
86
86
3
19
1880
2
1925
0
0
219
0
5
0
1
0
288
15
2
552
2047
2
28
2
0
241
282
0
0
9
0
0
46
0
97
0
249
11
287
13
0
1
490
161
0
0
253
15
0
0
0
0
64
0
4
0
0
0
2556
780
85
137
37
0
9
0
0
35
21
840
19
318
307
0
120
70
35
174
0
94
0
0
0
16
0
346
48
21
50
74
23
87
0
0
0
0
0
0
42
84
757
0
0
0
0
4
0
0
0
78
8
46
0
741
6
206
119
0
6
151
2040
16
19
25
0
0
10
0
59
49
20
0
923
0
981
229
9
0
163
38
148
12
6
0
120
7
150
474
0
0
0
1191
0
0
0
0
149
5
67
182
0
0
6
0
138
19
0
1310
0
3867
10
93
536
17
0
1307
1
0
0
230
0
0
0
0
154
0
347
77
0
225
21
0
28
776
176
44
0
0
7
53
1
1
0
22
225
5
0
3
9
55
0
0
193
161
3
0
21
0
10
0
4
2
1
1277
7
21
0
0
0
21
0
52
0
514
0
0
201
8
312
0
2
0
222
0
43
10
35
56
0
1364
69
3
1
1
0
0
0
0
129
264
31
0
23
1
0
10
155
0
6
19
9
0
15
0
141
555
2506
38
471
0
1
13
0
34
0
10
7
1924
0
60
204
0
3326
7
0
8
67
0
204
26
0
34
0
2
81
32
0
4
3
16
0
4
0
20
0
0
0
0
367
373
14
805
458
0
881
0
0
0
58
189
5
15
35
0
38
2
68
164
237
1652
0
0
0
0
37
1701
176
3
204
1899
39
125
0
2109
183
36
0
1
1123
121
1757
0
0
3
0
104
0
1628
13
66
414
0
11
418
319
0
11
133
1350
0
0
33
7
2
19
363
4
22
2
4
0
511
117
0
0
82
2
6
0
0
0
74
0
5
372
120
35
0
1152
0
0
74
46
0
3
1
20
0
765
0
982
0
89
0
491
11
240
2
28
0
1
0
7
0
0
0
0
23
45
1
1000
0
37
0
14
87
51
0
39
5
316
42
37
88
0
0
0
248
697
0
0
66
0
12
0
2
0
1134
0
116
687
0
19
93
453
0
0
0
0
260
31
25
0
9
0
0
0
0
0
6
78
195
71
3
16
16
0
1
0
0
197
2
0
1
112
181
95
0
0
107
0
0
0
44
0
3
118
21
48
180
0
7
0
335
0
0
1
0
2
133
32
5
0
387
44
320
13
354
15
17
9
11
45
224
0
0
5
0
367
96
26
180
238
0
59
280
0
0
1
0
159
0
22
58
2
0
514
0
76
11
15
1
48
249
0
894
0
329
28
0
2240
34
652
2
458
0
0
823
179
6
0
29
375
0
46
4
0
128
70
3430
31
0
0
0
0
3
945
2672
50
80
0
748
0
608
151
0
0
1046
0
113
7
14
882
121
475
82
301
4
0
102
897
37
0
0
0
0
4
451
0
53
42
0
27
3
235
35
323
611
11
105
0
102
0
325
3562
111
0
609
134
50
14
0
62
8
819
15
0
6
8
0
0
0
248
0
8
0
3
73
7
0
0
22
2
326
0
15
0
428
0
383
0
345
0
0
23
31
0
1
0
542
5408
49
84
45
703
3
744
73
390
2810
12
106
0
46
266
36
0
60
0
27
0
1
4
39
497
16
0
0
0
0
425
59
197
0
55
993
758
7
0
0
0
61
361
0
120
0
632
312
156
31
483
32
69
0
0
676
0
0
0
0
183
0
0
0
103
0
0
13
961
0
0
0
275
865
212
20
234
47
1591
0
120
32
0
6
38
20
3
0
21
258
22
0
0
454
0
957
0
53
0
0
3159
0
1
13
6
0
4
0
130
229
66
0
32
0
1
97
79
4
5578
2821
2
644
101
1
0
0
202
420
55
0
0
0
68
5
1527
26
256
96
7
180
0
759
38
28
126
0
2
0
28
1193
0
24
3
0
10
1785
95
7
397
0
0
0
0
2
0
55
259
0
13
183
0
3
0
11
516
0
19
150
122
515
0
0
13
10
23
981
114
0
209
31
0
39
0
0
0
615
132
0
379
0
1018
36
4
511
285
0
0
3
484
0
92
0
0
0
0
586
1
0
38
1
0
0
0
0
24
66
30
1619
0
2
0
46
0
0
2
719
0
0
0
0
0
1
309
0
0
0
0
36
0
0
0
0
1057
8
38
0
102
0
0
0
1158
0
2
862
0
0
0
482
42
687
16
0
0
49
163
55
0
191
795
0
0
0
48
1
0
16
2
4109
0
22
83
49
0
0
0
18
3
360
28
101
605
733
0
3
465
519
0
0
0
25
328
0
155
0
88
257
9
45
18
0
15
1
12
0
144
0
15
0
1
89
33
44
120
0
202
840
43
0
301
0
130
0
254
148
295
0
0
85
821
0
85
5
4
0
339
0
2
0
22
367
6
0
117
111
592
24
112
0
183
0
42
617
203
0
0
0
322
221
1058
98
0
33
0
12
0
2
8
0
2
0
0
0
202
36
0
0
0
727
48
1
27
6
1
5
728
20
0
6
0
434
1569
84
2490
0
0
0
0
0
221
0
0
51
12
615
0
0
23
0
0
0
179
582
0
0
976
0
0
3
0
0
0
18
0
0
10
0
4
23
89
0
61
96
0
20
0
0
1
182
0
314
468
0
149
2
66
5
10
1
93
0
160
102
3
241
18
0
48
0
4
79
174
0
0
103
0
0
0
221
0
4
0
1255
141
17
446
0
0
0
10
261
133
27
95
5
0
4
0
0
0
208
951
0
801
16
83
13
95
2
0
104
365
1
0
4
188
18
29
0
38
312
167
1
264
96
0
3
11
0
162
853
487
0
9
521
0
774
0
0
0
9
305
33
557
0
0
0
0
0
0
66
0
0
0
94
0
0
0
117
0
0
332
0
0
0
2636
0
32
409
0
186
0
7
0
0
79
0
20
1
99
80
460
0
362
0
206
0
2
0
0
2
0
64
0
11
0
12
0
0
0
10
1
333
160
1520
0
16
12
92
4
1553
0
34
0
0
0
276
0
189
0
0
221
0
98
2
0
3
0
589
156
85
86
176
50
0
0
1
0
19
0
8
63
128
37
2
4
1
5
70
95
24
346
11
384
0
17
173
0
1580
0
111
0
0
778
5
162
34
456
0
15
0
32
84
3166
139
6
34
0
0
0
0
0
70
323
168
2
459
161
127
0
328
116
58
139
0
18326
15
57
0
272
390
218
3754
0
268
19
13
32
40
0
191
21
0
436
28
0
257
109
9
255
0
0
3
543
4
32
60
14
57
6
3
1
0
2
0
0
134
107
119
0
1026
0
0
8
0
83
475
33
42
2976
4
3886
2
0
57
0
1
6
7
1
0
0
519
171
7
0
29
247
769
3
65
252
331
0
212
0
0
4171
18
0
0
0
0
1
0
0
187
0
0
39
1609
32
380
25
0
612
796
930
150
143
0
125
459
1
0
32
31
962
0
0
769
54
0
8
0
0
0
126
17
544
0
1
40
1
11
3
2953
273
1
0
0
3
316
8
0
1
55
0
0
0
26
118
1370
21
299
381
0
0
0
60
0
0
4
9
0
306
0
0
288
783
75
0
460
706
71
74
47
6816
6
0
0
6
2798
0
0
0
16
0
0
0
2
2
118
34
0
7
0
378
2
0
164
681
0
1131
41
50
10
0
0
3
62
16
7
0
1
0
0
23
0
0
0
287
204
27
0
169
414
0
0
222
58
0
153
205
4
6
20
0
1
0
0
372
950
0
0
5
375
41
0
389
0
2633
18
0
0
305
0
3
75
61
0
158
31
87
1234
220
0
0
20
0
4
0
0
123
6
0
99
0
8
2
475
0
53
5
0
9
0
63
49
141
49
0
0
88
0
44
0
3
0
9
4669
35
3
9
77
0
119
0
3
67
31
49
69
973
0
0
85
56
57
97
0
85
23
0
5
1464
86
56
53
0
10
0
0
0
0
11
6
62
2
6
0
0
70
166
512
37
0
2
136
194
200
2
229
0
38
5
0
108
0
0
8
1
0
0
25
18
0
117
16
0
0
1
0
0
456
0
355
9
0
0
71
14
437
19
1300
31
272
0
6
90
0
0
1
0
0
163
0
8
4
0
0
0
15
757
3
0
0
0
1070
0
0
151
0
936
176
0
1201
0
2
2735
0
162
8
0
0
20
0
7
14
38
0
4
4
124
945
236
100
1178
0
17
92
485
24
1449
52
7
19
231
402
27
1943
17
33
44
0
0
0
37
280
467
6
548
328
6
0
0
346
0
0
0
21
9
2315
12
0
0
54
1108
147
6
21
0
8
0
105
0
1074
301
44
43
311
0
117
0
5
1
9
1185
701
1288
0
418
0
132
81
85
0
0
2
0
2
0
726
0
207
168
0
13
3806
71
208
56
242
29
0
19
26
3018
0
0
0
156
0
119
790
122
0
119
7
362
4
26
0
608
366
7
0
6
88
345
0
11
0
45
15
0
0
31
0
0
1
0
0
397
1
2205
0
0
53
2766
0
69
2
3
35
0
121
0
7
25
591
19
5
446
146
57
163
0
5677
145
39
14
0
0
31
0
0
200
0
0
0
56
84
4
475
0
6
25
9
0
94
0
1568
24
102
382
180
729
0
260
0
91
0
1327
35
437
0
0
0
0
6
583
23
0
3
557
26
212
0
569
363
224
105
80
25
0
19
0
6
2
0
0
139
0
0
538
0
3
119
609
51
0
0
7
39
0
0
0
73
422
11
0
863
119
310
0
0
1
153
0
0
92
229
9
0
0
207
1
1
47
6
6
135
22
2
4
51
4
507
0
67
0
0
5
0
0
61
0
28
0
55
191
2
0
374
0
231
0
120
1
2
18
14
181
311
544
0
0
3
115
0
0
81
0
404
160
4395
0
15
41
45
109
73
0
2
0
88
36
0
0
0
0
0
7
0
0
274
83
2
8245
1976
1
0
0
0
430
0
69
0
713
177
0
1
1673
507
0
0
6
284
23
0
0
64
13
0
204
2131
0
875
0
3
340
792
103
33
0
0
3
647
1577
3
83
0
596
0
0
0
3527
960
3
0
0
952
248
1
376
2
2
6
0
7
129
459
0
218
0
2
0
6
9
0
42
32
0
35
2
88
0
0
77
31
30
0
646
0
123
0
48
0
15
1332
1
0
1
34
33
0
337
2943
4
162
49
19
297
36
0
0
61
2
11
529
0
33
3
0
0
4
115
277
294
0
0
84
254
210
51
0
219
89
483
4
0
167
49
31
0
20
14
64
191
2
215
0
37
8437
661
148
0
138
0
412
201
0
0
155
214
35
31
12
14
1
1
0
0
7
3
0
15
652
167
97
0
0
3
0
90
14
988
0
0
0
0
0
0
85
1503
0
56
28
0
72
0
0
574
162
0
0
13
0
15
548
55
33
8
154
0
1
74
0
0
26
1
25
122
14
0
0
564
9
0
0
0
681
0
9
149
0
0
106
22
281
0
4
9
89
0
96
0
0
0
0
682
0
0
259
33
35
3
1027
0
31
2
156
41
16
1
3
5
3
1194
47
0
2
4
0
26
0
0
357
27
48
213
0
6637
64
9
199
5
34
0
0
135
60
145
0
147
0
4
83
1070
2
112
22
25
199
41
0
0
83
0
0
0
277
1316
0
28
146
141
238
1
0
0
0
47
13
2574
0
70
0
10
538
52
83
265
6
90
0
26
0
0
29
0
0
0
164
106
0
4
2010
0
0
0
0
51
214
9
0
333
0
23
43
477
453
1
152
0
30
548
48
507
0
0
12
67
0
0
0
255
7
768
1087
0
11
0
0
33
11
80
0
0
223
60
133
0
0
74
15
872
0
0
110
0
8
3
0
537
24
480
1
0
0
0
16
0
582
524
0
11
26
68
422
84
0
0
4
75
5
23
6
1221
0
304
0
127
0
2
0
1
0
770
553
18
4
47
0
0
515
0
0
55
0
5
0
7
0
132
0
0
17
3
0
2200
293
3
626
0
0
0
940
0
12
0
61
0
0
19
0
28
0
223
913
2
1
1494
0
0
0
45
245
0
123
20
0
2
0
0
448
48
20
4
0
58
0
0
0
6
0
104
15
0
3
0
0
0
0
4031
0
11
2
352
0
12
0
0
1321
74
118
6082
164
0
444
0
2
28
67
70
0
415
0
364
0
0
376
0
99
0
0
23
834
48
0
0
32
260
442
484
55
0
0
193
0
0
0
36
32
19
0
11
0
3
93
14
157
183
0
0
0
20
80
18
2215
0
6
0
60
0
1142
94
47
44
1219
0
191
30
0
148
373
0
0
8
72
36
63
0
0
2
0
68
318
26
30
31
11
1342
12
0
174
27
393
20
0
575
0
42
0
53
536
24
30
19
544
0
64
7881
3
0
0
203
1
174
142
6
89
178
1161
760
0
0
79
0
13
23
208
17
29
0
27
161
2
0
21
4
4
0
0
0
0
4169
0
0
0
1009
0
93
0
53
2555
0
0
17
0
22
1
0
2
83
73
294
0
0
149
192
106
364
303
31
0
96
0
151
1288
7
248
0
17
1842
0
256
37
0
0
413
10
578
82
8
0
75
0
10
0
0
0
426
0
0
399
215
0
2
0
60
0
141
29
96
2
0
1521
0
200
0
1169
194
0
12
711
0
92
19
8
0
306
0
40
218
1066
2
0
0
1
26
201
0
4
0
449
0
0
0
0
320
0
2463
0
6
53
0
0
0
137
0
32
0
201
0
1
125
0
26
0
11389
0
31
2
0
0
0
99
0
0
0
65
0
0
1
5
784
0
442
158
140
0
0
140
25
0
3
0
0
0
3
343
278
15
0
341
0
0
424
0
603
0
0
207
0
0
48
241
0
907
7
20
0
0
0
0
0
242
0
2
0
1
289
6
0
1174
0
0
6
37
37
0
5
0
470
1
18
0
23
18
0
0
42
422
0
30
61
5
78
2
0
983
2814
0
0
0
0
242
0
195
22
53
0
0
4
0
501
34
29
4
0
438
0
4
115
44
43
4
0
28
0
1
143
14
0
149
816
0
222
0
0
4
182
0
8
2
16
64
12
191
0
40
0
0
0
5
580
0
151
0
0
0
237
0
0
80
20
0
272
116
0
73
0
0
34
19
3
54
80
0
0
5
0
4
8
79
0
0
2
48
3
876
0
47
0
105
0
131
63
475
0
0
27
0
968
41
12
92
0
0
5
11
826
0
0
28
0
19
228
57
405
124
0
0
343
0
36
0
883
3057
2102
4
20
15
228
125
4
5
0
146
14
35
7
139
35
2544
126
437
247
1503
619
0
0
13
0
133
354
0
168
0
7
45
0
3228
0
9
3
29
108
0
3
501
0
33
2
17
0
0
0
244
0
30
0
0
0
3
44
8
0
321
1
96
0
541
9
3
4
2
196
0
21
0
9
65
0
388
321
0
19
3600
30
21
4
0
0
0
342
0
0
0
57
4
13
0
0
75
809
170
0
0
0
0
210
0
1
0
0
3
0
19
28
0
0
0
343
8
0
0
0
684
1028
241
1504
0
0
217
0
0
0
102
1050
201
9
4
151
0
0
52
113
0
0
0
0
5
2
0
7
0
0
0
0
8240
0
82
30
0
28
36
591
555
965
0
0
0
285
0
23
82
0
0
0
57
204
6
0
2
25
1
1146
150
3
2
32
0
3
196
6
0
22
0
44
16
0
12
2183
124
12
184
18
32
257
1426
2
7
0
0
33
0
421
67
758
1306
1
2
21
15
271
0
2
0
148
105
70
136
31
410
0
0
65
0
1525
15
0
1
0
1
0
14
4
86
62
0
86
0
331
240
25
413
0
58
6
98
62
3568
472
1
0
332
0
36
0
1666
0
0
2346
0
0
2
0
0
8
0
0
619
2
0
379
0
0
0
6
4
3
25
0
0
412
0
93
141
11
0
1
923
27
2023
9
58
0
171
581
0
0
201
49
3
14
0
0
113
0
119
0
0
222
4026
26
53
161
718
0
3
5057
0
0
1366
951
0
247
95
3369
3
0
6
329
16
224
8
0
948
0
58
0
0
0
3774
1749
12
2
231
4
711
1860
35
2
1859
0
0
14
0
73
0
2
886
1
0
29
259
381
0
719
6
485
11
21
5
0
47
1
1301
321
244
0
0
26
0
1274
3
1
1183
432
0
0
25
3
335
0
758
169
139
278
0
0
1697
325
176
99
0
0
270
681
430
0
0
332
87
0
6
0
0
227
0
18
4
1571
573
0
0
0
1
11
343
77
0
207
23
0
60
353
0
80
594
0
0
52
57
74
6
76
0
325
31
44
0
157
3
0
0
21
440
0
1014
170
0
1
219
180
120
97
10
31
2
238
0
44
21
0
9
0
0
0
0
0
0
1967
579
48
0
0
0
0
1931
194
32
15
24
8
973
0
0
4
0
332
359
165
30
0
209
335
187
0
68
41
0
4
0
0
0
7
44
733
129
0
12
133
14
42
1
0
10
2
128
2489
0
0
0
19
61
0
79
0
9
35
10
0
502
4220
1200
0
142
0
22
0
2
3
1
0
631
23
689
219
458
1
287
0
784
2
707
0
13
120
36
38
384
635
741
731
0
867
0
21
0
19
701
40
684
52
169
21
98
4
0
24
13
47
182
80
0
216
78
0
1892
83
38
925
59
475
162
1755
38
470
43
0
0
3
3
10
37
1324
2
29
403
0
281
0
0
94
301
873
0
0
0
0
7
0
37
54
2217
0
7
389
998
0
987
83
0
792
2503
144
86
500
44
0
686
0
2577
83
81
200
205
0
0
0
0
3
0
0
5
15
0
0
0
41
0
33
0
0
13
159
0
2
0
17
0
30
0
0
597
2
0
0
574
35
0
0
197
876
0
178
0
695
184
25
67
970
350
17
33
0
0
0
120
320
25
1
1
0
2
0
0
1
0
0
152
268
30
2
5014
0
0
0
39
8
148
0
0
208
0
186
120
55
0
0
0
1154
33
0
9
0
5
197
571
0
0
99
0
577
0
426
1
2233
1047
4
0
13
334
0
30
105
0
156
222
10
454
49
0
0
0
0
84
79
399
0
20
0
16
140
0
3866
10
0
0
24
0
2
0
0
259
486
13
1297
96
1937
24
59
203
743
1002
15
0
24
0
37
107
3
595
3
0
0
0
8
1
7
4
2
0
20
3
0
0
199
144
2
3
0
25
8
32
18
301
9
1
0
183
10
1981
15
142
7
414
0
57
305
0
79
62
284
0
340
112
714
0
225
167
0
0
2
20
119
6
151
56
19
5
200
238
2
1224
1065
245
0
0
446
17
0
577
0
62
0
66
0
0
0
2
46
11
7
0
984
339
10
0
524
14
0
220
182
0
0
0
52
1
21
20
0
3772
260
1
35
108
38
0
0
72
10
610
374
12
1
115
24
88
0
0
25
0
0
0
48
0
0
0
70
15
0
35
0
31
3
201
254
0
0
10
1
1324
38
0
0
174
0
0
2
55
1138
155
0
0
541
4
0
0
0
359
768
12
0
323
0
1
17
63
36
47
0
609
305
244
0
0
5
7
3
6
79
74
32
1
0
22
0
0
3401
0
0
34
20
811
30
12
0
2
6406
2061
194
171
0
3
0
0
71
0
0
170
152
705
977
1
1106
2
429
0
0
0
0
72
0
0
0
0
0
79
0
89
0
394
8
20
0
73
0
226
16
152
1
0
0
953
240
0
0
0
0
0
32
30
0
149
1
179
2
259
252
3
0
1
0
0
0
86
0
258
1499
0
0
0
2635
5
0
10
7
137
10
27
5
7
88
0
10
255
2
0
25
0
78
1066
0
30
401
9
1
0
138
0
0
3
47
0
0
142
0
11
0
2
353
4
23
3
0
0
4
0
938
0
0
1
0
826
0
224
19
0
39
125
0
1
366
0
14
16
0
343
0
0
169
0
7
24
10
0
9
0
3490
2
5
2
0
30
0
293
22
10
2
77
5
42
76
47
0
0
0
0
783
229
0
0
0
0
68
84
62
21
0
37
236
1916
0
0
0
310
37
0
628
844
0
0
197
29
0
0
12
1502
22
20
176
16
0
58
0
7
1
0
0
6
30
27
16
0
712
460
595
52
0
147
2
2812
0
12
0
7
229
51
1065
53
0
2
28
417
2
0
452
2
9
0
8
56
262
13
81
0
0
49
606
0
0
713
6
896
0
2
0
0
148
9
361
0
19
3
0
0
0
1491
862
0
129
310
3
82
1356
633
65
87
21
0
0
0
0
213
0
46
134
211
3
417
131
209
0
0
0
0
0
20
25
56
0
0
215
0
126
166
0
819
0
0
274
192
9
1193
1959
10
41
35
131
4
842
0
1
0
682
0
0
90
0
0
1573
2
19
32
0
1480
0
0
0
838
71
424
386
311
5
649
249
0
275
23
3
173
171
11
173
0
0
21
0
18
1134
7
2
0
0
2
0
1
294
7
0
38
87
69
31
1125
51
0
0
0
1350
211
38
5
5116
0
0
113
1
11
0
121
0
36
0
17
14
0
5
311
9
189
243
18
0
0
16
2
0
125
377
4
968
0
0
0
6
17
0
5
26
1385
0
30
33
18
0
9
0
143
7
81
31
6
2
234
0
64
303
0
0
169
600
17
2
2882
150
8
2
80
5
635
0
0
6
0
2138
0
0
1
0
261
0
26
13
0
0
13
3
228
63
0
375
84
18
0
30
47
0
153
2
0
133
0
0
0
290
0
57
58
0
424
81
180
371
22
5
386
0
0
1509
5
29
0
0
0
511
28
0
216
0
109
56
14
291
0
22
172
60
167
0
675
3
0
246
0
1
0
678
67
0
119
85
0
2
5
902
0
231
0
0
12
0
24
0
0
33
0
57
203
0
28
0
0
127
42
821
161
0
0
0
108
56
90
0
94
64
0
0
35
2
0
0
0
15
0
10
67
0
0
0
0
1133
4
3
41
12
0
0
0
233
153
2965
0
0
74
29
9
51
482
81
3
48
105
64
3
3
6
0
21
91
243
0
0
26
0
0
0
8
4
0
0
0
29
0
0
0
12
6
131
110
3
71
188
32
0
0
217
9
0
129
0
0
270
0
0
134
0
1976
0
116
0
8
7
0
0
1
20
0
0
1
0
5
8891
7
146
0
0
0
50
193
81
4357
0
2
35
5
0
269
128
0
2909
4
113
10
0
48
0
0
139
0
0
3
0
3
149
14
1993
0
0
1627
17
0
2943
0
0
248
277
19
0
0
811
0
538
929
3
16
0
1198
170
52
0
43
20
0
0
2
0
184
8302
563
0
1651
0
75
290
0
0
74
0
191
265
29
0
208
35
214
51
33
1004
215
0
0
385
579
0
70
0
0
0
79
49
74
35
68
4
34
0
11
15
0
0
0
0
168
0
822
0
149
0
44
0
76
3227
0
187
0
34
24
0
12
73
6
7
63
366
0
0
0
0
0
160
0
0
0
1
30
64
13
34
1466
0
0
0
0
0
0
206
0
0
0
42
0
240
0
0
0
13
0
22
73
0
0
0
129
181
0
0
0
0
15
0
0
66
94
0
48
4
678
74
0
14
0
0
544
0
0
40
0
3
1
85
0
30
0
0
0
88
104
70
3
18
0
0
46
0
224
0
77
54
131
924
0
0
0
2
10
0
0
0
0
0
92
112
2
0
1
289
0
87
0
67
243
10
7
41
14
0
14
22
0
1
0
3
0
0
23
6
104
0
0
725
140
72
52
39
0
557
87
1
136
46
438
330
92
1
0
4
13
0
8
2089
4
4
253
0
1
0
222
71
2
0
91
0
0
0
61
1
0
4
99
0
0
2
0
0
0
227
0
723
27
0
29
512
0
9
5
75
0
32
2
0
0
2
122
92
3
0
511
0
0
0
0
0
0
0
0
136
7
0
0
0
5
12
312
1
0
0
31
1
0
48
1006
31
0
1
0
0
0
0
14
14
21
0
26
69
21
0
0
177
104
1
0
0
0
0
0
46
0
5
0
118
0
0
0
1250
0
137
16
8
56
0
0
0
3
149
166
4
0
0
0
12
159
0
60
15
11
476
13
215
0
1
23
487
1672
0
0
1
12
193
4
28
0
2742
0
0
0
1
60
0
29
0
1
283
0
98
20
0
0
18
0
679
1
17
944
88
0
0
62
0
17
100
148
0
0
19
0
697
16
0
0
15
0
15
0
2
0
18
306
0
0
52
7
0
123
0
0
190
0
0
0
203
4353
0
0
1
0
35
0
31
0
78
195
20
1021
3
2
0
6
521
87
17
106
60
1947
578
0
0
3
1
51
206
0
0
27
0
242
2
613
0
29
0
0
0
743
102
0
63
223
23
0
1594
50
59
2
388
4
34
0
0
11
19
4
0
1221
23
0
0
13
2
14
180
14
0
0
0
291
256
16
0
0
47
1
209
0
5
0
14
232
0
1
0
0
16
0
0
0
956
0
69
0
19
7
0
0
0
6
105
165
0
0
0
47
0
218
137
0
478
234
1
0
5
0
11
0
23
32
4
0
0
2539
7
0
397
0
0
173
0
6
24
184
16
0
314
3
246
0
24
0
16
32
227
3
0
0
0
0
50
1
3
2
5
26
183
12
0
1
0
0
12
363
147
3
0
0
187
126
0
66
128
345
130
1
39
37
57
0
0
146
35
1166
0
210
5
0
0
0
0
16
0
23
0
207
6
0
0
0
40
259
2
499
0
149
1053
103
0
5
2
0
3
163
0
0
0
150
0
67
1
69
6
52
0
2
2
560
43
103
1
0
0
346
5
84
0
10
67
139
0
62
0
1178
0
10
4
0
1
53
0
61
583
1
0
0
309
27
70
103
0
0
1
8
0
0
17
96
1710
434
11
3
96
81
40
688
0
9
0
0
0
1302
0
77
2
334
1
88
85
0
0
0
120
400
158
71
12
5
0
28
3949
0
160
10
0
39
6
22
66
0
0
2
1616
5
0
281
79
0
1518
0
6
49
0
62
67
456
53
7
371
0
0
0
0
1055
7
57
0
184
7
7
0
0
0
4
95
105
0
11
123
20
0
102
1221
0
0
137
0
0
0
4
0
0
171
0
471
0
3
0
0
38
14
1
4
245
8
675
365
48
405
3
131
0
409
0
0
462
43
0
0
1
331
0
17
10
182
1
29
0
7
0
242
0
0
8
2
0
81
1
1
0
147
139
0
189
20
0
16
0
0
118
2
111
67
237
0
8
55
850
0
8
0
0
317
48
0
0
1055
121
39
8
1
0
2
3
0
414
0
11
0
88
0
7
0
27
0
0
195
1
14
3
931
2
0
8
0
1
4852
5
63
0
0
0
0
40
232
66
0
461
14
213
1
0
218
0
0
88
7
104
0
5
53
1085
521
44
0
2182
0
132
124
0
20
0
12
7
344
50
57
234
0
0
1
183
0
0
171
1
0
0
10
21
16
0
747
5
241
0
727
138
4
286
1355
118
0
0
16
0
0
1389
24
168
63
0
0
3
18
31
0
1
22
116
314
414
0
58
1
0
160
64
8
6
0
473
7
607
0
23
0
34
0
62
97
147
0
89
42
9
12
11
0
0
0
54
154
54
1
23
0
83
43
0
0
1
515
0
17
47
0
0
546
0
1090
1098
3
0
1797
2
0
181
16
20
234
0
141
0
6
106
3
0
175
0
54
28
0
14
25
8
801
17
0
0
53
181
3
0
0
4
7
209
146
1
0
27
158
347
7
28
419
189
1
0
0
259
114
0
0
113
72
241
0
1
0
28
0
1708
462
0
1
15
0
193
0
3
0
0
0
106
38
12
2
0
0
0
29
766
0
0
15
0
18
0
156
0
2
76
0
14
2
215
9
0
0
72
2
602
541
56
539
116
0
209
2
0
30
2
77
4
0
99
0
0
10
1
2
0
2326
0
0
0
20
1750
0
482
0
20
0
0
116
41
135
67
107
0
249
8
11
0
18
280
214
42
4
0
31
16
5
0
0
546
182
197
38
1361
610
7
7
0
0
0
260
37
0
230
761
277
73
3
8
85
850
6
11
2
447
0
206
1
331
61
88
0
9
0
8
1646
24
73
47
259
49
290
63
86
1
9
0
5
0
0
25
125
171
0
1
212
0
1
0
425
0
8
92
2103
106
0
405
0
0
14
0
149
0
1
0
2
134
0
1
0
19
58
18
11
0
0
0
200
0
46
5
0
2
26
22
2
0
0
87
0
0
0
5327
62
0
0
0
49
86
240
93
733
0
0
1239
0
0
899
0
0
1
15
915
194
0
6
1648
125
1
0
0
0
0
16
2271
1
0
14
19
0
918
0
0
0
1797
81
312
0
186
0
598
0
18
8
0
0
0
24
0
2
0
1
208
16
0
1555
0
0
2
25
2
0
773
4
3
0
11
67
0
2
115
269
0
130
28
5
20
190
1270
35
0
0
3208
89
3
897
3151
0
420
662
18
10
0
0
0
13
273
0
0
0
7
0
1
2
0
0
11
31
45
0
0
77
0
889
43
0
36
0
51
52
0
0
808
7
1
13
2
6
6
0
43
407
408
0
17
171
96
55
8431
170
19
101
1172
764
0
6
4
2
76
0
0
51
1
850
1760
0
5
0
36
152
83
176
257
11
0
0
0
1394
110
0
0
65
5
1
5
859
26
88
7
1
0
338
0
19
631
167
0
59
0
0
34
294
3
15
162
738
0
5
885
294
0
0
2571
0
0
85
0
4
0
0
13
0
0
2
345
54
167
1
559
184
0
0
38
247
174
3
63
4
1
61
0
897
55
443
11
1
0
1
0
21
0
0
0
360
1336
654
827
0
31
25
0
165
1
38
0
8
24
566
132
0
7
407
15
396
0
1
84
0
3
0
1
4
524
82
39
5
0
1625
0
0
0
97
8
109
415
0
0
80
9
2
123
0
47
0
0
0
9
0
59
177
0
289
0
0
0
18
0
148
12
680
0
59
593
9
0
0
68
0
12
578
28
0
0
0
0
117
9
85
48
0
2
6209
91
0
0
0
0
1496
0
0
9
280
0
33
20
84
4
0
2
468
0
0
5
9
0
93
0
8
0
416
66
0
985
77
0
813
0
42
2
0
486
0
0
3492
28
0
0
0
137
158
0
37
17
0
814
0
214
11
4
0
2
0
1
3
0
3
180
0
6
11
0
13
3
0
340
5
0
0
0
9
11
0
0
0
0
0
0
0
1
0
76
10
73
89
4
0
109
0
107
0
0
0
47
0
34
0
0
324
2
85
45
4
3
14
0
262
0
0
299
0
474
0
902
908
0
3
15
0
0
90
2
58
6
0
7
132
5
473
0
0
32
23
355
47
875
258
0
70
0
337
207
0
0
203
7
18
2
429
0
0
106
4
681
94
482
0
3470
59
464
2
0
474
0
212
163
7
1
0
0
67
70
70
0
4
0
171
0
0
4
383
6
0
0
0
377
373
315
196
80
0
0
0
80
2
0
0
13
0
28
513
0
270
0
0
0
702
1
18
0
447
0
225
0
6
20
278
0
14
0
14
1
15
35
112
1
182
0
93
0
0
0
0
41
0
118
0
96
0
29
0
0
1
0
2
1
0
0
431
38
33
1
0
157
46
0
5
6
0
0
65
75
454
819
3
68
6
580
2
95
0
23
1124
49
6
145
5
409
41
0
280
1478
7
1389
0
308
8
0
12
0
7
28
0
0
10573
0
467
0
59
0
161
0
94
281
259
0
68
664
0
589
0
0
0
85
0
0
5
11
0
0
111
0
32
0
1484
5
0
12
0
11
150
0
0
840
20
61
0
43
23
0
1573
0
0
208
258
2
626
0
5
0
0
63
1739
962
0
0
1
0
119
0
0
3
689
582
7
6
75
0
25
11
0
243
0
227
334
0
0
0
120
409
0
0
0
0
32
0
33
0
5
2
0
0
16
67
0
0
10
32
5
0
0
0
0
0
1
286
2
2
0
0
35
90
172
2895
99
4
355
0
0
0
3
1
0
0
0
31
1
103
0
2
0
0
0
0
0
1
15
0
266
2
2
0
4
18
7
7
0
588
518
132
6
29
44
0
2
2
2
99
1
12
0
2
12
0
0
77
0
0
1301
0
4
0
0
1
51
0
1123
53
15
801
0
0
110
0
764
4
0
0
0
0
37
75
0
165
272
369
654
0
0
0
0
0
16
127
0
335
359
0
54
0
64
1574
0
16
26
53
15
125
273
29
126
4334
1098
0
0
14
74
0
2
11
158
2558
2
1
9
1551
0
5
0
0
3
94
277
313
1073
310
1
0
31
0
852
0
0
68
684
0
3
2
196
999
0
374
350
0
679
3
0
6
603
156
140
145
0
585
67
162
0
123
446
957
0
0
26
0
3
0
0
244
8
0
8
45
949
0
13
324
98
8
0
0
279
8
34
0
0
0
30
378
2
0
10
0
0
0
0
0
103
98
265
162
237
0
114
0
0
49
544
193
28
0
194
15
0
3
53
366
0
1292
20
0
167
0
0
103
0
1
0
0
0
0
95
0
0
0
28
0
0
503
2
2360
0
0
4
0
25
0
1
0
677
2
12
0
5
0
0
295
3
0
0
0
98
22
0
10
92
0
0
366
0
32
0
169
1
0
0
52
151
74
240
527
3
1
261
0
0
10
381
19
0
436
0
73
1
0
0
1
326
191
300
1349
0
0
6
44
214
21
33
0
6
37
0
54
0
61
4
516
0
0
113
0
0
51
7
86
391
0
141
1
0
397
0
580
17
12
400
2
1485
1171
0
4
27
0
0
2
0
729
0
206
3631
184
47
22
197
3
19
0
21
20
4
0
2
123
164
77
69
0
286
613
12
24
0
4344
2
0
1
310
0
189
109
518
1
22
2
124
422
0
1
965
14
19
0
4
1851
0
0
731
23
354
238
0
170
0
64
201
858
17
0
11
599
0
0
11
0
0
0
499
0
1637
3
0
324
1
0
36
14
67
21
141
535
0
2
53
76
0
0
0
41
0
99
25
0
0
89
0
4
36
0
502
1253
3
201
3
57
0
9
0
37
0
38
0
0
0
0
125
0
835
3
11
0
553
0
6
1
0
190
5
655
0
82
103
113
0
0
0
28
2
0
0
0
126
0
67
0
26
189
0
5
22
40
0
8
4
0
101
16
14
105
0
977
115
255
0
0
308
52
33
138
0
1153
68
0
0
72
14
0
282
46
110
11
0
0
2
680
285
109
9
2339
24
0
80
47
15
0
32
17
679
435
156
1639
715
0
100
47
0
741
79
0
2
0
80
225
0
3
410
257
0
280
0
650
0
0
22
0
0
354
78
2267
0
95
0
69
11
72
0
0
24
766
68
9
48
183
49
12
1
0
34
10
0
53
1
166
1296
0
221
0
65
1
1035
866
179
12
137
0
238
0
79
0
1
9
6
0
3
34
71
1
930
25
0
0
242
132
76
0
0
0
53
552
0
84
0
34
0
1744
132
33
1
0
0
0
58
52
0
74
97
200
5
0
0
3847
0
15
464
0
264
2
39
0
7
0
106
0
116
0
133
43
575
63
0
0
0
744
0
6
1502
0
26
1
0
0
4
19
0
24
20
27
2
3
20
13
41
0
0
59
0
0
125
29
277
667
9
0
0
15
19
0
755
165
11
68
263
2
0
25
31
0
0
33
516
19
461
0
86
979
86
0
7
267
242
658
0
4
0
202
139
0
99
117
291
19
0
30
0
29
1
0
5
11
2
5
469
279
231
8
428
5
129
0
408
241
0
18
0
55
203
394
394
0
0
68
371
302
0
0
255
36
0
0
0
0
1126
0
0
37
3509
0
0
0
15
26
0
952
7
3
0
56
71
49
0
210
303
0
0
508
0
16
0
130
4
4
2
4
33
0
1
43
1
0
31
0
16
364
4
49
0
22
0
0
359
0
11
683
262
3
0
3
27
66
0
21
1023
0
220
111
43
419
0
381
45
0
4921
61
33
0
0
0
6
82
3
3
109
56
0
41
0
0
0
138
1
16
42
104
594
535
4298
276
16
2294
0
11
0
502
24
0
0
642
0
29
135
16
93
44
0
0
119
86
0
0
0
343
0
8
183
2674
2
0
0
0
0
0
3
29
0
6
492
209
0
0
5
0
26
8
63
0
0
742
352
0
0
762
208
0
0
22
0
0
115
0
2
108
2
13
0
154
420
628
3
0
0
0
28
56
0
0
301
4
200
0
0
0
0
0
3
0
5
0
119
11
718
238
2
0
2001
33
0
0
6
0
6
0
7
437
15
2
0
11
0
2
2093
498
0
201
336
0
269
0
154
24
167
46
184
0
85
11
0
0
0
214
0
0
41
174
0
7
0
94
593
14
8
0
0
27
0
0
0
5
2
144
0
0
124
299
0
0
0
0
21
0
3700
196
0
261
103
48
0
1
33
113
6
0
0
469
21
0
0
29
3
0
0
0
240
6
0
92
0
8
40
0
2
0
0
77
81
62
2
0
0
0
409
0
0
545
166
0
17
0
64
36
0
0
128
1
114
16
0
5
0
4
384
0
0
1
0
16
1632
5
0
1
0
0
0
51
415
1
309
45
7
19
67
0
0
287
305
0
71
0
158
790
10
950
6
23
33
0
0
0
68
0
519
0
0
1466
0
0
1
0
240
160
3
0
0
0
5
0
39
3
264
243
64
10
443
6
330
4
0
2795
0
5
0
6
0
87
76
865
0
0
165
0
27
0
26
0
0
0
7
0
0
0
1
27
5
79
2
162
71
339
0
68
26
0
40
0
0
553
0
0
264
5
0
2
0
16
0
0
0
3
0
67
0
44
2
102
24
77
0
44
3
0
15
0
1
0
209
945
0
0
0
27
9
0
3
14
0
105
137
0
130
0
19
153
0
1047
0
76
0
87
0
3
2
236
12
0
0
0
0
11
0
0
0
29
16
1
0
66
0
66
0
144
0
1
3
1
0
20
590
0
435
280
0
4
0
0
2434
69
64
71
0
9
290
2220
5
3
1
0
2
51
12
6
9690
0
23
0
875
0
3202
71
993
485
4
79
46
15
196
0
6
55
88
55
720
107
0
9
4
0
2629
0
7
1
169
0
0
1
0
2
2
0
2
7
0
0
0
0
9
3
39
130
0
308
348
1683
118
8
3
148
4
0
9
1
0
0
0
0
0
55
0
17
0
25
0
43
0
0
58
100
0
0
1
0
3
2
0
4
65
107
776
0
232
302
39
0
80
0
8
0
14
0
359
20
32
0
0
0
5
55
0
20
54
390
0
45
0
120
228
0
106
66
76
109
4
0
4
0
0
0
0
0
22
0
0
6
90
31
0
0
19
0
0
832
0
1
205
63
0
40
0
125
522
6
44
200
1021
455
0
56
0
0
0
48
2
106
717
0
0
35
524
0
0
0
0
0
29
0
0
1190
2
7
25
360
0
0
11
30
291
0
5
661
200
309
164
1
110
0
2
0
8
91
78
0
2
39
5430
765
3
0
113
23
95
4
0
1059
0
22
0
3515
0
0
98
343
87
8
929
0
50
783
0
0
0
41
0
0
49
9
0
0
39
0
0
2
0
67
125
530
98
9
0
0
0
0
47
1944
14
0
1
41
34
0
21
248
16
0
4
0
0
0
2
14
0
809
0
0
7
0
45
0
0
583
0
0
0
0
0
5
0
0
0
0
103
211
47
161
11
129
4
99
58
21
120
0
163
631
0
0
0
13
778
28
12
4
303
170
1371
0
0
1
0
0
9
278
0
0
18
0
307
14
284
1
60
0
27
42
0
0
108
7
13
23
3
23
3
70
360
0
1079
36
1458
7
0
183
1
91
2
0
28
0
0
437
34
1
253
15
0
2012
5
0
0
478
0
0
24
71
0
54
73
0
0
1221
0
186
2
30
14
1
27
161
189
201
0
269
2
559
280
250
1
1
45
35
304
0
0
0
1954
0
78
1
10
6
726
0
61
0
271
0
593
0
294
8
50
67
9
0
3254
0
26
0
4256
4
0
8
0
0
0
2
9
136
20
1
0
64
0
51
152
0
101
940
145
1
72
241
23
0
2
0
56
2788
7
5
1410
0
0
34
0
0
0
34
835
1
0
18
0
0
37
43
0
118
1
0
30
234
684
45
0
672
506
0
294
35
0
40
802
194
0
0
93
18
1056
28
0
288
2
831
78
5
30
22
0
7636
20
7
56
0
0
0
0
22
14
223
0
0
400
0
41
0
0
59
293
0
9
282
40
0
0
0
0
0
308
246
0
1690
0
22
11
0
1
137
27
9
158
0
270
63
769
450
0
0
2
6
113
269
35
97
0
229
0
0
7
68
204
0
0
56
0
0
83
9
1
0
5
0
0
154
0
0
0
0
2
30
110
0
12
6
4
159
0
270
0
204
24
15
232
5
0
306
2
0
0
2
0
2561
0
7
1
0
10
259
0
118
4
0
7
8
3
0
4
1
0
0
0
26
0
11
0
48
0
0
25
63
0
3
343
0
3415
106
0
1
0
564
0
124
280
0
0
0
16
0
0
4
0
0
41
0
0
0
0
1
0
116
2
8
4
0
958
0
178
0
443
326
0
0
0
277
5596
405
0
0
23
29
36
0
17
6
0
8
72
0
50
0
198
145
239
0
46
12
0
0
0
475
0
14
3
0
1
0
6
3
16
83
28
45
24
23
186
0
69
0
161
8
69
0
0
1
243
1
0
610
4
0
0
28
312
107
0
0
2
1031
35
16
0
289
54
0
237
48
104
18
13
417
76
0
0
14
58
0
118
43
2
4
11
215
8
5
2
69
9
0
0
1
228
100
921
0
25
0
26
2
0
1
2325
0
314
5255
226
4
0
140
1407
0
12
10
0
38
0
272
2245
38
511
0
1507
187
0
203
15
248
87
19
7
8
2
4
24
2
59
0
0
0
9
175
89
94
5
363
150
542
16
0
74
10
34
19
407
0
1
21
343
7
1
0
19
664
0
0
6
0
0
48
2
2
5
0
1
0
0
2
0
1
111
0
0
0
3
0
0
11
108
11
755
0
45
0
0
11
0
122
3
3
1097
5
1
0
0
2
71
2
0
1100
0
8
316
0
269
41
3
31
22
8
16
0
45
23
0
0
366
242
2
391
525
418
0
10
0
0
0
22
0
0
0
0
0
0
14
0
959
188
0
2683
0
0
5
0
0
73
62
9
60
451
0
0
14
39
52
0
47
9
7
0
0
0
1
1
275
899
614
199
0
29
2026
659
18
0
0
227
32
0
128
111
2
82
10
0
79
0
831
0
9
1
1
0
393
322
69
109
2
6
6
1
78
64
0
6
0
1
199
9
0
10
0
0
0
0
2
5
0
5
48
1
0
0
0
2
9
6
0
71
0
0
0
201
6
9
44
4
1
262
141
8
67
122
8
0
0
0
14
4
15
0
628
0
9
18
5
0
71
2
10
0
21
0
0
13
15
6
0
315
0
1
11
0
27
111
0
1
0
1
5
0
25
67
0
0
12
1
43
0
0
0
0
85
12
4
169
0
0
404
0
3186
187
93
3
0
102
0
118
0
0
11
310
1
344
11
21
1
0
0
0
93
0
0
0
0
7
1
48
0
77
0
1
0
74
19
0
0
43
12
28
12
0
191
71
32
53
250
0
0
0
0
3
4
262
0
94
250
0
0
130
84
0
417
2
81
47
0
0
0
207
0
2
2
18
0
2799
1
165
1
0
0
0
0
0
0
102
0
71
7
25
0
40
0
0
0
40
557
29
0
0
3
4
45
0
30
1893
0
195
27
24
3
0
10
8
0
31
0
13
64
0
78
111
0
28
9
3
0
0
0
114
354
7
0
62
237
0
3
0
841
99
51
0
0
14
0
0
3183
12
396
11
6
0
0
18
113
18
17
4
0
0
0
0
373
14324
6
0
1
27
57
224
0
2
0
1
0
0
11
0
9
83
21
23
16
0
0
452
10
5
44
2
75
38
12
16
0
4
60
107
0
2
20
5
914
0
85
1074
7507
7
284
30
3
219
22
352
0
2
26
0
69
331
84
183
12
0
0
2447
27
0
66
12
6
3
0
0
0
38
0
92
58
0
0
3
6275
0
4
182
167
0
42
0
1231
2
2
0
31
0
4
0
16
266
4
0
0
45
0
4513
0
0
571
0
92
141
0
1134
386
5
8
0
0
0
61
0
181
13
99
104
3
375
0
0
24
1
0
22
0
40
243
0
13
611
0
16
0
108
0
0
5
69
0
42
0
0
7
1
97
0
0
4
0
0
353
129
0
63
0
529
793
236
0
0
0
56
51
0
9
12
4
34
5
0
13
0
0
20
0
0
107
0
0
0
53
44
0
67
73
41
0
5
0
0
39
12
5
0
11
0
15
0
0
0
6
132
0
0
44
0
44
17
357
0
7
0
2
522
60
55
35
0
497
32
44
285
72
8
0
1
31
125
16
10
12
5
3571
1807
0
2
67
42
26
45
0
0
0
0
4
0
94
4
0
0
0
0
0
0
226
2
243
15
30
189
1
0
0
344
1
0
20
0
90
7
8
0
20
0
2
2
260
123
0
226
0
154
0
235
123
3
0
0
0
0
0
37
0
0
41
0
0
3
0
0
0
1
0
0
0
8
16
0
499
283
99
0
0
94
0
12
19
3
98
150
16
0
188
0
216
0
270
63
0
113
0
111
7
0
53
25
16
11
260
886
3
373
26
0
0
0
1006
258
9
70
0
14
0
0
0
11
1509
0
2
362
0
125
0
46
0
2
0
147
0
1166
1
4
3
96
0
412
341
0
368
0
0
27
50
4
0
1795
0
0
18
155
67
9
751
252
378
1369
1359
34
0
24
22
92
23
0
1
0
112
1
78
0
0
0
6
133
0
0
0
0
0
0
34
1303
227
0
107
20
0
95
968
74
32
1
4
50
12
0
2
15
750
1
0
6
0
6
0
257
0
2
117
5
27
737
12
0
297
896
4
1241
16
39
0
112
1
471
52
0
21
100
7
171
0
47
0
0
0
128
10
0
280
166
0
1713
3
45
0
185
117
0
608
128
0
0
892
0
60
0
99
0
0
16
15
15
411
277
73
773
15
272
11
0
878
449
0
0
0
9
63
1835
4
233
66
0
22
6
0
0
382
0
62
0
0
13
151
0
21
0
379
0
32
0
140
0
0
15
0
0
6
33
32
0
357
1351
0
110
490
0
274
0
0
0
0
5
45
19
106
2377
66
0
123
43
268
0
0
0
0
0
190
1317
11
0
9
331
127
0
66
0
35
4
12
124
0
37
6369
2
0
0
6
0
865
3
0
0
5
0
0
0
0
388
0
43
108
3
95
0
16
17
5676
16
55
0
0
78
0
1
549
0
0
424
1
17
0
0
0
0
325
121
0
0
0
306
53
0
0
19
10
563
0
0
0
0
1
0
0
93
0
0
0
1834
2633
0
16
7
1
159
0
381
12
358
11
0
55
271
0
730
299
0
101
0
0
4751
20
0
191
0
0
15
0
873
0
260
3146
0
0
0
0
0
0
42
2
134
5468
252
0
9
0
0
3
0
61
0
82
12
126
274
1398
1556
0
0
282
0
20
0
498
1265
4
41
0
0
52
0
11
0
13
1
113
33
0
116
16
7
0
8
108
0
0
0
20
0
0
4
677
0
69
53
0
1
62
0
7
0
0
1063
4
202
28
0
5
0
0
0
1496
234
589
97
0
8
2205
950
0
0
953
0
0
0
36
0
0
2
52
126
75
172
1
223
0
0
7
33
538
89
51
45
0
6
0
3
93
0
162
37
0
10
2
0
0
0
0
2116
3
33
305
29
91
0
0
293
168
15
0
0
0
0
1
121
127
0
0
11
0
11
10
0
399
120
0
0
124
1055
101
22
53
0
2
39
0
0
4
0
91
0
0
28
3
0
326
0
71
88
79
275
0
0
30
160
221
26
0
0
5
0
847
651
4034
1
0
12
78
40
27
0
0
1601
0
0
0
1
0
0
0
0
0
29
0
3
0
114
0
19
23
0
89
0
416
1113
0
0
0
0
4
0
0
0
181
591
75
7
2
0
148
0
50
793
105
508
0
38
15
0
3
7
4
0
0
0
9
1
66
0
8
214
0
61
131
1
0
0
0
16
1
0
13
276
7
2
4
0
0
0
0
3
40
24
127
835
0
0
307
1360
0
4
11
0
828
1
13
25
158
0
149
0
19
0
305
23
0
0
16
0
2
50
221
7
127
112
626
0
0
38
130
34
0
27
1438
0
146
0
332
1375
121
1
21
25
0
0
1571
578
12
0
234
1
155
0
0
14
0
0
0
809
50
296
976
22
48
348
0
78
53
280
0
0
155
0
19
0
3
4776
2
29
24
0
90
54
3
9
0
83
0
359
0
59
0
259
332
274
0
73
0
0
0
0
18
0
904
21
2
0
0
0
0
41
0
262
0
1
0
12
1
0
14
8
0
23
7
165
122
12
206
7
83
127
0
101
51
0
287
97
185
5
2006
0
191
0
52
83
2
0
328
5
906
203
165
108
16
0
0
0
0
0
63
1
0
16
85
0
1415
175
0
0
610
1
0
0
6
0
1
0
0
0
0
9
0
21
1
250
28
207
0
0
1
0
310
2
9
0
199
0
270
33
0
0
355
0
0
16
3
0
0
45
0
83
0
282
1348
0
676
0
64
5
4
0
111
1484
108
97
137
149
155
17
82
0
110
0
448
0
638
34
0
136
0
321
187
0
237
0
135
0
0
1013
229
89
0
49
28
0
221
79
0
0
0
0
0
177
0
140
0
278
115
0
0
829
429
0
0
491
0
40
0
68
0
0
189
107
100
4259
578
112
74
0
0
6
0
21
0
193
0
48
101
180
606
0
10
234
76
0
32
44
0
0
218
115
0
49
244
0
0
0
1
8
26
0
0
31
252
87
0
802
1966
1162
27
345
1851
0
145
4
54
801
33
46
98
36
0
177
0
0
44
136
0
0
4
159
149
0
4
0
815
12
5134
144
54
92
75
0
0
821
549
135
11
2
2
50
78
0
114
2
0
120
380
4
112
97
0
0
0
63
697
458
118
0
0
836
0
0
0
3
0
14
2090
0
6
0
0
20
27
0
0
334
6
0
0
867
13
0
31
91
57
749
233
0
0
0
0
21
18
0
0
2
0
0
0
54
0
0
175
2
0
5
98
0
44
0
4
0
3
156
0
6
0
139
0
495
82
0
109
0
9
98
28
1097
61
137
0
159
118
0
0
0
64
26
25
0
518
113
0
85
10
0
0
109
0
67
1355
0
0
1
0
0
0
32
9088
21
0
265
6
102
33
10
0
7
39
0
0
0
0
160
21
40
0
156
18
41
0
1244
0
2
0
95
39
2222
447
4
0
0
8
24
2906
0
0
8
3266
97
0
0
1
4
0
0
1
275
174
0
46
0
0
81
0
25
0
0
27
189
0
37
26
37
24
480
104
0
344
155
0
0
278
0
5
0
210
0
771
0
0
0
2
1
1
0
456
0
0
929
11
0
0
116
0
0
0
0
0
29
0
48
3
0
52
1705
0
0
601
0
0
4723
35
328
172
10
0
9
1
0
227
0
258
202
0
96
21
0
69
1533
1641
0
0
22
1
1
18
4
118
7
0
0
2
1355
258
80
284
32
2
332
181
0
1
3
9
0
0
226
1
128
0
29
0
397
0
2
13
3
13
0
0
0
68
7
0
47
0
17
0
0
1644
23
0
46
3
0
4
80
1
0
30
6
0
0
0
10
0
486
217
316
7
5
128
5
0
0
1
12
0
17
110
10
10
0
40
331
62
1
488
43
2
442
131
0
383
60
0
5
0
6
0
0
54
101
2
46
0
28
0
22
0
22
1
0
2
0
184
0
43
760
564
17
0
0
0
0
21
1
0
897
1047
29
0
0
28
21
7
2
0
1887
6
0
435
75
0
162
0
0
58
0
72
251
0
0
54
2
0
3
0
0
0
263
7
0
12
122
0
38
8
0
131
0
305
4
3
42
56
101
20
0
0
346
52
1445
42
426
7
606
0
498
7
0
67
0
32
19
1980
840
0
4
70
60
0
0
1659
0
0
271
25
20
0
14
0
0
0
102
0
0
12
205
569
0
0
59
180
206
2
50
0
0
0
0
0
0
2
17
168
9
3
0
6
14
0
0
0
0
558
0
0
31
114
464
18
30
46
117
0
77
65
94
23
11
134
343
110
0
63
0
67
609
48
282
0
0
24
0
19
235
23
0
12229
62
4
4914
197
4
0
72
290
0
303
0
0
0
194
0
0
0
0
328
0
2
0
13
0
175
0
0
0
289
0
0
257
21
34
0
19
0
0
30
0
11
0
244
0
0
86
0
10
18
0
64
0
40
167
0
4
0
233
4
584
136
64
370
162
44
0
11
1
0
46
0
0
2
20
97
0
1
697
0
0
217
1
611
3
252
0
195
492
22
0
0
0
85
1635
0
0
1
0
1
0
0
0
1
2
127
154
36
0
29
69
103
177
0
1168
452
0
24
258
374
0
45
31
130
1335
0
4
0
0
0
1
174
1
32
0
0
17
50
0
1
7
0
40
22
0
101
0
0
0
0
0
14
0
0
78
2
673
260
4
0
547
37
0
32
0
56
1
0
0
12
0
0
2
57
0
12
0
1944
377
0
0
866
0
46
149
1087
29
0
14
134
0
0
0
0
5
158
454
5
128
11
99
60
1
1081
58
12
7
2
0
1
0
20
2040
0
94
2488
8
0
10
0
0
1718
106
4
0
4
1378
0
313
0
133
383
32
191
1
0
152
0
31
1
0
2
1773
0
0
194
39
0
63
0
147
12
0
65
0
56
0
15
901
1157
75
0
0
247
19
0
207
20
8
0
0
0
0
0
9
724
0
165
2
0
362
46
0
0
0
523
6
33
58
280
9
0
0
25
4
729
0
0
0
388
1
0
7
0
365
0
588
0
0
117
0
0
2
3
0
1293
0
0
0
9
49
0
38
0
0
0
0
39
7
0
3
0
0
6
562
325
0
11
7
0
106
0
1
2
2
290
180
741
15
15
147
0
0
59
4
175
184
0
15
213
28
80
72
863
7
1449
0
559
167
11
0
0
2
0
88
34
184
155
0
145
0
4564
0
0
0
25
15
47
123
0
1
0
7
0
214
118
0
3
0
0
0
618
626
55
33
1751
0
0
0
146
0
0
6
53
254
0
23
88
23
0
0
4
0
638
562
197
33
2132
0
9
89
257
56
2
0
65
930
37
8
0
0
1
0
6
881
0
618
0
2
17
692
0
161
0
0
4
15
136
0
1
17
0
4583
5
8
192
0
0
102
52
1
1
11
50
0
5
11
1
0
17
0
11
0
0
12
15
0
0
137
0
337
17
0
0
431
0
0
2
494
2
0
0
365
413
9
163
356
81
0
3
94
79
0
66
468
0
4
0
576
0
4
0
0
0
13
4
3554
74
57
55
351
12
0
0
0
1
0
726
3
69
0
160
1
3
134
0
100
0
46
18
0
0
0
15
0
0
0
0
2
26
5
18
0
2
0
37
52
0
10
17
0
0
0
0
0
0
31
0
33
519
1
0
0
593
0
0
5
0
0
18
0
9
26
122
2
2100
137
107
14
0
117
0
402
0
0
0
811
58
148
0
3
1
2
30
0
0
11
771
1
0
7
27
2
307
0
0
402
174
45
0
3
98
85
0
0
0
1902
78
0
0
21
0
4
5
0
0
611
1
143
2055
344
586
19
0
10
51
29
72
0
0
0
3293
229
613
285
2
0
179
164
172
33
42
0
0
9
243
401
3
0
201
918
0
284
1095
0
0
0
110
0
0
390
195
475
285
67
0
0
46
898
55
0
12
146
5
0
30
9
205
192
0
0
26
97
0
7
24
2
156
1
17
514
149
21
0
654
0
0
17
71
31
0
5
398
0
158
0
64
857
0
0
64
0
0
615
1
0
0
5
147
0
462
0
119
0
0
0
0
855
14
51
293
379
46
80
9
87
1
8
46
62
26
25
62
9
498
56
72
273
1077
274
0
402
1
284
53
367
117
9
0
0
46
18
107
0
34
723
187
283
0
91
26
4
0
0
0
8
977
0
112
441
45
440
0
36
0
0
0
34
73
12
64
0
1007
0
0
0
0
82
333
0
1
0
84
0
2
9
1106
98
22
40
0
4
0
0
112
12
355
677
0
0
0
59
0
8
0
316
0
1
168
5
0
26
0
10
0
48
115
0
74
240
0
461
3
25
38
306
0
432
0
45
0
0
41
5
11
38
47
361
342
0
0
3
0
0
38
0
611
0
208
0
0
625
26
119
0
0
104
0
43
153
159
21
8
153
1623
0
495
39
0
98
1162
28
5
0
1
8
0
52
345
0
0
0
15
10
0
26
12
13
42
0
6
0
0
8
0
0
0
139
6
0
411
0
0
43
881
0
0
0
13
780
0
199
15
11
0
38
0
1179
0
3
0
0
220
0
723
0
14
18
0
4367
2
0
68
110
2
0
5
0
225
173
109
125
14
0
0
31
35
3
3
6
7
0
0
102
1
0
0
56
0
7
0
16
18
0
0
137
8
17
4
0
4467
163
69
3
164
228
7
699
10
1265
0
0
860
1385
492
371
40
0
0
0
22
0
1221
0
0
0
102
0
0
6
20
0
0
0
30
0
1
0
2
61
0
5
980
0
0
0
0
2
1
397
19
1
185
136
37
0
0
0
0
247
0
877
0
0
0
0
0
0
0
413
37
0
0
205
30
600
0
43
829
145
0
0
193
2
48
0
4
11
0
0
406
142
0
37
88
1908
42
0
193
0
0
32
24
0
7
0
2
0
1
0
0
195
92
0
3
0
114
164
1026
0
0
0
59
0
0
3
1
0
80
0
0
18
17
293
7
19
0
0
463
43
1
1
1043
0
0
345
0
65
0
0
55
27
0
0
0
0
17
336
1
0
0
10
14
4
0
13
401
523
0
3
0
0
1
0
188
0
0
1
65
0
0
0
11
0
13
0
0
22
9
0
0
0
49
0
0
0
16
16
89
5
0
0
0
0
28
1
0
326
0
0
0
364
0
0
316
3
14
14
0
0
10
0
66
55
14
0
456
23
107
0
0
107
0
150
23
0
7
41
1038
0
7
3
22
331
0
56
32
0
7
0
0
9
94
306
1137
0
0
0
7
0
0
0
21
32
0
110
0
22
0
0
0
0
0
0
5
1373
0
508
95
0
0
0
30
8
0
115
4
0
0
0
5
6
1124
643
5
107
4
7
240
0
1
0
129
0
0
29
1
10
0
0
0
9
2
0
0
14
3
144
15
2
11
57
50
0
52
2
0
0
0
0
8
0
0
0
0
78
0
226
3
86
75
0
0
0
0
0
10
1
0
0
15
20
0
1080
80
0
0
0
106
104
0
15
178
18
69
607
8
0
0
200
0
47
0
49
3
0
0
1
43
149
103
163
40
0
2
0
1
762
0
132
0
0
3
142
58
0
3133
410
6005
146
45
76
161
759
1862
0
1
0
12
19
2
4
5
0
3
109
50
216
0
46
24
16
247
227
12
0
681
0
39
0
155
0
1369
2
0
111
0
0
555
508
6
77
24
2601
20
219
0
0
3
39
47
123
0
0
96
1041
2
59
4409
0
98
0
5
0
0
1
0
0
15
3
2
159
0
0
92
7
51
0
0
0
77
80
2
0
0
0
0
19
0
20
762
51
5
0
0
66
1379
0
169
12
464
46
0
32
1
3
13
0
0
2277
0
3
76
0
97
69
4
0
0
11
18
19
65
1
0
450
7
208
0
117
42
0
83
0
3
1
0
0
0
135
4
278
3
40
0
0
121
0
1
0
50
0
180
0
0
0
1
0
0
0
45
0
786
5
123
2
0
13
0
0
5
95
1
11
0
0
0
0
0
1
255
5
0
119
9
95
0
7497
8
0
128
0
110
3
3
21
2
1
66
93
0
0
118
0
24
0
0
0
0
26
200
0
8
0
11
31
0
0
297
5
3
432
0
0
373
55
34
2
3
38
51
0
0
83
0
22
0
8
0
157
19
293
0
0
113
21
19
0
8
19
3
1
0
0
4
0
0
8
0
105
0
0
0
17
290
270
42
0
0
42
0
25
0
29
0
0
84
0
0
53
7
109
389
788
0
408
0
615
51
0
575
169
318
0
0
0
1973
4688
10
106
33
2
31
5
289
0
0
62
5
1
0
0
9
4
0
0
0
0
124
0
262
0
0
50
0
310
29
0
0
0
0
36
2316
236
409
0
316
498
0
5
48
0
0
28
327
0
20
1844
336
300
2415
6
309
307
0
31
0
0
0
0
0
0
52
0
0
0
25
28
3
630
0
0
26
32
8
0
5
36
0
0
0
0
38
482
0
64
169
32
29
0
103
18
1823
0
0
0
12
120
0
3
382
37
2
0
0
113
137
2
0
131
430
3
2041
1257
0
143
149
1
381
0
1115
0
0
0
0
560
501
0
0
0
830
504
0
0
116
94
28
13
0
7
1
0
150
374
3
0
0
88
0
49
0
0
163
0
122
11
0
48
315
0
0
0
10
0
36
29
0
37
231
0
406
0
296
0
8080
106
7
346
2
0
34
45
165
139
2
0
164
2391
104
244
3653
0
0
32
0
249
0
7
548
83
0
0
589
328
0
0
0
4
0
169
13
85
1070
25
10
0
49
463
9
340
41
0
15
124
314
0
4030
4266
0
0
589
472
130
0
0
2
23
0
292
3
0
101
115
3
0
1
0
0
7
17
0
5
1650
2927
0
1057
561
0
1067
37
7
158
0
83
194
13
1308
0
1380
155
113
0
1368
0
3
331
7
1383
29
0
218
182
0
108
28
2380
19
533
41
135
0
31
266
160
1196
61
156
0
53
0
105
0
0
0
0
0
0
54
0
9
2
25
0
0
22
8
0
1
0
0
0
107
220
9
2
0
338
0
0
782
2
0
0
6
631
0
0
2
19
209
2
0
0
88
0
0
1
1550
10
211
0
0
1
0
0
0
88
6
1
0
12
0
18
71
73
0
24
6
468
16
141
3
7
2
0
3
5
9
0
53
91
0
38
69
0
5
35
0
251
1
53
30
156
0
7
0
131
0
0
3043
3
0
11
11
73
0
922
2081
122
246
76
6
410
22
11
188
91
789
0
160
0
0
494
10
0
24
69
309
0
40
1
0
0
0
0
21
3649
0
65
38
0
0
3
0
19
2
0
90
882
87
23
10
16
0
21
8
25
2
0
5059
175
154
187
0
130
0
45
240
0
8
0
3
0
0
0
49
53
22
73
631
83
247
25
0
18
357
1002
0
6
11
8
2737
397
14
0
0
0
0
39
159
4528
135
4
632
0
13
8
851
83
0
0
0
127
306
1
15
0
0
11
35
43
0
2157
424
14
0
0
0
190
25
0
96
79
0
1
31
811
1011
0
4796
37
346
2
616
3
19
0
1611
12
150
0
4
0
9
0
0
0
400
83
5
0
66
0
30
1952
83
0
0
3
0
2159
0
840
0
22
135
0
367
9
85
4852
0
536
18
324
0
19
107
0
0
0
1090
539
0
0
6
207
0
0
1
207
24
0
16
0
2
20
1
2
9
10
0
0
1190
0
766
8
0
0
0
77
0
0
32
0
3
4
0
65
0
0
31
148
117
0
285
46
0
0
116
0
84
0
4
0
126
0
11
0
0
186
0
0
348
43
1
21
0
20
333
0
222
0
13
0
0
556
0
0
0
838
17
0
32
15
57
0
71
2508
0
3
0
241
139
12
61
0
36
0
14
0
1
0
0
19
109
68
5
0
0
0
0
22
0
0
17
14
1
432
0
14
0
63
6
2
3
0
2
0
81
1
45
0
0
23
19
59
99
0
1
0
0
146
0
23
15
0
1
0
0
26
6
0
860
28
0
0
304
783
46
0
23
126
97
75
0
69
105
8
0
99
2
0
37
7
0
15
0
473
0
54
0
8
0
1
108
133
46
282
343
0
0
65
335
0
0
2
4
0
4
1595
168
0
361
6
222
0
0
31
9
0
0
0
0
2
4
0
0
0
0
820
31
34
0
0
58
0
3
15
0
202
3
30
39
6
2
13
174
30
208
0
218
16
179
0
0
10
72
85
1569
9
0
0
0
0
100
0
0
0
2
5
0
212
0
9
2
23
12
0
15
6
1
0
1
0
33
0
0
32
0
101
1
65
0
347
43
59
139
0
0
101
0
95
5
0
0
161
13
200
159
0
51
479
46
0
3
71
641
4
0
20
0
697
0
11
0
18
58
32
37
1
12
25
0
0
5
95
13
101
0
0
692
0
0
59
4
0
0
166
0
0
2
0
0
98
105
30
0
0
1
0
58
0
588
0
30
90
9
429
102
21
0
0
400
15
417
588
0
0
200
0
10
2
487
526
259
0
0
0
13
9
5
76
7
0
0
0
0
0
0
9
0
278
0
11
129
0
91
1
6
0
105
7
0
1
47
41
0
0
57
0
0
0
0
0
4
0
0
0
3
3539
127
404
0
0
0
5
0
140
0
0
23
585
0
17
0
622
74
34
2
0
97
0
19
27
1931
0
0
12
14
1
313
294
0
2
0
0
407
1
66
363
11
0
33
90
5
0
3
1
13
863
307
0
0
6
164
0
0
2
1
0
18
21
6
32
3
68
0
16
589
70
0
7
10
8
55
24
0
61
42
374
65
430
2
2
0
8
142
0
13
3
0
0
0
0
0
0
11283
341
0
0
0
369
3793
0
12
2
2
545
86
0
1627
66
0
0
1144
11
0
38
19
6
0
349
0
5
5
0
5
0
0
3
0
0
741
0
0
7845
0
0
0
0
0
2
32
0
1
27
0
45
1340
0
0
17
210
141
0
241
0
10
2
0
46
0
152
0
0
6
817
0
129
0
0
9
236
16
60
38
223
0
16
42
61
7
0
0
0
3
0
0
76
335
0
0
0
3
0
30
0
0
1119
0
0
0
957
273
139
0
97
0
326
0
2
147
711
0
5
0
14
21
470
0
0
133
0
10
0
0
61
18
0
0
119
6
85
0
0
103
0
66
0
6
217
0
53
481
109
65
0
17
481
17
13
161
0
0
0
63
163
0
190
0
187
234
6
0
100
143
77
0
0
0
67
376
810
38
2403
0
36
0
1152
8
582
550
0
21
0
276
2
0
165
5
22
71
0
96
0
0
0
53
1
0
289
277
293
0
0
2463
27
79
3
142
239
313
692
0
0
0
5267
0
848
0
0
286
8
3
0
5
0
0
11
0
0
14
8976
52
68
0
0
156
0
318
3102
166
0
322
66
432
0
1
0
3
108
0
0
9
197
1
177
139
434
0
183
0
217
4
651
0
4
0
141
582
442
35
791
2
0
7
684
109
0
707
0
630
1
0
8
137
3
12
0
0
0
0
172
29
2
356
0
80
4
0
0
223
0
0
0
5
2
0
0
5
42
0
187
56
26
230
0
0
0
3531
791
14
369
0
1
113
1
116
313
0
90
596
6
613
49
26
4
98
0
0
509
10
0
910
1
0
220
198
19
0
0
2
681
0
165
10
630
598
51
0
6
0
12
0
405
1
212
0
89
42
13
0
865
268
0
737
2
6
0
0
56
53
12
277
336
844
2
595
0
2
0
2
0
137
162
49
875
11
294
672
135
9
85
7
0
2
0
100
0
0
0
3
16
0
215
0
377
392
0
0
7
51
0
84
10
0
7
0
0
0
0
74
39
1296
0
32
0
0
1865
9
0
2314
0
66
215
0
32
0
0
3
2
41
424
685
35
229
193
513
0
89
88
2
0
2
65
0
0
199
0
174
32
6390
2
23
801
405
11
0
182
0
0
25
0
298
1000
227
28
133
6
60
2
0
35
17
45
192
433
10
38
48
0
0
2
0
386
67
64
0
3
0
0
0
0
12
2
186
10
89
0
0
0
0
0
39
2
0
22
12
4
577
90
0
0
0
0
280
0
0
982
478
10
86
7
1
519
102
0
0
63
0
0
0
0
5
0
215
462
98
73
0
1020
0
0
26
62
0
1224
9
104
0
9
0
26
0
64
15
35
405
37
0
21
3
0
1817
440
155
3
10
0
2
19
73
3423
0
0
0
14
35
13
107
0
0
62
0
464
1280
864
0
52
954
1293
286
45
0
0
0
42
23
4
0
31
11
11
0
27
1
4
0
0
80
0
8
85
0
160
21
433
136
253
56
360
0
4757
38
7283
55
95
4
3
262
0
177
223
1258
101
15
2
11
57
0
0
736
13
131
38
105
163
0
402
1
674
1175
181
100
134
0
5
0
363
723
8
6
15
223
1
431
2
0
45
4
4
0
0
229
134
0
0
34
5
25
294
123
0
0
0
2
70
0
0
661
1074
193
163
1
21
108
468
103
402
272
0
43
59
39
0
54
23
52
0
284
29
1
0
0
0
0
1
347
0
984
1273
150
0
722
281
5
0
341
1
0
0
0
0
0
0
6
34
3
8
116
15
0
298
8
0
419
438
674
0
0
0
505
538
400
150
2
580
203
21
198
42
52
0
22
1059
69
396
1
0
6
179
190
78
284
26
421
5
0
0
0
23
0
0
10
54
0
17
19
0
0
0
276
5
0
8
12
110
10
55
37
18
0
0
13
209
0
77
100
37
2
2
0
3
148
0
8
16
0
112
11
0
0
10
965
791
716
62
1
7
3
845
0
0
26
152
33
0
39
15
0
0
0
61
38
150
38
9
0
8
6
25
0
240
151
21
0
6
0
122
5
0
0
123
65
0
763
7
0
112
52
1
0
118
9
94
373
94
1037
0
0
1
27
44
317
0
727
0
3389
50
4
233
0
657
0
112
43
416
474
0
1255
1051
0
0
0
0
1
7
0
631
233
12
89
137
0
13
0
77
7
0
0
564
184
232
414
114
686
875
259
0
3
42
2
78
73
0
1
0
5
11
58
0
8
2349
8
21
94
192
8
1
1
0
19
2
175
0
0
421
1
20
0
1024
164
552
0
134
0
0
0
0
67
0
209
0
5
0
0
63
134
0
13
0
17
1727
0
176
5
0
1
0
2
0
0
0
208
285
0
11
723
4
236
162
161
0
45
0
3545
285
26
184
0
9
0
0
0
9
0
648
3
83
107
23
0
15
0
36
0
14
32
2
2
5
0
0
0
87
0
134
0
0
0
0
706
0
0
0
32
0
0
0
4
2
0
0
1615
174
573
5852
2363
0
5
0
185
4
2
0
50
435
20
817
0
0
0
0
872
16
72
2
699
56
29
793
28
1
247
448
33
22
0
2
0
0
0
0
0
0
0
165
2
0
0
0
0
0
0
42
138
16
289
110
0
3
0
0
2
0
388
492
1
0
0
0
0
0
180
181
0
0
0
1
12
0
0
2
20
0
0
0
0
0
5
9
120
78
0
0
0
0
0
2182
581
0
859
33
0
11
36
176
461
2538
77
80
1
18
0
0
58
1
34
2
0
0
0
0
0
237
17
0
0
0
0
0
0
0
4
118
0
142
88
0
0
1
0
24
17
0
0
1049
0
0
0
48
132
805
21
95
2
113
0
0
23
0
0
155
32
0
7
155
17
0
8
0
0
0
81
0
21
14
0
0
0
0
0
0
0
1052
59
639
0
0
0
0
0
0
0
0
0
0
0
0
10
0
0
0
0
1
2
0
3
0
0
46
1
226
0
0
0
0
4074
196
142
66
829
301
480
491
130
4647
13086
626
0
25
18
0
0
0
1184
202
79
0
0
0
120
1
0
0
162
0
0
39
21
136
110
0
0
0
0
8
10
0
0
25
7929
17
122
0
0
0
0
14
42
0
14
51
0
0
0
0
299
199
0
0
0
0
231
28
7
5
6
0
0
0
0
0
0
0
0
3
185
71
0
0
614
548
318
274
2734
0
0
1
3
0
0
0
4
9
0
0
220
22
3
0
0
1
23
0
0
0
0
0
41
1
0
0
1
319
44
287
33
27
655
0
714
929
7
0
0
0
0
0
0
2
0
45
2
58
0
0
0
0
2
2
0
0
0
0
0
0
282
75
1927
6
3077
4695
440
0
0
22
36
2
168
0
0
0
612
169
0
0
174
1165
171
34
0
13
2
257
0
0
0
0
0
0
0
0
0
0
0
0
0
0
0
0
0
0
0
0
47
1
0
26
70
0
0
0
190
0
0
388
0
5455
208
77
34
0
131
0
0
65
2
0
2
0
0
7
0
0
8
0
0
470
358
1
1587
5
22
0
0
0
0
0
0
1
0
0
884
513
0
0
17
5
0
0
0
0
35
75
0
0
0
0
6
56
0
0
16
0
0
0
0
0
0
0
0
0
0
63
0
0
0
0
0
0
2
0
0
0
0
0
0
0
0
0
0
0
0
1
1
0
0
0
0
0
0
0
