##BLOCKS= 4          
Plate:	Plate#1	1.1	PlateFormat	Endpoint	Fluorescence	Raw	FALSE	1						1	590	1	12	96	530	Automatic	590			6	Automatic			
	Temperature(¡C)	1	2	3	4	5	6	7	8	9	10	11	12		
	23.10	39.482	39.455	40.916	40.695	38.547	40.042	39.925	38.438	38.655	0.152	0.114	0.164		
		39.126	40.703	39.771	39.435	37.755	39.323	37.005	40.001	37.833	0.01	0.129	-0.032		
		39.84	39.609	39.129	38.453	39.108	39.936	38.978	38.211	40.627	0.226	0.154	-0.064		
		41.892	39.063	39.38	38.635	37.767	32.756	38.69	39.205	48.258	0.039	0.026	0.103		
		38.299	41.791	37.274	41.399	37.812	38.674	39.93	39.773	41.034	0.215	0.199	0.315		
		42.762	41.021	41.051	37.689	40.23	40.285	38.392	38.447	40.045	-0.002	-0.042	-0.005		
		-0.044	0.253	0.014	0.054	0.168	0.203	0.295	0.155	0.088	0.222	0.121	0.049		
		41.318	41.61	41.704	46.274	0.029	0.039	-0.013	0.089	0.114	0.059	0.012	0.16		
		
	Temperature(¡C)	1	2	3	4	5	6	7	8	9	10	11	12		
		39.482	39.455	40.916	40.695	38.547	40.042	39.925	38.438	38.655	0.152	0.114	0.164	
		39.126	40.703	39.771	39.435	37.755	39.323	37.005	40.001	37.833	0.01	0.129	-0.032	
		39.84	39.609	39.129	38.453	39.108	39.936	38.978	38.211	40.627	0.226	0.154	-0.064	
		41.892	39.063	39.38	38.635	37.767	32.756	38.69	39.205	48.258	0.039	0.026	0.103	
		38.299	41.791	37.274	41.399	37.812	38.674	39.93	39.773	41.034	0.215	0.199	0.315	
		42.762	41.021	41.051	37.689	40.23	40.285	38.392	38.447	40.045	-0.002	-0.042	-0.005	
		-0.044	0.253	0.014	0.054	0.168	0.203	0.295	0.155	0.088	0.222	0.121	0.049	
		41.318	41.61	41.704	46.274	0.029	0.039	-0.013	0.089	0.114	0.059	0.012	0.16	
~End
Group:	Standards	1
Sample	Concentration	Wells	BackConcCalc	Values	MeanValue	Std.Dev.	CV%

Smallest standard value:  

Largest standard value:  

~End
Group:	Controls	1
Sample	Wells	Sample#	Values	MeanValue

~End
Group:	Samples	1
Sample	Wells	Values	Outliers	Result	MeanResult	Std.Dev.	CV%

Outlier - Outside standard range  

~End
