##BLOCKS= 4          
Plate:	Plate#1	1.1	PlateFormat	Endpoint	Fluorescence	Raw	FALSE	1						1	590	1	12	96	530	Automatic	590			6	Automatic			
	Temperature(¡C)	1	2	3	4	5	6	7	8	9	10	11	12		
	23.40	15.595	15.327	15.423	14.132	15.135	14.695	15.686	15.7	15.499	0.022	-0.013	0.131		
		15.577	16.587	16.133	15.029	15.683	13.985	15.716	15.885	15.239	0.25	0.146	0.089		
		16.494	16.819	16.229	16.806	15.143	12.238	14.856	12.85	15.277	-0.056	0.118	0.136		
		16.337	15.566	16.139	15.378	13.22	14.656	14.771	13.095	15.62	0.399	0.078	0.175		
		16.808	15.432	15.881	14.177	16.129	15.91	16.54	14.59	15.054	0.161	0.218	0.221		
		15.302	14.999	16.002	15.742	15.225	16.326	11.793	15.125	15.22	0.093	0.177	0.127		
		0.103	0.126	0.052	0.164	0.024	-0.007	0.003	0.369	0.312	-0.15	0.063	0.11		
		16.485	17.082	16.106	17.088	0.206	0.25	-0.009	-0.029	0.278	0.005	0.089	0.044		
		
	Temperature(¡C)	1	2	3	4	5	6	7	8	9	10	11	12		
		15.595	15.327	15.423	14.132	15.135	14.695	15.686	15.7	15.499	0.022	-0.013	0.131	
		15.577	16.587	16.133	15.029	15.683	13.985	15.716	15.885	15.239	0.25	0.146	0.089	
		16.494	16.819	16.229	16.806	15.143	12.238	14.856	12.85	15.277	-0.056	0.118	0.136	
		16.337	15.566	16.139	15.378	13.22	14.656	14.771	13.095	15.62	0.399	0.078	0.175	
		16.808	15.432	15.881	14.177	16.129	15.91	16.54	14.59	15.054	0.161	0.218	0.221	
		15.302	14.999	16.002	15.742	15.225	16.326	11.793	15.125	15.22	0.093	0.177	0.127	
		0.103	0.126	0.052	0.164	0.024	-0.007	0.003	0.369	0.312	-0.15	0.063	0.11	
		16.485	17.082	16.106	17.088	0.206	0.25	-0.009	-0.029	0.278	0.005	0.089	0.044	
~End
Group:	Standards	1
Sample	Concentration	Wells	BackConcCalc	Values	MeanValue	Std.Dev.	CV%

Smallest standard value:  

Largest standard value:  

~End
Group:	Controls	1
Sample	Wells	Sample#	Values	MeanValue

~End
Group:	Samples	1
Sample	Wells	Values	Outliers	Result	MeanResult	Std.Dev.	CV%

Outlier - Outside standard range  

~End
