##BLOCKS= 4          
Plate:	Plate#1	1.1	PlateFormat	Endpoint	Fluorescence	Raw	FALSE	1						1	590	1	12	96	530	Automatic	590			6	Automatic			
	Temperature(¡C)	1	2	3	4	5	6	7	8	9	10	11	12		
	22.60	16.507	15.07	15.268	16.671	16.328	14.747	16.72	16.195	17.05	0.205	0.1	0.161		
		16.103	16.103	15.853	15.768	15.935	15.828	15.653	16.478	16.82	0.06	0.167	-0.038		
		16.32	16.423	15.272	15.504	16.198	14.551	14.361	15.556	15.256	0.025	0.003	0.073		
		17.443	16.189	15.125	15.123	16.576	0.022	16.967	16.513	15.585	0.299	0.186	0.258		
		17.385	18.017	15.723	16.482	15.635	15.902	15.672	15.045	16.032	0.208	0.088	0.996		
		16.059	15.99	17.98	15.667	15.561	15.217	15.865	15.592	16.312	-0.085	0.055	0.175		
		0.055	0.029	0.039	0.168	0.026	0.128	0.002	0.048	-0.003	-0.092	0.126	-0.087		
		15.483	15.124	15.138	15.973	-0.07	0.031	0.092	0.074	0.018	-0.169	0.145	0.17		
		
	Temperature(¡C)	1	2	3	4	5	6	7	8	9	10	11	12		
		16.507	15.07	15.268	16.671	16.328	14.747	16.72	16.195	17.05	0.205	0.1	0.161	
		16.103	16.103	15.853	15.768	15.935	15.828	15.653	16.478	16.82	0.06	0.167	-0.038	
		16.32	16.423	15.272	15.504	16.198	14.551	14.361	15.556	15.256	0.025	0.003	0.073	
		17.443	16.189	15.125	15.123	16.576	0.022	16.967	16.513	15.585	0.299	0.186	0.258	
		17.385	18.017	15.723	16.482	15.635	15.902	15.672	15.045	16.032	0.208	0.088	0.996	
		16.059	15.99	17.98	15.667	15.561	15.217	15.865	15.592	16.312	-0.085	0.055	0.175	
		0.055	0.029	0.039	0.168	0.026	0.128	0.002	0.048	-0.003	-0.092	0.126	-0.087	
		15.483	15.124	15.138	15.973	-0.07	0.031	0.092	0.074	0.018	-0.169	0.145	0.17	
~End
Group:	Standards	1
Sample	Concentration	Wells	BackConcCalc	Values	MeanValue	Std.Dev.	CV%

Smallest standard value:  

Largest standard value:  

~End
Group:	Controls	1
Sample	Wells	Sample#	Values	MeanValue

~End
Group:	Samples	1
Sample	Wells	Values	Outliers	Result	MeanResult	Std.Dev.	CV%

Outlier - Outside standard range  

~End
