##BLOCKS= 4          
Plate:	Plate#1	1.1	PlateFormat	Endpoint	Fluorescence	Raw	FALSE	1						1	590	1	12	96	530	Automatic	590			6	Automatic			
	Temperature(¡C)	1	2	3	4	5	6	7	8	9	10	11	12		
	21.70	17.638	15.815	16.657	15.717	16.657	16.355	16.02	18.094	15.797	0.039	0.05	-0.045		
		17.088	16.791	16.973	16.268	16.612	16.18	16.721	16.729	13.496	0.044	-0.045	0.111		
		17.493	16.501	16.645	17.148	15.559	16.009	16.145	16.164	16.329	0.211	-0.013	0.118		
		15.059	17.395	17.634	16.687	15.787	14.498	16.474	13.504	15.455	0.137	0	0.175		
		17.044	17.485	14.848	15.705	16.645	16.567	15.941	15.641	16.756	0.244	0.378	-0.015		
		17.324	16.256	15.75	15.581	15.89	16.829	15.856	16.65	16.774	-0.021	0.058	0.041		
		0.183	0.066	-0.023	0.091	0.021	0.19	0.126	0.09	0.084	-0.078	-0.002	0.001		
		19.582	17.96	18.121	18.919	-0.035	0.055	0.012	0.034	0.292	0.15	0.014	0.041		
		
	Temperature(¡C)	1	2	3	4	5	6	7	8	9	10	11	12		
		17.638	15.815	16.657	15.717	16.657	16.355	16.02	18.094	15.797	0.039	0.05	-0.045	
		17.088	16.791	16.973	16.268	16.612	16.18	16.721	16.729	13.496	0.044	-0.045	0.111	
		17.493	16.501	16.645	17.148	15.559	16.009	16.145	16.164	16.329	0.211	-0.013	0.118	
		15.059	17.395	17.634	16.687	15.787	14.498	16.474	13.504	15.455	0.137	0	0.175	
		17.044	17.485	14.848	15.705	16.645	16.567	15.941	15.641	16.756	0.244	0.378	-0.015	
		17.324	16.256	15.75	15.581	15.89	16.829	15.856	16.65	16.774	-0.021	0.058	0.041	
		0.183	0.066	-0.023	0.091	0.021	0.19	0.126	0.09	0.084	-0.078	-0.002	0.001	
		19.582	17.96	18.121	18.919	-0.035	0.055	0.012	0.034	0.292	0.15	0.014	0.041	
~End
Group:	Standards	1
Sample	Concentration	Wells	BackConcCalc	Values	MeanValue	Std.Dev.	CV%

Smallest standard value:  

Largest standard value:  

~End
Group:	Controls	1
Sample	Wells	Sample#	Values	MeanValue

~End
Group:	Samples	1
Sample	Wells	Values	Outliers	Result	MeanResult	Std.Dev.	CV%

Outlier - Outside standard range  

~End
