##BLOCKS= 4          
Plate:	Plate#1	1.1	PlateFormat	Endpoint	Fluorescence	Raw	FALSE	1						1	590	1	12	96	530	Automatic	590			6	Automatic			
	Temperature(¡C)	1	2	3	4	5	6	7	8	9	10	11	12		
	24.10	26.176	27.065	23.31	23.368	28.285	25.78	31.38	25.618	22.63	0.053	0.104	-0.203		
		28.833	34.857	28.666	29.348	23.394	24.638	25.468	22.581	19.98	-0.08	0.107	-0.026		
		29.082	28.176	30.466	21.689	27.753	23.788	26.737	27.824	26.081	0.048	-0.134	-0.035		
		23.298	26.833	21.503	42.578	25.664	27.389	25.435	31.389	31.048	0.147	0.369	0.223		
		25.148	23.156	23.107	17.892	21.144	23.32	27.716	29.689	35.221	0.225	0.455	0.265		
		26.29	32.493	28.752	30.113	31.775	28.623	27.925	30.778	25.276	0.056	0.023	0.148		
		-0.063	0.331	0.181	0.183	0.006	0.038	0.266	0.371	0.245	0.269	0.227	0.178		
		18.8	17.823	18.944	19.211	0.287	0.044	0.409	0.12	-0.05	-0.01	0.161	-0.093		
		
	Temperature(¡C)	1	2	3	4	5	6	7	8	9	10	11	12		
		26.176	27.065	23.31	23.368	28.285	25.78	31.38	25.618	22.63	0.053	0.104	-0.203	
		28.833	34.857	28.666	29.348	23.394	24.638	25.468	22.581	19.98	-0.08	0.107	-0.026	
		29.082	28.176	30.466	21.689	27.753	23.788	26.737	27.824	26.081	0.048	-0.134	-0.035	
		23.298	26.833	21.503	42.578	25.664	27.389	25.435	31.389	31.048	0.147	0.369	0.223	
		25.148	23.156	23.107	17.892	21.144	23.32	27.716	29.689	35.221	0.225	0.455	0.265	
		26.29	32.493	28.752	30.113	31.775	28.623	27.925	30.778	25.276	0.056	0.023	0.148	
		-0.063	0.331	0.181	0.183	0.006	0.038	0.266	0.371	0.245	0.269	0.227	0.178	
		18.8	17.823	18.944	19.211	0.287	0.044	0.409	0.12	-0.05	-0.01	0.161	-0.093	
~End
Group:	Standards	1
Sample	Concentration	Wells	BackConcCalc	Values	MeanValue	Std.Dev.	CV%

Smallest standard value:  

Largest standard value:  

~End
Group:	Controls	1
Sample	Wells	Sample#	Values	MeanValue

~End
Group:	Samples	1
Sample	Wells	Values	Outliers	Result	MeanResult	Std.Dev.	CV%

Outlier - Outside standard range  

~End
