##BLOCKS= 4          
Plate:	Plate#1	1.1	PlateFormat	Endpoint	Fluorescence	Raw	FALSE	1						1	590	1	12	96	530	Automatic	590			6	Automatic			
	Temperature(¡C)	1	2	3	4	5	6	7	8	9	10	11	12		
	21.40	0.162	0.052	0.118	0.099	0.024	0.034	0.107	0.068	-0.134	0.059	-0.024	0.095		
		29.635	37.198	56.977	38.909	36.577	35.068	42.098	38.604	40.683	0.139	0.085	0.053		
		35.844	33.044	109.005	32.084	34.213	33.042	35.927	35.934	32.26	0.104	0.071	0.175		
		29.411	32.723	31.563	40.607	40.682	36.912	42.395	42.664	55.23	0.062	0.257	0.128		
		33.852	35.14	36.214	35.18	32.095	33.077	31.066	38.165	37.364	0.229	0.04	0.058		
		31.356	44.903	36.812	30.813	33.168	37.277	42.514	32.727	35.406	0.125	0.021	-0.014		
		32.565	37.522	36.331	34.563	34.534	32.57	31.457	31.184	32.702	-0.011	-0.06	0.121		
		27.297	26.748	30.442	30	0.095	0.14	0.165	0.078	0.252	0.214	-0.018	0.038		
		
	Temperature(¡C)	1	2	3	4	5	6	7	8	9	10	11	12		
		0.162	0.052	0.118	0.099	0.024	0.034	0.107	0.068	-0.134	0.059	-0.024	0.095	
		29.635	37.198	56.977	38.909	36.577	35.068	42.098	38.604	40.683	0.139	0.085	0.053	
		35.844	33.044	109.005	32.084	34.213	33.042	35.927	35.934	32.26	0.104	0.071	0.175	
		29.411	32.723	31.563	40.607	40.682	36.912	42.395	42.664	55.23	0.062	0.257	0.128	
		33.852	35.14	36.214	35.18	32.095	33.077	31.066	38.165	37.364	0.229	0.04	0.058	
		31.356	44.903	36.812	30.813	33.168	37.277	42.514	32.727	35.406	0.125	0.021	-0.014	
		32.565	37.522	36.331	34.563	34.534	32.57	31.457	31.184	32.702	-0.011	-0.06	0.121	
		27.297	26.748	30.442	30	0.095	0.14	0.165	0.078	0.252	0.214	-0.018	0.038	
~End
Group:	Standards	1
Sample	Concentration	Wells	BackConcCalc	Values	MeanValue	Std.Dev.	CV%

Smallest standard value:  

Largest standard value:  

~End
Group:	Controls	1
Sample	Wells	Sample#	Values	MeanValue

~End
Group:	Samples	1
Sample	Wells	Values	Outliers	Result	MeanResult	Std.Dev.	CV%

Outlier - Outside standard range  

~End
