##BLOCKS= 4          
Plate:	Plate#1	1.1	PlateFormat	Endpoint	Fluorescence	Raw	FALSE	1						1	530	1	12	96	590	Automatic	530			6	Automatic			
	Temperature(¡C)	1	2	3	4	5	6	7	8	9	10	11	12		
	21.70	18.107	41.326	34.612	31.044	26.5	45.931	46.323	31.859	41.852	48.583	54.021	47.325		
		8.99	9.039	8.967	11.381	8.457	9.293	10.849	13.034	13.726	47.734	52.731	49		
		8.593	9.913	8.344	12.12	10.163	13.579	13.403	12.757	10.189	47.692	50.881	54.631		
		9.21	7.218	9.495	10.195	8.418	9.817	12.021	9.42	8.962	49.051	55.559	51.218		
		9.178	10.61	13.509	9.119	7.381	12.622	12.65	11.778	11.043	48.254	58.039	54.744		
		9.597	8.923	16.773	8.834	9.203	11.556	11.578	12.511	11.08	49.955	53.393	50.401		
		7.471	7.329	8.092	8.361	7.806	7.704	7.987	7.547	8.004	50.799	56.275	53.541		
		11.371	13.277	11.876	11.633	47.247	45.63	40.755	56.529	51.263	55.864	56.55	56.728		
		
	Temperature(¡C)	1	2	3	4	5	6	7	8	9	10	11	12		
		18.107	41.326	34.612	31.044	26.5	45.931	46.323	31.859	41.852	48.583	54.021	47.325	
		8.99	9.039	8.967	11.381	8.457	9.293	10.849	13.034	13.726	47.734	52.731	49	
		8.593	9.913	8.344	12.12	10.163	13.579	13.403	12.757	10.189	47.692	50.881	54.631	
		9.21	7.218	9.495	10.195	8.418	9.817	12.021	9.42	8.962	49.051	55.559	51.218	
		9.178	10.61	13.509	9.119	7.381	12.622	12.65	11.778	11.043	48.254	58.039	54.744	
		9.597	8.923	16.773	8.834	9.203	11.556	11.578	12.511	11.08	49.955	53.393	50.401	
		7.471	7.329	8.092	8.361	7.806	7.704	7.987	7.547	8.004	50.799	56.275	53.541	
		11.371	13.277	11.876	11.633	47.247	45.63	40.755	56.529	51.263	55.864	56.55	56.728	
~End
Group:	Standards	1
Sample	Concentration	Wells	BackConcCalc	Values	MeanValue	Std.Dev.	CV%

Smallest standard value:  

Largest standard value:  

~End
Group:	Controls	1
Sample	Wells	Sample#	Values	MeanValue

~End
Group:	Samples	1
Sample	Wells	Values	Outliers	Result	MeanResult	Std.Dev.	CV%

Outlier - Outside standard range  

~End
