##BLOCKS= 4          
Plate:	Plate#1	1.1	PlateFormat	Endpoint	Fluorescence	Raw	FALSE	1						1	590	1	12	96	530	Automatic	590			6	Automatic			
	Temperature(¡C)	1	2	3	4	5	6	7	8	9	10	11	12		
	23.90	32.726	43.359	31.334	32.397	33.749	29.981	31.825	27.717	29.596	-0.088	-0.039	0.1		
		31.506	32.175	53.951	36.502	704.621	35.283	32.676	32.404	37.365	0.135	0.032	0.106		
		30.375	34.125	28.479	36.761	33.552	26.524	83.718	26.821	28.036	0.088	0.049	0.145		
		30.053	38.535	44.238	40.823	35.736	31.177	42.846	36.469	30.419	-0.052	0.086	0.175		
		60.646	29.655	36.994	34.78	36.903	35.272	32.865	36.34	36.22	0.114	0.256	0.011		
		31.221	34.774	32.204	30.811	42.789	35.75	28.414	34.673	34.268	-0.043	0.084	0.811		
		0.093	-0	0.112	0.114	0.123	0.001	-0.071	0.19	0.096	0.108	-0.006	0.244		
		29.2	32.498	31.565	29.155	-0.107	0.141	0.149	-0.037	0.092	0.087	0.08	0.138		
		
	Temperature(¡C)	1	2	3	4	5	6	7	8	9	10	11	12		
		32.726	43.359	31.334	32.397	33.749	29.981	31.825	27.717	29.596	-0.088	-0.039	0.1	
		31.506	32.175	53.951	36.502	704.621	35.283	32.676	32.404	37.365	0.135	0.032	0.106	
		30.375	34.125	28.479	36.761	33.552	26.524	83.718	26.821	28.036	0.088	0.049	0.145	
		30.053	38.535	44.238	40.823	35.736	31.177	42.846	36.469	30.419	-0.052	0.086	0.175	
		60.646	29.655	36.994	34.78	36.903	35.272	32.865	36.34	36.22	0.114	0.256	0.011	
		31.221	34.774	32.204	30.811	42.789	35.75	28.414	34.673	34.268	-0.043	0.084	0.811	
		0.093	-0	0.112	0.114	0.123	0.001	-0.071	0.19	0.096	0.108	-0.006	0.244	
		29.2	32.498	31.565	29.155	-0.107	0.141	0.149	-0.037	0.092	0.087	0.08	0.138	
~End
Group:	Standards	1
Sample	Concentration	Wells	BackConcCalc	Values	MeanValue	Std.Dev.	CV%

Smallest standard value:  

Largest standard value:  

~End
Group:	Controls	1
Sample	Wells	Sample#	Values	MeanValue

~End
Group:	Samples	1
Sample	Wells	Values	Outliers	Result	MeanResult	Std.Dev.	CV%

Outlier - Outside standard range  

~End
