##BLOCKS= 4          
Plate:	Plate#1	1.1	PlateFormat	Endpoint	Fluorescence	Raw	FALSE	1						1	590	1	12	96	530	Automatic	590			6	Automatic			
	Temperature(¡C)	1	2	3	4	5	6	7	8	9	10	11	12		
	22.80	30.626	28.284	27.368	27.959	27.846	27.17	27.292	29.277	27.103	0.015	-0.093	0.146		
		28.556	28.337	29.333	28.603	28.177	27.389	27.555	27.749	27.333	0.393	0.008	0.184		
		30.398	29.772	28.425	30.217	28.39	28.737	29.459	29.351	28.533	0.058	0.02	0.082		
		30.855	30.526	30.128	27.988	28.736	28.757	28.814	27.501	28.655	0.081	0.168	0.184		
		34.188	31.012	31.163	28.114	29.77	33.742	31.503	28.584	27.814	0.261	0.173	0.13		
		30.762	29.374	27.884	29.063	29.947	30.741	29.141	29.666	29.876	0.061	0.05	-0.008		
		0.063	0.088	0.099	0.143	0.07	0.061	0.101	-0.067	0.039	0.091	0.115	-0.055		
		32.999	32.114	30.527	31.42	0.055	-0.03	0.052	-0.023	0.182	0.058	0.237	0.008		
		
	Temperature(¡C)	1	2	3	4	5	6	7	8	9	10	11	12		
		30.626	28.284	27.368	27.959	27.846	27.17	27.292	29.277	27.103	0.015	-0.093	0.146	
		28.556	28.337	29.333	28.603	28.177	27.389	27.555	27.749	27.333	0.393	0.008	0.184	
		30.398	29.772	28.425	30.217	28.39	28.737	29.459	29.351	28.533	0.058	0.02	0.082	
		30.855	30.526	30.128	27.988	28.736	28.757	28.814	27.501	28.655	0.081	0.168	0.184	
		34.188	31.012	31.163	28.114	29.77	33.742	31.503	28.584	27.814	0.261	0.173	0.13	
		30.762	29.374	27.884	29.063	29.947	30.741	29.141	29.666	29.876	0.061	0.05	-0.008	
		0.063	0.088	0.099	0.143	0.07	0.061	0.101	-0.067	0.039	0.091	0.115	-0.055	
		32.999	32.114	30.527	31.42	0.055	-0.03	0.052	-0.023	0.182	0.058	0.237	0.008	
~End
Group:	Standards	1
Sample	Concentration	Wells	BackConcCalc	Values	MeanValue	Std.Dev.	CV%

Smallest standard value:  

Largest standard value:  

~End
Group:	Controls	1
Sample	Wells	Sample#	Values	MeanValue

~End
Group:	Samples	1
Sample	Wells	Values	Outliers	Result	MeanResult	Std.Dev.	CV%

Outlier - Outside standard range  

~End
