##BLOCKS= 4          
Plate:	Plate#1	1.1	PlateFormat	Endpoint	Fluorescence	Raw	FALSE	1						1	590	1	12	96	530	Automatic	590			6	Automatic			
	Temperature(¡C)	1	2	3	4	5	6	7	8	9	10	11	12		
	21.20	0.12	0.123	0.078	-0.02	0.014	-0.061	-0.02	0.03	-0.057	0.024	-0.048	0.118		
		30.513	36.59	58.466	38.477	36.263	37.719	43.833	38.241	42.554	0.011	0.092	0.041		
		36.378	32.966	110.557	34.578	33.436	34.21	37.015	37.2	32.3	0.138	-0.099	-0.029		
		30.868	32.624	34.999	37.539	41.855	37.538	44.333	44.762	54.37	-0.027	0.306	0.034		
		34.11	35.39	36.299	36	31.909	35.17	34.552	39.848	37.484	0.257	0.012	0.142		
		31.303	44.989	38.585	33.184	35.454	38.523	45.836	34.29	36.977	-0.024	0.237	0.066		
		33.838	36.67	36.166	34.758	33.446	33.184	32.587	30.602	33.413	0.086	0.057	0.075		
		26.894	27.12	30.722	30.062	0.025	0.21	-0.02	0.025	0.022	0.05	-0.029	0.157		
		
	Temperature(¡C)	1	2	3	4	5	6	7	8	9	10	11	12		
		0.12	0.123	0.078	-0.02	0.014	-0.061	-0.02	0.03	-0.057	0.024	-0.048	0.118	
		30.513	36.59	58.466	38.477	36.263	37.719	43.833	38.241	42.554	0.011	0.092	0.041	
		36.378	32.966	110.557	34.578	33.436	34.21	37.015	37.2	32.3	0.138	-0.099	-0.029	
		30.868	32.624	34.999	37.539	41.855	37.538	44.333	44.762	54.37	-0.027	0.306	0.034	
		34.11	35.39	36.299	36	31.909	35.17	34.552	39.848	37.484	0.257	0.012	0.142	
		31.303	44.989	38.585	33.184	35.454	38.523	45.836	34.29	36.977	-0.024	0.237	0.066	
		33.838	36.67	36.166	34.758	33.446	33.184	32.587	30.602	33.413	0.086	0.057	0.075	
		26.894	27.12	30.722	30.062	0.025	0.21	-0.02	0.025	0.022	0.05	-0.029	0.157	
~End
Group:	Standards	1
Sample	Concentration	Wells	BackConcCalc	Values	MeanValue	Std.Dev.	CV%

Smallest standard value:  

Largest standard value:  

~End
Group:	Controls	1
Sample	Wells	Sample#	Values	MeanValue

~End
Group:	Samples	1
Sample	Wells	Values	Outliers	Result	MeanResult	Std.Dev.	CV%

Outlier - Outside standard range  

~End
