24_BitC_6_1
0
0
15
1103
32
157
11
1
2
5
0
275
21
323
0
0
333
0
0
63
940
63
0
7
0
507
0
29
3
3
43
3
0
98
2451
26
0
0
11
0
2
0
1
3
0
2564
0
145
0
322
0
90
0
431
0
16
675
39
0
1396
1
0
0
0
0
22
0
516
17
11
1057
515
50
4
13
0
982
8
9
0
0
0
13
23
1162
0
32
160
10
23
510
0
485
0
0
715
12
3
91
0
15
0
5
562
82
1
0
2
0
685
1
0
19
0
0
0
0
114
177
709
12
7
0
176
81
696
751
0
1674
31
0
0
4
126
3
1
4
103
25
0
8
7
21
0
475
114
103
27
46
22
39
0
56
0
1
915
0
0
1
679
0
0
0
0
93
64
17
223
0
0
0
0
148
0
0
66
58
0
0
53
507
424
0
215
45
104
188
1
104
0
0
339
41
17
0
83
0
0
0
19
54
2
1
21
13
0
5
145
8
17
0
1
12
0
0
2
60
23
0
9
295
3
4
229
0
0
0
124
6
70
0
0
56
379
157
0
491
11
0
0
0
0
9
375
0
19
99
1245
0
0
57
184
14
0
521
36
1
0
0
10
121
1269
23
2500
64
0
0
0
181
21
1
679
0
0
40
2
0
0
685
98
668
93
0
1012
0
879
0
0
0
91
0
0
0
0
1
0
117
0
203
1
0
6
0
8
295
0
252
8
4037
0
0
0
0
0
0
92
0
136
100
0
46
0
321
104
0
169
24
6
0
29
281
197
147
0
0
250
8
19
0
0
736
232
34
990
1
15
101
38
171
1
918
0
33
18
17
27
616
270
41
3
3
7
1
864
7
0
0
234
248
3864
180
704
16
10
0
0
16
6
1
390
0
57
2
1
2436
0
65
5
28
0
183
0
0
151
713
27
84
0
414
78
3
0
4
1
0
197
4
0
0
0
0
64
7
2067
6
213
0
81
0
3
1741
267
6
0
42
0
11
667
123
0
127
11
16
3
21
0
246
0
0
0
0
2
183
924
0
8
872
191
145
0
1
0
20
4
0
1
0
0
1
0
6
0
0
0
0
17
50
0
442
0
26
0
627
0
2
1
7
2
244
63
377
33
77
1423
545
24
0
0
13
0
62
39
41
99
0
58
0
6
0
0
25
1
815
17
45
386
5
0
25
0
8
0
3
404
7
326
30
0
15
0
604
252
0
515
0
72
2
38
17
57
51
102
674
0
2
137
427
132
125
0
0
0
18
0
299
149
0
0
104
0
3
1
5
1
0
0
2
0
0
1
0
1144
0
212
0
152
0
0
0
221
477
66
0
217
4
213
121
41
0
30
0
92
1
1471
1
7
6
14
0
2099
1
14
0
277
0
389
144
18
5
1
73
0
0
0
0
174
0
1
0
0
1049
1
67
218
1
0
150
13
28
4
0
5
0
13
0
16
36
0
0
4
4
0
0
49
0
41
72
160
56
37
1279
4
0
13
0
2
0
5
0
138
728
80
11
124
6
68
4
0
383
29
0
56
0
0
216
0
290
63
3
2
2
0
243
0
1
2
242
0
0
0
0
325
5
399
2
19
0
0
0
0
81
181
29
529
0
41
59
3916
0
12
3
2
10
0
80
0
2
5
52
89
0
34
2
38
0
0
37
19
130
0
87
1514
1
31
37
473
446
1
0
188
479
5
96
1
739
0
0
0
0
165
159
0
14
34
54
1
40
1
63
72
53
1
157
0
168
0
0
0
0
0
0
535
483
0
0
144
4858
0
375
83
246
90
110
48
0
0
232
0
1
30
1
9
169
0
0
853
29
67
9
62
180
163
7
105
57
0
0
4
612
0
198
0
0
103
7
1
0
1
8
1
0
1
1
0
31
13
0
14
0
288
99
197
34
8
0
388
3
0
0
0
5
3
198
31
0
2
0
0
2
0
16
48
4
2
0
14
0
109
108
0
7
0
10
0
0
306
4
182
584
241
0
375
92
136
95
0
13
315
0
104
85
3
608
9
153
110
138
0
2
279
0
2
7
14
126
538
6
0
0
0
2
0
524
229
5
0
0
0
1385
5
0
882
5
92
0
43
3
0
331
31
230
172
82
4
0
4
0
0
179
1366
853
0
0
1
1
258
62
0
10
34
0
16
93
70
4
0
327
3
0
372
6
0
3
0
288
0
48
138
33
75
86
3
14
0
0
21
63
263
387
24
2
120
6
0
1104
202
0
33
0
280
0
2
22
205
1
28
0
2
0
2
1
0
0
99
82
47
6
0
25
19
14
0
3
503
19
41
44
5
9
0
0
50
16
0
2060
43
139
626
1
121
0
0
22
0
927
49
3
0
1117
230
158
70
1064
0
47
0
0
2607
0
0
0
0
222
0
0
0
0
74
571
466
990
39
0
0
0
22
16
27
1
0
0
73
988
342
51
19
0
0
7
155
1
0
0
0
1
1
1075
329
1848
807
0
0
0
0
0
86
0
0
0
125
17
39
0
4
1166
420
0
340
1071
34
44
29
30
0
0
136
2
0
21
0
0
0
7
0
30
15
4
0
0
0
0
996
380
0
0
13
10
54
0
0
0
0
105
28
0
125
6
0
97
4
79
733
0
286
65
5
1
4
4
0
0
0
0
215
656
46
96
95
103
170
49
117
137
2
25
199
14
71
0
0
0
0
4
707
7
138
0
0
74
64
0
7
292
113
54
172
0
101
261
1
14
2
6
0
4
0
0
1669
258
73
0
0
321
0
2
0
69
6
1443
1578
0
9
2306
32
165
76
42
40
541
240
0
0
22
0
475
7
371
1
462
0
276
0
203
582
51
0
486
0
1
77
0
249
413
3
0
0
344
0
477
0
0
2
36
1
222
0
0
4
0
0
0
0
24
0
36
14
62
2
348
137
5
243
556
0
0
1963
2
12
0
96
44
46
0
81
0
2
0
101
16
0
3
280
0
4600
0
0
0
11
0
212
14
168
52
0
59
1
51
2
0
112
112
20
0
0
130
0
172
1035
39
0
0
5
6
460
7
0
59
2
10
20
0
7
0
0
2
605
0
556
7
0
12
25
2
66
6
107
0
37
140
0
37
0
268
0
0
0
60
0
2
0
67
3
0
1
32
16
0
80
0
203
2
0
3
33
0
1706
0
3
2571
13
265
0
109
16
28
0
0
0
159
85
0
1
5
27
21
0
0
7
0
0
16
0
60
0
1
3
7
90
2
0
0
3
107
1082
109
0
0
0
42
3
0
400
372
12
30
4349
0
53
196
18
66
29
795
0
3
45
1893
31
11
30
54
237
0
0
184
62
12
243
13
384
4
235
217
90
0
31
0
16
0
0
0
0
330
1
5
0
1342
3
23
558
41
20
0
1
0
4
21
0
143
0
0
201
36
0
0
1
0
39
0
124
0
2
51
0
17
0
1
5
0
0
6
0
0
3
0
0
0
0
0
0
1
369
7
127
1
28
99
43
0
0
94
0
1397
29
0
0
0
1
9
13
1144
114
270
0
816
14
262
493
0
0
0
1062
0
129
63
6433
4242
0
0
0
36
0
9
0
0
46
0
5
1340
376
525
5
3
220
0
4
0
33
287
107
1091
0
1532
0
91
5
22
96
0
9
0
0
2
0
0
0
545
148
0
2089
67
0
0
5
141
262
294
36
676
2383
5
312
0
159
281
111
269
325
0
25
2
211
66
0
1
92
22
68
0
0
19
80
448
0
2
0
20
311
0
919
0
3
0
0
2
190
4081
0
223
0
0
6
327
0
213
0
20
2
0
926
32
2
19
0
1
4
1
309
0
1
0
15
0
3
9
141
13
6
0
15
22
2
0
0
48
0
5
20
0
11
46
85
0
0
0
0
34
0
0
0
1
76
68
14
205
2814
35
464
296
1940
0
22
0
125
5
0
1070
0
118
37
0
1
4
0
433
55
0
32
128
0
73
4
0
0
0
39
0
0
2709
379
0
0
253
537
178
2
0
17
0
20
0
357
0
110
5
0
5
0
45
0
0
0
0
33
0
0
0
0
7
423
42
9
0
52
29
20
11
2
17
70
3
140
0
20
4298
527
0
187
2
0
1
1602
88
0
0
0
0
5
419
3
0
0
14
0
0
0
0
0
4
96
0
0
145
123
615
492
37
271
3
0
4
1
10
0
0
0
0
150
46
0
331
25
360
14
0
0
68
41
12
58
0
0
41
219
0
0
71
0
1
0
302
0
0
9
0
34
57
0
14
4
0
54
173
0
0
0
1
30
962
17
5
4
152
1
145
34
275
0
48
1217
323
0
2
3497
494
196
2716
74
0
4
0
0
0
4
57
0
6
1
0
136
1161
11
0
0
0
0
3
18
31
189
0
0
13
5
14
0
157
658
139
265
229
5
1
1
0
239
3
0
6
23
11
12
41
1
0
0
4
26
26
235
23
0
0
1
0
0
0
2
52
0
0
0
21
0
71
0
0
39
96
0
6
0
298
0
203
0
0
8
4
0
0
1
0
785
1
1
14
52
0
110
105
13
0
7
0
0
0
0
141
0
500
332
614
22
0
69
71
2
2
5
235
81
1
9
0
1379
0
26
1
12
4
19
5
41
2
1
0
218
3
205
55
50
195
18
0
0
1
0
1
43
225
84
0
21
0
28
2
0
0
108
0
38
0
0
62
36
8
91
11
542
9
0
125
0
512
0
13
0
58
13
52
134
268
0
403
39
0
0
19
0
0
2
153
285
10
3
66
0
0
12
0
6
0
4
153
18
8
1353
236
6
357
0
29
17
0
0
156
0
111
0
5
4
15
12
0
1
7
762
0
116
312
2
0
1445
25
0
0
0
5
6
2
1286
70
70
0
0
0
0
0
0
9
42
2
0
6
1
9
2
0
15
20
0
0
0
4305
0
6
0
10
17
316
229
1777
1
2230
11
7
8
2
11
12
1017
0
450
852
0
5
104
1
99
3
0
4
485
0
15
77
0
0
883
0
85
252
0
0
85
181
0
4
226
244
0
983
1
514
1
1624
14
0
107
0
16
89
422
11
170
5
15
0
1530
164
16
11
406
0
130
12
490
63
0
106
0
52
81
169
0
1
0
1
14
127
4
22
1793
65
360
150
0
0
0
1
35
89
0
30
113
5
494
637
0
111
113
21
0
0
3
0
632
0
59
0
136
18
0
0
5
3
0
1
1356
1046
0
1
98
1
3
0
72
2
218
19
1
0
125
320
0
6
0
0
0
0
342
241
2
0
1105
12
407
179
38
43
0
3
42
0
6
0
0
4
6
0
72
220
0
0
32
243
0
0
52
0
0
0
526
136
42
0
0
884
0
317
347
2
0
69
2
1
1
58
159
7
0
0
0
3
13
72
2
4
0
112
5
0
0
3
3
0
165
113
17
0
0
271
2110
5
129
0
5
0
15
3
1
586
1
0
14
174
48
2
0
1
15
111
1
22
0
188
0
571
0
0
8
29
7
1
0
12
0
0
8
83
9
0
28
0
0
16
6
5
0
0
248
0
0
0
40
9
17687
0
22
170
134
0
53
1
0
0
0
273
67
428
1
183
0
0
161
7
0
42
0
288
1092
0
42
0
75
0
847
0
278
104
0
0
0
0
0
0
1
0
1
0
7
0
0
2
372
129
96
0
0
154
14
1
53
797
8
178
38
0
669
91
0
65
1
0
0
349
23
192
0
11
0
0
20
504
259
0
228
49
14
0
0
93
86
0
396
0
0
346
3
106
71
2
56
0
0
221
551
7
15
5
0
1
1
3
181
167
154
0
19
0
84
0
0
156
0
39
27
3
537
22
6
40
6
0
1
597
114
0
157
2
91
412
3
13
2067
124
0
0
3
308
57
0
4
2
5
0
0
0
35
40
0
17
0
0
0
0
3
245
1
109
1
1
26
13
144
0
1
0
0
216
157
42
2
0
0
72
0
0
0
8
961
1615
0
4
1621
26
34
478
0
144
0
0
9
536
2
0
5
38
80
14
0
0
0
1
0
1054
0
0
688
9
53
9
1792
243
0
1
219
1445
26
1464
305
0
17
22
324
0
26
16
12
11
0
0
0
334
0
3
576
0
1151
1
0
5
0
18
0
77
189
0
462
8
88
0
64
1086
2710
2
10
60
6
546
145
0
6
1
201
0
0
0
116
163
1
906
0
21
6
348
1
47
243
683
37
65
153
0
613
1
398
384
2
1290
0
236
121
97
166
4
0
5
0
0
22
38
10
1
134
0
0
13
12
0
0
3376
129
73
122
86
114
1
2
3
9
0
527
0
11
0
0
0
2400
0
147
187
0
555
0
5
360
17
14
623
1
0
92
0
1
0
0
7
0
0
0
21
146
20
0
26
0
0
127
1
0
0
1098
180
619
182
5
543
32
0
0
57
4
0
0
0
1
21
126
5
0
3
0
0
0
12
4
22
643
11
53
2
59
0
4504
0
0
4
60
0
3
83
0
145
1
36
51
0
700
166
19
57
50
0
0
391
226
1063
50
0
0
80
0
0
0
0
1533
3
2249
259
121
93
315
0
7
0
0
23
0
219
0
3
122
94
12
87
3
393
20
2
0
69
0
34
0
44
6
143
64
0
1293
27
0
26
13715
0
41
1258
380
437
385
171
539
98
811
0
995
1667
3
22
2
2
0
0
230
0
128
85
1469
0
9
169
119
0
1426
94
52
0
2
1
0
2318
0
5
375
0
330
1
34
6
0
769
44
0
0
624
108
0
0
0
0
125
0
91
1
1195
10
103
41
432
0
1
151
521
0
4
8
97
134
41
1
22
272
94
0
1
133
46
152
0
0
14
22
0
42
29
0
155
0
0
0
0
0
16
2
0
5
0
0
0
0
10
0
7
757
12
0
1
2456
0
0
3
0
0
72
0
78
1
1
71
0
0
0
4
0
0
155
20
0
0
0
79
0
0
0
127
51
0
0
0
80
0
0
7
20
0
0
4
0
6
0
0
0
0
61
1
0
28
1138
0
0
20
2
1
146
21
137
6
4
2
0
42
0
0
0
32
0
97
0
0
1
0
8
0
51
0
0
225
30
0
368
8
0
1639
107
5
0
34
263
0
0
10
0
0
41
30
98
0
144
6
0
3
1783
346
3
1
158
3
2
41
0
7
23
0
19
0
0
0
4
454
0
4
0
0
662
1
185
21
8
0
0
34
915
315
200
2
0
7
0
0
1
9
0
0
223
2
0
45
0
0
0
0
0
82
1970
25
4
0
15
0
0
0
0
0
0
0
0
0
0
0
0
0
6
0
0
8
19
0
0
0
52
0
45
0
0
0
2
0
0
0
5
1
0
0
0
0
2
56
0
0
8
21
210
4
0
0
0
0
0
2
5
0
4
0
1
0
0
0
4
0
1
0
0
1
10
0
0
0
0
0
0
0
0
0
6
0
0
0
0
5
0
1
1
839
0
0
0
30
1
0
0
0
873
0
0
88
82
0
0
39
0
0
3
0
0
0
2
50
125
0
0
0
2
307
33
0
29
2
0
0
0
0
0
0
0
3
2
0
28
0
0
0
913
0
1
0
0
0
0
0
0
41
0
59
0
43
0
15
0
2
0
0
136
0
0
2
0
4
3
0
0
0
38
11
0
11
0
2
56
0
0
0
11
27
1
47
0
0
0
65
0
10
0
358
0
0
0
0
7
0
0
0
2
34
2
0
0
0
335
0
0
645
217
0
0
55
61
3
0
1
0
0
60
0
0
37
2
66
6
0
0
0
4
0
0
0
3
0
73
0
0
399
1
0
0
0
0
29
0
6
0
4
0
0
0
2
0
1
0
0
0
73
0
37
0
0
164
0
0
0
0
0
199
1
0
9
0
0
0
0
0
1
3
0
0
28
0
0
54
3
0
0
0
32
4
0
0
36
0
0
4
0
0
0
6
0
0
0
0
0
0
3
0
1
0
0
0
0
0
0
0
1
4
0
0
0
1
89
8
0
22
5
2
0
0
0
14
0
0
0
0
0
0
0
0
1
0
0
0
0
0
0
73
0
10
0
0
0
0
144
0
0
0
114
0
3
0
0
0
10
0
6
0
1
10
0
0
0
0
0
1
1
2
0
0
0
0
1245
0
0
0
2
0
0
0
0
0
0
0
15
10
0
0
9
0
14
393
0
0
0
0
1
0
3
0
0
0
0
0
0
2
0
215
97
0
0
0
1
0
0
0
0
499
2
0
0
0
0
0
0
0
0
454
16
0
561
0
0
28
1
0
0
0
0
0
2
2
0
1
0
0
0
0
26
0
0
0
0
0
0
0
0
0
0
102
0
0
0
58
7
0
129
2
56
0
0
0
0
0
4
0
0
0
0
0
0
10
3
0
0
0
84
0
3
335
0
0
3
7
0
0
0
0
0
0
0
58
0
0
0
0
136
0
0
0
0
54
0
0
0
0
0
0
0
0
0
0
59
0
4
0
2
222
325
0
0
0
1
14
0
0
0
0
2
0
0
0
5
0
30
0
0
8
0
29
80
2
5
2664
0
0
0
1
391
0
24
0
0
0
0
0
3
0
0
3
190
0
4
1
0
20
0
157
0
0
0
0
0
0
0
0
3
0
0
5
0
7
0
0
0
380
0
0
0
0
0
0
0
0
1160
2
77
0
0
0
0
2
0
0
0
91
0
0
289
0
0
179
21
694
0
0
0
0
0
58
0
0
4
0
426
1
0
0
0
0
3
2
0
8
24
10
0
0
1
0
0
1
0
0
9
60
1005
0
1
6
16
1458
0
433
0
1
0
96
0
0
3
3
38
0
0
0
0
31
0
0
0
47
0
0
0
0
0
0
0
26
0
0
0
0
10
0
27
0
0
9
0
16
0
0
0
1
0
679
0
0
0
159
0
0
20
0
0
1
0
0
0
0
58
0
1
0
0
64
855
155
0
0
0
0
1
0
0
0
323
0
14
0
0
0
0
0
698
0
429
0
0
7
0
0
0
0
1
0
0
1772
0
0
0
0
0
0
64
0
0
0
29
0
126
4
0
2
0
676
0
0
0
43
0
0
0
0
0
1
1
0
2
0
0
0
0
144
1
0
0
0
254
0
0
0
198
0
2
0
21
378
0
11
0
0
0
0
0
3
0
0
798
0
5
0
0
0
0
0
193
131
0
0
25
0
371
0
0
0
0
0
0
0
10
5
0
0
0
45
17
0
2
0
0
2
0
0
0
59
12
0
0
571
0
67
44
0
0
0
0
4
0
0
0
0
99
1
0
2
26
0
0
0
5
0
0
0
0
0
0
1211
0
1
11
0
0
0
1502
53
4
19
5
0
0
2
2
6
0
18
0
2
0
0
0
0
0
0
0
0
0
0
179
0
0
0
0
879
4
0
0
0
8
0
0
1
0
3
16
17
0
0
0
0
0
178
0
164
3
0
8
0
5
1161
60
0
0
70
276
0
129
38
0
0
32
0
0
0
0
6
42
28
0
2
0
0
0
0
0
0
0
0
0
0
0
181
100
0
711
2
0
0
0
0
42
0
1
0
0
0
1
0
0
0
17
50
3
198
0
0
0
12
0
0
0
0
311
0
0
0
65
4
1
0
0
0
0
0
2
0
1
0
0
4
26
52
0
0
0
0
0
1
156
0
590
0
0
0
0
0
0
0
374
0
0
44
3
0
0
5
0
0
576
0
0
8
0
0
0
1
0
24
92
14
32
0
0
1
2
5
87
0
1
0
0
0
0
0
0
292
342
9
0
116
0
0
0
0
0
0
1
27
739
0
0
0
0
0
0
202
0
0
0
0
0
0
11
0
0
1
0
0
3
2
37
0
3
0
0
177
0
0
0
0
3
4
0
0
0
0
15
0
0
135
0
0
0
0
0
0
12
0
0
0
0
0
15
0
0
0
0
9
0
0
0
0
0
0
2
0
62
0
0
9
25
0
0
0
38
0
0
13
0
0
143
0
0
1
3
256
5
0
0
21
0
8
2
0
7
16
0
0
0
66
0
161
1
0
56
0
131
0
690
79
0
0
7
0
46
0
0
0
0
7
0
0
0
9
1
0
6
0
10
234
209
0
4
0
0
5
0
6
0
0
0
2
0
3
0
0
5
3
413
30
333
0
1
0
101
0
0
5
0
12
5
0
352
357
0
0
0
0
0
6
491
0
28
15
0
0
0
0
75
0
0
2
6
1
1
0
0
0
9
0
3
5
0
0
142
0
0
0
0
6
0
0
0
0
2
2
0
0
0
0
0
0
1
0
4
3
0
0
0
28
23
6
0
0
115
0
0
180
0
0
0
0
491
0
0
0
0
58
624
0
1040
0
2
0
0
0
0
0
5
0
1
0
0
2
0
0
0
56
0
20
0
2
0
0
0
0
42
3
41
0
0
0
0
446
1
1
37
5
0
13
12
0
420
46
0
0
0
0
0
0
0
0
356
0
0
1
44
68
0
0
0
0
40
142
5
1
2
21
13
0
2470
0
22
0
0
50
0
137
403
48
166
0
0
28
0
236
2
0
34
1
0
0
0
0
0
0
765
0
0
1
0
0
0
0
0
0
0
255
578
0
2
0
0
0
48
0
0
113
62
0
0
5
2
0
43
0
0
0
0
0
0
0
0
0
0
3
0
5
316
0
11
0
0
0
0
0
9
9
0
0
0
39
7
0
0
0
0
0
0
0
2
1
0
85
403
0
0
0
1
0
0
0
67
224
0
7
59
0
0
0
129
0
0
1
19
0
44
1
100
3
2
0
126
0
0
0
0
0
0
0
0
0
0
0
0
3
3563
127
0
0
0
0
0
0
0
119
386
274
0
3
129
0
6
0
0
0
0
0
0
0
202
1
2
27
91
1
0
8
0
568
0
0
0
0
0
670
1
16
0
0
831
78
0
0
0
0
0
0
0
218
8
0
88
0
0
0
87
0
2
39
0
0
3
0
0
0
29
0
32
68
1
0
0
0
0
0
136
0
998
55
0
2
1
0
0
186
742
0
0
1
0
1444
1
0
11
0
0
0
373
0
706
273
0
0
0
0
0
0
0
0
0
0
0
0
918
0
1
0
48
0
0
0
0
0
0
0
0
0
27
1
1370
21
0
0
0
0
1
0
0
0
0
8
150
10
0
0
0
73
0
0
0
0
37
2
0
5
0
0
7
1
0
0
1223
0
0
4
1
67
0
157
0
9
0
65
0
0
0
35
0
7
0
0
26
3
10
0
0
0
339
0
0
0
0
0
3
0
239
22
4
530
0
1
293
0
0
1026
0
1
19
3
0
1
0
0
0
0
0
2
0
0
1
0
0
2
1
0
0
5
0
0
0
0
225
0
0
0
186
1
0
0
0
0
6
0
1
0
0
0
4
0
1
0
0
0
0
15
178
0
3
0
0
642
0
0
2
0
103
0
0
0
0
0
0
170
0
8
0
0
0
9
969
16
48
3
353
3
0
11
0
0
0
3
1
16
1
2
0
0
1
0
0
11
0
181
3
0
25
0
0
0
0
0
1023
26
1284
0
0
5
0
129
126
0
0
50
904
0
0
0
17
0
0
0
0
0
1
17
1
1407
3
4
3
5031
0
4
16
0
0
1
0
0
0
0
1
29
0
39
0
47
0
29
131
0
1
0
17
0
0
0
109
2
1
63
23
0
107
0
0
0
15
0
0
0
4
104
198
0
0
0
0
15
0
0
3
0
0
1
0
43
0
23
0
0
0
0
0
0
26
0
0
0
2
0
8
111
0
0
0
3
0
0
0
1
0
0
1
1
0
1
0
156
0
1
0
1
0
9
1
0
3
0
0
0
0
0
0
0
0
0
0
0
2
0
7
10
0
0
0
0
0
0
0
0
1
0
0
0
0
0
10
0
0
0
0
135
960
2
0
0
6
0
0
0
0
0
0
0
0
0
0
0
0
1
0
0
109
0
475
0
231
0
0
110
0
0
152
0
0
0
0
0
0
664
0
6
0
0
0
4
0
7
0
0
321
0
32
0
0
0
0
0
0
0
295
0
0
0
0
0
0
0
0
0
0
3
0
0
1
0
0
0
8
0
0
0
0
0
0
4
0
0
100
0
0
0
0
0
0
11
0
0
0
0
0
336
0
875
0
0
0
0
0
0
0
0
1
0
0
85
0
0
0
0
63
0
171
0
0
0
0
0
0
370
0
0
59
0
0
0
6341
0
0
0
0
9
0
116
15
22
35
0
0
0
0
7
92
18
0
0
0
64
0
0
2
0
0
354
0
0
0
0
19
0
331
0
22
0
0
0
355
0
0
14
0
155
0
1673
0
6
0
110
6
0
0
0
0
0
0
1
2
0
0
0
1
0
0
0
0
0
0
1
0
0
0
0
0
224
0
120
0
0
0
5
0
0
0
0
0
121
1
0
0
0
0
0
0
0
0
0
12
0
0
2
0
0
0
0
0
0
1
4
62
2
0
1
0
1
0
139
0
0
3
0
0
0
0
0
0
0
0
0
0
0
0
0
5
2
0
1
4
0
0
0
0
0
0
1
6
0
1
0
0
0
0
0
0
0
1
1
5
0
0
0
4
0
0
0
0
0
0
0
0
3
0
0
1
0
0
0
0
26
0
0
32
2
0
0
11
0
0
0
1
103
288
1
18
0
2
0
22
0
0
92
0
2
0
0
0
0
3
0
0
0
0
1
0
0
59
0
4
0
0
0
0
3
0
197
0
0
16
35
15
0
0
0
0
0
5
1
0
0
0
0
33
0
0
0
0
0
0
606
0
0
0
0
0
0
13
0
0
0
0
0
0
0
0
0
3
0
2
0
285
6
23
0
8
0
0
1
163
0
0
0
0
0
0
0
253
0
0
0
0
0
485
0
1
187
53
2
0
0
0
0
0
5
0
0
0
0
0
0
0
3
0
257
0
0
0
0
0
3
116
0
0
0
0
0
1
8
0
0
12
0
390
0
1
1
215
1
0
0
0
0
0
33
196
0
2
6
0
0
0
0
0
10
3
1
0
0
1
27
0
0
0
0
0
0
0
1
0
0
0
0
0
2838
51
59
0
15
0
0
60
1
0
8
2
15
318
9
0
0
8
0
0
2
0
1
0
0
0
0
7
97
3
0
330
0
300
48
250
0
0
0
0
0
8
0
5
283
3
1
69
3
59
0
0
150
229
52
616
4
0
0
146
8
0
4
4
0
0
8
0
56
244
0
69
0
2
0
49
0
2
0
0
62
0
0
0
393
0
16
0
0
4
0
0
58
0
97
20
237
0
19
0
0
0
0
1
60
20
133
20
16
1
13
0
30
0
4
254
11
0
0
128
0
131
3
1113
183
0
0
0
68
0
0
0
2
0
0
0
0
318
0
210
0
636
0
0
0
0
1
11
12
2
0
0
1
0
0
0
0
89
118
17
0
0
515
1
0
1
0
0
10
0
2
355
0
8
0
1
4
0
4
58
0
0
136
0
29
0
26
0
10
0
77
0
0
24
0
0
282
205
3
2
0
8
0
0
26
2
0
2
0
1
432
0
0
1
3
0
9
1
0
5
0
0
310
312
0
4
339
0
204
0
113
5
97
0
39
0
0
3
236
0
27
2
0
3
217
0
0
0
33
2
39
0
2
0
0
0
0
0
0
137
0
0
0
0
0
0
0
0
0
50
0
0
3
0
0
2
0
0
2313
2
327
0
0
0
0
17
32
0
351
1
0
0
7
0
0
46
0
3641
67
507
0
0
124
28
60
9
1
0
2040
0
201
154
213
0
169
0
42
765
262
1
2
0
6
896
0
2509
0
0
0
0
3
95
2
2
0
0
0
41
2
28
15
2
92
368
0
599
0
1
0
154
84
1
0
145
48
2
209
0
40
53
0
1
0
32
0
0
0
1
0
141
1
0
2
1413
0
0
4
28
0
42
155
28
2
0
171
81
0
0
0
3
1
0
0
2
0
1
2
0
6
0
0
0
312
71
56
0
15
0
0
0
296
0
0
40
0
39
0
0
191
51
1
100
0
2
0
0
147
5
26
0
0
0
0
0
3
0
14
0
168
84
5
0
4
206
80
0
0
381
8
40
0
13
0
185
2
0
30
0
0
2
13
649
0
30
0
7
558
20
10
12
25
0
2525
11
0
7
1
8
423
0
0
36
69
368
0
98
526
0
0
13
22
31
0
197
0
0
0
0
0
0
7
73
0
0
96
0
64
2
0
36
0
0
0
0
0
48
0
94
70
0
1
0
0
1
0
0
463
4
484
1452
529
11
0
17
2
0
7
0
0
0
332
632
0
145
0
5
0
549
0
2
54
1
0
0
21
0
12
0
1
0
129
0
18
1
10
0
0
69
0
0
31
1
40
561
21
0
1
17
294
208
1
0
0
0
0
1
538
19
0
717
0
1
0
37
2
280
12
0
1
0
29
9
169
287
0
1
0
0
0
28
0
0
0
0
0
1
4
0
1033
0
57
183
0
0
0
0
24
167
0
0
3
0
28
0
23
455
0
0
0
0
14
0
9
0
25
0
0
0
41
5
0
0
0
2
731
1
0
55
0
0
0
0
22
0
58
56
0
0
0
0
2
195
0
0
0
0
137
15
0
19
0
9
2
16
60
0
32
0
0
0
0
96
0
2
305
0
1
2
0
1
0
55
0
67
19
4
0
0
108
14
0
0
1
272
111
8
0
0
1
0
0
114
3
0
0
14
1
0
1
0
0
0
71
0
0
4
0
0
0
0
2040
0
36
0
0
0
13
0
0
0
0
572
0
0
0
125
0
103
0
0
0
1
147
0
1
0
0
0
0
0
0
87
0
0
0
1016
0
11
5
0
74
0
911
0
0
0
2
1317
52
0
111
8
0
0
0
9
142
0
26
19
7
1
0
0
0
1
2
21
498
47
48
0
0
1
1
9
0
0
373
780
0
85
0
0
0
0
0
9
182
0
0
35
1
315
40
68
0
2
161
296
4
32
0
583
0
16
0
0
0
0
0
7
219
674
71
22
5
0
0
0
1
151
46
0
0
1
513
0
0
51
0
0
98
50
0
223
3
1
784
0
0
46
0
0
0
1
0
562
0
4
3
4
0
0
0
9
1
1
381
0
0
0
0
0
0
17
0
76
16
11
4
0
9
0
0
0
942
197
4
12
9
165
0
17
9
0
0
0
0
0
0
0
3
0
4
1
0
45
0
0
235
5
13
3
0
16
0
6
0
0
0
0
0
0
0
15
0
15
39
6
0
0
0
0
0
0
0
93
0
0
4
2
0
0
1
0
0
16
63
0
1
2
3
701
0
1
11
59
2
15
0
0
0
0
0
0
0
0
7
8
0
16
33
0
0
0
22
0
205
4
0
0
621
42
0
0
0
32
8
0
0
55
815
0
9
0
93
19
1551
117
375
0
3
275
12
0
475
0
0
3
17
0
3
30
0
0
117
0
2
0
8
7
1
4
0
0
0
0
3
0
0
0
0
0
86
95
51
7
0
0
9
151
2
76
149
0
0
4
0
9
0
0
49
0
35
0
0
20
25
1336
1
0
2
0
0
0
68
31
1075
0
5
7
4
0
0
0
0
0
24
497
0
2
0
0
3
0
50
100
2
28
0
531
83
0
0
0
193
2237
0
311
0
0
20
238
18
0
6
10
0
1
17
20
2
0
26
0
1
1
0
10
352
131
438
0
0
63
0
2
0
14
2
0
36
0
0
0
0
52
27
0
3
0
0
14
251
0
1
0
1
0
0
253
0
0
219
376
944
441
1
0
46
1
15
0
2
0
198
1
0
0
0
0
16
0
5
0
1
0
21
2
379
1
6
0
54
1
0
1322
0
2178
0
1
0
81
24
10
0
850
0
0
31
44
452
8
6
615
28
13
0
27
4
368
9
1
3
0
0
10
903
0
119
0
76
19
0
1
26
274
0
47
6
626
348
1
2
0
17
0
0
1
0
294
229
291
0
70
0
110
0
36
0
0
198
52
0
0
0
359
0
4
0
73
11
91
0
479
0
0
3
0
15
87
0
232
36
17
4
213
123
48
18
2
0
131
0
0
0
155
0
0
45
0
0
2
133
0
0
3
0
0
0
36
855
6
1
396
157
2
684
0
0
0
5
0
304
149
0
103
21
0
0
0
0
0
32
45
33
2
133
0
0
0
0
9
0
376
0
1
387
0
1
0
12
0
0
0
56
34
1
0
0
0
116
0
0
485
0
4
0
27
2
0
37
0
34
0
0
66
0
6
0
3
0
472
19
204
0
0
404
155
3
30
29
0
0
0
0
46
0
1
1
0
0
0
9
0
66
0
78
2
42
20
22
0
10
1
0
4
0
8
16
11
96
636
864
30
83
0
0
0
10
0
253
0
0
1
0
562
5
8
521
29
356
392
0
0
8
0
42
0
13
1
0
355
52
1
0
79
30
2
7
0
67
80
161
0
0
0
0
101
0
0
0
329
45
2
17
26
0
54
0
19
6
3
0
12
0
0
181
404
0
22
0
194
4
0
0
5
1
329
0
0
0
1
0
0
0
0
0
4
0
0
1
9
342
159
299
3
0
0
0
38
42
0
0
0
0
0
65
164
0
0
1
15
0
0
0
0
18
6
0
0
0
0
3
0
0
9
3
4
19
31
27
2
0
0
8
154
14
0
19
0
161
0
0
0
0
0
103
0
288
0
166
0
98
19
0
129
311
409
2
1
20
0
0
0
36
0
9
15
1
1
27
70
3
0
9
232
1
9
0
24
804
0
0
0
54
11
7
63
32
33
30
0
13
0
3
27
0
343
0
0
0
40
0
0
4
1
0
45
20
88
3
0
0
0
0
19
64
7
82
0
0
246
0
762
0
0
10
537
0
0
32
0
0
0
15
0
0
207
6
0
0
0
0
4
0
0
0
0
0
4302
0
29
0
0
0
4
212
10
78
187
88
1419
35
0
50
0
503
29
0
189
0
102
0
28
0
78
0
33
1
0
0
0
2
8
0
1
3
55
0
0
0
0
66
6
9
253
0
0
0
129
0
0
0
1
6
0
104
2164
0
201
0
0
20
66
4
0
0
11
1
0
0
0
150
0
0
0
19
0
1
0
0
0
1
2
146
36
70
3
10
450
0
0
1
5
0
919
0
0
0
115
0
286
78
14
0
5
0
0
0
0
0
0
270
36
193
0
124
0
0
13
1259
3
20
0
0
10
0
0
0
0
0
0
238
0
4
48
0
0
0
0
0
0
2
9
672
0
0
17
0
455
0
0
0
0
380
0
206
10
0
0
7
0
0
1
947
0
0
0
0
0
0
0
0
0
38
4
0
0
11
0
166
3
0
57
0
27
20
0
52
0
0
0
0
0
28
0
0
0
0
0
0
0
1
23
2
411
0
0
1155
0
1
0
48
0
0
9
235
9
113
0
0
31
0
0
1
0
8
0
0
34
11
2
0
0
0
0
1
0
0
15
0
1222
2
38
324
3
0
0
0
11
0
0
344
0
0
458
0
0
1
0
319
3
0
0
0
1
3
36
19
0
0
1
3
0
0
373
0
34
0
3
17
0
2
1
34
8
3
3
49
258
0
9
2
135
12
0
5
2
0
0
0
0
0
0
0
400
1
0
1
0
2
22
1
0
0
261
0
0
0
0
308
5
0
0
0
186
521
0
8
1
0
28
41
52
212
0
0
0
0
6
0
3
304
32
40
8
0
486
291
2
0
2
9
0
0
2
23
159
0
0
0
0
0
0
153
0
0
0
0
0
347
19
0
178
225
101
66
0
3
4
0
2
3
0
49
160
0
24
39
88
646
1
0
475
0
17
1
0
0
0
252
0
738
0
58
547
7
90
0
0
0
0
28
0
12
0
0
0
135
2317
0
324
88
1
0
6
0
35
1
2
0
0
0
0
231
4
0
0
0
0
0
72
0
13
28
0
762
0
3
0
0
50
18
2
47
0
0
0
0
0
0
0
0
0
0
129
0
91
0
9
11
121
89
2
27
0
0
0
0
1
0
86
2
0
17
39
0
0
158
0
0
0
0
5
9
0
179
102
0
28
56
0
0
51
669
1
0
0
4
0
0
8
596
44
3
0
0
0
0
0
14
106
732
0
312
20
175
14
1
0
0
6
0
0
254
1466
0
0
0
0
0
164
144
20
1
0
0
0
13
254
0
3226
0
0
581
291
0
0
2
0
0
0
10
84
0
0
5
2
0
108
0
0
41
20
0
409
1
260
1
143
0
0
0
0
0
0
125
1831
0
192
0
180
7
101
325
0
0
0
0
118
69
0
44
188
4
4
2
8
341
175
0
0
0
40
0
0
0
0
0
0
0
8
0
0
13
0
12
0
0
0
884
0
0
0
379
3
6
0
141
0
0
1
1000
0
0
0
824
68
5
0
0
6
0
24
130
971
0
0
69
0
332
0
3628
0
1
158
0
0
0
2
0
0
0
4
0
53
0
501
115
0
18
10
19
0
76
0
67
469
2104
1
180
310
0
0
0
24
0
131
2
0
1
2
0
0
319
0
8
0
0
2
30
0
0
29
9
3
3
9
123
60
2
1
1
0
16
283
1
101
35
5
0
0
0
384
0
0
147
0
0
0
0
850
0
41
0
1
99
0
2
2
3
55
0
0
0
231
2
0
22
0
11
2
1
2
88
3
0
125
269
0
4
1
12
44
1
0
0
0
46
0
42
0
0
6
6
0
0
259
66
0
10
489
22
51
345
163
0
0
2
0
0
7
0
255
194
0
0
0
0
11
89
6
0
8
6
1058
2
1
0
0
205
36
70
0
738
9
0
0
268
4
0
0
0
0
2
223
38
34
7
439
0
0
0
0
0
0
321
0
3
121
226
18
0
45
0
0
0
262
161
105
0
4
0
0
159
0
4
705
0
0
0
117
0
0
0
0
0
795
614
0
2
17
128
0
0
0
1
0
7
475
556
0
443
0
10
0
0
45
0
6
0
0
0
15
3
0
0
0
1
4
52
7
0
0
0
66
0
0
0
0
0
12
684
22
0
0
167
0
266
45
4
4
61
34
0
0
0
0
273
19
0
6
224
608
0
0
0
0
0
0
0
0
0
0
13
0
35
0
624
0
0
0
389
0
2
64
0
10
0
2
0
2
0
305
505
2
366
0
0
46
0
3
1
0
0
0
18
0
0
1
0
0
0
665
39
13
35
0
0
0
12
0
116
91
0
3
491
0
0
0
197
0
0
4
3
4
443
2
0
411
1
0
0
0
0
5
0
0
1
19
1
0
0
0
0
0
0
0
0
0
0
0
149
0
0
8
0
0
8
0
0
0
38
13
1
0
423
0
4
1118
0
24
0
2
35
0
0
0
22
7
0
8
991
0
55
0
0
78
1
0
202
0
157
0
0
0
6
363
0
0
0
0
0
37
181
15
0
0
0
24
234
673
0
6
3
0
8
0
1
0
10
66
0
1
14
9
0
0
0
141
0
0
0
0
31
0
99
0
0
11
18
831
121
32
117
0
0
52
695
0
2
952
0
0
0
11
88
0
0
27
0
0
0
8
0
13
0
12
1
0
0
8
1
0
1
0
592
0
4
0
53
0
0
8
12
0
0
0
0
25
0
4
0
0
47
15
2
0
0
618
3
110
25
3
0
89
0
0
0
26
47
1
4
0
13
2
245
0
0
3
104
933
0
0
55
0
114
2
0
0
0
312
0
0
0
0
21
13
10
35
19
0
74
0
0
0
354
44
29
0
18
21
0
15
0
0
60
0
2
0
78
371
0
0
0
85
0
577
0
2
258
0
0
0
0
0
0
0
4
2
4
184
0
10
54
0
281
19
2
0
75
0
2
0
0
379
0
1062
571
50
124
0
0
98
1369
0
0
2
29
0
0
0
0
66
0
144
2
0
117
477
0
0
0
0
2
0
253
4
0
76
0
0
363
0
5
0
37
549
0
0
0
79
0
0
33
250
0
1
0
0
293
239
16
8
0
0
0
2
0
2
0
0
27
0
0
3
10
8
795
205
3
1
65
0
0
0
0
1
0
0
0
0
431
1
132
0
2868
0
433
2
0
0
104
0
1
2
1
2
21
30
158
45
11
32
0
55
0
71
0
5
0
0
0
40
0
0
156
3
132
0
0
0
0
7
26
172
0
6
0
0
0
1162
0
147
29
94
55
38
9
0
0
155
31
0
194
1
0
0
0
67
0
0
6
3
36
1
0
3
14
1
0
11
0
289
0
0
0
5
0
0
0
0
304
0
0
0
53
0
11
42
0
3
0
81
0
0
1
252
0
3
2
267
27
34
77
0
1
374
0
0
259
0
1
0
135
0
3
1
104
0
0
0
0
0
141
8
753
30
0
0
0
0
169
0
25
0
175
35
1
228
0
161
85
8
10
146
0
0
41
469
0
390
0
24
0
61
0
4
0
0
402
0
0
0
28
0
1057
0
3
0
13
0
40
0
7
7
52
0
3
101
1
0
0
0
84
0
2
69
1
0
0
168
39
41
30
0
0
0
8
39
67
2
0
22
0
0
0
1
0
0
381
0
0
13
14
45
0
0
2
0
163
1
32
0
5
42
27
0
0
0
4
0
38
0
19
0
3
0
0
63
0
31
274
0
176
50
0
38
0
47
41
0
13
0
28
0
97
38
10
0
0
194
7
3
0
7
0
36
277
971
48
0
0
0
0
0
263
125
0
9
0
61
0
23
0
0
0
0
27
1
33
0
9
7
65
4
2
4
34
167
0
74
0
0
0
16
6
0
0
0
3
0
131
63
0
83
21
1422
7
281
0
21
27
0
2
0
0
13
0
0
2
0
0
9
33
0
0
0
0
11
135
0
137
21
298
28
2
649
29
82
0
0
0
0
2
0
436
0
104
7
6
0
11
4
0
0
27
0
26
0
0
0
70
31
689
14
0
49
0
9
0
8
2
0
128
0
3
14
179
0
0
0
316
0
320
1
0
0
8
244
9
0
141
23
0
0
0
1
0
399
3
32
567
422
0
48
0
0
88
21
460
195
0
0
0
41
0
74
108
115
21
5
0
3
0
78
756
0
0
26
9
0
0
0
0
136
0
538
542
195
0
0
555
0
663
0
0
6277
0
0
0
0
17
17
7
0
0
28
0
152
97
0
269
17
52
3
0
305
0
1
136
128
0
0
0
75
12
151
0
0
0
0
2
0
0
0
3
0
12
0
0
0
42
0
105
0
0
324
1
482
79
0
55
0
3
83
0
0
59
57
2751
0
0
0
478
356
2
0
32
0
0
1035
4
133
0
1
0
0
4
78
14
0
17
0
0
0
13
0
2715
6
0
0
0
110
1
0
0
0
0
0
17
0
2
206
0
4
57
0
0
0
863
0
84
141
0
0
0
0
0
242
0
1
14
1
24
0
330
0
2
0
3011
14
76
0
0
0
55
45
72
0
5
0
6
0
0
210
15
569
0
0
0
218
6
0
94
167
0
92
0
0
0
0
0
19
77
9
729
196
0
0
0
0
269
0
1
1
218
12
0
475
17
0
3962
26
341
119
2
6
0
0
0
53
16
29
0
2
43
93
15
12
0
171
1
5
44
8
3
0
1
0
0
6
0
1
0
0
0
521
0
6
0
1
1
0
12
3
0
0
62
0
566
0
1
0
0
897
0
2
0
11
0
27
0
133
142
0
0
0
0
0
0
0
0
0
0
0
0
0
0
0
1
0
0
12
0
0
0
0
266
0
1
0
0
0
6
3
0
5
0
143
21
0
511
0
0
4
0
0
0
3
1
0
0
87
0
0
0
1
9
1
58
84
0
0
0
0
0
16
0
0
0
12
85
19
0
4
11
276
4
0
8
77
0
0
14
60
0
0
98
13
5
5
0
0
737
180
0
0
82
0
9
0
130
33
0
0
66
15
692
42
0
16
0
0
0
1
0
328
0
0
0
0
0
0
0
0
0
134
3
64
0
0
0
0
1
0
6
180
0
6
40
264
0
0
125
0
0
0
88
0
0
0
383
4
0
0
1
0
548
0
0
2
0
329
0
0
0
0
0
2
3
1
0
0
0
0
0
0
0
30
0
1114
4
3
390
13
0
79
0
131
326
4
56
0
0
13
0
915
0
0
0
0
25
9
0
13
0
1
0
26
0
0
0
0
209
222
160
0
20
0
66
0
0
0
0
0
0
0
916
1
1
7
0
0
0
0
2
0
48
0
0
244
53
189
82
0
22
1
0
0
42
0
558
0
2
144
0
0
0
0
0
0
0
0
219
0
0
0
0
0
471
0
5
8
0
327
0
2
0
24
3
0
49
0
2
0
49
55
1
0
2
300
0
0
1
0
144
33
217
0
15
8
2625
0
0
190
0
0
0
0
0
0
0
2
225
31
0
0
1
0
136
0
0
10
2672
0
122
26
37
0
0
60
4
0
11
0
553
759
0
51
0
0
0
2
0
1
5
5
181
1
0
0
0
0
0
0
89
9
216
0
0
0
6
6
847
0
12
0
0
2
0
1
0
0
0
0
529
82
0
0
0
0
0
0
32
155
0
180
0
0
0
21
0
3
3
0
0
0
0
97
0
49
44
0
100
42
0
728
0
0
4
0
72
1
160
0
92
3
0
0
0
0
0
0
2
0
9
1
0
0
0
5
0
35
728
0
190
0
621
0
318
0
0
22
5
12
169
4
124
52
23
0
7
12
0
1
0
0
55
11
63
3
0
1
4
0
0
0
6
0
0
80
4
0
358
0
0
0
1
0
0
2
0
0
28
2
26
3015
97
0
55
0
0
0
46
0
0
1
0
0
0
7
0
0
0
0
3
21
319
2
20
0
4
0
245
0
0
0
9
0
0
0
0
0
0
8
102
143
0
779
0
25
152
921
227
5
0
0
1
3
184
111
0
0
0
0
0
86
0
0
0
0
0
25
85
11
2149
0
0
9
121
288
0
0
3
0
143
0
83
3
687
0
0
25
1
0
0
7
0
79
1
155
27
87
0
623
2339
212
0
8
3
3
0
0
3
0
81
0
0
0
64
0
103
0
0
3
614
337
34
0
0
0
0
0
0
42
0
29
60
1
1
10
719
4
34
5
6
0
1
0
1515
0
66
0
3
417
0
0
2106
3
106
1
166
0
0
3
1
0
667
0
1181
0
0
0
881
1
0
2
92
0
52
792
0
2
2
5
904
0
0
0
47
0
0
0
1
0
0
64
0
0
11
22
128
0
3
0
88
268
11
0
0
0
0
0
0
176
2
2602
0
0
4
4
0
0
0
38
0
0
0
873
0
451
0
0
146
1
0
0
0
9
112
0
0
21
0
208
0
8
1
95
7
170
0
171
0
0
0
0
2
0
0
58
0
0
80
0
6
1
512
0
0
0
36
8
0
80
3
0
10
0
63
27
0
1
0
0
0
492
13
7
0
0
0
1
0
0
0
0
139
147
0
39
128
10
0
68
0
79
0
21
0
14
0
0
0
1
34
0
0
2
28
0
28
307
0
0
0
49
74
11
4
0
395
3
9
0
0
0
0
0
0
14
98
0
2
0
0
72
2
0
11
0
22
6
0
0
0
26
2
1
663
12
0
77
63
1
0
23
28
0
1980
540
6
98
7
530
41
0
0
12
0
17
264
2
50
0
0
1
2
0
0
0
2
0
2
71
0
0
0
0
1
0
0
0
6
0
0
110
0
10
0
32
0
0
0
1
0
3
0
0
0
175
0
2573
11
1
6
0
204
0
0
0
0
0
0
0
9
0
0
322
0
3
0
0
3
92
0
588
44
0
0
32
0
0
2
19
0
0
2
0
0
0
77
3
0
0
0
2
21
32
3
2
0
49
2
0
53
9
0
0
79
9
0
0
2
0
57
110
0
12
0
0
0
32
0
0
2
0
130
0
7
217
0
0
0
7
0
0
477
0
0
0
6
0
0
0
392
1069
0
9
0
0
10
159
0
0
0
0
48
194
0
157
658
0
0
0
0
0
111
0
0
1
0
0
0
79
1
10
1
813
0
0
0
3
289
0
0
2
0
0
0
0
216
64
0
0
38
0
65
0
0
326
0
0
176
10
99
65
0
0
64
0
0
0
61
11
0
0
0
11
26
31
0
0
0
0
0
0
0
0
0
78
0
0
15
32
0
0
10
0
144
30
19
0
0
0
0
0
0
565
0
99
0
22
0
0
187
1
0
0
0
212
0
16
1
48
0
585
1
0
13
132
104
102
37
0
0
123
0
890
0
26
6
84
3
0
44
72
0
0
218
0
159
0
0
1
3
0
1
12
1
77
2
0
0
7
0
3
0
0
274
0
0
86
0
172
44
0
283
1771
4
0
0
0
0
602
73
0
0
0
14
0
0
0
0
321
43
0
0
0
0
435
0
66
10
1
11
12
0
0
0
73
0
58
23
3
0
2
198
0
386
0
37
1048
1998
12
66
0
1
8
78
7
0
393
29
13
6
0
25
73
10
0
444
0
0
95
0
0
0
0
2
0
1
0
0
2
4
62
0
0
0
19
0
15
0
9
0
112
0
14
136
0
3
59
3
0
0
13
74
0
0
0
0
0
30
0
0
14
3
0
1
0
0
16
51
149
7
1
0
1
0
1
0
0
384
0
4
0
0
418
0
3
1
5
1
0
0
0
52
0
11
0
0
0
6
4
1
0
6
277
55
0
6
0
0
2
0
11
52
27
0
1028
1
31
129
0
0
35
0
12
19
0
0
0
0
1
14
0
4
1
83
61
2
0
13
52
0
1
0
0
0
2
103
0
0
3
0
62
0
1
7
99
0
56
0
20
23
0
369
0
0
0
330
38
3
0
0
0
0
14
0
496
0
238
78
0
36
20
3
185
0
5
24
5
0
3
43
29
1
168
5
0
206
0
3
0
1676
2
2
1
3
0
0
0
0
198
4
0
0
222
0
1
0
24
1084
0
0
0
0
269
0
0
2
0
0
0
3
0
0
40
0
3
349
0
0
498
0
47
142
0
958
0
256
19
0
0
14
14
61
258
0
34
39
0
5
320
17
1
0
0
0
0
0
198
18
0
0
0
16
372
38
9
808
3
0
0
2
2
2059
7
60
71
0
11
153
5
757
17
1
0
75
132
0
0
0
1
0
0
0
30
604
171
350
2
1329
117
242
5
74
0
0
1
0
0
211
0
7
0
345
18
0
2
1
24
33
0
1
0
34
1541
135
27
0
1
4
238
0
0
0
0
0
0
17
0
218
87
0
3
0
16
27
10
2
0
0
1
0
0
143
0
12
29
22
0
9
0
1
242
1
928
0
2
41
8
552
9
0
13
0
5
0
0
0
1
0
0
8
15
495
0
12
1
0
1
2
0
0
22
31
16
0
1
4
0
0
0
7
36
13
45
98
103
5
0
0
0
0
0
111
30
112
0
0
35
0
126
0
146
3
376
29
0
0
0
5
52
18
24
2
2612
28
7
0
7
0
2
7
138
3
0
0
0
24
161
0
0
14
8
553
0
909
791
8
78
191
23
0
28
6
44
0
84
524
142
2
92
0
0
0
168
2
5
0
2
195
146
801
1222
0
104
0
422
0
0
0
0
1
0
0
6
0
0
1
2091
229
45
0
592
205
1
4
9
3
1372
0
0
2
0
0
1
27
11
0
0
769
2
28
0
15
0
0
233
505
0
18
0
0
468
7
305
0
0
113
104
16
37
0
0
0
0
0
0
0
29
218
7
0
0
7
204
809
0
0
5
9
1
52
1
758
0
0
190
0
0
0
0
3
0
244
0
1
0
1
96
0
0
1
872
0
60
66
33
104
0
0
93
1
0
0
95
0
35
0
8
0
997
1234
2
159
30
5
0
101
74
61
0
157
0
0
2
0
125
0
0
0
1
0
2
0
71
8
94
30
45
110
2
5062
486
17
0
57
0
0
0
0
0
0
11
3
0
0
1
46
65
17
0
1
4
6
0
100
24
645
0
0
5
23
0
7
0
4
0
1
4
123
0
7
0
6
284
4
0
0
10
0
419
644
0
1
0
314
0
8
161
14
528
445
0
120
3
117
2
0
0
0
53
0
82
0
0
274
2
0
0
2
0
0
2
1
569
27
25
301
0
2
9
0
171
0
0
1
0
5
0
0
25
2
0
0
172
39
654
0
0
1009
1
0
359
0
1
0
0
2
0
0
1
33
1
1
0
6
0
85
0
0
0
0
0
0
0
0
1
99
3
0
0
6
5
1
24
1
0
0
0
0
8
0
584
1
1
161
0
0
20
1
0
2
276
0
0
279
0
0
0
3
2
8
137
3
9
0
155
68
0
0
12
0
0
1
0
0
2
8
0
0
0
30
1
0
146
35
10
0
8
346
402
0
0
3
0
710
0
0
0
44
57
718
0
0
36
2
0
3
16
5
3
0
1
0
0
2
196
1
0
324
0
156
0
244
0
4
7
3
33
243
0
801
10
2
0
0
145
0
0
134
0
24
0
0
5
0
430
4
0
1
0
1
6
0
33
0
0
401
0
0
0
0
0
0
17
114
50
18
0
0
6
2188
264
0
5
0
0
0
0
0
0
0
5
19
19
6
28
1427
0
0
0
371
0
10
0
0
0
0
570
80
2
1
0
132
0
0
2
47
0
0
0
0
9
46
0
0
1
0
1
5
0
9
0
0
196
4
37
0
0
0
0
12
0
0
0
1
1
0
3
0
24
0
0
104
0
0
0
0
0
0
0
0
0
0
0
0
1060
0
0
0
32
0
29
35
86
0
0
9946
0
0
0
91
1
0
0
0
0
0
0
0
0
0
130
1
0
0
8
0
0
0
0
0
0
0
0
0
0
99
0
0
0
4
1
1453
8
31
0
1
0
0
0
0
0
1489
417
164
49
5
0
0
41
1
124
35
119
369
6
306
268
369
0
140
40
1
14
0
0
5
0
1
125
1
0
2
0
15
2
313
0
194
3
94
4
0
0
0
17
36
5
0
1
4
43
4
17
5
80
0
1
18
22
0
0
0
0
0
0
0
0
0
0
0
2
0
0
26
1
0
0
0
1094
1
0
0
1949
126
1
163
0
0
0
0
3
359
0
0
972
3
0
197
0
0
50
13
0
0
0
0
0
176
4
0
0
1
0
0
139
151
0
0
1
2
0
0
0
0
0
76
2
0
0
32
0
0
0
0
367
0
0
271
0
0
1
85
1
2
66
0
0
35
0
0
1
0
50
0
0
0
22
3
0
0
8
0
0
38
10
0
0
0
4
17
0
38
0
0
0
0
674
0
110
0
0
0
0
0
0
0
0
162
845
0
0
0
8
0
99
0
0
0
36
55
1
0
0
174
0
0
109
23
0
2
6
0
0
888
0
1
0
682
0
0
1
26
0
134
1402
1
0
0
1
0
0
0
0
0
0
0
88
27
0
0
0
0
0
0
0
2
0
0
595
0
27
0
14
1
0
0
0
0
0
0
0
0
0
0
0
2
0
0
0
0
0
0
244
0
73
0
0
0
11
0
0
0
1265
0
1236
0
255
1
0
0
0
0
7
0
6
0
0
0
0
0
0
2
0
0
0
0
569
28
0
0
155
1
0
0
0
0
0
0
4
0
0
47
0
149
21
0
0
2
4
1
39
0
0
2
18
0
0
0
0
0
0
0
1
0
2
0
0
0
0
0
7
0
3
139
2
0
0
0
0
2
0
2
0
458
0
0
0
14
14
0
5
0
1
0
0
0
30
1
0
0
0
1
1245
137
0
143
2
0
0
0
0
0
1
3
44
339
5
155
0
3
3
423
346
0
3
82
0
5
0
0
0
0
426
0
0
0
2
1
967
0
233
0
0
6
0
357
0
0
0
0
0
178
0
0
1
0
0
0
11
0
2
0
88
116
0
0
6
1152
0
2
96
1
522
0
0
0
0
0
0
2
11
3
0
1
0
0
0
0
0
0
37
2
23
0
7
428
1
797
0
4
1
0
0
16
0
0
6083
0
0
0
0
0
0
0
0
0
18
0
0
4
0
0
297
0
210
1
0
6
0
554
71
0
235
0
0
368
1
6
0
0
0
0
1323
0
0
0
0
0
1
952
10
0
29
10
0
0
0
0
0
41
0
28
0
2
2
0
44
2
0
140
3
0
0
0
0
0
0
0
4
98
4
0
0
0
1
0
0
0
0
6
86
0
0
0
0
262
0
0
0
3
0
54
0
0
0
0
2
0
4
0
0
0
0
3
0
4
182
1897
138
2
0
0
0
49
0
0
2
0
0
1
0
0
0
53
1
129
15
0
0
63
1
0
0
0
926
0
0
68
0
0
8
27
0
1
55
0
6
0
19
557
207
9
1
0
10
2
19
0
53
0
15
0
64
0
409
0
0
219
2
271
103
25
0
6
0
297
2
1
207
70
0
255
0
0
0
44
0
215
0
0
0
0
0
237
1107
866
8
0
0
0
0
0
810
120
105
0
221
1
0
3
0
116
1
0
32
0
8
50
27
0
3
25
13
0
0
0
134
11
59
515
54
66
170
0
2
0
92
0
93
5
0
23
0
12
0
4
62
3
0
0
8
0
30
0
64
1187
0
0
1835
2
0
79
1084
1
8
37
0
0
1
5
4
0
0
0
0
0
0
0
2
25
3425
211
0
527
5
136
798
9
0
33
0
0
0
0
4
69
8
32
0
0
0
20
122
500
0
0
543
0
77
0
24
0
58
57
86
3
0
46
0
155
1
0
0
0
55
0
15
54
96
37
3
3
198
9
169
258
40
0
0
37
1065
3939
0
1
14527
61
318
0
2
1
2
118
281
0
25
13
280
0
0
0
231
0
163
0
0
2777
9
69
2201
0
0
16
759
0
5
40
136
102
100
334
0
0
552
63
11
0
72
12
0
84
543
0
1
5
202
0
0
0
1
0
0
0
0
0
4
353
26
212
29
284
837
6
11
83
1
18
5
1071
0
140
14
83
2
0
0
76
0
1181
347
1535
0
0
64
131
0
433
132
0
0
0
15
0
716
0
119
0
54
336
0
0
0
0
429
0
0
4
193
0
55
0
4
14
0
14
26
0
161
0
364
12
0
81
26
0
1268
0
1015
0
171
0
0
4
11
164
276
7
0
0
584
0
398
0
0
187
231
34
0
1
84
108
3
144
0
6
0
135
40
0
0
2456
0
0
276
8
98
26
172
0
0
14
7
2
73
0
37
28
1
144
615
124
48
7
628
54
2
567
10
0
316
3
0
13
35
2
0
56
79
896
2
4
0
0
0
478
90
419
84
401
0
25
0
0
0
53
583
29
0
1
26
44
0
0
16
94
753
0
5
178
0
192
16
95
13
0
0
20
11
330
4
0
33
3
0
142
36
0
61
0
74
11
10
0
0
28
9
414
0
0
1
0
5
4
8
197
14
0
0
14
1
0
2
96
1178
1
2
0
0
37
891
31
97
2043
172
32
2
0
22
19
0
327
9
69
58
20
12
6
0
4
275
3
0
6
2
0
368
0
6484
0
34
19
0
0
96
4
0
0
38
0
4
71
4
0
177
0
0
16
9
7
196
0
0
37
647
0
0
19
49
0
0
400
1215
0
0
21
1
0
1
575
35
7
1
7
0
0
0
80
17
346
0
32
0
2
7
2528
0
2
1
11
799
6
0
0
1
14
100
0
355
61
0
0
354
673
0
0
10
6
0
0
37
0
1044
28
544
739
0
0
0
729
0
0
0
66
15
0
75
0
0
56
0
2
4
181
143
149
47
118
0
0
1
1
70
0
0
297
13
0
105
0
1
3
467
254
2038
185
3
149
14
5
958
0
1
0
6
0
214
313
192
6
410
26
0
119
0
0
24
0
1305
0
15
20
322
13
201
23
0
4936
0
0
0
21
0
1
711
0
132
266
294
0
87
0
50
41
0
30
6
118
2041
0
0
0
482
0
132
19
141
0
15
21
3
137
2
1
0
0
0
1294
0
110
0
0
2
2
37
102
536
0
1
0
0
1
0
1
0
0
802
560
4
0
9
0
0
111
0
0
3
1
0
0
70
4
405
78
0
7
0
29
80
213
17
3
0
106
0
0
12
1
2384
8
1
0
263
8
1
400
0
75
0
3596
55
0
10
0
0
255
0
0
0
17
21
61
0
0
172
149
35
0
213
62
0
0
0
780
23
3
35
252
4
35
0
63
0
76
8
0
0
0
75
72
0
179
112
0
5
0
0
0
432
338
0
62
0
0
94
193
46
0
162
0
201
110
33
0
12
7
0
0
4
1
0
1
1508
23
15
0
0
0
0
1535
84
108
120
0
2
42
11
17
84
4
0
0
0
0
0
2
428
0
0
8
21
54
136
507
0
0
73
1
1393
4
158
0
31
0
154
37
75
1
116
25
47
2
22
0
669
108
23
0
442
392
0
208
0
4
0
2
0
0
884
74
0
385
0
2
86
0
0
2
880
60
0
3
0
55
832
105
0
0
0
48
0
0
4
126
11
1
0
29
0
47
0
0
0
248
0
0
0
924
0
16
4
10
0
0
10
167
0
0
216
0
0
0
0
0
71
8
3
0
28
0
0
2
0
0
2
7
0
0
82
29
248
0
2
1
7
3
4
0
0
0
0
12
7
0
30
9
0
0
0
0
2
0
2
27
0
0
35
0
0
45
0
0
5
0
21
0
4
0
6
25
14
0
0
2
0
5
1203
0
0
0
0
23
5
33
13
0
0
48
232
1
1109
131
1
50
0
66
0
159
0
9
73
1691
5
3
0
40
0
0
796
1
163
0
0
27
0
64
193
0
162
8
146
0
0
60
100
20
0
0
22
791
20
3
32
26
0
725
5
598
2076
0
0
37
29
0
2
4
291
13
5
48
305
11
61
18
1
97
143
206
0
1
0
535
2
0
0
0
0
6
0
0
6
0
31
33
10
185
13
39
0
6
145
35
37
4
0
5
662
0
122
0
14
18
0
0
404
0
117
1
0
0
0
433
0
1
502
2
1
20
0
0
70
2
1560
0
500
2
130
221
41
0
0
0
0
0
1914
0
0
1
0
711
0
0
873
383
3
0
133
0
11
239
76
6
40
147
0
2
275
11
0
0
0
0
0
35
74
0
86
176
0
0
203
2123
23
2379
0
4
0
467
4
145
0
0
22
10
9
3
0
0
0
15
0
37
9
115
1
397
55
268
899
99
550
0
0
1371
0
0
0
0
207
482
1
0
0
4
5
0
2
0
0
0
0
0
2
57
19
58
68
79
2
0
0
146
0
0
2
0
6
0
76
0
75
0
3
0
0
1
0
12
264
0
0
0
1
0
1555
194
1
0
0
0
106
0
5
0
469
0
2
50
470
0
354
10
0
2
0
156
0
8
0
0
0
0
6
79
43
0
0
24
8
0
169
0
87
0
1
0
1
346
6
0
19
0
0
20
0
149
113
251
0
0
0
53
516
0
1
0
0
0
1
159
0
0
209
0
0
1
0
0
155
0
8
311
154
25
0
98
88
96
0
0
4
247
11
97
0
0
0
0
2
34
63
774
0
1
0
0
13
2
2
0
0
0
0
0
0
239
12
0
0
26
71
0
17
15
0
1
2
206
0
85
3
151
90
0
15
0
0
0
0
0
34
0
0
8
26
50
0
0
28
213
0
26
0
35
0
0
0
1
0
0
0
29
0
4
6
0
0
0
30
0
7
9
0
0
47
0
10
0
14
0
72
12
0
440
0
0
47
0
6
0
3
0
0
0
1
6
24
0
17
49
0
0
0
48
80
56
198
3
0
32
0
23
0
1560
4
118
31
907
0
0
935
307
0
0
0
603
3
0
2
36
0
0
1
17
0
91
0
5
390
18
636
0
4
3625
126
0
14
3
38
7
0
5
358
0
3621
0
0
116
0
27
0
1
314
0
0
58
1
283
0
2
6
145
5
35
1
0
566
44
0
0
203
0
123
0
51
16
164
2
2
3
0
1
0
0
502
0
0
187
236
0
0
631
0
0
1
7
1
0
0
623
6
362
10
65
718
6
136
0
160
1
13
495
2
0
14
16
1
0
108
0
41
0
0
2
649
0
1516
0
507
14
1
199
3
0
262
0
263
222
0
1
21
273
89
29
0
1
1
16
250
0
0
0
14
244
13
0
0
0
6
495
0
71
1398
34
427
72
13
842
23
8
5
232
997
0
0
580
485
120
1
578
161
26
0
1
0
0
1609
1367
389
25
139
0
63
8
0
0
523
6
69
1
177
74
0
18
4
16
344
39
9
99
0
5
63
3
2
0
0
209
0
55
383
8
1
1
4
22
196
0
27
0
1
390
0
720
41
6
0
2
1031
0
125
960
12
0
78
375
106
290
41
5
0
0
942
3
1035
54
0
0
0
2
1353
0
1304
63
1896
18
136
234
231
0
226
7
0
4
0
7
24
51
182
0
11
4
8
338
0
0
335
21
1
0
78
171
26
220
0
0
5
2437
0
0
0
4
12
0
293
71
1
19
48
0
98
8
0
0
5
125
197
0
0
0
0
74
0
2
27
24
0
352
0
5
0
0
0
0
12
0
61
0
45
0
75
0
154
0
2
68
9
4
42
16
569
0
2
0
0
133
212
11
568
26
0
0
176
3
15
0
287
176
1
0
200
27
0
145
86
153
6
65
0
3
3
0
1
0
180
401
22
0
2
134
331
0
48
0
17
10
128
191
273
289
756
0
204
290
0
0
0
10
36
0
265
0
132
128
59
0
46
0
101
580
636
341
0
1016
989
0
0
0
0
237
0
1
6
115
54
0
0
0
0
0
0
0
0
37
662
82
80
12
16
1769
7
2058
0
0
167
0
8
5
0
0
182
22
4
378
1442
0
40
7
0
207
353
1
0
9
0
0
27
0
71
0
150
3
60
11
0
5
562
78
0
0
133
51
0
0
3
0
49
0
1
4
0
0
1035
465
26
106
30
0
7
1
0
26
52
572
3
301
253
0
89
33
31
173
0
51
0
0
0
19
0
324
23
17
20
49
24
62
0
3
0
0
0
0
18
33
616
0
1
0
1
1
0
0
0
64
0
22
0
688
0
127
90
0
0
95
1305
14
51
16
1
0
11
2
77
58
6
0
489
0
539
155
33
0
73
37
95
5
1
0
95
19
237
213
2
0
0
598
0
2
0
0
103
2
11
120
0
0
5
0
107
28
0
1037
0
1710
2
78
74
23
0
585
5
0
0
255
0
0
1
0
128
1
346
51
0
209
5
17
15
181
128
33
0
0
2
24
0
0
0
3
225
1
0
8
13
40
0
0
132
89
6
0
21
0
14
0
0
0
6
1141
3
4
0
0
0
4
0
46
0
503
0
0
121
3
284
0
9
0
168
0
17
3
48
10
0
1034
33
10
2
0
0
0
0
0
80
169
18
0
13
2
0
4
176
0
8
9
3
0
7
2
94
494
2067
44
327
2
4
6
0
83
1
13
5
2284
1
58
184
0
1355
0
0
2
52
0
183
34
0
7
2
3
56
37
3
0
3
38
0
4
0
11
0
0
0
0
311
231
8
411
85
0
730
0
2
0
129
136
7
30
25
0
36
4
53
210
249
1715
0
0
0
1
27
1281
70
21
112
1196
47
91
0
1718
132
37
0
0
746
68
1036
3
0
2
1
49
0
1531
6
80
300
0
8
319
111
0
7
80
638
8
0
9
3
0
3
209
10
8
1
10
0
549
86
0
0
48
6
3
0
0
0
22
1
0
265
72
25
0
1196
2
0
65
35
0
6
1
11
0
504
0
233
0
82
0
396
25
330
2
29
0
0
0
1
0
0
0
0
3
64
0
762
0
31
0
2
40
46
0
15
0
312
30
52
32
0
0
0
124
426
0
0
47
0
2
0
0
0
635
0
98
678
3
30
18
112
0
0
0
0
343
24
4
0
17
0
0
0
0
0
5
70
117
71
3
10
15
0
6
0
0
169
7
3
6
52
128
71
0
1
73
0
0
0
19
0
0
30
27
49
94
0
3
0
401
0
0
0
0
2
74
23
3
0
246
78
217
0
200
35
11
3
2
40
54
2
0
2
0
330
96
31
120
189
0
64
133
0
0
2
1
48
0
12
25
5
0
364
1
30
5
7
1
45
181
1
942
0
352
11
0
3489
7
328
5
424
0
0
588
186
4
2
10
177
0
41
1
0
113
25
3118
21
0
0
0
0
0
833
2472
20
158
16
509
0
243
81
1
0
603
2
103
9
8
287
74
226
85
197
13
1
49
175
24
0
0
0
0
1
319
0
46
11
0
17
0
144
17
167
234
11
50
0
118
3
189
1237
97
1
476
59
67
8
0
25
12
523
21
0
5
2
0
2
0
396
0
22
0
2
53
2
0
0
17
0
134
0
14
0
332
0
348
0
541
0
0
21
14
0
3
0
339
3820
57
86
38
242
0
1048
37
335
1526
8
98
0
44
178
25
2
38
0
10
0
3
2
28
537
9
3
0
0
0
345
24
95
0
46
845
538
8
1
0
0
39
162
0
60
0
342
174
136
25
308
24
16
0
2
683
0
0
0
0
70
0
1
0
70
0
0
7
476
0
0
1
212
708
188
15
219
5
1039
0
122
32
0
9
47
18
7
1
15
289
5
0
0
424
0
1013
4
15
0
0
1589
0
0
20
4
0
2
0
103
90
96
0
33
0
2
83
71
6
3009
1854
4
490
101
0
0
0
76
271
47
0
0
1
73
13
1451
7
152
48
0
109
0
622
25
41
116
0
10
0
2
1763
0
6
0
0
14
1400
70
34
245
0
0
4
0
5
0
90
212
0
11
135
0
0
0
10
363
0
7
106
61
239
0
0
8
5
3
480
59
0
120
42
1
17
0
3
0
409
44
3
214
0
928
35
3
201
244
0
0
6
484
0
109
0
0
2
0
178
0
0
11
2
0
0
0
1
20
121
46
802
0
1
2
65
0
0
2
690
0
0
0
1
0
0
409
1
0
0
0
14
3
0
0
0
664
9
23
1
79
0
0
0
923
0
2
767
0
0
0
277
34
642
16
0
0
50
142
32
0
69
598
0
0
0
37
0
0
17
0
2749
0
22
35
36
0
0
0
10
3
520
9
69
248
490
0
0
415
244
0
1
0
9
203
0
51
2
91
270
8
9
10
0
42
4
11
1
133
0
1
0
2
89
37
24
153
0
98
794
8
0
292
0
64
0
248
73
170
0
0
68
805
0
62
2
1
0
127
0
0
1
9
334
3
0
48
60
546
11
36
6
223
0
40
195
241
0
0
0
117
112
829
60
0
48
0
12
0
3
10
1
2
0
0
0
134
5
0
0
0
295
24
1
7
0
0
2
214
22
0
0
0
330
1444
41
1273
0
0
0
0
0
276
0
0
36
6
365
0
0
26
0
1
0
209
469
0
0
972
0
0
5
0
1
1
14
0
0
2
1
2
4
57
0
63
43
0
10
0
0
1
153
2
217
740
0
119
0
49
1
14
0
85
0
98
92
2
165
7
0
61
0
0
44
137
0
3
102
0
0
0
175
0
3
0
685
129
25
363
0
1
0
1
163
76
34
109
4
0
0
0
0
0
309
158
0
602
0
66
2
5
0
0
102
125
3
0
3
139
24
8
0
37
176
70
3
207
103
0
0
5
1
91
638
368
0
3
411
0
560
0
0
0
7
176
13
328
0
0
0
0
0
0
40
1
0
0
164
0
0
0
64
1
0
272
0
0
0
1228
0
5
251
0
46
0
4
0
0
46
0
19
7
47
37
521
0
156
0
134
0
0
0
0
0
0
34
0
6
0
26
0
0
0
14
0
293
116
1336
0
27
9
61
7
980
0
36
0
0
0
175
0
104
0
0
76
0
113
0
0
1
6
446
205
146
78
33
37
0
0
3
0
14
0
4
55
68
14
0
9
0
7
73
68
30
223
4
112
0
7
101
0
1114
0
520
1
0
936
0
103
46
413
0
3
0
15
35
1628
140
6
12
0
0
0
0
0
32
328
102
2
666
213
117
0
242
92
31
51
0
14048
6
69
2
160
354
80
2530
0
227
77
10
24
27
0
148
11
0
418
74
0
134
131
5
173
0
0
6
629
0
25
46
15
64
5
2
0
0
7
0
0
87
89
60
2
1572
0
0
6
0
24
328
9
17
2572
1
3790
1
0
105
0
1
4
2
0
0
0
491
277
8
0
46
104
595
0
45
120
222
0
195
4
0
3350
9
0
0
1
0
4
0
0
133
0
7
49
1691
10
170
26
2
355
554
640
145
110
2
100
565
2
0
32
21
714
0
0
689
35
0
2
2
0
0
129
30
543
0
8
56
1
8
0
2606
164
0
0
0
7
166
4
0
0
32
0
0
0
26
135
1337
28
158
528
1
0
0
83
0
0
0
4
0
178
0
0
222
342
30
0
780
590
54
74
17
8618
7
0
0
2
2090
0
0
0
21
0
0
0
0
1
179
12
0
8
0
262
0
0
99
944
0
775
21
34
7
0
0
4
20
16
7
0
3
0
0
34
0
0
0
164
165
38
0
72
215
0
0
137
42
0
97
236
17
2
12
0
0
0
0
180
653
0
1
8
195
31
0
237
0
2189
24
0
0
205
0
2
47
73
0
84
13
61
822
205
0
0
18
0
4
0
0
58
3
0
136
0
2
2
215
0
37
5
0
1
1
37
13
90
55
0
0
138
0
10
0
2
0
7
3463
12
6
1
29
0
80
0
0
92
18
49
23
673
0
0
47
25
36
120
0
117
16
0
2
805
78
81
32
0
4
0
0
0
0
17
3
39
2
15
0
0
48
89
392
16
0
0
78
255
85
4
114
8
28
0
0
77
0
0
5
0
0
2
34
18
0
48
6
0
0
0
0
2
324
0
165
1
0
0
108
2
307
30
1735
44
97
0
4
56
0
1
2
0
0
128
0
6
11
0
0
0
11
498
0
1
0
0
647
0
0
45
1
424
139
0
695
2
14
2620
0
230
4
0
0
15
0
7
3
18
1
2
5
133
875
148
52
523
0
19
113
416
7
1343
28
0
18
178
300
16
1325
8
17
11
0
0
0
27
297
297
2
679
313
0
0
0
227
1
0
0
7
7
1378
7
0
0
43
370
164
2
21
0
8
0
37
0
198
288
12
7
179
0
41
0
1
2
0
1015
527
768
0
227
0
72
97
99
0
0
3
0
0
0
774
0
112
68
0
4
1582
29
205
26
236
19
1
1
5
2732
0
0
0
145
2
131
1056
75
0
80
0
230
0
14
0
233
175
6
0
3
84
259
0
4
0
95
17
0
0
44
0
5
2
0
0
209
0
2399
1
0
34
2794
1
57
0
2
25
1
84
0
0
17
384
13
0
251
167
139
80
0
4798
282
35
7
0
2
20
1
0
146
0
0
0
120
21
0
323
0
1
15
12
0
135
0
1566
12
73
439
241
562
0
111
0
58
0
430
9
375
0
1
0
0
4
482
21
2
4
417
22
366
0
406
85
151
28
37
9
0
13
0
3
0
0
3
165
1
0
338
0
9
213
652
19
0
0
12
14
0
0
0
24
443
5
0
552
127
238
0
0
0
154
0
0
47
72
4
0
0
199
0
0
26
0
2
112
23
0
0
67
1
495
0
97
3
0
1
0
0
58
0
12
0
68
188
1
0
464
0
267
4
93
1
0
16
10
202
150
282
0
0
0
88
0
0
65
0
431
103
2852
0
6
16
52
90
53
0
2
0
43
20
4
0
0
0
0
6
0
1
213
40
0
5097
1824
3
0
0
0
242
0
59
0
577
79
0
0
2111
144
0
0
3
199
11
0
1
43
24
0
166
674
0
817
0
0
368
137
157
27
3
0
0
865
1441
1
70
0
381
0
0
0
2011
625
1
0
0
1134
65
6
371
2
0
1
0
8
98
368
0
60
0
1
0
0
3
1
18
10
0
25
5
30
0
2
97
21
18
0
369
0
61
0
44
0
0
1000
1
0
0
31
27
0
241
1430
7
110
53
10
272
6
0
0
27
2
6
440
0
10
1
0
0
2
62
111
433
0
0
77
119
174
34
0
208
101
216
5
2
231
16
9
0
10
7
72
208
0
118
1
19
6132
884
135
0
99
2
487
132
0
1
86
237
8
34
6
8
0
1
0
2
0
12
0
10
459
95
35
1
0
2
0
45
8
733
0
1
2
0
0
0
41
962
0
21
23
0
31
0
0
531
107
1
1
0
0
45
459
23
28
0
209
0
0
68
0
0
12
0
8
65
8
0
0
428
5
0
0
0
628
0
9
121
0
0
105
7
144
0
6
3
34
0
88
0
0
0
0
370
0
3
264
34
19
0
528
0
18
0
130
9
14
0
23
14
12
842
7
0
3
3
0
7
0
0
174
46
32
155
0
5793
102
12
184
0
13
0
0
106
72
26
4
75
0
2
91
1073
9
97
15
10
95
20
0
3
52
0
0
0
162
1247
0
23
135
102
240
0
0
0
0
35
5
1602
0
67
0
14
316
35
27
123
2
30
0
32
0
0
21
0
0
0
151
76
0
9
1659
4
1
0
0
22
186
5
0
218
0
38
38
288
406
4
55
0
15
532
33
269
0
0
4
30
0
0
0
151
5
470
683
0
3
0
1
24
10
115
0
0
176
48
113
2
0
55
7
433
0
0
87
0
7
1
0
395
21
307
2
0
0
0
9
4
476
236
0
3
24
84
260
46
0
0
2
92
0
12
5
914
2
145
3
80
5
4
0
5
1
455
520
26
3
35
0
0
387
0
0
60
0
0
0
7
0
47
0
0
5
1
0
729
293
1
399
0
0
0
419
0
12
0
47
0
0
22
0
32
0
231
665
3
1
1587
0
0
3
39
173
0
93
35
2
5
0
0
580
51
7
5
1
56
0
0
0
8
0
79
8
0
0
0
0
0
0
6338
0
7
1
1105
0
10
0
0
1115
57
26
5453
52
0
753
0
2
14
49
27
0
422
0
341
0
0
467
0
81
0
1
5
576
55
0
0
61
154
326
417
61
0
0
314
0
0
0
67
16
13
5
8
0
1
69
12
120
158
0
0
0
25
40
31
1851
3
25
0
29
0
827
20
27
25
612
0
165
26
0
70
209
0
0
8
71
73
44
0
0
0
2
65
613
4
10
27
10
1353
11
3
299
22
385
22
0
347
0
15
0
46
460
6
49
5
315
0
79
4914
14
0
0
166
0
73
144
2
54
136
1009
567
0
0
36
0
3
21
298
15
20
0
21
221
1
1
42
0
0
0
0
0
0
3957
0
0
0
1255
0
46
0
30
1887
0
0
4
0
13
2
0
15
37
49
352
0
0
60
94
81
181
197
15
1
50
0
125
494
4
203
0
19
1247
0
108
30
0
1
77
1
73
24
2
0
24
0
4
0
0
0
243
0
0
68
142
0
5
2
50
0
138
12
32
2
0
908
0
628
0
1066
161
0
13
564
0
58
18
2
0
288
0
32
158
1686
0
0
0
6
32
376
0
3
0
496
0
0
0
0
318
0
1646
0
6
49
0
1
0
129
0
33
0
147
0
3
81
0
11
0
8358
2
9
3
0
0
0
64
0
0
0
35
0
0
0
0
447
0
469
63
127
0
0
152
30
0
0
0
0
2
0
145
209
3
0
229
0
0
361
0
357
0
0
215
0
2
21
116
0
428
5
2
0
0
0
0
0
256
0
2
0
0
214
18
1
525
0
0
6
5
10
3
7
0
264
0
0
0
24
4
0
0
27
74
0
38
26
4
74
0
0
791
2331
0
0
0
0
137
0
38
5
43
0
0
1
0
522
59
5
11
0
196
0
16
109
29
30
4
0
22
0
13
168
3
3
114
472
1
92
0
0
9
89
0
0
3
3
68
3
172
0
29
0
0
0
7
403
0
172
0
0
4
134
0
0
54
16
3
178
55
1
33
0
0
25
7
0
33
64
0
0
5
2
1
4
75
0
0
0
6
0
973
0
45
0
251
0
81
44
367
5
1
15
0
878
17
3
61
0
3
5
7
604
2
0
14
1
9
129
29
251
138
0
0
282
1
35
0
482
1872
606
0
13
15
200
92
0
0
2
65
14
26
7
86
35
1643
98
196
168
1279
415
0
0
3
0
94
209
0
151
0
8
20
1
3878
0
3
0
16
51
0
2
314
0
38
0
5
0
0
0
286
0
10
0
3
0
3
46
6
0
318
6
83
0
396
6
1
1
0
157
0
6
0
20
113
1
209
267
0
12
2790
17
23
12
0
0
0
189
0
0
0
45
5
2
0
2
44
624
203
0
0
0
0
42
2
4
0
0
2
0
12
17
3
0
0
254
4
0
0
7
241
590
230
806
0
5
166
0
1
2
56
806
178
7
1
128
0
0
13
94
0
1
0
0
4
0
0
7
0
0
0
0
6592
1
57
30
0
20
13
566
491
817
0
0
0
306
0
26
73
0
0
0
64
117
8
0
0
46
1
759
120
0
0
21
1
0
52
15
0
11
0
15
1
0
13
1391
120
8
139
20
32
163
1007
1
11
0
0
14
0
372
57
617
1155
0
5
9
15
145
0
3
0
68
68
31
160
16
229
0
0
70
2
3151
6
0
0
1
7
0
12
1
17
31
0
44
0
221
204
22
221
0
29
0
68
82
2556
582
2
1
252
8
44
0
903
0
0
2170
0
0
2
0
0
5
22
0
379
0
2
175
0
4
0
10
1
0
4
0
0
178
0
59
123
13
0
0
1357
4
2368
7
29
0
201
140
0
0
123
24
3
14
0
0
139
0
26
0
0
217
5406
8
29
57
796
0
5
3499
0
1
771
198
0
356
25
2654
3
0
0
321
3
147
0
0
518
0
34
0
0
0
2221
1009
15
1
174
9
1125
1280
35
1
1501
0
0
6
0
73
6
0
789
3
0
31
201
124
0
574
1
139
26
10
7
0
80
0
1017
275
190
0
0
15
0
1012
5
2
1160
115
0
0
38
5
67
4
558
93
109
250
1
0
1062
457
167
48
0
0
207
461
390
0
0
63
82
0
3
4
0
170
0
15
1
1197
326
0
0
1
4
1
276
175
0
178
7
0
52
251
0
31
477
1
0
39
52
46
2
43
0
232
13
40
0
175
1
0
0
46
242
0
1265
84
2
4
239
106
115
61
11
25
2
88
0
10
8
0
7
0
0
0
0
4
0
2091
323
27
0
0
0
0
702
106
24
27
19
0
722
0
1
0
0
431
238
114
11
0
105
200
171
0
83
80
0
2
0
0
0
0
39
710
124
0
7
76
4
55
2
3
14
7
130
2471
0
0
0
31
80
1
36
0
7
16
5
0
384
2984
725
0
233
0
12
2
2
1
2
0
419
8
559
150
296
0
180
0
1063
0
587
0
4
96
16
74
214
596
296
1132
0
565
0
25
1
17
285
12
697
57
110
22
26
0
0
17
17
21
62
53
0
154
94
0
334
44
16
636
31
318
110
860
32
353
18
0
0
0
1
1
31
1662
0
18
488
0
155
0
0
60
336
237
0
0
0
0
26
0
24
70
1444
0
5
457
255
0
482
26
0
189
3344
123
73
235
2
0
537
3
656
141
31
168
89
0
0
0
0
8
0
2
1
45
0
0
0
17
1
18
0
1
11
124
0
0
0
5
0
51
1
0
396
8
0
0
336
27
0
0
158
595
0
138
0
519
80
10
63
598
364
28
20
0
0
0
105
266
21
0
2
0
1
0
0
0
1
0
71
118
15
0
2931
0
4
0
23
1
160
0
2
218
0
127
77
28
0
0
0
209
13
0
10
0
0
114
626
0
0
85
0
270
0
367
0
1568
778
4
0
8
381
0
10
69
0
396
134
1
619
34
0
0
0
0
39
76
398
0
11
0
2
110
0
1135
30
1
0
14
0
0
2
0
193
372
8
958
150
1247
29
61
133
590
867
8
3
11
4
17
56
3
379
5
0
0
0
13
0
7
5
0
1
5
0
0
5
230
87
0
0
0
41
4
81
10
210
13
4
0
186
6
1222
10
113
5
286
1
106
179
0
78
22
255
0
652
79
731
0
103
42
0
0
2
7
86
9
76
38
15
6
159
190
1
806
801
173
0
0
373
2
0
65
0
78
0
39
0
1
0
0
45
2
1
0
691
401
13
0
232
8
0
202
152
0
0
0
19
0
11
2
0
3937
102
2
31
73
13
0
0
60
7
153
482
5
6
91
5
91
0
0
23
1
0
0
38
0
1
0
36
20
0
41
0
62
1
81
162
0
5
23
1
1065
45
0
1
66
2
0
3
39
897
96
0
0
589
7
0
0
0
254
376
19
0
163
0
0
18
25
30
19
0
447
243
231
0
0
2
10
2
5
27
88
29
0
0
9
0
0
2495
0
0
23
3
566
45
22
3
0
5042
1134
117
87
0
9
0
0
38
0
1
166
173
492
828
0
1087
3
417
0
0
0
0
58
0
5
0
0
0
43
0
52
0
434
13
6
1
64
0
160
4
65
0
0
2
621
159
0
0
0
2
0
18
25
1
86
2
160
4
273
202
5
0
0
0
0
3
46
0
155
1187
0
0
0
1984
3
0
3
3
123
3
4
0
14
71
0
6
167
7
0
31
0
62
1318
0
25
294
3
3
0
65
0
0
1
52
0
0
146
0
10
0
0
250
5
28
7
0
2
1
0
1035
0
0
1
1
779
0
159
1
0
75
78
0
0
309
0
14
8
0
207
0
0
48
0
0
19
30
0
5
0
2073
1
4
0
0
35
0
252
37
3
6
27
10
5
8
14
0
0
0
2
607
29
0
0
0
0
51
46
30
17
0
77
229
784
0
0
0
210
34
0
553
760
0
0
159
26
0
0
1
1103
6
8
119
22
0
56
0
6
4
2
4
1
33
4
14
0
178
240
354
36
0
160
0
2100
0
8
0
7
141
36
1090
37
1
4
26
372
1
0
191
0
13
4
4
52
237
2
71
4
0
54
404
0
0
654
3
947
0
0
1
1
45
0
337
0
18
15
0
1
0
1809
537
0
80
288
16
144
1263
453
56
142
13
18
0
0
0
150
0
64
59
252
5
410
156
177
0
0
0
0
2
9
28
26
0
0
137
0
86
109
0
427
0
0
214
240
2
953
544
15
8
17
99
0
502
0
3
0
548
0
0
49
1
0
814
0
25
19
0
794
0
0
0
831
31
379
319
290
1
457
115
0
409
14
1
82
214
11
72
0
0
17
0
2
744
8
4
7
0
0
0
0
187
17
0
19
52
55
34
242
21
2
0
0
953
212
27
5
3529
0
5
77
0
4
0
66
2
33
0
21
1
0
12
356
10
62
257
35
0
0
6
1
6
89
198
4
1015
1
0
0
24
1
0
0
6
731
0
5
37
33
0
1
0
98
3
49
8
1
5
184
0
128
245
0
0
190
319
15
0
2339
64
8
1
56
1
391
0
0
9
0
2342
0
0
0
0
348
0
5
12
1
0
22
2
84
43
0
301
63
11
0
9
59
0
72
2
0
84
0
0
0
378
0
28
23
0
220
69
130
262
15
7
232
0
0
2153
1
24
3
0
0
438
24
0
64
0
55
51
12
329
0
7
85
47
196
0
449
1
0
185
0
0
0
655
60
0
130
36
0
1
5
653
6
201
0
0
2
0
9
0
0
35
0
34
164
0
42
0
0
71
65
2040
127
0
2
0
42
13
89
0
70
29
2
0
15
4
0
0
1
3
3
10
25
0
0
0
0
1075
2
12
30
3
0
0
0
235
158
2551
0
0
47
14
13
24
321
64
0
21
53
35
6
1
10
0
17
65
234
0
0
27
2
0
0
9
46
0
0
0
9
7
1
0
12
11
82
39
0
54
78
5
0
0
223
13
3
71
0
1
221
0
4
36
0
1407
0
44
6
10
8
0
1
0
4
0
0
1
0
1
3943
18
87
0
0
0
14
109
69
6099
0
1
18
0
0
169
88
0
1329
10
117
0
2
135
1
0
154
0
0
4
0
7
124
5
376
0
0
674
20
0
1212
0
0
211
171
5
1
0
653
0
438
897
0
3
0
1382
121
75
0
184
18
0
0
3
0
46
5952
471
0
1067
0
78
55
0
0
31
0
132
232
28
0
159
81
189
25
40
638
155
1
0
208
334
2
55
0
0
0
98
22
126
19
56
3
45
0
14
9
0
0
0
0
98
4
547
0
165
0
18
0
35
3077
2
204
2
27
20
0
29
67
8
7
44
195
0
0
0
0
0
124
0
1
2
0
10
71
12
31
1036
0
0
0
0
0
2
129
0
2
1
19
0
189
0
0
0
10
0
38
78
0
0
0
177
226
0
0
0
0
13
0
2
57
31
0
50
4
763
19
1
13
0
0
376
0
0
21
0
2
0
78
1
13
0
0
0
65
57
88
0
5
0
0
8
0
165
1
28
53
52
580
0
0
0
1
6
0
1
0
0
0
63
55
0
0
0
169
2
39
0
75
203
2
7
25
3
1
6
18
0
4
0
0
0
0
15
4
58
0
1
484
110
98
26
42
0
431
61
1
116
28
185
46
30
0
0
6
14
0
7
2331
3
0
36
0
2
0
104
59
3
3
54
0
3
0
10
4
0
4
89
0
0
1
0
0
3
197
1
672
18
0
25
497
0
1
7
32
0
36
0
0
0
0
103
69
2
0
525
0
0
0
0
0
0
0
0
107
10
0
0
0
5
9
179
4
0
0
2
0
0
36
433
24
0
1
0
0
0
0
5
6
41
0
12
68
11
0
0
103
70
0
0
0
0
0
0
17
0
0
0
85
0
0
1
1379
0
63
16
0
39
0
0
0
4
131
163
0
0
0
2
3
63
0
37
0
10
377
6
158
0
2
19
524
845
0
0
6
13
182
3
7
0
1850
0
0
0
1
61
1
16
0
2
182
0
158
10
0
0
5
0
307
0
11
565
23
0
0
18
0
14
63
97
0
0
17
0
564
16
0
0
5
0
5
0
2
1
35
238
0
0
45
2
1
74
0
1
211
0
0
0
164
4487
1
0
0
0
25
0
17
0
60
148
23
1279
1
6
0
10
257
53
10
28
38
2748
493
0
0
2
1
47
33
0
0
14
0
307
0
483
1
19
0
0
0
375
83
0
26
166
4
0
1048
40
30
2
72
15
15
0
0
19
11
0
0
716
12
0
0
20
0
21
103
20
0
6
1
214
249
25
0
0
34
1
36
2
4
0
19
119
0
0
0
0
3
0
1
0
764
0
25
0
23
13
0
0
0
2
108
81
0
0
0
32
0
158
86
0
271
193
9
0
1
0
9
0
7
13
0
0
0
636
8
0
254
0
0
89
0
2
32
81
7
0
359
6
122
0
49
0
12
30
159
0
0
2
0
0
24
0
20
0
1
25
48
12
0
0
0
3
10
307
130
4
0
0
248
97
0
52
132
245
163
0
11
34
44
0
2
80
8
856
0
71
5
0
0
0
2
10
0
11
0
210
3
0
0
0
26
236
3
298
0
61
863
72
0
2
2
2
2
110
0
0
0
72
0
19
0
36
0
60
0
0
0
372
23
137
1
0
5
570
2
68
0
0
35
76
0
47
0
855
1
8
2
0
1
15
0
69
509
4
0
0
256
17
12
94
0
0
0
7
0
0
10
79
1088
306
10
0
97
55
44
197
0
3
0
0
0
518
0
32
0
158
1
49
108
0
1
0
23
333
110
43
16
17
0
23
2454
0
89
10
0
30
8
47
57
0
0
0
1077
5
0
333
70
0
836
0
8
24
0
75
15
252
28
0
241
0
3
1
0
669
13
56
1
74
6
7
0
1
0
1
26
22
0
10
91
4
0
78
942
0
0
146
0
1
1
5
0
0
204
0
736
2
0
1
0
13
9
1
5
292
19
532
312
26
212
5
76
1
566
0
0
401
35
0
0
2
193
0
8
17
199
0
9
0
11
0
142
0
0
7
0
0
86
0
0
0
85
67
6
84
16
0
15
0
0
66
1
112
83
197
0
2
17
801
0
8
0
0
227
28
0
2
1160
149
37
2
0
0
14
0
0
126
0
4
0
101
0
18
0
7
0
2
51
0
12
0
614
0
0
12
0
3
8433
4
76
0
0
0
0
20
126
28
0
269
3
237
0
0
103
0
0
56
18
70
0
1
19
1047
395
41
0
1959
0
133
54
0
18
0
3
10
164
45
28
187
0
3
3
80
0
0
143
0
0
1
15
20
21
0
714
5
203
0
495
100
14
182
337
54
0
0
11
0
0
1133
13
90
75
0
0
3
4
21
0
0
14
44
242
197
0
20
1
0
167
17
5
5
0
285
4
808
0
30
0
19
0
40
64
85
0
166
48
0
8
4
2
0
0
55
125
88
3
15
0
23
17
0
0
3
211
0
3
28
0
3
557
0
563
894
0
0
810
5
0
106
15
7
275
0
120
0
19
131
2
0
131
0
93
16
0
4
42
2
664
0
1
0
26
155
0
0
0
0
0
170
144
3
2
11
191
243
4
50
547
189
2
0
1
164
49
0
0
106
40
130
0
7
0
26
0
846
466
0
0
16
0
147
0
0
0
0
0
104
32
0
1
0
0
0
20
444
5
0
18
1
9
0
123
0
0
77
0
12
0
268
2
0
0
94
0
454
258
50
335
60
0
209
0
0
58
0
78
4
0
94
0
0
0
0
1
9
1487
0
0
0
17
2558
0
522
1
28
0
0
21
34
45
72
107
0
164
4
6
0
9
259
73
21
8
0
5
26
2
0
0
259
195
187
63
928
534
1
22
0
0
0
197
18
0
166
754
475
48
5
10
73
581
3
27
11
343
0
189
3
291
44
73
0
3
0
3
886
15
47
6
85
7
409
13
51
0
22
0
6
0
0
13
101
103
0
6
145
0
1
0
175
0
6
67
1384
105
0
340
0
1
12
0
169
0
2
0
2
104
2
3
0
3
66
12
33
0
0
0
127
0
45
2
4
0
10
9
1
30
0
59
0
0
0
4266
24
0
0
1
52
88
232
14
492
0
0
1311
0
0
571
0
0
1
9
601
112
0
5
1342
134
4
0
0
0
0
12
2123
0
0
27
3
0
453
0
0
0
1226
44
231
0
102
2
1076
0
18
6
0
0
2
8
1
1
0
0
346
12
0
1267
0
0
1
5
6
0
751
2
5
0
1
38
0
0
120
266
0
45
13
7
17
69
1095
27
0
0
1858
68
1
446
2342
0
509
503
11
0
0
0
0
21
99
1
0
0
0
0
1
0
1
0
9
5
42
8
0
68
2
577
13
0
25
1
51
31
0
0
518
0
0
7
0
15
3
0
44
329
255
0
9
134
149
44
10182
138
30
56
995
811
0
17
12
0
68
0
0
42
0
850
1660
0
0
0
30
241
68
112
278
12
0
0
0
581
379
0
4
45
1
0
2
1008
12
102
13
1
0
195
1
11
424
79
0
33
0
0
29
235
0
8
100
769
0
2
704
207
0
0
1998
0
0
99
0
5
0
0
7
0
0
2
235
16
109
0
212
150
0
0
27
328
128
2
43
0
0
45
0
478
45
252
20
0
5
0
0
21
0
2
0
75
1579
338
682
0
47
6
0
144
0
9
0
1
31
464
124
0
6
181
11
368
0
1
42
0
0
0
0
0
576
111
29
7
0
846
3
0
0
107
2
48
269
0
1
73
0
3
125
0
36
0
0
0
13
0
43
95
0
387
0
1
0
18
0
110
11
764
0
40
787
1
0
0
45
0
15
546
28
1
0
0
0
36
6
39
30
0
1
5359
115
2
0
0
0
1165
0
0
2
159
0
15
14
103
2
0
0
263
0
0
13
4
0
67
0
7
0
496
34
0
1025
34
0
220
0
18
2
0
265
0
0
2281
22
0
0
0
78
189
1
49
4
0
615
0
199
2
6
0
6
0
1
5
0
1
110
0
0
11
2
20
1
0
277
2
0
0
0
5
2
0
0
1
0
0
4
0
2
0
76
7
58
103
0
1
23
0
76
0
0
0
30
0
3
0
0
121
1
81
48
6
1
23
0
239
0
0
188
0
449
0
382
915
0
6
4
0
0
48
0
91
10
0
1
99
0
453
0
0
31
10
292
29
627
194
2
46
1
252
119
0
0
194
2
5
3
299
0
0
56
7
535
75
376
0
3042
46
357
1
0
257
0
127
121
7
1
0
0
107
23
40
0
0
0
113
0
0
0
332
0
0
0
0
367
155
54
137
58
0
1
0
32
1
2
0
12
0
33
417
0
122
0
3
0
800
1
16
0
405
0
149
0
4
10
436
0
4
0
10
1
16
39
47
0
233
0
156
0
0
0
7
36
1
141
0
128
0
22
0
0
5
0
0
1
0
0
261
6
109
3
0
100
25
2
3
14
0
0
51
47
295
606
5
76
1
354
0
87
0
2
1185
39
9
111
0
280
15
0
199
1191
6
1687
1
174
7
0
8
0
13
20
0
1
7120
0
528
0
83
0
135
0
261
222
107
0
46
412
0
507
0
2
0
97
0
0
5
5
0
0
92
0
26
0
1723
4
0
13
0
9
94
0
0
385
15
50
0
25
6
0
1709
0
0
72
285
6
418
0
1
0
1
52
1790
917
0
0
0
0
105
2
0
0
274
346
21
3
51
0
10
11
0
243
0
271
251
0
0
0
110
284
0
0
0
0
38
0
21
0
0
0
0
0
5
54
1
0
4
5
4
0
5
0
0
0
0
164
1
0
0
0
13
81
155
1659
59
9
276
0
0
0
8
1
0
0
2
19
0
59
0
0
1
1
4
0
0
1
5
0
130
1
12
0
6
32
3
8
10
747
306
287
5
31
44
0
1
11
0
150
0
5
0
0
21
0
0
10
0
1
623
0
2
0
0
0
26
0
1081
68
15
485
0
0
122
0
860
1
0
1
0
0
32
34
0
122
263
282
499
0
0
0
0
0
1
56
0
168
164
1
45
0
26
703
0
19
30
48
8
37
164
8
46
2529
812
0
0
7
57
0
0
2
144
2584
7
3
4
1317
0
0
0
2
10
50
306
322
1044
297
2
0
28
0
616
0
0
58
515
0
0
0
134
778
0
533
222
2
522
0
0
6
419
201
144
58
0
467
37
116
0
174
328
1092
0
3
8
0
4
0
0
263
4
0
3
47
748
0
27
226
57
8
1
0
65
4
28
0
0
0
19
220
0
0
2
0
0
0
0
0
90
62
154
161
330
2
85
1
0
34
518
137
37
5
141
7
0
4
10
230
2
1144
7
0
130
0
0
45
0
0
0
0
0
0
60
2
0
5
28
0
0
413
1
1239
0
0
3
0
39
0
0
0
656
3
0
0
2
0
0
212
0
1
0
0
60
6
0
12
59
0
0
309
0
14
0
71
10
0
0
9
155
67
200
520
0
2
49
0
3
6
230
2
0
326
0
30
0
0
0
0
101
156
184
905
3
0
3
21
124
23
53
3
12
52
0
18
0
67
3
464
0
0
108
0
0
13
0
64
124
0
219
0
0
165
0
469
23
15
279
4
1197
1685
0
1
10
0
0
0
0
571
2
259
2549
177
19
20
191
3
14
0
20
20
1
0
4
231
109
58
77
0
442
474
9
43
1
2023
5
0
0
278
0
108
75
561
2
8
0
149
433
0
0
956
4
18
1
1
1288
2
0
417
7
322
148
0
144
0
26
139
660
12
0
9
352
0
0
7
0
0
0
345
0
799
3
0
452
0
0
15
4
61
70
111
652
0
0
38
46
2
3
0
23
0
56
54
0
0
150
0
1
29
0
438
627
0
99
16
34
2
5
0
22
0
21
0
1
0
0
48
0
381
0
2
0
503
0
3
2
0
49
4
828
0
82
69
99
0
0
1
7
5
0
0
0
129
0
31
0
17
100
0
8
13
17
0
4
4
0
39
4
14
113
0
1069
76
247
1
0
220
31
18
153
0
381
37
0
0
76
9
0
166
45
52
7
0
0
5
395
244
70
2
1407
8
0
143
17
6
2
37
10
534
276
131
1744
535
0
83
18
4
435
79
0
0
0
60
137
1
1
228
110
2
149
0
1217
3
0
10
0
0
140
71
906
0
82
0
61
2
73
2
0
13
697
66
7
48
136
38
9
0
0
51
9
0
64
2
84
568
0
85
0
29
0
872
770
69
6
82
0
280
0
67
0
6
1
1
0
11
6
50
9
691
99
0
0
133
87
34
0
0
0
37
314
0
50
0
41
0
1271
27
10
2
0
0
0
40
35
0
53
88
83
1
1
0
2217
0
8
278
0
204
0
35
0
4
0
77
0
108
0
75
31
467
41
0
0
0
429
0
14
1226
0
13
0
0
0
1
11
0
11
11
11
2
1
12
10
41
0
0
38
3
0
95
19
725
573
5
0
0
5
12
0
660
243
4
62
225
6
0
24
32
0
0
28
381
5
359
0
93
666
80
0
2
167
178
498
2
4
0
146
40
0
21
213
248
12
2
7
0
9
1
0
2
0
7
7
305
269
102
3
395
9
122
0
273
142
0
22
2
21
132
83
192
0
0
23
287
243
1
0
320
18
0
0
0
0
659
0
0
22
2669
0
0
0
4
32
3
778
5
3
0
19
59
54
0
132
231
0
0
463
0
13
3
108
0
0
3
0
23
0
1
54
1
0
34
0
21
155
0
12
2
3
0
2
273
0
3
430
178
0
0
5
23
12
0
8
1067
0
260
57
48
378
0
401
41
0
8541
46
36
0
0
0
0
86
8
4
122
29
0
40
0
0
0
65
5
26
36
10
373
402
2191
264
7
1733
0
5
0
590
25
1
1
216
0
22
120
2
87
22
0
0
72
79
0
0
0
357
0
7
64
2048
1
0
1
0
2
3
18
38
0
10
221
120
0
0
1
0
34
3
39
0
0
440
261
0
0
453
85
0
0
14
0
2
107
0
0
86
0
24
0
75
101
302
3
0
0
0
9
52
0
0
202
1
229
0
0
0
0
0
2
0
6
0
122
4
78
222
6
0
697
11
2
0
8
0
3
0
8
309
17
1
0
24
0
0
1574
565
0
152
161
0
125
0
120
10
102
29
98
0
82
5
0
0
0
213
0
0
23
105
0
17
2
51
355
10
4
2
0
16
0
0
0
5
4
47
0
0
126
259
0
0
0
0
4
0
2672
46
0
406
47
11
0
4
30
91
7
0
0
125
24
1
1
8
7
0
0
0
130
6
4
90
0
1
15
0
1
0
0
67
51
34
0
0
0
0
290
0
0
556
172
1
7
0
82
31
2
0
181
0
111
9
0
3
0
4
303
2
0
0
0
8
1539
5
0
4
0
0
0
50
297
6
192
15
11
23
108
0
0
227
202
0
28
0
192
1254
16
724
3
11
16
0
0
0
50
0
610
0
0
580
0
0
1
0
90
294
0
0
0
0
6
0
45
4
159
209
32
7
236
6
232
0
0
2794
0
7
0
3
0
27
71
638
0
0
162
0
15
0
13
0
0
0
3
0
0
0
0
16
1
80
0
208
61
238
0
106
23
0
36
0
0
321
0
0
257
1
1
0
1
6
0
0
2
0
0
50
0
15
0
56
2
44
0
40
1
1
13
0
1
3
153
909
0
0
0
2
4
0
6
9
0
75
74
0
60
0
22
142
0
494
0
50
0
76
0
0
0
101
17
0
3
0
2
7
0
0
0
3
2
0
0
39
0
28
1
72
0
0
0
0
0
12
235
0
580
229
0
5
0
1
2328
55
47
14
0
0
186
1760
2
0
0
0
0
37
13
2
8299
3
19
0
578
0
2288
58
464
331
0
65
27
12
138
0
2
67
22
43
653
96
0
6
0
4
1791
0
1
2
162
0
0
5
0
0
0
0
0
2
0
0
0
0
0
2
59
87
0
75
271
1457
68
13
0
138
5
0
23
9
0
0
0
0
0
65
0
8
0
29
0
29
0
0
48
85
0
0
4
0
1
1
0
4
80
86
715
1
263
206
9
0
121
4
0
0
2
0
291
25
31
0
0
0
8
44
0
1
6
338
0
94
0
119
145
0
68
36
61
73
12
0
2
0
0
0
3
0
10
0
0
0
80
19
0
0
5
0
2
788
0
1
104
41
0
57
0
30
353
0
29
144
848
362
2
22
0
0
0
44
10
56
455
0
0
8
410
0
0
0
0
0
18
0
0
1747
0
9
3
193
0
0
7
8
168
0
1
688
108
223
103
1
69
0
0
0
24
79
67
1
0
56
4685
588
0
0
113
11
53
0
0
1184
0
18
0
2337
0
0
56
374
33
0
421
0
8
528
0
0
0
36
0
0
54
9
0
0
28
0
0
3
0
114
94
388
93
4
1
0
0
0
24
1279
5
0
1
42
16
0
18
276
6
0
14
0
0
0
2
16
0
590
0
0
4
1
11
2
0
466
1
0
1
0
0
4
0
0
0
0
69
92
10
203
1
73
3
68
51
20
100
1
90
423
0
0
0
19
773
15
8
6
161
163
1363
0
0
0
0
0
22
142
1
0
12
0
203
2
456
0
63
0
31
45
0
0
121
10
5
11
0
30
4
67
127
0
270
16
1314
8
0
135
0
17
0
0
45
1
0
303
43
2
62
7
2
2010
10
0
0
354
0
1
5
39
0
54
52
0
0
534
5
108
0
26
11
4
19
94
185
185
0
159
2
351
204
339
0
1
19
38
237
0
1
0
1354
0
58
1
11
10
699
0
44
0
187
0
591
0
227
1
23
24
11
0
2283
0
12
2
2952
3
0
1
0
0
0
0
4
122
19
0
0
46
0
44
129
3
23
703
68
0
66
114
9
0
1
1
23
2525
6
1
1062
0
0
11
0
0
0
18
513
0
2
4
0
0
11
29
0
47
0
0
16
82
554
27
0
344
551
0
176
34
0
39
712
96
0
0
80
12
839
19
0
163
0
525
104
0
23
12
0
4611
32
12
7
0
5
0
0
40
5
144
0
0
66
16
42
1
0
54
265
0
6
267
31
0
0
0
0
0
234
328
0
1171
0
10
5
0
0
119
6
4
121
0
240
46
670
379
0
0
0
10
61
162
7
177
0
133
0
2
6
18
153
0
0
52
0
0
58
3
0
0
6
0
0
108
0
0
0
0
3
43
25
0
1
1
6
169
0
202
2
138
21
12
584
11
0
276
1
0
0
14
0
1553
0
9
1
0
12
202
0
136
2
0
6
12
2
0
6
0
1
0
0
8
0
4
0
51
0
0
14
67
1
9
468
0
1814
77
1
8
0
585
0
47
161
0
2
0
26
0
0
5
0
0
12
0
3
0
2
0
0
52
0
3
1
0
954
0
103
0
241
189
0
0
0
133
4220
261
0
0
23
20
24
0
38
9
0
0
48
0
36
0
245
58
209
0
14
15
0
0
1
488
0
11
0
0
2
0
4
2
3
68
18
37
4
15
107
0
29
1
152
2
61
0
0
7
68
0
0
475
5
0
0
40
276
66
0
0
0
1586
30
12
2
261
32
0
241
37
29
11
5
562
19
0
0
7
67
0
89
48
0
1
8
177
5
0
5
23
6
0
0
0
129
98
680
1
25
0
31
6
0
0
1505
0
240
3659
222
0
0
153
1292
0
7
40
0
31
0
236
1353
12
466
0
1222
218
0
47
3
223
62
18
6
2
2
5
7
0
30
1
0
0
2
187
106
62
1
260
117
391
8
0
63
3
35
10
280
1
3
32
226
1
1
0
16
420
0
0
4
0
0
35
4
0
0
0
0
0
0
0
0
1
79
0
0
0
2
0
0
9
30
10
791
0
49
0
0
1
1
65
0
7
1053
2
0
1
0
2
56
4
0
838
0
8
294
0
105
24
0
26
16
3
9
0
55
10
0
0
313
198
3
690
213
317
0
1
0
0
0
34
0
0
0
3
0
0
2
0
375
190
0
1478
0
1
1
0
0
76
33
3
35
253
0
0
17
6
39
0
29
6
0
0
0
0
0
0
263
788
583
156
0
9
1026
244
17
0
0
181
35
0
108
198
2
82
16
0
24
0
568
4
2
0
2
0
218
244
38
44
0
1
0
0
70
57
1
1
0
3
137
1
0
0
0
0
0
0
1
1
0
0
37
2
2
0
0
0
1
0
0
37
0
0
0
114
1
18
20
3
1
190
69
7
37
74
0
4
1
0
9
4
5
0
388
0
5
0
5
0
77
0
0
0
1
0
0
1
24
0
0
379
0
19
28
0
10
90
0
0
0
0
1
0
8
116
0
0
8
8
22
6
3
0
0
116
11
8
85
3
0
329
0
858
70
86
1
0
49
1
59
0
0
6
130
4
302
22
15
0
0
1
0
37
0
0
0
0
9
1
18
0
57
0
0
0
46
16
0
0
26
0
29
1
0
65
48
10
35
236
1
0
0
0
2
5
249
0
81
169
0
0
71
80
0
212
2
90
42
0
0
0
120
0
4
1
4
0
1770
0
110
2
0
0
0
1
0
0
53
0
29
6
24
2
22
0
0
0
29
380
56
0
3
1
10
60
0
39
1310
0
79
23
13
0
0
1
1
0
26
0
7
34
2
64
73
0
10
5
1
0
0
0
59
163
2
0
69
221
0
9
0
605
20
28
0
0
6
0
0
2976
26
248
13
14
0
0
20
51
11
24
1
0
0
0
0
232
13555
0
0
0
47
36
123
0
1
0
1
0
0
2
8
5
68
24
2
2
0
0
191
3
1
35
3
21
23
5
13
0
0
30
93
0
1
29
2
842
0
80
837
3926
16
239
11
2
87
18
356
0
4
46
0
25
303
74
201
25
0
2
3753
17
0
37
6
3
6
3
0
2
47
1
91
57
0
0
1
5481
0
0
154
115
2
21
0
746
3
0
0
22
0
1
0
25
287
2
0
0
49
0
2195
0
1
877
0
78
78
0
653
301
2
2
11
0
0
67
0
49
8
26
111
1
321
0
0
37
1
0
24
0
81
163
0
31
651
0
11
0
66
0
0
5
26
0
59
0
0
2
1
127
1
0
0
1
0
453
79
0
106
0
391
426
145
0
0
0
45
50
0
3
22
3
40
6
0
5
4
2
16
0
0
65
0
2
0
50
28
0
18
55
50
2
4
6
0
36
8
5
0
10
0
51
0
0
0
10
90
0
0
20
1
25
24
480
0
6
0
1
162
82
77
18
0
305
21
39
258
61
2
0
1
6
126
17
22
6
0
2511
1427
0
0
32
24
41
63
0
0
0
0
1
0
64
2
0
0
0
0
1
0
286
0
171
16
38
234
0
0
0
226
0
0
14
0
97
8
11
0
51
0
0
2
111
167
0
152
0
137
0
67
120
15
0
0
0
0
0
54
0
0
36
0
0
1
1
0
0
0
0
0
0
9
12
0
258
281
50
0
0
86
0
6
3
1
41
97
0
0
168
2
197
0
118
51
0
97
0
79
2
1
60
44
4
3
247
1012
0
667
35
0
0
0
1207
137
1
8
0
19
0
0
0
8
2212
1
5
78
0
121
0
54
0
6
0
101
0
747
3
1
0
15
1
126
141
0
153
0
0
11
25
0
0
1131
0
0
16
82
59
8
669
184
249
850
1059
15
0
4
17
44
14
0
2
1
71
0
78
0
0
2
1
81
0
0
0
1
1
0
19
2147
190
1
84
6
0
68
994
40
74
0
17
32
53
0
2
7
494
6
0
2
0
0
0
107
0
0
93
6
14
347
6
0
151
672
0
960
11
19
10
45
1
473
20
0
12
58
9
188
0
12
0
0
0
109
11
0
285
143
0
1111
7
61
0
143
108
0
264
55
0
1
585
0
98
1
86
0
0
10
6
2
148
180
36
649
9
356
3
5
645
186
0
0
0
7
89
1797
5
281
37
0
6
0
0
0
366
0
22
0
0
11
79
0
25
0
299
0
21
0
69
0
0
4
0
0
2
75
25
0
224
679
0
50
383
0
155
0
0
2
0
11
32
20
57
1636
23
0
31
63
303
0
0
0
0
0
54
1128
10
1
18
226
148
0
69
0
24
4
19
62
0
34
4958
2
0
0
2
0
620
0
0
0
4
0
0
0
0
376
0
54
69
0
36
2
7
12
4449
8
27
1
0
85
0
0
261
0
0
379
2
2
0
3
0
0
302
105
0
0
0
79
51
2
0
10
16
535
0
1
2
0
0
0
0
56
4
0
0
1526
1302
0
16
4
0
79
1
218
28
158
8
0
38
315
0
656
218
0
101
0
0
4075
15
0
136
0
0
8
0
391
4
404
2515
0
4
0
0
0
1
19
8
113
9481
281
0
9
0
0
0
0
41
0
42
6
124
166
941
1466
0
1
98
1
4
0
432
996
5
13
0
0
28
0
34
0
4
0
106
28
0
126
13
0
0
8
159
0
0
0
10
0
0
16
229
0
56
34
0
8
44
0
2
1
0
1181
4
121
28
0
0
0
0
0
1067
157
492
64
0
14
1811
510
0
0
824
0
0
0
19
0
5
0
181
82
57
153
0
266
0
0
5
10
532
73
22
18
0
1
0
3
45
0
197
23
0
10
0
0
3
0
0
2526
6
14
57
3
50
0
0
207
113
11
0
0
0
0
2
136
182
0
0
8
0
4
6
0
349
154
0
0
127
876
56
18
28
0
0
33
0
4
4
0
81
0
0
27
8
0
208
0
10
21
59
162
0
0
34
137
224
47
0
0
11
0
787
562
2256
0
0
9
53
10
11
0
0
978
0
0
3
2
6
0
0
0
0
14
0
3
0
90
0
18
17
0
30
0
282
1169
0
3
0
0
2
0
0
0
64
972
63
5
0
0
173
0
17
906
101
46
0
13
8
0
11
6
0
0
0
0
8
1
34
0
5
121
0
80
84
1
0
0
0
1
1
0
5
186
0
2
1
0
0
0
0
2
84
16
101
570
0
3
221
1144
0
3
25
2
487
0
7
24
238
0
85
0
7
0
393
17
0
0
0
0
3
38
184
4
72
80
393
0
0
30
161
49
0
15
2034
3
118
0
188
1091
76
0
16
13
0
0
760
295
5
0
248
8
63
1
0
2
0
0
0
557
27
119
447
18
36
276
2
56
82
153
0
0
79
1
19
0
3
3903
0
33
31
0
123
24
0
1
3
51
0
232
0
43
1
287
74
243
0
45
0
2
0
1
16
0
564
10
0
3
0
0
0
22
0
189
0
3
0
1
0
0
9
14
0
14
2
166
73
1
129
15
104
77
0
57
47
0
284
50
180
2
550
0
83
0
53
50
0
0
188
2
700
39
170
37
15
0
1
0
0
0
17
0
0
15
65
0
554
176
0
0
552
0
0
0
2
0
0
0
2
0
3
1
0
18
0
158
22
116
0
0
0
2
155
3
1
0
199
0
220
23
0
0
402
2
0
2
0
1
0
7
1
85
0
126
818
0
469
0
60
1
15
1
49
736
110
98
166
105
194
16
109
0
59
0
325
0
355
59
0
110
0
293
209
0
118
0
100
1
0
728
35
11
0
73
0
0
46
27
0
0
0
0
0
46
0
163
0
175
171
2
0
469
263
0
0
329
0
18
0
40
0
0
185
66
16
2843
431
89
77
6
0
6
0
19
2
200
0
40
59
119
703
0
20
189
19
0
26
27
0
0
140
82
0
59
96
0
2
0
1
6
9
0
0
25
119
47
0
598
2399
796
16
349
951
0
84
6
24
500
14
26
105
87
2
122
0
0
19
118
0
0
0
118
162
3
6
1
278
8
1996
100
38
114
50
3
1
1491
328
41
8
1
0
37
90
0
135
10
0
85
239
0
197
45
0
0
0
33
468
90
119
0
0
386
0
0
0
0
0
17
1737
0
0
0
0
10
26
0
0
198
5
0
0
565
14
0
5
77
57
694
189
0
0
0
0
25
26
1
5
7
0
3
0
82
0
0
121
4
0
3
47
0
43
0
8
0
0
134
0
3
0
40
0
215
53
0
43
0
0
28
9
788
20
128
0
125
45
0
0
0
23
19
14
0
289
117
3
108
6
0
0
98
1
32
705
0
0
0
0
0
2
13
7683
15
0
152
1
62
12
6
0
3
12
2
0
0
0
142
22
20
0
84
85
33
0
874
0
8
0
50
11
1302
280
0
0
0
7
7
2965
0
0
10
1743
64
1
0
3
3
0
0
0
147
67
0
15
1
2
55
0
11
0
0
18
110
0
6
22
30
1
438
76
5
342
54
0
0
163
0
0
0
41
0
613
0
2
0
0
3
3
0
661
0
0
644
10
0
3
57
0
0
0
0
0
20
0
40
3
0
81
1592
0
0
349
0
0
3506
124
335
210
14
0
16
2
1
222
0
229
139
0
78
6
0
87
788
1157
3
0
15
3
3
8
3
101
0
0
0
1
905
273
77
228
31
0
155
117
0
1
0
7
0
0
249
2
63
2
22
0
500
0
0
6
1
4
0
0
0
31
1
0
37
0
13
0
0
1528
10
0
10
0
0
2
50
1
0
16
0
1
0
0
5
0
187
228
352
1
9
134
4
1
0
0
15
0
11
111
14
1
0
6
156
38
1
459
27
4
351
79
0
311
39
0
1
0
3
0
0
55
67
6
34
0
12
0
40
0
11
0
1
1
0
57
0
43
563
546
6
2
0
1
2
18
8
2
644
976
11
0
0
1
15
4
0
2
1022
11
0
317
91
0
82
0
0
11
0
196
258
0
0
43
1
0
0
0
0
0
149
0
0
28
38
0
16
15
0
118
0
248
3
1
36
40
127
10
0
0
230
39
1027
22
462
3
551
0
321
4
0
47
0
21
12
1520
1048
0
6
23
36
0
0
1089
3
0
192
20
9
0
8
0
0
0
38
0
0
18
83
337
0
3
89
193
147
4
53
0
0
0
2
0
1
0
1
77
3
0
0
8
15
4
0
1
3
446
0
0
15
72
600
11
37
113
145
0
58
38
130
2
6
72
270
55
3
43
0
36
466
32
314
0
0
15
0
8
100
19
0
15583
76
8
3777
99
2
0
51
190
2
274
0
0
1
45
0
1
0
1
193
0
1
0
18
0
98
1
0
0
192
0
1
284
3
57
0
17
1
0
31
0
9
0
227
8
0
40
0
6
20
0
13
0
39
119
0
0
0
116
2
586
66
51
318
139
23
0
2
0
0
35
0
0
5
26
109
0
9
482
1
0
94
1
717
14
205
0
39
522
12
0
0
0
69
815
0
0
0
0
0
0
0
0
0
0
78
105
6
0
14
32
134
225
0
680
392
0
21
199
298
1
55
6
84
1268
0
4
0
0
1
3
77
1
31
0
0
3
44
0
6
7
0
22
3
4
92
1
0
0
3
0
15
0
0
48
1
345
106
2
0
384
28
0
12
2
56
0
1
0
6
1
0
0
42
0
10
0
1146
498
0
1
1045
0
16
141
689
20
0
11
88
0
0
0
0
0
128
546
4
93
21
83
42
0
469
32
2
15
0
4
0
0
8
1189
5
24
1737
0
0
0
0
0
1161
104
0
1
3
949
0
343
0
149
216
45
845
0
0
75
0
22
3
0
3
688
0
4
172
24
0
12
0
37
10
0
15
0
13
0
10
617
721
52
0
0
160
16
0
176
36
6
0
0
0
0
0
11
415
0
141
12
0
340
43
0
0
0
541
3
16
46
204
3
0
0
21
0
609
0
0
0
257
1
0
1
0
248
0
370
0
2
52
0
0
1
0
0
1145
0
0
0
7
80
0
35
0
0
0
0
32
11
0
5
0
0
1
473
115
0
5
4
0
41
0
1
4
0
345
127
334
4
30
63
0
0
29
1
154
203
0
0
130
41
66
36
691
4
947
0
465
112
4
0
0
5
0
37
28
104
153
0
129
0
3640
0
0
0
42
4
32
102
0
0
0
4
0
300
165
0
0
0
3
0
429
245
61
5
1116
0
0
0
176
6
0
3
28
293
0
19
31
3
1
0
0
0
497
336
173
37
1521
0
1
38
166
64
0
0
44
467
66
3
0
0
1
0
8
395
0
704
0
10
21
752
2
178
0
0
6
10
93
0
0
20
1
2651
0
9
113
1
0
30
35
9
7
2
42
0
10
10
1
0
3
0
9
0
0
2
11
0
0
110
0
206
23
2
0
313
0
0
1
297
1
0
0
303
216
0
94
326
112
0
1
90
68
0
18
373
0
1
1
375
1
7
0
0
0
2
1
2492
34
103
66
246
12
0
0
0
0
0
536
1
49
0
162
0
5
83
0
154
0
37
11
0
0
0
0
0
0
0
0
1
18
0
11
0
4
0
13
49
2
6
11
0
0
0
1
0
0
27
0
16
364
0
0
0
360
0
0
1
0
0
10
0
1
22
134
8
1906
179
72
10
0
131
0
150
1
0
0
572
50
81
0
1
2
0
50
0
0
6
699
0
0
9
25
2
378
0
0
464
179
12
0
13
15
57
5
0
0
1074
113
0
1
8
0
0
0
0
0
500
5
147
3356
332
410
12
0
1
32
33
68
0
2
0
2340
226
720
165
1
0
143
169
116
30
20
0
0
3
154
393
0
0
145
377
0
289
959
0
0
0
51
0
0
320
82
219
157
43
0
0
50
766
41
2
19
173
2
1
16
2
96
134
0
0
19
81
1
1
24
1
147
1
5
268
89
2
0
375
0
0
8
65
18
0
4
595
0
222
1
42
446
0
0
42
1
0
375
2
0
0
3
88
0
357
2
56
0
0
0
2
711
13
28
145
490
37
78
9
77
0
2
28
11
27
8
61
20
302
11
32
209
1013
89
1
159
2
153
47
392
126
3
1
0
159
33
51
0
11
825
133
236
0
64
25
0
0
0
0
9
943
0
38
144
76
423
0
9
1
0
0
9
123
9
75
0
765
0
0
2
0
44
84
1
0
0
98
0
6
3
1047
69
20
41
2
1
0
0
97
2
254
182
0
0
0
17
0
0
0
203
0
0
89
3
0
43
0
11
0
66
157
0
33
107
0
162
3
22
23
172
0
312
0
15
0
0
39
8
5
34
46
299
200
0
0
1
0
0
23
0
424
0
69
0
0
615
24
64
0
0
57
0
13
87
152
20
13
95
1170
0
329
8
1
79
983
22
1
0
2
2
1
18
257
0
0
2
19
10
0
28
8
9
64
0
20
0
0
5
0
0
3
129
5
1
417
0
0
18
384
0
0
0
8
409
0
163
5
13
0
9
0
1135
0
1
0
0
160
0
551
0
4
25
0
3082
0
0
52
85
1
0
1
0
230
183
77
106
8
0
0
30
15
2
4
0
0
1
0
40
0
0
0
43
0
5
0
12
23
0
0
93
6
18
3
0
3251
86
72
4
160
94
7
377
15
914
0
0
890
1319
326
227
44
0
0
0
14
0
1056
0
0
0
89
0
0
3
14
0
0
1
21
2
3
0
0
64
0
5
522
0
0
0
0
0
4
257
7
2
121
22
6
0
0
0
0
196
1
334
0
0
0
0
0
3
1
441
46
0
0
174
20
611
0
24
1012
123
0
0
154
3
32
0
5
14
0
0
254
84
0
3
23
1200
39
0
286
0
0
32
8
0
5
0
3
0
0
0
2
186
61
0
0
0
122
76
946
0
0
0
47
0
2
0
1
0
48
0
0
3
3
238
4
4
0
0
336
21
0
2
983
0
0
261
0
96
7
0
37
19
0
0
0
2
10
222
1
0
0
14
3
2
0
9
275
460
0
16
0
5
2
0
91
0
1
0
70
0
0
0
8
0
10
0
0
5
8
2
0
0
15
0
0
0
21
4
61
0
2
0
0
0
12
2
0
213
0
0
0
165
2
0
342
6
9
16
0
0
7
0
57
60
8
0
583
19
64
3
0
137
0
44
42
0
6
27
625
1
11
4
7
293
0
38
60
0
3
0
2
2
75
192
598
0
0
0
8
0
0
0
13
21
0
40
0
24
0
0
0
0
0
0
5
1039
0
377
115
0
0
9
10
9
0
207
6
0
0
2
17
3
310
622
10
53
2
6
122
1
0
0
146
0
2
46
2
9
0
0
0
16
0
0
3
11
2
84
3
1
4
38
44
0
35
1
0
0
0
0
2
0
0
0
0
71
0
194
1
30
77
0
0
0
0
0
13
1
0
0
19
3
0
708
79
0
0
1
83
69
0
10
79
9
80
526
9
0
3
63
0
63
0
13
0
0
1
0
42
132
64
54
23
0
7
0
0
557
0
121
0
0
2
155
53
0
2846
470
5875
109
17
12
194
515
1392
0
0
2
13
2
0
6
4
0
0
54
48
195
0
41
19
21
144
211
1
0
448
0
45
2
136
1
1017
0
0
49
0
0
1054
557
12
56
56
1704
18
179
0
0
1
15
23
92
10
0
137
657
8
36
3181
0
99
0
2
0
0
0
0
0
16
0
0
150
2
0
76
10
20
0
0
0
122
79
10
0
0
0
0
16
0
10
588
86
0
0
0
42
537
0
184
7
309
32
0
56
6
0
0
0
0
911
0
0
69
1
64
122
0
0
0
10
12
12
58
2
1
252
10
106
0
136
17
0
91
3
2
0
0
0
0
87
5
296
2
19
0
0
72
0
3
2
32
0
129
0
0
0
0
0
0
0
17
0
452
2
94
2
0
10
0
1
0
48
0
6
0
0
0
0
0
2
209
2
0
74
3
28
0
8985
4
0
106
0
68
1
10
0
0
2
57
44
0
0
93
0
7
0
0
0
0
29
141
0
5
0
5
30
0
0
306
6
5
318
0
0
232
27
14
1
1
29
10
0
0
101
0
7
0
0
0
136
17
253
0
0
97
13
6
0
1
20
6
2
0
0
4
1
0
3
0
88
0
0
1
5
315
253
9
0
0
8
0
10
1
26
0
0
58
0
0
35
2
209
444
152
0
325
0
512
47
0
412
128
173
0
0
0
1313
3867
6
86
10
1
24
6
282
0
0
62
3
0
0
0
1
3
0
0
0
0
49
0
188
0
1
44
0
180
3
0
0
1
0
23
2150
164
305
0
320
171
0
0
11
0
4
28
373
0
2
1356
341
227
1232
2
252
109
2
22
4
0
0
1
1
0
62
0
4
0
15
19
0
618
2
2
55
16
10
6
11
28
0
0
0
1
32
332
0
39
189
10
23
0
57
15
1279
0
0
2
5
86
0
3
112
29
6
0
0
89
87
0
0
95
491
0
1359
1392
0
95
158
0
340
0
1427
0
0
3
0
478
341
0
0
0
3098
329
0
0
143
87
24
7
0
8
2
0
154
241
2
0
0
75
0
35
0
0
106
0
151
10
0
47
271
0
0
0
2
0
10
6
0
60
175
0
99
0
255
0
5165
249
9
215
6
0
19
43
146
82
15
0
94
1543
111
112
2704
0
0
11
0
471
0
4
413
36
0
0
265
185
0
0
0
1
0
116
7
41
843
18
37
0
69
315
12
275
72
0
13
44
315
0
1375
2927
0
5
337
690
111
0
1
0
17
0
210
4
0
44
108
1
0
4
1
1
3
24
0
1
2434
1793
0
687
658
0
832
51
4
88
0
55
135
6
1036
0
662
59
47
0
809
0
0
345
6
391
9
0
262
76
0
68
19
1428
16
321
11
72
3
20
121
96
971
9
158
0
26
1
79
0
0
0
0
0
0
25
0
0
1
26
0
0
31
2
0
1
0
0
1
91
117
3
0
0
239
0
0
814
3
0
0
2
987
0
0
8
7
213
2
0
0
65
0
2
10
1010
8
133
0
0
1
0
0
0
98
0
3
0
3
0
8
55
176
0
18
4
40
13
188
4
0
7
0
1
9
4
0
54
95
0
36
74
0
4
29
0
159
5
29
37
173
1
4
0
75
0
0
4792
3
0
9
59
66
0
639
1295
138
215
49
3
221
4
6
196
104
939
0
145
0
2
344
3
0
8
30
248
0
65
1
0
0
0
0
5
2950
0
44
37
0
0
1
0
2
0
0
59
928
82
8
2
6
0
17
0
9
2
0
6441
134
88
145
0
67
3
32
240
0
7
0
0
0
0
0
46
61
20
66
334
91
45
4
0
9
260
840
0
5
1
2
1664
314
12
1
0
0
0
35
155
3570
156
2
404
0
3
8
441
50
0
0
1
86
230
1
9
1
0
8
13
40
0
287
168
10
0
0
2
303
16
0
33
71
0
0
25
442
720
0
2994
23
156
0
375
4
26
0
843
12
161
0
5
0
12
0
0
4
583
62
6
0
54
0
3
1523
35
0
0
1
0
1187
0
740
0
9
124
0
350
3
117
2754
1
434
19
75
0
16
194
0
2
0
669
545
0
0
2
553
0
0
0
20
11
0
2
2
0
19
6
0
18
7
0
0
714
0
240
9
0
0
0
28
2
0
27
0
0
2
0
47
0
0
7
110
135
0
393
33
0
0
131
0
25
0
0
0
317
0
4
0
0
41
0
1
242
110
3
23
0
11
225
0
215
0
6
0
0
439
0
2
0
631
6
0
49
9
28
0
46
687
0
0
0
182
122
1
22
0
21
0
28
0
13
0
0
15
59
36
2
0
0
0
3
11
0
3
13
8
0
315
0
18
0
13
10
0
3
0
2
0
82
0
33
2
0
25
24
24
82
0
4
0
0
142
9
3
7
1
2
0
0
12
6
0
4376
19
0
0
192
698
38
0
11
81
59
53
0
46
47
11
0
78
0
0
13
16
0
3
0
322
0
48
0
4
0
3
125
27
31
174
65
0
0
22
317
2
0
1
5
0
0
933
105
0
519
5
120
0
0
10
5
0
6
0
0
14
3
0
0
0
0
668
47
19
4
0
78
1
3
9
0
219
0
17
39
2
2
3
148
27
92
0
262
8
124
0
1
13
84
61
1104
8
0
0
0
0
72
0
0
0
3
3
0
112
0
4
2
7
27
0
18
5
1
0
0
0
12
0
0
14
0
29
0
32
0
221
11
36
157
0
0
50
0
66
0
0
0
153
8
121
143
0
26
359
27
0
0
23
446
4
0
16
0
726
2
6
0
18
43
12
33
9
1
11
0
0
0
71
7
76
1
1
469
0
1
34
9
0
0
200
0
0
1
0
0
77
96
12
0
0
0
0
41
0
459
0
9
55
13
241
82
56
0
0
278
8
215
231
0
0
92
0
24
0
478
515
225
2
0
0
28
2
3
39
11
0
0
0
0
0
5
11
0
197
0
10
118
0
26
0
1
0
78
6
0
1
71
34
0
1
27
0
4
0
0
0
2
0
0
0
0
1728
20
250
0
0
0
11
0
100
0
0
15
669
0
5
0
320
71
28
0
0
71
0
13
22
1893
0
0
18
12
0
81
265
0
0
0
0
260
1
52
194
2
0
46
34
3
0
2
0
18
754
225
1
0
0
85
4
0
0
0
0
21
12
4
35
0
65
0
18
675
43
0
3
3
3
28
6
0
13
26
267
33
360
0
8
0
5
118
0
17
1
0
0
0
0
0
1
11297
337
3
1
0
341
3066
5
0
0
1
435
52
0
875
64
3
0
913
8
0
24
0
1
0
315
1
2
2
0
1
1
0
2
0
0
690
0
2
4938
0
0
0
0
0
3
24
0
0
21
0
8
333
0
0
14
108
77
0
162
6
4
9
0
31
0
107
0
0
0
652
6
151
0
1
11
127
12
39
19
148
0
4
33
26
13
0
0
0
1
1
0
66
258
0
0
0
2
0
8
1
0
1098
0
0
0
1082
178
95
0
83
0
184
2
2
110
336
3
6
0
4
17
299
0
0
109
0
12
0
0
61
1
4
1
131
8
69
0
0
113
0
43
0
3
193
0
42
390
22
46
0
9
259
29
21
96
0
0
0
61
79
1
128
0
178
174
0
0
61
107
54
0
0
0
48
386
527
11
1559
0
49
0
1113
8
950
408
0
9
0
184
1
0
161
5
52
77
1
35
0
0
0
26
0
0
237
193
178
0
0
1095
29
36
0
100
118
252
702
0
0
0
2363
0
341
0
0
149
3
0
0
0
0
0
0
0
0
4
5865
29
28
0
0
98
1
214
2072
101
0
366
50
525
0
0
0
0
55
0
0
3
202
3
198
144
376
0
99
0
126
3
644
0
1
1
172
430
209
10
767
2
0
0
566
59
0
504
0
134
0
0
7
62
2
0
0
0
1
0
137
5
1
308
0
67
1
1
0
83
0
1
0
3
0
0
0
11
24
0
121
46
14
154
0
4
0
1569
445
14
602
0
0
87
0
81
356
0
93
340
12
218
49
30
4
71
0
0
465
2
0
767
3
0
179
220
8
0
0
0
408
0
75
7
391
245
50
0
0
1
13
1
554
14
58
2
128
14
10
0
1883
267
0
406
1
2
5
0
51
10
8
224
238
529
0
584
0
5
0
1
0
57
127
21
525
4
81
628
216
3
47
12
0
1
0
82
0
0
0
0
2
0
410
0
234
333
0
0
3
53
0
90
8
0
17
0
1
0
0
94
42
701
0
9
0
0
1322
1
2
1637
0
64
372
0
36
0
0
6
6
26
275
447
24
125
99
289
0
55
32
5
0
4
50
0
0
190
0
217
72
6162
3
5
128
338
12
0
152
0
0
17
0
120
773
248
36
62
15
36
0
5
24
24
20
116
132
7
40
16
0
0
7
0
333
88
77
0
0
0
0
0
0
5
5
186
5
33
0
0
0
0
0
96
1
0
11
7
2
664
62
2
0
0
0
174
0
0
378
196
6
114
0
1
482
74
0
0
79
2
0
0
0
3
0
161
565
78
14
0
569
1
0
7
87
0
929
28
99
0
0
0
7
0
36
3
27
293
23
0
21
4
1
923
420
51
0
25
0
2
26
65
3255
0
0
0
5
9
8
60
0
0
84
0
249
1139
704
0
15
983
475
245
156
0
0
0
24
15
5
0
45
12
11
0
30
0
1
0
1
32
0
6
66
0
45
20
333
162
148
21
277
0
3258
32
5908
30
34
10
9
128
0
163
224
868
46
3
3
1
42
0
0
466
17
135
14
208
190
0
293
0
346
1004
205
79
125
0
9
0
317
315
7
3
6
147
0
256
0
0
8
0
10
1
1
46
226
0
0
16
0
25
265
78
0
1
0
0
33
0
0
560
969
120
279
3
6
120
427
58
167
157
0
16
46
22
0
43
17
4
4
141
7
0
0
1
0
0
7
251
5
923
1094
146
0
605
138
3
7
363
0
0
0
0
0
0
0
5
54
0
0
168
18
0
243
1
0
539
321
533
0
0
0
288
325
389
83
1
368
160
12
97
25
35
0
23
959
16
333
6
0
3
97
134
83
236
21
209
6
0
0
0
8
0
0
6
50
0
16
8
0
0
0
300
0
0
5
15
35
3
16
39
13
0
0
2
174
0
90
80
29
2
1
3
2
75
0
3
6
0
119
3
3
0
1
824
795
606
45
1
8
4
559
0
0
16
255
11
0
10
2
0
0
0
29
34
104
51
3
0
16
13
10
0
98
87
25
0
0
1
100
6
0
0
15
22
0
527
2
0
71
11
1
0
120
3
55
296
101
1334
0
0
0
19
17
356
0
699
1
1018
46
12
62
0
592
0
85
7
86
415
0
397
493
0
2
0
0
0
1
0
232
98
0
37
21
0
9
0
25
0
0
0
56
149
180
322
88
390
919
283
0
0
39
0
64
103
0
2
3
4
13
18
1
5
1621
1
36
88
61
2
0
2
0
24
7
75
0
0
316
0
8
0
329
102
412
0
80
0
0
0
0
70
0
50
0
6
0
0
44
51
0
2
0
19
2049
0
189
7
0
11
0
1
1
0
0
170
153
0
8
457
3
170
186
43
0
30
6
2967
247
5
192
0
15
0
0
0
17
0
506
4
100
40
22
1
7
0
38
0
12
26
1
4
2
0
0
0
73
0
117
0
0
0
0
484
0
0
1
28
0
0
1
5
3
0
0
911
82
380
4739
1762
0
7
0
190
1
3
0
196
238
5
438
1
0
0
0
465
29
24
2
379
59
23
560
6
3
213
415
24
31
0
0
4
1
0
0
0
0
6
33
2
0
0
0
0
0
0
23
166
33
112
57
0
0
0
1
0
0
199
340
0
0
0
0
0
0
123
127
0
1
0
0
8
0
0
8
7
0
0
0
0
0
9
1
68
47
0
0
0
0
0
1280
244
0
612
12
1
1
58
103
373
2919
11
33
0
5
0
0
65
0
15
4
0
0
0
0
0
125
8
0
0
2
0
0
0
0
7
164
0
160
71
0
0
0
0
25
27
0
0
745
0
0
0
42
99
596
10
67
4
117
0
0
1
0
0
112
10
0
0
89
8
0
5
0
1
1
65
0
28
6
0
0
0
0
2
0
0
836
42
667
0
0
0
0
0
0
0
0
0
0
0
0
21
1
0
0
0
1
0
0
0
0
0
41
6
335
0
0
0
0
2874
59
111
30
502
149
400
288
48
3819
11691
260
0
21
14
0
0
0
329
217
72
0
0
0
88
0
0
0
77
0
0
39
15
105
92
1
2
0
2
17
5
0
0
8
4895
14
62
0
0
0
0
23
32
0
0
25
0
6
0
0
255
252
0
0
2
0
138
25
3
6
7
0
0
0
0
0
0
0
0
0
103
39
0
0
409
507
106
190
3028
0
0
9
0
0
0
0
5
4
0
0
246
27
1
0
0
2
17
0
0
0
0
0
35
10
0
0
2
263
45
161
33
22
272
1
409
565
15
0
0
0
0
0
0
0
2
23
0
95
0
0
0
0
0
0
0
0
0
0
0
0
284
30
930
1
2820
4579
300
0
0
13
28
0
69
0
0
0
454
86
0
0
113
647
150
48
0
5
2
268
0
0
0
0
0
0
1
0
1
0
0
0
0
0
0
0
0
0
0
0
25
1
0
5
60
0
0
0
178
0
0
321
1
5607
251
44
13
0
124
0
0
35
4
2
1
0
0
9
0
0
9
0
0
219
158
0
927
3
36
0
0
0
0
0
0
1
0
0
1036
854
1
0
19
7
0
0
0
0
12
35
0
0
0
0
2
110
0
0
8
0
6
0
0
0
0
0
0
0
0
30
0
0
0
1
0
0
0
0
0
2
0
0
0
0
0
0
0
0
0
1
0
8
1
0
0
0
0
0
