24_BitC_3_1
0
0
14
1210
22
233
36
0
0
0
0
213
22
362
3
0
333
2
0
81
1140
48
2
6
0
508
0
26
4
7
17
6
0
181
2698
47
0
0
6
0
0
0
0
2
0
2271
0
188
1
301
0
83
0
412
0
12
908
24
0
1381
3
7
0
2
2
18
0
321
32
2
1275
725
57
6
5
0
1317
8
5
0
0
0
4
14
1476
0
44
188
26
24
609
0
345
0
0
807
25
1
121
1
23
0
1
640
110
0
4
0
0
814
0
0
16
0
0
0
0
152
178
713
7
15
1
186
76
800
800
0
1490
23
1
3
15
114
0
0
3
94
28
0
5
4
29
0
626
151
119
12
68
16
45
0
65
0
3
776
0
0
11
773
1
0
0
0
120
118
51
212
0
1
0
0
159
0
0
84
46
1
0
48
577
558
0
178
51
192
145
6
92
0
0
408
75
22
0
59
0
0
0
39
41
0
2
20
24
3
4
103
5
8
0
0
3
0
0
8
64
18
0
14
294
1
2
280
0
4
3
120
8
81
0
0
56
363
197
3
482
17
0
0
1
0
1
531
0
49
144
941
5
3
99
174
14
0
738
43
1
0
0
29
149
1606
24
3200
70
0
0
0
239
29
4
741
0
0
71
0
0
0
673
106
467
89
0
986
0
1044
2
0
0
128
0
0
0
0
0
0
106
2
130
0
0
11
0
17
266
0
289
12
3129
0
0
0
0
0
0
109
0
140
155
1
54
0
390
89
0
142
27
23
0
17
335
276
177
0
0
304
17
6
3
0
1077
269
51
993
0
27
118
10
218
0
923
0
67
44
33
29
584
309
70
2
5
7
0
1072
1
0
0
225
450
6781
195
779
33
7
0
3
9
10
0
328
0
56
0
0
2280
0
95
15
30
0
237
0
0
133
650
47
78
0
474
71
16
0
0
0
1
190
12
0
1
0
0
89
20
2471
16
182
0
109
0
0
1775
226
5
3
38
0
17
692
134
0
123
9
18
12
10
1
191
0
0
0
3
0
236
912
0
10
868
245
125
0
0
0
15
8
3
0
0
0
0
0
0
4
0
0
0
8
47
0
653
0
30
0
691
0
1
1
17
0
298
73
510
57
181
1137
566
20
2
0
29
4
94
57
61
78
0
56
0
3
0
0
22
1
861
11
33
408
21
8
30
0
10
0
2
568
2
338
39
0
6
0
863
271
0
537
0
103
8
28
16
54
85
66
521
0
11
139
451
189
173
0
0
1
39
0
313
210
0
0
108
0
0
0
9
0
0
0
3
0
0
0
0
1204
0
262
0
165
0
0
0
237
494
57
3
263
10
175
179
38
0
49
0
93
5
2086
2
26
6
22
0
2213
0
10
0
262
0
583
148
18
1
11
77
4
0
0
3
123
0
0
0
0
897
1
80
366
3
0
153
13
35
11
0
12
0
18
0
2
32
0
0
8
18
0
0
50
0
37
106
165
99
54
1522
5
3
7
0
0
0
6
0
156
650
76
9
126
5
75
0
0
467
24
3
79
0
2
276
2
452
77
2
0
0
0
171
0
1
4
232
0
0
0
0
381
11
343
17
14
0
0
0
0
79
148
28
498
0
49
127
3843
0
15
2
0
14
3
62
0
3
2
60
93
1
59
2
33
0
0
43
15
169
0
121
1624
8
40
14
629
444
0
0
213
503
12
121
2
949
0
0
0
0
115
191
2
18
26
40
0
60
0
74
74
96
0
190
0
204
0
0
0
0
0
0
542
536
0
0
169
4316
3
334
88
247
171
83
43
0
0
239
0
8
48
0
9
269
0
0
1064
28
87
10
60
124
230
1
155
53
0
0
4
566
0
210
0
0
123
8
1
0
0
17
0
0
0
14
0
34
6
0
2
0
322
111
289
39
18
0
425
4
0
2
0
16
0
229
25
0
1
0
0
2
0
15
57
15
0
0
0
18
87
140
0
14
1
6
0
2
307
0
201
452
373
0
458
82
159
162
1
24
289
0
115
95
4
635
4
185
86
165
0
2
323
0
3
18
21
241
542
13
0
1
0
0
0
426
302
4
0
0
0
1523
1
0
1155
2
179
0
48
0
1
455
10
234
201
105
5
0
20
1
0
272
1475
965
0
0
6
0
355
54
0
13
43
0
15
57
129
9
0
345
5
0
329
2
0
0
0
312
0
87
182
23
123
81
6
29
0
0
28
88
388
479
19
0
190
3
0
1111
213
0
40
6
319
0
0
16
220
0
43
0
0
10
3
0
0
0
158
89
80
12
0
37
24
13
0
0
473
13
29
43
12
8
0
1
49
21
0
2161
49
134
687
4
121
0
0
20
0
1212
22
11
0
1066
264
142
48
1117
0
73
0
0
2876
0
0
0
0
216
0
1
0
0
67
742
372
946
31
0
1
1
30
40
29
5
0
0
85
1197
536
104
36
0
0
15
165
0
0
0
0
6
0
1227
405
1962
883
0
3
0
0
0
66
0
0
6
143
19
48
0
1
1378
481
0
366
1056
43
44
51
37
0
0
141
1
5
15
0
0
0
14
0
32
17
9
0
0
0
0
1223
386
0
0
4
2
49
0
0
0
0
76
28
0
148
10
1
68
7
99
622
0
336
71
20
3
6
13
0
0
0
0
226
862
56
138
86
89
206
60
158
158
1
32
258
26
63
0
0
4
0
1
915
11
195
0
0
71
106
0
3
290
93
65
225
0
108
291
0
16
0
13
0
24
0
0
1540
255
122
7
0
408
0
0
0
90
10
1236
1454
0
20
2088
31
151
94
35
65
671
301
0
0
23
0
462
7
370
0
498
0
359
0
234
611
53
0
422
0
0
71
0
328
441
0
0
0
480
0
520
0
0
0
37
0
245
0
0
4
0
0
1
1
30
0
27
23
72
0
293
186
8
245
706
0
0
1913
1
4
0
74
52
64
0
103
0
3
2
158
11
0
6
261
0
3861
0
0
0
25
4
236
29
134
53
0
47
0
69
0
1
105
109
31
0
0
129
0
136
1050
51
0
0
4
0
619
16
4
79
3
17
10
0
13
0
1
7
602
0
555
6
0
9
18
0
45
0
113
0
32
194
1
42
3
270
0
0
0
44
0
4
0
60
9
0
6
43
8
0
137
0
192
0
0
2
43
0
2308
0
5
3294
25
299
0
138
10
49
0
0
0
220
81
0
0
7
21
37
0
0
0
0
0
19
0
76
0
3
13
19
104
9
0
0
3
145
1181
121
0
0
0
62
0
0
416
453
16
52
4353
0
92
227
45
93
27
932
0
6
88
2100
41
12
51
29
256
0
0
223
72
20
256
12
493
6
280
194
89
0
38
0
31
0
2
0
2
267
0
19
0
1196
3
33
641
44
49
0
1
1
2
13
0
178
0
0
253
55
0
2
0
0
48
1
140
3
4
90
0
5
0
1
7
0
0
12
0
0
7
0
0
0
0
0
0
10
491
7
187
4
84
128
29
0
0
113
0
1418
47
0
0
0
1
4
17
1356
94
279
0
914
21
236
496
0
0
0
1294
0
147
92
7625
3878
0
0
0
51
2
6
1
0
98
0
0
1359
397
593
4
2
241
0
13
0
37
316
68
1057
0
1259
0
86
8
34
179
0
10
0
2
0
0
0
0
661
159
0
2834
87
0
0
3
91
341
252
26
684
2683
1
312
0
141
269
154
347
224
0
25
3
252
80
0
0
100
19
38
0
0
42
93
453
0
5
0
19
305
0
869
0
1
15
2
2
253
3414
0
247
0
0
1
241
0
221
0
54
0
0
1103
38
2
16
0
3
5
0
315
0
4
0
16
0
0
38
118
26
3
0
3
42
0
0
0
62
0
6
5
1
30
48
82
0
0
0
0
21
0
2
0
5
56
79
3
279
3620
42
354
242
1729
0
45
2
187
8
0
1015
2
115
44
0
0
4
0
456
57
0
32
113
0
75
0
1
0
0
57
0
0
2812
363
3
0
342
631
182
0
0
13
0
31
0
739
0
171
0
0
4
4
50
0
0
0
0
27
0
0
0
0
23
544
54
10
0
78
44
30
7
5
16
54
0
165
0
52
4958
605
0
218
3
0
4
1944
72
0
3
0
0
7
451
6
0
0
13
0
0
0
0
2
3
137
0
0
127
145
725
418
32
368
0
0
21
7
22
0
0
0
0
203
56
3
365
44
512
18
0
0
63
50
24
81
0
0
79
196
0
0
63
0
0
0
300
0
0
4
0
25
53
0
6
1
0
48
221
0
0
0
0
22
889
27
6
1
207
2
258
51
385
0
51
1330
380
0
0
3182
677
239
2483
62
0
9
0
0
0
1
55
0
7
3
0
153
1044
7
0
1
0
0
0
31
33
203
0
0
26
6
3
0
126
1067
177
328
260
1
0
0
2
286
7
0
0
29
12
3
71
3
0
0
11
60
25
264
29
0
2
0
0
0
0
0
86
3
0
0
33
0
95
0
3
58
129
0
6
2
381
0
249
4
4
17
1
0
0
1
0
806
2
0
8
52
0
171
77
21
0
11
1
0
0
0
161
2
712
287
791
75
0
73
59
0
3
10
222
89
0
3
0
1175
3
36
1
21
5
15
0
27
2
0
0
331
1
181
127
28
228
52
0
0
2
0
7
47
361
126
0
39
0
41
17
0
0
115
0
23
0
0
50
35
11
61
8
516
8
0
197
0
605
0
0
2
50
13
63
117
319
0
579
32
0
0
16
0
0
7
177
359
17
3
48
0
0
14
2
6
0
8
214
18
3
1607
219
8
374
0
44
13
0
0
228
0
68
0
0
0
15
17
0
11
1
875
0
133
314
2
0
1413
30
0
0
0
2
14
0
2017
83
143
0
0
1
0
0
0
6
50
0
0
12
0
7
4
0
23
29
0
0
0
5111
0
5
0
18
26
402
406
1731
4
2747
5
4
12
9
0
23
1130
0
362
910
0
18
125
0
99
1
0
9
589
0
28
108
0
0
1074
0
107
193
0
0
80
211
0
5
259
367
0
1138
2
523
0
2793
8
0
131
0
21
74
412
6
185
3
13
0
1441
167
35
13
522
0
147
11
497
122
0
104
0
60
123
133
0
0
0
9
12
122
0
17
1859
103
540
217
0
0
0
6
35
101
0
46
168
7
655
609
0
95
200
13
0
0
0
0
792
0
101
0
145
20
0
0
1
1
0
0
1201
1267
0
0
142
2
2
0
64
8
230
14
6
0
232
364
0
22
0
0
1
0
409
358
6
0
1295
13
312
254
38
37
3
13
23
0
10
0
0
13
8
5
97
300
0
0
60
339
0
0
56
0
0
0
734
141
56
0
3
805
0
599
491
1
0
61
0
0
5
46
175
16
0
0
0
10
0
49
0
1
0
113
6
0
0
0
2
0
141
165
16
0
2
344
1938
8
201
0
11
0
5
13
0
506
3
0
19
159
55
0
4
0
14
131
0
22
0
172
0
602
0
4
19
41
2
0
0
14
2
0
20
115
14
0
15
0
0
8
7
9
0
0
288
0
0
0
47
8
13705
0
13
163
202
0
76
1
0
0
0
249
42
509
4
140
0
0
181
1
0
51
0
329
1048
0
44
0
73
0
1211
1
322
74
0
1
0
0
0
0
2
0
1
0
16
0
0
4
418
175
105
0
5
177
17
0
58
736
8
205
84
0
721
78
0
72
0
0
0
544
14
218
0
21
1
0
27
563
345
0
305
42
27
0
0
84
166
0
450
0
0
232
9
101
94
1
35
0
0
186
516
2
11
10
0
0
0
0
218
178
198
0
16
0
116
0
0
251
0
75
47
0
742
47
16
63
13
0
3
610
116
0
299
0
50
312
3
28
2370
143
0
0
4
234
71
0
9
10
4
1
0
0
56
58
0
31
1
0
0
0
1
304
7
123
0
0
20
10
130
0
0
0
2
266
195
21
12
0
0
100
0
0
0
16
1089
2022
4
7
2064
25
53
445
0
165
0
0
8
529
17
0
2
23
72
23
0
2
0
0
0
1021
0
0
761
1
93
11
1586
321
0
0
226
1439
32
1337
290
0
33
20
290
0
32
12
18
4
0
0
0
214
0
1
744
0
1243
2
0
21
0
9
0
97
232
0
787
3
133
1
75
1061
3048
3
7
94
3
562
182
0
19
1
247
2
3
2
108
207
0
1244
1
30
23
537
0
51
368
881
42
97
139
0
433
3
448
383
3
1298
0
227
113
83
197
5
0
24
0
0
33
44
13
0
174
0
1
16
9
3
1
3087
165
91
156
33
129
2
0
4
8
0
649
0
21
0
0
1
2443
0
133
163
0
586
0
5
276
13
22
742
0
0
121
0
0
0
2
29
0
2
0
31
156
25
0
14
0
0
184
5
0
0
1181
161
582
244
3
844
27
0
0
57
3
0
0
0
5
22
140
6
0
3
0
0
1
9
2
22
647
35
63
1
51
0
4148
0
0
5
51
0
2
149
0
83
3
59
83
5
734
137
23
85
72
0
0
419
287
1114
63
0
0
113
1
0
0
0
1450
0
2141
201
120
142
255
0
3
0
0
45
0
230
0
0
110
111
16
69
2
449
9
0
8
132
0
34
0
44
4
127
44
0
1178
57
0
30
11188
0
50
844
346
484
488
190
616
65
908
0
1076
1761
5
51
5
0
1
0
232
0
140
100
1588
0
6
178
161
0
1702
98
68
0
0
0
0
2235
7
11
489
0
372
0
20
5
0
660
89
3
0
664
117
0
0
0
0
125
0
67
2
1224
10
79
44
442
0
1
131
725
0
21
7
94
133
39
0
37
321
86
0
0
119
73
211
0
0
19
27
0
44
60
0
174
4
0
0
0
0
2
0
0
22
0
0
0
3
9
0
4
912
17
0
0
2231
0
0
4
0
0
33
0
60
2
2
105
0
1
0
1
0
0
129
12
0
0
0
53
0
0
0
154
64
3
0
0
92
0
0
1
38
0
0
0
0
8
0
3
0
0
91
0
0
43
1528
0
0
8
2
0
142
29
189
2
4
4
0
39
1
2
0
18
0
64
0
0
0
0
8
0
63
0
0
218
33
0
301
14
0
1731
92
5
0
44
263
0
0
16
0
1
31
32
60
0
196
13
0
1
2060
342
6
1
182
0
2
28
0
27
12
0
15
0
0
0
0
423
0
1
0
0
626
0
253
9
5
1
0
50
927
347
215
0
0
0
0
0
0
0
0
0
210
1
0
52
0
0
0
0
0
98
1817
24
0
0
26
0
0
0
0
0
0
0
0
0
0
0
0
0
6
0
0
8
22
0
0
0
81
0
70
0
0
1
0
0
2
0
10
2
0
0
0
0
0
103
0
0
4
28
221
7
0
0
0
0
0
4
0
0
3
1
0
0
0
0
5
0
4
0
0
0
9
0
0
0
0
0
0
0
0
0
0
0
2
0
0
7
3
0
0
881
0
1
0
31
0
1
0
0
922
0
0
66
47
0
6
27
0
0
0
0
0
0
1
68
122
0
0
0
2
316
61
0
24
0
0
0
0
0
0
0
0
0
0
0
23
0
0
0
918
0
2
1
0
0
0
0
0
37
0
60
0
35
0
23
0
5
0
0
191
0
7
1
0
9
8
0
1
2
79
5
0
15
0
15
57
0
1
0
4
35
0
58
0
0
0
85
0
19
1
413
0
0
4
0
19
0
0
0
0
46
1
0
0
3
360
0
6
685
236
2
0
48
68
0
0
0
0
0
69
0
0
80
0
98
3
0
0
0
10
0
0
0
1
0
89
0
0
472
4
0
0
0
0
23
0
1
0
0
0
0
0
7
0
5
0
0
3
96
0
82
0
0
162
2
0
0
0
0
256
0
0
9
0
0
0
0
0
0
13
0
0
36
0
0
53
5
0
2
0
46
0
0
0
24
0
0
10
0
0
0
9
0
0
0
0
0
0
0
0
0
0
0
1
0
0
0
0
2
9
0
0
0
1
66
13
0
27
8
1
0
0
0
27
0
0
0
0
0
0
0
0
0
0
0
0
0
0
0
68
0
18
0
0
0
1
127
0
0
0
78
0
0
0
0
2
9
0
3
0
0
1
1
0
0
0
0
0
3
0
0
0
2
0
1169
4
4
0
0
0
2
0
0
1
0
0
18
21
0
0
13
0
10
376
0
0
0
0
0
0
0
1
0
0
0
0
0
6
0
276
133
0
0
0
0
0
0
0
0
399
0
0
0
0
0
0
0
0
0
560
41
0
668
0
0
39
0
0
0
0
0
0
0
0
0
3
0
0
4
4
33
0
16
2
0
0
0
0
0
0
0
112
0
0
2
58
17
0
92
4
68
0
0
0
0
0
10
0
0
0
0
0
0
13
3
0
0
0
87
1
2
327
0
0
0
2
0
0
0
0
0
0
0
60
0
0
0
0
172
0
0
0
0
42
0
3
0
0
0
0
0
0
0
0
58
9
0
0
0
201
380
2
0
0
0
13
0
0
0
0
0
0
0
0
4
0
54
0
0
0
0
18
85
1
6
1730
0
0
0
0
310
0
25
0
0
0
0
0
6
0
0
0
263
5
6
0
0
8
0
210
0
0
0
5
0
0
0
0
0
0
0
7
0
17
0
0
0
376
0
0
0
0
3
0
0
0
1281
5
92
1
0
0
0
0
0
0
0
121
0
0
289
0
0
141
15
674
0
0
0
0
0
41
0
0
2
0
414
4
0
0
0
0
0
0
0
14
14
9
1
0
0
0
0
7
0
0
12
66
1087
0
0
3
24
1543
0
439
7
0
0
138
0
0
10
0
27
0
0
0
0
29
0
1
3
51
0
2
0
0
0
0
0
20
0
1
0
0
32
0
27
0
0
6
0
22
0
0
0
0
4
585
1
0
0
208
0
0
25
0
0
9
0
0
0
0
42
0
0
0
0
86
716
186
0
0
0
0
0
0
0
0
318
0
11
0
0
0
0
0
784
0
473
0
0
4
0
2
2
0
0
0
0
2175
0
0
0
0
1
0
92
0
0
0
31
0
142
5
0
10
0
791
0
0
0
33
0
1
0
0
0
3
0
0
9
2
0
0
0
212
0
0
0
0
229
0
1
0
188
0
7
0
43
417
0
12
0
0
0
0
0
1
0
0
845
0
16
0
0
0
0
0
185
163
0
2
58
0
410
0
0
0
0
2
0
0
22
0
0
0
0
37
16
0
7
0
2
4
0
0
0
60
9
0
0
576
0
87
22
0
0
0
0
0
0
0
0
0
130
0
0
0
28
0
0
0
0
0
0
0
4
0
0
1186
0
3
3
0
0
0
1565
30
6
22
6
0
0
0
0
30
0
45
0
2
0
3
0
1
0
0
0
0
0
0
226
0
0
0
0
916
3
1
0
3
14
0
2
0
0
0
5
27
0
0
0
0
0
274
0
147
5
0
4
0
4
1094
79
0
0
82
261
0
142
19
0
0
53
0
0
0
0
3
38
26
0
0
0
0
2
0
1
0
0
0
0
0
0
176
72
0
613
5
0
0
0
0
52
2
0
4
0
0
0
0
0
0
12
71
9
241
0
0
0
8
0
0
0
0
275
0
0
0
67
0
0
0
0
0
0
0
0
0
0
0
0
0
39
53
0
0
0
4
0
3
144
0
822
0
0
0
0
0
0
0
461
0
0
58
1
0
0
6
0
0
573
0
0
4
0
0
0
1
0
29
92
6
48
0
0
0
4
12
79
3
0
0
0
0
0
0
0
279
325
17
0
156
0
0
0
0
0
0
13
56
1039
0
0
0
0
1
0
197
0
0
0
0
1
5
16
0
0
2
0
5
0
0
37
0
0
0
1
208
0
0
0
0
9
12
0
0
0
0
41
0
0
149
0
0
0
1
0
1
4
0
0
0
0
0
5
0
0
0
0
12
0
8
0
0
0
0
0
3
84
0
0
21
35
0
0
0
29
0
0
6
0
0
142
0
0
0
3
283
6
0
0
23
0
4
1
5
11
13
0
0
0
82
1
125
0
0
61
2
96
0
680
119
0
0
7
0
61
0
0
0
0
17
0
0
0
2
0
0
7
0
26
201
155
0
1
0
1
2
0
21
0
0
0
0
0
0
0
0
5
0
501
44
415
0
0
0
108
0
0
2
0
8
3
0
361
350
0
0
2
0
0
4
458
0
23
21
0
0
0
0
72
0
0
0
20
0
0
0
5
1
3
0
8
7
0
0
219
0
0
0
0
8
0
0
0
0
1
2
1
0
0
0
0
0
0
0
9
12
0
0
0
44
41
7
0
0
124
0
0
266
0
0
2
0
616
2
0
0
0
78
764
0
856
0
0
0
0
0
0
0
1
0
5
2
0
0
1
0
0
56
0
10
0
0
1
0
0
0
20
2
62
1
0
0
0
327
0
0
63
0
0
13
7
0
512
60
1
0
0
0
0
0
0
0
416
0
0
0
36
67
2
0
0
0
85
128
14
0
7
13
19
0
2324
1
22
0
0
69
0
146
452
48
155
0
0
23
0
391
0
0
26
0
0
0
0
0
0
0
661
0
0
0
0
1
1
0
0
1
2
286
523
0
5
0
0
2
73
0
0
138
64
0
0
6
0
1
58
0
0
0
0
0
0
0
0
0
0
5
0
14
339
5
27
0
0
0
0
0
3
11
0
1
0
41
11
0
0
6
0
0
1
0
0
0
0
108
408
0
0
0
0
0
0
0
80
192
0
19
58
0
0
0
125
0
0
0
13
0
65
1
95
3
0
0
134
0
0
0
0
2
0
0
1
0
0
0
0
0
3443
132
0
0
0
0
0
0
0
156
297
295
0
1
165
0
10
0
0
0
0
0
1
1
205
0
11
30
107
0
0
9
0
452
0
3
0
0
0
667
0
35
0
0
983
53
0
0
0
0
0
0
0
288
9
0
128
0
0
0
108
3
0
30
0
0
2
3
0
0
33
0
46
43
0
0
0
0
0
0
158
0
1296
107
0
0
0
0
0
174
1030
0
0
2
0
1472
0
0
34
0
0
0
414
0
568
330
0
0
1
0
0
0
0
0
0
0
0
0
1092
0
0
0
47
0
0
0
0
0
0
0
0
2
24
0
874
40
0
0
2
0
0
0
0
0
0
7
160
10
0
0
0
97
0
0
0
0
52
0
0
9
0
0
11
0
0
0
1203
0
0
0
0
57
0
187
0
8
0
50
0
0
1
67
0
11
1
0
40
5
26
0
0
0
323
0
0
0
0
0
0
0
283
11
0
533
3
5
253
0
0
1205
0
2
27
4
0
2
0
0
0
0
0
0
0
0
1
0
0
0
0
0
0
9
0
0
0
0
263
0
0
0
255
0
0
0
0
0
3
2
0
0
0
0
4
0
0
0
0
0
0
17
249
0
10
0
0
884
0
0
0
0
117
0
0
0
0
0
6
198
0
2
0
0
0
13
946
12
46
3
273
0
0
3
0
0
0
11
0
5
0
5
0
0
0
1
0
23
0
178
0
0
11
0
0
0
0
0
1003
29
1273
0
0
0
0
139
135
0
0
58
956
0
0
0
19
0
0
0
0
0
0
39
0
1338
2
11
0
5024
0
21
10
0
0
0
0
0
0
0
3
42
0
61
0
65
0
24
116
0
1
0
17
0
0
0
85
0
0
50
10
0
97
1
0
1
4
0
0
0
6
115
164
0
0
0
0
13
0
0
0
0
0
7
0
20
0
76
1
0
0
0
0
0
30
0
0
0
0
0
16
137
0
0
0
7
1
0
0
0
0
0
11
0
0
1
0
83
0
0
0
0
0
7
3
0
0
0
0
0
0
1
1
0
0
0
0
1
0
0
7
13
0
0
0
0
0
0
0
0
0
0
0
0
0
0
18
0
0
0
0
187
738
0
0
0
4
0
0
0
0
0
0
0
0
0
0
0
0
0
0
0
95
0
417
0
339
0
4
124
0
0
184
0
1
0
0
0
0
796
0
27
0
0
0
0
0
13
0
0
314
0
76
0
0
2
0
0
0
0
298
0
0
4
0
0
0
0
2
0
0
2
1
0
0
0
0
0
5
0
0
0
0
0
0
9
0
0
90
0
0
0
0
0
0
4
0
0
0
0
0
237
0
967
1
0
0
0
0
2
0
0
0
0
0
103
0
0
0
0
83
0
287
0
0
0
0
1
0
391
0
0
63
0
0
0
5159
0
0
0
0
8
0
111
15
6
46
0
0
5
0
11
99
43
0
0
0
119
3
0
0
0
0
394
0
0
0
0
18
0
391
2
26
0
0
0
432
0
0
27
0
156
0
1564
0
0
2
67
17
0
0
0
0
1
0
0
0
0
0
0
0
0
0
0
0
0
0
0
0
0
0
0
0
229
0
108
0
0
0
6
0
3
0
0
0
87
1
0
0
0
0
0
3
4
0
0
25
0
0
0
0
0
0
0
0
0
4
0
55
0
0
0
0
2
1
139
2
0
0
0
0
0
0
0
0
0
0
0
4
0
0
1
6
5
0
0
7
0
0
0
0
0
4
0
0
0
0
1
0
0
0
0
0
0
0
0
0
0
0
0
0
0
0
0
0
0
1
0
0
0
0
0
0
0
0
0
0
49
0
0
47
0
0
0
5
1
0
0
0
114
311
0
9
1
0
0
33
0
2
116
0
6
0
0
2
0
0
0
0
0
0
0
0
0
82
1
6
0
0
1
0
5
0
194
0
0
21
38
13
0
0
0
0
2
4
0
0
0
5
0
29
0
0
0
0
0
0
669
0
0
0
0
0
0
9
0
5
0
0
2
1
0
0
0
0
0
0
0
423
13
27
0
17
0
0
0
224
0
0
0
0
0
0
0
328
0
1
0
0
0
498
0
4
178
72
0
0
0
0
0
0
5
0
0
0
0
0
0
0
6
0
314
0
0
0
0
0
0
198
0
0
0
0
0
0
14
0
0
18
0
454
0
5
0
326
0
0
0
0
0
0
34
189
0
0
3
0
0
0
0
0
25
0
0
0
4
2
19
0
0
0
3
0
0
0
0
0
0
0
0
2
3838
32
56
0
10
0
0
65
1
1
9
1
5
387
6
0
0
2
1
0
2
0
0
0
0
0
0
16
175
2
0
281
0
367
68
223
0
0
0
0
0
15
0
1
290
9
2
107
2
42
0
0
116
148
50
495
0
0
0
125
6
0
12
23
0
0
17
0
24
229
0
79
0
0
0
59
0
9
0
0
87
0
0
1
411
0
22
0
0
2
2
0
82
0
69
41
316
0
12
0
1
0
0
2
96
4
91
14
25
0
16
0
39
0
3
205
12
0
0
121
0
142
9
1481
171
0
0
0
108
0
0
7
3
0
0
0
0
350
0
404
0
555
5
0
0
1
0
11
22
0
0
0
1
0
0
0
0
137
86
21
0
0
586
0
0
7
0
0
18
0
0
272
0
13
0
0
1
1
7
90
0
0
208
0
25
0
26
0
2
0
92
0
0
31
0
0
325
222
6
6
0
14
0
0
24
0
0
3
0
0
392
0
0
2
0
0
18
1
0
3
1
0
350
364
0
4
364
0
303
0
165
0
107
0
42
0
0
7
252
0
74
1
3
8
222
0
0
0
27
1
36
0
2
0
0
0
0
0
0
156
0
0
0
0
0
0
0
0
0
80
0
0
0
0
2
0
0
0
2340
5
271
0
4
0
0
29
48
0
508
11
0
0
20
0
0
61
0
3551
36
628
0
0
152
53
28
7
4
0
1951
0
243
133
235
0
249
0
57
937
398
0
0
0
0
1008
0
2863
0
0
0
0
9
88
9
4
2
0
0
86
0
54
18
6
119
425
0
628
2
1
0
207
97
0
0
157
51
2
210
0
21
60
0
0
0
11
0
0
0
0
0
138
0
0
0
1293
0
0
2
21
0
54
103
65
3
3
152
60
0
0
0
0
0
0
3
2
0
1
0
2
22
0
0
0
349
49
63
0
18
0
0
0
234
0
0
51
0
53
0
0
246
85
2
105
0
0
2
0
146
2
23
0
0
0
0
0
0
3
3
0
147
63
13
0
5
259
128
0
0
527
21
54
3
10
0
270
0
0
32
0
0
1
22
559
0
36
0
11
566
32
7
11
22
0
2701
20
0
16
1
7
566
0
0
62
62
382
0
86
636
1
0
22
34
42
0
264
0
0
0
0
0
0
9
74
0
0
148
1
65
3
0
29
0
0
1
1
0
106
0
122
111
0
2
0
0
0
0
0
608
7
504
1470
778
13
0
13
8
0
20
2
0
0
393
696
0
133
1
0
0
564
0
0
55
0
0
0
23
0
18
1
0
0
149
0
19
3
7
0
0
66
0
0
57
0
63
457
14
0
0
20
353
231
0
0
0
0
0
0
552
29
0
769
0
0
0
35
8
288
9
0
0
0
32
13
238
329
3
0
0
0
0
49
0
0
1
0
0
0
7
0
1206
0
128
157
0
0
0
0
22
146
0
0
0
0
22
0
20
571
0
0
0
0
13
0
14
0
29
0
2
0
25
13
4
0
0
0
647
0
0
50
0
0
0
0
36
2
72
47
0
0
0
0
16
209
0
0
0
0
168
8
0
11
0
25
12
13
82
0
60
0
1
0
0
63
0
9
357
0
1
0
0
0
0
49
2
106
28
1
0
0
99
5
0
1
0
265
101
4
0
0
0
0
0
141
13
0
4
27
0
0
0
0
0
0
88
0
7
0
0
0
0
0
1778
0
49
0
0
0
7
0
0
0
0
417
0
0
0
96
0
104
0
0
0
0
191
1
0
0
0
0
1
1
0
105
0
1
3
999
0
0
10
0
79
0
723
0
0
0
0
1216
70
0
115
7
0
0
2
7
151
0
41
15
0
0
0
0
2
1
1
16
625
43
83
0
0
5
7
17
0
0
333
923
0
79
0
0
0
0
0
11
195
0
0
39
1
324
46
55
0
0
184
388
0
34
0
736
0
19
0
0
3
0
0
2
208
778
106
25
13
0
0
0
0
164
72
1
0
5
407
5
0
52
0
0
104
72
0
193
5
14
848
0
0
89
1
0
0
0
0
681
0
1
4
0
0
0
0
22
0
1
410
0
2
0
0
0
0
17
0
100
38
17
4
0
1
0
0
0
1010
233
2
23
1
181
1
11
7
0
0
1
0
0
0
3
4
0
4
0
5
16
0
0
216
9
23
4
0
14
0
6
3
0
0
1
0
0
0
14
0
10
46
1
0
0
2
0
0
0
0
64
0
0
0
2
0
2
0
0
0
30
94
0
0
7
2
842
0
1
11
84
3
5
0
0
0
0
0
0
0
0
5
7
0
11
24
0
0
0
60
0
145
3
0
0
578
45
2
0
1
49
14
0
0
64
792
0
9
0
90
20
1465
113
346
3
3
285
7
0
566
0
0
16
28
0
6
54
0
0
135
0
0
0
8
5
0
14
0
0
0
0
13
0
0
0
0
0
75
94
60
5
0
0
7
199
0
73
129
0
0
0
0
5
0
0
36
0
28
0
0
38
37
2032
5
1
0
0
3
0
52
39
926
0
6
12
1
0
0
1
0
0
50
645
0
0
0
0
0
0
50
109
1
17
0
646
66
0
1
0
256
2255
0
346
0
0
8
283
13
0
6
6
0
0
30
46
0
0
27
0
2
0
0
13
464
170
314
4
0
76
4
0
0
19
0
0
52
0
0
1
0
73
31
0
1
0
0
7
310
0
0
3
0
1
2
311
0
0
162
384
783
600
0
0
34
0
13
0
3
0
250
2
0
2
0
0
10
0
7
0
1
0
36
5
367
1
20
0
65
17
0
1280
0
2469
0
0
0
112
32
19
0
696
0
0
36
58
540
23
2
691
48
11
0
23
8
433
6
0
0
0
0
17
816
0
73
0
38
26
0
0
44
266
0
55
11
682
340
6
7
0
52
0
0
6
3
286
256
221
4
94
0
121
0
36
0
2
175
54
0
0
0
330
2
0
0
34
15
100
0
587
0
0
5
0
6
105
0
214
40
11
11
250
143
81
26
21
0
132
0
0
0
156
0
0
38
3
1
0
105
0
0
5
0
0
0
65
1003
27
0
437
213
0
715
0
0
0
0
2
284
162
0
107
23
0
0
0
0
2
38
32
52
0
129
0
0
0
0
10
0
389
0
0
317
0
0
0
17
0
1
0
50
47
0
0
0
0
95
0
0
483
0
3
0
28
3
0
44
0
70
0
5
57
0
11
2
5
0
450
22
242
0
0
452
136
2
37
6
0
0
0
0
41
6
4
0
0
0
0
23
2
50
0
83
0
27
41
33
0
19
0
0
2
0
18
61
9
67
667
824
52
60
0
3
0
19
0
208
0
0
3
0
628
0
15
486
53
329
372
1
0
26
0
80
0
15
0
0
429
103
0
0
73
10
0
11
0
56
90
185
2
0
0
0
181
0
2
0
440
27
2
12
43
0
65
0
17
12
4
0
10
0
0
162
443
0
30
0
147
4
0
0
0
0
403
0
1
4
1
0
0
0
0
0
6
0
0
3
7
430
201
307
0
0
0
0
55
41
0
0
0
0
0
85
172
0
0
0
18
0
0
0
0
14
0
0
0
0
0
2
4
0
20
0
3
6
31
12
0
0
0
8
145
34
0
27
0
174
1
0
0
0
0
88
0
219
0
196
0
80
14
14
189
350
517
0
0
9
0
0
0
79
0
4
17
6
6
53
57
0
2
7
244
0
30
0
11
718
0
0
0
44
12
10
79
61
49
32
4
5
0
10
29
0
371
1
0
0
69
1
0
8
3
0
57
25
152
4
2
0
0
0
47
99
7
151
0
0
127
0
997
0
0
8
682
0
0
40
0
0
2
18
0
0
189
5
0
2
0
2
5
0
0
0
0
0
3551
0
47
0
0
0
7
276
23
99
210
122
1297
55
0
60
0
566
35
0
193
0
148
0
26
0
64
0
37
1
0
0
0
3
4
0
7
3
38
0
0
0
0
67
10
9
267
0
0
0
76
0
4
0
0
11
0
110
2230
0
255
0
0
39
63
14
0
0
23
5
0
1
0
176
0
0
0
30
0
3
0
0
0
2
0
208
32
93
0
3
519
1
0
8
6
0
1109
0
0
0
134
0
340
83
7
0
3
0
0
0
0
0
0
263
37
208
0
171
0
0
22
1143
7
22
0
0
7
2
2
0
0
0
0
250
4
2
91
0
0
0
0
0
4
0
10
581
0
0
25
0
518
0
0
0
0
442
0
148
40
0
0
6
0
0
0
1090
0
0
0
0
0
0
0
0
0
27
3
0
0
2
0
147
5
0
56
0
44
13
0
82
0
0
0
0
0
35
1
1
0
0
0
3
0
7
26
0
581
0
0
1106
0
0
0
82
0
0
6
222
14
180
3
5
7
0
0
0
0
0
0
4
38
12
3
0
0
0
3
0
0
0
4
0
1323
0
27
335
0
0
0
0
16
0
0
303
0
0
577
0
0
1
0
354
1
0
0
0
0
0
32
14
0
0
1
7
0
0
354
0
25
0
4
23
0
0
0
47
5
3
7
71
257
0
11
6
125
4
0
9
5
0
0
0
0
0
0
0
498
1
0
0
0
0
38
2
1
0
212
0
0
0
0
197
5
0
0
1
181
539
0
8
0
0
26
61
37
188
0
0
0
0
16
0
0
310
17
33
18
0
736
370
0
1
3
9
0
3
0
25
201
0
0
0
0
2
0
233
0
0
0
0
0
329
16
0
225
142
130
117
0
8
0
1
11
6
0
87
137
0
25
70
109
698
0
0
473
0
18
2
0
0
0
319
0
786
0
71
550
12
105
0
0
0
1
36
0
35
0
0
0
159
2038
0
328
150
3
0
4
0
41
0
0
0
0
0
0
177
0
3
0
0
0
0
110
0
23
49
0
981
0
5
0
0
52
24
0
56
1
4
0
1
0
0
0
0
0
0
208
0
93
0
20
20
136
83
0
50
0
0
0
0
0
0
91
0
2
24
34
0
0
145
0
0
0
0
18
9
0
193
103
2
26
77
0
0
49
699
0
0
0
18
1
0
14
458
65
0
0
0
0
7
0
12
128
719
0
255
29
197
15
0
3
4
1
0
0
428
1709
0
0
0
0
0
196
184
36
2
2
0
0
26
277
0
4282
0
0
634
404
0
0
0
0
0
0
19
117
0
2
7
4
0
135
2
0
46
28
0
442
0
254
0
77
0
3
0
0
0
0
160
1549
0
166
0
270
11
72
430
0
0
0
0
136
69
0
83
125
8
3
3
7
337
173
0
0
0
45
0
0
0
0
0
1
0
8
0
0
11
0
5
2
0
0
1067
1
0
0
291
0
17
0
134
0
0
8
1047
0
0
0
845
74
7
0
0
0
0
29
230
1016
0
0
79
0
506
0
3988
0
5
216
0
0
0
2
0
0
0
2
0
40
0
565
179
0
15
11
16
0
85
0
68
462
2228
5
204
474
0
0
0
21
0
61
4
0
0
0
0
0
277
0
8
0
0
3
47
0
0
45
15
7
12
23
109
101
0
1
0
4
9
324
0
168
32
7
0
0
0
363
0
0
167
1
0
0
0
1041
0
35
0
0
106
0
0
3
0
48
0
3
0
241
1
3
26
0
12
0
0
2
74
2
0
124
208
0
3
5
6
79
0
0
2
0
42
0
48
0
0
12
14
0
0
409
76
0
3
507
18
46
610
134
1
0
0
0
0
1
0
409
205
0
0
0
4
11
132
12
0
6
4
1171
1
0
0
0
204
48
81
0
871
15
0
0
314
4
0
0
0
0
7
340
20
82
12
462
0
0
0
0
0
0
360
0
6
151
295
14
4
87
0
0
0
288
148
155
0
1
0
3
122
0
15
630
0
0
0
169
0
0
0
0
1
859
642
0
0
9
168
0
0
0
0
0
16
546
655
0
377
0
3
0
0
37
0
11
0
0
1
3
2
0
0
0
1
6
39
3
0
0
0
38
0
0
0
0
0
0
757
22
0
0
147
0
270
82
1
1
76
52
0
1
0
0
212
26
0
2
215
717
0
0
0
0
0
0
0
0
0
0
6
0
58
0
722
1
0
0
437
0
0
71
0
8
0
0
0
0
0
350
325
7
312
0
0
41
0
12
0
0
0
0
18
0
0
1
0
0
0
731
47
15
52
0
0
0
21
0
108
107
0
12
436
0
0
0
219
0
0
0
6
2
637
2
0
417
2
0
0
1
0
1
0
0
0
28
0
0
0
0
0
0
0
0
0
0
0
6
134
0
0
23
0
0
5
2
0
0
55
5
0
0
393
0
9
1200
0
24
0
0
43
0
0
0
18
9
0
4
974
1
57
0
0
77
2
0
137
1
190
0
0
1
5
381
0
0
0
0
0
45
198
12
0
1
0
40
287
579
0
9
10
0
25
2
5
0
23
53
0
0
20
13
0
0
0
87
0
0
2
3
32
0
119
3
0
32
22
874
182
15
193
0
0
36
629
1
3
959
0
0
0
16
53
0
0
31
0
0
3
13
0
46
0
27
0
0
0
6
0
0
0
0
677
0
7
0
55
0
0
9
13
0
0
0
0
27
0
3
0
1
44
16
0
0
0
551
0
76
8
6
0
89
0
0
0
26
69
3
3
0
16
2
243
0
0
0
122
1027
0
0
92
0
92
0
0
0
0
408
0
0
0
2
48
21
7
34
25
0
91
0
0
0
409
107
44
0
20
20
3
27
0
0
58
0
9
0
173
372
0
0
0
117
3
729
0
3
239
0
0
0
0
3
0
0
10
3
1
295
0
25
86
2
359
16
0
0
118
0
0
0
0
567
0
1067
836
101
160
0
0
115
1246
0
0
0
29
0
0
2
0
78
0
254
4
0
157
520
0
0
0
0
6
0
201
0
2
59
0
0
403
0
11
0
18
458
0
0
0
68
0
0
51
236
0
0
0
0
280
286
37
13
0
0
0
9
0
1
0
0
41
0
0
14
9
17
674
158
0
1
124
0
0
0
0
0
2
2
0
0
375
0
83
0
3329
0
397
0
0
0
136
0
1
0
1
10
29
26
193
38
8
65
0
84
0
116
2
11
0
0
0
54
0
0
215
5
161
0
0
0
0
5
19
138
0
0
0
0
0
798
0
109
39
101
111
41
8
3
0
141
21
0
207
0
2
0
0
72
0
0
5
6
42
0
0
3
36
1
0
19
0
386
0
0
0
5
0
0
0
0
321
0
0
0
51
0
4
86
0
1
0
90
0
0
0
243
0
0
0
217
20
24
83
1
0
307
0
0
407
0
0
0
172
0
2
3
78
0
0
0
0
0
124
20
993
41
0
0
1
0
133
0
3
0
253
42
0
293
3
126
100
33
24
148
0
0
25
409
0
312
0
25
0
34
0
0
0
0
576
0
0
0
11
0
1173
0
10
0
9
0
50
1
0
1
67
0
1
54
3
0
1
0
121
0
4
100
0
0
3
173
35
89
20
0
0
0
12
52
116
0
0
61
0
0
0
1
0
0
410
0
0
23
21
65
0
0
0
0
184
0
67
0
16
29
16
0
0
0
8
0
53
0
17
0
3
0
0
62
0
23
281
0
182
81
0
30
0
60
71
0
18
0
25
1
108
53
14
0
8
168
13
17
0
1
0
27
310
1045
44
0
0
0
0
0
286
131
0
12
7
48
4
35
0
0
0
0
63
0
22
0
13
11
58
0
0
6
55
132
0
75
0
0
0
14
9
0
0
0
5
0
144
71
0
108
23
1502
2
431
0
14
26
0
0
0
1
6
0
0
0
0
0
6
34
1
0
1
8
12
118
0
143
35
284
28
0
677
47
98
0
0
0
0
2
0
431
0
111
3
0
0
13
2
2
0
45
0
9
0
3
2
54
49
772
15
1
58
0
4
5
13
0
2
148
0
0
40
191
0
0
0
282
0
347
3
0
0
18
154
22
0
123
41
0
5
0
0
0
453
2
34
509
510
0
59
0
0
74
9
579
201
0
0
0
47
0
89
110
124
16
4
0
2
0
101
824
0
0
11
19
0
0
0
0
214
0
630
564
194
0
0
597
0
513
1
0
10085
2
0
0
0
26
4
4
0
0
17
0
147
72
0
258
28
74
3
0
394
0
7
137
182
8
0
0
65
7
200
0
1
0
0
1
0
0
0
2
0
18
0
0
0
31
0
105
0
0
301
2
444
89
0
67
0
17
92
0
0
108
44
3092
0
0
0
460
394
1
0
34
0
0
1490
6
208
0
0
0
0
0
108
14
0
9
0
0
0
5
0
2963
10
0
0
0
133
5
0
0
0
0
0
29
2
2
228
1
8
55
0
0
0
932
0
69
152
0
0
3
0
0
215
0
0
8
0
24
0
398
0
1
0
2732
22
92
0
0
0
62
59
87
0
3
0
23
0
3
198
13
576
5
0
0
206
10
0
92
134
0
84
0
0
0
0
0
28
121
21
746
253
0
2
0
0
259
0
0
0
270
7
0
437
20
2
4539
33
300
94
0
6
0
0
0
64
20
20
0
0
45
97
19
19
0
179
0
2
43
5
1
1
2
0
0
7
0
0
0
1
0
375
0
8
0
0
0
0
8
3
0
0
61
0
715
0
0
0
0
970
2
4
0
3
0
22
0
128
208
0
0
0
0
0
0
0
0
0
0
0
0
0
0
0
0
0
0
14
0
0
0
0
179
0
0
0
0
0
15
2
0
8
0
116
20
2
695
0
0
0
0
0
0
3
0
0
0
82
0
0
0
0
2
0
51
71
0
0
0
1
0
12
2
4
0
18
72
13
0
3
7
211
0
0
16
74
0
0
30
46
0
0
120
22
4
0
0
0
801
269
2
1
87
0
21
0
114
23
0
0
83
18
707
38
0
33
0
3
0
5
0
281
0
0
0
0
0
2
0
0
0
207
4
94
0
0
0
1
2
0
18
256
0
14
53
316
0
0
158
0
0
0
138
0
0
0
317
4
0
0
0
0
618
0
0
2
0
413
0
0
0
0
0
8
4
0
0
0
0
0
0
0
0
57
0
1200
0
0
499
4
0
94
0
138
409
3
74
0
0
6
0
712
0
0
0
0
36
7
0
13
0
0
0
60
0
0
0
0
230
193
173
0
25
0
55
0
2
0
0
0
0
0
705
1
3
24
0
0
0
0
0
0
60
0
0
275
125
199
110
0
27
1
0
0
50
0
447
0
0
177
0
0
0
0
0
0
0
0
256
0
0
0
0
0
509
0
11
1
0
319
0
0
1
8
0
0
44
0
5
0
95
78
0
0
1
336
0
0
0
0
151
29
163
0
25
8
2849
0
0
169
0
0
0
0
0
3
0
0
178
32
1
3
0
0
165
0
0
28
2815
0
152
40
46
0
0
98
9
0
31
0
524
1007
0
24
0
0
0
4
0
0
1
5
146
0
0
0
0
0
1
0
80
10
287
0
0
0
7
2
1119
0
16
0
0
0
0
1
0
2
0
0
660
106
0
0
0
0
1
0
35
143
0
205
0
0
0
14
0
1
20
0
0
0
0
163
0
55
32
0
96
52
0
869
0
0
7
0
95
0
148
2
109
11
0
0
0
0
0
0
3
0
6
0
0
0
2
7
8
84
730
0
270
0
614
0
292
0
0
11
0
13
133
0
131
79
25
0
1
33
1
0
0
0
41
17
90
13
0
1
0
0
1
0
4
0
0
76
0
3
359
0
0
0
0
0
0
0
0
0
23
3
22
3362
165
1
65
0
0
0
59
0
0
0
0
0
0
5
0
0
0
0
2
21
326
3
20
0
14
0
338
0
1
0
9
3
0
0
3
0
0
7
87
183
0
762
0
34
173
953
218
2
0
0
0
6
230
126
0
2
0
0
0
126
1
0
0
0
0
21
107
39
2048
0
0
19
109
340
0
0
9
0
186
0
103
1
714
0
0
33
0
0
0
7
0
117
2
177
19
119
0
744
2503
335
0
21
2
0
0
0
0
0
90
0
0
3
109
0
145
0
4
2
688
305
25
0
0
0
0
0
2
54
0
21
39
0
2
5
823
5
28
0
4
0
0
0
1782
0
76
0
6
541
0
1
2162
0
120
5
155
0
0
0
0
0
988
0
855
0
0
0
870
4
1
0
143
0
26
946
0
2
6
6
995
1
0
8
60
0
0
6
0
0
0
55
0
0
21
23
69
0
1
0
110
350
5
0
0
0
0
0
0
187
2
2393
0
0
4
5
0
0
0
19
0
0
0
950
0
441
0
0
141
0
0
0
7
14
107
2
0
9
1
190
0
8
0
118
7
100
0
135
0
2
0
0
0
0
0
64
0
0
87
0
4
14
756
0
0
0
25
13
0
63
0
0
9
0
70
24
0
8
0
0
0
562
10
1
0
0
1
0
0
0
0
0
87
170
0
47
138
15
0
70
0
88
0
16
0
14
0
0
0
0
31
0
0
0
25
0
21
241
0
0
0
61
92
19
6
0
395
1
26
0
3
0
0
4
3
12
128
0
0
0
0
83
2
0
8
0
36
10
0
0
0
25
5
0
696
22
0
114
63
0
0
18
45
0
1819
732
5
89
5
570
36
0
0
8
0
18
329
0
41
2
0
0
6
0
0
0
4
0
0
124
0
0
0
1
0
0
0
0
0
0
0
158
0
12
0
36
0
0
0
0
0
2
0
0
0
187
0
3569
0
0
5
0
304
0
0
0
0
0
0
0
19
0
0
352
0
5
0
0
1
90
0
465
43
0
0
40
0
0
2
17
0
0
0
0
0
0
79
9
0
0
0
5
32
37
0
0
0
49
2
0
37
6
0
0
65
9
0
0
0
0
20
130
4
14
0
0
0
38
3
0
2
0
189
2
0
288
0
0
0
8
0
0
395
0
0
0
5
0
0
0
439
1059
0
18
0
0
13
112
0
0
0
0
58
320
0
214
751
0
0
0
0
0
90
0
0
0
4
0
0
38
0
4
0
816
0
0
0
0
308
0
0
3
0
0
0
0
223
53
0
0
32
0
113
0
0
320
0
0
158
9
192
61
0
0
101
0
0
7
55
18
1
6
0
20
52
57
0
0
0
0
0
0
3
0
1
98
0
0
42
56
0
0
21
0
96
39
19
1
0
0
0
2
0
714
0
161
1
18
0
0
196
0
0
0
0
215
0
18
1
69
6
773
1
0
37
168
82
100
47
0
1
133
0
1052
0
29
4
80
3
0
17
87
0
0
183
0
118
0
0
0
0
0
0
2
0
98
0
0
0
3
1
4
0
0
279
0
4
125
0
218
44
0
366
1868
5
0
0
0
1
479
91
2
0
0
18
0
2
0
0
274
97
0
0
0
0
401
0
133
8
0
3
13
0
0
0
102
0
53
31
0
0
3
197
0
522
0
43
1393
2481
15
79
0
0
3
156
1
0
374
32
13
0
0
39
84
14
0
501
0
0
143
0
2
0
0
4
0
6
2
0
0
1
44
0
0
4
16
1
34
0
15
0
112
0
11
129
0
4
80
10
0
3
20
52
2
0
4
0
0
44
0
0
24
4
0
4
0
0
39
98
154
12
3
0
0
0
0
0
2
435
0
0
2
0
426
0
0
0
20
0
0
1
3
91
0
4
0
0
0
6
11
1
0
2
253
46
0
1
0
0
0
0
11
77
41
0
1209
0
64
118
0
0
45
0
12
13
0
0
1
2
0
12
2
7
0
75
71
0
0
20
75
0
0
0
0
0
0
98
0
0
0
0
47
0
0
16
109
0
66
0
16
29
0
506
2
0
0
479
56
14
0
0
0
0
10
0
482
0
292
91
0
35
61
8
297
0
11
32
3
0
0
48
33
0
202
8
1
212
0
6
0
1720
0
0
0
7
0
0
0
0
328
7
0
0
209
0
0
0
25
1187
0
0
0
1
232
1
0
8
0
1
2
0
0
0
56
0
0
251
0
0
412
0
24
179
1
829
0
256
10
0
0
20
25
33
204
0
65
54
0
13
362
20
1
0
0
0
0
0
223
26
0
0
0
26
385
60
10
725
4
0
0
3
6
2348
3
85
80
0
30
115
12
784
25
0
0
76
117
0
0
0
0
0
0
0
42
659
167
312
6
1395
173
186
0
93
0
0
0
0
0
199
0
5
0
367
9
1
0
3
28
40
0
0
4
31
1538
176
56
0
1
0
312
0
1
0
0
0
0
12
0
253
91
0
14
0
25
20
6
3
0
0
2
0
0
199
0
5
38
30
0
30
0
5
309
5
895
1
0
57
10
746
6
1
14
0
4
0
0
1
0
0
0
0
19
466
0
28
0
0
0
1
0
0
52
61
24
0
0
8
2
9
0
13
83
12
60
65
83
3
0
0
0
0
0
106
35
196
0
0
33
0
131
0
156
0
465
37
0
0
0
8
26
22
29
0
2541
45
0
0
2
2
0
5
135
1
0
0
0
14
173
0
0
14
3
656
0
898
779
11
45
221
44
0
33
13
41
0
118
574
120
3
158
0
2
2
172
0
1
2
5
191
182
735
1255
2
112
2
483
6
0
0
0
1
0
0
17
0
0
0
2998
158
66
0
584
213
3
9
14
0
1159
2
0
10
0
0
8
39
8
0
1
920
0
26
14
11
0
1
249
539
0
12
0
0
582
7
351
0
0
112
84
31
32
0
0
0
0
0
0
0
35
227
13
0
0
0
313
787
0
0
1
15
5
25
5
878
0
0
166
3
0
0
0
8
0
231
0
0
0
3
111
0
0
0
1487
0
83
85
53
101
0
0
90
0
0
0
114
0
32
0
18
0
943
1530
5
200
23
5
0
102
129
123
0
132
0
0
0
0
155
0
0
3
0
1
1
0
44
15
85
48
51
138
3
4934
562
8
0
45
0
0
0
0
0
0
10
0
0
0
0
30
96
47
2
0
7
14
0
62
22
703
0
6
2
28
0
17
0
10
0
0
6
178
0
5
0
0
266
0
0
0
11
0
454
648
0
2
0
413
0
23
271
26
537
551
0
129
0
130
7
0
0
2
48
0
65
0
0
302
1
0
0
3
0
0
0
13
655
26
18
318
0
1
9
1
194
0
0
0
0
6
3
0
19
3
0
0
112
54
735
0
0
1093
0
0
439
0
1
0
0
0
0
0
4
26
0
0
2
4
0
81
0
0
0
0
0
0
0
0
0
98
1
0
1
2
13
0
21
0
0
0
0
0
9
0
1077
2
0
227
0
0
26
1
0
1
255
0
0
311
0
0
0
1
4
4
162
5
27
0
183
59
0
0
9
0
0
0
0
0
0
10
0
0
0
15
0
0
161
39
10
0
5
429
410
0
0
15
3
594
0
0
0
44
75
718
0
0
36
0
0
1
33
16
11
0
0
0
0
0
203
1
0
480
0
253
0
248
0
15
16
7
44
295
0
704
14
1
0
0
155
0
0
177
0
22
0
0
2
0
383
3
0
8
0
0
0
1
32
0
0
440
3
0
3
0
0
0
11
133
53
33
0
0
24
2041
307
0
14
0
0
0
7
0
0
0
8
25
27
14
20
1452
0
0
0
423
0
13
0
0
0
0
850
101
0
4
0
145
0
0
2
61
0
0
0
0
7
53
0
0
1
0
0
3
0
1
0
0
242
5
31
0
0
0
0
11
7
0
0
0
0
0
0
0
11
4
0
101
0
0
0
0
0
2
0
0
0
0
0
0
1149
0
0
0
45
0
40
23
126
0
4
9195
0
0
0
142
0
0
0
0
4
0
0
0
0
0
155
2
0
0
5
0
0
0
0
0
0
0
1
0
0
108
0
0
0
1
7
1469
3
24
0
2
0
0
2
0
0
1597
398
162
66
1
0
0
30
0
115
65
203
446
13
380
309
494
0
217
69
0
18
0
0
4
0
0
221
0
1
0
0
11
17
400
1
198
1
91
0
0
0
0
14
34
0
0
0
0
41
9
27
0
120
0
5
6
19
0
0
0
0
0
0
0
2
0
0
4
0
0
0
35
6
0
0
0
1365
0
3
6
1940
105
0
139
0
2
0
0
5
314
0
0
946
12
0
198
0
0
44
26
0
0
0
0
0
214
1
2
5
0
0
0
224
223
0
0
0
0
0
4
0
0
0
97
6
0
0
26
0
0
0
3
429
0
0
310
1
0
0
142
0
10
91
0
0
42
0
0
1
0
70
0
2
0
39
2
0
3
7
0
0
51
10
0
0
0
7
29
0
55
0
0
0
0
672
1
139
0
0
3
1
0
0
0
0
163
934
0
0
0
12
0
130
1
0
0
31
65
1
0
0
148
0
0
99
23
0
0
0
0
0
1075
0
0
0
555
0
0
0
30
0
148
1889
0
0
0
3
0
0
0
0
0
0
0
73
45
0
0
0
0
0
0
0
0
0
0
702
0
47
0
17
1
0
0
0
0
0
0
0
0
0
0
0
1
0
0
0
0
0
3
252
0
63
0
0
0
32
0
0
2
990
0
1520
0
318
0
0
0
0
0
8
0
1
0
0
1
0
0
0
7
5
0
2
0
551
21
0
0
204
0
0
7
0
0
0
0
4
1
0
69
0
171
64
0
2
0
15
0
41
0
0
1
18
1
0
0
0
1
0
0
0
0
0
0
0
0
0
0
11
0
10
160
19
0
0
0
0
4
0
0
0
444
0
0
0
11
18
0
13
0
0
0
0
0
26
1
0
0
0
0
1457
152
0
213
0
0
0
0
0
0
0
0
33
359
6
152
2
1
2
386
438
0
4
63
0
0
0
0
4
0
723
0
1
0
0
7
898
3
270
2
0
3
0
365
0
0
0
0
0
159
0
0
0
0
0
0
1
0
9
0
116
194
0
1
0
1085
0
8
102
0
683
14
0
0
0
0
2
0
17
0
0
0
0
0
0
0
0
0
69
0
32
0
13
430
0
811
0
2
0
0
0
20
0
0
4966
0
0
0
0
0
0
0
0
0
5
0
0
2
0
0
335
0
178
5
0
12
0
702
76
1
283
0
0
450
0
3
0
0
0
0
1569
0
0
0
0
0
0
1215
2
0
73
10
0
0
0
0
0
47
0
31
0
4
5
0
32
2
0
141
0
0
0
0
4
0
0
0
12
137
5
4
0
0
0
0
0
0
0
21
73
0
1
0
0
295
0
0
0
6
0
47
0
0
0
0
0
0
0
0
0
0
0
3
1
2
271
2151
226
0
0
0
0
50
0
0
0
0
0
1
0
0
0
74
0
216
6
0
0
73
5
0
0
0
880
0
0
104
0
0
8
22
0
0
31
0
0
0
14
714
196
15
0
0
14
0
17
0
58
0
13
0
65
0
380
0
0
260
2
383
137
37
0
0
0
355
0
0
221
69
1
193
0
0
0
27
0
295
2
0
0
0
1
321
955
828
3
0
2
0
0
0
675
99
110
0
267
0
0
7
3
99
2
3
45
0
12
75
19
0
1
20
3
0
0
0
106
9
94
700
47
116
110
0
2
4
149
0
88
0
0
52
0
14
0
1
68
3
0
0
4
2
17
0
76
1435
0
0
1737
2
0
60
1025
0
11
42
0
0
0
4
8
0
0
0
0
0
0
0
23
29
1808
290
0
681
4
158
864
7
0
50
0
2
0
8
0
78
0
41
4
0
0
23
93
459
0
0
533
4
50
0
25
0
54
79
107
6
0
41
0
190
0
0
0
0
106
0
15
88
103
36
0
13
199
14
241
345
58
0
0
73
1305
4095
0
0
37906
55
246
1
0
0
2
108
247
0
38
24
290
0
0
0
231
0
230
1
0
2450
7
97
1949
0
0
9
1183
0
9
47
96
156
129
308
0
0
629
74
12
0
117
19
0
65
605
0
0
4
181
0
0
0
1
0
2
5
0
0
16
427
35
203
68
221
844
0
5
73
0
28
4
1129
0
169
15
86
0
2
0
92
0
1400
315
1793
0
0
131
179
0
456
177
0
0
0
15
0
628
2
67
0
38
342
6
0
0
11
573
0
0
2
186
0
102
0
3
4
0
20
36
0
172
1
423
11
0
56
20
0
1322
0
1053
2
195
0
2
1
10
219
334
5
0
0
698
0
463
0
0
216
264
19
0
1
167
95
3
128
0
4
0
151
50
0
0
2516
0
5
389
4
119
19
212
0
8
8
7
3
108
0
65
64
3
148
686
123
48
7
631
53
2
746
6
0
236
0
1
16
60
0
0
74
59
952
18
5
0
0
0
663
85
426
109
422
2
36
0
0
0
68
640
17
0
1
27
44
0
5
25
106
812
0
9
177
0
262
32
75
13
0
0
28
12
382
0
0
45
0
6
143
53
0
53
0
121
21
13
0
0
40
21
408
0
0
0
0
17
0
8
199
22
1
0
12
5
0
0
133
1309
1
0
0
0
54
679
57
73
2438
139
31
16
0
41
18
9
321
6
89
74
20
16
2
0
7
299
13
0
11
10
3
326
1
4281
3
62
8
0
0
84
0
0
0
20
0
4
96
10
0
205
0
2
7
0
9
164
0
0
37
702
0
0
22
30
1
0
357
1275
0
1
32
1
0
0
729
46
5
0
9
0
0
0
109
21
304
0
27
0
1
14
2809
0
3
2
8
750
12
0
0
0
14
120
0
445
82
0
1
413
712
0
0
6
7
0
2
27
0
1128
32
648
692
0
0
0
820
0
0
0
54
12
0
89
0
1
94
0
0
3
285
191
106
45
170
0
0
0
0
63
0
2
328
9
0
102
0
0
0
485
297
3014
251
5
305
4
6
1084
0
0
0
2
0
208
296
172
27
635
28
0
146
0
0
24
0
1353
0
38
31
448
16
422
16
0
4818
0
1
0
19
0
0
781
0
162
296
315
2
93
0
72
44
2
37
3
123
1884
0
0
0
397
0
125
4
112
0
13
50
10
202
0
1
0
0
0
1571
0
103
0
0
0
1
55
121
711
0
2
0
0
0
0
2
0
0
948
647
1
0
9
0
0
108
0
0
0
0
0
0
54
14
506
96
0
6
0
26
83
203
15
4
0
96
0
0
3
0
2837
14
2
0
324
5
0
420
0
83
0
3701
92
0
14
0
1
263
0
0
0
22
52
47
0
0
244
208
23
0
200
96
0
0
0
937
20
19
38
424
3
39
2
83
0
96
4
0
0
0
74
108
0
210
138
0
3
1
0
0
412
335
0
72
0
2
114
290
90
0
155
0
294
102
40
0
4
7
0
9
4
6
0
2
1823
15
3
0
0
0
0
1601
92
117
108
0
0
53
24
8
87
11
0
0
0
0
0
0
542
0
0
16
10
75
148
492
0
0
66
0
1483
6
167
0
40
0
155
19
111
0
147
29
56
1
14
0
686
125
24
0
490
552
0
241
0
8
0
0
0
0
789
72
0
410
3
1
86
0
1
0
961
76
2
0
0
53
928
172
0
0
0
66
0
0
11
145
7
0
0
8
0
53
0
0
0
318
7
0
0
813
0
21
12
20
0
0
16
237
0
0
267
0
0
0
0
0
52
16
0
0
21
0
0
1
0
0
5
1
0
1
89
46
265
0
2
6
9
8
3
0
0
0
0
3
15
0
29
19
0
0
0
0
4
0
0
31
0
1
36
0
0
59
0
0
0
0
33
0
0
3
11
19
9
0
0
0
0
7
958
0
0
1
0
48
14
34
21
0
0
60
275
0
1014
131
4
50
8
81
0
144
0
8
58
1829
4
0
2
60
3
0
731
0
192
0
2
57
0
60
215
0
202
8
183
0
0
91
112
32
0
0
24
802
9
7
48
37
0
883
10
594
1847
0
0
64
41
0
2
3
297
12
2
37
364
15
62
44
4
156
202
191
8
0
0
540
0
0
0
0
1
9
1
0
12
0
32
32
5
247
13
53
0
8
212
51
27
4
0
13
742
16
102
0
22
32
0
0
354
0
103
1
0
0
1
459
0
0
647
0
1
48
0
0
115
14
1657
0
715
0
81
277
28
0
0
0
0
0
1817
0
0
2
1
772
0
0
966
458
4
0
149
3
14
269
80
1
31
149
0
6
248
17
0
0
0
0
0
26
78
0
109
289
0
0
229
1975
51
1873
0
14
0
452
1
146
0
2
18
9
16
2
0
0
0
21
0
18
21
185
0
408
43
326
1031
146
457
0
0
1478
0
1
0
3
253
688
1
3
1
2
0
0
0
0
0
0
0
0
0
63
21
54
91
92
0
0
0
161
0
0
0
0
13
0
90
0
73
1
11
0
2
0
0
9
250
5
0
0
0
0
1891
161
1
0
0
0
117
0
0
0
536
1
2
54
446
0
415
15
0
6
0
135
0
3
0
0
0
0
21
66
25
0
3
34
5
0
167
0
82
0
13
0
0
438
6
0
10
1
0
21
0
124
139
242
0
1
0
54
464
0
8
0
0
0
0
146
0
9
220
0
2
0
0
0
230
0
5
227
189
64
0
91
76
124
0
3
7
235
6
90
0
0
0
0
4
27
67
747
0
3
0
0
15
0
0
0
0
0
0
4
0
250
35
0
2
30
92
0
18
14
3
2
0
227
0
118
3
162
84
1
15
0
0
0
0
0
54
0
0
16
29
36
0
1
28
195
5
26
0
48
0
0
0
0
0
0
0
36
0
4
9
0
0
0
33
0
3
10
0
1
36
0
14
0
22
6
66
24
0
446
2
0
31
3
4
0
0
0
9
0
0
2
13
0
20
65
0
1
0
34
75
60
157
0
0
24
0
22
0
1698
0
140
52
1134
4
0
953
330
0
0
0
937
0
0
1
41
0
2
0
19
0
72
0
5
432
18
814
0
0
3661
129
0
8
0
37
3
1
0
313
0
4339
0
0
149
0
28
0
10
371
0
0
71
0
284
1
5
18
115
0
27
0
0
508
78
1
0
150
1
129
4
71
22
125
1
16
0
0
0
0
0
456
0
0
202
316
0
1
597
0
1
5
4
2
0
0
864
3
377
8
88
802
2
113
0
176
1
15
679
4
0
14
17
3
0
253
0
45
1
0
8
837
0
1795
0
461
14
0
308
0
0
235
0
321
267
0
0
39
303
91
11
0
0
0
29
275
0
0
0
18
202
6
0
0
0
5
507
0
56
1192
60
639
45
9
802
51
14
2
270
1012
0
0
660
476
177
0
684
238
20
0
0
1
0
1908
1656
621
56
164
0
69
10
0
0
561
5
70
0
248
81
0
24
4
11
302
84
23
115
0
5
88
9
1
0
0
274
0
57
440
23
0
0
0
44
169
0
34
0
0
482
0
889
37
0
0
0
1084
0
161
1004
20
0
124
382
138
252
57
17
4
0
845
0
1114
92
0
0
0
0
1604
0
1315
48
1871
30
124
246
332
0
196
11
0
2
0
17
38
69
152
2
12
10
14
371
0
0
398
19
0
0
57
166
24
213
0
0
9
2330
0
0
0
3
22
0
290
115
2
20
89
0
100
8
0
0
10
160
230
0
0
0
0
107
0
5
24
18
0
307
0
4
0
0
0
2
20
0
68
0
39
0
155
0
200
0
4
42
17
1
34
5
634
0
4
0
0
123
236
29
663
28
0
0
190
2
13
0
298
182
1
0
256
23
0
150
60
192
5
56
1
0
0
0
3
4
164
551
15
10
2
138
326
0
61
0
23
8
138
278
342
256
1146
0
185
286
0
1
0
20
64
0
329
0
97
163
88
0
49
0
115
638
722
536
0
1391
1042
0
1
0
0
284
0
0
5
108
22
0
0
0
0
0
2
4
0
41
898
94
79
9
34
1965
2
2132
0
0
200
0
9
8
0
0
268
19
1
452
1372
0
30
7
0
149
336
3
0
9
0
0
41
0
71
0
145
6
101
8
0
13
540
106
0
0
171
54
0
0
0
3
69
0
8
0
0
0
1233
549
42
171
31
0
2
0
0
30
48
662
6
253
238
0
88
75
55
194
0
44
0
0
0
15
0
309
22
27
62
38
25
69
0
0
0
0
0
0
44
42
702
0
2
0
0
4
0
0
0
74
5
26
0
735
0
77
123
0
1
102
1397
18
68
14
0
0
18
0
79
56
16
0
483
0
702
149
25
0
89
19
116
11
1
1
89
10
304
212
0
0
0
746
0
3
0
1
93
2
52
169
0
0
3
0
125
41
0
1262
0
1862
2
65
123
12
0
534
3
0
0
164
0
0
0
0
125
0
299
39
0
269
18
3
19
219
122
37
0
0
4
16
0
0
0
22
274
5
1
0
6
47
0
0
159
113
9
0
26
0
16
0
4
0
2
921
1
7
0
0
0
15
0
28
0
433
0
0
157
3
255
1
1
0
214
0
30
8
25
14
3
1097
41
6
1
0
0
0
0
3
88
255
17
0
11
0
0
9
194
0
5
19
1
0
10
3
136
617
1904
39
396
5
2
8
0
45
0
7
4
1960
0
41
141
0
1312
0
0
1
38
0
247
32
0
16
0
2
75
29
0
0
5
38
0
1
0
21
0
0
0
0
392
315
11
686
119
1
694
3
5
1
118
192
3
19
49
0
30
5
48
239
336
1857
0
0
7
0
24
1755
103
15
162
1472
44
79
0
2068
213
32
0
0
742
78
1127
1
0
0
3
68
0
1536
25
22
291
0
5
409
119
0
17
92
885
3
1
11
3
0
2
198
5
15
10
3
0
578
72
0
0
58
2
3
1
0
0
47
6
2
359
89
22
0
1067
0
0
81
35
0
7
0
13
0
495
0
262
0
93
0
512
33
360
0
40
1
0
0
8
0
0
0
0
1
64
0
1133
0
53
0
3
72
28
0
20
0
240
39
49
46
0
0
0
201
437
0
3
73
0
6
69
0
4
743
0
104
687
0
47
25
161
0
0
0
0
246
19
5
0
15
0
0
0
0
0
5
62
121
81
1
17
25
0
1
0
6
155
8
3
9
49
207
68
0
0
76
0
0
0
17
1
0
45
8
20
122
0
6
0
515
0
0
3
0
3
124
21
1
0
236
82
204
10
186
30
12
14
2
31
117
0
0
2
0
319
48
31
99
180
0
83
121
0
0
0
0
79
5
27
24
0
0
449
0
29
9
3
4
45
178
0
855
1
342
8
0
2980
8
538
0
555
0
0
575
178
6
0
16
250
6
32
7
0
163
18
3145
13
0
0
0
0
0
905
2426
24
154
15
464
0
225
72
0
0
668
0
84
6
17
403
85
233
67
214
12
5
80
215
30
0
0
0
5
3
419
0
49
24
0
31
0
137
29
194
355
12
72
0
121
0
256
1636
104
0
408
104
70
6
0
37
15
533
16
0
4
6
0
0
1
400
0
33
0
6
88
1
0
0
16
0
176
4
6
1
350
0
407
0
516
0
0
15
10
2
2
0
389
3295
81
79
27
321
5
730
31
391
1467
3
146
0
61
213
61
0
35
0
13
0
2
0
34
720
7
0
0
0
0
416
24
95
4
74
879
705
10
0
0
0
48
186
0
62
0
495
207
141
23
464
30
15
0
0
737
1
0
0
3
115
0
0
0
87
0
1
11
585
0
0
0
319
708
177
17
213
16
1176
0
133
44
0
17
42
14
13
0
25
265
18
0
0
375
0
962
0
23
0
0
1379
0
0
11
5
0
11
0
131
152
76
0
60
0
2
88
122
3
3298
2997
3
524
90
0
0
0
111
325
58
0
2
3
78
20
1381
6
154
69
0
101
0
695
29
35
160
0
10
0
19
1349
0
11
0
0
14
1312
118
11
287
0
0
3
0
4
0
123
341
0
20
168
1
0
0
1
312
0
17
130
80
335
0
0
7
0
9
466
76
0
185
35
0
10
0
0
0
406
68
3
246
3
1100
18
7
307
195
0
0
6
455
0
110
0
1
0
0
205
2
0
12
0
0
0
0
10
15
114
55
940
5
0
0
61
0
0
5
864
0
0
0
0
0
0
359
0
0
0
0
12
0
0
0
0
739
10
15
0
106
0
0
0
982
0
2
723
0
0
0
368
37
825
11
0
3
43
124
33
0
91
687
1
0
0
38
0
0
16
1
2676
2
26
55
38
0
0
0
10
5
421
21
51
320
650
0
0
338
272
0
0
0
7
245
0
100
0
105
266
4
3
13
0
31
4
11
0
144
0
6
0
2
135
38
19
156
1
197
900
39
0
269
0
70
0
226
65
183
0
0
110
706
2
45
1
6
0
120
0
0
0
9
396
1
2
102
135
513
25
81
8
250
0
54
267
161
0
1
0
164
182
778
47
3
38
2
18
0
0
3
1
2
0
0
0
190
16
0
0
0
340
18
0
23
3
4
1
219
10
0
1
0
420
1439
50
1344
0
0
0
0
0
261
0
0
57
5
454
0
0
10
0
0
0
180
395
0
0
1305
0
2
0
4
3
0
34
9
0
16
0
1
11
46
0
52
61
0
29
0
0
1
179
0
310
777
0
165
0
72
0
26
0
137
0
80
137
0
138
15
0
70
0
0
68
177
0
0
102
0
0
0
238
0
3
0
603
114
23
368
0
0
0
5
220
117
30
106
3
0
0
1
0
0
228
227
0
631
0
72
2
18
0
0
82
216
1
0
0
138
12
7
1
29
269
64
2
161
101
0
0
10
0
97
517
339
0
2
355
0
714
0
0
0
10
159
16
389
0
1
0
0
0
0
48
0
0
0
132
0
0
0
140
5
0
320
0
0
0
1288
0
15
374
0
56
0
5
0
0
43
0
6
0
47
63
705
0
190
0
151
0
0
0
0
3
0
55
0
1
0
29
0
0
0
16
2
328
143
1247
0
9
14
37
4
976
0
33
0
0
0
159
0
61
0
0
135
0
91
0
0
2
2
518
261
157
65
43
53
0
2
9
0
29
0
0
66
74
5
0
8
0
4
142
59
22
209
5
199
0
5
87
0
1264
0
506
0
0
896
0
109
44
451
0
11
0
19
42
1535
145
4
27
0
0
0
0
0
49
382
114
2
578
262
169
0
300
121
45
62
0
16772
5
53
1
150
350
154
2623
0
225
35
15
13
25
0
224
14
0
514
74
0
166
137
4
204
0
0
7
455
0
29
59
28
59
6
0
1
0
5
0
0
64
113
35
4
1851
0
0
4
0
29
343
10
24
2081
0
3346
1
0
131
0
0
4
11
4
6
0
588
290
5
0
33
165
511
2
47
109
235
0
206
0
5
3195
11
0
0
0
0
2
7
2
114
0
0
42
1594
7
157
21
0
427
578
751
203
91
0
102
521
4
0
27
17
578
0
0
795
37
0
1
0
0
4
165
39
523
0
4
71
0
14
4
2740
191
0
0
0
2
252
2
0
0
31
0
0
1
38
188
1463
26
183
536
0
0
0
97
0
0
0
3
0
207
0
0
250
458
83
0
958
657
36
65
26
9429
2
0
0
2
2257
0
0
0
7
0
0
0
0
13
178
10
0
6
0
289
0
0
118
908
0
687
26
40
2
0
0
4
32
26
6
0
0
0
0
15
1
0
0
184
158
14
4
102
271
0
0
201
36
0
78
200
9
4
8
0
3
0
0
313
630
0
0
14
184
25
0
282
0
2273
34
0
0
196
0
2
33
92
1
102
14
89
1036
225
0
0
36
0
0
0
0
77
5
0
148
0
4
0
323
0
78
0
0
0
0
56
21
65
55
0
0
236
0
21
0
0
2
17
3869
13
10
3
30
0
125
0
0
52
14
68
13
666
0
0
32
25
21
174
0
103
19
0
7
890
64
50
54
0
7
0
0
0
0
6
5
26
0
34
0
0
44
77
399
32
0
2
103
228
115
4
139
2
32
0
0
115
0
0
3
0
0
0
10
11
0
95
8
0
0
0
0
0
359
2
216
5
0
0
90
8
343
11
1507
54
149
0
1
50
0
0
1
0
0
189
0
13
5
0
0
0
14
524
0
3
0
0
649
0
0
40
0
646
204
0
773
3
10
2173
0
297
9
3
0
8
1
4
0
24
0
0
2
115
998
150
84
642
0
25
129
424
0
1443
24
0
22
234
341
27
1411
7
23
10
0
0
0
29
308
277
2
1059
297
0
5
0
132
2
0
2
6
1
1552
15
0
0
35
494
246
4
20
0
3
0
52
0
168
269
23
24
263
0
75
0
6
0
0
1036
478
697
0
322
0
97
107
129
0
0
4
3
0
0
815
0
139
78
0
10
1774
33
227
31
187
21
0
4
7
2638
2
5
0
142
0
202
888
123
0
79
2
308
0
51
0
379
301
9
0
4
88
215
1
10
0
84
17
1
0
27
0
0
1
0
0
322
0
2143
0
0
38
2674
0
49
0
0
15
0
81
0
1
3
392
2
0
428
210
142
65
0
4400
297
28
8
0
0
21
0
1
156
0
0
0
77
44
0
388
0
0
31
7
0
138
0
1443
3
86
377
345
641
0
149
0
70
0
792
16
549
0
0
0
0
7
458
22
0
10
548
32
506
0
415
83
102
23
70
6
0
29
1
4
0
0
0
122
0
0
319
0
12
211
576
27
0
0
17
20
0
0
0
25
396
13
0
541
134
312
0
0
1
152
6
0
70
97
12
0
0
233
2
4
20
0
1
112
12
0
0
90
2
664
0
69
2
0
6
0
0
60
0
21
0
54
194
5
0
397
0
199
0
80
4
0
18
9
212
270
352
1
0
0
117
0
0
75
1
462
134
2395
0
15
20
88
134
98
0
0
0
56
11
2
0
0
0
0
1
3
0
265
52
0
4217
1573
6
0
0
0
294
0
79
0
751
97
0
0
3159
167
0
0
6
267
3
0
0
60
5
0
193
554
0
1236
0
0
356
176
122
22
0
4
0
665
1603
0
63
0
392
0
0
1
2617
841
1
0
0
1507
49
1
440
0
0
0
0
16
128
398
0
80
0
0
0
0
0
0
63
27
0
34
3
56
0
0
123
10
36
0
435
0
57
0
56
3
0
1145
3
4
0
41
21
0
393
1791
11
98
63
19
168
13
0
0
50
4
11
486
0
8
0
0
0
1
91
131
380
0
0
72
125
265
26
0
205
75
334
3
0
298
61
9
0
15
10
105
281
1
141
2
25
5548
939
137
0
68
0
416
110
0
0
74
250
18
45
10
11
0
0
0
1
2
7
0
13
473
97
39
0
0
2
0
88
8
941
0
0
0
0
0
0
50
942
0
16
32
0
15
0
0
451
142
0
2
0
0
37
582
37
56
0
176
0
1
111
0
0
19
0
10
130
20
0
0
559
5
2
0
0
843
0
13
104
0
0
100
8
175
0
5
2
65
0
72
0
0
0
1
467
0
0
343
21
29
0
773
0
18
0
159
33
3
1
21
13
17
1029
24
0
0
1
0
25
0
0
343
28
36
175
0
5745
47
26
196
2
29
0
0
202
81
43
0
88
1
0
50
813
11
107
9
21
164
39
0
0
105
0
3
0
165
1039
0
19
125
139
181
0
1
1
0
35
5
1560
1
68
0
7
410
55
21
179
13
32
0
25
2
1
32
0
0
0
226
100
0
7
1595
0
1
0
0
32
228
6
0
205
0
31
36
271
310
2
69
0
13
553
34
394
1
0
14
44
0
0
0
157
1
509
906
0
7
0
0
23
8
114
0
0
177
57
131
0
0
59
27
561
1
0
106
0
9
0
0
464
7
313
5
0
0
0
21
0
612
254
0
6
8
96
363
42
1
0
3
96
0
11
2
937
4
146
0
118
8
0
0
6
0
456
475
37
5
25
2
0
515
0
0
59
0
6
0
9
0
70
0
3
13
0
0
1147
319
11
434
0
1
0
598
1
7
0
58
0
0
29
0
25
2
269
555
6
0
1365
0
0
4
26
225
0
86
13
0
1
0
0
391
42
19
2
0
59
0
0
0
1
0
90
13
0
0
0
0
0
0
8160
0
3
5
977
3
23
0
0
1278
73
29
4763
48
0
914
0
5
15
33
19
0
401
0
281
0
0
369
0
125
0
7
10
561
37
0
0
35
142
394
443
79
0
0
254
0
4
0
68
24
5
0
6
0
6
63
19
123
189
0
0
0
21
41
31
1618
0
22
0
35
1
911
29
33
29
789
0
182
23
0
69
221
0
0
4
104
120
45
0
0
0
0
59
534
18
24
24
8
1250
5
0
235
25
517
24
0
389
1
31
0
34
528
7
53
5
437
0
50
5282
7
0
0
182
0
54
129
10
48
91
1103
631
0
0
51
0
1
36
309
11
21
0
6
185
1
0
42
0
0
0
1
0
0
2884
0
0
0
1206
0
57
0
39
2013
0
0
11
0
13
10
0
7
43
45
339
1
1
64
86
82
189
280
35
0
82
1
127
492
11
247
0
17
1384
0
150
21
0
0
105
1
101
39
0
0
47
0
7
0
0
0
228
0
0
45
185
0
0
0
61
0
140
5
69
0
0
1066
0
599
0
1233
189
0
16
537
0
96
8
2
0
308
0
28
170
2261
2
0
0
2
26
294
0
7
0
374
0
0
0
1
310
0
1732
0
0
66
4
0
0
95
0
45
0
138
0
6
77
0
24
0
7132
6
15
0
0
0
0
59
0
0
1
57
0
3
0
2
420
0
471
87
107
0
0
128
37
0
0
0
0
2
6
140
252
8
0
275
1
0
371
0
603
0
1
183
3
5
25
139
0
630
5
7
0
0
0
0
0
245
0
7
0
0
191
8
0
735
0
0
3
22
34
0
5
0
365
5
5
0
15
7
0
0
33
62
0
35
34
0
107
0
0
820
1824
0
1
0
0
178
0
39
9
53
0
0
2
6
660
57
2
2
0
207
0
8
172
38
16
17
0
18
0
7
172
8
0
95
543
0
144
0
0
17
148
0
3
0
13
63
10
162
1
49
0
0
0
13
519
0
123
0
2
0
206
0
0
82
28
0
257
48
0
40
0
0
30
8
0
26
106
0
0
4
2
4
17
91
0
0
0
10
0
1011
0
47
0
202
0
90
38
401
4
0
17
0
884
9
6
68
1
0
8
5
614
0
0
11
0
14
129
35
283
139
0
0
280
0
9
0
531
3181
801
0
34
8
188
90
0
0
0
86
19
38
10
84
27
1770
72
182
190
1235
373
0
0
5
0
78
306
0
125
0
8
23
0
3213
4
0
0
23
68
0
0
340
0
29
0
8
0
0
0
320
0
8
0
0
0
1
24
1
0
264
2
109
0
283
7
2
0
2
158
0
18
0
19
158
0
237
375
0
12
3096
26
29
9
0
0
0
188
0
0
0
55
7
2
0
4
80
549
206
0
0
0
0
63
0
2
0
0
9
0
31
19
5
0
0
301
1
0
0
2
335
639
306
1017
0
6
156
0
0
0
35
940
206
28
4
108
0
0
11
79
0
3
0
0
1
0
0
0
0
2
0
0
6049
0
48
31
6
10
3
839
595
1071
0
3
0
309
0
22
103
1
0
0
55
87
12
0
1
57
0
934
101
10
0
15
0
0
112
5
0
9
0
21
0
0
4
1507
101
5
148
38
27
195
860
0
15
2
0
10
0
428
50
584
1206
0
4
20
22
195
2
3
0
87
65
63
133
14
320
0
0
48
1
3047
9
0
0
4
7
0
13
5
23
50
0
55
0
268
258
69
280
0
29
2
60
94
2254
495
0
0
340
2
42
0
811
0
0
2372
0
0
1
0
0
2
0
0
513
0
13
236
0
0
0
16
1
4
14
0
0
199
0
103
140
6
0
0
1428
14
2152
4
36
0
300
132
0
0
148
38
5
26
0
0
98
0
34
0
0
316
4978
6
57
98
946
0
9
3671
0
0
828
257
5
440
21
2437
2
1
0
236
10
227
4
0
618
3
39
0
0
0
2667
1169
12
3
153
4
1341
1405
50
0
1377
0
0
5
0
60
0
0
926
0
0
24
219
129
0
556
15
240
12
24
11
0
95
0
1083
277
206
0
0
10
0
1292
0
0
1290
162
0
0
4
8
120
0
526
116
53
245
0
3
1194
595
166
90
2
0
182
526
381
3
0
80
124
0
0
1
0
178
0
23
2
1256
422
0
0
0
6
7
332
161
0
226
10
0
52
274
7
22
455
0
1
50
49
33
3
44
0
231
17
28
0
191
0
0
0
55
378
0
1284
110
0
5
295
166
121
93
18
35
0
85
0
15
12
0
4
0
3
0
1
0
0
2074
412
31
0
0
0
0
662
156
26
24
37
0
778
0
0
0
0
377
253
120
15
1
179
279
180
0
53
68
0
2
2
1
0
2
44
893
99
0
12
95
3
40
2
0
3
5
74
2629
0
0
0
12
86
0
28
0
25
6
13
0
497
2808
800
0
219
0
12
0
4
0
3
0
446
20
562
174
289
0
192
0
878
3
686
2
13
129
15
54
305
614
265
639
0
709
0
24
0
17
378
30
630
42
131
11
31
5
0
20
1
28
58
63
0
215
59
0
469
60
34
609
55
322
227
1008
19
436
13
0
1
1
0
2
30
1487
0
13
524
5
189
0
0
43
332
244
0
0
0
0
24
0
31
93
1602
0
12
477
257
0
518
20
0
263
2859
156
79
338
3
0
500
0
727
106
38
157
135
0
0
0
0
6
0
0
1
33
0
0
2
24
0
34
0
5
15
111
0
0
0
21
0
43
0
0
442
1
0
0
499
37
0
3
189
699
0
153
0
521
94
31
78
625
438
12
37
0
0
4
75
371
17
1
2
1
0
2
0
0
0
0
70
202
34
0
2746
0
1
0
28
5
193
0
0
259
0
154
58
28
0
0
0
310
31
0
21
0
0
140
521
4
0
103
0
235
0
387
3
1459
830
2
0
6
419
0
8
47
0
370
135
9
675
45
0
0
0
0
77
50
387
0
11
0
1
164
0
1371
20
1
0
27
0
0
2
0
151
360
11
979
121
1531
34
70
129
487
1059
1
1
8
8
10
44
2
334
0
0
0
0
16
1
5
6
0
0
7
5
0
2
233
85
0
6
0
32
8
92
6
315
5
2
0
212
6
1567
11
102
9
358
0
64
200
3
80
33
305
0
521
110
835
1
98
42
0
0
0
20
100
8
131
40
14
11
144
287
6
1021
962
267
0
0
342
11
3
89
0
44
0
40
0
0
0
0
47
2
7
0
733
451
19
4
366
5
0
187
171
0
0
0
43
0
16
6
0
3798
81
0
21
68
7
0
0
80
6
192
443
4
10
97
5
188
0
0
31
6
0
0
42
1
0
0
38
22
0
34
0
60
3
78
162
2
7
25
1
1051
41
0
0
95
0
0
7
31
1146
92
0
0
670
15
1
0
0
308
474
20
1
206
0
0
25
23
26
20
0
533
235
255
1
0
14
10
1
3
50
149
52
1
0
12
1
0
2312
0
0
12
14
565
36
6
0
3
4279
1268
142
93
0
4
0
0
38
0
1
137
264
565
853
0
1152
4
326
0
0
0
0
100
0
4
0
0
0
31
0
113
1
330
4
13
5
59
3
146
24
90
0
0
2
704
201
0
0
0
0
0
8
28
0
73
0
164
6
322
152
16
0
2
0
0
5
32
0
235
1026
3
2
0
1561
11
0
0
10
119
8
4
2
11
64
0
5
225
1
0
20
0
47
1448
0
29
299
8
2
0
73
0
0
6
63
0
0
144
0
10
0
3
279
3
13
7
0
0
4
0
1236
0
0
0
0
701
0
141
2
0
82
74
0
2
330
0
19
6
0
185
0
0
98
0
0
9
15
0
7
0
2088
0
4
0
0
61
0
231
47
3
5
37
10
10
13
13
0
0
0
2
701
29
0
0
0
0
41
71
49
16
0
66
291
772
0
0
2
211
21
0
619
1000
0
0
146
29
0
0
4
1033
11
15
135
24
1
22
0
5
0
1
0
3
22
22
16
0
214
324
359
33
0
136
0
2062
0
12
2
9
180
35
1017
45
2
2
19
343
0
0
332
2
10
11
6
45
244
5
75
0
0
126
437
0
0
672
10
894
0
1
0
0
61
9
313
0
12
2
3
1
2
1705
542
0
142
305
38
133
847
594
74
192
21
0
0
0
0
238
0
84
82
241
9
398
106
206
0
0
0
0
7
7
68
10
0
0
159
0
139
154
0
618
0
0
214
358
7
895
623
11
17
7
133
0
682
0
2
0
488
0
2
89
0
0
756
1
35
16
0
902
0
0
0
704
58
284
305
333
2
577
140
0
445
22
1
102
153
11
97
0
0
8
0
2
879
1
4
5
0
2
0
0
290
16
0
32
62
71
43
270
48
0
0
0
1150
220
33
9
3905
0
0
88
0
9
0
68
0
34
0
25
4
1
11
399
9
75
191
66
0
0
10
8
4
137
212
0
942
0
0
0
19
9
0
5
14
825
0
10
45
20
0
4
1
82
4
55
13
2
6
221
0
145
418
0
0
157
507
9
0
2991
29
10
0
101
0
490
0
2
1
0
3021
0
0
0
0
413
0
9
18
0
0
15
0
145
48
0
391
68
11
0
10
60
0
72
3
0
84
0
0
0
430
0
31
26
0
238
102
169
225
11
17
247
0
0
2346
2
31
0
0
0
512
33
0
71
0
74
53
1
348
0
32
81
48
176
1
496
6
0
234
0
0
0
589
54
0
90
37
0
0
2
857
1
185
0
0
2
0
24
0
0
77
0
104
193
0
72
0
0
70
85
1976
121
3
0
0
53
26
70
0
91
61
0
2
36
0
0
0
0
10
0
9
57
0
0
0
0
1117
1
25
27
5
0
0
0
270
219
2356
0
0
54
24
9
35
421
83
0
21
56
63
3
0
19
0
12
65
302
0
0
27
2
0
2
2
14
0
0
0
5
0
0
0
5
10
106
75
0
39
81
10
0
0
254
12
0
83
0
0
204
0
1
70
0
1467
2
51
4
18
2
0
3
0
7
0
1
0
0
0
3809
30
102
0
0
0
37
127
84
5184
0
4
12
0
0
218
69
0
1234
4
156
1
0
144
0
0
195
0
0
2
0
17
168
4
594
0
0
686
13
0
1223
0
0
238
118
16
0
0
641
0
461
985
3
13
0
1359
111
98
0
187
29
0
0
4
0
44
6674
544
0
1070
0
90
86
0
0
64
0
67
157
47
0
249
106
213
32
60
672
189
4
0
189
316
1
66
0
0
0
69
40
125
25
72
3
17
0
11
21
0
2
0
0
133
0
708
0
181
0
28
0
35
2950
0
204
0
30
30
0
41
69
7
6
27
289
0
0
0
4
0
89
0
0
0
0
16
84
10
26
1241
0
0
0
0
0
2
150
1
0
3
11
0
198
0
0
0
7
0
36
94
0
0
0
179
217
0
0
0
0
8
0
1
42
25
0
63
4
781
40
1
11
0
0
456
0
0
17
0
2
1
96
4
32
0
0
0
78
44
133
4
17
2
0
16
1
186
0
44
51
97
611
7
0
0
0
2
0
0
0
0
0
87
77
0
0
4
234
0
39
1
81
240
2
4
35
3
0
7
16
0
0
0
4
0
0
28
0
69
3
2
569
100
86
39
30
1
506
69
1
90
28
361
53
42
1
0
7
18
0
9
2304
3
0
39
0
2
0
105
43
0
1
60
0
0
0
23
0
0
0
129
0
0
0
0
0
0
296
0
724
5
0
28
410
3
9
16
60
6
44
6
0
0
0
122
99
5
0
522
3
0
0
0
0
0
0
0
164
14
2
0
0
3
7
171
2
0
0
12
3
0
40
378
40
0
0
0
0
0
0
3
3
22
0
24
47
21
0
0
150
96
1
0
0
0
0
0
16
1
0
0
95
0
0
0
1226
0
57
24
2
36
0
2
0
0
147
166
0
0
0
0
3
91
0
33
8
16
338
6
162
0
7
19
503
926
0
3
6
19
182
19
5
0
2447
0
0
0
0
79
0
35
0
4
225
0
177
21
1
1
5
0
534
0
16
556
23
0
0
26
0
9
66
127
0
0
13
0
510
26
0
0
4
0
3
0
0
1
45
240
0
2
34
4
0
74
0
9
176
0
0
0
219
3969
0
0
1
0
22
0
26
0
78
144
25
1169
0
3
0
2
325
91
21
26
64
3430
480
0
0
1
2
48
60
2
0
36
0
377
1
528
0
35
0
0
0
545
88
0
46
196
5
0
1160
73
44
0
82
11
20
0
0
9
28
0
0
1020
28
0
0
21
1
14
98
20
0
0
1
273
262
26
2
0
30
0
50
0
0
0
25
111
0
0
0
0
0
0
0
0
900
0
32
0
22
11
0
5
0
11
119
101
0
0
0
32
0
211
76
0
331
163
7
0
10
0
0
0
16
22
2
0
0
677
4
0
370
0
0
137
1
0
14
72
13
0
392
5
152
0
49
1
1
43
138
0
0
2
0
0
23
0
9
2
8
33
60
24
0
0
3
0
11
256
94
4
0
0
253
117
0
42
187
232
182
0
16
34
77
0
17
130
25
812
0
88
7
0
0
6
2
9
0
19
0
230
2
0
2
0
49
307
5
386
0
91
1021
104
1
1
4
2
1
156
0
0
0
97
0
16
0
37
0
82
0
0
1
431
35
146
1
0
0
477
3
86
0
2
25
89
1
55
0
919
0
16
3
0
10
16
0
63
470
0
0
0
296
15
15
104
0
0
0
9
0
0
7
98
1058
375
14
0
119
41
54
247
0
2
0
0
0
665
0
40
0
255
0
70
89
0
0
1
29
394
130
27
13
30
0
24
2346
0
63
13
0
31
9
23
36
0
0
1
1217
7
0
228
67
0
1001
2
2
21
0
76
22
329
35
0
228
0
0
0
3
733
20
57
0
102
5
4
0
0
0
3
61
36
0
13
80
0
0
73
1020
0
0
171
0
0
0
4
0
1
101
0
578
3
0
0
3
38
11
0
1
253
7
489
394
27
292
3
116
0
662
0
3
364
82
0
0
5
213
0
6
8
168
0
14
0
31
1
185
0
0
6
0
0
106
1
0
2
98
75
0
152
20
0
18
1
1
65
0
83
105
257
0
7
9
903
0
21
0
0
292
22
0
0
1197
207
13
2
1
0
9
0
5
183
0
5
0
91
0
9
0
4
0
0
91
0
6
0
712
0
1
10
0
0
8446
5
65
3
0
4
0
46
155
40
0
357
2
255
0
3
107
0
0
88
14
79
0
2
22
1100
556
45
1
1479
0
161
77
0
7
0
12
2
232
27
50
204
2
0
4
165
0
0
171
0
0
0
13
37
22
0
664
1
183
3
534
119
12
211
383
51
0
0
18
1
0
1590
24
117
60
0
0
2
1
38
1
0
40
53
265
208
0
23
0
0
110
25
11
15
0
493
9
661
0
24
0
29
0
56
83
84
0
155
55
1
16
5
0
3
0
55
168
84
0
19
0
37
23
0
0
3
292
0
8
27
0
2
514
0
638
948
0
0
900
3
0
88
5
2
330
0
93
0
21
137
0
1
108
0
98
22
0
7
28
7
755
0
2
0
28
245
0
0
0
0
4
142
126
2
0
24
230
254
7
57
536
182
0
0
0
148
55
0
0
121
31
244
4
3
0
17
0
917
692
0
0
15
0
160
0
1
0
0
0
150
40
0
8
0
0
0
8
490
3
0
23
0
13
0
72
0
0
82
0
21
0
256
8
0
0
130
0
474
286
39
277
71
0
181
0
0
122
0
74
1
0
96
0
0
0
2
2
2
1397
0
0
0
7
2749
0
514
0
26
0
0
37
43
57
44
124
0
169
7
7
0
6
224
89
18
4
0
12
12
4
0
0
301
246
132
74
1236
645
0
10
0
0
0
259
43
0
150
959
417
59
7
13
78
492
9
16
9
359
0
239
0
270
55
88
0
2
0
6
994
14
76
24
84
15
381
26
61
0
32
0
2
2
0
4
122
87
2
5
187
0
2
0
158
0
15
70
1420
106
0
415
0
0
17
0
133
1
0
0
2
137
0
4
1
3
71
17
47
0
0
0
129
0
40
1
8
2
17
21
3
56
0
65
0
2
2
3704
31
6
2
0
47
71
336
21
660
0
0
1060
0
3
624
0
4
1
21
820
143
0
10
1884
154
0
0
0
0
0
7
1894
5
0
28
4
0
450
0
0
0
1126
50
213
0
110
0
1034
2
62
14
1
0
0
8
2
5
0
1
226
26
0
1140
0
0
5
18
4
0
811
0
7
0
2
29
0
0
97
260
0
61
12
4
8
119
1155
48
3
0
1855
61
0
445
2488
0
561
746
11
0
0
0
1
19
103
2
0
5
0
0
4
0
1
2
10
4
35
2
0
83
0
806
16
1
37
0
35
30
5
0
425
0
4
10
0
8
4
0
53
312
261
0
22
167
124
68
26248
174
23
35
1156
770
0
17
19
0
82
0
0
72
1
878
1430
0
2
0
51
256
65
172
227
19
0
0
0
426
474
0
0
65
1
0
3
943
22
65
10
0
0
177
0
16
485
75
0
39
0
0
26
256
0
11
88
848
0
5
700
331
0
0
2074
0
0
104
2
2
0
0
5
0
1
2
284
17
124
0
408
164
0
0
8
355
221
0
60
0
0
55
0
578
45
352
9
0
3
3
0
25
0
0
0
177
1521
336
867
0
59
5
0
192
0
12
0
4
29
426
109
0
13
255
13
377
0
0
36
0
0
0
2
1
653
76
37
6
0
1163
2
1
0
58
2
66
399
3
5
72
1
2
127
0
40
0
1
0
10
0
51
106
0
320
0
0
0
8
0
81
7
627
0
54
872
0
0
0
46
0
15
503
12
0
0
5
0
73
18
62
32
0
2
4050
154
0
0
0
0
1130
0
0
4
285
0
23
12
130
1
0
0
299
0
0
16
0
0
127
0
5
0
489
54
0
998
56
0
223
0
30
5
0
312
0
0
1961
49
0
0
0
79
196
0
53
11
1
687
0
176
10
11
0
17
0
0
4
0
0
95
1
1
20
2
23
0
0
266
5
0
0
1
5
8
0
0
0
0
0
10
0
0
0
60
10
66
163
3
0
29
0
116
0
0
0
21
0
13
0
0
124
3
69
60
4
7
8
0
316
2
3
230
0
438
0
448
1073
0
5
14
0
1
61
0
121
10
0
1
123
0
501
0
4
24
13
314
18
771
233
0
71
0
245
174
0
0
221
5
9
1
327
1
0
61
7
709
94
533
0
3196
66
433
3
0
244
0
72
111
7
3
0
0
107
43
51
0
0
1
176
0
0
1
387
0
0
0
0
429
147
51
127
75
1
0
0
42
0
2
0
18
0
39
392
0
183
0
2
0
688
1
9
0
431
0
192
0
7
16
599
0
8
0
17
2
12
14
34
0
225
0
169
0
0
0
4
66
0
199
0
122
0
41
0
0
0
0
0
1
5
0
288
17
100
1
0
113
40
2
5
19
0
0
60
43
302
527
1
136
1
403
0
80
0
6
1120
53
13
111
1
308
17
0
268
1223
5
1688
0
211
17
0
15
0
16
6
0
0
7708
0
598
1
87
0
160
0
377
317
147
0
51
445
0
461
0
0
0
131
4
0
3
4
0
0
73
0
34
0
1656
4
0
9
0
14
128
0
0
413
10
48
1
52
11
0
1317
0
0
86
247
0
474
0
0
0
0
60
1424
947
0
0
0
0
105
0
6
0
285
373
21
3
42
0
16
4
0
190
0
215
330
0
0
0
133
339
0
0
0
0
43
0
18
1
0
0
0
0
2
63
0
0
10
6
5
0
3
1
0
0
0
213
0
0
2
0
23
38
150
1545
146
14
339
0
0
0
7
0
0
0
1
14
0
45
0
0
3
0
14
0
0
0
0
0
137
1
6
1
0
17
2
3
6
722
308
265
3
19
60
0
0
6
1
122
1
26
0
0
46
4
0
10
1
0
783
5
0
0
0
1
28
0
977
62
13
608
0
0
181
0
893
0
0
0
0
0
31
68
0
123
238
224
593
0
0
0
0
0
8
87
0
212
201
2
32
0
32
1138
0
26
25
29
9
41
135
5
52
2690
781
0
1
3
99
0
0
8
185
2469
15
0
4
1257
0
0
0
3
11
76
319
324
944
308
0
3
28
0
509
0
0
67
413
0
2
4
127
724
0
420
229
0
600
0
0
4
487
178
166
68
0
509
40
146
0
219
350
1125
0
0
23
0
4
2
0
292
13
0
14
34
733
0
16
229
90
6
0
0
97
1
42
0
0
1
40
287
0
0
8
0
0
0
0
0
83
71
257
156
338
0
95
0
0
45
413
136
54
0
239
4
0
2
6
370
0
1102
6
1
109
0
0
69
0
14
0
0
0
0
52
0
0
0
22
0
0
392
5
1492
0
0
0
0
39
0
0
1
657
0
6
0
7
0
2
238
4
0
0
0
75
6
0
14
33
0
0
274
0
25
0
114
15
0
0
23
207
54
235
521
0
0
63
0
0
6
389
8
0
256
0
39
0
0
0
0
157
171
203
983
0
4
9
26
117
9
51
1
14
36
0
25
0
75
5
494
1
1
158
1
0
25
0
80
195
0
165
5
0
231
0
561
24
10
330
2
1276
1277
0
2
20
3
3
0
2
605
0
187
2397
234
21
14
161
2
9
0
24
9
2
0
1
180
88
61
102
0
563
486
11
21
1
2290
0
0
0
292
0
123
63
340
1
22
1
158
557
0
1
933
6
24
0
4
1196
2
0
505
23
313
213
0
189
0
18
147
593
9
7
5
367
0
0
4
0
0
0
426
0
1077
8
1
587
3
0
13
10
87
44
111
854
0
0
24
50
0
0
0
39
0
42
27
0
0
120
0
0
29
0
495
707
0
155
18
39
0
16
0
43
4
32
0
0
0
0
63
0
558
0
15
0
471
0
0
0
0
53
3
995
0
40
105
71
0
0
0
2
2
0
1
0
152
0
29
0
9
74
0
10
46
31
4
6
2
0
78
10
13
88
0
1015
119
232
0
0
254
43
15
140
0
556
45
0
0
72
22
0
165
54
61
10
0
0
1
569
185
59
1
1565
10
0
131
34
3
1
51
20
613
287
181
1712
664
0
80
24
5
552
63
0
1
0
97
205
1
2
237
159
0
190
1
1087
1
0
3
0
0
145
40
1061
0
84
0
46
3
76
0
0
4
547
65
13
65
150
54
9
0
0
45
12
0
87
0
99
787
0
131
0
59
1
912
640
102
13
95
1
221
0
61
0
4
0
3
0
3
3
76
6
718
98
0
0
196
60
26
0
0
1
33
326
0
67
0
57
0
1024
26
23
0
0
0
0
43
40
0
78
81
104
9
0
0
2560
0
6
333
0
255
0
36
1
0
0
76
0
113
0
88
34
483
54
0
0
4
525
0
14
1313
0
16
5
0
0
2
22
0
16
42
21
2
0
11
15
34
0
0
47
0
0
111
25
712
660
13
0
0
34
10
0
938
302
6
92
202
2
0
24
57
0
0
37
540
8
568
0
101
659
85
0
8
151
205
577
6
4
0
125
76
0
27
233
303
13
0
15
0
9
3
0
3
1
5
14
334
278
99
3
430
4
138
0
288
140
0
15
1
40
174
107
252
0
0
18
338
242
0
0
402
12
0
0
0
0
511
0
0
24
3291
0
0
0
2
35
1
791
0
7
0
27
40
79
0
149
236
0
0
535
0
5
2
104
1
10
1
0
47
1
4
61
1
0
54
0
20
190
0
36
4
0
0
0
341
0
0
335
309
0
0
11
75
24
0
13
1145
0
311
64
40
502
0
379
49
0
7180
78
26
0
0
0
0
104
3
5
70
30
2
39
0
0
0
63
7
15
34
42
387
476
3162
244
13
1876
0
11
0
762
32
0
2
201
0
32
111
3
114
24
0
4
69
104
0
0
0
341
0
14
91
2208
1
0
0
0
2
1
12
57
0
10
302
121
1
0
2
0
35
0
43
0
0
522
264
0
0
409
54
3
0
17
0
0
152
2
2
81
0
18
0
136
138
342
2
0
3
0
13
63
0
0
250
0
242
0
0
2
0
0
0
0
6
0
129
7
137
195
4
2
699
17
0
0
5
0
0
0
7
298
42
0
0
39
1
3
2003
496
0
185
241
0
139
0
163
25
153
24
109
0
98
4
0
0
0
138
0
0
48
101
0
15
0
68
550
16
8
0
0
8
0
0
0
1
2
67
1
0
123
241
0
0
0
3
16
0
3275
32
0
343
108
17
0
2
44
102
5
0
0
184
35
0
0
14
2
0
0
0
189
6
2
83
0
6
13
0
0
0
0
76
58
39
0
0
0
0
242
0
0
590
136
0
11
0
111
36
0
0
152
2
101
7
0
5
0
2
262
2
0
0
0
3
1334
3
0
3
0
0
0
62
322
4
176
9
5
13
104
0
0
286
242
0
24
0
148
1341
29
656
2
12
28
0
0
0
72
0
610
0
0
489
0
0
0
0
141
249
0
0
0
0
8
0
34
1
195
221
49
22
192
10
277
3
0
2098
0
28
0
3
0
59
66
631
0
0
190
0
19
0
13
0
0
0
5
0
0
0
0
14
0
109
0
299
56
217
0
139
12
0
19
0
0
433
0
0
286
5
0
0
0
4
0
0
9
0
0
51
0
26
1
101
17
67
0
32
1
0
15
0
12
4
158
926
0
0
0
7
6
0
3
8
0
77
91
0
51
0
6
130
0
490
0
65
0
53
0
0
0
269
4
0
4
0
0
12
0
0
0
3
1
0
1
60
0
14
0
102
0
0
0
0
0
19
261
0
526
209
0
2
0
0
1958
58
62
9
0
0
215
1505
13
0
0
0
2
31
9
10
6305
0
16
0
640
0
2265
97
463
335
0
69
30
25
167
0
2
60
51
66
699
99
0
10
4
0
2050
0
3
1
108
3
0
0
0
4
1
0
0
6
3
0
0
0
2
1
72
88
0
117
317
1722
111
7
1
132
2
0
26
6
0
0
0
0
0
79
0
25
0
16
0
18
0
0
101
105
0
0
7
0
0
2
0
7
64
110
720
0
305
173
18
3
58
3
4
0
3
0
248
27
39
0
3
0
11
37
0
5
25
419
0
89
0
111
177
0
73
53
38
90
2
3
3
0
0
0
0
0
17
0
0
3
105
21
0
0
8
0
1
725
0
0
145
59
0
77
0
41
435
2
12
280
849
354
0
23
0
0
2
51
6
113
555
0
0
18
526
0
0
0
0
0
26
0
0
1922
0
7
17
230
0
0
2
36
117
0
13
902
130
310
96
7
59
0
0
0
10
89
68
1
3
51
4063
598
1
0
140
24
55
0
0
1292
0
18
0
2475
0
0
47
283
33
0
766
0
38
536
0
0
0
29
0
0
41
17
0
0
25
0
0
2
0
133
82
405
99
4
0
0
0
0
33
1429
1
0
0
89
14
0
23
254
5
0
31
0
0
2
0
24
0
621
0
0
7
0
24
2
0
403
0
0
0
0
0
3
0
0
0
0
100
119
1
210
0
113
1
81
50
17
111
0
151
493
0
0
5
10
1003
11
1
8
250
242
1200
0
0
2
0
0
19
150
1
0
7
0
191
3
463
0
56
0
45
65
0
0
157
21
16
18
0
11
0
54
208
0
369
25
1256
3
0
173
3
35
0
0
46
0
0
315
45
5
62
20
0
1962
8
0
0
479
0
0
7
44
0
51
31
0
2
786
0
135
2
15
6
3
10
129
168
177
2
201
5
307
222
302
0
0
27
17
241
0
1
0
1558
0
59
2
12
14
629
1
52
0
234
0
519
0
280
3
27
29
15
0
2722
0
20
2
2613
1
0
3
0
0
0
0
2
112
20
0
0
33
3
30
121
2
35
948
109
0
81
164
43
0
0
0
32
2810
4
4
1199
0
0
22
0
0
0
23
536
0
0
15
0
0
14
32
0
54
0
0
14
58
637
48
0
390
691
0
176
21
0
68
790
127
0
0
52
12
792
18
0
153
0
602
121
0
18
4
0
4346
21
21
13
1
6
0
0
45
12
127
0
0
83
11
33
0
0
85
258
0
12
373
42
0
0
0
0
0
291
202
0
1120
3
13
11
0
0
119
8
0
165
1
274
25
736
377
0
0
0
17
82
198
14
149
0
221
0
0
19
31
129
0
0
57
0
0
65
0
0
0
9
0
0
104
0
0
0
0
8
29
37
0
8
3
0
184
0
243
0
141
25
15
566
9
0
318
0
0
0
8
0
1788
0
13
0
1
12
249
0
149
0
0
10
2
1
0
18
0
0
0
0
15
0
3
0
115
0
0
21
71
0
5
610
0
1903
67
0
5
0
854
0
82
175
0
0
0
27
0
0
6
0
0
19
0
0
0
0
0
0
81
0
5
3
0
996
0
151
0
271
166
0
0
0
157
3815
274
0
0
27
28
27
0
18
2
0
2
57
0
61
0
290
79
261
0
22
9
0
0
0
559
0
12
10
0
0
0
1
0
0
41
29
62
4
21
156
3
36
2
131
11
74
0
0
2
160
0
0
464
1
0
0
41
312
40
0
0
0
1659
28
8
0
246
54
0
251
58
38
20
14
627
42
0
0
8
58
0
126
34
0
0
7
180
2
3
2
53
1
0
0
0
114
112
674
1
26
0
28
2
0
0
1538
0
226
2980
204
0
0
114
1254
0
12
20
0
32
0
224
1744
4
519
0
1167
193
1
89
13
254
72
14
5
4
4
0
4
0
28
0
0
1
4
224
123
95
4
264
177
338
11
0
69
0
35
18
287
0
2
30
201
7
0
0
24
642
0
0
6
0
0
47
2
0
3
0
0
0
0
1
0
2
104
0
0
0
1
0
0
8
34
18
850
0
51
0
1
8
3
69
0
0
1144
1
0
0
3
2
93
3
0
876
2
13
287
0
116
56
0
20
9
0
4
0
74
15
0
0
306
181
5
614
257
453
0
0
0
0
0
27
0
0
0
1
0
0
3
0
433
189
0
1587
0
1
8
0
0
78
14
6
31
290
0
0
12
16
80
0
42
9
3
0
0
0
5
0
258
795
533
195
0
21
1146
338
17
0
0
226
16
0
139
210
0
88
19
1
39
0
736
3
0
0
0
0
225
349
62
48
0
4
0
2
75
57
3
0
0
4
139
4
0
2
0
0
0
0
3
2
0
5
57
0
3
0
0
0
0
2
0
62
0
0
0
156
0
12
43
0
0
207
53
13
61
80
0
0
12
5
4
0
3
0
577
4
2
3
10
0
71
0
7
0
9
1
0
6
12
2
0
415
0
15
44
0
10
114
0
0
0
0
1
0
6
114
0
0
14
5
27
7
0
1
0
85
13
3
118
12
0
418
0
1166
63
103
4
1
64
0
59
0
0
7
128
8
313
26
28
0
0
0
0
95
0
0
0
0
3
1
23
0
69
0
0
0
50
12
0
0
38
0
46
6
1
115
53
12
39
150
8
0
0
0
3
1
235
0
101
209
0
2
107
69
0
288
2
90
60
0
0
0
85
2
0
1
9
0
1904
0
156
2
0
0
0
5
0
0
86
0
57
3
46
2
31
0
0
0
25
411
83
0
0
0
6
56
0
33
1579
0
102
47
24
1
0
6
3
0
46
0
14
40
2
71
80
0
23
1
0
0
0
0
52
258
2
2
98
268
0
10
0
681
37
41
0
0
26
0
0
2768
26
195
14
6
5
0
23
65
6
14
0
0
0
0
0
395
10744
2
0
0
32
83
175
0
1
0
0
0
0
10
8
10
85
28
1
2
0
0
219
7
8
15
2
18
48
3
10
0
3
25
94
0
1
24
4
650
0
53
979
4368
47
238
20
2
114
16
434
0
2
50
0
26
341
116
156
33
0
0
5069
19
0
36
3
8
0
2
3
4
50
0
89
65
0
5
2
4290
0
4
177
144
0
38
0
986
1
0
0
28
0
0
0
15
249
0
0
0
53
0
2485
0
1
882
3
55
80
0
823
320
4
5
9
0
0
70
0
60
4
23
151
9
350
0
0
22
0
0
25
0
101
168
0
25
515
0
14
0
97
0
0
18
36
0
74
0
0
2
0
120
0
0
6
0
0
496
135
0
69
0
471
617
194
0
0
0
35
43
0
4
13
1
30
2
0
8
0
1
14
0
0
63
0
0
1
47
19
0
17
69
43
0
0
1
0
19
5
6
0
19
0
40
1
0
0
0
73
0
0
20
0
35
17
463
0
19
5
0
166
89
75
24
0
504
38
27
368
75
2
0
0
30
104
15
23
5
0
2663
1634
0
0
44
21
37
84
0
2
0
0
0
0
93
2
0
0
0
0
1
0
293
2
156
15
35
301
4
0
0
221
0
0
9
0
132
14
13
0
46
0
3
0
143
177
0
146
0
125
0
101
120
7
0
0
0
0
0
46
0
0
28
0
0
6
0
0
0
2
0
0
0
6
21
0
321
192
61
0
0
112
0
15
1
0
48
140
7
0
243
0
215
0
154
65
0
104
0
106
0
1
65
43
7
6
255
920
0
749
23
0
0
0
1044
161
0
23
0
25
1
0
0
13
2338
0
0
116
0
106
0
73
0
5
0
141
0
915
0
1
1
23
0
171
174
0
99
0
0
25
23
1
0
1160
0
3
20
74
67
9
663
153
280
863
1084
39
0
13
22
74
14
1
6
0
82
0
57
2
0
0
1
129
0
0
0
0
0
0
29
2334
198
0
39
1
0
60
910
36
46
0
6
51
52
0
0
9
465
6
0
3
0
2
0
163
0
0
96
1
29
339
11
0
295
772
0
1145
14
25
7
63
0
550
39
0
15
59
17
227
0
32
3
0
0
140
7
0
257
128
0
982
1
71
0
153
101
0
390
74
0
0
683
0
122
2
137
0
1
5
11
3
331
247
37
539
10
547
5
9
559
220
0
0
0
8
74
1661
0
212
49
0
14
0
0
0
420
4
19
0
0
3
111
0
23
0
295
0
40
0
147
0
0
7
0
0
5
68
35
0
408
665
0
54
467
0
187
0
0
0
0
5
31
22
52
1574
60
0
39
68
319
0
0
0
0
2
84
994
7
2
36
306
158
0
53
0
21
7
7
93
0
18
4077
0
0
0
1
1
617
0
0
0
14
1
0
0
0
508
0
74
88
0
55
3
6
16
3365
1
29
0
0
78
0
0
294
0
0
396
1
12
0
11
0
0
267
119
0
2
0
105
39
0
0
20
9
564
0
0
0
0
0
0
0
78
0
0
0
1683
1594
0
20
14
0
94
0
207
18
163
15
0
58
346
0
641
237
0
109
1
0
3520
16
1
163
0
1
10
0
479
1
566
2239
0
0
0
0
0
0
19
7
129
7650
252
0
6
0
0
1
0
66
1
47
4
102
245
887
1685
0
0
114
0
11
0
370
1209
0
10
0
0
38
0
45
0
1
0
117
27
0
92
17
0
0
4
150
0
0
0
12
0
0
15
310
0
58
26
0
11
49
0
3
0
0
1497
1
181
16
0
0
0
0
0
1077
172
500
73
0
14
1419
561
0
0
916
0
0
0
12
0
3
0
140
81
68
123
3
319
7
0
8
17
551
66
15
40
0
0
0
6
67
0
200
22
4
12
0
0
4
0
0
3565
0
29
114
19
39
0
0
274
132
9
0
0
0
0
0
177
171
0
0
12
2
1
10
0
445
129
2
0
131
912
95
10
33
1
0
41
0
0
1
0
75
1
0
32
8
0
205
3
50
26
50
154
0
0
44
135
224
44
0
0
5
0
840
530
2756
0
0
3
70
32
22
0
0
992
1
0
0
3
2
0
3
0
0
20
0
0
0
103
0
20
21
0
49
0
249
1084
0
2
0
0
6
0
0
0
89
1044
71
5
4
0
112
0
25
911
114
34
3
19
18
0
21
2
3
0
0
0
5
2
41
0
12
146
1
89
103
0
0
0
0
10
0
0
7
151
7
4
0
0
0
0
0
1
78
14
110
606
3
0
253
1126
0
14
17
0
465
1
10
28
264
0
140
0
9
0
429
27
1
0
3
0
2
52
167
6
53
105
434
0
0
37
138
64
0
19
2411
0
156
0
293
1042
107
2
17
31
0
0
1001
345
5
0
275
2
96
0
0
5
0
0
0
710
19
249
495
19
64
306
0
44
103
163
0
1
138
0
19
0
4
3312
3
74
16
0
89
67
3
2
1
67
0
309
0
67
0
283
99
205
2
45
0
2
0
2
10
0
632
2
1
2
0
0
0
35
1
199
0
1
0
4
0
0
21
8
0
14
6
123
83
4
117
12
112
104
0
76
29
0
445
57
171
1
556
0
129
0
75
37
0
0
305
0
635
34
185
42
12
0
0
0
0
0
47
0
3
17
50
0
651
181
0
0
541
1
0
0
11
0
5
0
5
1
3
0
0
24
1
160
16
124
0
1
0
4
158
8
9
0
152
0
260
22
0
0
446
0
0
6
0
0
0
20
0
113
0
244
767
0
468
0
58
0
13
1
101
979
173
188
175
142
160
10
108
0
97
0
339
0
444
63
0
129
0
388
262
2
165
0
93
0
0
867
63
33
0
58
3
0
93
50
0
0
0
0
0
81
0
169
2
200
144
1
2
461
335
0
0
345
0
25
0
30
0
0
179
84
33
2535
499
122
77
0
0
0
0
16
0
238
2
23
62
121
681
0
22
176
64
0
60
42
0
3
204
147
0
67
143
0
0
0
2
4
19
0
0
16
168
49
0
741
2005
766
7
397
871
0
132
7
36
662
19
39
103
71
0
200
0
0
37
167
0
0
1
145
200
6
2
0
492
7
1589
134
40
154
39
0
3
1320
424
89
4
8
3
58
83
0
155
18
0
84
223
4
183
58
0
0
0
52
581
119
136
0
0
647
0
4
0
0
0
18
1661
2
0
0
0
6
17
4
0
275
4
0
0
583
27
0
7
67
69
779
203
0
0
0
0
40
17
0
3
3
0
10
0
78
0
0
142
6
0
1
55
0
29
0
4
0
2
116
0
6
0
38
0
259
60
0
41
0
4
39
12
922
22
131
0
158
76
0
7
0
55
13
10
0
358
96
0
102
6
0
0
154
0
43
1133
0
0
0
0
0
0
16
5684
32
0
155
4
82
5
6
0
3
21
4
0
0
0
172
33
22
0
162
91
48
0
733
0
9
0
51
14
1465
398
2
0
0
18
6
2493
0
0
8
1582
67
0
0
3
1
0
0
0
171
77
0
16
0
0
54
0
28
0
0
25
91
0
6
27
27
9
533
80
0
340
41
0
0
265
0
1
0
50
0
723
0
0
0
0
14
7
0
449
0
0
645
24
0
0
69
0
0
0
0
0
24
5
23
3
0
70
1541
0
0
440
0
0
3316
90
342
240
10
4
5
0
2
238
0
287
190
0
53
6
1
89
991
1254
4
0
4
0
0
2
2
108
0
0
0
0
992
297
68
290
31
1
276
119
0
2
0
14
3
0
320
0
54
1
17
0
363
0
0
12
3
10
2
0
0
40
1
0
50
0
12
0
0
1381
21
0
39
1
1
0
61
0
0
10
0
0
0
0
0
2
205
315
388
1
11
146
1
1
0
0
5
0
1
135
4
6
0
16
294
26
0
445
17
8
301
93
0
276
38
1
7
0
2
0
0
58
62
3
49
0
11
0
34
0
22
0
0
0
0
93
0
61
634
369
6
0
0
0
0
33
23
0
825
1093
7
0
1
5
20
10
0
0
990
8
0
300
68
0
91
0
0
31
0
210
259
0
0
45
1
1
0
0
1
0
110
0
0
21
41
0
15
9
0
110
0
254
0
6
34
30
107
11
0
1
267
66
1086
20
542
0
676
0
382
9
0
78
0
33
17
1551
1204
0
4
53
44
0
0
1062
0
0
147
7
37
0
12
0
0
0
41
0
0
22
119
320
0
0
74
152
125
9
41
0
0
0
3
0
0
0
9
73
9
7
0
8
24
3
0
0
0
625
0
0
23
85
614
16
58
123
126
0
84
33
117
9
1
59
234
83
4
67
0
31
584
27
298
0
0
9
0
19
149
49
0
10151
86
0
2873
115
8
0
44
171
0
305
0
0
0
43
2
0
0
4
181
0
3
2
10
0
78
9
0
0
232
0
0
249
5
56
0
20
0
0
34
0
4
0
155
4
0
41
0
10
23
0
15
0
35
115
0
5
0
96
0
586
35
65
322
131
39
0
5
0
0
66
0
0
2
10
125
0
3
565
0
0
184
13
870
4
164
0
27
562
20
0
0
0
60
841
0
0
0
0
0
0
0
0
0
0
79
114
16
1
16
41
112
224
0
668
336
0
15
247
335
0
51
15
134
1387
2
5
0
0
0
0
110
8
46
1
0
8
51
0
4
6
0
15
1
0
131
0
0
0
0
0
8
0
0
50
0
419
173
2
1
409
47
0
20
1
43
0
0
1
14
0
0
0
17
0
20
0
1545
643
0
1
866
1
24
177
692
30
0
7
63
0
0
0
0
0
149
473
4
118
18
86
62
1
488
36
3
16
0
0
8
0
3
1441
1
16
1521
5
0
12
0
0
1486
72
0
0
7
964
1
323
0
155
289
48
1002
0
0
63
0
71
0
0
1
824
0
2
141
14
0
25
0
38
12
0
15
0
24
0
4
615
1241
36
0
0
169
17
0
206
35
8
0
0
0
0
0
7
545
0
163
6
0
351
38
0
1
0
520
0
32
42
219
12
0
0
13
0
561
0
2
0
278
10
2
7
0
238
0
409
0
0
100
0
0
0
2
0
1247
1
0
0
8
71
0
27
0
0
0
1
56
8
0
8
0
0
3
530
138
0
7
0
0
34
0
4
0
5
206
116
375
15
33
103
0
0
33
3
184
161
4
7
117
62
82
32
682
11
1028
0
346
140
6
0
0
7
0
37
24
115
182
0
156
0
3518
0
0
0
31
18
24
93
0
1
0
5
0
333
174
0
2
0
1
0
441
354
42
10
1356
0
0
0
139
9
0
6
32
307
0
25
25
6
1
0
0
0
518
405
209
43
1724
0
1
81
198
62
0
0
64
534
89
3
0
0
0
1
9
365
0
764
0
0
15
683
1
144
0
0
4
10
136
0
0
26
1
2562
0
4
175
4
0
47
38
10
3
11
37
0
13
5
1
0
3
0
8
0
0
9
13
0
0
112
0
250
15
0
0
417
0
0
0
302
1
0
0
358
342
9
108
348
113
0
0
41
64
0
33
467
0
2
1
461
4
5
2
0
0
9
0
2235
35
82
75
314
23
0
0
0
2
0
659
9
47
0
173
0
1
87
0
156
0
29
14
0
0
0
1
0
0
0
0
3
38
5
19
1
8
0
38
38
0
10
20
0
0
0
1
0
0
42
0
37
326
3
0
0
401
0
0
3
0
0
19
0
2
37
165
2
2018
170
58
13
0
145
0
191
0
0
0
635
36
143
0
0
5
0
30
0
0
11
627
0
0
11
22
6
409
0
0
372
155
15
0
4
38
46
3
0
0
1444
118
0
0
21
0
0
0
0
0
508
5
124
2734
397
396
24
0
0
36
58
80
0
0
0
2318
184
803
199
4
0
161
182
118
38
31
0
0
6
144
425
2
0
154
460
0
229
906
0
3
0
49
0
0
303
102
268
173
47
0
0
25
1014
38
0
27
192
0
0
19
1
184
203
0
0
36
96
0
0
18
1
128
4
7
396
109
33
0
440
0
0
16
70
29
0
2
480
0
127
0
45
552
0
0
21
0
0
558
0
0
0
15
113
0
348
5
64
0
0
0
0
635
16
57
153
431
28
48
5
78
4
7
12
23
58
3
96
18
386
5
44
278
1012
141
0
216
0
183
87
420
106
0
0
1
132
29
63
0
8
882
91
245
0
76
31
3
0
0
0
5
1016
0
45
180
35
578
2
30
4
0
0
26
86
6
47
0
725
0
0
3
0
57
108
0
0
0
103
1
0
0
944
66
34
43
0
8
0
0
80
3
338
215
0
0
0
31
0
5
0
216
0
0
107
2
0
21
0
10
0
78
139
3
47
191
0
280
0
30
20
374
0
431
0
31
0
0
28
4
2
28
43
368
191
0
0
2
2
0
24
0
461
0
71
0
0
666
26
74
1
4
79
0
33
108
145
23
27
174
1256
0
402
16
2
111
959
12
10
0
3
6
0
8
305
0
0
4
9
5
0
29
18
13
64
0
27
0
0
4
0
0
0
146
8
0
403
0
0
28
494
0
0
0
10
689
0
145
4
17
0
4
0
874
0
0
0
0
210
0
580
0
19
16
0
2721
0
0
54
62
0
0
2
4
223
230
83
122
7
0
1
50
27
2
6
0
0
0
0
67
0
1
0
62
0
9
0
17
14
0
0
115
8
19
8
0
2541
206
70
7
142
87
3
309
9
1024
0
0
1113
1123
405
302
39
0
0
0
18
0
928
1
0
0
128
0
0
7
19
0
0
0
29
0
2
0
0
57
0
4
712
0
0
0
1
0
3
267
9
0
139
37
25
1
0
0
0
221
12
374
0
0
0
1
5
0
0
451
76
0
0
207
13
912
0
34
1009
141
0
2
131
2
30
0
8
14
0
0
187
94
0
3
46
1415
30
0
314
0
0
31
23
0
5
0
2
0
1
0
0
137
83
0
2
0
108
80
676
0
0
0
42
0
0
0
5
0
41
0
0
1
13
178
6
3
0
0
253
32
0
2
1045
0
0
243
0
98
2
0
61
29
0
0
0
0
10
339
0
0
0
16
5
1
0
7
322
459
0
14
0
2
0
0
114
3
0
5
52
1
0
0
10
0
22
0
0
7
3
0
0
1
14
0
0
0
17
5
124
12
0
0
0
5
16
1
0
299
0
0
0
200
0
0
228
5
6
9
0
0
18
0
59
64
1
0
370
36
65
0
0
165
0
103
45
0
0
38
690
0
6
1
17
312
0
29
25
0
8
0
5
0
59
217
827
0
0
0
7
0
0
0
11
19
0
42
0
20
0
0
0
0
0
0
2
883
0
400
111
0
0
5
22
14
0
139
2
0
0
0
10
5
369
560
4
42
5
20
160
1
0
0
79
0
3
15
1
5
0
0
0
7
0
0
1
14
2
86
9
0
0
25
35
0
41
7
0
0
1
0
5
0
0
0
0
141
0
128
0
31
65
0
0
0
0
0
14
0
0
0
32
12
0
807
120
0
0
0
80
67
0
9
100
7
67
363
15
0
0
175
0
77
0
33
0
0
6
1
35
123
115
86
25
0
5
0
0
558
0
115
0
0
0
162
63
0
2334
467
5988
116
33
27
116
478
1708
0
0
0
6
10
0
0
1
0
0
71
85
200
0
54
20
17
223
247
2
0
558
0
49
0
111
0
1016
0
0
51
0
0
1745
469
12
64
42
2263
18
199
0
0
2
20
32
114
20
0
121
690
15
60
3138
0
146
0
4
0
0
8
0
0
24
7
3
167
4
2
92
10
30
0
0
0
108
99
3
2
1
0
0
4
0
8
714
78
3
0
0
56
573
0
173
9
292
59
0
54
8
13
6
0
0
867
0
0
85
0
122
89
0
0
0
12
13
7
74
0
0
322
11
136
0
88
24
0
77
2
1
0
0
0
0
140
12
240
1
26
0
0
81
0
2
0
35
0
173
0
0
0
0
0
0
0
40
0
673
0
115
1
0
9
0
2
3
105
6
6
0
0
0
2
0
6
252
0
0
115
3
56
0
9259
2
0
102
0
70
3
11
14
5
2
73
89
0
0
93
0
16
0
0
0
0
43
160
0
0
0
16
45
1
0
315
0
3
307
0
0
263
21
35
13
0
20
8
0
0
124
0
6
0
0
1
150
25
314
0
0
92
3
4
0
8
9
2
0
0
0
5
2
0
6
0
92
0
5
0
4
331
345
10
0
0
31
0
21
0
15
0
0
82
0
0
69
0
142
438
241
0
311
0
521
38
0
421
161
171
0
0
0
1380
3060
3
123
15
2
42
3
264
0
0
65
3
0
0
0
3
1
0
0
0
0
93
0
250
0
0
53
0
224
8
0
0
0
0
40
2239
140
280
0
327
225
0
3
11
1
0
34
459
2
13
1291
338
230
1241
3
326
92
0
27
0
0
0
0
0
2
85
1
2
0
19
13
1
600
0
0
19
19
9
0
4
16
0
0
0
0
21
496
0
61
223
21
33
0
99
13
1035
0
0
0
5
96
0
4
122
38
8
0
0
89
68
1
0
93
454
0
1157
1492
0
78
135
1
271
0
1494
0
0
6
0
608
396
0
0
0
2538
291
0
0
160
70
53
8
0
1
1
0
227
242
0
0
0
97
0
59
0
0
128
0
153
8
0
49
280
2
0
0
0
1
26
18
1
48
253
0
69
5
337
0
4581
114
15
259
11
0
30
47
114
90
10
0
120
1834
168
250
2428
0
0
21
0
525
0
5
478
22
0
0
334
218
0
0
1
1
0
91
2
60
873
30
22
0
67
384
9
332
59
5
18
89
243
0
1397
3389
0
0
525
642
139
0
0
0
10
0
131
5
0
44
130
0
3
6
0
0
16
29
0
6
2493
1804
0
542
546
2
1114
89
2
127
0
69
124
15
1228
0
767
78
84
0
827
0
0
305
4
494
22
0
302
104
0
78
7
1350
19
343
20
66
0
32
210
80
954
19
186
4
36
0
83
0
0
0
0
0
0
48
0
3
7
37
0
1
18
2
0
3
0
0
6
107
139
3
1
0
227
0
0
687
0
3
0
5
630
0
0
6
17
167
0
0
0
65
1
4
6
1004
15
121
0
0
0
0
0
0
158
5
1
0
10
0
25
50
131
0
17
3
123
13
198
10
2
4
0
2
9
0
0
30
79
0
24
93
0
4
23
0
136
4
65
40
165
3
2
0
81
0
0
5307
0
0
3
46
67
0
747
1437
128
156
48
0
260
15
4
205
139
827
3
129
1
2
334
3
0
8
38
202
0
58
0
1
7
0
1
4
3517
0
56
64
0
0
0
0
5
2
0
61
1024
139
3
1
10
2
17
0
7
2
0
4973
167
72
188
0
77
0
47
249
0
16
5
0
0
0
0
34
97
16
51
386
132
81
17
0
11
240
801
0
2
0
5
1631
282
7
2
0
0
0
39
185
4889
121
4
403
0
9
10
399
59
0
1
0
91
271
0
12
0
0
10
18
40
0
520
222
4
3
0
0
316
3
0
35
88
0
0
22
555
701
0
2999
15
186
0
291
0
11
0
1117
15
185
0
15
0
6
0
0
0
627
73
6
0
74
1
13
1376
46
0
0
0
2
1487
0
471
0
15
172
0
308
1
146
3032
6
387
13
103
0
26
191
0
0
0
711
491
0
0
5
649
0
0
0
40
6
0
5
0
3
18
5
2
36
8
0
0
968
0
371
12
0
3
0
55
0
0
33
0
1
6
0
87
0
0
16
104
158
0
418
22
0
0
109
0
48
0
0
0
350
0
9
0
0
31
0
0
209
96
2
41
0
20
264
0
158
0
7
0
3
580
0
0
0
665
12
0
24
8
38
0
57
772
0
0
0
212
169
11
37
0
26
0
52
0
2
0
0
19
85
55
0
0
0
0
0
18
0
2
12
2
1
298
0
37
0
28
13
0
4
0
1
1
96
6
33
0
0
26
16
21
85
0
0
0
0
132
2
5
17
0
6
0
0
20
9
0
3296
13
0
0
223
682
34
0
13
72
78
37
0
50
55
8
0
89
0
0
24
8
0
6
0
408
0
78
0
5
0
5
121
49
50
239
109
2
0
66
309
2
0
7
2
0
2
972
148
0
505
10
136
0
0
8
9
0
0
0
0
16
1
1
0
0
0
689
43
12
0
0
67
1
0
17
0
256
0
30
51
3
3
8
196
26
87
0
216
13
102
0
0
18
96
74
1000
24
0
0
0
0
57
0
0
0
6
12
0
175
0
11
1
12
29
0
15
3
0
0
6
0
30
0
0
7
0
19
0
47
0
259
34
62
190
0
0
84
0
65
0
0
0
156
9
135
141
0
32
394
58
0
14
28
530
1
0
11
0
711
0
3
0
23
30
9
24
2
4
16
0
0
0
74
12
106
0
3
453
0
0
32
1
0
0
211
0
0
3
0
0
84
105
16
0
0
0
0
38
0
486
1
22
59
1
249
87
48
0
0
347
9
336
304
1
0
84
0
9
0
539
438
216
2
0
0
57
4
2
52
7
0
0
5
0
0
1
5
0
206
0
16
116
0
22
0
6
0
80
18
0
3
44
54
0
0
40
2
0
0
0
0
1
0
0
0
3
2118
24
251
0
0
0
7
0
117
0
0
27
702
0
9
3
325
49
21
4
0
88
1
9
28
1925
1
0
15
12
0
129
294
0
0
0
0
267
3
65
271
5
0
31
58
6
0
3
3
19
643
288
0
0
0
132
2
1
0
0
0
22
14
0
46
1
93
0
16
761
36
0
3
11
4
67
4
0
23
32
289
26
358
1
1
0
0
134
0
12
3
0
0
0
0
0
0
8889
434
2
2
0
335
2883
3
7
0
5
455
52
0
1147
55
0
0
884
15
0
18
3
3
0
283
0
4
4
0
0
0
0
0
0
0
717
0
1
4878
0
0
0
0
0
1
18
0
0
29
0
13
268
1
0
17
168
90
0
193
0
13
5
0
43
0
113
0
0
0
681
2
127
0
0
20
121
7
19
9
169
1
1
59
47
14
0
0
0
5
0
0
92
289
1
0
0
3
0
23
5
0
846
0
0
0
1087
162
110
0
63
0
213
0
0
77
321
0
9
0
15
10
407
0
0
130
0
7
0
0
56
7
0
0
124
11
77
0
0
86
0
41
1
2
238
0
64
388
31
26
0
1
232
14
23
142
0
0
0
84
134
0
106
0
158
204
0
0
72
140
66
0
0
0
67
405
440
16
1257
0
89
0
1160
9
812
355
0
16
0
269
3
0
231
11
41
42
0
29
0
0
0
13
0
0
351
189
210
0
4
1187
10
61
0
100
113
300
574
0
0
0
2530
0
356
0
0
229
5
6
0
1
0
0
0
0
0
11
4812
31
38
0
0
118
7
240
1748
115
0
270
109
621
0
1
0
0
62
0
0
0
146
0
185
95
360
0
125
5
100
0
595
0
4
0
154
464
221
15
718
2
0
0
705
59
0
558
0
188
3
0
12
62
0
3
0
0
0
0
212
1
5
278
0
79
11
1
0
74
0
1
0
7
0
0
2
19
29
0
128
68
15
222
0
2
0
1618
617
14
644
0
0
122
0
85
314
0
115
359
19
311
55
9
2
58
0
0
427
5
0
834
1
0
142
341
13
0
0
4
551
0
104
18
458
342
52
0
0
0
29
8
690
2
48
4
144
21
19
1
1734
295
0
633
4
3
0
0
54
15
14
238
304
592
1
649
0
10
0
0
0
85
55
34
619
6
171
467
282
14
100
3
0
3
0
90
0
0
0
0
5
0
421
0
246
403
0
0
0
46
0
126
4
0
24
0
1
1
0
118
51
998
0
30
0
0
1145
2
2
1779
0
72
293
0
57
0
0
6
10
25
293
442
25
162
129
289
0
74
52
1
0
1
57
0
0
190
0
200
59
5430
2
10
156
448
13
0
158
0
0
15
0
195
977
254
45
63
6
48
1
0
26
27
43
120
125
9
57
9
1
0
2
0
312
73
129
0
2
1
0
2
0
7
4
195
12
56
0
0
0
1
0
76
5
0
34
4
0
686
76
0
0
0
0
213
0
0
318
369
13
78
0
2
475
80
0
0
112
3
0
6
1
4
0
174
533
101
18
0
607
0
2
6
74
0
1311
28
150
0
12
0
21
2
48
1
31
275
22
0
28
4
0
1049
507
89
2
36
0
2
16
88
2949
0
0
0
6
10
11
58
0
0
59
0
286
1323
703
0
36
1036
724
198
120
0
0
0
60
15
5
0
71
13
13
0
23
0
6
0
0
48
0
1
68
0
63
14
394
210
148
30
210
0
3489
70
5355
38
79
5
3
236
0
187
240
1294
63
2
5
7
41
0
0
583
14
139
46
223
279
0
343
4
312
1059
301
75
72
0
2
0
409
355
0
3
2
145
4
276
7
0
31
3
8
0
0
68
348
0
0
25
1
41
267
131
0
0
2
0
42
0
0
770
981
103
298
0
11
174
402
54
219
213
1
35
71
25
0
53
32
12
1
171
27
0
0
0
3
0
3
387
0
963
1174
116
0
611
152
12
2
289
3
0
0
0
0
0
0
7
40
2
1
198
34
0
345
1
3
551
429
611
0
0
0
346
357
304
98
0
494
117
21
131
36
39
0
27
1150
25
435
0
0
4
103
141
77
305
21
233
1
0
0
0
5
0
0
4
70
0
12
7
0
0
0
303
11
0
12
12
48
7
22
53
23
0
0
0
198
0
56
74
20
0
0
0
8
107
0
15
9
2
149
9
0
1
6
762
740
598
75
0
6
3
487
0
0
24
300
17
0
25
7
0
0
0
55
73
117
73
13
0
25
2
33
0
72
91
16
0
13
0
154
4
0
0
33
29
0
548
11
0
59
6
1
0
93
5
47
286
74
1584
0
0
6
26
24
339
0
776
0
1255
47
21
115
1
581
0
146
19
103
517
2
394
492
0
0
1
0
0
4
0
220
118
5
51
43
0
2
0
35
0
0
0
54
149
193
427
53
540
885
247
0
3
42
3
81
71
0
0
0
5
20
32
0
1
1584
1
15
85
74
8
0
0
0
38
20
130
1
0
357
2
20
0
355
105
393
0
99
0
0
0
0
92
0
52
0
10
0
0
48
69
0
7
0
6
2573
0
215
5
0
17
2
0
0
0
0
140
159
0
3
510
3
112
179
64
0
32
1
2684
222
22
180
0
9
0
0
0
19
0
684
1
151
30
31
0
9
0
42
0
7
31
5
4
3
0
0
0
78
0
125
0
0
1
0
555
0
0
1
19
0
0
0
3
2
0
0
1219
143
304
4285
1902
0
7
0
199
0
4
0
241
317
8
430
0
0
0
0
655
27
37
1
347
72
22
635
21
8
199
466
29
29
0
0
7
0
0
0
0
0
0
51
0
0
0
0
0
0
0
35
134
25
81
60
0
2
0
0
1
0
279
325
0
0
0
0
0
0
106
174
0
0
0
0
5
0
0
4
7
0
0
0
0
0
6
10
70
51
1
0
0
0
0
1494
280
0
749
24
0
2
35
169
432
2605
23
21
1
6
0
0
73
1
14
0
17
0
0
0
0
182
3
0
0
0
0
0
0
5
15
150
0
190
92
0
0
0
0
15
19
0
0
833
0
0
0
72
133
585
10
73
7
99
0
0
7
0
0
165
18
0
0
98
3
0
10
0
0
3
62
0
18
9
1
0
0
1
7
3
0
816
72
711
0
0
0
0
0
4
0
0
0
0
0
0
18
0
0
0
0
0
1
0
0
0
0
26
13
444
0
0
0
0
2744
78
249
67
480
178
638
796
103
3909
10736
508
0
36
18
0
0
0
309
205
48
0
0
0
86
0
1
0
73
0
0
30
19
99
81
0
0
0
0
20
10
0
2
12
4342
8
105
0
0
0
0
16
31
0
0
26
0
0
0
0
197
152
0
0
0
0
135
36
7
1
10
0
0
0
0
0
0
0
0
0
132
54
0
0
565
565
165
151
2645
0
0
6
7
0
0
0
14
4
1
0
300
22
0
0
0
18
15
0
0
0
0
0
41
14
0
0
5
267
33
219
35
30
309
2
462
560
5
0
0
0
0
0
0
0
0
28
0
133
0
0
1
0
0
0
0
0
0
0
0
0
316
58
1033
0
2391
3711
361
2
0
23
20
0
119
0
0
1
468
109
0
0
145
920
157
57
0
6
5
227
0
0
0
0
0
2
2
1
0
0
0
0
0
0
0
0
0
0
0
0
36
2
0
4
46
0
2
0
174
0
0
385
0
4794
311
57
15
0
133
0
0
78
4
0
3
0
0
12
0
0
3
0
0
263
206
0
807
4
31
0
1
0
0
0
0
1
0
0
954
881
0
0
34
4
0
0
0
0
21
50
0
0
0
2
11
104
0
0
17
0
3
0
0
0
0
0
0
0
0
48
0
0
6
0
0
0
0
0
0
0
0
0
0
0
0
0
0
1
0
0
0
0
0
0
0
0
0
0
