24_BitC_1_2
0
0
28
1458
60
207
63
0
1
0
0
312
20
404
0
0
426
6
2
104
1497
64
4
4
0
677
0
32
5
5
54
1
0
251
2985
90
0
0
34
0
12
0
0
2
3
3313
0
288
0
486
0
155
0
515
0
14
1000
72
0
1847
6
4
0
0
12
45
5
691
33
22
1825
732
95
6
33
0
1505
18
17
0
0
2
12
30
1896
0
58
303
75
39
909
0
487
0
0
1013
24
0
143
0
44
0
8
734
213
2
9
0
0
1272
0
0
34
0
5
0
0
195
265
863
21
31
0
300
148
1319
1008
0
2154
53
0
2
23
182
1
0
15
119
41
0
7
17
23
1
889
233
209
42
95
52
48
0
111
1
0
1189
0
4
13
1160
0
0
0
0
180
100
57
262
3
0
0
1
240
0
0
97
94
8
0
69
866
847
0
247
52
202
207
9
124
1
0
539
106
29
0
129
0
0
7
72
94
5
4
52
44
0
3
151
12
13
0
0
23
0
0
6
117
40
0
36
367
0
15
477
0
9
10
222
24
104
0
0
90
483
204
5
815
40
0
0
0
0
20
617
0
74
163
1640
6
3
129
261
8
0
1043
80
0
0
0
37
278
2508
27
4624
77
0
0
0
285
36
7
1174
0
0
123
0
0
0
944
208
663
145
0
1651
0
1367
0
0
0
193
0
0
0
0
0
0
119
0
240
0
0
9
0
49
504
0
391
14
4021
0
0
2
1
0
0
139
0
157
215
0
84
0
603
140
0
173
71
16
0
38
445
328
205
0
0
390
21
32
0
0
1390
373
68
1275
0
31
107
45
286
0
1366
4
57
64
66
61
740
427
75
0
7
19
0
1072
2
0
0
371
561
8922
275
980
60
21
0
0
13
11
0
464
0
58
0
5
3300
0
162
33
48
0
303
0
0
138
707
36
99
0
472
122
28
0
0
0
0
193
6
0
4
0
0
113
15
3877
18
329
0
147
0
0
2304
299
3
0
73
0
30
591
205
0
187
35
40
27
26
0
272
1
2
0
13
0
263
1198
0
7
921
289
165
0
3
0
53
7
3
6
0
0
0
0
6
1
0
0
0
36
60
0
736
0
58
0
789
0
4
2
15
0
447
83
805
80
243
1634
857
26
3
0
27
0
157
22
85
156
0
85
0
1
0
0
22
5
1206
18
87
601
23
1
54
0
6
0
4
633
13
537
66
0
29
0
1068
465
0
859
0
96
24
29
41
68
138
166
868
0
23
212
653
242
230
0
0
1
16
0
395
186
0
0
157
0
1
0
22
0
0
0
7
0
0
7
0
1618
0
293
0
177
0
0
0
360
621
121
12
336
17
244
280
46
0
85
0
109
2
2230
5
33
10
21
0
2706
0
2
0
387
0
685
254
21
10
9
131
0
0
0
9
184
0
0
0
0
1411
6
90
502
6
0
227
8
49
20
0
4
0
16
0
13
28
1
0
1
8
0
0
72
1
38
186
266
160
72
1756
10
0
6
0
0
0
4
0
164
846
164
7
360
3
120
10
0
449
66
1
132
0
2
382
0
412
136
9
0
11
0
165
0
4
2
299
0
0
0
3
543
18
549
11
33
0
0
0
0
134
222
42
597
0
44
104
4904
0
15
1
0
30
0
132
0
6
1
102
113
3
65
5
59
0
0
45
22
268
0
198
1967
9
54
19
729
487
0
0
283
789
36
105
9
1112
0
0
1
10
217
273
0
40
59
54
0
94
0
69
106
145
0
291
12
251
0
0
0
3
0
0
886
908
0
0
255
7014
4
442
145
239
238
130
101
5
0
302
0
7
48
0
1
314
0
0
1378
44
137
21
52
190
250
22
149
72
0
0
1
703
1
270
0
0
167
41
4
5
0
9
12
0
3
10
3
65
17
0
13
0
260
130
386
62
23
0
551
2
1
0
0
26
2
287
62
0
0
5
1
0
0
21
104
4
3
0
26
5
178
168
0
23
0
12
0
0
529
7
359
781
525
0
558
117
245
231
3
55
356
4
168
97
7
798
6
210
150
220
4
6
370
0
12
20
16
326
699
16
0
0
2
0
0
546
325
7
0
0
0
2522
1
0
1223
10
248
0
59
1
0
690
51
324
324
140
6
0
22
0
0
200
2122
1170
0
0
4
0
396
97
0
48
59
0
27
145
209
18
0
391
5
0
503
3
0
0
0
402
0
138
304
53
129
121
8
33
0
0
40
75
377
450
16
0
167
13
0
1613
260
0
34
3
441
0
0
28
502
0
76
0
2
12
0
0
0
0
207
193
77
7
0
76
26
15
0
0
639
28
74
84
8
11
5
0
88
44
0
2310
77
201
885
4
182
0
0
45
0
1671
63
15
0
1265
423
225
53
1358
0
76
0
0
3867
0
0
0
0
347
0
0
0
0
127
676
653
1225
117
0
0
0
40
64
27
6
0
0
111
1489
621
107
46
0
0
16
265
6
0
0
0
8
3
1638
506
2826
1252
0
0
0
0
0
135
0
0
6
183
27
59
0
14
1477
705
0
391
1536
58
85
94
43
0
0
207
6
5
26
0
0
0
15
0
40
44
13
0
0
0
0
1748
428
0
0
7
5
121
0
0
0
0
120
153
0
312
13
2
86
10
117
957
0
563
103
9
0
12
2
0
0
0
0
298
996
71
164
132
182
339
75
178
241
3
48
292
54
95
0
0
3
0
9
1268
29
306
0
0
122
120
0
7
468
150
129
325
0
163
361
0
24
19
4
0
17
0
4
1595
402
165
4
0
398
0
0
0
146
14
1667
2065
0
43
2953
33
181
132
81
91
953
373
0
0
27
0
679
17
512
0
690
0
495
2
335
1034
97
0
568
0
0
100
0
466
652
0
0
5
688
0
1050
0
0
9
51
0
303
0
0
7
0
0
0
0
20
0
50
32
132
1
636
160
26
292
954
0
0
2508
0
4
0
120
37
121
0
135
0
9
0
218
11
0
12
351
3
6176
0
0
0
32
4
266
28
296
63
0
59
0
94
0
4
179
127
54
0
0
201
0
238
1335
105
0
0
14
0
709
27
0
96
2
23
26
0
22
0
0
8
728
0
705
21
0
23
26
0
79
4
128
0
77
203
0
66
0
373
0
0
0
119
1
6
1
122
2
0
1
39
14
3
167
0
215
0
0
2
44
0
3031
0
3
4610
17
450
0
229
17
44
0
0
0
262
140
0
5
7
38
33
0
0
10
0
0
38
0
153
0
0
8
41
169
9
0
0
7
173
1957
252
0
0
0
66
0
0
691
624
21
82
5735
0
147
223
32
102
59
1241
0
6
112
2967
90
15
59
64
362
2
0
362
65
35
386
23
400
19
383
222
111
0
48
0
32
0
0
0
0
542
0
14
0
1399
7
79
991
72
46
0
4
0
1
29
0
302
0
0
425
137
0
1
0
0
45
0
195
0
9
93
0
12
0
0
31
0
0
23
0
0
12
0
0
0
0
0
0
3
752
9
205
1
150
179
57
4
0
117
0
2011
45
0
0
0
2
16
28
2334
118
418
0
1047
23
352
539
0
0
0
1544
0
173
115
10065
5483
0
3
0
64
0
14
0
0
143
0
6
2090
654
854
5
3
240
0
21
0
37
381
83
1220
1
1893
0
163
12
50
170
1
22
3
2
0
0
0
0
902
261
0
3706
106
0
0
12
289
490
380
48
815
3689
5
485
0
190
468
213
378
402
0
26
14
432
86
0
0
160
11
94
0
9
53
136
594
0
3
0
48
389
0
982
0
5
19
1
0
307
4130
0
366
0
0
8
497
0
261
0
48
0
0
1426
37
7
25
0
7
10
7
466
0
0
0
13
0
0
74
203
13
11
0
16
41
0
0
2
92
0
8
18
4
34
74
92
0
0
0
0
47
0
2
3
1
155
132
21
459
4671
58
404
263
2435
0
49
2
185
14
4
1270
0
150
64
0
3
14
1
737
55
0
48
164
0
117
5
3
0
0
56
0
0
3475
607
0
0
396
1006
312
0
0
24
0
45
0
867
3
199
5
0
11
0
116
0
0
0
0
27
2
0
0
0
52
669
68
13
0
104
58
34
4
2
33
90
1
259
0
52
5743
868
0
342
12
0
0
2451
95
0
0
0
0
24
657
29
0
0
12
0
0
0
0
0
13
280
0
0
227
162
952
689
81
497
2
0
12
11
34
0
0
2
0
268
66
0
485
36
603
25
0
0
81
85
25
141
0
0
108
286
7
0
129
0
0
0
479
2
0
14
0
41
136
0
26
3
0
91
211
0
0
0
1
44
1226
57
5
0
331
0
304
50
473
0
21
1636
671
0
0
4715
963
390
2973
79
0
22
0
0
0
0
94
4
16
1
0
257
1352
19
0
0
0
0
0
53
55
320
0
0
16
6
4
0
184
1217
234
540
341
4
0
0
7
352
9
0
5
56
22
11
88
22
0
1
0
82
48
316
38
0
3
1
2
0
0
0
150
0
0
0
46
0
114
0
1
99
143
0
7
0
663
0
322
16
0
29
0
0
0
0
0
1256
9
2
13
69
0
254
124
38
0
12
0
1
0
0
237
0
768
363
1187
93
0
141
34
4
0
10
391
136
0
20
0
1631
3
32
0
14
16
24
0
108
0
0
0
525
1
284
61
69
275
50
0
1
8
0
6
57
495
161
0
39
0
41
7
0
0
148
6
22
0
0
116
36
13
123
27
812
18
0
255
0
868
0
0
0
84
27
112
212
422
0
707
109
0
1
32
0
0
11
213
571
46
3
77
0
10
5
0
6
0
20
271
16
7
2329
354
2
589
0
68
7
0
0
322
0
92
0
3
7
27
10
0
5
3
1231
0
216
345
21
0
1908
46
0
0
3
14
17
9
2710
101
250
0
0
1
0
0
0
12
78
0
0
12
0
11
12
0
18
29
0
0
0
9473
0
9
0
47
48
448
590
2051
11
3225
10
5
11
9
0
27
1470
2
474
879
0
25
184
0
167
3
0
6
878
1
36
175
0
0
1441
0
124
304
0
0
140
382
0
8
329
560
0
1389
0
897
0
4072
19
0
135
0
35
141
851
5
329
3
20
0
1929
222
50
28
605
0
209
21
703
160
0
194
0
86
230
251
0
1
5
0
3
172
3
28
1922
135
823
264
0
0
0
10
40
139
0
72
195
18
683
1049
0
165
194
35
3
0
0
2
1032
0
148
0
185
13
0
0
0
12
0
0
1462
1925
0
4
160
3
29
0
75
12
319
24
3
0
289
517
1
25
0
0
0
0
560
471
1
0
1567
20
487
276
36
109
3
8
41
0
15
1
0
15
7
12
141
379
0
0
92
521
0
0
63
0
0
0
883
210
69
0
0
1670
0
778
526
6
0
106
0
3
0
50
235
26
0
0
0
8
6
48
7
9
0
151
11
0
0
0
6
0
216
180
12
0
0
588
2449
3
160
0
18
0
11
11
1
629
5
0
21
263
79
3
0
0
5
175
2
14
0
268
0
748
0
3
18
49
0
6
0
32
0
0
21
101
20
0
43
0
0
26
5
18
0
0
372
0
0
0
68
16
21573
0
32
263
248
0
98
3
0
0
0
391
85
649
0
213
0
2
231
2
0
75
0
434
1512
0
72
0
176
0
1460
3
433
111
0
0
0
0
0
0
8
0
7
3
19
0
0
4
659
259
136
0
0
259
32
0
146
972
11
376
86
0
824
156
0
99
0
0
0
621
45
327
0
43
0
0
36
891
405
0
431
68
41
2
0
185
249
0
456
0
0
480
6
153
122
1
60
0
0
330
578
15
20
18
0
1
0
0
196
323
286
0
21
0
141
0
0
304
0
105
92
2
855
67
11
103
31
0
12
774
125
0
249
1
126
504
1
37
3108
236
0
0
12
351
86
0
14
8
10
3
0
0
47
84
0
49
0
4
3
4
0
450
8
289
4
0
12
22
335
0
5
0
0
309
306
43
34
0
0
90
0
1
0
28
1530
2832
0
16
1875
42
62
680
0
305
0
0
0
728
10
0
16
42
162
45
1
0
3
0
2
1695
0
0
1127
9
135
8
1936
435
0
0
353
2068
60
1852
558
0
47
44
473
0
42
33
22
54
0
0
0
414
0
0
963
0
1626
0
0
25
5
10
0
186
344
0
900
19
118
0
99
1377
3809
0
23
145
6
697
188
0
32
0
410
0
0
0
254
266
5
1957
7
62
11
631
0
82
455
1245
50
121
208
0
717
17
479
557
4
1662
0
364
216
136
243
18
0
12
0
0
53
135
23
3
297
0
2
32
7
5
0
4296
224
91
261
102
142
1
0
6
13
0
821
0
48
0
0
3
3351
0
156
344
4
650
0
8
360
17
37
1117
0
0
228
0
1
0
0
32
0
5
0
18
313
27
0
25
0
0
250
4
3
0
1591
309
842
362
2
1102
41
0
0
150
4
0
0
0
4
40
161
4
0
10
0
0
0
7
6
63
854
39
124
4
84
4
6131
0
0
11
83
0
17
201
3
131
0
99
94
4
1019
253
45
137
105
0
0
538
349
1430
92
2
0
198
0
0
0
0
1971
3
3276
339
127
149
371
0
4
0
0
70
0
268
0
0
205
107
8
98
11
607
27
0
8
215
0
47
0
67
8
144
54
0
1522
47
0
43
15993
0
91
1324
458
596
553
265
1035
145
1604
0
1482
2391
0
44
2
6
0
0
299
0
243
136
1922
0
14
359
173
0
2275
112
71
0
0
1
0
3068
4
8
601
0
528
4
38
18
0
903
97
3
0
1100
128
0
0
4
0
302
3
138
4
1595
14
153
61
567
0
7
143
1112
0
12
0
155
239
86
3
54
374
165
0
0
161
101
314
0
0
10
32
0
79
76
0
160
0
0
0
0
0
7
0
0
46
0
0
0
0
22
0
13
1304
27
0
2
4981
0
0
2
2
0
95
0
104
5
5
72
2
0
0
13
0
0
204
21
0
0
0
87
0
0
0
200
68
4
0
0
181
0
0
5
42
0
0
3
0
15
2
3
0
0
128
0
0
49
1946
0
0
14
0
2
236
38
207
8
6
1
0
44
0
0
0
34
0
136
0
0
0
0
15
0
83
0
0
360
67
0
392
24
0
2250
87
13
0
15
358
0
0
22
0
0
60
54
119
0
286
28
0
4
2507
701
6
8
252
0
5
101
0
27
12
0
24
0
0
0
0
576
1
0
0
0
920
0
403
23
13
0
0
56
1113
491
335
0
0
11
0
0
0
11
0
0
317
1
0
105
4
0
0
0
0
141
2461
54
6
0
23
3
0
0
0
0
3
0
0
0
0
0
0
0
12
0
0
24
51
4
0
5
150
5
63
0
0
0
0
0
0
0
31
3
0
0
0
0
0
210
0
0
1
26
352
0
0
0
0
0
0
4
0
0
11
0
0
0
0
0
4
0
7
11
0
0
7
0
2
0
0
0
0
0
0
0
1
0
13
0
0
25
0
2
0
1073
0
0
0
32
0
0
0
0
1265
0
0
111
83
0
5
66
0
2
0
0
0
0
0
111
164
0
0
0
25
399
66
3
49
0
0
0
2
0
0
0
0
0
0
0
69
0
0
0
1488
0
0
0
0
0
0
0
0
54
0
100
0
59
0
16
0
7
0
0
256
0
1
0
0
14
9
0
4
0
136
6
0
33
0
10
86
0
0
0
25
51
0
103
0
3
0
135
0
13
0
610
0
2
3
0
11
0
0
0
0
46
0
0
0
0
589
0
2
1046
500
0
0
103
102
0
0
0
0
0
126
0
0
108
0
164
4
0
0
0
15
0
0
0
3
0
155
0
0
750
7
0
0
0
0
66
0
15
0
0
2
0
0
3
0
3
0
0
2
133
0
120
0
0
215
0
0
0
0
3
310
0
0
10
0
0
0
0
0
0
16
0
0
68
0
0
49
2
0
0
0
75
19
0
0
64
0
0
21
0
0
0
10
1
1
2
0
0
0
0
0
0
0
1
0
3
0
0
0
0
11
0
0
0
0
100
20
0
43
15
3
0
0
0
52
0
0
0
0
0
0
0
0
0
0
0
0
0
0
0
100
0
28
0
0
0
0
305
0
0
0
81
0
6
0
0
3
16
0
2
0
1
11
0
0
0
0
0
0
0
0
0
0
4
0
1637
0
0
0
0
0
0
0
0
0
0
0
21
36
0
0
24
0
10
481
0
0
0
4
0
0
1
1
0
0
0
0
0
18
0
409
188
0
0
0
1
0
0
0
0
460
0
0
0
0
0
0
0
0
0
636
23
2
860
0
0
61
4
0
0
0
0
2
0
0
0
4
0
0
1
0
72
0
3
0
0
0
0
0
0
0
0
189
0
0
0
140
19
0
205
0
88
0
0
0
0
0
12
0
0
0
0
0
0
16
4
0
0
0
135
0
9
579
3
0
0
10
2
0
0
0
0
0
0
34
0
0
0
0
190
0
0
0
0
35
0
0
0
0
0
0
0
0
0
0
114
1
0
0
0
328
615
0
0
0
4
17
0
0
0
0
0
0
0
0
9
0
89
2
0
8
0
45
84
0
4
2420
0
3
0
0
456
0
29
0
0
0
0
0
8
0
0
0
413
4
5
0
0
19
0
280
0
0
0
1
0
0
0
0
0
0
0
6
0
5
0
0
0
503
0
0
0
0
0
0
0
0
1957
0
158
3
0
0
2
0
0
0
0
208
0
0
382
0
0
182
23
1046
0
0
0
7
0
104
0
0
0
0
551
6
0
0
0
0
0
0
0
16
39
19
3
0
1
0
0
10
3
0
20
70
1731
1
0
4
8
1857
0
555
2
0
0
233
1
0
12
9
26
0
0
0
0
59
0
2
0
96
0
0
0
0
0
0
0
32
0
0
0
0
16
0
38
0
3
13
0
70
0
0
0
0
4
763
0
0
0
207
0
0
10
0
0
6
0
0
0
0
92
0
4
0
0
106
911
263
0
0
0
0
0
0
0
1
430
0
35
4
0
0
0
0
957
0
709
0
0
11
0
0
5
0
0
5
0
3078
0
1
0
0
0
0
101
0
0
0
28
0
271
8
1
18
0
1128
0
2
0
68
0
0
2
0
0
13
0
0
0
0
5
0
0
358
2
0
0
0
425
0
0
0
312
0
13
0
53
511
0
29
1
0
3
0
0
0
0
0
1082
2
10
0
0
0
0
0
277
184
0
0
62
0
593
0
0
0
0
0
0
0
25
0
0
0
0
69
22
0
1
0
0
14
0
0
0
77
28
0
0
916
2
123
46
0
0
0
0
0
0
0
0
0
179
0
0
0
57
0
0
0
0
0
0
0
0
0
0
1661
2
3
4
0
0
0
2164
73
13
17
2
0
0
0
7
23
0
57
0
0
0
0
0
10
0
0
0
0
0
0
225
0
0
0
0
1109
12
0
0
6
11
0
3
0
0
0
28
17
2
0
0
0
0
339
0
266
3
0
2
2
0
1575
61
0
0
80
198
0
207
48
0
0
84
4
0
0
0
9
62
50
0
1
0
0
0
0
0
0
0
0
0
0
0
288
102
0
809
9
0
0
0
0
81
0
0
1
0
0
0
0
0
0
28
85
16
283
2
0
0
5
0
1
3
0
368
0
0
0
81
0
1
0
0
0
0
0
0
0
0
0
0
0
65
84
0
0
0
0
0
0
167
0
1104
2
0
0
1
2
0
0
622
0
0
82
7
0
0
14
2
0
771
0
0
8
0
0
2
3
0
38
77
7
75
0
5
0
9
22
194
0
0
0
0
0
0
0
0
382
443
23
0
194
0
0
0
0
0
0
4
62
1060
0
0
0
0
0
0
216
0
0
0
0
2
0
21
0
0
1
0
0
0
0
52
0
0
0
0
313
0
0
0
0
27
7
0
0
0
0
41
0
0
247
0
0
0
0
0
0
11
0
0
0
0
0
30
0
0
0
0
19
0
6
0
0
0
0
0
0
99
1
0
29
44
0
3
0
32
0
0
23
0
0
201
4
0
0
1
314
9
0
0
48
0
2
11
0
8
14
0
3
0
95
0
154
0
0
107
0
187
0
1037
140
0
0
18
8
61
0
0
0
0
23
0
3
2
15
0
0
6
0
27
308
189
0
3
0
0
10
0
20
0
0
1
9
0
0
0
0
13
0
730
45
595
0
0
0
130
0
0
9
0
22
6
0
569
560
3
0
0
0
0
7
551
0
40
34
0
2
0
0
117
0
0
0
5
0
0
0
4
0
9
0
21
1
3
0
250
0
0
0
0
20
0
0
0
0
0
0
2
0
0
0
6
0
0
0
13
7
0
0
3
36
62
9
0
0
269
0
0
374
0
0
2
0
687
0
0
0
0
134
1045
0
1239
0
2
0
0
1
0
0
6
0
14
0
0
0
0
0
0
87
0
19
0
0
1
0
0
0
38
7
94
1
0
0
0
366
0
0
104
0
0
15
16
0
629
72
0
2
0
0
0
0
0
0
455
0
0
0
58
107
0
0
0
0
150
280
10
0
3
10
19
0
2907
8
26
0
0
128
0
285
641
45
299
0
0
79
0
458
0
0
30
0
0
0
0
0
0
0
840
8
0
0
0
1
0
0
0
3
0
330
577
4
6
0
0
0
92
0
0
162
63
0
0
13
0
0
100
0
0
0
0
0
0
0
0
0
0
2
0
8
549
6
23
0
0
0
0
0
34
13
0
0
0
60
12
0
0
1
0
2
0
0
0
0
0
86
565
0
0
0
0
0
0
0
154
245
0
40
75
0
0
0
108
0
0
0
24
0
99
0
201
0
0
0
274
0
0
0
0
0
0
0
0
0
1
0
0
0
4282
166
0
0
0
0
0
0
0
248
443
624
0
0
204
0
18
0
0
0
0
0
0
1
253
0
11
46
117
3
0
9
0
643
0
3
0
0
0
905
6
31
0
0
1389
101
0
0
0
0
0
0
0
612
2
0
218
0
0
0
173
0
0
49
0
0
1
0
0
0
37
3
59
58
0
0
0
2
0
0
296
0
1486
117
0
0
0
0
0
269
1574
0
0
1
0
2068
0
0
32
0
0
0
638
0
855
508
9
4
0
1
0
0
0
0
0
0
0
1
1597
0
0
0
58
0
0
0
0
0
0
0
0
0
63
0
1436
35
0
2
0
0
0
3
0
0
5
18
235
9
0
0
0
170
0
0
0
0
48
0
0
19
3
0
21
0
0
0
1527
0
3
2
0
64
0
257
0
11
0
117
0
0
0
101
0
10
0
0
64
0
31
1
0
0
482
0
0
0
0
0
0
0
414
54
0
1055
0
11
351
0
0
1834
1
0
42
3
0
0
0
0
0
0
0
0
0
0
2
0
0
0
0
0
0
7
0
2
0
0
387
0
0
0
264
0
0
0
0
0
2
0
0
0
0
0
8
0
0
0
0
0
0
11
351
0
9
0
0
987
0
0
0
0
194
4
1
0
0
0
0
292
0
8
0
0
0
10
1359
19
68
5
359
0
1
24
0
0
0
13
0
9
0
10
0
0
0
0
0
44
0
321
0
0
71
4
0
0
0
0
1314
67
1605
0
2
0
0
197
176
0
0
84
1213
0
0
0
16
0
0
0
0
0
5
33
0
1662
3
15
0
6542
0
37
19
0
0
0
0
0
0
0
1
41
3
82
0
81
0
44
196
0
0
0
44
0
0
0
116
7
0
114
27
0
137
0
0
2
10
0
0
0
3
158
234
0
1
0
0
28
0
0
0
0
0
12
0
25
0
80
0
0
0
1
0
0
49
0
0
0
0
0
33
237
0
0
0
3
0
0
0
0
0
0
14
0
0
0
0
238
0
0
0
0
0
18
1
0
0
0
0
0
0
2
0
0
0
0
0
0
0
0
13
21
0
0
2
0
0
0
0
0
0
0
0
0
2
0
22
0
0
0
2
280
1328
0
0
2
19
0
0
0
0
0
0
0
0
0
0
0
0
0
0
0
115
0
646
0
422
0
0
128
0
0
240
0
0
0
0
0
0
935
0
13
0
0
3
0
1
10
0
0
493
0
68
2
0
0
0
0
0
0
526
0
0
0
1
0
0
0
0
0
0
5
1
0
0
0
0
0
13
0
0
0
0
0
0
17
0
0
139
0
0
0
0
0
0
26
0
0
3
0
0
353
0
1303
0
5
0
1
0
0
0
0
0
0
2
79
0
0
0
0
150
0
295
0
0
0
0
0
0
534
0
0
88
0
0
2
8765
0
2
0
0
12
0
216
16
27
85
0
0
4
0
16
172
50
4
0
0
127
0
0
0
0
0
486
0
0
0
0
11
0
576
0
52
0
0
0
671
0
0
22
0
207
0
2047
0
8
0
106
14
0
0
0
1
0
0
2
0
0
0
0
0
0
0
10
0
0
0
0
1
0
6
0
0
420
0
190
0
0
4
5
0
0
0
0
0
227
0
0
0
0
0
0
1
0
2
0
20
3
0
0
0
0
0
0
0
0
1
1
88
0
0
0
0
3
0
267
1
0
3
0
0
0
0
0
0
0
0
0
0
2
0
2
2
5
0
3
1
1
0
0
0
0
0
0
0
0
2
0
0
0
0
0
0
0
0
0
0
0
0
0
0
0
0
0
4
0
1
0
0
0
0
0
0
2
0
0
0
36
0
0
23
0
0
0
21
0
0
0
0
140
400
0
7
1
0
0
35
0
0
200
0
0
1
0
0
0
0
0
0
0
0
0
0
0
127
0
0
0
0
0
0
0
0
279
0
0
48
50
28
0
0
0
0
1
13
8
0
0
0
0
52
0
0
1
0
0
0
914
0
0
0
2
0
0
16
0
7
0
0
0
11
0
0
0
0
0
1
0
484
15
39
0
9
0
0
2
252
0
0
0
0
0
5
0
469
0
0
0
0
0
854
3
2
253
82
0
1
2
0
0
0
16
0
0
0
0
0
0
0
0
0
449
0
0
0
0
0
1
339
0
0
0
0
0
1
17
0
0
28
2
614
0
0
1
402
2
0
0
0
0
0
42
254
0
6
4
0
1
0
2
0
64
0
0
0
1
0
39
0
0
0
2
0
4
0
0
0
0
0
0
0
5397
53
76
2
19
0
0
75
3
0
16
2
28
675
9
0
0
0
0
7
0
0
0
0
0
3
0
24
230
7
0
427
0
442
77
277
0
0
0
0
0
14
0
0
354
11
0
120
4
25
0
0
243
199
52
621
0
0
0
253
0
2
8
11
0
0
31
0
45
289
0
122
0
0
0
75
0
7
0
0
115
0
4
0
513
0
41
0
0
5
5
0
129
0
144
65
316
0
26
0
7
0
0
0
131
16
87
7
39
0
23
0
54
0
0
317
31
2
0
140
0
209
2
1940
176
0
0
0
73
0
2
3
0
0
0
0
0
490
0
507
0
703
0
0
0
0
0
21
21
0
0
0
4
0
0
0
0
120
99
39
0
0
690
0
1
13
0
0
15
0
0
423
0
9
0
0
0
3
18
162
0
0
223
0
48
0
58
0
10
0
86
0
0
73
0
0
453
334
0
7
0
3
0
0
20
0
0
0
0
0
616
0
0
2
0
0
11
0
0
4
0
0
518
493
0
1
325
0
382
0
197
9
165
0
34
0
0
9
346
1
89
0
0
3
281
0
0
0
33
0
42
0
2
0
0
0
0
0
0
233
0
0
0
0
0
0
0
0
0
82
0
0
0
0
0
5
0
0
3043
2
308
2
2
0
0
30
80
0
604
10
0
0
6
0
0
63
0
4961
65
868
0
0
216
60
98
9
15
0
2479
0
312
198
226
1
362
0
59
1038
702
0
0
3
0
1580
0
3374
0
0
0
0
1
126
10
3
0
0
0
70
13
78
22
3
128
442
0
629
0
8
0
323
74
0
0
171
63
4
267
0
27
71
0
7
0
37
0
0
0
0
0
233
0
2
2
1821
0
0
6
30
0
87
179
78
1
0
244
109
0
0
2
7
1
0
0
10
0
0
6
0
21
0
0
0
441
70
115
0
36
0
0
0
413
0
0
62
0
59
0
0
443
120
5
121
0
0
0
0
214
17
59
0
0
0
0
0
0
0
30
0
187
105
10
0
13
284
149
0
0
733
9
50
0
27
0
331
6
0
47
0
0
2
35
612
0
131
0
10
876
50
18
13
27
0
3120
51
0
50
9
4
698
0
0
107
78
488
4
132
902
3
0
36
30
99
0
355
0
0
0
0
0
0
28
124
0
0
192
0
147
4
0
42
0
0
0
1
0
151
0
147
92
0
19
0
0
0
0
0
915
22
594
1685
1085
21
0
24
22
0
22
0
0
0
555
1015
0
319
0
0
2
781
0
0
42
0
0
0
50
0
22
5
5
0
196
0
55
0
28
0
0
129
0
0
72
7
99
719
23
0
0
50
603
370
2
0
0
0
0
0
723
45
0
1287
0
0
0
37
7
332
7
0
4
0
23
25
289
492
2
0
0
0
0
98
0
0
0
0
0
0
3
1
1393
0
115
185
0
0
0
0
31
167
0
6
0
0
56
0
30
919
0
0
0
4
15
5
29
0
16
0
2
0
49
21
0
0
0
0
869
2
0
120
0
3
0
1
57
0
64
85
0
0
0
0
9
259
0
0
1
0
277
12
0
34
0
13
4
15
120
0
96
0
1
0
0
75
0
4
335
0
0
0
0
0
0
77
0
128
53
6
0
0
162
2
0
5
0
510
115
8
0
0
0
0
0
166
13
0
3
17
6
0
0
0
0
3
125
0
0
8
2
0
0
0
2945
0
64
0
0
0
3
0
0
0
0
678
0
0
0
176
0
147
0
3
2
0
280
2
0
2
0
0
0
0
0
156
0
0
0
1157
0
2
13
0
91
0
918
0
0
0
2
1729
140
1
202
26
0
0
3
8
226
0
60
35
7
2
0
0
2
8
0
22
834
53
79
0
0
9
0
19
0
0
455
1500
0
103
0
0
5
0
0
21
262
0
0
64
4
403
69
49
0
0
165
639
4
57
0
1111
0
26
0
0
0
0
5
7
411
1266
132
55
11
0
0
1
0
276
114
0
4
5
713
2
0
43
0
0
168
103
0
234
6
3
1170
0
0
75
0
2
0
0
2
1104
1
11
0
8
0
0
0
42
0
0
562
0
2
0
0
0
1
31
0
171
48
19
6
0
1
1
0
0
1354
303
4
34
2
401
0
8
20
0
0
5
0
0
2
2
8
0
2
0
0
52
0
0
237
12
14
0
0
20
0
6
0
0
0
2
0
6
0
32
0
28
42
10
0
0
1
0
0
1
0
115
0
0
0
13
0
0
0
0
0
10
99
0
0
16
3
1058
0
0
33
97
14
13
0
0
0
0
0
0
0
0
7
8
0
33
36
0
0
0
43
0
243
1
0
1
811
73
0
0
1
77
40
0
1
74
1115
0
8
0
116
17
1685
156
535
0
5
527
4
0
926
0
0
2
52
1
1
71
0
0
216
0
7
0
19
4
0
23
0
0
0
0
16
0
0
1
0
0
82
145
73
18
0
0
2
331
0
121
217
0
0
0
0
8
0
0
76
1
39
2
0
31
57
2274
5
0
8
0
0
2
78
30
1120
0
13
13
6
0
0
0
0
0
32
1026
0
0
0
0
0
0
95
177
9
43
0
1085
142
0
0
0
348
2771
0
413
0
3
40
307
14
0
25
30
0
0
39
32
0
0
45
0
0
10
0
12
573
187
606
0
0
114
2
3
0
12
0
0
72
0
0
0
4
105
54
3
13
0
0
9
359
0
2
0
7
0
5
486
0
0
204
783
1156
787
1
0
100
3
29
0
0
0
189
16
0
0
0
0
28
0
8
0
1
0
57
2
557
0
16
0
112
3
0
1688
0
3331
0
0
0
155
52
22
0
947
0
0
26
55
657
13
5
1063
34
24
0
50
3
578
5
0
0
0
0
10
1091
1
153
0
64
30
0
0
59
337
0
115
26
747
570
9
4
2
18
0
0
6
0
546
479
309
0
138
0
211
0
57
0
5
309
86
0
0
0
384
0
2
0
39
15
176
0
603
0
0
1
0
14
180
0
346
60
21
28
427
187
79
43
13
0
133
0
0
0
223
0
0
73
0
1
2
169
0
5
8
0
0
0
93
1239
21
5
492
265
0
923
0
0
0
4
0
485
227
0
130
38
0
0
0
0
0
59
58
59
0
136
0
1
0
0
15
0
556
0
0
319
0
0
0
27
0
0
0
38
69
0
0
0
0
123
0
1
564
0
7
0
31
0
0
57
0
98
0
14
177
0
15
4
18
0
590
17
368
0
0
603
250
2
55
26
0
0
0
0
63
2
10
0
0
0
0
48
2
61
0
97
4
57
29
38
0
20
0
0
2
0
27
64
31
125
893
1104
52
104
0
2
0
30
0
280
1
0
0
0
883
7
36
589
65
507
355
0
3
18
0
63
0
48
0
0
771
74
13
0
118
18
0
7
0
58
105
222
0
0
0
0
204
0
0
0
648
52
0
19
47
0
114
0
29
21
0
1
25
0
0
219
494
0
46
0
232
2
0
0
0
0
433
0
0
0
3
0
0
0
0
0
0
0
0
6
12
659
247
424
5
0
0
0
67
55
0
0
0
0
0
142
245
0
0
0
48
0
0
0
0
12
4
0
0
0
0
6
0
0
13
0
0
40
55
16
0
0
0
13
214
28
0
43
0
285
2
0
0
1
0
119
1
234
0
205
0
107
26
0
239
528
547
0
0
31
0
0
0
43
0
4
10
8
5
76
138
3
0
11
308
0
20
0
39
975
0
0
0
43
24
15
158
85
58
62
6
10
0
8
35
0
647
2
0
0
88
3
0
0
0
2
94
73
132
7
0
0
0
0
56
95
3
142
0
1
190
0
1006
0
0
13
781
0
0
32
0
0
0
56
0
0
346
3
0
0
0
0
30
0
0
0
0
0
6595
2
55
0
0
0
9
352
21
144
191
206
1461
61
0
95
0
725
44
0
346
0
171
0
49
4
117
0
65
0
0
0
0
0
11
0
4
4
47
0
0
1
3
122
6
16
479
0
0
0
175
0
0
0
0
7
0
214
2414
0
320
0
0
45
82
8
0
0
36
1
0
0
1
213
0
0
0
29
0
8
0
0
0
4
15
260
69
133
0
24
656
0
1
6
5
0
1239
0
0
0
181
0
388
116
13
0
5
2
0
0
5
1
0
283
64
244
0
185
0
0
14
1479
5
24
0
0
15
0
0
0
0
0
0
274
1
8
138
3
0
0
0
0
10
0
1
778
0
0
34
2
702
0
0
0
0
537
0
288
58
0
0
3
0
0
0
1199
0
0
0
0
0
0
0
0
0
48
4
0
0
3
0
189
22
0
113
0
44
24
0
94
0
0
0
0
0
50
0
0
0
0
0
0
0
8
43
2
691
0
0
1226
0
0
0
128
0
0
13
285
25
235
2
5
12
0
0
0
0
4
0
8
97
10
14
0
0
0
3
0
0
0
5
0
1646
0
58
444
4
0
0
0
8
0
0
433
0
0
698
0
0
8
0
489
8
0
0
0
0
0
43
25
0
2
7
16
0
0
365
0
107
0
5
22
0
0
0
60
14
15
13
87
311
0
19
0
148
33
0
12
1
0
0
0
0
0
0
0
662
4
0
0
0
3
67
0
0
4
321
0
0
4
0
336
11
0
0
0
339
558
0
29
0
0
44
60
65
324
0
0
0
0
8
0
0
452
32
62
22
0
1031
375
2
0
0
8
0
3
0
51
273
0
0
0
0
2
0
226
0
2
0
0
0
467
22
0
367
215
190
172
0
15
0
2
9
17
0
134
187
2
40
78
189
885
0
0
704
0
17
2
0
0
0
371
0
930
0
79
685
24
145
0
0
0
2
46
0
24
0
0
0
131
2595
0
512
240
2
0
14
0
52
0
0
0
0
0
0
243
5
0
0
0
0
0
142
0
15
57
0
1011
0
9
0
0
81
54
0
81
0
0
0
0
0
0
0
0
0
0
318
0
90
1
44
12
137
131
0
40
0
0
0
0
12
0
129
2
0
69
59
0
0
162
0
0
0
0
21
24
0
237
183
0
66
146
0
0
80
1005
0
0
0
2
0
0
23
746
110
5
0
0
0
2
0
29
120
923
0
356
39
291
26
9
3
0
14
0
0
569
2280
0
0
2
0
0
248
348
41
0
3
3
0
6
420
0
5542
0
9
965
519
0
0
0
0
0
1
19
100
0
0
8
2
0
194
1
0
78
52
0
820
2
446
0
156
0
1
0
0
0
0
189
2077
0
283
0
250
13
130
616
0
0
0
0
187
127
0
107
218
15
0
2
12
492
210
0
0
0
85
0
0
0
0
0
0
0
8
0
0
26
0
8
0
0
0
1582
5
0
0
634
8
35
0
181
0
0
4
1422
0
0
0
1214
102
3
0
1
4
1
27
326
1430
0
0
93
0
592
0
4626
0
9
343
0
0
0
2
0
0
0
17
0
50
0
676
196
0
23
8
48
0
137
0
77
774
2538
0
216
637
0
4
0
25
0
151
9
0
2
0
0
0
430
0
23
0
0
5
78
0
0
87
16
4
9
12
180
72
5
0
0
0
9
330
0
220
38
19
0
0
0
538
0
0
129
0
0
4
0
1326
0
58
0
0
146
0
0
4
0
84
0
2
0
344
3
3
47
0
14
0
0
12
113
0
4
261
446
0
3
16
28
88
0
0
0
4
65
0
68
0
0
16
28
0
2
582
120
0
11
734
36
67
521
213
0
0
2
2
0
4
0
327
248
1
0
0
0
10
181
8
0
9
8
2003
3
4
0
0
300
95
91
0
1590
15
0
0
518
7
0
0
2
0
10
410
47
106
20
601
0
0
0
0
2
0
520
0
2
210
508
29
4
139
0
4
0
439
167
239
3
4
0
0
202
3
12
933
0
0
0
182
0
0
0
8
0
1220
854
0
1
13
150
0
0
0
0
0
29
837
881
0
650
0
22
0
3
50
0
7
0
0
0
23
7
0
0
0
0
6
97
5
0
0
0
74
0
0
0
0
0
22
829
69
0
0
182
0
599
114
20
1
130
75
0
0
0
0
327
30
0
3
336
985
0
0
0
0
0
0
0
0
0
0
22
0
59
0
1048
0
0
0
625
0
0
101
0
5
0
0
0
2
0
436
673
4
392
0
0
73
0
10
0
0
0
0
23
0
0
3
0
0
0
874
45
14
63
0
0
0
31
1
167
123
0
5
823
0
0
0
258
0
0
2
5
4
823
7
0
640
7
0
0
3
0
1
3
0
2
23
6
0
0
1
0
0
4
0
0
0
0
0
258
0
0
29
0
0
7
3
0
0
68
4
13
0
615
0
2
1419
0
44
0
3
84
0
0
0
21
24
0
17
1522
0
74
0
0
68
0
0
254
0
215
0
0
1
4
497
0
0
0
0
0
59
332
27
0
0
0
54
309
695
0
20
1
0
16
1
3
0
40
116
0
1
51
23
0
0
0
186
0
0
0
6
35
0
197
0
0
52
24
1330
223
35
250
0
0
45
926
0
1
1344
0
2
2
30
102
0
0
35
0
0
0
16
0
44
0
35
0
3
0
10
0
0
0
4
766
0
14
0
70
0
0
10
26
0
0
1
0
60
0
8
0
3
82
21
2
0
0
692
2
84
43
5
0
129
0
0
0
32
94
2
18
0
25
0
252
0
0
0
129
1477
0
0
180
0
155
0
0
0
0
666
0
0
0
7
50
44
3
68
24
0
191
0
0
0
418
106
55
0
26
32
5
44
0
0
104
0
4
0
179
507
0
1
0
134
1
810
0
10
307
0
0
0
0
4
0
0
2
23
15
379
0
13
63
1
560
21
0
3
109
0
0
2
0
579
0
1345
1307
131
193
0
0
140
1961
0
0
1
34
0
0
0
0
89
0
484
11
0
194
721
0
1
0
4
15
0
386
0
0
91
0
0
588
0
4
0
38
650
0
0
0
85
2
0
72
364
0
0
0
1
340
430
61
9
0
6
0
10
0
0
0
0
70
0
0
11
11
27
1061
279
1
3
171
0
0
0
0
0
0
0
0
0
681
2
115
2
4218
0
669
0
0
0
196
0
0
0
0
16
45
34
191
52
21
74
0
87
0
104
0
11
0
0
0
78
0
0
286
12
147
0
0
0
0
32
34
204
0
2
5
0
0
1069
0
248
45
135
164
86
14
0
0
182
27
0
255
0
0
0
0
126
0
0
8
10
43
0
0
0
63
1
0
15
0
407
0
0
0
23
0
0
1
5
404
0
0
0
65
0
12
110
0
6
0
120
0
0
0
343
0
0
0
235
61
57
62
2
4
429
0
0
567
0
0
0
303
0
3
3
111
0
0
0
0
0
180
25
1313
52
0
0
0
0
260
0
11
0
399
54
0
540
0
268
181
37
20
328
0
0
51
630
0
418
0
35
0
53
0
0
0
0
661
0
0
0
33
0
1480
0
12
0
9
0
71
0
2
9
86
0
2
158
4
0
0
0
149
0
16
126
0
0
0
229
95
135
32
0
0
0
16
57
103
0
0
57
1
5
0
1
0
0
431
0
5
53
11
81
0
0
0
0
221
0
116
0
27
51
12
0
0
0
8
0
104
0
42
0
5
0
0
67
3
44
377
2
333
123
0
44
0
85
63
0
21
0
28
7
116
76
16
1
4
231
19
22
0
23
0
48
297
1562
88
0
0
0
0
0
357
228
4
24
20
103
0
42
0
0
0
0
86
0
27
0
17
39
96
16
0
10
50
242
0
109
0
0
0
20
5
0
0
0
0
0
165
100
0
111
25
1879
7
575
0
17
51
0
0
0
3
17
0
0
3
0
0
7
47
2
0
0
16
8
150
0
289
39
363
37
0
1073
79
133
0
0
0
0
0
0
502
0
129
9
2
0
19
2
0
0
53
0
44
0
3
0
138
50
1244
29
3
106
0
0
9
18
0
3
179
0
0
64
284
0
0
0
445
0
663
4
0
0
40
218
17
0
278
54
0
4
0
0
0
626
2
65
590
585
0
82
0
0
90
30
690
318
0
0
0
73
0
136
144
167
29
16
0
0
0
128
1025
0
12
30
27
0
0
0
0
316
0
930
700
215
3
0
989
0
795
1
0
13063
3
3
0
0
46
27
15
0
1
24
0
146
143
0
326
47
125
2
0
376
0
0
238
282
2
0
0
110
4
229
0
6
0
0
5
0
0
0
0
0
52
0
0
1
62
0
103
0
0
402
0
471
136
0
51
0
16
184
0
0
110
50
4583
0
0
0
671
548
2
0
41
0
0
2038
11
267
0
2
0
0
6
140
19
6
15
0
2
0
14
0
3227
19
0
0
0
146
10
0
0
4
1
0
31
1
8
309
0
0
77
0
3
0
1212
0
114
142
0
0
2
0
0
291
0
0
35
0
36
0
520
0
2
0
3675
48
131
0
0
0
81
73
125
0
4
0
10
0
3
405
20
811
1
0
0
251
16
0
144
240
0
169
2
0
0
0
0
48
214
17
1324
329
0
0
0
0
340
0
0
0
419
20
0
636
32
0
6647
70
435
190
2
0
0
0
0
84
55
38
0
0
45
190
34
26
0
243
0
10
66
11
0
0
5
0
0
21
0
2
0
0
0
483
0
7
2
0
0
0
27
1
0
0
57
0
916
0
0
0
0
1618
6
2
0
14
0
66
0
105
211
0
0
0
4
0
0
0
0
0
0
0
0
0
0
0
0
0
0
13
0
0
0
0
337
0
0
0
0
0
22
5
0
13
0
202
31
6
868
2
0
0
0
1
0
8
0
0
0
124
0
2
0
0
0
1
95
79
0
0
0
0
0
4
4
2
0
24
195
26
0
2
6
341
0
0
15
62
0
0
53
93
0
0
92
26
12
5
0
0
1122
284
0
0
98
0
19
0
186
42
0
0
99
10
981
70
0
39
0
0
0
4
0
454
0
0
0
0
0
0
0
0
0
226
14
135
0
0
0
0
1
0
24
327
0
7
43
421
0
0
199
0
0
0
174
0
0
0
353
4
0
0
0
0
838
0
0
6
0
510
0
0
0
8
0
4
0
0
0
0
0
0
0
0
0
60
0
1804
0
0
586
29
0
113
0
183
483
10
89
0
0
19
0
1070
0
0
0
0
30
8
7
5
0
2
0
32
0
0
0
0
322
305
209
0
33
0
92
0
0
0
6
0
0
0
1173
4
15
14
0
0
0
0
0
2
50
0
0
300
110
338
154
5
55
0
0
0
62
1
657
0
3
230
0
0
0
7
0
0
0
1
320
0
0
0
0
0
758
0
7
1
0
358
0
0
0
16
0
0
49
0
2
0
122
70
0
0
6
475
0
0
4
0
175
60
230
0
15
12
3375
0
0
289
0
0
0
0
0
1
0
0
232
26
0
0
0
0
230
0
0
32
3651
0
238
64
69
0
0
136
9
0
49
0
929
1407
0
66
0
0
0
2
0
0
5
5
210
0
0
0
0
0
0
0
155
27
314
0
0
0
17
8
1416
0
32
0
0
0
3
6
0
0
0
0
853
143
0
0
0
0
3
0
65
211
0
333
0
1
0
9
0
2
23
0
0
0
0
257
0
105
62
0
163
47
0
1235
0
0
14
0
119
0
301
0
108
10
3
0
0
7
0
0
14
4
3
3
0
0
0
6
13
131
905
0
269
0
1167
0
423
0
0
24
7
21
205
4
179
73
55
0
8
49
0
7
0
0
42
48
73
11
3
0
5
0
11
0
9
0
0
148
0
0
510
0
7
4
1
0
0
1
0
0
51
3
25
3649
199
4
89
0
1
0
44
0
6
0
1
0
0
3
0
0
0
0
2
32
417
8
16
0
4
0
454
0
0
0
0
0
0
0
4
0
0
12
149
319
0
1062
0
22
202
1270
419
4
0
0
0
8
295
250
0
3
0
0
0
102
2
0
0
2
0
78
85
34
2556
0
3
14
170
584
2
0
18
2
259
4
130
0
845
0
0
62
0
0
5
11
0
162
0
289
82
176
0
839
3418
481
0
21
5
3
0
0
0
0
145
0
0
0
94
0
201
0
0
2
860
375
17
0
0
0
0
0
14
76
0
39
52
3
3
10
914
9
29
6
10
0
0
2
2662
0
70
0
1
909
0
0
2845
0
154
4
258
0
3
2
2
0
1541
0
1570
0
0
0
1321
3
0
2
140
0
42
1443
0
0
0
8
1337
0
0
0
73
0
0
0
0
0
0
94
0
0
26
30
92
3
3
0
179
492
8
0
0
0
0
0
0
314
0
3540
0
0
10
7
0
0
0
18
0
0
0
1214
0
598
0
0
159
0
0
0
0
23
141
0
0
37
0
270
0
3
0
175
21
170
0
273
0
0
0
0
0
0
0
67
0
0
124
0
10
10
725
0
0
0
69
7
0
113
0
1
6
0
105
38
0
8
0
6
0
816
39
7
0
0
5
0
0
0
0
1
152
215
0
59
251
16
0
112
0
148
0
25
0
24
0
0
0
0
21
0
0
0
32
1
36
529
0
0
2
83
131
17
15
0
464
0
18
0
0
0
0
0
5
12
156
3
0
0
0
146
0
0
8
0
51
4
0
0
0
23
11
0
1076
14
0
175
70
0
0
43
44
0
2121
1134
14
166
9
670
86
0
0
24
0
24
344
0
99
0
0
0
10
0
0
0
2
0
2
155
0
0
0
3
2
0
0
4
1
0
0
167
0
16
0
42
0
0
0
0
0
5
0
0
0
294
0
4809
10
2
10
0
342
0
0
0
0
0
0
0
21
0
0
502
0
11
0
0
0
140
0
583
64
0
0
26
0
2
2
31
0
0
0
3
0
0
75
1
2
0
0
2
41
34
0
0
0
81
8
0
50
23
0
0
74
23
0
0
2
0
48
130
8
18
0
0
0
77
0
0
1
0
273
5
8
407
0
0
0
13
0
0
470
0
1
0
4
3
0
0
685
1156
0
12
0
6
19
235
0
0
0
0
87
431
0
275
1182
0
0
13
0
6
150
0
0
0
2
0
1
50
0
8
4
1382
0
0
0
0
409
0
0
4
0
0
0
0
342
103
0
0
45
0
156
0
0
412
0
0
214
15
216
105
0
1
130
0
0
4
71
43
3
3
0
38
63
76
0
0
0
0
0
3
0
0
0
152
5
0
60
81
0
0
19
0
225
55
19
0
0
0
0
1
0
761
3
198
0
53
0
0
279
0
0
0
0
453
1
8
2
114
3
988
1
0
24
207
190
128
133
0
0
189
0
1155
0
69
18
125
3
0
29
112
0
0
165
0
160
0
1
0
0
0
0
12
0
143
0
2
0
8
0
8
0
3
422
0
1
175
0
327
75
0
383
2576
3
0
0
0
0
647
138
2
0
0
5
0
0
0
0
360
88
0
0
2
0
516
0
165
14
0
14
25
0
0
0
104
0
122
69
8
0
5
270
0
791
0
55
2434
2932
23
98
0
0
10
207
3
0
499
66
33
0
0
50
90
15
0
716
0
0
202
0
0
0
0
2
0
8
4
0
0
3
53
0
6
0
32
0
41
0
2
0
166
1
16
276
0
2
138
3
0
8
37
118
0
1
0
0
0
85
1
0
19
1
0
0
0
0
33
113
142
28
0
0
0
0
0
0
0
702
0
0
6
0
595
0
0
4
24
0
0
5
1
118
0
7
0
0
4
27
13
6
3
0
435
74
0
8
0
0
0
0
16
160
49
0
1650
0
50
173
0
0
87
0
37
35
0
0
0
0
0
18
0
8
0
107
81
1
0
39
74
0
5
0
0
0
0
139
0
2
0
0
54
0
1
20
148
0
85
0
52
32
2
690
0
0
0
574
35
42
0
0
0
0
26
0
592
0
411
129
0
65
64
14
389
0
5
37
13
0
0
84
50
0
281
0
2
357
0
2
0
2565
0
0
0
2
2
0
0
0
367
3
0
0
275
0
0
0
67
1674
0
0
0
0
420
2
0
19
0
0
0
0
0
0
51
0
13
392
0
0
532
0
57
259
0
1209
5
366
20
0
0
36
23
62
311
0
91
54
0
6
458
45
0
0
0
0
0
0
254
35
2
0
0
32
434
77
3
1136
4
0
0
20
17
3404
3
84
108
0
20
209
8
1226
57
0
3
149
215
0
0
1
0
0
0
0
67
711
210
406
20
1910
273
340
0
168
0
4
0
0
0
237
0
13
0
495
37
4
0
0
47
77
0
0
2
67
2173
254
77
0
0
3
355
0
0
0
0
0
0
23
0
320
159
0
4
0
17
13
32
0
0
0
7
0
1
277
0
13
53
22
0
37
0
8
504
1
1101
0
5
97
14
764
5
0
2
0
7
0
0
0
0
0
0
0
55
694
0
21
4
0
0
14
0
0
22
98
29
0
0
15
0
3
0
26
133
39
55
113
194
2
1
0
0
0
0
144
64
270
0
0
52
0
178
0
187
0
664
67
0
0
0
7
70
27
43
0
3817
63
2
0
1
0
0
13
224
0
0
0
0
27
313
0
0
14
7
917
0
1135
999
13
55
344
52
4
52
14
52
0
181
664
180
3
240
0
0
0
253
3
0
2
4
195
175
944
1365
0
145
1
742
0
0
0
0
0
3
0
32
0
3
0
3554
385
64
0
766
322
0
14
14
0
1381
0
0
10
0
0
12
50
15
0
0
1281
3
13
4
19
0
0
364
784
0
30
4
0
753
0
531
0
2
163
158
32
65
0
0
0
0
0
0
0
34
263
5
0
3
4
477
1296
0
2
0
16
8
30
9
1056
0
0
262
2
0
0
0
0
0
327
0
0
0
0
131
0
0
2
1813
0
88
136
46
91
0
0
94
0
0
0
118
0
38
0
11
0
1425
2469
7
289
33
6
3
135
163
117
0
205
0
0
0
0
174
0
0
0
0
0
1
0
101
26
86
61
63
160
10
6760
670
36
0
97
0
0
0
0
0
0
14
4
0
0
0
55
183
38
0
0
19
22
0
113
28
1052
0
13
5
47
0
17
0
13
0
0
13
315
0
14
0
2
512
0
0
0
4
0
474
998
0
0
0
477
0
22
484
55
684
786
0
182
0
195
1
0
0
0
62
0
116
0
0
442
0
6
0
0
0
0
0
6
881
13
45
352
0
8
32
0
311
4
0
0
0
24
0
0
41
6
0
0
160
91
993
0
0
1497
0
0
470
0
4
0
0
0
0
0
2
63
0
0
0
3
0
110
0
0
0
0
0
2
0
0
6
144
11
0
0
3
4
0
40
0
0
0
0
0
5
0
1092
13
0
228
0
1
32
0
0
1
400
0
0
388
0
0
0
0
0
9
231
5
35
0
258
83
0
0
11
0
0
0
0
0
0
5
0
0
0
51
0
0
228
78
18
0
6
547
513
0
0
10
0
855
0
3
0
84
127
1093
0
0
62
0
6
0
48
17
15
0
0
0
1
1
315
5
0
404
0
361
0
306
0
25
42
3
36
461
0
952
11
3
0
0
209
0
0
278
0
32
0
0
9
0
463
7
0
0
0
0
0
0
54
0
0
585
0
0
0
0
0
4
19
179
84
37
0
0
17
2235
355
0
28
0
0
0
14
0
0
0
11
27
25
29
27
1429
0
3
0
561
0
24
0
0
0
0
987
217
0
6
0
191
0
0
9
129
0
0
0
0
4
76
0
0
7
0
0
8
0
8
0
0
317
4
40
0
0
1
0
15
0
0
0
0
6
0
0
0
45
2
0
241
0
0
2
0
0
0
0
0
0
0
2
0
1737
0
0
0
68
0
36
58
148
0
0
12473
0
6
0
164
13
2
0
0
0
4
2
0
2
0
221
1
0
0
8
0
0
0
0
0
0
0
0
0
0
151
0
0
0
3
3
1961
2
29
0
1
0
0
0
0
0
2087
581
260
148
3
0
0
58
0
204
71
270
726
20
636
455
779
0
339
126
4
38
0
0
0
0
0
368
0
0
0
3
33
32
513
0
363
11
188
0
0
0
0
19
71
6
0
2
2
57
7
29
5
115
0
6
14
29
0
0
0
0
0
0
0
0
0
0
0
0
0
0
88
10
0
0
0
1491
0
0
0
2495
159
3
211
0
2
0
0
0
530
0
0
1513
37
1
342
0
0
73
32
0
0
0
0
0
282
0
0
1
5
0
0
359
348
0
0
0
0
9
6
3
0
0
143
2
0
0
26
1
0
0
0
726
0
0
393
0
3
2
174
0
0
152
0
0
52
0
0
0
0
121
0
0
0
53
2
0
2
21
0
0
73
12
0
0
0
5
52
0
74
0
1
0
0
878
0
203
0
0
5
0
0
0
0
0
311
1271
0
0
0
20
0
187
0
0
0
66
89
1
0
0
257
0
0
207
46
0
0
6
0
0
1438
0
0
0
850
0
0
6
76
0
138
2569
0
0
0
1
0
0
0
0
0
0
0
106
69
0
0
3
0
0
0
0
0
0
0
790
0
55
0
53
0
0
0
0
0
0
0
0
0
0
2
0
6
0
0
0
0
0
0
445
2
111
0
0
0
32
0
3
3
1422
2
1777
0
421
0
0
0
0
0
11
0
17
0
0
0
0
0
0
24
9
0
0
0
806
56
0
0
249
2
0
0
0
0
0
0
2
0
0
88
0
275
35
0
0
2
5
0
94
0
0
10
38
0
0
0
2
0
0
0
0
0
0
0
0
0
0
0
12
0
10
197
22
0
0
0
0
0
0
0
0
618
0
0
0
40
36
0
15
0
0
0
0
0
79
2
0
0
0
4
2031
263
0
250
3
0
0
0
0
0
8
0
50
436
19
211
0
0
0
464
662
0
8
72
0
0
0
0
0
0
854
0
0
0
3
3
1510
0
364
5
0
13
0
475
0
0
0
0
0
235
0
0
0
0
0
0
21
0
9
0
239
170
0
0
0
1361
0
3
173
0
1020
6
0
0
0
0
2
0
30
0
0
0
0
1
0
0
0
0
90
0
33
0
8
515
0
1317
0
14
0
0
1
25
0
0
6435
0
0
0
0
1
0
0
0
0
15
0
0
0
0
0
501
0
222
0
0
26
0
761
121
1
475
0
0
546
0
9
2
0
0
0
2659
0
0
0
0
0
0
1409
19
0
133
16
0
0
0
0
0
62
2
61
0
0
11
0
66
1
1
154
0
2
0
0
0
0
0
0
12
284
1
4
0
0
0
0
0
0
0
10
106
0
0
0
0
539
0
0
0
4
0
72
0
0
0
0
0
0
2
0
0
0
0
3
0
16
507
3050
369
0
0
0
0
155
0
0
0
0
0
0
0
0
0
76
0
266
22
2
0
79
4
2
0
0
1191
0
0
143
0
0
7
38
2
0
115
5
0
0
15
894
358
59
9
2
22
0
37
0
67
0
28
0
138
0
569
0
0
353
0
409
192
56
0
6
0
404
5
0
318
102
0
288
4
0
0
66
0
423
0
0
0
0
0
388
1695
1143
10
0
4
0
0
0
987
153
149
2
358
1
0
11
7
107
0
0
66
0
10
91
51
0
5
44
10
0
0
0
190
17
97
951
74
173
190
0
3
6
160
0
101
2
0
49
0
41
0
2
123
0
0
2
6
1
34
2
93
2142
1
0
2528
3
0
97
1706
0
2
73
1
0
0
8
3
2
0
0
0
2
0
6
17
44
2367
445
0
811
7
219
1292
9
0
68
0
0
0
4
0
101
9
48
5
0
0
19
139
612
3
0
684
5
55
0
28
0
121
144
154
4
0
55
0
307
0
0
0
0
99
0
30
110
119
37
0
9
247
23
297
457
60
0
0
146
1684
5088
0
0
43661
85
273
0
0
0
1
158
311
0
64
38
433
0
0
0
289
0
314
0
2
3486
16
136
2366
0
0
6
1413
0
3
86
156
176
190
486
0
2
802
195
21
0
77
34
0
155
936
0
1
0
223
1
0
0
0
0
0
10
0
0
16
528
42
270
79
265
1195
0
14
132
0
43
3
1318
0
252
29
220
0
2
0
126
0
1514
529
2528
0
0
141
268
0
679
207
0
0
0
14
0
953
7
185
0
62
615
5
0
0
1
709
0
0
17
313
0
114
0
2
5
0
29
31
0
339
0
550
22
0
58
48
0
1890
0
1602
0
190
0
0
0
20
415
517
19
0
2
901
0
748
0
0
359
532
42
0
9
104
193
0
178
0
0
0
171
95
0
0
3174
0
0
431
8
145
63
250
0
3
53
10
23
101
0
93
62
1
259
1094
286
69
6
1024
119
0
777
18
0
360
0
0
25
94
0
0
93
145
1131
24
14
0
0
0
1090
129
699
152
649
2
52
0
0
0
51
814
27
0
0
49
32
2
15
33
199
1235
0
6
279
1
319
28
199
31
6
9
19
18
539
0
0
67
2
13
252
47
0
62
0
189
15
21
0
0
51
20
601
0
0
0
3
28
2
3
379
19
0
0
20
4
0
1
194
1874
8
3
0
0
86
1078
47
135
3243
213
31
12
0
50
47
4
538
12
126
105
34
32
7
0
9
448
12
0
35
9
0
396
0
5807
6
95
24
0
0
139
1
0
0
47
0
11
164
28
0
305
0
2
10
15
20
292
0
0
58
945
0
0
38
62
0
0
517
1709
2
0
84
1
0
0
936
85
9
0
11
0
0
0
209
59
478
0
86
0
3
21
3695
0
6
4
16
961
28
0
0
0
17
190
0
521
97
0
2
594
1248
0
0
1
14
0
2
16
0
1702
48
937
928
0
0
0
1067
0
0
0
86
26
0
163
0
0
47
0
0
7
511
277
156
94
322
0
1
0
0
210
0
0
413
37
0
167
0
1
3
510
495
3760
286
1
357
18
5
1266
0
0
0
15
4
474
444
243
12
1133
28
0
263
0
0
49
0
1493
0
53
23
411
27
634
20
0
6711
1
0
0
31
0
0
987
0
227
554
557
0
110
0
112
56
1
43
6
217
2089
0
0
0
473
0
220
21
196
1
13
49
14
274
1
5
0
0
0
2047
0
164
4
0
0
2
88
214
950
0
4
7
0
0
0
0
0
0
1129
804
1
0
23
0
0
150
0
0
4
0
0
0
83
18
568
146
0
11
0
32
122
318
56
1
0
172
0
0
10
7
3356
39
2
0
418
1
0
624
0
99
0
5580
89
3
17
0
0
400
0
0
1
38
46
82
0
0
293
176
38
0
298
122
0
0
0
1284
23
25
53
519
17
35
0
72
0
146
9
0
0
0
132
118
0
302
175
0
5
0
0
1
652
621
0
150
0
3
133
336
248
0
239
0
457
128
48
0
11
4
0
17
1
1
0
0
2375
16
16
0
0
0
0
1754
100
186
178
0
0
61
45
16
97
8
0
0
1
0
0
0
920
0
0
22
29
104
159
676
0
0
127
0
1556
3
304
0
60
0
151
33
190
0
136
34
47
3
23
0
1098
134
44
0
781
546
0
229
1
19
0
0
0
3
933
123
0
602
0
0
88
0
1
0
1423
118
0
1
0
89
1531
261
0
0
0
95
0
0
24
222
9
1
0
35
1
62
0
0
0
369
3
0
1
942
0
37
8
20
0
1
18
252
0
0
348
0
0
0
0
0
92
17
0
8
22
0
0
14
0
0
11
1
0
0
117
36
416
0
0
5
8
14
2
0
0
0
0
4
7
0
45
22
0
0
0
0
5
0
0
60
0
5
65
0
0
94
0
0
6
0
40
0
5
0
28
35
27
0
0
2
1
13
1127
0
0
0
0
102
36
60
15
0
0
93
413
0
1240
172
1
131
8
101
0
152
0
20
140
2117
12
0
0
94
0
0
1166
11
220
0
0
36
0
118
382
7
263
17
308
7
0
134
145
49
0
0
56
1063
33
4
64
67
0
1356
2
852
2711
0
0
72
100
0
0
5
410
13
15
85
514
41
83
98
3
154
267
318
5
0
0
615
6
0
0
0
0
3
0
0
9
0
95
102
11
395
20
60
0
3
228
68
56
4
0
13
1004
16
143
0
31
17
0
4
635
0
139
11
0
0
0
746
0
0
883
0
10
68
0
0
145
6
2126
0
722
0
128
362
43
0
2
0
2
0
2629
0
0
0
1
989
0
0
1178
779
1
0
135
0
16
357
163
2
51
177
0
0
322
30
0
0
0
0
0
51
120
0
134
354
0
0
328
2397
76
2609
0
22
0
734
4
220
12
1
33
15
11
0
0
0
0
31
0
43
12
260
0
686
84
591
1337
164
620
0
0
1921
0
0
0
5
282
847
7
0
0
0
4
0
0
0
0
0
0
0
3
47
26
93
104
158
3
6
0
207
0
0
3
0
14
0
148
0
135
3
7
0
0
6
0
51
362
2
0
0
3
0
2088
193
0
0
0
0
126
0
7
0
699
0
4
58
856
0
671
34
0
15
0
195
1
12
0
0
0
0
11
74
41
0
0
54
7
0
168
0
133
0
8
0
0
496
6
0
16
0
0
55
0
156
246
469
0
0
0
98
680
0
3
0
0
0
0
183
0
2
230
0
1
0
0
0
273
0
7
355
239
64
0
130
156
262
0
0
2
199
34
123
0
0
0
0
8
45
76
1102
0
1
0
0
33
0
0
0
0
1
0
1
0
268
38
0
9
35
145
0
43
31
3
2
4
277
0
214
0
216
110
0
4
2
0
4
0
0
48
0
0
19
38
73
0
4
38
187
9
36
0
77
2
0
0
0
0
0
4
34
0
0
8
0
1
0
53
0
1
13
0
0
52
0
11
0
13
0
106
31
0
489
0
3
102
1
6
0
8
0
10
0
0
5
24
0
23
79
0
0
0
58
139
80
258
0
0
70
0
56
0
2595
0
131
81
1105
4
0
1160
535
0
0
0
978
4
0
2
68
0
0
0
10
0
130
0
47
553
25
777
0
6
5176
193
2
15
0
63
15
0
0
531
0
5457
0
0
305
0
40
0
1
481
0
0
93
0
352
7
18
9
119
11
32
0
0
649
99
1
0
225
0
180
5
97
16
216
12
10
0
0
0
0
0
701
0
0
362
406
2
5
818
0
0
0
3
0
0
0
1116
12
500
28
155
770
10
164
0
306
5
42
750
2
0
30
37
16
0
345
0
86
6
0
11
1148
0
2556
0
994
36
1
487
0
0
362
0
444
281
0
9
62
409
165
29
7
0
0
42
343
0
2
0
39
306
3
0
0
0
3
711
0
131
1641
82
862
81
41
1403
69
8
15
412
2034
0
0
1118
615
171
0
812
304
33
0
1
3
3
2360
2247
618
41
219
0
108
0
0
0
778
14
108
0
309
103
0
22
13
20
583
139
29
180
0
3
140
1
0
0
0
420
0
150
610
27
0
0
2
45
274
0
33
0
3
699
0
1205
65
6
0
2
1343
4
176
1421
18
0
135
529
155
427
64
18
1
0
1170
0
1904
131
3
1
0
4
2044
0
1833
106
2354
34
177
414
410
0
220
1
0
8
1
8
37
71
239
0
16
14
21
488
4
2
499
24
0
0
98
179
53
364
1
0
25
3457
0
2
2
5
23
0
438
119
5
22
132
0
115
17
0
0
15
187
383
0
0
0
0
183
0
6
21
49
0
475
0
17
0
0
0
0
19
0
93
1
65
0
160
0
292
0
1
53
8
6
67
12
840
0
4
2
0
193
232
44
945
43
0
0
262
0
25
0
339
318
0
0
360
70
0
157
123
278
7
109
0
0
0
3
0
8
242
657
42
2
0
236
311
0
72
0
21
22
209
352
353
544
1735
0
225
320
0
3
0
29
67
0
600
0
154
178
133
0
107
0
159
838
1155
538
0
1664
1364
0
0
0
0
437
0
0
0
150
40
0
0
2
0
0
3
0
5
70
1065
84
63
16
12
2759
14
2769
0
0
264
0
3
11
0
0
394
17
0
523
2067
0
49
14
0
279
421
0
6
21
0
0
61
0
103
0
264
16
83
12
0
7
731
96
0
0
326
67
0
0
0
0
104
0
15
3
0
0
2035
1167
57
215
33
0
10
0
0
51
83
918
19
284
398
0
142
93
62
266
0
89
0
0
0
34
0
356
46
33
56
86
12
112
1
1
0
0
0
1
82
37
934
0
1
0
0
0
0
0
0
72
15
38
0
1004
14
119
188
0
4
220
2055
26
99
15
0
0
23
0
77
71
19
0
871
0
845
274
25
0
208
58
109
19
6
6
154
31
372
419
2
0
0
1096
0
0
3
0
105
3
59
276
0
2
11
0
162
36
0
1736
0
2474
0
142
120
30
0
1221
3
0
0
344
0
0
0
0
246
0
457
49
0
338
37
6
27
365
228
54
0
0
3
39
0
0
0
47
403
2
0
0
31
76
0
0
254
192
12
0
39
0
50
4
0
1
6
1425
1
12
0
0
0
34
0
82
0
718
0
0
215
18
368
0
9
1
276
0
49
1
36
19
3
1477
73
12
0
0
0
0
0
1
164
286
23
0
21
0
0
16
272
0
3
40
12
0
12
0
188
748
2821
43
591
6
8
20
0
87
0
21
9
2696
4
61
200
0
2063
0
0
5
75
0
266
59
0
23
3
2
140
29
0
0
4
46
0
1
0
22
0
0
0
0
371
435
13
1031
180
13
1040
0
0
0
166
289
2
65
44
0
60
12
59
325
516
2232
0
0
3
0
37
2110
109
22
204
2052
65
90
0
2820
236
52
0
0
1140
154
2214
4
0
0
1
113
0
1863
30
99
322
0
7
396
274
0
7
113
1207
1
2
34
13
0
9
357
9
17
17
0
0
771
181
0
0
99
7
4
0
0
0
50
0
1
395
141
28
4
1510
1
0
91
53
0
9
0
23
0
658
0
418
0
125
0
587
43
505
8
26
0
0
0
13
2
0
0
2
1
78
0
1495
1
90
0
15
84
36
0
33
9
351
52
64
53
0
0
0
239
817
0
0
125
0
8
2
0
0
1001
0
164
922
0
34
29
299
0
0
0
0
404
48
18
0
34
0
0
0
0
0
13
66
224
86
3
41
34
0
1
0
1
213
1
2
6
67
268
139
0
0
131
0
0
0
33
0
0
133
20
57
173
0
5
0
461
0
0
0
0
0
172
22
6
0
304
132
302
12
242
39
21
26
2
43
139
0
0
6
0
393
83
68
163
332
6
68
341
0
0
0
0
89
0
37
51
1
0
604
0
69
8
16
2
68
287
6
963
0
494
35
0
5069
21
695
0
745
0
0
917
247
21
0
26
362
4
64
0
0
204
29
4006
35
0
0
0
0
3
1103
2953
66
162
11
768
0
419
94
0
0
811
0
101
20
22
659
147
359
121
268
14
0
101
262
52
0
0
3
0
1
498
0
71
30
4
27
1
282
24
260
445
21
71
0
164
1
417
2247
138
3
586
137
47
17
0
73
8
709
32
0
1
6
0
0
0
451
0
22
0
0
115
22
0
0
17
3
310
0
9
0
484
0
512
0
1176
0
0
33
28
1
9
0
544
4094
103
122
43
340
0
887
59
462
1967
3
110
0
75
270
105
2
55
0
29
0
7
5
76
955
3
2
0
0
0
525
59
95
0
99
1266
956
14
0
0
1
77
325
2
99
0
553
442
213
33
572
45
31
0
0
1054
0
0
0
0
169
0
0
0
89
0
0
8
915
0
0
1
424
1109
293
48
291
4
1658
0
196
54
0
8
74
21
5
0
69
301
13
0
0
488
0
1078
3
74
0
0
2321
0
0
45
7
0
8
0
165
139
118
0
75
0
3
120
120
2
5287
3981
0
925
138
0
0
0
83
468
89
0
0
0
126
12
1617
7
242
67
5
157
0
846
38
63
203
0
17
0
28
1843
0
33
0
0
6
1594
101
24
406
0
0
0
0
0
0
139
247
1
22
294
0
0
0
2
396
4
26
194
127
465
0
0
14
6
11
685
126
0
314
88
0
41
0
0
0
609
99
4
333
4
1370
49
10
399
308
0
0
7
577
2
141
0
6
2
0
279
1
0
20
0
0
0
0
14
26
155
93
1432
0
0
2
110
0
0
3
1115
0
2
0
0
0
0
425
0
0
0
0
34
0
0
0
0
1082
19
48
0
107
0
0
0
1258
0
1
882
0
1
0
505
53
1135
25
0
2
50
154
43
0
183
1238
0
0
0
70
0
0
57
6
3659
0
27
83
73
0
0
0
12
4
547
55
85
358
733
1
0
468
430
0
1
0
23
381
0
100
0
120
491
7
13
14
0
48
3
15
0
217
0
8
0
10
142
128
52
182
0
230
1021
49
0
365
0
146
1
372
178
204
0
0
155
933
0
96
5
5
0
239
0
0
0
29
468
2
0
162
229
700
15
102
2
329
0
90
348
285
0
0
0
216
253
1099
78
0
62
0
33
0
0
20
1
3
0
0
0
235
6
7
0
0
457
21
0
42
7
0
2
265
21
0
0
0
595
1832
91
1888
3
0
0
0
0
357
0
0
72
19
546
0
0
33
0
0
0
207
603
0
0
1501
0
2
0
5
2
0
34
2
0
7
0
1
11
65
0
53
96
0
28
0
0
0
315
2
437
1025
2
156
1
88
0
34
0
150
0
95
165
0
235
16
0
92
0
4
54
214
0
0
125
0
0
0
333
0
5
0
958
166
39
557
0
0
2
0
238
82
32
121
12
0
0
3
0
4
301
272
0
927
5
122
12
32
0
0
99
407
4
0
0
184
28
13
0
62
370
146
0
238
112
0
3
10
3
165
754
506
0
9
535
0
828
0
0
0
9
226
40
581
0
2
4
0
0
0
114
2
0
0
218
0
4
0
129
9
0
393
0
0
2
1855
0
44
411
0
78
0
5
0
0
70
0
30
0
99
93
654
0
277
0
199
0
0
0
0
1
0
65
0
9
0
28
0
0
0
13
0
349
142
1810
0
16
8
81
15
1290
0
61
0
0
0
217
0
188
0
0
172
0
90
0
0
2
7
740
255
196
79
45
111
0
0
0
0
38
2
6
126
155
48
0
12
6
3
112
62
42
243
3
418
0
22
210
0
1530
0
707
0
0
1139
1
152
53
518
0
18
0
5
105
2414
224
8
23
0
0
0
0
0
99
514
159
6
755
254
257
0
378
159
62
93
0
20528
15
87
0
297
490
262
3377
0
305
96
14
48
34
0
170
23
0
536
172
0
216
266
10
270
0
0
5
721
0
21
90
43
142
25
0
4
0
0
0
0
80
163
48
0
2332
0
0
2
5
71
408
14
30
3733
4
4694
7
0
144
0
6
4
14
0
0
0
664
483
4
0
60
273
789
0
73
183
328
0
309
0
6
4249
16
2
0
0
0
1
2
0
228
0
2
59
2002
23
254
30
0
587
789
1091
250
179
0
116
647
1
1
36
31
817
3
0
981
51
0
0
0
0
1
188
21
668
0
4
85
4
27
0
3785
381
0
0
2
5
298
17
0
0
63
0
0
7
66
235
2115
43
282
552
0
0
0
152
0
0
7
1
2
303
0
2
274
789
58
0
1008
868
80
93
28
11132
11
0
0
3
2906
0
0
0
11
0
0
0
0
11
289
24
0
6
0
467
3
0
133
993
0
953
24
34
7
0
0
1
52
51
22
6
4
0
0
14
0
0
0
309
233
31
0
180
339
0
0
368
46
0
137
225
4
0
6
0
0
0
0
404
722
0
0
8
297
74
0
452
0
2993
35
0
0
304
0
7
76
106
0
101
37
126
1239
386
0
0
42
0
3
0
0
70
16
0
105
0
11
2
407
0
96
5
0
3
2
97
22
132
92
0
0
153
0
40
0
3
0
12
5678
25
9
17
74
0
132
0
0
80
49
87
60
924
0
0
33
40
50
267
0
155
25
0
4
1718
91
53
51
0
5
0
0
0
0
40
11
52
0
16
0
0
60
181
394
42
0
0
135
316
175
6
190
0
30
6
0
135
0
0
9
0
2
1
26
24
0
109
18
0
0
0
0
0
465
2
372
4
0
1
186
10
540
32
1710
56
195
0
11
63
0
0
0
0
1
239
0
24
16
0
0
0
21
847
2
0
0
2
1099
0
0
63
0
934
261
0
1026
1
3
3364
0
276
17
0
0
21
0
9
0
42
0
1
7
152
1111
238
135
837
0
37
179
545
4
1718
65
0
13
268
376
37
1956
14
53
24
0
0
0
38
449
428
7
1395
376
1
1
0
263
0
0
0
13
0
1933
27
0
2
57
688
207
12
23
0
8
0
62
0
331
323
38
36
390
0
111
0
11
1
0
1511
757
1120
1
415
0
121
144
183
0
0
1
0
2
0
1143
0
221
131
3
18
2417
71
369
41
352
47
0
11
25
3535
3
2
0
129
0
238
1086
136
4
140
4
440
0
40
0
553
336
16
0
6
166
391
0
7
0
150
45
0
0
57
0
0
0
0
0
487
0
2533
0
0
43
3842
0
95
2
0
51
0
157
0
8
26
711
12
0
559
269
165
221
0
5966
340
72
7
0
0
28
0
0
239
0
0
0
114
36
2
541
0
1
45
7
0
183
0
1732
53
118
531
413
1008
0
218
0
127
0
916
42
563
0
0
0
0
15
652
21
3
0
583
25
578
0
474
142
214
28
65
13
0
22
1
8
0
0
0
167
0
0
495
0
35
331
666
27
3
0
13
28
1
0
0
35
473
1
0
766
220
451
0
0
0
233
3
0
87
133
10
3
0
243
9
3
20
0
2
177
27
0
0
49
3
979
0
114
11
0
10
0
0
85
0
30
0
64
260
10
0
545
0
273
0
124
3
0
38
11
279
310
511
2
0
14
124
0
0
122
3
810
190
3269
0
37
14
50
123
139
0
0
0
104
27
1
1
0
0
0
2
3
0
419
93
0
5711
2137
10
0
0
0
362
0
84
0
1057
141
0
4
3591
240
0
0
6
319
5
0
0
84
8
0
307
1002
0
1049
0
0
464
250
204
44
0
4
0
1044
2182
0
119
0
562
0
0
0
3056
1067
0
0
0
1818
128
1
642
0
0
0
3
4
171
490
0
158
0
0
0
0
8
0
98
52
0
55
3
63
0
0
155
47
50
0
624
0
106
0
90
0
3
1805
5
2
5
48
45
0
351
2701
12
210
58
22
269
14
0
0
44
0
43
588
0
18
0
0
0
19
183
193
497
0
0
109
236
326
31
0
298
115
494
5
0
461
84
41
0
29
8
184
240
1
128
5
57
8067
1415
249
0
168
0
495
270
2
4
174
332
39
30
14
12
0
0
0
1
3
30
0
37
709
181
87
0
0
5
0
105
7
1008
0
0
1
0
3
0
57
1297
2
54
48
0
41
0
0
726
219
0
4
3
0
67
834
63
69
0
307
0
1
126
0
0
42
1
34
167
27
0
0
841
9
0
3
0
851
0
29
175
0
0
174
19
296
0
14
4
62
0
97
0
0
0
0
698
0
0
378
53
51
0
1185
0
32
0
187
22
15
4
37
26
9
1464
38
0
1
5
0
19
0
0
607
45
58
251
0
8568
56
17
270
2
19
0
0
183
128
68
1
156
0
0
100
1165
6
146
27
32
256
60
0
0
80
0
0
0
320
1394
0
33
191
129
246
0
0
0
0
47
4
2243
0
106
0
22
561
93
33
238
9
64
0
31
1
3
56
0
0
0
304
113
9
5
2309
1
0
0
3
41
212
12
0
374
0
56
59
395
582
8
166
3
17
822
44
509
3
0
11
63
0
0
0
337
7
745
1188
0
18
0
3
31
4
162
0
0
188
83
157
5
0
68
27
770
0
0
115
0
4
0
0
605
11
540
0
0
0
3
13
4
877
359
0
12
43
100
637
77
0
0
16
179
0
12
1
1438
4
274
0
200
1
0
0
5
0
809
837
31
0
45
0
0
742
0
0
92
0
13
0
7
0
77
0
0
32
5
0
1646
425
16
678
0
0
0
1008
0
5
0
46
5
0
32
0
29
0
285
770
0
6
1835
0
0
14
49
186
0
138
32
0
13
4
0
553
59
19
4
0
79
0
0
0
3
0
173
21
0
0
0
0
2
0
11591
0
2
0
1429
0
44
0
0
1455
110
69
5692
96
0
1565
0
10
39
67
40
0
587
0
353
0
0
574
0
181
0
1
7
709
77
0
0
36
293
663
678
89
0
0
453
0
0
0
98
70
4
1
16
0
5
136
28
186
245
0
0
0
40
63
29
2284
1
42
0
73
2
1460
40
34
74
1206
0
243
58
0
100
344
0
0
13
113
152
115
0
0
0
0
71
776
7
28
42
15
1615
8
0
318
27
637
34
0
492
0
34
2
70
659
17
48
17
544
0
57
7870
3
2
0
289
0
124
279
5
70
178
1503
706
0
0
84
0
2
44
427
27
62
0
10
213
2
0
65
3
3
0
2
0
0
3905
0
0
0
1562
0
110
2
64
2606
0
0
23
0
40
7
0
14
57
97
502
0
0
88
137
116
274
361
55
0
80
0
163
822
3
319
0
45
1826
0
223
38
0
0
180
0
156
84
5
0
56
0
17
0
0
0
444
0
0
85
335
4
3
4
48
0
198
17
94
0
0
1604
0
878
0
1767
307
0
28
673
2
121
39
6
0
359
0
56
200
3663
3
0
2
5
55
433
0
16
0
572
1
2
0
2
459
0
2515
0
10
93
0
0
0
132
0
32
0
217
0
5
153
0
29
0
9104
3
13
1
0
0
0
108
0
0
0
103
0
5
2
3
696
3
586
219
187
0
0
147
64
0
3
0
0
4
0
289
339
21
0
404
5
0
583
0
706
0
0
208
0
0
43
213
0
848
10
8
0
0
0
0
0
303
0
4
0
3
292
15
0
925
0
0
7
31
49
4
4
0
520
0
15
0
13
14
0
0
71
177
0
73
11
4
99
1
0
1234
2707
0
0
0
0
255
0
84
19
77
0
0
7
2
922
116
7
8
0
230
0
15
179
70
29
2
0
31
0
7
205
7
0
169
578
0
236
0
0
12
186
0
6
0
16
100
13
219
0
38
0
0
0
24
476
0
176
0
1
3
281
0
0
116
67
0
383
130
0
55
0
0
65
14
0
55
120
3
0
6
3
3
18
99
0
0
2
13
0
1344
0
70
0
324
0
126
99
580
1
3
29
0
1155
32
29
86
0
0
0
20
1032
0
0
22
0
21
182
38
452
224
0
0
420
0
63
0
680
4012
930
0
34
21
277
192
0
0
0
123
27
47
2
185
37
2501
154
453
260
1428
621
0
0
12
0
174
477
0
256
0
13
38
0
3549
0
8
4
49
83
0
0
523
0
32
6
20
0
0
0
332
0
33
0
0
1
7
42
14
0
506
14
205
0
337
2
4
2
6
226
0
11
0
41
146
0
387
634
0
16
4152
29
17
15
0
0
0
319
3
0
4
31
5
18
0
3
91
767
160
0
0
0
0
93
0
2
0
0
6
0
59
31
5
0
0
455
7
0
0
12
392
1005
354
1207
0
7
232
0
0
0
71
1283
189
28
1
173
0
0
68
130
0
2
2
0
12
0
0
2
0
0
0
0
8206
0
60
70
13
37
22
1146
914
1369
0
0
0
385
0
59
110
0
0
0
101
202
3
0
0
54
0
1191
139
8
2
42
0
4
218
36
0
27
0
49
10
0
13
2086
190
19
172
38
55
309
1284
6
24
0
2
19
3
572
66
761
1714
3
1
22
42
305
0
7
0
128
127
64
191
27
432
0
0
78
3
3962
8
0
0
2
26
0
16
0
74
45
0
59
0
411
219
55
391
0
56
30
126
97
2905
687
1
0
407
1
75
0
1396
0
0
2982
0
0
5
0
0
5
5
0
722
0
5
280
0
0
0
23
10
7
9
0
1
275
0
150
200
10
0
0
1530
21
2768
13
79
0
490
205
0
0
179
63
5
30
0
0
185
7
75
1
0
311
7029
12
47
139
1001
0
12
4893
0
0
1267
339
0
586
24
3031
8
0
0
317
23
270
0
0
951
0
59
0
0
0
3684
1785
33
0
296
1
1760
1996
91
0
1764
0
0
7
1
74
1
0
1241
0
0
54
357
257
0
795
13
305
17
20
8
0
118
0
1580
391
303
0
0
21
0
1562
2
0
1624
293
0
0
31
22
232
0
771
126
104
323
0
0
1456
585
182
146
0
0
232
747
532
0
1
121
175
0
1
0
0
273
0
21
14
1616
595
0
0
2
7
7
426
211
0
317
14
0
84
427
1
48
817
0
1
20
98
61
7
92
0
368
9
37
0
257
0
0
0
50
489
0
1482
189
0
5
391
224
261
68
29
40
9
123
0
46
28
0
22
0
0
0
0
2
0
2388
732
49
0
0
0
0
1053
196
20
35
37
8
1285
0
0
5
0
458
398
259
12
2
154
292
167
0
112
133
0
3
0
0
0
0
91
801
147
0
10
136
3
94
12
1
9
12
150
4012
0
0
0
13
100
0
91
2
32
33
5
0
598
3491
1072
0
283
0
11
0
20
0
7
0
646
32
605
212
387
0
332
2
1078
0
1018
10
0
149
40
118
452
827
370
899
0
1068
0
52
2
34
636
51
883
63
106
32
81
0
0
38
15
39
73
80
0
244
67
0
650
74
20
926
88
482
326
1982
50
669
41
4
0
0
0
1
41
2246
0
19
631
1
303
0
0
78
420
341
0
0
0
0
29
0
44
111
2493
0
6
632
557
0
850
54
0
378
3381
207
96
448
3
0
690
0
1365
98
99
254
267
0
0
0
0
11
0
0
2
45
0
0
0
56
0
41
0
1
21
229
0
0
0
31
0
54
0
0
598
10
2
0
680
51
0
9
300
916
0
172
0
681
133
53
84
821
434
18
45
0
0
0
151
443
25
9
1
0
17
0
0
0
0
0
153
350
66
0
4645
3
0
0
44
10
278
0
0
301
0
281
95
28
0
0
0
398
32
0
43
0
1
181
1052
0
0
137
0
380
1
585
7
2062
1122
4
0
25
525
0
38
99
0
456
300
6
657
86
0
0
6
1
88
55
509
0
22
0
1
207
0
1869
46
0
0
45
0
0
3
0
294
561
28
1679
184
2254
43
77
230
751
1246
7
0
31
6
33
99
0
483
6
0
0
0
26
1
15
17
0
2
5
3
0
0
356
130
0
0
0
49
13
139
17
352
25
0
0
176
8
1929
27
153
17
506
0
121
343
3
177
41
383
0
836
181
1043
0
128
56
0
0
6
27
136
4
169
54
16
11
205
403
4
1226
1331
360
0
0
487
7
0
177
2
69
0
51
0
0
0
1
54
18
15
0
952
641
32
6
378
5
0
272
279
0
0
0
53
0
20
3
0
5734
117
7
33
117
39
0
0
100
7
245
608
23
2
111
14
119
0
0
33
6
0
0
67
4
2
0
65
30
0
47
0
79
0
170
294
0
12
24
0
1515
49
0
0
174
0
0
0
62
1832
154
0
0
714
8
0
3
0
586
733
34
0
328
0
5
22
56
42
14
0
762
343
418
0
0
7
48
0
6
48
139
30
0
0
29
2
1
3062
0
0
26
15
1015
34
21
0
0
6191
1910
174
134
0
23
0
0
58
0
6
190
336
649
1202
0
1587
7
543
0
0
0
2
119
4
1
0
0
0
97
0
114
0
440
10
17
0
81
0
295
19
97
0
0
0
856
230
0
0
0
0
0
25
23
0
189
7
211
8
362
203
10
0
11
0
0
0
75
0
243
1499
0
0
0
2358
0
0
4
3
168
4
7
2
18
87
0
6
305
2
0
36
0
55
1611
0
67
442
9
9
0
137
0
0
12
44
0
0
200
0
16
0
0
290
3
35
8
0
0
8
0
1299
0
0
0
0
799
0
242
4
0
129
163
3
0
501
0
31
21
0
348
0
0
150
0
1
29
21
0
18
3
2698
2
9
0
0
85
0
516
109
10
16
47
11
25
19
33
0
0
1
0
892
90
0
0
0
0
42
116
37
27
0
243
366
1121
0
2
0
372
30
3
931
1033
0
2
237
54
0
0
18
1630
26
13
198
46
0
73
0
7
0
0
7
6
59
41
13
0
404
554
634
56
4
274
1
2866
0
7
0
9
256
45
1441
42
0
0
41
444
0
0
422
0
11
14
3
63
271
2
68
1
0
138
548
0
1
957
17
1305
0
2
5
0
87
6
434
0
34
19
0
0
0
2473
791
0
151
448
24
175
1139
682
103
286
31
0
0
0
0
401
0
91
130
434
6
738
204
239
0
0
0
0
2
25
108
11
0
0
286
0
205
203
0
769
0
0
372
416
6
1238
776
15
16
10
168
0
902
0
0
0
721
0
0
101
0
0
1314
0
42
38
1
1556
0
0
0
779
83
359
419
347
6
754
186
0
608
29
5
134
213
18
148
0
1
19
0
3
1395
6
3
16
2
2
0
0
299
46
0
21
95
91
39
402
56
0
0
0
1502
234
74
9
5620
0
0
188
0
9
0
122
0
42
0
25
4
3
4
370
8
75
348
47
0
0
18
7
2
153
259
3
1216
2
9
0
18
43
0
8
11
1148
0
20
65
50
0
22
0
116
6
63
5
0
0
305
1
228
363
0
0
231
719
13
0
4142
84
11
1
112
0
644
0
0
3
0
3857
0
0
0
0
493
0
21
20
0
0
13
9
123
71
2
498
110
14
0
24
61
0
139
1
2
138
0
2
1
568
0
28
58
0
437
114
230
350
12
14
338
0
0
2910
0
26
0
0
0
566
44
0
113
0
128
90
25
465
0
27
104
100
210
0
849
12
0
357
0
0
0
786
86
0
78
46
0
0
6
1197
6
261
0
0
18
3
25
0
0
95
0
116
247
0
61
0
0
88
47
2481
207
0
0
0
81
28
154
0
130
75
0
0
48
0
0
5
0
27
0
10
53
0
0
0
0
1495
5
14
67
24
0
0
0
373
231
3074
0
0
78
56
18
44
596
113
3
62
106
95
7
0
14
0
24
92
412
0
0
48
5
0
0
19
28
0
0
0
12
3
0
0
21
24
146
127
0
78
129
4
0
1
391
18
0
158
3
0
320
0
8
53
0
2073
0
84
7
31
15
0
0
0
7
0
6
1
0
17
5017
41
108
0
0
0
46
204
69
7012
1
2
31
7
0
460
110
0
2519
4
147
9
0
210
0
0
221
7
0
7
0
22
202
1
717
0
0
899
22
0
1582
0
3
219
202
20
0
0
1106
0
696
1299
1
9
0
1550
189
97
0
431
40
0
0
1
0
52
9146
637
0
1440
0
106
105
0
0
86
0
91
314
65
0
295
129
334
72
45
1178
239
10
0
363
454
0
85
0
0
0
147
79
139
42
76
1
24
0
11
9
0
7
0
4
145
0
930
0
173
0
54
0
58
3743
0
218
0
47
24
0
49
114
5
20
59
388
0
0
0
0
0
235
0
0
0
0
48
99
30
56
1638
0
0
0
1
0
0
225
0
0
0
44
0
274
0
0
0
13
0
51
111
0
0
0
191
277
3
0
0
0
20
0
0
49
45
0
140
27
1040
73
0
27
0
0
664
0
1
32
0
1
0
80
0
44
0
4
0
87
70
166
6
8
0
0
36
1
285
0
103
96
133
921
10
0
0
1
16
0
0
0
0
0
65
79
3
0
8
296
0
81
0
69
332
6
3
72
24
1
21
30
0
1
0
1
0
0
45
8
108
2
0
769
174
138
67
96
0
645
141
2
198
54
511
63
75
0
0
24
16
0
13
2728
0
0
110
0
5
0
202
62
1
0
89
0
0
0
48
2
0
2
165
0
0
0
1
0
3
306
0
920
23
0
26
587
0
7
10
69
0
26
0
0
0
2
196
149
10
0
761
0
0
0
0
0
0
0
0
207
7
0
0
0
1
11
244
5
0
0
33
2
0
49
828
38
0
2
0
0
0
0
9
21
90
0
16
72
16
0
0
195
155
0
0
0
0
0
0
19
0
6
0
137
0
0
0
1572
0
91
21
0
75
0
0
0
0
248
284
0
6
0
0
5
156
0
60
2
7
511
25
209
0
6
15
583
1169
0
4
7
25
264
11
8
0
3419
0
0
0
4
58
9
27
0
0
346
0
257
21
2
0
5
0
645
8
17
1004
19
0
0
55
0
25
71
141
0
0
23
0
751
15
0
0
2
0
4
0
1
10
31
347
0
0
63
0
0
102
0
0
191
0
0
0
239
4345
0
2
0
0
44
1
31
0
100
215
16
1425
0
1
0
16
578
115
15
38
65
4056
564
0
0
3
0
58
113
0
0
31
0
435
9
787
2
24
0
1
0
790
134
0
67
329
10
0
1890
104
78
0
116
16
42
0
0
36
37
0
0
1122
23
0
1
26
0
37
113
29
0
1
4
300
323
50
0
1
49
0
87
0
8
1
32
160
0
2
0
3
25
0
0
1
998
0
33
0
18
9
0
0
0
4
134
253
0
0
0
42
0
261
128
0
495
315
10
0
6
0
9
0
20
32
0
0
0
796
16
0
540
0
0
154
0
0
7
146
22
0
457
22
213
0
62
0
4
35
220
2
0
0
2
0
60
2
21
2
5
34
96
11
0
0
0
0
18
382
133
11
0
0
354
169
0
82
228
400
232
0
26
34
136
0
26
190
32
1353
0
72
15
0
0
0
1
7
1
8
0
244
5
2
0
0
51
464
4
583
0
137
1432
149
0
11
8
1
7
274
0
0
0
144
0
25
0
51
3
50
0
0
0
556
50
165
0
0
4
641
8
106
0
10
59
92
0
58
0
1239
0
7
12
0
9
32
0
89
584
2
0
0
341
18
25
139
2
2
0
4
0
0
12
113
1508
504
16
0
146
94
80
428
0
6
0
0
2
911
6
49
1
367
0
104
151
0
0
0
56
519
123
63
21
17
0
16
3942
0
126
8
0
32
15
67
68
0
0
0
1423
2
0
308
85
0
1514
0
11
45
0
95
24
466
35
0
256
0
6
0
0
1064
6
89
2
155
7
10
0
0
0
0
38
56
3
15
201
5
0
125
1671
0
0
248
0
0
1
4
2
0
182
0
661
3
0
1
0
59
15
4
5
320
18
671
485
52
366
2
161
2
695
0
0
472
56
0
0
4
328
0
23
32
226
0
3
5
13
0
342
0
0
9
0
0
100
4
2
0
156
111
9
137
13
0
41
0
0
70
0
125
217
260
0
4
37
1017
0
10
0
0
383
53
0
0
1601
131
29
0
0
0
15
1
2
357
0
11
0
173
0
16
4
2
0
1
169
0
11
12
1081
0
0
13
0
0
12657
5
81
1
0
0
0
33
278
69
1
428
16
318
0
0
204
0
0
72
22
146
0
3
48
1271
623
56
3
1542
0
262
120
2
23
0
8
9
279
84
48
348
0
6
5
202
0
0
259
2
0
0
39
23
33
0
856
7
291
1
832
176
9
286
458
89
0
0
2
0
0
2264
16
170
103
2
0
5
11
19
3
2
20
86
385
317
0
52
0
0
195
40
29
16
0
649
21
1006
0
23
0
35
0
110
94
129
1
221
51
0
21
10
0
0
0
83
220
157
3
30
0
41
40
0
0
17
430
0
4
30
0
0
588
0
908
1211
2
0
1329
2
0
181
3
12
287
0
164
0
17
215
0
0
146
4
77
45
0
14
29
0
1018
14
0
0
45
330
0
0
0
2
2
206
181
14
0
32
235
437
7
33
770
271
3
0
0
199
123
0
0
154
64
316
8
11
0
42
0
1164
634
0
5
35
1
292
0
3
0
0
0
135
46
0
2
0
0
0
12
894
1
0
21
0
21
0
147
0
0
113
0
16
0
370
19
0
0
67
0
948
446
73
404
91
0
253
0
0
151
0
91
2
0
142
0
0
0
0
0
0
1840
0
0
0
19
3136
0
513
1
53
0
0
98
31
99
77
145
0
315
25
15
0
13
282
230
33
7
0
46
24
5
0
0
410
364
191
69
1760
729
9
23
0
0
0
372
68
0
228
1282
413
85
10
25
125
719
10
35
10
530
0
268
1
410
86
64
2
19
0
5
1493
24
122
23
135
29
536
36
90
0
74
3
1
0
0
13
179
139
0
0
299
0
3
0
225
0
9
126
2023
97
0
533
0
0
38
0
205
0
1
0
10
133
0
6
0
21
97
31
38
0
0
0
184
0
33
2
12
0
32
32
4
62
0
99
0
0
0
4699
56
12
3
4
66
137
502
33
1092
0
0
1532
0
0
741
0
0
0
11
1102
276
0
11
2334
151
0
0
0
2
0
31
2534
3
0
30
10
0
766
0
0
4
1538
102
296
0
213
7
1538
0
51
38
0
0
0
18
0
4
0
6
289
35
0
1739
0
4
0
26
2
0
1054
10
4
0
0
81
0
4
130
281
0
93
11
6
50
114
1378
51
0
0
2718
115
1
768
3543
2
758
853
13
3
0
0
0
34
143
2
0
0
0
1
9
0
0
0
14
21
45
0
0
94
0
1047
36
0
45
0
37
44
0
0
749
15
0
24
0
4
21
0
55
400
363
0
24
230
253
52
30159
252
29
90
1420
929
0
11
59
0
99
0
0
74
0
1019
1853
0
7
0
65
232
157
178
364
19
1
0
0
721
702
0
1
81
0
1
8
1291
23
83
12
3
0
325
1
44
649
105
0
75
0
0
32
310
0
7
172
1042
0
6
1002
416
0
0
2748
0
0
98
0
8
0
3
11
0
0
2
360
18
164
0
548
244
0
0
44
331
186
0
83
0
0
74
0
748
101
561
10
0
10
5
0
20
1
0
1
252
1718
523
1364
0
92
10
0
272
1
33
0
17
80
579
184
0
25
456
20
540
0
5
83
0
0
0
0
0
838
165
49
11
0
1650
1
0
0
111
7
97
422
0
2
65
5
4
241
0
45
2
0
0
24
0
90
154
0
388
0
0
0
56
0
183
13
958
0
81
1120
7
0
0
25
0
23
643
46
0
0
2
0
80
3
74
74
0
1
5994
150
0
8
0
0
1517
0
1
0
372
0
26
9
171
1
3
0
454
0
0
23
5
0
144
0
11
0
648
66
0
1274
46
0
397
1
31
4
0
508
0
0
2527
29
0
0
0
73
276
0
41
18
0
949
0
293
18
16
0
28
0
1
17
0
5
156
0
0
32
0
25
0
0
264
4
0
1
0
4
7
0
0
0
1
0
11
0
3
0
155
11
77
133
2
0
52
0
118
0
0
0
32
0
11
0
0
175
7
82
62
4
6
34
0
334
0
4
372
0
563
0
598
1449
0
8
19
3
0
95
0
151
7
0
1
175
2
659
0
0
58
26
469
45
964
306
4
84
0
381
252
2
0
278
24
21
2
425
2
0
86
10
882
90
667
2
3767
106
550
3
0
328
0
193
171
11
0
1
0
151
56
47
0
0
0
233
0
0
0
514
4
0
0
0
520
210
120
199
129
0
2
0
85
0
3
0
46
0
37
501
0
268
0
0
0
937
3
22
0
535
0
266
0
9
27
563
0
2
0
43
3
29
16
88
0
243
0
170
0
0
0
0
78
4
231
0
144
0
57
2
0
0
0
0
0
0
0
531
17
76
8
0
166
60
4
9
27
0
0
68
82
466
803
0
94
0
525
0
132
0
4
1476
68
9
168
3
466
59
0
322
1693
8
2148
2
269
26
0
21
0
13
23
0
0
10804
0
750
0
118
0
145
0
524
325
218
0
74
560
0
665
0
0
0
176
0
0
2
35
0
0
121
0
30
0
2009
0
0
10
0
22
147
0
0
647
15
93
0
35
12
0
1392
0
0
95
360
0
618
0
0
0
0
84
1762
1221
2
0
5
0
173
4
0
2
395
570
20
11
55
0
26
31
0
322
0
296
487
0
0
3
112
496
1
1
0
0
61
0
21
2
0
9
0
0
6
101
0
3
13
20
12
0
4
0
0
3
2
299
3
5
0
0
26
101
217
2364
177
28
558
2
0
0
14
2
0
1
1
0
0
74
0
0
0
0
2
2
0
5
15
2
224
2
14
0
4
10
13
2
0
1218
422
311
4
22
76
1
0
8
0
157
1
24
0
0
41
0
0
26
0
2
932
0
0
0
0
2
40
0
2162
113
17
857
0
0
217
0
1241
9
0
0
2
0
54
80
0
185
328
348
613
0
0
0
0
0
13
204
0
226
403
3
51
3
31
1737
0
29
41
78
11
99
257
14
72
3801
1109
0
0
12
101
0
0
19
209
3190
3
1
2
1709
0
0
0
0
7
99
393
456
1291
388
0
0
41
0
770
0
0
90
762
0
0
13
170
957
0
599
350
0
823
2
0
15
580
262
215
105
0
785
84
248
0
252
545
1387
0
0
18
0
4
0
0
384
10
5
27
67
1048
0
17
353
112
10
0
0
109
9
67
0
0
0
57
367
3
0
1
0
0
0
0
0
169
86
368
169
420
0
126
0
0
34
589
184
72
2
257
17
0
5
19
486
0
1800
18
0
181
0
0
105
0
0
0
0
0
0
111
4
1
1
36
0
1
727
1
2466
0
1
3
0
41
0
1
0
1045
5
7
0
13
0
2
462
0
0
0
1
102
7
0
25
86
0
0
395
0
44
0
108
9
0
0
28
269
119
273
726
0
0
130
0
0
14
571
14
0
526
0
68
0
0
0
0
176
379
253
1286
2
2
8
36
194
30
76
1
13
79
0
47
0
113
16
728
0
0
176
0
0
62
0
107
177
0
255
0
0
398
0
701
45
13
391
5
1771
1664
0
0
31
2
0
0
2
819
9
249
3866
293
30
22
215
5
19
0
25
26
2
1
5
216
125
85
85
0
784
891
6
48
0
3414
0
0
5
413
3
177
150
612
0
35
1
237
603
0
0
1169
13
16
0
2
2169
15
0
831
29
433
247
0
265
0
23
262
950
12
0
9
614
0
0
3
0
0
0
540
0
1325
3
0
707
0
0
46
6
134
75
153
910
0
0
50
52
4
0
0
59
0
94
74
0
0
180
0
10
46
0
634
1039
0
239
33
31
0
14
0
37
3
50
4
0
0
0
111
0
883
5
25
0
594
0
2
0
0
160
3
1574
0
57
94
99
0
0
0
13
3
0
0
0
241
0
47
0
38
151
0
15
50
42
0
25
0
0
73
12
20
125
0
1603
122
273
0
0
280
80
21
212
0
903
69
0
0
70
24
0
239
81
111
12
0
0
2
749
235
116
0
2326
22
1
194
73
14
0
51
29
788
364
293
2265
897
0
109
31
0
857
114
4
0
0
109
262
0
5
386
234
1
328
0
1832
0
0
9
0
0
267
90
1836
0
167
0
74
5
96
0
0
19
930
155
7
72
181
54
9
0
0
61
9
0
135
0
107
1023
0
147
0
90
5
1160
878
140
23
133
0
309
0
99
0
9
7
7
0
6
10
117
4
1201
149
0
0
257
65
50
0
0
1
37
528
0
100
0
70
2
1691
47
30
2
0
0
0
98
64
0
120
99
189
1
1
0
3585
0
14
457
0
365
0
73
3
0
0
122
0
147
0
93
63
1202
90
0
0
0
968
0
34
1607
0
7
6
0
0
11
26
0
18
33
21
0
0
19
16
86
0
0
68
8
4
140
44
813
810
8
0
0
43
19
0
1102
318
7
88
276
2
0
14
39
0
0
27
760
14
632
4
95
843
121
0
12
238
302
754
0
16
2
221
118
0
55
391
340
10
4
27
0
5
0
0
5
13
2
15
512
362
227
2
533
13
153
0
444
218
0
15
0
35
314
169
364
0
0
61
572
400
2
0
580
22
0
0
0
0
875
0
1
62
4348
0
0
0
2
53
3
1151
6
13
0
60
101
75
0
173
331
0
0
718
0
9
1
161
0
17
0
0
44
0
0
69
7
0
106
0
47
269
0
72
1
20
0
2
416
0
0
686
303
0
0
6
24
11
0
23
1466
0
430
152
118
534
0
439
61
0
11881
90
49
0
0
1
2
118
4
14
142
46
0
62
0
0
0
104
4
39
57
31
617
782
3477
309
22
2730
1
14
0
929
47
0
5
343
0
57
232
8
118
51
0
7
114
96
0
0
0
574
0
13
156
3234
1
0
0
0
0
2
25
68
0
13
524
212
0
0
16
0
42
4
95
0
0
680
369
0
0
670
129
0
0
26
0
0
179
7
0
82
0
30
0
227
131
430
8
0
1
0
9
91
0
0
287
2
360
0
0
3
7
0
9
0
22
0
199
22
200
299
20
0
1241
20
0
0
19
0
2
2
10
476
43
1
0
40
0
4
2663
748
0
220
325
0
331
0
258
33
310
28
150
0
101
17
0
0
0
255
0
0
46
222
0
24
0
116
758
7
13
0
0
48
0
0
0
5
1
84
0
0
207
342
0
0
0
0
13
2
4349
27
0
624
103
46
0
3
30
101
9
0
0
366
33
0
0
20
8
0
0
0
231
11
1
82
0
3
30
0
0
0
0
98
87
70
0
0
0
0
339
0
0
701
216
0
6
0
127
28
0
0
191
0
145
17
0
12
0
0
419
0
0
0
0
19
1762
0
0
4
0
0
3
57
370
4
346
14
12
28
98
0
0
422
315
0
51
0
202
1641
26
799
1
30
46
0
0
0
88
0
741
4
0
928
0
1
15
0
169
405
0
0
0
0
25
0
46
2
229
289
69
39
451
3
427
0
0
3294
0
9
0
3
0
62
73
890
0
0
285
0
6
0
21
2
5
0
11
0
1
0
0
43
4
160
0
276
64
373
0
183
42
0
32
0
0
461
0
0
377
1
0
0
0
13
7
0
4
1
0
109
0
36
2
68
16
79
0
38
5
0
19
0
4
0
230
1253
0
0
0
8
5
0
4
15
0
183
80
0
122
0
14
185
0
655
0
84
0
72
0
0
3
357
13
0
3
0
0
16
0
0
0
4
15
0
0
82
0
41
0
104
0
0
0
0
0
27
276
0
601
218
0
0
0
0
2546
109
72
21
1
0
277
1980
0
0
0
0
4
19
13
15
9381
3
13
0
779
0
3063
95
644
463
6
108
30
22
207
0
1
97
44
111
837
168
0
5
0
4
2634
0
3
0
153
0
0
3
0
0
2
0
0
0
0
0
0
0
0
5
72
100
0
120
437
2429
142
11
0
246
4
0
51
1
0
0
0
0
0
122
0
22
0
36
0
50
0
0
72
111
0
0
9
0
0
1
0
9
82
190
883
0
336
269
35
0
123
1
0
0
3
0
411
35
46
0
0
0
6
52
0
22
14
590
0
177
0
227
219
0
105
96
82
130
1
0
0
0
0
0
0
0
31
0
0
5
124
49
0
0
6
0
0
1016
0
0
231
66
0
37
0
47
519
13
22
398
1118
618
0
59
0
0
0
88
7
177
649
0
0
58
649
0
0
0
0
0
27
0
0
2709
5
13
10
346
1
0
5
30
256
0
7
1078
182
396
134
6
129
0
0
0
22
105
111
0
2
88
5689
1053
6
0
167
42
111
0
5
1649
0
21
0
3067
0
0
101
455
70
3
1075
0
59
755
0
0
0
25
0
0
64
20
0
0
68
0
0
3
2
197
155
573
126
8
0
0
0
0
32
1968
17
1
0
39
48
0
17
316
5
0
39
0
0
0
1
33
0
944
0
0
7
0
22
14
0
535
0
2
0
0
0
1
0
0
0
0
83
175
15
201
4
153
0
120
91
17
145
0
159
739
0
0
1
12
1281
17
37
8
391
186
1666
0
0
0
0
0
26
254
0
0
38
0
367
0
670
0
72
0
39
80
0
3
207
22
2
26
0
26
8
86
380
0
454
22
1393
13
0
177
0
35
1
0
58
0
1
411
36
2
91
13
3
2887
20
0
0
680
0
0
8
93
0
66
66
0
0
1102
0
184
3
27
18
8
37
205
202
275
0
201
3
540
296
444
3
0
34
40
304
0
0
0
1865
0
129
3
8
11
1007
0
86
0
262
0
797
0
369
6
42
47
43
0
3701
0
19
2
4229
7
0
0
0
0
0
2
4
179
40
0
0
67
2
72
173
15
51
960
161
2
88
198
16
0
5
8
46
4390
16
2
1607
0
6
47
0
0
0
16
626
0
3
19
0
1
23
52
0
61
0
0
19
78
666
62
0
533
761
0
265
54
6
81
1002
261
0
0
115
14
1120
53
0
268
0
791
204
0
35
31
0
6260
38
15
35
0
11
0
0
49
29
173
3
0
139
26
46
0
0
94
340
0
18
484
40
2
0
0
0
0
317
388
0
1815
0
12
8
0
0
189
19
13
183
0
347
61
906
417
0
0
0
14
107
297
28
210
0
199
0
0
32
28
200
0
0
73
0
0
83
5
1
0
5
0
0
126
0
0
0
0
15
28
57
0
14
3
4
232
0
285
0
203
24
21
737
8
0
402
7
3
0
19
1
2711
0
18
0
0
18
462
0
255
2
2
5
12
4
0
18
0
0
0
0
23
0
12
0
93
0
0
25
88
0
3
758
0
2713
122
0
1
0
1004
0
132
270
0
0
1
58
0
1
3
0
0
32
2
1
0
0
0
0
124
0
10
7
0
1223
0
171
0
464
276
0
0
0
208
5551
474
0
2
49
30
39
0
49
15
0
5
37
5
56
0
287
106
340
0
19
13
0
4
1
859
0
18
10
0
3
0
1
7
9
43
54
72
5
44
162
0
86
0
127
9
133
0
0
3
205
0
0
689
9
6
0
99
428
117
0
1
6
2070
42
10
6
342
57
0
442
82
76
19
16
799
82
3
0
9
120
0
186
78
0
3
11
187
6
4
0
55
4
0
0
0
146
142
845
0
74
0
39
7
0
0
2655
0
330
3781
224
1
0
165
1361
0
16
49
0
51
0
249
2696
3
785
0
1639
278
0
110
5
398
78
59
22
0
6
17
17
2
59
0
0
0
4
236
138
115
7
434
155
449
16
0
83
1
93
35
453
0
4
29
287
1
4
0
22
809
0
0
11
0
0
64
1
0
5
0
0
0
0
1
0
0
129
0
0
0
3
0
0
20
39
11
1014
1
48
0
0
1
5
87
3
10
1389
0
0
0
0
7
106
10
0
1079
0
17
424
0
211
79
0
33
13
0
14
0
81
38
0
0
380
228
7
629
341
662
0
9
0
0
0
26
0
0
0
0
0
0
5
0
424
288
0
1892
0
0
0
0
0
89
69
5
36
311
0
0
23
34
99
0
94
10
1
0
0
0
0
0
329
1206
778
315
0
22
1685
409
22
0
0
276
11
1
201
255
0
120
22
2
90
0
902
12
10
0
0
0
333
587
88
52
1
7
1
3
95
72
3
5
0
11
215
1
0
5
0
0
0
0
13
2
0
6
60
0
7
1
0
0
0
6
0
75
2
5
0
206
6
21
60
0
3
333
76
17
99
114
1
0
8
0
10
0
5
0
666
6
1
0
7
0
72
0
8
0
3
3
0
5
23
7
0
623
3
6
25
0
13
153
0
0
0
0
1
0
12
149
0
0
7
3
27
17
0
0
0
160
19
8
169
6
2
476
0
1645
66
155
7
0
77
0
124
0
0
10
222
10
385
19
34
3
0
7
0
140
0
0
0
0
4
0
59
2
73
0
2
0
59
28
0
0
29
2
53
12
0
196
73
26
61
239
0
3
0
0
3
0
482
0
106
250
0
1
153
94
0
322
8
107
52
0
0
0
212
0
0
6
20
0
2746
0
166
0
0
0
0
0
0
0
108
0
72
7
75
0
16
0
0
0
40
494
104
0
0
9
5
68
0
63
2002
0
191
61
27
4
0
1
1
0
36
0
18
41
4
91
98
0
23
5
4
0
0
0
133
318
5
2
88
328
0
9
0
979
47
54
0
0
45
0
0
4045
41
299
17
11
2
0
42
98
31
29
0
0
0
0
0
333
14014
0
0
0
74
118
284
0
7
0
2
0
0
5
0
10
100
25
8
11
0
0
338
12
9
43
0
43
54
11
25
0
2
43
124
0
3
31
2
879
0
97
1171
5716
52
339
28
1
141
26
525
0
3
46
2
14
434
112
240
42
0
3
6273
45
0
66
13
15
3
0
0
7
66
0
140
102
0
0
3
6945
4
1
222
221
0
35
0
1444
4
0
0
34
0
3
0
6
334
0
0
0
91
1
3498
0
5
921
0
90
125
0
1316
359
4
12
23
0
2
88
0
45
8
49
189
9
539
2
0
41
0
1
36
0
124
226
0
14
706
0
23
0
150
0
0
11
57
0
73
0
0
5
7
150
0
0
12
0
0
558
129
0
86
0
536
815
224
0
0
0
41
46
0
7
35
0
67
5
0
2
7
0
1
0
0
129
0
0
0
96
26
0
16
113
71
0
5
0
0
32
5
25
0
40
0
86
3
0
0
14
134
2
0
37
4
22
38
787
0
21
0
0
300
123
100
51
6
727
42
50
470
100
7
0
1
14
170
27
38
15
3
3545
1939
2
0
65
39
48
126
0
3
0
0
0
0
97
2
0
0
1
0
1
3
339
2
220
26
18
289
8
0
0
411
0
0
15
0
132
3
23
0
63
0
0
0
176
302
0
261
0
139
0
192
204
6
0
0
0
0
0
56
0
0
54
0
0
9
0
0
0
0
0
0
0
28
24
0
440
383
43
0
0
153
0
21
16
1
65
178
8
0
344
3
203
0
271
90
2
170
0
124
0
0
87
59
13
7
381
1348
0
911
50
0
0
0
1270
261
17
35
0
15
0
0
0
22
3155
0
1
227
0
161
0
102
0
10
0
111
0
1254
2
5
1
49
2
243
357
0
173
0
0
26
46
9
0
2205
6
0
37
134
86
27
1070
370
452
1176
1627
19
0
23
14
128
12
0
1
0
171
0
85
0
0
2
15
100
0
2
0
0
0
0
31
3219
298
0
91
14
0
80
1624
84
102
0
8
52
97
0
0
9
579
2
0
1
0
4
0
151
0
0
130
5
70
552
8
0
438
1095
0
1323
17
52
9
89
0
673
34
0
35
70
11
284
0
42
0
0
0
141
25
1
358
274
0
1330
2
95
0
191
191
0
503
78
0
0
679
0
172
0
97
0
0
14
8
0
362
333
36
769
19
470
18
7
870
279
0
0
0
4
125
2428
1
291
75
0
20
0
0
0
578
6
83
0
0
6
165
0
12
0
453
0
32
0
239
0
0
5
1
0
9
74
34
3
641
972
0
64
739
0
250
0
0
1
0
9
51
38
64
1890
81
0
57
52
340
0
0
0
3
0
83
1391
13
0
41
447
153
0
94
0
49
5
15
129
0
22
5584
0
0
0
1
0
776
0
0
0
8
0
0
0
0
778
0
105
181
2
57
1
14
28
5055
13
34
0
0
152
0
5
454
0
0
448
8
14
0
8
0
0
359
131
0
0
0
139
82
0
0
6
11
670
0
0
0
0
2
0
0
152
0
2
0
2088
2187
0
16
2
3
140
0
396
44
356
16
0
59
562
0
832
337
0
102
0
5
5583
35
0
270
0
6
20
0
607
6
534
2851
0
0
0
0
0
2
36
12
181
9439
288
0
28
0
0
12
0
79
0
45
12
129
293
1240
2337
0
0
191
3
17
0
560
1732
1
22
0
1
46
0
56
0
8
1
103
24
0
124
21
0
0
26
186
0
0
0
14
0
0
28
428
0
143
51
0
19
88
0
7
3
0
1738
3
237
20
0
7
0
0
0
1328
216
724
106
0
12
2028
934
0
3
1209
0
0
0
27
0
0
0
219
123
101
195
0
374
3
0
13
21
864
81
24
70
0
2
0
1
63
0
311
20
2
26
0
0
1
0
5
4448
0
41
99
25
66
0
0
311
198
30
3
0
0
0
4
252
236
0
1
6
0
10
26
0
658
235
0
0
150
1127
100
10
57
0
0
54
0
16
1
2
94
0
0
68
27
0
410
0
99
58
78
177
0
0
26
210
266
32
0
0
7
0
1083
940
3575
0
2
14
99
44
32
0
0
1257
1
0
12
4
0
0
0
0
1
29
0
1
0
156
0
26
21
0
43
0
339
1419
0
0
0
0
7
0
2
0
153
1066
94
4
4
0
269
0
74
1145
203
56
0
27
54
0
12
12
3
0
1
0
11
0
39
0
26
261
0
108
150
0
0
0
0
5
8
0
9
192
7
6
2
1
0
0
0
1
93
24
118
818
1
2
368
1916
0
1
18
0
940
6
38
41
312
0
175
0
34
0
567
33
0
0
2
0
10
114
261
11
131
144
694
4
0
46
226
107
0
37
2539
0
297
0
377
1526
149
0
31
28
0
0
1178
423
9
0
392
13
111
0
0
8
0
0
0
960
13
288
961
36
53
458
0
77
110
268
0
0
133
0
31
0
7
5160
1
36
29
0
129
62
8
7
0
108
0
353
0
93
0
420
119
305
0
73
0
0
0
6
16
0
739
11
0
2
0
0
0
40
0
293
0
7
1
2
3
0
11
17
0
16
0
176
146
9
173
14
146
128
0
132
67
0
653
98
299
0
990
0
126
4
104
53
0
0
350
3
918
41
239
40
23
0
0
0
0
0
52
0
0
18
72
0
785
245
0
0
774
0
0
0
5
0
0
0
3
0
5
7
0
39
9
297
41
182
0
0
1
10
252
9
7
0
214
0
322
33
2
1
619
0
0
11
0
0
0
20
0
110
0
286
1026
0
755
0
124
0
15
3
205
1596
147
147
223
189
207
19
168
0
136
0
626
0
534
94
0
131
0
582
298
0
194
0
118
0
0
1120
85
36
0
95
9
0
85
95
0
0
0
0
0
120
0
169
0
233
269
0
3
707
435
0
0
625
0
24
3
74
0
0
213
81
31
3857
685
195
126
5
0
8
0
8
0
360
2
57
158
157
957
0
18
218
66
0
44
48
0
0
242
162
0
116
188
0
3
0
6
12
15
0
0
18
334
74
0
1037
2652
883
8
615
1556
1
185
5
81
998
27
27
182
88
0
214
0
0
68
215
0
8
4
206
191
4
7
0
621
7
2998
190
90
165
56
0
0
2120
489
159
10
1
6
100
135
0
178
10
0
105
243
10
241
90
0
0
0
73
835
171
203
0
0
996
0
0
0
5
0
20
2288
0
3
0
0
20
82
0
0
440
8
0
0
779
57
0
12
105
73
1085
229
0
0
0
0
30
25
0
1
4
0
6
0
104
3
0
192
3
0
3
100
0
50
0
7
0
1
218
0
4
0
99
0
417
107
0
80
0
0
65
8
1189
32
142
0
223
154
0
0
0
89
27
41
0
568
114
0
168
20
0
0
186
0
70
1706
0
0
0
0
0
3
53
8367
16
0
241
10
150
32
2
0
0
43
11
0
0
0
182
26
12
1
227
160
45
0
1207
0
14
0
72
16
2581
551
0
0
0
7
16
3075
0
0
14
2833
110
0
0
1
4
0
0
2
223
140
0
18
0
5
82
0
30
0
0
74
198
0
22
39
43
9
644
151
0
422
81
0
0
378
0
0
0
76
0
1148
0
0
0
0
15
6
0
716
0
0
842
20
0
0
143
0
0
4
0
0
42
0
44
6
0
64
2110
0
0
625
2
0
5090
216
439
319
37
0
15
4
5
273
0
312
290
0
98
1
0
72
1591
2027
3
0
21
0
3
13
3
150
3
0
0
0
1280
398
108
289
46
0
391
179
0
0
5
16
1
0
369
0
90
5
12
0
516
0
0
1
7
5
0
2
0
94
5
0
62
0
25
0
0
1736
9
0
44
0
0
1
97
0
0
23
8
0
0
0
11
0
331
442
462
7
11
160
14
0
0
5
23
0
31
208
12
13
0
25
408
82
0
774
29
2
433
154
0
447
32
0
10
0
11
0
0
118
125
3
46
0
27
0
57
0
29
0
1
0
0
148
0
88
920
633
34
0
0
0
0
36
21
0
1025
1295
11
0
0
9
24
15
0
0
1451
13
0
309
115
0
138
4
0
28
0
448
333
0
0
66
1
0
2
0
0
1
264
6
0
50
33
0
34
24
0
199
2
380
4
5
46
105
208
13
0
0
442
69
1430
25
619
0
694
0
486
12
0
80
0
64
19
2358
1272
0
7
89
77
0
0
1411
0
2
254
24
30
0
8
0
0
0
71
0
0
25
135
565
0
0
97
211
253
4
67
0
0
0
3
0
0
0
40
137
21
0
2
8
21
1
0
0
0
842
0
0
17
103
796
24
81
173
153
0
66
79
159
9
4
113
295
117
0
113
0
42
763
56
413
0
0
12
0
16
236
41
0
14399
166
3
4975
143
0
0
60
190
0
506
1
0
0
68
0
4
0
0
261
0
3
0
16
0
160
2
0
0
278
0
0
283
6
100
0
40
0
0
35
0
30
0
307
6
0
57
0
14
43
0
17
0
47
147
0
0
0
244
2
880
74
88
550
178
23
0
12
0
0
60
0
0
9
27
171
0
10
736
0
0
288
5
988
24
326
0
19
617
31
0
0
2
95
920
0
0
0
0
1
0
0
0
2
0
133
177
25
0
32
26
184
347
0
1043
429
0
27
302
544
0
85
24
206
2125
0
12
0
0
0
0
113
12
59
0
0
14
81
0
7
6
3
45
11
2
154
0
0
0
0
3
13
0
0
96
1
612
318
0
0
597
40
0
27
5
96
0
0
0
5
0
0
0
42
0
25
0
2172
798
0
0
1026
0
36
270
1155
35
0
9
131
0
0
0
2
0
166
675
10
233
18
113
94
0
710
58
19
29
0
0
4
0
14
1463
12
36
2132
5
0
8
0
0
1939
104
0
0
1
1247
0
313
0
182
395
47
1631
0
0
126
0
71
0
0
2
1190
0
5
239
28
0
48
1
47
13
0
18
0
28
0
16
800
1803
89
0
0
249
19
0
197
56
13
0
0
0
0
0
13
889
0
230
5
0
443
50
0
0
0
671
4
41
66
320
11
0
0
34
0
889
0
0
0
420
11
0
2
0
361
0
469
0
0
132
4
0
0
0
0
1557
3
3
0
5
113
0
26
0
0
0
0
79
3
0
10
0
0
12
562
333
0
9
8
0
59
0
0
6
0
320
220
535
13
63
78
3
0
44
1
271
188
0
4
179
42
56
55
1107
18
1456
0
549
220
11
0
0
3
0
64
48
167
185
0
153
0
4773
0
3
0
63
23
72
149
0
0
0
15
0
253
200
0
0
0
0
0
639
516
73
13
1590
2
0
0
133
18
0
5
56
470
0
39
49
17
0
0
0
2
771
533
333
28
2429
0
13
90
269
86
2
0
104
784
87
4
0
0
10
0
4
585
0
1061
0
8
31
1096
13
250
0
0
14
8
262
0
4
36
4
3897
0
9
236
0
0
42
69
21
3
2
58
0
12
8
2
0
5
0
5
0
0
8
10
0
1
104
0
416
20
0
0
459
0
0
0
383
13
0
0
399
458
8
138
408
111
0
0
82
90
0
19
679
0
0
8
736
2
8
1
0
0
12
3
2906
36
84
101
436
25
0
0
0
0
0
1001
13
75
0
198
1
2
140
7
155
0
51
5
0
0
0
10
0
0
0
0
2
33
1
18
0
4
0
47
55
0
10
19
0
0
1
1
3
4
78
2
42
528
0
0
0
603
0
0
2
0
0
29
0
2
58
160
0
2666
235
113
15
0
232
0
296
0
0
0
714
80
171
0
1
0
1
31
0
0
2
816
5
2
17
43
9
490
0
0
663
256
59
0
6
34
90
0
0
0
1810
156
0
2
32
2
0
6
0
0
565
11
175
3877
506
508
40
0
0
59
89
90
0
0
0
3197
283
1020
343
2
0
198
291
143
25
47
0
0
11
217
568
0
6
203
615
1
357
1600
0
0
0
61
0
2
382
164
332
218
72
0
0
76
1111
23
0
45
238
1
0
33
0
186
282
0
0
46
90
0
0
43
4
145
1
8
451
123
17
0
549
0
0
9
107
36
0
11
544
0
225
0
33
870
0
0
42
0
0
611
0
2
0
19
174
0
469
0
102
0
0
0
0
742
19
60
249
666
29
132
24
131
0
5
30
46
82
9
107
13
483
21
88
315
1247
197
0
318
1
234
83
555
91
13
0
0
185
40
72
0
16
947
189
344
0
137
49
4
0
1
0
8
1213
0
70
241
62
711
0
25
5
0
0
17
210
1
75
0
1042
1
0
0
0
86
132
0
1
0
167
0
6
0
1391
114
41
40
0
0
0
0
132
6
374
272
0
0
0
29
0
6
0
298
0
0
185
0
0
33
0
8
0
112
284
7
62
189
0
417
0
19
41
320
0
551
0
36
0
4
40
9
13
60
80
396
313
0
0
2
4
0
22
0
793
0
141
5
0
699
57
102
0
0
132
0
34
189
231
18
43
157
1720
1
563
24
0
133
1323
40
7
0
14
8
0
49
470
0
0
0
15
4
0
23
16
12
79
0
41
5
0
1
0
0
1
217
21
0
599
0
0
25
775
0
0
0
33
877
0
216
20
14
0
23
0
1272
0
0
1
0
306
0
891
0
13
19
0
4598
4
0
72
167
0
0
0
0
217
361
113
153
11
0
0
71
30
0
0
0
2
1
0
92
0
0
1
75
0
19
0
6
29
0
0
118
15
25
2
0
3968
293
110
3
202
190
1
521
33
1544
0
0
1281
1558
483
337
41
3
0
0
25
2
1337
0
0
0
176
0
0
4
25
0
0
0
34
0
5
0
0
90
0
6
1116
0
0
0
5
0
5
376
18
0
219
52
36
3
0
0
0
282
13
680
0
0
0
0
0
2
0
744
64
0
0
289
17
1124
0
52
1233
212
0
0
282
0
57
0
11
26
0
0
267
128
0
2
106
1805
67
0
308
0
0
55
27
1
13
0
2
0
0
12
0
214
103
3
0
0
206
123
1082
0
0
0
89
0
0
1
7
0
65
0
0
2
21
257
2
12
0
0
439
89
0
0
1422
0
0
327
0
177
4
0
81
38
0
0
0
1
13
388
3
0
0
12
4
0
1
23
410
736
0
33
0
0
0
0
227
0
0
7
67
3
0
0
15
0
18
0
0
9
13
0
0
0
29
0
0
0
14
4
104
2
2
0
0
0
28
4
0
468
0
0
0
296
0
0
482
14
17
19
0
0
31
0
86
91
14
0
508
38
74
0
0
169
1
123
64
0
8
57
901
1
16
3
14
416
0
62
60
0
12
0
10
2
126
325
1074
0
0
0
4
0
0
0
8
34
0
54
0
38
0
0
3
0
0
0
9
1469
0
751
94
0
0
6
22
7
0
201
8
0
0
0
12
0
466
627
14
84
8
19
195
7
0
0
150
2
6
36
8
7
0
0
0
21
0
0
11
33
2
113
14
0
2
72
71
0
38
11
0
0
0
0
4
1
0
0
0
182
0
213
4
79
74
0
0
0
0
0
21
0
0
0
7
30
0
1133
134
0
0
2
108
102
0
27
104
45
86
531
12
0
1
192
0
92
3
58
0
3
5
0
63
143
98
116
42
0
18
0
0
616
0
147
0
0
5
256
65
0
3054
533
7466
140
80
42
196
844
2217
0
10
0
12
21
2
3
3
0
0
105
80
260
0
63
28
35
209
326
4
0
724
0
68
0
148
0
1216
0
0
76
0
0
2233
506
14
94
77
2828
31
342
0
0
6
48
45
138
4
0
163
972
5
55
4947
0
172
0
13
0
0
5
0
0
28
2
0
198
3
1
66
13
28
0
0
0
128
111
8
2
0
0
0
12
2
22
945
93
2
0
1
52
800
0
184
11
548
83
0
85
7
23
10
0
0
1247
0
0
98
0
175
145
0
0
0
8
23
40
96
0
0
423
8
193
0
142
32
0
99
0
4
6
0
0
0
154
3
419
0
44
0
0
127
0
0
0
88
0
234
0
0
0
0
0
0
0
49
0
817
9
148
2
0
15
0
0
11
81
0
12
0
0
0
0
8
3
305
1
0
167
16
60
0
14355
3
0
177
0
112
7
13
6
7
3
61
83
0
0
115
0
24
0
0
0
0
60
231
0
12
0
10
61
2
3
365
3
2
314
0
0
427
69
37
2
3
21
31
0
0
161
0
9
0
0
0
172
46
426
4
0
56
33
10
0
4
24
4
2
0
0
0
2
0
1
0
138
0
1
0
14
350
486
8
0
0
26
0
9
0
20
0
0
83
0
0
64
4
237
514
395
0
554
1
802
59
0
552
221
223
0
0
0
2118
4373
1
132
19
3
56
2
352
0
0
85
16
0
0
0
19
7
0
0
0
0
156
0
289
0
0
74
0
309
4
0
0
0
0
30
2819
238
498
0
426
442
0
6
19
1
1
55
487
0
22
1747
480
322
2059
0
368
176
0
46
1
0
0
0
0
1
102
0
6
0
10
31
1
789
0
0
48
20
13
2
12
53
5
0
0
0
32
708
0
80
261
20
57
0
142
27
1402
0
0
0
16
109
0
6
129
34
13
0
0
159
134
0
0
148
603
0
1995
2336
0
143
288
3
525
0
2114
0
0
0
0
862
491
2
0
0
3689
515
0
0
211
109
57
23
0
3
5
0
249
350
0
0
0
146
0
62
4
0
167
0
179
3
0
57
387
0
0
0
8
0
39
34
2
101
294
0
131
8
413
0
6569
240
14
366
8
0
34
68
184
107
8
0
161
2957
161
346
3171
0
0
56
0
657
0
19
807
42
0
0
380
298
0
0
1
10
0
163
0
143
1041
21
38
0
80
547
39
423
107
5
21
163
434
0
2429
4936
0
0
818
968
132
0
0
0
14
0
204
0
0
68
176
2
4
10
1
2
10
28
0
0
3381
2872
0
959
674
0
1307
116
14
128
2
130
192
6
1607
0
1280
131
95
0
867
0
0
440
10
637
19
0
385
159
0
166
19
1924
15
537
48
122
0
42
364
124
1535
42
227
0
42
0
115
0
0
0
0
0
0
70
0
2
1
55
0
4
53
23
0
2
0
0
6
121
212
1
0
0
346
0
0
839
5
0
0
3
1247
0
0
17
18
256
2
0
0
80
0
0
8
1533
30
173
0
0
1
0
0
0
173
1
8
0
12
0
24
145
105
0
38
3
167
26
234
10
0
6
0
2
10
10
0
88
219
0
79
128
0
2
53
0
324
0
65
52
184
5
2
0
106
0
1
9197
1
0
3
52
78
0
831
2241
225
324
64
3
380
8
15
270
133
1070
0
193
0
4
553
15
0
17
68
213
0
73
0
0
13
0
0
14
4986
0
63
116
0
0
4
0
7
0
0
174
1393
152
12
9
18
0
30
4
19
5
0
6826
329
134
301
0
221
0
47
333
0
18
9
0
0
0
0
62
108
50
99
543
143
84
24
0
25
345
1169
0
15
3
10
2435
336
20
4
0
0
0
41
182
6148
166
4
437
0
9
9
630
117
0
0
0
170
359
1
22
0
0
19
16
48
0
716
350
15
4
0
0
391
6
0
53
102
0
0
36
791
1091
2
3983
47
311
3
426
1
32
0
2062
31
234
0
19
0
4
0
2
0
824
142
6
0
107
0
15
1970
96
1
0
0
0
1971
0
688
0
19
349
0
391
5
180
4982
1
508
24
159
0
31
262
0
0
0
1057
655
0
0
0
765
0
0
0
61
41
0
7
0
0
17
8
0
39
12
0
0
1272
0
412
21
0
4
0
48
0
0
40
0
0
1
0
93
0
2
46
171
169
0
464
41
0
0
191
0
53
0
0
0
472
0
18
0
0
75
0
0
237
142
6
33
0
17
355
0
200
0
21
0
0
770
0
0
0
675
27
0
44
20
57
0
57
926
0
0
0
284
245
3
61
0
45
0
31
0
5
2
0
26
98
44
3
0
0
0
0
31
0
2
20
0
4
429
0
47
2
73
5
7
5
0
4
0
117
1
45
0
0
30
26
15
167
0
1
0
0
159
13
12
9
0
0
0
0
40
3
0
4390
25
0
0
300
885
77
6
23
144
72
64
0
87
62
17
0
111
0
0
49
10
0
4
0
486
0
73
0
3
0
2
177
68
50
300
126
0
0
71
470
0
0
2
0
0
0
1327
241
0
604
9
245
0
0
30
6
1
1
0
0
6
2
0
0
0
0
994
41
33
0
0
79
0
0
15
0
406
0
26
52
11
4
11
174
34
179
0
379
22
224
0
0
13
112
80
1543
14
0
0
0
3
83
0
0
0
7
3
0
259
0
11
3
27
34
0
16
18
0
0
0
1
29
3
0
20
0
27
0
115
0
390
36
123
233
0
0
114
0
132
0
0
1
177
9
182
223
0
66
440
47
0
26
63
630
7
0
28
0
1065
0
1
0
33
81
11
26
5
15
17
0
0
0
98
14
99
1
3
641
3
0
67
3
0
2
310
0
0
2
0
0
125
153
25
0
0
0
0
84
0
662
0
29
101
13
389
118
50
7
0
456
30
434
396
0
0
151
0
7
2
743
715
259
1
0
0
36
5
4
79
25
0
0
7
0
1
0
11
0
233
0
27
134
0
20
0
7
0
108
11
0
4
65
57
0
0
54
0
8
0
3
0
0
0
0
3
0
2674
34
400
0
0
4
4
0
120
0
0
26
769
0
11
0
496
82
45
3
0
113
0
12
22
2708
0
0
13
9
0
133
314
0
4
1
0
363
2
99
381
5
0
70
53
5
0
4
0
13
837
466
0
0
0
123
0
0
0
0
0
36
43
0
58
5
54
0
8
1065
66
0
11
18
2
64
15
0
32
60
487
65
458
5
4
0
5
150
0
20
8
0
0
0
0
0
0
11504
442
3
1
0
463
3643
4
17
0
1
683
134
0
1694
77
1
0
1211
18
0
37
3
0
0
463
2
0
3
0
2
1
2
3
1
0
864
0
0
6909
0
3
0
0
0
0
35
0
0
30
0
23
483
0
0
28
317
138
0
272
0
0
8
0
56
0
184
0
0
0
826
9
148
0
0
3
280
15
53
42
168
0
12
73
42
26
0
0
0
2
0
0
92
372
0
0
0
7
0
40
1
0
1133
0
0
0
1251
303
159
0
101
0
379
0
4
162
484
7
2
0
22
23
482
0
0
131
0
6
0
0
81
10
0
0
142
12
101
0
0
163
2
58
1
0
287
0
69
657
35
73
0
8
314
14
36
168
0
0
0
92
181
0
169
0
192
306
0
0
90
180
114
0
0
0
104
558
772
32
1820
0
148
0
1454
9
1214
569
0
13
0
277
5
0
329
7
87
60
4
50
0
0
0
85
0
0
298
307
280
0
0
1376
27
61
0
155
187
324
754
0
0
0
3993
0
547
0
0
275
2
7
0
3
0
0
9
0
0
29
7181
64
64
0
3
149
0
335
2381
141
0
357
111
908
0
1
1
0
77
0
0
0
293
3
285
143
523
0
109
3
153
2
945
0
4
3
230
846
422
28
1103
8
0
0
939
115
0
796
0
216
1
0
15
118
0
4
0
0
0
0
230
15
15
460
0
64
10
0
0
173
0
0
0
6
0
1
0
33
31
0
168
66
19
275
0
12
0
2370
797
5
696
0
0
143
0
158
497
0
150
657
22
515
80
29
11
154
0
0
524
11
0
1095
10
0
272
346
22
0
0
4
744
0
154
9
672
550
59
0
3
0
22
10
901
8
99
3
194
19
37
0
2238
388
0
1000
5
2
4
1
36
41
17
390
507
746
0
782
0
15
0
0
0
148
85
66
805
3
176
618
259
0
102
13
5
5
2
108
0
6
0
0
14
1
460
0
361
482
0
0
8
89
0
166
9
0
48
2
2
0
0
135
62
1369
0
1
0
0
1517
4
0
2479
0
115
527
0
39
0
0
13
3
46
407
548
51
185
166
488
0
103
86
5
0
1
114
0
4
250
0
242
75
6796
5
11
199
768
29
0
238
0
0
16
0
242
1394
366
78
87
8
97
2
0
23
54
47
181
234
11
68
36
0
0
11
0
453
113
155
0
3
0
0
0
1
3
6
174
6
63
0
0
0
0
0
74
2
0
40
4
0
809
91
0
0
2
0
381
0
0
536
414
4
124
2
11
737
81
0
5
182
2
0
3
0
3
0
282
590
96
28
0
768
0
3
19
110
0
1572
63
218
0
3
0
32
1
62
7
34
366
41
0
14
3
0
1234
650
161
0
37
0
2
6
83
4467
0
0
4
0
21
26
84
0
0
92
0
542
1996
1097
0
49
1246
1130
355
142
0
2
0
51
30
4
0
60
6
9
0
40
0
9
0
0
69
0
10
78
0
109
23
593
257
222
60
326
0
4977
79
7183
28
72
11
5
370
0
244
234
1509
105
5
0
5
93
0
0
648
32
188
31
293
361
0
421
0
576
1416
387
116
123
0
14
0
696
546
4
5
11
238
4
336
18
0
39
1
6
0
1
65
394
0
0
17
8
70
408
144
0
0
0
0
75
0
0
828
1256
193
375
9
12
134
628
98
282
367
0
20
71
42
0
73
73
13
0
216
21
0
0
0
6
1
1
382
0
1498
1408
140
0
845
259
9
13
416
13
2
0
4
3
0
0
16
61
0
10
260
52
0
468
5
0
644
572
924
0
0
0
519
594
473
152
0
778
272
36
171
37
54
0
29
2060
28
562
1
0
4
148
174
208
470
30
362
10
0
0
0
8
0
1
1
82
0
15
18
0
0
0
373
24
0
14
21
100
10
34
69
44
0
0
7
309
0
96
114
29
0
0
0
3
193
0
1
5
0
183
13
0
0
5
1035
1087
780
99
1
4
6
773
0
0
30
293
32
0
23
8
0
0
0
73
50
119
87
8
0
43
9
55
0
85
125
25
0
8
2
179
7
0
0
19
51
0
679
10
0
95
8
13
0
153
7
77
396
117
2142
0
0
11
47
38
441
0
925
0
1951
86
13
96
0
888
1
195
35
184
815
4
703
837
0
0
2
0
0
1
0
468
144
14
118
66
0
16
0
59
3
0
0
69
271
234
664
121
943
1088
439
0
1
47
0
103
71
0
2
0
2
29
59
0
4
2375
4
36
137
133
2
0
0
0
45
2
188
0
0
406
12
28
0
496
168
574
0
115
0
0
0
0
103
0
83
0
2
0
0
62
111
0
0
0
10
2989
0
231
13
0
6
0
2
0
0
0
188
255
0
11
584
12
183
290
95
5
57
0
4329
341
19
255
0
18
0
0
6
13
0
951
4
166
45
35
0
33
0
57
0
10
47
17
0
5
0
0
0
102
0
146
0
0
0
0
842
0
0
2
43
0
0
0
3
1
9
0
1643
182
532
6695
2267
0
17
0
255
0
2
2
406
312
12
653
0
0
0
0
1078
25
38
3
475
74
27
813
26
1
334
622
53
53
0
0
5
0
0
0
0
0
0
78
2
0
0
0
0
0
0
53
146
36
204
64
0
2
0
0
0
0
380
388
0
0
0
0
0
0
165
162
0
4
0
0
9
0
0
0
16
0
5
0
0
0
18
20
110
59
0
0
0
0
0
2176
420
0
1024
13
0
1
44
161
629
3714
35
25
0
7
0
0
112
0
26
5
0
0
0
0
0
225
19
0
0
3
1
0
0
0
28
227
0
294
155
0
0
0
0
38
22
0
0
1133
0
0
0
48
135
977
10
96
15
162
0
0
11
0
0
177
46
0
0
163
5
0
12
0
0
1
81
3
33
22
0
0
0
0
1
0
0
1208
110
1089
0
0
0
0
0
0
0
0
0
0
3
0
5
0
0
0
1
0
0
0
0
1
0
64
10
413
0
0
1
0
4472
161
331
105
986
298
903
877
223
5642
14401
1099
0
31
24
0
0
0
593
307
142
0
0
0
127
0
0
0
181
0
0
49
51
186
165
0
0
0
0
31
14
0
0
26
7199
15
113
0
0
0
0
26
76
0
13
40
0
2
4
2
366
258
0
1
0
1
231
31
8
5
11
1
0
0
0
0
0
0
0
0
131
56
0
0
674
714
279
243
3474
0
0
6
3
0
0
0
15
9
0
1
335
43
0
0
0
2
22
0
0
2
0
0
82
22
0
0
9
481
58
283
39
65
396
8
596
890
6
0
0
0
0
0
0
0
0
51
0
123
0
0
0
1
2
0
0
0
0
0
0
0
469
103
1660
5
3253
5150
495
0
0
29
30
0
209
2
0
0
662
154
0
0
225
1361
274
56
0
18
8
282
0
0
0
0
0
5
0
2
0
0
0
0
0
0
0
0
0
0
0
0
43
0
0
28
94
0
0
0
312
0
0
562
1
8403
517
113
44
0
267
0
0
61
1
0
0
0
0
19
0
0
8
0
0
318
284
0
1196
22
41
0
0
0
1
0
0
0
0
0
1512
942
1
0
36
12
0
0
0
0
30
84
0
0
0
3
25
110
0
0
7
0
0
0
0
0
0
2
0
0
0
55
0
2
3
0
0
0
0
0
0
0
0
0
2
1
0
0
0
0
0
0
0
1
4
0
0
0
0
0
