24_BaP_2
0
0
37
2859
13
207
40
0
0
0
0
700
29
743
0
0
775
1
0
131
575
117
0
2
0
521
0
39
8
11
22
16
0
382
1062
41
0
1
2
0
0
0
0
2
1
2362
0
329
12
176
0
397
0
624
0
3
410
205
0
879
7
11
0
1
35
27
1
158
31
3
2195
681
52
58
73
0
1604
3
16
0
0
0
9
19
1722
0
145
365
22
18
539
0
709
2
1
1139
21
1
132
0
34
0
4
760
99
0
1
0
0
386
0
0
89
0
3
0
0
403
177
570
10
1
0
212
100
786
418
0
1738
94
0
1
0
161
0
1
10
181
30
0
26
11
10
2
1025
150
31
36
55
36
14
0
324
7
5
946
0
1
44
193
0
0
2
0
278
55
76
231
0
0
0
6
37
0
0
171
112
1
0
74
343
466
0
97
333
859
327
18
88
0
0
221
187
27
0
158
0
0
1
83
59
12
6
72
45
3
0
76
67
33
0
0
17
0
0
14
146
30
0
35
466
0
35
327
0
1
13
317
25
114
2
0
44
281
1374
0
1133
49
1
0
0
0
27
870
0
24
159
310
8
20
434
374
30
0
1074
54
0
0
0
17
294
268
32
1474
84
0
0
0
296
109
5
347
0
0
37
10
0
0
1173
129
1598
65
0
2349
0
1002
0
0
0
221
0
0
0
0
0
0
100
2
182
0
0
19
0
102
434
0
403
18
2395
0
0
0
0
0
0
128
0
337
197
1
197
0
774
267
0
135
60
29
0
58
1147
629
104
1
0
193
27
7
0
0
556
218
72
1038
0
16
299
65
183
0
605
0
98
66
28
49
1515
188
32
0
7
6
0
965
2
2
2
90
165
9677
152
1506
29
16
0
1
48
7
0
396
0
196
3
6
2263
0
63
52
52
0
360
0
1
216
1336
102
178
0
616
109
64
0
0
0
0
112
93
0
0
0
0
212
12
4628
6
45
1
308
0
0
994
132
5
0
138
0
14
2842
118
3
45
61
42
11
89
3
470
0
0
0
22
0
336
1578
0
9
2692
372
129
0
0
0
37
1
6
8
0
0
4
0
23
30
0
0
0
48
205
0
473
0
94
0
551
0
1
0
0
0
620
174
519
53
137
1213
398
41
0
0
26
0
39
369
126
73
0
112
0
19
0
0
302
6
442
135
28
310
40
1
103
0
45
0
6
207
29
500
18
0
50
0
500
271
0
705
0
65
8
40
21
166
45
151
1033
0
6
258
881
200
41
0
2
1
230
0
40
371
0
2
159
0
7
1
21
0
0
4
16
0
0
3
0
764
0
268
0
329
0
0
0
554
594
30
3
653
2
329
328
79
0
108
0
200
9
2059
8
23
5
11
0
3542
0
18
0
453
1
1156
143
2
0
15
323
0
1
0
0
426
0
0
0
0
1606
2
330
42
11
0
226
35
70
41
0
14
3
30
0
14
117
0
0
8
20
0
1
45
0
61
327
66
536
252
666
0
1
8
0
0
0
1
0
217
1128
263
0
276
19
110
6
0
968
41
1
194
1
0
149
0
400
126
7
5
0
0
592
0
0
5
317
0
0
0
0
641
23
296
7
14
0
0
0
0
46
329
49
605
0
155
334
1574
0
19
1
3
22
47
53
0
25
21
170
22
2
215
13
29
0
0
46
23
208
0
46
1767
39
95
106
1289
1154
1
0
558
484
20
24
6
635
0
0
2
0
830
244
12
10
94
6
0
73
0
49
45
441
0
252
10
466
0
0
0
0
2
0
1357
379
0
0
400
9103
1
298
8
188
142
110
74
1
0
890
7
3
193
0
22
899
0
0
650
210
50
21
71
363
216
27
25
24
0
0
3
1174
1
491
0
0
405
5
0
0
0
38
3
0
0
4
0
133
16
0
49
0
570
141
946
27
52
0
341
6
1
5
0
89
0
183
19
5
0
0
0
2
0
18
173
6
0
0
6
25
471
252
0
31
2
9
0
0
584
0
662
1609
264
2
1808
104
259
198
3
35
309
0
178
61
9
456
21
122
92
253
0
2
364
1
15
60
1
107
1741
13
0
0
0
0
0
1252
452
13
0
0
0
2880
0
0
1482
2
137
0
125
0
0
376
97
305
538
167
12
0
3
0
0
150
352
381
0
0
33
1
587
63
0
8
64
0
71
102
116
9
0
175
4
0
603
5
0
0
0
226
1
294
3392
274
52
256
4
64
0
9
53
279
185
150
67
0
142
32
0
1991
439
2
132
3
268
0
0
41
359
0
109
0
6
11
1
0
0
0
190
103
17
0
0
16
166
73
0
2
1276
84
32
258
3
15
0
0
3
17
0
1729
61
476
451
0
67
0
0
170
0
3333
31
7
0
1174
521
426
156
1436
0
188
3
0
2346
0
0
0
0
626
0
0
0
0
5
742
619
561
78
0
2
0
89
48
15
8
0
0
88
1710
469
79
19
0
0
44
131
7
0
0
0
48
0
1539
210
1145
319
0
0
2
1
0
174
0
0
8
336
81
82
0
18
1509
827
0
203
1209
42
116
16
140
0
0
324
5
0
35
0
0
0
3
0
144
26
9
0
3
0
0
1014
714
1
0
6
21
81
0
0
0
0
152
27
0
311
2
0
106
8
165
1038
0
431
117
14
3
3
44
2
0
0
0
566
425
110
368
303
121
354
554
131
275
1
35
22
18
70
0
0
7
0
5
1847
23
713
0
0
136
132
8
12
351
180
149
443
0
76
23
0
22
6
20
0
19
0
5
953
255
38
7
0
1039
0
0
0
284
31
1287
657
0
115
2894
70
116
57
114
45
259
385
0
0
36
0
515
17
359
0
409
0
227
0
423
719
36
0
933
1
0
132
0
235
689
0
2
4
406
0
928
0
0
10
147
0
190
0
0
17
2
0
1
3
5
0
109
15
324
1
274
811
11
428
587
0
0
1513
1
0
0
320
44
70
1
41
0
70
0
356
79
0
0
264
0
9755
0
0
0
21
6
180
77
246
86
0
179
2
20
0
22
107
465
76
1
0
110
0
316
783
169
0
0
7
1
4205
47
23
52
10
18
27
4
6
0
0
8
917
0
585
1
0
25
41
0
129
18
879
0
109
154
3
51
5
373
0
0
0
682
0
0
0
25
1
0
1
124
17
0
279
1
244
1
0
35
25
0
2399
0
17
2169
17
1425
0
143
35
105
0
0
0
70
131
0
9
7
36
1
0
0
1
0
0
80
0
386
0
0
19
28
102
13
0
0
1
77
380
344
0
0
0
222
0
0
781
614
29
154
6407
2
84
276
11
109
73
1349
0
4
42
1727
15
19
41
24
180
0
0
331
42
14
154
16
997
36
206
257
72
0
20
0
30
0
7
0
0
328
11
61
0
2622
4
67
459
113
84
0
2
0
3
53
0
230
0
0
187
14
0
0
0
0
44
0
332
0
18
181
0
76
0
0
14
0
0
66
0
0
28
0
0
0
2
0
0
5
288
11
421
1
119
216
66
0
0
160
0
2479
38
0
0
0
6
20
13
2367
52
519
0
1789
28
1749
480
0
0
0
836
0
262
312
1606
2350
4
1
0
105
2
10
0
0
47
0
0
1212
560
996
19
18
364
0
37
0
170
397
54
1583
0
1359
1
251
15
170
59
0
3
0
0
1
0
0
0
657
368
0
2329
51
0
0
1
155
424
500
72
883
4857
9
94
0
171
261
161
579
2238
0
34
14
407
82
0
6
226
82
33
0
0
44
159
618
0
33
0
111
391
0
1172
0
0
42
12
6
536
13605
0
309
0
0
0
153
0
863
0
58
0
7
1136
46
6
97
0
6
3
8
611
4
0
0
13
0
2
71
310
21
39
0
8
180
2
0
9
208
0
9
11
0
58
82
83
0
0
0
0
57
0
15
0
7
166
464
20
578
2688
92
512
145
3324
0
34
0
242
24
0
705
0
303
4
0
3
6
0
777
65
2
16
166
0
111
5
4
0
0
35
0
0
3411
237
3
0
237
1158
497
2
0
43
0
62
0
1721
0
684
5
0
49
0
66
0
0
0
0
42
0
0
0
0
31
833
147
6
0
72
34
212
9
7
61
138
8
189
0
156
4413
688
0
387
6
0
0
302
142
0
0
0
0
1
598
38
0
0
7
0
0
1
0
0
40
292
0
0
328
214
376
2409
19
496
0
0
9
4
8
0
0
0
0
189
54
0
567
32
2920
64
2
0
140
234
3
147
7
3
123
369
0
0
147
1
5
0
221
0
0
57
0
45
202
0
11
18
0
63
395
0
0
0
0
39
328
25
2
7
131
0
349
104
569
0
117
1435
118
1
0
2763
1820
359
5132
39
0
11
0
0
0
6
110
0
14
6
0
82
1206
5
4
0
0
0
0
30
95
354
0
1
40
18
21
3
287
505
152
58
561
53
0
0
15
335
2
0
1
67
8
43
44
5
0
1
6
11
39
101
10
0
0
0
0
0
0
0
130
2
0
0
71
0
17
0
0
44
273
0
19
0
563
0
203
11
2
59
0
0
0
0
0
1086
1
6
7
47
3
460
229
0
0
14
0
0
0
0
213
1
289
529
238
168
0
102
90
12
1
4
247
66
3
30
0
1253
1
30
0
27
2
87
2
92
4
0
0
187
8
269
203
22
261
13
0
0
10
4
8
136
778
164
0
27
0
80
38
1
0
266
0
50
0
0
164
80
15
127
377
1887
13
0
327
0
298
0
0
0
72
29
120
271
28
0
2327
48
0
0
85
0
0
53
255
1616
19
5
7
3
4
3
0
2
0
39
331
4
15
2214
679
21
728
0
105
16
0
2
237
0
96
0
2
0
8
27
0
0
10
1248
0
133
414
2
0
956
77
0
0
1
7
8
17
1657
19
134
0
4
0
0
0
0
0
292
0
0
93
0
13
3
0
38
55
0
0
0
4652
0
2
0
12
169
490
1284
2046
5
719
29
3
16
24
4
27
930
5
706
1017
0
20
256
0
569
0
0
1
664
0
59
66
0
0
2707
0
78
73
0
0
226
214
0
7
501
364
0
399
0
449
0
1348
53
0
100
0
49
76
185
11
413
18
2
0
1582
197
306
18
2019
0
430
35
656
112
0
181
0
164
201
235
3
2
1
49
21
94
0
23
4654
339
1282
217
0
0
0
1
31
436
1
283
74
18
441
230
0
66
54
69
0
0
1
0
850
0
157
0
189
34
0
0
0
21
0
0
1953
258
0
6
128
7
13
0
130
14
707
27
0
0
143
328
0
13
0
1
0
0
954
421
5
0
592
26
215
220
47
114
0
16
19
4
22
0
0
15
21
1
108
58
0
0
113
396
0
0
199
0
0
0
384
495
150
1
0
204
0
696
235
3
0
208
0
0
1
210
335
3
0
0
0
24
31
64
0
0
0
229
1
0
0
0
29
0
494
186
52
0
0
37
2292
0
439
0
43
0
37
12
5
923
23
0
12
160
146
4
1
0
24
135
0
30
1
83
0
428
0
0
25
48
16
7
0
11
0
2
15
114
18
0
41
2
0
27
116
4
0
0
292
0
0
2
109
20
14524
0
28
30
228
0
13
4
0
0
0
249
73
749
4
240
0
0
79
2
0
26
0
100
1387
0
134
0
113
3
911
16
300
60
0
0
0
2
0
0
5
0
8
0
20
0
0
12
252
531
163
0
0
519
13
0
466
306
29
312
42
0
1289
112
0
58
0
0
0
776
33
183
0
63
19
0
46
279
346
0
386
39
30
2
1
142
104
0
1078
0
0
931
15
374
74
6
174
0
0
498
1212
16
15
33
0
0
0
4
261
389
150
1
20
0
54
0
0
106
0
78
20
0
584
130
33
26
85
0
7
1870
222
0
107
3
65
587
66
68
1255
135
0
0
8
456
100
0
7
18
4
2
0
0
75
280
0
129
4
0
0
0
4
311
0
379
1
0
15
15
309
0
0
0
0
409
269
50
92
0
0
167
0
0
0
16
1647
1920
1
8
5356
25
169
277
1
161
0
0
1
658
22
0
14
288
190
33
0
0
1
0
1
1265
3
0
1230
13
32
68
2194
140
0
0
141
2910
132
1694
173
0
121
10
473
0
41
20
27
18
0
0
0
56
0
0
1942
0
3940
3
2
40
0
10
1
114
123
0
196
101
74
0
105
1143
3996
12
17
128
25
403
157
0
35
1
213
0
0
0
424
759
2
482
2
29
56
1499
0
105
784
145
82
213
82
0
264
9
1176
874
5
1766
0
269
131
325
154
19
0
37
0
0
72
141
13
0
180
0
7
27
15
4
0
2386
47
103
354
93
377
18
0
0
23
0
1342
0
13
0
0
4
1640
0
148
244
4
1705
0
54
222
48
50
297
0
0
347
0
0
0
0
32
0
0
1
19
425
71
0
20
2
2
259
6
0
0
1108
133
870
222
24
1811
59
0
0
150
41
0
0
0
1
31
106
8
0
29
2
0
0
23
11
75
1065
43
309
2
71
2
2827
0
1
10
137
0
14
203
0
51
2
150
37
0
464
394
46
917
105
0
0
565
484
1592
180
0
0
44
0
0
0
0
1121
6
1620
229
282
375
454
0
0
0
0
62
1
610
0
0
213
205
5
147
1
941
44
1
47
153
0
142
0
197
14
201
77
0
1042
42
0
185
6005
4
53
1043
894
220
350
170
1015
23
309
0
507
1344
0
109
45
4
0
0
927
0
315
150
2016
0
24
306
142
0
1210
231
158
0
0
0
0
2226
4
0
1141
0
593
0
118
8
0
747
52
0
0
1250
24
0
0
1
0
180
0
80
1
948
8
108
187
1228
0
0
118
1700
0
4
18
53
33
82
1
80
432
105
0
1
279
31
227
0
0
23
64
0
46
180
0
191
0
0
0
0
0
1
0
2
22
0
0
2
0
15
0
2
572
28
0
2
2117
0
0
5
2
0
71
0
44
0
9
115
0
0
3
53
2
0
62
14
0
0
0
340
0
0
0
242
23
0
0
0
379
0
0
16
16
0
0
0
1
23
0
0
0
0
20
0
0
71
981
1
0
46
0
0
375
15
480
10
0
16
0
67
0
0
0
74
0
111
0
0
2
1
17
0
29
0
0
557
11
0
471
28
0
1027
36
11
0
43
438
0
0
10
0
0
52
23
59
0
78
42
0
1
1003
767
20
0
121
0
1
37
0
25
5
0
12
0
0
0
0
522
0
8
0
0
2029
0
370
6
2
0
0
359
218
305
65
0
0
1
0
0
0
19
0
0
29
0
0
140
0
0
0
0
0
54
2521
109
1
0
84
3
0
0
0
0
0
0
3
0
0
0
0
0
13
0
0
9
55
0
0
0
81
0
74
0
0
0
0
0
0
0
32
0
0
0
0
0
0
97
0
0
6
9
164
1
0
0
0
0
0
7
0
0
1
0
0
0
0
0
52
0
11
1
0
0
8
3
0
0
0
0
0
2
0
0
0
0
3
0
0
0
6
0
0
1391
0
0
0
60
0
0
0
0
555
0
0
147
75
0
22
76
0
4
0
0
0
0
0
42
33
0
0
0
17
461
65
0
68
0
0
0
0
0
0
0
0
3
0
0
40
0
0
0
479
0
12
0
0
0
0
0
0
70
0
90
0
25
0
40
0
2
0
0
55
0
0
18
0
7
5
0
0
0
118
6
0
15
0
7
170
0
0
0
28
57
0
64
0
6
0
176
0
23
0
125
0
2
2
0
15
0
0
0
0
87
0
0
0
0
489
0
10
1049
300
0
0
41
53
0
0
0
0
0
230
0
0
228
0
84
1
2
0
0
10
0
0
0
1
0
44
0
0
302
1
0
0
2
0
25
0
6
0
0
0
0
0
4
0
26
0
0
3
52
0
104
0
0
169
6
0
0
0
0
206
0
0
5
0
0
0
0
0
0
14
0
0
28
0
0
100
2
0
0
0
64
0
0
0
78
0
0
32
0
0
0
5
1
0
0
0
0
0
0
0
0
0
0
0
0
1
0
0
0
8
0
0
0
0
110
13
0
220
10
1
0
0
0
34
0
0
0
0
0
0
0
0
0
0
0
0
0
0
0
119
0
76
0
0
0
0
114
0
0
0
232
0
15
0
0
0
7
0
1
0
4
19
0
0
0
0
0
0
0
0
0
0
4
0
527
0
1
0
0
0
0
0
0
0
0
0
28
36
0
0
13
0
19
397
0
0
0
0
0
0
2
0
2
0
0
0
0
31
0
296
178
0
0
0
0
0
0
0
0
252
4
0
0
0
0
0
0
0
0
698
28
0
786
1
0
90
0
0
1
0
0
0
0
0
0
0
0
0
4
5
22
0
3
0
0
0
0
0
0
0
0
113
0
0
0
38
20
0
188
0
34
0
0
0
0
0
7
1
0
0
0
0
0
12
5
0
1
0
83
0
0
36
1
0
0
4
0
0
0
0
0
0
0
185
0
0
0
0
28
0
0
0
0
276
0
0
0
0
0
0
0
0
0
4
68
5
0
0
0
386
552
0
0
0
1
3
0
0
0
0
0
0
0
0
27
0
39
1
0
29
0
46
107
0
8
3165
0
0
0
0
314
0
80
0
0
0
0
0
7
0
0
0
260
2
13
0
0
28
0
139
0
0
0
0
3
0
0
1
0
0
0
2
0
10
0
0
0
128
0
0
0
0
0
0
0
0
499
0
134
0
0
0
0
0
0
0
0
62
0
0
186
1
0
106
10
404
0
0
0
6
0
60
0
0
3
0
275
1
0
0
0
0
0
0
0
8
51
5
0
0
1
0
0
15
0
0
46
20
694
0
0
26
11
563
0
300
0
0
0
62
0
0
0
0
11
0
0
0
0
56
1
0
0
32
0
0
0
0
0
0
0
13
0
0
0
0
33
0
47
0
1
5
0
46
0
0
0
0
0
596
0
0
0
270
0
0
28
0
1
12
0
4
0
0
8
0
0
1
0
100
659
186
0
0
0
0
0
0
0
0
464
0
41
0
0
0
0
2
518
0
231
0
0
8
0
0
2
0
0
9
0
601
0
3
0
0
0
6
95
0
0
0
46
0
67
0
0
27
0
887
0
0
0
197
0
0
0
0
0
2
0
0
8
1
0
0
0
127
0
0
0
0
368
6
0
0
202
0
8
0
59
206
0
36
0
0
0
0
0
0
0
0
1497
0
44
0
0
0
0
0
123
182
0
0
40
0
271
0
0
4
0
1
0
0
20
0
0
0
0
88
6
0
1
0
0
20
0
0
0
55
31
0
1
430
0
250
40
1
0
0
0
0
0
0
0
0
133
5
0
5
24
0
0
0
0
0
0
0
0
0
0
2512
0
5
8
0
0
0
1779
153
29
6
2
0
0
0
10
14
0
8
0
0
0
2
0
0
0
0
0
0
0
0
76
0
0
0
0
661
13
1
0
1
4
0
7
0
0
0
26
4
0
0
0
0
1
701
3
200
2
0
4
0
0
1182
35
0
0
88
243
0
337
26
0
0
20
0
0
0
5
9
10
27
0
0
0
0
0
0
0
0
0
0
0
0
0
293
147
0
1704
14
0
0
0
2
32
1
0
4
0
0
0
0
7
0
12
65
29
235
0
0
0
0
0
0
0
0
139
0
0
0
68
0
0
0
0
0
0
0
0
0
0
0
0
0
40
50
0
0
0
0
0
0
164
0
455
0
0
0
0
0
0
0
474
0
0
228
5
0
0
18
0
0
527
0
0
7
0
0
0
0
0
48
42
8
64
0
0
0
4
16
30
0
0
0
0
0
0
0
0
575
331
84
0
202
1
0
0
0
0
1
9
30
2103
0
0
0
0
0
0
515
0
0
0
1
0
0
26
10
0
1
1
3
0
0
67
0
0
0
0
118
0
0
0
0
12
6
0
0
0
0
1
0
0
104
0
0
0
0
0
0
33
0
0
0
0
0
3
0
0
0
0
197
0
5
0
0
2
2
0
0
89
0
0
14
30
0
0
0
205
0
0
15
0
0
112
0
0
0
2
171
13
0
0
5
0
15
9
0
10
36
1
5
0
64
1
81
0
0
37
0
231
0
430
78
0
2
9
0
49
0
0
0
0
21
0
0
0
6
0
0
11
0
18
219
477
0
4
0
0
16
0
23
0
0
0
0
0
0
0
0
7
0
423
95
177
0
0
0
53
0
0
8
0
9
18
0
257
710
1
0
0
0
0
9
423
2
15
10
0
0
0
0
62
2
0
0
32
8
0
0
10
0
2
0
49
9
0
0
449
0
0
0
0
8
0
0
1
0
0
0
0
0
0
0
0
1
0
0
24
4
0
0
0
30
128
4
0
0
83
0
0
113
0
0
5
0
275
0
0
0
0
82
548
0
742
0
0
0
0
0
0
0
4
0
0
0
0
0
0
0
0
58
0
20
0
0
0
0
0
0
60
4
44
0
0
0
0
619
0
0
124
0
0
34
17
0
341
62
0
0
0
0
0
0
0
0
448
0
0
0
35
40
0
0
0
0
93
264
0
0
2
33
16
0
819
6
19
0
0
88
0
134
285
49
67
0
2
12
0
249
0
0
38
0
0
1
0
0
0
0
310
0
0
0
0
0
0
0
0
0
1
146
1353
0
2
0
0
0
56
0
0
123
62
0
0
1
0
0
93
0
0
0
0
1
0
0
0
1
0
6
0
17
285
25
3
0
0
0
0
0
14
57
0
0
0
13
20
0
0
10
0
0
0
0
0
0
0
113
264
0
0
0
0
0
0
0
84
364
0
50
117
0
0
0
203
0
0
0
36
0
21
3
116
5
0
0
163
0
0
0
0
0
0
0
0
0
0
0
0
0
3247
92
6
0
0
0
0
0
0
329
189
250
0
0
389
0
21
0
0
0
0
0
0
0
279
0
23
13
65
0
0
11
0
984
0
0
0
0
0
1101
0
52
0
0
3453
36
0
0
0
0
0
0
0
228
0
0
35
0
0
0
241
0
0
35
1
0
0
2
0
0
87
0
15
114
0
0
0
0
0
0
96
0
1241
30
0
0
0
0
0
68
493
0
0
1
5
948
0
0
33
0
0
0
662
0
872
451
1
0
11
2
0
2
0
0
0
0
0
4
394
0
0
4
84
0
0
0
0
0
0
0
0
0
37
2
516
20
0
0
10
0
5
0
0
0
0
31
269
3
0
0
0
225
0
0
1
0
26
0
4
48
0
0
24
0
0
0
1108
0
0
0
0
86
0
358
0
2
0
67
0
0
2
115
0
14
0
0
171
2
56
0
0
0
375
0
0
0
0
0
0
0
270
12
0
784
5
11
100
0
0
1184
0
0
29
5
0
2
0
0
0
0
0
0
0
0
10
0
0
0
0
0
0
11
0
0
0
0
141
0
0
0
276
0
0
0
1
0
7
0
0
0
0
0
11
0
0
0
0
0
0
2
272
0
5
0
0
1265
0
0
0
0
127
0
0
1
0
0
0
367
0
5
0
0
0
8
681
21
13
0
476
0
1
15
0
0
0
8
0
98
0
33
0
0
0
0
0
37
3
216
0
0
47
1
0
0
0
0
712
105
1703
0
0
0
0
106
49
0
0
26
605
0
0
0
24
0
0
0
0
0
1
28
0
1006
0
23
0
8588
0
5
17
0
0
0
0
0
0
0
1
29
0
61
0
63
0
96
108
0
0
0
42
0
0
0
138
3
0
44
10
0
275
0
0
0
9
0
0
0
16
108
410
0
0
0
0
15
0
0
0
0
0
7
0
14
0
10
0
0
0
0
0
0
3
0
0
0
0
2
46
308
0
0
0
7
3
0
0
0
0
0
27
0
0
0
0
50
0
0
0
0
0
52
5
0
0
0
0
0
0
0
0
0
0
0
0
0
0
0
20
14
0
1
0
0
2
0
0
0
0
0
0
0
2
0
4
0
4
0
1
34
1977
0
0
0
2
0
0
0
0
0
0
0
0
0
0
0
0
0
1
0
69
0
478
0
228
0
0
131
0
0
40
0
0
0
0
0
0
485
0
21
0
0
0
0
0
0
0
0
239
0
138
0
0
0
0
0
0
0
436
0
0
0
0
0
0
0
0
0
0
6
0
0
0
2
0
0
7
0
0
0
0
0
0
26
0
0
235
0
0
0
0
0
0
133
0
0
0
0
0
124
0
1939
0
0
0
0
0
0
0
0
0
0
0
71
0
0
0
0
181
0
466
0
0
0
0
0
0
561
0
1
44
0
0
0
7499
0
0
0
0
9
0
91
36
9
125
0
0
2
0
8
208
204
0
0
0
90
0
0
0
0
0
344
0
0
0
0
6
0
196
0
33
0
0
0
682
0
0
7
0
193
0
1643
0
18
0
338
30
0
1
0
4
0
0
1
0
0
0
0
0
0
0
0
0
0
0
0
0
0
3
0
0
1085
0
344
0
0
2
5
0
0
0
0
0
78
5
0
0
0
0
0
0
0
0
0
14
0
0
0
0
0
0
0
0
0
0
0
91
0
0
0
0
0
0
467
0
0
0
0
0
0
0
0
0
0
0
0
0
0
0
0
9
0
0
0
5
0
0
0
0
0
0
0
0
0
0
0
0
0
0
1
0
0
2
0
4
0
0
0
0
0
0
0
0
0
0
0
0
0
0
0
0
0
0
0
0
34
0
0
68
0
0
0
12
0
0
0
0
290
428
0
0
0
0
0
52
0
0
184
0
3
0
0
0
0
0
0
0
0
0
0
0
0
156
0
0
0
0
0
0
0
0
347
2
0
10
141
22
0
0
0
0
0
5
0
0
0
0
0
30
0
0
0
0
0
0
799
0
0
0
0
0
0
13
0
1
0
0
0
6
0
0
0
0
0
0
0
102
8
26
0
2
0
0
0
215
0
0
0
0
0
0
0
371
0
0
0
0
0
566
0
0
288
112
0
0
0
0
0
0
16
1
0
0
2
0
0
0
0
0
732
0
0
0
0
0
0
118
0
0
0
0
0
0
0
0
1
30
0
398
0
0
0
205
0
0
0
0
0
0
22
331
0
0
1
0
0
0
0
0
8
0
1
0
0
0
33
0
0
0
0
0
0
0
0
0
0
0
0
2
1712
62
69
1
59
0
0
82
1
0
22
0
14
717
14
0
0
0
0
6
0
0
0
0
0
0
0
33
251
12
0
120
0
588
103
129
0
0
0
0
0
19
0
1
441
15
0
190
14
36
0
0
363
79
127
920
0
0
0
106
16
0
11
31
0
0
44
0
33
171
0
259
0
0
0
33
0
16
0
0
152
0
0
0
741
0
31
0
0
4
4
0
113
0
322
58
450
0
45
0
1
0
0
0
213
36
178
13
54
0
14
0
22
0
3
274
6
0
0
70
0
92
28
1037
57
0
0
0
144
1
5
4
2
0
0
0
0
236
0
306
0
709
0
0
0
0
0
17
67
0
0
0
0
0
0
0
0
99
103
13
4
0
682
0
0
4
0
0
42
0
0
441
0
24
0
0
0
0
28
139
0
0
231
0
58
0
233
0
12
0
122
0
0
9
0
0
576
99
0
7
0
14
0
0
15
0
0
9
0
3
1029
0
0
1
2
0
7
1
0
14
0
0
328
658
0
0
255
0
454
0
52
27
34
0
98
0
0
12
380
8
298
0
3
9
350
0
0
0
7
2
61
1
6
0
0
0
0
0
0
445
0
0
0
0
4
0
0
0
0
107
0
0
0
0
0
0
0
0
2336
8
494
2
0
0
0
22
36
0
277
10
0
0
14
0
0
80
0
3222
21
466
0
0
185
58
143
2
14
0
2210
0
364
298
258
0
111
0
54
1263
544
1
0
0
0
823
0
1096
0
0
0
1
8
81
12
12
0
0
0
140
1
71
19
11
112
198
1
614
3
20
0
202
97
10
0
202
88
0
416
0
30
28
0
28
3
119
0
0
2
0
0
583
0
0
6
1092
0
0
4
112
0
45
177
19
26
0
39
108
0
0
0
2
0
1
0
11
0
0
4
0
36
0
1
0
458
179
35
0
87
1
0
0
1381
0
0
195
0
19
0
0
124
55
6
101
0
0
0
0
262
0
31
0
0
0
0
0
0
0
33
0
97
139
15
0
13
72
184
0
0
136
24
58
0
23
1
121
6
0
53
0
0
0
43
586
0
60
3
54
1183
81
39
8
23
0
3204
7
0
15
4
11
657
0
0
263
147
157
0
132
414
0
0
55
33
82
0
415
2
0
0
0
0
0
5
107
0
0
214
0
71
23
0
61
0
0
0
0
0
101
0
19
136
0
0
0
2
0
0
0
583
15
840
697
195
10
0
31
6
0
11
0
0
0
1226
464
0
370
0
1
0
1364
1
0
294
0
0
0
38
0
7
0
2
0
324
0
51
0
16
0
0
69
0
0
74
2
201
732
10
0
0
126
330
394
6
0
0
0
0
0
980
17
0
362
0
0
0
30
2
480
9
0
2
0
62
32
80
432
6
0
0
0
0
81
0
0
0
0
0
0
33
0
1019
0
60
189
0
0
0
0
127
361
0
0
0
0
14
0
21
216
0
0
0
0
24
1
108
0
46
0
2
0
134
15
0
0
0
0
761
0
0
261
0
0
0
2
12
0
136
39
0
0
3
0
3
98
0
0
0
0
294
14
0
29
0
38
0
65
27
0
50
0
0
0
0
310
0
21
587
0
0
7
0
0
2
63
0
102
35
4
0
0
130
28
0
0
2
326
220
10
0
0
0
1
0
368
8
0
8
13
1
0
0
0
0
0
245
0
10
0
0
0
0
0
1236
0
68
0
0
0
12
0
0
0
0
1315
0
3
0
28
0
110
0
2
0
0
379
0
0
1
0
0
0
0
0
101
0
1
0
968
0
2
14
1
108
0
950
0
0
0
0
1296
130
0
83
38
0
0
0
14
94
0
66
5
2
0
0
0
0
4
7
29
1700
111
80
0
0
7
0
1
0
0
197
725
0
34
0
0
0
7
0
16
230
0
0
32
0
228
114
68
0
0
252
153
15
33
0
625
0
40
0
0
0
0
7
17
291
416
42
47
3
0
0
2
3
250
78
5
2
0
313
3
0
54
0
0
294
8
0
366
27
0
232
12
0
44
1
0
1
0
3
1143
0
4
0
5
0
0
0
117
0
0
292
1
0
0
0
0
0
64
0
100
90
33
5
0
3
0
0
0
1145
184
2
33
62
201
0
32
21
0
0
0
2
0
0
0
15
0
0
0
0
13
0
0
88
13
19
0
0
25
0
4
0
0
2
30
0
0
0
8
0
14
11
3
0
0
4
0
0
1
0
101
4
0
0
7
0
0
0
0
0
17
264
0
0
13
6
868
0
3
41
82
21
81
0
0
0
0
0
0
0
0
2
22
0
17
19
0
0
0
50
0
118
0
0
2
414
41
2
0
1
50
9
0
0
43
825
2
63
0
51
41
1453
95
444
0
9
266
30
0
1668
0
0
8
60
0
2
55
0
0
153
0
6
0
11
5
0
14
0
0
0
0
20
0
0
0
0
0
39
208
96
4
0
0
8
43
1
72
212
0
0
0
0
15
0
0
56
4
52
3
0
72
370
2209
9
0
4
0
2
0
46
36
2280
0
9
25
8
0
0
2
0
0
43
403
0
0
0
0
0
0
61
175
9
44
3
230
191
0
4
0
570
3542
0
392
0
0
24
409
37
0
17
17
0
2
52
43
8
0
6
1
2
8
0
23
105
155
256
4
0
166
0
6
0
14
0
4
105
0
0
0
4
46
56
0
5
0
0
20
506
0
1
0
5
3
0
233
0
0
202
322
1002
552
1
0
121
0
62
0
4
0
312
3
1
0
0
0
14
0
47
0
0
0
76
17
134
1
7
0
17
12
0
652
0
560
0
0
0
513
55
108
0
826
0
0
50
72
337
80
3
239
8
33
0
51
12
568
11
1
0
2
0
7
598
0
26
0
24
40
0
0
66
90
0
118
18
456
282
16
3
0
29
0
0
27
0
227
201
236
27
66
0
297
0
96
0
0
113
131
0
0
0
165
0
0
0
34
6
126
0
1094
0
0
4
2
9
64
0
186
22
31
4
372
157
193
15
39
0
247
3
0
0
87
0
3
66
9
0
0
112
0
0
7
0
0
0
27
1259
31
0
401
220
0
577
0
0
0
0
0
412
25
0
182
8
0
0
0
0
0
92
13
20
0
109
0
0
0
9
1
0
538
0
2
1310
0
1
0
34
0
0
0
101
51
0
0
0
0
117
0
0
336
0
9
0
15
0
0
48
2
95
0
18
51
0
25
0
10
0
561
24
295
0
0
514
100
0
86
7
0
0
0
0
129
17
6
0
0
0
0
37
1
113
0
131
8
34
24
27
0
47
0
1
7
1
21
48
30
124
968
543
15
98
0
3
0
43
0
279
0
0
4
0
881
10
9
498
67
544
219
0
1
9
0
220
0
31
0
0
367
47
3
0
94
23
0
4
3
66
44
60
5
0
0
0
29
0
0
0
290
71
2
4
71
0
115
1
42
13
0
0
15
1
0
129
125
0
29
0
39
2
0
0
12
0
299
0
0
3
0
0
1
0
0
0
3
0
0
10
0
415
337
224
5
0
0
0
111
69
0
0
0
0
0
92
99
0
0
0
35
0
0
1
0
36
5
0
0
2
0
7
0
0
21
0
3
38
22
5
2
0
5
20
52
80
0
38
0
219
5
1
0
0
0
195
0
158
0
431
1
120
5
6
429
222
454
0
0
13
0
0
0
103
0
15
14
0
3
9
35
11
0
12
603
0
46
0
25
939
0
0
0
14
6
10
61
364
97
32
34
13
0
12
35
0
395
0
0
0
120
0
0
5
0
0
89
15
127
5
26
0
0
0
19
27
17
244
0
0
962
0
394
0
0
31
576
0
0
49
0
0
0
30
0
2
230
3
0
0
0
0
42
0
0
0
0
0
2536
3
84
0
0
0
31
86
21
232
141
163
869
173
0
51
0
174
30
0
254
0
504
0
76
0
270
0
143
0
0
0
0
5
4
0
1
4
136
0
0
1
0
393
19
34
421
0
1
0
203
0
0
0
0
23
0
161
2860
0
513
0
0
25
97
24
0
0
11
0
0
0
0
174
0
0
0
67
0
4
1
0
0
1
6
70
104
113
0
8
454
0
0
7
3
0
723
0
2
0
134
0
304
145
16
0
3
0
0
0
0
0
0
530
44
521
0
80
0
0
8
881
0
59
0
0
20
0
31
0
0
0
0
292
1
1
22
0
0
0
0
0
17
1
4
299
0
0
54
1
700
0
0
0
0
313
0
108
50
0
0
10
0
0
0
825
0
0
0
0
0
0
2
0
0
78
1
0
0
12
0
148
19
0
144
0
25
33
0
52
0
0
0
0
0
33
0
0
0
0
0
5
1
1
17
9
242
0
0
533
0
0
0
34
1
0
5
435
19
80
0
10
38
0
0
0
0
1
0
1
57
0
5
0
0
0
0
0
0
0
1
1
724
0
30
214
1
0
0
0
7
0
0
317
0
0
513
0
0
0
0
73
4
0
0
0
0
5
41
32
0
2
6
3
0
0
896
0
50
0
1
68
0
0
0
93
5
12
18
74
306
0
17
0
137
13
0
11
0
0
0
0
0
0
0
0
458
11
0
0
0
4
62
0
1
0
218
0
0
0
0
292
10
0
0
0
194
644
0
28
0
0
78
123
70
270
1
0
0
1
19
0
1
487
8
107
68
0
162
466
1
4
0
19
0
5
0
67
473
0
0
0
0
0
0
99
6
0
0
0
0
489
53
0
154
599
52
49
0
33
13
4
25
10
0
92
75
4
74
70
147
368
0
0
130
0
7
1
0
0
0
438
0
488
0
140
659
27
42
0
0
0
8
48
0
53
0
0
0
58
3060
0
262
193
4
0
40
0
124
1
0
0
0
0
0
697
4
0
0
0
0
0
84
0
31
52
0
1536
0
4
0
0
192
53
0
43
0
0
0
0
0
0
0
1
0
0
91
0
187
0
27
26
382
95
0
76
1
0
0
0
7
0
39
1
0
18
47
0
0
102
0
0
0
1
13
21
0
262
149
1
13
134
0
0
84
573
0
0
0
10
0
0
23
544
155
10
0
0
0
5
0
25
71
866
0
741
19
786
34
0
0
0
0
0
0
287
768
0
0
0
0
0
131
400
54
7
0
2
0
77
245
0
7123
0
11
351
331
0
0
0
0
7
0
13
81
0
0
9
0
0
268
0
0
86
62
1
320
0
265
2
122
0
0
0
0
0
0
240
2060
0
707
0
148
41
158
648
0
0
0
0
17
189
0
181
200
11
1
8
9
320
204
0
0
0
53
0
0
0
4
0
0
0
41
0
0
36
0
7
4
0
0
660
11
0
0
343
8
13
0
83
0
0
44
1719
0
0
0
207
149
0
0
3
6
0
46
243
594
0
0
77
0
605
8
4369
0
6
425
0
0
0
2
0
0
4
17
0
36
0
313
389
0
55
11
28
0
118
3
149
1080
2410
0
371
205
0
0
0
27
0
127
1
0
0
0
2
1
248
0
11
0
1
0
72
0
0
113
35
26
12
5
37
104
10
7
0
0
2
172
3
333
65
7
0
0
0
390
1
0
93
0
0
0
0
1556
0
235
0
0
97
0
2
2
0
140
0
9
2
250
0
0
35
0
18
6
0
23
103
0
1
256
357
0
0
16
42
154
5
0
3
0
97
0
15
0
0
2
41
0
0
334
38
0
22
673
40
174
1181
227
0
0
1
0
1
6
0
337
262
0
0
1
0
33
421
12
0
0
2
420
5
3
0
0
148
162
198
0
303
32
0
0
120
5
0
0
2
0
3
162
33
38
9
219
0
0
0
0
0
0
609
0
16
288
268
9
2
93
0
0
2
203
133
62
0
0
0
3
100
6
3
558
0
0
0
217
0
0
0
3
0
591
970
0
5
5
265
0
0
0
0
0
1
392
798
0
377
0
45
0
0
52
0
4
0
1
0
44
3
0
0
0
0
1
255
2
0
0
0
52
0
0
0
2
0
20
1319
73
0
0
261
0
166
105
6
0
8
22
0
0
0
0
244
24
0
14
188
531
2
0
0
0
0
0
0
0
0
0
11
0
36
0
1415
0
0
1
555
0
0
57
0
2
0
0
0
0
0
303
112
13
341
0
0
44
0
0
0
0
0
0
19
0
0
4
0
0
0
892
38
15
108
0
0
0
15
1
141
34
0
17
492
0
0
0
135
0
0
8
4
2
1701
4
0
244
7
0
0
14
0
5
0
0
0
26
4
0
0
0
0
0
0
0
0
0
0
3
370
0
0
19
0
3
24
1
0
0
101
16
11
0
574
0
3
1930
0
28
0
0
38
0
0
0
79
40
0
15
669
0
195
0
0
134
4
2
162
0
549
0
0
0
42
387
0
0
0
0
0
22
92
14
0
0
0
55
303
385
0
20
23
0
22
11
5
0
10
50
0
0
25
6
0
0
0
162
0
0
0
4
26
0
233
0
0
13
75
1289
19
17
61
0
0
121
1432
0
2
935
0
1
0
35
69
0
0
26
0
0
8
18
0
24
0
21
1
0
0
23
6
0
0
0
801
0
0
0
3
0
0
62
12
0
0
0
0
51
0
17
0
0
61
29
1
0
0
698
0
71
35
0
0
152
0
0
0
54
126
3
2
0
16
0
425
0
0
0
200
953
0
1
58
0
66
1
0
0
0
480
1
0
0
1
66
25
7
129
50
0
333
0
0
0
407
93
59
0
22
40
0
12
0
0
113
0
6
0
49
147
0
1
0
80
0
1254
0
1
216
0
0
0
0
2
3
0
5
2
8
592
0
27
12
0
441
3
0
0
86
0
0
0
0
299
1
287
697
102
170
0
0
58
1398
0
0
3
24
0
0
2
0
77
0
131
9
0
175
922
1
4
0
1
11
0
249
9
0
78
0
0
507
0
21
0
49
537
0
0
0
81
0
0
24
227
0
0
0
0
408
381
36
11
0
0
0
5
0
3
0
0
34
0
0
2
11
61
618
364
0
6
65
0
0
0
0
0
0
0
0
0
2200
3
166
0
4755
0
1102
0
0
1
170
0
8
0
2
12
83
28
54
60
34
56
0
69
0
57
1
17
0
3
0
87
2
0
220
10
193
0
6
0
0
20
31
189
0
1
0
0
0
2760
0
86
100
90
154
106
5
5
0
149
2
0
129
2
0
0
0
45
0
0
4
0
61
1
0
0
6
10
0
19
0
409
0
0
0
7
0
0
1
0
486
3
0
0
32
0
6
70
0
0
1
126
0
0
0
270
0
1
13
390
21
17
67
0
9
389
0
0
333
0
0
0
175
0
3
0
31
0
0
0
0
0
238
16
396
89
0
0
0
0
271
0
31
0
203
139
0
280
2
180
88
51
30
66
0
0
44
309
2
742
0
4
0
76
0
6
0
0
778
0
0
0
64
0
811
0
21
0
7
0
11
2
15
0
110
0
11
47
5
0
0
0
216
0
13
316
0
0
1
190
75
140
29
0
2
0
27
114
140
0
0
64
0
1
0
0
0
0
374
0
5
13
26
57
0
0
0
0
133
0
30
0
19
75
10
0
0
0
14
0
61
0
52
0
9
0
2
149
0
11
469
0
218
243
0
48
0
70
75
0
48
0
16
0
122
31
57
2
4
302
26
46
0
0
0
115
654
739
41
0
0
0
0
0
65
435
0
32
1
138
0
28
0
0
0
0
43
0
91
0
26
45
175
4
0
9
55
82
0
145
0
0
0
38
6
0
0
2
3
0
130
90
0
117
30
1598
13
93
0
18
11
0
0
0
0
16
0
0
1
0
0
5
59
5
2
0
13
4
110
0
157
8
336
25
0
1761
38
93
0
0
0
0
5
0
611
0
349
5
4
0
24
3
3
0
23
0
28
0
0
0
115
157
1016
13
9
2
0
4
19
72
0
3
76
0
0
39
265
0
0
0
628
0
549
23
0
0
63
114
6
0
65
123
0
8
0
0
0
548
4
26
636
1323
0
92
0
0
100
137
604
132
0
0
0
11
4
92
206
171
9
0
0
6
0
127
1134
0
4
64
12
0
0
0
0
133
0
775
389
477
2
0
267
0
635
0
0
7965
3
0
0
0
32
14
13
0
0
41
0
142
73
0
515
10
217
14
2
115
0
2
248
341
6
1
0
139
19
166
0
0
0
0
6
0
0
0
1
0
46
0
0
0
26
0
209
0
0
290
0
431
16
0
74
0
19
174
0
0
53
61
1237
0
0
0
445
307
4
0
81
7
0
1046
17
230
1
0
0
0
3
108
11
5
21
0
0
0
3
1
2879
11
0
0
0
37
5
0
0
0
0
0
12
0
3
130
0
8
58
0
1
0
545
0
122
83
0
1
2
0
0
151
0
0
27
0
79
0
250
0
8
0
3170
32
50
0
0
0
31
60
206
0
3
0
23
2
4
988
40
583
1
0
0
438
15
0
186
267
0
131
0
0
0
0
0
16
92
32
2462
147
0
1
0
0
231
2
3
0
83
7
0
1407
10
0
5195
59
315
223
0
0
1
0
0
76
29
36
0
1
131
73
25
1
0
176
1
2
79
12
6
0
1
0
0
36
0
0
0
0
0
483
0
10
0
0
0
0
29
8
0
0
111
2
628
0
7
0
0
885
2
11
0
27
1
26
0
329
239
0
0
0
0
0
0
0
0
0
0
0
0
0
0
0
1
0
0
16
0
0
0
0
267
0
0
0
0
0
44
9
2
2
0
161
19
0
595
0
0
2
0
0
0
0
0
1
0
339
0
0
0
0
0
1
147
81
0
0
0
0
0
18
0
0
0
51
121
51
0
2
14
517
4
0
21
93
0
0
18
26
0
0
117
41
16
0
0
0
514
70
0
3
127
0
40
1
85
42
0
4
101
19
726
146
0
41
0
0
0
20
0
482
0
0
0
0
0
0
0
0
0
257
20
287
0
1
0
0
1
0
53
362
0
10
51
630
0
0
139
0
0
1
382
2
0
2
118
8
0
0
0
0
157
0
0
2
0
453
0
0
0
4
0
14
2
0
0
0
0
0
0
0
0
95
0
707
3
1
529
10
0
43
0
78
168
17
115
0
0
15
0
1392
0
0
0
0
44
27
0
16
0
4
2
33
0
0
3
0
290
238
175
3
38
0
70
0
0
0
0
0
0
0
1079
6
4
12
0
0
0
0
1
0
100
0
0
232
7
349
184
9
16
0
0
0
54
0
418
0
4
374
0
0
0
0
0
0
0
4
369
0
1
0
1
0
1266
8
0
0
0
607
0
0
2
22
1
0
40
0
8
0
49
56
0
0
5
278
0
0
2
0
315
82
217
0
31
3
5312
0
0
211
0
3
0
0
0
3
0
0
122
7
0
2
0
0
431
0
0
36
1418
2
163
84
62
0
0
244
3
0
6
1
110
272
0
39
0
0
0
3
0
0
1
3
210
0
0
0
0
0
0
0
98
10
298
0
0
0
10
43
399
0
28
0
0
0
0
2
0
1
0
0
390
110
0
0
0
0
7
0
156
123
0
431
0
0
0
27
0
1
14
0
0
0
0
144
0
132
56
0
112
31
0
348
0
0
24
1
92
0
170
0
53
19
0
0
3
22
0
0
4
0
21
0
0
0
0
52
5
20
496
1
369
0
282
0
619
0
0
5
7
25
510
5
158
48
10
0
27
22
0
4
0
0
67
136
98
7
0
0
0
0
6
0
19
0
0
69
0
0
537
0
1
4
0
0
0
0
0
0
6
3
123
4765
57
0
14
0
1
2
98
0
0
0
0
0
0
9
0
0
0
0
6
46
288
35
7
0
14
0
385
0
3
0
5
0
0
0
2
0
0
11
156
328
0
647
0
19
93
718
61
3
0
0
0
1
255
197
0
0
0
0
0
117
0
0
0
0
0
48
90
56
3308
0
0
17
166
394
0
0
1
2
66
0
75
0
683
0
0
48
0
0
0
18
0
265
0
251
20
146
0
210
2005
222
0
30
10
0
0
0
3
0
6
0
0
0
55
0
47
0
4
3
285
206
53
0
0
0
2
0
5
112
0
34
40
2
6
9
793
23
24
16
1
0
0
1
639
0
24
0
13
292
0
0
1999
8
175
7
344
1
0
8
1
0
2788
0
1073
0
0
0
338
0
2
0
181
0
151
765
0
5
2
10
1378
0
0
1
121
0
0
10
0
0
0
48
0
0
12
58
11
1
14
0
90
232
5
0
0
0
0
0
0
216
7
2432
0
0
4
0
0
0
0
32
0
0
0
1953
0
1037
0
0
325
6
0
0
11
33
125
0
0
7
0
272
2
0
0
28
11
80
0
258
0
0
0
0
0
0
0
78
0
0
375
0
14
1
1248
0
0
0
108
5
0
115
1
0
9
0
137
19
0
21
0
0
0
221
15
8
0
0
0
0
0
0
0
0
44
123
0
63
269
18
0
44
0
218
0
36
0
16
0
0
0
0
5
0
0
6
35
0
49
363
0
0
0
35
61
13
40
0
721
5
33
0
0
0
0
0
5
30
337
3
0
0
0
53
2
0
15
0
36
32
0
0
0
50
4
1
1653
47
0
94
105
10
0
73
54
0
1330
798
36
66
44
530
81
0
0
53
0
58
435
0
69
0
0
2
0
0
0
0
0
0
1
119
0
0
0
14
2
0
0
0
0
1
0
136
0
24
2
16
0
0
0
0
1
0
0
0
0
254
0
1753
13
5
11
0
312
0
0
0
0
0
0
0
28
0
0
150
0
8
4
3
7
202
0
562
95
1
0
100
0
0
0
21
0
0
3
0
0
0
172
6
0
0
0
9
24
50
0
2
0
27
2
0
119
7
0
0
76
35
0
0
0
0
39
177
0
45
0
0
0
35
0
0
4
0
186
0
6
221
0
0
0
11
0
0
392
0
5
0
3
0
0
0
342
1588
1
35
0
0
47
194
0
0
3
0
52
340
0
342
391
0
0
17
0
0
125
0
0
4
16
0
0
79
0
48
2
432
0
0
0
0
199
2
0
3
0
0
0
0
303
20
0
0
48
1
85
0
0
327
0
0
90
7
172
125
2
0
79
0
0
2
60
41
1
2
0
9
43
254
0
0
0
0
0
0
5
4
0
105
1
0
18
122
0
0
29
0
193
96
21
0
0
0
0
6
0
334
0
209
0
23
0
0
142
0
0
0
0
617
0
30
4
181
1
3066
1
0
59
105
232
36
184
1
3
283
0
569
0
68
7
89
0
0
34
163
0
0
343
0
292
0
0
0
1
0
0
8
1
111
0
12
0
13
0
13
0
0
280
0
0
104
1
309
26
2
996
1569
0
0
0
0
0
839
93
0
0
0
2
0
0
0
0
348
56
0
0
0
0
551
0
49
8
0
20
13
0
0
0
137
0
38
46
14
0
5
211
0
164
1
48
5461
5362
26
123
0
0
7
105
17
0
230
26
139
1
0
30
103
15
0
184
0
0
62
0
0
5
0
7
0
9
4
0
0
2
8
0
4
0
24
0
9
0
49
0
119
2
12
144
0
1
346
5
0
1
30
146
1
1
0
0
0
211
0
0
14
0
0
2
0
0
13
103
291
10
3
0
0
0
4
0
1
1730
0
0
11
0
500
2
8
0
9
0
0
3
0
174
0
16
0
0
0
13
21
9
0
0
991
108
0
25
0
0
0
0
14
142
44
0
739
0
66
73
0
0
59
0
23
40
0
0
0
1
0
9
0
26
0
62
51
2
0
46
173
0
7
0
0
0
5
53
0
0
3
0
73
0
0
12
198
0
247
0
53
44
0
277
0
0
1
243
25
28
0
0
1
0
43
0
139
0
595
101
0
81
83
24
321
0
58
235
21
0
6
234
34
0
193
8
0
248
0
7
0
1766
0
0
0
11
0
0
0
0
334
49
0
0
159
0
0
0
46
330
0
0
0
0
174
0
0
39
0
0
0
0
0
0
164
0
6
296
0
0
432
0
36
257
0
475
7
87
17
0
0
3
22
153
285
0
104
56
0
9
241
35
8
0
0
0
0
0
343
61
0
0
0
18
576
35
9
1311
1
0
0
14
1
575
4
131
150
2
11
230
3
596
24
5
0
185
242
0
2
0
0
0
0
0
170
248
114
642
12
1101
387
230
7
117
1
0
0
0
0
167
0
3
0
386
31
0
0
5
23
23
0
0
6
120
1467
93
51
0
0
9
472
0
0
4
0
0
0
22
0
356
145
0
0
0
76
36
16
4
3
0
3
0
2
176
0
4
104
29
0
48
0
13
201
0
1302
2
2
36
47
1751
0
0
34
0
5
0
0
0
0
0
0
3
50
279
0
77
0
0
1
4
0
0
42
235
15
0
0
5
0
4
0
105
13
19
37
59
170
15
0
0
0
0
0
347
35
124
0
0
107
0
177
0
97
0
976
48
0
0
0
9
21
19
32
0
1898
2
13
0
2
3
0
3
444
2
0
0
0
17
285
1
0
35
5
290
0
659
814
35
50
239
42
14
52
15
134
0
456
696
168
6
264
0
2
0
169
2
0
0
2
306
214
1534
2226
0
212
4
418
2
0
0
0
0
0
0
26
4
0
0
2644
453
59
0
452
127
4
39
113
0
1512
0
0
0
0
0
8
21
26
0
0
233
0
101
8
41
0
0
277
1185
0
42
2
0
566
2
198
0
0
157
41
24
20
0
1
0
0
0
0
1
32
373
15
0
0
3
136
886
0
4
5
44
3
262
2
917
0
0
81
1
0
0
0
0
0
290
0
0
0
6
136
0
0
0
384
0
140
121
383
100
0
0
201
0
0
1
38
0
34
0
15
0
586
1620
21
257
2
12
0
256
37
138
0
166
0
0
3
0
76
0
0
0
0
0
0
0
86
19
51
36
64
125
11
8903
325
71
0
123
0
1
0
0
0
1
55
0
0
0
0
70
109
8
0
5
3
9
0
150
62
569
0
15
34
16
0
66
0
19
0
0
8
58
0
20
0
2
598
4
0
0
9
0
317
896
0
0
0
789
0
55
241
32
276
220
0
109
0
188
8
1
0
0
36
0
10
0
0
305
1
0
0
0
0
0
0
5
524
24
40
152
0
12
12
0
412
2
0
0
0
30
0
0
21
4
0
0
143
45
229
0
0
524
0
0
241
0
1
0
0
0
0
0
0
36
0
0
2
10
0
244
0
0
0
0
0
0
0
3
0
178
5
0
1
0
3
0
31
0
0
0
0
0
11
0
462
4
0
181
0
0
19
2
0
8
219
0
0
440
0
0
1
6
0
35
586
5
50
0
370
107
5
1
38
0
0
0
0
0
0
28
0
0
0
29
1
5
95
35
47
0
7
309
519
0
0
13
0
523
0
0
0
38
82
1038
3
0
79
0
0
4
18
2
22
0
0
0
0
0
308
8
0
609
0
170
0
501
0
3
61
12
47
804
2
1048
3
13
0
0
309
0
0
91
0
37
0
3
10
1
956
6
0
9
0
2
2
0
79
0
0
226
0
0
0
0
0
0
1
63
64
45
0
0
12
3569
311
0
52
0
0
0
9
0
0
0
17
71
11
52
57
2856
1
0
0
796
0
1
0
0
0
0
175
130
4
38
0
126
0
0
6
239
0
0
0
0
8
155
0
0
4
1
0
7
0
7
0
0
807
14
97
0
0
0
0
8
0
0
0
3
1
0
1
0
57
9
0
136
2
0
1
0
0
0
0
0
0
0
0
0
2601
0
0
0
67
0
57
74
116
0
0
12465
0
0
0
67
8
0
0
0
4
1
0
0
0
0
249
0
0
0
53
0
0
0
0
0
0
0
0
0
0
33
0
0
0
21
2
2214
6
40
0
6
0
0
0
0
0
2557
756
241
95
15
0
0
120
0
167
37
171
363
39
380
329
157
0
274
33
1
21
0
0
4
0
0
186
0
0
0
0
64
26
418
8
353
11
138
1
0
0
0
49
74
1
0
0
3
74
11
86
18
65
0
5
40
38
0
0
0
0
5
0
4
0
0
0
3
0
0
0
237
49
0
0
0
1583
0
0
5
2512
176
0
397
0
1
0
0
2
264
0
0
684
8
0
528
0
0
88
18
0
0
0
0
0
252
0
0
5
1
0
0
400
112
0
0
0
2
0
11
0
1
0
33
4
0
2
70
0
0
0
1
350
0
0
237
17
0
0
250
0
0
162
0
0
42
0
0
0
0
222
0
0
0
29
1
0
0
3
0
0
18
9
0
0
0
16
28
0
24
0
0
0
0
453
0
1073
0
0
6
0
0
0
0
0
198
522
0
0
0
18
0
119
0
0
0
63
119
1
2
0
202
0
0
407
28
0
0
5
0
0
594
0
0
0
449
0
0
2
79
0
40
575
0
0
0
2
0
0
0
0
0
0
0
140
101
0
0
1
0
0
0
2
0
0
0
759
0
64
0
18
0
0
0
0
0
0
0
0
0
0
0
0
7
0
0
0
0
0
0
403
0
84
0
0
0
101
0
0
0
443
0
2190
0
647
0
0
0
0
0
30
0
13
0
0
0
0
0
0
9
0
2
1
0
586
8
0
0
215
0
0
0
0
0
0
0
0
0
0
66
0
400
60
0
0
0
47
0
47
0
0
6
96
0
0
0
0
0
0
0
0
0
0
0
0
0
0
0
0
0
62
180
8
0
0
0
0
4
0
0
0
1075
0
0
0
8
26
0
8
0
2
0
0
0
30
6
0
0
0
2
941
115
0
229
0
0
0
0
0
0
0
1
13
412
12
52
0
1
2
725
541
0
10
259
0
1
0
0
0
0
411
0
0
0
0
3
857
0
190
16
0
15
0
624
0
0
0
0
0
245
0
0
0
0
0
0
21
0
0
0
390
91
0
0
0
1532
3
14
280
0
2014
6
0
3
0
2
0
0
12
0
0
0
0
1
0
0
0
0
137
0
127
0
18
616
0
751
0
40
0
0
0
16
0
0
5176
0
0
0
0
0
0
0
0
0
31
0
0
4
0
0
513
0
297
0
0
31
0
268
425
0
257
0
0
330
0
1
0
0
0
0
2449
0
0
0
0
0
0
2256
26
0
4
0
0
0
0
0
0
113
2
90
0
6
14
0
324
3
0
105
0
0
0
0
1
0
0
0
56
336
5
0
0
0
0
0
0
0
0
1
115
0
0
0
0
97
0
0
0
2
0
801
0
0
0
0
0
0
0
0
0
2
0
0
0
3
497
4577
101
0
0
0
0
226
0
0
4
0
0
0
0
0
0
188
0
161
33
0
0
60
0
0
0
0
1509
0
0
265
0
0
23
112
0
0
57
0
19
0
9
509
224
15
5
0
17
0
54
0
42
0
21
2
262
0
874
0
0
288
2
216
151
31
1
5
0
115
6
0
200
17
0
330
0
0
0
7
0
382
0
0
0
0
6
845
1330
631
9
2
0
0
0
0
630
165
108
0
287
10
0
0
28
44
0
0
29
0
15
16
80
0
6
74
4
0
0
0
293
31
64
524
96
80
173
0
0
7
80
0
157
2
0
148
0
19
0
0
85
4
0
0
2
3
28
0
30
3105
0
0
1503
4
0
62
3608
4
74
152
0
0
0
5
14
0
0
0
2
0
0
2
27
10
7775
210
0
556
3
102
568
41
0
49
0
0
0
3
0
159
9
102
17
0
0
23
434
263
0
0
1586
6
6
0
86
0
60
107
92
13
0
136
0
128
0
0
0
0
111
0
12
4
412
61
0
25
215
12
128
243
130
0
0
149
2359
6889
0
0
4517
138
223
2
2
2
0
252
220
0
55
17
281
0
0
0
586
0
194
0
2
2122
39
47
1233
0
0
1
186
0
50
65
186
82
147
1130
0
0
270
71
32
0
193
18
2
73
674
0
2
6
279
0
0
0
0
0
0
13
0
0
4
446
18
592
64
389
377
2
24
151
0
60
0
629
0
175
14
114
0
4
0
57
0
1456
729
2932
0
0
92
73
0
34
160
0
0
5
33
0
1058
2
88
0
57
285
10
0
0
0
45
0
0
2
285
0
194
0
4
8
0
39
33
0
402
0
921
75
0
105
30
0
623
1
541
0
156
0
0
0
7
291
112
23
0
0
1043
0
594
0
1
234
214
24
0
0
330
51
0
234
0
17
0
90
80
0
0
2662
0
0
657
11
66
29
310
0
36
45
28
4
326
0
61
79
2
78
967
174
123
17
576
102
1
545
17
0
339
0
6
28
14
0
0
167
39
711
69
10
0
0
0
416
171
203
212
430
11
41
0
0
0
101
410
44
0
2
60
30
0
6
49
424
561
0
1
254
0
109
10
32
19
0
2
9
10
322
0
0
188
3
4
105
39
0
46
0
293
55
26
0
2
19
37
335
0
0
0
0
2
26
13
419
24
0
0
17
2
0
0
185
1875
7
0
2
0
65
610
47
149
1812
540
24
9
0
85
12
0
162
13
92
136
66
41
9
0
11
484
55
0
28
3
5
375
0
6727
1
34
64
0
0
118
3
0
0
45
0
12
261
17
0
210
0
4
7
3
17
533
0
0
88
269
0
0
32
33
0
0
227
448
0
0
16
0
0
1
1258
4
8
0
0
0
0
0
56
58
221
0
63
0
1
26
2585
0
1
3
24
558
12
0
0
0
12
131
0
98
51
0
3
912
602
2
0
30
13
0
0
22
0
1460
118
1484
878
0
1
0
725
0
0
0
7
9
0
121
0
3
133
0
3
16
143
98
218
258
63
0
0
0
0
431
3
0
420
84
0
168
0
3
0
772
402
539
542
0
269
33
2
844
0
3
0
44
1
1152
126
91
55
357
4
0
269
0
0
71
0
656
0
6
160
116
122
86
20
0
2665
0
0
0
44
0
0
1369
0
130
350
537
0
246
0
184
4
0
92
14
31
8358
0
0
0
915
0
267
10
151
0
52
115
5
84
0
1
0
0
1
836
0
66
0
0
0
2
71
309
418
1
13
0
0
1
0
6
0
0
605
657
0
0
25
0
0
141
0
4
13
0
0
0
77
3
430
110
0
21
0
29
185
230
22
1
0
19
0
0
26
8
3180
14
2
0
199
5
7
189
1
148
0
1549
355
0
26
0
0
562
0
0
0
76
40
114
0
0
223
163
56
1
75
305
0
0
0
3941
30
4
80
146
12
54
0
65
0
64
4
0
0
0
165
48
0
736
163
0
25
0
0
0
113
762
4
72
0
0
117
318
18
0
136
5
115
248
112
0
11
43
0
2
5
3
0
0
2026
45
8
1
0
0
0
2138
176
206
154
0
0
25
33
17
181
17
3
1
9
0
0
0
370
0
0
14
25
39
94
703
1
0
469
0
1376
10
356
0
56
0
87
5
297
0
194
29
232
10
5
0
1306
237
47
0
1423
297
0
327
2
6
0
0
0
0
465
85
0
349
0
0
68
0
0
0
682
81
0
4
0
109
175
102
0
0
0
30
0
0
8
116
7
2
0
5
3
65
0
0
7
297
5
9
0
1102
0
30
1
32
0
0
1
633
0
0
500
0
0
0
0
0
52
12
3
1
80
0
0
14
0
0
4
4
0
0
67
61
717
0
5
0
14
14
0
10
0
0
0
4
8
0
7
23
0
0
0
0
0
0
1
12
0
0
22
0
0
47
0
0
16
0
63
0
9
2
9
21
3
0
0
6
0
18
1731
0
0
0
0
11
17
23
50
0
0
122
100
0
905
84
9
125
11
88
0
150
11
0
144
2615
14
0
0
43
2
0
1058
17
237
0
11
69
0
78
219
0
227
8
200
14
0
42
133
46
0
0
44
2164
30
3
68
14
0
1098
1
450
2895
0
0
266
106
0
12
30
589
33
24
70
369
23
126
25
4
162
338
422
6
0
0
801
3
0
0
0
0
0
0
0
19
0
19
85
15
266
18
64
0
5
60
52
104
0
0
22
402
5
102
0
24
6
0
11
313
0
112
0
0
0
2
1391
0
0
681
0
2
107
0
0
64
17
1319
0
938
2
93
478
44
0
0
0
0
0
1539
0
0
5
6
715
1
0
1238
219
3
0
89
2
32
219
25
5
32
194
0
15
412
6
0
0
2
0
0
51
128
0
138
101
0
0
248
1504
24
1446
0
13
0
753
18
122
5
2
11
32
3
2
0
0
0
6
0
50
43
161
0
344
71
354
469
239
392
6
0
920
0
0
0
2
302
280
4
0
0
0
0
0
0
0
0
0
0
0
2
2
41
123
111
54
2
6
5
107
0
0
2
0
4
0
46
0
54
3
21
0
4
3
0
37
170
27
0
2
0
0
730
186
0
0
0
0
104
0
13
0
411
0
7
43
370
0
1415
16
0
11
0
52
0
55
0
0
0
0
17
63
37
0
0
43
14
0
278
0
109
0
3
3
6
453
18
0
39
0
0
59
0
106
85
886
0
0
0
92
535
0
19
0
0
1
0
142
0
14
299
0
1
0
0
0
113
0
0
91
211
151
0
74
175
198
0
6
7
612
26
267
0
0
0
1
0
85
119
468
0
0
1
0
14
0
0
0
0
0
0
2
0
207
47
0
10
47
187
0
10
1
0
4
1
102
0
190
0
142
35
0
3
5
0
0
0
0
19
0
0
10
98
81
0
3
17
266
12
33
0
45
4
0
0
0
0
0
0
32
0
0
13
0
1
0
27
0
16
9
0
1
64
0
26
0
21
10
183
13
0
388
2
7
47
6
21
0
5
0
9
0
12
6
14
0
10
65
0
1
0
22
160
135
223
0
0
33
0
35
0
1092
0
185
134
918
1
0
2191
422
0
0
0
788
3
0
1
55
3
0
1
25
0
177
0
16
645
117
396
0
14
4324
75
2
14
0
33
35
0
0
624
0
229
0
0
536
0
28
0
0
352
0
0
90
0
186
13
1
30
77
19
10
0
0
544
230
4
0
226
0
313
2
39
22
253
7
3
0
0
0
0
0
159
0
0
530
547
0
3
637
0
6
0
7
0
0
0
198
2
377
20
237
1089
35
228
0
249
0
23
1000
0
0
24
41
5
0
92
1
36
5
0
11
763
0
6983
4
565
136
1
735
0
0
165
0
174
1248
0
13
408
528
61
109
1
0
0
43
185
0
5
1
19
263
5
0
0
0
16
227
0
60
1107
47
831
39
31
1192
68
62
13
146
480
0
0
361
489
125
0
415
273
75
4
0
9
1
780
1156
327
13
290
0
27
11
0
0
390
2
14
0
399
50
0
28
6
11
475
147
49
127
0
10
206
8
0
0
0
175
0
65
332
40
1
0
0
87
272
0
21
0
0
613
0
570
10
2
0
0
957
1
262
567
25
0
68
538
164
264
128
2
10
0
599
0
889
12
0
2
0
1
668
0
725
126
1660
43
786
124
227
0
126
0
0
3
0
17
115
214
68
0
52
29
37
400
0
0
253
40
0
0
145
174
114
195
0
3
19
2026
0
3
5
3
9
0
154
145
11
41
129
0
212
19
0
0
5
28
131
0
0
0
0
97
0
25
5
29
0
538
0
1
1
0
0
0
16
0
160
4
8
0
62
0
15
0
3
95
15
29
75
53
123
0
0
0
0
64
158
36
763
20
0
0
82
2
29
0
297
172
4
0
73
67
0
181
149
194
14
233
4
1
0
5
5
11
82
685
32
43
1
300
637
0
123
0
19
11
451
236
694
384
1590
0
193
243
0
0
0
80
29
0
213
0
113
325
99
0
47
0
117
402
930
288
0
424
1356
0
1
0
0
186
0
0
0
86
2
0
1
0
0
0
6
1
0
63
3256
130
109
34
31
1502
1
2208
0
1
187
0
36
0
0
0
534
39
13
340
3416
0
58
11
0
158
474
1
0
14
0
0
90
0
63
0
42
24
181
19
0
10
697
101
0
0
147
49
0
0
0
2
79
0
5
0
0
0
614
305
36
303
64
0
11
0
0
28
49
378
12
433
207
0
206
75
58
19
2
25
0
0
0
16
0
393
82
16
11
15
53
45
0
0
0
0
0
0
19
131
821
0
0
0
0
5
0
0
0
31
6
139
0
434
4
228
75
0
29
76
1478
82
86
66
0
0
1
1
100
7
3
0
1541
0
956
123
7
1
326
55
44
28
6
2
158
27
140
487
0
0
0
597
1
0
0
1
231
2
18
53
0
0
15
2
355
37
0
326
0
2737
2
105
350
19
0
354
3
0
0
133
0
0
0
0
149
0
722
170
0
171
16
0
62
625
336
28
0
0
14
64
2
0
0
21
404
6
2
0
7
35
0
0
219
86
17
0
79
0
39
0
2
9
2
1260
1
13
0
0
0
26
0
19
0
662
0
2
94
14
236
0
1
0
215
0
52
0
30
154
3
1426
112
4
18
0
0
0
0
4
70
311
40
0
31
0
0
8
201
0
14
18
0
2
46
1
169
502
3371
47
191
2
15
39
0
108
0
8
3
2750
1
36
183
0
2581
0
0
9
176
0
109
52
0
18
0
7
130
15
0
17
12
81
0
1
3
42
0
1
0
0
591
260
2
682
191
7
732
3
0
0
32
168
4
53
185
0
68
9
28
243
162
892
0
0
10
3
10
743
272
9
220
1222
52
166
0
1994
485
2
0
0
493
92
880
0
0
0
1
116
0
1063
15
403
344
0
9
287
35
0
4
196
1611
1
4
28
46
6
16
482
9
30
0
23
3
789
53
0
0
156
8
3
0
0
0
61
0
2
173
92
67
0
449
0
0
231
118
2
14
0
5
0
1350
0
879
0
61
0
262
54
324
7
120
0
0
0
1
0
0
0
0
12
65
1
1582
0
31
0
10
179
80
0
16
1
197
32
14
17
0
0
0
273
295
0
0
48
0
14
0
2
0
958
0
146
929
2
21
86
324
0
0
0
0
186
5
16
0
41
0
0
0
2
0
6
103
125
21
1
32
27
0
0
0
17
20
11
0
7
80
39
74
0
0
126
0
0
0
64
1
0
32
5
8
155
0
10
0
424
0
0
0
0
0
110
55
1
0
436
46
311
12
933
32
44
33
5
69
443
1
0
5
0
495
110
18
103
490
6
41
270
0
0
0
0
144
3
26
67
0
0
497
0
48
16
15
12
116
113
0
945
0
487
14
0
4877
23
117
0
611
0
0
2118
211
12
0
27
90
4
33
1
0
266
153
2832
60
0
3
0
0
5
1054
2108
28
137
1
543
0
267
252
0
0
756
0
31
5
3
303
87
454
84
132
8
1
31
813
37
0
0
0
0
4
136
0
52
62
0
12
1
197
63
634
62
30
52
0
254
0
235
2785
111
6
547
191
142
50
0
59
6
189
8
0
2
4
0
0
0
275
2
20
0
24
219
6
0
0
78
0
137
0
51
0
435
0
333
0
585
0
0
10
22
3
0
0
266
4924
66
270
69
1308
0
542
7
252
1724
5
125
0
43
34
73
0
63
0
30
0
0
18
37
478
17
10
0
0
0
199
53
150
0
41
1303
1667
10
0
0
0
104
208
0
159
3
145
253
260
46
258
23
63
0
3
682
3
0
0
0
8
0
0
0
74
0
0
58
822
0
0
2
294
301
362
39
344
70
2516
0
129
2
0
18
91
14
12
0
26
199
7
0
0
376
0
852
2
27
0
0
3100
0
0
23
23
0
6
0
148
314
166
0
17
0
0
85
128
1
1506
1270
0
574
94
0
0
0
112
724
48
0
0
0
110
30
2421
22
233
42
0
81
0
239
15
38
227
3
15
0
2
1602
0
38
0
0
23
2471
55
47
108
0
0
6
0
4
0
90
397
0
20
58
0
0
0
1
280
0
10
49
69
377
0
1
6
8
10
1744
153
0
25
51
4
33
0
0
0
639
167
9
543
3
546
15
1
283
275
0
0
8
272
0
239
0
6
0
0
576
0
0
53
0
0
1
0
16
10
171
37
246
0
2
3
162
0
0
0
153
0
0
0
0
0
0
258
0
0
1
0
38
0
0
0
0
1329
11
24
1
39
1
0
2
668
2
1
782
0
0
0
410
53
786
16
0
0
59
157
47
0
31
509
0
0
0
72
0
0
5
8
3300
0
13
86
87
0
0
0
36
6
80
19
47
217
760
0
1
315
250
0
0
0
53
288
9
111
0
76
158
10
137
15
0
31
20
14
0
328
0
2
0
2
109
103
21
190
0
185
1875
49
0
163
0
127
0
509
22
174
0
0
86
642
0
100
6
2
0
624
0
0
0
42
289
1
1
103
86
365
27
3
3
230
0
32
689
124
0
0
0
126
71
523
73
0
40
1
39
0
0
2
0
0
0
0
0
205
26
0
1
0
686
119
0
43
13
1
0
723
48
0
3
1
146
824
86
1735
0
0
0
0
0
295
0
0
21
11
435
0
0
28
0
0
0
306
255
0
0
777
0
9
3
0
17
0
31
0
0
18
0
5
35
45
3
168
210
0
23
0
0
3
299
0
227
1056
0
110
11
47
2
22
0
180
0
18
14
0
358
12
0
31
0
4
43
120
1
0
153
0
0
0
485
0
3
0
1244
213
28
362
1
3
2
12
316
74
32
187
0
0
1
5
0
0
225
419
0
777
9
127
20
15
9
0
257
120
6
0
2
204
27
37
0
84
503
149
1
423
196
0
6
21
13
239
1511
494
0
5
642
0
388
0
0
0
5
509
30
539
0
0
1
0
0
0
99
2
0
0
159
0
1
0
68
0
0
105
0
0
0
2886
0
52
539
0
320
0
3
0
0
103
0
18
2
158
100
673
0
336
0
137
0
0
0
0
2
0
34
0
84
0
34
0
0
0
28
0
512
289
1605
0
33
49
313
20
917
0
20
0
0
0
244
0
218
0
0
596
0
50
1
0
0
1
442
427
135
87
62
17
0
0
26
0
49
0
2
175
242
31
0
0
1
5
178
91
44
57
16
143
0
29
96
0
3996
0
808
0
0
730
0
60
72
471
0
21
0
61
8
2812
132
21
29
0
0
0
0
0
100
273
150
11
206
171
164
0
306
166
90
38
0
10732
4
37
18
341
399
242
2827
0
290
103
19
39
217
0
1216
8
0
199
108
0
306
86
5
304
0
0
4
921
0
46
23
70
122
9
6
0
0
0
0
0
96
22
139
0
448
0
0
1
0
98
326
13
51
2048
0
8703
1
0
113
0
4
1
49
3
0
0
191
376
27
0
39
355
838
2
66
159
202
0
242
0
0
2867
45
0
0
0
0
14
0
0
176
0
0
141
1888
25
443
25
0
525
641
998
132
80
0
158
533
4
0
12
47
1497
0
0
360
14
0
6
1
0
0
240
7
882
0
3
36
0
15
12
2143
83
2
0
0
0
531
9
0
1
99
0
0
0
53
220
1043
56
188
801
1
0
0
253
0
0
0
3
5
112
0
0
465
96
144
0
899
668
66
107
19
2768
9
0
0
0
1620
0
0
0
18
0
0
0
0
15
135
14
0
10
0
774
3
0
122
1769
0
909
7
16
12
0
0
5
183
39
37
0
12
0
0
48
0
4
0
108
275
40
0
136
662
0
0
198
35
0
148
446
22
0
63
0
0
0
0
56
535
0
0
13
310
35
0
503
0
5204
94
0
0
508
0
15
89
58
0
151
51
48
1525
98
0
0
49
0
7
0
0
89
2
0
222
0
3
1
54
0
91
14
0
4
4
55
6
91
29
0
0
101
0
122
0
3
0
2
2269
11
6
10
16
0
229
0
0
144
6
13
114
376
0
0
42
27
141
254
0
242
41
0
11
495
318
177
58
0
29
0
0
0
0
23
1
57
0
15
0
0
61
157
727
12
0
4
111
395
224
8
350
4
70
9
0
122
0
0
11
0
0
0
17
23
0
147
23
0
0
0
0
0
336
0
180
10
0
0
118
14
212
35
1118
85
134
0
4
270
4
0
0
1
0
50
0
28
9
0
0
3
74
531
0
0
0
0
330
0
0
106
0
319
255
0
203
1
19
1238
0
65
8
0
0
20
0
17
2
8
1
0
14
308
1901
129
97
528
0
36
142
510
23
959
215
9
4
168
453
30
2034
4
29
15
0
0
0
44
185
523
20
338
317
0
0
0
268
0
0
0
44
21
1236
32
0
0
29
417
109
13
13
0
10
1
245
0
807
449
39
59
258
0
242
0
9
0
7
755
474
1910
0
381
0
150
103
271
0
0
9
0
1
0
792
0
115
174
1
14
1668
104
93
98
241
7
2
16
55
2347
0
5
0
94
0
222
1586
94
0
85
0
350
2
48
0
402
348
23
0
8
344
344
0
2
0
92
53
0
0
25
0
0
0
0
0
191
0
2789
1
0
93
2653
0
27
15
6
3
0
86
0
4
9
498
11
0
269
187
168
94
0
5482
326
12
4
0
0
71
1
0
110
0
1
0
74
49
4
230
0
0
10
17
0
153
0
511
7
49
759
101
728
0
241
0
164
0
232
13
216
0
0
0
0
39
401
26
0
8
1498
63
340
0
245
152
338
196
55
3
2
18
0
10
0
0
0
167
0
0
426
0
22
65
993
20
2
0
7
42
0
0
0
130
411
13
0
406
168
145
0
0
0
185
4
0
118
501
12
0
0
307
0
6
21
2
2
102
25
0
1
39
0
297
0
103
8
0
0
0
0
128
1
29
0
87
194
0
0
466
0
300
0
482
10
0
44
16
40
307
235
0
0
2
40
1
0
81
0
500
195
4810
0
11
11
113
181
20
0
4
0
103
31
0
5
0
0
0
5
1
0
421
37
0
6335
2088
0
0
0
0
484
0
227
0
661
115
0
11
1102
367
0
0
21
444
20
0
0
36
30
3
360
885
0
2353
0
0
381
912
215
35
0
4
0
860
1392
0
106
0
193
0
0
1
1895
246
0
4
0
711
51
15
142
0
0
2
1
15
65
856
3
336
0
0
0
2
6
0
78
39
0
39
4
33
0
0
63
14
7
0
158
0
42
0
132
5
2
1470
0
0
0
96
58
0
201
2321
0
78
16
4
352
57
0
0
102
10
37
656
0
14
5
0
0
6
75
176
443
0
0
161
462
245
62
0
120
154
411
18
0
590
46
26
0
35
23
71
239
0
164
2
19
2938
554
161
1
291
2
683
92
0
0
296
267
2
14
31
31
2
0
0
0
0
13
0
32
915
399
49
0
0
0
0
63
51
3360
1
0
0
0
0
1
129
2769
0
24
18
0
163
0
0
300
321
0
2
4
0
74
231
58
80
4
75
0
2
66
0
0
51
0
2
105
46
0
0
890
16
0
7
0
294
0
34
162
0
0
51
30
93
0
23
2
140
0
25
0
0
0
1
344
0
0
254
82
40
2
273
0
21
0
221
34
24
4
10
11
6
1018
77
0
10
3
0
37
0
0
225
7
140
264
0
2247
13
56
213
2
2
0
0
232
20
18
1
86
2
0
123
481
13
68
4
13
222
67
0
5
314
0
0
0
210
2066
0
18
199
150
328
0
0
0
0
56
6
1805
0
38
0
1
534
138
22
322
8
89
0
63
0
0
15
1
0
0
228
250
4
11
1879
1
0
0
0
51
332
2
0
203
0
3
95
129
406
3
223
0
39
432
60
58
0
0
3
61
0
0
0
421
9
213
262
0
17
0
0
11
16
47
1
0
225
63
227
0
0
124
77
903
0
2
157
0
14
0
0
250
11
194
7
0
0
0
125
0
675
630
0
4
36
226
336
97
0
0
18
102
1
42
2
731
14
96
0
119
1
6
0
7
0
390
156
19
2
43
0
0
263
0
0
99
0
0
0
10
0
450
0
0
26
0
0
1022
274
24
970
1
0
0
804
0
6
0
169
0
0
13
0
18
0
386
493
7
0
2112
0
0
0
52
558
3
205
75
0
1
0
0
629
130
29
8
0
15
0
0
0
7
0
138
11
0
1
0
0
0
0
2467
0
16
0
1324
5
56
0
0
1078
216
84
6282
155
0
1796
0
2
4
30
88
0
234
0
578
0
1
327
0
164
0
0
17
414
117
0
0
28
250
752
349
19
0
0
107
0
0
0
79
2
3
0
12
0
8
132
14
404
42
0
0
0
51
272
70
2310
0
42
0
67
0
1029
122
77
17
1031
0
208
45
0
221
506
0
0
26
141
117
108
0
0
0
0
76
1164
27
9
22
23
917
14
0
808
25
118
6
0
637
0
30
0
12
673
22
57
3
434
0
12
5585
9
3
0
105
0
148
194
16
358
253
761
530
2
0
91
0
0
29
393
19
17
0
12
262
14
0
13
5
0
0
0
0
0
4779
0
0
0
601
0
58
0
53
1043
0
0
5
4
19
1
0
29
129
110
393
0
0
513
376
132
730
255
46
0
119
0
33
523
1
95
0
58
943
0
43
40
0
0
364
23
296
194
3
0
20
0
11
0
0
0
581
0
0
36
224
0
23
1
304
0
92
30
95
0
0
486
0
313
0
841
190
0
31
446
0
107
25
2
0
298
0
71
76
855
3
1
0
10
16
485
0
13
0
490
3
0
0
0
633
0
1776
0
3
86
0
1
0
228
0
47
0
88
0
2
105
0
43
0
11753
4
2
6
0
0
0
127
3
0
1
52
0
3
0
1
711
0
330
33
78
0
0
204
61
0
3
0
1
9
0
345
24
3
0
280
5
0
265
0
242
0
0
154
0
0
67
94
1
129
8
23
0
0
0
0
0
150
0
7
0
0
303
20
0
1100
0
0
4
42
83
1
2
0
164
2
0
0
44
17
0
0
20
307
0
19
313
2
140
1
0
679
3825
0
0
0
0
531
0
254
3
11
0
0
10
0
311
28
28
8
3
152
0
1
106
48
50
0
0
22
0
12
158
7
0
175
1491
3
247
0
0
19
65
0
17
0
11
277
5
130
0
93
0
0
0
11
853
0
185
0
0
0
46
0
0
22
33
0
522
28
0
49
0
0
46
22
0
128
116
0
0
18
1
3
7
190
0
0
4
38
0
1331
0
17
0
212
0
75
12
401
3
5
47
0
781
10
12
12
0
0
1
17
766
0
0
16
1
23
304
49
240
101
0
0
299
0
54
0
1057
1323
3881
0
19
13
506
109
2
2
0
275
51
108
8
115
482
855
215
496
292
1757
220
0
0
18
1
32
61
0
194
0
17
28
0
5251
0
16
4
21
87
0
1
314
0
84
4
14
0
0
0
250
0
33
0
0
0
7
11
10
0
307
14
85
0
286
8
2
2
1
101
0
16
0
14
71
0
851
65
0
18
1191
22
48
7
0
0
0
803
3
0
0
45
7
9
0
1
132
1291
474
0
0
0
0
183
0
3
0
0
11
0
3
30
2
0
0
340
9
0
1
10
401
1216
517
546
0
9
86
0
0
0
212
1313
175
13
3
32
0
0
12
93
0
0
0
0
4
0
0
0
0
0
0
0
7818
0
65
90
1
34
16
459
287
807
0
0
0
445
0
60
137
0
0
0
78
289
23
0
2
106
0
97
105
2
9
11
0
1
57
16
0
5
0
14
3
0
21
648
66
11
261
65
26
120
1724
6
66
0
0
26
0
180
34
993
1529
0
0
13
8
191
3
38
0
98
98
7
358
25
260
0
0
94
3
1265
7
0
0
4
4
0
17
2
33
40
0
114
0
248
586
92
206
0
34
8
18
142
3668
644
0
0
285
2
59
0
1539
0
0
2414
0
0
1
0
0
19
3
0
289
0
0
707
0
0
0
34
9
16
22
0
0
481
0
127
182
28
0
0
1118
38
7768
5
239
0
170
653
1
0
236
38
28
45
0
0
74
2
166
0
0
716
8237
33
63
172
1188
0
3
1947
0
0
634
470
0
307
35
2209
7
0
0
405
1
93
0
0
540
0
56
0
0
0
2683
637
33
3
109
5
301
2061
19
0
3201
0
0
2
0
139
0
0
733
2
0
70
410
138
0
535
9
582
13
17
8
0
93
1
388
128
181
0
0
5
0
833
6
0
709
509
0
0
51
4
62
0
898
93
117
256
0
0
2049
456
22
198
5
0
260
363
245
0
0
135
157
3
0
1
0
74
0
16
5
1197
100
0
0
4
15
9
485
42
0
206
16
0
23
72
1
83
999
0
0
61
59
59
0
103
0
547
8
36
0
223
1
0
0
134
155
0
941
119
1
6
204
67
43
114
44
17
0
154
2
50
52
0
17
0
0
0
1
4
0
2263
1009
26
4
0
0
2
1844
33
40
47
44
3
749
0
2
8
0
233
65
295
21
1
155
400
269
0
50
44
0
6
0
0
0
0
37
383
190
0
33
178
27
131
2
0
4
14
47
2026
0
0
0
23
73
0
40
2
4
17
21
4
272
2174
996
0
801
0
19
0
6
0
1
0
871
23
640
209
629
1
340
0
330
4
682
0
11
27
36
49
353
708
894
1134
0
562
0
29
1
25
54
53
368
23
404
36
24
0
0
44
12
37
185
11
0
245
148
0
557
23
15
496
39
1340
221
912
58
774
27
0
0
10
8
13
55
758
0
51
392
0
448
0
0
54
313
171
0
0
0
0
10
0
29
99
1160
0
8
492
496
0
999
179
0
187
2322
49
23
96
11
0
690
0
2475
132
43
112
65
0
0
0
2
22
0
0
8
4
0
0
0
106
3
37
0
0
49
120
1
0
0
44
0
86
0
0
660
5
0
0
340
11
0
0
78
498
0
196
0
521
58
70
54
514
380
0
52
0
0
0
45
232
31
1
5
0
9
0
0
1
0
0
111
113
17
0
2447
0
2
3
87
20
253
0
0
179
0
227
103
84
1
0
0
503
46
0
7
0
0
124
214
1
2
185
0
213
0
343
11
784
1505
2
0
29
492
0
22
176
0
702
395
20
653
70
0
0
0
0
105
441
454
0
17
0
3
89
0
1392
70
0
0
96
0
0
12
0
147
575
31
1120
314
1760
30
92
319
602
1032
12
1
41
10
41
170
0
573
12
0
0
0
9
3
11
13
0
1
28
1
0
4
293
112
0
5
0
46
9
61
14
115
16
8
0
185
27
445
18
50
5
117
1
68
319
0
177
25
239
0
691
176
225
0
323
50
0
0
4
4
206
12
187
21
40
8
71
296
0
659
1521
123
0
0
258
1
0
333
1
82
0
133
0
0
0
0
48
24
17
0
838
306
13
7
472
1
0
275
271
0
0
0
110
0
46
40
0
2346
185
2
237
83
53
0
0
185
32
392
344
12
0
123
12
172
0
0
52
0
5
0
45
1
0
0
54
48
0
23
0
23
17
207
169
0
3
20
4
2320
86
0
0
197
1
0
14
71
728
149
0
0
209
15
0
0
0
439
997
33
0
226
0
3
14
52
71
118
0
1032
494
158
1
0
14
51
10
10
66
121
58
0
0
28
0
0
2939
0
0
79
16
1656
179
3
0
0
3776
1103
220
40
0
6
0
0
175
0
1
76
179
594
1135
4
870
7
288
0
0
0
2
319
0
0
0
1
0
55
0
140
5
1613
19
58
0
100
4
230
8
169
0
0
0
1520
46
0
0
0
0
2
12
21
0
117
0
213
1
209
571
4
1
5
0
0
17
102
0
240
196
0
0
0
2287
10
0
12
3
203
3
79
0
30
66
0
9
136
5
0
38
0
74
581
0
46
766
7
1
0
190
0
0
3
107
0
0
359
0
12
0
0
273
3
26
9
1
1
10
0
1255
0
0
0
0
693
2
227
28
0
154
135
1
0
187
0
5
9
0
523
0
0
112
0
0
36
38
0
10
0
3063
14
7
0
0
80
0
348
125
5
4
182
32
39
140
30
0
0
4
1
166
197
0
4
0
0
173
57
85
22
0
247
233
2054
0
0
2
99
96
0
247
800
0
0
216
49
0
3
10
1059
3
18
104
58
0
43
0
16
0
0
0
0
18
13
6
0
438
153
509
69
0
233
0
2034
0
2
0
2
174
67
2584
24
0
0
59
533
1
0
88
8
24
3
21
23
220
13
148
0
0
111
718
0
0
945
36
1103
0
0
2
0
139
4
631
0
52
17
0
0
0
1628
457
0
35
118
1
258
683
891
92
81
21
0
5
0
0
357
0
179
34
239
19
222
155
204
0
0
0
0
11
16
27
9
0
0
392
0
26
228
0
991
0
2
300
209
21
789
3449
5
9
16
118
0
520
0
0
0
557
0
0
56
0
0
1895
1
37
137
0
1033
0
0
0
2543
99
260
310
174
0
239
793
0
351
53
3
31
142
43
83
0
0
7
0
13
760
15
18
1
1
5
0
0
226
31
0
30
58
81
78
604
16
0
0
0
520
222
42
7
3683
0
0
114
0
4
1
53
0
43
0
17
5
4
4
940
25
99
217
211
0
0
21
3
1
173
519
0
982
0
0
1
4
0
1
10
45
659
0
35
26
31
0
13
0
121
51
133
43
0
6
504
1
475
301
0
0
265
192
0
0
3435
6
38
10
87
1
355
0
4
0
0
1460
0
0
0
1
279
0
2
21
0
0
52
2
503
149
0
604
112
25
0
24
221
0
55
3
1
92
0
0
0
250
0
17
52
0
347
126
175
274
42
3
198
0
4
327
4
11
0
0
0
476
39
0
241
0
83
74
29
167
0
40
37
93
137
0
423
10
0
379
0
0
0
732
66
0
209
153
0
0
6
263
6
291
0
0
9
0
100
0
0
5
0
21
240
0
24
0
0
27
19
1101
104
0
1
0
187
10
63
2
162
62
0
0
40
0
0
0
8
25
0
8
82
0
0
0
0
818
0
0
49
3
0
0
0
75
789
3123
0
0
187
27
13
16
387
107
0
34
107
45
11
3
24
0
16
136
310
2
0
41
9
0
0
43
20
0
0
0
22
0
0
0
8
12
130
226
0
81
242
25
0
1
103
6
1
118
0
0
225
0
0
188
0
628
0
102
8
0
31
0
0
0
2
0
11
0
0
3
11075
26
286
0
0
0
69
90
177
1927
0
16
46
0
0
112
130
0
1556
1
134
9
0
145
0
0
477
0
0
11
0
5
156
1
752
0
0
3513
56
0
2496
0
0
320
322
25
0
1
875
0
105
1484
5
20
0
1832
106
115
0
199
27
0
0
2
0
138
1393
270
0
1216
0
192
117
0
0
23
0
153
292
7
0
231
92
159
1
13
1813
205
11
0
235
531
0
105
1
0
0
166
129
136
71
36
1
5
0
17
13
0
4
0
0
160
0
606
0
82
0
3
0
129
3085
0
172
5
45
33
0
7
238
20
32
35
93
0
0
0
0
0
272
0
0
0
0
20
54
12
71
497
0
0
2
0
0
0
378
2
3
1
25
0
381
0
0
0
5
0
42
66
0
0
4
303
208
5
0
0
0
35
0
1
139
35
0
100
0
313
83
2
26
0
0
303
0
0
16
0
7
0
111
0
136
0
0
0
9
56
74
1
19
0
0
40
0
125
0
150
44
139
1182
6
1
0
0
8
0
7
0
0
0
37
106
0
0
3
198
0
72
0
147
58
5
13
25
2
0
23
54
0
2
0
0
0
0
22
3
119
0
0
1010
108
177
45
89
0
87
60
2
345
37
59
139
57
0
0
18
10
0
13
1080
9
0
325
0
0
0
151
46
2
0
45
0
0
0
62
1
0
0
242
0
0
4
0
0
4
219
0
814
25
0
15
558
0
23
6
60
0
75
3
0
0
0
41
169
2
0
349
4
0
0
0
2
1
0
0
383
9
0
0
0
3
25
741
2
0
0
28
4
0
89
884
41
0
0
0
1
0
0
28
39
89
0
35
31
47
0
0
99
85
0
0
0
0
0
0
131
0
1
0
95
0
0
0
1404
0
226
20
3
66
0
0
0
3
201
176
0
0
0
0
21
25
0
47
3
7
336
53
151
1
25
34
438
772
2
3
1
2
180
18
32
0
1188
0
0
0
1
130
1
17
0
2
228
0
255
45
23
0
4
0
537
28
6
464
22
0
0
91
0
24
94
169
0
0
30
0
846
38
0
0
12
0
15
0
0
8
62
335
1
0
91
3
0
188
0
3
137
0
1
0
176
6713
0
0
0
0
69
0
11
0
63
55
15
1524
4
0
0
19
152
116
18
78
69
3084
437
0
0
0
2
88
332
0
2
32
0
145
4
1318
0
52
0
0
0
346
194
0
89
188
5
2
423
237
52
0
147
1
60
0
0
14
12
0
0
473
18
0
0
35
0
41
117
35
3
0
1
274
320
23
0
0
33
1
97
0
3
0
74
216
0
1
0
0
32
0
0
0
458
0
61
2
28
2
0
0
0
12
27
66
0
0
0
46
0
30
105
0
343
237
18
0
10
0
20
0
23
57
1
0
0
2262
16
0
363
0
1
155
1
0
55
80
28
0
292
24
445
0
57
1
7
58
159
0
0
2
0
0
24
1
3
1
10
21
105
6
0
1
0
0
25
163
148
2
0
0
66
121
3
63
138
361
31
0
27
50
99
0
7
61
12
1003
0
180
16
0
0
0
0
12
3
27
2
129
11
0
1
0
25
143
0
189
0
132
376
68
1
0
1
0
22
259
2
0
0
256
0
13
0
64
0
124
0
0
0
283
48
202
0
0
1
452
2
24
0
6
32
152
0
65
0
365
0
17
35
0
0
76
0
59
932
2
0
0
140
18
39
613
0
0
0
9
0
0
19
168
595
278
21
1
113
103
74
497
0
8
0
0
1
1013
0
252
0
326
0
58
166
0
0
0
26
489
119
9
14
33
0
46
2987
0
199
3
0
50
49
20
61
0
0
0
1311
13
0
680
138
0
1252
3
5
24
0
72
87
540
50
5
354
0
0
0
0
666
9
45
5
68
3
3
1
0
0
1
136
102
4
26
114
3
0
45
577
0
0
221
14
0
0
7
5
0
413
0
1797
3
0
9
1
50
33
0
15
172
13
1593
89
112
232
4
34
3
863
2
0
699
107
0
0
0
235
0
10
0
549
0
91
0
5
1
238
0
2
14
0
0
179
0
0
0
159
110
2
212
39
0
7
0
1
29
0
249
107
364
0
5
37
762
0
29
0
0
236
33
0
0
1107
212
24
3
0
0
31
0
2
355
0
7
0
117
0
15
0
38
0
0
273
1
15
3
262
0
0
25
0
2
2341
9
89
0
0
0
0
226
361
73
0
625
8
146
1
0
171
0
0
132
9
223
0
1
43
1095
319
129
0
4258
0
162
172
0
46
0
7
17
512
70
35
117
0
2
5
69
0
0
38
2
0
2
6
47
12
0
780
13
154
0
344
121
57
276
619
60
0
0
23
0
0
1323
38
154
82
0
0
8
0
28
0
0
54
51
123
277
0
35
6
0
81
28
16
25
0
430
6
897
0
41
0
16
0
41
63
134
0
200
48
9
38
3
0
4
0
68
177
146
2
37
0
47
25
0
0
7
709
0
13
28
0
2
553
0
426
1292
0
0
767
12
0
198
22
10
258
0
187
0
35
221
2
0
110
0
105
40
0
3
41
9
272
49
0
0
38
84
2
0
0
2
8
220
106
13
0
66
411
318
19
78
2026
342
5
0
5
773
121
0
0
79
88
345
0
5
0
72
0
1944
670
1
1
12
0
191
1
3
0
3
0
83
11
0
4
0
0
1
60
721
3
1
34
0
26
0
218
0
0
165
0
29
0
198
9
0
0
381
0
333
349
84
410
97
0
205
2
0
20
0
0
2
0
80
0
0
12
0
0
4
2367
0
0
0
34
903
0
823
0
37
0
0
9
57
132
82
33
0
91
9
5
0
22
376
71
41
16
0
31
4
2
1
0
1068
386
212
93
1700
508
4
38
0
0
0
237
57
0
267
755
757
190
0
7
35
675
0
37
12
324
0
269
0
746
89
207
0
14
0
2
300
1
51
53
249
51
362
92
50
2
19
0
2
0
0
5
142
171
0
1
157
0
1
0
289
0
39
269
1404
71
0
552
0
1
19
0
241
0
0
0
0
303
0
4
0
16
99
47
31
0
0
0
201
0
156
4
1
0
20
74
4
1
0
251
0
5
0
6561
94
14
0
0
69
114
161
41
341
0
0
1792
0
1
656
0
0
0
2
982
30
1
4
1209
127
0
0
0
0
0
29
2485
0
0
12
44
0
1583
0
0
0
2858
78
326
0
172
2
1578
0
47
8
0
0
17
13
0
6
0
2
218
36
1
2022
0
0
0
7
1
0
1276
16
6
0
1
141
0
0
111
466
0
229
12
13
23
478
825
65
0
0
2527
91
0
373
2424
0
504
598
30
3
3
0
0
17
357
0
0
0
2
0
1
0
0
0
22
23
36
0
0
122
0
813
41
2
58
4
251
65
0
0
533
9
0
41
0
9
0
0
63
1477
282
0
10
38
41
20
3135
250
23
54
1587
643
0
3
41
1
66
0
0
152
0
1656
2389
0
10
0
43
339
138
396
395
12
0
0
0
898
202
0
0
40
2
0
17
874
53
131
16
0
0
326
0
27
1363
54
0
60
0
0
17
563
0
17
276
335
1
7
976
140
0
0
2028
0
0
251
0
7
0
0
10
0
0
5
319
40
443
0
222
263
0
0
34
263
166
0
48
0
1
85
0
813
36
318
47
3
5
0
0
39
0
0
0
46
2891
1045
289
0
29
32
0
123
0
23
0
12
35
212
103
0
36
112
16
246
0
4
177
0
0
5
5
0
462
104
100
5
0
291
14
0
0
41
17
110
375
6
2
97
12
0
135
0
83
0
0
0
34
0
22
73
0
307
0
0
0
7
0
108
17
568
0
29
1388
5
0
0
142
0
48
505
12
0
0
4
0
74
2
30
95
1
4
5101
139
0
3
0
0
1248
0
0
2
159
0
25
10
58
4
0
1
472
0
0
4
0
0
79
0
11
0
230
113
0
876
164
0
382
0
49
0
0
594
0
0
3345
244
0
0
0
117
276
0
28
8
0
513
0
17
2
11
0
39
0
1
24
0
11
64
3
0
15
0
66
1
0
1010
2
0
0
0
13
11
0
0
0
0
0
2
1
6
0
111
10
177
244
4
0
126
0
194
0
0
2
21
0
15
0
0
311
2
56
77
5
6
60
1
215
0
1
86
0
488
4
223
1179
0
11
10
0
0
159
0
158
11
0
4
212
3
403
0
1
58
34
396
47
689
290
0
36
0
413
510
0
1
123
16
10
7
447
7
0
173
33
398
66
372
0
2745
119
178
0
0
921
0
197
287
10
0
0
0
529
36
86
0
0
0
125
0
1
0
204
2
0
0
0
350
180
195
121
84
5
7
5
23
2
3
0
10
0
55
307
0
66
0
0
0
807
4
23
0
268
0
310
0
8
24
731
0
54
0
23
0
43
49
118
0
308
0
241
0
0
0
0
80
4
283
0
123
0
27
0
0
0
0
0
0
2
0
284
32
111
9
0
39
54
0
11
11
0
0
39
22
283
970
0
70
25
483
0
152
0
30
1073
59
9
44
6
659
48
0
372
1437
92
1298
2
514
21
0
19
0
20
13
0
0
4481
0
542
0
43
0
131
0
103
245
203
0
105
729
0
692
0
0
0
138
0
0
0
25
0
0
59
0
49
1
2019
4
0
23
0
13
57
0
0
991
20
17
0
47
16
0
2171
0
0
124
161
0
287
0
11
0
0
60
1942
520
0
0
0
0
68
0
3
0
1479
704
55
14
76
0
61
10
0
295
0
209
166
0
0
0
137
407
1
0
0
0
53
0
38
0
3
4
0
0
15
25
0
0
20
52
11
0
7
0
0
0
0
15
0
0
0
0
96
139
142
479
92
18
306
0
0
0
1
1
0
0
1
57
1
196
0
0
1
0
0
0
0
0
1
0
314
6
7
0
0
68
10
28
10
531
372
167
39
44
83
0
2
9
0
172
7
13
0
0
5
0
1
39
0
0
4797
0
0
0
0
1
85
0
129
15
19
444
0
0
21
0
423
9
0
0
0
0
32
103
0
229
206
731
1069
0
0
0
0
0
17
192
0
186
513
1
44
2
51
490
0
36
35
40
23
39
369
47
96
4627
841
0
0
17
109
0
0
4
238
1995
33
0
9
851
1
0
0
7
8
54
251
620
932
604
0
0
44
0
1045
0
0
139
504
0
0
11
102
909
0
720
140
0
395
11
0
17
176
36
129
60
0
112
34
126
0
473
327
1671
0
0
20
0
23
0
0
176
11
0
8
65
346
0
7
181
111
16
0
0
742
3
50
0
0
0
6
475
0
0
8
0
0
0
2
0
103
64
308
377
201
0
40
0
0
229
451
143
96
2
75
16
0
8
36
79
0
739
16
0
77
0
0
46
0
6
0
0
0
0
209
2
0
0
26
0
0
327
4
784
0
0
5
0
54
0
0
0
248
0
14
0
5
0
0
464
0
0
0
0
130
39
2
12
50
0
0
274
0
62
0
255
21
0
0
32
142
43
150
811
0
0
228
0
0
23
165
31
0
355
0
61
0
0
0
1
342
155
174
841
3
0
6
33
183
6
24
0
4
74
0
79
0
97
3
293
0
0
296
0
0
84
0
162
147
0
317
3
0
228
0
700
27
49
662
2
643
1849
0
1
66
0
0
0
1
639
0
242
1435
274
16
34
262
7
4
0
15
39
2
0
6
291
333
108
186
0
162
1522
11
55
0
2650
5
0
3
291
0
104
124
280
3
41
6
260
197
0
0
853
9
35
0
6
2121
15
0
422
9
652
52
0
133
0
60
152
772
1
4
12
566
0
0
0
0
0
1
185
0
4062
7
0
1890
0
0
38
0
209
40
79
743
0
2
31
113
0
0
0
68
0
179
41
0
0
61
0
5
41
1
507
614
0
161
6
98
0
7
0
31
0
47
0
0
0
0
187
0
237
6
33
0
615
0
0
0
0
67
2
1570
0
173
144
161
0
0
0
19
2
0
0
0
679
0
86
0
67
120
0
30
2
53
0
4
4
0
43
6
69
220
0
719
220
231
0
0
314
4
52
140
1
1158
143
0
0
42
40
0
190
50
109
20
0
0
21
872
199
137
6
1876
34
0
202
22
30
0
46
28
1227
392
271
1052
744
0
14
48
0
407
125
0
0
0
138
221
2
4
158
281
0
275
0
1312
0
0
57
0
0
551
71
995
0
105
0
78
0
156
1
0
18
694
73
20
102
98
84
2
2
0
260
1
0
58
7
59
453
0
382
0
76
0
1031
811
70
22
233
0
141
0
110
2
0
12
10
0
9
73
51
5
872
214
0
0
89
74
4
0
0
0
226
206
0
117
0
121
0
2046
17
14
2
0
0
0
46
38
0
32
35
288
2
1
0
2090
0
9
112
0
540
1
14
0
19
0
116
0
116
0
96
86
665
46
0
0
0
388
0
20
1377
0
16
6
0
0
4
37
0
26
126
4
0
1
10
8
58
0
0
53
4
0
94
60
257
711
10
2
0
111
30
0
1228
195
20
50
385
2
0
30
131
0
0
69
305
8
917
2
39
597
119
0
14
197
134
517
4
14
0
225
172
2
103
159
833
28
3
33
0
23
4
0
19
8
10
19
396
121
236
7
271
0
173
0
563
609
0
27
0
96
117
554
327
0
0
42
432
145
0
0
353
76
0
0
0
0
1087
0
0
61
978
0
0
0
26
65
1
1377
1
8
0
36
150
17
0
59
220
0
1
430
0
0
2
197
2
8
9
1
90
0
4
27
1
0
69
0
55
186
0
10
8
13
0
0
243
0
1
529
400
0
0
6
44
32
0
33
901
0
382
37
47
655
0
326
55
0
8635
25
152
0
0
0
3
165
23
7
154
41
0
152
0
0
3
57
15
18
36
79
501
389
3957
113
4
1786
0
10
0
299
60
0
0
578
0
36
170
4
101
103
0
8
141
221
0
0
0
425
0
42
405
4353
4
0
4
0
2
11
35
85
0
0
320
242
0
0
3
0
68
6
36
0
0
365
255
0
0
734
165
0
0
29
0
0
40
0
0
58
1
50
0
114
289
408
2
0
0
1
14
111
4
0
227
1
144
0
0
0
3
0
2
0
19
0
61
12
433
362
4
0
660
30
0
0
15
0
5
0
10
520
28
1
2
28
0
7
1162
534
0
260
334
0
215
0
131
17
63
28
156
0
200
11
0
0
0
131
0
0
63
108
0
11
0
210
269
20
24
0
0
18
0
0
0
0
0
172
0
0
185
203
0
0
0
0
13
0
2223
95
0
231
97
105
0
3
66
112
22
0
0
200
29
9
0
27
5
0
0
0
172
8
0
64
0
15
7
0
8
0
0
146
69
18
0
0
0
0
1061
0
0
592
106
0
33
0
182
59
3
0
78
0
28
72
0
21
0
1
149
0
0
0
0
25
686
17
0
0
0
0
0
50
649
2
241
21
29
26
47
0
0
487
217
0
13
0
70
890
5
1109
7
37
10
0
0
0
34
0
580
4
0
1770
0
0
1
0
173
331
2
0
0
0
62
0
85
16
206
376
102
27
482
41
307
7
0
2469
0
2
0
1
0
56
106
835
0
0
74
0
38
0
48
0
0
0
11
0
0
0
0
21
12
138
3
262
54
194
0
83
21
1
14
0
0
511
0
0
208
11
0
1
1
24
0
0
5
9
0
187
0
108
2
400
36
34
0
26
0
0
37
0
2
0
122
942
0
0
0
10
6
0
34
16
0
14
297
0
59
0
29
60
0
480
0
34
0
66
0
0
2
34
22
0
0
0
7
43
0
0
0
5
29
0
1
31
0
37
0
123
0
0
0
0
0
7
647
0
499
93
0
0
0
0
7370
139
84
25
0
0
153
993
10
0
0
0
5
123
13
4
7117
2
35
0
353
0
736
16
861
322
2
96
36
11
25
0
14
84
176
23
409
195
0
5
0
0
875
3
0
2
76
2
0
3
0
0
0
0
0
18
6
2
0
0
6
3
101
185
0
222
500
938
157
50
0
189
18
0
44
11
0
0
0
0
0
25
0
51
0
62
0
43
0
0
78
68
0
0
15
0
0
2
0
11
71
60
568
5
447
118
23
0
10
0
2
0
9
0
339
37
27
0
1
0
3
35
0
15
33
233
0
94
1
118
368
0
92
79
55
143
4
0
7
0
0
0
1
0
15
0
0
3
271
36
0
0
7
0
4
518
0
0
192
90
0
80
0
74
528
24
8
166
414
500
0
43
0
0
0
25
31
79
322
0
0
42
725
0
0
0
0
0
15
0
0
811
6
23
7
132
1
3
13
17
553
0
16
264
172
301
237
3
74
0
0
5
13
93
136
1
1
77
5797
432
2
0
90
17
193
12
1
1212
0
40
0
6434
0
0
100
426
23
8
492
0
81
1222
0
0
0
6
0
0
115
11
0
0
53
3
0
4
0
224
36
320
123
1
0
0
0
0
29
2248
15
0
0
65
22
1
24
199
6
0
32
0
0
1
0
29
0
648
0
0
12
0
33
4
0
775
0
5
0
0
0
27
0
4
0
0
124
263
36
176
17
31
0
79
45
31
154
2
148
551
0
0
2
46
998
16
41
24
126
134
1789
0
0
1
0
0
16
66
0
0
2
0
236
8
177
0
69
0
45
123
0
0
108
28
7
3
0
62
13
14
95
0
894
11
1758
8
0
98
1
130
0
0
47
0
0
252
96
12
253
15
11
1458
18
0
1
493
0
10
30
118
0
72
51
0
0
833
0
32
12
35
26
27
18
173
142
334
0
607
2
304
201
539
1
1
61
69
416
0
0
0
1063
0
78
8
36
37
1033
0
74
0
210
0
376
0
481
17
16
73
0
0
5051
0
35
2
2578
1
0
7
0
0
0
0
1
107
23
0
0
140
8
24
245
0
57
1484
201
2
230
300
61
0
1
1
102
1406
39
10
1016
0
0
11
0
0
0
45
377
0
1
16
0
1
25
10
0
70
0
1
23
82
1017
54
0
866
422
0
465
30
0
125
204
85
0
0
176
23
209
15
0
125
7
837
191
9
40
9
0
4215
17
31
15
0
4
0
0
25
18
423
0
0
82
23
69
0
0
48
462
0
18
251
84
0
0
0
0
0
348
204
0
1271
2
20
7
1
0
90
12
2
415
2
80
97
593
437
0
0
0
32
232
138
3
69
0
149
0
0
75
84
406
0
0
66
0
0
113
3
3
0
13
0
0
109
0
0
0
0
1
90
61
0
24
12
0
164
0
480
0
705
23
41
300
21
0
289
10
1
0
0
0
1919
0
26
0
0
19
343
0
184
0
2
18
4
1
0
18
0
0
1
0
21
0
17
1
96
0
0
20
89
0
37
206
0
3824
270
0
2
0
621
0
52
727
0
0
0
27
0
0
3
0
0
57
0
8
0
0
2
0
258
0
3
5
0
1089
0
41
0
252
274
0
1
0
367
2200
110
0
0
71
40
32
6
94
54
0
5
53
0
105
1
537
36
101
0
39
7
0
3
5
170
0
12
5
1
3
0
0
14
27
150
50
50
11
37
159
0
52
2
273
5
186
0
0
0
137
0
0
813
1
0
0
58
294
122
0
1
0
1485
28
11
3
621
80
0
107
28
32
16
9
999
37
0
0
14
30
0
72
152
0
13
15
557
6
2
9
111
8
0
0
0
269
287
626
2
23
0
41
13
0
0
1711
0
195
3573
120
0
0
208
1583
0
19
24
0
52
0
571
3365
17
1519
3
870
258
1
53
5
261
160
58
29
13
5
8
16
3
58
0
0
0
5
147
82
111
6
54
271
340
38
0
18
15
28
16
909
0
0
47
171
2
3
0
47
346
0
3
4
0
0
31
0
0
5
0
0
0
0
0
0
0
60
0
0
0
4
0
0
13
54
19
866
0
108
0
0
2
7
44
0
5
1004
9
0
0
0
24
110
9
0
687
0
18
282
0
228
80
0
69
24
5
23
0
206
11
0
0
341
255
0
314
128
671
0
10
0
0
0
56
0
0
0
0
0
0
58
0
793
395
0
1612
0
4
2
0
0
59
42
23
53
218
0
0
1
20
162
0
86
27
10
0
0
0
3
0
129
657
374
185
0
27
1755
466
18
0
0
206
73
1
106
211
0
96
35
2
182
0
316
3
8
0
0
0
185
163
121
15
0
15
3
0
33
90
6
7
1
10
386
22
0
3
0
0
0
0
22
0
0
12
24
1
6
0
0
0
9
2
1
72
3
0
0
241
5
2
51
0
0
545
107
16
30
48
1
1
3
0
21
5
25
0
754
2
2
19
12
0
62
0
12
0
16
0
0
29
35
6
0
257
0
18
21
0
11
160
0
0
0
0
7
0
15
32
0
0
16
4
50
12
0
0
0
122
13
0
201
5
0
536
0
675
406
87
0
2
89
0
204
0
0
6
190
10
418
25
83
0
0
0
0
41
0
0
0
0
13
0
91
0
43
0
0
0
49
60
0
0
52
22
46
0
0
70
57
7
55
221
0
0
0
0
7
11
616
0
152
394
0
0
61
199
0
112
5
53
59
1
0
0
200
0
8
2
45
0
3296
0
131
16
0
0
0
2
0
0
64
0
26
5
37
3
86
0
0
0
66
800
46
0
0
1
15
115
0
142
764
0
34
54
23
0
0
2
7
0
55
0
22
80
2
76
189
0
28
11
0
0
0
0
71
18
0
0
46
283
3
11
0
692
209
108
0
0
34
0
0
4974
7
433
20
13
2
0
3
125
13
23
2
0
0
0
0
494
12415
0
1
1
43
172
56
0
6
0
11
0
2
23
0
3
162
13
33
9
0
0
286
33
5
11
2
69
45
12
13
0
16
58
184
0
5
59
13
634
1
84
800
3240
32
219
25
0
220
28
443
0
8
67
0
23
286
701
280
13
0
3
4709
32
0
213
8
8
0
0
0
1
44
0
149
57
0
0
6
4411
3
5
119
230
0
30
0
267
3
0
0
13
0
4
0
20
221
3
0
0
23
0
4132
0
2
1089
0
215
119
0
1021
454
7
0
6
0
0
185
0
207
8
48
72
4
443
0
0
21
0
0
26
0
62
445
0
40
669
0
25
0
116
0
0
40
34
0
40
0
0
0
8
140
0
0
4
1
0
497
37
0
128
0
343
295
280
0
2
0
53
169
2
1
29
1
44
5
3
17
0
5
36
0
0
99
0
0
3
10
52
0
93
77
23
0
9
17
0
64
22
12
1
15
0
56
0
0
0
3
128
0
0
34
7
34
13
455
0
9
0
0
514
99
56
35
0
159
20
14
139
118
0
0
6
42
200
6
45
23
4
3336
326
0
6
66
85
71
55
0
3
0
0
8
0
35
0
0
0
0
0
0
1
170
7
244
21
36
94
6
0
0
429
0
0
25
0
95
24
15
0
81
0
6
0
103
55
0
349
0
116
0
716
221
12
0
0
0
0
0
82
0
0
28
0
0
0
0
0
0
0
0
0
0
7
55
0
653
235
15
0
0
240
0
20
8
2
261
120
53
0
43
0
438
1
341
97
2
156
0
80
4
4
92
58
2
4
235
979
0
647
19
0
0
0
643
79
3
51
0
77
0
0
0
6
1826
0
6
248
0
142
0
108
0
8
0
330
0
1019
3
8
0
5
0
441
334
0
234
1
0
20
18
2
0
2411
0
0
9
78
106
15
577
242
454
1267
808
71
0
8
35
9
37
0
1
0
106
5
93
0
0
3
5
170
0
0
0
0
0
0
52
750
171
0
303
11
0
23
648
60
28
3
0
59
35
0
0
18
429
9
0
1
0
2
0
179
0
0
132
27
33
826
11
0
62
286
0
369
14
74
7
89
0
1194
46
0
4
131
12
179
0
97
0
0
0
93
2
0
514
242
0
1998
3
158
0
269
302
0
719
255
0
0
1396
0
47
2
255
0
0
23
22
4
293
157
73
518
13
850
19
2
347
208
0
0
0
8
323
1528
0
479
97
0
67
0
0
0
123
2
30
0
2
14
200
0
44
0
423
0
44
0
29
0
0
1
0
0
8
57
48
0
570
1147
0
143
238
0
175
0
0
0
0
11
41
28
118
2766
137
0
65
7
523
0
0
0
0
0
245
1557
15
1
13
104
206
0
89
0
20
11
20
39
0
33
4505
0
0
0
0
0
418
3
0
0
21
0
0
0
0
269
0
87
162
0
66
1
17
29
3598
15
25
0
0
100
0
0
830
0
0
246
2
12
0
0
0
0
166
45
0
0
0
109
5
0
0
32
14
656
0
0
0
0
0
0
8
132
0
0
0
624
3552
0
3
17
0
154
0
794
22
250
78
0
95
470
1
691
536
0
96
0
0
4028
33
1
121
0
3
3
2
1016
0
410
1991
0
0
0
0
0
3
92
2
175
9514
396
0
3
0
0
0
5
131
0
29
41
38
128
958
2280
0
1
247
0
17
0
597
440
0
23
0
0
47
1
21
0
22
0
115
26
0
261
31
1
0
21
276
0
0
4
28
0
0
16
833
0
76
69
1
10
72
0
0
2
0
1228
8
196
18
0
6
0
0
0
2017
78
291
171
0
17
1850
497
0
0
1814
0
0
0
17
0
0
0
134
192
72
50
0
607
1
0
18
34
529
78
138
21
0
0
0
8
17
0
246
47
0
19
0
0
2
0
0
4610
5
37
245
19
101
1
0
174
259
62
0
0
0
0
0
157
169
0
0
48
0
19
27
0
712
187
0
0
295
997
100
11
77
0
0
19
0
5
18
3
126
0
0
18
34
0
419
0
7
103
147
179
0
0
62
154
176
41
0
0
22
0
1196
374
2102
0
0
29
144
71
15
2
0
835
2
0
0
13
2
0
0
0
0
24
6
13
0
55
0
63
5
0
108
0
230
669
0
2
0
0
4
0
1
0
197
331
103
16
1
0
183
0
47
993
30
121
1
17
30
0
8
12
2
0
0
0
9
2
77
0
6
298
1
95
146
0
0
0
0
8
5
0
9
205
3
0
2
0
0
0
0
1
120
19
254
561
0
1
239
1678
0
14
37
0
810
8
22
54
352
0
206
0
18
0
455
26
0
0
2
0
10
89
407
1
180
91
230
0
0
90
207
78
0
19
1051
0
201
0
142
928
219
0
34
10
0
0
664
1574
9
0
226
32
80
0
0
49
0
0
0
540
70
171
633
45
100
164
0
50
123
100
0
0
56
0
41
0
2
2529
0
65
38
0
324
49
7
0
9
70
0
262
0
34
0
300
230
169
0
87
0
0
0
10
5
0
575
37
2
8
0
0
0
71
0
442
0
1
0
4
0
0
46
10
0
17
1
198
201
0
167
45
89
45
0
148
62
0
43
19
406
7
1114
0
273
0
3
94
0
0
213
0
1118
191
444
134
33
0
0
0
0
0
58
0
0
3
98
0
359
287
3
0
691
0
0
0
11
0
4
0
2
0
5
8
0
17
0
277
8
153
0
0
2
1
218
0
13
0
92
0
432
50
0
0
157
0
0
24
0
0
0
50
0
165
0
44
761
0
313
0
106
7
19
0
68
1025
210
133
186
73
47
42
94
2
18
0
195
0
310
13
0
345
0
282
205
1
108
0
170
0
0
409
281
73
0
47
37
0
423
107
0
0
0
0
0
224
0
186
2
58
344
0
0
1068
586
0
0
402
0
31
1
154
0
0
225
58
29
2110
1319
59
149
0
0
12
0
22
6
203
0
34
138
176
289
5
52
261
83
0
74
74
0
0
143
74
2
28
102
0
10
0
0
11
33
0
0
122
120
105
1
885
1219
1150
19
248
2043
0
128
11
11
290
86
54
147
21
0
175
0
0
85
276
0
6
4
233
236
0
7
2
341
20
3557
103
34
807
54
0
0
1216
88
94
8
2
13
81
34
0
116
37
0
139
314
6
163
41
0
0
0
14
835
254
166
0
0
750
0
0
0
0
0
47
653
0
6
0
0
13
69
0
0
210
0
0
0
723
17
0
12
87
25
962
149
0
0
0
0
50
35
0
0
2
0
12
2
42
0
0
96
0
0
1
162
0
45
0
6
0
3
192
0
17
0
149
0
307
204
0
67
0
1
14
52
1300
22
28
0
102
101
0
4
8
80
10
25
0
613
165
0
133
16
0
0
78
0
46
835
0
0
2
0
0
0
28
7287
26
0
75
0
116
11
4
0
1
35
15
0
0
3
215
55
63
0
144
76
69
0
592
0
7
0
47
42
862
76
10
0
0
5
16
1036
0
0
6
1229
151
1
0
7
8
0
0
11
145
85
1
46
0
0
90
0
24
0
0
62
314
0
3
9
18
5
278
183
0
417
179
0
0
110
0
3
0
140
0
586
0
5
0
3
13
7
0
1142
0
0
804
17
0
1
24
0
0
0
0
0
17
0
53
0
0
76
1570
0
0
1137
0
0
5376
26
572
76
10
1
11
3
0
285
0
133
21
0
82
11
0
52
2014
893
5
0
11
3
3
21
12
139
1
0
0
2
830
740
114
289
35
1
225
41
0
0
2
10
0
0
233
0
242
0
60
0
177
0
0
24
0
6
0
0
0
39
4
0
50
0
24
0
0
3149
37
0
45
0
1
17
138
0
0
20
1
0
0
0
40
0
259
76
794
20
3
116
7
0
0
3
3
0
15
45
11
7
0
37
65
73
6
727
82
9
684
275
0
550
33
0
6
0
0
0
0
9
59
12
97
0
81
0
40
0
28
0
0
0
0
97
0
25
282
254
24
0
1
0
0
29
11
0
852
677
25
0
0
3
26
18
0
0
2037
35
0
409
208
1
124
0
0
237
0
223
302
0
0
150
5
0
3
0
0
0
214
5
0
46
55
0
19
23
0
77
2
271
0
8
73
42
128
34
2
0
198
83
2576
17
278
2
445
0
295
20
0
81
0
61
9
1063
524
0
7
49
65
0
0
951
0
3
303
31
20
0
35
0
0
0
77
0
0
23
116
538
0
0
53
214
147
2
202
0
0
0
10
0
0
1
20
355
26
6
0
3
19
1
0
0
0
820
0
0
44
280
188
31
66
32
145
0
202
106
118
55
2
13
224
62
5
82
0
186
414
19
321
0
0
6
1
16
151
43
0
9222
108
0
4053
147
0
0
73
318
0
213
0
0
3
101
0
1
0
6
215
0
4
0
14
0
115
5
0
0
299
0
0
479
20
66
0
69
0
0
38
0
9
0
316
8
0
19
0
8
8
0
220
0
47
74
0
2
0
268
2
1036
144
54
830
72
78
0
7
0
0
198
0
0
11
13
80
0
8
513
0
0
192
9
971
7
90
0
28
846
14
0
0
1
130
2248
1
0
0
0
0
0
0
0
0
0
27
142
4
2
109
31
92
127
0
1076
639
0
43
211
182
0
91
15
219
764
0
24
0
3
0
3
275
0
98
0
0
16
41
0
15
8
0
74
59
0
252
0
0
0
0
1
31
0
0
151
2
342
241
18
0
856
35
0
38
3
170
0
0
2
4
0
0
1
81
0
24
0
1273
348
0
0
720
0
29
329
1528
66
0
8
245
0
0
0
0
0
90
818
0
97
35
144
44
0
410
60
39
12
6
0
10
0
19
2745
4
60
2049
4
0
3
0
3
1034
223
1
0
29
930
0
535
0
82
61
64
262
0
0
131
0
13
1
0
9
1012
0
1
48
59
0
154
0
47
23
0
61
0
50
0
42
444
587
13
0
0
215
7
1
282
29
29
0
0
0
0
0
32
131
0
303
6
2
702
57
0
0
0
143
1
10
48
151
13
0
1
25
0
871
0
0
0
198
33
0
1
0
139
0
552
0
0
203
0
0
0
0
0
909
3
0
0
16
86
0
52
0
0
0
0
43
34
0
15
0
0
4
550
201
0
7
10
0
174
0
1
4
1
212
173
478
27
86
276
0
0
93
9
324
311
3
0
141
95
189
84
215
7
593
5
746
223
11
0
0
8
0
38
27
60
51
0
115
0
3083
0
0
0
30
21
72
137
0
0
0
19
0
428
343
0
4
0
0
0
401
180
309
40
671
7
0
0
314
0
0
3
70
185
0
19
62
14
0
0
0
0
810
654
621
39
2570
0
7
89
154
72
0
0
115
237
74
11
0
0
2
2
12
971
0
826
0
5
72
476
7
194
0
0
1
11
117
0
1
45
2
4285
2
29
234
0
0
82
100
16
7
0
42
0
5
8
1
0
9
0
10
0
0
3
36
0
0
253
0
309
42
0
0
476
0
0
1
384
13
0
0
225
386
14
151
310
128
0
10
98
38
0
94
739
0
4
5
360
1
7
0
0
0
6
4
3231
48
160
41
424
12
0
0
0
1
0
528
4
70
0
298
2
0
194
0
284
0
75
12
0
0
0
2
0
0
0
0
0
29
7
15
0
4
0
34
80
0
21
8
0
0
0
1
0
4
23
0
42
812
3
2
0
306
0
0
13
0
0
28
0
16
63
81
2
1593
371
99
20
0
66
0
944
0
0
0
252
73
100
0
7
2
0
47
0
0
1
948
16
3
18
45
13
364
2
0
350
252
74
0
19
26
79
0
0
0
1169
65
0
0
39
0
0
0
0
1
484
2
77
1507
673
416
7
0
3
45
32
131
0
0
0
4534
181
550
538
1
0
78
64
102
45
41
0
0
24
159
364
0
3
109
1194
0
116
494
0
0
0
105
0
0
619
395
257
279
41
0
0
54
540
50
0
12
215
2
0
4
7
88
189
0
0
26
111
1
8
50
1
452
3
8
203
241
5
0
177
0
0
63
103
36
0
7
631
0
152
0
14
576
0
0
195
0
1
331
0
0
0
31
303
0
305
0
20
0
0
1
0
3798
16
107
127
286
79
115
30
190
0
12
33
40
128
43
86
21
628
7
57
83
1227
537
0
115
1
40
278
140
324
4
2
0
96
24
73
0
49
1550
91
564
0
110
50
5
0
1
3
26
1228
0
89
191
81
567
2
48
14
0
1
48
94
13
61
0
427
0
0
0
0
101
404
0
1
0
54
0
1
3
843
78
38
84
0
16
0
0
110
1
181
125
0
0
0
60
0
20
0
376
5
0
68
4
0
53
0
11
0
52
236
7
71
114
0
449
1
82
49
375
0
598
0
26
0
0
100
6
0
50
89
523
128
0
0
4
1
0
89
0
800
0
186
0
0
1249
22
286
4
0
45
1
43
238
398
111
17
78
743
0
418
39
1
45
525
43
14
0
1
20
3
3
293
0
0
0
12
1
0
76
72
36
73
0
47
0
0
5
0
2
0
31
27
0
317
0
0
42
888
0
0
0
43
257
0
206
53
3
0
27
1
1098
0
1
2
0
180
0
971
0
2
27
0
3862
3
0
117
115
0
0
8
0
145
92
110
120
14
0
0
26
65
0
3
5
3
0
0
222
2
0
0
21
0
13
0
16
19
0
0
246
33
23
4
0
5628
147
7
0
175
331
1
608
11
970
0
0
881
1968
121
338
62
0
0
0
38
0
1047
0
0
0
69
0
0
8
13
0
0
0
96
0
3
0
0
102
0
0
771
0
0
0
0
0
4
499
15
0
214
47
7
0
0
0
0
84
9
1048
0
0
3
0
0
1
0
328
45
0
0
315
24
220
0
45
1113
122
3
0
63
1
52
0
14
19
0
0
118
225
0
21
35
1219
7
0
181
0
0
32
22
1
3
0
0
0
0
0
0
499
63
0
0
0
79
98
716
0
0
0
45
0
0
3
1
0
138
0
0
13
11
130
32
8
0
0
800
29
1
3
2418
0
0
211
0
117
0
0
170
12
0
0
0
0
43
431
4
0
0
3
11
10
0
32
436
234
0
6
0
2
9
0
180
0
0
0
53
1
0
0
16
0
23
0
0
16
44
0
0
0
28
0
0
0
26
8
103
7
0
0
0
0
25
3
1
73
0
0
0
136
0
0
307
1
12
23
0
0
11
0
278
30
21
0
151
35
126
9
0
157
1
56
56
0
0
41
222
0
14
8
19
420
0
90
24
0
2
0
8
3
102
438
260
0
0
0
3
0
0
0
18
9
0
180
0
16
0
0
0
1
0
0
2
2649
0
358
154
0
0
2
21
18
0
169
2
0
0
0
6
6
613
1011
34
178
34
9
140
3
0
0
228
0
0
55
4
2
0
0
0
12
0
0
3
37
0
61
20
3
12
49
110
3
57
9
0
0
0
0
12
0
0
0
0
215
0
127
3
14
94
0
0
0
0
0
3
0
0
0
32
4
0
573
50
0
0
0
173
43
0
45
115
85
115
248
5
0
0
31
0
51
1
19
2
1
6
1
48
96
38
151
67
0
6
0
5
445
0
114
0
0
18
87
133
0
3737
391
4315
86
70
13
195
716
1338
0
0
0
10
2
0
1
8
0
0
26
167
200
0
76
33
13
296
249
5
0
468
0
50
0
252
0
1540
13
0
141
1
0
1278
481
45
48
27
3861
18
68
0
0
4
11
69
104
0
0
43
886
2
23
1749
0
147
0
8
0
0
1
2
0
4
13
7
195
0
1
55
8
24
0
10
0
204
276
12
2
1
0
0
18
0
12
558
73
13
0
0
31
407
0
159
5
268
92
0
68
6
6
44
0
0
2436
0
0
148
0
110
453
2
0
0
28
16
16
110
1
0
326
24
130
0
66
54
0
95
0
1
0
0
0
0
51
5
243
14
82
0
0
91
0
3
0
32
0
194
0
1
0
0
0
0
0
25
0
623
3
140
0
0
9
1
0
15
37
3
16
0
0
0
0
0
12
319
12
0
72
6
58
0
4710
8
0
105
0
302
1
31
37
1
0
29
53
0
0
106
0
14
0
0
0
0
45
87
0
9
0
10
16
2
0
484
8
2
368
0
0
63
25
17
10
1
54
75
0
0
61
0
6
0
2
0
100
9
196
2
0
89
19
21
0
0
18
8
2
0
0
2
1
0
5
3
185
0
4
0
9
310
150
60
0
0
20
0
31
0
5
0
0
68
0
0
46
16
138
361
1081
6
257
0
653
94
0
359
139
181
0
0
0
517
2206
6
121
22
0
68
0
189
0
0
88
18
0
2
0
7
1
0
0
0
0
71
0
106
0
0
39
0
312
5
0
0
0
0
48
2069
277
429
0
209
384
0
2
22
1
0
38
371
0
41
1816
309
219
2460
0
213
370
0
40
0
0
0
0
0
0
24
0
1
0
16
16
0
319
0
0
26
35
5
4
9
15
0
0
0
0
78
188
0
64
104
9
94
0
66
14
1851
0
0
0
9
80
1
1
232
15
36
1
0
99
165
0
0
59
522
0
1740
943
0
169
133
1
163
1
1421
0
1
1
0
330
194
16
0
0
839
267
0
0
28
39
13
24
0
16
8
0
157
447
0
0
0
110
0
68
0
0
139
0
261
9
0
101
226
0
0
0
18
0
30
8
1
95
204
0
432
1
300
0
4597
144
11
97
4
0
21
59
202
86
27
0
138
3824
39
61
2648
0
0
19
0
753
2
21
482
73
0
0
416
221
0
0
0
0
0
60
20
75
781
16
15
0
142
1103
8
239
21
6
18
48
253
0
2108
3319
0
0
252
1143
216
0
0
1
17
0
718
8
0
75
97
0
0
3
0
2
10
62
0
6
3301
1499
0
1093
897
4
419
57
24
68
0
2
235
9
1110
7
547
75
116
0
1034
0
0
209
8
1390
29
0
295
96
0
96
41
3070
53
1002
36
34
0
23
231
109
1494
42
103
0
13
0
172
0
0
0
0
0
1
53
0
15
3
72
0
0
38
3
0
8
0
0
2
102
243
11
0
0
279
0
0
841
2
0
0
10
828
0
0
3
6
140
0
0
1
100
0
9
5
909
35
374
0
0
3
0
0
0
75
14
8
0
16
0
11
48
146
0
17
5
326
6
110
19
0
6
0
6
6
5
0
40
101
0
77
73
0
14
57
0
303
1
69
75
321
12
4
0
255
0
0
4155
14
0
7
4
167
0
499
2501
106
168
182
2
532
17
10
157
81
1175
0
399
0
6
16
17
0
91
86
144
0
44
0
0
2
0
0
52
8624
0
67
50
0
0
2
0
7
0
0
67
910
124
29
13
40
0
6
1
17
6
0
4402
68
163
97
0
137
0
104
366
0
71
1
2
0
0
0
98
39
47
305
476
123
241
36
0
8
108
596
0
1
2
10
977
419
10
8
0
0
0
25
351
3753
98
1
952
0
46
2
1236
48
0
0
0
127
471
0
14
0
0
29
26
50
0
693
348
5
0
0
4
276
10
0
31
125
0
0
28
769
160
0
3160
39
65
0
560
0
48
0
1291
13
123
0
21
0
68
0
9
0
700
88
1
0
6
0
50
960
89
0
0
0
0
1053
0
247
2
65
138
0
275
27
56
3618
7
383
122
114
0
71
154
0
0
0
431
553
0
0
2
104
0
0
0
119
45
0
5
0
1
30
7
0
1
18
0
0
1458
0
522
32
0
0
0
99
0
0
44
0
1
0
0
39
0
0
4
198
117
0
544
35
0
0
86
0
111
0
0
0
254
0
12
0
0
190
0
0
297
14
0
46
0
96
120
0
226
0
11
0
0
384
0
0
0
900
15
0
170
15
94
0
70
1791
0
0
0
166
75
7
47
0
21
0
21
0
35
0
0
14
241
83
0
0
0
0
0
40
0
2
10
3
3
649
0
58
0
63
19
9
20
0
2
0
101
0
84
0
0
18
76
1
64
0
0
2
0
162
2
9
51
0
0
0
0
38
25
0
1546
46
0
0
411
353
86
0
9
59
160
58
0
33
16
22
0
139
0
0
27
6
0
7
0
294
0
42
0
19
0
3
182
35
62
220
312
0
0
45
233
0
0
4
3
0
0
1638
95
0
889
11
350
0
0
33
51
0
0
0
0
7
6
1
0
0
0
447
37
23
0
0
85
5
1
11
0
586
0
58
75
7
8
11
119
62
135
0
382
41
320
0
1
10
143
109
1978
5
0
0
0
0
48
0
0
0
7
16
0
31
0
19
18
11
12
0
5
7
1
0
4
3
49
4
0
31
1
90
2
43
0
437
25
42
105
0
0
36
0
76
1
0
0
136
23
209
224
4
87
665
32
0
9
86
399
36
0
25
0
949
0
4
0
11
69
82
73
30
9
32
0
0
3
186
6
145
4
9
1243
0
0
11
12
0
0
174
0
0
2
0
0
112
144
50
0
0
0
0
63
0
363
0
19
96
13
189
210
106
0
0
121
31
93
657
0
0
153
0
78
0
893
304
455
2
0
0
12
12
5
23
26
0
0
3
0
0
3
17
0
185
0
1
130
0
143
1
8
0
114
6
0
5
19
57
0
0
69
0
1
0
0
0
1
0
0
4
2
1453
121
373
0
9
0
8
0
37
0
0
21
574
0
13
0
325
41
99
4
0
269
6
13
69
1865
0
1
8
36
4
156
464
0
0
0
0
520
7
144
182
13
0
40
104
0
0
6
4
13
618
101
0
0
0
470
2
7
1
0
0
44
49
6
60
0
63
0
20
626
70
0
26
17
1
24
26
0
49
59
175
66
536
5
18
0
0
688
0
2
5
0
0
0
0
0
0
9717
159
11
0
5
554
2623
3
4
0
6
273
45
0
959
32
1
0
742
0
0
31
6
5
0
220
0
6
0
0
0
0
0
0
0
2
516
0
1
9252
0
3
0
0
0
0
13
0
0
24
0
61
1389
0
0
48
98
171
0
639
4
29
19
0
30
0
246
0
0
5
1404
0
145
0
0
46
258
28
68
41
554
3
8
59
64
13
3
0
0
8
0
0
101
174
0
2
0
13
0
6
1
0
913
0
0
0
736
73
161
3
201
1
793
3
10
218
362
3
5
0
41
21
362
0
0
86
0
10
0
1
87
11
0
0
259
14
79
0
0
201
0
50
1
1
75
0
100
424
195
13
0
31
877
28
22
316
1
0
0
175
86
0
108
0
174
179
1
0
79
68
161
0
1
0
108
524
867
42
1386
0
29
0
2149
5
829
650
0
4
0
273
1
0
70
10
91
27
1
120
0
0
0
52
0
0
718
288
318
3
0
1837
23
41
0
292
230
394
1595
0
0
0
2997
0
844
0
0
289
12
7
0
4
0
0
11
0
0
17
11374
76
60
0
0
127
2
217
2857
225
2
437
75
350
0
0
0
0
156
0
0
8
112
0
389
70
493
0
223
1
86
2
855
0
6
6
23
283
307
31
206
3
0
5
374
94
0
589
0
127
1
0
16
32
0
6
0
0
0
0
209
7
18
377
0
147
3
0
0
63
0
7
0
6
0
0
5
9
52
0
134
34
39
90
2
5
0
2623
75
7
1033
0
0
215
2
47
149
0
53
815
39
422
126
18
4
209
0
0
462
0
0
804
12
0
213
35
5
0
0
2
777
5
69
30
183
386
259
0
3
0
31
9
102
4
52
1
228
3
9
0
1870
125
0
176
14
15
2
0
6
102
7
162
351
345
2
382
0
5
0
0
0
60
97
24
355
14
209
175
103
29
129
1
2
12
0
48
0
0
0
0
8
0
585
0
482
585
0
0
2
12
0
62
16
0
4
0
4
0
0
215
106
3378
0
8
0
0
2035
12
0
2340
0
151
388
0
41
0
0
5
4
34
335
907
100
101
119
104
0
302
209
0
0
0
14
0
0
119
0
68
85
8028
0
12
1141
278
45
0
142
0
0
17
0
91
90
162
57
159
20
29
8
0
15
25
44
63
420
1
109
43
0
0
5
0
236
51
97
0
3
0
0
0
0
7
12
177
22
144
0
0
0
3
0
156
0
0
17
31
0
441
76
0
0
0
0
142
0
0
744
226
24
282
1
7
714
149
0
0
168
0
0
9
0
1
0
325
1559
65
193
0
888
0
4
4
138
0
726
15
81
0
8
0
9
3
142
9
44
235
27
0
16
14
0
925
160
85
1
26
0
1
76
88
6206
0
0
0
7
37
14
91
0
1
150
0
176
894
360
0
41
1524
1653
525
12
0
0
0
24
28
10
0
32
19
31
0
86
0
16
0
0
237
0
2
99
0
266
30
324
283
213
50
227
0
2873
58
3665
42
200
5
7
610
0
223
86
278
104
6
0
4
97
0
0
306
36
128
27
490
360
0
509
8
295
635
136
219
387
0
6
0
147
480
2
3
0
303
5
458
11
0
147
1
10
0
0
230
155
0
0
145
11
62
203
31
0
0
0
0
90
0
0
755
535
163
153
1
181
131
407
84
333
13
0
111
14
20
0
97
40
78
0
174
26
0
0
1
2
0
3
234
0
2010
744
232
0
1420
262
33
7
313
7
0
0
7
0
0
0
8
50
2
7
201
21
0
481
17
0
500
114
485
0
0
0
1609
604
457
206
0
367
362
8
336
73
32
0
23
463
89
529
0
0
3
256
158
52
317
43
401
4
0
0
0
8
0
0
20
63
0
23
0
0
0
0
195
8
0
6
14
20
1
101
57
18
0
0
3
108
0
166
62
53
10
3
0
6
128
0
14
21
2
186
7
1
0
7
690
828
867
32
0
16
12
791
0
0
7
171
49
0
41
24
0
0
0
88
56
262
139
39
0
4
12
59
0
479
151
12
0
16
0
112
7
0
0
47
55
0
1071
8
0
95
39
8
0
126
17
58
315
40
603
0
0
10
71
52
747
0
965
0
665
79
0
188
0
799
0
266
49
426
610
0
1599
1836
0
0
0
0
0
11
0
71
34
7
127
182
0
10
0
89
7
0
0
71
261
432
451
59
688
1667
585
0
5
31
4
46
196
0
3
0
16
7
41
0
11
1755
0
41
113
305
15
0
4
0
28
29
503
0
0
468
0
2
2
196
251
506
0
26
0
0
2
0
26
0
320
0
26
0
1
59
49
0
38
0
14
1342
0
294
1
0
0
0
6
0
0
0
303
387
3
8
637
17
15
155
179
0
8
1
899
200
75
100
0
17
0
0
1
14
0
137
3
128
190
18
0
26
0
53
0
8
34
9
0
2
0
0
2
129
0
209
0
2
0
0
844
0
0
2
54
0
0
0
9
9
0
0
2346
336
340
3162
1079
0
7
0
315
6
3
0
109
404
25
156
0
1
0
0
200
89
75
2
677
143
31
357
19
11
219
209
34
62
0
0
0
0
0
0
0
0
0
58
7
0
0
0
0
0
0
48
93
78
403
143
0
0
0
0
1
0
418
259
0
0
0
0
0
0
220
108
0
0
0
6
21
0
0
21
15
0
0
0
0
0
14
32
92
81
0
0
0
0
0
1647
587
0
408
23
0
4
41
112
296
2107
5
35
0
2
0
0
84
0
39
2
4
0
0
0
0
457
18
1
0
0
0
0
0
0
30
467
0
47
50
0
0
0
0
21
58
0
0
491
0
0
0
82
98
332
42
30
33
50
0
0
26
0
0
64
15
0
1
135
2
0
24
0
0
0
112
0
26
1
0
0
0
1
0
0
0
194
28
291
0
0
0
0
0
0
0
0
0
0
0
0
25
0
0
0
2
0
0
0
0
0
0
38
1
359
0
0
0
0
3601
12
133
9
189
62
17
11
28
3964
10728
52
0
40
33
0
0
0
733
96
60
0
0
0
41
0
0
0
101
0
0
63
2
74
181
0
0
0
1
114
20
0
0
9
3125
10
104
0
0
0
0
18
66
0
6
61
0
1
0
0
202
54
0
0
1
0
136
36
12
11
14
0
0
0
0
0
0
0
0
1
37
41
0
0
823
1327
49
467
2837
0
0
4
3
3
0
0
47
7
0
0
153
35
0
0
0
8
7
0
0
1
0
0
10
17
0
0
8
290
173
293
27
65
1463
0
623
1041
9
0
0
0
0
0
0
0
0
13
0
428
0
0
2
0
1
1
0
0
2
0
0
0
443
61
1452
5
3170
4633
142
0
0
29
8
0
151
0
0
0
1004
213
0
1
261
128
88
14
0
11
14
182
0
0
0
0
0
0
0
0
0
0
0
0
0
0
0
0
0
0
0
0
44
0
0
23
100
0
1
0
254
0
1
612
0
1790
59
114
64
0
19
0
0
57
10
0
0
0
0
8
0
0
55
0
0
997
990
0
2381
12
75
3
4
0
0
0
1
1
0
0
1224
1197
3
0
54
1
0
0
0
0
52
23
0
0
0
0
22
202
0
0
45
1
1
0
0
0
0
0
0
0
0
87
0
0
0
0
0
0
0
0
0
0
0
0
0
0
0
0
0
0
0
0
0
2
0
0
0
0
0
0
