24_BitB_5_2
2
0
9
1045
16
119
12
3
0
1
0
116
14
282
0
0
269
0
3
65
911
28
0
1
0
284
0
15
4
4
19
1
0
88
2559
36
1
0
5
0
0
0
0
0
0
1772
0
123
0
170
0
58
0
257
0
3
385
23
0
1270
6
6
0
0
0
9
0
281
24
8
916
303
20
13
17
0
925
7
1
2
0
0
11
15
776
0
41
109
28
19
399
0
280
0
0
517
20
2
55
0
14
0
1
481
96
0
4
0
0
635
0
0
12
0
4
0
0
57
171
672
1
11
0
126
43
752
611
0
1313
23
0
0
5
108
2
0
0
72
34
0
3
5
40
2
341
69
62
15
56
13
29
0
41
0
0
677
0
0
0
563
0
0
2
0
87
77
45
103
0
0
0
0
167
0
0
65
21
3
0
75
482
326
0
205
12
98
74
1
99
0
0
251
44
11
0
39
0
2
0
31
12
8
4
10
12
0
3
96
9
0
0
0
14
0
0
1
56
15
0
11
162
0
4
155
0
2
1
98
2
61
0
0
57
247
141
5
423
18
0
0
0
0
2
303
0
33
96
999
6
0
29
111
8
0
496
28
0
0
0
28
98
1382
15
2087
52
0
3
0
186
5
3
759
0
0
61
2
0
0
505
71
420
45
0
564
0
530
0
0
0
92
0
0
0
0
0
0
102
0
117
0
0
9
0
24
173
0
169
14
2768
1
0
3
0
0
0
139
0
71
111
0
17
0
160
62
0
142
42
6
0
21
179
153
148
0
0
335
1
19
0
0
1217
185
65
823
0
8
88
11
173
1
946
0
38
12
30
20
353
265
36
0
2
4
0
702
0
0
0
176
376
3474
94
785
22
20
0
0
8
15
0
250
0
25
0
1
1819
1
73
8
36
0
213
0
0
95
375
36
54
0
311
78
18
0
0
0
6
101
4
8
0
0
0
47
12
1977
7
209
0
88
0
0
1784
135
14
0
21
0
8
523
112
0
95
19
3
3
7
1
153
0
1
0
5
0
56
650
0
5
501
138
63
2
0
0
17
8
2
0
0
0
0
0
5
6
0
0
0
15
36
0
575
0
16
0
559
0
0
3
18
0
143
64
493
38
137
1097
359
17
0
0
14
0
72
49
53
81
0
28
0
4
0
0
26
0
852
9
21
189
8
3
21
0
4
0
11
569
7
260
31
0
13
0
840
174
0
597
0
79
10
20
7
11
45
76
448
0
6
118
195
114
139
0
2
0
9
0
346
77
0
0
77
1
0
2
7
0
0
0
1
1
0
0
0
898
0
181
5
121
0
0
0
154
420
20
0
170
6
122
90
25
0
24
0
82
4
1628
0
3
17
9
1
2113
0
4
0
181
3
428
134
21
8
0
26
0
0
0
1
115
0
0
0
0
847
9
32
257
4
0
85
1
27
2
0
0
0
16
0
1
13
0
0
1
11
0
0
52
0
21
96
132
51
27
1164
8
0
1
1
0
0
1
0
114
425
49
7
103
0
100
0
0
273
13
0
40
0
0
358
0
320
43
0
0
0
0
74
0
0
2
131
0
0
0
0
274
12
228
2
12
0
0
0
0
49
76
31
308
0
16
43
2854
0
4
1
8
2
3
66
0
6
6
48
102
0
23
0
17
0
0
21
14
84
0
105
1458
2
31
17
339
287
0
0
104
349
9
112
1
683
0
0
0
0
90
104
0
1
25
54
0
49
0
22
24
43
0
92
0
123
0
0
0
0
1
0
314
437
0
0
102
3469
3
278
30
143
159
53
39
0
0
122
0
4
26
0
3
193
0
0
699
25
60
13
34
134
182
4
56
33
0
0
2
337
0
131
1
0
116
29
1
0
3
5
0
0
0
1
0
41
3
0
4
0
178
74
123
20
18
0
290
1
0
2
0
0
3
131
15
0
2
2
0
0
0
8
29
2
0
0
5
7
33
160
1
7
0
13
0
0
189
0
107
220
283
0
266
69
179
167
6
10
264
0
63
77
1
472
0
151
60
100
4
0
362
0
1
5
10
172
268
0
0
0
0
0
0
268
305
4
0
0
0
1063
0
0
776
3
125
0
19
0
0
246
28
179
122
43
1
0
26
0
0
82
1490
928
0
0
6
0
217
22
0
23
23
0
19
52
75
9
0
222
0
0
265
4
0
2
0
214
0
31
144
24
79
69
3
19
0
1
13
32
250
272
3
4
68
5
0
382
121
0
26
1
404
1
0
5
185
0
12
0
0
0
0
0
0
1
104
83
33
7
0
23
15
6
0
0
241
26
4
33
2
0
0
0
56
14
0
1484
34
75
552
0
84
0
0
8
0
887
28
9
0
750
171
85
12
763
0
31
0
0
1951
0
0
0
1
159
1
0
0
0
112
452
345
742
43
0
0
0
51
27
14
4
0
0
55
925
364
40
21
0
0
8
183
0
0
0
0
1
0
817
302
1931
671
0
0
0
0
0
49
0
0
0
91
17
68
0
8
1302
284
0
257
824
23
28
44
11
0
0
94
5
1
4
0
0
0
7
0
21
13
1
0
0
1
0
998
304
3
0
5
0
48
0
0
0
2
33
21
0
130
0
0
49
0
144
418
0
285
41
0
0
12
3
0
0
0
0
122
659
25
77
29
88
153
24
110
82
0
20
247
31
52
0
0
0
0
1
893
7
83
0
0
98
60
3
0
201
89
19
139
0
121
244
1
4
2
4
0
6
0
0
1313
215
128
0
0
258
0
0
0
48
3
1228
1082
0
11
1771
26
179
29
37
45
598
227
0
0
11
0
276
6
324
0
417
0
255
0
138
677
39
0
283
0
0
45
0
174
307
0
0
2
467
0
324
0
0
0
21
0
157
0
0
4
0
0
0
0
8
0
36
9
60
0
298
68
8
126
461
1
3
1946
1
5
0
39
35
68
0
72
0
3
0
51
18
0
6
223
0
3426
0
0
0
25
5
156
9
113
19
0
42
2
45
0
2
101
102
11
0
3
145
0
108
775
47
0
0
2
1
231
8
0
32
1
0
13
0
0
0
0
1
370
3
534
1
0
15
8
0
56
4
64
0
13
96
0
20
0
133
0
0
0
28
2
3
0
99
1
2
0
8
8
0
96
0
161
2
0
0
14
0
1987
0
3
2135
5
292
0
77
8
7
0
0
0
150
40
1
0
1
26
22
0
0
0
0
0
9
0
43
0
0
0
10
100
0
1
1
0
75
968
83
0
0
0
35
0
0
345
270
6
38
3423
2
34
92
24
60
16
726
0
4
58
1650
56
12
17
39
242
0
0
166
40
6
194
9
242
3
267
38
49
0
16
0
19
0
7
0
0
256
0
9
0
1006
8
16
480
22
15
0
0
0
1
11
0
125
0
0
140
59
0
0
0
0
32
0
73
0
4
35
0
7
0
0
2
0
0
14
0
0
8
0
0
0
0
0
2
9
314
2
130
0
75
95
30
0
0
50
0
1187
25
0
0
0
0
13
8
796
57
207
0
523
8
210
444
0
0
0
1031
0
68
56
5536
3933
0
0
0
39
0
15
0
0
38
0
3
841
236
361
3
2
202
0
5
0
26
224
38
706
0
841
0
39
5
11
126
0
15
0
0
3
0
0
0
525
77
0
2259
41
0
0
3
48
219
210
24
461
1646
0
320
0
83
221
102
181
238
0
11
3
124
33
0
0
144
0
23
0
0
21
87
316
0
1
0
10
270
0
625
0
0
0
0
0
240
2524
0
168
0
0
0
154
0
167
0
27
0
0
913
21
3
5
0
0
1
8
351
0
3
0
2
0
0
17
97
12
2
0
2
21
0
3
0
40
0
14
16
2
8
34
62
0
0
0
0
15
1
1
0
3
48
44
10
266
2632
29
343
163
1437
5
15
2
109
5
3
727
0
88
35
0
0
2
0
334
31
0
24
58
0
42
0
1
0
0
58
2
0
2093
336
0
0
229
685
125
0
0
5
0
34
0
548
0
148
4
0
4
0
34
0
0
0
0
14
2
2
0
0
3
346
46
1
0
56
19
15
3
0
21
51
1
118
0
36
4225
618
0
142
0
0
1
1855
80
0
0
2
0
2
282
5
0
0
9
0
0
0
0
0
2
116
0
0
67
55
481
208
26
194
0
0
9
9
9
0
0
0
0
139
26
0
342
4
354
24
0
0
48
34
10
67
0
6
44
110
0
0
65
0
0
0
217
0
3
8
0
26
17
4
7
2
0
64
220
0
0
0
0
15
805
10
0
0
136
0
340
25
329
0
37
996
285
1
0
2465
347
181
1879
60
0
4
0
0
2
0
47
0
5
1
0
110
927
7
0
0
0
4
0
25
24
168
0
0
5
2
5
0
93
889
95
239
187
3
0
0
0
239
0
0
0
16
16
0
23
1
0
0
0
29
9
166
19
0
0
2
2
0
0
0
70
0
0
0
13
0
83
0
0
30
145
0
1
0
236
0
254
1
0
7
2
0
0
0
0
619
7
1
3
51
0
68
44
6
0
8
0
0
0
0
96
0
437
232
447
27
0
52
55
3
0
12
106
31
1
9
0
1024
0
16
0
5
2
1
0
11
0
0
0
195
0
149
54
44
99
24
0
0
0
0
2
33
189
47
0
22
0
20
8
0
0
62
0
3
0
0
35
15
7
42
5
335
2
0
78
0
488
0
0
0
24
8
44
81
406
0
443
57
0
1
4
0
0
0
131
468
0
10
46
0
0
5
0
6
0
9
87
9
0
1117
146
2
275
0
46
14
0
0
200
0
57
0
0
3
14
3
0
5
4
431
0
60
191
2
0
1079
9
0
0
0
1
14
3
1320
80
130
1
0
0
2
0
0
4
27
0
0
7
9
2
3
0
2
9
0
0
0
3777
0
5
0
13
9
229
240
1712
0
1629
15
5
3
4
1
12
1146
0
209
484
0
3
66
1
73
0
0
2
350
0
8
60
0
0
627
0
83
286
0
0
27
157
0
0
200
255
0
858
0
404
0
1805
13
0
72
0
8
59
602
3
184
7
5
0
1518
172
14
17
341
0
50
15
364
75
0
91
0
28
71
84
0
0
6
4
13
62
0
14
1324
47
305
180
0
0
0
9
11
54
0
16
106
3
394
559
0
90
119
11
0
1
6
0
566
0
36
0
54
22
0
0
4
10
0
0
749
1111
0
0
68
0
0
0
44
6
162
13
2
0
202
455
0
9
1
0
0
0
233
166
0
0
946
12
254
174
36
38
1
3
27
0
0
0
0
7
2
8
81
302
0
0
9
254
0
0
30
0
0
0
614
94
27
0
0
726
0
366
312
4
2
43
0
2
0
22
103
9
0
0
0
9
8
30
0
0
0
54
6
0
0
0
3
0
137
114
7
2
0
506
1398
15
119
1
4
0
1
1
0
366
1
0
13
103
44
0
0
0
3
107
0
8
0
144
0
402
0
0
5
32
0
0
0
8
0
1
10
72
8
0
15
0
0
7
4
4
0
0
226
0
11
0
37
9
10813
0
15
160
84
0
65
5
0
0
0
192
42
262
0
101
0
0
190
1
0
43
0
205
869
0
15
1
123
0
806
0
275
71
0
0
0
0
0
0
4
0
2
0
11
1
0
1
296
84
71
0
0
145
14
3
65
842
1
129
48
0
440
60
0
66
1
0
0
277
8
161
0
8
0
0
16
531
180
0
167
20
6
0
1
82
172
0
255
0
0
178
7
56
23
0
20
2
0
177
395
1
0
0
0
0
0
0
109
115
146
0
15
0
136
0
3
219
0
34
44
0
521
21
3
49
9
0
0
266
109
0
206
0
54
247
3
12
1814
104
0
0
3
150
34
0
3
5
1
0
0
0
16
14
0
21
0
0
0
0
1
241
7
93
0
0
16
2
106
0
0
0
1
199
203
19
8
0
0
75
0
0
0
2
768
1354
0
2
1545
13
29
475
0
113
0
0
0
447
3
0
3
5
65
19
0
0
0
0
0
624
0
0
679
4
59
4
1177
249
1
0
161
885
10
1336
386
0
35
50
342
2
21
13
10
19
0
0
0
201
0
0
823
0
954
0
0
8
0
7
0
62
119
0
602
5
136
3
26
1021
1962
2
13
74
11
562
90
0
4
0
118
1
0
1
79
96
0
1643
0
37
8
227
0
18
146
1054
30
62
127
0
406
7
310
273
1
1135
0
170
59
47
116
1
0
11
0
0
13
23
2
0
84
0
1
14
5
0
0
2269
78
52
81
20
87
1
2
5
1
2
318
0
14
0
0
0
2064
2
112
126
1
458
0
0
242
22
25
783
0
0
52
0
0
0
0
8
0
0
0
18
161
12
0
4
0
4
87
1
0
0
1066
124
541
160
0
592
13
0
0
54
8
0
0
0
0
16
112
0
0
0
0
0
0
0
0
22
499
34
40
1
37
4
3825
0
0
6
23
0
2
78
0
82
1
14
63
0
751
92
6
59
40
0
0
308
204
862
40
0
0
69
0
0
0
0
1385
0
1502
204
77
40
152
0
0
0
0
16
0
141
0
0
62
40
8
31
9
304
15
0
1
72
0
37
0
25
5
138
53
0
1107
28
4
30
10592
0
42
653
159
331
305
200
464
97
754
0
651
1353
0
22
0
1
0
0
108
0
66
82
1394
0
3
130
129
0
1225
50
59
0
0
0
0
1656
4
2
346
0
202
2
11
2
0
647
19
1
0
565
90
2
5
4
0
107
0
46
1
1017
8
70
27
456
0
1
59
515
0
13
9
74
174
29
0
33
197
45
0
0
71
48
79
0
0
6
2
0
31
15
0
98
0
0
0
0
0
1
0
0
17
0
0
0
0
3
0
13
528
8
2
3
2178
0
2
0
0
0
45
0
56
1
7
42
0
2
0
4
0
0
127
15
0
0
0
31
0
0
3
86
77
1
0
0
45
0
0
5
10
0
0
1
0
3
0
2
3
0
78
0
0
40
1124
0
0
5
3
0
82
6
92
5
0
0
0
33
4
0
0
13
0
99
0
0
0
2
3
0
26
0
0
156
25
2
309
13
0
1771
38
4
0
7
211
0
0
3
0
0
20
51
49
0
156
1
0
3
1775
186
3
3
141
0
1
40
0
12
7
0
4
0
0
0
1
341
0
4
0
0
415
0
109
21
13
0
0
25
879
233
227
0
0
2
0
0
0
2
0
0
184
0
4
25
0
0
0
0
0
65
1312
9
0
2
9
0
0
0
0
0
0
0
0
0
0
0
0
0
22
0
1
1
29
0
0
0
55
0
83
0
0
0
0
0
2
0
3
0
0
0
0
0
0
99
0
2
4
11
182
0
0
0
0
0
0
3
0
0
0
0
0
0
0
0
5
0
17
0
0
0
4
0
0
0
0
2
0
0
0
0
0
0
0
0
0
9
0
0
0
694
0
0
0
20
0
0
0
0
861
0
0
37
35
0
6
15
0
0
0
0
0
0
0
55
93
0
0
0
1
214
20
0
25
2
0
2
0
0
0
0
0
0
0
0
9
0
0
0
861
0
1
0
0
0
0
0
0
36
0
50
0
33
0
14
0
5
0
0
199
0
2
0
0
6
8
0
0
0
22
1
0
10
0
4
46
1
0
0
2
12
0
20
0
0
1
68
4
4
0
371
0
0
1
0
6
0
0
0
0
25
0
0
0
0
318
0
5
426
208
2
0
28
24
0
0
0
0
0
97
0
0
33
0
57
3
0
0
0
0
0
0
1
0
0
40
0
0
393
4
0
0
0
0
11
0
0
0
0
0
2
0
0
0
1
0
0
0
73
0
64
0
0
98
0
7
0
0
0
151
0
0
7
0
0
2
0
0
0
0
0
0
18
0
0
14
2
0
0
0
33
5
0
0
17
0
0
3
0
0
0
5
0
0
0
0
0
0
0
0
0
0
0
0
0
0
0
0
0
5
7
0
0
0
76
2
1
19
3
3
0
0
0
16
0
0
0
0
0
0
0
0
0
0
0
0
0
1
0
36
0
10
0
0
0
0
126
0
0
0
68
0
0
0
0
0
10
0
3
0
0
2
0
0
0
0
0
0
0
0
0
0
1
0
946
0
0
0
2
0
0
0
0
0
0
0
15
27
0
0
3
0
3
299
0
0
0
0
0
0
4
2
0
0
0
0
0
6
0
224
98
0
0
0
0
0
0
0
0
437
0
0
0
0
0
0
0
5
3
366
10
0
461
0
0
32
0
0
0
0
0
0
2
0
0
3
0
0
1
0
24
0
7
0
0
0
0
0
0
0
3
61
0
0
2
61
11
0
87
0
61
0
0
0
0
3
16
0
0
0
0
2
0
7
0
0
0
0
72
0
0
349
0
0
0
0
0
0
0
0
0
0
0
38
0
3
0
0
134
0
0
0
0
43
0
3
0
0
0
0
0
0
0
0
30
0
0
0
0
163
314
0
0
0
0
6
0
0
0
0
0
0
0
0
0
0
47
3
0
6
0
12
76
0
6
1478
0
0
4
0
327
0
21
0
0
2
0
9
0
0
0
0
118
0
4
0
0
4
0
143
0
0
0
0
0
0
0
0
0
0
0
7
0
3
0
0
0
371
0
0
0
0
0
0
0
0
1125
0
57
1
0
0
0
0
0
0
0
81
0
0
302
0
0
72
1
602
0
0
0
3
0
41
2
0
1
0
341
0
0
0
0
0
0
0
0
4
19
17
0
0
0
1
0
2
0
1
9
54
864
0
0
5
28
1083
0
335
4
0
0
148
0
0
2
9
20
0
0
0
0
25
0
0
0
55
0
0
0
1
5
0
0
17
0
0
0
0
9
0
10
0
0
9
0
21
0
0
0
0
0
504
3
0
0
137
0
0
7
0
0
0
0
0
0
0
53
0
0
1
0
48
552
58
0
3
0
0
0
0
0
0
299
0
8
0
0
0
0
0
709
0
476
0
0
5
0
0
6
0
0
0
0
2104
0
0
0
0
0
0
30
0
0
3
22
0
82
2
0
2
0
576
0
0
2
11
0
0
0
0
0
1
1
0
1
2
0
0
0
130
0
0
0
0
136
0
0
0
96
0
4
1
19
278
0
13
0
0
0
0
0
0
0
2
850
0
7
0
0
0
0
0
152
135
0
0
45
1
345
0
0
0
0
0
0
0
16
0
0
0
0
27
9
0
5
0
0
6
0
0
0
38
5
0
2
474
0
42
39
0
0
0
0
0
0
0
0
0
70
5
0
0
53
0
0
0
3
0
1
0
0
0
0
940
0
0
4
0
0
0
1127
29
0
21
1
0
0
0
3
9
0
37
0
0
0
0
4
0
0
0
0
0
5
0
156
0
0
0
0
877
0
0
0
0
30
0
7
0
0
1
14
27
0
0
0
4
0
124
0
99
3
0
3
0
0
1246
55
0
0
55
156
0
96
11
0
0
63
2
0
0
0
1
35
28
0
0
0
0
0
0
0
0
3
0
0
0
0
167
58
0
597
3
0
0
0
0
29
5
0
0
0
0
0
0
0
0
14
63
13
88
0
0
2
1
0
0
0
0
273
0
0
0
59
2
0
0
0
0
1
0
1
0
0
0
0
0
35
40
0
0
0
0
0
0
136
0
464
0
0
0
0
0
0
0
309
0
0
27
1
0
0
3
0
0
415
0
0
3
0
0
0
0
0
7
50
12
20
0
0
0
0
6
136
0
0
0
1
2
0
0
0
175
253
6
0
103
0
0
0
0
1
0
3
46
581
0
0
0
0
0
0
120
3
0
0
0
0
0
9
0
0
4
0
0
0
0
41
6
0
0
2
150
0
0
0
2
3
11
0
0
0
0
33
0
3
117
0
0
0
0
0
0
16
0
0
0
0
0
37
0
0
0
0
13
0
0
0
0
0
0
0
0
45
0
0
11
18
0
0
1
10
2
0
4
0
0
150
0
0
0
4
256
0
0
0
15
0
0
9
4
15
8
0
0
0
48
0
127
0
1
23
0
63
0
552
85
0
4
16
4
63
0
0
0
0
6
0
0
0
7
0
0
0
0
11
150
152
0
0
0
8
12
0
11
0
0
0
2
0
0
0
0
0
4
300
23
313
0
0
0
76
0
0
0
0
6
2
0
297
220
0
0
0
0
0
0
421
0
20
20
0
0
3
0
39
0
0
2
2
0
0
0
1
0
2
0
17
6
0
0
136
0
0
0
0
6
0
1
5
0
0
0
0
0
0
0
3
3
0
0
2
2
0
0
1
14
40
6
14
3
92
0
0
197
0
0
1
0
620
0
0
0
0
46
670
0
777
2
0
0
0
0
0
1
1
0
9
0
0
2
0
0
0
31
0
8
0
0
0
0
0
1
22
0
29
0
0
0
0
282
0
0
31
0
0
7
11
0
351
35
0
0
0
0
0
0
0
4
322
0
0
0
38
63
0
0
0
0
59
111
2
0
4
7
11
0
1956
0
11
0
0
54
0
113
369
33
138
0
0
23
0
207
0
0
16
0
0
0
0
0
0
0
595
0
0
0
0
0
0
2
0
0
0
214
356
0
0
0
0
0
23
0
3
96
51
1
0
8
0
1
66
0
0
2
4
0
0
0
3
0
0
5
0
6
243
0
16
0
3
0
2
0
3
6
0
3
0
29
0
0
1
2
0
0
0
0
0
0
0
69
318
0
0
0
0
0
0
2
90
108
0
7
20
2
0
0
86
0
0
0
12
0
63
4
109
0
2
0
61
0
0
0
0
0
0
1
3
0
0
0
0
0
2674
46
0
3
0
0
0
0
0
109
309
162
0
0
87
0
0
0
0
0
0
0
0
0
147
2
2
20
43
0
0
16
0
376
0
0
0
0
0
393
0
27
6
0
648
75
0
0
0
0
2
0
0
280
18
0
113
0
0
0
59
0
0
29
0
0
0
0
0
0
12
0
24
64
0
0
0
0
0
0
87
0
643
118
0
1
0
0
0
120
814
0
0
0
0
1139
6
0
21
0
0
0
211
0
411
209
0
0
3
0
0
0
0
0
0
0
0
2
1161
0
0
0
30
0
0
0
0
0
0
0
0
0
22
0
695
21
2
0
0
0
0
0
0
0
0
12
134
8
0
0
0
67
0
0
2
0
47
0
0
8
0
0
16
0
0
0
1145
0
1
0
0
47
0
158
0
5
0
46
0
5
0
35
0
11
0
0
23
0
17
0
0
0
242
0
0
0
0
0
0
0
187
16
0
404
0
3
305
0
0
1056
0
6
23
3
0
0
0
0
0
0
0
0
0
0
1
0
0
1
0
0
5
10
0
0
0
4
265
0
0
0
87
0
2
0
0
0
4
0
0
0
0
0
1
0
0
0
0
0
0
7
136
0
7
1
0
542
0
6
0
0
96
2
0
0
0
0
5
105
0
9
0
0
0
7
716
4
60
5
224
0
0
5
0
0
3
8
0
7
0
2
0
0
0
0
0
14
0
94
0
0
25
0
0
0
0
3
755
28
758
0
0
0
0
113
123
0
0
40
753
0
0
0
3
0
0
0
0
0
0
18
0
1189
0
1
1
3875
0
4
16
0
0
0
0
0
0
0
0
48
0
34
0
86
0
23
126
0
0
0
18
0
0
0
70
9
0
53
12
0
79
0
0
0
6
0
0
0
1
83
113
2
0
0
0
4
0
6
0
0
0
3
0
6
0
45
3
0
0
0
0
0
29
1
0
0
0
0
2
157
0
0
0
1
2
0
0
2
0
0
0
0
0
0
0
211
0
0
0
0
0
13
0
0
0
0
3
0
0
0
0
1
0
0
0
0
2
0
6
19
0
0
0
0
3
0
2
0
0
0
0
0
0
0
17
0
0
0
0
162
423
0
0
0
14
0
0
0
0
3
0
0
0
0
0
0
0
0
0
0
66
0
390
0
282
0
0
103
3
0
191
0
0
0
0
0
0
737
0
8
0
0
0
0
0
9
2
0
381
0
31
0
0
0
0
0
0
0
277
0
1
0
0
0
0
0
0
0
0
0
0
0
0
1
0
0
4
2
0
0
0
0
0
3
0
0
29
0
0
0
0
0
0
3
3
0
2
0
1
139
0
830
2
0
0
0
0
0
0
0
2
0
0
102
0
0
0
0
49
0
140
0
0
0
0
0
0
229
0
0
60
0
2
0
3743
0
0
0
0
1
0
66
7
8
28
2
0
4
0
2
49
17
0
0
0
50
0
0
0
0
0
247
0
0
0
0
15
0
330
0
12
0
0
0
239
0
0
22
0
117
0
1145
0
7
0
58
10
0
0
0
2
0
0
0
0
0
0
0
0
0
0
0
0
0
0
0
0
0
3
0
0
159
3
56
0
0
0
9
0
0
0
0
0
64
0
0
0
0
0
3
0
0
0
0
3
3
3
0
0
5
0
1
0
0
0
3
47
3
0
0
0
0
0
113
0
0
1
0
0
0
0
0
1
0
0
0
0
0
0
0
0
0
0
5
3
0
0
0
0
0
0
0
0
0
0
0
0
0
3
0
0
0
6
0
0
0
5
0
3
0
0
0
0
0
0
0
0
0
0
5
0
0
0
0
4
20
0
0
18
0
0
0
6
0
0
1
0
94
241
0
22
2
0
0
27
0
0
63
0
0
4
0
0
0
0
0
0
0
0
0
1
0
94
0
0
0
0
0
0
1
0
179
0
0
37
8
21
0
0
0
0
0
0
0
0
0
1
0
31
0
0
0
0
0
0
618
0
0
0
0
0
0
7
0
38
0
0
0
2
0
0
0
0
0
5
0
469
4
22
0
12
2
0
0
77
0
0
0
0
0
2
0
209
0
5
0
0
0
381
2
11
130
24
0
4
0
0
0
0
1
0
0
0
0
0
0
0
3
0
256
0
0
0
0
0
0
82
0
0
0
0
0
0
5
0
0
19
0
352
0
1
0
335
3
0
0
0
0
0
11
88
0
2
7
0
0
0
0
0
18
0
0
0
0
2
11
1
12
2
0
0
0
0
0
0
0
0
0
0
4026
41
48
0
7
0
0
64
0
0
5
5
6
248
7
0
0
2
0
0
0
0
0
0
4
0
0
11
170
0
0
301
0
270
22
202
0
0
0
0
0
3
0
0
149
5
0
30
0
36
2
0
79
153
26
317
0
0
0
135
3
0
6
8
0
0
3
0
8
170
0
45
0
0
0
20
0
0
0
0
45
0
4
0
355
0
18
0
0
0
0
0
40
0
52
42
139
0
14
0
0
2
0
0
75
10
69
20
6
0
14
0
22
0
5
149
11
0
0
53
0
91
3
977
141
0
0
0
52
0
0
4
4
0
0
0
0
178
0
225
0
447
0
1
0
0
0
14
22
0
0
0
0
0
0
0
0
47
34
13
0
0
472
0
0
12
0
0
17
0
0
254
0
13
1
0
0
0
5
60
0
0
74
0
20
0
15
0
9
0
47
0
0
31
0
0
170
210
0
0
0
0
0
0
1
0
0
0
0
2
388
0
0
0
0
0
16
0
0
4
1
0
255
336
3
0
272
5
183
0
81
5
131
0
18
0
0
5
176
0
19
0
3
0
129
0
0
0
34
2
26
0
5
0
0
0
0
0
0
58
0
0
0
0
0
0
0
0
0
29
0
1
0
0
0
0
0
0
1920
6
208
0
2
0
0
2
40
0
485
3
0
0
10
0
0
24
0
3495
66
617
0
0
86
24
46
5
1
0
1693
0
147
77
170
0
152
0
24
717
334
0
0
0
1
660
0
2577
0
0
0
0
2
79
7
6
0
0
0
38
0
36
15
1
57
401
0
389
1
0
0
123
56
0
0
76
48
0
126
0
6
64
0
0
0
9
0
0
0
0
7
93
2
0
0
1000
0
0
2
4
0
33
92
26
2
0
125
58
0
2
4
0
2
0
0
3
1
1
0
0
17
0
0
0
197
34
40
0
22
0
0
0
155
0
0
27
0
26
0
0
153
48
1
74
0
0
0
0
84
0
28
0
0
0
0
2
0
0
3
0
191
57
2
0
2
168
51
0
0
259
0
15
0
20
0
185
2
0
9
0
0
5
11
387
0
40
0
3
314
17
6
5
27
5
2064
7
0
15
3
0
386
0
0
41
23
394
0
80
429
0
0
5
4
47
2
112
4
0
0
0
0
1
11
68
0
0
121
0
82
1
0
14
0
0
0
0
0
73
1
89
63
0
7
0
1
0
0
0
436
8
391
1113
803
8
0
9
0
0
10
1
0
0
304
672
5
89
0
1
0
416
0
0
35
0
0
0
17
0
11
0
0
0
91
0
5
7
19
1
0
57
0
0
32
0
25
486
22
0
0
16
195
163
0
0
0
0
0
3
360
21
0
646
1
0
0
10
4
108
3
0
2
0
16
2
161
262
0
3
0
0
0
29
0
0
0
0
0
0
3
0
1125
0
87
165
0
0
0
0
6
77
0
0
0
0
25
0
30
568
0
0
0
0
7
0
12
3
18
0
0
0
10
23
0
0
0
0
460
0
0
30
0
0
0
3
40
0
51
32
0
0
0
0
0
203
0
0
0
0
151
13
0
7
0
4
6
17
103
0
44
0
0
0
2
79
0
4
223
0
0
0
0
3
0
24
0
30
8
2
0
0
60
0
0
0
0
305
59
5
0
0
0
0
0
89
5
0
1
10
0
0
0
0
0
0
62
0
0
2
0
0
0
0
1879
0
33
0
0
0
7
0
0
0
0
433
0
0
0
120
0
65
0
0
0
0
135
0
4
1
0
0
0
0
0
110
0
5
0
981
0
4
5
0
59
0
670
0
0
2
0
952
26
0
111
2
0
0
3
4
137
3
32
5
4
0
0
0
0
9
7
31
261
44
32
0
1
6
0
9
0
0
279
669
0
101
0
2
0
2
0
4
179
0
0
43
1
290
22
30
0
0
90
258
9
35
0
562
0
10
0
0
1
0
0
0
130
431
45
18
6
0
0
0
0
89
29
0
0
0
274
1
0
34
0
1
94
41
0
83
6
0
1063
0
0
42
0
0
0
0
0
436
0
1
0
0
0
0
0
0
0
0
394
0
0
0
0
0
0
7
0
88
37
7
2
0
0
0
2
0
886
167
0
15
3
158
0
11
12
0
0
1
0
0
0
0
3
0
0
0
2
14
0
0
238
2
8
0
0
13
0
4
1
0
0
1
0
0
0
14
0
8
29
3
0
0
0
0
0
0
0
53
0
15
0
9
0
0
1
0
0
25
37
0
0
3
2
652
0
0
16
54
6
9
0
0
0
0
0
0
0
0
2
4
0
11
15
0
0
0
15
0
139
2
0
1
596
40
0
0
3
38
7
0
0
46
563
0
0
0
69
1
1116
99
185
1
1
188
9
0
318
0
0
0
8
0
2
18
0
0
67
0
2
0
7
9
0
5
0
0
0
0
15
0
0
1
0
0
91
54
37
3
0
0
3
243
0
60
66
0
0
0
0
13
0
0
38
0
29
0
0
15
33
1711
2
2
0
0
0
0
29
14
512
0
8
0
3
0
0
0
0
0
15
543
0
2
0
0
0
0
31
63
3
8
0
512
52
0
2
0
133
1529
0
329
0
0
30
187
8
0
5
4
0
6
17
14
0
0
29
0
0
4
0
7
394
146
379
0
0
55
1
2
0
4
0
0
19
0
0
0
0
49
25
0
17
0
0
5
203
0
0
0
0
1
1
245
0
0
129
331
757
407
1
0
12
1
9
0
3
0
193
3
1
3
0
0
13
0
3
0
5
0
23
0
241
0
9
0
78
8
0
1081
0
2564
0
0
0
68
19
6
0
605
0
0
27
56
422
7
0
488
24
23
0
24
13
264
8
0
0
0
0
4
763
0
52
0
64
11
5
0
15
201
0
30
6
464
299
6
2
0
27
0
3
1
0
233
197
208
0
47
0
98
0
13
0
0
86
31
0
0
0
233
0
0
0
18
5
45
0
418
0
0
0
0
0
55
0
186
28
9
14
127
103
42
3
10
0
94
0
0
0
106
0
0
20
0
0
3
82
0
0
2
0
0
0
37
642
23
0
346
121
0
484
0
0
0
1
0
256
118
0
63
4
0
1
0
0
0
12
30
15
0
112
0
0
0
0
12
2
309
0
0
219
0
0
0
9
2
0
0
25
39
0
0
0
0
58
0
0
335
0
1
0
11
0
0
36
0
47
0
9
35
0
4
0
4
0
325
5
280
0
0
238
139
3
19
11
0
0
0
0
33
0
0
0
0
0
0
7
0
39
0
43
0
40
9
3
0
5
0
0
4
0
8
29
1
64
333
649
13
39
0
0
0
9
0
153
0
0
0
0
396
0
10
403
37
207
317
0
0
4
0
34
0
13
0
0
295
54
2
0
62
4
1
5
0
30
48
123
0
0
0
0
166
0
0
0
366
27
0
14
23
0
38
3
7
8
0
0
2
0
0
88
456
0
14
0
148
1
0
0
0
0
343
0
0
0
0
0
0
1
0
0
0
0
0
4
4
303
135
237
3
2
0
0
32
22
0
0
0
1
0
83
202
0
2
0
16
0
0
0
0
3
7
0
0
0
0
5
0
0
3
0
0
8
22
14
2
0
1
3
158
22
0
12
0
110
0
0
0
0
0
104
0
152
0
117
0
66
9
3
144
390
400
0
0
9
0
0
0
43
0
4
8
0
3
29
75
3
0
5
197
0
17
0
27
578
0
0
0
22
10
6
56
31
23
17
11
7
0
0
14
0
359
0
0
0
54
2
0
5
0
0
34
11
79
0
0
0
0
0
15
87
1
83
0
0
87
0
999
0
0
8
481
0
0
37
0
0
1
20
0
0
135
0
0
0
0
3
16
0
0
0
0
0
2822
0
12
3
1
0
0
245
7
62
104
71
809
20
0
45
0
360
27
0
200
0
91
0
5
0
37
0
21
0
0
0
0
0
0
0
4
0
45
0
0
0
0
52
3
2
175
0
0
0
58
0
0
0
0
6
0
114
1552
0
154
0
0
19
33
9
0
0
19
3
0
0
1
133
0
0
0
21
0
6
0
0
0
2
10
176
41
78
0
0
259
0
0
0
1
1
904
0
0
0
106
0
204
67
6
0
0
0
0
0
0
0
0
195
27
107
0
84
0
0
3
1026
0
12
0
0
6
2
9
0
0
0
0
131
3
6
51
0
0
0
0
0
4
0
10
533
0
0
17
0
310
0
0
0
0
387
0
118
24
0
0
2
0
0
1
803
0
0
0
0
0
0
0
0
0
22
3
3
0
5
0
100
2
0
49
0
24
12
0
36
0
0
0
0
0
11
0
0
0
0
0
0
0
0
14
0
423
0
0
994
0
0
0
30
2
0
18
109
8
132
0
0
12
0
0
0
1
2
0
1
15
7
3
0
0
0
0
0
0
4
0
0
1226
6
13
355
3
0
0
0
5
0
0
251
0
0
350
0
0
0
0
380
4
0
0
0
0
0
31
7
0
0
3
13
0
0
282
0
28
0
4
6
0
0
0
21
4
0
1
46
139
1
4
5
87
13
0
0
0
0
0
0
0
0
0
0
317
0
0
0
0
2
16
0
0
1
154
0
0
0
0
160
12
0
0
0
155
392
0
12
0
0
17
17
45
116
2
0
0
0
18
0
0
200
6
15
1
0
685
263
0
4
0
10
5
0
0
8
164
0
0
0
0
4
0
176
0
0
0
0
0
241
1
0
178
67
84
41
0
4
1
0
1
18
0
43
161
0
27
38
89
548
0
0
499
0
5
0
0
0
0
177
0
807
3
24
307
3
111
0
2
0
6
33
0
7
0
0
0
106
1600
0
224
85
5
0
6
0
27
0
0
0
0
0
0
167
0
0
0
0
0
0
48
0
14
19
0
508
0
2
0
0
38
8
0
30
0
0
0
0
0
0
0
0
0
0
145
0
46
0
14
2
55
96
0
31
0
0
0
0
1
0
62
0
0
13
25
0
0
113
0
0
0
0
3
10
0
155
59
0
45
63
0
0
35
673
0
0
0
1
0
0
9
369
60
0
0
0
0
0
0
2
101
573
0
221
29
150
1
0
0
0
2
1
0
374
1892
0
0
0
0
0
174
143
20
0
0
0
0
10
270
0
3762
2
1
655
290
0
0
0
0
0
0
8
83
0
0
5
0
0
108
0
0
22
18
0
541
3
192
0
76
0
0
0
0
0
0
98
1396
0
94
0
242
3
51
235
0
0
0
0
109
72
0
66
117
3
0
0
3
285
108
0
0
0
54
0
0
0
0
0
0
0
5
0
0
3
0
5
0
0
0
477
0
0
0
299
0
15
0
111
0
0
4
665
0
0
0
660
36
2
0
0
0
0
11
128
562
0
0
49
0
298
3
2862
0
3
111
0
0
0
1
3
0
0
0
0
19
3
543
66
0
5
3
7
0
73
1
35
283
1660
0
98
342
0
0
0
11
2
42
8
0
2
0
0
0
300
0
3
0
0
1
15
0
0
22
10
4
2
22
103
36
5
2
0
0
0
204
0
76
15
27
0
0
0
256
0
0
82
0
0
0
0
614
0
19
0
4
72
0
0
0
1
28
0
3
0
152
0
0
9
0
5
0
0
0
82
0
0
74
148
0
0
2
9
32
2
0
0
0
37
0
48
0
0
10
7
0
0
291
49
0
18
369
9
27
308
98
0
0
4
0
0
8
3
171
138
0
0
0
0
6
102
4
0
15
4
1270
0
4
1
0
178
46
39
0
660
15
0
0
247
4
0
0
0
0
0
261
29
57
3
408
0
0
0
0
0
0
295
0
0
87
262
10
0
61
0
0
0
174
156
117
0
0
0
0
106
0
10
616
0
0
0
70
0
0
0
0
0
785
607
0
4
9
103
0
0
1
0
0
13
367
392
0
283
0
14
0
0
17
0
4
0
0
0
2
0
0
0
0
0
0
27
3
0
0
0
36
0
0
0
0
0
4
421
18
0
0
75
0
198
62
3
0
56
27
0
0
0
0
160
5
0
1
121
517
0
0
0
0
4
0
0
0
0
0
19
0
40
0
540
0
0
0
207
0
0
50
1
0
0
0
0
0
0
279
358
0
322
0
0
37
0
3
0
0
0
0
15
0
0
0
0
0
0
435
19
10
21
0
0
0
10
0
66
98
0
9
355
0
2
0
193
0
4
0
6
1
307
2
0
381
0
0
0
0
0
2
0
0
2
24
0
0
0
0
0
0
0
0
0
0
0
0
190
0
2
27
0
0
2
2
0
0
37
3
2
0
269
0
1
1072
2
28
0
0
31
0
0
0
5
6
3
8
996
0
39
0
0
66
0
0
131
0
89
0
0
0
0
384
0
0
0
0
0
12
141
18
0
0
0
26
201
449
0
8
8
2
22
6
2
6
26
48
0
0
24
8
0
0
0
121
0
0
0
0
9
2
63
1
0
34
16
800
215
18
145
0
0
25
567
0
0
706
2
0
3
18
59
0
0
17
0
0
1
14
0
21
0
10
0
0
0
4
0
0
0
0
469
0
10
0
24
0
2
12
6
0
0
0
0
27
0
4
0
1
41
13
0
0
0
492
0
84
31
1
0
71
0
0
0
3
39
1
0
0
24
0
120
0
0
0
77
721
0
0
81
0
103
1
0
0
0
382
0
0
4
0
23
14
22
27
8
0
71
0
0
0
257
49
52
3
6
9
3
14
0
0
36
0
7
0
119
360
0
0
0
114
0
562
0
0
162
0
0
2
0
1
0
1
0
3
3
258
0
4
65
0
193
27
0
0
57
0
0
0
0
284
2
1229
636
69
98
0
0
71
849
0
0
0
25
0
0
1
0
50
0
126
3
0
81
306
0
0
0
0
0
0
132
1
0
34
1
0
273
0
4
0
9
406
0
0
0
58
0
0
23
206
0
0
0
0
199
221
6
0
0
0
0
0
0
9
0
0
34
0
2
5
1
9
706
135
0
0
84
0
0
0
0
4
0
0
0
0
307
2
58
0
2911
0
239
0
0
0
55
0
0
0
0
4
19
17
117
8
4
44
0
41
0
76
0
11
0
0
0
19
5
0
109
0
67
0
0
0
0
7
14
154
0
5
0
0
4
403
0
177
14
66
72
49
4
0
0
107
19
0
128
0
0
0
0
63
0
0
4
0
33
0
0
0
7
0
0
0
0
151
0
0
0
13
0
0
0
0
171
0
0
0
67
0
11
48
0
0
0
45
0
0
0
212
0
0
0
153
18
19
29
0
3
179
0
0
302
0
0
0
126
1
0
2
68
0
0
0
1
0
43
9
992
15
0
13
0
0
78
0
21
0
142
30
0
241
0
136
80
4
24
131
0
0
25
436
0
226
2
32
0
19
0
0
0
0
387
0
0
0
0
0
888
0
0
0
11
0
17
1
4
0
40
0
0
55
0
0
0
0
94
0
6
72
0
0
0
143
8
52
10
0
0
0
5
38
47
0
0
44
0
0
0
0
0
0
243
0
4
22
13
46
0
0
0
0
95
0
59
0
9
30
14
0
0
0
4
0
31
0
19
0
5
0
0
21
0
12
239
0
103
71
0
10
4
18
29
0
5
0
8
0
98
49
4
1
7
137
3
1
0
2
0
17
158
722
38
2
0
0
0
0
288
115
0
25
0
28
0
24
0
0
0
0
62
0
6
0
2
7
61
9
0
5
39
119
0
45
0
0
0
16
3
0
0
0
0
1
94
40
0
60
3
1237
2
311
0
4
33
0
0
0
1
1
0
0
0
0
0
0
23
0
0
4
0
8
111
0
114
38
186
11
3
532
16
43
0
1
0
0
0
0
350
0
42
11
6
0
14
0
0
0
23
0
9
0
0
2
30
33
445
9
0
88
0
3
1
14
0
0
64
0
0
23
127
0
0
0
217
0
272
4
0
0
4
103
25
0
108
13
0
1
0
0
0
302
0
34
440
236
0
33
0
0
63
9
432
83
1
0
0
28
2
59
35
66
23
0
0
2
0
75
509
0
3
12
0
2
0
0
0
132
0
478
566
129
0
0
661
0
468
0
0
6241
0
0
0
0
21
1
10
0
0
24
0
110
70
0
153
11
34
0
0
329
0
4
164
128
0
0
0
39
3
94
0
0
0
2
5
2
0
0
0
0
2
0
0
0
29
0
75
0
0
191
0
385
114
0
34
0
10
85
0
0
63
31
2813
0
0
0
461
195
0
0
6
0
0
993
2
94
0
0
0
0
2
86
18
0
7
0
0
0
6
0
2328
4
0
0
0
52
4
0
0
0
0
0
13
0
0
137
0
2
39
0
0
0
742
0
57
128
0
0
0
0
0
189
0
1
2
0
9
0
428
0
0
6
1878
4
86
0
1
0
46
44
36
0
9
0
10
0
5
163
2
579
0
0
0
140
1
0
88
81
0
60
0
0
1
0
0
26
47
1
802
151
0
0
0
0
199
0
0
0
301
4
0
266
11
0
3397
9
276
104
0
2
0
0
4
72
16
22
0
1
35
120
6
5
0
82
0
4
34
13
0
2
4
0
1
12
0
0
0
0
0
385
0
0
0
0
0
0
7
0
0
0
22
0
306
0
0
0
0
824
2
3
0
2
0
30
0
43
100
0
0
0
0
0
0
0
0
0
0
0
0
0
0
0
0
0
0
13
0
0
0
0
215
0
0
0
0
0
3
2
0
7
0
149
12
0
500
0
0
0
0
0
0
0
0
0
0
55
0
0
0
0
0
0
56
32
0
2
0
0
0
1
0
2
0
16
54
22
0
0
6
230
0
0
12
35
0
0
18
18
0
0
80
13
1
0
0
0
625
316
0
0
46
0
6
0
76
15
0
0
32
5
642
43
0
17
0
0
0
0
0
301
0
0
0
0
0
0
0
0
0
153
6
67
0
0
0
0
0
0
6
124
0
12
28
250
0
0
148
0
0
0
50
0
0
0
313
0
0
0
0
0
610
0
0
7
0
269
0
0
0
0
0
1
0
0
0
0
0
0
0
0
0
31
0
1183
0
0
291
8
0
93
0
133
354
3
36
0
0
8
0
760
1
0
0
0
11
5
2
9
0
0
1
22
0
0
6
0
132
115
156
0
19
0
44
0
0
0
2
0
0
0
390
0
3
8
0
0
0
0
0
0
16
0
0
127
126
134
86
2
18
0
0
0
20
0
431
0
5
87
0
0
0
0
0
0
0
0
159
0
0
0
0
0
272
0
10
5
0
180
0
0
2
3
0
0
30
0
2
0
46
43
0
0
5
206
0
0
0
0
110
10
167
0
15
4
1685
0
0
105
0
2
0
0
0
4
0
3
164
33
0
0
0
0
169
0
0
14
2977
0
105
13
18
0
0
43
0
0
17
9
367
667
0
11
0
1
0
0
0
0
0
2
100
3
0
0
0
0
0
0
59
9
243
0
0
0
6
0
1218
0
6
0
1
0
0
1
0
0
0
0
684
55
0
3
2
0
0
0
21
116
0
119
0
0
0
12
0
3
15
0
0
0
0
75
0
54
30
0
74
32
0
834
0
0
7
0
85
3
163
0
67
3
0
0
0
0
0
0
3
0
6
0
1
0
0
6
0
79
590
0
181
0
584
0
164
0
0
6
6
6
102
3
76
37
6
0
3
15
0
1
0
0
40
6
32
0
5
1
0
0
0
0
0
0
0
73
5
0
263
0
0
0
0
0
0
0
0
0
32
4
3
2064
68
0
17
0
0
0
37
0
0
0
0
0
0
4
0
0
0
0
0
21
331
2
24
0
7
0
174
0
3
0
2
0
0
1
0
0
0
4
87
103
0
515
0
28
120
978
235
6
2
0
0
2
83
121
0
0
0
0
0
38
0
0
0
0
0
7
46
18
1629
3
1
9
75
224
0
0
9
0
99
0
54
5
646
1
0
24
0
0
0
1
0
50
4
113
29
45
0
674
2420
217
0
17
0
0
0
0
0
0
80
0
0
0
90
0
136
0
0
5
645
179
21
0
0
0
0
3
0
36
0
12
37
0
2
17
629
8
30
6
6
0
0
3
1477
0
50
0
3
531
0
0
1989
0
60
2
111
0
0
0
0
0
524
0
698
0
0
0
655
0
2
0
62
0
21
678
0
0
2
4
985
0
0
0
44
0
0
0
0
0
0
34
0
0
22
3
28
4
3
0
71
323
6
0
0
0
1
0
0
173
1
1877
0
0
4
4
0
0
0
7
1
0
0
711
0
279
0
0
152
0
1
0
0
12
78
0
0
4
0
130
0
6
0
119
13
89
0
104
0
0
0
0
0
0
0
57
0
0
59
3
7
4
389
0
0
0
17
10
0
35
0
0
2
0
51
27
0
2
0
0
0
515
10
1
0
0
3
0
0
0
0
0
91
101
2
36
90
0
0
66
0
48
7
4
0
7
0
0
0
0
14
0
0
0
32
2
3
153
0
0
0
28
83
3
0
1
218
0
6
0
0
0
0
3
2
8
88
0
0
0
0
56
0
0
9
0
10
4
2
0
0
18
3
5
516
17
0
32
31
1
0
22
24
0
1216
508
0
50
7
556
24
0
0
0
0
2
240
0
43
0
0
0
4
0
0
0
0
0
0
76
4
0
0
0
0
0
0
1
0
0
0
71
0
10
0
31
0
0
0
0
0
1
0
0
0
178
0
3049
0
0
7
0
203
0
0
0
0
0
0
0
14
0
0
372
0
8
4
0
1
86
0
331
16
0
0
23
0
0
1
19
0
0
7
0
0
0
33
3
0
0
0
0
16
24
0
1
2
40
10
0
28
7
0
5
23
4
0
0
0
0
18
88
0
10
3
0
0
29
0
0
0
0
177
5
0
212
0
0
0
9
0
0
314
0
0
0
1
0
0
0
426
885
0
8
0
0
14
100
0
0
0
0
50
224
0
149
823
0
0
2
2
0
73
0
0
0
3
0
0
27
0
1
2
562
3
0
0
0
315
0
0
0
0
0
5
0
196
93
0
0
29
0
80
0
0
235
0
0
144
6
97
31
0
0
78
0
0
0
43
2
0
5
0
2
38
31
0
0
0
0
0
0
1
0
0
86
0
0
34
23
0
0
7
4
82
24
9
0
0
0
0
4
0
502
5
87
0
10
0
0
209
0
0
3
0
150
0
2
1
29
4
408
0
0
3
101
59
88
28
0
0
82
0
797
0
21
1
61
3
0
20
56
0
0
117
0
34
2
0
0
0
0
0
7
0
70
0
0
0
5
1
5
0
0
304
0
1
126
3
128
22
2
260
1343
16
0
2
0
0
319
56
0
0
0
1
0
0
0
0
143
87
0
0
0
0
240
0
93
5
0
3
4
0
0
0
52
2
58
42
1
0
7
147
0
461
0
22
1839
2085
8
49
0
0
2
80
7
0
395
21
13
0
0
23
59
3
0
351
0
0
73
0
0
0
0
0
0
0
3
0
0
5
42
0
0
0
10
0
14
0
2
0
87
3
13
106
0
6
44
2
0
2
1
64
0
0
0
0
0
35
0
0
11
1
0
2
0
0
25
97
85
8
0
0
0
0
2
1
0
295
0
0
0
0
328
2
6
0
8
2
0
0
0
23
0
1
0
0
0
9
2
3
0
0
218
24
0
0
0
0
0
0
0
37
19
0
960
0
42
106
0
0
32
0
9
14
0
1
0
0
0
7
0
9
0
50
36
0
0
6
31
0
0
0
0
2
0
68
0
1
0
0
35
0
0
20
35
0
34
0
10
22
2
345
0
0
0
403
29
4
0
0
0
0
22
0
515
0
178
40
0
27
23
15
218
0
5
15
3
0
0
40
11
0
131
2
0
132
3
0
0
1505
0
0
0
7
0
0
0
1
180
5
0
0
168
0
0
0
15
1070
0
0
0
12
226
3
0
8
0
0
0
0
0
0
24
0
3
297
0
0
289
0
20
120
0
726
0
210
5
0
4
6
5
33
173
0
28
24
0
9
284
19
2
0
0
0
0
0
94
10
0
0
0
21
367
38
7
597
1
0
0
0
7
2584
3
38
36
0
2
97
7
607
33
0
0
38
82
0
0
0
0
0
0
0
27
566
95
307
0
849
114
154
0
32
1
3
0
0
0
202
0
2
0
251
2
0
5
0
10
11
0
4
2
8
923
132
22
5
0
0
293
0
0
2
1
1
0
12
0
134
64
0
4
0
18
12
6
2
0
0
0
0
3
129
0
5
37
17
0
9
0
0
177
2
746
0
0
34
5
343
7
0
3
0
4
0
0
0
0
0
0
0
21
441
0
16
3
0
0
5
0
0
26
24
22
0
0
1
0
0
0
6
60
13
67
59
73
0
0
0
0
0
0
77
16
85
2
0
20
0
73
0
51
0
340
27
0
0
0
6
47
3
15
0
2411
16
1
0
2
0
0
11
76
1
0
0
0
21
122
0
0
13
3
495
0
828
799
6
24
192
27
5
29
4
19
0
52
364
82
3
88
0
0
2
124
4
1
0
5
96
92
626
720
0
79
0
364
0
0
0
0
0
0
0
18
0
0
0
2265
138
40
0
468
237
2
3
2
0
873
0
0
9
0
0
9
28
6
0
0
927
3
8
1
1
0
0
186
303
0
9
0
0
453
0
243
0
0
103
89
19
29
1
0
0
0
3
0
0
8
148
3
0
0
4
212
784
0
0
0
9
4
39
9
930
0
0
169
0
0
0
0
0
0
160
0
0
0
0
65
0
0
0
1318
0
54
51
18
73
0
0
67
0
0
2
58
0
36
0
3
0
915
1132
0
96
34
2
0
56
66
51
0
79
0
0
0
0
64
0
0
0
0
0
0
0
11
10
79
26
25
90
5
2931
492
11
0
18
0
0
0
0
0
0
6
0
0
0
0
32
64
23
0
0
2
10
0
68
12
788
0
3
1
13
0
5
0
0
0
0
1
121
0
0
0
2
157
0
0
0
3
0
275
611
0
0
0
338
0
17
202
21
554
391
0
86
0
106
2
0
0
0
35
0
75
0
0
224
0
0
0
0
0
0
0
0
524
8
13
238
0
4
1
0
120
1
0
2
0
12
0
0
3
0
0
0
162
37
614
0
1
681
0
0
323
0
0
0
0
0
0
0
0
28
0
0
6
1
0
45
1
0
0
0
0
0
0
0
0
66
4
0
0
0
1
0
13
0
0
0
0
0
11
0
963
5
0
210
0
0
6
6
0
0
216
0
0
193
0
0
0
0
0
0
71
8
14
0
123
45
3
0
12
0
0
0
0
0
0
5
0
0
0
6
0
0
142
8
4
0
0
306
320
0
0
0
0
613
1
0
0
29
63
611
0
0
17
0
0
0
7
5
2
0
0
0
0
0
142
3
0
234
0
137
0
154
0
8
17
3
32
171
0
618
20
3
0
0
84
0
0
128
0
12
0
0
1
0
350
0
0
0
0
0
0
0
19
1
0
349
0
0
0
0
0
0
9
81
39
10
0
0
9
1742
152
0
7
0
0
0
1
0
0
0
1
16
15
13
15
831
0
0
0
286
0
9
0
0
0
0
710
89
1
0
0
92
0
0
0
29
0
0
0
0
3
42
0
0
4
1
3
3
0
0
0
0
186
7
14
0
0
4
0
1
0
0
0
2
2
0
0
0
18
2
0
106
0
0
0
0
0
0
0
0
0
0
0
0
724
0
0
0
33
0
16
27
84
0
3
6234
0
0
0
78
8
0
0
0
0
0
0
0
0
0
85
0
0
0
2
0
0
0
0
0
0
0
0
0
0
93
0
0
0
0
8
1506
2
28
0
1
0
0
0
0
0
1171
266
134
56
1
0
0
23
0
62
58
164
223
12
291
188
494
0
125
50
0
10
0
0
2
0
0
148
0
0
0
0
9
8
237
2
121
8
69
0
0
0
0
2
22
10
0
0
5
56
9
2
4
68
0
2
6
9
0
0
0
0
0
0
0
0
0
0
0
0
0
0
15
2
0
1
0
970
0
2
0
1807
66
0
78
0
0
0
0
0
286
2
0
686
15
0
100
0
0
33
13
0
1
0
0
0
153
0
1
0
0
0
1
180
189
0
0
0
0
0
0
0
0
0
96
0
0
0
17
0
0
0
0
399
0
3
228
0
2
2
55
2
0
65
0
0
16
0
0
1
0
55
0
0
0
11
1
0
6
9
0
0
54
1
0
0
0
1
8
0
51
0
0
0
0
670
0
101
0
0
3
0
0
0
0
0
169
930
0
0
0
11
0
86
0
0
0
9
35
3
0
0
82
0
0
63
12
0
0
8
0
0
1016
0
0
0
520
0
0
0
30
0
117
1596
0
0
0
0
0
0
0
1
0
0
0
90
23
0
0
0
0
0
0
0
0
2
0
729
0
38
0
20
3
0
0
0
4
0
0
0
0
0
5
0
0
2
0
0
0
0
3
203
0
51
0
0
0
27
0
0
0
1072
5
1366
0
165
0
0
0
0
0
1
0
4
0
0
0
0
0
0
1
0
0
0
0
402
14
0
0
94
0
0
0
0
0
0
0
3
0
0
49
0
124
36
0
0
1
4
0
15
0
0
0
15
2
0
0
0
0
2
0
0
0
0
0
0
0
0
0
11
0
9
126
9
0
0
0
0
2
0
0
2
280
0
0
0
11
30
0
10
0
2
0
0
2
34
5
0
2
0
0
1315
138
3
118
0
0
2
0
0
0
0
0
25
148
4
176
0
0
0
260
178
0
0
25
0
5
0
3
2
5
406
0
0
0
4
0
783
0
214
0
0
3
0
208
0
0
0
0
0
176
0
0
0
0
0
0
2
0
0
0
85
102
0
4
2
637
0
0
75
0
376
6
0
0
0
0
0
0
6
0
0
0
0
0
0
0
0
0
28
0
9
0
6
251
1
645
1
2
0
0
0
10
0
0
3514
0
4
0
0
0
0
3
0
0
0
0
0
0
0
0
217
0
68
0
0
4
0
603
43
2
212
0
7
322
0
4
0
0
0
0
1301
0
0
0
3
0
0
791
5
0
73
17
0
0
4
0
0
15
0
15
0
0
6
0
21
3
0
38
0
0
0
0
0
0
0
0
4
58
1
2
0
0
0
0
0
4
0
15
62
0
0
0
0
215
2
0
0
0
0
20
1
3
0
2
0
0
1
0
0
0
0
13
0
0
171
1640
216
0
0
0
0
30
0
0
0
0
0
0
0
0
0
33
0
129
2
0
0
60
2
0
0
0
819
1
0
62
0
0
5
16
0
0
31
0
9
0
3
602
205
6
0
3
3
0
10
0
53
2
16
0
48
1
293
0
0
207
6
213
141
24
0
1
0
201
0
0
145
67
0
157
6
0
0
14
0
285
0
0
0
0
0
251
755
727
0
0
0
8
0
0
500
72
118
0
240
2
0
5
5
65
0
2
45
0
9
39
18
0
1
22
4
0
0
0
91
10
85
454
45
67
101
0
0
9
85
0
72
3
0
41
5
6
0
3
39
0
0
0
0
5
14
0
33
768
0
0
1611
0
1
29
729
0
1
30
0
0
0
6
5
1
0
0
0
0
0
1
1
21
1345
216
0
403
2
119
762
0
0
29
0
0
0
0
0
38
3
16
5
0
0
6
85
497
1
0
331
0
51
0
2
0
28
61
48
0
0
27
5
123
0
0
0
0
56
0
10
64
21
15
2
3
124
2
158
182
26
0
4
39
936
3324
0
0
53088
28
204
0
0
0
0
72
225
0
10
10
224
2
0
0
159
0
169
0
0
2450
0
75
1827
0
0
3
1168
0
5
35
64
59
90
207
0
0
491
32
4
0
37
9
4
51
447
1
0
0
108
0
0
0
0
0
0
2
0
0
8
334
19
89
14
151
824
0
3
62
1
7
9
1161
0
133
7
55
0
0
0
135
0
1157
249
1326
0
1
67
172
0
629
102
0
0
0
5
0
405
0
59
0
36
331
3
0
0
6
544
0
0
12
116
0
65
0
1
7
0
12
23
0
106
0
200
20
0
15
13
0
1324
0
1133
0
117
0
0
0
9
156
265
2
0
0
461
1
323
0
0
173
207
24
0
0
59
122
0
70
0
7
0
117
21
0
0
2004
0
0
180
7
102
24
100
0
2
6
5
7
54
0
40
34
0
198
479
108
31
0
798
40
0
583
0
0
173
0
6
7
91
10
0
67
145
846
2
0
0
0
2
449
40
376
67
298
0
26
0
0
0
20
534
16
0
0
23
34
0
0
4
73
846
0
3
94
0
186
18
64
8
3
5
21
6
257
0
0
25
0
3
101
45
0
30
5
72
13
9
0
0
18
6
398
0
6
0
0
13
5
4
147
3
0
0
5
0
0
0
31
1047
8
0
1
0
26
732
10
49
2017
97
22
6
0
20
14
0
262
0
40
40
21
9
0
0
4
130
0
0
12
12
0
231
0
2743
0
44
7
0
0
46
0
1
0
9
0
5
64
5
0
113
1
0
9
0
10
79
0
0
22
671
0
0
19
24
0
0
317
1265
0
0
22
0
0
0
562
24
3
0
7
0
1
0
71
7
250
0
34
0
0
7
2779
0
11
0
11
547
17
0
1
0
9
72
0
317
40
0
0
230
496
0
0
2
3
0
0
5
0
788
22
593
520
0
0
0
596
0
0
0
52
12
0
59
0
2
37
0
0
3
172
114
76
32
175
0
0
0
0
113
0
0
235
13
0
66
0
0
5
432
257
3162
188
0
165
3
2
955
0
0
0
11
0
219
270
102
5
440
28
0
95
0
0
14
0
1166
1
35
11
237
5
341
4
0
5295
8
0
0
5
2
2
495
0
92
240
188
1
66
0
29
33
3
14
3
123
1201
0
0
0
248
0
102
18
68
0
4
33
2
125
0
0
0
0
0
1537
0
71
0
0
0
0
10
75
718
0
1
0
0
0
0
0
0
0
1018
446
8
0
4
0
0
61
0
0
10
0
0
0
40
5
297
37
0
5
0
8
33
253
23
0
0
59
0
0
4
2
1782
8
0
0
191
0
0
288
0
68
0
3777
47
0
18
0
0
158
0
0
0
12
29
47
0
0
133
126
11
0
212
79
0
0
0
525
20
2
26
245
0
19
0
22
0
98
12
3
0
0
39
127
1
152
99
0
1
0
0
0
424
211
0
40
0
0
62
130
98
0
154
1
238
81
34
0
3
0
0
3
0
0
0
0
1443
10
5
0
0
0
0
1362
33
97
48
0
0
25
19
7
50
4
0
0
0
0
0
0
363
0
0
11
7
43
116
413
0
0
25
0
1114
0
191
0
21
2
117
27
88
0
111
26
54
2
3
0
403
67
8
0
221
422
0
103
0
1
0
0
0
0
533
55
0
339
0
0
58
0
0
0
761
50
0
0
0
23
749
201
0
0
2
31
0
0
4
77
0
0
0
11
0
19
0
0
0
203
3
0
0
396
0
9
4
16
0
0
6
131
0
0
196
0
0
0
0
0
65
16
0
3
12
0
0
9
0
0
7
5
0
0
78
7
256
0
0
2
5
2
0
4
0
0
0
1
5
0
19
3
0
0
0
2
0
0
0
16
0
0
16
0
2
35
0
0
1
0
21
0
0
3
5
14
9
0
0
2
0
0
588
0
0
0
0
30
13
17
3
0
0
31
254
2
900
83
0
34
2
39
0
54
0
9
47
1254
3
0
0
43
0
0
566
6
113
0
0
14
0
39
138
0
93
2
104
3
0
42
58
9
0
0
11
735
7
3
37
24
0
555
10
545
1451
1
0
23
38
0
0
3
256
3
5
11
270
8
54
31
0
60
134
153
6
0
0
335
0
0
0
0
0
0
0
0
4
0
41
27
7
138
7
50
0
5
206
32
27
0
0
4
526
0
81
0
15
17
0
1
352
0
82
4
0
0
0
227
0
0
431
0
2
19
0
0
45
10
1605
0
367
2
81
207
30
0
0
0
4
0
1588
0
0
0
0
748
0
0
636
351
6
0
80
0
5
182
77
4
24
82
0
0
160
12
0
0
0
0
0
23
72
0
62
179
0
0
176
1466
33
1458
0
5
0
470
2
186
0
0
14
6
13
0
0
0
0
3
0
24
13
133
0
272
34
296
779
65
407
0
0
1414
0
1
4
2
170
651
1
2
0
0
3
0
0
0
0
0
0
1
0
85
11
41
34
60
0
0
0
97
0
0
1
0
14
0
48
0
87
0
1
0
0
0
0
15
168
0
0
0
1
0
1739
130
0
0
0
0
69
0
8
0
402
0
2
27
417
0
243
5
0
0
0
123
0
1
0
0
0
0
10
31
13
3
0
10
0
0
91
0
43
0
1
0
0
184
1
0
10
0
0
16
0
84
151
167
0
0
0
39
419
0
11
2
7
0
0
100
0
6
142
0
2
3
0
0
106
0
17
302
127
18
0
67
71
102
1
0
6
83
3
45
0
0
0
0
1
27
27
770
0
2
0
0
3
0
0
0
0
0
0
3
0
198
20
0
0
7
64
0
32
17
0
2
0
171
0
102
0
159
58
0
10
0
0
0
0
3
20
0
0
10
13
41
0
0
33
240
6
38
0
35
0
0
0
0
0
0
0
30
0
4
3
0
3
0
48
0
0
6
0
0
21
0
3
0
6
0
63
8
0
365
0
0
38
1
1
0
3
0
4
0
1
3
30
0
8
43
0
0
4
31
53
14
113
1
0
43
0
5
5
1500
0
54
38
766
0
0
571
191
0
0
0
762
0
0
9
24
0
0
0
4
0
45
7
12
235
7
555
0
0
2792
105
2
8
3
12
11
0
0
225
0
4247
0
0
99
0
2
0
0
306
0
0
31
0
196
1
4
10
87
5
17
0
0
461
22
2
0
147
0
60
2
32
5
97
0
10
0
0
0
0
1
344
0
0
80
196
2
0
453
1
1
4
0
0
0
0
820
2
313
9
101
515
0
83
0
136
0
16
332
0
0
10
14
3
0
173
0
21
0
1
0
806
0
1123
0
497
16
2
134
4
0
255
0
212
211
0
0
14
205
89
13
3
0
0
7
192
0
0
0
18
138
10
0
0
0
7
524
0
58
1247
14
383
61
5
424
15
19
1
192
684
0
0
511
311
95
3
519
146
8
2
0
7
0
1808
1401
438
13
72
0
49
7
0
0
480
8
93
0
202
71
0
7
3
23
256
56
21
86
0
0
51
0
0
0
0
205
0
43
497
3
0
0
0
9
135
0
21
0
6
301
2
543
14
3
0
0
987
0
122
764
2
0
55
208
99
335
22
5
0
0
686
0
837
100
0
0
0
4
1588
0
959
34
1659
10
71
251
292
0
143
6
0
0
0
3
34
45
165
0
4
16
0
180
0
0
371
12
0
0
60
142
7
224
0
0
2
1836
0
3
3
5
11
0
282
89
0
10
31
0
79
5
0
0
5
139
199
0
2
4
0
62
0
2
19
10
0
199
0
3
0
0
0
0
6
0
59
0
27
0
85
0
208
0
2
25
3
1
23
9
414
0
2
0
0
145
199
11
421
24
0
0
88
6
11
0
233
110
0
0
238
17
1
71
41
148
0
60
0
0
1
2
0
2
114
240
10
7
0
86
265
0
18
0
39
8
101
159
129
252
999
0
132
212
0
0
0
3
37
0
319
0
86
93
66
0
38
0
72
493
578
403
2
1261
1019
0
0
0
0
202
0
0
3
110
37
0
0
0
0
0
2
1
0
41
649
88
52
6
2
1616
0
1946
0
0
202
0
11
12
4
0
156
1
2
327
1362
0
16
3
0
109
236
0
3
11
0
0
10
0
46
3
169
0
60
4
0
0
505
113
0
0
131
44
0
0
0
0
40
0
0
0
0
0
1518
323
20
94
8
0
14
0
0
22
45
529
6
232
244
0
43
39
33
233
0
59
0
0
0
13
0
240
11
3
22
42
6
43
0
1
0
0
0
0
25
16
445
0
2
0
0
1
0
0
1
49
3
29
0
789
7
86
64
0
0
103
920
2
19
10
0
1
27
0
50
38
9
0
253
0
494
139
7
0
70
12
99
0
1
3
80
15
232
142
0
7
0
707
0
0
0
0
54
0
29
133
4
0
4
0
50
18
0
1455
0
1696
4
28
105
6
0
1026
0
0
0
218
0
0
0
0
97
0
200
19
0
136
16
4
16
175
80
30
0
0
1
20
0
0
0
21
177
0
0
3
6
29
0
0
138
97
10
0
13
0
9
0
0
3
0
887
6
0
0
0
0
6
0
34
0
441
0
0
126
1
173
0
1
0
94
0
10
6
47
5
4
887
27
2
0
3
0
0
0
0
61
132
12
0
12
0
1
2
114
0
12
13
0
0
2
0
64
430
1587
32
376
2
0
5
0
27
3
10
2
1790
0
29
130
0
1066
0
0
4
23
3
207
25
0
7
1
10
55
16
0
0
2
22
0
1
0
9
0
0
0
1
267
219
6
499
141
0
776
1
0
3
111
130
4
23
18
0
14
0
64
135
385
1590
0
0
0
0
27
1223
76
5
91
1354
42
27
0
1451
97
31
0
3
755
35
1004
5
0
11
2
61
0
1127
19
31
239
0
3
244
112
1
8
55
606
5
0
6
4
4
8
130
1
5
3
0
0
443
82
0
0
29
5
0
0
0
0
21
1
4
354
52
10
0
1083
5
0
31
30
0
6
0
9
0
315
0
344
0
65
0
437
19
336
0
30
0
0
0
4
0
0
0
3
4
25
0
577
0
43
0
3
9
21
0
21
0
190
30
26
23
0
0
0
125
319
0
0
66
0
0
0
1
0
450
0
66
631
1
34
20
91
0
0
0
0
197
9
2
0
12
0
0
0
0
0
2
20
71
35
3
15
4
0
5
0
0
156
5
5
1
25
191
30
0
0
47
0
0
0
9
0
0
82
6
20
60
0
0
0
313
0
0
1
0
0
85
12
0
0
179
38
213
8
126
21
10
13
2
14
27
0
0
0
0
233
54
12
113
117
0
68
134
0
0
0
0
46
0
9
13
3
0
284
0
23
6
4
5
12
157
0
747
0
250
20
0
1883
14
674
0
367
0
0
452
60
2
0
7
224
0
32
2
0
71
14
2280
23
0
0
0
0
0
697
1694
25
96
1
349
0
230
61
0
0
516
0
79
5
20
268
55
176
105
156
8
2
59
184
7
1
0
0
3
2
442
0
15
26
0
13
0
110
25
144
303
9
42
0
57
4
148
1125
67
0
264
50
62
3
0
29
15
635
17
0
0
0
0
1
3
258
1
6
0
3
32
5
0
0
3
0
102
3
0
3
282
0
300
2
316
0
0
7
4
0
0
0
333
2212
62
35
26
188
2
623
28
327
1435
0
67
0
26
185
30
0
30
0
14
0
2
0
23
311
1
0
0
0
0
337
3
45
0
47
724
424
0
0
0
0
40
166
0
31
5
313
161
68
25
231
20
11
0
0
473
0
0
0
0
115
0
0
4
58
0
0
5
303
0
0
0
140
585
98
8
105
2
1255
0
100
33
0
4
28
10
5
0
12
224
13
0
0
316
4
776
0
15
2
4
1058
0
0
5
10
0
4
0
70
65
61
0
47
0
0
67
80
1
3592
3340
0
450
52
0
0
0
84
222
28
0
0
0
51
0
1070
4
120
34
0
96
0
611
21
15
92
4
7
0
9
816
0
14
0
0
9
770
61
8
265
0
0
0
0
3
0
67
173
0
7
157
0
0
0
0
200
0
6
120
50
279
0
0
6
2
4
354
47
0
200
12
0
18
0
0
0
322
36
0
152
0
992
26
2
230
202
0
0
5
404
0
55
0
0
0
0
158
0
0
17
0
0
0
0
6
18
81
23
1011
0
1
0
37
0
0
1
997
0
0
0
0
0
0
261
0
0
0
0
8
0
0
0
0
382
9
17
0
92
0
0
0
845
0
0
655
0
0
0
208
20
511
12
0
0
49
126
11
0
83
828
0
0
0
10
0
0
23
0
2149
0
12
47
36
0
0
2
15
1
425
21
52
325
326
0
0
289
185
0
0
0
4
159
0
65
2
43
272
3
10
11
0
18
9
3
0
61
0
2
0
0
76
25
16
120
0
139
470
19
0
242
0
101
0
97
71
200
0
0
72
576
0
29
3
0
0
91
0
2
0
7
352
10
0
48
65
375
5
52
4
164
0
59
199
160
0
0
0
144
140
684
34
0
28
0
10
0
0
2
3
8
0
0
0
119
2
0
0
0
323
11
0
13
6
0
0
156
12
0
5
0
528
1330
41
1075
0
0
0
1
0
167
0
0
28
0
367
0
0
3
0
0
0
181
396
0
0
945
0
0
2
0
1
0
10
4
0
2
0
0
18
42
0
14
36
0
17
0
0
0
94
0
241
585
0
100
0
52
1
32
0
72
0
87
129
0
105
9
0
55
0
0
32
138
0
2
57
0
3
1
180
0
7
0
405
69
23
233
0
0
0
7
132
77
34
71
1
0
0
0
0
0
169
228
0
608
0
60
2
25
0
0
52
192
1
0
3
101
3
5
0
29
171
33
0
131
64
0
0
5
0
71
393
321
0
1
305
0
634
0
0
0
7
147
16
322
0
4
0
0
0
0
27
2
0
0
97
0
0
0
112
1
0
306
0
0
0
918
0
5
361
0
26
0
4
1
0
32
0
19
0
32
20
595
0
130
0
64
0
0
0
0
0
1
37
0
9
0
10
0
0
0
8
0
247
114
791
0
2
7
35
14
917
0
22
0
0
0
136
0
73
0
3
104
0
67
0
0
0
2
398
142
126
43
33
54
0
0
0
0
26
0
6
30
57
4
0
8
0
0
121
50
28
120
2
210
0
4
63
0
1081
0
323
0
0
711
0
78
22
323
0
7
0
10
33
1320
79
4
5
0
0
0
0
0
36
301
67
1
417
148
88
0
252
67
17
53
0
11743
12
45
2
106
222
76
2058
0
204
24
3
8
16
0
58
4
10
404
59
0
116
163
0
119
0
0
0
338
0
30
44
14
39
1
0
1
0
2
4
0
65
104
28
7
1720
0
0
0
0
8
238
22
16
1464
2
1768
2
0
58
0
0
0
1
0
0
0
394
191
0
0
36
91
314
0
33
62
211
0
176
0
2
2775
3
0
0
0
0
0
4
0
81
0
1
36
1297
5
90
16
0
210
310
454
189
51
0
56
403
0
0
26
10
437
0
0
539
47
0
0
1
0
2
76
34
292
5
0
27
1
1
0
2016
181
0
0
2
8
158
13
0
0
10
0
0
7
30
134
1091
19
111
419
0
0
0
52
0
0
0
6
0
222
5
0
144
625
48
0
648
466
33
57
6
8634
11
1
0
7
2161
0
0
0
11
0
2
0
0
8
139
18
0
3
0
138
0
0
51
560
0
449
22
26
5
0
0
2
14
31
3
0
0
0
0
10
0
0
0
136
96
14
0
72
153
0
0
147
18
0
46
131
0
0
0
0
0
0
0
243
427
0
0
1
94
14
0
190
0
1530
8
0
0
109
0
7
58
46
0
50
8
65
961
287
0
0
21
0
6
0
0
44
0
0
74
0
0
0
330
0
18
0
0
0
0
26
33
38
56
0
0
120
0
7
0
0
0
18
2752
12
3
1
41
0
60
0
4
57
14
74
10
566
0
0
30
27
24
110
0
71
7
0
1
693
44
67
35
0
0
4
0
0
0
18
6
28
0
17
0
0
31
44
249
12
0
0
66
111
72
4
86
4
19
0
0
43
0
0
1
1
0
0
7
19
0
55
9
0
0
0
0
3
340
0
152
0
3
0
21
5
168
7
1080
27
155
0
0
16
1
0
0
0
0
132
0
3
3
0
0
0
4
466
0
1
0
0
454
0
0
49
2
477
122
0
762
0
4
2269
0
191
12
0
0
14
0
9
0
25
0
0
0
62
450
144
35
542
0
20
64
338
7
1286
16
0
13
135
166
19
1025
2
29
25
0
0
0
6
225
203
1
1051
264
0
0
0
92
0
0
1
4
0
1446
4
0
0
52
403
143
0
20
0
11
0
27
3
165
154
11
13
162
0
33
0
5
0
0
1123
488
418
0
169
0
41
52
43
0
0
1
0
3
0
593
0
128
56
1
0
1454
23
276
15
178
29
0
2
7
2890
4
2
0
137
0
123
548
84
0
53
0
209
1
5
3
195
202
7
0
2
54
86
0
27
0
64
13
0
0
18
0
0
0
0
0
200
0
1725
0
0
16
2176
0
34
0
1
6
0
67
0
2
14
295
1
0
336
179
101
56
5
2716
202
57
7
0
0
13
0
0
96
0
0
0
77
17
3
211
0
1
19
5
0
127
0
992
4
66
208
239
382
0
114
1
29
0
833
5
350
0
0
0
0
5
495
7
0
0
578
6
255
0
403
73
69
22
59
5
1
7
0
2
0
2
0
126
0
1
236
0
6
265
360
48
0
0
5
9
5
0
0
19
300
4
0
619
78
325
0
0
6
129
1
0
50
60
5
0
0
126
0
1
15
0
0
75
18
0
0
34
0
466
0
33
0
0
13
0
0
50
0
21
0
33
132
0
0
394
0
139
0
40
0
0
13
4
247
98
318
8
0
0
101
0
0
32
0
288
84
1909
0
1
22
36
70
73
0
1
0
33
5
2
5
0
0
0
0
2
0
115
45
0
4031
1117
2
0
0
0
192
0
44
0
448
76
0
2
1655
154
0
0
7
192
0
0
0
53
16
0
143
414
0
808
0
0
221
127
129
19
0
0
0
508
1123
0
46
0
320
0
0
0
1810
841
0
0
1
1181
80
0
291
0
1
2
0
0
61
196
0
30
0
0
0
1
1
0
29
24
0
36
1
27
0
0
109
20
22
0
344
0
48
0
28
0
0
624
9
2
0
16
21
0
238
1235
12
64
59
19
147
13
0
0
24
0
13
300
0
17
0
3
0
2
47
128
373
0
0
62
80
182
13
0
249
69
306
4
0
233
22
8
0
16
0
38
145
0
153
0
36
5717
761
107
0
69
3
265
160
0
0
46
168
4
30
6
3
0
0
0
0
5
3
2
8
293
55
34
0
3
1
3
47
3
457
0
0
0
0
0
0
22
718
0
22
15
0
14
0
0
545
38
0
0
4
0
7
508
33
34
1
151
0
2
90
0
0
11
0
9
61
10
0
0
321
5
0
1
0
684
0
10
111
0
0
90
7
157
0
3
12
22
0
72
0
0
0
0
299
0
0
230
7
15
0
830
0
12
0
99
29
8
0
11
2
4
719
23
0
2
0
0
17
0
0
307
42
16
148
0
6355
40
23
122
0
11
0
0
105
59
24
0
44
0
0
55
741
2
86
13
6
91
17
0
0
28
0
0
0
131
987
0
14
88
78
180
0
0
0
0
16
3
1418
0
28
0
9
229
45
13
82
0
27
0
11
0
0
23
0
0
0
158
61
1
9
1423
0
0
0
0
13
179
8
0
183
0
13
30
213
246
0
62
0
18
348
33
276
0
0
0
31
0
8
0
57
0
579
868
0
9
0
0
13
5
56
0
0
129
38
88
1
0
30
12
404
0
4
74
0
5
1
0
424
4
265
1
0
0
0
8
1
398
198
0
2
23
66
189
26
0
0
9
97
0
13
7
922
12
90
1
69
0
0
0
9
0
445
655
26
0
8
0
0
474
0
2
31
1
3
0
0
0
28
0
0
4
2
0
646
287
2
184
0
0
0
348
0
1
0
33
2
0
42
0
22
0
171
495
2
6
838
0
0
3
35
72
0
67
15
0
4
0
0
313
17
18
0
0
36
0
0
0
4
0
44
11
0
2
0
0
0
2
8091
0
1
1
1000
0
10
0
0
890
44
25
3386
38
0
521
0
0
2
28
6
0
216
0
225
0
0
358
0
39
0
0
5
515
27
0
0
30
101
193
287
35
0
0
263
2
0
0
29
47
7
9
11
0
1
56
12
92
96
0
2
0
9
25
14
1416
0
12
0
18
0
581
11
27
36
594
0
112
23
0
49
129
0
1
5
53
43
33
0
0
0
0
19
399
1
12
21
10
1185
5
0
133
11
503
25
0
258
0
17
0
31
220
5
21
6
338
0
40
3608
0
0
0
127
0
31
91
0
24
68
771
537
0
0
27
0
0
10
268
18
13
0
11
134
3
0
35
0
2
0
0
0
0
2446
0
0
0
928
0
44
0
26
1954
0
0
10
0
11
3
0
2
31
34
157
0
0
57
51
64
67
189
11
0
46
0
115
309
2
160
0
25
1169
0
132
11
2
0
105
1
83
8
0
0
16
0
1
0
0
0
137
0
0
90
111
0
0
0
35
0
80
11
32
0
0
1136
0
430
0
795
108
0
11
431
0
46
10
3
0
215
0
11
115
1918
0
0
0
5
18
157
0
5
0
310
4
0
0
0
191
0
1645
0
0
35
0
0
0
83
0
26
0
101
0
3
65
0
10
0
6215
1
10
0
0
0
0
39
0
0
0
22
0
2
2
2
261
0
364
112
86
0
0
76
23
0
3
0
0
0
0
104
193
2
0
175
0
0
356
0
414
0
0
150
0
0
21
146
0
758
9
3
0
1
0
0
0
229
0
0
0
0
158
3
0
464
0
0
0
9
13
0
4
0
174
0
0
0
16
7
0
0
16
50
0
34
9
5
45
1
0
752
1286
0
0
0
0
101
0
31
22
47
0
0
7
4
516
27
8
4
0
160
3
23
49
39
19
9
0
0
0
0
90
12
0
45
284
0
107
0
0
6
142
0
1
1
3
21
2
144
0
12
0
0
0
6
270
0
68
0
0
2
186
0
0
54
12
0
129
58
0
8
0
0
4
5
0
36
81
0
0
0
1
3
5
46
0
0
0
6
0
742
0
20
0
186
0
57
28
312
5
4
14
0
631
8
11
77
0
0
4
13
415
0
0
8
0
8
54
17
208
141
0
0
207
0
23
4
331
3129
514
0
14
13
106
78
0
3
0
60
14
16
1
92
4
1404
48
150
141
1006
270
0
3
2
0
65
282
0
119
0
1
14
0
2394
0
4
1
19
43
0
4
260
0
5
3
9
0
0
0
197
0
13
0
0
1
0
31
0
0
154
2
82
0
219
2
0
6
0
129
0
4
0
13
105
0
113
324
0
14
1984
20
15
6
0
0
0
84
1
0
0
16
0
7
0
0
14
504
145
0
0
0
0
42
0
0
0
0
5
0
13
10
4
0
0
217
3
0
2
3
182
432
112
966
0
0
169
0
0
0
17
664
108
10
0
109
0
0
23
73
0
9
0
0
1
0
0
5
0
0
0
0
5057
0
69
6
0
11
3
500
471
890
0
1
4
193
2
15
72
0
0
0
52
48
4
0
0
14
2
1001
59
1
3
20
0
0
62
1
2
7
0
23
1
0
6
1512
72
7
78
24
15
159
638
0
10
0
0
6
0
417
35
471
719
0
0
3
19
149
0
4
0
110
43
60
75
21
243
0
0
30
2
2397
11
0
0
0
5
0
5
5
17
16
0
44
0
216
97
24
133
0
25
2
39
26
1423
389
1
0
214
6
35
0
566
0
0
1989
0
0
0
0
0
2
21
0
405
0
6
111
0
0
0
9
0
1
15
0
2
104
0
67
91
1
1
0
1159
2
1279
13
15
0
139
106
0
0
91
23
1
9
0
2
58
1
23
0
0
157
4323
7
65
66
607
0
8
3438
0
1
632
219
0
229
18
2429
8
0
0
211
10
117
1
0
442
0
19
0
0
0
1794
960
14
0
125
1
1447
821
34
0
887
0
0
2
0
25
0
0
752
0
0
13
117
85
0
378
0
104
6
2
5
0
46
0
716
277
195
0
0
3
0
867
0
0
1053
168
0
0
9
4
126
1
417
127
18
224
0
0
812
292
194
60
0
0
148
520
411
0
0
49
65
0
5
0
0
134
0
20
0
1149
355
0
0
0
0
0
170
136
0
143
4
0
26
229
0
7
337
0
0
30
30
22
6
28
0
140
8
21
0
126
0
0
0
26
395
0
738
84
0
3
146
141
120
57
9
20
0
107
1
11
11
0
9
1
0
0
0
3
0
1512
252
24
4
0
0
0
539
114
13
23
30
0
702
0
0
0
0
258
335
88
9
2
105
189
141
0
51
56
0
2
0
6
0
0
34
594
73
0
0
33
7
26
4
0
0
0
69
1569
0
0
0
8
32
0
8
1
14
1
0
0
476
2685
686
0
104
1
20
0
4
3
7
0
276
8
435
112
198
0
125
0
692
3
430
0
0
63
17
65
232
400
232
418
0
670
0
4
0
8
521
19
744
50
55
15
23
3
0
3
7
15
54
58
0
148
50
0
558
92
6
462
22
161
165
777
16
238
29
0
1
0
0
0
18
1260
5
3
370
0
132
0
0
50
175
272
0
0
0
0
27
0
23
50
1350
0
0
411
183
0
341
8
0
286
2097
123
55
374
18
0
460
0
567
61
9
108
236
0
0
0
2
6
0
0
0
20
0
0
0
24
0
8
0
0
6
95
0
2
0
18
0
47
0
0
385
4
0
0
378
25
0
2
142
563
0
153
0
461
69
17
31
460
224
24
7
0
0
0
60
201
7
0
2
0
0
0
0
0
0
0
25
176
26
0
2736
0
0
0
12
2
114
0
0
150
3
103
55
12
2
0
0
234
7
0
4
0
0
104
492
0
0
43
0
256
0
341
2
1515
501
3
0
1
319
0
3
25
0
349
102
7
458
22
0
0
0
0
22
29
222
0
17
0
1
60
0
1261
27
0
0
5
0
2
0
0
112
173
9
853
63
658
23
45
92
406
772
8
1
1
0
21
51
0
267
4
0
0
1
2
0
3
6
0
0
8
0
0
0
153
46
0
0
0
13
2
88
4
288
6
5
0
183
0
1696
6
67
1
280
0
103
175
0
43
20
204
0
368
50
838
7
54
22
0
0
3
20
55
0
65
17
16
0
85
195
4
880
699
175
0
2
350
6
0
84
0
41
0
20
0
0
0
0
22
1
0
0
489
378
10
0
333
4
0
119
146
3
0
0
15
0
13
3
0
2850
30
0
5
40
1
1
1
77
7
199
265
17
5
68
2
46
1
0
21
0
0
0
21
0
1
0
44
19
0
30
0
36
6
55
110
0
3
14
0
550
21
0
2
76
0
0
0
41
917
86
0
0
540
7
0
0
0
219
247
6
0
189
0
0
10
8
28
8
0
312
127
163
0
0
2
5
0
3
44
103
12
1
0
12
0
0
2142
0
0
11
8
367
16
10
0
0
4174
809
64
97
0
8
2
0
26
0
5
142
180
487
557
0
745
2
268
0
0
2
0
26
0
0
0
3
0
23
0
39
2
154
1
3
1
24
0
85
6
57
0
0
0
432
135
0
0
0
0
0
11
21
3
74
0
83
2
201
111
3
0
0
1
0
0
25
2
185
935
0
0
0
1309
3
0
0
3
83
6
3
0
1
34
0
1
95
0
2
19
0
27
1338
0
13
206
3
2
0
67
0
0
0
23
0
0
81
0
9
0
0
158
0
22
1
0
3
1
0
904
0
0
3
5
483
0
118
0
0
32
81
0
0
225
0
13
8
2
112
0
0
91
0
0
5
12
0
0
0
1410
6
1
0
2
31
2
204
39
0
0
30
7
4
9
6
0
0
0
0
576
27
0
0
0
0
43
50
25
16
0
88
169
519
0
0
0
250
2
3
322
628
0
0
89
10
0
0
1
946
12
12
124
7
0
35
0
0
2
0
1
1
17
8
4
0
182
219
221
14
0
148
0
2064
0
11
0
11
121
25
746
49
0
0
11
291
0
0
257
2
4
4
2
32
197
1
40
0
5
71
242
0
0
427
2
836
0
0
2
0
27
0
168
0
14
6
4
0
0
1664
518
0
80
277
31
121
785
409
32
141
9
0
0
3
0
155
0
26
89
205
6
349
72
164
0
0
3
0
0
9
35
16
0
0
111
0
87
57
0
384
0
1
151
229
7
886
454
11
11
8
65
0
360
0
0
0
324
0
0
47
0
0
517
2
27
11
0
758
0
6
2
299
32
223
261
202
0
499
79
0
208
5
0
99
109
11
110
0
0
8
0
2
496
7
4
4
0
0
0
0
132
11
0
21
37
45
7
269
25
0
0
0
1037
141
36
5
2639
0
0
58
0
1
0
101
0
20
0
12
5
0
0
224
2
49
157
42
0
0
5
0
1
65
128
0
797
0
4
0
22
12
0
0
4
492
0
3
9
8
0
4
0
36
3
48
3
0
4
120
0
46
335
0
0
114
502
12
0
1807
47
3
3
58
2
282
3
0
0
0
2097
0
1
0
2
275
0
6
6
1
0
20
0
50
31
0
340
53
8
0
3
24
0
77
0
0
57
0
3
0
243
0
11
19
0
155
76
133
153
6
5
197
0
0
1934
7
25
0
0
0
373
26
0
48
0
45
62
7
252
0
2
107
48
160
1
388
9
0
174
0
0
0
559
33
0
53
13
0
0
0
759
1
80
3
0
7
5
8
0
0
22
4
64
145
0
16
0
0
53
42
960
105
1
0
0
35
20
60
0
52
17
0
2
17
0
0
0
4
6
0
13
31
0
0
0
0
1083
0
5
7
8
2
1
0
243
97
2178
0
1
35
17
3
23
297
45
0
14
64
44
5
0
3
0
14
48
162
0
0
15
1
0
0
4
12
0
0
0
6
0
0
0
9
1
28
18
1
23
46
1
0
0
186
9
0
55
0
0
167
0
1
24
0
1638
4
60
8
10
0
0
0
0
5
0
0
2
0
0
2797
15
36
0
0
0
18
106
38
4827
0
0
18
0
0
199
60
0
905
0
136
0
0
121
0
0
89
0
0
8
0
8
91
3
452
0
0
450
8
0
984
0
0
138
85
12
0
6
574
0
409
728
2
6
0
968
146
95
2
190
23
0
0
3
0
30
5620
466
0
964
0
55
83
0
0
27
0
77
151
32
0
199
64
188
22
43
362
113
0
0
178
188
1
62
1
0
0
64
17
38
8
38
0
27
1
3
13
0
2
0
0
57
2
405
0
190
0
41
0
36
2136
7
131
0
7
8
0
15
54
2
3
18
251
0
1
0
0
0
83
0
0
4
0
26
46
21
24
1024
0
0
0
0
0
0
96
0
3
0
21
0
102
0
1
0
7
0
14
67
0
0
0
142
187
0
0
0
0
8
0
0
40
18
0
40
1
670
27
0
3
0
0
304
0
0
6
0
0
0
45
2
22
0
0
0
54
56
74
4
3
0
1
13
0
197
0
56
39
46
383
2
0
0
0
2
0
0
0
0
0
69
28
5
0
0
126
1
21
0
40
317
4
4
40
17
0
0
18
0
0
0
1
0
0
17
0
47
2
0
294
91
85
16
24
0
506
61
8
59
26
230
61
20
0
3
0
14
0
5
982
2
0
27
0
0
0
87
25
1
0
41
1
0
0
18
0
1
0
65
0
0
0
0
0
0
184
0
437
13
0
21
374
0
4
2
48
0
13
0
0
0
0
101
39
5
1
567
0
0
0
0
0
2
6
0
74
14
0
0
0
0
6
109
0
0
0
21
2
0
30
276
13
0
1
0
0
0
0
6
7
20
0
15
44
2
0
0
121
42
2
0
0
0
0
0
13
0
0
0
57
0
0
0
1169
0
29
11
0
45
0
0
0
0
140
156
0
0
0
0
6
64
0
25
6
5
333
5
127
0
0
12
430
973
2
0
0
23
102
1
0
0
1554
0
0
0
12
22
2
11
0
0
157
0
116
29
1
0
6
0
444
4
5
455
35
0
0
22
0
8
19
60
0
0
1
0
454
5
0
0
0
0
7
0
0
2
40
163
0
0
34
0
4
40
0
0
177
0
0
0
192
2873
0
0
6
0
14
0
38
0
59
172
6
1150
0
0
0
2
368
59
24
23
47
2825
454
0
0
2
0
29
40
0
4
14
1
409
0
356
0
17
0
0
0
373
49
0
26
128
9
0
910
36
28
0
101
4
25
0
0
6
9
6
0
965
9
0
0
9
0
3
99
16
0
4
0
230
164
12
0
0
14
0
37
7
0
1
22
94
0
0
0
0
8
0
0
0
690
0
34
0
16
18
0
0
9
0
110
76
0
0
0
15
3
191
55
0
334
143
0
0
2
0
0
0
6
7
2
0
0
522
2
0
271
0
0
87
0
2
12
48
7
0
282
6
95
0
20
0
2
35
63
0
0
0
0
1
39
3
11
0
5
13
32
0
0
0
0
0
7
365
121
6
1
0
274
53
0
45
126
191
183
0
12
10
54
0
7
100
33
780
0
73
11
0
3
0
1
0
5
9
0
244
0
2
0
0
14
251
0
422
0
50
1018
96
0
12
1
1
0
93
1
1
0
79
0
9
0
31
0
13
0
0
3
422
44
135
3
0
0
467
0
69
2
0
31
32
0
46
0
1029
0
10
0
1
0
5
0
46
302
0
1
0
216
2
16
69
0
0
0
8
0
0
18
66
1202
341
3
0
25
25
39
110
0
3
0
4
0
474
7
19
0
121
0
38
54
0
0
6
44
260
57
41
6
20
0
11
1624
0
54
9
0
26
3
11
31
0
2
1
1098
0
0
196
28
1
565
2
2
19
0
46
9
192
14
1
167
0
0
0
7
523
0
49
3
69
8
5
0
0
0
0
53
29
0
5
60
0
0
25
835
0
0
80
0
0
0
12
0
0
75
0
293
8
0
5
0
24
6
4
2
211
9
254
330
6
195
0
89
0
423
0
0
360
27
0
3
1
177
0
10
15
127
0
0
0
7
0
111
0
0
0
0
0
51
1
0
0
45
67
5
83
12
7
6
3
0
58
0
38
93
133
0
0
8
669
0
3
1
0
173
6
0
0
995
145
5
2
0
0
2
1
0
148
0
0
5
36
0
37
0
0
0
1
41
3
5
9
639
0
0
12
0
3
8200
5
72
0
0
2
0
31
92
49
0
185
3
197
0
0
66
0
0
56
16
42
0
0
18
764
439
32
0
926
0
128
50
2
15
0
7
5
120
42
50
213
0
0
1
39
0
0
166
0
0
0
18
18
14
0
474
10
224
0
618
100
0
168
313
45
0
0
6
0
0
1775
11
68
40
0
0
1
15
3
0
0
16
28
233
184
0
21
3
0
51
4
8
7
0
258
8
482
0
10
0
13
0
49
65
79
0
111
36
1
0
10
0
0
0
52
94
47
0
5
0
9
12
0
0
5
193
0
1
22
0
0
433
0
719
781
2
0
490
0
0
64
2
3
235
3
95
0
12
41
0
0
96
0
72
19
0
6
10
3
632
9
0
0
36
142
2
0
0
2
1
117
76
0
0
18
109
181
1
46
327
111
0
1
0
116
27
0
0
69
27
165
0
1
0
12
0
670
581
0
0
2
0
109
0
0
0
0
0
99
26
0
1
0
0
0
10
329
0
0
4
0
6
0
75
0
0
57
0
8
0
180
6
0
0
55
0
415
267
33
249
87
0
169
0
0
51
0
88
0
0
86
0
0
0
0
0
1
967
0
0
3
5
2573
0
303
0
13
0
0
43
16
48
40
77
0
150
2
4
0
4
162
88
12
2
0
19
9
0
0
0
166
99
127
23
676
381
0
11
0
0
0
202
32
0
133
681
203
25
1
13
53
388
6
16
11
250
0
150
0
189
22
45
0
3
0
6
943
5
74
18
40
20
325
12
26
0
30
0
4
0
0
3
96
54
0
0
122
0
0
0
120
0
4
42
1284
40
0
231
0
0
10
0
101
0
4
0
3
69
0
3
0
11
44
7
29
0
0
0
85
0
17
4
7
0
6
5
0
21
2
41
0
2
0
3279
15
0
0
0
43
47
308
11
514
0
0
800
0
1
584
0
2
0
2
445
107
0
0
1325
113
0
0
0
0
0
6
1724
4
3
15
2
0
275
0
0
1
758
37
199
0
91
1
803
0
34
10
0
0
2
14
1
0
3
2
208
25
0
599
0
2
0
7
1
0
513
2
8
3
0
30
0
2
89
159
0
29
4
0
4
76
1053
26
0
0
1633
35
1
493
1834
0
314
502
5
1
0
0
0
5
63
0
0
0
5
0
1
0
4
0
1
7
21
4
0
30
4
516
2
0
17
0
22
11
0
0
381
0
0
5
0
5
2
0
31
157
245
0
11
142
95
39
37604
73
16
28
747
735
3
15
7
0
57
1
0
27
0
611
1000
0
0
0
26
124
23
100
179
4
0
0
0
428
423
0
0
18
0
0
6
883
3
55
4
0
0
115
3
16
175
55
0
43
0
0
27
155
1
0
98
806
0
0
436
196
0
0
2039
2
0
72
0
9
0
0
1
0
0
0
156
28
63
0
258
120
0
2
16
225
141
0
47
1
2
44
0
380
45
207
0
0
2
0
0
19
0
0
0
108
1152
251
690
0
47
2
0
132
0
2
0
0
17
324
130
0
3
147
3
279
0
0
26
0
0
0
0
3
538
56
20
7
0
1197
6
0
0
69
0
46
340
0
2
47
0
0
136
0
25
0
0
0
9
0
37
152
0
231
0
0
0
14
0
44
1
665
0
38
655
7
0
0
31
0
7
436
9
0
0
0
0
46
9
30
25
1
0
3712
75
0
1
0
0
1039
0
0
3
96
0
13
0
106
0
0
0
245
0
0
23
1
0
52
0
8
0
446
14
0
857
45
0
103
0
15
0
0
260
0
0
1816
27
0
0
0
58
129
0
39
9
0
508
0
154
2
3
0
5
0
0
5
3
0
49
1
0
9
0
7
0
0
189
0
0
0
0
3
10
3
0
0
0
0
0
0
0
1
41
0
37
70
1
0
21
0
63
0
0
0
15
0
11
0
0
160
2
33
29
5
4
10
0
201
1
0
255
0
357
0
416
655
0
4
10
0
0
46
0
70
4
0
0
88
2
394
0
0
12
6
155
24
520
153
0
38
0
144
105
0
1
146
5
12
0
221
0
0
29
3
590
40
386
0
2162
51
423
4
0
187
0
72
89
3
0
0
0
55
19
39
0
0
4
107
0
0
3
235
0
0
0
0
294
88
63
128
29
0
1
0
41
0
0
0
11
1
20
337
0
132
0
0
3
473
0
4
0
335
0
129
0
9
10
396
0
3
0
9
1
14
10
27
0
137
0
112
0
0
0
0
32
0
119
0
72
0
29
0
0
4
0
0
1
2
0
261
9
76
0
0
69
8
0
0
17
0
0
35
45
227
317
0
62
6
251
1
37
0
1
773
32
11
153
0
159
10
0
151
747
11
1134
0
119
14
0
6
0
4
14
0
1
8232
0
466
0
72
0
128
0
388
271
104
0
38
314
0
377
0
0
0
67
4
0
0
11
0
0
65
0
23
1
854
0
0
3
0
1
87
0
0
268
9
55
0
33
0
0
752
0
4
49
193
0
359
1
0
0
0
43
998
698
2
0
0
5
49
0
3
2
158
213
8
5
35
0
11
1
0
93
0
212
271
0
0
0
103
201
0
0
0
0
32
0
6
0
1
0
0
0
2
74
0
0
3
5
10
0
0
0
0
0
0
243
0
1
0
0
13
42
131
1655
78
7
229
0
0
0
3
0
0
0
0
2
0
45
0
0
0
0
6
0
0
1
10
3
127
0
0
0
0
12
2
4
0
682
240
145
4
8
27
0
0
6
4
112
1
4
0
1
17
0
0
11
0
1
446
1
0
0
1
2
17
0
873
64
8
662
0
0
185
0
709
5
0
0
0
0
21
27
0
95
256
171
603
0
0
0
0
1
1
26
0
172
150
0
23
0
21
1055
1
11
16
34
2
33
118
4
48
1879
714
0
0
0
41
0
0
6
81
2201
1
0
3
1324
0
0
0
2
4
44
249
195
770
179
0
2
12
0
510
0
0
48
334
0
0
0
125
660
0
346
222
0
511
3
0
11
445
228
196
68
0
650
20
127
0
128
224
627
0
2
9
0
5
0
0
218
6
0
5
19
721
0
8
182
26
0
1
0
49
5
23
0
0
0
29
195
6
0
0
0
0
0
0
0
81
40
165
85
243
0
87
0
0
24
367
113
43
1
194
12
0
0
9
345
0
700
1
0
136
0
0
22
0
1
1
0
0
0
16
0
0
2
12
0
0
335
0
1023
0
0
0
0
32
0
0
0
434
4
9
4
3
0
0
174
0
0
1
0
51
2
0
11
35
0
1
297
0
9
0
65
14
0
1
15
148
29
185
282
0
0
77
0
0
1
320
2
0
318
0
22
0
0
0
0
69
100
118
914
0
3
4
18
77
16
23
1
12
24
0
6
0
44
3
378
3
0
73
4
0
12
0
33
128
0
83
0
0
130
0
294
22
1
173
3
1267
874
0
0
8
0
0
0
0
580
0
139
2397
147
35
7
89
0
1
0
7
17
0
0
0
125
46
33
38
0
395
379
0
30
0
1933
2
0
0
208
0
124
51
271
0
8
1
86
449
0
2
920
1
12
0
0
767
6
0
280
2
158
193
0
87
0
8
97
477
2
0
2
238
0
1
7
0
0
1
299
0
793
2
0
426
0
4
9
3
41
26
91
581
0
2
21
42
2
0
0
25
0
28
22
0
1
85
0
0
25
0
310
789
0
91
17
24
0
1
0
10
0
14
0
0
0
0
39
1
461
0
3
3
336
1
0
0
0
51
6
640
0
30
43
65
0
0
0
8
1
0
0
0
57
3
22
0
7
92
0
6
15
25
0
8
0
0
42
6
6
92
0
756
61
215
0
0
175
34
7
84
0
320
15
0
0
42
3
0
129
21
43
0
0
0
4
258
153
55
0
1519
19
0
76
17
0
0
10
8
452
174
121
1334
430
4
103
11
2
461
85
0
0
0
38
172
0
0
206
103
0
165
0
1007
0
0
2
0
0
93
30
825
0
82
0
25
0
63
0
0
12
473
35
8
43
141
18
4
0
0
20
5
0
41
0
133
516
0
71
0
28
3
717
579
45
6
74
0
204
0
36
0
14
0
3
0
13
5
39
8
621
89
0
0
144
50
37
0
0
0
25
321
0
22
0
79
0
754
35
26
1
0
0
0
42
12
0
60
54
104
0
0
0
1956
0
0
287
0
126
0
13
0
0
0
42
0
43
0
78
20
510
38
0
0
0
432
0
10
1131
0
4
2
0
0
0
17
0
8
23
17
0
2
7
23
18
0
0
37
0
0
61
3
621
393
5
0
0
8
5
0
562
185
1
61
82
2
0
10
17
0
0
0
371
8
303
1
83
490
32
0
0
126
140
570
2
1
0
90
67
0
33
134
212
9
0
4
0
1
0
0
2
0
0
12
260
314
116
0
288
6
83
0
241
101
0
4
0
22
147
58
150
0
0
21
181
171
0
0
235
5
0
0
0
0
400
0
0
25
3308
0
0
0
6
31
0
658
10
3
0
30
57
38
0
87
133
0
0
308
0
6
1
65
0
0
4
0
36
0
4
50
2
0
36
3
15
130
0
27
5
0
0
0
205
0
0
343
150
0
0
0
33
16
0
0
993
0
184
89
26
306
0
343
14
0
4649
38
13
0
0
0
0
90
3
0
104
37
0
17
0
0
0
40
2
10
32
28
200
307
2158
193
8
1463
0
4
1
455
21
0
4
229
0
11
76
8
96
18
0
0
50
62
0
0
0
343
0
4
63
1756
0
0
0
0
0
3
6
43
0
7
280
66
0
0
1
0
13
0
25
0
0
493
276
2
0
332
64
3
0
10
0
0
147
0
0
46
4
21
0
63
83
276
0
0
0
0
0
40
0
0
173
6
165
1
0
0
0
0
0
0
4
0
132
1
77
191
0
0
748
12
0
0
4
0
3
0
5
136
20
0
0
14
0
0
1957
391
0
133
123
0
132
0
126
13
143
24
44
0
42
3
0
1
0
99
0
0
29
97
2
0
0
65
445
4
11
0
0
12
0
0
0
10
0
42
0
0
82
236
0
2
0
0
3
0
3159
32
0
244
52
10
0
3
18
74
5
0
0
134
13
0
0
16
6
0
0
0
112
5
7
85
0
2
31
0
0
0
0
28
28
43
0
0
0
0
147
0
0
300
83
0
5
0
43
11
2
0
129
0
110
6
0
2
0
1
193
0
0
0
0
2
1168
0
0
1
0
0
0
22
177
3
148
14
0
14
57
0
0
158
192
0
9
0
101
1185
12
410
2
8
12
0
0
0
42
0
413
0
0
383
0
0
4
0
104
157
0
0
0
0
7
0
24
0
142
119
20
9
137
4
163
3
0
1727
0
10
0
0
0
23
27
476
0
0
149
0
9
0
14
0
0
0
3
0
0
0
1
8
2
49
0
163
55
234
0
64
13
0
17
0
0
332
0
0
229
0
0
0
0
5
0
0
4
0
0
16
0
17
1
34
9
35
0
31
3
0
2
0
4
0
142
914
0
0
0
0
0
0
1
6
0
93
49
0
44
0
12
148
0
433
0
85
0
39
0
0
0
250
4
0
0
0
0
1
0
0
0
2
3
0
3
46
1
30
0
37
0
0
0
0
0
8
273
0
361
166
0
0
0
0
822
52
52
9
0
5
169
1569
0
4
0
0
0
13
18
4
5916
0
7
0
513
2
2490
40
333
297
0
43
31
14
141
3
0
28
32
51
574
80
0
0
0
5
2204
2
0
5
83
0
0
1
0
0
0
0
0
5
2
3
0
0
0
3
24
43
1
65
236
1236
31
7
0
134
7
0
18
3
0
0
0
0
0
78
0
6
0
14
0
12
0
0
58
62
0
0
3
0
0
0
0
1
74
82
696
0
151
174
7
0
87
3
3
4
0
0
247
13
18
0
0
0
4
42
0
0
11
333
0
80
0
87
82
0
86
60
33
55
5
0
1
0
0
0
0
2
10
0
0
0
46
4
0
0
11
0
0
681
0
0
66
32
0
19
0
59
362
7
18
192
672
222
4
33
1
0
0
47
1
75
380
0
0
1
402
0
0
0
0
0
10
0
0
1470
0
9
4
172
0
0
0
12
96
2
2
971
86
174
53
0
89
0
0
2
17
59
54
1
0
27
3038
379
1
0
112
15
26
0
0
1078
0
20
0
1891
0
0
53
224
47
0
574
0
18
454
0
0
0
46
0
0
49
22
0
0
26
0
0
4
0
60
92
399
100
1
0
0
0
0
20
723
9
0
0
27
13
0
8
155
1
0
5
0
0
0
0
12
0
564
0
0
1
0
20
0
0
274
0
0
0
0
0
3
0
0
2
0
41
126
14
172
0
90
2
47
27
2
41
0
78
359
0
2
0
23
679
12
4
8
255
156
650
0
0
0
0
0
21
162
0
0
13
0
189
0
355
0
41
0
39
17
0
0
110
6
3
8
0
16
5
39
280
0
236
13
942
0
0
121
2
25
0
0
25
0
0
222
25
2
26
14
0
1134
4
0
1
388
0
1
3
22
3
45
28
0
0
673
0
98
0
15
2
0
6
106
103
106
0
99
12
376
168
186
5
2
20
11
232
0
0
0
1352
0
40
1
9
6
400
0
23
0
128
0
416
0
181
0
12
12
14
0
1878
0
11
0
2231
5
0
0
0
0
0
0
0
95
15
0
3
22
0
26
101
0
22
449
40
0
29
123
21
0
6
2
11
2354
5
1
877
0
0
6
0
0
2
18
466
0
0
1
0
0
23
22
0
35
0
0
14
84
389
21
0
243
486
0
111
44
0
30
958
170
0
2
56
6
812
8
0
135
0
520
62
0
14
4
0
3263
8
0
5
0
9
0
0
23
4
113
0
0
95
22
16
0
2
46
209
2
10
234
13
0
0
0
0
0
191
208
0
635
0
4
5
4
0
116
3
0
54
0
267
22
743
240
0
0
8
4
30
192
1
115
3
199
0
0
0
14
55
0
0
27
0
0
35
5
0
0
1
0
0
106
0
0
0
0
1
16
32
0
1
3
4
107
0
141
0
65
3
5
308
0
2
143
1
2
0
9
0
1230
0
7
0
0
3
162
0
84
0
0
7
4
2
0
8
0
0
0
2
6
0
1
0
23
0
0
11
27
0
8
528
0
1513
63
0
1
0
559
0
70
108
0
0
0
28
0
0
3
0
0
4
0
0
0
0
0
0
22
4
1
3
0
602
0
93
0
201
167
0
0
0
78
3240
314
0
0
10
8
18
0
17
4
0
0
32
2
18
0
181
88
218
0
10
7
0
1
0
562
4
12
6
0
0
0
0
0
0
31
9
26
10
22
93
0
26
2
68
8
50
0
0
0
68
0
0
341
6
0
0
47
223
31
0
0
0
1025
6
6
0
177
37
0
266
38
31
1
0
369
17
0
0
0
58
0
91
39
0
3
8
92
1
2
2
13
1
0
0
0
76
56
499
0
26
0
15
0
0
0
1191
0
209
2497
125
0
0
80
790
0
13
18
0
20
0
150
1036
4
265
0
998
131
3
98
4
154
42
10
14
0
0
3
18
0
22
0
0
0
7
154
75
39
11
373
81
346
4
0
48
0
34
8
179
0
0
16
142
4
0
0
22
357
0
0
4
0
0
31
0
0
0
6
0
0
0
0
0
0
87
0
0
0
0
0
0
3
25
6
563
0
39
0
0
9
0
69
0
1
888
0
0
0
2
0
38
1
0
579
3
10
236
0
80
51
0
10
2
2
3
0
23
7
0
0
238
152
3
458
227
290
0
0
0
0
0
22
0
0
0
0
0
0
5
0
329
130
1
1466
0
0
2
2
0
45
31
1
26
133
0
0
8
2
32
0
29
4
0
1
0
0
0
0
123
701
579
113
0
10
975
199
15
0
0
140
25
0
71
148
0
45
2
2
49
0
696
1
1
0
0
1
287
299
47
55
0
3
4
0
31
29
2
0
0
0
93
0
0
0
0
0
0
0
0
2
0
0
49
0
0
4
0
4
0
0
0
60
0
0
1
78
1
16
27
0
0
105
57
2
44
72
2
0
0
0
21
2
0
0
292
3
0
2
2
0
83
0
2
0
4
0
0
0
8
3
0
338
0
2
28
0
2
73
0
0
0
0
4
0
1
99
0
0
4
4
20
2
0
0
0
85
6
2
58
1
0
279
0
1227
48
62
0
0
62
8
72
0
0
7
87
1
186
12
14
2
0
0
0
53
2
0
0
0
8
0
9
0
50
0
3
0
37
18
0
0
29
0
17
5
0
61
47
10
55
172
0
0
1
0
0
0
139
0
71
138
0
0
126
37
0
306
0
54
25
0
0
0
89
0
0
0
1
0
1529
0
132
0
0
3
0
1
0
0
72
0
35
5
38
4
11
0
0
0
14
416
39
4
1
7
0
53
0
19
1637
0
110
37
17
0
0
6
0
1
17
3
13
18
1
92
34
0
11
6
1
0
0
0
38
212
2
9
41
235
0
9
0
400
13
40
0
0
11
0
7
1617
3
172
8
6
0
0
11
24
8
5
0
0
6
0
2
223
9534
0
0
0
20
34
136
0
0
0
0
0
0
5
0
8
34
30
1
4
0
0
225
0
3
19
0
22
31
4
11
0
0
19
60
0
1
2
0
665
0
58
855
3679
21
184
3
0
72
6
280
0
0
37
0
8
270
58
126
22
0
3
2427
18
1
21
5
2
1
0
1
2
35
0
37
38
0
1
4
3443
0
0
140
86
0
19
0
816
4
3
0
32
0
1
0
5
254
2
0
0
19
0
1775
0
1
560
0
28
46
6
659
256
6
9
3
0
0
47
0
29
4
18
143
0
186
0
0
6
0
0
19
0
50
79
0
11
482
0
9
0
60
0
0
8
11
0
64
0
0
0
1
94
0
0
1
0
0
475
131
3
49
0
415
593
108
0
0
0
49
26
2
6
17
0
22
0
0
0
5
0
4
0
1
17
0
0
0
68
14
0
7
89
30
0
0
2
1
31
0
1
0
11
0
21
0
0
0
1
63
0
0
9
5
10
3
385
0
1
0
0
149
72
37
17
1
500
18
16
266
22
0
0
0
9
61
15
22
9
0
2266
1662
0
0
22
23
26
31
0
0
0
0
0
0
71
0
0
0
0
3
0
4
251
9
118
11
20
123
0
0
0
282
0
0
1
0
67
4
2
0
34
0
1
0
138
103
0
97
4
88
0
59
92
1
0
0
0
0
0
20
0
0
28
0
0
4
0
0
0
0
0
0
0
12
12
0
181
223
43
0
0
47
0
4
3
0
54
136
0
0
189
0
96
3
110
49
0
42
0
42
1
0
40
20
6
0
232
714
0
478
21
0
3
0
883
148
7
5
0
9
0
0
0
3
1935
0
4
40
2
68
0
63
0
5
0
48
0
636
0
2
0
22
0
74
144
0
173
0
0
10
18
0
0
619
1
0
12
63
23
2
473
108
216
793
1030
13
0
14
0
47
3
0
3
0
65
2
50
0
0
0
1
86
0
0
0
0
0
0
19
1704
117
1
22
6
0
27
837
41
60
2
1
46
66
0
1
0
437
9
0
2
0
0
0
162
0
0
68
0
5
183
0
0
197
676
1
819
6
19
4
33
0
318
28
0
20
36
8
179
0
23
0
0
0
84
2
0
161
54
0
715
0
32
0
70
70
0
238
66
0
0
273
0
71
0
76
0
0
4
5
5
211
163
17
585
12
219
3
0
526
204
0
0
0
8
57
1078
0
211
26
0
3
0
0
0
412
3
28
0
0
2
41
0
5
0
178
0
9
0
119
0
2
2
0
0
6
27
23
4
237
478
0
23
359
0
122
0
0
0
0
0
15
11
33
1321
46
0
22
51
235
0
2
0
0
0
19
1157
5
0
14
215
100
0
19
0
11
2
5
54
0
21
3929
0
0
0
0
0
632
0
0
0
9
0
0
0
0
458
0
45
49
0
52
0
7
9
3592
3
5
2
0
92
0
0
280
0
0
311
4
3
0
0
0
0
198
69
0
0
0
81
16
0
4
6
2
462
0
0
0
0
0
0
5
52
0
0
0
1466
841
0
10
5
0
77
4
126
25
107
0
1
14
159
0
607
126
0
47
0
3
2366
8
0
135
0
0
3
0
283
5
301
2329
0
0
0
0
0
0
18
0
90
4861
181
0
15
0
0
0
0
25
0
45
2
103
193
688
1438
0
0
60
0
12
0
265
1289
0
15
0
0
41
0
27
0
0
0
52
12
0
80
8
3
0
7
78
0
0
0
17
0
0
9
173
0
49
16
1
7
31
0
2
0
0
1187
1
70
20
0
2
0
0
0
670
174
385
44
0
2
1061
507
0
0
521
0
0
0
30
0
0
0
120
45
46
76
0
131
0
1
13
10
424
60
12
27
0
9
0
1
27
0
144
10
0
4
0
0
0
0
0
2426
8
24
82
9
37
0
0
149
147
18
0
0
0
0
0
101
72
0
0
14
0
1
2
0
227
101
0
0
96
754
40
3
18
1
0
16
0
0
8
0
60
0
2
40
2
0
151
0
44
15
64
105
0
0
2
93
163
10
0
0
5
3
686
593
2354
0
0
6
37
11
14
0
0
848
2
0
1
0
2
0
0
0
0
6
0
0
1
56
0
5
6
0
40
0
240
1048
0
5
0
0
2
0
0
0
43
869
57
1
2
0
138
0
23
871
115
51
0
20
7
0
10
1
0
0
0
0
7
1
12
0
4
116
0
41
46
0
0
0
0
0
5
0
0
163
2
0
0
0
5
0
0
1
66
13
119
505
0
3
146
624
0
5
9
0
295
0
19
22
142
0
58
0
6
0
265
6
0
0
5
0
5
31
85
12
37
51
315
0
0
38
70
43
0
12
1694
2
112
0
140
784
77
0
15
7
0
0
1009
193
3
0
228
3
56
0
0
0
0
0
0
504
16
118
450
10
42
287
0
24
84
154
0
0
103
0
12
0
1
3321
0
21
11
7
63
24
0
0
0
40
0
265
0
41
0
234
89
145
0
48
0
0
0
0
15
0
509
4
0
0
0
0
0
26
1
133
0
0
0
0
0
0
7
7
0
18
1
89
61
2
97
8
96
86
0
59
15
0
384
55
114
0
484
0
102
0
42
23
0
0
241
0
512
31
130
30
18
0
0
4
0
0
18
0
0
8
21
0
587
129
0
0
528
0
0
0
6
2
1
0
0
0
0
0
0
11
0
138
20
86
0
0
0
0
208
2
1
0
90
0
191
20
0
0
511
0
0
5
0
0
0
8
0
61
0
235
603
0
249
4
41
0
9
0
90
558
77
51
110
111
145
1
106
0
81
0
319
0
396
63
0
86
3
234
205
0
140
0
25
0
0
617
22
22
0
66
7
0
20
20
0
0
0
0
2
29
0
81
0
192
78
0
0
207
290
0
0
257
0
3
0
27
0
0
93
54
17
3237
280
76
58
0
0
1
0
1
0
91
0
41
69
86
611
1
14
71
25
0
22
27
0
9
167
116
2
58
110
0
6
0
2
1
11
4
0
4
127
15
0
526
1479
599
7
283
521
0
93
1
43
489
8
28
79
64
0
130
0
0
20
72
0
0
0
113
64
4
9
0
451
0
1139
79
28
47
13
0
0
898
497
62
3
0
2
40
101
0
99
16
0
77
146
0
164
32
1
0
0
42
363
129
59
0
0
412
0
0
0
5
0
4
1664
0
0
0
5
4
18
0
0
135
6
0
0
451
6
0
15
25
38
503
208
0
0
0
0
14
6
0
2
0
0
3
0
55
0
0
95
0
0
4
41
1
20
2
0
0
0
79
0
1
0
32
0
126
33
0
32
0
1
25
12
650
20
128
0
117
83
0
0
5
35
15
3
0
189
69
0
91
11
0
10
122
0
40
740
0
0
0
0
0
0
13
5157
13
0
99
6
37
5
1
0
0
10
6
0
0
0
99
14
5
0
86
118
44
0
687
0
3
0
49
11
1092
357
0
4
0
7
3
1968
0
6
6
1529
76
0
0
2
0
0
0
0
119
91
0
14
0
0
50
0
27
0
0
14
42
3
22
22
37
1
420
59
0
217
18
0
0
149
0
0
0
48
0
530
0
0
0
0
10
4
0
313
0
0
683
5
0
0
47
0
0
0
0
0
11
0
18
5
0
34
1350
0
0
383
0
0
1987
94
236
205
17
0
5
3
0
129
0
189
202
0
76
3
0
72
619
1042
0
0
5
0
0
5
2
24
3
0
0
2
983
170
24
169
13
0
222
130
0
0
0
2
0
0
174
0
29
0
8
0
228
0
0
7
4
0
0
0
0
24
0
0
40
1
11
2
0
1099
7
0
31
0
2
0
56
3
1
3
3
0
0
0
0
0
206
287
337
2
3
85
1
0
0
0
1
0
1
130
3
6
0
7
242
36
0
411
25
0
227
65
0
243
45
0
3
1
0
0
0
78
62
0
30
0
4
0
31
0
1
0
0
0
0
37
0
39
532
376
10
0
3
0
0
8
5
0
413
808
6
0
0
5
16
3
0
0
587
6
0
296
64
0
80
0
0
11
0
146
230
0
0
9
0
0
0
0
0
0
77
0
0
11
45
0
8
8
0
98
0
175
0
2
15
26
97
1
0
0
186
16
728
12
400
0
445
0
349
6
0
29
0
17
13
1441
962
0
1
27
13
0
1
1205
0
0
113
4
15
0
10
0
0
0
17
0
0
8
59
237
0
0
54
111
108
7
26
5
0
0
1
0
0
2
12
33
16
1
0
0
14
0
0
0
0
460
0
0
19
40
572
5
37
73
84
0
24
15
66
2
4
47
178
27
0
40
0
30
395
24
222
0
0
7
0
12
94
18
0
8802
53
5
2446
118
6
0
26
134
0
249
0
0
0
63
0
0
0
0
156
0
0
0
3
0
74
0
0
0
189
0
0
179
4
23
0
14
0
0
11
0
0
0
94
0
0
21
0
8
20
0
10
0
16
78
0
0
0
93
2
336
42
48
188
109
5
0
10
0
0
24
0
0
2
7
87
0
0
589
0
0
98
0
807
3
182
0
11
338
7
0
0
2
50
481
0
0
0
0
0
0
0
0
0
0
57
83
8
1
13
18
90
147
0
519
224
0
8
122
375
0
27
4
91
1138
0
0
0
0
0
0
63
21
34
0
0
8
35
0
0
9
0
29
8
4
46
0
0
0
0
0
11
0
0
20
0
351
109
1
0
279
22
0
7
0
42
0
0
0
5
0
0
0
13
0
12
0
1087
543
0
8
621
0
18
96
422
11
0
5
36
0
0
1
0
0
110
475
0
71
23
42
18
0
539
24
5
12
0
0
6
0
7
1071
5
31
1605
5
0
11
0
0
1043
38
0
0
0
795
0
191
0
115
274
24
827
0
0
72
0
48
0
0
5
815
0
1
135
16
0
6
1
33
4
0
5
0
12
0
3
350
1844
60
0
0
136
4
0
127
27
4
0
0
0
0
0
5
561
0
82
6
0
211
28
0
2
0
585
2
10
32
246
1
2
0
17
0
328
0
4
0
294
9
0
0
0
169
0
224
0
0
53
1
0
0
0
0
948
0
0
0
9
31
0
31
0
0
0
0
50
2
0
5
0
0
0
351
113
0
7
6
0
30
0
0
1
0
171
126
400
9
11
56
0
0
14
0
103
91
0
1
140
8
55
36
686
8
1169
0
307
116
2
0
0
5
0
26
12
107
110
0
64
2
2918
0
0
0
16
6
11
87
0
0
0
0
0
165
95
0
1
0
0
0
465
288
40
3
1308
0
0
0
73
4
0
4
17
304
1
26
27
6
0
0
0
0
349
233
132
25
1118
0
3
35
262
51
0
1
38
441
42
3
0
0
11
0
2
244
0
549
2
6
10
773
0
113
0
0
7
11
123
0
0
15
0
2333
0
8
123
2
0
44
15
0
0
0
19
0
13
8
2
0
0
0
0
0
0
0
13
0
0
62
0
146
5
2
0
266
0
2
0
244
0
0
0
232
235
11
39
287
74
0
0
39
29
0
2
246
0
0
2
483
4
5
0
4
0
10
4
2016
41
55
41
203
8
0
0
0
0
0
466
1
48
0
168
0
0
79
0
94
0
19
17
0
0
0
0
0
0
0
0
2
14
0
12
0
4
0
13
49
0
7
3
0
0
0
0
0
0
29
0
18
172
0
0
0
261
0
0
0
0
0
12
0
5
19
96
0
1682
155
67
2
0
109
0
94
0
0
0
530
16
123
1
2
3
0
40
0
0
10
551
0
0
7
34
3
225
0
0
450
98
17
0
3
27
40
2
0
0
1149
99
0
0
9
0
0
0
0
0
364
0
113
2475
232
351
12
0
0
26
13
48
0
0
0
1754
182
655
112
0
0
111
182
88
11
16
3
0
8
133
248
0
0
121
307
0
224
1017
0
0
0
18
0
1
207
19
229
143
44
0
0
28
943
17
3
11
133
0
0
9
0
108
164
0
0
1
38
1
1
10
1
60
0
0
304
61
4
0
410
0
0
4
30
4
0
0
330
0
133
1
41
383
0
0
21
0
0
474
3
0
0
0
67
0
305
0
93
0
0
0
0
319
3
17
136
380
22
60
5
43
0
1
26
9
23
4
68
8
189
2
31
186
793
104
3
140
3
157
56
371
77
2
0
0
54
24
53
0
8
507
117
158
0
32
15
0
0
0
0
11
670
0
15
138
10
359
0
16
2
1
0
12
105
0
23
0
859
4
0
0
0
41
68
0
1
0
73
2
4
0
985
84
12
10
0
0
0
0
31
4
249
225
0
0
2
17
0
7
0
159
0
0
83
0
0
10
0
0
0
46
107
0
33
192
0
229
0
11
4
89
0
284
0
27
0
0
12
0
6
19
32
246
102
0
0
0
1
0
21
0
353
0
83
1
0
541
20
58
0
1
49
0
16
41
80
10
11
77
1184
0
321
19
0
50
990
5
0
0
7
0
0
46
198
0
0
0
19
1
0
2
0
13
51
0
12
0
0
0
0
0
0
63
1
0
409
0
0
6
345
0
0
2
8
711
0
67
0
19
0
3
0
600
0
0
0
0
143
0
368
0
6
8
0
1923
0
0
37
43
0
0
1
1
190
224
37
116
1
2
0
24
14
1
0
0
1
0
0
19
0
0
0
51
0
4
0
6
3
0
0
50
6
17
0
0
1828
113
78
6
143
94
0
328
8
860
0
0
769
774
420
223
22
0
0
0
14
0
848
0
0
0
52
0
0
6
24
0
0
0
26
0
7
0
0
53
0
7
861
0
0
0
0
0
0
223
0
0
162
6
22
0
0
0
0
244
5
268
0
0
0
0
0
0
0
294
37
0
0
148
15
852
0
20
817
71
2
0
126
2
27
0
13
8
0
0
220
37
0
0
20
1002
59
0
159
0
0
23
31
0
2
0
0
0
0
0
0
79
62
0
0
0
84
37
589
0
0
1
27
0
0
0
0
0
32
0
0
13
2
164
3
5
0
0
237
25
1
0
577
0
0
260
0
48
3
0
24
29
0
0
0
0
0
216
0
0
0
4
2
3
0
2
252
587
0
17
0
0
0
0
113
0
0
1
60
0
1
0
10
0
5
0
1
6
8
0
0
0
11
0
0
0
9
2
84
0
0
0
0
0
13
4
0
213
0
0
0
181
0
0
232
4
5
8
0
0
9
0
19
42
4
0
343
14
42
0
0
134
0
52
18
0
1
58
532
2
9
0
11
287
0
25
36
0
14
0
0
3
33
158
769
0
0
0
4
0
0
0
1
23
0
34
0
23
0
0
0
0
0
0
1
530
0
298
55
0
0
9
4
9
0
126
1
0
0
0
8
1
264
368
7
19
3
3
122
3
0
0
75
0
0
11
0
8
0
0
0
17
0
0
0
8
0
74
4
0
3
14
32
0
37
0
0
0
1
0
0
0
0
0
0
78
0
88
1
38
35
0
0
0
0
0
21
0
0
0
8
8
1
751
75
0
0
0
52
54
0
16
53
12
59
315
9
0
0
100
0
46
0
30
0
2
0
0
22
105
63
72
26
0
2
1
0
447
0
96
0
0
0
134
30
0
1839
355
5565
73
10
22
66
288
1393
0
0
0
2
0
0
0
5
0
0
51
39
212
0
19
18
21
137
85
0
0
385
0
26
0
89
0
920
2
0
18
0
0
1503
413
9
51
31
1214
10
137
0
0
0
14
16
93
18
0
118
469
3
55
3561
0
92
0
4
0
0
0
0
0
9
11
1
91
0
2
57
8
14
0
0
0
68
43
4
0
0
1
0
10
0
1
708
28
0
0
2
28
538
0
124
7
267
34
0
42
1
6
4
0
2
683
0
0
65
0
70
68
0
0
0
12
5
3
39
0
0
270
9
100
0
103
21
0
49
0
6
0
0
0
2
73
5
243
0
29
0
0
45
0
0
0
27
0
165
0
0
0
0
0
0
0
20
0
432
2
80
0
0
10
0
0
0
37
0
13
0
0
0
0
0
2
191
0
0
97
4
61
0
4375
3
1
94
0
35
0
7
3
0
2
64
60
0
0
74
0
18
0
0
0
0
8
149
0
4
0
5
32
0
0
210
0
1
238
0
0
302
29
39
1
0
9
4
0
0
60
0
7
0
0
0
63
21
207
0
0
63
3
4
0
3
6
0
0
0
0
4
1
0
4
1
85
0
0
0
8
180
294
22
0
0
14
0
4
4
19
0
0
45
0
0
32
1
136
385
178
0
232
0
355
27
0
271
105
184
0
0
0
1506
2162
5
96
14
0
41
2
235
0
0
44
0
0
0
0
3
3
0
0
0
0
23
0
208
0
0
46
0
199
10
1
0
0
0
20
2141
72
264
0
243
144
0
0
12
0
3
14
307
0
1
1273
189
159
878
0
218
108
1
7
2
0
16
0
2
0
47
0
2
0
5
13
0
634
0
3
18
9
5
2
12
17
0
3
0
0
11
406
0
24
174
10
18
0
50
22
1109
0
0
0
0
96
0
0
111
16
7
0
0
59
84
0
0
84
360
0
899
1227
0
72
97
0
268
0
1190
0
0
3
0
431
276
0
0
0
2512
327
0
0
171
65
46
0
0
0
0
0
132
179
3
0
0
61
0
32
2
0
108
0
79
2
1
21
328
0
0
0
9
0
25
11
0
20
173
0
43
5
267
0
3744
84
6
323
7
0
16
27
88
95
5
0
100
1279
162
150
2439
0
0
17
0
255
1
0
329
24
0
0
260
147
0
0
1
0
2
48
2
36
839
38
28
0
41
136
11
277
46
0
9
64
254
0
1441
2293
0
0
502
433
97
0
8
0
14
0
99
1
2
30
107
1
0
0
0
0
10
7
0
4
1615
1271
0
520
336
0
832
69
6
85
0
96
110
11
941
0
701
64
33
0
750
0
0
261
4
262
10
0
172
109
0
70
18
1122
10
228
5
89
0
10
132
76
648
14
103
0
39
0
69
0
0
0
0
0
0
35
0
0
1
19
0
0
25
2
0
0
0
0
2
89
78
3
0
0
227
0
0
650
2
1
0
5
643
0
0
8
4
147
3
0
0
34
0
5
6
950
4
134
0
0
0
0
0
0
67
1
7
0
10
0
2
47
87
0
11
1
92
18
182
5
8
5
0
0
3
7
0
28
58
0
30
51
0
1
15
0
120
0
20
31
82
3
3
0
47
0
0
4886
0
0
8
39
50
0
595
936
128
155
62
4
188
6
4
83
99
836
0
66
0
0
428
0
2
12
27
190
0
21
0
0
1
0
0
8
2944
0
30
55
0
0
7
0
0
0
0
42
845
83
0
5
4
0
18
0
12
1
0
3765
155
46
112
0
101
2
38
113
0
2
1
0
0
0
0
29
103
6
22
272
48
91
11
0
13
269
808
0
0
2
5
1866
189
12
10
0
0
0
20
98
5743
109
1
224
0
2
3
203
41
0
0
0
53
193
0
8
0
0
3
15
6
0
433
172
2
0
0
0
198
2
0
35
74
0
0
14
358
944
0
2669
14
141
0
293
1
0
0
844
13
133
0
3
0
1
1
0
0
388
39
8
0
69
0
7
1419
37
0
1
0
0
1403
0
489
0
0
116
0
284
1
90
2146
0
337
6
52
0
8
129
0
0
0
564
330
0
0
0
395
0
0
0
18
2
0
2
0
0
13
2
2
48
1
0
0
735
0
166
12
0
0
0
15
0
0
7
0
0
1
0
63
0
4
14
66
94
2
353
15
0
0
87
0
35
0
0
0
250
0
2
0
0
18
0
0
209
74
0
17
0
6
208
0
105
0
4
0
0
464
0
0
2
522
8
4
18
1
15
0
31
740
0
0
0
185
122
3
34
0
25
0
22
0
0
4
0
4
54
48
2
0
0
0
0
11
0
0
6
3
0
184
0
12
2
20
5
0
0
0
0
0
47
0
27
4
0
12
8
15
84
0
0
0
0
61
5
12
8
0
0
0
0
18
5
0
2553
19
0
0
157
539
31
0
9
60
33
35
0
46
26
6
0
44
0
0
14
8
0
1
0
277
0
33
0
3
0
6
106
28
9
147
77
0
0
50
312
0
0
0
0
0
0
885
174
0
326
5
92
1
0
15
10
5
3
0
0
22
6
0
3
0
0
607
28
10
0
3
72
0
0
11
2
197
1
6
26
6
0
2
91
14
72
0
162
4
108
0
5
13
60
36
554
11
0
0
0
3
26
0
0
0
10
2
0
110
0
1
0
8
15
0
9
2
0
1
0
0
10
2
0
6
0
21
0
59
0
154
15
46
151
0
0
44
0
35
3
0
0
111
7
67
121
2
36
345
35
0
0
39
477
3
0
10
0
497
0
2
0
17
12
13
15
4
0
4
0
0
0
43
16
59
0
2
267
0
0
43
1
0
0
169
0
0
4
0
0
63
84
14
0
0
0
0
16
0
413
1
11
26
15
258
49
17
3
2
366
4
304
173
0
0
53
0
4
5
344
397
146
0
0
0
27
3
7
37
4
0
0
0
0
0
0
1
0
154
0
7
71
0
14
0
6
0
52
1
0
0
67
28
0
0
36
0
0
0
0
0
3
0
0
0
1
2310
18
257
3
0
0
13
0
86
0
0
13
596
0
7
0
125
49
7
0
0
69
0
4
9
1650
0
2
10
8
1
92
158
0
0
0
0
163
4
46
224
4
0
33
45
1
0
0
0
5
576
331
0
0
0
49
0
0
0
0
0
9
12
0
22
2
76
0
3
468
40
0
1
9
0
37
3
0
13
24
284
29
231
0
0
0
2
84
0
15
4
0
0
0
0
0
0
7252
362
0
2
0
186
2697
0
3
0
2
441
37
0
855
71
0
0
652
5
0
14
0
6
0
238
0
3
0
0
0
0
0
0
0
0
445
0
0
3914
0
0
0
0
1
0
19
0
0
17
0
10
150
0
0
9
124
55
0
156
1
3
0
0
49
0
74
0
0
5
628
4
91
0
0
10
148
8
22
27
83
0
7
15
16
5
1
0
0
4
0
0
52
220
0
0
0
0
0
11
0
0
759
0
0
0
820
140
47
0
51
0
87
0
3
57
342
0
1
0
9
12
289
1
0
92
1
7
0
0
28
1
0
1
89
8
44
0
0
79
0
34
0
0
214
0
29
272
11
35
0
7
114
7
7
61
0
0
0
48
132
0
84
0
99
95
0
0
48
86
19
0
0
0
34
339
287
11
1255
0
101
0
684
2
779
250
0
8
0
177
0
0
179
2
38
28
3
29
0
0
0
32
0
0
116
126
147
0
0
764
9
54
0
51
122
163
514
0
0
0
2180
0
246
5
1
86
4
3
0
4
1
0
5
0
1
5
4998
18
14
0
0
69
2
199
1756
57
0
192
69
493
0
0
0
0
37
0
0
0
194
0
103
66
262
0
71
0
68
0
428
0
1
0
170
388
187
12
686
0
0
0
596
63
0
310
0
165
1
0
12
65
4
0
0
0
0
0
133
13
1
267
0
32
1
1
0
107
3
0
4
0
0
0
1
4
6
0
120
30
1
249
0
8
0
1433
654
4
331
0
0
64
0
82
181
1
83
182
0
251
30
9
1
59
0
0
320
4
0
633
0
0
60
217
39
0
0
2
304
0
57
12
493
148
22
0
0
0
3
6
774
9
73
2
55
6
27
2
1137
178
0
725
2
2
0
0
47
11
9
189
176
460
0
475
0
4
0
1
0
29
29
15
511
10
158
476
144
1
52
1
0
2
0
52
0
0
0
0
10
1
350
0
218
333
0
0
2
36
0
79
4
0
14
0
0
0
0
71
10
538
0
12
0
0
1151
0
0
1299
0
43
203
0
41
0
0
0
4
22
166
236
11
116
82
208
0
41
29
0
0
0
33
0
0
171
2
157
50
4329
1
4
113
308
5
0
67
0
0
13
2
190
1223
198
18
63
3
44
2
0
15
30
30
122
68
10
44
8
0
0
1
0
339
64
73
0
0
0
0
0
0
15
0
152
0
23
0
0
0
0
0
37
2
0
9
1
0
586
43
1
0
0
0
188
0
0
365
240
6
51
0
5
490
53
0
0
58
0
0
0
0
2
0
112
343
64
3
0
281
0
0
2
58
1
1162
11
136
2
4
0
5
2
42
4
16
221
21
0
11
2
0
975
483
59
0
8
0
0
5
45
1824
0
0
0
1
5
1
21
0
0
15
0
180
685
512
0
24
847
573
175
77
0
0
4
48
13
2
0
39
2
9
0
11
0
0
0
0
32
0
3
26
0
61
7
210
129
128
16
176
0
3213
34
5006
27
23
3
3
191
0
117
205
1423
45
4
0
0
21
0
0
566
15
95
30
144
178
0
208
0
259
1179
284
50
24
0
11
0
352
261
0
10
4
121
5
208
4
0
23
0
7
2
0
58
294
0
0
14
4
32
200
72
0
0
0
0
47
0
0
431
867
124
221
0
5
98
307
30
112
201
0
11
49
16
0
32
24
9
0
111
9
0
0
0
0
0
4
320
0
697
1116
85
0
392
95
4
3
219
1
2
0
0
0
0
0
4
31
0
0
114
6
0
231
3
2
437
378
484
0
0
0
263
312
167
56
0
401
121
19
81
23
24
0
26
806
13
260
0
0
0
68
36
70
245
11
176
0
0
0
0
11
0
0
8
38
0
17
0
0
0
0
250
1
0
3
9
26
0
5
40
4
0
0
1
152
0
38
48
16
0
0
0
0
70
0
3
3
4
96
2
0
0
0
542
527
489
63
0
5
0
424
0
0
13
120
11
0
5
16
0
0
0
45
23
101
20
7
0
23
20
4
0
55
54
6
0
0
10
70
3
0
0
34
16
0
327
1
0
31
6
5
0
92
4
46
241
64
1002
0
0
0
6
9
184
0
470
0
1132
28
13
48
0
564
0
74
29
63
313
0
221
243
0
0
0
0
0
4
0
273
117
1
43
20
0
4
0
16
3
0
0
52
93
71
277
70
423
645
164
0
4
26
0
46
37
2
0
0
2
25
13
0
6
1450
0
35
43
59
1
0
0
0
22
5
55
4
0
218
1
8
0
282
66
380
0
94
0
0
0
0
67
0
49
0
3
0
0
29
48
0
0
0
1
2888
0
168
8
0
14
0
0
0
0
1
43
131
0
9
321
2
90
85
31
4
16
1
2657
249
7
123
0
5
0
0
0
16
0
679
1
88
51
4
0
12
0
19
0
6
20
0
2
0
0
0
0
65
0
77
0
0
2
0
346
0
0
2
8
0
0
0
0
7
0
0
931
72
366
3948
1658
1
2
0
94
0
0
0
112
208
2
378
0
0
0
0
509
3
5
0
254
31
7
586
5
0
180
403
30
21
0
0
1
0
0
0
0
0
0
53
0
0
0
0
0
2
3
11
115
16
31
35
0
3
0
0
0
0
184
299
0
0
0
0
0
0
67
146
0
0
0
0
0
0
0
3
5
0
0
0
0
0
9
12
54
30
0
0
0
0
3
976
204
0
716
6
0
0
38
136
355
2608
24
19
0
1
0
0
58
0
16
0
2
0
2
0
0
98
16
0
0
0
0
0
0
0
2
136
0
146
38
3
0
0
0
18
15
0
0
748
0
0
0
35
61
575
12
52
4
98
0
0
3
0
0
134
24
0
0
52
2
0
7
0
0
0
19
0
13
3
0
0
0
0
0
0
0
773
55
642
0
0
0
0
0
0
0
0
0
0
0
0
21
0
0
0
1
4
0
1
0
0
1
25
0
260
0
0
0
0
1460
115
147
58
484
195
619
861
68
2817
11471
456
0
4
6
0
0
0
266
174
55
0
0
2
48
0
0
0
44
4
0
18
13
83
39
0
0
0
0
19
2
0
0
14
3875
4
79
0
0
0
0
15
33
0
0
13
1
0
4
0
176
202
4
0
0
1
121
18
4
4
1
0
0
0
0
0
0
0
0
0
69
46
0
0
253
336
143
113
2010
0
0
8
5
0
0
0
2
0
1
0
227
20
0
0
0
1
9
0
0
0
0
0
34
10
0
0
2
182
20
108
6
10
171
1
248
429
8
0
0
0
0
0
0
3
0
25
0
67
0
0
0
0
0
0
0
0
0
0
0
0
181
27
722
0
1537
3533
313
0
0
20
5
0
57
0
1
0
260
44
0
0
65
1116
211
45
0
4
4
219
0
0
0
0
0
2
2
0
0
0
0
0
0
0
0
0
0
0
0
0
16
4
0
4
30
0
0
0
100
1
0
242
2
5711
586
64
21
0
182
4
0
33
12
4
0
0
0
19
0
0
8
0
0
121
105
0
384
8
9
0
0
0
0
0
0
0
0
0
650
561
0
0
35
9
0
0
0
0
7
27
0
0
0
2
4
68
0
0
7
0
0
0
0
0
0
0
0
0
0
17
0
0
4
0
0
0
0
0
0
5
0
0
0
0
0
0
0
0
0
0
0
2
0
0
0
1
0
0
