24_BitB_20_2
0
0
16
1194
45
240
6
0
0
0
0
450
13
388
0
0
568
1
2
28
481
58
0
9
0
626
0
30
2
13
48
0
0
128
2087
31
0
0
3
0
6
0
0
2
5
2192
0
180
0
240
0
84
0
774
0
11
442
70
0
1394
3
14
0
0
23
8
6
1120
25
2
866
742
33
6
37
0
899
5
11
0
0
0
10
15
1770
0
8
175
13
15
399
0
669
0
0
1026
11
0
172
0
14
0
12
520
120
0
0
0
0
424
2
0
32
0
3
0
1
308
160
777
15
8
0
160
79
1148
623
0
1308
60
0
8
1
142
0
0
14
154
20
0
0
6
25
0
532
103
64
16
25
33
19
1
52
1
4
1011
0
4
0
629
0
0
0
0
115
41
11
283
0
0
0
1
37
0
0
83
49
0
0
90
418
354
2
125
94
143
278
24
90
0
0
224
20
33
0
144
0
0
2
22
51
0
1
15
29
0
8
101
3
26
0
0
15
0
0
5
121
11
0
14
353
0
22
140
0
0
8
227
3
73
0
0
47
375
119
0
537
11
0
0
0
0
8
588
0
14
140
573
1
10
34
120
13
0
287
44
0
0
0
18
136
591
31
2789
94
0
0
0
158
28
5
507
0
0
15
10
0
0
631
94
1220
68
0
1999
0
820
2
0
0
119
0
0
0
0
0
0
44
0
182
0
0
14
0
19
208
0
341
20
3775
0
0
0
0
0
0
39
0
273
75
0
79
0
390
70
1
224
5
26
0
16
303
285
135
2
0
197
9
9
0
0
461
188
9
834
0
4
69
29
80
0
782
0
45
28
37
21
1012
312
37
0
5
1
0
1722
2
0
0
130
91
4801
183
644
31
12
0
0
4
2
0
561
0
79
0
1
2579
0
97
5
18
0
250
0
0
276
1644
108
204
0
284
76
4
0
0
0
6
212
9
0
1
0
0
98
6
1950
5
90
0
32
4
0
1604
303
3
0
66
0
6
1059
140
0
77
5
50
11
27
0
380
0
0
0
0
0
478
1261
0
11
1491
221
141
0
0
0
11
1
0
0
0
3
1
0
14
4
0
0
0
29
85
0
422
0
36
0
690
0
0
0
0
0
254
31
400
61
66
1390
732
11
8
0
31
0
17
50
33
72
0
71
1
4
0
0
86
0
502
13
44
382
10
0
41
0
2
0
6
232
15
516
25
0
35
0
247
325
0
407
0
37
2
23
12
74
49
149
695
0
8
223
702
191
68
0
4
0
10
0
152
213
5
0
46
4
1
0
11
3
0
0
1
0
0
1
0
1340
0
223
1
213
0
0
0
221
425
39
3
282
5
251
93
52
0
58
0
182
3
1283
12
13
1
17
0
3135
0
7
1
306
0
179
126
1
0
1
69
0
0
0
0
242
0
0
0
0
1358
1
116
73
3
0
203
24
41
12
3
11
0
37
0
2
29
0
0
5
2
0
0
24
0
62
119
153
41
72
824
5
0
2
0
0
0
1
0
150
918
31
6
95
10
134
4
0
442
24
0
127
0
0
154
0
362
37
4
0
0
0
575
0
0
0
362
0
0
0
0
302
6
317
13
12
0
0
0
0
66
241
26
650
0
103
104
4855
3
2
0
10
12
9
54
0
13
17
76
50
0
12
12
18
0
0
53
26
226
0
39
1885
5
50
37
689
726
0
0
144
362
19
16
4
576
0
0
0
3
192
217
0
32
15
25
0
57
1
49
89
105
0
71
2
279
0
0
3
4
0
0
640
274
0
0
276
8948
0
367
28
268
73
127
55
2
1
315
1
3
68
2
17
110
0
0
936
12
67
9
97
385
275
12
130
37
0
0
1
1257
0
145
0
0
153
3
0
0
0
9
0
0
2
0
0
60
18
0
33
0
455
102
272
36
16
0
573
3
0
0
0
29
0
231
46
0
0
0
0
0
0
8
86
3
2
0
1
3
117
138
0
12
2
5
0
0
363
0
375
1323
132
1
604
158
44
81
4
24
267
0
98
89
10
659
3
207
153
258
1
1
171
0
3
23
1
65
775
6
0
0
2
0
0
421
119
11
0
0
0
1388
4
0
1060
13
44
0
51
0
0
376
23
246
193
62
6
0
10
0
0
285
583
632
0
0
2
2
272
55
0
5
23
0
12
79
82
8
0
261
1
0
400
0
0
0
0
165
0
138
296
25
94
44
6
7
0
0
69
44
128
335
59
3
105
7
0
1420
272
0
47
0
287
0
0
28
182
0
41
0
8
5
7
0
0
0
137
61
8
1
0
28
19
33
0
2
1111
18
10
143
3
17
0
0
22
8
0
2520
21
209
443
0
65
0
0
185
0
1232
17
2
0
1563
282
116
98
1720
0
72
0
0
2357
0
0
0
0
289
0
0
3
0
21
439
555
1489
50
0
2
0
8
15
71
0
0
0
81
975
258
106
7
0
0
21
172
2
0
0
0
3
0
1032
342
1294
485
0
0
0
0
0
116
1
0
0
206
8
27
0
6
990
576
0
174
1406
85
31
15
19
0
0
220
1
2
23
0
1
0
7
0
31
38
15
3
1
0
0
754
657
0
0
5
9
48
0
0
0
0
107
38
0
233
5
2
130
4
19
956
0
410
99
4
0
13
35
0
0
0
0
239
412
35
144
145
161
112
78
135
187
0
25
41
7
53
0
0
0
0
10
943
25
167
0
0
50
73
1
15
375
175
125
285
0
29
112
0
31
7
7
0
4
0
0
2372
254
70
4
0
417
0
0
0
120
17
1906
1877
0
24
2565
16
210
61
68
52
345
276
0
0
45
0
578
7
271
0
503
0
193
0
446
625
95
0
668
1
0
72
0
229
551
0
0
0
219
0
425
0
0
0
37
0
285
0
0
10
0
0
0
0
9
0
21
18
126
4
264
231
6
338
686
3
0
1707
5
2
0
179
73
13
0
57
0
8
1
127
17
0
4
236
0
4254
0
0
0
31
7
155
11
264
55
0
32
1
32
0
3
101
127
36
0
0
111
0
332
712
11
0
0
9
0
811
3
3
45
7
3
31
0
5
0
0
5
728
0
452
8
0
2
6
2
81
6
158
0
42
200
0
44
0
232
0
0
0
79
0
6
0
38
5
0
5
60
9
0
132
0
232
2
0
4
5
0
1799
0
8
1966
12
228
0
141
24
78
0
0
0
151
73
0
0
14
23
14
0
0
3
0
0
15
0
52
0
0
2
15
28
4
0
0
1
118
854
153
0
0
0
36
0
0
487
327
4
34
4904
3
39
320
8
102
59
775
0
4
31
1693
15
5
58
21
328
0
0
143
88
13
218
2
968
26
172
440
108
0
13
0
27
1
1
0
0
276
4
18
0
1725
1
17
565
43
27
0
2
0
4
18
0
141
0
3
223
16
0
2
0
0
10
0
122
0
9
90
0
12
0
0
6
0
0
3
0
0
27
0
0
0
0
0
0
2
385
4
54
0
7
106
36
2
0
99
0
1628
40
0
0
0
2
12
4
1399
36
306
0
1456
14
699
491
0
0
0
1215
0
203
68
5602
4222
0
0
0
50
0
17
0
0
9
0
0
1473
500
387
8
1
254
0
16
0
12
364
122
1717
0
2039
0
174
4
54
42
0
5
0
0
0
0
0
0
388
197
0
1492
39
0
0
2
121
320
434
26
743
2748
8
333
0
193
323
128
510
503
0
25
11
329
62
0
0
36
30
77
0
0
19
84
702
0
1
0
19
316
0
1519
0
2
3
0
5
73
7544
0
277
0
0
9
337
0
244
0
19
6
4
1324
38
5
24
1
16
6
0
338
5
2
0
6
0
0
25
162
34
7
0
1
10
0
0
0
53
0
11
20
2
20
45
116
0
0
0
0
61
0
8
0
5
67
44
11
98
3646
41
528
283
2858
0
19
0
115
10
0
954
2
163
2
0
2
2
0
385
76
0
21
119
0
51
0
0
0
0
13
0
0
2565
393
0
0
297
212
312
0
0
17
0
1
0
173
0
68
4
1
4
0
31
0
0
0
0
24
0
0
0
1
13
531
35
14
0
42
12
62
16
10
15
107
5
156
0
16
4225
270
0
282
4
0
1
489
70
0
0
0
0
10
538
1
0
0
22
0
0
0
0
0
2
131
0
0
259
126
743
1219
40
293
0
0
11
3
1
0
0
0
0
143
31
0
231
29
420
11
0
0
171
43
11
91
1
4
11
417
0
0
133
0
1
0
245
0
0
17
0
33
104
1
8
2
0
51
105
0
0
0
0
50
308
15
9
0
102
0
139
49
226
0
49
1038
270
0
0
2736
475
136
4425
65
0
3
1
0
2
3
89
5
13
9
0
95
1602
6
0
0
0
0
0
7
29
286
0
0
38
11
2
1
223
297
141
274
317
0
0
0
0
217
5
0
0
77
12
9
88
5
0
0
5
15
36
212
5
0
0
0
0
0
0
0
40
1
0
0
9
0
62
7
2
33
54
0
8
0
339
0
56
2
0
16
0
0
0
0
0
983
0
0
6
34
0
239
127
1
0
28
0
0
0
0
236
0
579
411
268
19
0
111
63
2
0
5
291
85
3
12
0
1787
0
56
0
10
15
21
2
57
0
0
0
175
0
286
126
50
139
6
0
0
0
0
1
48
423
64
0
25
0
41
8
0
0
106
0
32
0
0
110
76
18
86
18
744
8
0
127
0
266
0
1
0
40
28
74
114
34
0
348
51
0
0
14
0
0
8
203
271
3
3
33
6
1
5
0
2
0
6
199
13
8
1724
269
3
221
0
37
8
0
0
63
0
75
0
2
5
6
21
0
0
3
667
0
80
498
7
0
1336
45
0
0
0
6
9
0
1011
26
21
0
2
0
0
0
0
10
34
0
0
7
4
6
4
0
15
20
0
0
0
3446
0
2
0
17
12
298
268
2053
18
1995
25
6
19
17
0
21
774
0
674
1381
1
21
91
0
77
0
0
6
464
0
36
53
0
0
679
0
84
192
1
0
169
101
0
8
460
204
0
1013
0
227
0
465
21
0
197
0
22
66
220
9
94
14
17
0
1680
359
29
12
346
1
137
25
945
35
0
55
0
71
92
191
0
4
8
3
0
176
0
26
1314
47
459
68
0
0
0
0
35
97
0
41
51
4
676
484
0
110
20
14
2
0
2
0
604
0
58
0
175
23
5
0
0
4
0
0
2003
276
0
5
134
3
6
0
104
12
335
53
1
0
74
136
0
14
1
1
0
0
170
323
0
0
1100
21
795
196
35
16
0
7
8
5
12
0
0
9
8
2
126
63
0
0
59
287
0
0
54
0
0
0
288
69
64
0
0
708
0
200
343
1
0
110
0
0
0
114
290
9
0
1
0
31
13
94
0
1
0
160
3
0
0
0
1
0
225
34
10
0
0
82
3413
7
307
0
3
0
20
6
0
1003
3
0
26
234
115
4
2
0
5
76
0
31
0
142
0
595
0
0
19
12
6
6
0
4
1
0
17
171
10
0
33
0
0
23
4
1
0
0
268
1
0
0
69
15
27470
0
39
87
98
0
15
0
0
0
0
284
64
522
5
248
0
0
146
1
0
21
0
142
1775
0
17
0
64
0
580
5
418
127
0
3
0
0
0
0
0
0
4
0
22
0
0
6
244
135
101
0
0
184
6
0
49
497
18
187
81
0
909
117
0
66
0
0
0
325
34
149
0
31
1
0
20
263
222
0
298
24
20
0
2
94
12
0
744
0
0
605
7
117
57
0
104
0
0
270
680
14
3
26
0
0
0
2
242
257
53
0
25
0
35
0
0
114
0
66
14
0
543
20
17
20
9
0
1
941
171
0
51
3
111
436
4
36
1212
123
0
0
0
390
81
0
5
3
5
0
0
0
65
77
0
33
0
0
2
0
1
249
2
186
0
0
17
4
166
0
0
0
0
535
164
58
7
2
2
53
0
0
0
14
727
1374
7
8
1718
23
26
356
0
89
0
0
0
783
4
0
5
85
60
30
4
0
4
0
0
1133
2
0
669
10
31
23
2254
263
0
0
277
1465
96
2241
230
0
49
13
282
1
43
19
16
24
0
0
0
167
4
1
425
0
1765
0
0
12
0
14
0
57
93
0
221
12
90
0
106
1305
2956
1
21
70
14
535
151
0
3
2
166
0
0
0
122
282
0
433
4
20
20
464
0
138
373
147
35
137
170
0
812
6
680
573
1
1877
0
168
227
156
157
5
1
10
0
0
50
32
10
3
160
0
5
20
5
0
4
3366
63
91
181
124
123
7
0
12
1
0
753
1
6
0
0
7
1788
0
123
122
0
1337
0
11
475
11
17
383
7
0
105
0
1
0
0
7
0
0
0
31
201
12
0
40
1
0
136
0
0
0
1075
181
1080
185
4
630
57
0
1
59
1
0
0
0
3
18
129
4
0
8
0
0
0
11
18
20
690
8
77
0
82
7
3786
0
0
13
52
0
11
42
0
108
2
54
48
0
559
277
29
33
46
0
1
397
104
1228
11
2
0
68
0
0
0
0
1395
2
2479
327
174
210
499
0
3
0
0
33
0
620
0
0
120
146
14
112
3
375
27
0
11
69
0
32
0
131
9
174
59
0
1484
50
0
29
9195
0
31
1981
473
244
260
153
447
64
204
0
1548
1777
2
12
3
0
0
0
183
0
187
162
1025
0
3
316
188
0
772
212
41
0
0
3
0
3113
1
3
506
0
383
0
19
2
0
1127
16
0
0
513
17
0
0
0
0
134
0
122
0
1257
5
106
51
442
0
3
251
430
0
8
22
109
98
47
0
32
486
110
0
0
392
23
165
0
0
28
25
0
27
22
0
176
0
0
0
0
0
15
0
0
8
0
0
0
1
22
0
4
670
9
0
0
1651
0
0
0
11
0
46
0
49
2
1
91
0
0
3
13
0
0
124
18
0
0
1
225
0
0
0
194
34
0
0
0
95
0
2
7
28
0
0
1
0
5
0
1
0
0
38
0
0
39
768
0
0
15
0
0
249
4
245
5
0
5
0
63
0
0
0
24
0
224
0
0
3
0
11
0
25
0
0
322
44
3
574
13
0
1674
70
3
0
37
535
0
0
5
0
0
51
21
32
0
52
14
0
6
1244
516
10
2
240
0
2
38
0
25
17
0
17
0
0
0
0
615
0
0
0
0
1095
0
261
7
4
0
0
136
485
263
78
0
0
0
0
0
0
8
0
0
71
0
0
89
0
0
0
0
0
113
2357
40
1
1
30
0
0
0
0
0
1
0
0
0
0
0
0
0
22
0
1
2
25
0
0
0
84
2
59
0
0
2
0
0
0
0
15
0
0
0
0
0
0
56
0
0
1
27
228
3
2
0
0
0
0
1
0
0
14
0
0
0
0
0
15
0
8
0
0
0
6
0
0
0
0
0
0
0
0
0
3
0
2
0
0
6
5
0
0
640
0
0
0
10
3
0
0
0
720
0
0
115
70
0
1
81
0
0
0
0
0
0
0
39
80
0
0
0
3
461
36
0
42
2
1
0
0
0
0
0
0
4
0
1
19
0
0
0
661
0
11
0
0
0
0
0
0
59
2
98
0
72
0
30
0
4
0
0
62
2
3
0
0
11
0
0
0
0
81
5
0
11
0
11
81
0
0
0
17
77
0
40
0
6
0
46
0
7
0
226
0
0
1
0
11
0
0
0
0
53
0
0
0
0
540
0
1
830
169
0
0
69
53
0
0
0
0
0
41
0
0
76
0
88
1
3
1
0
3
0
0
0
1
0
42
0
0
274
0
0
0
0
0
54
0
11
0
0
0
0
0
4
0
1
0
0
6
77
0
28
0
0
201
5
0
0
0
0
250
0
0
1
0
0
0
0
0
0
4
0
0
57
0
2
154
0
0
0
0
35
1
0
0
49
0
0
18
0
0
0
3
0
2
3
0
0
0
0
0
0
0
0
0
2
0
0
0
0
12
0
0
0
0
176
18
0
28
9
3
0
3
0
20
0
0
0
0
0
0
0
0
0
0
0
0
0
0
1
100
0
19
0
0
0
0
121
0
0
0
194
0
4
0
1
0
10
0
5
0
1
26
4
0
2
0
0
0
0
0
0
0
2
0
1374
0
0
0
0
0
0
0
0
0
0
0
14
2
0
0
9
0
15
277
0
1
0
0
0
0
4
1
1
0
0
0
0
4
0
163
150
0
0
0
0
0
0
0
0
488
0
0
0
0
0
0
0
0
0
370
22
0
769
0
0
58
0
0
0
0
0
0
0
0
0
2
0
0
7
1
15
0
3
0
0
0
0
0
0
0
0
106
0
0
0
34
13
0
182
0
53
0
0
0
0
0
1
0
0
0
0
0
0
3
9
0
0
0
113
0
1
106
0
0
0
7
0
0
0
0
0
0
0
166
0
0
0
0
64
0
0
0
0
63
0
0
0
0
0
0
0
0
0
0
20
4
0
0
0
337
406
0
0
0
3
5
0
1
0
0
0
0
0
0
3
0
37
3
0
33
0
40
74
1
5
6522
0
0
0
0
372
0
23
0
0
0
0
0
0
0
0
1
202
4
9
0
0
39
0
176
0
0
0
2
4
0
2
0
0
1
0
4
0
4
0
0
0
290
0
0
0
0
0
0
0
0
1166
0
116
0
0
0
0
0
0
0
0
52
0
0
322
0
0
106
7
529
0
0
0
2
0
54
0
0
1
0
404
0
0
0
0
0
0
0
0
9
22
9
3
0
5
0
0
0
0
0
1
104
714
0
1
9
32
1460
0
283
4
0
0
63
0
0
5
3
26
0
0
0
0
34
1
0
0
20
0
0
0
1
1
0
0
15
0
0
0
0
10
0
42
0
0
3
0
22
0
0
0
0
0
1002
0
0
0
227
0
0
16
0
0
6
0
0
0
0
23
0
0
0
0
81
1224
156
0
0
0
0
0
0
0
0
303
0
28
0
0
0
0
0
462
0
228
0
0
18
0
0
7
0
0
0
0
1086
0
0
0
0
0
0
87
0
0
0
37
0
70
0
0
6
0
662
0
0
0
90
0
0
0
0
0
0
0
0
1
0
0
0
2
124
0
0
0
0
208
0
0
0
168
0
0
2
26
275
0
23
0
0
0
0
0
1
0
0
632
0
13
0
0
0
0
0
192
130
0
0
34
0
331
0
0
4
0
0
0
0
23
1
0
1
0
52
14
0
0
0
0
12
0
0
0
122
9
0
0
593
0
184
61
0
0
0
1
0
0
0
0
0
114
0
0
1
21
0
0
0
0
0
0
0
0
0
0
1174
0
4
5
0
0
0
1371
84
4
12
0
0
0
0
3
27
0
6
0
1
0
0
0
0
0
0
0
0
0
0
80
0
0
0
0
770
10
0
0
1
14
0
1
0
0
0
17
4
5
0
0
0
0
204
0
128
1
0
2
0
0
1186
27
0
0
104
481
0
218
16
0
0
72
0
0
0
0
5
33
37
0
0
0
0
0
0
0
0
0
0
0
0
0
242
92
0
1069
0
0
0
0
0
20
0
0
1
1
0
0
0
0
0
7
39
25
280
0
0
0
6
0
0
0
1
234
0
0
0
33
0
2
0
0
0
0
0
0
0
4
0
0
0
26
19
0
0
3
2
0
0
241
0
425
0
0
0
0
0
0
0
302
0
0
130
1
0
3
7
0
0
901
0
0
15
0
0
0
0
0
82
121
6
19
0
0
0
3
21
79
0
0
0
0
0
0
0
0
613
353
13
0
106
0
0
0
0
0
1
2
25
1615
0
0
0
0
0
0
420
0
0
1
0
0
4
11
0
0
2
0
0
0
0
50
0
0
0
0
183
0
0
0
2
4
4
0
0
0
0
7
0
0
140
0
0
0
0
0
0
17
0
0
0
0
0
3
0
0
0
0
20
0
0
0
0
0
2
0
0
81
0
0
7
41
4
0
0
40
0
0
5
0
0
100
0
0
0
12
177
4
0
0
4
0
5
3
1
3
33
0
0
0
27
0
115
0
0
18
0
115
0
709
41
0
0
8
1
21
0
0
0
0
29
0
0
0
7
0
0
2
0
14
296
156
0
3
0
0
1
0
22
0
0
2
3
0
0
0
0
3
0
345
88
221
0
0
0
87
0
0
1
0
7
6
0
371
531
0
0
0
0
0
7
706
0
20
11
0
2
0
0
76
0
0
0
29
0
2
0
0
0
12
0
12
4
0
0
180
0
0
0
0
6
0
0
0
0
0
2
0
0
0
0
0
2
0
0
13
5
0
0
0
19
12
5
0
0
97
0
0
136
0
0
0
0
343
0
0
1
0
45
348
0
1463
0
0
0
0
0
0
0
9
0
0
0
0
0
0
0
0
71
0
15
0
0
0
0
0
0
52
2
25
0
0
0
0
628
0
0
110
0
0
15
5
0
474
59
0
0
0
0
0
0
0
0
420
0
0
0
40
48
0
0
0
2
56
152
2
0
1
21
7
0
1778
3
30
0
0
120
0
110
278
61
116
0
0
9
0
119
0
0
19
0
0
0
0
0
0
0
378
0
0
0
0
10
1
0
0
0
1
113
797
0
0
0
0
0
36
1
0
145
93
0
0
10
0
0
68
0
0
1
0
0
0
0
0
1
1
2
0
3
329
7
6
0
0
0
0
0
9
25
0
0
0
37
24
0
0
1
0
0
0
0
0
0
0
98
536
0
0
0
0
0
0
0
60
415
0
5
85
0
0
0
114
0
0
0
25
0
73
0
39
8
0
0
87
3
0
0
0
0
0
0
0
0
0
0
0
0
2386
155
0
0
0
0
0
0
0
153
269
340
0
0
272
0
30
0
0
0
0
0
0
0
259
0
34
24
58
0
0
6
0
889
0
5
0
0
0
1147
0
15
0
0
1441
74
0
0
0
0
0
0
0
172
8
0
50
0
3
0
136
0
0
19
0
0
0
0
0
0
43
0
24
153
0
0
0
0
0
0
123
0
1294
30
0
0
0
1
0
170
646
0
0
4
0
1003
0
0
15
0
0
0
494
0
934
291
0
0
8
0
0
0
0
0
0
0
2
0
421
0
0
0
82
0
0
0
0
0
0
0
0
0
79
1
2164
11
0
0
0
0
0
1
0
0
0
9
182
4
0
0
0
86
0
0
0
0
53
0
0
16
0
0
11
0
0
0
1273
0
0
0
0
65
0
189
0
3
0
54
0
0
7
38
0
1
0
0
25
1
41
0
0
0
495
0
0
0
0
0
1
0
159
19
0
464
3
1
269
0
0
1114
0
0
14
0
0
2
0
2
0
0
0
0
0
0
8
0
0
0
0
0
0
13
0
0
0
0
156
0
0
0
316
0
0
0
0
0
0
0
0
0
0
0
5
0
0
0
0
0
0
6
262
0
19
0
0
614
0
0
0
3
121
0
0
0
0
0
4
159
0
10
0
0
0
6
601
23
21
0
741
1
0
18
0
0
0
4
2
23
0
0
0
0
0
0
0
21
0
157
0
0
50
0
0
0
0
0
714
27
1813
0
0
0
4
108
116
0
0
26
1004
0
0
0
14
0
0
0
0
0
2
46
0
1756
0
21
0
6490
0
2
21
0
0
0
0
0
0
0
0
27
0
60
0
8
0
18
95
0
0
0
27
0
0
0
137
2
0
74
11
0
148
1
0
0
10
0
0
0
16
130
364
0
0
0
0
5
0
0
0
0
0
7
0
18
0
22
0
0
0
0
0
0
14
0
0
0
0
0
18
62
0
0
0
3
0
0
0
0
0
0
5
0
0
0
0
71
0
0
0
0
0
31
0
0
0
2
0
0
0
0
0
0
0
0
0
0
0
0
12
9
0
0
0
0
0
0
0
0
0
0
0
0
2
0
22
0
0
0
0
50
1796
0
0
0
0
0
0
0
0
0
0
0
0
0
0
0
0
0
4
0
161
0
413
0
188
0
0
95
0
0
60
0
0
0
0
0
0
428
0
15
0
0
0
1
3
7
0
0
260
0
54
0
0
0
0
0
0
0
211
0
0
0
0
0
0
0
0
0
0
1
0
0
0
0
0
0
1
3
0
0
1
0
0
10
0
0
205
0
0
0
0
0
0
14
0
0
0
0
0
297
0
1182
0
0
0
0
0
0
0
0
0
0
0
158
0
0
0
0
39
0
282
0
0
0
0
0
0
417
0
0
30
0
0
0
10375
0
0
0
0
4
0
118
14
3
47
0
0
6
0
10
67
34
0
0
0
65
0
0
0
0
1
183
0
0
4
0
2
0
115
0
31
0
0
0
549
0
0
7
0
123
0
1655
0
3
0
140
12
0
0
0
0
0
0
0
0
0
0
0
0
0
0
0
0
0
0
2
0
0
1
0
0
275
0
195
0
1
1
1
0
0
0
0
0
89
0
0
0
1
0
0
2
0
0
0
18
0
0
0
0
0
1
0
0
0
2
0
57
0
0
0
0
0
0
161
0
0
0
0
0
0
0
0
0
0
0
0
0
0
0
0
3
2
0
0
0
0
0
0
0
0
0
0
0
0
0
0
0
0
0
0
0
0
0
0
0
0
0
0
0
1
0
0
0
0
0
0
0
0
0
0
0
0
0
0
0
30
0
0
39
0
0
0
5
0
0
0
0
186
358
0
0
0
0
0
33
0
0
70
0
3
0
0
0
0
2
0
0
0
0
0
0
0
285
0
1
0
0
0
0
0
0
270
0
0
7
34
24
0
0
0
0
0
2
0
0
0
0
0
38
0
0
0
0
0
0
400
0
0
0
0
0
2
16
0
0
0
0
0
2
0
0
1
0
0
1
0
80
21
23
0
2
0
0
0
218
0
0
0
0
0
0
2
232
0
0
0
0
0
516
0
0
232
74
0
0
0
1
0
0
10
0
0
0
0
0
0
0
0
0
397
0
0
1
0
0
0
117
2
0
0
0
0
0
5
0
0
13
0
344
0
0
0
155
0
0
0
0
0
0
23
215
0
0
3
0
0
0
0
0
8
0
0
0
0
1
23
0
2
0
0
0
0
0
0
0
0
0
0
0
1410
26
60
0
66
2
0
45
4
0
19
8
16
356
29
0
1
1
0
4
3
0
0
0
0
0
0
24
60
11
0
381
0
200
72
216
0
0
0
0
3
14
0
0
345
13
0
106
0
77
1
0
178
376
98
862
0
0
0
73
7
0
1
6
0
0
7
0
31
202
0
101
0
2
0
47
0
9
0
0
106
0
0
0
327
0
49
0
1
10
0
0
93
0
119
13
450
0
22
0
0
2
0
1
38
35
210
12
34
0
20
0
30
0
3
306
5
0
0
152
0
64
9
727
89
1
0
0
95
1
0
5
2
0
0
0
0
165
0
197
2
839
0
0
0
0
0
21
51
0
0
0
0
0
0
0
0
149
186
19
0
0
759
0
0
0
0
0
17
0
0
553
0
24
0
2
0
2
22
64
0
0
85
0
13
0
45
0
9
0
64
0
0
6
0
0
479
135
0
5
0
17
0
0
10
0
0
6
0
2
516
0
0
1
2
0
5
0
0
8
0
0
439
207
0
3
405
0
299
0
41
16
33
0
41
0
0
20
353
1
53
0
2
5
608
0
0
0
43
0
53
2
5
0
0
0
0
0
0
232
0
0
0
0
0
0
0
0
0
48
0
0
0
0
0
3
0
0
3099
6
717
0
0
0
0
38
21
0
178
8
0
0
4
0
0
17
0
3226
19
521
0
0
134
23
160
7
5
1
2170
0
305
275
286
0
62
0
66
1199
340
1
0
2
1
728
0
1808
0
0
0
0
17
98
4
1
0
0
0
118
6
65
10
5
69
212
0
682
0
1
0
197
68
0
0
225
85
1
373
0
31
36
0
9
0
68
0
0
0
0
0
262
0
1
9
1634
0
0
3
46
0
34
156
14
3
0
114
81
0
0
0
1
0
0
0
1
0
0
0
0
28
0
1
0
356
42
90
0
10
0
0
0
454
0
0
121
0
31
0
0
81
79
5
99
0
0
0
0
255
0
38
0
0
0
0
0
0
3
4
0
76
122
14
0
18
129
105
0
0
175
18
38
0
4
0
141
10
1
34
0
0
0
41
1098
0
22
0
23
644
48
20
3
41
0
2540
5
0
8
4
5
510
0
0
90
129
291
0
178
353
0
0
24
4
30
2
277
1
0
0
0
0
0
6
77
0
0
168
0
50
6
0
34
0
0
0
1
0
53
0
43
87
0
4
0
0
1
0
0
511
16
779
996
139
10
0
21
5
0
16
0
0
0
316
584
0
179
1
1
0
621
0
0
88
0
0
0
30
0
3
0
1
0
145
0
28
3
10
0
0
113
0
0
34
0
96
872
38
0
0
21
402
224
7
0
0
0
0
0
636
14
0
336
0
0
0
47
7
543
0
0
3
0
43
45
124
247
2
0
0
0
0
26
0
0
0
0
0
0
20
0
603
0
96
238
0
0
0
0
32
252
0
0
0
0
13
0
16
174
0
0
0
0
8
0
21
0
41
0
0
0
98
19
0
0
0
2
894
0
0
135
0
0
0
2
12
0
55
17
0
0
0
0
0
98
0
0
0
0
129
11
0
17
2
32
0
32
46
0
71
2
0
0
0
181
0
1
329
3
8
5
0
0
0
92
0
85
18
3
0
0
97
9
0
0
0
265
186
9
0
0
0
0
0
202
9
0
5
4
0
0
0
0
0
0
108
0
2
0
0
0
1
0
1201
0
65
0
0
0
6
0
0
0
0
1052
0
0
0
41
0
161
0
0
0
0
193
1
0
3
0
0
0
0
0
93
0
0
0
767
0
6
7
0
88
0
1049
0
0
0
3
1416
50
2
129
11
0
0
3
1
201
0
48
8
2
0
0
0
0
4
4
33
512
124
69
0
0
4
0
15
0
0
402
627
0
18
0
0
0
0
0
4
266
0
0
30
4
222
26
105
0
0
113
179
8
62
0
278
0
58
0
0
0
0
0
4
256
546
36
37
11
0
0
0
0
182
60
0
0
1
472
3
0
38
0
0
122
70
0
385
15
3
333
1
0
24
0
0
0
0
0
544
1
10
0
0
0
0
0
42
0
0
233
0
0
0
0
0
0
46
0
47
41
12
4
0
7
0
0
0
642
173
4
49
29
106
0
20
9
0
0
1
0
0
0
4
8
0
0
0
0
21
0
0
169
3
10
0
2
14
0
0
0
0
0
3
0
0
0
21
0
22
25
2
0
0
1
0
0
5
0
116
0
0
1
0
0
1
0
0
0
14
141
0
0
5
7
663
0
0
22
126
36
21
0
0
0
0
0
0
0
0
1
8
0
15
38
0
0
0
12
0
220
2
0
0
541
13
3
0
4
11
11
0
0
75
950
0
8
0
100
19
2345
65
614
0
7
147
26
0
731
0
0
7
26
3
4
32
0
0
149
0
0
0
21
0
0
15
0
0
0
0
10
0
0
0
0
0
45
112
43
24
0
0
7
44
3
71
201
0
0
0
0
6
0
0
45
1
40
1
1
20
31
1097
6
0
1
2
0
0
80
24
1524
0
9
19
5
0
0
0
2
0
44
362
0
0
0
0
0
0
70
139
1
17
0
428
154
0
0
0
229
2462
0
344
0
0
23
214
8
0
30
18
0
0
35
18
0
0
19
0
0
0
0
15
140
185
398
0
0
31
0
5
0
19
0
0
63
0
0
0
3
36
13
0
19
0
0
11
326
0
1
0
0
0
0
478
0
0
297
446
1449
338
0
0
141
5
41
0
6
0
276
6
0
0
0
0
27
0
5
0
0
0
52
7
289
3
5
0
9
5
0
1151
0
788
0
0
0
114
25
35
0
1448
0
0
57
35
524
23
2
541
34
26
0
84
10
527
4
0
0
0
0
9
953
0
88
0
86
27
0
0
47
120
0
57
4
994
266
8
4
0
27
0
0
5
0
230
235
299
5
65
0
237
0
73
0
3
306
85
0
0
1
302
0
6
0
29
9
158
0
580
0
0
0
0
6
70
0
310
46
16
7
254
132
106
9
10
0
103
0
0
0
65
0
0
66
4
0
0
132
0
0
3
0
0
0
30
1812
16
0
419
286
0
636
0
0
0
2
0
405
31
3
228
7
1
0
0
0
0
40
23
62
0
226
0
0
0
0
6
0
382
0
0
867
0
0
0
12
0
0
0
115
65
1
0
0
0
105
0
0
507
1
7
0
11
0
0
27
0
47
0
3
37
0
11
0
13
0
573
40
310
0
0
485
86
4
122
29
0
0
0
0
83
5
7
0
0
0
0
12
1
108
0
64
2
13
13
29
1
16
0
0
8
0
4
17
13
87
882
855
46
105
0
1
0
16
0
411
0
0
4
0
628
7
33
639
37
562
493
0
0
3
0
104
0
11
0
0
276
67
0
0
136
15
0
6
0
80
66
158
0
0
0
0
30
0
0
0
245
36
0
10
31
0
38
0
23
6
1
0
28
0
0
153
185
0
17
0
172
10
0
0
6
0
362
0
0
1
6
0
0
2
0
0
0
0
0
0
4
359
226
137
3
0
0
0
68
36
0
0
0
0
0
36
97
0
0
0
21
0
0
0
0
13
8
0
0
0
0
1
0
0
13
0
1
10
34
0
1
0
3
8
86
15
0
37
0
255
0
0
0
0
2
143
0
348
0
228
4
149
19
8
46
276
585
0
0
28
0
0
0
66
0
7
6
0
3
22
55
0
4
15
357
2
27
0
22
779
0
0
0
39
2
6
76
18
44
20
1
8
0
14
25
0
313
0
0
0
36
5
0
1
0
0
44
27
80
1
8
0
0
1
9
18
6
99
1
0
643
0
472
0
0
11
722
0
0
15
0
0
0
31
0
0
232
4
0
0
0
0
16
0
0
0
0
0
5272
0
27
0
2
0
7
93
16
78
196
218
1680
90
0
38
0
561
14
0
242
0
80
0
40
0
176
0
64
0
1
0
0
0
7
0
2
6
144
0
0
0
0
127
1
13
291
0
0
0
261
0
0
0
0
3
0
87
3819
0
422
0
0
7
97
21
0
0
4
2
0
0
0
227
1
0
0
48
0
2
0
0
1
1
3
78
45
81
1
5
415
0
0
2
4
0
453
0
0
7
180
0
265
168
6
0
2
0
0
0
0
0
0
386
88
253
1
163
0
0
9
1386
0
23
0
0
12
0
9
0
0
0
0
367
0
2
38
0
0
0
0
0
2
7
0
966
0
3
19
0
624
0
0
0
0
416
0
142
17
0
0
14
0
0
0
869
0
0
0
0
0
0
2
0
0
27
0
0
0
8
0
195
6
0
98
0
42
29
0
76
0
0
0
0
0
19
0
0
0
0
0
1
0
7
36
1
350
0
0
909
0
0
0
52
0
0
0
482
16
91
0
6
77
0
0
0
0
5
0
7
37
0
3
0
0
0
3
0
0
0
8
1
1039
0
35
204
0
0
0
0
7
0
0
578
0
0
335
0
0
0
0
163
0
0
0
0
1
1
38
23
0
4
3
2
0
0
597
0
60
0
1
32
0
0
0
47
4
9
9
62
304
0
6
0
94
5
0
13
0
0
0
0
0
1
0
0
466
2
0
0
0
0
25
0
0
1
358
0
0
0
0
353
11
0
0
0
112
513
0
11
0
0
58
97
57
276
0
0
0
0
11
0
4
349
18
103
11
0
154
483
1
1
8
17
5
0
0
40
212
0
0
0
0
1
0
107
2
3
0
0
0
522
13
2
155
523
65
29
0
23
3
5
5
3
0
41
162
0
53
60
87
729
0
0
231
0
12
0
0
0
0
302
0
698
0
110
724
23
53
0
0
0
3
26
0
21
0
0
0
155
3466
0
557
118
0
0
11
0
92
0
0
2
0
0
0
378
4
0
0
0
0
0
70
0
26
37
0
1269
0
1
0
0
97
44
0
79
0
1
2
0
0
0
0
0
0
0
75
0
113
0
12
27
235
94
0
60
0
0
0
0
0
0
120
5
0
19
69
0
0
137
0
0
0
0
13
14
0
194
112
0
56
92
0
0
72
462
0
0
0
8
0
0
21
1061
40
2
1
0
0
10
0
38
97
694
0
415
15
315
26
4
0
0
4
0
0
143
986
0
0
0
0
0
132
163
12
3
0
0
0
16
241
0
2169
0
0
430
215
0
0
0
0
0
0
8
15
0
0
1
0
0
101
0
0
52
31
0
295
0
329
7
77
0
0
0
0
0
0
231
2147
0
497
0
194
9
129
708
0
0
0
0
65
122
0
87
258
16
2
25
5
311
222
2
0
0
70
0
0
0
1
0
0
0
12
0
0
9
0
4
0
0
0
638
0
0
0
647
3
2
0
103
0
0
0
1312
0
0
0
399
102
2
0
9
9
0
33
139
897
0
0
64
0
363
3
3737
0
13
172
0
0
0
2
0
0
0
2
0
48
0
476
322
0
28
7
22
0
90
0
139
641
2722
1
365
185
0
0
0
22
0
203
3
0
0
0
3
0
330
0
8
0
0
1
27
0
0
78
16
10
10
15
59
58
10
2
1
0
4
326
8
148
24
1
0
0
0
510
0
0
220
0
0
0
0
1287
0
63
0
0
84
0
0
0
0
93
0
4
0
390
0
0
38
0
7
0
0
9
159
0
2
189
347
0
0
7
4
72
1
0
0
0
61
0
43
0
0
5
13
0
0
246
118
0
10
522
32
161
405
300
0
0
0
0
0
1
0
431
292
0
0
0
0
31
250
0
0
14
1
332
2
2
0
0
205
73
150
0
686
31
0
0
223
4
0
1
2
0
3
87
25
21
1
276
0
0
0
0
0
0
469
0
6
141
173
12
0
49
0
0
0
201
159
64
0
3
0
1
102
0
0
1026
0
0
0
216
0
0
0
0
0
745
870
0
13
4
324
0
0
0
0
0
8
304
705
0
774
0
15
0
0
59
0
0
0
0
0
8
2
0
0
0
0
4
95
3
1
0
0
72
0
0
0
0
0
3
966
31
0
0
306
0
146
61
3
1
13
36
0
0
0
2
477
23
0
5
103
410
1
0
0
0
0
0
0
0
0
0
8
0
30
0
1063
0
0
0
436
0
0
101
0
14
0
0
0
0
0
243
298
2
354
0
0
63
0
10
1
0
0
0
13
0
0
2
0
0
0
859
53
11
91
2
0
0
4
0
109
49
0
3
374
2
0
0
208
0
0
1
4
5
841
3
0
240
3
0
0
0
0
3
0
0
2
8
0
0
0
1
0
0
0
0
0
0
0
3
265
0
0
13
0
0
13
0
0
0
37
16
0
0
624
0
3
1738
0
12
0
3
29
0
0
0
21
15
0
10
1263
0
66
0
0
116
1
0
155
0
236
0
0
1
4
500
0
0
0
0
0
45
147
8
2
0
0
27
506
626
0
12
4
0
7
6
5
0
4
28
0
2
39
34
0
0
0
207
0
0
0
2
44
0
134
0
0
9
29
762
43
15
83
0
0
79
1324
0
0
1334
0
0
0
20
96
0
0
28
0
0
2
6
0
15
0
11
0
0
0
0
0
0
0
0
916
0
3
0
99
0
0
12
25
0
0
0
0
47
0
7
0
5
53
16
1
0
3
385
0
73
32
3
0
162
0
0
0
26
179
3
3
0
14
0
509
0
0
3
167
878
0
0
50
0
61
0
0
0
0
260
0
0
0
7
15
7
6
83
20
0
36
0
0
0
335
98
52
0
24
18
5
7
0
0
59
0
2
0
43
300
3
0
0
33
0
651
0
0
375
0
0
0
0
1
0
0
2
5
11
81
0
9
20
0
404
13
0
0
101
0
0
0
0
252
0
398
419
99
183
0
0
96
1433
0
0
1
56
0
0
1
0
174
0
102
13
0
116
627
0
0
0
0
3
0
271
0
0
79
0
0
593
2
7
0
25
690
0
0
1
130
7
0
30
159
0
1
0
0
306
239
30
8
0
2
0
2
0
4
0
0
28
0
0
3
6
26
1020
386
0
0
84
0
0
0
0
0
0
0
0
0
766
0
124
0
2704
0
536
0
0
0
142
0
1
0
0
2
99
41
137
44
19
45
0
54
0
56
1
4
0
0
0
36
0
0
160
6
209
0
0
0
0
10
69
177
0
0
1
0
0
3018
0
200
51
90
23
70
14
0
0
141
13
0
245
5
0
0
0
97
0
0
10
2
18
0
0
0
12
7
0
26
0
300
0
1
0
5
0
0
0
0
369
0
0
0
54
0
29
83
0
10
1
69
0
0
0
162
0
0
1
433
17
23
57
0
3
334
2
2
184
0
0
0
107
0
1
1
39
0
0
0
0
0
196
5
427
25
0
0
0
0
246
0
22
0
233
88
0
205
3
154
106
42
9
67
0
0
46
470
0
513
0
7
0
71
0
1
0
0
416
0
0
0
44
0
1057
0
12
0
8
0
28
0
6
4
111
0
2
90
2
0
2
0
36
0
8
95
1
0
0
218
33
51
33
0
0
0
1
62
97
0
0
37
0
0
0
3
0
0
403
0
9
11
19
57
0
0
0
0
189
0
9
0
7
73
7
0
0
0
4
0
17
0
35
0
20
2
0
128
0
20
352
0
263
128
0
41
0
48
56
0
27
0
18
1
119
43
13
0
2
218
17
26
0
4
0
58
715
1051
64
0
0
0
0
0
146
198
3
52
2
112
0
40
0
0
0
0
16
0
91
0
18
32
158
7
0
10
34
68
0
120
0
0
1
22
4
0
0
0
2
0
224
23
0
80
47
1653
3
133
0
5
18
0
0
0
0
12
0
0
1
0
1
4
69
0
1
0
2
15
100
0
52
21
320
33
0
1200
52
94
0
0
0
0
12
0
621
0
197
13
3
0
7
3
0
0
25
0
24
1
0
1
112
57
704
6
10
4
0
0
6
9
0
1
79
0
0
17
245
0
0
0
387
0
509
4
0
0
41
309
5
0
165
64
0
3
0
0
0
472
4
27
961
541
0
120
0
0
121
24
617
131
0
0
0
24
0
60
153
172
5
0
0
3
0
66
683
0
0
67
6
0
0
0
0
76
0
708
342
285
0
0
430
0
445
0
0
4564
2
0
0
0
15
11
9
0
0
27
0
155
78
0
579
29
113
6
0
298
0
0
188
154
7
0
0
65
8
192
0
0
0
0
4
0
0
0
9
0
14
0
0
0
51
0
321
0
0
272
0
600
27
0
35
0
8
167
0
0
37
80
1902
0
0
0
466
454
0
0
56
4
0
662
15
94
0
0
0
0
7
80
21
3
9
0
0
0
1
0
2810
13
0
0
0
83
7
0
0
0
0
4
7
0
1
117
0
5
114
0
0
0
592
0
82
158
0
0
0
0
0
224
0
0
20
0
26
0
173
0
0
0
4461
22
40
0
0
0
35
84
55
1
0
0
6
0
3
301
26
534
0
0
0
520
10
0
140
242
0
147
0
0
0
0
0
9
55
7
276
244
0
0
0
1
445
0
1
0
62
13
0
889
28
0
3717
22
486
94
0
3
0
0
0
70
11
31
0
0
39
48
20
4
2
355
2
1
30
25
3
0
0
0
0
13
0
0
0
0
0
808
0
8
0
0
1
0
23
3
0
0
101
0
606
0
2
0
0
1301
3
0
0
23
0
10
0
286
138
0
0
0
0
0
0
0
0
0
0
0
0
0
0
0
1
0
0
6
0
0
0
0
277
0
1
0
0
0
11
9
0
0
0
175
21
1
390
0
0
0
0
0
0
2
0
0
0
237
0
0
0
0
6
0
51
93
0
0
0
0
0
13
10
0
0
27
39
33
0
3
10
466
0
0
7
118
0
0
28
40
0
0
181
35
8
4
1
0
614
104
0
0
138
0
18
0
153
40
0
0
112
13
791
62
0
27
0
0
0
21
0
465
0
0
0
0
0
3
0
0
0
197
6
120
0
0
0
0
0
0
7
409
0
3
55
538
0
0
110
0
0
0
210
0
0
2
362
2
0
0
0
0
240
0
0
4
0
417
0
0
0
3
0
2
0
0
0
0
0
0
0
0
0
38
0
1180
0
2
309
14
0
30
0
165
204
9
85
0
0
11
0
930
0
0
0
0
77
7
0
17
0
0
0
52
0
0
0
0
368
286
250
0
12
0
58
0
0
0
0
0
0
0
1704
0
7
17
0
0
0
0
0
0
64
1
0
223
9
259
79
0
22
0
0
0
49
0
726
0
0
138
0
0
0
0
0
0
0
0
236
0
0
0
0
0
812
0
10
2
0
540
0
0
0
28
0
0
44
0
14
1
66
54
0
0
1
282
0
0
3
0
235
26
187
0
11
0
3190
0
0
118
0
1
0
0
0
2
0
1
427
15
0
1
0
0
97
0
0
12
2564
0
173
27
46
0
0
95
7
0
31
0
539
339
0
27
0
1
0
4
0
0
2
0
316
0
0
0
0
0
0
0
100
12
142
0
0
0
13
8
372
0
0
0
0
0
0
1
0
2
0
0
431
70
0
0
0
0
0
0
54
128
0
281
0
0
0
4
0
1
6
0
4
0
0
68
0
56
43
0
98
33
0
456
0
0
14
2
32
0
221
0
85
20
0
0
0
5
0
0
0
0
11
0
0
0
0
12
2
32
897
0
285
0
314
0
453
0
0
10
4
12
238
0
230
45
22
0
4
1
0
3
0
0
97
35
75
7
0
0
0
0
0
0
5
0
0
50
0
0
482
0
0
0
0
0
0
0
0
0
22
4
21
4098
94
0
37
0
3
0
94
0
2
0
0
0
1
11
0
0
0
1
5
23
323
10
14
0
12
0
291
0
6
0
1
2
0
0
4
0
0
11
174
180
0
714
0
52
123
1107
59
8
0
0
0
4
309
101
0
0
0
0
0
147
0
0
0
0
0
19
102
38
2832
0
0
12
157
366
0
0
4
0
96
1
86
1
711
0
0
45
0
0
0
3
0
136
0
230
20
91
0
345
2576
205
0
32
4
9
0
0
12
0
19
0
0
0
42
0
33
0
0
1
723
419
50
0
0
0
0
0
4
91
0
26
41
1
0
4
922
1
35
5
2
0
0
1
1686
0
38
0
3
318
0
0
2279
0
81
3
196
0
0
4
0
0
748
0
952
0
0
2
375
0
0
0
80
0
95
1007
0
1
0
10
998
0
0
0
100
0
0
1
0
0
0
65
0
0
13
34
64
1
1
0
67
170
4
0
0
0
0
0
0
263
0
3061
0
0
9
7
0
0
0
22
0
0
0
1047
0
814
0
0
79
0
0
0
2
11
135
0
0
34
0
283
0
5
0
54
8
177
0
206
0
0
0
0
0
0
0
39
0
0
143
0
25
0
859
0
0
0
80
4
0
113
3
0
3
0
82
27
0
1
0
0
0
279
14
14
0
0
1
0
0
0
0
0
54
196
0
53
253
19
0
72
0
247
0
27
0
16
0
0
0
0
17
0
0
5
31
0
25
369
0
0
0
45
51
1
11
0
573
0
32
0
0
2
0
0
10
18
49
0
0
0
0
60
0
0
18
0
44
36
0
1
0
38
10
0
1043
26
0
77
108
2
0
35
39
0
3031
381
3
101
30
511
60
0
0
35
0
26
446
0
52
0
0
5
4
0
0
0
0
0
1
69
1
0
0
0
3
0
0
0
0
7
1
101
0
24
0
21
0
0
0
0
0
3
0
0
0
251
0
2034
12
3
2
0
318
0
0
0
0
0
0
0
18
0
0
223
0
8
0
0
5
82
0
766
90
0
0
78
0
2
2
19
0
0
1
0
0
0
128
0
0
0
0
4
26
58
3
2
0
86
0
0
52
6
0
0
59
14
0
0
0
0
43
62
5
17
0
0
0
4
0
0
0
0
117
1
5
240
0
0
0
3
0
1
536
0
0
0
1
0
2
0
271
1158
0
9
0
0
6
227
0
0
0
0
53
216
0
208
400
0
0
5
0
0
137
0
0
1
12
0
3
117
2
8
3
854
0
0
0
0
292
0
0
1
0
0
0
0
304
44
0
0
38
0
61
0
0
369
0
0
67
3
105
122
0
0
39
0
0
4
64
24
0
4
0
13
35
116
0
0
1
0
1
0
0
0
0
82
0
0
8
63
0
0
9
0
180
70
12
0
0
0
0
1
0
512
0
135
0
17
0
0
203
0
0
0
0
196
0
24
0
79
0
1243
0
0
17
168
240
56
53
0
0
152
0
753
3
65
2
55
0
0
60
126
0
0
414
0
208
0
0
0
0
0
0
15
0
184
0
5
0
12
0
7
0
0
318
0
1
128
0
285
37
0
289
1811
5
0
0
0
0
809
64
0
0
0
5
0
0
0
0
347
31
0
0
6
0
669
0
26
10
0
36
9
0
0
0
88
0
83
45
12
0
7
227
0
191
0
50
1357
1685
11
127
0
1
5
58
3
0
277
4
34
0
0
23
73
11
0
393
0
0
128
0
0
0
0
0
0
0
0
0
0
9
35
0
12
0
29
0
20
0
16
0
154
6
11
94
0
1
147
6
0
2
13
87
5
0
0
0
0
62
0
0
10
1
0
0
0
0
9
43
321
2
1
0
0
0
0
0
0
550
0
0
0
0
403
0
3
2
16
0
1
1
0
57
0
3
0
0
0
7
7
5
0
2
645
97
0
0
0
0
0
0
29
70
44
0
707
0
86
114
0
0
51
0
12
27
0
0
0
4
0
21
0
13
2
66
62
2
0
68
85
0
4
0
0
0
2
52
0
0
1
0
81
0
0
7
124
0
130
0
5
24
2
381
0
0
0
162
20
15
4
0
0
0
19
1
290
0
319
133
0
33
65
13
166
0
15
30
5
0
0
28
33
0
117
3
0
264
1
0
0
1156
0
2
0
20
0
0
0
0
277
15
0
0
147
0
0
0
32
787
0
0
0
0
340
0
0
4
0
0
0
0
0
0
93
0
0
316
0
0
979
0
17
245
0
575
0
131
26
0
0
6
25
165
340
0
63
63
0
7
279
42
0
0
0
0
0
0
370
23
0
0
0
39
566
35
9
1089
1
0
1
0
2
766
2
58
89
0
4
163
2
597
41
1
0
92
153
0
0
0
5
0
0
0
41
352
157
257
2
1442
144
344
0
68
0
0
2
0
0
205
0
6
0
323
20
0
1
0
80
24
0
1
0
76
1986
133
43
0
0
2
110
1
0
0
0
0
0
15
0
375
87
0
0
0
11
46
6
9
0
0
4
0
0
169
0
13
48
24
0
26
0
2
160
4
1153
0
1
26
23
715
4
0
27
0
5
0
0
0
0
0
0
0
28
415
0
35
0
3
1
7
0
0
50
87
22
0
0
4
0
4
0
13
34
19
40
119
108
10
0
0
0
0
0
234
32
60
0
0
66
0
158
0
132
2
657
47
0
0
0
6
29
28
30
3
1852
1
5
0
11
0
0
11
184
4
0
0
0
38
259
0
0
26
7
263
0
823
943
17
44
166
11
7
33
6
95
0
118
753
175
1
50
0
0
0
231
2
0
0
3
322
290
1689
2223
1
101
0
398
0
0
0
0
0
0
0
24
0
0
0
2515
366
109
0
509
175
0
3
45
0
1574
0
0
0
0
0
11
53
18
0
0
370
2
94
0
14
0
0
325
765
0
25
3
0
419
6
207
0
1
175
60
10
37
1
0
0
0
0
0
2
35
263
20
0
0
5
126
1060
0
2
9
26
2
164
2
857
0
0
110
8
0
0
0
3
0
201
0
1
0
0
160
0
0
0
415
0
112
130
74
155
0
0
119
0
0
0
27
0
84
0
9
0
799
1170
9
351
8
6
0
149
40
112
0
125
0
0
0
0
114
0
0
0
0
0
4
0
71
8
62
35
82
161
11
6499
340
49
0
113
0
0
0
0
0
0
10
0
0
0
0
71
69
12
0
3
8
9
0
99
21
497
0
1
22
15
0
12
0
3
0
0
4
90
0
1
0
1
328
0
0
0
23
0
508
911
0
0
0
378
1
8
114
19
381
206
0
238
0
103
1
0
1
0
83
0
71
0
0
216
2
0
0
0
0
0
0
3
431
16
15
159
0
5
4
0
275
1
0
0
0
16
0
0
24
2
0
0
307
31
650
0
0
985
0
0
429
0
1
0
0
0
0
0
0
35
0
1
0
1
0
100
0
0
0
0
0
0
0
0
4
117
5
0
2
1
6
1
22
0
0
0
0
0
4
0
326
11
0
192
0
0
30
0
0
0
255
0
0
571
0
0
0
0
0
6
172
4
20
2
321
81
1
0
19
0
0
0
0
0
0
10
0
0
0
36
0
0
198
25
3
0
2
296
375
0
0
1
0
789
0
0
0
48
68
1213
0
1
58
0
0
0
4
2
13
0
0
0
0
0
205
3
0
570
0
114
0
357
0
14
33
10
51
341
0
838
10
0
0
0
390
0
0
123
0
25
0
0
8
0
710
5
0
9
0
0
1
0
39
0
0
248
0
0
0
0
0
0
4
77
47
45
0
0
15
2979
404
0
19
0
0
0
4
0
0
0
4
5
23
23
31
2413
0
0
0
499
1
7
0
0
0
0
212
38
0
5
0
117
0
0
2
100
0
0
0
0
4
90
0
0
4
0
0
4
0
0
0
0
146
16
68
0
0
0
0
1
0
0
0
6
3
0
0
0
48
9
0
97
0
0
0
0
0
0
0
0
0
0
0
0
1372
0
0
0
21
0
41
52
37
0
2
15819
0
1
0
78
4
0
0
0
0
0
3
0
0
0
130
0
0
0
23
0
0
0
0
0
0
0
0
0
0
58
0
0
0
8
0
1960
6
43
0
10
0
0
0
0
0
1825
446
269
48
7
0
2
57
0
218
39
105
463
9
323
247
160
0
148
55
0
20
0
0
2
0
1
97
0
0
0
0
26
8
234
3
297
3
139
3
0
0
0
18
63
4
0
0
3
33
6
35
8
38
0
0
29
19
0
0
0
0
0
3
4
0
0
0
0
0
0
0
49
13
0
0
0
1375
0
0
0
2166
206
0
221
0
0
0
0
9
346
0
0
1133
5
0
213
0
0
32
16
0
0
1
0
0
168
0
0
2
0
0
3
213
57
0
0
0
0
0
1
0
0
2
4
2
0
0
68
0
0
0
1
211
0
0
189
0
0
0
137
0
0
96
0
0
57
0
0
0
0
42
0
0
0
6
4
0
3
6
0
0
29
10
0
0
0
2
16
0
7
0
0
3
0
596
0
98
0
0
6
0
0
0
0
0
141
440
0
0
0
15
0
109
0
0
0
16
42
2
0
0
218
0
0
219
32
0
0
0
0
0
626
0
0
0
799
0
0
3
77
0
49
879
0
0
0
0
0
0
0
0
0
0
0
70
41
0
0
0
0
0
0
0
3
0
0
485
0
33
0
9
0
0
0
0
0
0
0
0
0
0
0
0
0
0
0
0
0
0
0
182
0
64
0
0
0
27
0
0
0
954
0
984
0
360
0
0
0
0
0
13
0
2
0
0
0
0
0
0
9
0
0
0
0
615
15
0
0
137
0
0
0
0
0
0
0
11
0
0
53
0
201
50
0
0
1
4
0
55
0
0
1
18
0
0
0
1
0
0
0
0
0
0
0
0
0
0
0
0
0
10
138
19
0
0
0
0
3
0
0
0
730
0
0
0
12
21
0
4
0
1
0
0
0
15
2
0
0
0
0
749
162
0
131
0
0
0
0
0
0
6
0
5
393
5
82
0
0
10
1034
300
0
3
147
0
0
0
0
0
0
112
0
0
0
0
5
967
0
162
0
0
5
0
328
0
0
0
0
0
359
0
0
0
0
0
0
7
0
2
0
96
74
0
0
0
1961
0
8
197
0
991
0
0
0
0
0
0
0
10
0
0
0
0
0
0
0
6
0
50
0
82
0
1
305
0
548
0
8
0
0
0
30
0
0
6168
0
0
0
0
0
0
0
0
0
32
0
0
3
0
0
427
0
287
0
0
7
1
264
82
0
132
0
0
483
0
6
0
0
1
0
1139
0
0
0
0
0
0
1737
30
0
11
0
4
0
0
0
0
77
0
19
0
5
0
0
97
5
3
133
0
0
0
0
0
0
0
0
12
89
2
0
0
0
0
0
0
0
0
2
120
0
0
0
0
77
0
0
0
7
0
140
2
0
0
0
0
0
1
0
0
0
0
1
0
1
194
3058
64
0
0
0
0
43
0
0
6
0
0
0
0
0
0
49
0
132
41
0
0
30
0
0
0
0
1213
0
0
98
0
0
23
9
0
1
62
0
8
0
7
602
192
24
0
0
17
0
19
0
27
0
33
0
77
0
587
0
0
323
0
220
68
46
0
3
0
134
6
0
195
18
0
383
1
0
0
59
0
160
0
0
0
0
0
108
1530
778
9
0
0
0
0
0
1372
108
129
0
287
4
0
1
6
174
0
0
17
4
10
13
31
0
3
45
21
0
0
0
118
1
115
629
43
61
228
0
4
4
289
0
152
0
0
81
0
14
0
0
70
3
0
5
0
0
14
4
61
1603
0
0
1761
3
0
67
1796
0
38
71
0
0
0
0
13
0
0
0
0
2
0
1
4
16
10318
258
0
454
3
133
581
14
0
34
0
0
0
3
0
75
7
90
12
0
0
68
207
270
0
0
690
0
31
0
47
0
90
114
94
3
0
62
0
128
0
0
0
0
79
0
18
44
257
34
0
4
395
10
130
135
64
0
0
89
1088
4831
0
0
4175
51
608
1
1
0
0
228
305
0
49
10
225
0
0
0
325
0
215
0
0
3327
9
82
1946
0
1
3
301
0
16
83
259
69
88
458
0
0
367
45
22
0
198
25
0
62
487
0
2
12
459
0
0
0
0
0
0
1
0
0
0
301
21
217
79
451
869
4
9
133
0
28
0
890
0
141
5
20
0
13
0
92
0
1026
370
1903
0
0
72
125
0
199
188
2
0
0
13
0
1124
2
103
0
101
365
8
0
0
3
113
0
0
3
217
0
87
0
0
1
0
23
13
0
417
0
459
10
0
96
24
2
926
0
703
2
216
0
1
0
5
110
137
5
0
0
975
0
461
0
0
156
229
37
0
1
254
55
0
204
2
4
0
102
58
0
0
2386
0
0
458
18
104
24
348
2
4
33
6
7
226
0
38
29
1
87
747
107
49
4
503
32
0
621
7
0
364
0
4
12
22
2
0
73
47
968
23
6
1
0
0
166
108
315
94
318
2
23
0
0
0
84
305
40
0
6
38
57
0
2
18
116
612
0
2
241
0
129
12
39
7
0
0
5
6
372
1
0
80
3
2
116
23
0
39
0
143
59
14
0
0
50
16
421
0
0
0
0
6
10
6
233
22
0
0
7
2
0
0
141
1011
1
0
0
0
49
1008
39
71
1358
455
22
3
0
25
5
0
284
13
96
61
31
44
1
3
7
290
6
0
21
1
0
437
0
10651
1
29
24
0
0
169
0
0
0
42
0
9
105
12
0
232
1
0
5
6
8
548
0
0
75
264
0
0
28
40
0
0
373
959
0
0
12
0
0
0
1038
8
5
0
12
0
2
0
46
21
650
0
92
0
0
8
1891
0
1
0
16
1169
4
0
0
0
7
53
2
272
54
0
1
603
461
0
0
30
16
0
1
24
0
984
35
581
1227
0
1
0
470
0
0
0
55
7
1
57
0
5
152
0
3
7
81
62
166
21
43
0
0
0
0
63
0
0
422
14
0
192
0
0
2
583
210
465
390
8
181
21
7
1220
0
0
0
5
0
147
155
110
24
224
4
0
132
0
0
31
0
1162
0
1
39
287
37
62
11
0
4720
1
0
0
40
0
2
940
0
89
361
546
0
100
0
62
4
0
25
12
127
3483
0
0
0
808
0
152
18
183
0
37
31
0
207
1
2
1
0
0
1167
0
95
0
0
0
0
62
171
192
0
3
0
0
0
0
4
0
0
597
629
1
0
10
0
0
131
1
0
11
0
0
0
42
8
518
59
0
20
0
7
153
294
9
8
0
47
0
0
13
1
2333
5
2
0
215
0
1
289
0
74
0
3241
25
0
26
0
0
474
0
0
0
43
20
93
0
2
223
189
46
0
142
42
0
0
0
1236
10
0
86
148
7
102
2
76
0
102
9
0
0
0
71
4
0
182
97
0
17
0
0
0
223
556
2
37
0
0
113
247
6
0
131
0
146
226
39
0
4
15
0
9
0
0
0
0
1365
30
9
0
0
0
0
2415
187
179
138
0
0
49
26
6
121
4
0
0
0
0
0
0
188
0
0
7
30
12
127
577
1
0
138
0
1447
8
184
0
41
0
133
28
130
0
246
34
89
2
19
0
743
168
16
0
988
342
0
363
0
1
0
1
0
0
873
127
0
402
0
0
52
0
0
0
1024
116
0
0
0
102
314
61
0
0
1
39
0
0
6
90
3
0
0
15
0
52
0
0
0
399
11
1
0
1131
0
22
4
14
0
0
10
115
0
0
306
0
0
0
0
0
79
22
0
0
47
0
0
3
0
0
19
2
0
0
141
46
125
0
4
0
3
7
0
5
0
0
0
3
6
0
5
4
0
0
0
0
0
0
0
32
0
0
29
0
0
25
0
0
2
0
36
0
0
1
13
28
12
0
0
0
0
8
2462
0
0
0
0
17
8
35
25
0
0
114
62
0
1332
76
7
31
3
88
0
212
2
3
110
2695
5
0
0
14
0
0
1038
8
213
0
1
29
0
61
148
0
158
8
101
11
0
38
158
27
2
0
53
1073
20
3
56
19
0
707
5
617
3111
0
3
111
33
0
9
14
460
15
11
59
230
9
92
32
3
94
218
208
6
0
0
953
1
0
0
0
1
0
0
0
5
0
44
29
13
125
14
62
0
0
70
71
89
1
0
14
430
6
149
0
34
22
0
0
396
0
150
1
0
0
9
911
0
0
569
0
3
29
0
0
80
6
1939
0
714
1
122
353
39
0
1
0
0
0
2021
0
0
0
0
728
1
0
1162
188
4
0
116
2
12
258
16
5
55
200
0
4
398
18
0
0
0
0
0
14
84
0
109
84
0
0
284
2717
22
3718
0
16
0
208
16
124
1
0
30
4
7
2
0
3
0
17
0
35
22
94
0
327
161
300
380
180
577
0
0
1161
0
0
0
0
238
616
2
0
0
0
4
1
0
0
0
0
0
0
0
16
41
120
90
67
3
0
2
213
0
0
0
0
1
0
88
0
41
0
19
0
4
3
0
24
259
8
0
0
0
2
1511
268
0
0
0
1
71
0
4
0
448
0
2
36
352
0
359
18
0
10
0
155
0
21
0
0
0
0
18
76
53
0
0
7
18
0
183
0
103
0
3
3
0
292
1
0
8
0
0
35
0
127
68
318
0
0
0
51
583
0
11
0
0
0
0
241
0
1
247
0
0
0
0
0
78
0
3
293
153
62
0
104
211
84
1
0
3
594
16
281
0
0
0
1
10
20
110
645
0
1
1
0
11
0
0
0
0
0
0
0
0
340
30
0
2
30
100
0
7
5
6
0
0
124
0
79
0
145
63
1
5
1
0
0
0
0
11
0
0
13
16
77
0
7
23
127
0
32
0
55
1
0
0
0
0
0
0
32
0
1
3
0
0
0
24
0
0
26
0
0
52
0
26
0
21
0
119
8
0
453
1
2
53
1
12
0
4
0
0
0
3
0
20
0
10
54
0
0
0
30
134
94
211
0
0
29
0
42
1
1108
0
125
82
852
0
0
1357
680
0
0
0
493
4
0
7
39
4
0
0
19
0
95
0
9
553
12
476
0
5
4776
120
2
18
0
18
5
0
3
470
0
1502
0
0
141
0
20
0
2
536
0
0
57
0
371
2
2
4
153
10
14
0
0
656
99
2
0
302
3
150
2
43
18
282
6
4
0
1
0
0
0
754
0
0
320
156
0
6
996
0
1
0
1
0
0
0
270
14
423
12
50
1256
9
243
0
231
0
14
616
1
0
28
13
4
0
70
0
18
2
0
4
642
2
2162
0
449
46
0
342
0
0
151
2
203
150
0
9
33
276
53
53
0
0
0
14
249
0
0
0
18
181
3
0
0
0
8
260
0
63
2684
38
454
58
9
1138
43
4
14
119
395
0
0
461
683
131
0
607
213
6
0
0
0
0
867
1209
240
14
143
0
24
8
0
0
376
0
24
0
270
44
0
10
11
15
388
79
23
137
0
1
66
5
1
0
1
157
0
32
416
25
0
0
1
40
302
0
31
0
1
498
0
659
21
6
0
0
1525
0
246
999
9
0
37
585
115
281
92
5
4
0
806
0
980
29
0
1
0
0
814
0
1344
58
1959
17
455
85
117
0
319
5
0
3
0
12
3
101
185
0
20
17
23
298
0
0
293
25
0
0
118
167
72
201
0
0
5
1963
0
0
3
2
6
0
269
19
0
24
57
0
116
17
0
0
10
15
146
0
0
0
0
53
0
2
6
40
0
529
0
8
0
0
0
0
24
0
68
2
27
0
46
0
32
0
2
46
6
7
55
19
469
0
2
0
0
164
150
21
573
45
0
0
134
3
19
0
321
148
1
0
158
35
0
203
108
198
2
108
0
0
0
2
0
5
122
635
39
0
2
208
504
0
72
0
22
3
348
260
546
296
536
0
463
371
0
2
0
29
28
0
186
0
155
188
138
0
64
0
150
393
625
258
1
375
1181
0
0
0
0
167
0
0
1
51
35
1
0
0
0
0
1
5
0
24
420
178
64
11
20
1694
21
2622
0
0
249
0
3
2
0
0
386
20
3
389
2786
0
68
5
0
168
702
1
0
10
0
0
35
0
80
0
57
5
25
4
0
0
971
75
0
0
84
28
0
0
0
0
82
0
12
0
0
0
371
477
34
125
42
0
15
0
0
21
94
429
5
403
179
0
126
49
66
34
0
34
0
0
0
26
0
470
9
27
7
33
37
35
0
0
0
0
0
0
13
59
657
0
1
0
0
0
0
0
0
43
5
40
0
816
9
150
90
0
1
49
1323
34
91
68
3
0
0
0
100
27
1
2
1041
0
786
137
14
0
199
32
92
10
1
0
101
32
210
203
0
0
0
410
0
1
0
0
103
0
9
104
0
0
8
0
210
21
0
325
0
2574
0
41
20
8
0
270
0
0
0
228
0
0
0
0
181
0
530
65
0
174
6
13
32
193
295
56
0
0
1
24
0
0
0
4
385
0
0
0
9
30
0
0
158
47
15
0
46
0
30
0
0
3
4
1703
2
13
0
0
0
10
0
29
0
675
0
0
73
6
275
0
2
0
225
0
34
0
18
7
0
1146
73
11
1
0
0
0
0
0
43
185
43
0
15
1
0
10
250
0
19
17
0
0
21
3
105
546
2343
54
123
4
13
7
0
74
1
13
5
3033
0
44
216
0
1112
0
0
12
48
0
124
27
0
16
0
2
54
22
0
0
3
130
0
3
0
34
0
0
0
0
647
263
4
469
28
6
775
3
6
0
170
154
1
39
59
0
50
5
97
232
167
1866
0
0
2
2
17
851
109
23
193
820
76
182
0
1705
216
21
0
0
841
105
825
1
0
2
0
111
0
1315
7
129
363
0
2
370
34
0
8
88
736
0
0
10
31
1
15
267
4
12
6
12
0
606
96
0
0
79
9
0
0
1
0
29
18
1
129
56
30
0
908
0
0
114
51
1
3
0
4
0
722
0
125
0
74
0
313
35
363
2
20
0
0
0
0
0
0
0
0
5
101
1
1067
0
81
0
3
98
73
0
19
1
325
38
13
49
0
0
0
232
239
2
0
28
0
7
0
0
0
574
0
129
930
4
28
15
63
0
0
0
0
251
9
8
0
30
0
0
0
0
0
3
118
84
14
3
32
10
0
2
0
5
78
5
0
1
58
37
69
0
0
89
0
0
0
50
0
0
26
7
22
64
0
0
0
340
0
0
1
0
0
84
19
0
0
214
87
321
4
375
23
26
19
8
39
87
0
0
1
0
478
211
22
92
302
0
69
202
0
0
0
0
78
1
22
39
0
0
444
0
26
7
8
3
75
120
0
917
0
489
21
0
5993
14
94
4
431
0
0
1032
253
5
0
21
63
0
16
3
0
95
17
3504
69
1
0
0
0
0
1386
3732
12
120
0
716
0
256
162
0
0
559
0
110
13
8
155
74
304
125
303
9
2
46
70
28
0
0
0
0
5
207
0
52
20
0
15
0
164
30
290
64
21
38
0
162
0
119
1653
67
0
585
149
68
31
0
40
16
401
11
0
1
4
0
0
0
745
0
29
0
5
90
11
0
0
22
0
138
0
29
0
307
0
249
1
1061
0
0
5
4
1
0
0
264
5945
161
165
21
284
1
1121
16
360
983
9
93
0
40
66
55
0
40
0
11
0
0
10
31
592
14
0
1
0
0
419
35
88
0
59
1431
681
8
0
0
0
90
99
0
59
0
134
147
189
57
320
21
12
0
3
646
0
0
0
1
16
0
0
1
79
0
0
25
436
0
0
0
280
496
363
19
315
30
1192
0
135
2
0
16
38
14
2
0
32
340
3
0
0
342
0
1052
1
17
0
0
2473
0
0
17
4
0
8
0
87
114
203
0
19
0
0
97
117
4
1830
1422
2
500
166
0
0
0
60
244
41
0
0
0
118
17
3148
8
292
79
0
46
0
286
26
27
94
2
6
0
0
2836
0
25
0
0
8
1824
45
24
121
0
0
1
0
2
3
110
353
0
18
51
0
0
0
4
333
0
2
27
28
87
0
0
1
0
4
906
101
0
47
69
0
28
0
0
0
556
67
5
257
0
638
46
4
171
230
0
0
5
590
0
222
0
4
0
0
272
0
0
13
0
0
0
0
21
26
182
42
264
0
0
1
130
0
0
8
293
0
0
0
0
0
0
499
0
0
0
0
15
0
0
0
0
876
6
17
0
56
0
1
0
569
0
4
927
0
0
0
265
30
714
6
0
0
54
132
43
0
65
592
0
0
0
75
0
0
19
0
3078
0
17
42
34
0
0
0
18
2
219
10
47
164
495
0
0
433
155
0
0
0
25
241
0
79
0
124
217
10
19
6
0
54
3
16
0
198
0
0
0
0
131
80
24
287
0
148
1235
43
0
305
0
124
0
407
11
204
0
0
74
1136
0
67
0
0
0
127
0
0
0
20
305
2
0
48
83
422
15
9
2
231
0
50
302
312
0
0
0
117
59
705
79
0
45
1
10
0
2
5
6
0
0
0
0
98
6
0
0
0
335
28
0
32
2
4
0
135
13
0
3
0
163
1485
53
1154
2
0
0
0
0
420
0
0
15
9
224
0
0
12
0
0
0
324
282
0
2
854
0
8
1
0
9
0
7
0
0
5
0
0
21
98
0
109
83
0
24
0
0
1
132
0
214
1272
0
93
10
46
0
11
1
189
0
54
33
0
161
30
0
46
0
1
63
120
0
0
172
0
0
0
163
0
3
0
932
195
38
431
0
2
0
8
197
56
37
314
2
0
0
0
0
0
404
103
0
588
1
89
9
6
0
0
186
31
5
0
3
100
32
1
0
50
253
68
0
258
149
0
0
8
7
135
826
522
0
0
539
0
320
0
0
0
10
235
36
287
0
0
1
0
0
0
32
0
0
0
257
0
0
0
69
0
0
128
0
0
0
1356
0
19
260
0
48
0
1
0
0
39
0
8
0
90
31
648
0
183
0
53
0
0
0
0
0
0
13
0
3
0
51
0
0
0
8
0
529
78
1917
0
31
15
138
19
1041
0
32
0
0
0
200
0
141
0
0
137
0
83
2
0
5
4
429
288
228
102
14
30
0
0
8
0
24
1
12
119
85
25
0
3
2
2
105
131
28
402
0
77
0
10
60
0
1164
0
597
0
0
809
0
51
80
407
0
6
0
22
5
1373
82
7
22
0
0
0
0
0
39
471
79
2
670
324
189
1
319
93
103
25
0
13050
7
60
2
188
351
83
2629
0
330
117
24
25
67
0
274
10
0
255
72
0
206
189
5
205
0
0
7
1092
0
23
22
17
122
12
1
2
0
2
0
0
77
60
27
0
1565
0
0
4
0
33
392
14
39
2860
0
7574
0
0
127
0
0
0
18
0
0
0
349
511
13
0
50
215
811
0
26
99
227
0
272
1
0
2772
5
0
1
0
0
1
0
0
142
0
3
43
1742
9
201
38
0
362
766
1346
217
56
0
192
698
2
0
20
20
1102
0
0
551
17
0
8
0
0
3
174
6
921
1
0
100
3
11
1
2485
111
0
0
1
1
156
3
0
0
50
0
0
0
50
126
1253
52
175
980
0
0
0
115
0
0
0
6
1
160
0
0
429
89
79
0
989
623
111
66
2
6067
7
0
0
2
1894
0
0
0
26
0
0
0
0
16
144
7
0
5
0
436
4
0
108
1595
0
719
17
28
12
0
0
1
44
32
21
0
11
1
0
23
0
0
0
120
358
23
0
120
392
0
0
137
40
0
85
492
33
4
6
0
0
0
0
57
354
0
0
11
190
29
0
283
0
3582
27
0
0
292
0
4
73
14
0
93
44
58
1205
150
0
0
42
0
5
0
0
46
13
0
237
0
5
2
114
0
29
12
0
2
2
12
4
62
53
0
0
221
0
48
0
3
0
7
2883
15
5
4
31
0
136
0
0
184
16
38
62
442
0
0
68
19
68
199
0
199
29
0
19
293
170
115
34
0
15
0
0
0
0
13
2
50
0
4
0
0
43
80
708
5
0
0
118
409
152
15
131
3
49
3
0
128
0
0
3
0
0
0
23
32
0
144
15
0
0
0
0
0
308
3
112
4
0
2
192
13
241
27
2618
88
100
0
6
117
3
2
2
0
0
77
0
35
4
0
0
1
28
339
0
0
0
0
434
0
0
27
0
307
229
0
430
0
11
2537
0
250
13
0
0
31
0
16
2
22
0
0
6
248
1689
165
90
398
0
16
151
395
5
1363
59
0
25
227
596
51
2245
12
21
13
0
0
0
17
321
493
8
448
475
3
0
0
163
0
0
0
7
9
966
20
0
0
35
140
91
8
17
0
2
5
58
0
130
426
6
4
193
0
95
0
6
1
0
935
412
1031
1
198
0
144
125
215
0
0
12
0
0
0
915
0
43
104
0
8
940
36
177
38
440
10
0
8
28
3077
4
4
0
95
0
119
1606
59
0
79
0
259
5
37
0
148
150
11
0
0
280
320
0
0
0
84
47
1
0
31
0
0
0
0
0
186
0
3391
3
0
32
3405
0
28
4
3
3
0
70
0
5
9
459
11
0
205
143
278
51
0
5661
452
12
3
0
0
39
0
0
165
0
0
0
161
15
2
327
0
0
5
7
0
174
0
1194
2
80
654
227
457
0
125
0
116
0
221
8
410
0
1
0
0
13
680
44
0
0
890
21
523
0
277
50
144
31
16
7
0
34
0
13
0
0
0
242
0
0
285
0
14
104
887
11
4
0
16
16
0
0
0
17
705
6
0
636
153
173
0
0
0
178
2
0
63
134
3
0
0
279
2
7
12
0
0
94
27
0
2
34
4
315
0
116
5
0
0
0
0
73
0
39
0
83
155
0
0
714
0
391
0
136
4
0
39
22
88
125
396
0
0
0
55
0
0
94
0
544
101
4017
0
26
2
133
145
44
0
3
0
71
18
0
0
0
0
0
1
0
1
235
26
0
5663
1558
0
0
0
0
415
0
139
0
842
128
0
0
2169
117
0
2
8
285
9
0
0
48
26
4
225
1070
0
1353
0
0
580
94
240
51
0
0
0
1297
1738
2
92
0
260
0
0
0
1519
352
1
0
0
1490
112
0
143
0
0
2
1
8
40
745
1
69
0
0
0
1
5
0
65
21
0
35
3
23
0
0
98
11
12
0
132
0
48
0
91
0
0
972
0
0
0
41
24
0
212
1342
1
78
70
5
425
16
0
0
74
6
7
422
0
1
5
0
0
0
50
125
461
1
0
123
234
170
20
0
220
110
210
13
0
161
27
15
0
16
6
92
276
0
155
6
14
3922
815
172
0
126
0
590
81
0
0
130
211
9
73
4
13
1
2
0
0
1
2
0
47
503
153
18
0
0
0
0
73
14
1440
0
1
0
0
0
0
46
1083
0
2
31
0
67
0
0
521
295
0
1
0
0
57
211
51
74
0
156
11
0
52
0
0
31
0
4
80
21
0
0
465
10
2
12
0
338
0
27
116
0
0
51
11
23
0
8
5
38
0
54
4
0
0
0
242
0
0
262
69
35
0
233
0
19
0
162
30
16
4
15
12
11
948
40
0
5
3
0
6
0
0
212
7
89
124
0
3574
34
22
253
3
8
4
0
216
26
38
2
49
0
0
167
1067
2
153
4
16
178
27
0
0
77
0
0
0
181
1702
0
38
205
126
345
0
0
0
0
51
1
2018
0
40
0
3
406
54
11
86
5
50
0
91
0
0
1
0
0
0
230
165
1
12
1804
3
0
0
0
45
316
6
0
129
0
16
60
193
398
2
52
0
14
526
54
69
0
0
5
62
0
6
0
265
6
255
486
0
7
0
0
25
8
163
0
0
214
61
111
0
0
119
50
468
0
0
160
0
6
0
0
191
4
223
2
0
0
0
41
2
757
378
0
4
40
160
221
63
2
0
11
137
8
19
10
688
7
91
0
44
8
2
0
3
0
388
374
28
0
31
0
0
387
0
0
47
0
1
0
9
0
18
0
0
29
0
1
532
272
11
429
4
0
0
364
0
9
0
48
0
0
33
0
22
0
296
503
0
3
2129
0
0
0
41
355
0
98
33
0
0
0
0
945
53
10
11
0
19
0
0
0
7
0
101
13
0
1
0
0
0
0
5923
0
16
1
1495
0
46
0
0
988
112
48
7608
68
0
790
0
0
1
20
49
0
314
0
713
0
0
486
0
155
0
0
14
317
53
0
0
41
169
421
481
16
0
0
335
0
0
0
100
2
6
0
8
0
3
67
20
266
79
0
0
0
44
62
39
2465
0
46
0
26
1
833
22
64
10
614
0
149
28
0
102
414
5
0
21
116
104
113
2
0
0
0
60
1002
14
12
11
6
1286
9
3
591
51
208
24
0
627
0
24
0
26
521
20
53
1
350
0
24
4837
4
2
0
124
0
61
176
0
92
149
992
662
0
0
38
0
3
22
593
24
4
0
8
376
3
0
38
6
0
0
0
0
0
5538
0
0
0
1346
0
36
0
26
1049
0
0
12
4
17
0
0
33
25
63
291
2
1
54
135
118
440
231
48
0
88
0
38
290
0
201
0
24
862
0
42
64
0
0
53
3
24
25
2
0
9
0
5
0
0
0
302
0
0
47
196
0
10
0
136
0
151
12
17
3
0
470
0
1001
1
970
132
0
9
516
0
89
5
3
0
399
0
35
103
1565
0
0
0
2
23
816
0
16
0
1202
0
0
0
0
474
0
1771
0
7
113
0
0
0
186
0
61
0
127
0
2
104
0
17
0
12115
3
13
3
0
0
0
52
0
0
3
45
0
3
0
0
410
0
533
13
111
0
0
293
114
0
3
0
0
0
0
168
61
3
0
211
0
0
326
0
191
0
0
174
0
0
23
74
0
118
8
8
0
0
0
0
0
319
0
0
0
0
340
6
0
531
0
0
8
16
44
0
2
0
86
1
0
0
34
7
0
0
36
87
0
13
32
10
96
2
0
759
3421
0
0
0
0
239
0
24
7
20
0
0
5
5
377
70
1
9
0
98
0
1
72
33
78
2
0
33
0
10
190
1
0
112
999
0
167
0
0
10
38
0
3
0
6
117
15
213
0
39
0
0
0
8
779
0
245
0
4
3
56
0
0
13
16
0
277
23
0
36
0
0
84
5
0
66
105
0
1
13
2
4
5
130
0
0
7
3
0
969
0
20
0
590
0
80
13
556
0
2
31
0
726
3
12
60
0
0
5
4
573
0
0
4
0
11
109
39
234
116
0
0
298
0
28
0
556
1013
583
0
18
7
296
167
0
0
0
95
19
59
3
58
108
731
138
336
160
1587
270
0
0
25
0
122
54
0
223
0
12
25
2
7710
0
13
1
8
77
0
0
350
0
57
2
13
0
0
0
296
0
19
0
0
0
6
24
8
0
549
10
63
0
434
0
7
2
2
170
0
4
0
10
102
0
424
100
0
15
1700
17
22
8
0
0
0
319
8
0
0
76
2
13
0
0
58
1236
392
0
0
0
0
24
0
0
0
0
5
0
11
13
3
0
0
260
1
0
0
8
164
739
358
496
0
6
81
0
0
3
78
863
218
6
0
89
0
0
14
150
0
3
0
0
0
0
0
0
0
0
0
0
9044
5
40
57
1
31
14
666
484
477
0
0
0
527
0
45
117
0
0
0
99
296
24
0
0
75
3
244
143
3
3
28
0
0
40
11
0
7
0
5
3
0
11
881
68
0
233
45
26
182
1074
3
21
0
0
9
1
262
99
866
1252
0
2
12
8
134
1
16
0
73
36
10
274
16
200
0
0
81
3
3864
5
0
0
2
10
0
11
0
17
21
0
116
0
315
374
51
144
0
26
8
77
76
2734
773
0
0
425
1
75
0
1189
0
0
3226
0
3
7
0
0
9
0
0
248
0
2
293
0
0
0
60
3
8
4
0
0
128
0
113
184
6
0
0
1490
7
5347
11
49
0
268
149
0
0
147
25
5
35
0
0
117
0
21
0
0
385
6995
12
32
132
1202
0
18
1767
0
0
562
105
0
455
3
2565
5
0
0
505
3
111
0
0
431
0
30
0
0
0
2622
428
27
10
122
4
571
1160
27
0
2314
1
0
3
0
115
0
1
874
0
0
46
305
116
0
767
6
157
22
5
6
0
81
0
611
134
199
0
0
0
0
809
2
0
1016
176
0
0
47
11
43
0
902
91
124
223
0
0
1392
675
69
129
0
0
325
346
364
0
0
47
100
0
2
3
0
160
0
6
10
1091
136
0
0
0
8
8
539
173
0
196
11
0
39
114
0
12
703
0
0
77
99
61
0
62
0
289
11
43
2
175
1
0
0
52
145
0
1095
96
1
8
284
78
61
81
17
19
2
55
0
42
31
0
12
0
0
0
0
5
0
2435
447
43
2
0
0
0
1046
75
46
30
29
0
687
0
0
5
0
367
140
314
24
0
99
134
284
0
76
99
0
3
0
0
0
1
24
1070
237
0
12
105
30
122
3
0
1
12
62
2442
0
0
0
43
65
0
29
0
8
17
14
0
271
2603
882
0
559
0
17
0
1
0
11
0
655
9
791
243
373
0
149
0
1396
1
528
1
4
44
20
79
165
845
349
1382
0
419
0
22
0
32
78
33
451
16
125
23
29
8
0
54
40
26
39
27
0
256
114
0
89
16
4
668
54
624
175
750
61
622
12
0
0
0
0
7
41
1268
0
24
506
0
148
1
0
24
462
34
0
0
0
0
17
0
24
182
1424
0
3
579
228
0
539
64
0
41
4658
113
42
83
1
0
747
0
715
167
30
119
37
0
0
0
1
8
0
1
0
122
0
0
0
25
2
17
0
0
13
131
2
0
0
22
0
57
2
0
521
0
1
0
262
10
0
0
66
432
0
175
0
515
66
31
58
651
457
5
41
1
0
0
84
207
32
10
5
0
7
1
0
0
0
0
114
134
31
0
2921
0
3
0
29
3
221
0
0
219
0
149
104
60
0
0
0
74
33
0
4
0
0
74
350
0
0
228
0
264
0
476
0
907
1338
0
0
12
614
0
3
107
0
407
234
8
1138
75
4
0
11
0
65
128
391
0
2
0
3
73
0
1067
102
0
0
28
0
2
0
0
244
469
11
1299
360
1236
36
114
213
912
1187
3
0
16
6
12
92
0
460
1
0
0
0
14
2
4
8
0
0
17
7
0
1
236
131
0
6
0
42
2
92
8
138
15
2
0
128
20
611
6
102
3
93
0
60
278
1
205
14
245
0
974
88
552
0
80
12
0
0
0
8
152
19
122
22
14
18
158
235
6
463
1457
167
0
0
458
5
1
59
0
131
2
45
0
0
0
0
41
10
7
0
843
330
26
10
221
8
0
188
224
0
0
0
60
0
21
1
0
3765
62
0
75
107
76
0
0
133
5
84
510
6
5
134
10
130
0
0
20
0
1
0
41
0
0
0
32
39
0
58
0
23
8
53
164
0
9
35
0
1720
38
0
0
93
0
0
4
65
432
146
0
0
355
13
0
0
0
264
578
11
0
144
0
4
14
22
27
14
0
782
261
240
0
4
8
17
0
16
19
104
18
0
0
9
0
0
2426
0
0
33
10
742
99
6
0
0
5385
819
115
111
0
13
0
0
66
0
6
156
170
469
1092
0
1396
3
550
0
0
0
1
221
0
3
0
0
0
68
0
105
0
572
6
6
2
91
0
179
3
19
0
0
2
708
79
0
0
0
0
0
11
35
4
81
0
110
8
216
445
6
0
5
0
0
1
73
0
230
417
0
0
0
2444
8
0
4
11
157
5
2
2
36
54
0
3
102
3
0
47
0
55
1416
0
22
586
0
0
0
91
0
0
0
83
0
0
226
0
4
0
0
350
3
29
2
0
0
2
0
1551
0
0
1
3
1094
0
145
1
0
90
132
0
0
219
0
17
1
0
295
0
0
55
2
3
13
84
0
3
0
2565
8
14
0
0
45
0
278
76
3
4
65
37
12
1
17
0
0
2
0
275
13
0
0
0
0
30
58
57
21
0
31
284
935
0
0
0
87
70
0
593
971
0
0
149
36
1
0
6
1261
0
15
116
105
0
93
0
8
1
0
6
10
16
17
8
0
57
180
345
47
0
202
2
2569
0
4
0
2
142
34
1601
50
0
0
12
596
7
0
68
2
16
6
8
17
184
8
128
0
0
94
441
0
0
1108
10
1364
0
0
1
0
17
10
777
0
25
4
0
0
0
1692
500
0
48
192
0
215
1103
810
51
145
7
0
3
0
0
165
0
119
27
402
3
320
303
216
0
0
0
0
3
9
16
23
0
0
334
0
39
135
0
392
0
1
274
325
5
873
442
2
18
9
209
0
389
0
1
0
519
0
0
87
0
0
1179
0
29
24
0
1071
0
0
0
1940
65
565
440
296
4
248
130
0
347
41
4
37
397
13
47
0
0
26
0
4
479
6
4
8
0
2
0
0
196
16
0
41
40
50
75
151
30
2
0
0
526
461
49
4
3801
0
0
45
0
8
0
59
0
89
0
27
0
0
15
504
15
45
266
88
0
0
9
3
2
156
238
1
999
0
2
0
9
5
0
1
17
822
0
7
36
22
0
10
0
108
4
84
4
0
4
369
0
159
284
0
0
383
225
9
0
2781
17
20
0
49
3
336
0
0
0
0
1408
0
0
0
3
433
0
10
25
0
3
25
5
111
73
0
220
86
22
0
12
165
0
42
1
0
43
0
0
1
475
0
26
40
0
218
39
115
303
19
10
195
0
6
826
8
12
0
0
0
732
29
0
109
0
63
70
18
200
0
25
51
81
162
0
300
16
0
135
0
0
0
766
48
0
230
50
0
0
9
445
2
298
0
0
2
0
29
0
0
17
0
13
238
0
33
0
0
26
67
2402
119
0
0
0
48
8
85
0
90
36
0
0
26
0
0
0
0
13
0
7
33
0
0
0
0
1035
1
0
33
10
0
0
0
134
320
3984
0
0
47
36
3
12
350
47
2
16
64
26
14
0
8
0
8
62
160
1
0
43
0
0
0
29
79
0
0
0
17
3
0
0
2
11
79
152
0
44
96
10
0
0
223
2
0
71
0
0
240
0
1
20
0
959
0
59
11
8
10
0
0
0
3
0
0
0
0
1
5837
4
104
0
0
0
37
77
143
3664
0
0
15
3
0
94
110
0
842
10
145
7
1
160
0
0
271
0
0
3
0
3
80
10
135
0
0
984
31
0
1361
0
0
271
261
14
0
1
821
0
279
991
7
11
6
2308
121
69
0
282
32
0
0
5
0
13
1937
348
0
1925
0
119
24
0
0
16
0
173
332
8
0
160
206
228
10
27
765
220
7
0
221
472
0
79
0
0
0
199
75
125
30
98
0
31
0
16
4
0
3
0
1
120
0
528
0
148
0
4
0
42
3544
0
143
0
17
16
0
29
124
6
6
21
70
0
0
0
0
0
128
0
0
2
0
9
54
20
82
490
0
0
0
1
0
0
180
2
0
0
15
0
345
0
0
0
6
0
45
68
3
0
0
221
231
0
0
0
0
21
0
1
49
12
0
21
3
509
25
1
18
0
0
295
0
0
26
0
4
0
84
0
25
0
0
0
25
86
69
0
10
0
0
10
0
147
0
59
47
66
674
1
0
0
0
0
0
2
0
1
0
35
72
0
0
1
167
0
22
0
236
80
0
26
27
6
0
1
10
2
1
0
1
2
0
23
2
63
0
0
655
93
82
59
51
0
171
55
0
205
34
30
14
68
0
2
14
15
0
9
3364
2
0
33
0
3
0
103
51
6
0
75
0
3
0
36
0
0
1
192
0
0
6
0
0
3
150
0
1047
13
0
21
670
0
25
7
85
0
66
1
0
0
0
42
132
0
0
512
1
0
0
0
0
0
0
0
228
36
0
0
0
3
18
364
0
0
0
5
5
0
123
679
32
0
3
0
2
0
0
20
23
67
0
38
38
17
0
0
92
70
2
0
0
0
0
0
59
0
0
0
60
0
0
0
1921
0
65
11
1
72
0
1
0
2
214
194
0
0
0
1
0
27
0
27
4
21
236
15
138
0
6
18
531
917
2
0
2
21
211
18
3
0
912
0
0
0
5
112
0
20
1
0
243
0
184
10
0
0
1
0
209
8
13
315
8
0
0
25
0
20
56
160
0
0
15
3
757
34
0
0
4
0
6
0
0
3
96
409
0
0
28
11
0
125
0
3
165
0
0
0
336
7600
0
0
0
0
45
0
21
0
46
101
17
1031
0
4
1
9
147
101
7
63
19
1902
465
0
0
0
4
25
42
0
0
20
0
243
2
572
2
23
0
0
0
270
168
0
29
158
2
0
793
48
37
0
26
7
15
0
0
19
15
0
0
508
15
0
0
20
0
12
87
38
0
0
0
218
334
15
0
0
23
3
17
0
5
0
41
148
0
0
0
0
7
0
0
0
655
0
13
0
21
3
0
0
0
5
31
29
0
0
0
62
0
77
109
0
258
215
7
0
2
0
12
0
11
22
0
0
0
420
4
0
225
0
1
88
0
2
68
48
10
0
498
54
197
0
56
3
3
70
97
0
0
0
0
1
41
2
5
5
21
46
52
4
0
0
0
1
19
184
137
5
0
0
172
135
2
21
201
257
112
0
8
64
59
0
7
51
4
946
0
24
16
0
0
0
0
5
0
11
1
100
0
0
0
0
27
159
2
195
0
70
511
49
0
4
2
3
13
205
0
0
0
145
0
17
2
15
1
101
0
0
0
478
42
128
0
0
4
608
3
28
0
5
16
77
0
71
0
407
0
14
7
0
0
26
0
96
635
3
0
0
238
10
7
129
0
0
0
3
0
0
16
113
871
326
24
0
110
73
50
127
0
5
0
0
0
523
0
45
0
175
0
39
90
0
0
1
10
437
154
18
2
25
0
27
2969
0
75
10
1
52
19
14
55
0
0
0
1156
16
0
805
83
0
808
0
5
14
0
44
31
390
57
2
339
0
4
0
6
1009
1
52
3
47
7
6
0
0
0
0
14
22
0
12
132
2
0
44
569
0
0
221
3
1
0
3
0
1
482
0
2158
7
1
0
0
14
22
0
2
331
23
1288
139
33
156
6
97
0
961
5
0
663
48
0
0
0
197
0
2
8
474
0
12
1
9
0
209
0
0
7
0
0
95
0
0
3
111
63
3
90
35
0
8
0
0
43
0
191
42
201
0
1
14
898
0
27
0
0
285
35
0
0
1222
206
21
1
0
0
25
1
2
138
0
1
0
107
0
28
0
14
0
0
53
0
21
0
382
0
0
12
0
0
8171
16
120
0
0
0
0
31
139
49
0
322
4
287
0
0
128
0
0
87
8
158
0
3
10
1307
412
75
0
3891
0
121
97
0
18
0
3
10
296
68
12
127
0
0
4
39
0
0
56
2
0
0
54
55
41
0
871
15
219
0
341
93
20
169
170
22
0
0
20
0
6
768
46
121
124
0
0
7
1
13
0
1
26
24
93
117
0
28
0
0
189
17
10
26
0
262
10
1680
0
78
0
20
0
19
78
91
0
223
85
2
23
0
0
6
0
81
152
115
2
26
0
30
4
1
0
6
154
0
2
24
0
1
473
0
384
1315
4
0
393
5
0
106
1
4
354
0
142
0
20
158
0
0
49
0
159
31
0
16
58
1
598
2
0
0
17
74
0
1
0
0
5
170
81
1
0
4
364
276
5
42
1469
279
0
0
0
393
39
0
1
79
107
188
0
3
0
50
0
1111
393
0
0
35
0
107
0
0
0
0
0
165
25
0
1
0
0
0
13
369
4
0
51
0
8
0
177
0
0
200
0
10
0
185
23
0
0
320
0
386
368
54
207
96
0
341
0
0
67
0
34
2
0
124
0
0
8
0
0
14
1618
0
0
0
14
2571
0
608
1
44
0
0
3
43
49
78
85
0
83
3
5
0
17
305
26
30
2
0
9
31
1
0
0
346
249
223
149
1072
411
3
40
0
0
0
165
24
0
248
908
1080
111
0
17
66
829
0
24
5
346
0
253
0
573
50
166
0
3
0
6
289
4
59
3
61
7
352
15
57
1
6
0
1
1
0
14
67
138
0
6
124
0
0
0
224
3
7
149
1422
88
2
507
0
1
12
0
128
0
0
0
1
109
1
4
0
6
78
12
25
0
0
0
114
0
84
6
0
0
15
27
0
5
0
87
0
2
0
6021
18
2
0
1
102
112
171
31
392
0
0
2037
0
0
580
0
0
0
1
822
38
0
4
692
199
3
0
0
0
0
19
2761
4
0
13
10
0
666
0
0
0
2271
39
281
0
105
2
1739
0
34
9
0
0
5
9
0
1
0
2
401
35
0
1804
0
0
0
2
3
0
1348
3
0
0
1
63
0
0
155
449
0
112
20
8
32
129
935
44
0
0
2154
103
0
379
2088
0
669
497
10
0
0
0
0
27
96
1
0
0
0
0
5
0
0
0
19
28
52
0
0
81
0
430
15
0
31
0
106
20
0
0
526
2
0
31
0
11
1
0
30
919
264
0
16
241
83
40
2955
188
25
24
1645
730
1
12
5
0
85
0
0
96
0
1241
2449
0
3
0
64
340
64
116
399
14
0
0
0
526
293
0
0
23
0
1
10
1558
15
200
8
0
0
288
0
9
1064
44
0
59
0
0
38
314
0
12
142
551
0
6
1095
166
2
0
2676
0
0
162
0
19
0
0
3
0
0
2
310
7
168
0
100
381
0
0
20
435
95
0
51
0
0
38
0
371
18
181
31
0
1
0
0
27
0
0
0
26
1875
643
493
0
68
4
0
130
0
12
0
13
22
243
157
0
11
151
11
289
0
2
100
0
0
0
4
0
600
117
39
3
0
285
4
0
0
72
5
72
322
0
1
114
6
0
100
0
46
0
0
0
7
0
28
63
0
742
0
0
0
20
0
39
5
695
0
57
942
1
0
0
56
0
34
814
28
0
2
0
0
71
0
60
39
4
3
6456
197
0
2
0
0
1568
0
0
7
169
0
9
8
75
0
0
0
280
0
0
10
3
0
58
0
8
0
393
68
0
1089
89
0
163
0
19
1
0
181
0
0
3406
109
0
0
0
131
130
0
42
1
0
743
1
56
6
13
0
21
0
0
8
0
3
235
1
0
12
1
48
1
0
488
6
0
1
0
9
18
0
0
0
0
0
3
1
2
0
51
3
141
170
0
0
40
0
116
0
0
0
24
0
12
0
0
176
0
54
71
6
2
29
0
178
0
0
59
0
513
0
208
1254
0
10
5
0
0
66
0
110
3
0
4
210
0
464
0
0
48
7
534
31
847
220
0
32
0
242
330
0
1
101
18
10
0
421
7
0
164
9
396
42
412
0
3433
68
199
0
0
464
0
163
65
15
0
0
0
210
27
61
0
0
1
147
0
0
1
290
0
0
0
0
616
76
36
180
60
3
5
0
15
0
4
0
10
0
56
460
0
86
0
1
0
1421
0
16
0
396
0
218
0
2
0
590
0
16
2
29
1
16
63
45
0
267
0
256
0
0
0
0
37
0
240
0
113
0
32
2
0
0
0
0
0
0
0
200
4
141
1
0
86
57
0
7
16
0
0
51
12
259
818
0
46
7
454
2
86
0
5
1360
36
11
55
6
493
31
0
454
1298
16
1960
5
282
4
0
14
0
10
7
1
7
5058
0
725
0
62
0
178
0
177
231
93
0
46
666
0
645
0
0
0
116
0
0
0
5
0
0
82
0
36
0
2550
0
0
8
0
21
99
0
0
416
26
63
0
11
5
0
2682
0
0
33
240
0
374
0
0
3
0
59
2335
620
0
0
0
0
77
1
0
0
452
436
16
7
60
0
40
5
0
499
0
310
194
0
0
0
121
225
0
0
0
0
41
0
24
0
4
1
0
0
5
32
0
0
8
6
12
0
6
0
1
0
0
14
0
0
0
0
12
192
170
693
82
9
219
0
3
0
4
0
0
0
0
4
0
51
0
0
0
0
6
0
0
0
2
0
116
2
5
0
2
44
6
17
8
913
407
400
21
64
65
0
3
21
0
110
0
3
0
0
8
0
0
15
0
0
1322
0
3
1
0
2
32
0
976
48
22
268
0
0
41
0
469
2
0
0
0
0
22
95
0
109
384
945
512
2
0
0
0
0
14
46
0
108
196
6
90
0
45
430
0
16
36
58
6
27
230
3
24
3452
1100
0
0
7
52
0
0
10
206
2739
7
0
1
1200
0
0
0
4
10
40
373
517
1310
414
4
0
25
0
745
0
0
157
397
0
0
2
176
821
0
894
231
0
534
0
0
16
223
113
101
43
0
177
28
186
0
133
390
1680
0
1
8
0
7
0
0
264
2
2
5
62
685
0
26
164
95
11
0
0
125
8
62
0
0
0
7
229
0
0
3
0
0
0
0
0
112
72
162
322
317
0
131
2
0
60
695
145
87
1
140
20
0
7
7
75
0
1710
5
0
128
0
0
17
0
3
0
0
0
0
118
1
0
1
11
0
0
414
0
638
2
0
1
0
36
0
0
0
718
0
3
0
13
0
0
264
1
0
0
0
67
20
0
23
31
0
0
405
0
37
0
149
19
0
0
14
221
102
202
726
0
0
22
0
0
10
165
9
0
461
0
42
0
0
0
0
177
123
105
616
2
0
1
8
135
8
59
0
6
74
0
33
0
68
9
423
0
0
152
0
0
40
2
46
149
0
388
0
0
96
0
658
28
32
508
4
1466
2944
0
0
10
0
0
1
2
553
0
300
1988
267
34
47
292
6
24
0
45
18
1
0
0
358
224
59
62
0
486
822
14
39
0
1808
1
0
0
348
0
61
96
856
1
22
3
210
234
0
0
914
13
23
0
3
1939
4
0
241
5
565
102
0
308
0
17
142
564
11
3
0
410
0
0
5
0
2
2
178
0
1338
2
0
651
0
0
11
10
113
34
126
1033
0
0
28
68
0
0
0
55
0
54
63
0
0
152
0
6
47
0
299
326
0
115
7
104
0
4
0
29
0
38
0
0
0
0
69
0
180
0
8
0
826
0
0
0
0
40
8
1443
0
85
166
132
0
0
0
6
0
0
0
0
168
0
20
0
30
78
0
7
0
20
0
7
0
1
25
3
19
209
0
1115
107
311
0
0
310
13
23
225
0
468
78
0
0
77
43
0
116
76
104
9
0
0
11
679
188
74
0
1005
10
0
244
20
3
0
29
16
913
305
399
2392
518
0
24
31
0
349
77
4
0
0
75
110
0
0
206
103
0
127
0
1357
0
0
18
0
0
183
94
532
0
85
0
47
1
149
0
0
11
788
75
14
68
132
50
7
0
0
95
11
0
89
0
76
287
0
152
0
32
0
939
1109
164
11
151
0
210
0
80
0
6
8
5
0
11
3
32
4
592
116
0
0
47
75
0
0
0
0
94
211
0
96
0
57
0
1923
29
22
1
0
0
0
57
53
0
35
85
89
3
0
0
2117
0
12
146
0
349
2
12
1
1
0
113
0
151
0
52
18
631
40
0
0
0
380
0
21
1603
0
23
5
0
0
0
11
0
19
50
12
0
0
6
11
33
0
0
47
4
0
125
43
768
540
4
3
0
56
18
1
837
405
9
31
359
2
0
25
118
0
0
45
182
8
815
0
73
659
138
0
4
180
125
338
0
8
0
251
68
0
33
225
380
15
1
3
0
6
4
0
12
2
2
16
290
301
125
4
458
7
92
0
332
300
0
17
0
60
105
118
135
0
0
37
304
202
0
0
347
25
0
0
0
0
812
0
0
16
1350
0
0
0
0
37
0
979
0
1
0
20
50
45
0
107
313
0
0
552
0
5
7
123
0
8
2
0
62
0
0
123
0
0
47
0
59
147
0
9
4
8
0
0
259
0
3
356
208
0
2
9
25
1
0
10
1481
0
300
73
43
498
0
534
64
0
12293
53
68
0
0
0
3
154
26
8
160
35
0
58
0
0
0
53
9
17
31
3
414
390
1977
191
23
1440
0
12
0
352
25
3
0
227
0
11
147
0
100
66
0
1
155
164
0
0
0
487
0
5
90
3130
2
0
0
0
8
6
27
63
3
8
87
54
0
0
3
0
66
2
49
0
0
338
175
0
0
380
140
0
0
16
0
0
24
5
0
75
0
21
0
60
48
299
8
0
0
0
6
73
0
0
127
0
134
0
0
2
0
0
3
0
5
0
115
11
56
419
4
0
420
17
0
0
10
0
3
0
10
415
6
4
0
34
0
3
1545
941
0
170
178
0
108
0
174
19
53
31
125
0
144
3
0
1
0
139
0
0
39
54
0
9
0
100
127
16
16
0
0
9
0
0
0
3
0
56
2
0
311
247
0
0
0
0
3
0
2318
31
0
719
38
17
0
0
71
80
2
1
0
64
45
0
0
9
8
0
0
0
91
10
0
77
0
2
8
0
2
0
2
90
41
16
0
0
0
2
552
0
0
584
139
0
14
0
175
34
0
0
156
2
46
17
0
10
0
0
197
2
0
0
0
5
1490
15
0
2
0
0
0
36
528
4
230
8
11
22
52
0
0
359
244
0
12
0
64
1150
23
1067
5
10
6
0
0
0
30
0
651
1
0
579
0
2
1
0
46
442
1
0
0
0
21
0
57
5
251
315
25
29
273
23
150
0
0
3508
0
7
0
0
0
20
69
644
3
0
87
0
14
0
17
0
0
0
5
0
0
0
0
18
7
85
0
295
56
234
0
78
18
0
17
0
0
169
0
0
281
3
0
1
0
8
0
0
4
2
0
95
0
37
5
133
14
24
0
8
4
0
20
0
2
0
139
1111
0
0
0
7
8
0
0
13
0
26
141
0
50
0
26
154
0
597
0
34
1
56
0
0
0
10
8
0
0
0
2
14
0
0
0
3
2
0
0
19
0
15
0
99
0
0
0
0
0
14
224
0
783
184
0
1
0
0
6512
86
65
2
0
0
156
1397
3
0
0
0
1
67
10
5
12111
0
10
0
285
0
1317
40
443
201
1
90
19
10
61
0
1
64
11
11
529
155
0
6
0
0
752
0
0
2
220
0
0
2
0
1
0
0
0
5
3
1
0
0
0
1
126
158
0
94
230
1209
73
39
0
135
3
0
23
4
0
0
0
0
0
58
0
29
0
33
0
34
0
0
53
164
0
0
0
0
0
1
0
5
66
95
1006
0
433
142
19
0
76
4
0
0
3
0
282
30
17
0
6
0
11
44
0
3
8
212
0
115
0
156
170
0
86
22
48
76
15
0
0
0
0
0
5
0
11
0
0
13
197
38
0
0
1
0
1
893
0
0
102
85
0
53
0
7
431
15
26
106
661
376
0
22
0
0
0
27
6
69
220
0
0
21
537
0
0
0
0
0
1
0
0
1734
4
11
0
89
0
3
1
14
330
1
7
231
103
239
140
4
66
0
0
0
19
103
122
3
0
54
7148
754
2
0
110
4
163
6
0
2015
0
27
0
4116
0
0
27
466
24
2
277
0
18
741
0
1
0
35
0
0
56
20
0
0
40
0
0
4
0
147
28
311
117
5
0
0
0
0
24
1602
3
0
0
140
19
0
11
497
0
0
10
0
0
1
1
31
0
498
0
0
7
0
7
1
0
482
0
1
0
1
0
6
0
0
0
0
149
83
4
219
2
33
0
45
31
14
177
0
150
423
0
0
0
20
1258
11
24
9
145
143
1722
0
0
0
0
0
14
99
0
0
7
0
226
2
464
0
37
0
41
72
0
0
118
14
11
7
0
39
10
20
50
0
236
15
1953
2
0
146
0
10
0
0
25
0
0
303
67
3
50
22
5
2097
13
2
0
408
0
0
0
57
0
61
47
0
0
367
0
72
2
14
18
8
46
126
190
277
0
327
3
465
226
608
0
0
10
46
289
0
0
0
1169
0
52
0
13
33
897
0
32
0
182
0
535
0
271
4
45
50
1
0
3224
0
14
2
3040
10
0
0
0
0
0
1
0
98
12
0
0
65
3
54
203
0
17
998
90
0
134
117
26
0
0
0
43
2004
14
3
996
0
0
12
0
0
0
30
250
0
0
2
0
2
23
38
0
40
0
0
11
70
951
41
0
396
396
0
323
26
0
135
259
112
0
0
58
28
355
30
0
182
0
798
176
0
31
16
0
2866
34
25
9
4
4
0
0
67
10
174
0
0
25
15
55
0
0
39
611
0
17
254
50
0
0
0
0
0
305
507
0
969
0
6
3
0
0
110
17
1
229
0
154
51
932
264
0
0
1
21
90
124
9
155
1
117
0
0
25
33
195
0
0
84
0
0
111
9
0
0
4
0
0
68
0
1
0
0
1
88
19
0
6
9
5
152
0
297
0
362
11
38
944
18
0
367
0
0
0
8
0
1612
1
25
0
0
20
330
0
191
0
3
9
5
2
0
17
0
0
3
0
16
0
12
0
145
0
0
32
73
1
13
244
0
2426
180
0
0
0
633
0
43
384
0
0
0
28
1
0
1
0
0
15
0
1
2
0
0
0
95
0
0
11
0
1242
0
100
0
89
250
0
0
0
166
2177
150
0
0
43
37
28
5
36
10
0
4
71
0
69
0
510
35
117
0
30
16
0
4
1
390
0
9
5
0
2
0
0
0
0
86
56
27
2
24
79
0
42
0
263
3
114
0
0
0
50
0
0
575
3
2
0
66
326
48
0
3
0
2789
54
9
2
433
59
0
134
35
24
10
2
786
16
0
0
8
91
0
64
86
0
0
6
350
9
6
3
90
12
0
0
0
162
203
857
0
16
0
21
3
0
0
1606
0
269
4138
216
3
0
170
1555
0
15
18
0
33
0
450
1581
10
668
0
764
224
0
42
10
265
110
18
7
1
2
5
3
6
29
0
1
2
8
173
124
128
9
71
166
304
23
0
27
3
28
9
481
0
1
21
91
4
0
0
20
194
0
3
14
0
0
47
0
6
3
0
0
0
0
0
0
0
47
0
0
0
2
0
0
13
51
23
1171
0
65
0
0
14
2
66
0
9
1299
4
0
0
2
8
96
0
0
501
0
13
427
0
61
50
0
35
33
3
5
0
107
18
0
0
477
308
0
761
150
363
0
5
0
0
0
12
0
0
0
0
0
0
7
0
308
514
0
1367
0
5
2
0
0
101
20
21
68
149
0
0
28
7
53
0
47
18
3
0
0
0
0
0
229
790
819
158
0
10
1201
218
9
0
0
266
52
0
101
256
4
109
27
2
36
0
275
6
3
0
2
0
235
99
61
59
0
6
0
0
38
45
3
6
0
1
296
0
0
1
1
0
0
0
7
2
0
2
12
0
0
0
0
4
0
2
0
71
0
3
2
156
2
8
33
4
1
285
63
13
34
45
0
1
0
0
18
2
6
0
463
2
4
11
8
0
53
0
3
0
4
5
0
9
33
7
0
306
0
10
37
0
7
107
0
0
0
0
1
0
5
85
0
0
20
9
29
1
0
0
0
162
7
3
128
2
0
383
0
277
69
92
0
0
57
2
81
0
0
8
148
5
477
44
34
3
0
0
0
40
0
0
0
0
8
0
36
0
53
0
0
0
39
24
0
0
41
0
18
9
0
22
64
8
31
212
4
0
0
0
3
1
419
2
150
205
0
0
66
147
0
111
8
49
56
3
0
0
133
0
8
4
2
0
2398
0
169
5
0
0
0
7
0
0
57
0
15
1
20
0
40
0
0
0
33
406
50
0
0
1
3
79
0
86
931
0
46
61
48
2
0
3
11
0
38
0
15
48
5
52
95
0
11
8
4
0
0
0
34
10
0
0
60
352
1
6
0
490
19
36
0
0
23
0
0
3964
18
271
28
12
1
0
2
52
15
43
0
0
0
0
0
256
17365
0
1
1
51
45
50
0
2
0
2
0
0
10
0
21
63
24
2
3
0
1
96
7
8
12
0
16
27
7
3
0
1
14
112
0
1
33
3
1115
0
61
743
2881
44
230
4
2
120
11
494
0
7
28
0
13
424
105
438
33
0
0
3178
20
0
112
4
11
5
0
0
1
74
0
143
44
0
0
7
6066
0
0
288
125
1
40
3
256
2
0
1
30
0
0
0
22
234
0
5
0
24
0
2314
0
5
1409
0
103
72
0
947
475
2
5
14
0
0
83
0
35
0
44
125
12
443
1
0
44
2
0
31
0
66
241
0
34
933
0
22
0
56
2
0
26
21
0
77
0
0
0
1
155
0
0
12
0
0
579
38
0
96
0
409
198
122
0
2
0
65
58
0
7
22
0
53
0
0
2
7
1
10
0
0
109
1
0
0
9
20
0
6
21
37
0
13
1
0
41
5
9
0
17
0
47
1
0
0
17
112
0
0
53
1
21
24
343
0
10
1
1
200
103
40
11
0
82
30
25
265
49
1
0
0
13
188
11
49
8
0
2508
889
0
0
42
57
60
71
0
1
0
0
0
0
36
8
0
0
0
0
4
0
299
0
200
16
48
226
3
0
0
270
2
0
24
0
77
8
12
0
80
0
0
0
129
230
0
258
0
147
0
103
81
10
0
0
0
0
0
43
0
0
41
0
1
0
0
0
0
0
0
0
0
8
22
0
561
439
20
0
0
186
0
11
3
1
55
88
2
0
68
0
253
0
138
45
1
184
0
107
1
0
65
57
5
6
170
1170
0
988
34
0
0
0
1658
63
0
25
0
48
0
0
0
10
3449
0
5
68
0
192
0
111
0
19
0
186
0
693
0
3
3
2
0
94
288
0
106
0
0
24
14
1
0
1538
0
0
6
78
46
9
561
181
329
1003
918
27
0
11
31
20
9
0
2
0
45
0
108
0
0
0
4
107
0
0
0
0
0
0
25
1865
204
0
149
13
1
31
845
44
44
7
3
47
5
0
0
1
448
3
0
0
0
7
0
50
0
0
85
1
37
446
16
0
37
449
0
508
16
37
6
73
0
536
10
0
7
80
14
188
0
74
0
0
0
132
4
0
324
222
0
1144
0
81
0
249
215
0
253
125
0
0
784
0
72
0
197
0
0
19
25
3
212
73
27
729
6
924
8
6
351
207
0
0
0
4
254
2234
0
428
64
0
30
1
0
0
277
0
22
0
0
5
99
0
15
0
292
0
22
0
24
0
0
3
0
0
12
68
49
0
276
997
0
110
413
0
135
0
0
2
0
4
58
15
67
1717
52
0
20
39
426
0
0
0
0
0
27
1836
9
2
47
160
220
0
60
0
7
6
51
25
0
34
6550
2
0
0
2
2
495
1
0
0
7
0
0
0
0
432
0
88
113
0
33
1
5
38
5146
3
15
0
0
111
0
0
366
0
0
311
2
5
0
10
0
0
258
82
0
0
0
36
9
0
0
11
16
651
0
0
0
3
0
0
0
74
0
0
0
961
1244
0
19
13
0
71
0
347
42
194
35
0
108
391
0
733
207
0
84
0
0
4896
23
1
194
0
0
17
0
347
3
494
2826
0
0
0
0
0
0
25
6
169
17716
407
0
8
0
0
1
0
91
0
18
23
67
217
889
723
0
0
65
2
6
0
533
741
0
34
0
0
65
0
41
0
9
0
125
17
0
156
9
3
0
18
262
0
0
0
16
0
0
27
254
0
122
37
0
4
143
0
6
1
0
1165
9
125
49
0
2
0
0
0
1840
36
326
111
0
16
1560
456
0
2
1262
1
0
0
14
0
0
0
186
86
65
80
0
471
0
0
4
17
537
85
46
18
0
8
0
0
24
0
350
19
0
14
0
0
1
0
0
1871
1
16
42
7
38
0
0
77
141
17
0
0
0
0
0
154
199
0
0
36
0
4
21
0
497
204
0
0
264
919
79
14
48
0
0
44
1
13
3
1
126
0
0
32
28
0
203
1
0
50
152
183
0
0
46
278
155
76
0
0
5
0
1221
352
1466
0
0
8
69
35
13
0
0
999
0
0
1
3
0
0
0
0
0
13
0
4
0
112
0
55
13
0
28
0
307
1357
0
2
0
1
1
0
0
0
114
1167
49
3
9
0
344
0
51
1168
69
28
0
10
24
0
21
16
3
0
0
0
7
0
15
0
8
276
0
103
56
2
0
0
0
0
1
0
7
244
6
0
1
0
0
0
0
0
118
8
200
756
1
0
271
1383
0
2
16
0
454
2
11
42
455
0
107
0
4
0
478
32
0
0
0
0
3
81
244
1
79
89
455
0
0
31
239
86
2
30
2097
0
123
0
161
1031
254
0
8
16
2
2
410
432
5
0
175
10
45
1
0
6
0
0
0
411
39
112
359
26
34
218
0
47
164
64
0
1
71
0
39
0
2
3759
0
57
41
0
203
18
1
0
3
72
0
249
0
35
0
376
54
325
0
57
2
6
0
0
4
0
431
7
1
5
0
0
0
13
0
242
0
6
0
3
0
0
24
9
0
14
4
254
102
0
109
19
112
110
0
58
32
1
86
12
217
1
497
0
133
0
28
51
0
0
112
0
1151
22
283
165
23
0
0
0
0
0
22
0
0
6
126
0
310
227
0
0
586
0
0
0
3
0
1
0
4
0
6
3
0
12
0
156
7
135
0
0
1
0
109
0
3
0
128
0
254
47
0
0
244
2
0
9
0
0
0
7
1
96
0
40
1295
0
343
0
62
1
2
2
56
561
174
195
163
71
121
8
120
0
9
0
363
0
336
34
0
213
0
256
257
0
34
0
169
0
0
722
14
10
0
55
1
0
37
54
0
0
0
0
0
68
0
194
0
130
298
0
0
603
313
0
0
385
0
36
0
59
0
0
259
29
1
2879
673
85
92
0
0
10
0
43
0
227
0
28
127
202
397
0
14
209
36
0
52
40
0
3
135
113
0
64
46
0
4
0
0
17
20
0
0
37
124
52
0
559
2945
754
22
317
1263
0
132
2
13
186
17
47
106
63
0
119
0
0
33
120
0
0
3
124
312
1
1
0
112
8
1998
100
47
306
25
0
0
2000
134
67
7
4
2
73
53
0
141
21
0
83
389
0
292
74
0
0
0
11
404
49
129
0
0
326
0
0
0
2
0
21
1164
0
2
0
0
16
26
0
0
122
3
0
0
716
8
0
2
70
44
1043
226
0
0
0
0
55
28
0
0
0
0
8
0
80
0
0
101
3
0
0
75
0
33
0
4
0
0
190
0
9
0
46
0
199
102
0
48
0
3
14
8
1014
12
70
0
153
77
3
7
0
27
17
7
0
410
149
0
125
9
0
0
97
0
20
349
0
0
0
0
0
1
11
10626
9
0
108
0
68
3
3
0
0
18
16
0
0
0
201
32
29
0
53
60
27
0
655
0
0
0
19
22
1008
105
1
0
0
13
1
4255
0
0
1
1349
132
0
0
1
0
0
0
0
140
28
5
9
0
0
60
0
17
0
0
50
152
0
3
28
11
4
320
83
1
476
89
0
0
111
0
0
0
25
0
710
0
4
0
1
12
1
0
1389
0
0
562
13
0
0
13
0
0
0
0
0
25
0
48
0
0
132
1954
0
0
213
0
0
5666
69
609
93
6
0
5
8
1
495
0
129
56
0
62
2
0
59
920
1198
4
0
26
0
0
18
3
108
1
0
0
1
719
752
82
252
30
0
148
48
0
2
0
4
0
0
257
4
109
2
29
0
386
0
0
14
2
4
2
0
0
59
0
0
48
0
14
0
0
2227
12
0
23
3
0
3
65
0
0
12
3
1
0
0
5
1
214
71
715
4
7
155
0
0
0
0
3
0
12
81
7
3
0
13
40
35
0
476
58
0
400
155
0
508
13
0
0
0
0
0
0
22
59
3
56
0
15
0
28
0
26
0
0
0
0
63
0
32
332
436
16
0
2
0
0
12
0
0
778
948
9
0
0
2
46
4
0
0
1509
6
0
582
168
0
106
0
0
21
0
162
329
0
0
81
0
0
0
0
0
0
173
3
0
46
48
0
31
8
0
214
0
189
3
2
52
16
201
15
0
0
167
83
1593
6
665
1
420
0
219
17
0
65
0
40
11
1460
882
0
1
94
69
0
2
1131
0
0
348
24
12
0
25
0
0
0
7
0
0
43
54
390
0
0
88
341
88
1
146
0
0
0
7
0
0
0
7
89
15
3
0
8
51
9
0
0
0
636
0
0
41
135
285
45
48
79
149
0
140
82
231
6
1
26
362
98
6
52
0
34
441
21
272
0
0
10
2
14
106
33
0
21189
69
1
5364
76
3
0
57
199
0
197
0
0
0
24
0
0
0
0
309
0
0
0
15
0
80
2
0
0
153
0
0
252
7
68
0
21
0
0
56
0
6
0
438
10
0
28
0
14
13
0
20
0
52
47
0
0
0
117
3
1080
107
35
440
158
54
0
11
0
0
68
0
0
6
6
113
0
6
485
0
2
93
3
626
4
181
0
42
1193
14
0
0
0
97
1076
0
1
0
0
0
0
0
0
1
0
47
84
4
0
42
21
212
207
0
660
638
0
41
165
237
0
95
8
196
1010
0
17
0
0
0
0
83
5
72
1
0
19
41
0
9
9
0
37
1
6
176
0
1
0
0
0
21
0
0
87
1
175
102
2
0
528
21
0
9
1
88
0
0
0
2
2
0
0
56
0
24
0
836
295
0
1
1486
0
58
224
1285
32
0
24
135
0
0
0
0
0
116
964
5
74
35
102
54
0
214
29
9
11
0
0
3
0
5
1392
4
24
2168
2
0
2
0
0
959
251
0
0
7
806
0
503
0
134
51
54
543
0
0
54
0
23
0
0
10
525
0
2
92
18
0
38
0
2
26
0
9
0
15
0
13
615
465
22
0
0
120
10
0
214
62
11
0
0
0
0
0
24
154
0
183
13
0
603
72
0
0
2
232
5
7
17
118
16
0
0
17
4
1002
0
2
0
188
7
0
2
0
219
0
457
0
0
96
1
0
0
0
0
1042
12
0
0
19
124
0
56
0
0
0
0
84
18
0
9
0
0
6
586
54
0
10
7
0
49
0
2
5
0
391
208
252
4
41
95
0
0
38
2
279
408
2
0
123
42
173
41
447
0
618
0
574
208
8
0
0
3
0
23
13
105
88
0
80
0
4356
0
0
0
35
48
50
162
0
0
0
2
0
503
339
0
8
1
1
0
353
125
181
7
588
0
0
0
349
7
0
6
19
186
0
15
32
11
0
0
0
0
510
372
487
22
1522
0
2
73
175
56
0
0
56
276
114
2
0
0
0
0
13
560
0
700
0
4
21
814
5
231
0
0
5
11
99
0
2
47
0
3716
0
6
86
0
0
20
29
18
5
5
41
0
7
15
2
0
2
0
7
0
0
7
10
0
0
139
0
213
39
0
0
350
0
0
0
356
10
0
0
168
175
8
95
285
148
0
3
127
86
0
4
346
0
1
5
317
0
6
1
0
0
16
0
4376
35
173
57
306
5
0
0
0
4
0
468
0
31
0
253
0
0
98
13
245
0
65
10
0
0
0
0
0
0
0
1
1
37
0
29
0
4
0
33
31
0
9
5
0
0
0
1
0
0
15
0
29
376
1
0
0
239
0
0
0
0
0
6
0
3
34
167
0
1935
259
71
4
0
143
0
240
0
0
0
317
29
39
0
3
4
0
87
1
0
3
1043
3
0
8
18
10
467
0
0
416
180
32
0
12
4
32
4
0
0
789
183
0
0
13
0
0
0
0
0
500
2
139
3878
520
698
16
0
3
34
37
78
0
0
0
3521
228
583
331
0
0
142
148
120
28
66
0
0
4
138
362
0
1
102
282
0
196
537
0
0
0
70
0
2
469
75
302
188
62
0
0
61
407
47
0
21
223
1
0
16
3
73
154
1
0
28
88
0
8
37
0
239
0
6
130
140
0
0
112
0
0
25
93
25
0
1
779
0
238
0
41
524
0
0
54
0
0
246
0
0
0
5
141
0
422
0
32
0
0
0
0
1560
8
38
88
397
46
138
14
123
0
10
13
24
72
8
57
13
376
11
39
128
1399
100
0
75
0
65
147
168
193
2
2
0
495
49
43
0
4
1601
129
347
0
85
32
1
0
0
0
6
985
0
51
107
127
621
0
15
3
0
1
25
220
10
175
0
624
0
0
0
0
72
56
0
3
0
65
0
0
4
1076
90
46
73
0
2
0
0
81
0
211
48
0
0
0
24
0
1
1
290
2
0
99
2
0
25
0
2
0
66
184
0
40
65
0
213
1
35
23
142
1
417
0
23
0
0
86
7
3
18
48
418
112
0
0
1
1
0
29
0
757
0
60
0
1
893
14
104
0
0
50
0
26
156
234
65
15
74
774
0
390
4
0
56
639
15
5
0
1
1
0
4
283
0
0
0
25
3
0
28
37
15
64
0
67
0
0
10
0
0
2
204
8
5
477
0
0
12
418
0
0
0
24
153
1
198
11
2
0
14
0
1172
0
0
0
0
203
0
1015
0
6
31
0
4390
1
0
95
42
1
0
3
1
220
53
126
138
5
1
0
58
22
5
3
0
0
3
0
59
2
0
0
12
0
5
0
14
18
0
0
190
3
17
5
0
5816
111
48
5
273
102
4
466
17
853
0
0
749
1828
147
262
55
0
0
0
26
0
1384
0
0
0
77
0
0
2
10
0
0
0
34
0
0
0
0
103
0
8
468
0
0
0
0
0
3
229
8
0
127
4
10
0
0
0
0
83
14
382
0
0
0
0
0
2
0
443
44
0
0
286
20
510
0
29
1956
160
0
0
76
0
13
1
6
19
0
0
148
114
0
7
31
984
7
0
354
0
0
27
9
3
5
0
1
0
0
0
0
376
28
1
0
0
194
37
1001
0
0
0
15
0
0
0
0
0
55
0
0
0
9
205
11
6
0
0
533
7
0
0
1561
0
0
265
0
121
1
0
69
16
0
0
0
0
17
120
0
0
0
8
11
7
0
14
360
666
0
19
0
2
1
0
132
0
0
0
92
2
0
0
11
0
20
0
0
8
25
0
0
0
13
0
1
0
26
1
40
7
1
0
0
0
14
3
0
67
0
0
0
123
0
0
278
7
17
16
0
0
10
0
101
23
3
0
359
9
72
6
1
137
4
12
54
0
3
43
187
0
11
14
11
263
0
33
66
0
2
0
4
5
89
251
232
0
0
0
2
0
0
0
11
9
0
24
0
12
0
0
0
2
0
0
1
2238
0
304
247
0
0
2
1
9
0
193
2
0
0
0
23
0
236
847
2
61
21
10
110
3
1
0
142
3
1
70
0
13
0
0
0
19
0
0
5
13
0
92
9
5
8
39
60
1
65
6
0
0
0
0
7
0
0
0
0
45
0
195
6
8
59
0
0
0
0
0
8
0
0
0
25
0
0
555
71
0
0
0
82
50
0
34
90
12
130
350
11
0
0
19
0
96
0
9
5
0
0
4
40
207
47
43
40
0
0
0
0
472
1
146
0
3
3
171
100
0
3760
525
4519
210
57
24
162
537
1352
0
0
0
13
1
0
0
4
0
0
21
153
189
0
73
38
24
183
219
5
0
388
0
74
0
125
1
1102
3
0
49
0
0
544
507
16
44
57
2164
9
90
0
0
2
7
36
90
2
0
81
926
0
18
2250
0
98
0
6
0
0
1
0
0
22
8
0
162
1
1
74
5
31
0
0
0
108
152
4
2
0
0
1
18
0
17
581
104
3
0
0
23
413
0
192
13
308
28
0
59
2
12
10
0
0
1255
0
1
116
0
54
235
1
2
0
13
11
22
87
1
0
273
8
111
0
112
22
0
132
0
7
0
0
0
1
31
2
333
5
66
0
0
45
0
6
0
22
0
178
0
1
0
0
0
0
0
22
0
390
6
116
0
0
5
0
0
4
33
2
10
0
0
0
0
0
1
257
7
0
80
10
61
0
10894
3
0
120
0
164
5
24
0
0
0
42
45
0
0
81
0
4
0
0
0
0
27
154
0
2
0
4
32
0
0
564
7
1
307
0
0
93
10
23
8
0
16
45
0
0
92
0
32
0
0
0
156
16
213
0
0
130
25
15
0
0
7
10
1
0
0
0
1
0
1
2
117
0
5
0
20
317
141
5
0
0
17
0
41
0
12
0
0
58
0
0
36
8
231
456
156
0
259
0
524
45
0
238
134
214
0
0
0
730
4384
7
100
10
1
66
9
205
0
0
102
0
0
0
0
5
0
0
0
0
0
21
0
169
0
0
18
0
255
3
0
0
0
0
56
2591
248
400
0
306
216
0
0
10
0
0
51
479
0
9
2021
276
336
1261
2
246
77
0
44
0
0
1
0
0
0
55
0
3
0
26
20
0
743
0
6
43
18
12
1
16
16
0
0
0
0
25
140
0
44
194
7
21
0
48
15
1650
1
0
0
0
63
1
0
17
20
24
0
0
99
102
0
0
91
750
0
2364
1142
0
91
169
0
263
0
2153
0
0
11
0
322
178
0
0
0
2579
365
0
0
76
107
14
9
0
5
7
0
209
363
0
0
0
88
0
35
0
0
140
0
334
5
0
92
241
0
0
0
8
0
25
16
8
82
187
0
58
2
412
0
5475
276
10
119
6
0
20
52
192
96
16
0
91
1929
50
22
2858
0
0
16
0
977
3
3
315
8
0
0
318
226
0
0
0
5
1
70
0
79
945
33
15
0
84
619
15
383
26
2
6
29
343
0
974
3236
0
0
213
1051
185
0
0
1
3
0
477
6
0
81
106
0
0
4
4
3
10
33
0
8
4454
1098
0
1093
953
0
525
58
18
111
0
8
152
5
1188
2
307
38
103
0
1058
0
1
288
6
525
5
0
278
50
0
72
44
1927
49
513
26
33
0
22
130
96
1352
13
155
0
13
0
109
0
0
0
0
0
0
50
0
6
5
46
0
0
58
3
0
4
0
0
3
50
174
4
0
0
260
0
0
889
3
0
0
1
1851
0
0
7
13
295
0
0
0
73
0
4
7
874
20
150
0
0
2
0
0
0
80
3
9
0
1
0
12
101
229
0
12
5
26
11
107
12
0
8
0
4
7
12
0
43
92
0
31
72
0
0
45
0
237
7
55
57
305
6
5
0
280
0
0
2873
3
0
2
29
115
0
509
1669
87
238
83
4
371
15
14
200
125
1009
0
286
0
0
23
10
0
63
43
236
0
79
0
0
0
0
0
19
5147
0
60
26
0
0
0
0
1
0
0
65
832
134
18
7
15
0
10
2
3
0
0
9503
90
122
162
0
142
0
46
356
0
29
5
0
0
0
0
77
31
18
128
295
114
15
11
0
11
190
857
0
2
0
1
1011
403
0
4
0
0
0
7
375
2516
129
1
649
0
10
3
657
64
0
0
0
100
412
2
12
2
0
12
10
32
0
114
199
4
0
0
0
612
11
0
14
77
0
0
17
701
172
0
3012
35
56
0
538
0
30
0
910
11
187
0
8
0
8
0
10
0
1272
62
6
0
36
0
34
1032
30
0
0
0
0
793
0
517
0
18
63
0
305
19
114
3224
5
431
56
47
0
42
179
0
0
0
427
509
0
0
3
333
0
0
0
20
19
0
2
0
0
17
6
2
8
11
0
0
788
4
279
20
0
0
0
43
0
0
42
0
1
8
0
39
0
0
10
163
128
0
630
22
0
0
91
6
13
0
0
0
442
0
12
0
0
145
1
0
296
82
0
29
0
18
127
0
213
0
14
0
2
474
0
0
0
762
37
0
154
5
44
1
54
745
0
0
0
172
60
2
49
0
13
0
43
0
18
2
0
4
105
99
3
0
0
0
0
26
0
1
28
3
0
655
0
33
0
22
24
1
5
0
4
0
178
3
46
0
0
24
29
15
82
0
0
0
3
242
1
10
11
0
1
0
0
20
26
0
4949
62
0
0
147
380
39
0
19
94
86
47
0
51
64
8
0
125
0
0
14
1
0
0
0
262
0
17
0
1
0
1
226
7
31
189
69
0
0
56
332
0
0
1
0
0
0
1060
63
0
713
1
182
0
0
7
23
0
0
0
0
2
1
0
0
0
0
392
70
11
0
0
63
0
3
2
0
253
0
17
72
1
0
3
200
25
167
0
444
19
307
0
0
13
172
70
1189
5
0
0
0
5
64
0
0
0
6
6
0
29
0
8
4
11
15
0
5
14
2
0
2
0
34
0
0
21
0
43
1
46
0
258
12
45
127
0
0
46
0
89
3
0
0
124
5
167
194
0
33
723
42
0
3
45
342
2
0
18
0
1106
0
0
0
23
43
10
78
8
3
9
0
0
1
105
13
89
0
0
532
0
0
15
8
2
0
266
0
0
0
0
0
91
122
5
0
0
0
1
62
0
450
0
11
91
31
198
114
45
0
0
138
5
122
283
0
0
138
0
42
0
539
643
345
3
0
0
11
5
4
82
8
0
0
1
0
0
3
10
0
185
0
16
180
0
24
0
1
0
112
7
0
0
80
24
0
0
16
0
0
0
0
0
0
0
0
4
1
1027
19
354
0
0
0
15
0
44
0
0
28
745
1
1
0
126
40
94
2
0
52
0
9
29
2570
0
0
18
10
0
38
263
0
0
0
0
321
5
94
138
11
0
40
51
0
0
0
2
23
1081
94
0
0
0
198
1
1
2
0
0
8
25
5
46
5
85
0
6
640
45
0
9
8
0
43
6
0
21
43
125
29
209
0
9
0
5
199
0
5
2
0
0
0
0
0
0
13319
228
0
0
0
559
2706
6
6
0
1
351
37
0
653
28
0
0
806
8
0
29
1
0
2
314
0
0
0
0
0
0
0
2
0
0
681
0
0
4468
1
0
0
0
0
0
11
0
0
17
0
16
327
0
0
24
95
72
0
262
3
7
7
0
30
0
136
0
0
0
1248
4
197
1
0
34
170
14
53
13
342
2
0
50
134
10
2
0
0
1
0
0
68
257
0
0
0
5
0
9
0
0
1247
0
0
0
1204
69
132
1
180
0
337
0
0
71
312
0
7
0
28
41
274
0
0
66
0
10
0
0
72
1
0
0
313
10
92
0
0
115
0
31
0
7
87
0
95
301
12
24
0
5
373
26
18
121
0
0
0
134
63
0
62
0
173
157
1
0
70
95
114
0
0
0
99
517
488
17
1932
0
15
0
1578
6
1135
499
0
7
0
193
3
0
85
12
50
28
4
50
0
0
0
22
0
0
416
168
155
0
0
939
19
42
0
119
140
267
1581
0
0
0
2442
0
364
0
0
179
3
0
0
3
0
0
5
0
0
5
9326
32
21
0
0
70
0
222
2614
100
0
319
99
433
0
0
0
0
71
0
0
2
199
0
244
137
470
0
50
2
70
0
931
0
2
0
114
303
155
5
476
0
0
0
474
33
0
465
0
49
0
0
20
59
0
4
0
0
8
0
118
9
4
310
0
106
1
1
0
69
0
3
0
5
0
0
0
9
27
1
162
50
10
67
1
2
1
1026
111
13
987
0
0
151
1
60
290
0
88
417
33
158
109
12
5
121
0
0
704
0
0
1036
11
0
193
63
25
0
0
1
479
0
25
20
78
332
64
0
1
0
38
10
370
6
91
0
173
6
31
0
3702
150
0
236
1
6
1
0
27
32
4
172
247
338
5
686
0
6
0
1
0
60
259
13
356
7
72
734
412
18
59
7
7
3
0
51
0
0
0
0
7
0
731
0
460
580
0
0
2
42
0
71
6
0
17
0
1
1
1
165
82
1486
0
14
0
0
1351
10
3
1623
1
131
283
0
47
0
0
7
7
27
350
415
71
99
126
137
0
98
61
1
0
1
9
0
0
231
0
122
116
10148
0
11
126
302
14
0
128
0
0
20
0
60
235
313
61
68
14
31
0
2
16
32
36
91
118
3
75
8
0
0
4
0
340
78
112
0
2
0
0
0
0
2
11
218
11
30
0
0
0
0
0
178
3
0
24
20
0
545
79
0
0
0
0
150
0
0
549
83
12
241
2
4
619
123
0
0
114
0
0
3
3
3
0
197
1317
89
9
0
381
0
0
4
178
0
780
21
123
0
4
0
10
0
70
9
25
265
21
0
33
1
0
895
322
39
2
50
0
0
38
56
5506
0
0
0
5
10
14
64
0
0
151
0
287
707
726
0
24
1362
594
370
197
0
0
0
29
13
8
0
66
9
18
0
20
0
18
0
0
84
0
10
104
0
61
7
283
331
156
11
219
0
3294
40
4166
57
62
8
0
173
1
131
106
331
123
7
3
1
74
0
0
255
20
90
13
355
328
0
416
4
352
999
100
122
257
0
6
0
120
380
3
7
5
262
0
340
6
0
20
2
7
0
0
31
263
0
0
28
3
51
181
35
0
0
0
0
23
0
0
394
1117
132
249
1
8
184
490
55
252
22
1
60
33
2
0
77
37
10
2
162
9
0
0
0
0
0
7
151
1
1004
1105
169
0
976
137
2
2
384
3
0
2
0
0
0
0
7
133
0
1
307
25
0
358
9
0
517
157
586
0
0
0
292
210
372
124
3
407
302
11
264
33
28
0
8
493
11
354
0
0
5
95
160
51
202
12
196
3
1
0
0
2
0
0
4
43
0
17
2
0
0
0
192
6
0
5
5
39
4
18
75
12
0
0
0
133
1
94
49
24
0
0
0
4
118
1
10
2
1
110
9
3
0
2
907
1207
921
56
2
10
0
693
0
0
9
490
31
0
14
12
0
0
0
36
114
165
110
23
0
8
12
47
0
122
87
16
0
4
0
126
6
0
0
19
36
0
813
12
0
66
9
0
0
142
3
37
387
74
1146
0
0
0
35
27
739
0
1052
0
591
43
1
41
0
913
0
114
20
72
427
0
424
645
0
0
0
0
0
5
0
107
46
4
47
36
0
18
0
43
4
0
0
9
212
330
258
85
283
1542
530
0
8
29
1
70
201
1
1
0
8
17
21
0
1
1334
1
22
130
76
12
0
0
0
36
5
146
0
0
434
0
7
0
209
145
603
0
36
0
0
0
0
21
0
37
0
9
0
0
55
42
0
4
0
34
1349
0
235
4
0
5
0
2
0
0
0
205
282
0
4
653
5
53
239
43
0
30
3
1209
204
29
152
0
16
0
0
0
11
0
193
2
94
51
17
0
20
0
38
0
8
38
13
3
2
0
0
0
78
0
161
0
0
0
0
864
0
0
0
27
0
0
0
0
1
0
0
848
94
418
4908
1126
0
4
0
296
1
3
0
224
289
13
252
0
0
0
0
164
52
42
5
540
71
15
464
8
2
179
361
59
44
0
0
0
0
0
0
0
0
0
21
2
0
0
0
0
0
0
23
173
61
189
49
0
1
0
0
0
0
241
356
2
0
0
0
0
0
166
133
0
0
0
0
8
0
0
2
13
0
0
0
0
0
11
6
63
54
0
0
0
0
0
1031
294
0
444
6
0
2
93
114
302
3380
2
15
0
3
0
0
106
0
25
0
0
0
0
0
0
206
7
0
0
0
0
0
0
0
21
268
0
60
56
0
0
0
0
13
35
0
0
521
0
0
0
35
92
414
32
36
31
89
0
0
4
0
0
54
24
0
3
92
3
0
6
0
0
0
90
3
34
4
2
0
0
0
1
0
0
444
56
769
0
0
0
2
0
0
0
0
0
0
0
0
36
0
0
0
0
1
0
0
3
0
0
70
6
747
0
0
0
0
2406
21
36
15
261
65
56
24
33
6460
26742
28
0
5
15
0
0
0
265
134
70
0
0
0
81
0
0
0
53
0
0
42
12
110
148
0
0
0
2
41
8
0
0
9
3299
14
16
0
0
0
0
31
33
0
2
22
0
0
3
0
264
179
0
0
0
0
82
21
3
10
18
0
0
0
0
0
0
0
0
1
68
41
0
0
482
880
28
278
4208
0
0
1
1
0
0
0
13
0
2
0
341
33
0
0
0
6
15
0
0
0
0
0
16
10
0
0
6
227
48
154
19
62
644
1
499
833
12
0
0
0
0
0
0
0
0
18
0
131
0
0
0
0
0
0
0
0
0
0
0
0
339
31
1148
0
2959
4552
181
0
0
42
19
2
63
0
0
0
574
122
0
0
111
160
96
23
0
11
3
221
2
0
0
0
0
1
0
0
0
0
0
0
0
0
0
0
0
0
0
0
30
0
0
9
75
0
1
0
256
0
0
382
5
3872
84
44
39
0
37
0
0
38
4
2
2
0
0
9
0
0
29
0
0
353
334
2
1341
6
59
0
0
0
0
0
0
0
0
0
1317
1561
0
0
27
2
0
0
1
0
20
14
0
0
0
0
2
114
0
0
5
0
6
0
0
0
0
0
0
0
0
18
0
0
5
0
0
0
0
0
0
0
0
0
0
0
0
0
0
0
0
0
0
1
0
0
0
0
0
0
