24_BitB_10_1
0
0
27
1217
39
198
30
0
0
4
0
404
23
326
0
0
395
1
3
45
1134
81
3
4
0
544
0
41
7
12
47
3
0
185
2715
75
0
0
9
0
0
0
0
1
0
2788
0
190
0
378
0
116
0
546
0
15
978
54
0
1498
2
12
0
2
6
29
0
645
15
9
1242
613
83
12
22
0
1243
7
15
0
0
0
17
27
2120
0
35
282
29
17
712
0
390
0
0
948
29
1
140
0
36
2
1
608
196
0
9
0
0
874
0
0
19
0
4
0
0
156
191
693
12
17
0
262
57
1066
895
0
1588
47
0
0
6
139
2
0
7
113
30
0
4
5
10
2
673
203
110
24
59
50
48
0
68
7
1
1079
3
1
7
1188
0
0
5
0
158
76
26
178
0
0
0
0
169
0
0
112
78
4
2
85
666
624
1
221
79
238
228
2
100
1
0
366
57
18
0
102
0
3
1
57
56
1
1
21
25
1
5
133
18
15
0
3
20
0
0
2
89
16
4
24
354
0
25
355
1
9
5
135
17
56
0
0
86
400
222
8
575
12
0
0
0
0
11
549
1
47
120
1090
8
2
74
216
14
0
868
63
0
0
0
26
203
1838
15
3818
79
0
0
0
240
29
9
852
2
0
79
0
0
0
712
164
669
143
0
1730
0
1026
3
5
0
157
0
0
0
0
0
0
62
5
209
0
0
15
0
54
409
0
314
16
3654
0
0
0
0
0
0
97
0
171
119
0
77
0
521
125
0
122
45
19
3
33
372
284
157
3
0
275
18
19
0
0
929
232
69
1357
0
33
77
31
170
2
998
0
56
35
36
56
615
352
65
2
8
2
4
1138
2
0
0
232
305
5723
212
747
66
6
0
0
17
4
0
414
0
69
1
0
2711
0
124
22
34
0
254
0
0
123
871
38
57
0
403
111
18
0
0
0
1
191
13
0
0
0
0
91
9
2656
8
156
0
73
0
0
1740
261
1
0
42
0
12
705
140
0
145
18
25
10
52
2
269
0
0
2
6
0
265
1032
0
9
970
247
161
0
0
0
34
9
0
3
0
0
0
0
10
13
0
2
0
29
55
0
480
0
52
0
711
0
3
3
4
0
313
53
697
47
188
1524
726
20
0
0
10
0
136
29
76
117
0
93
0
4
0
0
12
0
925
30
60
455
16
3
28
0
14
0
3
461
6
478
39
0
22
0
856
477
0
530
0
135
10
31
27
57
97
138
749
0
12
239
627
180
161
0
2
0
15
0
279
185
1
0
154
0
4
0
28
1
0
2
4
0
2
3
0
1239
0
256
0
207
0
1
0
257
659
95
2
383
10
272
165
42
0
50
0
119
2
1759
6
30
2
30
0
2118
3
11
0
355
0
399
193
25
6
3
106
0
0
0
7
143
0
2
0
0
1411
0
106
301
1
0
195
17
49
22
0
10
0
3
0
11
59
0
0
4
4
2
1
39
0
40
125
174
81
41
1211
10
0
7
0
2
0
3
0
175
826
108
16
206
10
78
2
0
352
78
1
127
0
0
281
16
394
91
13
0
0
0
181
0
1
6
311
0
0
0
3
343
8
443
15
18
0
0
0
0
89
227
32
514
0
86
102
4700
0
17
5
4
15
6
106
0
3
12
107
73
2
47
2
31
0
0
57
33
209
0
129
1516
16
58
53
600
390
0
0
241
715
8
55
2
943
2
0
0
0
249
279
3
34
40
55
0
64
0
62
60
134
0
215
1
211
0
0
0
4
0
0
740
583
0
0
163
7520
0
330
81
213
164
89
80
0
1
253
2
4
42
0
10
192
0
0
1049
30
138
18
80
178
223
15
155
82
3
0
0
772
1
193
0
0
134
29
0
3
0
6
0
0
0
14
0
59
27
0
22
0
277
133
262
45
30
0
480
3
0
4
0
20
1
263
51
0
0
4
0
0
0
32
85
0
2
0
8
2
180
166
0
12
0
8
0
0
515
4
326
858
274
0
567
133
134
214
5
35
333
0
142
76
6
655
7
238
90
238
2
1
270
3
0
29
23
169
564
12
0
0
2
1
0
589
237
9
0
0
0
1865
5
3
1044
6
121
1
47
0
2
544
24
239
279
68
5
0
15
3
0
181
1567
919
0
0
6
0
392
77
0
19
44
0
22
89
97
15
0
353
9
0
310
7
2
0
0
327
1
108
233
30
99
58
4
29
0
5
54
56
254
402
35
0
156
10
0
1604
277
5
46
4
335
0
0
27
287
0
63
0
4
2
0
0
2
0
133
99
93
1
0
35
27
20
0
3
784
20
51
125
3
19
2
0
29
29
1
2160
68
198
731
2
138
0
0
25
0
1439
56
8
0
1198
326
155
48
1294
0
117
4
4
3421
0
0
0
2
287
0
0
3
0
85
573
562
1014
68
0
0
0
34
31
49
3
0
0
79
1237
467
73
40
0
0
20
265
2
0
0
1
14
0
1296
459
2207
1193
0
0
0
0
0
116
0
0
4
153
9
41
0
13
1338
570
0
389
1235
36
59
43
17
0
0
158
5
0
21
0
1
1
16
0
44
57
5
0
0
0
0
1326
379
0
0
1
12
92
0
0
0
0
110
67
3
191
8
1
88
3
51
873
0
412
90
10
2
7
17
0
0
0
0
264
669
75
163
151
125
252
80
125
187
4
54
248
26
92
0
0
6
0
3
851
30
228
0
0
79
71
0
4
338
171
88
232
0
116
207
0
21
1
0
0
7
0
0
1624
307
135
0
0
413
0
2
0
160
7
1393
1902
0
42
2312
32
182
109
47
63
684
263
0
0
47
0
515
19
478
0
569
2
375
0
379
778
41
0
527
0
0
82
0
358
556
0
0
0
500
0
861
0
0
1
42
0
288
0
0
8
0
0
3
0
8
0
30
13
125
0
508
181
8
322
734
0
0
2220
0
1
0
83
48
91
0
146
0
6
0
165
13
0
8
270
0
5113
0
2
0
11
3
243
31
278
62
0
39
2
79
0
1
127
127
61
0
0
159
0
168
1152
38
0
0
6
4
649
21
5
69
6
7
35
0
12
0
0
7
695
0
589
12
0
5
13
0
90
0
125
0
43
175
0
51
4
343
0
0
0
67
4
4
3
87
5
0
5
37
13
2
157
0
214
0
0
2
30
0
2201
0
8
3465
9
270
0
166
21
62
1
0
0
195
96
1
4
9
42
11
0
0
6
1
0
16
0
83
0
0
6
14
96
7
0
2
0
112
1524
159
0
0
0
36
1
0
556
491
5
99
4660
0
88
234
25
93
58
857
0
5
79
2335
23
13
73
26
233
0
0
219
89
16
328
8
435
18
253
278
94
0
27
0
42
0
4
0
0
480
1
21
0
1289
3
50
733
37
27
0
3
0
0
47
0
213
0
4
376
73
0
2
0
3
44
0
160
2
7
74
0
12
0
0
4
0
0
16
0
0
11
0
0
0
0
1
0
10
688
3
141
2
58
205
39
1
0
135
2
1972
31
2
0
0
2
25
21
1462
72
392
0
896
36
501
541
0
0
0
1306
0
161
99
8107
4439
0
0
0
61
3
9
0
2
77
0
9
1794
593
601
17
6
162
0
33
0
18
387
78
1154
0
1885
0
145
4
74
126
0
6
3
0
0
3
0
0
696
286
0
2473
65
0
0
7
120
327
304
44
742
2958
5
351
0
182
356
164
315
598
0
21
13
329
56
0
4
111
22
65
0
0
45
137
496
0
13
0
31
360
0
904
0
2
5
8
0
154
4801
1
323
0
0
1
348
0
200
0
41
3
3
1340
52
0
29
0
3
3
2
411
0
2
0
14
0
0
30
157
26
3
0
8
32
1
0
0
58
3
4
6
0
26
51
97
0
0
0
0
69
0
2
0
6
127
83
15
244
4654
33
383
248
2142
0
44
2
127
7
0
1065
2
116
35
0
6
6
2
632
64
2
44
120
0
71
1
3
0
0
42
0
0
3056
370
2
0
295
500
257
0
0
13
5
17
0
454
0
85
4
0
18
0
45
3
0
0
0
36
0
0
0
0
39
567
40
16
0
60
42
28
20
7
36
63
4
208
0
22
4599
531
0
268
6
0
3
1860
126
0
0
0
0
8
684
13
0
0
16
0
0
0
0
0
7
202
1
0
154
152
892
613
65
376
0
0
9
5
5
0
0
0
0
263
65
0
432
23
579
21
0
0
65
85
15
88
0
1
43
281
0
0
118
0
0
1
388
0
0
12
0
31
133
0
11
4
0
61
227
0
0
0
0
51
937
36
9
3
194
0
192
58
349
0
35
1285
504
0
0
3762
859
380
2710
80
4
6
0
0
2
5
80
4
18
1
0
135
1248
8
0
0
0
0
0
41
57
213
0
0
27
7
9
0
208
966
160
406
334
16
0
0
3
306
5
0
2
68
12
9
71
0
0
1
1
32
37
229
32
0
0
1
0
0
0
0
92
0
7
0
18
0
51
9
1
53
97
3
2
4
471
0
164
2
0
35
2
0
0
0
0
1079
0
0
13
62
0
188
107
31
0
18
0
0
0
0
176
0
753
451
733
66
0
131
70
2
6
4
353
125
0
6
0
1378
4
27
0
9
3
42
4
58
0
0
0
336
5
316
125
67
212
30
0
0
0
0
10
43
405
142
2
29
1
56
6
0
0
108
0
37
0
0
96
31
19
115
16
890
11
0
175
0
838
0
1
0
63
23
91
175
248
0
366
56
0
0
20
0
0
3
214
329
4
0
52
0
11
5
1
2
0
17
232
12
4
1790
332
4
424
0
48
9
0
0
163
0
76
0
3
3
7
15
0
1
9
1153
0
138
326
9
0
1639
27
1
0
2
7
20
12
2075
63
121
0
0
0
0
1
0
13
35
0
0
7
3
4
3
1
38
23
0
0
0
6414
0
0
0
17
48
362
284
1429
14
2696
13
3
3
8
4
25
1044
1
497
782
0
29
147
0
82
0
0
3
664
0
46
126
0
0
1015
0
127
233
0
0
145
274
3
12
361
283
0
1110
0
729
0
2759
21
0
145
0
26
86
491
17
245
14
13
0
1752
200
49
23
421
1
153
30
557
84
0
124
3
126
126
169
3
2
6
9
6
155
2
31
1906
92
555
186
0
0
0
9
51
121
0
49
156
16
530
758
0
91
150
15
0
0
7
0
849
0
101
0
144
21
0
0
7
5
0
2
1455
1194
0
4
150
6
13
0
111
8
252
24
1
0
188
283
0
8
2
0
0
3
375
446
3
0
1495
8
411
250
48
63
1
4
38
1
8
0
0
8
12
11
145
249
0
0
104
390
0
4
41
0
0
2
578
89
54
0
2
1156
0
550
391
5
0
93
0
0
1
80
187
9
0
0
0
18
12
68
6
5
0
144
8
0
0
0
6
0
218
182
21
0
2
334
2639
6
199
0
2
0
24
8
2
623
8
0
19
187
86
3
1
0
10
123
0
17
0
239
0
544
0
5
8
46
11
2
0
5
3
0
10
110
26
0
23
0
1
32
9
17
0
0
375
0
1
0
48
32
19042
0
42
165
192
0
49
0
3
0
0
296
73
521
5
184
0
0
204
1
0
46
0
258
1482
2
26
0
135
0
1028
4
280
78
0
2
0
0
0
0
0
0
4
0
23
0
0
15
503
178
91
0
0
203
17
0
43
798
19
249
87
0
902
123
0
95
0
0
1
393
20
268
0
27
0
0
27
680
402
0
402
49
21
0
0
141
114
0
527
0
0
421
3
116
89
0
82
7
0
269
528
21
12
12
0
0
1
2
309
259
201
0
23
2
125
0
0
240
0
72
38
0
912
51
13
66
18
0
2
728
154
0
260
4
95
517
6
24
2330
190
0
0
4
331
86
0
13
13
12
5
0
0
65
62
0
21
0
0
4
0
3
348
5
179
2
0
6
26
173
0
0
0
0
314
217
75
25
0
0
63
2
0
0
11
1227
2241
2
3
1513
21
46
496
5
210
0
0
0
642
3
0
4
82
84
20
0
0
2
1
4
1305
0
0
817
19
113
12
1608
353
0
0
273
2059
56
1549
390
0
33
47
432
1
32
31
26
38
0
0
0
258
0
3
533
0
1400
0
1
22
0
11
0
131
283
0
793
9
76
0
51
1306
3142
1
15
69
2
651
138
1
18
0
314
2
0
9
156
265
1
1244
0
37
20
464
0
83
304
681
50
116
175
0
632
11
453
415
8
1456
0
307
190
128
217
6
0
11
0
0
52
68
20
0
225
1
3
29
6
2
0
3883
214
73
215
88
124
1
0
17
2
0
775
0
24
0
0
2
2650
0
141
276
0
561
0
8
308
16
25
844
5
0
156
0
2
0
0
30
0
0
0
36
261
34
0
19
1
0
217
1
2
0
1269
250
693
238
0
947
31
0
0
114
6
0
0
0
3
36
113
2
0
13
0
0
0
8
1
28
942
34
104
1
46
0
4680
0
7
3
50
0
7
110
1
100
2
62
80
0
847
223
24
118
77
0
0
385
190
1301
83
0
0
114
0
0
0
0
1640
3
3114
328
114
141
355
0
1
0
0
56
0
288
0
5
224
101
13
123
8
362
23
0
17
85
0
56
3
70
7
176
41
0
1391
55
0
27
13610
3
47
1239
424
423
424
219
850
106
1043
0
1469
1997
1
18
4
7
0
0
227
0
226
102
1373
0
8
311
168
0
1674
152
71
0
0
0
0
2645
6
6
614
0
488
0
25
7
0
744
64
2
0
831
57
0
0
2
0
154
0
92
0
1350
22
166
64
425
1
0
156
791
0
4
11
115
131
55
0
52
373
122
0
0
212
45
201
0
0
44
34
0
48
49
0
174
1
0
0
0
0
8
0
0
7
0
0
0
3
15
0
3
996
8
0
1
3859
0
0
2
2
2
45
0
75
3
2
67
0
4
2
13
0
0
180
32
0
0
0
76
0
0
0
188
72
2
0
0
93
3
0
2
27
0
0
0
0
3
0
2
0
0
101
4
0
27
1272
0
0
9
0
3
212
21
180
8
5
2
0
33
2
0
0
36
0
94
0
0
0
0
9
0
40
0
0
301
35
0
367
22
1
2001
89
13
4
43
292
0
0
17
0
0
41
54
117
0
148
8
0
5
1910
501
11
8
208
0
1
72
0
12
15
0
17
2
0
0
6
610
0
3
0
0
810
0
316
12
8
3
0
72
883
436
262
0
0
0
2
0
0
7
0
0
199
5
4
95
0
2
0
0
0
73
2261
60
3
0
19
5
0
0
0
0
0
0
0
0
0
0
0
0
23
0
0
11
51
0
0
0
115
1
61
5
1
0
0
0
0
0
34
0
0
0
0
0
0
127
0
0
6
24
301
3
0
0
0
0
0
0
0
6
7
0
0
0
0
0
7
0
6
1
0
1
11
0
0
0
0
0
0
4
0
0
1
0
1
0
0
10
4
0
3
888
0
0
0
20
5
0
0
0
1080
0
3
99
86
0
0
52
0
0
0
0
0
0
0
98
99
0
0
0
7
365
58
0
40
0
0
0
2
0
0
3
0
1
0
0
31
0
0
0
1042
0
4
0
0
0
0
0
0
38
0
80
0
58
0
16
0
2
0
0
169
0
3
3
0
10
9
0
0
0
75
3
0
6
0
10
67
0
2
5
15
59
0
69
0
2
0
80
0
19
0
462
3
0
2
0
15
0
0
0
0
52
0
2
0
0
465
0
0
895
384
2
0
60
93
0
0
0
0
0
63
0
0
82
0
106
8
0
0
0
14
0
0
0
7
0
96
0
0
545
2
0
2
0
0
31
0
3
0
2
0
1
0
0
0
7
0
0
6
105
0
61
0
0
212
0
0
0
0
0
234
0
0
11
0
0
0
0
0
0
11
0
0
27
0
0
69
0
0
0
0
41
7
0
3
54
0
0
11
0
0
0
8
0
8
0
0
0
0
0
3
0
0
0
0
0
0
0
0
0
3
0
0
0
0
81
15
0
25
16
3
0
0
0
38
0
0
0
2
0
0
1
0
0
0
0
0
0
0
0
84
0
23
0
0
0
0
189
0
0
0
113
0
2
0
0
0
14
0
8
0
0
14
0
0
0
0
0
0
2
0
0
0
4
0
1378
0
1
1
0
0
0
0
0
0
0
0
26
18
0
0
11
0
15
554
0
0
0
0
0
0
7
0
0
0
0
0
0
7
3
315
137
0
0
0
0
0
0
0
0
447
0
0
1
0
0
0
0
0
0
687
23
1
717
0
0
79
0
0
0
0
1
0
0
0
0
7
0
0
0
3
47
0
3
0
2
0
0
0
0
0
0
133
0
0
0
91
26
0
152
1
75
0
0
0
0
0
6
0
0
3
0
0
0
5
2
0
0
0
104
0
4
349
0
0
0
7
0
0
0
0
0
0
0
58
0
0
0
0
179
0
0
0
0
58
0
0
0
0
0
1
0
0
0
0
72
3
0
0
0
313
534
0
0
0
1
27
3
0
0
0
0
0
0
0
16
0
50
9
0
28
0
27
75
5
2
2345
0
0
0
0
361
0
24
0
0
0
0
0
8
0
0
0
263
3
4
0
0
10
0
183
0
6
0
0
0
0
0
0
0
1
0
19
0
18
0
0
0
346
0
0
0
0
0
0
0
0
1580
2
123
0
0
0
0
0
0
0
0
123
0
0
271
0
0
161
10
724
0
0
0
6
0
81
0
0
0
0
419
0
0
1
1
0
0
0
2
8
17
21
2
0
7
0
0
17
0
0
4
59
1233
0
1
19
23
1634
0
415
3
0
0
122
0
0
1
2
20
0
5
0
0
59
2
1
0
49
0
0
1
0
0
0
0
21
0
0
0
0
18
0
28
3
0
17
0
14
0
0
0
0
0
641
0
0
0
237
0
0
28
0
0
19
1
5
1
0
72
0
3
1
0
70
791
198
0
0
0
0
0
0
0
3
305
0
15
0
0
0
0
0
800
0
521
0
0
13
0
0
2
0
0
0
0
2074
0
0
0
0
0
0
59
0
0
0
38
0
154
7
0
15
0
709
0
0
0
62
0
2
0
0
0
1
0
0
3
3
0
0
0
254
1
0
0
1
321
1
0
2
211
0
2
3
41
459
0
17
0
0
0
0
1
1
0
0
825
0
21
4
0
0
0
0
206
165
0
0
41
0
431
0
0
0
0
0
0
2
24
1
0
0
0
37
15
0
9
0
0
10
0
0
0
62
25
0
0
649
0
122
73
0
0
0
0
2
0
0
0
0
143
0
0
1
36
1
0
0
3
0
0
0
0
0
3
1455
0
3
2
0
1
0
1927
62
2
22
2
0
0
0
3
9
6
31
3
0
1
0
0
5
0
0
0
0
0
0
187
0
0
0
0
982
4
0
0
1
12
0
0
0
0
0
15
17
0
3
0
0
0
219
0
181
0
0
3
1
0
1403
67
0
3
79
213
0
235
32
0
0
47
2
1
0
0
9
28
42
2
0
0
0
0
0
0
0
1
0
0
0
0
271
115
0
754
10
0
0
0
0
59
0
0
0
0
0
0
0
0
0
18
66
15
241
0
0
0
6
0
0
0
1
373
0
0
0
48
0
0
0
0
0
0
0
0
1
0
0
1
0
51
57
2
0
0
0
0
0
188
0
872
0
4
0
0
0
0
0
505
0
2
97
1
0
0
11
0
0
639
0
0
7
0
0
0
1
0
54
88
20
40
0
0
2
1
12
90
0
1
0
0
0
2
0
0
267
351
10
0
114
0
0
0
0
4
3
9
71
921
1
0
0
0
0
0
241
4
0
0
0
0
0
16
0
0
0
1
0
0
2
48
0
0
0
1
202
2
0
3
0
5
5
0
0
4
0
28
0
0
194
0
0
0
0
0
0
11
0
0
0
0
0
22
3
0
0
0
16
0
1
1
0
0
1
0
0
108
0
1
19
24
0
1
0
21
0
0
15
0
0
161
0
0
0
3
286
4
0
0
24
0
18
6
0
18
17
0
0
0
72
0
150
1
0
72
1
177
3
859
74
0
0
2
0
60
0
0
0
0
18
0
0
0
0
0
0
5
0
25
254
112
0
1
0
0
3
0
10
0
0
0
0
0
0
0
0
3
0
610
44
435
0
0
0
117
0
1
6
0
13
9
1
520
466
0
0
0
0
0
0
436
0
26
26
0
0
0
0
117
0
0
0
20
0
2
0
5
0
2
0
12
5
0
0
207
0
0
2
0
14
0
0
1
0
0
0
0
0
0
0
0
0
0
0
8
10
0
0
0
19
40
4
0
1
118
0
0
282
0
0
3
0
525
2
0
0
0
92
704
0
1025
1
0
0
0
0
0
0
3
0
2
0
0
3
2
0
0
52
0
20
2
0
1
3
0
0
42
1
64
0
0
0
0
412
0
0
99
0
0
5
14
0
479
82
2
0
0
0
3
0
0
0
423
0
0
1
38
86
2
0
4
0
108
222
3
2
7
17
8
0
2601
3
46
0
0
83
0
184
471
57
226
0
0
48
0
314
0
0
35
0
0
0
0
0
0
0
652
0
3
1
0
4
0
0
0
2
0
295
523
0
6
0
0
0
59
0
0
160
64
0
0
5
0
0
78
0
0
0
0
0
0
0
0
5
0
4
0
0
438
2
34
1
2
2
0
0
6
28
0
1
0
34
3
0
1
4
0
0
0
0
0
5
0
80
491
0
0
0
0
0
0
0
112
275
0
19
60
3
0
0
78
0
0
0
29
0
93
1
116
4
0
0
177
0
0
0
0
0
0
1
0
0
0
0
0
0
3709
91
2
0
1
0
0
0
0
171
378
416
0
0
151
0
23
0
0
0
0
0
0
0
236
0
14
52
76
0
0
35
0
665
1
0
5
0
5
1062
0
21
0
0
1204
92
0
0
0
0
2
3
0
459
10
1
104
0
1
8
126
0
2
25
2
0
0
0
0
0
52
0
43
88
0
0
0
0
0
0
179
0
1298
81
0
0
0
0
0
173
1251
0
0
2
0
1777
0
0
29
0
0
0
605
0
793
470
0
0
0
0
2
0
0
0
0
0
0
2
1288
0
0
0
33
0
0
0
0
0
0
1
0
0
60
0
1275
24
3
0
4
1
0
0
0
1
1
7
181
9
0
0
0
127
0
0
0
0
38
0
0
11
1
0
15
0
0
1
1513
0
0
1
0
91
0
199
0
4
0
92
3
0
0
92
0
9
0
0
28
11
35
1
0
0
389
0
0
0
1
0
1
0
366
33
0
790
8
4
296
0
0
1365
1
2
42
3
0
3
0
0
0
0
0
1
0
0
7
1
0
0
0
0
1
11
0
0
0
1
323
0
0
0
261
0
0
0
0
0
0
0
0
0
0
0
2
0
0
0
0
0
0
14
320
0
8
0
0
833
1
0
2
2
144
0
0
0
1
1
5
242
0
9
0
0
0
5
986
18
45
0
323
0
0
8
0
0
0
11
0
10
0
0
2
0
0
0
0
38
0
227
0
0
47
0
0
0
0
0
1041
32
1316
0
0
1
0
155
123
0
0
68
1014
2
0
0
13
0
0
0
0
0
0
22
2
1505
5
28
0
6047
0
11
22
1
0
0
0
0
0
0
0
73
2
54
0
39
0
35
149
3
0
1
41
0
0
0
109
9
0
78
23
0
118
1
0
0
16
0
0
0
7
132
223
0
2
0
0
17
0
0
4
0
2
8
0
22
0
78
0
0
0
0
0
0
43
0
1
0
0
0
17
142
0
0
0
4
0
0
2
0
0
0
8
0
0
0
0
163
0
1
0
0
0
21
0
3
0
0
0
0
0
0
0
0
2
0
0
0
0
4
5
18
0
0
1
0
5
0
0
1
0
0
0
0
0
0
8
0
0
0
0
157
1235
0
0
0
14
0
0
0
0
0
0
0
0
0
0
0
0
0
0
0
132
0
472
0
362
0
0
126
0
0
165
0
0
0
0
0
0
755
0
13
0
0
0
2
0
2
4
0
396
0
55
0
0
0
2
0
0
0
517
1
0
0
0
0
0
0
0
0
0
0
0
0
0
0
4
0
12
0
0
0
0
0
2
6
0
0
114
0
0
0
0
0
0
23
0
0
0
0
2
275
0
1163
0
0
0
2
1
0
0
0
0
0
0
84
1
0
3
2
84
1
374
0
0
0
0
0
0
483
0
0
92
0
0
0
7354
0
1
0
0
1
0
148
16
3
66
4
0
2
0
7
165
50
0
0
0
81
0
3
1
0
0
457
0
0
0
2
2
3
340
0
31
0
9
0
540
1
0
50
0
223
0
1946
0
3
0
113
8
0
0
0
0
1
0
6
0
0
0
0
0
0
0
1
0
0
0
5
3
0
0
0
0
297
0
208
0
0
2
5
0
0
0
0
0
163
0
0
0
0
0
0
0
0
8
0
18
0
0
0
5
0
0
3
0
0
5
1
48
0
0
0
0
0
3
217
0
0
0
0
0
2
0
0
7
0
0
0
9
0
0
1
4
13
0
1
4
0
1
0
0
0
0
0
0
1
0
0
0
2
0
0
0
0
3
0
0
0
1
0
0
0
0
0
2
1
1
0
0
0
0
0
0
0
0
0
0
28
3
0
33
2
1
0
10
0
0
3
0
154
399
0
22
3
0
0
20
0
0
144
1
3
3
0
3
0
0
0
0
3
0
0
0
0
141
0
0
0
0
0
1
1
0
290
0
0
29
39
36
0
0
5
0
0
20
7
0
0
0
1
37
0
0
0
0
2
0
635
0
0
0
0
0
2
16
0
15
0
0
3
3
0
0
0
0
0
0
0
381
18
36
0
12
0
0
1
157
0
0
0
0
0
6
7
417
1
0
0
0
0
761
0
11
221
117
0
3
0
4
1
0
9
2
0
0
0
0
0
0
0
1
436
0
0
0
0
0
0
171
1
0
0
0
0
0
11
0
6
25
0
409
3
0
0
269
0
4
0
3
0
0
21
203
0
2
5
5
0
0
1
0
26
0
0
0
0
0
35
1
2
0
0
0
0
0
4
0
0
0
0
1
2989
72
88
1
32
0
2
63
2
0
13
7
15
500
35
0
0
8
0
1
3
0
0
0
0
0
0
12
122
5
4
365
0
311
67
254
0
0
0
0
0
15
0
0
326
5
2
109
8
49
0
0
173
188
77
671
0
0
0
142
5
0
11
26
0
0
22
0
53
270
0
113
0
4
0
66
0
9
0
0
100
0
0
0
401
0
21
0
0
7
1
0
102
0
110
24
366
0
23
0
6
0
0
0
89
6
136
25
29
6
13
0
53
0
4
269
5
1
0
111
0
133
5
1319
172
0
0
0
82
3
0
3
0
0
0
0
0
350
0
430
0
557
0
0
0
0
0
11
21
1
0
0
1
0
0
0
0
75
132
42
0
0
512
0
0
7
0
0
11
0
0
442
0
11
0
2
0
0
25
100
0
0
177
0
30
0
45
1
2
0
79
2
0
42
0
0
361
243
1
1
0
6
0
0
23
1
0
0
0
3
405
0
0
0
0
0
16
0
0
9
0
0
326
320
0
4
351
1
306
0
153
8
81
0
51
0
1
9
342
4
111
3
0
6
256
0
4
0
31
1
45
0
6
0
0
0
0
0
2
237
0
0
0
0
0
0
5
0
0
89
0
0
0
0
0
2
1
0
2583
4
370
0
0
0
0
25
46
0
430
2
0
2
10
0
0
43
0
4145
54
641
0
4
165
57
85
3
10
1
2255
0
298
183
264
0
210
0
56
929
495
4
1
0
0
1198
0
2734
0
4
0
0
4
111
5
3
0
6
0
58
2
68
35
6
119
349
2
578
0
0
0
188
88
1
0
107
81
0
191
1
26
57
2
1
0
25
0
0
0
0
0
199
1
2
10
1479
0
0
2
22
0
77
123
30
2
0
213
76
0
0
1
2
0
0
0
0
0
0
0
0
25
0
0
0
382
60
85
0
27
0
0
0
413
0
0
88
4
41
0
0
310
75
4
91
0
0
0
0
227
3
39
4
0
0
0
0
0
2
17
0
111
120
6
0
8
260
182
0
0
543
15
56
0
14
0
279
4
0
33
0
0
0
21
576
0
58
0
17
593
37
5
4
19
0
2700
29
0
18
1
7
473
0
0
62
94
415
0
117
674
1
0
6
46
51
10
278
0
0
0
1
0
3
12
105
0
1
159
0
110
1
0
30
0
0
1
0
0
131
0
106
93
0
0
0
0
0
0
0
623
16
597
1280
718
18
0
25
9
0
31
0
0
0
380
707
0
261
1
5
0
740
0
0
94
0
0
0
52
0
14
1
4
0
218
1
29
0
18
0
0
160
0
1
57
0
61
610
34
0
1
34
458
317
7
0
0
0
0
0
708
14
0
1093
0
0
0
28
12
395
11
2
4
0
24
18
233
400
4
0
0
0
0
58
0
0
0
0
0
2
10
0
1081
0
78
224
0
0
0
0
29
226
0
0
0
0
22
0
37
697
0
0
0
0
8
1
22
0
7
0
0
0
37
18
0
2
0
0
666
0
0
69
0
0
4
0
37
0
96
69
3
0
3
0
20
173
0
0
0
0
286
10
0
23
0
37
7
7
65
7
77
0
0
0
0
67
0
3
295
0
0
6
0
2
0
89
0
64
56
4
0
0
124
8
0
0
0
409
153
4
0
0
0
0
0
184
2
0
5
19
2
0
0
0
0
0
151
0
0
1
0
0
0
0
1875
0
52
0
0
0
12
0
0
0
0
726
0
0
0
107
0
126
0
0
2
0
208
0
0
2
0
0
2
3
0
65
0
5
2
1050
0
1
11
0
77
0
892
0
0
0
2
1482
85
3
144
22
0
1
2
2
200
0
33
29
9
0
3
0
3
0
10
34
537
78
49
0
0
11
0
8
0
0
481
1082
0
79
0
0
2
3
0
19
249
0
0
38
5
363
55
63
0
0
154
462
9
29
1
782
0
18
0
0
2
2
0
4
338
771
120
36
19
0
0
2
0
227
88
0
0
7
538
2
0
59
0
0
147
98
0
240
17
0
886
5
0
54
0
0
0
4
0
786
0
3
0
1
1
0
0
27
0
0
452
0
2
0
0
0
0
33
2
104
43
11
4
0
5
0
0
0
1186
265
6
18
10
244
0
15
8
0
0
0
0
0
0
4
1
0
0
2
0
32
0
2
204
19
13
1
0
11
0
7
0
0
0
3
0
0
0
26
0
18
39
4
0
0
1
0
0
0
1
91
13
0
0
5
0
0
0
0
0
13
99
0
0
4
3
910
0
3
26
105
8
10
0
0
0
0
0
0
0
0
8
21
0
29
23
0
0
0
34
0
155
1
0
2
651
41
0
0
0
50
20
0
0
40
946
3
7
0
107
20
1700
93
462
2
7
375
17
0
692
0
0
15
36
0
10
43
0
0
147
0
7
0
10
8
0
21
0
0
0
0
23
0
0
0
4
0
126
127
80
21
0
0
4
234
0
94
211
0
0
0
0
14
0
0
55
0
58
0
0
26
41
1364
11
0
5
3
1
0
75
53
1027
2
3
6
1
0
0
0
0
0
37
669
0
0
0
0
0
0
87
147
4
34
0
940
86
0
0
3
281
2354
0
330
0
0
45
278
24
0
19
22
0
5
30
36
0
0
23
0
0
2
0
16
342
171
522
0
0
114
0
8
3
12
0
0
49
0
0
0
0
51
32
0
10
0
0
16
393
0
1
1
4
4
2
410
1
0
228
697
1162
589
2
0
79
5
25
0
6
0
151
16
0
0
0
0
23
0
8
0
0
0
46
3
486
2
7
0
44
7
3
1368
1
2387
0
1
0
140
25
33
0
890
0
0
43
59
492
15
5
954
48
21
0
47
10
521
12
5
0
0
0
13
895
0
99
0
71
33
0
1
53
249
0
97
7
778
304
11
1
3
31
2
2
7
0
410
296
252
7
88
0
170
5
47
0
0
203
66
0
0
0
333
0
0
0
40
11
174
0
536
0
0
2
0
8
79
1
279
42
25
15
361
140
104
22
13
0
93
0
0
0
194
0
0
40
0
0
0
112
0
0
4
0
0
0
44
1094
25
0
430
256
0
792
0
0
2
0
0
352
136
0
114
31
0
0
0
0
1
49
28
48
0
150
1
0
0
0
9
0
453
0
1
375
0
1
0
13
0
0
0
45
52
2
2
2
0
122
0
0
389
0
5
0
38
1
0
36
0
82
0
6
114
2
11
0
4
0
386
16
285
0
0
469
156
4
53
15
0
2
0
0
68
10
12
0
0
0
0
47
0
80
0
115
2
39
31
23
0
21
0
0
8
0
15
32
25
76
828
948
35
86
0
0
0
12
1
233
0
0
5
0
660
10
11
614
67
476
319
1
2
10
0
105
0
37
3
0
449
46
5
2
78
29
0
2
0
76
88
266
2
0
0
0
137
0
3
0
531
22
4
17
29
0
75
4
32
28
0
0
17
0
0
236
397
0
48
0
138
10
0
0
2
2
377
0
2
0
0
0
0
0
0
0
3
1
3
1
12
504
245
289
0
0
0
0
45
59
0
0
0
0
0
100
173
0
0
3
45
2
0
0
0
12
5
0
0
0
0
3
0
2
18
0
0
11
44
7
4
1
0
15
146
23
0
35
0
224
3
0
0
0
1
152
0
264
1
179
0
116
27
5
102
377
497
0
4
36
0
0
0
61
0
10
22
5
4
27
100
1
0
21
395
0
38
0
22
927
0
0
0
41
8
7
113
47
46
30
6
9
0
6
38
0
461
3
4
0
71
1
2
11
0
2
94
37
115
0
4
0
0
0
25
60
1
139
0
0
249
2
740
0
0
24
709
0
0
17
3
0
0
29
0
2
230
12
1
0
0
0
15
0
0
0
0
0
4266
2
39
0
0
0
12
248
26
117
182
144
1404
90
0
63
0
613
35
0
274
0
122
0
35
0
124
0
63
0
0
0
0
0
6
0
1
10
53
0
0
0
0
128
12
26
422
0
0
0
168
0
0
0
0
14
0
161
2231
1
210
2
0
22
82
5
0
0
29
1
0
0
0
210
0
0
0
51
0
1
3
0
0
0
2
148
52
84
0
4
472
0
0
4
1
0
944
0
2
0
149
0
310
112
13
0
1
3
2
0
2
0
0
220
70
227
0
158
0
0
18
1219
5
32
0
0
5
0
5
0
0
0
0
302
3
6
79
0
0
0
0
0
1
1
2
790
0
0
20
0
477
0
3
0
0
426
0
224
39
0
0
2
0
0
0
915
0
0
0
0
0
0
3
0
2
42
12
0
0
4
0
199
15
0
82
0
50
20
0
90
0
0
0
0
0
52
0
0
0
1
0
1
0
0
23
0
454
0
3
1121
0
0
0
90
0
0
16
332
15
135
1
3
20
0
1
0
0
2
0
4
96
14
9
0
0
0
4
2
0
0
9
0
1414
0
33
324
2
0
0
0
1
0
0
499
0
3
508
0
0
0
0
434
1
0
0
0
0
4
45
25
2
3
2
5
1
0
511
0
36
0
9
16
0
0
4
57
14
3
10
73
230
0
8
4
106
14
0
8
0
1
0
0
0
0
0
0
409
0
0
0
0
2
65
0
0
4
298
0
0
0
0
283
4
0
0
0
277
525
0
11
0
0
60
66
56
290
0
0
0
0
20
0
3
366
21
47
17
0
671
426
4
3
0
19
1
0
0
37
185
0
0
0
0
0
0
206
0
1
1
0
0
456
26
0
283
338
129
106
0
13
3
5
15
14
0
85
153
0
69
68
134
726
0
0
414
0
13
1
0
0
0
312
0
792
0
77
602
26
116
0
0
0
1
36
0
23
0
1
0
117
2401
0
428
176
4
0
10
0
60
0
1
0
0
1
0
263
7
1
0
0
0
0
112
0
15
54
0
994
0
6
0
0
71
37
0
86
1
0
3
0
0
0
0
0
2
0
218
0
118
0
14
11
180
91
0
50
0
0
0
0
0
0
107
3
0
35
56
1
1
127
0
0
0
0
9
16
0
191
167
0
54
116
2
1
60
657
0
0
0
10
0
0
12
670
50
0
0
0
3
8
0
37
143
860
2
244
30
267
19
0
0
0
0
0
0
351
1544
0
0
0
0
0
199
194
45
5
0
3
3
16
350
0
3715
0
0
805
453
0
0
0
0
0
0
10
105
0
0
5
0
0
258
0
0
48
43
0
478
0
363
0
139
1
0
0
0
0
1
229
1837
0
345
0
216
22
127
652
0
1
4
0
167
136
0
121
164
13
2
4
13
449
196
2
0
0
70
0
0
0
0
0
0
0
12
0
0
12
0
16
0
0
0
1069
0
0
0
497
4
14
0
166
0
0
3
1235
0
0
5
874
80
0
2
2
2
0
43
205
1177
0
0
113
0
643
4
3735
0
2
234
0
0
0
0
2
0
0
10
1
47
0
540
220
0
22
2
25
0
82
0
115
596
2343
5
279
506
0
0
2
20
2
158
7
0
0
0
0
0
263
0
12
0
0
4
49
0
0
57
18
9
7
14
126
83
2
1
0
0
4
402
0
134
21
10
0
0
0
503
0
0
129
0
0
0
0
1084
0
37
0
1
84
0
0
0
0
63
0
1
0
323
0
0
38
0
10
4
0
4
137
3
0
185
314
0
0
8
13
96
9
1
0
0
59
2
58
0
2
10
21
0
0
430
87
0
12
629
15
90
398
218
0
0
3
2
0
6
0
358
207
0
0
3
0
26
169
17
0
10
2
1310
1
1
0
0
282
59
98
0
1133
21
0
0
343
6
0
0
1
0
4
352
55
77
12
432
0
0
0
0
0
0
522
0
4
167
373
11
2
52
0
0
0
343
155
181
0
3
0
3
130
2
8
855
0
0
2
144
0
0
0
1
0
923
672
0
4
14
168
0
0
0
0
0
15
580
870
0
607
1
20
0
0
43
0
5
0
0
0
18
6
0
2
0
0
5
112
9
0
0
0
46
0
0
2
0
0
0
860
51
0
0
196
0
345
80
6
0
50
53
0
1
0
2
372
29
0
11
220
765
0
0
0
0
0
0
0
0
0
0
6
0
56
0
1245
0
0
0
478
3
0
46
1
4
0
0
0
0
0
328
500
2
348
0
0
60
0
7
0
3
0
0
19
1
0
0
4
0
0
769
42
18
78
0
0
0
28
0
147
104
0
7
561
0
0
0
225
0
0
1
2
1
725
0
0
503
9
0
0
1
0
0
0
0
2
18
0
0
0
2
0
0
0
0
4
0
0
3
255
0
3
8
0
3
7
0
0
0
56
18
9
0
539
0
5
1117
0
30
2
1
61
0
0
0
18
13
0
15
1241
0
91
0
0
71
8
1
187
0
200
0
0
0
11
641
0
0
0
0
0
36
238
18
0
0
0
47
213
603
1
9
8
2
27
3
1
0
20
66
0
2
29
24
0
0
0
137
0
0
0
15
43
0
170
0
0
42
13
1186
139
32
151
0
0
37
756
0
0
1013
0
0
0
40
85
0
0
28
0
0
5
21
3
41
0
11
0
0
0
9
6
0
1
2
711
0
5
0
68
0
5
6
14
0
1
1
0
54
1
7
0
4
70
11
9
0
3
556
0
69
28
8
0
145
0
0
0
30
121
2
6
0
15
3
366
0
0
0
118
1108
0
0
102
0
149
0
0
0
0
444
2
0
0
5
29
22
8
55
26
0
70
0
0
0
369
113
51
0
22
12
1
46
0
0
23
0
3
0
117
418
0
0
0
116
0
727
0
1
264
0
0
0
0
9
2
0
5
19
14
191
1
20
52
3
544
11
0
0
134
0
0
0
0
523
0
1055
926
112
166
0
0
143
1577
0
1
0
40
0
3
2
0
112
0
263
21
0
157
604
3
0
0
0
1
0
251
2
0
71
0
0
614
0
7
0
42
492
0
0
1
97
6
0
34
272
0
0
0
0
356
275
47
5
2
0
0
10
0
3
0
0
39
0
2
3
18
20
851
327
0
10
135
0
0
0
0
0
0
0
0
0
557
7
129
0
3148
0
567
3
0
0
151
0
1
0
9
7
31
33
202
39
17
53
0
79
0
105
0
4
0
2
0
48
0
0
241
8
136
0
1
0
0
14
38
215
0
0
1
0
0
1372
0
214
38
125
88
72
5
4
0
157
20
0
236
1
0
1
0
120
0
0
9
4
35
0
0
0
27
6
0
12
0
354
0
0
0
12
2
1
6
0
311
0
0
1
67
0
7
107
0
6
2
111
0
0
2
318
0
0
3
325
17
40
55
0
2
348
0
0
476
0
0
0
208
3
4
4
70
0
1
0
0
0
122
26
993
27
0
0
0
0
227
0
14
0
306
63
3
378
0
224
119
37
19
167
0
0
36
543
0
367
1
17
0
58
0
1
1
0
501
0
0
0
27
0
1259
0
6
0
15
0
66
1
4
1
72
0
2
117
1
0
0
3
86
0
17
106
0
0
1
213
74
101
36
4
0
0
12
66
110
0
2
47
1
6
0
5
0
0
448
1
0
21
18
53
0
1
0
0
184
0
52
0
16
51
21
0
0
0
17
2
76
1
23
0
5
0
0
51
0
43
318
0
257
133
0
25
0
75
47
0
32
0
24
0
129
34
11
0
3
201
16
31
2
4
0
68
344
1024
71
0
0
0
0
0
265
236
0
14
3
106
0
18
3
0
0
0
50
0
37
0
18
19
72
7
0
8
37
162
0
134
1
0
0
10
3
0
0
1
1
2
151
72
0
87
34
1749
5
410
1
16
36
0
0
0
0
10
0
1
0
0
0
5
45
4
1
0
1
6
132
0
194
26
311
18
0
686
54
130
1
0
0
0
3
0
399
0
123
15
3
0
2
3
4
0
28
0
19
0
0
2
87
66
992
21
13
59
0
1
4
20
0
0
195
0
0
35
336
0
0
0
530
0
557
5
0
0
18
208
9
0
154
79
0
0
0
2
2
577
8
43
583
524
0
83
2
0
101
16
558
227
0
0
0
40
0
110
127
151
11
9
0
1
0
94
801
3
1
16
14
0
0
0
0
214
0
721
468
213
1
0
753
0
603
0
0
8380
1
0
0
0
28
11
7
0
0
30
0
162
101
0
323
32
116
6
0
327
2
1
217
187
2
0
2
87
8
184
0
2
0
0
9
0
0
0
0
0
41
0
2
0
78
0
126
0
0
301
0
463
98
0
55
0
6
155
0
0
86
53
3021
0
0
0
614
407
0
1
54
1
0
1455
7
166
0
2
0
0
2
169
9
5
12
0
0
0
9
0
2718
2
0
0
0
105
9
0
0
2
3
0
21
0
1
209
0
13
37
5
2
0
892
0
84
156
0
0
2
0
0
270
0
0
18
0
52
0
383
0
1
0
3545
31
123
0
0
0
57
77
78
0
0
0
13
1
12
359
16
607
4
0
0
289
11
0
121
170
1
133
0
3
2
7
2
41
111
22
626
305
0
2
0
0
342
0
0
0
287
26
0
570
19
0
5810
58
366
101
0
6
3
1
0
68
29
33
0
0
38
148
38
23
0
245
0
9
34
8
2
0
0
0
0
12
0
0
0
2
0
509
0
8
0
4
0
0
22
1
0
0
61
0
759
0
0
0
1
1344
3
0
0
15
0
54
0
123
229
0
0
0
0
0
0
0
0
0
0
0
0
0
0
0
0
0
0
15
0
0
0
0
353
0
2
0
0
0
15
3
0
3
0
159
11
0
660
1
0
0
0
0
0
6
0
0
0
160
0
0
0
0
3
1
75
75
0
0
0
0
0
11
2
4
0
14
126
18
0
3
7
296
0
0
10
51
0
0
44
40
0
0
138
27
8
0
1
0
922
212
0
2
127
2
19
0
116
40
0
0
100
18
934
91
0
18
0
0
0
8
0
449
0
0
0
0
0
4
5
0
0
194
15
192
0
0
2
0
0
3
29
292
0
6
91
461
0
0
126
0
0
2
176
2
0
1
333
3
0
0
0
0
620
0
0
20
2
400
1
0
0
3
0
2
4
0
0
0
3
1
0
0
0
41
0
1344
0
0
441
24
0
104
0
161
350
14
72
0
4
24
0
960
0
0
0
1
51
16
8
20
0
0
3
45
0
0
4
0
314
319
185
0
49
0
64
1
0
1
0
0
0
0
1324
5
3
8
0
0
0
0
2
0
52
2
0
325
67
297
105
1
38
2
0
0
50
0
562
0
0
161
0
0
0
1
0
0
0
2
263
0
0
1
1
0
708
0
4
6
0
401
0
0
0
23
1
0
58
0
9
0
99
122
1
0
5
422
0
2
0
0
179
45
187
0
13
10
2836
0
0
206
8
0
0
0
0
1
0
2
263
30
3
0
0
0
170
0
0
11
2969
0
190
52
62
1
0
93
9
0
24
4
705
818
0
56
0
5
0
1
0
0
6
5
237
0
0
0
4
3
1
0
127
12
156
0
0
0
19
15
1029
0
8
0
0
0
0
11
0
0
2
0
627
141
0
0
0
0
1
3
38
191
0
246
0
2
0
14
0
2
19
1
0
2
0
145
0
86
55
0
112
37
0
923
0
0
14
2
97
0
328
0
80
17
0
0
0
0
4
0
13
2
8
0
0
0
0
4
3
65
830
0
192
0
749
0
333
0
0
15
5
13
171
0
136
90
30
0
12
4
0
11
0
0
37
15
65
12
3
0
0
0
4
0
19
0
0
108
0
0
398
0
1
0
0
0
0
0
0
0
27
2
30
3202
133
0
56
0
0
8
53
0
0
0
0
0
4
3
2
0
2
1
5
33
335
4
19
1
9
0
477
0
2
0
0
0
1
0
3
0
0
2
93
286
0
807
0
43
187
991
283
12
0
1
0
7
214
138
0
0
0
0
0
96
0
1
3
0
0
38
77
35
2164
0
0
33
156
460
0
0
14
3
148
1
67
6
738
0
0
42
0
0
5
6
0
126
0
261
57
127
0
712
2692
317
0
24
2
4
0
2
0
0
89
0
0
0
91
0
178
0
4
1
704
366
35
3
0
3
0
2
2
68
0
40
44
0
9
12
680
17
39
9
1
0
0
0
2217
0
72
0
8
640
0
2
2152
0
130
7
224
0
0
0
1
0
930
0
1279
0
0
0
926
0
2
0
130
0
35
1291
0
4
4
4
1265
0
0
0
68
0
0
1
0
0
0
91
0
0
22
33
54
3
1
0
121
353
8
0
0
0
3
3
0
223
0
2964
0
0
2
6
0
0
0
10
0
0
0
875
0
596
0
0
114
1
0
0
3
28
126
0
0
34
0
329
0
13
0
120
16
154
0
200
1
0
0
0
0
0
0
57
0
0
113
0
7
0
700
0
0
0
68
0
0
115
3
0
12
0
96
38
0
4
0
0
0
687
29
6
1
0
0
0
0
0
0
0
126
175
0
84
176
20
0
92
0
177
0
19
0
33
0
0
0
0
38
0
0
5
40
0
27
396
0
0
0
60
127
20
17
0
487
3
15
0
1
0
0
0
3
15
86
2
0
0
0
117
0
0
2
0
26
9
3
0
0
47
6
0
984
23
0
95
102
1
0
20
54
0
2132
912
11
137
10
605
56
0
0
26
0
14
321
0
55
0
0
0
12
0
1
0
0
0
0
101
0
0
0
5
0
0
0
1
0
0
0
155
0
16
0
27
0
0
3
0
0
2
0
0
0
289
0
3241
7
2
7
0
282
1
2
0
0
0
0
0
13
0
0
324
0
9
0
0
3
84
0
575
61
0
0
42
0
2
2
24
0
0
0
0
0
0
80
7
0
0
0
16
24
45
1
6
0
97
8
0
43
16
0
0
92
3
0
0
0
0
33
95
1
22
0
0
0
35
0
0
1
0
175
0
6
339
0
0
0
13
0
0
495
0
6
0
3
0
0
0
552
995
0
9
0
3
15
219
0
0
1
0
52
348
0
273
783
0
0
2
0
0
133
0
0
2
6
0
0
62
0
1
2
943
1
0
0
0
317
5
0
4
0
0
0
0
261
59
2
0
45
0
118
0
1
438
0
0
154
4
241
106
0
0
85
0
0
1
59
27
0
8
0
26
61
72
0
0
0
0
0
0
1
0
0
96
0
0
44
57
0
0
6
0
149
43
25
0
2
1
2
4
0
766
2
166
0
31
0
0
243
0
2
0
0
349
4
21
3
78
1
772
3
0
19
189
150
100
65
0
0
141
0
1150
0
60
19
85
0
0
31
137
4
0
196
0
124
0
0
0
0
0
0
23
1
163
0
4
0
13
0
4
1
1
378
0
0
151
0
284
62
0
317
2109
4
0
0
0
0
599
76
0
0
0
4
0
0
0
0
322
53
0
0
4
0
517
0
107
18
0
17
19
3
0
3
128
0
84
47
2
0
5
242
1
588
0
69
1793
2125
20
67
2
1
12
147
3
1
371
42
23
1
0
40
82
24
0
720
0
0
136
0
0
0
0
2
2
3
4
0
0
2
62
0
6
0
8
0
15
0
3
0
92
0
14
191
0
3
165
4
0
4
19
106
0
0
0
0
0
59
1
0
31
3
0
3
1
0
25
83
233
7
5
0
0
0
0
0
0
626
0
0
2
0
515
0
1
3
18
0
0
1
0
72
0
25
0
0
0
22
19
1
1
0
507
110
1
5
0
0
0
1
10
76
44
0
1310
0
96
114
0
0
88
0
14
21
0
0
0
0
0
29
0
16
0
81
70
0
0
16
76
0
0
0
0
0
0
107
0
0
6
0
67
0
3
13
123
0
102
0
35
33
0
569
0
1
0
435
69
21
0
0
0
0
21
0
426
1
363
158
0
57
51
16
283
0
15
18
5
0
0
54
41
0
213
0
2
260
0
2
0
2006
4
0
0
5
0
0
1
0
296
15
0
0
244
0
0
0
52
1304
0
0
0
0
350
0
0
3
0
0
0
0
0
1
56
0
7
308
0
0
459
0
26
233
0
966
0
268
16
0
0
23
27
69
286
0
59
70
0
8
342
23
2
0
2
0
0
0
234
30
0
0
0
43
431
61
15
895
6
0
2
11
8
2385
4
71
103
0
11
168
8
1054
44
0
0
116
186
0
0
0
3
0
0
0
49
588
131
320
3
1618
207
284
3
98
0
0
0
0
0
277
0
14
0
462
13
0
1
0
29
59
0
0
4
35
1824
151
67
2
0
1
242
0
0
0
0
1
0
21
0
257
161
0
9
0
13
23
22
3
0
0
2
0
0
221
0
2
55
29
0
22
0
0
373
5
916
0
0
77
18
698
3
0
17
0
12
0
0
0
0
0
0
0
35
714
0
25
6
0
6
1
0
0
25
72
33
0
0
6
2
0
0
14
75
16
55
84
189
2
0
2
0
0
0
170
45
158
0
0
46
0
185
0
251
2
554
46
0
2
0
10
41
47
65
0
3106
17
5
0
4
6
0
3
164
0
0
0
1
21
260
0
1
23
2
640
0
895
929
16
57
358
24
3
37
9
95
0
125
582
133
7
128
0
0
0
210
5
2
1
2
222
221
919
1389
0
161
2
494
0
0
0
0
0
4
0
27
0
0
0
2618
330
63
0
630
221
0
7
15
0
1326
0
0
1
1
0
6
56
11
0
0
1031
7
30
1
19
0
2
282
626
0
17
1
4
604
1
436
2
6
120
133
28
52
0
0
0
0
0
5
0
21
267
17
0
6
0
321
1310
0
0
4
27
6
98
0
931
0
0
205
6
2
0
1
0
0
281
0
0
0
3
112
1
0
0
1119
0
88
96
71
91
0
0
132
0
0
0
115
0
31
2
10
0
1064
1720
5
258
19
10
0
118
193
99
0
159
0
0
2
2
136
0
0
0
0
0
0
0
92
18
104
49
80
140
11
5552
510
34
0
66
0
0
1
0
4
0
6
0
0
0
0
49
120
41
0
1
5
18
0
118
37
737
0
8
2
22
0
10
3
10
0
0
9
239
0
11
0
2
395
5
0
0
10
4
454
846
0
0
0
400
0
16
288
51
583
530
0
122
0
152
3
0
0
1
63
2
77
0
0
377
2
0
0
2
0
0
2
7
676
27
28
349
0
9
16
0
252
3
0
0
4
19
0
0
25
14
0
0
206
60
700
1
0
1171
2
0
443
0
7
0
0
0
0
0
8
69
0
1
0
5
0
80
0
0
0
0
0
2
1
0
0
98
11
0
1
4
4
0
21
0
2
2
0
1
2
0
777
4
1
189
0
0
35
3
0
4
362
0
0
303
0
0
0
2
0
9
221
3
38
0
234
49
3
0
19
0
0
0
0
0
0
9
0
0
0
38
0
0
202
63
21
0
2
425
425
0
0
14
0
742
1
9
0
57
117
1019
0
0
59
0
0
0
36
20
13
0
0
0
0
0
207
3
0
396
0
280
0
227
0
18
35
1
40
428
1
807
9
0
0
0
180
0
0
183
0
33
0
0
5
0
525
1
0
0
0
0
2
4
35
0
0
527
0
0
0
0
0
0
23
147
65
30
0
0
23
2021
453
0
31
0
0
0
8
0
0
0
8
19
19
18
37
1166
0
0
0
427
0
4
0
0
1
0
662
104
3
0
0
150
0
0
0
112
0
0
0
0
6
83
0
0
1
0
0
0
0
10
0
0
169
5
49
2
0
0
0
10
3
0
0
3
0
0
0
0
37
4
0
238
0
0
0
0
0
0
0
0
0
0
0
0
1882
0
0
0
55
0
35
65
117
0
2
10966
0
0
0
160
2
0
2
0
3
0
1
0
0
0
201
1
0
1
3
0
3
0
0
0
0
0
0
0
0
117
0
0
0
6
4
1798
10
22
0
13
0
0
0
0
0
1853
541
205
107
3
0
0
94
0
150
63
185
508
19
529
409
489
0
287
57
0
20
0
0
0
2
0
267
0
0
0
0
23
5
348
2
324
3
108
0
0
0
0
15
41
6
0
0
2
60
6
31
4
109
0
6
25
37
0
5
0
0
2
0
3
0
3
0
2
0
0
0
47
16
0
2
0
1277
0
0
2
2029
169
0
235
0
0
0
0
2
567
0
0
1193
3
0
299
0
0
30
40
0
0
0
0
0
202
0
0
1
3
0
0
320
222
0
0
0
0
0
2
0
5
0
71
3
0
0
54
0
0
0
2
411
0
0
323
1
0
0
143
0
1
132
0
0
48
0
0
0
0
71
0
0
0
30
6
0
2
9
0
0
80
15
0
0
0
1
26
0
63
0
0
0
0
700
0
125
0
0
6
0
0
0
0
0
211
974
0
0
0
13
0
152
0
0
0
46
79
0
0
0
229
0
0
165
22
0
0
0
0
0
1024
0
0
0
733
0
0
1
55
0
138
1806
0
0
0
17
0
0
0
0
2
0
0
137
80
0
0
2
3
0
0
0
0
0
0
726
0
50
0
20
3
0
0
0
0
0
0
1
0
0
0
0
5
0
0
1
0
0
3
398
0
89
0
0
0
25
0
4
0
1067
0
1350
0
414
0
1
0
0
0
18
0
8
0
0
0
0
0
0
12
0
1
3
0
699
19
0
0
201
0
0
0
0
0
1
0
8
0
0
105
0
198
42
2
1
0
15
0
54
0
2
1
25
3
0
0
2
0
2
0
4
0
2
1
0
0
0
0
22
0
10
168
14
0
0
0
2
1
0
0
0
652
0
0
0
18
22
0
11
0
1
0
0
3
29
1
0
0
1
0
1485
192
4
243
0
0
0
0
0
0
2
0
28
444
16
154
3
4
1
427
345
0
0
141
2
3
1
0
0
0
505
0
9
0
0
10
1191
0
303
0
0
3
0
390
0
0
0
2
0
262
0
0
0
0
0
0
3
0
2
0
140
122
0
2
0
1321
7
4
196
6
942
1
2
0
0
2
0
0
10
3
0
3
0
0
0
0
0
0
49
0
27
0
10
496
0
1001
0
2
0
1
3
20
0
4
6229
0
0
0
0
0
0
0
1
3
28
0
0
1
0
0
393
0
211
0
0
14
0
578
66
0
297
0
3
485
1
8
0
0
0
0
2092
0
0
0
0
0
0
1718
16
0
56
23
0
3
0
0
0
72
0
42
0
1
4
3
87
3
0
151
0
2
0
0
0
1
0
1
15
219
0
0
0
0
1
0
0
0
0
20
79
0
0
0
0
280
0
2
0
1
0
70
1
0
0
0
0
0
0
3
0
4
0
5
2
6
369
2555
254
0
0
4
0
82
0
0
0
0
0
0
0
0
0
58
0
193
18
4
0
59
2
0
0
0
1022
0
0
107
0
0
10
24
0
0
74
0
3
0
14
750
216
30
6
6
23
0
32
0
40
0
22
0
132
0
578
0
0
295
2
325
131
33
0
4
0
327
3
0
285
95
0
231
6
0
0
60
0
325
0
0
0
2
0
234
1506
912
4
3
1
0
0
0
856
128
160
0
332
7
1
6
7
136
0
1
46
0
14
70
20
0
0
66
5
0
0
0
169
17
87
772
63
115
129
0
0
9
126
0
106
4
0
60
2
16
0
5
107
2
0
0
3
0
38
0
73
1940
1
0
2249
1
0
94
1611
0
14
59
0
0
2
2
12
0
0
0
2
2
4
3
7
27
3184
310
0
634
12
225
936
8
0
59
2
0
0
6
0
100
4
55
5
0
0
39
158
412
0
0
576
0
77
0
19
0
87
123
118
2
0
44
0
241
0
0
0
0
97
0
20
65
144
46
3
2
245
3
265
287
61
0
0
116
1327
4522
0
0
49327
93
351
0
3
0
0
147
267
0
55
28
389
0
0
0
261
0
277
0
0
3001
5
73
2326
3
0
21
1001
0
6
97
204
160
88
576
0
0
770
95
20
0
51
33
1
124
709
0
0
5
184
0
0
0
0
0
0
3
0
0
6
433
29
246
57
246
822
2
10
114
0
29
8
1191
0
217
6
97
0
0
0
91
0
1223
479
2217
0
0
118
200
4
449
205
0
0
0
10
2
764
1
147
2
46
447
8
0
0
9
498
0
1
3
276
3
109
1
0
10
0
45
26
0
328
0
586
21
0
65
31
0
1256
2
1069
0
147
0
5
4
9
313
330
14
0
0
796
0
581
0
0
237
294
41
0
2
135
135
6
143
3
9
0
189
77
0
0
2478
0
0
309
14
130
31
278
0
2
35
15
10
140
0
42
65
2
182
847
218
51
8
813
83
1
582
5
0
297
0
8
18
78
2
0
84
84
979
20
3
0
1
0
652
128
550
155
427
2
39
0
0
0
94
604
41
1
0
37
67
0
8
20
126
942
0
10
237
0
290
27
86
16
0
1
18
6
432
0
0
54
6
10
214
23
0
45
0
195
27
24
0
0
42
15
553
3
0
1
0
11
10
3
212
19
0
0
24
0
1
0
167
1245
3
0
0
0
78
952
63
80
2579
254
28
5
0
37
50
0
354
9
99
93
28
26
8
0
3
315
6
0
16
18
3
364
0
5624
6
53
12
0
0
101
1
0
0
38
0
14
120
13
0
232
0
0
12
0
6
303
0
0
62
655
0
0
26
52
0
0
438
1395
4
1
52
7
0
0
789
28
11
0
13
0
0
0
147
38
449
1
54
0
8
7
2789
0
4
2
12
759
15
3
3
1
5
118
0
486
81
0
9
583
1001
5
0
6
11
3
0
23
0
1433
46
666
798
0
0
0
845
0
0
0
60
20
0
90
0
3
52
0
0
4
262
212
172
57
197
0
1
4
0
130
0
2
378
12
0
151
0
0
0
466
385
2570
234
3
225
25
5
1080
3
0
1
6
0
328
289
182
9
706
12
0
223
0
0
51
0
1335
0
47
35
355
11
305
7
0
5699
0
0
0
31
0
1
1048
0
191
344
484
0
96
0
59
24
2
41
4
116
2221
3
0
1
440
0
178
19
160
2
29
46
4
198
0
0
0
0
0
1667
0
97
0
0
0
0
58
170
666
2
9
0
0
2
0
4
0
0
889
607
2
0
13
0
0
130
0
0
3
0
0
0
76
8
606
85
0
9
0
25
104
219
35
0
0
120
4
0
16
6
2918
18
1
0
312
6
0
489
0
130
0
3773
81
0
27
1
3
314
0
0
0
37
39
80
0
0
197
170
29
0
260
92
0
0
0
1069
33
14
57
352
5
22
0
80
0
130
10
0
1
0
115
44
0
198
157
0
8
0
0
0
553
534
2
98
0
0
97
266
94
2
164
0
242
222
45
0
12
9
0
5
1
0
0
0
1731
17
6
0
0
0
0
1595
131
198
178
0
0
52
30
17
93
10
0
0
0
0
0
2
829
0
0
11
20
63
173
503
0
0
112
1
1481
0
217
0
35
0
196
42
99
1
109
42
76
0
29
0
973
111
44
0
654
514
0
271
0
8
0
8
0
6
899
105
0
453
0
0
63
0
0
0
1067
113
1
4
0
61
927
164
0
0
0
56
0
0
7
184
3
0
0
9
0
56
0
0
0
294
10
0
0
914
1
29
10
12
0
0
11
166
0
0
245
0
0
0
0
0
67
7
0
4
42
0
0
10
0
0
7
0
0
0
128
45
246
0
1
2
12
8
4
1
0
0
0
6
7
0
36
10
0
0
0
0
0
0
0
36
0
0
62
0
0
82
0
0
3
0
39
3
3
2
9
36
15
0
0
0
0
12
1319
0
0
0
0
79
3
57
13
0
0
85
176
4
1159
114
0
61
3
100
0
173
0
9
141
1862
2
0
1
78
0
0
1187
3
235
0
0
44
0
123
312
2
282
27
248
1
0
86
145
31
0
0
24
900
24
9
49
44
0
1236
14
727
2707
0
0
84
46
0
0
3
303
18
14
54
393
34
65
34
0
138
237
261
3
0
0
660
3
0
3
0
0
2
0
0
9
0
58
53
9
230
5
63
0
4
134
50
68
3
0
16
689
6
166
0
18
19
0
2
482
0
139
0
0
0
4
753
0
0
629
0
4
60
0
0
93
9
1888
0
686
0
97
332
46
0
0
0
1
0
2100
0
0
7
3
821
0
0
964
532
4
0
164
2
21
277
96
1
30
148
0
2
366
14
0
0
0
1
0
20
119
0
97
239
0
0
319
2411
47
2724
0
9
0
473
5
198
0
0
29
10
16
3
0
0
0
14
5
55
34
277
0
556
67
439
1076
154
509
0
0
1428
0
1
0
3
267
684
3
0
0
0
1
0
0
0
0
0
0
0
0
36
28
48
125
96
7
9
0
158
0
0
0
0
11
0
100
0
75
1
7
0
1
0
0
31
263
9
2
0
0
0
1778
214
0
0
0
0
84
0
0
0
523
5
1
58
695
0
521
20
0
11
0
118
0
7
0
0
0
0
13
82
43
1
0
53
10
0
168
0
74
0
4
3
1
398
3
1
7
0
0
38
0
144
150
464
1
0
0
72
637
0
13
0
0
0
1
173
0
7
271
0
0
0
0
0
286
0
20
355
173
61
0
112
129
133
1
0
7
219
18
114
2
0
0
0
8
33
73
758
0
2
0
0
16
0
1
0
0
0
0
1
0
266
17
0
1
33
118
1
24
9
0
5
4
218
0
153
0
213
77
0
16
0
0
0
0
0
45
1
0
5
23
68
0
3
53
220
3
27
0
55
1
0
0
0
0
0
0
32
0
0
5
0
3
0
45
0
2
15
0
0
31
0
14
0
15
2
128
16
0
553
0
0
35
3
4
1
13
0
4
0
1
2
13
0
17
56
0
0
0
56
120
72
277
0
0
60
0
39
0
1886
0
110
74
924
1
0
1057
469
0
0
0
696
0
0
4
33
2
1
0
17
0
109
0
29
543
18
629
0
3
4688
134
2
23
0
24
13
0
5
501
0
3828
0
0
225
0
22
0
0
476
0
0
84
0
295
4
5
9
111
13
26
0
2
587
81
7
0
168
1
120
2
82
29
195
12
3
0
0
0
0
0
790
0
0
326
324
0
0
732
0
0
1
8
0
0
0
762
3
427
18
97
841
11
147
0
295
0
17
621
6
0
20
27
3
0
246
0
30
2
2
13
727
0
2090
0
679
14
1
342
0
0
264
0
320
174
0
5
37
308
150
34
1
0
0
49
323
0
0
0
22
330
4
0
0
0
12
513
0
84
1531
59
556
64
27
1154
30
6
8
270
1376
2
0
818
535
140
0
695
203
23
0
1
3
0
1790
1705
355
47
184
0
80
10
0
0
601
32
89
0
264
90
0
26
17
25
466
107
29
143
0
0
64
0
3
1
0
318
0
95
394
41
0
0
0
57
269
2
31
0
6
518
0
975
39
3
0
0
1059
0
170
1249
7
2
89
498
148
380
74
7
2
0
1105
3
1465
58
0
0
0
2
1502
0
1428
91
2454
31
200
290
341
3
242
3
0
0
6
9
38
99
197
0
31
33
13
346
1
0
449
23
0
1
84
166
38
194
0
0
11
2745
0
2
7
0
12
0
376
49
3
9
121
0
141
16
0
0
6
110
290
0
0
0
0
139
0
14
17
27
0
441
0
22
0
0
6
0
13
0
63
2
34
0
100
0
161
0
5
48
3
16
74
14
767
0
0
0
0
133
194
26
709
40
0
0
174
0
25
0
311
251
2
0
298
51
0
157
103
205
2
119
0
2
0
2
0
2
153
629
45
5
2
168
311
1
65
0
35
19
216
282
350
473
1106
1
209
277
1
0
0
19
45
0
401
0
100
202
135
0
53
0
117
782
786
376
0
1148
1118
2
0
0
2
372
0
0
1
180
39
0
0
0
0
0
0
1
0
68
612
94
65
14
27
2051
1
2245
0
0
225
0
7
11
0
0
369
21
3
483
1814
0
27
7
0
223
337
5
0
15
0
0
27
0
92
0
156
8
62
17
0
8
576
74
0
0
226
27
0
1
0
0
84
0
5
0
0
0
1476
1010
54
192
63
0
5
0
0
31
46
702
7
263
288
1
114
81
52
140
0
62
0
0
0
29
2
379
35
21
36
44
26
84
0
1
0
0
0
0
54
56
608
0
4
0
2
2
0
2
0
57
11
42
0
847
5
145
94
0
0
120
1735
34
97
38
0
0
20
0
70
72
15
2
924
0
762
184
19
2
165
43
92
8
7
0
131
21
264
261
0
0
0
630
0
0
2
0
113
1
21
106
0
1
11
0
103
27
0
1184
0
2038
0
128
74
12
0
705
0
0
0
241
0
0
0
0
140
1
447
69
0
276
11
3
24
267
165
32
0
0
3
28
0
0
0
29
379
4
0
6
17
49
0
0
192
140
8
0
46
0
23
2
0
9
0
1333
3
18
0
0
0
19
0
46
0
529
0
0
200
3
315
0
1
0
244
0
34
10
32
5
5
1041
78
9
6
0
0
0
3
0
92
203
36
0
22
1
0
10
198
0
18
31
4
0
23
0
175
510
2040
51
458
1
3
18
0
56
0
18
9
2350
0
45
168
0
1946
0
0
5
64
0
281
43
0
16
4
0
83
29
0
0
7
43
0
1
0
18
0
0
0
0
384
322
6
695
82
0
830
0
5
0
147
228
3
33
66
0
69
6
74
246
335
2065
0
0
7
5
52
1642
80
32
170
1784
49
123
0
2055
209
41
0
0
919
164
1465
0
0
6
0
119
0
1582
16
78
245
0
4
348
164
0
12
119
931
10
1
13
17
0
9
385
11
13
1
6
0
686
110
0
0
85
0
4
1
0
0
63
7
0
339
131
37
1
1100
0
0
109
37
3
4
1
6
0
516
0
158
0
122
0
515
21
418
0
29
0
0
2
0
0
0
0
1
5
77
0
1028
0
70
0
13
77
60
0
10
0
318
58
32
56
0
5
2
295
493
0
0
55
0
6
1
0
0
844
0
115
765
0
42
42
131
0
0
0
0
264
33
14
0
20
0
0
0
0
0
9
83
131
76
4
11
23
0
13
0
12
114
7
0
1
48
170
107
0
0
112
0
0
0
36
0
0
105
18
24
120
2
10
0
485
0
0
5
0
0
129
11
1
0
221
89
239
13
281
20
26
28
5
36
84
0
0
5
0
321
133
35
131
278
0
70
183
0
0
0
0
83
0
29
34
1
0
518
2
74
12
12
6
73
194
7
940
2
410
28
0
4755
24
449
2
693
0
0
993
229
3
0
21
300
1
70
1
0
126
22
3457
21
0
0
0
0
7
937
3028
19
148
27
630
0
397
132
0
0
703
0
90
22
20
338
75
343
97
225
9
0
76
189
32
0
0
0
2
4
332
0
62
40
3
16
0
203
59
251
344
13
52
0
124
2
337
1772
113
1
583
121
53
17
0
46
21
577
29
0
3
0
0
0
2
425
2
24
0
6
96
13
0
0
40
2
226
0
15
3
396
0
447
0
1105
0
0
22
25
1
14
0
423
3636
84
101
30
271
5
712
45
340
1394
4
87
0
28
161
49
0
45
0
25
0
4
8
43
644
10
0
0
0
0
370
40
104
0
91
1167
687
10
0
2
0
66
278
0
65
0
405
338
210
32
618
34
16
0
6
770
3
0
0
0
76
0
0
0
83
0
0
21
695
0
0
2
267
725
204
34
224
20
1329
0
153
21
0
3
53
22
3
0
27
319
5
0
0
373
1
957
4
50
0
3
2341
0
0
18
12
0
13
2
132
139
97
0
48
0
3
113
115
3
3827
2622
4
593
136
0
4
0
75
399
41
0
8
0
111
7
1566
12
250
62
2
153
0
701
31
21
179
0
17
0
8
2174
0
21
0
0
27
1356
98
36
323
0
0
2
0
5
0
91
271
0
17
162
0
2
0
2
390
0
13
114
74
281
3
1
5
5
9
726
136
0
136
70
7
10
0
0
0
462
115
12
298
4
1208
35
6
290
243
0
0
12
427
2
159
0
2
0
0
258
0
1
25
0
0
0
0
42
24
221
43
883
0
0
0
74
0
0
12
754
0
0
1
0
0
0
392
4
2
2
0
27
1
0
0
3
918
7
30
0
82
0
0
0
1064
0
3
744
0
0
0
362
49
883
26
3
0
58
166
37
0
117
902
0
0
1
56
4
0
23
7
2902
0
19
78
50
0
0
0
33
2
442
16
48
307
608
0
0
434
297
0
0
0
29
273
2
68
0
110
358
12
21
8
0
44
7
17
0
189
0
15
0
0
111
77
33
198
0
172
928
32
0
293
0
79
0
322
89
195
0
2
141
864
0
76
2
1
0
156
0
0
0
21
364
4
0
83
127
545
15
66
0
326
0
53
275
276
1
0
0
152
126
978
57
0
58
0
37
0
0
17
0
0
0
0
0
195
17
0
0
0
368
25
0
22
0
4
1
247
18
2
0
1
438
1525
69
1378
0
0
0
0
0
334
0
0
68
13
324
0
0
32
0
0
0
226
472
0
0
1237
0
2
2
0
5
0
19
0
0
17
2
0
40
78
3
83
74
0
45
0
0
2
295
0
385
903
0
148
0
73
0
20
0
114
0
95
128
0
232
16
0
81
0
4
56
178
0
0
136
3
0
0
213
0
8
0
765
171
52
412
0
0
0
6
194
66
39
165
6
0
2
1
0
0
369
196
1
698
4
72
7
16
0
0
75
223
2
0
3
100
36
4
0
62
241
95
1
218
94
0
0
8
6
167
777
373
0
4
470
0
605
0
0
0
14
219
31
505
0
2
2
0
0
0
61
8
0
0
175
0
0
0
138
0
0
306
0
0
0
1675
0
38
326
0
54
0
9
0
0
72
0
30
9
90
70
566
0
227
0
197
4
1
0
0
0
2
30
0
8
0
23
0
0
0
15
0
353
112
1628
1
26
7
100
23
1166
0
29
1
0
0
219
0
151
0
0
149
0
152
0
0
0
13
527
280
184
88
41
55
0
5
17
1
32
0
3
77
125
18
0
6
0
1
94
58
23
236
2
274
0
6
115
0
1150
0
657
2
0
866
0
148
41
430
0
21
0
7
57
1692
167
10
14
0
0
0
0
1
88
469
174
7
728
267
173
0
263
133
50
95
0
15956
21
83
2
199
353
169
2763
0
269
107
17
28
56
0
190
11
0
502
95
0
170
206
8
227
0
0
2
656
1
21
58
26
99
14
1
0
0
6
0
0
60
138
67
5
1829
0
1
0
0
49
376
17
36
3819
0
4376
1
0
110
0
5
7
6
0
0
0
592
381
15
0
44
224
651
0
75
163
262
0
264
0
0
3338
5
1
0
1
0
6
0
0
205
0
8
53
1848
22
186
31
0
559
655
946
185
141
0
134
604
1
0
35
37
757
0
0
689
54
0
5
0
1
0
154
15
501
1
3
97
1
11
10
2897
292
2
0
0
11
226
14
0
0
65
0
0
0
39
222
1909
45
198
623
0
1
0
120
0
0
3
9
3
224
0
0
210
430
68
0
925
703
82
85
14
9429
3
0
0
1
2443
0
0
0
14
0
0
0
0
13
186
25
0
10
1
371
6
0
120
1010
0
955
17
43
7
0
0
2
43
31
9
0
5
0
0
23
0
3
0
292
232
35
0
183
295
0
0
296
65
0
141
245
12
0
14
0
0
0
0
210
675
0
1
13
224
32
0
354
0
3079
17
0
0
253
0
3
56
72
0
59
51
128
989
230
0
0
24
0
1
0
0
134
2
0
127
0
6
0
348
0
84
3
0
5
0
64
26
92
53
2
0
159
0
8
0
0
1
10
4835
12
6
3
37
0
125
0
2
85
17
53
36
742
0
0
51
30
42
203
0
109
35
0
6
1191
103
85
37
0
2
0
0
0
3
26
3
48
0
10
0
1
67
138
461
14
0
1
94
314
176
3
181
4
11
6
0
97
0
0
7
1
0
0
21
25
0
115
21
0
0
0
0
0
406
1
216
6
1
0
133
10
320
13
1680
51
135
2
5
107
0
0
0
0
0
106
0
12
13
0
0
0
22
601
1
0
0
0
836
1
0
44
0
679
200
0
748
1
8
2701
0
241
16
0
0
16
2
7
7
31
0
2
6
193
1147
162
106
601
0
31
162
525
19
1702
43
0
11
235
443
35
1810
3
42
27
0
0
0
21
359
386
10
863
384
1
0
0
198
0
0
0
13
10
1769
20
0
2
56
477
244
10
12
0
7
2
67
0
207
292
28
14
303
1
82
0
7
0
3
1163
491
1191
0
239
0
122
98
164
0
0
5
0
0
0
783
0
120
134
7
20
1929
56
345
49
279
11
0
18
18
2977
5
4
0
128
0
229
1067
112
0
77
4
333
3
31
0
372
307
16
0
5
153
272
0
20
0
149
56
0
0
40
0
5
0
0
1
439
0
2215
0
0
27
3335
0
60
3
2
18
0
125
0
1
13
412
3
0
396
234
174
118
5
5644
314
28
6
0
0
46
0
0
212
0
0
1
96
23
4
602
0
2
16
10
0
159
0
1415
43
96
505
247
739
0
175
0
101
0
655
13
491
0
0
0
0
1
567
16
0
1
575
33
489
0
361
137
208
38
50
3
0
24
0
6
0
1
0
169
0
0
427
0
25
177
698
28
0
0
18
38
0
0
0
31
405
12
0
664
164
253
0
0
0
153
6
0
70
87
3
0
0
212
3
0
37
0
1
125
29
2
0
53
1
809
8
69
3
0
11
0
0
64
0
45
0
67
234
2
0
447
0
294
0
128
3
0
19
16
191
215
592
0
0
0
122
0
0
99
1
685
145
3168
0
22
9
87
119
83
0
1
0
98
37
0
1
3
2
0
6
1
0
269
80
0
5112
1857
10
0
0
0
392
0
87
0
921
93
0
0
2988
149
0
0
10
292
14
0
0
53
11
0
291
839
0
886
0
0
437
243
169
32
0
1
0
1017
1908
0
94
0
357
0
0
1
2607
751
0
0
0
1481
100
2
373
1
0
1
6
5
117
490
2
114
0
0
0
0
0
0
71
30
0
62
10
50
1
0
110
27
22
0
403
0
90
0
65
3
0
1396
6
0
0
46
36
0
349
2195
2
119
54
14
388
34
0
0
64
2
16
471
0
12
3
2
1
4
146
186
397
0
0
76
198
276
29
0
215
124
395
5
0
302
62
34
0
15
14
112
236
0
129
0
34
6798
1220
169
0
127
1
510
170
0
0
216
333
20
74
31
13
0
4
0
1
2
1
0
30
601
137
69
0
0
0
0
89
9
902
0
1
0
0
0
1
50
1177
0
21
37
0
27
0
0
547
189
0
4
9
0
67
600
57
73
0
236
0
0
81
0
2
31
3
9
113
21
0
0
603
2
0
2
0
728
0
18
221
0
0
113
15
220
0
16
3
104
0
81
1
0
0
0
683
3
0
323
50
40
1
801
0
48
0
167
22
19
6
28
10
6
1272
23
0
4
3
0
19
1
0
430
29
42
220
0
6596
61
30
201
1
20
7
0
154
65
42
0
105
0
7
101
763
9
99
14
11
207
29
2
6
83
0
1
1
268
1195
0
37
166
153
250
0
0
0
0
33
1
1950
0
89
0
16
501
52
30
177
0
51
0
26
0
0
21
0
3
0
206
132
3
7
1678
1
0
0
2
37
207
5
0
311
0
41
78
306
397
8
100
0
33
594
43
282
0
0
7
54
0
0
0
291
12
615
765
0
16
0
3
35
6
106
0
0
164
117
141
1
0
79
38
578
0
0
135
0
8
3
0
432
15
322
1
3
0
0
7
1
585
299
0
7
22
93
410
80
0
0
18
108
6
16
2
1067
5
202
0
136
2
0
0
19
0
742
684
48
0
34
0
0
539
0
0
57
0
3
0
5
0
40
0
0
11
0
0
949
294
13
538
0
2
0
847
0
8
0
75
0
0
37
0
24
0
254
665
0
0
1933
0
0
7
43
224
0
201
37
0
0
3
0
469
20
22
11
0
49
0
1
0
2
0
125
8
0
1
0
0
0
0
10975
0
9
1
1190
4
33
0
0
1301
97
25
5976
82
3
1164
0
6
15
56
37
0
604
0
351
0
0
409
0
156
0
3
12
712
59
2
0
42
181
479
440
65
0
0
313
0
0
0
93
13
18
3
11
0
5
97
34
155
160
0
0
2
41
74
29
1878
0
38
0
51
0
1009
39
24
48
840
0
213
25
0
97
318
3
2
11
77
79
113
0
0
0
0
48
713
7
15
50
17
1248
5
6
412
25
455
28
0
489
0
48
4
51
516
9
73
13
398
0
50
7670
2
0
0
186
0
81
216
4
105
132
1119
684
0
0
79
0
1
29
443
23
40
0
21
220
0
0
62
0
0
0
0
0
0
3821
0
0
0
1414
0
64
0
64
2122
0
0
11
2
15
1
0
6
45
97
371
1
0
77
178
94
286
273
30
0
57
1
126
667
0
221
0
25
1430
0
151
32
0
4
124
12
96
41
6
0
57
0
8
0
0
0
323
0
0
84
250
0
13
2
83
3
127
26
37
4
0
995
0
838
0
1343
268
0
31
579
0
120
14
5
0
356
0
57
158
2880
4
0
0
12
14
501
0
6
0
508
0
0
0
0
394
0
1872
0
5
67
0
0
1
121
0
48
0
201
0
0
143
0
25
0
10331
1
21
2
0
0
0
131
3
0
0
57
0
3
0
3
598
0
440
108
178
0
0
140
90
0
1
0
0
6
0
260
193
4
0
430
0
0
311
0
496
0
3
187
0
0
24
173
1
512
0
11
0
0
0
0
0
342
0
1
0
0
266
14
0
650
0
0
9
44
36
2
3
0
358
6
15
2
39
11
0
0
32
96
0
58
48
4
114
2
0
946
2518
0
3
0
0
258
2
35
8
43
0
0
21
6
590
63
2
5
2
173
1
11
130
46
34
9
2
29
0
8
166
8
0
161
632
0
167
0
0
13
175
0
5
0
24
145
2
169
0
44
0
0
0
13
550
0
155
0
0
2
200
0
0
47
37
0
257
93
0
46
0
0
57
14
6
67
92
0
1
8
2
2
7
118
0
0
2
10
0
1271
1
72
0
251
0
65
34
732
3
2
25
0
918
10
20
64
0
2
6
6
872
0
0
25
0
14
156
56
382
175
0
0
323
0
16
3
658
2363
685
0
27
28
263
122
0
0
5
75
18
34
9
146
63
1916
111
391
249
1370
514
0
3
17
4
91
338
2
156
0
15
38
0
4004
4
9
2
33
69
0
3
410
0
30
0
15
0
1
0
333
0
21
0
3
0
4
30
10
0
408
4
146
0
326
1
0
3
1
202
0
12
1
21
181
0
310
400
0
35
2792
27
25
10
0
0
0
282
2
0
0
36
4
5
0
0
99
546
235
0
0
0
0
38
0
3
0
0
0
0
40
20
2
0
1
314
1
0
0
7
360
832
378
921
0
4
172
0
0
0
76
1075
165
13
3
132
0
0
30
108
0
9
0
0
6
0
0
16
0
2
0
4
7901
0
91
40
1
36
21
843
779
1338
0
0
0
416
0
25
83
1
0
1
65
174
18
0
1
83
6
750
110
0
2
26
0
0
111
12
0
19
0
15
5
0
23
1605
122
20
169
26
43
217
998
8
15
0
3
17
0
432
44
591
1422
0
2
14
22
222
2
2
0
123
95
35
203
30
341
0
0
68
4
3514
10
0
0
1
7
0
14
2
76
55
0
114
0
310
252
42
274
0
31
9
96
94
2720
726
0
0
356
10
49
0
1385
0
0
2346
0
0
6
0
0
1
14
0
640
0
4
238
1
0
0
18
1
2
11
0
0
187
0
80
155
5
0
0
1606
14
2655
2
53
0
274
127
0
0
181
62
1
22
0
2
112
8
31
0
0
301
6702
4
50
122
945
0
8
3528
0
0
797
186
1
554
17
2736
3
0
0
354
9
178
4
0
759
4
58
0
0
0
2866
1162
24
7
249
7
1188
2007
61
0
1587
0
0
9
0
145
0
0
1004
0
0
36
299
180
0
640
7
225
6
16
19
0
83
0
1421
294
166
0
0
9
0
973
0
1
1275
208
0
0
30
8
191
2
842
158
91
368
0
0
1267
587
183
107
0
0
229
668
343
0
0
87
124
4
0
4
0
175
0
8
6
1343
363
0
0
3
1
8
396
240
0
232
16
0
74
254
2
30
662
0
0
51
59
60
1
65
0
423
23
40
0
234
9
0
0
91
328
0
1361
128
1
1
272
132
137
66
36
21
3
85
0
18
17
0
12
0
0
4
0
0
0
2292
530
43
2
0
0
0
863
147
34
33
33
3
1035
0
0
6
0
410
313
262
16
0
146
243
179
0
77
65
0
12
0
0
0
1
61
715
138
0
4
133
5
130
0
0
3
11
113
2928
0
0
0
22
89
2
35
0
39
14
7
0
520
2983
707
0
311
0
12
0
21
0
13
0
551
24
620
172
274
0
291
0
1107
6
725
0
7
81
26
136
368
725
340
959
0
817
0
15
2
34
315
44
665
35
109
20
42
1
0
30
24
40
62
65
0
218
87
0
304
59
19
739
68
563
239
1514
45
510
47
0
3
2
2
11
36
1841
0
24
542
0
240
1
0
45
386
179
0
0
2
0
19
0
46
120
1945
0
3
473
336
0
692
44
0
223
3152
172
111
357
12
1
575
3
946
121
32
224
169
0
0
0
0
3
0
0
1
50
0
0
0
69
0
37
0
0
12
135
0
0
4
37
0
67
0
0
445
2
0
0
544
26
0
3
194
692
0
193
0
501
87
31
71
575
382
9
40
0
1
0
110
384
18
2
1
0
8
0
0
0
0
0
93
267
65
0
3619
0
1
0
26
4
219
1
0
273
0
200
102
27
0
0
0
165
37
2
18
0
1
234
690
0
0
120
0
266
0
429
7
1703
1056
0
0
18
404
0
23
91
0
464
310
8
821
66
0
0
8
0
82
66
448
0
11
0
6
135
0
1229
36
0
0
37
0
4
0
0
267
488
19
1695
194
1793
26
62
159
661
1016
2
4
12
8
28
98
0
468
8
0
0
0
8
0
16
5
3
0
6
12
0
0
322
136
0
0
0
44
15
83
8
255
12
0
0
161
10
1367
15
94
24
311
0
106
244
4
132
45
351
0
819
124
839
0
113
44
0
0
0
18
159
8
120
25
12
7
136
354
6
957
1181
268
0
0
445
9
1
103
0
66
0
81
0
0
0
0
52
12
11
0
884
465
15
2
224
18
0
251
219
0
3
0
57
0
18
1
0
4381
64
0
38
121
24
0
0
72
4
135
421
20
13
104
5
110
0
0
53
0
0
0
57
0
0
4
27
31
0
44
0
57
8
134
200
10
4
42
0
1322
57
0
3
136
8
0
4
55
1364
152
0
0
608
2
0
0
0
468
600
28
0
226
3
0
27
24
60
32
0
631
243
288
0
1
13
11
2
6
61
135
36
1
0
9
0
0
2710
0
0
27
25
919
49
17
5
0
5154
1288
228
86
0
7
0
0
80
0
4
161
243
466
998
1
1271
6
519
1
0
0
3
80
0
0
0
0
0
87
0
101
0
452
7
1
3
88
0
215
16
49
3
0
0
728
185
0
0
0
0
0
16
23
6
134
3
173
8
352
199
11
0
4
0
0
0
59
1
255
954
0
0
0
1733
7
0
3
7
144
3
7
0
11
85
0
3
221
3
0
16
0
46
1614
0
42
347
15
5
1
125
0
0
2
56
0
0
204
0
7
2
2
314
1
50
5
0
0
6
0
1072
0
0
0
0
848
0
203
2
0
72
89
0
0
379
0
22
13
1
303
0
0
146
0
0
19
31
2
10
0
2125
3
19
0
0
55
0
417
75
4
10
51
11
6
19
11
0
0
0
0
740
33
2
0
0
1
17
117
67
14
3
86
289
963
0
0
0
246
68
2
672
931
0
0
190
28
0
0
1
1359
6
18
140
35
4
61
0
2
1
2
7
2
53
33
27
0
188
351
541
58
0
268
0
2375
0
7
1
7
203
51
1326
44
0
1
28
409
2
1
299
0
27
7
9
52
294
11
89
0
0
123
525
1
0
795
7
1109
0
1
1
0
40
3
505
1
21
20
6
3
0
2066
550
0
87
279
29
184
1070
482
67
216
24
0
2
0
0
270
0
101
92
320
10
510
190
216
0
0
0
0
7
22
61
19
1
0
218
0
103
192
0
596
0
0
261
447
14
1103
455
11
15
10
120
0
849
0
0
0
629
0
0
86
0
1
1278
0
24
28
1
1131
0
0
0
880
84
312
333
303
8
508
201
0
492
21
3
98
220
16
148
3
0
26
0
3
944
8
14
9
0
0
0
0
266
26
0
30
102
56
27
230
53
8
1
0
967
194
65
13
4461
0
10
136
0
9
0
110
0
31
0
39
6
0
4
498
11
81
323
87
0
0
18
7
3
149
221
6
1061
0
2
0
16
27
0
0
15
1027
0
14
28
23
0
14
0
105
8
69
13
0
6
322
4
177
302
0
0
204
546
6
0
3577
30
11
0
61
3
599
0
0
2
0
3157
0
0
0
0
414
0
16
15
1
0
38
3
119
67
0
473
66
19
0
13
105
0
99
4
1
58
0
0
0
429
2
39
44
0
345
64
172
289
10
4
254
0
1
2132
0
20
3
0
0
584
27
0
99
2
96
61
21
399
0
42
93
106
170
0
461
11
0
264
0
0
0
578
77
1
162
39
0
3
1
951
2
252
4
0
8
0
26
0
1
97
0
50
243
0
67
0
3
81
53
2260
146
0
1
1
47
24
113
0
121
44
0
3
43
0
0
0
0
15
0
3
61
0
0
0
0
1237
0
13
26
15
0
0
0
252
209
2566
1
0
90
46
11
30
465
78
0
29
72
71
10
0
18
0
17
80
259
1
0
30
2
0
0
10
34
0
0
0
8
0
0
0
10
12
101
63
0
86
76
8
0
3
309
18
10
92
0
0
279
1
7
44
0
1666
0
101
16
13
5
0
0
0
7
0
0
9
0
4
5202
14
117
0
0
0
47
170
93
5329
2
3
28
1
0
299
99
0
1681
2
143
7
0
173
0
0
256
1
0
5
0
22
185
10
419
0
0
831
20
0
1252
0
0
236
215
18
0
2
820
2
516
1003
0
8
3
1611
140
93
0
305
24
0
0
1
2
60
6160
492
0
1310
4
119
45
0
0
43
2
74
279
55
0
231
110
213
34
78
906
219
10
0
336
424
0
46
0
0
0
128
70
137
30
99
0
33
0
18
26
0
2
2
0
89
1
671
0
182
0
25
0
71
3427
0
241
0
50
18
0
29
117
17
13
34
318
0
0
0
0
0
163
0
0
0
0
23
97
19
36
1321
0
0
0
0
0
0
219
0
0
0
11
0
260
0
0
0
15
0
54
111
0
0
3
260
301
0
0
0
0
15
0
0
68
24
3
95
12
795
56
0
17
0
0
579
0
0
24
0
11
0
76
1
15
0
0
0
65
52
127
3
15
0
0
21
0
218
2
58
47
147
804
4
0
2
0
13
0
2
0
1
0
77
94
0
1
5
297
0
47
0
108
233
2
32
29
18
0
12
18
2
0
4
1
0
2
23
3
91
0
0
761
126
152
25
47
0
530
122
1
173
38
220
43
70
0
1
6
17
0
20
3007
2
0
48
0
0
0
130
51
2
2
84
2
0
0
32
2
0
0
190
0
0
0
0
0
5
267
0
934
14
0
67
534
0
19
8
63
0
53
4
1
0
1
128
118
3
0
691
3
0
0
0
0
3
2
0
248
5
0
0
0
0
13
268
0
0
0
14
0
0
63
701
42
0
0
0
0
0
0
11
28
51
0
13
51
32
0
1
156
111
5
0
0
0
0
0
50
2
2
0
90
0
0
1
1223
0
57
12
2
60
0
5
0
0
163
210
0
0
1
0
17
92
0
39
2
17
370
5
186
0
17
8
565
847
0
4
0
19
217
7
12
0
2613
0
2
0
6
45
2
26
1
2
203
0
226
13
6
0
14
0
460
3
12
691
10
0
1
54
0
18
57
174
0
0
28
0
544
15
0
0
5
0
4
0
0
3
36
306
1
0
54
5
0
107
0
2
210
0
1
0
224
4270
0
0
0
0
40
0
35
0
87
162
25
1138
3
2
2
10
361
96
23
63
67
3315
542
0
0
0
3
42
92
0
0
22
0
329
3
655
0
43
0
0
1
575
161
0
48
253
2
0
1179
68
45
0
79
13
33
0
0
29
25
1
0
889
14
0
0
21
0
14
81
47
0
3
0
221
256
31
0
0
31
0
43
3
10
0
34
103
2
0
1
0
6
0
0
0
933
0
33
0
28
13
0
0
4
11
89
141
0
0
0
43
3
160
145
0
414
284
6
0
5
0
12
0
19
21
6
0
0
483
9
0
399
0
0
112
0
1
29
96
17
0
402
28
234
0
68
7
7
75
174
1
0
0
0
0
43
0
9
0
8
30
85
12
0
0
0
3
20
300
121
7
0
0
261
160
3
39
185
398
162
0
11
44
87
0
18
147
23
1066
0
46
7
0
0
0
0
10
0
5
3
205
2
3
1
1
56
316
0
485
0
137
973
104
0
8
6
1
10
206
0
0
0
110
0
39
0
48
2
73
1
0
0
515
48
131
4
0
2
573
3
62
0
2
34
79
1
67
0
938
0
21
12
3
2
19
0
78
580
3
0
0
264
15
13
141
1
0
0
5
0
0
21
87
1291
364
11
0
120
85
51
201
0
3
0
0
0
711
0
55
0
229
0
98
120
0
0
0
32
488
139
47
18
15
0
33
3289
0
98
8
0
43
15
39
60
0
2
3
1295
6
0
344
61
0
1400
1
5
47
1
91
25
401
27
6
283
0
0
0
7
745
7
54
0
75
4
6
0
0
0
3
29
41
0
14
113
3
0
94
1125
0
0
194
0
0
0
8
0
4
284
0
853
0
0
2
1
40
12
0
1
254
17
770
288
49
248
2
127
1
572
0
0
426
66
0
0
3
314
0
11
17
258
1
13
0
12
0
293
0
0
9
0
0
83
1
0
6
184
84
4
122
25
4
7
0
0
52
0
137
121
231
1
0
20
936
0
13
0
0
317
41
1
2
1344
162
22
11
0
0
10
0
4
274
0
6
0
129
0
26
0
7
1
0
84
0
13
2
758
1
0
29
0
4
10871
1
74
0
0
0
0
46
267
60
0
423
8
254
5
0
127
0
0
99
22
123
0
4
37
1085
481
68
0
1644
0
239
88
0
12
0
21
17
229
52
29
193
0
0
6
131
1
0
119
4
0
0
26
27
30
0
751
8
233
0
532
116
14
186
338
33
0
0
15
0
2
1502
20
132
100
0
1
13
3
11
0
4
34
53
206
272
0
44
0
0
147
25
14
18
0
438
5
930
0
22
0
24
2
56
114
138
0
195
88
0
15
3
0
0
3
79
184
95
3
17
0
39
16
0
0
6
303
0
0
52
0
0
599
0
780
991
1
0
1207
4
2
142
6
3
297
0
148
0
13
134
1
0
133
0
94
25
0
9
41
6
772
8
2
0
35
264
0
0
0
0
4
214
175
11
0
28
234
370
7
75
886
194
2
0
0
255
128
0
0
127
84
268
0
3
0
63
0
925
576
0
0
33
0
215
0
0
0
0
0
122
20
1
1
0
0
0
31
705
4
0
31
0
11
0
140
0
0
115
0
14
1
268
9
0
0
91
3
593
363
63
291
84
0
245
3
0
119
0
57
0
0
128
0
0
0
1
0
6
1545
0
0
0
15
2942
0
607
0
50
0
0
52
44
71
74
137
3
172
9
13
0
12
259
127
23
12
0
35
24
0
0
0
285
249
201
73
1538
649
2
14
0
0
0
256
55
3
158
979
460
81
2
25
73
628
1
20
9
416
0
307
2
360
84
53
0
5
0
9
946
14
71
9
131
7
422
32
66
0
34
0
6
0
0
21
149
139
0
3
210
0
0
0
186
0
7
111
1621
102
0
495
0
0
30
0
116
0
0
0
6
145
0
13
0
15
69
20
24
0
0
0
126
0
78
10
15
1
16
17
1
34
0
84
0
0
0
4297
48
7
2
0
67
135
363
21
832
0
0
1515
0
1
543
3
8
0
11
922
170
0
6
1655
142
2
4
0
0
0
23
2414
3
1
28
13
0
750
0
0
2
1390
67
251
0
131
4
1427
0
41
38
0
0
0
20
0
6
0
2
286
18
0
1654
0
0
1
15
0
0
870
3
6
5
7
67
0
1
155
343
0
65
7
6
24
93
1104
57
0
0
1947
107
0
419
2563
0
565
635
15
0
1
4
0
22
160
4
0
1
4
0
0
0
0
3
25
22
29
4
0
111
0
736
20
0
50
0
77
34
0
0
591
0
2
15
0
5
6
1
29
495
298
0
15
186
135
46
35067
198
21
79
1347
778
1
18
18
1
77
0
0
91
0
965
1821
0
0
0
35
216
115
170
316
5
2
0
0
459
531
0
1
76
2
3
15
1136
24
98
7
0
0
348
0
16
560
78
0
55
1
0
33
334
0
16
164
821
0
0
872
374
1
1
2214
0
0
173
0
10
2
0
5
0
0
4
315
9
149
0
285
248
0
0
42
431
180
8
83
0
0
45
0
793
63
463
14
0
8
0
3
12
0
0
1
142
1745
587
913
0
71
0
0
189
2
9
0
12
39
487
160
0
25
329
12
381
0
2
83
0
2
0
0
1
611
112
41
15
0
1121
6
0
0
63
3
87
303
0
2
78
2
1
195
0
56
0
0
0
6
0
61
102
0
363
0
0
0
23
0
155
12
800
0
80
979
2
0
0
65
0
23
556
42
3
0
0
0
88
8
57
45
0
2
5321
147
0
2
0
0
1253
6
0
4
342
0
18
16
106
2
0
0
406
0
0
14
1
0
92
0
19
0
508
78
0
1136
53
0
299
0
48
9
0
366
0
0
2209
56
0
0
0
106
241
0
78
14
0
752
1
208
14
13
0
33
0
0
15
0
4
133
1
1
17
0
29
6
0
320
4
0
0
0
6
13
0
1
0
0
3
4
0
4
0
100
13
56
118
2
2
60
0
97
0
0
0
28
0
10
0
1
121
11
62
57
3
3
36
0
245
0
2
246
0
393
0
361
980
0
12
20
0
1
84
4
115
9
0
7
187
2
631
0
0
31
23
376
45
915
249
2
66
0
377
231
0
1
204
8
14
9
433
0
7
97
12
632
73
531
0
3303
85
383
10
0
415
0
177
120
2
0
0
0
135
53
55
0
0
2
193
0
0
5
347
0
1
0
0
492
150
66
157
91
2
0
0
74
0
4
0
34
1
25
387
0
243
0
4
0
811
2
7
0
470
0
214
0
7
3
541
0
11
0
40
2
12
31
42
0
299
2
185
0
0
0
1
71
1
173
3
122
0
50
0
0
3
0
3
3
0
0
364
18
101
0
0
138
40
0
8
10
0
1
62
51
459
903
3
83
7
450
0
95
0
12
1292
49
8
105
3
413
43
3
314
1441
12
1911
2
240
20
0
15
0
15
22
1
1
7775
0
661
1
58
0
165
0
332
292
130
0
51
535
0
744
0
0
1
136
3
0
1
13
0
4
116
0
39
0
1857
8
0
10
0
36
133
0
0
496
9
68
1
39
15
0
1514
3
0
69
257
1
495
3
0
0
1
72
1864
995
0
0
0
0
116
0
5
5
340
412
17
1
71
2
23
5
1
335
0
287
349
0
0
0
123
403
0
0
0
2
36
0
20
3
4
0
3
0
8
79
0
0
4
5
11
0
5
0
0
4
0
186
1
0
0
0
18
95
227
1590
132
16
443
0
0
0
6
0
0
0
4
4
1
86
0
0
0
0
8
0
0
4
3
0
181
1
9
0
0
19
4
7
2
811
347
275
10
33
70
0
2
20
0
160
5
20
0
1
12
0
6
16
0
1
978
0
0
0
0
0
32
0
1351
69
13
490
0
0
156
0
1000
6
0
0
0
0
45
45
0
160
326
505
495
0
0
0
0
0
9
148
0
147
281
1
60
0
37
1010
0
16
35
70
16
67
279
4
43
3350
1138
0
0
11
65
2
0
8
155
2780
3
1
7
1450
0
1
0
0
12
56
351
438
1216
340
5
0
59
0
659
0
0
62
627
0
0
0
155
863
2
538
281
0
630
2
0
8
474
151
189
84
0
568
44
203
0
246
490
1281
0
0
10
0
8
0
0
282
15
2
5
61
860
0
24
287
109
15
4
0
75
1
68
0
0
1
43
299
5
0
7
1
0
0
0
0
144
72
240
246
360
0
115
1
0
63
503
172
63
2
180
9
0
4
14
356
0
1424
19
0
128
0
0
66
0
5
0
0
0
0
81
3
0
0
24
0
0
591
0
1553
0
0
3
0
46
0
2
0
804
4
4
5
6
0
0
404
0
0
0
0
110
2
0
23
57
0
0
323
0
38
1
126
7
0
0
23
309
73
209
628
0
0
51
0
0
12
412
18
0
394
0
37
0
0
0
0
191
249
234
929
7
1
10
26
138
16
54
6
7
53
0
24
0
73
5
556
0
0
180
0
0
19
4
105
139
0
312
0
0
319
0
639
32
7
401
7
1240
1691
0
7
22
0
0
0
0
620
1
197
3375
221
38
40
240
3
6
0
31
18
3
0
2
240
172
61
112
0
555
735
9
49
0
2589
3
0
3
307
0
130
126
883
2
18
8
182
480
1
3
956
19
27
0
4
2033
13
0
658
13
362
207
0
183
3
28
182
826
9
1
7
478
0
0
11
2
2
0
396
0
893
2
0
515
0
2
37
6
127
46
121
797
0
0
40
50
4
2
0
22
0
108
61
0
0
146
0
9
37
0
472
730
0
163
12
51
0
8
0
32
5
61
0
3
0
1
70
0
602
5
5
0
596
0
0
0
0
82
2
1172
0
62
112
146
0
0
2
11
3
0
1
1
173
0
29
0
17
152
0
7
29
24
0
9
1
3
79
9
17
113
3
1279
139
279
0
0
220
41
34
202
0
608
67
0
0
100
17
0
270
30
66
1
0
0
19
606
271
79
5
1740
20
1
239
35
2
0
48
33
662
285
271
1964
627
0
102
49
2
720
124
0
0
0
97
161
0
3
301
205
0
249
0
1407
0
1
7
0
0
200
47
1303
0
130
0
42
0
119
0
0
8
748
97
9
62
166
33
0
0
0
96
11
0
108
0
79
731
0
131
0
95
2
1031
824
85
21
126
0
206
4
109
0
8
3
4
0
3
2
69
8
964
124
0
0
162
53
19
0
0
5
52
326
0
98
0
53
0
1495
43
22
5
0
0
0
60
46
0
83
74
129
4
0
0
3052
2
22
301
0
288
3
20
0
1
0
101
0
113
0
79
71
1000
52
0
0
0
740
0
26
1383
0
16
2
0
0
3
20
12
7
53
11
0
0
19
14
57
0
1
40
1
0
101
19
711
703
15
1
0
18
20
1
884
303
12
94
271
2
0
26
67
0
0
37
588
16
680
0
105
709
113
0
3
214
242
502
0
25
0
245
103
0
19
289
278
19
0
17
0
12
0
0
10
0
9
18
411
315
146
0
506
9
140
0
323
209
0
11
5
53
283
114
310
0
0
29
443
293
7
0
658
24
0
0
0
0
614
0
0
51
3343
0
0
1
7
38
2
928
3
6
0
31
62
50
0
111
302
0
1
624
4
12
6
162
0
0
0
5
47
0
0
77
0
0
63
0
40
249
0
17
8
5
0
0
320
0
5
513
248
0
0
5
30
24
0
11
1203
0
304
87
43
471
0
437
55
0
10221
35
50
0
0
0
0
131
5
18
151
66
0
43
0
0
0
75
5
21
51
15
526
558
2605
278
12
1912
0
11
0
670
53
0
2
184
0
39
163
1
114
19
0
3
102
110
0
0
1
469
0
18
112
2791
0
0
0
0
2
12
23
61
0
5
323
201
0
0
3
0
55
8
64
0
0
601
276
0
0
538
130
0
1
30
0
0
128
3
0
76
0
41
0
136
140
318
9
0
0
0
11
78
0
0
221
2
342
0
0
0
5
0
10
0
7
0
161
5
101
264
6
0
653
10
0
0
7
0
7
0
11
394
42
3
0
61
0
6
1842
752
0
187
293
0
219
0
213
27
178
40
108
0
105
2
0
0
0
212
0
0
20
125
0
14
0
109
454
9
18
0
0
8
0
0
0
7
1
53
0
0
147
267
0
0
0
0
5
0
3162
44
0
571
64
29
0
3
60
140
6
0
0
273
38
0
0
13
10
0
0
0
205
10
10
62
0
0
19
0
0
0
0
52
89
47
2
0
0
0
352
0
4
543
136
2
16
0
91
39
4
0
180
0
109
17
0
8
0
0
295
10
0
1
0
4
1588
10
0
4
0
0
0
98
435
6
219
28
9
30
90
0
0
343
273
0
26
0
194
1428
32
900
6
25
24
0
0
1
72
0
644
0
0
792
1
0
1
0
73
328
0
1
0
0
38
0
50
8
159
274
69
10
408
7
285
2
0
3116
0
5
0
1
0
63
73
776
0
0
155
0
16
0
29
0
2
0
1
0
2
0
1
31
1
149
0
233
45
347
0
102
44
0
23
0
0
373
0
0
304
2
2
3
1
6
0
0
4
1
0
87
0
26
1
82
16
51
0
59
9
0
17
0
0
5
222
988
0
0
0
1
6
0
9
10
1
85
128
0
83
0
26
159
0
570
0
80
0
81
0
0
0
205
11
0
0
0
0
3
0
0
0
6
3
0
1
39
0
47
0
93
0
0
0
0
0
19
250
1
620
186
0
0
3
3
2829
73
59
14
0
3
202
1791
11
0
3
0
0
51
10
7
9263
3
20
0
632
0
2291
105
626
292
4
59
39
12
170
4
1
65
32
68
738
128
0
9
4
2
1964
0
5
0
173
0
0
3
0
3
0
0
0
17
1
4
0
0
1
5
81
137
0
79
301
1947
124
28
2
189
1
0
29
0
0
0
0
1
0
85
0
20
0
26
0
43
0
4
66
89
0
0
5
0
1
0
0
7
106
105
778
0
299
207
29
0
109
6
4
0
1
0
364
35
24
0
1
0
20
46
0
2
33
419
0
100
0
98
178
0
71
59
52
98
19
0
2
0
0
0
1
0
25
0
0
1
172
30
0
0
5
0
2
796
0
0
146
67
0
57
0
37
423
16
30
273
943
523
0
36
2
0
0
77
3
81
476
0
0
31
511
0
0
0
0
0
29
0
2
2280
8
16
5
278
2
0
8
31
283
4
7
751
170
326
144
8
87
0
8
0
25
85
87
1
2
109
5463
676
4
0
148
29
87
0
3
1309
0
16
0
2378
0
3
73
409
63
0
843
0
19
572
0
0
0
35
0
0
66
15
0
0
29
1
3
1
0
213
108
472
123
8
2
0
0
0
33
1547
9
0
0
58
27
0
32
276
9
0
18
0
0
2
0
36
0
788
0
0
8
3
8
3
0
562
0
2
0
1
0
5
0
0
1
0
68
140
6
201
4
128
1
95
82
26
117
0
149
562
0
0
2
16
1210
17
28
9
220
201
1338
0
0
1
0
0
31
187
0
0
15
0
254
2
545
0
61
0
48
73
1
0
160
19
3
4
0
33
5
52
261
1
265
14
1226
5
1
236
3
24
3
0
49
0
0
394
47
1
71
12
10
2457
24
3
0
477
0
1
11
59
0
62
56
0
3
824
0
139
0
7
7
8
27
205
186
235
0
150
1
419
303
354
0
1
77
42
245
0
0
0
1498
0
81
1
11
12
868
0
66
0
278
2
744
0
320
0
37
79
11
4
3091
0
17
0
3505
7
0
4
0
0
0
0
5
127
35
0
3
89
1
68
158
0
34
833
123
3
93
160
28
0
0
0
47
3208
3
4
1230
0
2
37
0
0
0
20
489
0
0
10
0
1
30
38
0
47
0
0
25
67
622
49
0
457
598
0
280
39
0
84
840
190
0
0
79
12
824
45
0
240
4
667
187
1
30
17
0
4736
25
23
20
0
7
1
0
42
21
155
1
0
56
22
47
0
0
87
373
0
8
371
32
1
0
0
0
0
307
319
0
1801
1
10
8
0
0
162
15
10
158
0
266
30
848
382
0
0
1
13
75
297
20
163
0
138
2
1
17
38
261
0
0
29
0
0
89
3
0
0
8
0
0
106
2
0
0
0
2
64
45
0
9
2
5
168
0
266
2
205
27
18
691
6
0
383
1
0
0
3
0
2165
0
29
1
1
9
349
0
162
0
2
2
14
1
0
20
0
0
0
0
22
0
12
0
90
0
0
19
100
1
13
576
0
2114
97
0
4
0
884
0
124
273
0
1
0
32
0
0
2
0
0
25
0
2
1
0
0
0
115
0
3
6
0
1212
0
139
0
347
275
2
0
0
168
4966
315
0
0
47
20
27
0
61
9
0
0
51
0
41
0
246
61
191
0
23
23
0
3
0
464
0
17
7
0
3
0
2
0
7
59
30
48
11
24
130
1
74
1
136
10
143
5
0
2
111
0
0
614
1
3
0
81
351
83
2
0
0
2414
37
8
1
286
77
0
238
74
39
16
8
685
35
1
0
4
91
1
115
70
0
1
7
167
1
2
4
53
5
0
0
0
97
126
676
3
30
0
34
5
0
0
2384
0
307
3801
206
0
0
175
1125
0
15
30
0
22
0
254
1838
15
585
1
1259
236
5
98
14
348
141
44
14
2
7
2
11
2
38
1
4
0
6
214
95
99
6
299
203
445
5
0
70
7
35
22
348
0
5
35
205
5
1
0
39
594
0
0
21
0
0
28
0
0
17
0
0
1
0
0
0
0
93
0
0
0
2
0
0
10
45
20
951
0
46
0
0
11
3
65
0
6
1181
0
0
0
1
0
94
5
0
946
0
15
464
0
160
45
0
24
13
1
10
0
71
27
0
0
321
188
3
707
237
460
0
5
0
0
0
25
0
0
0
8
0
0
9
0
353
394
0
1398
0
0
1
0
0
76
54
12
42
326
0
0
23
10
64
0
26
36
5
0
0
0
0
0
249
952
649
221
0
8
1418
319
15
5
0
176
51
5
149
224
0
101
23
0
42
0
685
0
3
0
0
0
287
490
89
42
0
2
3
3
74
62
6
1
0
6
167
3
1
5
1
0
0
0
10
7
0
1
40
4
6
0
0
5
4
2
0
76
0
0
7
182
5
15
48
2
0
197
100
11
56
96
0
1
1
0
5
11
7
0
644
1
7
3
7
0
87
0
10
0
6
0
1
9
27
9
0
378
0
9
28
1
9
139
2
0
0
0
2
0
25
143
0
0
17
5
48
2
0
0
0
131
4
3
156
1
0
384
0
1135
32
132
2
0
88
6
82
1
0
1
217
8
292
25
24
2
0
0
0
73
0
0
0
0
3
13
28
0
47
0
1
0
39
11
0
0
34
8
22
5
0
115
62
16
46
261
0
0
0
0
3
2
266
0
82
212
0
0
93
115
0
271
3
96
54
3
0
0
194
0
10
3
3
3
1973
0
156
3
0
0
0
3
0
3
96
0
60
12
42
3
30
0
0
0
16
449
62
0
0
3
6
92
0
54
1407
0
111
69
40
4
0
12
0
0
46
0
28
54
0
58
103
0
17
3
7
0
0
0
95
173
4
4
53
228
0
6
0
793
21
30
0
0
29
0
0
4249
30
235
18
32
0
0
24
62
25
28
1
0
0
0
2
331
12990
2
0
0
43
76
183
0
2
0
0
0
0
6
8
10
75
31
9
8
0
0
195
12
5
20
1
15
22
13
11
0
8
54
138
0
3
40
2
814
0
83
846
4249
39
223
4
3
129
23
422
1
12
55
0
38
308
67
225
32
0
0
4537
37
0
80
10
6
1
0
0
2
83
0
123
48
0
10
4
6004
0
3
170
208
0
37
0
872
5
0
0
48
0
0
0
13
335
3
0
0
26
0
2663
0
11
891
0
72
104
0
939
345
16
5
16
0
0
78
0
45
5
52
146
24
446
0
0
26
0
5
21
0
93
189
3
15
709
0
20
0
116
0
0
12
27
0
60
0
0
0
3
111
0
0
5
0
0
550
84
0
108
0
468
561
176
0
0
1
66
47
0
10
19
5
52
5
0
9
0
5
7
0
0
109
0
0
0
42
24
0
25
67
53
0
3
3
0
43
7
17
0
14
1
67
0
0
0
11
92
0
0
25
0
32
17
606
0
12
0
2
275
95
71
40
0
422
27
38
464
54
6
0
2
9
149
30
29
15
1
2847
1702
0
0
47
38
33
99
0
2
0
0
0
0
72
0
0
0
1
0
0
0
258
5
198
4
22
275
3
0
0
221
0
0
16
0
152
9
6
0
57
0
2
0
125
231
0
295
0
182
0
112
152
14
0
0
0
3
0
66
0
0
55
0
0
4
0
0
0
2
0
0
0
9
20
0
458
276
52
0
0
142
0
22
8
0
53
154
1
0
209
0
219
0
236
63
1
106
0
128
0
2
62
49
6
2
252
929
0
861
32
2
0
0
1123
135
4
23
0
42
0
0
0
16
2873
0
0
155
0
159
0
112
0
9
0
150
0
938
1
4
1
6
0
189
243
0
131
0
0
22
39
2
0
1928
6
0
13
119
65
30
745
278
385
1030
1201
18
0
9
24
78
9
0
0
0
92
0
74
0
0
1
8
110
0
4
0
3
3
0
31
2823
272
0
76
18
2
55
1224
55
95
3
22
70
57
0
0
1
498
8
0
0
0
4
0
140
0
0
119
3
30
528
12
0
279
838
4
981
10
53
10
100
0
540
16
0
24
65
6
213
0
27
0
0
0
121
16
0
304
196
0
1140
4
73
0
177
155
0
439
119
1
0
715
0
110
9
140
0
0
12
22
8
277
245
60
631
9
459
13
1
612
241
0
0
0
13
147
2091
5
303
60
0
34
5
2
1
429
0
34
0
0
2
123
0
13
0
404
0
28
0
150
0
0
2
0
0
7
58
29
0
494
1026
0
49
686
0
210
2
0
4
0
17
42
37
113
1706
83
0
41
53
379
0
2
0
3
0
44
1320
11
2
14
315
112
0
84
0
42
9
17
73
1
24
5361
0
0
0
0
2
591
0
0
0
6
0
0
0
0
522
0
105
117
0
56
2
7
20
4748
7
35
0
0
80
0
1
267
1
0
418
1
5
0
17
0
0
378
115
0
0
0
83
31
0
0
13
11
613
0
2
0
0
0
0
2
81
0
0
0
1610
1692
0
19
12
0
96
3
352
30
269
7
0
77
500
0
660
275
1
76
0
2
4680
29
0
250
0
1
10
1
554
9
472
2389
0
0
1
0
1
6
40
10
160
9724
305
0
13
0
0
2
0
64
0
58
12
90
232
1064
1650
0
0
181
0
10
0
543
1225
9
29
0
0
30
0
43
0
10
2
131
18
0
178
39
2
0
9
179
0
0
0
13
0
0
26
279
0
69
47
0
6
80
0
2
0
0
1338
11
206
28
0
1
0
0
0
1189
169
575
76
0
6
1818
724
0
0
1004
1
0
0
20
0
1
0
174
90
65
163
2
361
0
0
9
15
613
51
13
73
0
2
0
3
45
1
242
31
0
13
0
0
0
0
0
3326
4
31
60
16
69
1
0
227
156
37
0
0
0
0
0
167
160
0
0
18
0
3
11
0
496
183
0
0
187
935
66
5
50
4
0
65
0
5
6
2
103
3
0
40
13
0
317
0
53
38
63
196
0
0
12
181
291
50
0
0
14
0
981
605
2421
0
0
12
120
20
16
0
0
987
0
0
3
0
3
0
0
0
1
23
0
4
0
108
0
41
11
0
55
0
337
1236
0
0
0
0
8
0
0
0
166
962
79
3
3
5
281
0
32
969
98
49
2
18
34
0
12
18
4
0
0
1
7
0
20
0
12
244
0
86
114
0
0
0
0
4
7
0
11
157
4
1
7
0
0
0
0
3
115
20
135
684
0
0
297
1893
0
7
24
0
530
3
28
29
303
0
158
0
21
0
414
17
0
0
9
0
2
67
144
9
90
80
529
0
0
14
253
80
0
15
2181
0
205
0
333
1181
130
0
39
26
0
1
879
365
2
0
305
9
98
5
2
9
0
0
0
807
12
170
671
16
55
346
0
72
80
231
0
1
117
0
26
0
3
4471
0
54
36
0
145
50
0
2
10
62
0
277
0
65
0
388
76
210
0
52
2
3
0
0
8
0
592
14
2
4
0
0
2
38
0
266
0
8
0
4
0
0
11
19
0
13
3
145
84
4
142
27
128
108
0
137
46
0
323
37
242
6
542
2
167
0
53
49
3
0
225
1
724
46
178
77
11
0
0
0
0
0
54
1
0
8
81
0
683
180
0
0
577
0
0
0
9
0
4
0
0
0
1
2
0
28
3
182
18
128
0
0
0
2
199
0
8
0
213
0
246
47
0
0
495
0
0
9
0
0
0
20
0
131
0
222
786
0
475
0
55
7
15
1
107
1088
129
139
193
128
149
25
164
0
90
0
539
0
403
75
0
138
0
389
274
0
142
2
116
0
3
807
48
21
0
55
0
0
47
63
0
0
0
0
0
101
0
188
0
194
238
1
0
630
396
0
0
423
0
23
5
79
0
0
239
96
13
3067
615
160
93
0
0
11
0
16
1
339
0
62
113
155
835
0
31
182
41
0
48
28
0
1
195
99
0
96
129
0
0
0
0
8
31
2
0
41
194
84
0
781
2938
725
20
442
1387
0
164
9
39
646
23
53
96
86
0
233
2
0
43
164
0
0
2
125
158
9
3
0
407
15
2402
154
52
169
47
0
0
1590
321
90
18
0
3
62
120
0
168
17
3
76
230
1
221
80
0
3
0
54
629
82
201
0
0
690
0
0
0
2
0
24
1796
0
3
0
0
24
51
0
0
261
7
0
0
601
12
0
18
89
64
1005
224
0
0
0
0
30
28
0
5
4
0
12
0
103
0
0
140
5
4
10
95
0
47
0
7
0
1
154
0
9
0
78
0
394
91
0
62
4
3
39
6
907
21
102
0
166
118
0
4
0
64
22
38
0
467
99
0
150
4
0
0
122
0
48
913
0
0
0
0
0
4
23
7615
26
1
168
0
121
15
6
0
0
26
1
0
0
0
168
14
20
0
153
109
22
0
862
0
6
0
43
24
1887
417
1
0
0
0
6
2803
0
0
9
1911
88
0
0
4
0
2
0
1
217
71
1
18
0
0
93
0
46
0
0
57
182
0
10
38
27
5
593
136
0
379
65
0
0
243
3
3
1
35
0
964
0
0
0
0
8
4
0
707
0
0
747
13
0
1
58
0
0
0
0
1
38
0
29
0
0
102
1795
0
0
453
0
0
4426
144
479
179
9
1
18
5
0
364
0
306
209
0
75
2
0
97
1162
1566
2
0
14
0
0
18
4
152
0
0
0
0
960
539
124
246
20
0
266
122
0
0
4
8
0
0
338
4
80
4
19
4
500
0
0
19
2
7
0
0
0
66
1
0
69
0
23
0
0
1527
36
0
30
0
2
4
69
1
0
16
2
0
0
0
7
0
219
242
461
5
6
180
4
1
0
0
4
0
22
156
8
2
0
27
231
66
0
532
27
6
339
140
0
356
44
0
3
0
3
1
0
66
88
3
43
0
25
0
29
0
20
0
0
1
0
114
0
36
577
561
17
0
0
0
0
32
2
0
820
1156
4
0
0
11
32
9
2
2
1207
9
0
293
85
0
86
2
0
37
0
274
339
0
0
65
0
0
0
0
0
0
186
0
0
26
50
0
26
26
2
190
3
273
2
2
43
50
147
14
0
1
288
82
1220
14
484
7
703
0
402
10
0
71
0
27
8
1685
1099
0
3
66
53
0
0
1093
0
0
243
15
26
2
25
0
0
1
19
0
0
25
86
376
0
0
86
200
216
1
89
0
3
0
11
0
2
0
23
94
12
1
0
12
26
1
0
0
4
801
0
0
28
140
643
37
58
142
149
0
108
56
100
2
1
90
240
77
4
81
0
48
558
39
366
0
0
21
0
4
326
42
0
15321
147
4
4658
129
7
0
30
191
0
369
0
0
0
39
1
0
0
2
222
0
2
0
10
0
148
6
0
0
307
0
0
271
4
97
0
29
0
0
32
0
7
0
321
10
0
32
0
12
15
0
27
0
42
150
0
0
2
174
0
711
74
45
360
137
47
0
9
0
0
68
1
0
4
17
136
0
9
597
0
0
163
2
746
6
247
0
31
612
17
0
0
0
114
726
0
0
0
0
0
0
0
0
0
3
113
173
13
1
46
24
140
333
0
1044
414
0
20
257
322
0
99
19
153
1483
0
19
0
0
0
0
88
8
36
0
0
21
54
0
10
3
0
31
4
1
149
0
0
0
0
0
43
0
0
110
2
489
197
4
0
538
46
0
16
3
44
1
0
0
4
0
0
0
48
0
18
0
1439
613
0
0
1049
0
15
233
1201
33
1
9
116
0
0
0
0
0
149
632
5
123
10
84
81
0
422
46
16
14
0
0
10
0
11
1453
8
15
1757
3
0
4
0
0
1542
134
4
0
3
1056
0
342
0
159
278
31
1054
3
0
91
0
35
1
0
0
1005
0
6
149
34
0
28
5
27
10
0
23
0
22
0
10
749
1102
55
0
0
200
18
0
162
51
11
0
1
0
0
0
15
525
0
240
9
0
399
40
0
0
2
436
6
10
32
209
3
0
0
21
0
1047
0
1
0
234
17
0
1
0
242
0
537
0
0
105
0
0
0
1
0
1305
0
0
0
9
94
0
51
0
0
0
0
68
9
0
15
0
0
11
487
187
0
13
3
0
52
2
3
8
2
267
132
470
24
47
82
0
0
41
5
227
240
0
0
154
61
48
75
781
14
1177
1
375
162
7
0
0
4
0
77
32
116
106
0
223
0
4080
0
0
0
35
11
40
110
0
0
0
2
0
293
222
1
6
0
0
0
462
387
79
4
1264
1
0
0
111
5
1
2
44
317
0
27
32
8
0
0
0
0
557
467
238
37
1898
0
5
100
256
67
1
0
117
485
99
6
0
0
9
0
3
573
0
1102
0
4
23
714
6
173
0
0
5
30
153
0
0
47
5
3176
0
12
186
1
0
15
62
8
8
6
53
0
12
1
3
0
3
0
9
0
0
9
11
0
0
81
0
298
22
4
0
332
0
0
3
336
6
2
0
374
396
13
155
370
100
0
6
68
91
0
8
457
0
9
5
510
0
4
0
0
0
8
4
2565
54
56
83
422
25
0
0
0
1
0
749
6
80
0
191
1
5
108
0
177
0
37
5
0
3
0
2
0
0
0
0
1
40
4
21
0
8
0
35
55
0
7
14
0
0
2
0
0
3
32
0
33
380
2
0
0
410
0
0
4
0
0
12
0
3
43
163
0
2074
246
102
15
0
212
0
201
0
4
0
548
64
99
0
8
7
0
34
0
0
6
668
4
0
11
54
12
563
0
0
489
252
50
0
3
34
61
2
2
0
1373
133
0
0
21
0
0
12
0
0
513
4
180
3413
436
487
45
0
6
49
79
92
0
0
0
2732
220
784
253
4
0
175
209
170
32
43
0
0
13
177
428
0
0
185
477
0
301
1157
0
0
6
52
0
0
389
140
250
165
59
0
0
81
863
26
0
27
195
4
0
9
1
150
231
0
0
53
68
1
1
31
0
201
2
5
390
123
18
0
369
3
0
16
81
19
0
3
566
0
204
0
27
643
0
0
46
0
0
524
0
1
0
11
204
0
393
4
79
0
0
0
0
815
24
43
232
487
34
114
16
104
0
9
33
33
74
4
74
23
388
13
33
184
1026
155
0
233
4
99
74
405
104
9
0
0
181
24
69
0
16
993
224
267
4
78
47
5
0
0
0
13
1066
0
52
150
79
636
0
37
0
0
0
18
134
11
89
0
884
4
0
1
2
67
104
0
0
0
123
0
1
0
1238
82
32
31
0
2
0
0
77
7
313
171
1
0
0
17
0
0
0
289
0
2
131
5
0
22
0
11
0
86
220
1
38
141
0
313
1
28
41
239
3
424
0
31
0
0
57
6
2
45
78
324
206
0
0
0
3
0
23
0
632
0
101
5
3
680
25
124
0
0
112
0
19
146
190
30
41
123
1263
0
436
6
0
125
1004
44
3
0
10
5
0
33
315
2
0
0
19
13
0
24
21
11
55
0
50
0
0
6
0
0
0
145
7
0
534
0
1
37
530
0
0
1
19
546
0
157
13
6
0
15
0
1209
0
3
0
0
270
0
699
0
16
29
0
3495
5
0
86
115
0
0
1
1
229
248
101
135
4
0
0
75
17
2
6
1
1
0
0
86
0
0
0
60
0
13
0
16
25
0
0
121
25
21
5
0
4232
193
72
0
167
118
11
403
14
1072
0
2
1110
1622
361
344
52
0
0
0
28
0
1132
0
0
0
133
0
0
5
22
0
1
4
48
0
0
0
0
70
0
3
1250
0
0
0
0
0
6
245
21
0
211
26
28
0
0
0
0
241
5
593
0
1
0
0
0
1
0
683
61
0
0
203
26
827
0
43
1107
173
0
3
207
0
41
5
12
20
0
0
198
140
0
7
46
1435
40
1
254
0
0
59
39
2
7
0
0
0
0
0
1
258
47
0
0
0
163
89
915
0
0
0
53
0
0
0
9
0
55
0
3
5
13
213
15
10
0
0
479
39
0
1
1183
3
3
270
0
131
8
0
80
30
0
0
0
0
14
254
0
0
0
13
11
2
0
14
439
578
0
15
0
4
0
0
170
0
0
0
64
0
0
0
25
0
12
0
0
8
4
0
0
0
39
0
0
0
35
4
79
5
2
0
0
0
12
2
0
283
0
0
0
204
0
0
305
10
4
19
0
0
11
0
113
88
12
0
367
27
54
4
0
146
3
80
49
1
1
42
636
6
13
3
9
372
0
61
45
0
7
3
6
7
100
383
742
0
0
0
4
0
0
0
17
18
3
34
0
31
1
0
1
2
0
0
7
1361
1
530
124
0
0
3
10
12
0
204
0
0
0
0
4
2
292
919
9
71
14
8
131
4
0
0
108
0
4
30
2
13
0
0
0
9
0
0
6
37
0
105
21
2
1
42
54
0
49
1
0
0
0
0
8
0
0
0
2
134
0
167
5
51
45
0
0
0
0
0
26
0
0
0
34
10
0
800
107
0
0
0
83
76
0
28
126
19
90
452
9
0
0
90
0
47
0
27
5
1
2
0
33
124
103
85
29
0
10
0
0
525
0
164
0
0
7
237
68
3
2757
484
6554
137
27
19
241
782
1744
0
0
0
9
10
2
3
16
0
0
71
99
177
1
37
23
34
122
260
2
0
613
1
33
0
161
0
1166
3
0
70
0
0
1268
534
22
110
61
1986
23
193
0
0
12
29
26
83
5
0
174
826
1
61
3478
1
155
0
12
2
1
0
0
0
23
5
0
211
0
0
61
12
36
0
3
0
89
94
5
2
0
0
0
12
0
19
758
65
9
0
0
61
713
0
181
7
422
62
0
72
3
6
7
0
0
1123
0
0
79
0
87
178
0
3
0
17
7
5
67
2
0
295
20
115
0
114
32
0
98
0
6
1
1
0
0
102
9
288
4
61
0
0
89
0
1
0
69
0
235
0
0
0
0
0
0
0
40
0
593
0
131
3
0
12
0
0
2
73
0
5
0
0
0
0
0
4
249
0
0
125
7
75
0
10069
4
0
127
0
79
6
39
10
8
2
42
84
0
0
105
0
13
0
0
0
0
30
153
0
5
1
4
37
2
0
248
7
10
321
0
0
235
37
32
11
0
13
19
0
0
106
0
27
0
0
0
221
30
314
5
0
102
17
17
0
3
26
5
2
0
0
3
0
0
5
1
98
0
8
0
23
251
329
7
0
0
26
0
34
0
20
0
0
86
0
0
42
2
163
450
236
0
479
0
625
35
0
521
211
177
0
0
0
1388
3511
1
104
20
0
48
6
343
0
0
69
0
0
0
0
2
1
0
0
0
0
110
0
272
0
0
43
0
319
8
0
2
0
0
36
2420
255
421
0
391
284
0
1
17
3
8
32
455
0
9
1743
426
272
1610
0
297
147
0
43
0
0
2
0
1
0
68
0
3
0
12
19
3
685
0
3
30
23
17
4
6
31
1
6
2
0
31
478
0
64
210
22
38
0
91
32
1218
1
0
0
5
119
2
4
78
11
9
0
0
109
119
1
0
126
425
0
1855
1831
0
140
230
4
308
0
1715
0
0
5
0
600
378
3
0
0
3181
379
0
0
139
94
32
16
0
0
4
0
224
350
1
0
0
116
0
52
0
0
209
0
175
4
0
83
286
0
0
0
15
1
34
23
8
68
311
0
77
16
353
0
6096
198
10
274
3
0
20
62
134
94
26
1
112
2281
142
210
2678
0
0
24
0
680
0
13
746
23
0
0
358
265
0
0
0
1
0
123
3
95
908
27
24
0
77
508
9
272
92
2
12
102
365
0
1617
3563
0
0
558
921
108
0
0
0
18
1
297
7
0
73
118
1
0
4
3
0
13
31
0
6
3017
1892
0
1010
671
3
990
109
31
141
4
61
144
5
1301
0
838
91
92
0
870
1
0
334
7
482
24
0
327
135
3
139
11
1577
17
465
12
94
2
34
248
84
1458
29
188
1
34
0
129
0
0
0
0
0
0
49
0
0
3
44
0
0
45
9
0
10
0
0
0
104
229
6
2
0
304
0
0
856
2
0
0
12
1099
0
0
1
11
163
2
0
0
77
0
0
9
1065
11
145
0
0
0
0
0
0
134
11
1
0
6
0
16
86
176
0
35
7
59
11
144
17
5
5
0
4
3
15
0
63
132
0
46
88
0
4
38
0
218
2
50
42
215
14
5
0
93
0
0
5967
5
0
0
50
60
0
658
1865
217
236
91
6
346
7
6
246
104
975
0
181
0
0
310
9
0
17
64
218
0
49
3
0
5
0
0
28
3994
3
71
52
0
0
5
0
1
0
0
92
1095
105
19
8
11
0
12
12
10
7
0
7088
175
94
184
0
135
0
57
288
0
22
7
0
0
0
0
60
92
47
75
430
110
70
23
0
25
301
808
0
3
4
4
1931
444
18
3
0
0
0
29
161
4088
146
10
444
0
6
6
620
61
0
8
0
120
288
0
19
0
0
22
11
35
2
347
266
5
0
0
1
322
8
0
25
65
0
0
37
550
900
0
3086
35
221
0
404
2
18
0
1448
21
230
0
8
0
12
0
3
0
662
104
2
1
54
0
31
1388
88
0
0
0
3
1528
0
542
0
22
223
0
288
6
160
4155
0
442
25
128
0
39
189
0
2
0
698
523
0
0
1
629
0
0
0
33
29
0
16
0
2
27
11
3
21
9
0
0
837
0
306
16
0
1
0
76
3
0
23
0
3
0
0
66
0
2
13
174
133
0
396
27
0
0
123
0
42
0
0
0
413
2
20
0
0
89
0
0
240
73
2
27
0
28
305
1
184
0
7
0
0
541
0
0
0
671
24
0
39
13
32
0
68
660
0
0
0
199
144
5
68
0
38
0
40
0
3
0
0
27
73
60
0
0
0
0
0
25
0
0
18
4
3
372
0
23
0
43
8
7
5
0
0
0
123
0
85
0
0
27
26
15
127
0
5
0
3
157
3
12
1
1
1
0
0
21
9
0
4454
22
0
0
244
605
55
0
10
142
84
56
0
59
75
13
0
84
0
0
47
3
0
12
0
461
0
67
0
0
0
8
207
22
44
240
81
0
0
69
341
0
0
3
0
0
0
1135
164
0
539
12
175
0
0
12
14
0
2
0
0
8
4
0
0
0
0
853
55
19
0
0
82
1
0
16
0
366
0
22
52
5
0
9
159
49
194
0
303
18
220
0
0
17
81
67
1676
21
0
0
0
2
97
0
0
0
18
8
0
149
1
14
1
17
9
0
8
19
0
0
4
0
24
0
0
19
0
23
1
67
0
340
25
69
138
0
0
101
0
98
4
0
1
138
15
171
219
0
44
347
33
0
20
36
545
4
0
19
0
864
0
11
0
41
40
13
33
6
7
13
0
0
1
72
25
85
0
0
494
0
1
34
20
0
0
221
0
0
7
0
0
114
179
10
0
0
2
0
62
0
476
0
36
76
16
277
146
55
3
0
352
9
257
379
1
0
140
0
26
0
697
557
255
2
0
0
36
1
3
81
10
0
0
4
0
0
1
10
0
169
0
9
121
0
27
0
11
0
74
13
0
6
50
39
0
0
43
0
1
0
0
0
0
0
0
1
2
2002
36
421
0
1
0
11
0
111
0
0
24
764
0
25
1
323
81
64
1
0
101
0
15
22
2204
0
1
23
9
0
86
254
0
1
0
0
459
6
92
225
14
0
32
59
2
0
6
0
20
835
339
1
0
2
136
1
4
0
0
0
23
25
3
84
0
92
0
6
914
59
1
8
7
0
50
12
0
24
65
350
44
375
0
8
0
0
145
0
13
2
0
0
0
0
0
0
11341
338
4
0
0
368
3015
4
22
1
5
505
75
0
1250
74
2
0
988
5
0
19
9
0
5
404
4
2
0
0
0
0
1
5
3
3
772
0
2
5302
0
0
0
3
0
1
22
0
2
29
0
19
310
0
0
23
226
146
0
255
2
4
2
0
35
0
152
0
0
0
769
5
151
0
0
27
234
8
62
38
176
0
4
58
34
19
0
0
0
5
0
0
87
293
0
0
0
19
0
25
0
0
968
0
0
0
1087
190
124
6
137
0
292
0
3
138
323
1
16
0
25
49
364
0
0
120
0
12
0
2
57
9
0
0
122
28
75
0
0
94
0
59
1
10
218
2
95
545
16
56
2
13
269
21
19
96
0
1
0
75
111
0
117
0
171
185
1
0
126
161
98
0
0
0
64
470
624
26
1567
0
79
0
1325
4
1068
536
0
3
0
237
0
0
192
18
96
71
4
97
5
0
0
45
0
0
275
247
170
0
0
1505
9
40
0
147
168
297
734
0
0
1
2835
0
528
2
0
264
7
15
0
0
0
0
2
0
1
10
6068
43
26
0
0
141
6
314
2052
105
0
276
93
824
0
0
0
0
105
2
0
0
210
0
243
140
414
0
82
0
167
2
818
0
0
1
166
614
321
9
826
1
0
0
833
65
0
644
0
174
1
4
17
118
0
7
0
0
1
0
167
19
9
328
0
102
13
0
3
70
0
3
0
6
0
2
0
29
30
0
164
56
39
175
1
6
0
1679
537
7
645
0
0
150
6
100
407
0
170
472
5
356
61
11
2
86
0
0
507
2
0
1102
5
0
222
251
14
0
0
1
662
2
106
16
361
406
75
1
0
0
36
5
673
3
54
1
159
39
40
0
2459
264
0
587
15
13
1
2
28
31
10
283
356
561
0
600
0
7
0
1
2
105
120
32
648
10
161
538
348
13
85
9
7
7
0
71
0
0
1
0
5
0
454
0
391
428
0
0
2
56
0
113
18
0
14
3
3
0
0
108
51
1323
0
10
0
0
1289
11
0
2455
0
121
432
0
54
0
0
3
1
23
385
534
47
176
146
350
0
64
73
0
0
9
49
0
0
219
0
211
60
6623
0
6
136
527
20
0
180
0
0
17
4
137
792
267
59
78
21
64
4
1
35
47
54
102
165
7
82
22
0
0
5
0
410
84
101
0
1
0
0
0
0
12
3
210
2
49
0
0
0
1
0
73
2
0
23
8
0
565
60
0
0
0
2
318
0
0
527
348
10
133
0
5
587
122
0
0
122
0
0
0
0
2
0
211
713
110
13
0
649
0
0
14
112
0
1273
40
161
3
9
0
18
0
59
20
33
299
26
0
13
1
0
1117
469
49
2
37
0
0
22
105
3838
0
0
0
2
9
9
67
0
0
102
0
554
1469
1026
0
54
1059
868
321
164
0
0
0
62
32
7
0
37
17
29
2
42
0
2
0
1
57
0
4
88
0
82
18
373
248
216
41
276
0
3771
71
5690
21
69
3
12
255
0
201
153
1089
83
6
0
10
55
0
0
460
32
148
31
223
311
0
529
5
461
1128
208
98
113
0
10
0
516
416
1
1
0
181
2
375
13
0
17
0
10
0
0
48
360
0
0
20
1
36
302
137
0
2
0
0
72
2
0
671
940
127
354
7
6
109
482
97
253
199
0
29
58
41
0
76
49
9
0
181
13
0
0
0
0
6
3
414
4
1103
1169
160
3
735
162
5
3
316
1
0
0
0
0
0
0
6
69
0
4
196
39
0
337
5
0
623
422
691
0
0
0
409
430
453
117
0
543
221
27
195
42
25
0
37
1312
14
380
2
0
5
160
153
103
284
21
283
7
3
0
0
3
0
0
13
94
0
24
18
0
0
0
282
9
0
5
5
50
8
22
51
21
0
0
8
225
0
92
92
44
0
2
0
2
113
0
14
7
0
188
12
1
0
7
896
1021
653
80
5
15
5
583
0
0
17
281
23
0
13
16
0
0
0
52
75
144
106
11
0
24
14
37
1
158
121
36
0
20
0
149
3
0
0
24
60
0
848
4
0
90
8
4
0
109
2
42
413
74
2078
0
0
6
24
20
375
0
769
0
1315
62
16
96
0
848
0
151
35
128
609
0
660
588
0
0
0
0
0
4
0
350
97
8
96
38
0
32
0
36
0
0
0
55
199
256
475
129
668
937
342
0
7
34
0
93
80
0
0
3
8
16
45
0
8
1808
0
51
115
116
11
0
3
0
35
7
102
1
0
298
0
7
0
323
142
523
0
108
0
0
0
0
101
0
61
0
14
0
2
55
83
0
5
0
17
2358
0
219
4
0
14
0
0
0
0
5
172
275
0
7
664
6
132
213
67
0
44
0
3226
262
37
230
0
14
0
2
3
17
0
590
4
115
71
18
0
31
0
51
0
7
38
26
5
2
0
0
0
83
0
100
0
0
0
0
769
0
0
0
34
0
0
0
1
4
0
0
1154
84
533
5318
1831
4
12
0
199
6
0
0
331
295
14
551
2
0
0
0
792
23
41
5
404
75
24
588
27
3
314
442
36
39
0
0
5
0
0
0
0
0
0
22
3
0
0
0
0
0
1
24
147
31
173
104
0
0
0
0
1
0
276
307
0
0
0
0
0
0
142
148
0
0
0
1
7
0
0
0
5
0
0
0
0
0
0
17
101
76
0
0
0
0
0
1547
355
0
720
40
1
1
45
124
457
3111
10
24
0
3
0
0
103
0
24
2
5
0
0
0
0
174
7
0
0
0
0
0
0
6
28
219
0
181
96
0
0
3
1
15
54
0
0
869
0
0
0
59
128
721
23
54
11
84
0
0
1
0
0
125
28
0
0
151
4
0
11
0
0
0
66
1
39
9
0
2
1
0
6
0
0
871
60
780
0
0
0
0
3
0
0
3
0
2
0
0
30
1
0
0
2
0
0
1
0
0
0
71
3
455
0
0
0
0
4078
89
205
63
603
230
531
479
98
4949
13448
511
1
22
19
1
0
0
440
238
78
0
0
0
153
1
0
0
121
0
0
39
12
161
118
0
1
0
0
31
14
0
0
12
6783
12
73
0
0
0
0
8
71
0
1
23
0
0
0
0
205
167
0
0
3
1
163
41
10
7
13
0
0
0
0
0
0
0
0
0
101
49
0
0
497
610
85
199
3119
0
0
9
0
1
0
0
18
13
6
3
291
44
0
0
0
1
22
0
0
0
0
0
39
11
0
0
3
286
64
255
21
46
418
4
587
776
16
2
0
0
0
0
0
0
0
21
0
91
0
0
2
0
0
9
0
0
0
0
0
0
360
74
1297
0
3047
4937
307
0
0
13
15
0
152
2
0
0
645
171
0
0
189
816
261
51
0
12
9
237
0
0
0
0
0
0
8
1
0
0
1
0
0
0
0
0
0
0
0
0
22
2
0
29
73
0
2
0
227
0
0
393
3
6015
505
71
37
0
172
0
0
48
3
7
4
0
0
13
0
0
14
0
0
374
331
2
1087
9
53
0
3
0
1
0
0
4
0
0
1344
950
4
4
59
6
0
0
0
0
22
56
0
0
0
0
8
90
0
0
12
0
0
0
0
0
0
0
0
0
0
12
0
0
2
0
0
0
0
0
0
0
2
0
0
0
1
0
0
1
0
0
0
1
0
0
0
0
0
0
