24_BitB_82_1
9
4
4
965
31
126
5
0
5
8
0
331
15
201
0
0
459
10
5
7
187
24
0
9
0
266
0
43
1
6
42
1
0
50
785
36
0
0
0
0
17
0
0
0
20
328
0
196
9
102
0
43
0
762
2
8
46
57
0
367
38
0
0
2
74
16
0
1025
69
7
865
154
31
6
49
0
358
3
10
4
6
0
11
9
523
5
8
200
15
24
158
0
491
1
0
835
8
3
2708
0
5
0
29
365
42
5
0
0
0
205
0
0
67
0
10
6
0
240
102
437
34
0
0
105
49
238
69
2
484
41
0
8
0
91
0
0
3
121
0
0
9
2
2
0
1997
87
19
16
51
51
0
0
54
7
28
816
3
4
11
310
0
0
3
0
161
9
27
235
6
0
0
4
5
0
0
82
72
7
0
90
143
134
0
40
109
148
209
19
46
10
0
195
22
14
0
171
0
3
3
56
19
79
0
23
11
1
0
9
17
46
0
4
17
0
0
2
177
15
0
67
271
0
2
119
0
4
8
155
2
72
0
0
32
162
240
0
289
14
0
4
0
0
12
441
0
0
80
58
15
2
142
58
55
0
132
17
6
4
0
0
95
81
81
1097
112
0
0
0
34
25
7
127
4
1
34
14
0
7
400
100
847
21
0
2643
0
261
0
0
0
116
3
0
0
79
0
0
18
0
57
5
0
19
0
38
136
0
136
21
708
0
0
0
1
4
1
31
0
172
52
0
81
0
308
50
1
42
2
44
0
38
439
328
51
0
0
286
22
8
0
2
349
99
69
205
0
16
14
56
29
0
225
0
42
10
9
0
738
200
10
4
13
0
11
750
4
0
3
21
15
1047
86
421
36
52
3
7
7
4
0
98
0
177
0
9
962
17
68
6
11
0
154
2
4
139
420
342
66
0
60
49
15
0
10
0
0
8
9
0
0
0
2
126
4
1634
0
16
0
15
0
0
615
88
3
0
55
0
13
337
39
4
26
0
35
107
58
0
193
0
0
4
17
0
755
1047
0
44
825
123
72
0
0
0
24
0
0
3
0
0
0
0
2
3
3
0
0
41
217
0
257
2
94
0
71
0
0
0
15
0
126
75
193
56
53
432
400
0
1
0
11
0
41
73
70
6
0
42
0
1
0
9
1239
7
121
33
52
65
11
0
88
0
26
0
0
173
50
548
10
0
14
0
115
111
0
221
0
5
9
5
9
104
7
46
250
7
18
42
633
131
13
0
3
0
18
0
9
200
3
0
5
0
0
0
29
0
0
13
8
0
2
0
4
80
0
146
0
203
0
0
17
181
154
46
5
360
0
217
14
25
0
25
0
81
0
365
22
36
0
5
0
5347
10
6
0
221
1
101
66
0
0
12
97
0
8
0
16
167
0
2
0
0
2637
0
106
14
0
0
117
15
26
20
0
4
3
19
0
11
14
0
0
10
16
0
0
3
4
48
125
47
124
70
245
0
5
2
2
0
0
6
4
71
281
16
21
68
0
298
1
0
98
21
4
204
0
0
40
0
160
68
8
0
7
0
280
0
3
6
364
0
0
5
11
255
8
115
0
5
9
0
0
6
38
30
23
278
0
195
268
878
40
8
0
0
7
5
27
0
10
8
111
8
2
4
6
0
5
0
77
11
90
6
29
1023
39
67
129
922
2050
9
0
613
132
2
0
17
290
0
0
0
0
1163
135
4
1
21
29
0
74
8
6
15
753
0
47
9
132
2
0
10
2
0
0
558
191
0
0
344
2545
0
48
7
89
57
174
112
2
0
341
0
9
180
0
44
121
0
0
285
37
15
38
73
225
108
30
63
25
0
5
0
1292
0
35
0
9
238
5
0
0
9
71
0
0
0
34
0
195
43
0
72
0
231
65
771
47
25
0
164
0
1
0
0
29
4
127
48
0
0
3
3
2
2
2
148
0
7
0
3
0
261
29
0
7
0
8
0
0
203
12
298
751
59
160
358
81
8
125
12
54
90
0
47
29
0
595
0
143
59
102
2
0
106
0
8
70
0
13
628
26
0
11
0
1
0
246
44
0
7
0
4
505
2
3
967
0
16
0
226
0
5
192
12
133
129
9
7
0
0
0
2
97
53
145
0
0
2
0
244
44
0
0
33
0
5
36
28
36
0
69
0
0
247
1
1
7
0
44
0
425
148
5
38
41
0
11
0
0
42
38
140
156
54
7
51
17
0
890
267
0
166
0
70
0
4
58
494
0
202
0
7
18
6
0
13
8
104
30
4
0
0
11
8
51
0
0
1687
29
0
481
3
12
0
0
3
0
0
454
18
226
110
0
23
0
0
1754
2
695
3
0
4
871
265
132
88
1630
0
66
0
0
2759
0
0
0
2
95
5
6
0
7
3
126
501
206
55
0
0
0
11
5
75
7
0
0
21
543
97
108
11
5
0
49
74
4
0
12
4
3
0
943
143
325
307
6
0
2
5
0
108
0
0
1
219
6
22
0
31
325
390
0
50
468
195
21
9
9
0
0
137
3
2
43
0
0
0
0
0
47
39
6
0
0
0
0
416
353
0
0
3
39
48
0
4
4
4
69
25
0
247
0
2
50
0
4
286
4
311
49
13
0
3
249
0
0
4
0
213
81
72
183
106
71
135
1011
45
225
0
26
0
8
41
0
0
4
0
5
1298
14
726
0
0
8
87
3
2
189
157
318
625
3
84
21
0
47
0
19
0
6
0
3
201
104
28
9
0
436
0
0
0
190
33
802
1112
0
50
833
13
91
17
30
47
174
116
0
5
23
0
40
4
211
1
193
0
136
12
151
285
34
0
733
3
0
70
7
65
735
2
0
0
122
0
245
0
1
21
84
0
108
0
0
34
12
0
0
0
0
0
6
7
66
3
180
349
3
222
799
0
0
751
10
0
0
363
29
6
5
47
0
15
0
136
12
0
0
21
0
1355
0
7
0
18
5
71
23
186
25
0
36
0
11
0
29
39
39
137
0
0
57
0
127
464
2
0
0
0
20
3118
6
0
7
17
22
12
9
4
4
0
11
698
8
137
15
0
0
8
0
22
0
280
0
53
138
0
27
17
195
0
0
0
917
2
4
7
14
0
0
0
101
8
0
99
1
146
0
0
40
11
0
770
2
75
583
6
128
0
116
10
114
0
0
0
44
82
0
0
30
16
4
3
0
7
0
0
8
0
58
0
0
9
37
30
9
6
4
0
91
549
172
0
1
0
23
0
0
530
535
4
57
2783
3
37
169
17
81
49
267
0
7
36
566
4
12
9
17
67
7
0
185
73
13
53
5
2397
83
64
287
81
0
22
0
41
0
1
0
0
88
2
210
1
1121
2
23
334
77
83
5
0
0
0
14
0
111
0
4
226
0
0
0
0
5
6
0
289
0
16
29
0
26
0
0
5
0
0
14
0
6
0
0
0
6
0
0
0
2
130
8
46
0
7
62
53
0
0
50
0
1167
65
0
0
0
0
11
15
162
3
343
0
227
8
754
381
0
0
0
303
0
131
243
718
1021
0
0
0
81
0
38
0
0
12
0
14
686
146
464
6
35
65
0
42
0
11
185
45
884
4
1203
0
184
23
85
0
18
0
11
0
11
7
0
0
158
214
0
181
26
0
0
5
93
340
270
52
255
2385
0
87
0
100
180
42
613
340
4
4
2
219
45
0
3
40
47
45
0
0
9
58
334
0
0
0
44
214
0
523
0
0
1
2
5
18
3136
3
63
0
0
11
90
0
126
0
27
0
3
386
43
0
56
0
12
6
0
291
3
3
5
16
0
1
0
173
21
15
0
8
5
0
5
0
38
0
1
20
0
34
53
72
0
0
11
0
65
4
36
5
11
75
487
19
567
3700
2
299
54
1266
0
7
0
102
6
0
118
0
243
4
0
0
6
0
379
81
0
15
123
0
37
0
2
8
2
13
0
0
333
81
0
0
71
111
404
0
0
26
0
0
0
199
1
80
0
7
19
0
8
0
4
0
0
69
0
0
0
4
4
2490
77
3
0
20
15
97
14
9
40
71
0
39
0
17
1980
105
0
280
0
0
0
32
9
0
0
3
0
5
305
10
0
0
0
0
0
5
0
10
31
78
0
0
152
74
923
2601
34
168
7
5
27
0
5
0
0
0
5
50
50
0
47
47
450
5
0
0
92
52
6
42
0
0
0
160
0
0
107
0
0
0
53
0
0
2
0
4
327
4
6
0
0
25
108
0
4
0
0
48
40
7
9
8
66
0
22
47
361
0
33
368
109
0
5
702
56
148
2942
6
0
0
4
0
5
12
48
4
4
31
0
26
652
0
0
9
0
0
0
13
57
184
0
0
19
0
0
0
74
89
100
254
89
14
0
0
0
181
1
0
6
88
3
10
2
5
6
3
0
0
0
36
23
0
0
5
0
0
0
0
28
3
0
0
4
0
0
4
6
54
141
9
21
0
361
0
13
0
7
53
5
0
0
0
3
556
5
11
0
37
0
397
94
0
0
37
0
0
0
0
172
14
364
174
90
176
0
50
27
10
3
0
362
156
0
12
0
650
7
17
0
11
0
21
0
90
14
0
0
63
3
109
388
35
166
0
0
7
3
0
7
129
170
44
0
46
0
37
0
0
0
108
9
9
0
6
101
65
0
95
39
1478
21
0
62
0
70
6
7
0
21
24
186
98
30
2
162
15
0
0
95
0
0
4
97
646
5
2
2
2
0
0
0
0
0
12
174
13
9
460
241
7
368
4
23
6
0
0
46
0
8
0
0
0
14
6
7
0
18
374
0
39
439
10
0
343
89
0
0
4
8
2
7
112
7
102
0
5
5
1
3
0
0
82
0
0
2
0
7
15
0
2
5
0
0
0
782
0
2
0
14
27
154
178
1522
2
286
32
21
12
72
15
15
160
4
339
654
0
10
109
1
21
0
0
2
308
0
48
20
0
0
563
0
13
31
0
0
147
41
0
12
144
133
0
195
0
93
4
91
19
0
156
0
31
37
18
4
157
17
4
0
854
115
125
3
3909
13
112
8
714
20
6
48
0
177
54
35
5
12
5
66
8
116
0
4
274
282
1399
306
3
0
3
0
22
18
0
19
51
2
326
180
0
55
14
7
0
0
0
0
316
3
56
0
61
0
14
0
0
0
0
5
932
1503
0
0
60
19
0
0
48
15
564
5
0
1
59
17
0
35
12
0
0
0
92
275
3
0
224
38
212
88
24
9
1
23
4
0
23
3
1
14
9
14
81
0
0
0
106
178
0
0
70
5
8
0
202
34
89
0
0
120
0
71
200
0
0
125
0
5
0
152
293
4
0
0
0
12
16
90
0
3
0
383
0
0
0
0
1
0
285
10
73
9
1
30
2571
0
113
0
2
0
49
4
1
737
11
0
14
100
119
5
3
10
4
41
0
26
0
21
0
189
0
0
223
6
3
0
0
4
7
0
28
40
8
0
34
2
0
21
30
2
0
0
135
6
13
0
97
21
3883
0
83
0
39
0
17
1
0
0
7
121
25
743
3
211
0
12
54
0
0
1
0
22
1338
0
25
0
8
0
228
20
271
37
0
14
11
3
0
0
23
0
28
1
8
0
0
3
133
318
34
0
0
114
5
0
43
106
23
83
38
0
586
61
0
12
0
0
2
451
11
132
0
65
4
0
3
129
236
11
340
6
43
0
6
56
5
3
330
0
0
386
17
153
35
0
142
0
8
9
33
4
4
149
0
0
1
9
75
149
29
0
18
0
13
6
0
25
0
60
8
8
351
54
111
0
31
0
0
1107
173
0
6
6
30
160
24
49
410
28
0
0
2
428
187
6
25
0
14
2
0
0
66
216
0
85
0
0
2
10
2
111
4
192
0
0
0
5
195
0
13
0
0
272
240
26
29
5
0
23
0
0
0
30
154
651
0
4
581
3
97
52
0
102
0
10
8
284
0
1
11
76
69
27
0
0
0
5
0
1090
0
0
3977
8
19
63
1726
41
0
0
49
782
229
2726
197
0
187
0
171
0
36
36
15
5
0
0
0
3
5
0
806
0
1835
0
0
35
3
6
0
89
48
0
163
67
28
2
41
180
922
3
17
101
6
149
123
0
14
2
190
5
0
4
95
244
0
150
2
0
89
85
0
92
394
9
56
88
82
0
20
8
1044
548
7
718
5
57
366
100
37
11
5
12
2
0
64
55
18
0
159
0
5
18
37
10
0
1104
30
61
340
34
135
3
1
11
8
0
525
0
7
2
0
3
570
0
157
115
0
1569
2
7
90
0
44
129
0
7
141
0
0
0
5
20
0
0
0
10
149
4
0
340
6
0
101
9
0
0
279
59
485
66
14
1236
25
0
0
47
6
0
4
0
0
22
27
12
0
37
0
0
0
38
8
18
528
4
131
0
47
0
819
0
0
15
45
0
28
111
0
6
23
53
1
4
173
222
25
100
34
1
0
116
38
266
41
9
0
22
0
0
0
2
594
7
1536
409
208
287
382
5
0
4
0
66
0
526
0
2
213
83
4
70
11
231
11
0
39
21
0
100
0
83
18
139
39
0
382
49
0
11
1008
1
12
330
290
52
62
49
197
5
91
5
919
819
1
17
8
0
2
0
102
0
89
81
359
0
2
141
75
0
197
220
17
0
0
0
0
525
4
1
1048
0
169
0
39
0
0
588
22
4
0
420
0
0
0
0
0
40
7
83
1
498
1
146
181
208
6
6
77
267
0
7
35
58
2
54
9
43
346
42
0
0
220
15
116
0
0
6
36
4
42
43
0
91
0
0
5
0
9
0
0
0
6
0
0
0
3
26
0
0
333
6
7
0
2850
0
0
0
4
0
21
0
15
4
6
51
0
0
5
1233
0
0
24
40
0
0
0
233
0
0
5
197
7
7
0
0
780
2
0
0
13
0
0
0
3
10
0
0
5
0
18
0
0
17
101
0
0
14
3
4
325
3
406
12
11
0
0
15
0
0
7
8
0
180
0
0
10
0
17
0
3
3
0
249
13
6
243
12
0
309
18
2
7
86
192
0
0
17
2
0
16
0
8
0
20
26
0
0
285
827
13
0
60
0
11
18
1
38
6
2
25
0
0
0
2
261
2
0
4
1
537
0
191
0
1
0
0
158
30
219
25
0
0
0
0
0
0
13
0
0
14
0
0
84
0
3
0
0
0
25
908
88
6
4
85
7
0
0
0
0
0
0
0
0
3
3
0
0
13
0
0
0
16
0
0
0
39
0
49
0
0
0
0
0
2
0
26
0
0
0
0
0
0
20
0
0
17
16
115
4
3
0
0
0
0
4
0
0
7
3
0
0
0
0
16
3
30
0
0
0
22
0
6
0
0
0
0
6
0
0
0
0
0
0
0
7
4
0
0
1056
0
1
0
17
0
0
0
6
180
0
0
183
25
5
14
72
0
0
0
0
0
0
0
50
25
0
0
0
7
281
42
0
74
0
0
0
0
0
0
0
0
2
0
0
20
0
0
0
164
0
27
0
0
0
0
0
0
26
0
56
0
63
0
38
0
0
0
0
11
0
12
16
0
6
4
0
0
0
293
0
0
15
2
10
212
2
3
0
6
211
0
48
0
20
0
41
0
3
0
26
0
1
3
0
6
0
0
0
0
28
0
0
0
0
227
0
0
1212
101
2
0
26
24
0
4
15
0
0
596
0
0
79
0
23
4
0
0
9
0
0
0
0
0
0
27
3
0
93
0
0
4
0
0
27
0
6
0
0
3
0
0
0
0
29
0
0
2
31
0
15
0
0
63
9
0
0
0
0
44
0
0
7
0
0
0
0
0
0
6
5
7
13
0
0
102
10
0
0
0
30
0
0
0
27
0
0
39
0
0
0
3
0
0
3
0
6
0
0
0
0
0
0
0
0
0
0
0
0
14
0
0
3
0
89
16
0
9
5
11
0
0
1
25
0
0
0
5
0
0
0
0
0
0
7
0
0
0
0
117
0
47
0
0
0
0
68
0
0
5
82
0
8
6
0
0
30
2
0
0
8
12
0
0
0
0
0
2
0
0
0
0
0
2
337
0
0
0
0
0
0
0
0
0
0
0
4
16
0
0
2
0
4
81
3
0
0
0
0
0
0
6
0
0
1
0
0
4
7
222
222
0
0
0
0
0
0
0
0
57
0
0
4
0
4
0
0
0
0
284
37
2
472
0
0
95
0
0
0
0
3
8
2
5
0
12
0
0
0
0
29
1
0
0
0
0
0
0
3
0
0
37
1
0
5
45
13
0
192
0
19
0
0
0
0
0
2
7
0
0
0
0
0
19
0
0
0
0
45
2
0
12
0
0
0
0
6
2
0
11
0
0
0
163
0
0
0
0
12
0
3
0
0
187
0
0
0
0
0
0
0
0
4
1
6
2
0
0
0
158
95
4
3
6
4
0
0
2
3
0
0
6
0
0
8
0
27
0
0
8
0
21
50
0
3
2257
0
4
0
0
48
0
8
0
1
0
0
0
15
0
0
20
148
0
11
0
2
18
0
113
3
0
0
2
0
0
0
0
7
8
0
3
0
5
0
0
0
108
3
3
0
0
0
0
0
0
696
4
26
0
2
0
0
4
0
0
0
8
0
1
47
3
0
25
15
152
3
3
8
11
2
25
0
0
2
0
264
4
0
0
0
2
10
1
0
13
42
0
0
0
3
0
0
4
3
6
12
60
218
0
0
20
10
241
0
102
6
0
0
24
0
4
0
3
9
0
0
2
0
79
3
0
1
6
6
0
0
0
0
0
0
11
1
0
6
0
6
0
30
0
0
0
3
5
0
0
0
4
2
432
0
0
0
93
0
0
13
0
3
15
0
0
10
3
0
0
6
4
3
8
811
60
0
2
0
0
0
0
5
0
374
3
52
0
0
0
2
0
147
4
47
0
0
0
0
0
0
0
0
0
0
349
0
3
0
0
4
0
54
0
0
0
91
4
2
0
0
62
0
296
0
0
0
111
0
0
4
0
0
22
0
0
5
6
0
16
0
92
1
0
0
6
257
0
0
0
43
0
0
0
24
33
0
88
7
0
0
0
0
0
0
0
214
0
17
0
0
0
3
0
38
93
0
0
24
10
148
0
0
10
0
14
2
0
29
0
2
3
0
12
2
3
9
0
0
15
0
1
0
35
0
2
0
497
0
148
45
0
0
0
0
0
0
0
0
0
64
3
0
0
5
0
0
2
0
0
0
0
0
0
0
441
0
0
0
0
0
3
531
117
5
0
0
0
0
0
4
7
0
2
1
5
0
3
2
5
0
2
3
0
0
0
16
2
3
3
8
652
16
0
0
7
9
0
8
0
0
0
4
4
0
0
5
34
0
162
0
124
0
2
0
0
0
356
18
0
6
85
81
0
101
10
0
0
8
2
1
0
7
2
11
55
0
2
0
6
0
0
0
24
0
0
0
0
0
186
53
0
499
6
5
0
0
0
32
6
0
0
0
4
5
0
1
0
20
9
14
279
0
0
3
7
0
0
0
3
28
2
0
2
40
0
0
0
0
0
12
0
6
0
0
0
0
0
16
16
0
0
0
6
0
0
84
0
152
2
0
0
0
3
0
3
357
0
7
188
3
0
0
24
0
1
452
0
0
9
0
0
0
21
0
64
36
1
19
0
0
4
0
1
15
0
0
2
0
0
0
4
0
519
111
27
0
58
0
0
0
8
0
19
7
3
6381
3
0
0
0
3
4
72
5
0
0
2
0
4
33
0
0
0
0
0
2
0
185
0
0
0
0
47
4
0
0
0
0
5
0
0
0
0
0
0
3
85
0
0
2
0
0
0
1
0
0
0
0
0
3
0
0
0
0
11
0
14
0
0
0
0
5
0
34
0
0
13
36
0
0
7
160
0
0
15
0
0
38
0
0
6
4
85
0
0
0
0
0
11
7
0
6
65
2
0
3
32
0
25
0
0
11
0
78
3
228
16
5
9
4
0
10
0
0
0
7
8
3
0
0
9
4
0
5
0
4
118
118
0
0
0
3
0
0
23
0
0
7
0
0
0
5
5
19
0
126
39
42
0
0
4
19
0
2
5
0
5
12
1
345
421
0
0
0
4
6
12
131
0
26
8
0
0
0
0
5
0
0
0
326
3
7
0
6
3
6
0
8
6
5
0
82
0
0
0
0
4
0
0
3
0
0
0
0
0
0
0
0
0
0
12
22
11
1
0
0
3
19
5
0
0
38
0
0
54
0
0
5
0
89
0
0
1
8
30
329
0
468
0
0
0
0
0
0
0
6
0
12
0
3
0
0
4
0
78
3
6
0
4
0
5
0
0
30
0
8
0
0
0
0
246
0
0
100
0
2
56
12
4
200
64
0
0
0
0
0
0
0
0
102
0
0
6
34
16
0
0
0
3
56
176
10
0
0
7
2
0
370
0
26
0
0
89
0
55
67
12
24
0
1
7
1
70
0
0
0
5
0
0
0
0
0
0
65
0
1
0
0
25
0
0
0
4
8
26
586
5
7
0
0
0
35
0
0
62
40
0
4
6
0
1
55
0
0
0
0
0
2
0
0
0
0
39
0
16
148
18
4
0
4
0
0
0
8
16
0
0
0
0
15
0
0
0
0
0
0
0
0
0
0
59
275
4
0
5
0
0
0
0
54
165
3
0
56
0
0
0
29
0
0
0
44
0
0
0
14
2
4
0
91
0
0
0
5
1
0
4
7
0
0
0
0
0
652
108
4
0
0
0
8
0
2
52
72
310
4
4
198
4
24
0
0
0
0
0
2
0
244
8
34
12
55
3
0
7
0
534
0
2
10
8
0
731
0
47
5
6
1934
22
0
4
0
0
0
7
0
57
2
0
24
0
0
0
269
0
1
20
0
0
0
3
0
0
130
0
8
33
0
0
0
5
0
3
35
0
703
11
0
5
3
0
1
54
210
0
0
2
0
281
0
2
7
0
0
0
184
10
364
125
0
0
38
0
0
0
0
0
0
0
3
0
91
0
0
0
46
0
0
0
2
0
0
0
7
2
27
0
413
11
0
0
11
0
6
0
1
0
1
6
119
7
0
0
0
46
0
0
0
4
15
0
0
34
0
0
10
0
0
0
341
0
0
0
0
24
0
384
0
3
2
21
3
4
4
94
0
3
11
0
43
0
502
3
0
0
379
0
0
0
0
0
0
0
117
13
0
78
0
5
34
4
6
358
6
6
1
1
0
2
0
0
9
0
0
0
0
0
8
0
0
0
0
2
0
3
0
0
0
0
62
0
0
0
188
0
0
0
0
1
3
0
0
0
0
0
9
0
2
0
0
0
0
5
320
0
7
1
4
105
0
0
0
0
65
7
0
0
0
0
3
280
0
4
0
0
0
5
177
0
7
1
368
7
3
14
0
2
0
2
0
33
6
3
0
0
0
0
0
3
0
142
3
0
13
0
4
0
0
0
268
56
2310
0
5
0
0
24
36
2
0
14
600
0
0
0
5
0
0
4
0
0
0
10
0
687
0
32
0
2892
0
2
10
0
0
0
0
3
0
0
7
5
0
27
4
0
0
72
18
0
0
0
75
7
0
0
32
0
0
3
0
5
97
5
0
2
4
0
0
0
48
53
373
3
0
0
0
12
0
0
0
0
2
6
0
0
0
8
5
0
0
4
0
8
0
0
0
0
6
0
38
336
5
0
0
0
0
0
0
0
0
0
19
0
0
0
0
7
0
6
0
0
0
75
0
0
0
5
4
0
3
0
0
0
0
0
0
7
0
0
0
22
0
0
0
3
5
0
0
0
0
0
0
0
0
0
0
0
3
0
0
10
1890
0
0
0
3
0
0
0
0
0
3
0
4
0
0
0
0
0
34
0
27
0
140
0
60
0
0
25
0
4
10
5
0
3
0
6
3
60
6
0
0
0
0
0
0
0
0
0
105
0
45
4
0
0
5
0
0
0
221
0
0
0
0
0
0
0
0
0
0
9
0
3
0
0
0
0
40
0
0
0
0
0
0
0
0
0
121
0
0
0
0
0
0
38
0
0
0
0
5
40
0
1708
2
4
0
0
0
8
0
6
0
0
0
96
0
0
0
0
19
0
383
0
0
0
0
0
0
289
9
4
29
0
0
0
8792
0
4
0
8
15
0
38
36
0
90
0
3
0
0
0
87
596
0
0
0
20
2
0
6
0
0
89
1
0
3
0
2
0
41
0
53
0
0
0
462
0
0
0
2
47
0
454
0
57
3
108
17
0
0
6
0
0
0
7
0
0
0
0
0
0
0
0
0
0
3
0
0
0
0
8
0
1406
3
522
0
0
0
4
0
0
0
0
0
22
3
0
0
1
0
4
5
0
16
0
6
0
3
0
0
0
0
0
1
0
6
0
36
5
0
0
0
1
0
277
0
6
3
0
0
0
0
0
0
0
0
0
5
0
0
0
15
23
6
3
0
4
0
0
4
0
0
3
0
8
3
4
0
0
0
0
0
0
3
0
0
0
0
0
6
0
0
0
4
0
4
0
1
0
0
2
9
8
0
0
0
23
3
0
44
0
0
1
0
0
6
0
0
184
127
13
43
3
0
0
49
0
0
38
0
4
0
0
18
0
0
0
5
0
0
0
10
0
624
0
6
0
0
0
0
19
0
225
0
0
6
94
4
0
2
3
5
0
15
13
0
0
4
0
26
0
0
0
0
0
0
151
0
0
0
0
0
6
2
0
12
0
0
6
6
6
0
0
0
0
3
4
15
3
8
0
19
0
0
1
261
0
0
0
10
0
6
11
59
0
0
0
0
0
465
1
13
121
88
0
0
0
0
0
0
4
6
0
0
0
0
3
0
0
4
329
6
0
0
0
0
0
73
0
0
0
0
0
3
0
15
5
78
0
111
0
12
0
79
4
0
4
0
0
0
3
143
0
14
30
0
0
0
3
0
11
0
0
1
7
4
14
3
0
0
4
0
0
0
0
0
0
0
0
3
672
20
38
0
55
0
1
70
0
0
4
6
3
378
12
0
0
1
0
0
0
0
0
2
0
0
0
2
43
175
0
59
0
74
94
53
0
10
6
1
0
27
0
0
154
21
0
105
18
37
3
2
28
26
74
280
0
0
0
53
54
6
0
27
0
0
51
0
26
53
23
90
0
7
12
43
0
17
5
3
126
0
0
0
227
0
57
0
0
41
0
0
14
0
109
58
382
0
21
0
3
0
0
0
26
33
94
9
51
0
11
2
22
0
4
134
6
2
0
27
0
29
3
577
37
2
0
0
185
0
0
7
3
7
0
0
0
37
17
28
0
540
0
2
0
0
0
9
85
0
0
5
0
2
0
3
5
42
76
15
0
0
295
0
18
0
0
1
35
0
0
840
0
19
0
0
1
4
10
23
0
1
89
0
56
7
125
0
6
0
38
0
0
2
0
8
389
3
8
0
0
0
0
0
6
3
0
9
0
2
223
4
0
0
9
0
0
4
0
9
6
0
291
87
0
0
169
5
171
3
14
14
10
0
35
0
0
12
306
13
85
6
1
6
645
0
0
0
23
0
8
3
9
6
0
4
0
0
10
194
0
6
0
0
4
0
0
3
0
32
0
0
0
0
0
4
2
0
820
3
910
11
0
0
0
41
0
0
145
0
0
0
12
0
0
14
0
667
2
179
0
2
85
24
76
0
15
0
1096
5
182
213
95
0
38
0
7
798
366
0
2
3
4
933
0
491
0
2
3
0
3
44
23
0
0
0
0
88
2
16
7
34
96
99
0
261
0
31
0
174
9
7
0
259
47
4
369
0
9
1
0
32
2
49
0
0
0
0
4
210
4
9
4
560
0
0
11
63
4
20
87
9
0
0
12
94
9
0
0
0
5
0
0
22
0
2
10
0
16
0
0
0
131
15
65
1
16
0
0
0
377
0
0
131
7
5
0
0
47
30
12
19
0
0
0
0
262
3
4
0
0
0
0
0
4
0
4
7
7
119
21
0
4
16
60
5
0
47
20
6
3
8
0
41
10
0
24
6
0
0
34
763
5
25
0
41
389
31
37
8
52
0
1741
8
3
16
9
1
257
0
0
110
86
99
0
82
187
0
4
20
7
45
0
155
5
0
0
10
0
0
0
82
0
0
286
0
71
16
0
37
0
0
2
1
0
23
0
4
103
0
23
0
0
0
15
0
169
2
513
242
24
28
0
24
10
0
4
0
0
0
272
97
0
146
0
0
0
1125
0
0
66
0
1
0
23
0
1
0
0
0
180
3
40
8
4
0
0
228
1
0
95
2
177
837
11
0
0
79
188
147
0
0
0
2
0
0
188
0
2
121
0
1
0
9
0
512
0
0
0
0
50
15
40
336
5
0
1
0
0
74
0
0
0
0
0
3
65
0
557
0
24
177
2
0
0
7
54
259
0
0
0
0
0
0
14
58
0
0
0
0
25
0
8
0
32
5
3
0
203
10
1
0
0
58
366
0
5
89
2
0
0
0
0
0
56
33
8
4
0
3
0
102
0
0
0
2
69
14
4
4
0
35
0
134
4
0
48
0
1
0
0
25
0
3
94
0
0
14
0
1
0
68
1
113
5
0
0
0
51
32
0
1
6
182
128
9
0
0
0
0
0
319
3
2
3
4
0
0
0
1
0
2
270
5
11
0
0
0
0
0
182
0
3
8
0
1
12
0
3
0
0
181
4
0
0
11
2
53
2
0
0
7
205
0
3
2
0
0
1
0
0
24
5
0
0
206
0
3
0
3
18
3
451
3
4
0
0
405
44
0
89
17
0
0
0
3
74
5
12
4
0
0
0
3
0
0
12
28
446
69
53
0
1
3
2
0
0
0
91
264
4
10
0
4
0
0
0
0
191
3
0
39
8
63
38
28
0
3
130
123
23
6
0
226
0
11
0
0
0
2
0
15
84
168
9
57
0
4
0
5
13
139
65
0
2
0
124
0
0
45
0
0
47
9
2
356
4
5
43
16
8
26
0
0
0
0
1
216
0
9
1
3
0
0
0
41
0
5
123
0
1
1
0
0
0
156
0
9
28
15
0
4
5
0
0
0
203
131
6
19
24
51
0
31
11
0
0
0
3
0
0
0
70
0
6
0
0
2
0
0
62
5
5
0
0
5
0
0
0
0
0
3
0
0
3
3
0
28
5
8
0
0
0
0
1
0
0
36
0
0
7
1
0
1
0
0
0
16
132
0
0
26
1
243
0
0
33
126
15
9
8
0
4
0
0
0
0
0
6
6
0
8
11
0
0
5
10
0
53
0
2
0
182
11
0
0
1
11
2
0
0
14
260
0
70
4
27
30
1195
17
270
12
9
81
84
0
419
0
0
3
60
0
4
42
0
3
45
0
11
0
9
3
0
14
1
0
0
0
8
0
0
0
0
0
33
106
75
28
0
0
0
15
0
24
103
0
0
3
0
16
0
0
34
1
54
4
0
9
23
653
3
2
0
5
0
6
9
0
1051
0
20
29
2
0
0
2
3
3
9
196
0
7
0
0
6
0
35
86
5
40
0
119
137
0
0
3
228
1250
0
78
0
0
46
127
8
3
16
4
0
2
5
12
2
2
0
0
0
1
0
3
6
109
168
0
6
28
0
8
2
32
0
7
131
0
0
0
24
50
24
6
12
0
0
1
282
0
0
8
8
0
0
216
0
5
61
120
646
160
0
0
150
8
47
0
7
0
153
0
6
2
0
0
3
0
7
0
0
0
96
33
88
5
2
0
1
7
8
294
7
148
0
0
0
38
3
16
8
257
3
0
31
29
316
152
16
255
4
8
0
16
5
177
16
4
0
0
4
10
345
0
5
0
3
53
7
0
56
33
0
64
9
400
189
0
5
0
34
0
0
51
0
89
88
257
47
54
0
94
4
105
0
0
98
163
0
1
3
87
3
9
0
17
3
81
8
255
0
0
12
0
5
19
0
97
34
38
3
280
78
79
11
9
0
32
0
0
0
42
0
5
58
12
0
0
143
0
0
0
0
4
0
7
1323
31
4
656
153
0
259
4
4
0
0
0
285
7
0
203
0
0
0
0
0
8
39
22
34
0
76
0
5
0
0
0
0
165
0
4
337
0
7
0
5
0
0
0
43
14
7
0
1
0
130
0
0
183
0
5
0
0
0
2
0
0
52
0
3
8
0
10
5
1
3
213
88
116
0
0
307
14
0
292
7
0
0
0
0
33
2
10
0
0
0
0
16
9
91
1
76
6
4
42
12
0
24
6
0
2
0
18
20
8
59
537
118
5
33
0
0
0
55
0
200
0
0
8
0
325
16
23
210
82
418
121
0
0
0
0
150
0
26
0
3
159
54
8
0
165
22
0
0
0
26
16
108
0
0
0
0
9
0
0
8
185
19
10
4
78
0
47
0
9
6
0
0
65
2
0
72
42
4
5
4
5
6
0
0
10
0
113
0
0
0
2
0
0
2
0
0
1
0
0
0
0
357
233
41
0
0
0
0
29
25
0
0
0
0
0
19
36
0
1
0
0
0
3
0
1
18
18
0
0
0
14
4
0
0
15
6
0
4
14
2
0
0
5
29
13
44
0
32
0
157
4
0
3
9
0
143
0
104
0
1229
0
122
19
4
29
143
607
0
0
41
0
0
0
47
0
21
0
3
13
13
25
14
0
9
125
15
36
0
62
508
0
0
4
6
0
7
66
0
50
8
6
7
0
4
3
0
217
7
0
0
4
0
0
0
0
0
38
85
27
4
24
6
0
0
5
8
12
120
0
0
336
6
86
0
0
29
206
0
0
12
0
3
0
20
0
0
231
4
0
2
5
4
30
3
0
3
0
0
5119
3
99
3
0
0
3
24
11
28
34
131
411
181
0
4
3
213
52
4
366
4
41
0
29
0
249
4
122
0
0
0
1
0
0
2
0
6
63
4
0
0
4
119
5
51
201
0
0
0
105
0
0
0
6
2
0
51
515
0
145
7
0
7
55
30
0
3
5
5
8
0
1
114
0
2
0
32
0
0
0
4
5
0
3
12
147
27
1
4
177
0
6
0
9
0
136
0
0
0
93
0
53
168
7
0
4
0
4
0
0
0
0
240
120
230
0
58
0
0
3
270
0
47
6
0
43
0
16
4
0
0
0
367
2
0
4
0
4
0
0
0
5
3
0
214
0
3
31
0
305
2
7
4
9
262
6
95
28
0
0
2
0
0
0
147
0
0
3
10
0
0
0
0
0
16
2
0
0
0
0
224
7
0
53
0
9
28
0
17
0
4
0
0
0
9
6
0
0
0
0
0
0
8
8
2
76
0
0
334
2
0
0
20
0
0
0
344
34
119
0
17
68
0
2
0
0
0
0
5
74
0
3
2
5
0
0
2
0
0
10
0
536
4
15
115
3
0
0
0
4
0
0
358
7
0
73
0
0
0
0
53
2
0
0
0
1
3
8
11
0
0
3
0
0
0
470
0
44
5
0
90
0
7
0
16
0
16
22
22
103
0
0
0
50
5
0
20
0
0
0
0
0
1
0
0
266
0
0
3
1
0
17
1
0
9
142
0
3
0
0
328
0
0
4
0
64
270
0
6
0
0
63
73
40
177
0
0
3
0
26
2
3
321
3
35
27
0
59
370
0
0
0
6
4
0
2
22
298
0
0
0
0
5
0
104
10
3
0
0
2
221
54
0
58
520
24
24
0
14
2
0
25
5
0
44
42
6
79
42
55
277
0
0
43
3
6
0
0
0
0
388
0
228
0
91
466
15
12
6
0
0
4
0
6
57
1
0
0
7
657
0
262
158
10
1
17
4
94
0
0
4
0
0
0
611
2
0
0
0
1
0
43
3
20
33
0
700
0
5
0
0
81
63
0
118
0
0
0
4
0
0
0
1
0
0
6
0
70
4
26
22
413
51
0
10
0
0
0
0
6
4
24
3
0
14
62
0
0
62
4
0
0
0
5
7
3
122
38
3
18
81
0
0
16
170
0
0
0
14
0
0
26
242
74
35
0
10
0
23
0
8
26
546
11
183
3
227
28
3
0
0
2
0
1
6
155
0
0
0
0
0
69
188
30
0
6
0
5
7
153
0
376
11
0
202
87
0
0
0
1
0
5
9
4
0
0
13
3
4
140
7
0
108
15
1
103
0
119
14
23
0
0
4
0
0
0
291
806
2
795
0
56
33
71
1341
0
10
0
0
16
40
9
29
218
6
0
5
12
229
96
6
0
0
40
0
9
0
0
3
0
0
42
0
0
14
0
0
5
0
0
302
0
0
0
244
5
8
0
12
0
0
6
488
0
0
0
46
95
0
0
5
2
7
48
223
453
0
0
52
0
100
0
1667
3
0
159
0
2
0
0
0
1
0
12
0
143
0
139
527
7
104
0
27
0
92
10
213
625
1148
0
286
115
0
0
7
7
0
140
0
0
0
0
0
4
118
0
2
0
0
0
17
2
0
42
29
42
4
6
0
42
9
2
0
3
3
455
0
159
21
0
9
0
0
344
0
0
50
2
3
3
0
811
2
180
0
3
66
0
0
0
0
124
5
103
0
159
0
0
9
0
1
18
0
10
58
0
0
365
108
6
0
11
12
74
2
3
3
0
22
0
9
0
0
0
35
5
0
73
23
0
9
339
3
81
236
352
0
0
0
0
8
10
5
465
110
0
0
0
0
17
206
5
0
21
8
50
0
1
4
0
149
133
43
0
139
11
9
0
30
3
0
1
5
1
6
52
17
7
12
38
0
0
0
0
0
0
274
0
6
174
171
4
0
56
0
0
3
78
91
34
2
0
0
4
26
2
0
347
4
0
1
144
3
1
0
0
0
490
544
0
15
3
294
0
0
0
0
4
0
159
295
3
287
0
30
0
6
5
0
0
0
0
0
24
0
0
0
0
0
3
123
11
0
0
0
10
5
0
0
0
0
30
827
29
0
0
183
2
43
39
18
0
0
15
0
0
0
0
47
31
0
13
85
482
0
0
8
0
6
3
2
0
0
0
6
0
3
0
2360
0
3
1
230
1
0
46
0
4
5
2
4
3
0
80
12
23
155
0
8
28
0
1
0
0
0
0
0
0
0
5
0
0
0
428
23
5
97
0
5
0
0
0
35
34
1
14
155
5
0
0
172
0
0
0
5
0
456
0
0
110
11
1
0
9
0
18
8
0
0
3
4
0
0
0
0
0
0
0
0
0
0
0
131
0
0
0
0
7
7
0
0
0
27
5
2
1
402
0
0
1315
2
5
0
0
13
0
0
5
21
10
0
19
267
8
154
0
0
55
6
0
76
0
259
0
0
9
26
183
0
0
2
0
0
32
53
6
3
6
0
96
232
216
0
34
0
3
29
3
0
0
0
7
0
0
41
9
0
0
0
150
0
0
0
3
31
0
96
0
0
5
22
752
9
9
25
0
2
72
832
0
0
497
0
2
0
38
18
2
0
25
0
0
5
0
0
4
0
10
0
0
5
0
13
0
0
0
389
0
4
0
40
4
0
49
3
0
0
7
0
33
0
23
0
5
38
14
0
0
0
60
0
33
35
3
2
107
2
0
5
48
118
3
3
0
33
0
455
0
0
20
77
388
0
0
33
0
13
0
0
0
0
513
0
0
0
7
2
29
6
15
59
0
118
0
0
0
88
81
52
6
7
27
4
7
0
0
27
0
9
0
1
71
0
0
0
16
1
493
8
4
64
0
0
0
0
0
0
0
3
0
4
29
0
14
0
0
394
0
7
0
60
0
0
2
0
182
0
27
237
80
103
0
0
9
371
0
0
13
20
0
6
0
0
84
0
70
10
0
113
510
9
2
6
5
8
0
278
0
0
62
0
0
297
3
6
0
31
215
0
0
5
184
0
6
41
28
0
1
0
6
90
65
24
1
0
0
0
11
0
13
5
0
6
0
4
2
30
1
372
274
0
0
56
7
0
0
0
0
0
5
0
5
545
2
99
0
616
0
257
0
0
0
65
0
3
0
0
3
139
14
46
7
12
40
0
83
0
21
14
0
0
5
0
68
0
0
102
5
82
0
3
0
0
16
17
32
0
6
0
0
11
2349
0
64
161
62
20
61
5
8
0
38
4
0
93
8
0
0
0
57
0
0
0
0
20
0
0
5
8
2
3
7
0
195
0
0
0
0
0
0
5
0
68
0
0
0
26
0
6
16
0
0
0
106
1
0
0
42
0
0
11
169
16
14
16
0
3
222
0
0
94
0
0
0
59
2
0
2
4
0
0
1
0
0
134
29
92
27
0
0
0
4
283
0
53
3
151
125
5
97
14
56
82
56
4
12
0
0
61
52
0
358
0
9
0
37
0
11
0
1
150
0
0
2
42
0
478
0
9
0
6
2
8
0
3
0
168
0
12
66
5
0
3
3
40
0
10
171
5
0
3
110
47
46
21
0
6
2
20
103
71
0
8
20
0
0
0
0
0
4
107
0
7
16
14
32
0
0
0
6
91
7
1
0
87
99
15
0
0
0
0
0
10
0
37
0
16
0
0
330
0
40
145
0
109
468
0
43
0
55
22
0
40
7
16
0
103
25
37
0
0
262
12
96
0
7
3
26
449
524
38
0
4
3
0
0
15
273
0
25
8
154
0
40
0
0
0
0
39
0
76
0
49
0
42
12
0
17
38
12
0
273
6
0
0
36
0
0
0
0
4
0
214
31
4
152
31
595
26
43
0
16
11
2
0
0
0
2
0
2
0
0
2
2
51
8
0
0
9
13
93
0
19
8
158
5
0
2675
37
113
0
0
2
0
3
0
630
0
58
31
15
0
8
6
0
0
18
3
2
0
0
6
78
49
696
8
11
0
0
0
26
20
0
5
41
0
4
26
116
0
3
0
465
1
278
0
0
0
20
79
2
0
77
56
0
1
9
11
0
386
0
26
524
235
5
125
0
0
46
55
314
41
4
0
0
0
6
141
90
37
7
0
8
0
0
58
234
0
9
23
0
0
0
0
0
20
0
253
188
261
0
0
238
0
126
0
0
842
0
0
0
0
11
23
0
0
0
12
3
60
53
0
398
4
367
33
0
97
0
0
92
99
4
0
0
64
15
98
5
0
5
0
6
0
0
1
3
0
30
0
0
0
13
0
221
0
0
36
0
440
6
0
94
0
10
98
0
2
26
14
473
4
0
0
322
271
4
0
92
8
0
123
21
44
0
0
0
3
17
82
17
0
20
0
0
0
0
0
727
7
0
0
1
2
12
0
0
5
0
0
9
0
1
21
0
10
21
0
7
0
115
0
53
88
0
5
0
0
18
106
0
7
32
0
70
0
68
4
0
0
1598
22
16
0
2
0
8
56
0
0
0
0
47
0
12
630
32
189
0
0
0
520
14
0
284
142
0
151
0
2
0
4
0
0
56
17
187
262
0
6
3
0
135
12
3
0
17
0
0
511
9
0
2190
26
590
15
0
0
4
14
0
25
14
15
0
0
38
27
30
4
0
191
0
0
31
0
3
2
4
0
0
14
0
0
0
2
0
564
0
6
0
0
0
0
33
0
0
0
63
2
261
0
0
5
0
438
2
0
0
9
0
6
0
58
94
0
0
0
0
0
0
0
0
0
0
0
0
0
0
0
0
0
0
4
0
0
0
0
138
0
0
0
0
0
20
7
0
6
0
80
20
0
59
0
0
0
3
0
0
0
10
0
0
288
0
0
0
0
0
0
29
102
0
0
0
0
0
7
0
0
0
99
9
39
0
9
5
326
0
0
9
300
0
0
11
24
0
0
131
35
12
7
0
0
378
59
0
0
102
0
33
0
20
26
0
11
133
13
638
18
0
39
0
0
1
14
1
231
0
0
0
0
0
4
0
0
0
213
0
134
0
0
0
7
2
8
15
567
0
0
69
446
0
0
36
0
5
0
321
5
0
0
32
6
0
1
0
0
51
0
0
16
0
228
3
0
0
12
4
0
0
0
0
0
2
11
0
6
3
33
1
246
5
0
141
7
0
31
0
43
90
36
38
1
0
12
6
279
2
1
0
5
27
0
5
8
0
3
1
8
0
6
0
5
181
200
165
0
66
0
33
0
8
0
5
0
0
0
769
11
13
7
0
0
0
0
0
0
65
0
0
183
4
195
95
4
21
1
0
5
5
2
159
0
0
670
0
0
0
0
0
0
0
0
263
0
54
2
5
0
554
0
3
5
0
496
0
0
0
21
0
0
11
0
0
0
88
36
0
0
14
106
0
0
0
0
193
10
29
0
1
13
2701
0
0
22
0
2
0
0
0
13
0
0
38
3
0
11
0
2
228
0
0
5
831
3
142
32
74
3
10
459
0
0
7
0
50
84
0
13
0
0
0
14
4
0
2
6
98
0
1
0
0
0
2
0
53
12
18
0
0
0
5
22
106
0
0
0
0
2
0
11
0
0
0
0
258
58
0
0
0
0
10
0
73
38
0
441
0
0
0
7
0
0
4
0
0
2
0
148
0
143
25
0
29
8
0
244
0
0
5
0
32
0
520
1
0
40
0
0
0
22
0
0
0
0
10
0
1
0
0
21
0
3
240
0
196
0
107
0
353
0
0
0
13
1
384
16
124
57
0
0
22
0
0
8
0
0
19
140
36
23
5
0
3
0
0
0
0
2
0
28
0
2
355
0
0
0
0
0
0
0
0
2
10
7
5
2170
37
0
4
0
4
0
114
0
0
0
5
0
0
18
0
0
9
0
7
41
220
21
5
2
29
0
143
3
4
0
8
0
0
0
0
0
3
0
56
243
0
543
0
33
62
753
9
2
0
0
0
10
114
131
0
0
0
0
0
22
4
4
0
0
0
38
125
80
1213
0
0
32
530
316
0
0
0
4
33
0
20
0
160
0
4
73
0
0
0
7
0
216
4
88
3
36
0
24
690
32
0
22
3
2
0
1
3
0
0
1
0
0
14
0
5
2
0
0
134
216
45
0
4
1
6
0
8
74
0
19
30
0
0
0
222
5
69
11
0
0
0
2
437
0
2
0
5
99
0
0
1308
8
46
0
134
0
0
0
0
0
1489
0
416
2
5
1
111
6
5
3
85
0
164
641
0
4
2
18
764
0
0
0
30
0
0
0
0
0
0
26
0
0
19
30
4
3
0
1
42
69
1
3
7
0
5
0
1
195
10
1031
0
0
4
9
0
0
0
11
0
0
0
635
0
519
0
0
78
0
5
1
5
1
76
0
0
24
6
156
0
0
0
21
0
65
0
146
0
0
0
0
0
0
0
43
0
0
40
0
49
0
381
0
4
0
123
7
0
46
6
0
12
0
20
7
0
0
0
5
5
118
4
3
0
0
1
0
0
8
0
0
12
110
6
73
287
19
0
33
0
244
0
7
0
11
0
1
0
0
8
0
0
1
4
0
24
221
0
0
0
27
21
5
8
3
576
8
22
0
2
0
4
4
12
60
172
0
0
1
0
42
0
3
6
0
20
70
0
0
0
21
3
0
599
12
0
21
85
0
0
41
36
1
1743
1776
14
13
59
94
78
0
0
54
4
13
704
6
48
0
0
0
1
5
0
0
0
5
4
5
0
0
0
0
1
0
0
4
3
1
0
84
0
30
12
16
0
6
0
10
0
0
0
4
0
113
0
304
14
15
1
0
114
0
0
0
3
0
0
3
47
0
0
65
0
15
2
0
10
44
0
136
147
0
2
81
0
0
16
29
0
0
0
5
0
0
157
0
0
0
0
15
25
23
0
0
0
23
0
0
92
5
0
0
32
2
0
0
6
0
19
21
0
11
0
0
0
13
0
0
7
0
45
0
7
76
0
0
0
1
0
0
209
0
0
0
1
0
3
0
67
707
0
15
0
6
8
232
2
0
0
0
62
120
2
152
55
0
0
10
0
9
193
0
0
5
0
3
0
66
1
32
4
166
0
0
0
0
133
0
2
3
0
0
0
2
76
25
3
0
10
0
21
0
7
187
0
0
4
14
110
76
0
0
0
0
0
22
49
11
10
0
0
0
29
340
0
0
3
0
0
3
0
0
3
24
0
0
6
86
0
0
0
0
61
178
7
0
3
0
0
2
0
347
7
101
0
15
0
0
54
9
0
0
0
83
0
28
0
135
3
1435
10
0
30
160
206
8
35
0
26
245
2
119
4
57
10
5
0
0
47
81
0
0
173
0
138
5
0
0
4
0
0
12
3
123
0
4
0
14
0
15
0
0
296
2
0
48
0
167
46
1
587
184
2
0
0
0
0
282
35
0
0
0
0
0
2
0
6
77
18
0
0
9
4
443
0
28
11
0
88
5
0
2
0
37
0
43
27
16
0
17
84
0
82
0
58
1203
398
0
89
0
0
7
16
10
0
136
9
68
2
0
6
86
18
0
89
12
0
113
0
24
0
0
6
1
17
0
3
0
20
8
0
3
7
0
2
4
0
24
0
57
1
4
9
0
0
138
6
2
7
0
56
0
7
0
0
0
7
2
0
2
0
0
10
0
0
7
8
692
1
1
0
0
1
0
10
0
701
0
0
0
0
233
0
8
2
0
6
0
10
0
76
0
9
1
0
4
5
28
4
0
3
725
125
0
9
6
0
0
1
18
128
59
0
125
6
113
20
0
0
16
0
15
1
0
0
0
0
0
7
0
5
1
20
30
0
0
53
71
0
0
0
0
0
0
11
0
0
2
0
24
2
3
22
74
0
149
0
0
4
4
85
5
0
0
20
8
3
4
0
0
1
10
1
40
0
154
40
5
217
134
14
57
3
25
52
8
0
0
12
18
0
88
6
4
376
0
13
0
1701
6
0
0
110
0
0
0
0
162
30
0
0
73
0
0
0
85
175
0
0
0
0
43
0
0
10
3
0
0
0
0
0
206
0
6
130
0
0
393
0
0
296
5
134
0
83
5
0
0
2
11
151
102
0
98
74
0
0
84
49
12
0
0
0
0
8
168
23
5
0
0
24
278
28
0
676
13
0
2
5
14
105
0
92
188
0
8
76
0
269
38
0
6
54
77
0
0
0
0
0
0
3
124
38
21
104
0
249
191
140
0
60
0
0
0
0
0
45
17
11
0
138
17
0
0
1
45
25
0
0
3
52
620
45
66
6
0
0
337
0
0
0
7
0
0
0
1
518
72
0
0
0
0
17
2
6
0
0
1
1
0
82
0
13
38
4
0
10
0
0
94
0
645
3
0
27
44
449
0
0
29
0
0
0
0
0
0
0
0
0
6
170
0
55
5
0
0
3
0
0
30
259
19
0
0
0
0
4
0
41
11
11
26
32
162
3
3
0
0
0
0
267
16
41
1
0
110
0
171
2
87
0
1071
3
0
0
0
0
11
6
32
0
512
0
0
0
4
0
3
35
396
0
0
0
0
17
104
3
0
5
10
159
6
283
365
79
4
168
6
8
12
325
136
0
193
294
112
13
12
0
0
0
66
1
5
0
4
192
86
990
500
4
188
0
110
0
0
0
0
0
3
0
32
6
0
0
958
315
46
0
283
60
0
10
73
0
257
1
0
0
0
4
6
23
67
0
0
79
0
75
0
209
0
0
169
753
0
18
45
0
344
0
44
5
6
115
0
29
6
3
0
0
0
0
0
0
12
69
8
0
0
6
88
525
0
3
10
46
5
50
0
400
0
0
26
0
0
0
0
0
0
220
0
0
0
3
89
0
0
0
118
0
13
48
95
138
0
0
229
6
0
0
46
0
25
5
10
0
313
1396
32
632
4
42
7
147
10
59
0
138
0
0
2
0
13
0
0
0
0
0
0
0
93
42
12
18
110
92
17
3853
194
105
0
196
0
0
3
0
0
0
17
0
0
0
0
46
58
7
6
7
11
0
3
122
0
194
0
13
9
3
1
29
0
0
0
0
2
25
7
9
0
5
255
0
6
0
27
2
220
412
0
0
0
174
0
2
114
29
155
52
2
155
0
137
0
0
0
2
52
0
63
0
0
129
7
0
0
3
3
0
3
0
218
3
7
33
0
3
0
0
213
0
0
1
0
44
6
8
20
5
0
0
91
28
36
3
0
300
0
2
141
3
3
0
3
0
0
0
2
34
0
0
0
17
0
248
0
0
0
0
0
0
0
2
0
217
0
3
3
2
5
0
41
3
0
0
0
0
16
0
134
3
0
106
0
0
25
0
0
15
95
0
7
679
0
0
25
0
0
0
143
0
10
5
124
124
0
0
33
4
0
6
1
0
4
15
0
0
0
44
0
0
53
5
4
0
4
236
82
0
0
9
0
275
0
0
0
34
64
637
1
0
25
1
0
0
16
8
48
0
0
0
0
0
64
0
0
778
0
57
9
149
0
14
40
8
34
487
4
360
12
0
3
0
225
0
0
78
0
9
0
0
10
0
362
16
0
9
0
2
6
0
48
0
0
95
2
0
0
0
0
0
0
19
30
36
0
0
15
3110
379
0
36
0
0
0
7
0
0
4
34
3
7
39
30
2224
0
0
0
450
5
0
0
0
0
0
54
139
0
10
0
84
0
0
11
167
0
0
0
10
4
219
2
0
0
5
0
7
5
0
0
0
150
9
56
0
0
0
0
6
1
0
4
3
0
0
0
0
39
11
0
92
0
2
0
0
0
0
0
0
0
0
0
0
4222
0
0
0
31
0
57
47
2
0
5
13140
0
0
2
46
15
6
3
0
0
0
0
0
0
0
100
0
2
0
18
0
0
0
0
0
0
0
0
0
0
17
0
0
0
16
8
987
36
18
0
18
0
0
0
2
0
1685
231
235
54
0
0
0
172
0
152
2
55
199
21
154
79
58
4
127
8
0
4
0
0
0
0
5
80
0
2
4
0
41
6
125
3
143
0
111
0
0
0
0
65
58
0
0
0
0
79
8
58
10
16
0
4
20
12
0
0
0
0
0
0
3
5
0
0
3
0
0
5
44
53
0
0
0
891
0
0
0
977
86
0
333
0
7
0
0
2
80
0
0
552
19
0
278
0
0
31
13
3
0
0
0
0
89
2
0
7
0
2
8
230
17
0
0
0
0
0
5
3
0
14
13
0
0
4
17
0
0
0
0
36
7
2
50
11
2
11
103
0
0
86
0
0
36
4
0
0
4
56
0
0
3
11
6
3
2
0
0
18
5
8
0
0
0
10
22
0
7
5
0
0
0
301
3
100
0
0
7
0
0
8
0
0
68
36
0
0
7
14
0
118
0
0
0
38
219
16
3
0
183
1
0
296
29
0
0
3
5
0
205
0
3
0
167
0
0
0
82
0
15
160
0
0
0
4
0
2
0
0
0
0
0
35
56
0
0
6
0
0
0
0
0
0
0
65
0
14
3
19
6
0
0
0
0
0
0
0
0
0
2
0
10
0
0
0
3
0
0
268
2
24
0
0
2
79
0
0
7
74
0
635
0
366
2
0
0
0
2
67
0
0
0
0
0
0
0
3
6
5
0
0
0
298
3
3
0
103
1
4
0
0
0
0
0
12
0
2
33
0
168
85
7
0
2
0
0
42
0
2
4
22
5
0
0
0
3
0
0
1
0
0
0
0
0
0
13
56
0
42
109
5
0
0
0
0
13
0
0
4
639
0
0
0
13
27
0
0
0
0
6
0
0
8
12
0
6
0
2
485
78
13
61
0
0
0
0
0
2
0
5
0
144
11
49
0
0
0
839
323
0
0
132
0
8
0
4
0
7
42
0
0
0
3
13
278
0
41
14
0
19
0
204
0
0
0
3
0
920
0
5
0
6
0
0
27
0
0
0
145
21
0
0
5
1703
11
4
852
0
6100
0
1
0
0
0
3
0
26
0
0
0
0
4
0
0
1
0
104
2
147
0
34
308
0
121
0
28
0
3
4
9
0
0
1314
0
0
0
0
0
0
0
11
0
21
0
0
17
0
0
446
0
261
5
0
2
0
59
36
0
143
3
0
711
0
0
0
0
0
0
186
0
2
0
0
1
0
962
31
7
859
93
0
0
0
0
0
58
0
27
0
4
32
0
161
12
0
88
5
1
2
0
0
0
0
2
49
217
11
0
3
0
0
0
0
0
0
20
123
2
3
0
0
4
10
0
0
5
0
196
1
0
0
0
0
0
18
0
0
0
0
21
0
0
339
3958
25
0
0
0
0
429
0
0
0
0
9
0
0
0
0
45
0
190
5
0
23
21
14
0
0
0
477
0
0
162
0
0
24
7
0
0
147
2
4
0
0
150
56
44
12
5
19
1
18
0
6
0
4
8
137
0
677
21
0
197
0
126
32
43
0
9
4
6
10
0
95
0
0
458
0
0
0
62
0
32
0
0
0
0
0
42
1197
142
0
0
14
0
0
15
555
30
43
0
115
0
0
3
29
118
0
0
9
0
0
2
25
0
0
55
9
0
4
0
30
1
86
223
113
37
90
0
0
6
143
0
121
13
0
86
0
4
0
1
99
4
3
7
2
0
16
0
32
707
0
0
563
10
0
36
1376
0
45
62
0
0
2
14
0
0
0
0
0
5
0
0
27
8
12930
142
4
271
0
46
482
32
2
36
0
0
0
0
0
27
14
70
32
0
5
103
66
19
5
0
362
0
3
0
80
0
32
54
68
10
0
31
0
70
0
5
0
0
55
0
18
0
239
23
0
3
129
3
64
81
45
0
5
222
305
6513
0
0
86734
29
417
0
5
0
0
143
41
0
26
9
80
4
0
0
323
0
116
0
0
1463
20
14
145
4
3
34
43
0
31
47
300
24
51
446
0
0
71
39
18
0
220
31
0
26
212
0
0
1
308
0
7
0
14
0
8
0
0
0
3
110
20
475
119
351
171
7
20
229
0
54
3
292
0
62
6
84
2
32
2
24
0
405
669
6452
0
0
199
22
0
11
30
4
0
6
17
0
420
0
29
0
87
166
13
8
2
1
39
0
0
2
189
4
172
0
0
8
0
34
49
1
335
0
574
1
0
91
32
0
79
0
168
0
156
0
3
0
9
379
62
31
0
0
1168
0
184
0
0
175
135
34
0
0
76
18
9
191
0
19
0
71
50
0
0
1505
1
0
440
36
42
17
197
3
4
64
14
7
208
0
8
61
0
51
332
20
100
9
209
17
0
169
14
0
117
0
0
11
5
2
0
169
16
394
22
0
3
1
0
47
171
64
66
246
7
56
0
0
0
43
77
59
0
0
30
36
3
7
15
308
235
1
9
190
7
46
11
12
29
0
0
4
0
189
0
5
74
0
2
20
62
0
17
0
206
60
49
0
0
27
5
69
0
0
0
0
0
8
17
231
38
7
0
0
14
0
4
195
870
0
8
0
3
41
236
68
43
580
878
3
5
0
13
5
0
113
7
22
46
76
49
5
3
16
292
39
0
78
2
5
201
4
6852
5
58
39
0
1
171
0
0
0
23
0
11
40
4
0
243
0
0
4
4
4
401
0
4
62
103
0
0
16
25
0
0
107
300
0
0
9
0
0
0
1127
0
8
0
11
0
0
8
35
36
186
0
28
0
0
5
418
0
9
0
35
232
7
0
0
0
11
41
0
29
21
0
0
468
95
0
0
26
18
0
1
11
0
1059
80
172
452
0
4
0
165
0
0
0
0
10
27
30
0
6
145
0
13
15
18
30
78
17
0
0
0
0
0
21
0
0
155
43
0
101
0
0
6
377
161
62
297
0
114
16
3
452
0
5
1
10
6
13
23
20
27
87
5
0
140
0
4
36
0
264
0
9
29
53
127
21
8
0
2172
0
2
0
58
0
0
563
0
174
188
376
3
182
0
65
18
0
94
12
27
3736
4
3
0
350
0
293
9
81
0
43
113
3
92
0
0
6
0
0
236
0
38
0
5
0
0
168
136
77
4
4
0
0
4
0
0
0
0
174
340
3
0
13
0
0
110
0
0
4
0
0
2
56
8
445
43
0
22
3
16
202
86
24
0
0
10
0
0
0
13
2363
10
0
0
152
0
0
96
0
204
0
517
35
1
21
0
0
470
0
1
5
23
69
127
0
5
45
217
36
0
27
43
4
0
0
2299
19
2
56
34
16
40
0
63
0
54
3
3
3
0
27
1
0
315
26
0
46
2
0
0
65
548
3
18
0
0
69
77
0
0
99
30
10
93
162
0
12
42
0
0
7
0
0
0
1214
34
8
0
0
0
2
734
51
158
183
0
0
9
6
13
142
10
0
0
0
0
0
0
170
0
2
1
5
11
40
312
0
0
746
7
468
4
218
0
103
4
28
10
199
0
180
13
56
0
5
0
1085
68
37
0
2422
88
0
276
1
7
0
11
4
6
173
48
0
239
0
5
20
0
1
0
323
62
0
8
0
69
16
10
0
0
9
29
2
0
0
82
3
0
0
2
0
36
0
0
0
170
0
0
3
535
0
11
0
1
0
0
3
41
0
0
163
0
0
0
0
0
43
2
0
0
32
0
0
7
0
0
6
2
0
0
74
32
62
0
0
4
14
4
0
0
0
0
0
0
3
0
0
13
0
0
0
1
0
0
0
6
1
0
17
0
1
7
5
6
6
0
24
0
15
0
8
6
7
4
0
7
0
10
1593
0
0
0
0
2
27
23
34
0
0
115
11
8
909
69
5
30
22
21
0
62
6
7
76
1352
4
0
4
18
4
9
1112
19
105
0
15
68
0
41
115
10
108
11
30
26
0
38
71
36
0
0
77
482
0
8
61
0
0
657
0
306
1100
0
0
141
96
0
12
19
316
20
26
73
63
13
77
8
0
103
175
64
5
2
0
551
1
0
0
0
14
0
6
0
17
2
21
32
24
63
7
3
6
0
11
19
63
0
0
5
178
21
39
0
16
0
0
10
93
0
109
4
0
0
0
3432
0
3
519
0
0
14
0
0
5
7
581
8
324
0
14
229
11
0
0
0
4
0
482
0
0
0
8
517
1
0
783
143
0
7
57
0
17
236
5
18
45
87
6
8
178
12
0
0
6
0
0
13
114
0
57
5
0
0
174
742
10
1872
0
6
0
100
12
57
0
3
18
11
0
0
0
1
1
4
18
62
74
87
0
118
117
131
247
117
512
0
0
420
0
0
0
9
72
157
11
0
4
0
0
3
0
0
0
0
0
0
0
0
46
113
101
6
12
2
4
146
0
0
0
0
0
0
18
0
27
0
33
0
0
0
0
40
95
124
0
1
0
5
784
173
0
3
0
0
26
0
8
0
169
3
0
12
189
0
147
26
0
13
0
14
0
12
5
0
0
0
20
17
30
0
0
0
0
0
169
0
5
0
0
0
0
76
1
0
11
0
0
14
0
42
9
660
0
0
0
53
367
0
7
0
0
2
0
23
0
5
83
0
4
11
0
0
55
0
0
26
97
210
0
12
265
120
5
1
13
297
4
189
0
2
5
0
3
48
126
191
0
0
0
0
9
0
0
1
0
0
0
0
0
182
26
0
11
13
142
2
5
2
3
0
0
13
0
38
0
45
12
0
0
11
0
0
0
0
8
0
0
7
2
43
0
8
2
65
7
39
0
18
0
0
3
0
0
0
0
41
0
0
23
0
1
0
12
5
13
0
0
3
40
0
39
0
9
11
117
2
0
141
7
2
28
15
46
5
4
0
9
0
5
0
5
0
10
19
0
0
5
16
69
89
76
0
0
18
0
43
15
597
0
132
89
632
0
0
644
489
0
0
0
120
0
0
6
28
0
0
0
8
0
257
0
9
234
12
195
0
11
7644
58
0
6
0
45
0
0
11
264
0
62
0
0
90
0
14
0
0
243
0
1
26
1
128
1
1
5
34
24
4
0
2
111
216
0
0
70
0
441
6
25
22
229
4
8
0
0
0
0
5
263
8
5
941
204
3
7
286
0
3
0
2
4
0
0
69
8
132
4
67
683
13
276
2
179
0
2
365
0
0
19
5
0
0
29
0
6
4
0
6
415
6
699
0
245
69
2
519
12
0
94
0
71
150
0
39
35
65
20
134
0
0
0
12
112
0
0
3
31
99
1
0
0
0
9
106
0
31
1774
27
91
25
28
1884
82
0
46
8
215
5
0
129
267
73
0
189
162
20
0
0
0
16
87
315
162
13
196
0
19
0
0
0
93
94
0
0
97
41
5
11
10
2
239
131
150
81
9
0
19
12
0
0
3
87
0
19
173
37
0
7
0
26
239
0
10
1
13
310
0
257
10
0
0
0
839
0
304
378
24
0
20
241
38
153
11
0
12
0
476
0
222
13
0
5
0
6
177
0
285
98
766
62
1006
50
26
3
122
0
0
7
0
16
0
157
71
0
18
45
10
153
0
8
67
0
0
0
40
35
52
51
0
0
33
946
0
0
5
0
3
0
48
12
19
24
49
0
118
9
0
0
19
2
52
0
0
1
5
21
0
8
0
9
0
277
10
2
0
0
0
0
7
0
145
5
0
6
19
6
1
0
5
36
4
3
23
29
79
0
5
0
5
70
37
29
632
18
0
0
16
0
54
0
142
114
8
0
49
27
0
129
57
109
1
119
5
4
1
0
0
6
7
459
19
0
3
146
678
0
60
0
3
9
382
117
352
296
202
0
109
104
2
0
3
57
33
0
88
0
40
228
73
0
43
0
67
202
271
77
0
64
405
3
5
4
0
73
7
7
15
29
2
0
0
5
0
0
7
0
0
14
185
60
5
11
15
735
2
575
6
2
197
0
5
0
4
0
451
21
12
568
2859
0
60
0
0
87
218
2
0
7
3
4
53
0
46
0
0
40
8
25
0
22
939
36
0
0
111
7
0
0
0
9
137
0
10
0
0
0
258
1467
0
114
49
1
6
0
4
22
55
158
0
51
142
0
156
11
18
3
0
8
0
0
0
34
0
212
37
34
0
6
52
10
0
5
6
0
0
0
5
27
451
0
0
0
0
4
6
2
0
37
3
179
0
542
17
106
73
0
0
27
436
99
34
93
0
0
1
0
57
0
2
0
2156
0
841
64
0
0
175
13
49
18
0
0
58
32
66
158
0
0
0
84
0
3
0
5
57
3
6
20
0
0
0
0
209
22
0
80
7
3741
0
104
1
10
0
88
3
0
0
78
0
0
0
0
139
0
301
100
0
105
10
3
60
482
395
20
5
0
19
4
3
0
0
20
201
0
16
34
4
35
0
2
33
51
29
3
103
0
12
0
0
4
0
1089
0
4
0
0
0
15
0
5
1
257
0
0
37
9
171
0
6
0
152
0
39
0
24
14
0
475
72
13
4
0
0
0
0
0
30
85
28
0
11
0
0
2
117
0
27
10
0
0
37
6
56
179
491
27
67
3
8
8
0
87
0
11
2
855
0
7
100
0
2063
0
0
40
78
1
41
27
0
15
16
12
60
20
0
9
0
1199
0
0
0
45
0
24
0
0
349
177
0
362
9
0
401
0
19
12
33
127
5
4
218
0
22
17
8
138
37
344
0
0
5
0
6
242
157
7
110
319
49
102
3
1094
107
21
0
3
332
53
337
1
0
6
2
171
0
320
7
71
318
0
5
122
11
0
0
36
459
13
0
10
10
1
16
176
4
4
12
15
12
321
31
0
0
162
0
0
3
2
0
19
14
7
47
44
18
0
219
0
0
82
61
0
0
0
2
0
345
0
154
3
47
0
75
67
212
5
58
2
0
0
1
2
0
0
0
3
42
0
1057
0
67
6
6
120
89
0
6
9
151
6
2
13
0
0
4
140
122
9
0
45
0
12
0
2
0
328
0
240
559
0
14
22
119
0
0
0
1
66
19
12
0
12
0
0
0
0
0
0
106
40
8
0
31
14
0
0
8
18
5
6
3
5
36
9
29
0
0
33
0
3
0
45
0
7
27
5
9
46
0
12
0
75
0
0
0
0
3
33
15
0
0
169
19
403
0
651
0
19
9
3
87
922
0
0
0
0
478
280
7
45
257
0
17
187
0
0
0
0
36
0
9
2
1
0
145
5
25
16
0
12
85
29
0
404
0
242
6
3
1797
11
21
0
265
0
0
1075
126
3
0
43
52
0
32
2
0
52
432
1121
93
4
0
0
2
6
704
2368
3
136
19
331
0
98
80
0
0
245
0
3
6
10
59
65
361
43
50
1
5
20
50
5
0
0
0
3
4
50
0
15
7
0
0
5
55
36
1118
24
16
7
0
160
0
120
1821
7
0
314
198
43
63
11
65
7
51
17
0
4
3
0
3
0
138
0
8
4
0
531
0
0
0
38
2
59
0
47
0
146
0
112
16
890
0
0
4
17
0
0
2
117
2856
28
195
21
221
0
72
6
65
288
7
14
0
16
6
24
3
22
1
10
0
0
8
48
230
27
0
1
0
0
87
61
5
4
24
771
262
51
0
0
0
32
51
0
114
9
15
1011
118
11
677
21
25
7
0
326
2
0
0
7
4
0
0
0
34
0
0
20
158
0
0
0
274
98
378
21
316
63
622
0
293
0
2
1
56
5
12
0
19
102
9
0
0
106
0
263
0
27
0
7
2228
0
0
10
5
0
0
0
123
71
138
0
15
1
0
41
86
0
1399
2128
0
125
71
0
0
0
81
54
35
2
0
0
73
12
1136
8
118
23
0
121
0
53
4
22
51
0
18
0
0
938
0
48
0
0
43
818
57
0
46
9
0
0
3
0
3
44
222
0
9
4
0
3
2
18
726
0
4
32
10
79
0
0
0
11
1
968
118
0
9
24
2
9
2
0
0
449
306
30
205
5
355
12
0
349
136
0
0
0
457
0
65
0
0
0
0
392
0
0
48
0
3
4
5
5
8
147
42
146
0
5
0
134
0
0
0
43
0
0
0
0
0
0
131
0
0
0
0
48
1
0
0
0
1196
4
9
9
20
0
0
1
199
0
6
235
0
6
13
298
36
386
0
4
0
12
51
67
0
48
119
0
2
0
162
0
0
15
0
1157
0
0
42
16
0
0
0
26
0
31
5
22
81
389
0
0
134
49
4
0
0
89
127
12
28
0
35
107
9
46
10
0
13
8
4
0
155
0
2
0
0
84
51
30
167
0
117
825
45
0
28
0
122
0
928
3
88
0
0
30
512
0
108
2
0
0
157
0
0
0
66
53
11
4
88
38
112
18
0
5
65
17
5
535
79
5
0
0
92
1
279
71
0
46
0
7
0
3
4
0
0
0
0
0
72
12
0
0
0
130
41
2
12
15
3
2
126
64
11
5
2
40
462
15
472
0
0
3
1
0
372
0
0
12
61
139
0
0
30
0
7
0
190
43
0
0
245
0
0
0
0
0
0
39
0
0
9
0
0
1
19
0
95
164
3
20
0
0
0
99
2
234
581
0
47
9
10
0
10
0
189
0
20
18
0
262
9
0
5
0
0
6
32
0
3
80
8
0
0
35
0
4
2
738
123
18
151
0
0
0
2
152
6
18
164
5
0
0
2
0
0
149
35
4
295
42
87
2
0
1
0
290
13
3
0
7
38
17
8
0
92
122
125
6
335
163
0
1
0
39
73
886
404
0
5
561
0
78
0
0
0
3
195
56
180
6
0
0
1
0
0
3
0
0
0
169
0
3
0
10
0
9
16
0
0
0
415
1
39
276
0
87
0
3
0
0
60
0
13
5
85
35
217
2
145
0
32
0
7
0
0
4
1
3
0
11
0
50
0
0
0
27
3
126
41
1709
0
1
4
408
4
624
0
24
0
0
0
332
0
99
0
0
630
0
20
0
2
12
13
359
176
115
31
13
23
0
4
0
11
2
0
8
118
61
78
0
0
0
12
143
110
32
528
0
105
3
3
63
0
659
0
176
0
0
382
0
4
103
197
0
8
4
34
4
962
32
21
17
4
18
0
0
0
29
233
35
12
206
185
240
0
214
39
109
15
2
7092
0
22
0
207
253
74
1570
0
296
50
60
19
107
0
760
4
2
112
11
0
158
24
2
235
4
4
18
378
1
20
4
122
174
2
5
0
0
0
0
0
34
12
35
1
562
0
0
4
0
36
197
12
13
1625
0
12198
0
0
7
0
1
6
3
10
7
0
90
326
56
0
14
530
871
0
27
53
169
16
128
0
6
509
29
0
0
0
2
10
0
2
244
0
8
49
748
22
229
44
7
169
408
1544
47
21
3
168
1464
0
0
5
26
809
2
0
152
0
2
3
5
0
0
281
0
633
0
4
26
0
2
0
629
110
0
0
4
19
276
6
0
3
98
0
2
0
65
29
623
43
76
562
0
0
0
160
5
6
18
6
3
51
0
0
819
49
320
0
212
252
62
85
3
1130
0
2
4
7
669
0
0
0
5
5
0
0
3
0
71
5
5
0
4
375
8
0
37
890
0
429
3
1
16
0
0
0
267
6
11
0
17
0
0
15
0
9
0
16
346
12
0
108
322
0
0
45
37
0
112
396
6
7
43
0
0
0
1
25
114
0
0
13
49
7
0
354
0
2999
75
0
2
386
0
13
48
11
0
124
27
59
2403
110
0
0
76
0
5
0
0
10
0
2
430
0
6
4
14
0
57
31
0
0
0
13
6
47
3
8
0
67
0
74
0
0
0
0
2523
8
0
0
2
0
414
0
0
77
14
0
96
128
0
0
48
0
102
178
1
99
22
0
26
470
275
108
21
3
11
2
0
0
1
24
2
19
4
18
0
0
33
55
486
1
0
0
165
251
146
2
129
8
29
17
0
171
0
0
4
0
0
0
69
14
0
181
19
0
7
0
0
8
150
12
62
4
0
0
72
16
147
7
500
69
162
7
12
94
2
6
4
0
5
20
1
43
3
0
0
5
103
169
0
1
0
0
229
0
0
9
4
193
125
0
98
1
17
618
1
75
0
0
1
3
0
1
3
5
5
9
28
333
698
51
58
341
0
10
168
298
7
252
58
0
0
53
488
14
582
4
8
30
0
3
0
53
39
217
0
94
106
0
1
0
181
0
1
0
6
25
342
24
0
0
8
133
55
13
0
0
0
8
356
7
361
187
23
7
141
0
158
7
11
1
0
387
173
1648
0
274
0
71
68
357
0
0
18
0
0
0
394
0
2
87
0
3
307
38
47
48
167
14
0
14
43
898
0
5
0
45
0
78
876
61
0
13
0
130
2
7
0
391
133
0
0
0
85
144
0
49
0
15
38
3
0
11
4
0
0
0
0
79
0
1958
4
0
26
3363
2
5
3
9
0
2
50
2
0
11
346
3
0
77
100
157
69
9
3217
91
6
0
3
0
97
0
0
40
0
0
5
59
20
0
139
0
14
2
10
0
18
0
53
4
38
520
44
221
0
166
0
21
0
87
12
161
0
0
0
0
12
176
20
0
13
187
59
145
0
88
17
201
203
30
6
0
14
5
1
0
0
0
188
0
0
298
0
19
3
941
7
0
0
1
31
0
2
0
47
199
8
9
212
87
37
0
7
0
31
0
0
84
46
8
0
0
104
0
6
87
0
2
88
41
0
0
14
5
58
3
71
5
0
0
0
0
73
0
24
0
105
101
0
4
256
0
184
0
108
4
0
8
25
13
48
248
0
12
0
14
0
0
49
0
248
69
2098
0
12
0
57
176
21
0
6
5
49
50
0
0
0
0
0
10
0
1
259
14
3
2753
661
0
0
0
0
173
0
178
0
402
44
0
9
996
35
0
4
18
593
5
4
0
16
3
7
730
1741
0
1935
0
5
464
65
280
6
0
0
0
666
547
5
129
0
35
0
0
0
445
113
0
0
0
701
227
12
24
2
0
0
5
19
26
665
0
71
0
1
0
1
0
2
18
31
0
26
0
13
0
0
26
11
2
0
101
0
34
4
66
6
0
2311
3
0
4
65
13
0
126
927
0
11
26
0
343
51
0
0
32
18
23
234
0
5
0
0
0
19
41
127
326
5
3
54
297
113
31
0
69
67
203
8
0
61
14
25
5
9
5
112
174
5
891
0
31
1116
310
78
0
120
4
235
16
0
1
307
118
0
55
8
22
0
0
0
0
3
3
0
27
453
120
45
0
3
0
0
61
23
1612
18
0
0
0
0
0
36
694
0
22
27
0
148
0
0
110
332
1
2
0
0
59
85
46
47
7
50
3
0
59
0
0
72
0
0
35
66
0
0
453
4
0
5
3
95
4
13
109
0
0
6
20
58
2
17
7
83
0
9
1
1
0
4
136
3
0
92
13
26
0
95
0
14
4
200
10
46
3
3
1
13
890
53
0
2
0
0
0
0
0
228
0
95
260
0
466
0
46
210
11
0
0
4
213
6
58
2
4
5
34
210
83
0
63
0
10
75
14
5
4
356
0
1
0
173
1496
0
49
154
130
209
0
0
0
0
49
0
1174
3
8
0
2
298
69
18
61
7
28
0
82
2
0
18
0
4
0
238
157
14
9
548
7
5
0
4
38
186
0
0
50
0
0
25
123
293
4
50
0
24
164
15
3
0
0
0
14
0
5
0
677
3
126
40
0
12
0
0
4
2
50
0
14
171
98
60
2
6
285
126
461
10
48
119
0
2
3
0
39
4
88
7
0
0
0
9
7
382
437
0
8
40
203
156
23
0
0
35
39
4
24
16
345
39
36
7
57
0
0
0
0
3
418
8
8
0
10
0
0
210
0
0
76
5
0
0
5
0
41
0
0
34
0
0
261
115
3
500
11
0
0
294
0
8
3
78
12
8
0
4
2
0
228
117
0
0
1194
0
0
0
55
408
7
186
14
0
18
2
0
442
23
9
7
0
0
0
0
0
3
0
160
16
0
8
0
0
0
0
14851
0
3
3
468
3
88
0
0
635
133
38
4929
48
7
108
0
12
4
19
26
1
90
0
733
0
0
102
0
102
4
27
25
50
30
0
0
2
305
534
167
0
0
2
130
0
0
0
30
4
12
17
20
19
7
88
12
450
9
0
0
0
13
52
22
1524
0
22
2
25
11
500
102
66
10
482
0
115
24
0
126
1919
1
3
64
123
35
107
1
0
0
0
33
302
5
18
12
7
334
14
1
325
24
94
6
0
571
0
44
0
5
321
155
22
8
204
0
1
3701
14
0
0
71
0
47
57
7
121
331
344
365
3
0
48
0
0
66
208
21
15
0
8
70
5
3
17
14
0
4
6
0
0
3790
0
0
0
301
0
32
0
49
238
0
0
0
5
0
0
4
12
93
40
228
0
0
95
138
116
619
96
52
3
25
0
9
81
0
78
0
57
194
0
28
17
0
0
49
13
14
89
6
0
0
0
11
0
0
0
269
0
5
3
307
4
12
4
350
0
37
4
21
11
0
127
6
232
7
389
44
0
10
184
0
160
9
2
0
206
0
46
51
1098
0
0
0
4
0
218
0
0
0
1015
0
0
0
4
2286
0
497
0
4
54
1
0
0
185
0
17
0
34
0
8
36
0
30
1
11625
4
3
7
0
0
0
42
0
0
0
63
0
3
0
6
169
3
260
0
26
0
0
192
82
4
9
0
0
5
0
211
10
7
0
178
0
0
88
0
78
0
0
43
0
3
15
36
0
40
0
13
3
0
0
1
0
124
0
3
0
3
217
5
0
170
0
0
0
14
72
5
0
0
77
4
0
0
17
0
0
0
11
536
0
9
203
0
63
0
0
310
7243
0
0
0
0
209
0
49
0
8
0
0
4
0
77
6
11
1
0
6
5
6
45
21
39
21
0
25
0
16
197
16
0
104
686
0
84
0
0
6
21
0
2
0
5
156
29
44
0
65
0
0
0
4
540
0
118
2
7
17
5
0
0
0
18
7
679
13
0
43
0
0
39
44
0
75
139
0
0
6
0
5
6
374
0
2
24
7
0
586
1
4
3
390
0
12
2
317
0
8
8
0
354
3
7
4
0
0
19
1
426
9
0
17
0
5
66
62
86
43
4
2
59
0
3
0
352
316
343
0
9
8
283
86
0
6
0
28
11
55
8
3
142
75
228
385
67
1023
51
0
3
9
9
13
8
0
164
0
8
10
0
8072
13
8
4
18
89
0
3
222
0
76
0
19
2
0
0
183
0
14
0
2
0
18
18
10
0
291
23
36
0
97
6
4
0
10
141
0
0
0
12
5
10
662
34
0
0
1142
3
7
3
0
0
0
229
0
0
0
0
0
3
0
0
90
1157
467
0
3
2
0
25
0
18
1
0
15
2
0
3
6
0
0
91
17
0
0
4
101
484
251
107
0
3
6
0
0
0
173
452
135
14
2
32
0
0
9
69
0
15
0
0
4
0
0
8
0
5
0
0
10607
0
21
60
0
44
13
205
354
219
0
7
0
116
0
62
114
0
0
3
68
676
27
0
4
67
7
5
149
3
15
3
2
0
4
6
0
7
3
10
0
0
23
229
37
0
189
33
60
142
833
4
157
0
5
43
9
58
70
1135
1101
0
0
19
8
67
5
12
1
26
88
2
56
17
80
0
0
54
3
683
0
0
0
4
0
0
24
4
4
13
0
114
0
136
354
83
32
2
69
7
17
418
1449
462
2
6
363
14
97
0
1283
0
0
4006
0
0
3
3
0
94
24
0
174
5
29
176
2
0
0
49
18
13
6
0
0
104
6
43
112
37
0
0
179
26
1708
6
21
0
53
161
10
0
130
57
19
47
3
9
90
0
0
0
0
268
1638
11
29
71
1017
0
3
551
0
2
333
57
0
291
10
564
5
0
0
325
0
69
0
3
138
0
22
0
0
2
679
78
1
47
12
1
40
2125
20
4
1573
1
1
0
4
104
4
1
357
0
0
22
475
64
0
345
7
270
21
25
8
0
28
0
202
52
48
0
0
0
0
563
0
0
189
175
0
0
23
6
22
0
256
45
28
200
0
0
883
312
4
99
0
0
91
75
260
0
0
10
44
5
6
2
0
33
0
12
1
612
35
3
7
0
9
10
313
90
0
180
18
1
1
27
0
10
831
2
0
69
123
25
0
57
0
295
24
15
0
29
0
0
0
114
59
0
334
103
0
6
76
53
7
104
15
11
0
52
1
53
14
0
6
0
0
0
0
4
0
480
331
47
0
0
0
0
2683
18
51
18
29
4
253
0
3
17
0
116
69
491
10
0
38
102
122
0
1
103
4
4
0
2
4
0
40
368
160
0
14
106
27
114
0
2
0
22
27
1408
0
0
0
17
30
5
33
5
6
6
9
0
90
792
422
0
297
0
9
2
0
0
0
0
922
37
402
509
169
2
146
0
187
2
189
0
17
13
20
11
177
853
349
229
0
298
0
15
4
0
4
35
97
8
961
8
17
12
0
59
29
17
53
10
6
184
168
0
47
13
3
357
16
589
178
1055
119
1008
5
0
0
1
9
5
42
699
0
31
192
5
120
0
4
16
224
3
2
0
0
0
29
0
46
35
625
0
0
318
79
0
314
77
0
17
816
2
36
11
0
3
2481
4
466
150
14
36
66
0
8
0
0
20
5
0
11
21
4
0
0
134
0
17
8
9
6
89
0
0
0
26
0
15
0
0
581
0
6
0
171
3
0
7
7
175
3
45
0
142
32
67
39
481
1334
0
36
0
0
0
6
79
3
10
0
9
12
0
0
0
0
0
86
42
7
11
941
0
13
0
74
37
155
0
0
101
2
59
161
71
0
0
0
58
10
0
22
0
0
42
50
3
0
121
0
107
0
72
1
390
779
0
0
15
334
0
4
245
0
95
710
12
888
59
1
0
10
1
72
132
95
0
3
0
0
28
3
1133
41
3
0
15
3
16
13
3
49
1164
63
882
149
1081
32
77
201
266
501
11
0
31
48
17
87
0
703
12
0
2
0
6
0
5
4
0
2
3
0
0
11
212
79
0
10
0
92
4
18
13
23
8
7
0
141
11
101
21
9
22
31
0
40
222
0
168
13
79
0
165
129
29
5
89
2
0
0
0
9
120
2
146
0
19
4
46
135
0
440
1492
104
0
6
103
4
0
46
0
53
4
75
0
0
0
0
48
20
25
0
568
184
7
11
87
8
0
172
151
1
0
7
67
2
64
6
1
1861
22
0
178
86
87
0
0
84
40
33
288
11
0
104
8
49
3
0
117
0
0
0
10
0
0
2
6
18
0
71
0
6
3
91
97
0
0
27
0
2126
94
0
0
129
0
2
0
44
121
134
0
0
70
15
1
0
5
124
2273
36
3
52
5
0
14
2
25
27
0
834
151
118
0
3
27
19
0
10
43
101
47
6
1
13
0
0
987
0
0
66
0
1895
76
0
0
7
1450
255
111
37
0
1
0
0
84
0
8
73
87
221
790
1
628
5
218
9
0
0
5
532
0
10
0
0
0
27
2
73
3
208
13
10
0
73
0
183
24
26
0
0
0
841
14
0
0
0
0
4
0
30
0
66
0
84
18
85
488
5
0
8
0
0
27
60
6
254
24
0
0
0
1232
4
0
4
11
169
4
20
0
29
20
0
19
22
12
0
54
0
41
336
0
7
322
0
6
0
136
0
0
3
74
0
0
312
0
3
5
0
160
2
1
14
3
0
7
0
1229
0
3
0
0
318
0
232
12
0
64
127
0
0
59
0
9
9
0
340
2
0
46
0
0
27
58
8
1
0
1324
8
5
0
0
4
0
267
60
4
13
290
38
18
66
6
0
0
1
1
48
12
0
0
0
0
16
30
29
36
6
5
205
487
0
3
2
27
104
0
337
314
0
0
110
0
6
5
6
555
0
11
54
64
5
7
0
13
0
0
4
5
11
38
7
0
29
48
152
95
0
161
3
668
0
6
0
7
125
48
490
47
0
0
41
255
5
2
33
13
8
1
3
7
89
23
144
6
0
64
240
6
0
506
49
466
0
0
3
0
6
0
778
0
4
0
0
1
0
431
143
0
8
59
77
32
128
819
42
31
11
9
9
4
0
151
0
118
4
214
17
38
193
74
0
0
0
0
10
20
3
45
0
0
330
0
2
253
0
512
0
8
437
301
8
241
209
0
3
5
82
0
102
0
0
0
119
0
0
22
0
2
2188
1
67
61
0
534
0
0
0
1086
56
116
78
145
0
37
96
0
66
13
6
31
169
19
15
0
0
15
6
6
270
2
0
0
5
6
0
0
97
27
0
16
17
46
62
81
0
0
0
0
105
144
22
1
2215
0
13
143
0
4
7
28
3
160
0
25
0
10
16
553
44
23
129
138
6
0
6
5
31
57
208
17
545
3
3
3
0
4
4
3
24
395
0
1
22
24
0
9
0
164
8
71
8
1
5
92
0
59
177
0
1
249
153
0
0
1179
0
86
7
32
4
188
0
0
0
0
214
0
49
3
3
110
0
32
32
4
0
11
7
241
105
2
230
22
8
2
4
332
0
19
0
4
37
0
0
8
154
0
5
23
9
296
34
127
102
33
22
80
0
0
60
15
0
0
5
0
222
32
0
358
0
38
26
26
55
1
28
35
71
52
6
101
6
0
180
0
0
1
675
23
0
288
286
0
6
4
206
0
186
0
5
0
7
23
0
0
0
0
10
139
3
4
0
0
8
3
498
53
0
3
0
32
5
95
0
39
77
0
0
46
1
7
0
0
23
6
0
40
0
1
0
15
474
0
29
9
7
0
0
0
34
246
3102
1
0
128
33
15
5
434
44
1
22
89
11
17
0
17
0
10
59
68
0
9
42
8
0
0
57
21
0
0
5
31
0
0
0
5
31
100
117
0
29
92
21
2
0
43
0
1
98
0
0
149
0
10
22
0
251
0
28
0
4
15
0
3
0
16
0
0
8
0
0
2691
0
116
8
2
0
52
40
102
266
0
3
28
13
0
17
18
0
358
0
99
1
3
69
3
0
440
0
0
0
0
6
28
9
41
0
0
1663
33
0
1778
0
0
246
395
10
0
4
689
0
44
692
2
11
7
422
121
68
0
50
26
0
3
0
0
4
798
47
5
1192
0
103
6
0
0
6
0
23
136
6
0
102
42
94
3
2
420
53
0
2
111
506
0
61
0
0
0
128
53
114
14
24
1
3
0
22
3
0
16
1
0
138
0
172
0
64
0
0
4
54
2943
0
29
4
25
30
0
7
105
35
0
18
20
0
0
0
0
0
185
3
0
4
0
0
16
1
63
127
0
0
2
0
0
8
172
0
5
0
16
0
247
0
0
0
1
0
17
24
10
0
0
601
158
0
0
0
0
29
0
2
33
28
0
43
4
52
67
0
3
0
0
107
0
0
5
0
0
0
25
0
17
3
2
0
0
89
33
12
19
0
0
32
3
188
0
75
20
70
363
5
0
0
1
5
3
5
0
0
0
10
53
0
1
4
85
0
28
0
151
18
0
24
13
0
5
7
53
4
12
5
0
1
5
13
2
137
0
8
498
48
17
26
64
0
41
51
2
325
17
15
1
27
0
1
24
20
0
10
5055
15
0
33
0
0
0
71
4
18
19
57
0
0
0
37
0
0
0
90
0
0
0
0
0
18
94
0
252
17
0
30
198
17
8
12
127
7
38
2
0
0
0
13
46
0
0
167
0
0
0
0
2
3
3
2
207
10
0
0
0
17
33
240
4
0
0
0
5
0
90
898
69
0
2
0
0
0
0
17
8
71
0
39
10
8
0
2
31
26
6
0
0
0
0
0
133
0
2
0
27
0
0
7
663
0
55
2
32
94
0
5
3
0
160
97
0
0
0
0
19
7
0
27
3
12
135
69
54
0
5
0
114
1052
6
8
5
2
120
23
4
0
166
3
0
0
22
80
0
11
0
0
186
0
56
11
0
11
11
0
141
15
7
139
0
0
0
26
0
38
10
131
2
0
15
0
349
22
0
0
10
0
17
0
3
0
71
201
0
0
51
8
0
62
0
1
57
0
0
0
255
16036
0
0
0
0
63
0
5
2
27
34
6
128
3
2
0
13
53
42
10
23
17
469
189
0
2
0
7
49
565
0
0
14
0
44
14
632
0
41
0
0
0
287
263
5
47
67
6
2
184
22
53
0
0
0
13
0
0
0
13
0
0
151
22
8
0
22
1
32
59
21
0
0
1
47
203
4
4
0
18
9
41
1
12
0
22
153
14
0
4
0
7
0
0
0
119
0
15
0
46
0
0
0
0
17
4
33
0
0
0
34
2
41
107
0
191
90
17
0
5
0
16
0
27
44
0
0
0
166
6
4
224
0
0
61
0
12
55
31
8
0
421
53
339
0
43
7
13
69
63
0
0
0
0
0
30
1
1
3
6
21
24
2
0
9
0
3
18
58
78
0
0
0
35
83
6
4
185
139
10
0
83
306
10
5
30
34
31
524
0
20
3
0
0
0
0
18
0
18
0
22
21
5
0
0
8
49
0
32
0
50
161
21
0
5
9
15
57
186
0
0
2
180
0
14
3
3
3
139
2
0
0
127
45
12
20
0
0
243
3
10
1
10
2
77
0
71
0
45
0
2
14
3
0
48
0
27
475
2
0
0
96
82
5
26
0
4
11
2
0
0
13
120
223
131
18
0
182
46
12
65
0
1
0
8
0
501
0
45
0
148
2
16
79
1
0
5
4
287
43
0
0
5
0
11
2415
0
198
7
17
28
15
8
53
3
4
1
534
5
0
383
215
0
1395
2
26
10
4
35
64
301
4
0
254
0
4
0
15
1050
17
37
7
70
11
0
2
2
0
10
15
18
1
18
75
5
4
31
90
0
4
272
4
0
5
41
0
0
369
0
1799
13
4
7
0
28
26
0
3
10
8
1031
39
45
117
0
15
7
259
11
0
324
35
0
0
5
152
0
2
3
596
0
20
0
1
0
186
0
11
36
2
1
89
0
0
18
397
43
6
64
40
3
5
3
4
6
0
194
1
103
2
6
0
463
0
16
0
0
72
12
0
0
319
105
9
0
2
0
11
1
0
199
0
5
4
22
0
0
0
30
0
0
94
0
14
0
67
0
0
6
0
0
10414
6
41
0
1
0
0
32
117
51
0
362
6
111
6
4
44
0
0
107
10
89
0
0
24
416
135
53
0
1665
0
73
149
0
16
0
5
2
238
56
11
35
4
0
26
22
4
0
18
9
0
6
11
63
1
0
303
29
109
0
100
46
131
147
64
19
6
4
12
0
0
409
15
88
78
0
0
3
0
26
0
0
21
34
5
110
0
26
4
11
61
33
18
64
0
190
1
1408
0
26
0
10
5
8
23
41
1
92
99
1
43
6
3
0
0
45
70
132
5
45
0
33
12
0
0
8
156
0
0
13
0
0
94
0
97
645
0
0
385
19
0
130
12
0
78
0
64
0
4
236
0
0
34
4
45
55
0
4
28
0
198
9
4
0
29
16
0
0
9
2
12
177
69
20
0
14
206
186
7
0
453
134
0
0
0
305
93
0
0
55
200
137
9
9
0
120
0
1582
85
0
0
21
2
79
0
3
0
2
0
37
0
0
4
13
0
0
50
752
0
0
40
3
47
0
215
0
0
242
0
21
0
50
14
0
0
593
0
209
223
95
117
59
0
209
0
0
42
2
0
0
0
12
0
0
4
0
0
3
738
0
2
3
30
319
0
283
0
21
6
2
0
45
15
78
84
0
20
8
0
3
7
241
14
48
2
0
12
17
0
0
12
508
447
84
138
1234
315
0
48
0
0
0
140
0
0
89
462
1464
193
0
14
42
202
0
19
0
146
0
257
5
1005
24
89
0
5
3
0
17
0
25
3
77
16
124
13
18
0
6
0
0
2
3
0
28
352
0
3
52
0
0
4
68
4
30
90
969
21
2
449
0
7
3
4
86
0
0
0
0
102
8
17
0
9
37
26
17
0
0
0
67
0
55
0
3
5
7
12
0
0
0
204
1
0
0
2858
27
0
0
0
38
94
66
36
104
0
0
1375
0
0
309
0
0
0
4
549
16
0
0
96
73
9
5
0
0
0
4
1459
6
0
0
26
3
423
2
0
5
2246
19
123
0
68
9
267
0
11
14
1
0
6
17
2
0
0
0
86
53
0
2056
0
4
5
2
0
0
1262
13
10
0
0
147
0
0
48
367
2
75
8
27
14
318
285
170
5
0
1374
87
0
88
1139
1
281
329
5
9
0
0
0
15
127
4
0
3
1
16
3
0
0
0
15
7
9
9
0
23
4
194
15
0
13
4
176
19
0
0
298
4
4
27
0
0
0
1
17
1300
119
0
11
44
109
12
56126
139
25
25
714
211
6
0
6
6
25
0
0
145
0
352
1631
0
0
0
28
151
17
147
180
4
11
0
0
661
34
0
4
32
7
5
9
638
13
80
4
0
0
168
2
13
1011
12
0
28
2
0
25
535
0
2
152
90
0
13
385
39
0
1
1607
0
6
332
5
2
0
0
9
0
0
3
111
11
114
0
200
274
0
0
11
86
58
3
49
0
2
16
0
300
16
56
24
0
13
4
1
39
9
3
4
4
742
1078
181
0
0
8
0
101
0
21
0
11
2
69
97
0
0
180
6
115
0
3
73
0
9
0
0
0
298
42
118
0
0
60
3
0
0
0
10
47
138
0
7
89
4
0
71
0
12
0
1
0
15
0
30
24
0
209
1
0
0
2
0
51
13
181
0
15
354
3
0
0
150
4
87
274
24
0
0
0
0
31
15
12
72
0
0
3488
55
8
1
0
0
491
0
0
3
129
0
18
12
1
0
0
3
232
0
0
8
4
0
35
0
18
0
112
32
0
491
189
0
151
0
40
0
0
147
0
0
1392
402
0
0
0
94
57
3
43
1
0
447
0
1
14
7
0
11
0
0
0
0
3
373
0
11
17
0
41
0
11
387
0
0
0
0
8
27
2
0
0
0
2
0
0
1
0
35
4
80
190
6
0
42
0
64
0
0
0
1
0
0
0
0
136
0
20
65
23
14
47
0
116
2
0
39
0
147
0
15
246
0
12
7
0
0
55
0
94
8
0
9
98
6
536
3
0
46
18
274
43
240
189
0
22
4
380
367
0
0
48
8
15
0
277
6
0
156
46
122
10
326
0
5575
112
51
0
0
523
5
488
11
12
0
0
0
65
11
69
0
0
0
24
0
0
0
111
3
0
4
0
268
44
46
191
28
0
9
5
8
0
3
0
10
5
48
196
0
45
7
0
0
792
4
0
0
138
0
248
0
2
10
347
0
33
0
77
0
25
103
34
0
266
0
70
0
0
1
2
77
0
231
0
113
0
0
5
2
6
2
0
9
4
2
110
0
21
1
0
23
66
0
368
2
0
0
41
5
121
822
9
29
7
133
0
101
0
4
976
0
3
13
0
475
21
0
152
536
14
804
0
316
9
0
14
0
4
8
0
0
1652
0
624
0
16
3
179
0
47
140
56
0
76
273
0
730
3
0
2
24
3
0
0
13
0
0
42
0
6
0
635
0
4
18
5
16
45
0
0
645
0
3
7
40
15
0
1677
0
6
16
75
3
112
0
3
0
0
106
1376
107
0
4
0
0
8
0
9
0
402
395
114
1
16
0
33
5
0
205
0
171
37
0
0
6
98
166
0
0
9
3
16
0
12
0
12
3
0
0
0
8
0
0
6
17
26
0
21
3
8
2
4
0
8
9
1
0
76
261
118
52
31
4
161
0
0
4
0
2
10
6
0
0
0
100
0
3
0
5
0
0
0
15
0
0
66
3
1
0
5
25
2
66
10
228
238
224
6
39
64
0
0
0
0
8
4
17
7
0
1
0
2
20
0
0
3486
8
0
0
0
2
18
0
846
9
25
103
0
6
6
0
116
6
0
14
19
0
12
61
0
299
100
1108
193
4
0
0
0
0
6
44
0
39
98
5
50
0
24
248
3
2
67
51
8
9
154
11
17
3394
384
0
15
14
99
0
0
12
162
683
12
0
0
271
0
0
0
3
53
15
165
204
284
371
0
0
18
0
577
0
0
124
170
0
0
0
18
483
0
449
73
0
439
2
1
12
48
3
68
34
0
38
7
53
0
33
105
658
0
5
16
5
0
6
0
140
0
2
34
43
91
0
0
81
101
6
0
0
171
5
111
0
0
0
3
139
18
0
115
0
2
0
0
14
83
43
312
180
121
0
24
12
0
92
352
43
107
0
23
8
0
12
0
14
15
567
16
0
73
0
0
15
0
23
0
0
0
0
119
5
4
6
0
0
3
339
0
164
0
0
7
0
25
0
0
7
236
0
0
0
0
0
0
270
6
0
0
2
76
35
2
28
23
0
4
222
0
48
6
410
30
0
0
16
170
47
49
437
0
8
51
0
0
3
64
9
0
135
0
95
0
0
4
0
510
87
40
159
0
0
0
22
63
22
27
4
0
35
7
29
0
58
5
112
0
0
35
0
9
192
6
41
188
0
237
3
3
150
0
369
6
86
689
7
505
672
3
10
19
0
1
5
3
245
10
77
1217
151
7
7
194
0
44
0
54
33
2
0
0
112
168
56
85
0
127
497
5
8
2
1035
0
0
0
372
0
69
38
986
0
65
10
162
56
0
5
251
10
29
0
3
2571
7
0
1388
0
129
16
3
70
0
9
170
187
15
9
4
398
4
0
14
0
0
0
28
0
2063
2
0
188
0
9
35
7
119
27
54
187
0
0
5
110
0
0
0
49
0
46
39
7
0
35
0
0
17
0
102
175
0
27
12
120
0
17
0
32
0
50
0
0
0
0
78
0
168
0
6
0
458
0
0
0
2
15
2
562
0
79
104
202
0
0
0
7
0
0
0
0
106
1
30
0
62
133
0
35
1
25
0
0
0
2
8
13
72
126
0
327
197
162
0
0
342
13
24
41
4
217
60
0
0
26
17
4
47
60
57
3
0
0
1
1080
76
67
0
498
10
0
155
15
9
5
24
13
637
471
211
1121
200
0
4
30
2
160
29
0
4
0
28
31
3
0
101
119
0
123
0
106
0
0
16
0
0
479
77
276
5
77
0
28
0
78
0
0
3
346
103
18
51
31
67
11
0
0
62
6
2
27
18
42
97
0
218
0
18
3
452
262
160
16
234
0
40
0
103
0
5
8
15
0
0
7
28
49
532
18
0
0
25
12
4
0
6
0
79
71
0
90
0
13
0
784
52
18
0
16
0
0
29
21
5
12
28
111
3
0
0
1809
1
7
107
0
299
0
4
0
9
5
38
0
89
0
32
25
290
34
0
0
13
112
0
3
704
0
31
0
2
0
11
29
0
13
114
0
14
0
7
13
28
0
0
26
10
6
67
37
188
309
1
0
0
105
7
0
444
106
21
12
321
5
0
38
92
0
0
88
61
2
508
0
7
254
112
5
15
67
47
171
7
19
0
132
80
4
11
118
642
21
11
0
1
11
2
0
33
0
0
21
113
40
107
0
116
0
71
0
116
311
0
0
0
84
7
286
55
0
0
24
127
69
0
0
181
27
0
0
0
0
757
8
0
16
319
21
0
5
19
24
1
716
3
3
4
19
70
22
0
7
181
7
0
198
0
0
0
90
4
3
0
6
23
0
7
49
0
0
25
0
33
65
0
10
0
0
0
0
143
0
0
204
294
0
4
3
34
4
7
26
793
2
47
26
31
114
0
266
75
3
2559
2
113
3
0
0
0
92
13
0
63
34
0
66
0
0
0
8
1
2
43
4
283
198
1642
55
7
132
0
7
5
63
27
0
0
167
0
36
66
2
5
88
6
0
186
76
0
0
0
254
0
26
168
2588
0
0
0
0
5
23
37
34
0
2
130
71
0
0
6
0
44
7
105
0
0
214
33
0
3
488
118
0
0
5
0
3
41
0
0
40
0
14
0
12
61
93
1
0
0
0
22
104
4
0
54
0
34
11
0
0
5
0
0
0
0
2
24
3
24
342
3
0
237
13
0
0
12
0
0
3
2
287
6
0
0
20
0
5
510
491
0
313
96
0
120
0
41
20
117
32
41
0
59
1
0
0
0
76
4
0
27
30
0
11
0
209
43
5
5
0
0
5
0
0
0
10
1
36
0
0
166
74
0
0
0
0
14
0
1495
30
0
234
97
29
1
0
31
12
3
0
0
461
21
0
0
28
15
0
4
0
78
4
0
43
0
0
0
0
0
0
0
80
17
3
0
0
0
0
646
0
0
217
72
11
24
0
140
53
0
0
36
0
20
15
0
16
0
0
74
0
0
0
0
25
377
40
0
0
0
0
0
29
488
7
54
5
10
35
61
3
0
62
132
0
15
0
36
215
19
1107
12
20
0
0
0
0
11
0
209
0
2
829
3
0
3
0
23
191
0
0
2
0
46
0
17
3
457
233
45
34
126
5
93
1
3
4035
0
1
0
6
0
0
19
257
0
0
0
0
0
0
20
0
0
0
0
0
0
0
6
0
15
277
0
80
23
88
0
15
2
0
2
0
0
247
0
0
90
3
0
13
0
5
0
0
11
0
0
672
0
188
5
541
1
10
0
10
5
0
44
0
0
8
97
146
0
1
0
19
15
0
4
37
0
7
382
0
8
0
18
12
0
358
0
6
0
57
0
0
0
5
14
4
4
0
0
41
0
0
0
9
6
4
0
27
0
17
6
58
0
9
3
0
3
3
269
0
307
59
0
0
3
0
35015
72
35
5
1
0
104
286
33
0
8
0
8
118
19
4
6094
0
31
0
75
0
189
17
242
72
3
290
8
24
18
0
18
50
20
7
55
137
5
3
0
6
163
0
3
0
67
0
0
4
0
0
0
0
0
31
0
0
0
4
0
1
134
41
0
60
211
277
138
49
0
163
0
0
22
5
0
0
0
7
0
13
0
35
0
18
0
25
0
0
53
117
0
0
0
0
0
2
0
25
64
14
1092
0
396
18
10
0
0
0
7
0
8
5
138
30
3
0
0
0
0
23
0
14
10
86
0
19
0
64
125
0
30
20
36
107
0
19
0
0
0
0
0
0
9
0
0
4
175
20
0
0
2
7
3
291
0
3
90
25
0
70
0
20
106
10
3
29
266
234
6
22
1
4
0
9
20
29
149
0
4
31
393
0
0
0
0
0
11
0
1
469
49
5
0
85
0
0
9
4
511
0
22
22
76
209
100
1
26
0
0
4
4
220
31
10
1
58
5224
316
4
0
41
18
98
5
0
622
0
29
0
42294
8
0
13
235
5
11
141
0
9
411
0
0
0
24
0
0
10
13
2
0
23
1
1
0
0
76
1
144
39
7
0
0
0
0
3
1725
6
0
0
20
17
0
18
190
0
13
5
0
0
5
0
24
0
156
0
0
7
2
10
4
0
472
3
0
0
0
0
0
0
0
2
0
203
192
15
78
6
8
0
31
17
47
128
0
108
387
0
0
0
13
566
4
40
16
173
34
1105
0
0
0
0
0
0
7
0
0
2
0
66
6
244
1
17
11
10
125
1
0
6
24
5
2
0
71
6
0
38
0
204
1
1126
3
0
62
2
39
0
0
18
0
0
97
70
3
120
5
20
474
14
12
0
246
6
0
9
60
2
18
35
3
0
229
0
39
17
14
10
18
29
52
57
260
0
279
0
127
135
255
4
7
57
50
135
0
5
0
448
0
60
0
4
27
602
0
36
0
78
0
324
2
277
9
13
54
0
4
2863
0
50
1
1469
6
0
0
3
0
0
7
0
67
3
6
0
151
3
30
88
0
12
811
130
0
131
92
25
0
0
11
39
474
24
1
418
0
2
0
0
0
0
8
133
0
0
3
0
0
11
2
0
1
0
0
5
95
436
46
0
235
209
0
281
10
0
162
47
18
0
7
84
25
26
19
8
38
0
575
288
5
27
9
0
583
14
26
17
0
13
0
0
21
20
119
0
0
0
6
26
0
0
12
409
0
1
83
79
0
0
0
0
1
143
88
3
745
10
17
29
0
0
4
13
5
158
0
30
58
473
69
0
0
0
15
61
69
0
26
0
22
5
0
46
91
116
0
0
24
0
0
88
0
1
0
22
0
0
19
0
0
0
0
6
22
38
3
22
9
3
44
0
142
0
1258
23
8
120
20
7
234
0
0
0
0
0
2455
0
41
0
0
31
125
0
35
0
0
35
10
0
3
0
0
0
5
0
23
0
16
0
150
0
3
43
38
2
9
37
4
1752
169
0
6
0
140
0
56
426
0
0
2
16
0
0
11
0
1
22
2
0
0
4
0
0
194
0
0
14
0
955
0
7
0
20
157
0
0
0
136
1117
92
0
13
62
20
30
3
57
46
0
12
23
0
57
0
190
8
22
0
10
81
0
4
2
110
3
0
6
0
1
0
0
0
12
80
45
24
2
44
33
0
21
25
71
0
143
0
0
0
46
1
0
225
0
2
0
23
167
109
0
4
2
1803
28
9
11
358
32
6
44
13
21
28
4
471
10
0
1
55
20
0
48
138
0
0
13
405
7
14
2
239
22
0
0
0
204
317
684
5
0
0
5
28
0
2
1904
0
121
3512
61
0
0
82
434
0
11
9
3
49
0
253
2727
39
303
0
339
43
0
27
3
161
93
35
30
0
15
12
16
5
13
0
0
20
6
157
103
110
0
32
85
101
0
0
3
5
2
10
617
5
0
14
79
0
0
0
33
156
0
0
4
0
0
41
5
0
6
3
0
0
0
0
0
0
33
0
0
0
0
0
17
6
100
3
636
0
39
0
2
0
7
26
0
8
632
8
0
0
5
7
80
8
0
249
0
20
229
0
74
26
0
25
22
2
7
0
60
3
9
0
196
181
4
297
36
395
0
27
0
0
0
0
0
0
7
4
5
0
8
0
230
347
0
2242
0
10
0
0
0
79
15
30
46
33
0
5
15
17
9
0
95
45
3
2
0
0
0
0
13
191
593
128
0
14
600
195
23
0
0
78
50
3
115
125
0
28
2
0
27
3
83
17
22
0
0
0
74
13
190
18
0
2
0
1
39
36
0
0
0
1
268
36
0
4
0
0
3
0
42
0
0
23
7
0
0
0
0
13
4
5
0
84
0
0
0
150
3
3
22
0
0
178
95
14
7
37
4
4
1
3
14
0
29
3
279
3
9
49
4
0
129
0
7
0
6
10
4
23
29
12
0
223
0
3
5
0
5
13
0
4
0
0
1
0
9
24
0
0
5
23
14
10
0
0
0
67
11
18
225
10
0
75
0
122
68
31
0
4
27
14
174
0
0
4
61
0
185
7
21
0
0
2
0
15
0
0
0
0
15
22
74
0
7
0
0
0
1
21
0
0
76
0
17
2
0
31
29
4
2
116
0
0
4
0
0
6
201
0
66
303
0
5
33
83
2
37
11
19
21
4
0
0
45
0
0
0
14
0
1867
0
115
11
0
0
10
22
0
0
51
0
12
11
30
4
36
0
0
0
56
212
5
0
0
7
3
51
0
37
461
0
16
65
36
0
0
0
0
0
66
5
45
44
7
23
73
0
5
15
0
0
0
0
32
0
0
0
71
123
0
5
0
309
54
67
3
0
14
0
0
2746
0
179
26
11
4
0
0
51
5
40
0
0
0
0
0
276
9307
0
0
1
11
18
21
0
8
0
7
0
0
3
0
12
94
17
10
7
0
5
51
5
9
15
0
9
19
4
0
0
2
56
143
0
3
34
13
364
4
14
326
914
38
68
1
2
89
29
203
1
2
44
0
18
133
123
244
9
0
2
515
13
0
188
9
4
0
0
3
0
51
0
97
12
3
0
4
3424
0
5
100
73
2
23
0
95
0
0
5
18
0
0
0
33
105
4
0
5
5
0
889
0
5
391
0
118
15
0
1209
286
3
20
0
0
0
123
0
19
0
55
15
16
149
0
0
12
0
0
68
0
17
224
5
40
200
0
14
1
88
0
9
34
18
0
21
0
4
0
4
147
0
0
18
0
0
105
24
0
38
0
231
48
130
0
0
0
31
48
7
5
16
0
69
0
0
9
9
0
21
0
2
281
6
3
7
8
5
0
29
15
0
0
10
0
3
50
19
3
0
1
0
29
0
0
0
2
35
0
0
10
27
0
0
58
0
11
0
0
523
19
41
6
3
37
58
13
107
59
0
2
14
10
162
7
36
10
0
748
111
14
13
45
74
24
32
0
0
0
0
0
0
18
0
0
0
3
2
0
6
60
4
125
68
51
62
3
0
0
408
4
0
17
0
42
2
14
0
16
0
3
0
19
207
2
170
0
53
0
186
35
24
0
3
0
0
0
67
0
0
22
0
0
6
0
0
0
0
0
0
3
0
62
1
328
141
0
0
0
154
0
3
0
0
194
34
5
7
11
0
274
5
204
35
0
231
0
76
4
1
60
16
6
2
42
129
0
163
24
7
0
0
523
39
11
26
3
3
2
0
2
1
1384
0
40
66
0
176
1
199
0
0
0
175
0
225
10
10
4
1
0
75
660
0
46
5
2
23
10
0
0
4336
0
0
7
30
91
5
279
114
413
523
172
65
0
12
52
9
21
4
0
0
42
0
113
2
0
0
20
113
15
0
0
0
0
0
26
440
220
0
458
26
7
32
132
34
18
5
2
39
9
0
0
0
207
4
0
6
0
5
0
6
2
0
61
9
29
779
22
0
0
111
0
220
4
57
0
101
0
189
21
0
1
117
5
86
0
79
3
0
0
42
3
0
152
357
0
897
2
107
0
208
686
0
286
119
3
0
658
0
17
0
168
5
0
60
52
14
194
26
19
265
3
891
19
3
45
183
0
0
0
0
301
806
15
143
88
0
108
3
0
4
38
0
17
0
63
10
94
5
29
5
193
0
18
0
2
0
0
0
0
0
16
67
24
0
1416
526
0
50
166
0
161
0
0
8
7
0
25
13
50
918
57
0
4
4
178
0
10
0
0
3
209
3809
0
0
40
34
100
0
44
0
33
7
23
20
2
0
4355
2
0
0
0
86
193
0
0
0
9
0
0
0
0
158
0
63
36
0
81
0
12
21
4615
10
5
0
5
111
2
0
548
0
0
186
0
0
0
4
0
0
80
31
2
0
0
8
0
0
0
13
9
361
0
0
0
0
1
0
1
87
0
0
1
100
1053
0
3
8
0
56
2
441
11
114
61
4
108
460
2
242
131
0
27
0
0
5095
6
0
90
5
0
7
0
168
2
105
1417
0
0
0
2
13
0
100
0
122
3676
391
0
0
0
0
0
0
160
0
20
13
21
61
304
72
0
0
80
0
3
0
440
207
0
45
0
0
46
10
8
0
16
0
65
9
0
262
13
0
0
21
203
0
0
0
17
6
0
37
251
0
76
46
0
0
109
9
1
0
4
244
14
89
47
0
4
0
1
0
613
10
100
92
1
27
455
130
0
0
1038
0
0
10
0
0
3
0
39
185
20
13
0
354
0
0
14
24
336
34
67
16
0
5
0
1
27
4
200
79
0
16
0
0
0
11
0
269
0
10
66
14
116
0
0
33
113
26
0
3
8
0
2
99
70
0
0
25
0
32
4
0
290
92
0
0
324
483
92
22
44
0
0
0
6
0
7
0
134
4
0
6
13
0
152
3
8
88
76
67
2
0
21
108
59
46
0
2
3
2
1033
63
371
0
0
15
82
101
3
0
5
267
0
4
6
0
0
0
0
0
0
0
4
23
0
39
5
104
8
4
34
2
65
543
0
0
0
0
0
0
2
3
99
281
46
32
6
0
293
0
25
187
2
137
20
8
22
0
9
23
3
0
0
0
8
0
14
0
0
366
0
35
53
0
2
0
0
11
0
0
10
100
5
0
0
0
0
0
0
14
196
6
292
469
5
0
142
896
0
11
24
0
360
4
3
26
129
0
84
0
0
0
200
38
0
0
1
0
8
80
253
2
192
85
206
0
0
39
351
27
0
28
487
0
231
0
106
221
366
0
37
15
0
0
306
765
5
0
108
0
14
7
0
9
0
0
0
192
17
27
320
35
22
87
0
22
89
29
0
0
31
0
19
0
8
1686
0
53
47
0
392
5
0
0
0
52
0
334
0
20
0
109
17
82
0
11
0
0
0
0
0
0
169
33
4
0
0
0
0
15
0
141
2
16
0
4
21
0
3
0
0
2
0
83
71
0
217
39
69
85
0
57
31
0
13
0
277
0
1437
0
315
0
0
112
0
0
26
0
778
29
153
69
51
0
0
0
2
0
24
0
0
0
118
0
231
146
0
0
245
2
0
0
6
0
0
0
5
0
0
15
1
5
3
67
0
71
0
0
0
0
100
0
0
0
71
0
184
74
0
0
47
0
0
14
0
0
0
7
0
74
0
19
931
0
39
0
56
0
3
3
7
385
173
90
128
17
35
23
81
0
0
0
185
0
128
9
0
76
4
110
118
2
18
0
71
0
0
219
44
24
0
97
8
0
36
44
0
0
0
5
6
128
0
43
12
14
55
2
0
688
215
0
0
189
0
11
0
109
0
0
187
17
5
958
478
55
117
0
0
3
3
50
2
61
0
27
54
165
17
0
20
61
28
1
40
36
0
0
122
67
1
14
36
0
0
0
7
6
24
0
7
134
48
78
0
468
1339
757
24
122
1731
0
80
4
8
66
28
24
238
17
0
55
0
0
42
314
0
1
3
142
300
0
2
0
129
8
1214
64
12
117
9
0
3
426
14
22
13
0
0
58
30
0
34
25
0
121
607
1
153
50
0
0
0
14
363
34
91
1
0
155
7
0
0
4
0
64
141
0
7
0
6
53
17
0
0
32
0
0
3
798
4
0
11
46
6
608
114
0
0
0
0
2
77
0
4
2
0
12
0
17
0
0
50
9
4
0
68
0
43
0
0
7
6
208
0
7
0
32
0
192
140
0
17
0
0
12
6
411
9
13
0
256
46
0
26
1
107
17
8
0
258
18
0
12
13
0
3
26
0
7
232
0
0
0
0
3
0
13
5497
10
0
16
0
77
5
7
6
0
7
14
9
0
0
62
73
35
0
21
10
41
0
270
0
0
0
8
19
534
47
12
0
0
4
3
7195
0
0
3
435
221
0
2
5
0
0
0
0
38
16
1
17
0
0
30
0
9
0
0
142
163
0
0
6
0
3
126
217
0
280
161
0
0
38
0
0
0
9
0
225
0
0
0
5
7
2
0
599
0
0
415
48
2
4
8
0
0
0
1
1
14
3
41
12
5
133
745
0
1
96
0
0
6370
0
927
15
9
4
34
20
0
319
0
59
2
0
30
0
0
49
658
440
14
0
21
4
0
38
36
81
7
0
0
0
340
747
29
93
13
0
81
19
0
0
5
1
0
0
97
0
89
0
10
4
34
1
5
10
7
3
4
0
0
35
2
0
59
0
14
0
4
1897
3
0
25
4
5
3
155
0
1
8
0
2
0
0
74
0
146
10
516
0
2
77
7
9
4
2
0
0
10
32
5
14
0
6
17
28
1
89
67
13
291
67
0
423
20
0
7
0
0
0
0
0
22
11
65
1
19
2
7
0
26
0
0
0
0
102
0
7
73
117
17
7
0
0
0
36
6
0
172
165
131
0
0
8
302
7
0
0
1429
72
0
301
209
0
31
5
0
110
0
37
197
0
0
170
8
0
6
0
0
0
238
0
0
39
24
0
12
14
0
68
5
95
0
5
10
1
33
21
0
1
82
96
849
15
178
1
149
0
324
10
2
137
0
40
5
542
145
2
6
73
200
0
0
213
0
0
104
29
29
0
37
0
0
0
9
0
0
14
37
325
0
0
32
145
21
5
234
0
0
0
6
0
0
0
37
194
36
29
0
0
57
4
0
3
0
588
0
0
45
171
54
25
22
18
64
8
290
111
56
42
5
13
109
63
0
90
0
228
267
12
57
0
0
6
0
9
83
14
0
10540
52
0
5229
48
15
0
19
120
0
52
0
1
26
2
0
0
0
0
71
0
2
0
11
0
31
6
0
0
66
0
0
173
25
51
0
26
0
0
34
0
0
2
244
5
0
0
0
6
1
0
22
0
58
14
0
0
0
46
0
1636
71
90
360
89
54
2
9
0
0
124
0
0
19
22
35
0
3
422
0
0
48
0
333
0
101
0
8
421
14
0
0
0
52
1464
0
0
0
0
1
0
0
0
11
5
13
79
0
0
33
7
28
66
0
439
150
4
8
78
81
0
33
8
235
615
0
17
0
0
0
0
20
22
41
0
0
24
13
0
8
7
0
46
8
0
118
0
1
0
0
0
29
0
0
85
4
234
108
16
0
443
29
0
12
2
118
0
0
0
1
0
0
0
80
0
11
0
363
8
0
0
132
0
43
281
3163
61
0
2
143
0
0
5
0
0
20
403
4
54
33
31
40
0
74
61
57
0
1
0
18
7
16
521
4
25
1166
2
0
0
5
3
408
146
0
4
249
459
0
263
0
28
7
73
120
2
4
28
0
40
2
9
12
367
0
5
24
25
0
22
0
14
25
0
140
4
14
0
32
253
203
0
0
0
146
11
0
170
22
0
4
0
0
0
0
25
77
0
278
2
0
219
45
0
0
0
24
0
7
23
55
9
32
0
34
0
647
0
0
0
14
13
1
6
0
98
0
399
0
4
132
0
0
5
0
0
294
4
0
0
14
52
0
41
0
0
0
0
37
47
3
9
0
3
0
328
62
0
9
3
0
66
0
3
6
5
198
147
156
0
46
434
0
0
88
4
176
271
9
0
35
78
187
44
49
0
142
0
370
140
16
3
3
3
3
7
6
24
2
0
55
0
2689
0
0
0
17
50
93
103
0
0
0
0
0
281
199
0
4
0
0
0
86
89
194
23
239
0
0
0
245
3
8
2
74
24
0
0
20
0
0
4
7
0
248
278
1031
3
1174
0
0
33
103
26
0
0
59
59
38
4
0
0
3
5
0
434
0
231
0
12
57
294
0
175
1
6
13
8
121
0
3
20
0
3178
0
14
50
0
4
12
51
10
0
0
21
0
7
2
0
1
14
4
2
0
0
6
24
0
0
318
0
1129
60
0
0
138
0
0
15
244
7
3
8
88
216
9
84
225
62
2
9
73
45
0
17
152
0
0
2
204
0
21
4
0
0
7
4
2229
35
245
18
267
3
0
0
0
1
0
125
10
16
6
182
5
0
141
0
125
0
46
8
0
0
0
2
0
0
2
0
2
27
0
14
0
10
0
27
76
0
8
4
0
0
0
0
0
3
26
1
11
265
5
0
0
58
7
0
11
0
2
13
0
3
62
83
0
696
183
12
6
2
48
0
596
0
0
0
94
21
26
4
3
0
0
39
0
0
0
461
22
0
16
56
0
74
0
0
152
155
85
0
15
0
7
0
5
0
266
66
0
0
60
0
0
4
0
5
170
17
23
585
348
647
11
0
3
63
13
54
0
6
0
1529
33
169
303
0
0
65
32
123
10
47
0
0
5
86
106
0
0
22
192
0
112
137
0
11
0
36
0
0
249
134
142
132
51
1
0
11
117
24
0
19
36
2
0
6
0
27
160
0
0
9
48
0
5
26
0
102
0
0
62
177
0
0
29
0
0
35
29
27
0
0
178
0
100
0
10
298
0
0
43
0
2
291
0
0
0
11
493
0
172
12
10
0
0
2
3
393
0
44
31
144
17
46
33
59
0
0
28
7
137
25
4
11
220
0
44
40
846
188
0
53
0
23
85
13
172
7
0
0
361
11
46
0
3
1182
44
206
0
62
47
0
0
6
0
13
317
0
142
51
84
453
0
10
3
0
1
16
73
9
215
0
165
6
0
0
0
34
121
4
0
4
35
0
4
2
429
35
12
69
0
3
0
0
52
4
64
43
0
0
0
14
1
4
0
210
0
4
88
11
0
6
0
19
0
43
53
7
3
214
0
398
0
42
18
157
0
314
0
9
0
7
124
3
0
5
37
153
50
0
0
0
0
0
6
0
528
0
57
1
0
253
15
80
5
8
41
12
35
186
216
61
6
41
293
0
133
9
0
41
227
19
2
0
0
0
0
2
214
0
0
3
13
4
2
44
71
4
38
0
125
0
0
13
4
0
4
136
7
1
83
0
0
23
386
0
0
0
46
49
0
62
33
2
0
57
4
425
0
0
0
0
52
0
915
0
5
5
2
6644
0
0
97
98
1
0
7
0
102
43
99
129
17
35
4
12
15
3
5
3
3
6
0
163
0
4
0
16
0
11
0
8
23
8
0
204
3
16
8
0
7994
46
3
4
235
219
5
353
10
491
0
0
175
1091
19
116
40
0
0
0
35
0
444
0
0
0
41
0
3
9
9
0
0
3
66
0
6
0
0
84
0
18
725
0
6
0
0
0
3
133
11
0
137
0
0
0
4
0
0
49
0
186
0
0
0
0
0
0
0
567
32
0
16
282
1
215
0
37
2493
48
0
0
15
0
19
0
18
0
0
0
18
62
0
4
13
272
0
0
89
1
10
6
0
0
0
5
0
0
4
0
0
907
6
16
2
0
45
23
353
0
3
0
21
0
0
0
0
0
338
0
0
0
23
22
10
10
0
0
490
5
0
12
5097
4
2
88
0
37
6
2
83
10
0
0
0
0
24
101
4
0
0
0
2
29
0
4
142
457
0
3
0
0
3
0
50
0
0
0
63
0
0
0
5
0
23
0
0
5
31
5
0
0
28
0
0
0
50
1
14
5
0
0
0
0
14
0
0
39
0
0
0
86
0
0
251
7
6
21
0
0
5
0
108
26
1
0
62
4
95
0
0
51
6
16
47
0
0
32
42
0
9
0
4
115
0
26
10
0
0
0
10
3
51
106
69
0
0
0
0
0
0
0
24
1
0
17
0
14
4
0
0
0
0
0
8
5451
6
110
158
0
0
2
7
0
0
51
2
0
0
0
0
0
104
475
48
44
10
1
83
0
0
0
114
0
0
38
4
0
0
0
6
13
0
0
3
10
5
22
37
0
0
65
36
0
26
17
0
0
0
0
0
0
0
0
0
8
0
52
14
16
21
0
0
0
0
0
4
3
4
0
33
5
0
140
23
0
0
0
146
22
0
46
26
23
229
109
0
0
0
1
0
17
0
6
7
0
0
0
27
33
22
46
45
5
7
0
1
248
2
65
0
0
0
24
77
0
1296
154
1868
74
53
8
96
398
398
0
0
0
0
2
0
0
22
0
0
0
135
133
0
75
77
7
154
128
1
0
220
0
159
0
43
1
345
0
5
56
0
2
23
91
18
51
7
2243
0
23
10
0
2
14
57
43
32
0
21
401
0
0
909
0
9
0
13
0
0
0
0
0
0
13
0
113
0
1
58
5
0
0
0
3
17
201
16
0
3
3
0
7
0
3
194
65
3
0
0
29
423
0
105
0
98
10
0
15
3
4
30
0
0
1264
0
0
84
0
23
202
0
2
0
12
21
4
34
5
0
223
10
53
4
34
4
0
100
0
5
0
0
0
0
37
6
151
0
64
0
0
56
0
0
0
24
0
119
0
0
0
0
0
0
0
16
0
286
1
78
0
0
12
6
2
3
34
0
6
0
0
0
0
3
0
150
8
2
28
6
93
0
3679
13
0
34
0
123
6
12
0
0
0
14
16
0
0
9
0
7
0
0
0
2
23
47
0
3
0
0
29
0
4
419
16
6
137
0
0
7
4
3
2
3
63
59
0
0
49
0
12
0
0
3
34
0
92
0
0
45
17
1
0
0
14
12
0
0
0
0
3
0
8
5
127
0
0
0
0
176
67
0
9
2
6
0
23
0
3
0
5
56
0
0
30
46
27
132
75
15
119
0
297
82
0
132
71
98
0
2
0
174
1421
15
29
2
0
60
0
21
0
0
24
3
0
0
0
6
4
0
3
0
0
81
0
68
0
0
12
0
215
0
0
0
2
0
30
886
273
367
0
114
155
0
0
86
2
11
33
251
0
33
1286
114
65
918
0
186
139
5
22
4
0
15
0
0
0
17
0
0
0
20
27
5
191
0
3
7
52
15
0
19
22
6
9
6
0
87
94
3
53
63
18
13
0
28
6
1845
6
2
1
2
50
1
0
24
13
14
3
0
79
139
0
0
45
358
0
947
456
0
104
50
1
267
0
499
0
0
0
3
216
21
0
0
2
217
200
0
0
13
12
13
24
8
0
3
0
133
187
0
0
0
38
0
39
1
0
47
0
310
0
0
136
35
0
0
0
22
1
10
0
13
169
119
0
54
1
202
0
3016
139
0
33
4
0
72
50
115
24
8
1
68
3017
12
9
1151
0
0
11
0
420
0
4
333
51
0
0
161
143
0
0
0
0
4
31
0
10
253
25
45
0
50
869
6
204
1
3
15
10
88
0
611
1618
0
0
134
1124
170
0
0
8
1
0
484
6
0
35
103
5
0
0
12
0
5
88
0
0
1568
154
0
4018
465
0
191
36
24
71
0
2
139
10
623
0
131
27
120
10
1387
0
10
79
2
368
10
0
275
50
7
83
44
1489
58
579
32
6
0
25
79
39
995
16
49
0
1
2
78
0
0
0
0
0
0
21
0
16
3
75
0
0
100
1
0
0
0
0
7
15
521
0
0
0
115
0
0
499
0
0
0
0
821
0
0
7
14
111
0
0
0
2
3
0
4
313
62
368
0
0
5
0
0
0
31
0
14
0
10
0
19
24
99
0
11
6
31
0
27
29
23
9
0
13
3
24
5
12
52
0
17
58
0
4
65
0
115
2
32
19
118
18
26
0
171
0
0
178
0
3
0
6
117
0
177
1346
83
110
155
0
199
15
50
86
38
344
0
294
0
0
4
16
1
84
48
33
0
26
0
0
6
0
11
37
3369
0
92
24
0
5
0
0
7
0
0
53
276
22
12
4
38
0
3
2
4
0
5
2673
7
57
32
0
238
9
75
356
0
108
0
0
0
0
0
125
0
32
273
209
69
52
24
0
30
76
375
2
0
2
4
208
159
6
19
0
0
7
0
331
276
22
3
434
0
63
15
597
0
0
1
0
55
304
6
0
5
0
27
4
18
0
39
94
2
2
4
3
381
10
0
12
59
0
0
48
368
5
0
1155
33
24
0
180
5
43
0
1918
3
81
0
4
0
25
0
15
0
585
23
3
1
0
0
74
433
183
0
2
0
4
200
0
46
8
30
21
0
121
39
14
2629
0
114
124
14
0
11
19
0
0
1
355
167
0
1
0
32
0
0
0
12
19
0
3
0
1
5
33
10
0
12
0
1
352
0
149
17
0
0
0
39
10
0
47
0
0
5
0
15
0
0
5
118
34
0
149
4
0
0
2
0
38
0
0
0
33
0
6
0
0
625
5
0
130
27
5
26
0
24
38
12
59
0
3
0
11
271
0
0
0
529
26
1
313
10
61
0
11
1682
0
0
2
90
5
0
27
0
4
0
10
0
3
7
0
2
240
28
0
0
0
0
0
43
0
0
10
0
0
557
3
24
0
64
7
9
36
0
17
0
231
0
64
0
0
16
23
5
70
0
7
0
2
69
5
4
43
0
0
0
0
20
26
0
498
12
0
0
185
133
23
0
0
59
18
30
0
11
4
7
0
106
0
2
9
8
0
4
0
62
0
2
0
3
6
7
183
0
45
82
57
0
0
36
98
5
0
0
0
0
0
782
76
0
329
1
248
0
0
10
23
0
1
0
0
0
7
0
0
0
0
94
50
16
0
0
12
3
0
2
0
204
0
13
87
5
8
3
107
27
255
0
281
23
230
0
0
7
99
107
2117
6
0
0
0
0
58
19
0
0
1
11
0
14
0
19
14
5
6
0
4
7
0
0
2
0
9
0
0
27
5
295
2
34
0
98
13
33
95
0
0
6
2
27
0
0
0
45
30
97
241
4
24
438
26
0
2
35
105
30
0
24
0
525
0
0
0
28
39
15
29
23
0
9
3
0
0
246
13
38
3
6
438
0
0
0
7
0
2
123
6
0
2
0
0
70
71
12
0
0
2
5
87
4
86
0
12
18
18
45
95
52
0
0
90
10
20
176
0
0
90
0
108
0
350
299
385
4
0
7
10
3
3
8
11
0
0
1
0
0
26
38
0
94
0
3
81
0
22
0
4
0
48
35
0
7
0
36
0
0
19
0
0
0
0
0
0
0
0
0
0
281
12
254
0
0
0
7
0
5
0
0
39
239
5
5
0
276
17
187
20
0
11
5
10
69
692
3
0
6
26
0
13
210
3
0
0
0
411
0
29
60
10
2
3
56
2
0
7
0
44
484
11
3
0
0
222
0
0
14
0
0
15
22
8
44
0
59
0
16
227
17
0
10
4
0
1
20
7
16
49
79
61
73
4
0
0
1
66
2
0
0
0
0
1
0
0
0
9191
53
2
0
0
304
978
5
5
0
6
75
10
0
289
29
0
0
213
0
0
23
0
0
0
83
0
5
0
0
3
0
1
7
5
0
237
0
0
1034
0
0
0
0
0
3
2
0
3
22
0
134
1703
0
0
55
8
61
0
263
2
17
23
0
13
8
545
0
1
0
559
4
48
5
0
14
110
8
14
34
1601
0
0
6
208
14
0
0
0
0
5
0
70
61
0
0
0
7
0
8
4
0
330
0
0
0
303
9
133
0
184
4
580
2
8
64
161
0
5
6
38
27
145
0
0
30
0
0
0
6
47
0
0
0
678
4
74
0
0
55
0
19
7
0
23
0
175
133
30
11
0
22
357
22
10
104
0
2
0
131
7
0
30
1
111
176
0
0
83
23
107
0
0
0
64
235
340
0
947
0
2
0
1735
24
194
629
0
10
0
163
0
0
17
10
64
11
12
102
0
0
0
4
0
2
591
162
113
5
0
238
5
8
0
23
86
197
805
0
0
0
801
4
275
9
0
114
2
5
0
6
0
0
21
1
0
20
9409
50
58
11
0
86
0
234
2107
107
0
9
34
115
0
0
0
0
165
0
0
6
46
0
135
55
366
0
66
0
32
11
513
6
0
0
10
44
164
6
70
25
0
1
119
58
0
214
0
11
10
0
9
8
0
3
0
4
4
0
102
11
9
160
0
59
6
15
2
24
4
0
0
8
0
0
6
6
19
0
114
18
37
14
5
0
0
725
12
3
805
0
0
75
9
17
45
0
25
283
19
316
133
11
7
217
0
0
258
0
0
758
44
0
79
9
9
3
0
8
396
1
9
26
9
495
113
0
10
6
61
0
59
0
391
3
79
1
6
9
1099
27
0
48
15
0
0
6
4
23
3
98
121
65
0
345
0
0
0
0
0
65
37
9
175
8
63
63
158
10
23
10
3
6
0
26
3
3
0
4
0
0
187
0
233
201
0
0
9
16
0
31
10
0
5
5
0
8
0
72
62
6670
0
3
0
0
361
0
0
1058
16
73
41
0
13
0
0
37
15
21
208
212
270
34
63
31
0
343
111
0
0
0
15
0
0
82
0
15
94
6249
5
10
122
65
21
0
79
0
0
5
0
35
17
63
22
152
5
16
9
3
8
8
80
17
206
4
75
4
0
0
5
0
144
44
87
0
0
0
0
0
0
0
9
46
1
57
0
0
0
0
0
64
5
0
29
21
0
93
38
0
0
3
0
40
0
0
1267
74
16
261
0
1
314
72
0
4
33
4
0
5
0
0
0
679
788
48
13
0
191
0
0
10
79
0
350
0
25
0
13
5
0
0
213
0
7
102
10
0
15
1
0
323
88
12
0
11
0
0
10
38
14386
0
2
0
12
14
14
69
0
3
339
0
815
329
349
0
22
766
511
368
73
0
9
5
4
18
8
5
38
10
14
6
55
0
11
0
0
285
0
116
63
0
83
10
119
212
75
3
63
0
1320
16
1673
27
74
0
0
77
0
54
13
72
83
7
0
0
53
0
0
50
29
52
7
126
373
0
242
3
212
191
78
215
305
0
5
0
18
225
11
0
3
1181
3
264
26
3
43
1
4
0
0
20
38
3
0
44
12
45
104
11
0
2
0
0
56
0
0
388
239
60
158
7
68
104
269
32
266
0
0
50
5
18
0
45
30
20
0
105
19
0
0
0
4
10
6
209
14
334
315
133
0
1083
83
28
3
249
4
0
0
0
0
0
5
0
25
0
16
168
7
0
189
33
0
244
59
465
0
0
0
702
77
308
85
0
154
201
3
135
13
4
0
6
50
155
298
1
0
0
21
35
46
57
54
211
15
0
0
2
3
0
0
0
35
0
27
6
0
0
0
80
15
3
17
28
55
0
6
131
9
0
0
11
40
0
25
16
8
4
8
0
2
94
0
0
35
0
77
0
7
0
2
586
1143
197
27
7
6
6
420
0
0
8
203
0
0
8
41
1
2
0
59
57
157
44
31
0
18
14
54
0
164
117
3
0
12
7
48
0
2
0
18
38
0
387
12
0
51
0
6
0
138
7
27
172
43
384
0
6
4
58
22
808
0
766
0
242
25
7
60
0
263
3
140
7
52
206
4
890
901
0
27
5
0
5
15
0
12
39
0
177
73
0
16
0
49
0
0
0
33
104
364
159
10
309
683
442
6
0
19
0
82
184
2
0
3
0
2
15
0
0
496
0
43
64
268
20
0
14
2
25
18
255
0
0
186
5
0
4
425
142
199
0
4
0
0
0
4
6
0
59
4
38
2
0
29
3
0
0
0
13
158
2
168
0
0
0
0
1
5
0
0
206
611
7
2
373
4
4
68
82
0
6
3
584
65
17
105
0
15
0
0
0
4
0
67
19
35
63
12
0
6
0
36
0
9
18
3
0
4
0
0
0
31
0
62
0
5
0
0
496
3
0
0
14
0
0
0
13
2
8
0
421
78
242
2507
248
0
6
0
182
0
5
0
11
128
42
79
0
0
2
0
89
45
87
20
332
232
9
113
31
16
91
121
14
81
0
0
0
0
0
0
0
0
0
3
0
0
0
3
0
0
0
26
110
132
198
93
0
8
0
3
0
0
203
98
0
0
1
8
0
0
186
66
0
5
0
0
45
0
0
0
0
0
4
0
0
0
10
13
30
99
0
0
0
0
0
820
375
0
160
8
0
5
19
7
176
1014
2
14
0
0
0
0
55
0
74
7
5
0
1
2
0
170
83
0
0
2
0
0
0
0
11
25
0
13
26
0
0
8
0
15
63
0
0
158
0
0
0
24
78
168
63
12
21
18
0
0
6
0
0
24
0
0
3
106
0
0
0
0
0
13
74
0
29
3
0
2
0
0
2
0
0
70
20
182
0
0
0
0
0
0
0
5
0
0
4
0
4
0
0
0
0
5
0
0
0
0
0
29
17
353
0
0
0
0
3092
1256
117
300
244
137
1021
811
1432
5512
22452
323
0
29
31
0
0
0
236
25
25
0
0
2
10
0
0
0
44
0
0
70
15
24
73
0
3
0
2
139
36
0
0
0
1229
2
22
6
0
0
0
3
6
1
1
12
0
0
0
0
83
9
12
0
0
0
23
3
5
11
32
2
0
0
0
0
0
0
0
0
14
24
0
4
297
325
26
184
8478
0
0
25
5
6
0
0
10
5
2
0
109
12
6
0
0
0
11
0
0
0
0
0
21
11
0
0
6
108
78
84
26
41
672
29
229
420
38
0
3
0
0
0
0
0
0
7
0
85
0
0
1
0
0
0
0
0
0
2
0
0
269
72
719
0
2463
5358
120
0
0
61
21
0
72
16
1
0
801
265
0
0
93
10
295
73
0
0
9
64
0
10
0
0
0
0
4
7
6
0
0
0
0
0
0
0
1
0
0
0
108
9
0
11
112
0
10
0
116
0
0
254
2
1091
1077
57
27
0
131
0
0
44
12
0
4
0
0
37
0
0
12
6
0
591
926
0
992
6
9
0
2
0
0
1
4
11
3
0
283
583
9
0
25
0
0
0
0
0
7
20
0
0
0
0
9
20
4
0
20
4
0
3
0
0
0
0
0
0
0
21
0
0
0
0
0
5
0
0
1
0
0
0
0
0
0
0
0
0
0
0
0
4
0
0
0
7
0
0
