24_BitC_12_1
0
0
27
1481
71
267
40
0
2
0
0
383
14
430
0
0
391
3
7
75
1302
83
5
4
0
738
0
19
4
6
34
1
0
132
4052
78
0
0
15
1
2
0
0
0
2
3451
0
203
1
414
0
108
0
569
0
14
1000
85
0
1728
2
5
0
1
11
28
0
613
23
17
1412
658
60
0
33
0
1414
6
15
1
1
0
2
24
1809
0
24
255
25
40
687
3
582
0
0
887
12
0
149
0
35
4
14
645
108
2
1
5
0
915
0
1
31
0
0
0
3
175
211
778
7
8
0
246
125
863
882
0
1792
46
0
3
3
165
0
0
2
106
31
0
2
15
48
1
631
189
106
13
47
35
39
0
43
0
3
1155
0
5
0
1043
1
0
0
0
136
99
20
264
0
0
0
0
153
0
0
81
75
2
0
97
619
631
0
265
75
127
207
7
121
0
0
501
21
31
0
71
0
1
1
52
62
9
1
15
23
0
3
157
10
9
0
5
27
0
0
10
85
32
0
30
404
0
5
309
0
0
0
168
7
119
0
0
68
487
233
1
632
16
0
0
0
0
15
470
0
54
85
1110
7
6
71
177
21
0
637
46
2
1
1
11
199
1632
30
4057
97
0
0
0
215
41
4
836
1
0
54
12
0
0
913
144
815
99
0
1688
3
1299
0
0
0
169
0
0
0
0
0
0
99
0
227
3
0
3
0
31
413
0
333
20
5119
0
0
0
0
0
0
79
0
205
156
0
76
0
495
116
1
157
19
19
0
23
367
310
226
0
1
250
11
20
0
0
909
354
45
1434
0
24
74
41
187
0
990
1
63
25
47
36
835
379
63
0
4
4
0
1378
1
0
0
199
308
5195
235
710
41
17
0
8
10
21
0
443
0
84
0
0
3335
0
132
13
42
0
267
0
0
218
1182
73
113
0
490
105
10
0
2
0
4
205
9
2
9
0
0
107
26
2747
21
238
2
60
0
0
2215
267
11
2
44
0
8
885
166
0
149
13
28
11
24
2
256
0
0
0
1
0
385
1100
4
8
1206
239
156
0
1
0
22
8
2
2
0
0
0
0
9
5
0
0
0
45
71
0
577
0
66
1
748
0
0
0
33
0
396
57
590
52
130
1733
737
19
2
0
41
0
70
39
52
149
0
110
0
1
0
1
76
2
1011
11
80
486
12
0
53
0
13
0
3
603
7
506
49
0
20
0
822
408
0
594
2
99
11
37
10
78
64
128
847
0
6
199
566
213
150
2
0
0
25
1
366
174
0
0
94
0
5
0
21
0
0
0
0
0
0
0
0
1328
1
245
5
206
0
0
0
246
644
77
1
267
2
249
137
39
0
57
0
116
2
1742
1
17
9
9
1
3180
5
13
0
280
1
426
191
23
3
4
87
0
0
0
17
195
1
1
0
0
1547
0
125
294
2
1
211
29
40
20
0
6
0
15
0
4
39
1
1
3
8
0
0
41
0
34
107
234
63
40
1459
8
0
2
4
1
2
2
0
152
954
48
4
230
11
162
0
0
458
44
0
109
0
6
289
6
343
82
6
0
6
0
346
0
0
4
364
0
4
0
3
329
10
568
14
22
0
0
4
1
110
200
28
775
0
72
106
5676
5
17
2
2
9
2
94
0
26
4
79
97
1
15
7
36
0
0
39
30
169
0
143
1903
13
48
49
879
746
7
0
272
724
17
55
5
992
4
0
0
2
208
311
4
25
43
76
0
85
0
76
91
69
2
187
5
258
0
0
1
1
1
0
638
757
2
0
233
7817
0
422
97
325
127
143
76
2
1
365
5
8
50
0
15
204
4
0
1112
25
110
26
179
312
258
14
149
59
4
0
1
892
0
228
3
0
136
22
2
0
0
13
14
0
0
4
0
39
22
0
1
2
330
139
285
42
19
0
482
7
0
0
0
15
1
278
43
0
0
0
1
2
0
18
113
6
2
0
13
8
149
196
0
17
0
4
0
0
369
1
325
940
332
2
520
116
153
143
1
27
375
0
108
130
2
649
17
203
131
238
0
0
360
0
6
11
26
191
852
16
0
0
0
0
0
722
248
13
0
0
0
1883
1
0
1196
7
154
0
49
0
1
541
32
275
193
92
9
1
5
0
1
269
1495
958
1
0
2
2
352
76
0
21
40
0
29
91
114
14
2
371
5
0
404
1
0
3
0
281
0
76
281
33
95
70
3
16
0
0
38
64
315
457
34
0
213
16
0
1532
296
0
50
4
322
0
0
15
163
0
39
0
0
7
7
0
0
1
172
125
80
5
0
37
43
38
0
0
839
17
33
66
7
5
1
0
60
25
0
2444
83
207
732
9
109
0
2
87
0
1344
47
3
1
1390
381
147
115
1434
0
106
1
1
3508
0
0
0
0
248
0
0
0
0
110
613
638
1448
45
0
0
0
29
50
50
1
0
0
116
1198
520
99
18
0
0
31
229
0
0
0
0
1
0
1332
466
2008
1120
0
1
1
5
2
121
0
0
1
175
13
31
0
11
1484
572
0
327
1506
61
55
65
34
0
0
231
9
3
33
0
4
0
9
0
59
41
23
0
4
0
0
1458
470
0
0
8
12
82
1
0
0
0
128
66
0
205
10
0
123
0
65
916
0
379
77
5
0
1
16
0
1
3
0
305
889
62
216
158
149
266
74
148
234
0
39
198
28
74
0
0
0
0
3
1016
38
212
0
0
69
73
1
4
332
99
101
270
0
86
429
0
21
4
9
0
13
3
0
2386
367
144
3
1
395
2
1
0
177
14
1754
2041
0
24
2810
31
205
105
78
55
746
318
0
0
42
2
632
27
491
0
603
2
329
0
347
851
64
1
584
0
3
77
3
416
553
0
0
0
406
0
642
0
2
3
41
0
328
0
0
2
0
0
0
0
27
0
24
13
138
0
484
242
9
354
865
0
0
2383
2
9
3
118
53
61
1
184
0
8
3
128
12
0
2
346
0
5138
0
4
0
12
10
236
30
270
55
0
63
0
59
1
5
182
113
18
0
0
146
1
250
1422
49
0
0
11
7
766
8
3
75
3
2
40
0
12
2
1
3
807
0
617
2
2
9
7
0
79
0
130
2
38
137
0
67
3
329
0
2
0
90
0
6
0
50
13
0
1
33
11
0
123
0
238
1
0
2
29
2
2205
0
10
3644
17
222
0
186
15
50
0
0
0
249
101
0
0
11
31
45
0
0
0
0
0
13
0
60
0
0
6
26
129
5
1
0
6
173
1350
217
0
0
0
54
0
0
593
580
12
59
5696
2
80
262
20
128
35
825
0
9
40
2765
56
22
69
58
295
1
0
279
68
15
275
8
632
11
351
291
122
0
42
0
36
0
0
0
0
451
2
15
0
1583
3
40
780
37
25
2
0
0
3
30
0
259
0
1
356
40
0
1
0
1
46
0
189
0
4
89
0
4
2
0
17
0
0
7
2
0
11
0
0
0
0
2
0
19
608
8
94
1
31
204
59
1
0
128
0
1723
25
0
0
0
7
16
5
1603
120
374
0
1277
27
574
625
0
0
0
1346
0
160
80
8708
5505
0
1
0
65
0
13
0
0
49
0
11
1873
547
715
14
2
222
0
28
0
30
436
161
1298
0
2097
0
156
8
69
146
0
6
0
3
1
1
0
0
648
238
2
2313
64
0
0
7
191
440
343
43
673
3267
0
351
0
191
320
138
463
866
0
16
4
332
93
0
0
64
29
89
0
2
41
129
600
0
6
0
30
356
0
1094
0
2
11
2
5
152
5240
0
306
1
0
11
473
0
205
0
25
1
1
1219
32
1
6
1
0
5
4
413
0
4
0
10
0
3
50
175
12
2
0
10
31
0
0
0
83
0
19
22
0
31
47
134
0
0
0
0
37
0
3
0
7
96
71
8
170
3938
37
635
362
2788
0
59
0
153
11
0
1444
0
138
48
0
5
7
0
551
67
0
77
214
0
70
6
0
0
0
50
0
0
3660
384
2
0
343
410
223
0
0
13
2
22
0
365
0
93
4
0
8
0
65
0
0
0
0
54
0
0
0
0
35
575
77
17
0
80
24
34
30
4
20
59
6
228
0
31
6026
646
0
231
5
0
0
1821
117
0
2
0
0
10
653
11
0
0
15
0
0
0
0
0
1
210
1
0
110
152
806
865
61
412
0
0
21
1
20
0
0
0
0
237
74
0
414
34
452
21
0
2
155
69
12
104
0
3
25
307
3
0
148
0
1
0
334
0
0
14
0
77
93
1
13
3
2
84
209
0
0
0
0
42
1183
24
10
0
187
1
214
48
339
0
37
1616
498
1
0
4408
625
272
3319
68
2
7
0
0
1
0
65
7
7
0
0
127
1404
4
0
0
0
0
1
29
41
295
0
0
36
4
3
0
242
881
153
453
326
8
2
0
0
343
6
0
1
52
12
5
75
0
0
0
1
47
61
348
26
0
0
0
1
2
0
1
59
0
2
0
14
0
155
2
0
70
87
0
5
0
452
1
202
5
0
25
0
0
0
2
2
1049
6
0
20
57
3
148
129
29
0
23
3
0
0
1
171
0
779
408
754
32
0
99
72
2
3
12
344
117
0
8
0
1624
8
30
0
14
5
17
0
69
0
0
1
343
4
221
122
83
245
21
0
0
5
0
1
55
351
101
0
31
1
45
10
0
0
141
0
31
0
0
83
50
15
88
22
820
23
1
157
0
658
0
5
0
56
27
75
150
255
7
385
66
0
0
14
0
2
6
228
394
8
1
69
1
5
3
0
8
0
11
183
7
11
1723
275
7
413
0
58
17
2
0
149
1
107
0
2
14
11
18
0
0
7
1212
0
213
432
6
0
1696
31
0
0
2
7
9
1
1637
108
105
0
0
1
0
0
0
11
74
0
0
5
1
14
7
0
23
26
3
2
0
5020
0
0
0
26
13
410
281
2646
7
3122
29
4
14
8
7
49
1077
0
594
1215
4
30
160
0
84
3
0
5
698
0
38
103
0
0
960
0
149
380
0
0
130
246
0
5
361
324
0
1456
0
682
0
2432
22
0
188
0
15
168
473
7
220
3
20
0
1889
209
54
9
335
4
133
28
773
77
1
127
0
87
147
241
0
0
1
6
10
175
0
16
2386
63
727
122
0
0
0
8
44
102
1
48
138
5
690
781
0
92
116
18
0
0
7
0
914
0
96
0
197
15
0
0
8
4
0
0
1790
978
0
2
154
9
13
0
106
2
230
31
0
0
188
397
0
5
1
1
1
0
470
379
7
1
1556
11
506
253
59
39
0
3
24
4
8
0
1
1
10
1
89
233
0
0
63
406
0
0
40
0
6
1
579
96
42
0
1
1229
0
359
494
3
0
64
0
0
0
57
203
12
0
1
0
10
13
64
0
3
0
153
13
0
4
0
3
0
200
134
22
0
0
267
2860
7
182
0
13
0
24
12
1
889
4
0
15
217
58
3
4
0
10
140
0
14
0
223
0
728
2
0
16
23
0
5
0
14
0
0
13
119
9
3
22
0
0
22
12
4
0
0
343
3
14
0
49
14
20846
0
19
169
237
0
77
3
0
0
0
350
93
713
10
199
2
0
179
1
0
59
0
343
1654
0
24
0
82
2
1090
7
393
116
0
2
1
0
0
0
0
0
3
0
29
0
1
12
488
205
138
0
0
177
26
0
66
1037
10
252
102
0
1041
100
0
96
0
0
0
383
24
207
0
27
1
0
20
646
370
3
347
51
31
4
2
163
75
1
702
0
0
485
9
122
97
0
89
0
0
331
657
12
11
18
1
0
0
0
322
278
163
0
10
3
98
0
0
199
0
60
52
0
653
44
23
34
14
0
2
927
154
0
220
8
75
492
9
40
2665
167
0
0
4
344
63
0
3
10
13
2
0
0
68
64
0
42
0
0
2
0
3
380
1
174
1
0
31
9
229
0
2
0
0
362
208
68
16
1
4
42
1
0
0
25
905
2413
4
4
1690
28
37
528
0
185
0
0
4
736
12
0
11
62
116
33
0
0
0
0
2
1515
0
0
1048
6
82
12
2999
340
1
0
320
1622
35
1591
381
0
50
23
405
1
33
30
26
21
0
0
0
370
0
4
564
0
1868
0
1
12
0
18
0
120
287
0
624
5
106
2
103
1171
3821
0
13
117
3
734
157
0
27
0
274
0
0
1
155
322
3
957
5
26
30
433
0
75
379
791
51
94
213
0
768
6
464
526
6
1768
2
291
131
145
220
5
2
22
0
0
48
71
10
0
225
0
6
11
7
0
0
4000
174
87
150
70
137
2
0
14
7
0
758
0
7
0
0
0
2589
0
129
231
4
717
0
5
397
10
23
789
0
0
162
0
0
2
1
26
0
0
0
41
241
34
0
21
0
6
179
1
0
0
1337
301
975
252
2
864
30
0
0
91
8
2
0
1
0
29
184
0
0
3
0
0
0
18
8
31
883
14
96
7
85
2
5123
0
0
1
51
0
11
92
0
127
1
114
55
1
824
243
39
51
100
0
0
488
165
1391
57
0
0
91
0
0
0
0
1793
6
3163
345
149
171
419
0
6
0
0
35
0
285
1
3
163
115
13
112
4
386
45
1
12
121
0
56
0
84
19
256
51
0
1476
68
0
27
15058
1
62
1793
564
585
354
209
701
96
910
0
1498
2145
5
22
5
0
0
1
205
0
173
136
1749
0
12
278
191
0
1815
127
73
0
0
2
0
3388
2
9
664
0
436
0
24
3
0
1039
38
4
1
766
129
0
0
1
0
203
0
127
3
1473
10
148
57
551
0
0
203
675
2
10
13
142
135
50
6
57
354
152
1
0
265
63
199
1
0
27
35
2
42
39
0
169
0
0
1
0
2
7
0
0
15
0
0
0
3
22
0
10
1102
24
0
0
3481
0
0
3
1
4
84
0
60
6
0
74
0
4
5
10
0
0
296
26
0
0
0
98
0
0
0
218
70
0
0
0
119
0
1
7
26
0
0
1
0
5
0
2
0
0
68
1
0
34
1303
0
1
11
4
0
214
23
197
8
15
3
0
46
5
2
0
32
0
142
0
1
9
1
13
0
66
0
3
355
35
3
437
26
0
2522
104
21
0
52
372
0
0
13
0
0
64
51
112
0
178
24
1
7
2028
533
10
0
209
1
8
56
0
23
23
0
16
0
0
0
3
689
0
0
0
0
952
0
270
26
3
2
0
50
1226
375
229
2
1
1
0
0
0
2
0
0
228
0
6
115
1
0
0
1
0
112
2593
55
1
0
20
2
0
0
0
0
0
0
0
0
0
0
0
0
21
0
1
11
40
0
0
0
126
6
50
0
0
4
5
0
0
0
21
0
1
1
0
0
0
111
0
0
0
26
273
1
0
0
0
1
0
0
2
0
8
1
2
4
0
0
2
0
4
2
0
1
3
5
0
0
0
0
0
0
0
0
0
0
0
0
0
16
3
0
0
1079
0
2
1
25
0
0
0
0
991
0
2
97
78
0
0
41
0
2
0
0
0
0
0
59
132
0
1
0
9
355
39
0
42
0
1
0
0
0
0
3
0
1
0
0
37
0
0
0
1084
0
2
0
0
1
0
0
0
42
0
85
0
51
0
22
0
5
0
0
146
1
0
2
0
12
11
0
0
0
59
10
2
14
4
2
60
0
0
0
27
40
0
43
0
0
0
79
0
20
0
500
0
0
1
0
11
0
0
0
0
59
1
0
0
0
436
6
6
990
332
1
0
51
48
0
0
0
0
0
76
1
0
94
0
64
6
0
0
0
12
0
0
0
0
1
97
0
0
453
6
0
0
1
1
34
0
11
0
0
1
0
0
2
0
2
0
0
8
114
1
37
0
0
188
0
0
2
0
0
269
1
0
10
0
0
0
0
0
4
12
0
0
32
0
0
62
1
0
0
0
57
6
0
0
48
0
0
10
0
0
0
16
0
1
0
0
0
0
2
1
2
0
0
0
0
0
0
0
2
6
3
0
0
0
102
17
0
36
12
4
1
0
0
15
0
0
0
2
0
0
0
0
0
0
0
2
0
0
0
78
0
26
1
0
0
0
161
0
0
0
122
0
2
0
4
0
7
0
2
0
0
14
0
0
0
0
0
0
0
0
0
0
2
0
1610
0
0
0
1
0
0
0
0
0
0
0
29
14
0
1
6
0
21
494
0
0
0
0
0
0
2
0
0
0
0
0
0
2
0
241
147
0
0
0
1
0
0
0
0
598
0
1
1
0
1
0
0
0
0
644
31
0
811
2
0
72
0
0
3
0
0
0
2
2
0
5
0
0
1
2
53
0
2
0
3
0
0
0
5
0
8
115
0
0
0
101
24
0
138
1
50
0
0
4
0
0
6
0
1
0
1
0
2
7
1
1
0
0
108
0
2
309
1
4
0
6
0
0
0
2
0
0
0
79
0
0
0
0
129
4
1
0
0
47
0
2
0
0
0
0
0
0
0
0
59
0
0
2
0
270
427
0
0
0
0
11
0
0
0
0
3
0
0
0
3
0
59
1
0
15
0
50
100
0
5
3170
0
0
0
4
456
0
35
0
0
3
0
0
7
0
0
1
240
0
3
0
0
28
0
254
0
0
0
0
4
0
0
1
0
0
0
13
0
1
0
0
0
405
0
1
0
0
0
0
0
0
1343
4
144
0
0
0
1
0
0
0
0
148
0
0
365
0
4
180
15
846
0
1
1
5
0
51
2
0
1
0
458
2
0
0
0
0
0
0
0
11
58
9
0
0
6
0
0
7
1
1
8
89
1393
0
0
19
19
1846
0
503
3
0
0
143
0
2
3
6
34
0
0
0
0
35
4
0
0
44
0
0
2
0
0
0
0
18
0
0
5
0
20
0
29
0
2
10
0
16
0
0
0
0
0
878
0
0
0
270
0
0
34
0
0
15
0
3
0
1
69
1
0
0
0
56
1023
193
0
4
0
0
2
0
0
0
360
0
20
0
0
1
0
0
884
0
460
1
0
20
0
0
1
0
0
4
0
2295
0
0
0
0
1
0
67
0
0
0
46
2
216
14
0
15
0
854
0
3
0
78
0
0
0
0
0
1
0
0
2
1
0
0
0
280
1
1
2
0
335
1
1
0
230
2
3
1
35
451
0
30
0
0
0
0
0
3
4
1
813
0
21
0
0
0
0
0
258
171
0
4
23
3
497
4
0
1
0
3
1
0
17
1
0
0
0
54
26
0
6
0
0
15
0
0
0
113
15
0
0
729
2
135
47
0
0
0
2
1
0
0
0
0
108
6
0
2
22
0
0
1
0
0
0
1
0
0
6
1626
4
5
13
0
0
0
2129
77
13
12
3
1
0
1
4
24
0
18
0
0
0
0
0
0
0
0
0
2
1
0
233
5
0
0
0
1044
9
2
0
9
5
0
0
0
0
0
10
10
0
0
0
0
1
266
0
158
2
0
7
0
4
1372
77
0
0
92
339
3
167
43
0
0
54
2
0
0
3
5
31
44
0
0
1
0
0
0
3
0
0
0
0
0
0
256
113
0
1028
9
0
0
0
3
64
1
0
0
0
0
0
2
0
2
11
44
8
257
1
0
0
6
0
0
0
0
340
0
0
0
79
2
0
0
0
2
1
0
2
2
0
3
1
2
53
55
0
1
0
0
0
2
195
0
830
0
0
0
0
0
0
0
365
0
0
87
1
5
0
9
4
0
815
2
0
8
0
0
0
0
0
38
130
15
55
0
1
0
3
10
91
2
0
0
0
0
0
0
1
355
428
26
0
161
0
0
0
0
2
3
4
54
1020
0
0
0
0
0
0
329
0
0
1
0
2
4
22
0
0
0
0
0
3
2
26
0
3
1
0
208
0
0
0
0
9
11
0
0
2
0
26
1
0
175
0
0
1
0
0
0
16
0
0
0
0
0
13
0
0
0
0
15
0
1
0
0
0
1
0
2
108
1
0
29
20
0
0
0
35
2
2
17
0
1
160
0
0
0
7
294
8
6
0
38
2
9
2
0
4
24
0
0
0
58
3
140
0
0
38
1
146
2
921
115
0
2
4
0
54
0
0
0
0
17
1
5
0
4
0
0
8
0
16
265
179
0
2
0
5
0
0
17
0
0
0
4
0
0
0
0
2
1
573
59
371
0
3
0
105
0
0
4
0
16
12
1
611
497
0
0
0
3
3
8
580
0
23
27
0
0
0
0
94
0
1
0
16
2
1
0
3
2
6
0
12
11
0
0
274
0
1
2
0
12
0
0
0
0
0
1
0
0
0
0
0
1
0
0
6
10
0
0
0
33
30
11
0
0
139
0
0
245
2
0
1
0
648
0
0
1
0
67
763
0
1253
3
0
0
4
0
0
1
8
0
2
3
0
0
4
0
0
65
0
18
0
0
0
0
0
0
50
1
53
0
0
0
0
555
0
0
130
1
0
11
14
0
562
56
2
0
0
3
0
0
0
2
387
0
0
0
36
127
0
0
0
2
58
160
5
0
8
27
12
0
3328
3
25
0
1
67
0
227
549
59
204
0
0
47
5
360
0
0
43
0
0
0
0
4
0
2
748
0
0
0
0
7
2
0
0
0
2
224
558
0
3
0
2
0
65
0
0
169
66
0
0
7
0
0
58
0
0
0
2
1
0
1
0
2
0
4
0
7
376
7
24
5
0
0
0
0
7
14
3
1
4
37
11
0
0
3
1
1
0
0
0
0
1
88
507
0
0
1
0
0
0
2
132
317
0
12
61
0
0
2
170
0
0
0
22
0
76
0
146
2
5
0
199
0
0
0
0
0
0
0
0
0
0
0
0
2
4399
226
2
0
0
0
0
0
1
148
395
451
0
0
244
0
23
0
0
1
0
0
2
0
245
0
12
49
91
2
0
15
0
721
0
1
0
0
0
1086
0
15
0
0
1234
67
0
0
1
0
5
0
0
361
24
3
92
0
0
0
136
0
1
37
1
1
2
7
0
0
39
0
46
75
0
0
0
0
0
0
220
0
1444
69
0
0
3
1
0
228
1075
0
0
9
0
2078
0
2
25
1
0
0
664
0
970
442
1
1
12
2
0
0
0
0
0
0
0
1
1140
0
0
0
50
0
1
0
0
0
0
0
0
0
49
0
1869
22
0
2
0
3
2
1
0
0
1
12
211
20
0
1
0
118
0
0
0
0
49
0
0
13
0
6
11
0
0
0
1484
0
2
0
0
119
0
205
0
4
0
75
0
1
0
75
0
11
0
0
39
0
29
4
0
0
408
0
0
0
0
0
3
1
320
36
0
572
0
5
434
2
0
1448
0
0
22
1
0
3
0
3
0
0
0
1
1
0
10
1
0
0
0
0
0
17
0
0
0
0
255
0
0
0
282
1
0
0
0
0
6
2
2
0
0
0
6
0
0
0
1
3
1
10
329
0
10
0
0
779
0
0
6
3
137
1
0
0
0
0
3
245
0
5
0
0
3
22
1087
21
47
6
461
2
3
2
0
2
2
12
1
15
0
4
2
0
0
0
0
29
0
278
0
0
33
0
0
0
0
0
1318
32
1659
0
0
2
0
206
136
0
0
61
1038
0
0
0
21
0
0
0
0
0
1
28
0
1671
5
29
0
6325
0
12
11
0
1
0
0
0
0
2
0
36
0
47
0
29
0
46
165
2
2
0
38
0
0
0
106
0
0
70
18
0
135
0
0
2
10
1
0
0
25
120
271
2
0
0
0
9
0
2
2
0
1
4
0
38
0
72
0
0
0
0
1
1
43
0
1
0
0
0
19
146
0
0
0
4
0
1
0
1
1
0
13
0
1
1
0
193
3
3
0
4
0
27
4
0
1
2
0
1
0
1
0
0
0
0
0
0
0
0
7
12
0
0
0
0
6
0
0
0
0
0
0
0
0
0
20
0
0
0
0
157
1281
0
0
0
2
0
0
0
0
0
0
0
0
0
0
0
0
0
0
0
227
1
473
0
300
0
1
134
2
0
146
0
0
0
0
0
0
688
0
16
0
0
2
0
0
11
0
0
336
0
87
0
0
0
0
0
0
0
467
0
0
0
0
0
0
0
0
0
0
5
0
1
0
1
0
0
10
0
0
0
0
0
0
6
1
0
143
1
0
1
0
0
3
12
1
0
0
0
0
665
0
1126
0
0
0
5
0
0
0
0
0
0
0
86
2
0
0
0
50
0
291
0
0
0
0
0
1
562
1
0
58
0
2
0
9275
2
0
3
2
10
0
178
19
18
56
0
0
6
1
19
175
25
2
0
0
109
1
0
1
0
5
488
0
0
0
0
4
0
414
0
47
2
0
0
529
3
0
32
1
153
0
2511
0
0
0
125
8
0
0
0
0
0
0
0
1
0
1
0
0
0
0
7
0
0
0
1
0
0
0
0
4
315
0
212
1
0
0
12
0
0
0
0
0
163
2
0
0
0
0
0
3
0
2
0
7
2
0
0
4
2
0
0
0
3
5
10
67
5
0
0
0
2
0
185
0
0
5
1
0
6
0
1
3
0
0
0
9
0
0
6
2
26
0
0
2
0
1
0
1
0
0
0
2
0
0
0
0
0
2
0
0
0
1
0
0
0
0
0
2
0
0
0
2
0
0
0
0
1
0
0
2
3
0
3
0
44
0
2
36
0
0
0
21
0
0
0
4
163
446
0
62
7
0
2
34
0
3
158
1
0
0
0
0
0
1
0
2
5
0
0
0
0
200
0
4
0
3
2
0
12
1
270
0
0
25
19
37
0
0
3
0
3
12
4
0
0
3
0
42
0
0
9
0
0
0
794
0
0
1
4
0
2
22
0
18
0
0
4
2
0
0
3
0
0
6
0
316
17
35
0
16
0
0
7
213
0
0
0
1
0
4
2
368
0
0
0
0
0
738
2
30
289
72
5
5
2
0
0
0
20
0
0
0
0
0
2
0
7
0
319
2
0
0
0
0
1
212
0
0
0
0
0
0
8
1
0
23
0
498
1
4
0
335
0
1
0
2
4
0
32
240
0
2
7
0
1
1
0
0
26
0
0
1
0
5
20
2
0
0
3
0
0
3
1
0
0
0
0
4
3040
48
62
0
14
8
1
65
7
0
6
3
16
489
18
0
0
0
2
3
3
1
6
0
0
0
0
20
136
3
0
366
1
332
58
354
0
0
0
0
0
10
3
0
357
15
1
115
7
77
0
0
182
366
61
796
0
0
0
184
5
0
10
19
0
0
11
0
57
204
0
68
0
3
0
52
0
2
0
3
80
0
0
0
357
0
28
0
8
2
4
0
101
0
146
33
436
0
22
1
0
0
0
0
81
12
141
14
18
0
10
0
28
0
0
292
23
0
1
207
1
160
6
1301
144
0
0
6
81
2
0
0
1
0
0
0
0
401
0
318
0
780
1
2
0
0
0
14
26
1
0
1
0
0
0
0
0
84
129
33
0
0
745
0
0
1
0
0
20
0
0
450
0
16
0
0
1
0
17
111
0
0
223
0
22
0
70
0
6
2
95
4
0
39
0
0
444
233
10
2
0
13
0
0
41
0
0
1
0
3
502
0
0
0
3
1
13
0
0
7
0
1
318
326
0
1
404
0
281
0
143
13
111
0
49
0
0
7
298
4
86
0
2
3
348
0
0
0
35
6
42
0
2
1
0
0
0
0
1
229
0
0
0
0
1
0
0
0
0
76
0
0
3
0
0
9
0
0
3063
3
515
0
0
0
2
24
58
0
529
5
0
0
13
0
0
45
0
4010
47
588
0
0
204
65
68
6
9
0
2433
0
341
221
300
1
192
0
60
1014
506
4
0
0
2
1103
0
3188
0
0
0
0
2
112
28
4
0
0
0
83
4
54
22
5
121
400
0
749
1
8
0
230
85
0
3
162
101
5
319
0
39
71
3
2
0
38
0
0
0
0
1
275
3
2
5
1904
0
0
2
45
0
68
125
34
5
0
188
101
0
0
2
0
1
0
0
1
0
2
4
1
19
0
0
0
428
58
93
0
23
0
0
0
358
0
0
61
0
25
0
2
286
89
2
111
0
3
2
0
270
3
26
0
0
0
1
0
0
0
19
3
133
101
7
1
9
303
158
0
0
512
9
72
1
23
0
296
12
0
31
0
0
2
32
849
0
46
1
12
709
50
11
4
26
0
3141
24
0
4
0
13
492
0
0
77
109
361
0
120
638
1
0
11
53
60
1
272
3
0
0
6
2
0
16
145
0
1
194
0
114
4
2
30
0
0
0
0
1
122
0
117
77
0
4
0
0
0
0
0
714
12
617
1476
675
12
0
14
10
0
10
0
0
0
470
806
0
251
1
1
0
856
2
0
103
3
0
0
21
0
16
0
0
0
206
0
31
0
30
0
0
114
0
0
64
1
82
678
34
0
0
29
453
327
2
1
0
2
0
0
705
26
3
993
3
0
4
43
6
477
10
0
4
0
22
46
235
400
2
0
3
0
0
87
1
3
0
0
0
0
17
0
1106
0
82
233
0
2
0
0
24
237
0
0
2
0
24
0
25
526
0
0
0
2
14
0
17
0
12
0
1
1
39
12
1
0
0
0
815
3
0
107
2
0
0
0
24
0
87
62
6
0
0
0
14
275
0
0
2
0
224
20
1
27
0
31
7
15
61
0
67
0
3
0
0
116
0
4
351
1
0
0
0
0
0
105
0
89
44
3
0
1
156
16
0
1
0
363
111
20
0
0
0
0
0
192
8
0
3
13
2
0
0
0
0
0
122
1
1
3
4
0
3
0
2146
0
50
0
0
0
7
0
0
0
0
599
0
0
0
125
0
145
0
2
0
0
199
0
1
3
0
1
0
4
0
95
0
2
0
1295
0
3
7
1
86
0
985
0
0
0
0
1680
85
4
141
7
1
0
5
9
186
0
42
14
2
0
0
0
0
6
5
26
692
93
73
0
1
9
0
19
0
0
540
1008
0
90
0
2
0
0
0
14
216
0
0
42
4
366
21
102
3
0
183
375
5
48
0
778
2
42
0
0
1
2
3
5
215
1099
100
43
9
0
0
0
2
207
69
0
0
3
612
3
0
50
0
0
143
60
0
319
9
2
1042
1
0
64
2
0
0
0
0
790
3
3
0
1
0
0
0
34
0
4
457
1
0
1
1
0
0
26
0
104
54
9
4
0
5
0
0
3
1119
246
5
10
13
219
0
9
18
0
0
2
3
0
1
4
8
0
0
1
0
43
0
0
258
13
22
0
0
16
0
6
0
1
0
8
0
0
0
35
0
7
61
10
0
0
3
0
0
0
0
135
2
0
2
4
0
0
0
0
0
13
94
0
0
3
2
1018
0
0
19
106
15
13
0
0
0
0
0
0
0
0
13
6
0
22
58
0
0
0
38
0
259
0
0
0
723
51
4
0
3
43
23
0
1
46
1019
3
2
3
74
15
2199
133
545
0
14
329
14
3
767
0
1
16
41
0
0
47
0
0
174
1
5
1
9
5
0
20
0
0
0
0
14
0
0
0
1
0
68
107
63
22
0
3
9
163
0
106
215
3
0
3
1
14
0
0
45
0
53
4
5
21
41
1951
5
0
5
0
1
1
47
43
1292
0
12
16
2
0
1
0
0
0
39
684
0
0
0
0
0
0
93
148
0
35
4
743
126
0
1
0
200
2486
0
427
0
3
41
361
20
0
10
19
0
1
33
28
0
0
38
0
0
1
0
39
513
190
482
1
0
75
0
8
0
12
4
0
53
0
1
0
5
87
44
1
10
0
0
4
420
0
0
0
7
0
5
378
0
0
259
579
1308
575
0
0
81
1
34
0
8
0
186
0
0
0
0
0
20
0
6
0
0
0
46
4
451
0
6
0
45
5
1
1589
0
2965
0
0
0
103
7
26
0
1296
1
0
38
58
593
21
0
890
32
20
0
27
2
494
4
0
0
1
0
10
1262
0
195
2
83
21
0
0
27
345
0
75
8
937
331
4
1
0
19
0
0
5
1
335
311
284
9
116
0
183
0
65
0
1
230
106
0
0
0
417
4
0
0
49
5
152
0
544
0
3
1
0
4
64
1
264
33
24
6
337
140
68
32
16
0
104
0
0
0
181
0
4
57
2
0
1
129
0
0
1
2
0
0
41
1086
22
1
513
232
0
874
0
0
4
4
0
416
155
0
148
7
0
0
0
0
0
31
46
57
0
173
0
0
0
2
1
0
427
1
0
460
0
1
0
20
0
0
0
42
46
0
0
0
2
148
0
2
581
0
1
0
19
2
0
68
0
110
3
2
66
0
8
0
3
0
546
38
280
0
0
630
168
5
55
57
0
0
0
1
39
3
7
0
0
0
0
47
11
107
0
88
0
33
24
23
0
19
2
0
1
1
7
35
10
97
986
1103
46
117
0
9
0
21
0
250
2
0
0
0
764
7
27
699
41
565
504
0
0
8
0
121
0
19
3
0
465
61
2
0
72
22
0
12
0
106
99
262
6
0
2
0
104
0
3
0
408
34
0
11
26
0
52
1
21
15
0
0
28
0
0
206
452
0
26
0
246
8
2
0
4
0
378
0
1
3
0
0
0
0
0
0
6
4
0
3
4
456
273
304
1
0
0
0
57
40
0
0
0
0
0
100
196
0
0
1
31
1
2
0
0
9
2
0
0
0
0
5
0
0
12
0
0
22
35
24
3
0
0
11
205
18
0
37
0
214
0
0
1
0
0
120
2
319
0
237
0
128
16
2
97
319
525
1
1
24
0
0
1
81
0
4
15
0
1
48
61
3
0
13
484
0
36
0
30
976
0
0
3
53
5
14
101
36
29
84
6
4
4
2
30
0
417
2
0
0
76
0
0
14
3
0
79
7
127
2
3
0
0
0
45
70
10
145
0
0
391
0
962
0
0
5
692
0
0
12
0
1
0
22
0
0
214
2
0
1
0
0
13
0
0
0
0
0
6299
3
51
0
0
0
9
291
18
100
206
159
1722
51
0
73
0
815
26
1
247
5
78
0
49
0
120
1
44
0
0
0
0
0
2
0
2
3
97
0
0
8
0
119
11
15
381
0
2
0
206
0
0
0
0
9
2
138
2820
0
267
0
1
37
102
7
0
1
22
5
0
1
0
213
0
0
0
27
0
2
0
0
0
3
4
243
40
115
0
18
595
0
3
0
0
1
847
0
0
0
152
1
449
137
10
0
0
0
0
0
2
0
0
347
54
257
0
198
0
0
13
1366
14
12
4
0
12
0
4
0
0
0
2
315
0
3
108
1
0
0
0
0
2
3
4
669
0
0
17
0
613
0
0
0
0
441
0
242
35
0
0
11
0
0
0
1180
1
0
0
2
0
0
0
2
0
35
4
0
0
5
2
187
9
0
88
1
82
19
0
94
0
0
1
0
0
53
0
0
0
0
0
1
0
8
28
1
513
0
1
1434
0
0
0
98
0
0
14
432
11
95
3
9
29
2
0
0
4
5
0
4
58
8
11
0
0
0
0
0
1
0
13
0
1583
0
26
326
1
0
2
0
11
0
0
457
0
1
652
0
0
5
0
361
0
0
0
0
0
0
46
22
0
2
5
3
0
0
490
0
54
2
12
30
0
1
1
60
3
7
10
44
367
0
2
2
146
14
3
7
2
0
0
3
0
0
0
0
513
5
0
0
0
0
37
0
0
1
326
0
0
0
0
339
5
0
0
0
179
558
0
13
0
0
62
70
72
263
0
0
0
0
21
0
0
426
37
73
17
0
511
418
0
0
0
13
4
0
3
39
276
0
1
0
0
1
0
218
1
2
0
0
0
470
26
0
279
339
176
78
2
18
2
5
21
11
0
78
169
0
60
75
131
826
0
0
530
0
11
4
0
0
0
339
2
908
0
132
680
21
102
0
0
0
1
23
3
31
0
0
0
208
3242
2
510
162
0
0
16
0
68
0
3
1
0
0
1
324
2
0
0
0
0
0
91
1
14
32
1
1293
0
2
0
0
72
36
0
54
0
0
3
0
0
0
0
0
0
0
198
0
160
0
19
21
168
98
0
70
0
0
0
0
2
0
118
1
1
26
56
0
0
152
0
0
0
0
11
24
0
226
125
0
52
73
0
2
108
816
0
0
0
6
0
0
21
949
31
0
0
1
1
7
0
16
124
1061
0
355
34
262
16
1
3
0
0
0
1
274
1854
0
0
0
0
0
173
207
27
0
0
0
0
21
329
1
3868
0
0
741
401
0
0
2
0
0
0
15
90
0
0
3
0
0
164
3
0
52
41
1
622
0
326
3
148
0
0
0
0
0
0
214
2256
0
313
0
239
4
112
552
0
0
0
0
168
112
0
86
226
11
4
4
4
416
192
1
2
0
44
0
0
0
0
0
0
0
12
2
0
6
0
4
2
0
0
1074
4
0
0
516
0
11
0
164
0
0
0
1268
0
2
0
1017
97
4
1
0
8
0
47
189
1212
0
0
66
0
575
4
5482
0
7
245
0
0
0
0
0
0
1
7
0
52
1
706
199
0
13
12
37
0
121
5
96
593
2966
4
249
593
0
3
2
31
0
137
2
0
3
0
1
1
376
0
5
0
0
2
24
0
2
82
16
2
10
19
182
81
1
3
0
0
4
465
0
159
14
5
0
1
0
497
0
1
160
1
0
1
0
1235
0
62
0
0
118
0
0
0
0
64
1
5
0
331
1
0
52
0
15
2
0
8
99
3
0
173
333
0
6
5
16
120
0
1
0
0
52
0
43
0
0
9
17
0
0
386
110
0
19
741
23
114
520
213
0
2
3
0
0
2
0
342
238
1
1
0
0
19
201
7
2
4
3
1415
1
0
3
0
253
49
101
0
1017
30
0
0
280
0
0
2
0
0
3
350
47
80
14
522
0
0
0
0
0
0
464
0
7
160
304
18
1
53
0
2
1
346
214
152
0
1
0
4
152
0
15
997
0
0
1
208
0
0
0
0
1
988
661
0
6
9
231
0
0
0
0
0
25
609
885
2
566
0
12
0
0
72
0
4
0
2
3
11
3
1
1
0
0
0
88
4
0
0
0
84
1
0
0
0
2
2
1036
24
0
0
207
0
380
74
8
2
65
60
2
1
0
1
419
19
0
4
236
792
3
0
0
0
0
0
1
2
0
0
9
0
57
0
937
0
0
2
537
1
0
76
0
6
0
0
0
0
0
406
567
10
391
0
0
35
0
10
1
0
0
0
14
0
0
0
0
1
0
931
68
20
56
1
2
0
24
0
119
70
0
4
464
2
0
0
245
0
0
1
0
9
634
7
0
563
5
0
0
0
0
7
0
3
1
13
0
0
0
0
0
0
0
0
0
0
0
0
206
0
0
20
0
0
4
2
1
0
76
17
15
0
646
0
2
1484
0
47
5
1
48
0
0
0
6
25
0
5
1316
0
77
0
0
91
6
1
172
1
214
1
0
2
18
510
0
0
0
0
0
47
254
11
0
0
0
30
325
827
0
14
6
0
17
11
3
0
17
53
0
3
33
21
2
0
0
147
0
0
0
6
26
0
180
0
0
21
16
1103
144
29
115
0
0
37
877
0
0
1120
0
1
0
21
116
0
0
36
0
0
0
36
0
36
0
20
0
0
1
2
0
0
0
0
846
0
19
0
51
0
0
13
36
0
0
1
0
48
0
13
0
1
77
19
2
0
1
601
0
87
23
3
0
158
0
0
1
30
124
1
3
0
19
0
397
2
0
0
130
1231
0
0
83
0
182
2
0
0
0
386
0
0
0
5
47
21
13
79
26
0
71
0
1
0
474
89
65
0
22
26
2
82
0
1
59
0
5
0
114
400
0
1
0
66
2
725
1
1
352
0
0
0
3
9
0
0
11
7
17
216
0
17
46
1
451
24
0
0
110
0
0
0
2
513
1
1236
881
106
202
0
0
155
1799
0
0
0
27
0
0
0
0
120
0
197
8
0
166
653
3
0
0
0
14
0
248
3
0
77
0
0
595
0
4
0
41
768
0
0
1
91
0
0
46
274
0
0
0
0
330
332
29
19
0
0
0
3
0
11
0
0
40
3
1
2
12
10
998
362
0
6
121
0
0
0
0
0
2
0
0
0
661
1
141
0
3451
1
653
0
0
0
180
1
1
0
0
6
52
33
193
74
19
43
4
62
0
73
1
2
0
1
0
78
2
0
225
4
180
0
0
0
0
12
40
225
0
3
0
0
0
1779
0
173
78
116
59
87
5
8
0
186
35
0
273
0
0
0
0
105
0
0
8
13
44
0
2
0
25
2
0
25
1
390
0
0
0
20
0
0
0
0
302
0
2
0
87
0
8
80
0
4
1
112
0
0
0
315
0
1
0
350
17
41
114
2
3
363
4
0
366
0
0
0
162
0
0
2
124
0
0
0
0
0
177
13
1046
37
0
0
0
0
250
0
8
0
267
58
0
363
0
226
143
52
16
152
4
0
41
653
0
550
0
16
0
41
1
0
0
0
525
0
0
0
65
0
1209
1
6
0
9
0
42
3
4
4
98
0
2
127
1
0
3
0
76
0
17
90
0
0
0
232
62
76
31
1
0
0
6
62
91
0
0
40
0
1
0
1
0
0
465
0
0
31
25
66
0
0
0
0
156
0
59
0
21
73
24
0
1
1
12
0
45
0
33
0
7
2
1
76
0
50
298
0
264
66
1
45
0
54
82
1
37
0
44
1
136
50
16
3
0
203
1
9
0
0
0
72
347
1286
64
0
0
0
0
0
247
217
0
47
0
104
0
44
0
0
1
1
31
2
37
0
12
20
96
10
0
0
36
163
0
124
0
0
0
16
14
2
0
0
10
0
179
71
0
85
26
1766
1
331
0
19
80
0
3
0
1
25
1
0
0
0
2
10
46
4
0
0
4
14
154
0
169
41
353
60
1
1121
53
127
0
0
0
0
6
0
530
2
119
18
3
3
13
10
2
0
23
1
18
1
2
0
51
70
996
17
5
44
0
3
3
13
1
4
168
0
0
34
319
0
0
0
452
0
548
2
0
0
34
289
24
0
151
37
0
2
0
0
0
654
0
33
632
597
0
86
0
0
110
8
576
304
0
0
0
51
0
89
141
138
31
2
0
5
0
102
924
0
3
15
28
2
1
0
0
166
0
830
603
242
1
0
754
2
873
1
0
7279
4
0
0
0
27
9
12
0
0
25
0
161
116
0
489
32
87
7
0
441
0
4
206
155
2
1
0
82
1
142
0
1
0
1
5
0
3
0
11
2
43
0
1
7
66
0
145
1
0
354
4
590
74
0
32
0
13
181
0
2
52
56
3295
0
0
0
662
463
1
3
40
2
0
1246
28
157
0
3
0
0
6
143
15
0
8
0
0
0
10
3
2880
6
0
0
0
200
2
0
0
0
0
0
25
0
5
293
0
0
62
3
0
0
986
0
122
183
0
0
0
1
0
320
0
2
30
0
54
0
385
0
5
4
4159
37
95
0
0
0
73
54
70
0
3
0
11
0
0
365
30
636
0
0
0
261
13
0
130
233
0
124
0
2
0
3
0
23
111
23
652
274
0
0
3
0
379
0
0
0
309
10
0
665
32
0
6026
18
431
98
1
4
4
0
0
68
13
29
0
5
65
125
27
17
2
288
0
11
57
12
1
0
0
0
0
21
0
0
0
1
0
584
0
9
2
0
0
0
14
1
0
0
86
0
877
0
2
0
0
1236
6
7
0
21
0
27
0
196
238
0
0
0
0
0
0
0
0
0
0
0
0
0
0
0
0
0
0
22
0
0
0
0
321
1
1
0
0
2
13
4
0
2
0
158
22
0
725
1
0
0
0
0
0
0
0
0
3
111
0
0
0
1
3
0
72
87
0
0
0
0
0
8
1
6
0
17
104
16
0
0
15
296
0
0
5
128
0
0
31
98
0
0
152
40
11
1
0
0
936
182
0
0
93
0
20
0
166
42
0
0
110
22
927
58
1
28
0
0
0
4
0
373
0
0
0
0
0
0
0
0
0
194
8
119
0
0
0
0
1
3
5
248
1
5
69
448
0
0
189
0
0
1
185
2
0
0
528
2
0
0
0
0
668
0
0
5
0
474
0
0
0
2
0
3
3
3
0
0
0
2
0
0
0
61
0
1432
1
0
455
11
0
103
1
184
387
16
83
0
1
10
0
1187
0
0
5
0
53
9
5
4
0
0
0
58
0
2
2
0
290
326
216
0
25
0
92
1
2
0
1
0
1
2
1717
2
4
23
0
0
0
0
0
2
49
0
0
292
39
247
118
1
28
0
0
0
61
0
579
0
3
213
0
0
0
0
0
0
0
0
375
0
1
1
0
0
762
0
9
2
2
454
0
0
1
18
0
0
40
0
1
0
98
74
0
1
3
326
2
0
2
2
259
37
264
0
33
11
3511
0
1
228
0
0
0
0
0
3
0
3
250
28
0
0
0
0
139
0
0
9
3344
0
175
30
45
0
0
78
12
0
25
3
573
1076
0
66
0
2
0
2
0
0
4
7
253
1
0
0
0
0
0
0
165
13
208
0
0
0
7
8
976
0
13
0
0
0
1
1
0
9
0
0
741
112
0
0
0
0
3
0
64
204
0
268
1
0
0
13
0
3
7
0
1
2
2
169
0
65
63
1
133
44
0
930
0
0
10
3
110
1
198
0
105
27
0
0
0
0
0
0
0
0
2
0
0
0
0
13
3
100
952
0
219
0
906
0
432
0
0
31
10
16
153
0
172
92
23
0
6
18
0
4
0
0
69
35
62
8
5
0
0
0
6
0
15
0
0
94
3
0
388
0
0
0
0
0
1
0
1
0
33
7
36
3977
163
0
72
0
0
2
67
1
0
0
0
0
0
9
0
0
0
2
7
37
400
6
6
1
5
0
399
0
3
0
0
1
0
0
0
0
0
8
167
211
0
955
0
27
198
1224
265
4
0
0
0
4
215
143
1
3
0
1
0
107
0
0
0
3
3
54
107
30
2627
0
0
28
176
480
0
3
7
1
153
0
106
3
1150
0
0
31
2
0
0
7
0
106
1
214
39
163
0
635
3188
347
0
44
16
8
0
0
0
0
76
3
0
0
85
0
132
0
0
0
761
378
41
0
0
2
0
1
9
103
0
41
45
4
2
11
1033
9
31
8
4
0
0
0
2525
0
95
0
4
517
0
0
2503
1
125
5
211
0
0
4
0
1
877
0
1483
0
0
0
971
0
0
0
167
0
58
1159
1
1
4
4
1026
0
0
1
77
1
0
6
0
0
0
97
0
0
25
36
178
5
0
0
121
276
12
0
1
0
0
3
0
214
2
3249
0
0
3
12
0
0
0
16
0
2
0
964
0
624
0
0
133
2
1
0
6
18
138
0
0
19
0
305
0
13
0
128
6
228
0
226
0
1
0
1
0
0
0
77
0
0
131
0
15
5
584
0
0
0
61
1
1
108
0
0
12
0
77
19
2
5
0
4
0
621
13
17
2
0
2
0
0
0
0
0
199
169
0
52
208
3
0
102
0
161
0
36
0
7
0
0
0
0
21
0
0
5
60
2
35
369
1
0
2
67
137
17
17
0
571
10
25
0
4
0
0
0
5
10
73
4
0
0
0
74
0
0
11
0
18
21
0
0
0
41
10
0
956
32
0
146
94
0
0
31
50
0
2690
796
2
98
21
695
49
0
0
24
0
39
323
0
75
2
0
0
5
0
1
1
1
0
5
68
1
0
0
1
6
0
0
4
0
0
2
133
0
26
0
17
0
1
0
2
0
4
0
0
0
282
0
2885
11
0
8
0
364
0
0
0
0
0
2
0
8
0
4
350
0
4
1
0
8
121
0
695
63
0
0
42
0
0
0
17
0
0
0
0
0
0
131
1
0
0
0
2
24
46
0
3
0
61
9
0
34
5
0
0
85
10
0
0
0
0
61
122
0
15
3
0
0
19
0
2
6
2
145
0
11
351
0
0
0
3
0
0
465
2
0
0
6
0
0
0
517
1216
0
14
1
0
5
191
0
0
1
0
70
366
0
234
883
0
0
1
0
1
149
0
0
5
3
0
3
46
2
1
1
723
0
0
0
0
323
0
0
1
0
0
0
0
252
86
0
1
63
0
105
0
1
450
0
0
139
12
155
94
0
1
63
0
0
0
71
41
1
2
0
28
31
106
0
0
1
0
0
0
4
0
3
97
0
0
21
35
4
0
12
0
183
74
27
0
0
0
0
2
0
763
2
171
0
22
0
0
298
0
0
0
0
319
0
24
1
57
0
741
1
0
20
169
151
107
60
0
3
154
0
1211
0
47
1
114
0
0
53
126
1
0
271
3
201
0
0
0
1
0
0
15
0
178
0
2
0
6
1
10
0
0
303
0
0
144
0
301
44
0
315
2150
5
0
0
0
0
794
93
1
0
0
4
1
0
0
1
371
75
0
0
0
2
595
0
119
3
0
18
8
2
0
2
98
3
74
62
3
0
6
263
0
499
0
79
1254
1752
8
79
0
0
8
116
7
0
463
29
20
0
1
42
80
12
0
690
0
0
200
2
0
6
0
7
0
7
0
0
0
3
72
0
3
0
19
0
10
0
16
0
139
0
22
194
0
2
147
13
0
1
28
113
0
2
0
1
0
66
0
0
27
0
0
1
2
2
30
80
206
19
2
0
0
0
3
1
0
685
1
0
3
0
476
0
2
2
19
0
0
4
0
76
0
4
0
0
0
17
7
4
0
2
471
68
0
0
2
0
0
1
4
106
33
0
1303
1
49
117
0
3
66
2
24
24
0
0
0
2
0
12
1
15
0
97
78
0
0
31
70
0
2
0
0
1
0
104
0
1
3
2
94
1
4
20
145
0
97
0
16
28
2
544
0
0
0
433
36
24
0
0
0
1
21
0
585
0
364
157
0
55
32
14
274
0
9
44
18
0
0
63
27
0
204
8
0
244
0
14
0
1723
0
0
1
10
1
0
0
0
285
14
0
0
233
0
0
0
31
1540
1
0
1
2
345
2
0
3
0
2
2
0
0
0
46
0
1
366
0
0
671
0
33
171
0
1304
0
288
21
0
1
20
26
89
251
2
76
86
0
3
461
39
1
5
0
0
0
0
273
49
1
0
0
33
503
58
17
1002
6
2
0
4
15
2296
3
104
95
0
29
189
9
951
45
0
0
108
185
2
0
0
0
0
0
0
76
745
158
400
11
2086
188
246
0
77
0
5
0
0
2
296
0
13
3
387
11
0
2
2
47
60
0
0
6
56
2483
199
59
3
0
2
270
0
0
0
0
0
1
27
0
345
153
0
11
0
17
17
9
13
0
0
2
0
0
214
0
11
33
21
0
37
0
1
439
5
1156
3
0
61
23
802
7
0
29
0
6
1
0
0
0
0
0
0
38
641
0
45
1
0
1
0
2
0
29
65
21
0
0
6
0
0
0
26
56
22
25
116
111
5
0
0
0
1
0
156
46
148
0
0
43
0
153
0
198
1
675
40
0
0
0
4
45
30
34
0
3132
19
3
0
6
3
2
5
170
0
2
0
0
28
251
0
0
35
5
674
0
1050
965
15
85
262
12
2
35
10
110
1
123
651
172
3
56
0
0
0
270
2
1
2
0
296
208
1032
1897
0
130
0
517
0
2
0
0
0
0
0
23
0
0
0
2801
311
58
1
722
193
9
13
31
2
1750
0
0
2
0
0
2
34
14
4
0
1030
0
39
6
20
0
0
277
697
2
26
4
0
607
3
426
0
2
149
122
28
46
0
0
0
0
1
0
4
30
291
20
0
0
3
254
983
0
3
4
28
2
209
0
958
0
0
211
2
0
0
0
1
3
259
0
0
1
3
140
0
2
0
1144
0
78
93
54
108
0
0
133
0
0
0
101
0
50
0
10
0
1174
1715
5
255
16
5
0
140
128
97
0
178
0
0
0
1
112
0
0
0
0
0
1
0
68
27
101
72
75
153
6
7524
513
40
0
62
0
0
0
0
3
2
14
2
0
0
2
47
97
25
1
5
12
4
0
104
19
818
0
3
3
39
0
12
0
5
0
0
14
201
0
15
0
1
454
1
0
0
11
0
583
909
0
0
1
325
1
17
307
44
628
596
1
168
0
157
1
0
0
2
65
0
80
0
0
383
0
0
0
0
0
0
0
2
859
21
23
342
0
8
10
0
307
2
0
0
0
10
1
0
30
4
0
0
264
41
767
0
3
1333
0
0
456
0
2
0
5
1
0
0
4
35
0
0
2
6
0
125
0
0
0
0
0
0
0
0
1
109
5
0
2
0
3
1
16
0
0
0
0
0
7
0
690
2
2
194
0
4
31
0
0
1
388
0
0
514
0
1
0
4
0
13
210
6
10
0
207
84
0
0
16
0
0
0
0
2
0
15
0
0
0
48
0
0
245
61
12
0
0
400
506
0
0
6
0
731
0
0
0
65
83
1046
0
0
54
0
0
1
16
11
13
3
3
0
1
0
253
4
0
534
4
252
0
357
0
22
49
14
45
439
1
986
20
5
3
0
177
0
0
158
0
29
0
3
14
0
528
2
0
5
2
0
3
0
37
0
0
498
0
0
0
0
0
1
13
145
52
38
0
0
16
3072
368
0
13
0
0
0
8
1
4
0
5
10
21
20
40
1629
0
0
0
554
8
4
0
0
0
0
693
60
1
1
0
203
2
2
8
94
0
0
0
0
6
78
0
1
2
1
0
5
0
0
2
0
191
3
44
0
0
2
0
11
0
1
0
6
4
2
0
0
64
7
0
140
0
0
1
0
0
0
0
0
0
2
0
0
1544
0
2
0
85
2
42
48
141
0
1
14510
0
2
0
133
8
0
2
0
0
4
2
0
0
0
201
0
0
0
15
0
2
3
0
0
0
0
0
0
0
81
1
1
0
5
5
1982
6
29
1
2
0
0
4
0
0
2279
531
211
67
12
0
0
47
0
157
40
202
645
17
511
421
526
0
233
119
0
2
0
0
8
0
0
190
0
0
1
2
25
32
431
0
307
9
137
1
0
0
0
8
43
1
0
2
1
67
5
18
11
94
0
9
16
17
0
1
1
0
0
0
0
0
1
0
0
0
0
0
62
15
0
3
1
1378
0
0
2
2692
155
0
176
0
0
1
0
3
382
2
1
1366
14
3
309
2
0
44
29
0
0
0
1
4
165
0
0
11
1
0
0
275
217
0
0
0
0
3
6
2
0
2
56
0
0
0
58
1
0
0
2
503
4
0
307
2
0
0
166
0
2
122
0
0
50
0
0
0
0
70
6
0
0
45
4
1
1
9
0
1
62
10
0
0
0
2
16
0
45
0
0
0
0
861
0
150
0
0
9
0
0
0
0
0
222
1103
0
0
0
9
0
101
0
2
0
46
79
2
0
0
211
0
0
197
32
2
0
3
0
0
1083
0
0
0
991
0
0
6
43
0
125
1682
0
0
0
3
0
0
2
3
0
1
0
92
71
1
0
3
0
0
0
2
0
0
0
676
0
42
0
31
7
0
0
1
0
0
1
0
0
0
0
0
1
0
2
1
1
0
0
389
0
89
1
0
0
21
2
1
0
1494
0
1484
0
451
0
0
0
0
0
20
0
3
0
0
0
3
0
0
11
0
0
1
0
690
39
0
0
218
0
3
0
0
0
0
0
7
0
0
98
0
183
48
3
0
1
14
1
58
0
1
6
26
0
0
0
0
0
0
0
0
0
0
1
0
0
0
0
28
0
6
136
14
0
0
1
5
1
0
0
0
703
0
4
3
19
45
2
11
0
3
3
0
1
74
8
1
5
0
1
1612
144
4
198
8
0
0
0
2
1
2
0
31
466
7
218
1
2
1
598
472
0
0
128
0
12
3
1
1
2
614
0
13
0
0
6
1284
4
296
2
7
8
0
461
0
0
0
6
0
357
0
0
0
0
0
0
2
2
3
0
138
203
0
1
2
1458
0
11
208
0
767
3
0
0
0
3
3
2
7
0
1
0
0
0
0
0
3
0
61
1
37
0
7
640
6
1068
0
5
2
2
4
34
0
0
7960
0
0
0
0
0
0
0
0
0
35
0
0
14
0
0
448
1
266
3
0
12
0
654
90
2
309
0
1
609
2
5
0
0
0
0
1501
0
0
0
0
2
0
1702
11
2
65
23
0
0
0
1
0
65
1
31
0
5
6
0
89
6
0
166
1
0
4
0
0
0
0
0
17
148
2
0
0
0
2
0
0
1
2
28
106
0
0
0
0
330
0
0
0
2
0
101
1
0
0
0
0
3
0
2
0
3
0
12
3
3
320
2767
238
1
0
0
0
47
0
4
3
0
0
0
0
0
0
53
2
175
23
0
0
50
3
0
0
0
1260
0
0
147
0
0
4
22
0
0
68
1
2
0
38
758
225
29
2
0
20
2
13
0
62
0
25
0
69
0
508
1
0
360
4
270
134
32
4
8
5
362
0
1
233
102
0
302
2
0
1
67
0
264
0
2
0
0
0
184
1696
1002
7
1
3
0
1
0
855
171
161
0
359
3
0
10
11
159
1
0
29
0
10
47
28
0
6
34
12
0
0
0
149
12
89
815
68
83
174
0
2
4
188
1
118
11
0
54
1
11
3
2
86
0
0
5
1
0
32
1
89
1745
0
0
2488
5
0
67
1327
0
4
64
0
0
2
9
8
0
0
0
0
4
0
0
6
22
4595
321
2
643
8
170
814
18
1
87
0
0
0
0
2
114
8
58
17
0
0
22
170
552
4
0
810
5
89
0
39
0
68
112
118
7
0
44
0
226
0
1
0
3
82
0
8
63
143
27
0
3
254
5
240
308
82
0
1
59
1266
4630
1
0
72844
74
459
0
1
0
2
150
313
0
38
13
400
0
0
0
329
0
271
0
2
3266
11
80
2847
0
0
31
1107
0
7
48
208
114
115
576
0
0
776
67
14
0
95
33
0
79
822
0
1
3
254
0
0
0
0
0
0
3
0
0
12
460
40
260
76
336
1109
0
10
116
0
36
11
1135
0
214
1
72
0
2
0
91
0
1483
446
2133
0
0
135
134
0
525
199
0
0
0
11
3
1040
1
127
0
65
455
3
0
1
7
397
2
0
2
284
0
100
0
2
5
3
16
22
0
278
3
443
17
0
75
31
0
1081
0
1177
0
178
0
0
1
7
332
261
13
0
2
779
0
603
0
0
298
261
42
0
0
159
99
18
192
0
3
0
207
99
1
1
3011
0
0
442
4
87
49
217
2
9
11
17
12
181
0
44
46
0
168
896
168
91
8
716
83
2
743
8
1
554
0
2
23
72
2
0
76
63
997
26
8
0
0
0
563
102
553
77
490
0
41
0
0
0
85
545
51
0
2
44
73
0
4
26
181
889
0
11
351
1
226
8
138
12
0
4
24
8
371
0
0
49
2
4
186
44
0
81
0
166
31
19
1
0
48
27
608
0
0
0
0
5
2
2
289
19
2
0
15
0
0
0
139
1427
10
0
4
0
44
1145
52
82
2572
303
22
2
0
55
33
0
526
18
94
63
26
32
5
0
8
400
14
1
23
8
11
443
0
9148
0
79
31
0
1
140
0
0
0
28
0
14
127
9
0
322
0
0
10
0
6
291
0
1
56
640
3
0
27
42
0
1
433
1385
1
0
49
2
0
0
917
43
6
0
19
0
0
0
140
47
539
0
46
0
1
5
3105
0
8
3
8
1170
13
0
1
0
6
143
1
544
80
0
0
503
969
0
0
6
17
0
0
21
0
1477
44
655
864
0
2
0
808
0
0
0
108
17
0
83
0
1
79
0
0
3
220
144
169
45
163
0
1
5
1
183
0
0
376
20
0
154
0
3
1
557
369
1763
303
0
280
16
4
1285
0
1
0
3
3
410
320
227
11
667
37
0
194
1
0
19
0
1572
1
22
43
375
36
300
8
0
5940
3
0
2
52
1
2
988
0
127
428
480
2
126
1
106
23
1
27
4
138
2950
2
0
1
713
0
182
19
178
2
34
61
5
174
2
0
0
0
1
1642
0
101
2
0
0
0
57
170
615
1
2
0
0
3
0
5
3
2
958
716
1
2
25
0
0
128
0
0
2
0
1
0
60
9
679
101
0
15
1
22
145
243
20
0
0
142
0
0
7
3
2741
16
2
0
321
4
0
492
0
88
0
4376
34
0
19
0
0
355
0
0
0
36
44
44
0
0
277
198
45
0
238
81
0
0
0
1184
27
2
67
404
13
62
1
96
0
99
10
0
0
0
98
36
0
216
117
0
8
5
0
0
477
574
2
92
0
5
140
285
65
0
231
0
213
152
70
0
5
20
0
4
4
0
0
1
1891
26
9
0
2
0
0
2086
151
194
148
0
0
30
29
9
110
8
0
0
1
0
0
0
613
0
0
28
26
52
194
530
0
0
100
1
1884
15
229
0
49
0
171
47
166
0
168
46
60
5
23
0
954
121
33
0
600
455
0
316
1
14
1
8
0
0
991
115
0
508
1
1
85
0
0
0
1323
100
0
3
0
84
1213
123
0
0
0
64
0
0
10
154
18
0
0
20
0
90
0
0
0
307
2
9
0
1350
2
26
8
12
0
0
14
133
0
0
316
0
0
0
0
0
85
8
0
21
34
0
1
11
0
0
17
3
0
0
175
27
250
0
3
7
16
14
3
0
0
1
0
5
11
0
31
14
0
3
0
0
6
0
0
31
0
4
54
0
0
46
2
0
1
0
46
0
0
1
6
39
22
0
0
4
0
2
1597
0
0
0
0
28
9
51
24
1
0
76
304
0
1451
167
3
63
1
125
0
231
2
5
104
2229
5
0
1
72
3
0
1160
7
213
0
0
43
0
100
257
0
181
15
137
4
0
91
123
30
0
1
36
1022
21
1
48
16
0
882
12
749
2901
0
0
72
52
0
1
2
310
17
9
81
402
8
66
47
0
151
279
248
8
0
0
727
9
0
0
0
0
6
0
0
7
0
45
62
23
281
15
88
2
9
170
74
53
1
0
13
734
4
136
0
18
14
0
0
522
0
170
0
0
0
3
779
0
3
619
1
1
21
0
0
85
5
1770
0
699
1
125
382
37
0
5
0
0
0
2430
0
0
2
0
805
0
0
1234
507
6
0
164
3
16
353
94
3
41
254
2
2
393
23
0
0
1
0
0
61
93
0
106
219
0
0
317
2800
65
3003
6
16
0
439
4
197
1
0
38
18
15
0
0
0
0
26
0
53
13
212
0
700
110
358
1076
178
619
0
3
1761
0
0
0
2
257
619
0
0
0
0
8
0
0
0
0
0
0
0
3
76
20
79
96
124
3
6
0
189
0
0
0
0
13
0
90
0
72
1
11
2
0
0
0
22
292
2
0
0
0
0
2093
190
0
0
0
0
121
0
7
0
670
0
2
58
580
0
456
23
0
2
0
197
0
22
0
0
0
0
13
65
50
0
0
55
17
0
161
0
81
0
7
0
0
527
11
0
11
4
0
46
0
108
146
396
0
0
0
94
557
0
7
0
1
0
0
259
1
0
388
0
3
5
0
0
209
1
14
346
221
39
0
81
155
138
0
1
8
338
14
121
0
0
0
0
1
42
88
974
0
1
0
0
12
2
0
0
0
0
0
0
0
249
39
2
5
31
96
0
14
17
1
5
2
157
0
151
0
151
140
0
14
3
0
1
0
0
27
0
0
6
18
72
0
1
30
219
3
41
0
65
4
0
0
0
0
0
0
28
0
0
2
0
3
2
31
0
3
12
0
3
42
0
20
0
29
4
158
32
0
571
3
2
49
5
11
2
8
0
5
0
0
0
19
0
13
61
0
0
0
43
111
72
290
0
2
43
0
52
0
2026
0
131
88
1107
2
0
1376
598
0
0
0
685
0
0
3
65
0
1
0
19
0
93
0
27
593
18
613
0
10
4663
226
0
17
5
24
8
0
5
438
0
4822
0
0
145
0
38
0
2
427
0
0
101
0
397
3
10
10
155
9
36
0
1
714
104
0
0
274
1
189
1
50
21
187
1
4
1
0
0
0
0
704
0
5
322
293
0
0
837
0
0
1
6
0
0
0
765
4
497
16
86
1020
8
164
0
190
1
22
731
8
0
21
25
6
0
192
0
39
0
0
4
808
0
2091
0
676
21
1
329
0
0
331
0
306
214
0
4
31
296
131
47
1
2
0
43
324
0
0
5
21
287
3
3
1
0
11
530
3
118
2059
61
472
80
24
1150
53
32
5
265
1344
2
0
784
665
166
3
756
233
26
0
1
1
0
2146
1821
358
25
199
0
77
6
0
0
646
16
61
3
305
110
0
19
7
16
460
60
27
117
1
1
32
4
0
0
1
304
1
68
471
26
0
2
1
26
333
0
36
0
7
545
0
1088
63
5
1
0
1245
0
149
1465
16
0
142
542
129
371
120
9
2
0
1326
0
1478
93
1
0
0
0
1762
1
1777
98
2274
36
313
236
349
0
283
5
0
0
2
13
33
95
232
1
8
20
17
483
0
0
439
23
0
0
113
202
28
237
0
0
12
3246
0
0
1
6
13
0
361
68
2
22
65
0
129
14
0
0
3
93
295
0
0
0
0
73
0
16
14
36
0
518
2
9
0
0
5
3
6
0
65
0
29
0
104
1
165
0
0
54
2
3
39
12
847
0
1
1
0
177
225
18
820
29
0
0
270
0
4
0
341
269
0
0
245
41
0
192
115
218
0
72
2
0
1
2
0
11
123
643
31
0
2
231
396
0
79
0
40
8
279
230
344
442
888
0
278
337
5
0
0
45
53
0
391
0
112
209
115
0
40
0
125
703
898
418
0
1119
1364
1
0
0
0
336
0
0
10
126
99
0
0
1
4
0
0
5
1
38
663
103
87
8
25
2341
11
2553
0
0
240
0
11
2
0
0
289
30
1
472
1793
0
50
6
0
246
401
0
3
9
0
0
34
0
92
0
216
10
74
7
0
9
677
100
0
1
186
74
0
0
3
0
71
0
5
5
2
0
1041
740
29
175
26
0
9
0
0
46
64
727
6
315
255
0
101
101
65
173
0
58
0
0
0
26
0
404
24
19
34
82
24
47
0
0
0
0
0
0
32
49
818
0
3
1
1
0
4
1
0
79
9
40
0
807
12
147
93
0
4
111
1723
27
115
41
1
1
10
0
88
89
16
1
833
4
799
217
44
2
185
32
95
19
7
3
132
15
223
211
0
0
0
717
0
0
2
0
102
0
53
157
0
0
10
2
143
32
2
1040
0
2269
0
77
69
21
0
577
0
0
0
243
0
0
2
0
200
1
433
74
0
187
15
9
17
179
209
44
0
0
1
37
0
0
0
12
355
4
0
9
17
57
0
5
191
101
11
0
31
0
27
0
0
5
1
1339
0
16
1
0
0
17
0
42
0
464
0
0
157
6
300
0
4
0
300
0
40
2
52
15
0
1224
67
5
5
2
2
0
0
0
118
251
53
3
13
0
3
17
250
0
13
19
7
0
14
0
125
628
2549
23
410
3
8
24
1
69
0
16
11
2553
0
43
285
0
1805
3
4
8
65
0
229
49
0
20
4
4
66
41
0
1
10
43
0
4
0
16
0
0
0
0
432
297
14
627
115
0
910
1
0
1
176
192
7
28
47
0
49
4
46
285
249
2234
0
0
4
0
27
1613
94
26
232
1537
66
126
0
2104
187
41
0
0
944
106
1457
0
0
24
2
98
0
1744
25
140
390
0
10
453
203
0
1
91
872
5
0
16
12
1
8
351
10
23
12
5
0
731
121
0
0
64
8
2
1
2
0
46
8
5
309
100
27
0
1455
0
0
94
46
3
1
0
20
0
693
0
141
0
87
0
531
47
385
2
37
3
0
0
3
0
0
0
0
4
56
2
1037
0
63
0
7
89
46
1
15
8
396
32
68
81
0
0
4
244
590
0
0
83
0
3
0
0
0
938
2
121
855
0
40
27
110
0
0
0
0
355
20
12
0
7
0
0
0
0
0
7
118
117
82
3
27
12
0
2
0
0
194
11
0
5
82
140
90
1
0
145
0
0
0
59
0
1
65
26
43
137
0
1
0
517
0
0
3
0
2
134
13
0
0
258
89
255
3
357
14
13
30
5
59
111
2
0
0
0
355
124
58
148
289
1
67
205
0
0
2
0
57
0
15
54
4
0
502
1
55
10
4
7
38
208
5
1241
0
445
29
0
4789
31
349
3
618
0
1
894
276
5
0
13
207
4
56
3
3
100
12
3958
26
1
3
0
0
0
997
3635
29
221
35
702
1
292
157
0
0
656
0
131
19
8
253
97
326
94
219
12
4
62
169
27
0
0
0
0
3
455
0
59
20
0
26
0
256
55
225
331
24
60
0
139
0
286
2119
97
3
630
152
56
16
0
56
3
697
30
0
1
5
0
2
0
421
0
10
0
0
127
10
0
0
14
0
279
0
24
0
416
6
385
0
1343
1
3
13
18
0
6
0
415
5022
114
126
35
314
4
1318
55
398
1548
11
133
0
66
232
61
0
51
0
21
1
5
2
24
618
22
3
1
0
0
495
35
167
0
140
1240
702
13
1
0
1
60
265
0
106
0
479
253
251
57
512
33
34
0
2
773
0
0
1
2
89
0
1
1
80
0
0
12
681
0
0
2
345
1044
279
34
266
33
1945
0
146
57
0
29
55
19
15
0
28
348
2
0
0
491
0
1164
2
31
0
0
2341
2
0
19
8
0
14
0
148
139
146
0
36
0
0
142
79
6
4120
2092
0
657
142
1
1
0
95
404
66
0
0
1
135
11
2115
9
221
82
1
105
0
735
26
45
133
0
14
0
0
2401
0
26
0
0
11
2003
89
38
288
0
3
0
0
0
0
123
278
0
18
165
0
0
0
10
510
0
6
118
71
247
0
1
7
0
8
648
88
0
129
71
1
15
1
1
0
608
93
2
338
0
1284
52
7
325
261
1
0
10
542
0
240
0
2
0
0
383
3
1
17
0
0
0
0
11
30
165
45
979
3
2
6
139
0
1
1
685
0
1
1
0
0
0
579
0
2
0
0
7
0
0
0
0
1096
9
43
0
90
0
1
0
1021
0
0
977
0
0
0
457
38
733
17
3
2
67
152
54
0
141
938
2
3
0
43
4
0
22
2
3220
0
29
66
28
0
2
0
24
5
537
20
62
308
655
0
1
535
335
0
0
0
23
195
2
80
0
99
290
9
17
8
0
60
9
6
1
195
0
6
0
2
89
80
25
170
0
144
1082
36
0
316
2
139
0
426
78
228
0
0
141
1150
0
95
4
3
0
184
0
0
2
25
446
0
0
86
93
609
22
41
0
379
0
66
292
273
0
0
1
140
149
1074
82
0
59
0
26
0
0
18
0
2
0
0
0
182
8
0
0
1
339
18
0
28
2
0
0
206
15
0
2
1
393
1964
72
1486
0
0
0
2
0
324
1
0
58
0
353
0
0
18
0
0
0
318
545
0
0
1143
1
7
4
0
1
0
22
0
0
4
2
0
18
76
4
95
63
0
15
0
0
1
170
0
309
1234
0
151
0
90
0
21
0
142
0
104
69
5
207
18
0
60
0
2
82
171
0
0
166
1
0
0
173
2
4
0
906
121
37
513
0
0
6
7
213
73
28
177
0
0
0
1
0
0
378
190
2
569
2
104
2
15
1
0
110
189
4
0
3
203
20
9
0
57
298
109
4
204
120
0
2
4
1
146
757
423
3
3
533
0
546
0
0
0
7
295
25
420
1
0
0
0
0
0
48
4
0
0
252
0
0
0
104
3
0
346
0
1
0
1456
0
11
510
0
39
0
8
3
0
62
0
11
2
78
61
725
0
215
0
179
0
3
0
0
0
1
45
0
8
0
19
0
0
0
16
0
482
137
1729
0
26
22
50
8
1449
0
44
0
1
0
211
1
102
0
0
131
1
92
2
0
3
2
509
369
231
138
31
50
0
2
6
5
23
0
8
107
110
21
0
5
2
2
102
104
31
331
9
227
1
7
113
1
1435
0
692
2
0
1055
0
148
52
490
0
6
0
13
45
2178
205
4
20
0
2
1
0
0
80
504
165
5
845
224
170
0
315
120
54
75
0
16094
6
78
1
198
473
129
2567
0
285
100
24
46
69
0
235
20
0
428
78
0
169
161
9
221
0
0
14
711
2
39
49
18
88
8
4
0
1
2
2
5
103
131
54
0
2066
0
0
5
3
35
431
20
35
3695
1
5190
4
0
141
0
4
6
2
5
0
0
648
461
10
0
61
231
697
5
43
186
289
3
227
1
2
4175
4
0
0
0
0
0
0
0
130
0
9
50
2181
27
197
22
0
609
727
1109
157
88
0
134
653
0
0
35
27
1008
0
1
926
53
0
4
0
0
4
160
17
671
3
1
94
7
17
1
3937
250
3
2
1
20
200
10
1
0
58
1
0
4
54
173
1511
42
220
837
0
0
0
106
1
3
1
2
0
200
1
0
253
358
71
0
1143
782
82
84
13
11105
1
0
0
1
2637
3
0
0
36
0
0
0
0
6
171
11
0
6
0
434
10
0
166
1282
0
961
25
67
6
1
0
10
44
47
10
0
1
0
0
26
0
0
0
221
266
20
0
114
345
0
0
239
58
0
139
313
18
6
20
0
0
1
0
323
818
0
1
11
247
50
0
334
0
3343
28
0
0
279
2
5
62
102
0
130
24
129
1035
170
0
0
47
0
3
0
2
108
4
0
163
4
4
0
299
0
78
4
0
4
2
53
23
77
43
0
0
203
0
22
0
0
0
9
5137
17
4
2
39
0
149
0
1
85
16
63
22
809
0
0
66
37
33
193
0
165
28
0
9
1096
100
88
52
0
4
1
0
0
0
20
0
41
0
18
0
1
64
128
577
21
0
1
122
362
172
2
209
0
33
0
0
131
0
0
7
1
0
3
43
25
0
104
16
0
0
1
0
0
491
1
240
1
1
2
180
8
410
48
2286
81
115
0
9
80
4
0
8
0
1
182
1
23
4
0
0
2
33
524
2
4
0
0
956
0
0
61
2
696
176
0
844
0
9
3708
0
294
14
0
0
15
1
12
6
19
1
5
4
154
1471
219
83
693
0
24
222
483
10
2554
41
0
46
322
441
35
1770
2
34
15
0
0
0
39
414
498
2
791
402
0
4
0
336
1
0
0
5
2
1946
17
0
0
58
404
134
13
22
3
7
1
75
0
224
419
16
9
219
0
70
0
6
1
0
1258
576
1199
0
453
0
104
155
166
0
0
2
0
2
0
1032
3
104
97
1
1
2340
64
256
39
398
17
1
11
19
3300
0
1
0
124
0
188
1392
116
0
116
0
359
3
40
0
331
233
11
0
13
144
380
0
38
0
172
76
2
0
29
0
0
6
0
0
355
0
2821
1
0
47
3953
0
38
7
2
9
2
78
2
3
1
427
10
0
305
203
188
109
3
6747
360
56
12
2
1
53
0
0
200
1
0
0
93
31
3
624
0
7
17
7
0
173
0
2378
8
86
483
407
674
0
175
5
99
0
564
12
447
0
0
0
5
3
524
39
0
4
749
29
478
0
457
115
164
26
71
12
0
17
2
7
0
0
0
151
0
0
406
0
18
212
769
23
0
0
21
27
0
0
0
41
536
13
0
714
109
294
0
0
0
229
0
2
60
146
11
1
0
265
4
1
17
1
0
128
16
0
0
65
2
676
0
123
5
0
5
0
0
75
0
29
0
72
261
2
0
518
0
323
0
173
6
0
38
11
275
228
610
5
0
1
130
0
0
73
0
623
147
3721
0
31
11
65
159
56
0
0
0
72
37
2
0
0
0
0
3
1
0
311
86
5
6180
2349
3
0
0
0
524
0
138
0
901
129
0
0
3359
163
0
2
6
319
4
0
0
32
29
1
222
1145
0
1051
0
0
489
172
148
45
1
1
0
1054
1978
0
89
0
473
0
0
0
2784
688
1
0
0
1694
113
5
465
0
0
0
0
11
123
579
1
89
0
0
0
0
0
0
43
43
0
60
7
37
0
0
88
17
25
0
381
0
58
0
69
0
2
1203
21
0
0
42
45
0
314
1884
10
159
69
10
373
16
0
2
50
2
30
486
8
10
6
3
0
8
116
161
469
6
0
69
166
192
31
0
265
76
340
8
0
277
32
16
2
14
20
98
334
0
121
5
19
7127
1139
199
3
110
4
583
166
0
2
133
368
23
68
15
11
0
0
2
4
3
3
0
19
677
138
43
0
0
0
1
69
7
1071
0
0
0
0
2
0
45
1078
0
12
23
0
55
0
3
536
194
0
1
4
0
52
488
43
40
1
256
0
0
108
0
0
23
0
10
90
29
0
0
660
23
1
6
1
639
0
19
129
0
0
115
8
177
0
8
8
56
0
79
0
1
0
0
463
0
1
310
65
36
2
765
0
29
0
170
23
23
6
34
28
9
1284
29
2
3
5
0
7
3
3
304
45
36
255
0
7382
105
19
239
2
28
0
0
180
74
101
1
95
0
9
124
1467
3
82
22
9
184
50
0
1
72
0
0
3
281
1442
0
34
176
122
261
0
0
0
0
56
4
2285
1
82
0
20
470
58
56
157
3
37
0
52
2
2
44
0
0
0
222
107
2
9
1894
0
1
1
0
37
245
12
0
313
1
30
45
309
531
3
119
0
26
655
26
391
0
0
6
61
0
3
0
289
5
679
811
0
24
0
2
36
7
147
6
0
192
71
161
4
4
94
13
572
0
0
139
0
6
0
0
489
8
315
2
1
0
0
13
1
705
311
0
1
24
130
337
75
0
0
5
141
4
24
6
1110
5
247
1
85
1
2
0
2
1
480
720
29
1
44
0
1
528
1
0
74
0
8
1
9
4
47
3
0
12
5
0
1072
322
6
552
4
0
0
700
0
9
0
46
2
0
31
0
21
3
306
756
4
2
2222
2
0
6
34
214
3
158
48
0
6
3
0
747
55
15
7
0
86
0
2
0
0
0
99
18
0
1
0
0
2
1
15560
0
7
3
1500
2
40
0
0
1435
61
48
7017
76
5
985
0
2
2
45
56
0
581
0
426
0
0
647
0
146
0
0
14
791
87
0
0
33
189
415
523
85
0
0
236
6
0
0
121
14
4
3
8
0
6
99
17
142
224
0
0
3
48
32
42
2218
1
38
0
49
0
1027
24
43
30
1004
0
217
32
0
61
366
5
0
11
124
86
73
2
0
0
0
50
872
10
27
28
16
1831
8
0
490
26
425
53
0
492
0
31
0
73
734
16
37
7
494
3
88
7724
4
0
0
238
0
78
187
2
107
173
1134
671
0
0
53
0
1
43
335
34
21
0
20
250
2
0
54
2
1
4
2
0
0
4644
0
0
0
1581
0
68
1
42
2193
2
0
15
5
19
6
4
5
33
82
425
5
0
76
145
90
318
270
63
0
55
0
232
552
2
332
0
6
1714
0
147
39
0
1
87
8
75
51
1
0
55
0
10
0
2
3
362
1
0
82
242
4
8
3
71
0
164
5
44
2
0
1234
1
911
0
1243
219
0
18
639
0
81
28
5
0
365
0
47
178
2072
1
0
0
9
43
521
1
9
0
765
0
1
0
0
395
0
2080
0
4
77
1
0
0
112
0
44
0
189
0
4
121
0
32
0
11245
1
22
0
0
0
0
86
4
0
0
70
0
3
3
0
716
4
546
89
134
0
0
173
39
0
0
0
0
7
0
276
210
5
0
338
0
0
452
0
486
0
0
239
2
0
22
131
0
548
5
2
0
0
0
2
0
317
0
0
2
3
286
7
0
770
0
0
1
35
55
0
1
0
395
0
6
0
19
13
0
0
50
87
0
35
42
1
69
0
0
1028
3148
0
1
0
0
303
0
14
17
44
0
0
2
0
591
96
3
9
0
178
0
10
121
46
43
33
0
38
1
24
174
6
0
142
709
0
190
1
4
5
138
0
7
0
7
117
19
211
0
65
0
0
0
5
557
0
168
0
0
8
190
6
0
126
27
0
316
68
2
58
0
0
53
13
0
58
82
0
0
6
2
1
3
99
1
0
1
6
0
1227
0
30
2
291
0
96
49
656
6
0
10
0
1031
11
21
65
0
0
3
8
753
1
0
12
0
7
116
34
375
139
0
0
440
0
24
0
733
1985
799
0
21
22
329
183
0
0
1
141
37
57
2
110
60
1879
129
335
262
2053
456
1
1
14
1
119
266
0
264
0
10
33
1
7158
0
7
1
20
61
0
3
484
0
27
0
7
0
2
0
290
0
25
0
0
0
1
52
6
0
397
2
131
2
546
0
1
6
2
244
1
8
0
27
99
0
304
352
0
16
4041
35
21
9
0
0
0
290
0
0
1
86
6
3
1
1
79
737
239
0
0
0
0
49
0
5
2
0
8
0
13
17
1
4
0
349
3
0
3
10
309
806
385
923
2
10
179
0
0
0
89
1099
243
32
0
125
0
0
36
168
0
14
0
0
8
0
0
8
0
1
0
0
9064
1
98
41
3
15
8
854
594
1456
0
0
0
447
0
25
102
0
0
1
85
183
11
0
1
77
0
947
168
3
0
46
0
2
92
20
0
10
1
27
6
0
11
1672
161
6
192
29
30
215
1327
0
20
0
1
28
0
446
78
718
1450
0
13
24
38
238
1
8
2
100
82
30
187
22
346
0
0
45
7
3876
11
0
0
7
16
0
9
0
38
43
0
82
0
317
287
25
274
0
47
3
95
109
3527
794
2
0
341
0
49
0
1480
0
0
2704
0
0
5
0
0
0
54
0
494
0
7
291
0
0
1
21
7
3
3
0
4
240
0
91
159
5
0
0
2132
13
3365
8
28
0
370
161
3
0
211
48
1
39
0
0
173
0
35
0
0
289
7916
15
33
147
983
0
16
4130
4
0
928
200
0
586
13
3239
2
6
0
411
11
185
4
0
886
0
47
0
0
0
2927
1171
17
10
257
5
1080
1758
57
4
2128
0
0
12
4
83
2
0
1143
0
0
33
275
241
0
783
4
251
12
22
11
0
97
0
1310
353
277
0
0
19
0
1171
5
0
1341
151
1
0
45
5
131
0
787
126
181
265
0
0
1388
763
192
116
0
0
305
605
421
0
1
76
123
0
1
0
0
170
0
5
2
1454
391
0
0
0
2
2
505
201
0
207
8
0
44
361
0
23
645
0
2
51
72
50
7
54
0
454
33
45
0
329
0
0
0
36
279
0
1667
98
1
1
359
137
153
86
14
33
2
78
0
43
33
0
3
0
0
2
0
4
0
2533
492
59
0
0
0
0
850
139
25
36
37
1
879
0
0
0
0
441
295
326
1
0
142
264
202
0
82
148
3
10
0
0
0
0
51
919
142
0
10
142
12
81
9
0
0
10
115
3088
0
0
0
26
60
1
41
0
20
11
3
0
494
3573
849
0
378
0
11
0
10
0
11
0
620
15
754
225
350
0
279
0
1239
0
796
3
4
112
34
121
322
775
343
1407
0
754
0
15
0
41
338
26
904
54
141
16
43
0
0
18
18
38
60
59
0
210
108
0
371
49
27
759
69
522
224
1308
26
587
17
0
1
0
0
5
37
1775
0
19
535
0
297
1
1
51
413
187
0
0
0
0
34
0
20
123
1969
0
3
481
292
2
782
46
1
194
4525
168
95
292
6
0
897
0
968
131
38
167
84
0
1
0
0
11
0
0
0
89
0
0
0
15
0
31
0
1
8
153
0
1
1
17
2
80
0
0
538
3
3
0
557
38
1
0
226
737
0
152
0
579
67
28
84
701
491
16
47
0
0
1
138
331
20
5
1
0
6
1
0
0
3
0
91
243
27
0
3930
0
0
0
27
8
203
0
0
278
0
216
68
47
0
0
0
163
38
1
17
0
2
176
802
3
2
165
1
293
0
499
1
1893
1102
3
0
12
445
0
19
72
1
415
174
18
1069
82
0
0
0
0
70
90
644
0
9
1
3
161
0
1470
53
0
0
52
0
8
1
0
235
466
12
1518
232
1738
41
76
166
770
1213
2
0
8
4
43
114
0
585
9
0
0
0
8
3
10
2
3
3
7
8
0
0
259
107
0
2
0
53
14
87
9
262
4
2
0
192
19
1281
22
145
8
275
0
90
292
4
136
22
338
0
837
126
876
3
110
25
3
0
4
28
142
21
125
49
16
26
158
256
12
970
1353
282
0
0
511
4
0
85
0
92
2
52
0
0
0
0
66
14
8
0
907
425
40
5
289
10
1
269
217
0
1
0
66
2
21
9
0
4990
77
1
52
138
35
2
0
63
9
142
546
24
2
134
4
133
1
0
32
5
4
1
35
0
0
0
52
44
1
57
0
55
2
107
190
0
7
33
1
1560
50
2
0
136
1
0
10
42
1147
177
0
0
715
4
0
0
2
383
660
12
2
251
1
0
24
20
43
23
0
729
290
342
0
2
12
13
1
5
38
122
28
0
1
14
0
0
2731
0
1
13
16
872
36
4
1
0
6316
1534
199
109
0
11
0
0
53
0
5
200
212
655
1119
1
1420
4
473
0
0
3
2
118
0
2
0
0
0
59
0
81
0
481
0
3
1
72
0
177
11
50
0
1
0
705
206
0
0
0
0
0
22
21
5
150
1
161
1
470
254
7
2
0
0
0
3
92
1
257
1487
0
0
0
2177
11
0
4
16
170
2
7
1
15
86
0
9
230
3
0
40
0
71
1735
0
31
477
3
5
0
62
0
0
7
95
0
0
178
0
8
0
0
373
4
39
4
0
0
4
0
1319
0
0
5
0
980
2
219
6
0
97
121
0
0
522
1
24
13
1
251
0
0
84
1
0
26
44
0
11
0
2694
3
14
0
0
52
0
309
68
6
0
66
13
8
5
19
0
0
0
3
727
32
0
0
1
0
19
72
59
19
0
45
335
1047
0
0
0
215
53
0
941
1088
0
3
250
31
0
0
7
1353
10
23
152
43
1
74
0
3
1
1
3
3
40
12
14
0
163
378
563
40
0
220
0
2742
0
17
0
4
211
46
1454
45
0
1
31
556
5
1
227
1
14
8
13
49
233
6
133
1
6
107
541
0
0
945
9
1261
2
1
6
0
39
4
453
0
38
3
0
1
2
1979
690
0
105
269
42
113
1622
693
70
232
14
0
7
0
1
245
0
75
90
311
9
603
229
207
0
1
0
0
7
13
61
20
1
0
228
0
146
152
0
567
0
1
244
364
13
1165
462
12
29
13
124
0
742
0
0
0
567
0
0
99
0
0
1105
0
12
36
0
1435
2
2
0
1382
67
353
397
372
1
576
225
3
528
37
0
133
266
16
157
0
0
26
0
6
989
8
8
7
0
1
0
0
335
37
0
52
42
64
29
205
32
1
1
0
1115
306
49
6
5327
0
3
81
0
11
0
78
0
58
2
26
7
1
9
373
13
67
248
71
0
0
6
9
7
178
269
0
1244
0
8
0
26
10
0
1
31
1268
0
8
25
45
2
6
2
104
8
84
9
0
6
412
1
195
313
0
0
207
502
16
0
4148
51
13
3
65
2
535
0
0
0
0
2955
0
0
0
4
455
0
11
7
0
4
34
2
83
65
2
375
96
20
1
15
164
0
76
3
0
113
0
0
0
548
0
32
43
0
356
67
182
369
29
18
230
0
0
2528
1
28
2
0
0
541
13
1
115
1
96
89
9
380
0
38
68
100
194
0
565
6
0
253
2
0
0
710
72
3
231
35
4
0
2
838
2
239
2
0
11
0
13
0
0
69
1
38
289
0
70
0
0
95
80
2805
175
0
0
0
67
13
86
0
109
42
0
8
26
1
9
2
0
11
1
5
42
0
2
0
0
1350
1
20
40
10
0
0
0
210
260
3444
1
0
58
33
6
17
474
111
2
21
78
76
14
0
11
0
8
92
425
0
0
55
2
0
3
10
17
0
0
0
26
2
0
0
17
10
123
116
0
63
122
15
0
0
301
9
0
150
0
1
300
0
8
32
0
1680
2
91
14
9
14
0
0
3
4
0
2
8
0
2
6041
36
103
1
0
0
69
166
109
6678
0
0
32
0
0
214
122
0
1740
13
164
7
2
140
0
0
204
0
0
5
0
16
168
5
416
0
0
914
18
0
1660
0
0
228
226
17
0
1
755
0
548
1144
4
9
1
1961
147
94
0
289
35
0
0
6
1
44
7471
429
0
1652
0
86
32
0
0
65
0
136
295
43
0
244
127
222
34
40
959
215
11
0
293
447
2
82
0
0
0
141
39
166
22
85
0
31
0
9
18
0
0
0
0
145
0
801
1
163
0
23
0
70
4024
0
222
0
27
34
0
79
138
4
0
43
212
0
0
0
0
1
192
0
1
2
0
27
74
30
58
1242
0
0
0
2
0
0
191
0
0
0
32
0
291
0
1
0
19
0
61
117
0
2
1
203
228
1
0
3
0
20
5
2
51
21
3
53
12
890
53
0
22
0
0
427
0
0
20
0
4
2
88
0
31
0
2
0
80
93
103
5
16
0
1
14
0
180
1
50
52
96
914
6
2
0
0
4
0
3
0
2
1
66
99
0
0
0
244
0
61
0
161
217
2
8
33
7
0
9
21
0
1
4
2
0
3
20
3
59
1
1
745
121
103
29
45
0
535
89
1
180
34
245
67
61
0
2
12
18
0
5
3413
4
1
38
0
1
0
149
58
0
4
59
1
0
0
26
4
3
3
169
0
0
0
1
0
2
347
0
839
32
0
24
657
0
5
16
54
1
37
3
0
2
0
108
130
2
0
630
1
0
0
0
0
5
2
0
175
18
0
0
0
8
23
300
0
0
0
31
1
0
43
766
38
0
5
0
0
0
0
6
9
57
0
24
63
23
0
1
151
131
6
0
0
0
0
0
42
0
1
0
87
0
1
1
1577
0
60
25
3
71
0
1
0
3
196
278
0
0
0
0
21
69
0
30
10
12
340
24
153
0
4
27
592
1176
0
1
1
19
225
12
10
0
2689
0
0
0
1
76
0
22
0
1
231
1
217
19
2
4
7
1
361
4
10
721
12
0
0
33
0
20
92
171
3
0
17
0
652
15
0
0
2
0
10
0
0
2
43
350
1
0
46
6
2
81
0
6
215
0
0
0
275
5274
0
0
0
0
42
1
19
0
84
160
11
1271
0
5
0
10
389
112
17
67
34
3256
566
0
0
3
2
41
70
0
0
27
0
327
4
647
0
17
0
0
0
563
160
0
43
238
9
0
1364
55
50
0
51
7
28
0
0
26
11
0
0
913
24
0
0
19
0
19
121
38
0
1
0
279
320
39
0
1
49
8
38
0
9
1
32
112
0
3
0
0
8
0
0
0
861
1
33
0
28
20
0
0
0
4
141
79
0
0
0
43
3
152
170
0
355
212
3
0
5
0
4
0
27
23
0
0
3
587
5
0
378
0
0
128
0
2
53
88
8
0
514
18
200
0
68
4
8
61
192
0
2
0
0
0
25
0
11
0
8
34
103
11
0
0
0
5
18
340
128
16
0
0
303
130
2
62
236
252
162
1
19
50
118
0
21
127
30
1070
0
41
11
0
0
2
0
18
3
10
3
227
3
0
0
1
38
275
3
401
1
124
1033
138
0
9
3
3
3
170
0
0
0
127
0
33
0
67
0
75
8
0
0
527
55
181
3
0
7
609
1
96
0
8
51
87
0
59
0
991
0
19
9
0
0
24
1
74
597
1
1
0
346
6
10
128
2
0
2
13
0
0
8
102
1308
371
10
0
132
60
51
213
0
7
0
4
0
773
0
65
0
260
0
71
145
0
5
0
32
544
115
37
15
34
0
27
3876
0
88
6
0
30
15
38
49
0
0
1
1494
7
0
380
110
0
1307
4
3
36
0
79
53
484
22
1
329
1
1
0
11
905
8
49
4
78
6
1
0
0
0
0
38
23
2
16
160
5
0
77
1250
0
0
178
1
0
0
3
0
0
271
0
1100
2
1
0
0
38
19
4
3
345
17
909
323
31
186
2
159
0
803
4
0
524
64
0
0
1
244
0
8
34
257
0
3
2
21
0
245
0
0
3
1
0
109
0
0
0
159
76
5
125
28
0
19
0
0
54
1
146
106
299
2
4
17
970
0
11
4
0
351
41
1
0
1498
143
19
10
0
0
8
0
0
213
0
4
0
150
0
17
0
6
0
2
94
0
20
3
753
2
1
26
0
4
17142
6
76
0
0
2
0
33
179
47
0
302
2
365
1
1
169
0
0
84
17
105
0
1
38
1195
559
84
0
2386
0
197
120
1
22
0
7
2
245
67
25
189
0
2
0
111
0
0
132
2
0
0
31
38
30
1
844
10
264
1
474
131
10
186
319
45
0
0
29
3
6
1433
12
130
104
0
2
9
6
16
0
0
40
83
214
230
0
37
0
2
286
23
22
13
3
481
11
1016
0
35
3
23
2
33
87
116
0
218
50
1
17
5
0
3
1
80
166
85
1
19
0
36
17
0
0
5
351
0
5
30
0
0
725
3
758
1213
0
2
932
6
0
175
6
16
355
0
161
0
30
205
1
0
122
2
90
15
0
4
62
6
840
2
5
1
29
192
0
0
0
0
4
214
153
6
0
15
267
343
7
37
1015
228
2
0
0
249
74
1
0
105
72
203
2
12
0
21
0
1156
751
0
7
8
1
203
3
0
0
0
0
113
14
0
13
0
1
0
37
625
5
3
17
0
11
0
133
1
0
117
0
7
1
265
13
0
2
109
0
625
288
59
376
94
0
210
2
0
76
0
107
1
0
157
0
0
8
0
1
7
2033
0
0
0
19
3892
0
634
0
49
0
0
28
42
53
90
99
0
158
6
4
0
11
307
119
31
8
0
19
21
2
0
0
313
200
227
90
1244
661
0
36
0
0
0
290
50
0
129
1271
511
102
2
18
86
829
7
22
11
341
0
256
1
471
84
143
0
4
0
5
943
29
72
2
120
8
429
21
68
3
32
2
3
0
0
21
152
119
0
1
240
0
0
0
241
2
13
99
1732
103
1
539
2
2
21
0
157
0
0
0
6
118
2
4
0
23
87
15
28
1
1
0
135
0
62
2
6
0
21
37
0
14
0
96
0
3
4
4937
37
2
2
0
48
108
261
31
837
0
0
1707
2
4
736
0
0
1
8
888
162
0
10
1654
138
2
1
0
0
0
15
2684
5
0
50
10
0
737
0
3
0
1686
55
229
0
157
3
1109
0
31
9
0
0
0
12
3
2
0
1
392
30
0
1935
0
0
0
24
0
0
997
6
5
0
4
56
0
3
172
368
1
92
22
3
33
107
1409
62
0
0
2190
93
2
466
3080
1
586
633
13
2
0
0
2
35
138
0
0
0
1
0
9
0
0
1
30
21
27
10
0
88
0
801
21
0
39
1
67
36
5
0
635
3
0
19
0
9
10
0
40
535
350
0
9
227
144
85
51148
188
24
53
1510
1089
1
7
7
0
110
0
0
95
0
1102
2272
0
0
0
55
262
49
137
293
18
3
0
0
589
328
2
1
52
0
4
5
1094
29
132
19
0
0
318
5
27
689
106
0
38
0
2
22
370
5
10
155
822
0
0
974
313
0
0
2524
0
8
120
0
6
0
0
13
0
0
0
283
15
130
0
295
205
0
0
41
488
192
0
83
0
0
34
0
554
57
398
24
3
4
3
4
13
0
3
0
95
2190
464
994
0
72
2
0
231
7
24
0
3
43
421
158
0
10
273
12
411
0
8
85
0
4
0
4
1
642
99
33
7
0
1111
8
0
0
95
10
88
367
0
5
90
9
3
201
2
38
0
0
1
12
0
41
75
0
428
0
0
0
11
0
142
6
912
0
53
957
5
0
0
74
0
15
695
30
5
0
2
0
60
14
67
68
0
4
6556
180
0
4
0
0
1371
2
0
5
253
0
7
5
130
1
0
0
327
2
0
16
6
0
90
4
8
1
502
73
0
1163
70
5
233
0
16
3
0
343
1
0
2950
57
0
0
0
132
203
0
51
9
0
783
1
242
12
7
0
13
0
4
3
0
0
199
0
7
20
0
29
2
0
404
2
0
0
1
7
11
0
0
0
0
0
3
1
1
0
97
8
84
134
2
0
30
0
134
0
0
0
43
0
8
0
0
120
2
61
49
0
3
21
0
275
5
0
214
0
570
0
436
1125
0
9
16
0
0
66
1
110
16
0
0
188
5
768
1
0
41
17
474
51
987
272
0
58
0
333
245
0
0
243
13
18
5
441
1
1
163
11
674
86
421
3
3989
76
409
6
0
443
0
172
112
9
0
0
1
114
37
44
2
1
0
221
0
0
0
434
0
0
0
0
492
198
93
196
70
0
6
4
51
0
0
0
8
0
33
486
0
192
1
0
0
805
4
24
0
546
0
195
0
15
10
616
0
7
2
22
8
34
38
45
3
267
0
204
0
0
0
0
45
5
232
0
156
0
51
4
2
4
0
3
3
0
0
408
14
107
6
0
129
64
1
9
17
0
0
69
14
321
817
0
114
4
436
0
108
0
2
1298
77
15
100
7
466
15
0
327
1586
16
2233
5
290
17
0
22
0
18
13
2
0
9910
0
715
2
70
3
194
0
286
363
123
0
40
666
0
703
1
0
2
191
0
0
6
28
3
0
133
0
62
0
2065
2
0
20
0
16
117
0
0
558
32
58
0
41
8
1
2092
0
0
93
312
1
644
0
6
1
0
69
2640
1088
1
2
0
0
127
0
0
2
324
421
23
4
53
3
12
8
0
447
0
281
333
3
0
0
121
417
0
0
0
0
64
0
29
0
1
4
0
0
0
73
0
0
5
4
14
0
0
0
0
0
0
198
0
0
0
0
20
77
174
1871
85
18
378
0
0
1
8
0
4
0
2
4
0
104
3
0
2
0
2
0
0
2
7
4
164
4
19
0
3
21
4
4
2
1060
365
299
18
41
46
0
1
3
2
144
1
9
3
0
19
0
0
16
2
0
921
0
0
1
0
0
22
0
1105
74
18
592
0
0
166
0
976
0
0
1
0
0
35
38
0
183
390
653
602
0
0
0
0
0
6
85
0
178
225
6
76
2
29
1005
1
25
30
54
12
63
238
6
44
3174
1190
0
0
10
61
0
0
7
202
3086
1
0
3
1616
0
0
0
0
8
96
372
400
1316
328
2
0
47
0
783
0
0
79
604
0
2
2
202
902
2
656
250
0
761
4
2
26
471
294
147
74
0
501
56
156
1
142
661
1440
0
1
6
0
6
0
0
286
15
3
6
59
835
1
19
325
116
15
1
0
84
7
58
0
0
0
23
277
0
0
14
0
0
0
0
0
137
96
304
187
279
0
111
0
0
35
503
145
79
4
200
16
1
6
6
371
1
1431
11
0
163
0
0
54
0
11
0
0
0
1
96
2
1
4
27
0
0
512
1
1584
0
1
5
0
53
0
2
0
746
3
11
0
7
0
0
303
0
0
0
0
90
20
0
11
56
0
0
392
1
34
2
128
9
0
0
23
256
64
256
835
0
2
70
5
0
12
349
7
1
409
0
42
0
0
1
0
186
186
238
1049
2
1
19
29
162
12
73
6
12
56
0
36
0
84
3
633
0
0
168
1
0
36
1
105
195
0
321
2
3
231
0
754
36
14
476
5
1462
2102
0
0
18
0
0
0
0
595
0
269
3370
228
19
31
290
1
26
2
33
21
0
0
6
347
181
81
121
5
469
836
17
37
0
2629
3
0
1
302
0
90
85
857
3
22
0
239
541
0
1
1004
2
27
0
5
2128
3
0
552
20
636
215
0
210
0
17
208
1128
18
1
7
502
0
0
5
0
0
0
435
0
1280
5
0
435
0
0
28
8
89
30
142
835
0
0
29
44
0
0
0
52
0
92
91
0
0
133
0
2
44
0
615
770
0
236
14
52
0
13
0
23
0
59
0
0
0
0
101
1
569
3
11
0
647
1
2
1
0
75
11
1273
0
83
126
105
0
0
0
7
0
0
0
1
200
0
43
3
24
120
1
4
14
43
1
10
0
0
76
12
38
134
0
1223
112
275
0
0
317
39
27
189
0
735
63
0
0
68
18
0
225
54
104
11
0
0
5
654
275
77
2
1517
22
1
232
37
5
2
70
17
722
389
304
2270
671
0
88
48
0
624
75
2
0
0
95
140
2
5
284
149
1
225
0
1239
0
1
13
0
0
188
60
1315
0
105
0
40
1
102
0
0
13
1028
95
11
95
141
27
7
0
0
116
11
0
84
3
106
811
0
200
3
57
0
1137
1039
102
22
107
0
288
2
92
0
8
2
8
0
10
10
70
24
888
109
0
4
123
90
40
0
0
0
69
350
0
85
2
80
1
1834
74
38
1
6
0
0
67
48
0
65
129
116
6
0
0
3352
0
17
323
1
287
0
28
0
3
2
107
0
152
0
79
43
524
58
0
0
0
728
0
21
1553
0
32
0
2
2
1
10
0
23
45
11
0
0
19
25
51
0
0
69
0
0
126
43
853
800
14
0
1
32
6
4
742
374
14
74
337
1
0
40
62
0
0
36
549
13
627
0
78
831
130
0
6
207
257
584
10
16
2
186
84
2
23
318
314
10
0
16
0
17
0
0
8
3
5
16
434
384
104
6
539
7
140
0
416
217
0
14
0
58
209
117
204
0
0
47
377
286
2
0
553
21
0
0
0
0
872
1
0
18
3417
0
0
0
1
35
7
988
4
9
0
49
50
60
0
155
337
0
2
608
0
8
3
100
0
5
1
2
41
0
2
89
0
0
62
0
55
239
0
19
8
9
0
0
371
0
0
497
222
0
1
7
19
7
1
25
1324
0
375
92
64
486
0
572
42
0
10738
96
53
0
2
0
4
122
16
0
151
34
0
35
0
0
0
57
6
29
51
24
649
555
2757
309
15
1857
0
12
0
776
36
0
1
198
0
33
187
1
97
37
0
1
154
89
4
0
0
469
0
15
87
2838
4
0
3
0
0
6
47
61
0
14
279
172
0
0
1
0
64
7
60
0
0
473
271
1
0
630
93
3
0
23
0
2
109
0
0
94
0
23
0
123
74
352
13
0
0
2
2
51
0
0
223
0
265
0
0
1
1
0
1
0
14
0
164
2
111
297
11
0
670
12
0
0
18
0
8
0
6
396
37
0
1
15
0
2
2000
856
0
181
257
0
185
3
183
20
154
60
142
0
82
8
0
3
0
272
0
0
37
136
0
5
3
91
479
19
7
0
0
12
1
0
0
16
1
92
0
0
156
350
0
0
0
4
15
0
3061
62
0
563
94
36
0
2
65
96
7
0
0
220
38
0
0
17
18
0
0
0
185
3
1
77
0
2
31
1
1
0
0
100
66
40
0
0
0
0
403
0
0
785
250
1
12
2
109
43
0
0
189
0
118
7
0
11
0
1
333
12
0
0
0
1
1928
10
0
3
0
0
2
72
487
11
314
27
11
22
112
4
0
206
325
2
38
0
186
1641
20
1011
0
39
18
0
0
0
63
0
709
0
0
874
0
1
0
0
89
333
0
0
0
0
27
0
41
2
237
328
56
11
392
17
278
1
0
3320
0
3
0
1
0
54
90
936
0
0
216
1
29
0
34
0
0
0
14
0
0
0
0
25
3
108
0
289
50
300
0
112
30
0
27
1
0
359
0
2
269
1
4
0
0
5
2
0
9
0
1
122
0
21
0
78
22
65
0
36
4
0
9
0
3
1
199
940
0
0
0
6
5
0
14
20
0
69
117
0
60
0
25
171
0
735
0
56
0
91
0
1
0
151
14
0
0
0
1
11
0
0
1
9
6
0
0
65
0
40
0
97
0
1
0
1
0
16
240
0
754
306
0
0
0
1
3686
86
64
10
1
0
186
2226
14
0
0
0
0
38
14
6
12099
0
34
0
640
0
2679
74
655
361
0
63
33
28
214
5
6
62
22
54
846
124
0
4
8
0
1955
1
0
0
157
0
0
8
0
3
0
0
1
7
0
2
0
0
0
5
105
103
0
69
323
1812
112
29
0
190
5
0
17
3
0
2
0
1
0
91
0
26
0
37
0
43
0
0
62
118
0
0
5
0
2
3
0
15
91
145
849
0
379
272
8
0
123
2
0
0
3
0
356
48
33
0
0
0
0
49
0
3
8
455
2
99
0
136
185
0
100
68
45
113
4
2
2
0
0
0
6
0
27
0
0
4
140
25
0
0
5
0
5
902
0
2
182
82
0
64
0
31
506
4
25
255
1021
565
2
46
1
0
0
49
8
98
469
0
0
16
567
0
0
0
1
0
9
1
4
2579
6
9
8
306
2
4
2
15
282
0
8
986
167
364
205
3
87
2
0
0
10
79
96
1
2
60
6544
735
5
0
222
16
119
1
0
1366
0
30
0
2793
0
1
56
382
62
2
721
0
32
633
0
0
0
34
0
0
44
18
0
0
34
0
1
0
0
181
83
542
140
8
0
1
0
0
22
1920
5
0
0
114
28
0
19
403
1
0
17
0
0
0
4
19
0
806
0
0
0
0
12
3
0
549
0
0
0
3
0
7
0
0
0
0
94
128
5
272
4
96
3
77
59
19
144
0
121
578
0
0
2
31
1329
19
12
15
197
174
1691
2
0
0
0
0
23
168
0
0
11
0
338
8
593
2
87
0
44
42
0
0
183
16
5
9
1
28
6
94
208
0
326
12
1548
7
0
173
2
14
3
0
58
1
1
364
54
2
56
16
4
3129
5
0
3
480
0
1
8
52
0
73
56
0
0
783
0
150
1
21
22
13
28
147
218
257
0
307
0
513
284
406
0
5
23
54
282
1
0
0
1676
0
67
2
15
11
983
0
69
0
296
0
740
0
321
1
74
52
22
0
3316
0
27
7
4404
7
0
6
0
0
0
0
3
155
29
1
0
62
1
67
176
2
58
1181
113
2
62
203
32
0
1
0
42
3719
11
5
1381
4
3
16
0
0
0
32
483
0
5
12
0
0
30
41
0
47
0
2
16
97
681
39
0
518
663
0
242
33
2
65
860
137
0
0
78
16
897
26
0
262
2
751
219
0
31
27
0
6785
20
26
6
4
7
0
0
61
7
162
3
0
54
14
61
2
0
101
438
0
11
297
54
3
0
0
0
0
301
392
2
1715
3
6
2
0
0
146
13
3
196
0
279
66
860
386
0
0
6
15
70
232
9
135
2
213
0
1
18
15
237
0
0
82
0
1
76
1
7
0
2
0
2
154
0
0
0
0
7
61
41
0
6
10
12
225
0
293
0
230
22
21
767
4
0
413
0
0
0
16
0
2411
0
21
0
0
11
381
0
167
0
7
5
4
6
0
16
0
0
0
0
19
0
11
0
110
5
0
25
76
0
17
527
0
2641
146
2
2
0
706
0
85
286
0
2
0
32
0
0
3
0
0
13
0
0
0
0
0
1
87
0
6
5
0
1550
0
115
0
332
250
0
0
0
179
5249
300
0
2
35
28
43
0
57
19
0
1
36
2
33
3
323
66
225
0
24
13
0
0
0
550
0
10
7
0
3
0
5
4
14
88
34
52
7
16
132
4
40
0
195
6
122
3
0
3
136
0
0
536
4
5
2
54
350
84
0
2
2
2222
59
24
3
348
53
0
287
41
30
23
5
847
50
0
0
3
88
2
120
63
1
0
4
298
4
7
3
39
4
0
0
0
173
163
1026
0
63
0
37
11
0
0
2399
0
327
4741
228
2
0
179
1451
0
6
30
0
38
0
328
2265
12
597
0
1490
261
0
63
5
342
73
22
9
1
5
12
15
0
32
0
0
3
1
195
156
97
3
301
237
438
20
0
69
1
52
27
387
1
9
41
229
3
0
2
22
599
0
0
18
0
0
31
0
1
5
5
0
2
0
0
0
0
90
0
0
0
6
0
0
7
51
16
1076
0
61
0
0
1
6
76
0
6
1342
4
0
0
0
3
73
9
0
1294
0
12
407
0
144
51
0
18
11
1
14
0
67
30
0
0
378
209
8
680
292
494
0
5
1
2
0
43
0
0
0
15
0
0
1
0
382
334
1
2061
0
0
2
0
0
72
67
15
54
313
3
0
16
10
55
0
50
13
7
0
0
3
4
0
477
985
734
203
0
29
1624
334
19
2
0
249
37
3
146
264
0
124
18
3
54
2
600
12
1
1
0
0
297
341
53
44
0
3
1
3
54
60
0
0
0
3
215
1
0
3
1
0
0
0
7
6
0
0
40
4
5
0
0
2
3
0
0
72
4
0
0
171
6
10
49
0
1
326
78
6
63
69
1
0
1
0
10
6
3
0
631
1
3
7
5
0
90
0
2
0
4
3
2
4
17
9
0
426
0
8
33
0
7
143
0
0
0
0
4
2
15
119
0
0
20
6
42
5
0
1
0
190
13
2
170
9
1
392
0
1060
55
107
3
0
65
18
62
2
0
9
156
3
366
32
49
1
0
1
0
71
1
0
0
0
3
8
31
0
88
0
1
0
50
34
0
0
37
0
26
6
0
99
52
13
73
231
0
0
3
0
1
4
364
1
80
241
0
1
91
116
0
305
0
124
60
1
0
0
146
0
3
2
12
0
2156
0
157
1
0
0
0
6
0
0
83
0
44
3
60
3
31
0
2
1
22
417
64
0
0
5
3
82
3
45
1562
0
102
52
22
2
0
4
4
0
25
0
12
44
4
48
85
0
21
7
0
0
0
0
84
188
0
5
87
313
2
10
0
772
28
51
0
0
36
0
0
4034
24
427
18
15
0
0
22
57
16
36
1
0
1
0
0
230
16536
2
0
1
51
61
168
1
5
0
5
0
0
9
2
3
104
10
10
10
0
0
192
6
3
31
0
38
47
8
9
0
8
35
133
0
1
45
1
1033
0
76
823
4333
27
321
10
1
105
17
485
0
0
46
1
33
325
83
262
52
0
2
4687
30
0
81
7
5
4
0
0
2
92
0
126
67
0
0
3
7504
0
0
229
215
1
52
0
802
3
1
0
19
0
0
0
12
376
5
0
0
87
0
2830
1
11
1160
0
97
119
0
812
476
5
17
13
0
1
83
1
23
2
62
152
11
437
2
0
37
3
0
16
0
92
237
0
20
807
0
17
0
101
0
0
13
67
4
85
0
0
2
0
114
0
0
6
0
0
587
88
1
77
1
524
601
152
0
1
1
55
35
0
5
14
0
44
0
0
4
6
1
25
0
0
108
0
0
0
54
18
0
6
72
75
0
4
2
2
40
6
2
0
28
0
75
0
2
0
4
103
0
0
38
3
20
17
696
0
18
2
0
243
119
59
32
0
306
29
67
365
60
5
0
2
14
156
22
27
10
5
3120
1854
2
1
60
52
85
89
0
0
0
0
0
0
93
0
0
0
0
4
0
0
440
4
203
12
29
304
5
0
0
281
0
0
33
0
97
5
9
1
42
0
0
0
137
196
0
217
0
178
0
111
223
12
0
0
1
0
0
69
0
0
62
0
0
2
0
0
0
0
0
0
0
3
23
0
455
315
44
0
0
187
0
7
5
0
89
146
1
0
208
0
234
0
207
61
0
141
0
114
3
6
43
42
14
0
268
1122
0
1139
30
0
3
0
1404
244
6
37
0
29
0
0
0
6
2958
0
2
123
0
183
0
91
0
17
0
155
0
896
1
1
0
22
1
157
252
0
100
1
1
14
37
3
0
2084
0
2
19
105
68
12
889
271
399
1008
1375
32
0
21
12
46
19
0
2
0
90
4
56
0
0
0
5
141
0
2
0
0
0
0
31
2678
261
0
123
9
3
66
1212
48
127
1
12
72
37
0
4
4
635
2
0
11
0
10
0
110
0
0
92
9
70
505
12
0
192
792
0
1247
12
31
1
79
0
516
41
0
17
61
7
209
0
23
0
0
0
131
15
2
354
199
0
1366
3
100
0
180
192
0
381
101
2
0
847
0
96
1
122
0
0
23
24
3
277
251
40
883
18
577
8
1
648
266
0
0
0
10
138
2415
3
262
49
0
32
0
0
0
419
2
40
0
0
4
132
0
5
0
368
0
38
2
119
0
0
12
0
0
7
69
54
1
413
1032
0
56
627
0
198
0
0
6
0
14
37
19
64
2146
57
0
41
116
300
0
2
0
0
0
48
1407
27
0
18
262
191
0
70
0
33
23
20
70
0
28
6483
0
0
0
4
2
707
2
0
0
2
0
0
0
0
487
0
96
143
0
33
5
8
32
5799
9
22
0
0
135
0
0
262
0
0
404
1
5
0
9
0
0
411
99
0
2
0
90
56
0
0
25
9
592
0
0
0
0
0
4
2
107
0
2
0
2024
1964
0
22
10
0
122
4
353
37
239
10
0
72
445
0
747
232
0
98
0
0
6081
20
0
193
0
0
7
0
580
3
495
3066
0
0
0
0
4
4
34
10
122
13368
353
0
16
0
0
5
0
59
0
31
29
106
260
1225
1469
0
0
149
0
4
0
473
1389
4
22
0
0
27
0
24
0
5
0
161
31
0
159
14
8
1
15
192
0
0
0
28
0
0
18
240
0
88
52
0
11
117
0
3
2
0
1585
7
202
38
0
0
0
0
0
1530
151
708
95
0
7
2172
732
0
2
1228
0
0
0
13
0
3
0
124
81
66
221
0
391
3
0
17
30
679
105
29
26
0
3
0
1
54
0
286
47
2
14
0
0
1
0
0
2882
5
16
50
25
48
2
0
181
169
23
0
0
0
0
0
176
218
0
0
2
0
4
15
0
609
179
0
0
191
934
57
24
38
0
1
69
0
8
9
1
95
0
0
21
3
0
327
3
27
49
78
204
0
0
40
251
312
49
0
0
4
0
1030
615
2418
0
0
4
53
16
16
0
0
1205
1
0
0
0
2
0
0
0
0
17
2
2
1
119
0
36
8
0
56
0
361
1399
0
0
0
0
2
0
3
0
113
1231
48
1
3
0
225
0
61
1280
129
90
1
12
35
0
14
12
1
2
0
4
14
0
24
0
12
210
0
131
146
0
0
0
0
6
0
0
4
235
6
5
1
0
3
0
0
7
146
18
182
755
0
0
411
1833
0
3
19
0
593
1
17
14
261
0
104
1
10
0
462
25
0
0
1
0
5
99
253
1
101
93
566
0
2
49
192
75
0
25
2465
5
205
0
296
1488
162
1
18
24
0
1
937
456
8
0
287
0
100
0
0
12
0
0
0
837
24
175
669
19
43
355
0
58
123
234
0
0
88
0
32
0
0
4900
0
45
19
0
147
70
2
3
1
59
0
330
0
58
0
375
76
317
0
89
2
6
0
0
2
1
678
7
3
0
0
3
0
36
0
278
0
4
0
5
0
0
26
7
0
11
0
245
104
2
174
19
117
108
0
66
44
0
355
53
209
6
602
2
143
0
61
63
0
0
220
1
905
25
253
116
9
4
3
0
0
0
41
0
3
4
73
0
623
213
3
0
648
2
0
0
12
1
1
0
0
2
6
2
2
31
5
198
15
192
0
0
0
0
193
0
8
0
216
0
327
35
0
0
419
0
0
15
0
0
0
15
2
114
0
172
833
0
664
0
90
1
10
0
84
1265
129
137
168
104
198
11
151
0
81
0
480
0
428
61
0
158
0
374
249
2
121
0
156
0
1
974
43
11
0
100
2
0
46
71
0
0
0
0
0
127
0
199
0
219
273
0
0
660
453
0
0
482
0
19
1
58
0
5
254
41
12
3273
690
128
107
0
0
4
0
17
2
282
1
52
128
169
1039
0
40
219
71
1
34
30
0
0
213
136
0
80
170
0
3
0
0
14
34
0
0
20
194
60
2
707
2652
978
34
385
1649
1
89
2
59
620
15
45
118
66
1
181
0
0
28
159
1
0
5
136
225
3
6
0
350
7
2962
134
56
198
61
0
0
1943
383
77
8
0
3
82
81
0
185
2
2
99
283
4
244
65
0
0
2
35
553
91
157
0
0
625
0
0
2
0
0
16
2509
0
4
0
1
22
41
0
0
239
6
0
0
720
17
0
22
104
69
948
238
0
0
0
1
29
26
0
8
7
0
9
1
91
0
0
155
0
0
17
75
0
47
0
7
0
4
188
0
9
0
45
0
387
84
0
83
0
3
27
18
1077
19
110
0
163
95
0
2
2
48
30
14
0
529
151
0
127
8
0
0
115
0
31
974
0
0
2
0
1
1
40
9539
14
0
218
1
96
10
0
2
4
30
8
0
0
0
191
38
40
0
139
107
49
1
1080
0
10
0
51
18
2209
377
0
0
0
20
4
3173
0
0
11
2424
145
0
2
8
0
0
0
6
205
70
0
14
0
1
59
0
22
2
3
34
146
0
3
26
36
11
517
119
4
426
87
0
0
239
0
2
3
36
0
1014
0
1
0
0
6
3
0
920
0
0
619
8
0
0
59
0
0
0
0
0
14
0
27
18
0
133
2024
0
0
375
3
0
4971
90
535
183
14
1
11
2
0
366
1
254
167
0
74
6
1
75
1253
1588
1
0
21
1
0
25
6
100
2
0
0
2
944
556
85
278
24
0
288
74
0
0
2
3
0
1
389
0
122
5
40
0
680
0
0
16
3
8
0
4
0
52
1
0
58
0
14
0
0
1823
21
0
21
0
0
4
77
0
0
13
1
1
0
0
6
1
235
261
500
4
14
187
5
0
0
0
6
0
10
134
14
5
0
16
214
56
0
625
41
11
404
171
0
371
52
1
3
4
4
0
3
96
89
2
39
0
13
1
32
3
28
0
0
1
0
103
0
51
770
579
17
0
0
0
0
18
11
0
936
1369
12
0
2
6
32
6
0
0
1470
12
3
329
120
6
81
0
0
32
0
301
331
0
0
66
1
0
7
0
0
0
186
6
0
39
64
0
18
3
0
216
0
333
2
3
46
39
176
13
1
0
319
78
1457
21
679
1
671
0
391
24
0
109
0
35
21
2274
1307
0
3
89
40
0
1
1284
0
0
328
16
32
0
16
3
0
2
47
1
0
23
89
449
0
0
78
238
193
1
61
0
0
0
5
0
0
0
12
115
13
5
2
16
34
7
4
0
1
606
0
0
45
106
666
37
66
125
179
0
74
53
129
1
2
82
342
72
0
60
0
66
546
53
422
0
0
11
0
15
177
46
0
21127
81
4
5514
143
1
1
51
206
0
340
2
0
3
37
0
0
5
0
257
0
4
0
15
0
142
1
0
0
248
3
0
283
17
58
0
32
0
0
39
0
14
0
302
7
0
33
0
19
28
3
16
0
49
118
0
0
1
184
6
1001
103
53
398
142
37
0
13
0
0
66
0
0
4
16
142
0
1
554
0
2
190
1
907
6
203
2
45
729
19
2
0
0
95
1139
0
0
0
0
3
2
0
0
1
0
107
144
10
0
17
26
185
279
0
889
486
0
26
222
426
0
72
15
176
1686
0
11
0
2
0
0
133
12
57
0
0
13
72
2
1
9
0
17
1
1
121
0
0
2
0
1
34
1
0
66
5
420
179
3
0
559
56
0
20
2
68
0
0
0
3
0
0
3
47
0
23
2
1423
490
0
0
1352
0
32
221
1150
41
0
6
140
0
0
0
0
2
165
680
5
165
19
100
43
0
493
62
1
20
1
0
8
0
17
1654
1
17
2087
7
0
3
0
0
1919
172
0
0
3
1106
0
413
0
134
276
53
705
2
0
87
0
40
0
5
10
984
0
1
256
26
0
22
1
27
2
1
14
2
27
0
22
835
791
77
0
0
205
17
0
207
36
10
0
0
0
0
0
19
521
0
188
15
2
513
52
0
2
0
579
3
10
51
245
5
6
0
49
0
1035
0
0
2
277
7
0
4
0
251
2
477
0
0
98
0
0
1
0
0
1503
2
0
0
10
134
0
47
0
2
0
0
41
21
0
13
0
2
7
564
133
0
16
4
0
44
2
0
0
1
331
258
355
23
44
108
0
1
54
1
202
266
3
1
202
42
81
36
892
9
1124
0
494
173
7
1
0
4
2
58
43
161
166
0
150
0
4563
0
0
2
19
20
39
151
0
2
0
1
0
353
225
1
6
0
0
0
464
322
125
12
1180
0
0
0
173
8
0
6
52
341
0
16
29
4
0
0
0
0
693
457
258
34
2319
3
8
73
179
75
0
0
69
506
76
5
2
0
4
0
11
574
0
1054
0
8
22
1056
2
237
0
1
6
6
126
0
3
22
3
3389
0
4
139
5
0
43
48
10
4
0
46
0
9
11
3
0
6
0
2
0
0
8
17
1
1
171
0
264
36
0
1
428
0
0
6
426
8
0
4
340
291
12
157
378
122
0
0
105
98
0
12
494
0
3
6
539
5
12
0
0
0
15
5
3129
67
106
102
485
12
0
0
0
3
0
808
9
86
1
165
1
1
148
0
195
0
55
10
0
0
2
2
0
0
0
0
0
18
1
47
0
6
2
30
51
0
6
10
0
0
0
0
0
1
54
0
32
413
0
3
1
488
0
0
5
0
2
14
4
9
50
155
0
2270
293
75
10
0
169
0
279
0
0
3
559
47
84
3
2
8
2
51
0
0
10
803
1
0
4
41
17
613
0
0
522
233
55
0
12
13
82
0
0
0
1367
142
0
0
22
1
3
2
0
0
545
5
206
4930
416
588
22
0
4
34
37
122
0
0
0
2923
231
776
241
6
1
174
214
188
32
36
1
0
6
159
439
0
0
132
419
0
303
1074
4
0
0
96
0
4
416
155
268
173
69
0
0
60
914
49
0
22
265
5
0
25
1
170
256
0
0
23
71
0
4
38
0
241
0
5
304
139
16
2
353
0
0
15
79
23
0
0
678
0
230
2
37
657
0
0
67
0
0
416
0
0
1
6
151
0
483
7
79
0
0
0
0
1102
11
63
218
603
45
124
11
107
5
2
23
28
53
21
86
21
469
15
61
280
1258
162
0
285
1
140
87
369
169
3
0
0
363
44
86
0
8
1134
206
352
0
63
33
1
0
1
2
17
1186
0
50
162
92
614
0
47
0
1
2
26
141
4
97
0
1053
3
0
0
0
61
107
0
0
0
130
0
4
4
1247
99
47
53
3
2
0
3
75
4
327
173
0
0
0
21
1
7
0
288
1
2
130
3
0
26
0
11
0
51
175
0
58
118
0
323
0
13
39
279
1
457
1
32
0
0
51
11
2
51
78
375
201
0
0
3
3
0
25
0
749
0
111
5
2
888
42
106
2
0
125
0
37
156
170
36
23
119
1188
0
442
3
1
132
1187
24
6
0
1
6
0
33
344
0
0
6
15
2
0
34
16
8
69
0
18
1
0
16
0
0
2
180
6
5
442
0
1
37
568
0
0
0
26
432
0
259
11
15
0
16
0
1398
0
0
0
0
283
0
769
0
10
24
0
4545
0
0
93
96
0
0
0
0
332
194
93
115
12
2
2
48
21
1
7
0
0
0
1
63
0
1
0
41
0
8
0
16
27
0
0
167
12
22
8
0
4632
142
103
6
210
123
7
393
20
1190
0
0
1143
1843
334
356
54
0
0
0
27
0
1243
0
0
0
101
0
0
11
35
0
0
0
40
0
2
0
0
97
0
2
822
0
2
0
0
0
3
406
18
0
149
23
18
0
0
0
0
204
5
535
0
0
0
0
2
2
0
507
46
0
0
245
29
879
0
25
1507
192
0
0
218
6
47
0
9
24
0
0
362
178
0
23
42
1815
43
0
414
0
2
34
16
3
8
1
2
0
0
0
4
297
53
2
1
1
200
107
1068
0
4
0
33
0
0
0
2
0
51
0
0
4
14
157
7
7
0
0
509
25
4
10
1251
0
0
261
0
180
5
0
80
43
0
0
0
0
7
286
1
0
0
14
6
5
0
18
553
600
0
11
0
4
0
0
188
0
0
0
65
1
0
0
12
0
23
0
0
15
14
0
0
0
24
0
0
0
32
2
54
7
4
0
0
0
11
1
0
219
0
0
0
206
0
0
386
4
6
25
0
4
26
0
60
50
14
0
711
28
64
3
0
214
3
61
78
0
3
52
650
3
7
9
11
403
0
63
49
0
9
1
8
3
106
328
673
0
0
0
2
0
0
0
22
18
0
28
0
11
1
0
0
0
0
0
5
1646
0
471
147
0
0
1
6
8
0
276
0
0
0
0
11
1
346
953
8
72
17
25
147
2
1
0
105
0
0
51
2
2
0
0
0
24
0
0
0
36
0
115
15
0
1
42
70
0
52
5
0
0
0
0
3
0
0
0
0
83
0
216
4
37
62
0
3
0
0
0
13
0
0
0
10
12
0
802
131
0
0
0
119
161
0
32
116
15
120
689
16
0
0
83
0
69
2
27
3
0
0
0
69
169
82
89
13
0
11
0
2
553
0
150
0
0
5
202
64
1
3806
569
6846
179
36
16
251
696
2222
1
1
0
9
13
0
4
4
0
0
82
93
266
0
72
29
26
260
284
4
0
706
0
70
0
171
3
1401
10
0
92
2
0
1095
702
8
85
48
2159
12
207
0
0
1
20
53
95
48
0
166
885
7
69
3719
0
170
0
7
2
0
6
0
0
12
3
0
188
2
0
74
22
17
0
0
0
87
106
1
1
0
2
0
14
0
24
699
77
7
0
1
57
747
0
202
10
376
43
0
49
3
4
6
0
0
1094
0
0
123
4
101
179
0
0
0
8
11
20
74
3
0
289
20
118
3
139
37
2
154
0
2
0
1
0
0
136
6
286
1
57
0
0
74
0
2
0
53
0
178
0
4
0
0
0
0
0
28
0
632
8
130
0
0
26
0
0
7
45
3
6
0
3
0
0
0
6
349
1
0
126
6
56
0
13494
4
0
124
0
112
3
26
0
3
4
70
79
0
0
103
1
6
0
0
0
0
42
232
0
6
0
15
26
4
3
418
3
2
449
0
0
256
33
34
8
2
30
28
0
1
108
0
18
0
0
0
227
12
322
0
0
116
30
7
0
2
36
3
0
0
0
5
0
0
0
4
106
0
7
0
5
338
259
8
0
0
32
0
19
0
14
1
3
68
0
0
50
3
215
477
221
0
473
0
645
41
0
477
182
224
0
0
0
1290
5982
4
117
9
0
50
3
302
0
0
69
5
0
0
0
11
2
0
0
0
0
68
0
241
1
0
59
0
305
9
0
5
3
0
49
2806
185
532
0
365
302
0
0
22
0
0
32
445
1
9
1959
442
293
1675
2
348
102
0
38
0
0
6
2
0
3
81
0
2
3
16
36
6
790
0
12
52
43
12
4
16
26
1
2
0
0
13
427
0
46
204
19
40
0
100
28
1839
0
0
0
9
90
0
4
81
26
20
0
0
99
128
0
0
175
591
1
2177
1901
0
126
243
0
285
0
1898
0
0
8
0
664
464
0
0
0
3243
429
0
0
205
144
25
13
0
0
6
2
195
375
1
0
0
89
0
37
0
0
130
0
217
6
0
57
287
0
1
0
2
2
36
16
1
67
260
0
67
2
349
0
7948
273
12
253
18
0
17
60
173
111
17
0
114
2431
143
179
3277
0
0
17
0
657
1
7
589
11
0
0
366
217
2
0
0
1
4
168
4
102
1175
31
33
0
78
533
4
372
78
2
33
68
349
0
1635
4693
0
0
461
768
226
0
0
2
14
0
371
1
0
91
157
0
3
0
0
0
10
55
0
5
3913
2073
0
1079
841
0
1176
99
13
129
1
62
154
11
1466
0
879
81
81
0
1053
0
0
425
9
585
34
0
360
104
4
68
18
1902
42
480
15
107
1
45
219
140
1367
33
219
1
51
0
104
0
0
0
3
0
0
50
0
8
1
47
0
0
72
9
0
4
0
0
3
114
242
10
3
0
314
0
0
1035
6
0
0
10
1198
1
0
3
11
254
0
0
0
106
0
9
17
1105
22
142
0
0
3
0
0
0
138
0
3
0
22
0
23
100
152
0
19
8
48
15
141
9
4
2
1
6
12
5
0
81
109
0
25
114
0
3
51
0
255
2
45
43
255
3
3
2
126
0
0
5343
2
0
3
45
71
0
728
1803
185
203
69
5
295
5
7
241
129
1138
1
219
0
2
399
8
0
16
79
275
2
82
0
1
1
2
0
11
4289
1
67
67
0
1
4
1
1
0
0
96
1055
103
19
3
15
0
13
3
20
2
0
8829
147
95
141
0
106
0
54
317
0
13
2
0
0
0
0
53
71
43
115
450
126
67
16
0
7
324
963
0
1
0
6
2114
338
13
9
0
0
2
44
233
3892
168
0
461
0
6
6
609
71
0
0
0
165
347
0
19
1
2
11
22
44
0
288
274
28
3
1
4
455
5
0
23
48
1
0
29
679
756
4
3595
46
196
0
465
0
39
0
1407
14
238
0
14
3
9
0
2
0
1176
80
3
0
60
0
20
1377
41
3
0
0
0
1412
0
900
0
27
142
0
379
5
207
4350
5
597
40
151
0
21
254
0
0
0
835
591
0
2
0
741
0
0
0
28
20
0
9
1
0
24
3
1
9
14
0
0
931
0
382
7
0
6
0
52
0
0
26
0
0
2
0
51
0
4
27
167
129
0
441
27
0
0
142
2
38
0
0
0
439
0
10
0
0
75
0
0
218
111
2
16
0
25
279
0
179
2
6
0
1
514
0
0
0
730
26
0
60
18
54
0
61
800
1
0
0
227
146
9
31
1
23
0
50
0
8
0
0
36
103
57
4
0
0
0
0
34
0
0
13
10
2
505
0
27
0
18
12
1
3
0
5
0
159
1
41
0
0
36
28
30
83
0
7
0
0
206
6
14
7
0
1
0
0
41
11
0
4684
49
3
0
272
739
45
0
15
114
62
66
0
53
75
5
0
90
0
0
20
13
0
4
0
400
0
55
0
3
3
6
205
44
60
241
48
0
0
73
397
1
0
3
3
0
0
1094
105
0
667
8
187
0
0
19
11
1
1
0
0
18
0
2
0
0
0
777
46
14
0
0
95
0
1
19
0
322
0
26
37
7
1
5
231
18
162
0
308
13
183
0
0
12
113
102
1464
15
0
0
0
0
89
0
0
0
6
16
0
168
0
11
3
22
22
0
7
10
0
0
4
0
27
2
0
10
0
47
0
70
0
323
36
51
154
0
0
60
0
110
1
1
1
154
19
201
208
4
39
463
40
0
14
45
559
4
0
17
0
1109
0
3
0
35
54
18
42
4
0
12
0
0
4
64
34
96
0
3
655
3
1
31
10
0
0
248
0
0
0
0
0
116
149
21
0
0
2
2
52
0
581
0
25
87
19
310
108
58
1
0
333
13
218
408
0
0
115
0
26
0
602
623
363
8
0
0
57
6
5
72
16
3
0
1
0
1
6
15
0
203
0
28
147
0
13
0
10
0
93
4
0
2
97
28
0
0
47
2
2
0
1
0
1
0
0
0
3
2417
29
409
2
3
8
22
0
104
0
1
18
889
0
22
0
338
62
65
3
0
73
3
10
15
2852
0
1
24
9
0
75
337
0
0
0
2
386
8
71
194
7
0
33
64
1
0
5
0
7
964
287
0
0
4
164
0
4
1
4
0
19
19
3
46
4
64
0
4
900
56
0
8
4
3
57
6
2
23
41
340
39
367
0
9
1
3
121
0
17
3
1
0
0
0
0
0
14084
449
1
3
0
490
3483
1
13
0
4
638
70
0
983
76
0
0
1134
9
0
26
0
0
0
399
0
4
0
0
4
0
0
1
3
2
912
0
2
5535
1
0
0
0
0
0
20
0
0
36
0
17
351
0
0
17
183
100
0
235
2
18
3
0
46
0
146
1
0
0
842
4
143
2
0
22
189
27
44
12
269
0
0
44
58
10
1
0
0
3
0
0
97
333
0
0
3
3
0
12
1
2
1449
0
0
0
1292
236
143
2
153
0
315
0
3
178
417
1
23
0
20
24
364
0
0
79
0
5
0
0
69
5
0
1
165
18
75
0
0
85
0
55
1
8
254
0
82
342
18
67
0
10
279
23
25
115
2
0
0
119
119
0
144
0
180
221
1
0
85
154
100
1
0
0
98
498
677
35
1878
0
69
0
1313
7
990
458
0
6
0
261
0
0
166
6
53
57
2
63
0
0
0
45
2
0
363
212
227
2
0
1680
41
47
0
127
162
344
828
3
0
0
3241
0
521
2
0
227
2
6
0
0
1
0
5
0
0
6
7912
54
38
1
0
107
3
258
2651
181
0
445
110
677
2
0
2
2
99
2
0
0
263
0
232
175
507
0
123
3
159
2
950
0
2
2
197
606
258
19
938
0
0
0
734
86
0
807
0
153
1
0
20
99
0
12
0
0
0
0
189
13
7
417
0
102
5
1
0
114
0
0
1
5
0
4
1
20
36
1
159
117
12
173
3
1
0
1952
559
21
795
1
1
120
4
79
530
0
103
525
16
305
68
11
2
90
0
0
614
0
0
927
5
0
274
258
28
0
0
6
708
2
104
14
407
442
72
0
1
0
31
9
854
12
90
0
168
41
18
0
2576
313
0
575
7
0
4
0
53
38
15
292
244
606
0
778
0
3
0
0
0
81
184
24
710
8
141
735
421
10
90
14
1
1
1
64
0
0
2
2
15
0
495
0
360
539
0
0
4
47
0
113
6
0
13
0
0
0
0
173
66
1188
0
18
0
1
1716
3
3
2337
1
112
522
0
36
0
0
4
6
35
508
532
42
198
158
459
0
97
64
3
0
2
105
0
0
263
0
225
67
8031
0
7
123
466
11
0
205
0
0
25
0
113
840
240
46
78
19
48
6
0
27
42
45
93
180
16
69
22
0
0
9
2
346
99
116
0
4
0
0
0
0
7
1
211
9
76
0
0
0
1
0
96
2
0
27
9
0
824
93
1
0
4
2
313
3
0
530
277
12
118
5
2
598
83
0
0
99
0
0
2
1
5
2
258
801
92
22
0
681
4
0
12
129
0
1284
14
188
0
5
0
17
0
61
4
32
369
26
0
26
2
0
1103
615
72
2
30
0
1
37
81
4669
0
0
0
3
11
16
73
0
0
81
0
425
1767
981
0
26
1167
725
356
211
0
1
1
60
30
6
0
41
21
11
0
37
0
6
0
0
56
0
3
95
1
52
15
593
277
236
31
297
0
4933
64
6286
63
73
5
2
178
0
292
249
935
98
6
0
3
82
2
0
596
26
133
25
293
303
0
480
0
442
1231
260
108
168
0
9
1
374
451
1
3
2
304
1
336
6
2
14
1
12
0
2
52
275
1
0
31
5
59
297
103
0
0
6
0
42
0
0
691
1279
162
326
2
14
132
568
102
303
185
0
46
48
20
0
93
31
11
1
188
9
0
2
0
0
0
0
332
0
1310
1286
180
0
760
120
4
3
405
2
1
0
0
0
0
0
5
52
0
1
256
33
0
415
9
2
707
506
580
8
0
0
342
390
495
133
1
499
203
12
151
55
33
0
50
1372
12
515
1
0
0
163
161
112
297
21
286
2
0
0
0
7
0
0
5
67
0
13
12
0
0
0
319
8
2
5
9
93
4
22
40
9
0
0
4
219
0
102
90
27
1
5
2
3
131
0
17
14
1
127
12
2
0
15
1075
1029
830
88
2
6
2
709
0
0
13
394
22
0
7
15
3
0
2
48
71
231
80
8
0
27
6
28
0
116
121
13
0
4
1
125
8
0
0
15
58
0
719
7
0
95
7
3
0
94
0
60
433
102
2006
0
0
0
34
33
527
0
852
0
1075
63
32
63
0
973
5
176
20
93
549
1
625
601
2
2
0
0
0
13
0
328
132
3
62
27
0
25
3
52
0
0
0
59
201
257
412
102
510
1132
422
1
1
54
6
67
125
0
2
1
5
11
42
3
5
1915
0
37
139
93
6
0
0
0
36
13
115
0
0
333
0
13
0
344
124
547
0
97
0
0
3
2
58
0
66
0
5
0
2
61
75
0
7
0
15
2446
0
253
2
0
15
0
3
0
0
0
203
204
4
7
620
6
205
304
52
2
65
1
3678
327
25
241
0
12
0
3
0
3
0
622
12
141
75
22
0
24
0
41
0
9
31
12
3
0
0
0
0
101
0
188
0
0
0
0
717
3
0
4
43
0
0
0
0
2
0
0
1266
160
511
6613
2167
2
9
0
271
5
3
0
256
350
4
579
0
0
0
0
639
38
25
0
488
101
27
818
22
4
327
529
54
46
0
1
2
0
0
0
2
0
0
36
2
0
0
0
0
4
0
25
207
35
166
72
0
9
0
0
2
0
286
418
0
0
1
0
0
0
180
197
0
1
0
2
7
0
2
2
9
0
0
0
0
0
3
5
102
62
0
0
0
1
0
1661
350
0
661
30
0
2
80
131
473
3318
15
38
0
3
0
0
111
0
23
3
5
0
2
0
0
193
10
0
0
0
0
0
0
0
20
208
0
177
101
0
0
2
2
36
38
0
0
1004
0
0
0
51
111
668
17
89
12
116
0
0
6
0
0
141
20
0
5
121
0
0
10
0
0
0
89
0
37
14
0
0
2
5
4
2
0
1127
51
746
0
0
0
0
0
0
0
0
0
0
0
3
39
2
0
0
0
2
0
0
0
0
0
49
9
483
0
0
1
0
3969
117
172
69
739
184
519
265
82
6601
21305
367
0
17
13
2
0
0
407
213
61
0
0
0
91
0
0
0
108
0
0
53
15
109
101
3
3
0
0
24
13
0
0
7
6560
14
79
2
0
0
0
21
57
0
2
30
0
0
0
0
374
297
3
0
1
0
170
33
10
17
12
1
0
0
8
0
0
0
0
5
109
16
0
2
560
707
172
324
3815
0
0
24
1
0
0
0
6
3
3
2
299
39
0
1
0
3
14
0
0
0
0
0
34
16
0
0
1
270
72
229
42
56
568
10
604
855
17
0
2
0
0
0
0
3
0
20
0
114
0
0
1
0
3
0
0
0
0
0
0
0
363
38
1341
2
3820
5833
314
3
0
22
32
0
88
2
2
0
600
169
0
0
163
801
581
224
0
8
6
371
1
0
6
0
0
0
0
3
0
0
6
0
0
2
1
0
0
0
0
0
23
2
0
23
116
0
0
1
255
4
0
491
7
7586
1084
70
28
1
287
1
0
47
1
2
1
0
0
7
0
0
11
0
0
354
322
0
1319
2
51
0
4
0
4
0
0
6
0
0
1467
1072
3
1
39
4
0
0
0
0
33
78
0
0
0
0
5
128
1
0
22
0
0
0
0
0
0
0
0
0
0
41
0
1
3
0
0
3
2
0
0
1
0
0
0
2
0
0
0
0
0
0
0
6
1
0
4
0
1
1
