24_BitB_10_2
0
0
17
901
42
165
27
0
0
0
0
175
20
331
0
0
348
2
1
60
953
34
0
8
0
393
0
6
1
1
23
0
0
93
2525
54
0
0
13
0
4
0
4
1
0
2312
0
157
0
263
0
87
0
359
0
14
618
40
1
1327
5
5
0
1
6
7
2
477
16
11
925
527
57
0
31
0
939
5
6
0
0
0
8
15
1520
0
14
132
19
16
524
0
277
0
0
712
7
0
89
0
8
0
5
483
126
0
2
0
0
723
0
0
22
0
2
1
1
129
163
664
2
18
0
154
31
731
713
0
1299
26
0
0
11
112
0
0
3
96
26
0
0
10
10
0
437
125
81
26
41
33
36
0
22
0
2
819
0
3
3
701
6
0
0
0
88
91
16
127
0
0
0
1
136
0
0
92
61
0
0
45
521
443
0
141
45
137
148
1
46
0
6
226
35
10
0
81
0
2
1
26
33
1
0
16
13
0
0
77
5
1
0
0
13
0
0
3
54
8
3
13
177
0
14
263
0
2
2
92
4
45
0
0
40
334
113
0
372
7
0
0
5
0
3
410
0
40
95
890
1
1
43
113
6
0
431
35
0
0
0
33
141
1679
20
2765
54
0
0
0
180
16
6
664
0
0
45
0
0
0
544
107
519
94
0
917
0
693
0
1
0
109
0
0
0
0
0
0
65
0
122
0
0
8
1
22
221
0
260
19
2943
0
0
0
0
0
1
85
0
94
146
0
39
0
284
68
0
127
22
8
0
23
223
154
185
0
4
269
16
16
0
0
678
192
43
867
0
25
66
30
154
0
855
0
32
30
48
48
636
266
50
1
2
4
0
928
1
3
0
143
316
4052
128
642
29
6
0
0
8
7
0
301
0
28
0
0
1827
0
92
11
34
0
151
2
2
113
552
30
74
0
315
80
3
0
1
0
2
140
4
0
4
0
0
77
9
2080
8
152
0
42
0
0
1211
187
5
0
32
0
12
671
125
0
110
9
12
7
21
0
214
0
0
0
3
0
199
850
0
1
795
193
101
0
1
0
10
3
0
0
0
4
2
0
9
5
0
0
0
16
38
0
455
0
24
0
676
0
0
0
6
0
213
38
397
44
145
1031
577
20
3
0
16
0
69
35
32
94
0
61
0
1
0
3
21
1
734
12
28
315
16
1
27
0
1
0
3
461
2
312
33
0
24
0
568
263
0
453
0
51
5
6
13
36
58
81
576
0
5
108
358
158
110
0
1
0
17
0
227
132
0
0
73
0
0
3
14
0
0
0
6
1
0
0
0
1111
0
225
0
122
0
0
0
130
480
47
3
198
3
156
111
25
0
58
0
104
4
1586
2
14
8
15
0
1897
0
9
0
208
0
314
122
17
1
0
54
0
0
0
0
164
2
0
0
0
975
0
84
195
0
0
156
26
20
8
0
12
0
5
0
8
51
0
0
0
2
0
0
31
0
16
64
163
59
35
1012
3
0
7
0
8
2
2
0
139
613
31
6
98
5
67
3
0
249
26
1
78
0
3
194
0
407
62
2
0
1
0
152
0
1
11
196
0
0
0
5
273
2
316
13
15
0
0
0
0
79
143
21
456
1
46
82
3463
1
3
0
1
8
1
42
0
0
1
61
97
1
16
2
35
0
0
48
27
118
0
117
1323
6
31
13
430
307
0
0
120
403
17
58
0
720
0
0
1
0
113
136
7
17
31
46
1
45
0
43
42
42
0
120
0
153
0
0
0
0
0
0
446
406
0
0
130
4975
5
301
42
229
131
88
41
0
0
164
1
3
25
8
3
110
0
0
861
20
81
12
67
130
152
7
118
42
0
0
5
473
0
155
0
0
98
9
3
0
0
6
3
0
0
6
0
31
14
0
7
0
186
76
114
19
8
0
411
12
0
0
0
3
2
183
34
0
0
0
0
0
0
14
51
3
3
0
10
0
100
107
0
9
2
1
0
3
265
0
207
528
202
2
362
98
79
98
1
16
260
0
101
68
10
576
0
202
84
137
0
0
210
0
5
8
20
162
508
7
0
0
0
0
0
360
215
3
0
0
1
1180
2
0
785
5
135
0
23
0
0
327
15
199
167
49
4
0
10
0
0
149
1385
796
0
0
4
0
243
54
0
14
19
0
7
76
89
19
0
297
2
0
240
2
0
0
0
280
2
85
165
25
64
50
11
11
0
0
24
30
253
352
9
0
115
2
0
755
181
0
22
0
297
0
0
22
230
0
29
0
0
2
0
0
0
0
123
55
49
2
0
58
37
7
0
0
390
10
19
35
4
15
0
0
28
33
0
2015
47
96
542
0
101
0
0
32
0
937
28
4
2
1038
262
109
27
986
0
61
0
0
2411
0
0
0
0
203
0
0
0
0
76
379
483
869
36
0
0
0
25
26
25
0
0
0
82
1032
294
57
5
1
0
9
128
2
0
0
0
1
0
878
371
1850
669
0
0
0
4
0
72
0
0
1
95
4
44
0
4
1105
459
0
328
935
14
36
28
21
0
0
80
5
0
17
0
5
0
2
0
23
20
4
0
0
0
0
882
342
0
0
3
0
79
0
0
0
0
45
35
0
116
2
1
95
3
30
621
0
303
77
0
1
6
11
1
0
0
0
173
573
43
85
77
119
166
44
115
124
1
14
141
13
96
0
0
0
0
6
844
8
111
0
0
48
75
0
1
312
98
54
158
0
113
239
0
8
1
4
0
5
0
0
1427
215
83
0
0
326
0
0
0
97
11
1218
1546
0
6
2007
15
155
96
45
63
470
219
0
0
16
0
384
14
365
0
400
0
248
0
225
603
34
0
403
3
0
69
0
237
381
0
0
2
436
0
467
0
0
1
22
0
185
0
0
2
0
0
0
1
16
0
17
24
55
0
341
133
0
210
594
0
0
1738
0
2
0
86
39
55
0
89
0
5
0
80
8
0
6
225
0
3127
0
0
0
17
2
190
19
165
49
0
50
0
39
0
1
95
91
12
0
0
149
0
152
756
33
0
0
1
4
472
4
0
38
10
14
19
0
7
0
0
1
445
0
546
1
0
6
18
0
40
0
66
0
32
126
0
32
3
243
0
0
0
41
0
1
0
66
6
0
1
44
8
3
61
5
164
0
1
6
18
0
1532
0
4
2524
9
190
0
123
15
27
0
0
0
164
53
0
1
3
31
12
2
0
3
0
0
18
0
22
0
0
0
11
64
6
0
0
2
93
1092
124
0
0
0
39
0
0
260
283
4
47
3541
0
63
188
25
70
24
665
0
2
54
1693
35
11
40
49
273
0
0
116
47
10
213
9
368
2
241
156
49
0
21
0
13
0
2
0
0
246
0
6
2
1024
2
39
573
39
32
0
5
0
0
15
0
170
0
0
184
28
0
0
0
0
16
0
107
0
6
66
0
7
0
0
4
0
0
21
0
0
5
0
0
0
0
0
0
8
293
4
80
1
48
63
40
0
0
79
0
1418
15
0
0
0
1
13
5
957
45
224
0
716
15
395
483
0
0
0
1116
0
95
50
6430
3869
0
0
0
24
0
16
0
0
32
0
0
1176
424
364
10
4
148
0
7
0
27
288
53
961
0
1313
0
100
3
32
123
0
2
0
4
0
0
0
0
534
153
0
1817
47
0
1
5
96
265
229
35
610
1976
0
313
0
137
284
119
237
323
0
19
0
235
61
0
0
64
21
33
0
0
6
89
487
0
0
0
12
376
0
743
0
0
3
4
0
108
4502
0
236
0
0
0
274
0
156
0
24
0
0
1017
19
4
11
4
3
2
0
323
0
1
0
8
0
0
21
88
15
4
0
9
21
0
0
0
52
2
5
6
1
22
45
69
0
0
0
0
16
0
0
0
5
61
65
5
193
3407
24
357
192
1494
0
27
0
131
4
0
858
3
118
30
0
1
7
0
296
31
0
29
86
0
53
1
0
0
1
35
0
0
2447
379
0
0
305
368
158
3
0
9
0
21
0
418
0
91
0
0
6
0
45
0
0
0
0
22
0
0
0
0
28
384
34
3
0
43
20
14
7
0
17
55
8
130
0
24
3924
405
0
190
0
0
0
1515
87
0
2
0
0
17
439
2
2
0
10
0
0
0
0
0
5
123
1
0
103
62
570
414
20
248
0
0
13
1
2
0
0
0
0
148
26
0
289
19
305
17
0
0
70
26
22
72
0
0
28
167
0
0
67
1
2
0
254
0
0
17
0
26
49
0
24
0
0
61
154
0
0
0
0
35
743
11
2
2
146
0
210
38
268
0
32
985
421
0
0
2592
495
202
2257
70
0
5
0
0
0
0
37
0
7
3
0
114
959
15
0
2
0
0
0
17
27
213
0
0
9
5
1
0
99
850
118
216
273
7
2
0
0
244
5
0
0
22
19
1
53
11
0
0
1
34
22
226
16
0
0
2
0
0
0
0
41
1
2
0
9
0
45
1
0
41
64
0
0
1
240
0
149
1
0
15
5
0
0
0
0
670
0
0
18
49
4
91
118
9
0
9
0
0
0
0
136
0
553
316
488
20
0
60
38
0
4
8
181
64
0
15
0
1061
0
29
0
7
0
13
0
25
1
0
1
273
6
190
85
32
134
30
0
0
3
0
2
25
249
91
0
30
0
31
6
0
0
95
0
22
1
0
39
19
14
59
16
562
4
0
135
0
554
0
0
0
25
12
33
79
216
2
245
31
0
0
3
0
0
3
172
232
6
1
67
2
1
2
1
9
0
7
124
6
2
1121
243
1
267
0
30
2
0
0
144
0
85
0
0
2
12
9
0
2
1
578
0
82
221
4
2
1320
11
0
0
0
1
6
1
1390
39
102
0
0
1
0
0
0
6
34
0
0
3
0
3
3
0
37
19
0
0
0
4088
0
1
0
17
18
280
195
1509
10
2037
4
6
13
10
0
19
945
3
347
786
0
11
98
3
63
0
3
1
460
0
21
56
0
0
638
0
110
271
0
0
102
113
2
2
306
181
2
1061
0
319
0
1658
11
0
135
0
13
45
443
8
146
6
8
0
1433
234
51
9
231
0
111
16
493
61
0
79
0
75
104
119
0
5
6
1
8
97
0
8
1240
37
325
104
0
0
0
3
24
61
0
13
88
5
448
522
0
103
125
13
0
1
1
0
624
0
52
0
105
11
0
0
1
2
0
0
1056
996
0
1
82
0
4
1
65
2
185
27
3
0
131
219
0
17
0
1
0
1
235
256
1
0
1216
9
363
244
38
46
0
5
27
0
12
0
2
12
6
4
102
212
0
0
39
235
0
0
31
0
0
0
592
54
23
0
0
853
0
424
335
3
0
90
0
0
1
36
144
5
0
0
0
8
11
52
0
0
0
87
5
0
0
0
5
0
164
81
2
0
0
298
1911
0
133
0
6
0
17
12
1
501
2
0
22
195
75
1
0
0
14
94
3
29
0
212
0
454
2
3
16
37
12
0
0
8
0
0
9
74
7
0
24
0
1
19
3
0
0
0
221
0
2
0
18
10
15509
0
22
119
124
0
48
0
0
0
0
253
53
354
0
113
0
0
167
2
0
51
0
240
1062
0
27
2
114
0
879
7
294
86
0
0
0
0
0
0
1
1
7
0
24
0
0
6
317
105
85
0
1
136
21
0
29
643
11
169
52
0
621
80
0
76
1
0
0
293
19
150
0
22
5
0
13
379
183
0
316
43
3
1
0
121
88
0
334
0
0
237
1
68
66
1
39
0
0
166
485
7
1
7
0
0
0
2
197
176
94
0
17
0
88
0
0
130
0
27
36
0
615
27
16
55
4
0
4
572
105
0
153
2
63
306
0
19
1479
122
0
0
2
174
70
0
9
3
14
0
0
0
40
35
0
29
0
0
0
0
2
261
1
98
0
0
14
17
130
0
0
0
0
249
164
64
10
0
0
67
0
0
0
14
751
1557
0
13
1344
20
27
432
0
110
0
0
1
467
5
0
7
35
61
25
6
0
0
0
0
902
1
0
581
2
70
6
1050
272
0
0
254
1422
37
1319
255
0
32
15
326
0
34
20
6
19
0
0
0
216
2
1
426
0
1016
0
0
6
0
8
0
80
101
0
651
2
123
0
39
1143
2166
0
6
51
6
542
110
0
17
0
173
1
0
0
103
148
0
994
1
21
11
311
0
60
187
520
37
64
134
0
447
0
423
281
2
1377
0
161
125
78
128
0
0
6
0
0
24
41
5
0
87
0
3
4
4
1
5
2706
134
66
94
46
74
4
0
10
2
0
516
0
9
0
0
2
2083
0
72
108
0
518
0
5
253
9
19
726
0
0
104
0
1
0
0
14
0
1
0
12
146
12
0
12
1
3
87
4
0
0
1109
149
625
172
0
520
27
0
0
43
8
0
0
0
3
16
107
4
0
6
0
0
0
11
6
17
484
28
33
1
45
3
3698
0
0
2
38
0
9
88
0
63
3
32
57
0
632
126
17
42
47
0
0
271
179
1180
27
0
0
75
0
0
1
0
1478
1
1946
249
95
91
219
0
3
0
0
28
0
286
0
0
111
64
7
48
4
344
18
0
3
56
0
27
0
54
4
128
65
0
1135
22
0
14
8993
0
38
935
301
289
382
187
649
81
572
0
1206
1771
2
7
5
6
0
0
116
0
128
140
1055
0
4
148
177
0
1198
93
49
0
0
1
0
2271
1
8
426
0
320
0
25
7
0
800
33
0
0
619
78
0
0
0
0
139
0
83
0
1114
4
92
42
388
0
1
95
523
0
4
4
89
133
50
3
30
274
72
2
0
146
39
102
0
0
25
20
0
21
36
0
148
0
0
0
1
0
10
0
0
11
1
0
0
0
14
0
8
682
11
0
1
1960
0
0
5
1
2
16
0
51
4
0
59
0
0
0
8
0
0
169
20
0
0
0
58
2
0
0
98
43
0
4
0
61
2
0
0
17
0
0
0
0
6
0
1
0
0
49
0
0
27
1099
0
0
6
0
0
129
10
102
6
1
1
0
26
2
0
0
17
0
93
0
0
0
0
4
0
28
0
0
168
27
0
288
9
0
1551
79
12
0
5
262
0
0
5
0
0
14
33
82
0
116
4
0
6
1723
331
4
0
161
0
2
31
0
5
5
0
14
0
0
0
0
465
0
0
0
0
581
0
201
16
12
0
0
31
623
267
203
0
0
7
0
0
0
3
3
0
155
0
0
52
0
0
0
0
0
87
1450
35
0
0
6
0
0
0
0
0
0
0
0
0
0
0
0
0
19
0
0
8
24
0
0
0
66
0
37
0
0
0
0
0
0
0
8
0
0
0
0
1
0
75
0
0
0
17
216
0
0
0
0
0
0
1
0
0
9
0
0
0
0
0
2
0
8
0
0
0
6
0
0
0
0
0
0
3
0
0
0
0
0
0
0
9
0
0
0
675
0
0
0
20
0
0
0
0
755
0
0
85
59
0
0
45
0
3
0
0
0
0
2
48
115
0
0
0
7
236
21
0
21
0
0
0
0
0
0
0
0
4
0
0
27
0
0
0
875
0
0
0
0
0
0
0
0
25
0
50
0
51
0
11
0
5
0
0
141
0
1
0
0
9
7
0
0
0
21
0
0
16
0
2
57
0
0
0
14
26
0
41
0
1
0
53
0
7
0
346
0
0
3
0
1
0
0
0
2
23
0
0
0
0
344
0
3
483
239
0
0
28
61
0
0
3
1
0
45
0
0
52
0
40
6
2
0
0
6
0
0
0
2
0
62
0
0
374
4
0
0
0
0
24
0
3
0
0
0
0
0
0
0
2
0
0
0
76
0
39
2
0
180
0
0
0
0
0
151
0
0
9
0
0
0
0
0
0
4
0
0
32
0
0
41
2
0
4
0
31
1
0
0
34
0
0
7
0
0
0
0
0
0
0
0
0
0
0
0
0
0
0
0
0
0
0
0
0
1
0
0
0
0
63
5
0
14
6
2
3
0
0
15
0
0
0
0
0
0
0
0
1
0
0
0
0
0
0
39
0
13
0
0
0
0
129
0
0
0
96
0
3
0
1
0
10
0
1
0
1
3
0
0
0
0
0
0
0
0
0
0
6
0
994
0
3
0
0
0
0
0
0
0
0
0
19
9
0
0
12
0
9
311
0
0
0
0
0
0
0
0
0
0
0
0
0
0
0
178
107
0
0
0
0
0
0
0
0
384
0
1
0
0
0
2
0
0
0
466
14
0
556
0
0
57
0
0
0
0
0
0
0
0
0
2
0
0
0
0
22
0
0
0
0
0
0
0
0
0
0
86
0
0
0
58
4
0
110
0
60
1
0
0
0
0
0
0
0
0
0
0
0
6
7
0
0
0
89
0
3
302
0
0
0
8
1
0
0
0
0
0
0
40
0
0
0
0
110
0
0
0
0
35
0
0
0
0
0
0
0
0
0
0
38
1
0
0
0
198
308
0
0
0
6
18
0
0
0
0
0
0
0
0
3
0
48
0
0
9
0
25
79
0
1
2076
0
0
0
0
257
0
23
3
0
0
1
0
0
0
0
0
154
0
4
0
0
8
0
156
0
0
0
0
0
0
0
0
0
0
0
7
0
6
0
0
0
334
0
0
0
0
0
0
0
0
1358
0
67
0
0
0
0
0
0
0
0
83
0
0
275
0
0
133
6
507
0
0
0
0
0
57
0
0
0
0
327
0
0
0
0
0
0
0
0
1
14
18
2
0
1
0
0
5
0
0
2
73
830
0
0
10
9
1529
0
328
0
0
1
86
0
0
1
0
27
0
0
0
1
30
0
1
0
55
0
0
0
0
0
0
0
19
0
0
0
0
13
0
28
0
0
8
0
19
0
0
0
0
0
540
1
1
0
184
0
0
17
0
0
7
0
2
0
0
58
0
0
0
0
75
795
114
1
0
0
0
0
0
1
0
277
0
24
0
0
0
0
0
740
0
454
0
0
20
0
0
1
0
0
0
0
1770
0
0
0
0
0
0
65
0
0
0
28
0
103
2
0
18
0
547
0
0
0
28
0
0
0
0
0
2
1
0
1
0
0
2
0
118
1
0
0
0
163
0
0
0
159
0
0
0
41
321
0
16
2
0
0
0
0
0
0
1
750
0
8
0
0
0
0
0
138
120
0
0
31
0
315
0
0
2
0
1
0
0
16
2
0
0
0
18
11
0
0
0
0
5
0
0
0
87
10
0
0
569
0
91
28
0
0
0
0
0
0
0
0
0
81
2
0
0
19
0
0
0
0
0
0
0
0
0
0
1057
0
7
10
0
0
1
1282
30
6
10
4
0
0
0
3
14
0
30
0
0
0
0
0
0
0
0
0
0
0
0
107
2
0
0
0
860
0
0
0
0
18
1
0
0
0
0
4
23
0
0
0
0
0
146
0
150
5
1
1
0
0
1214
60
0
0
67
185
0
161
23
0
0
67
0
0
0
3
7
27
22
0
0
0
0
0
0
0
0
0
0
3
0
0
169
61
0
691
7
0
0
0
0
28
0
0
0
1
1
0
0
0
0
6
35
7
151
0
0
0
10
0
0
0
0
299
0
0
0
37
0
0
0
0
0
0
0
0
0
0
0
0
0
37
23
0
0
0
0
0
0
149
0
611
0
0
0
0
0
0
0
353
0
2
39
0
0
0
6
0
3
534
0
0
9
0
1
0
0
0
21
71
5
52
0
3
0
1
21
140
0
1
0
0
0
0
0
0
231
381
10
0
82
0
0
0
0
0
0
1
33
840
2
0
0
0
0
0
167
0
0
0
0
0
6
15
1
0
0
0
0
0
0
43
0
0
0
0
175
0
0
0
0
3
1
0
0
0
0
16
0
0
167
0
0
0
0
0
0
1
0
0
2
0
0
18
0
0
0
0
12
0
0
0
0
0
2
0
1
102
0
0
7
34
0
0
0
38
0
0
16
0
0
131
0
0
2
4
210
8
0
0
28
0
0
14
0
3
24
0
0
0
40
0
107
0
0
38
0
93
0
607
65
0
0
17
6
50
0
2
0
0
13
0
0
0
8
0
0
0
0
8
186
109
0
1
0
0
0
0
15
0
0
0
5
0
0
0
0
9
0
403
39
319
0
0
0
69
0
0
2
0
19
3
0
373
322
0
0
0
0
0
10
456
0
13
7
0
3
0
0
52
0
0
0
6
2
0
0
0
0
7
0
11
8
0
0
114
0
0
0
0
6
0
2
0
0
0
4
0
0
0
0
8
2
0
0
5
7
0
0
0
27
23
5
0
0
100
0
0
155
0
0
2
0
505
0
0
0
0
51
620
0
947
0
0
0
3
1
0
0
0
0
4
0
0
0
0
0
0
47
0
17
0
2
0
0
0
1
35
3
42
0
0
0
0
374
0
0
48
0
0
8
18
0
349
37
0
0
0
0
0
0
0
0
417
0
0
0
24
47
0
0
0
0
55
139
6
0
3
10
11
0
2055
0
23
0
0
33
0
100
394
30
152
0
0
28
2
255
0
0
20
0
0
0
0
0
0
0
468
0
0
1
0
1
0
0
0
0
0
170
434
0
2
0
0
0
34
0
0
122
37
0
0
9
0
2
47
0
0
0
0
0
0
0
0
1
0
0
0
6
314
4
24
0
0
0
0
0
5
13
0
0
2
45
10
0
2
5
0
0
0
0
0
0
0
93
294
0
0
0
0
0
2
0
59
178
0
5
80
0
0
0
93
0
0
0
18
0
87
0
84
4
3
0
117
0
0
0
0
0
0
0
0
2
0
0
0
0
2739
91
0
0
1
0
0
0
0
98
360
276
0
0
174
0
7
0
0
2
0
0
0
0
187
0
15
51
57
0
0
15
0
515
0
2
0
0
0
677
0
27
0
0
876
84
0
0
0
0
0
0
0
264
7
0
90
0
0
0
77
0
0
29
0
0
1
1
0
0
19
1
46
58
0
0
0
0
0
0
99
0
964
78
0
0
0
0
0
115
974
0
0
2
0
1085
0
0
15
0
0
0
416
0
605
286
0
7
0
0
0
0
0
0
0
0
0
4
905
0
0
0
31
0
0
0
0
0
0
0
0
0
24
0
1027
14
0
0
4
0
2
2
0
0
0
0
144
2
0
0
0
97
0
0
0
0
41
0
0
3
0
0
8
0
0
0
1159
0
0
1
0
73
0
135
0
4
0
67
0
0
1
29
0
2
2
0
16
2
24
3
0
0
269
0
0
0
0
0
0
2
220
5
0
455
1
0
227
0
0
1001
0
2
23
3
0
0
0
0
0
0
0
0
0
0
4
0
0
2
1
0
0
1
0
0
0
0
206
0
0
0
202
0
0
0
0
0
3
0
0
0
0
0
6
0
0
0
0
0
0
15
186
0
3
0
0
609
0
0
0
0
107
0
0
0
0
1
5
136
0
13
0
0
0
13
803
10
50
0
341
0
2
4
0
0
0
9
0
5
0
2
0
0
0
2
0
12
0
141
0
0
39
0
0
0
0
0
749
32
996
0
0
0
0
116
117
0
0
27
825
0
2
0
2
0
0
0
0
0
3
16
0
1270
3
4
0
4206
0
4
11
1
0
0
0
0
0
0
0
13
0
39
0
33
0
18
140
0
1
0
32
0
0
0
110
2
0
65
10
0
103
0
0
0
10
0
3
0
4
95
165
1
0
0
0
2
0
0
0
0
0
8
0
18
0
44
0
0
0
0
0
0
34
0
0
0
0
1
11
72
0
0
0
3
0
1
0
0
0
0
0
0
0
0
0
126
2
0
0
0
0
7
0
0
0
0
0
0
0
0
0
0
0
0
0
0
0
0
7
4
0
1
0
0
0
0
0
0
0
0
0
0
0
0
6
0
0
0
0
158
768
0
0
0
10
0
0
0
0
0
0
0
0
0
0
0
0
0
0
0
53
0
454
1
261
0
0
99
0
1
152
0
0
0
0
0
0
702
0
8
0
0
0
0
0
5
0
0
333
0
30
0
0
0
0
0
0
0
272
0
0
0
0
0
0
0
0
0
0
0
0
0
0
0
0
0
3
0
0
0
0
0
0
11
0
0
94
0
0
0
0
0
0
4
0
0
0
0
0
135
0
857
0
1
0
0
2
0
0
0
0
0
0
84
3
0
0
0
39
0
232
0
0
0
0
0
0
370
0
0
44
0
0
0
4987
0
0
0
2
4
0
84
3
8
63
0
0
0
0
6
92
19
0
0
0
68
0
0
0
1
0
270
0
0
0
0
12
0
247
0
22
0
1
1
385
0
1
10
0
125
0
1274
0
2
0
67
5
0
0
0
0
0
0
0
0
0
0
0
0
0
0
0
0
0
0
0
0
0
0
0
0
148
0
100
0
0
1
7
0
0
0
3
0
85
2
0
0
0
0
0
0
0
0
0
10
0
0
0
0
0
0
2
0
0
0
0
56
0
0
0
0
0
0
123
0
0
0
0
0
3
0
0
0
0
0
0
3
0
0
0
4
4
0
3
7
0
0
0
0
0
0
1
0
0
0
0
0
0
0
0
0
0
0
0
0
0
0
0
0
0
0
0
1
0
0
0
0
0
0
0
0
0
0
0
0
32
0
0
18
0
0
0
7
0
0
0
0
128
245
0
9
1
0
0
27
0
0
64
0
2
0
0
0
0
0
0
0
1
0
0
0
0
111
0
0
3
0
0
0
3
0
213
0
0
18
18
18
0
0
0
0
0
11
0
0
0
0
0
35
0
0
0
0
0
0
525
0
0
0
0
0
0
1
0
3
0
0
0
0
0
0
0
0
0
0
0
304
4
27
0
3
0
0
3
132
0
0
2
0
0
0
2
258
0
0
0
0
0
477
0
9
196
48
0
0
0
0
0
0
11
0
0
0
0
0
0
0
0
0
258
0
0
0
0
0
0
109
0
0
0
0
0
0
12
0
0
9
0
344
0
0
0
202
0
0
0
0
0
0
15
131
0
0
5
0
0
0
0
0
8
0
0
0
0
0
27
0
0
0
1
0
0
0
0
0
0
0
0
0
2521
38
46
0
14
0
0
44
0
0
0
7
3
335
9
0
0
1
0
0
3
0
0
0
0
0
0
15
99
0
0
339
0
227
26
191
0
0
1
0
5
8
0
0
228
0
2
74
4
39
0
0
97
181
54
437
0
0
0
101
3
0
0
6
0
0
16
0
29
196
0
51
0
7
0
44
0
1
0
0
48
0
0
0
351
0
25
0
0
2
0
0
62
0
64
26
267
0
8
0
0
0
0
0
59
18
119
16
22
0
6
0
25
0
0
255
9
0
0
64
0
131
5
952
155
0
0
0
51
0
0
2
0
0
0
0
0
243
0
284
0
583
0
0
0
0
0
8
9
0
0
0
0
1
0
0
0
70
79
15
0
0
517
0
0
8
0
0
8
0
2
288
0
9
0
0
0
0
5
47
0
0
112
0
15
0
37
0
7
0
66
0
0
20
0
0
259
227
3
1
0
2
0
0
7
0
0
0
0
0
361
0
0
1
0
0
4
0
0
2
0
0
276
258
0
9
297
0
219
1
105
8
48
0
24
0
0
10
248
0
55
0
0
2
183
0
0
0
41
0
26
0
3
0
0
0
0
0
0
143
0
0
0
0
0
0
0
0
0
50
0
0
0
0
0
2
0
0
2240
8
265
0
4
0
0
22
30
0
387
4
0
0
4
0
0
34
0
3262
34
505
0
1
89
23
60
4
2
0
1916
0
211
110
209
0
193
0
52
790
330
0
0
0
2
736
0
2640
0
0
0
0
6
98
9
0
0
0
0
56
0
61
13
0
56
244
0
476
0
2
0
145
71
0
0
166
39
0
185
0
35
62
0
1
0
16
0
0
0
0
0
177
0
0
0
1244
1
0
2
16
0
41
111
22
7
0
155
65
0
0
0
7
2
0
0
3
0
0
0
2
32
0
0
0
280
30
57
0
11
2
0
0
248
0
1
27
0
42
0
0
167
75
4
67
0
0
5
0
126
0
30
0
0
2
0
1
0
0
14
0
121
74
5
0
3
172
98
0
0
382
7
51
0
4
0
180
3
0
14
0
0
0
21
514
0
47
0
13
474
32
4
5
21
0
2330
19
0
9
1
0
407
0
0
40
46
428
0
93
447
1
0
10
22
39
0
178
2
0
0
2
0
0
8
66
0
0
137
2
91
8
0
32
0
0
0
0
0
73
1
86
81
0
3
0
0
0
0
0
524
7
463
1141
429
7
0
7
11
0
3
0
0
0
300
641
0
153
0
0
4
443
0
0
46
0
2
0
15
0
5
2
2
0
109
0
25
0
17
0
0
55
0
0
26
0
49
560
15
1
0
22
268
156
2
0
0
0
0
0
524
13
2
740
0
0
0
25
15
291
7
0
3
1
23
15
173
246
0
1
2
0
0
16
0
0
0
0
0
0
8
1
958
0
55
192
0
0
0
0
11
152
0
0
0
0
33
0
30
445
0
0
0
0
13
0
7
5
13
0
0
0
24
5
0
3
0
0
588
0
0
45
0
0
0
0
28
0
33
30
0
0
0
0
0
135
0
0
0
0
152
2
0
14
0
20
11
9
55
0
37
0
2
0
0
66
0
1
236
0
4
0
0
0
0
44
0
80
7
0
0
0
78
5
0
0
0
315
89
7
0
0
0
5
0
141
16
0
2
2
0
0
0
0
0
0
93
0
0
4
0
0
0
0
1347
0
39
0
0
0
9
0
0
0
1
621
0
0
0
97
0
93
0
1
0
0
177
1
0
0
0
0
0
2
0
104
0
3
0
971
0
10
0
0
70
0
777
0
1
0
0
1034
43
0
85
10
0
0
4
5
191
0
28
20
2
0
2
0
0
3
6
22
290
45
45
0
6
2
0
12
1
0
267
855
0
86
0
0
0
0
0
5
172
0
0
18
3
262
31
59
0
1
102
253
11
28
0
562
0
16
0
0
0
0
0
1
155
559
81
22
6
0
0
0
0
150
40
0
0
5
390
3
0
47
2
1
96
56
1
153
0
0
785
1
0
66
1
0
0
0
0
521
0
5
0
0
1
0
0
17
0
0
342
0
1
0
0
0
0
16
0
70
26
8
0
0
2
0
0
0
944
184
7
17
10
146
0
10
9
0
0
0
0
0
0
0
8
0
1
0
0
29
0
0
193
9
16
0
0
10
0
1
0
0
0
9
0
0
0
24
0
2
25
9
0
0
0
0
0
0
0
66
5
0
0
2
0
0
0
0
0
15
49
0
0
0
0
661
0
9
24
51
9
10
0
0
0
0
0
0
0
0
6
3
0
14
44
0
0
0
29
0
140
0
0
0
582
25
2
0
2
47
24
0
0
41
807
0
8
0
83
8
1252
96
341
0
5
200
15
0
436
0
0
7
19
0
1
21
0
0
108
0
1
0
13
3
0
14
0
0
0
0
18
0
0
2
0
0
72
54
41
20
0
0
3
191
0
83
120
0
0
0
0
13
0
0
27
6
47
0
0
24
31
1304
3
0
8
0
0
1
52
26
840
0
4
3
1
0
0
0
4
1
29
537
0
0
0
0
0
0
15
122
0
17
0
538
66
0
3
0
189
1659
0
282
0
0
38
181
7
0
18
17
0
0
22
32
0
0
51
0
0
1
0
7
253
133
341
0
0
52
0
0
0
10
1
0
21
0
0
0
2
53
19
0
6
0
0
10
226
0
0
0
3
0
2
336
0
0
221
376
877
406
5
0
30
0
13
0
2
0
160
2
0
0
0
0
5
2
5
0
0
0
38
5
352
0
7
0
61
4
0
1125
0
1897
2
2
0
88
11
17
0
735
0
0
23
30
489
14
1
667
33
14
0
26
2
275
2
0
0
0
0
5
830
0
54
0
45
12
0
0
19
217
0
57
2
647
273
3
1
0
22
0
0
9
0
259
242
237
0
67
0
105
0
16
0
0
169
42
0
0
0
289
0
0
0
15
6
91
0
483
0
0
3
0
10
100
0
271
15
15
5
249
89
78
13
12
1
66
0
0
0
88
0
0
21
0
0
2
85
0
0
0
0
0
0
62
1108
13
0
363
156
0
630
1
0
0
0
0
269
74
0
95
1
0
0
0
0
0
23
27
49
0
176
0
0
0
0
4
0
319
0
0
293
0
1
0
19
0
0
0
38
40
0
0
0
0
75
2
0
415
0
1
0
15
0
0
35
0
45
0
7
59
0
12
0
3
0
363
17
226
0
0
378
110
1
35
25
0
0
0
0
49
3
5
0
0
0
0
27
2
37
0
35
1
24
19
15
0
23
0
0
2
0
6
23
3
71
430
763
32
86
0
3
0
17
0
193
0
0
0
0
444
1
20
474
35
345
312
0
0
3
0
73
0
15
0
0
298
23
0
0
47
11
0
6
0
42
82
176
0
0
0
0
107
0
0
0
313
31
0
6
27
0
32
0
14
12
0
0
8
0
0
130
401
1
19
0
125
8
0
0
1
0
272
0
0
0
0
0
0
0
0
0
1
0
0
0
3
418
140
268
5
0
0
0
56
46
4
0
0
0
0
78
160
0
0
0
7
0
0
1
0
6
0
0
0
0
0
3
0
0
7
0
1
13
40
12
0
0
0
5
133
9
0
34
0
153
0
1
0
0
0
85
0
239
0
126
0
95
15
2
79
344
452
0
1
13
0
0
1
29
0
4
9
0
2
44
75
2
1
7
233
0
25
0
28
664
0
0
0
29
2
7
72
35
28
25
5
8
0
3
38
0
345
0
2
0
61
5
0
13
0
0
36
16
101
6
1
0
0
0
36
40
4
79
0
0
118
0
642
0
0
2
456
0
0
35
2
0
0
31
0
0
187
3
0
0
1
0
12
0
0
0
0
0
3398
0
17
0
0
0
7
176
8
58
158
70
1083
44
0
36
0
431
18
0
233
0
109
0
17
3
53
0
23
0
0
0
0
0
0
3
11
2
40
0
0
0
0
49
3
3
222
0
2
0
85
0
0
0
0
5
0
100
2068
0
181
0
0
35
55
2
0
0
10
0
0
0
0
174
0
0
0
29
0
2
0
1
0
0
14
158
22
50
0
8
324
0
0
6
0
0
761
0
0
0
131
0
275
88
8
0
6
0
0
0
1
0
2
277
23
127
0
142
0
0
15
994
8
10
0
0
16
0
1
0
0
0
0
190
3
2
72
0
0
0
0
0
5
3
4
739
0
0
28
0
355
0
0
0
0
422
0
137
16
0
0
2
0
0
0
884
0
0
0
0
0
0
0
0
0
28
7
0
0
14
0
130
1
0
85
0
27
10
0
69
0
0
0
0
0
27
0
0
0
0
0
0
0
6
22
0
465
0
0
875
0
1
0
49
0
0
9
219
9
125
0
3
19
0
0
0
0
1
0
5
33
7
9
0
0
0
0
0
0
0
8
0
1050
0
24
258
0
0
0
0
4
0
0
346
0
0
351
0
0
1
0
312
0
0
0
0
0
0
35
18
0
3
0
6
0
1
347
0
38
0
8
13
0
0
0
40
7
4
3
54
187
0
7
1
133
11
0
3
0
0
0
1
0
0
0
0
429
9
0
3
0
0
34
0
2
0
213
0
0
0
0
250
6
0
0
0
139
412
0
3
0
0
28
42
58
149
0
0
0
0
15
0
2
238
18
27
15
0
514
306
0
0
2
18
0
0
0
26
122
0
0
0
0
0
0
167
0
0
0
0
0
335
19
0
185
157
67
54
0
6
1
0
6
4
0
42
161
0
46
29
88
609
0
0
383
0
8
0
0
0
0
240
0
762
0
62
463
13
112
0
0
0
2
21
0
19
0
0
0
111
2033
0
327
132
1
0
6
0
42
0
0
0
0
0
0
198
0
0
0
0
0
0
45
0
7
18
0
860
0
3
0
0
61
11
0
53
0
0
0
0
0
2
0
0
0
0
171
0
30
0
14
13
109
94
0
45
0
0
0
0
0
0
70
2
0
14
38
0
0
98
0
0
0
0
7
6
0
171
70
0
47
69
1
0
58
521
0
0
0
5
0
0
16
570
57
0
0
0
0
4
0
21
75
696
0
206
19
174
13
0
0
0
0
0
0
327
1573
0
0
0
0
0
129
133
31
0
0
0
0
14
247
0
2871
0
0
577
305
0
0
0
0
0
1
8
62
0
0
5
0
0
115
0
0
35
41
1
340
0
198
0
74
0
0
0
0
0
0
171
1479
0
158
2
188
4
68
429
0
0
0
0
93
74
0
64
156
3
3
1
1
304
153
1
0
3
44
0
0
0
0
0
0
0
16
0
0
0
2
16
0
0
0
686
1
0
0
405
0
25
0
124
0
0
3
993
0
0
0
730
56
1
0
0
0
0
20
162
849
0
0
45
0
416
2
3019
1
6
144
1
0
0
2
0
0
0
2
0
33
0
526
116
0
4
2
19
0
68
0
47
386
1997
2
189
372
0
0
0
7
0
64
9
0
0
0
0
2
254
0
8
0
0
4
32
0
0
43
11
1
2
18
88
43
6
3
1
0
12
283
3
107
19
4
0
0
0
397
0
0
123
0
0
0
0
871
0
33
0
0
51
0
0
0
0
38
0
2
0
186
1
0
17
0
12
1
0
5
98
6
0
132
209
0
4
2
10
43
3
4
0
0
41
0
33
0
0
3
10
0
0
267
84
0
13
511
20
46
286
139
0
0
2
2
0
0
0
261
170
0
0
0
0
2
90
9
0
7
5
920
0
2
0
0
154
37
79
0
730
20
1
0
310
0
0
0
0
0
1
229
36
33
5
316
0
0
0
0
0
0
345
2
4
103
257
12
0
35
0
0
0
237
170
109
0
0
0
0
125
0
1
683
0
0
0
101
0
0
0
0
0
768
552
0
3
7
122
0
0
0
0
0
5
384
570
0
425
0
2
0
0
9
0
0
0
0
1
9
0
0
2
0
0
1
44
3
0
0
0
37
0
0
0
1
0
15
577
16
0
0
130
0
189
70
7
1
33
38
0
1
0
0
307
13
3
7
141
576
0
0
0
0
0
0
2
0
0
0
14
0
42
0
719
0
0
0
351
0
0
77
0
6
0
0
0
0
0
311
354
1
288
0
0
46
0
10
0
0
1
0
15
0
0
0
1
0
0
549
47
18
46
0
0
0
11
0
125
72
0
8
405
0
0
0
214
0
0
0
7
1
494
6
0
335
10
0
0
0
0
0
0
0
0
12
1
0
1
2
0
0
2
0
0
0
0
2
147
0
0
11
0
0
6
0
0
0
63
10
3
0
345
0
6
1144
0
23
0
0
17
0
0
0
5
15
0
3
1215
0
44
0
0
52
1
0
131
0
143
0
0
0
6
410
0
0
0
0
0
38
134
12
0
1
0
38
248
409
0
8
6
0
18
2
0
0
13
18
0
0
19
29
0
0
0
111
0
0
0
0
26
0
91
0
0
21
17
822
126
18
130
0
0
28
749
0
4
937
0
0
0
19
45
0
0
33
0
0
0
5
0
23
0
13
0
0
0
5
0
0
0
0
575
0
7
0
57
0
0
9
8
0
0
0
0
28
0
8
0
1
38
4
0
0
0
394
0
81
24
7
0
112
0
0
0
10
93
2
5
0
15
0
194
0
0
0
70
704
0
0
73
0
75
0
0
0
0
342
0
0
0
1
26
13
2
23
18
0
61
0
0
0
284
62
50
0
14
20
3
27
0
0
37
0
0
0
106
358
1
0
0
98
0
608
0
2
199
1
0
2
0
6
0
0
1
8
9
125
2
20
53
0
297
17
0
0
79
0
0
0
0
332
0
765
582
57
115
0
0
90
1086
1
2
2
34
0
0
0
0
80
0
168
1
0
115
389
0
0
0
0
2
0
145
2
0
36
0
0
370
0
5
0
20
440
0
0
0
74
1
0
10
223
0
0
0
0
227
241
20
6
0
0
0
2
0
11
0
0
25
0
4
4
6
14
686
200
0
0
62
0
0
0
0
0
0
0
1
0
372
3
66
0
2713
0
409
0
0
0
116
0
7
0
0
3
29
19
92
34
10
36
1
48
0
115
2
2
0
0
0
64
0
0
166
10
103
0
0
0
0
5
39
162
0
0
0
0
3
823
0
205
14
84
62
62
10
1
0
109
18
0
214
0
0
0
0
80
0
0
2
2
18
0
0
0
18
4
0
25
0
223
0
0
0
11
0
0
0
0
243
0
0
0
48
0
12
72
0
0
1
79
0
0
0
190
0
0
1
208
7
35
36
0
0
238
4
0
347
0
0
0
153
0
0
3
46
0
0
0
0
0
121
12
755
13
0
0
0
0
128
0
11
0
224
38
2
250
0
176
65
8
11
91
0
0
28
392
0
306
0
30
0
39
0
0
0
0
424
0
0
0
21
0
984
0
8
2
7
1
34
0
1
4
40
0
3
74
5
0
2
0
91
0
7
67
0
0
0
125
31
35
12
0
0
0
5
46
68
0
0
35
0
0
0
0
0
0
365
3
1
6
16
85
0
0
0
0
145
0
50
0
21
46
7
0
0
0
4
0
38
0
29
0
4
0
0
35
0
29
224
0
172
70
0
28
0
42
21
0
13
0
25
0
136
31
5
0
0
162
3
19
1
5
0
42
295
747
42
0
0
0
0
0
198
122
0
23
4
45
0
31
0
0
0
0
27
0
22
0
6
32
52
13
0
1
35
123
0
91
0
0
0
17
4
0
0
0
2
0
126
59
0
96
12
1300
4
319
0
11
14
0
1
0
0
11
0
0
1
0
0
14
39
0
2
0
3
2
117
0
107
30
217
41
0
502
32
88
0
0
0
0
3
0
349
0
78
3
0
0
4
0
0
0
19
0
8
0
3
2
30
37
604
22
1
53
2
0
0
4
1
0
120
0
0
11
170
0
0
0
256
0
330
2
0
0
18
166
7
0
123
39
0
0
0
0
0
358
1
38
530
314
0
62
0
0
59
5
469
119
0
0
0
28
0
59
79
108
14
5
0
0
0
93
774
0
0
22
8
0
0
0
0
112
0
540
464
156
0
0
494
0
410
0
0
6126
0
0
0
0
22
7
5
0
0
23
0
106
74
0
305
13
49
4
0
349
0
0
145
132
2
0
2
51
1
133
0
0
0
2
1
0
0
0
4
0
15
0
0
0
32
0
126
0
0
231
0
477
87
0
33
0
3
143
0
0
67
73
2482
0
0
0
428
284
1
0
27
6
0
1138
6
129
0
0
0
0
4
118
3
2
13
0
0
0
5
0
2439
9
0
0
1
51
4
0
0
0
0
0
16
0
2
117
0
3
66
0
0
0
779
0
77
196
0
0
0
2
0
239
0
0
11
0
24
0
379
0
3
0
2585
27
99
0
2
0
53
36
41
0
4
0
8
0
1
200
20
602
1
0
0
190
8
3
117
126
0
90
0
0
0
0
0
26
76
18
485
207
0
0
0
0
301
0
0
0
226
19
0
359
22
0
3692
24
289
81
0
1
0
0
0
83
19
21
0
0
37
75
16
3
0
178
0
4
36
7
3
0
0
0
0
7
5
0
0
0
0
465
0
2
0
0
0
0
8
0
0
0
42
0
469
0
2
0
0
1052
1
0
0
7
0
22
0
104
133
0
0
0
0
0
0
0
0
0
0
0
0
0
0
0
2
0
0
24
0
0
0
0
226
0
1
0
0
0
16
3
0
3
0
132
15
0
532
0
0
0
0
0
0
6
0
0
0
85
0
0
0
0
6
0
47
62
0
3
0
0
0
20
2
3
0
14
58
25
0
1
26
234
0
0
5
78
0
0
25
59
0
0
121
12
6
2
1
0
668
195
0
1
90
0
19
0
113
25
0
2
34
16
679
47
0
15
0
0
3
4
0
348
0
0
0
0
0
0
0
0
0
155
4
84
0
0
0
0
1
0
16
187
0
4
56
351
0
0
133
0
0
1
83
1
0
0
275
3
0
0
0
0
519
0
0
1
1
316
0
0
0
1
0
0
0
0
0
0
0
0
0
0
0
30
0
1189
0
0
320
5
0
88
0
116
292
10
36
0
0
3
0
791
0
0
0
0
24
9
0
6
0
1
1
17
0
0
0
0
209
182
126
1
27
0
37
0
0
0
0
0
0
0
789
3
0
14
0
0
1
0
0
0
57
0
0
271
83
207
124
1
19
0
0
0
49
0
562
0
1
125
0
0
0
0
0
0
0
0
201
0
0
0
0
0
450
0
8
4
0
267
0
0
1
20
4
0
51
0
1
0
72
58
2
0
4
306
0
0
0
0
133
19
168
0
19
15
2064
0
0
156
0
0
0
0
0
3
0
1
214
21
0
0
0
0
112
0
0
6
2344
0
152
22
26
0
0
74
5
0
18
4
477
557
0
28
0
0
0
0
0
0
2
13
164
0
0
0
0
2
0
0
105
14
201
0
0
0
12
5
869
0
2
0
0
0
2
1
0
0
0
0
502
96
0
0
0
0
0
0
36
119
0
150
0
0
0
7
0
1
5
0
0
0
0
83
0
52
36
0
94
47
0
742
1
0
9
0
52
0
208
0
70
6
0
0
0
0
0
0
8
0
3
0
0
0
0
4
1
61
648
0
198
0
506
0
204
0
0
11
4
9
130
2
139
42
19
0
9
2
0
0
0
0
68
12
38
4
0
3
0
0
4
0
11
0
0
84
0
0
319
0
2
0
0
0
0
0
0
0
38
0
22
2558
120
0
45
0
1
3
48
0
0
0
0
0
0
5
0
0
0
0
5
29
280
1
17
0
3
0
261
0
1
0
3
0
0
0
4
0
0
1
91
148
0
649
0
13
134
959
209
8
0
0
0
4
137
111
0
0
0
0
0
90
1
0
0
0
0
29
76
22
1829
0
0
14
146
312
0
0
11
2
98
0
73
0
586
0
0
25
0
0
0
3
0
80
2
169
37
83
0
642
2433
256
0
17
0
5
0
0
0
0
66
0
0
0
76
0
88
0
0
0
648
281
13
0
0
0
2
3
2
39
0
18
35
0
0
8
547
5
16
4
3
0
0
0
1599
0
36
2
3
507
0
0
2015
2
97
0
118
0
0
0
2
3
575
0
929
0
0
0
732
0
0
4
99
0
44
989
0
0
2
7
902
0
0
0
55
0
0
0
0
0
0
82
0
0
12
15
39
3
0
0
71
321
10
0
0
0
0
0
0
140
0
2269
0
0
8
1
0
0
0
31
0
0
0
785
0
381
0
0
103
0
0
0
1
13
104
0
0
20
0
168
0
3
0
67
12
103
0
144
0
0
0
0
0
0
0
54
0
0
85
0
6
3
469
0
0
0
35
12
0
58
0
0
11
0
87
36
0
1
0
0
0
500
27
11
0
0
0
0
0
0
0
0
96
142
0
54
141
10
0
65
0
120
0
15
0
10
0
0
0
0
17
0
0
2
30
0
21
216
0
0
5
62
68
6
8
0
374
1
6
0
0
0
0
0
4
9
58
0
0
0
0
68
0
0
5
1
22
8
0
0
0
29
3
0
719
12
0
43
32
0
0
16
22
0
1772
516
1
90
5
470
40
0
0
2
0
29
259
0
38
0
0
3
2
0
0
0
0
0
0
137
0
0
0
1
1
0
0
0
0
0
0
93
0
8
0
31
0
0
0
0
0
0
0
0
1
268
2
2598
4
0
4
0
283
0
2
0
0
0
0
0
8
0
0
299
0
1
0
0
0
74
0
515
27
0
0
22
0
0
0
15
0
0
0
0
0
0
65
1
0
0
0
9
11
22
0
0
0
70
5
0
36
12
0
0
56
14
0
0
0
0
35
114
0
6
0
0
0
13
0
2
0
0
130
2
0
254
0
0
0
19
0
0
399
0
0
0
1
2
0
0
414
748
3
5
0
0
10
126
0
0
0
0
52
239
0
133
684
0
0
11
0
0
74
1
0
3
3
0
0
42
0
8
3
730
0
0
0
0
255
0
0
3
0
0
0
0
195
53
0
1
25
0
67
0
0
284
0
0
154
3
125
43
0
0
86
0
0
3
47
9
2
0
0
8
38
47
2
0
0
0
0
0
2
0
0
61
0
0
28
30
0
2
8
0
136
42
15
0
0
0
0
3
0
566
4
150
0
13
0
0
243
0
0
3
0
209
0
6
1
58
0
565
0
0
26
128
97
79
40
0
0
125
0
835
0
27
2
62
1
0
53
65
0
0
174
0
111
3
0
0
0
0
0
22
0
90
2
3
0
0
0
0
0
0
251
0
0
121
0
193
23
0
295
1450
9
0
0
0
0
517
80
0
0
0
2
0
0
0
0
187
48
0
0
0
0
390
0
85
8
0
3
6
0
0
0
58
0
106
33
4
0
2
166
0
400
0
38
1518
1985
9
60
0
0
8
77
3
0
377
21
18
0
0
21
53
11
0
404
0
0
143
0
0
2
0
1
0
2
2
0
0
12
62
0
3
1
12
0
19
0
4
0
79
5
6
97
0
2
77
6
0
0
11
48
0
0
0
0
0
41
0
0
35
3
2
1
0
0
16
60
123
5
2
0
0
0
0
0
0
314
0
0
0
0
441
0
1
0
5
0
0
0
0
61
0
5
0
0
0
0
6
7
0
6
314
53
0
1
0
0
0
0
14
67
26
0
1116
0
38
114
0
0
39
0
5
16
0
0
0
0
0
16
0
11
0
68
44
4
0
9
22
0
0
0
0
2
0
64
0
0
1
0
47
0
0
4
83
0
53
0
4
19
0
400
0
0
0
328
13
8
0
0
0
0
9
0
403
0
259
105
0
41
42
8
209
0
6
20
2
0
0
33
12
0
130
2
0
175
0
0
0
1313
0
0
0
11
0
0
0
0
260
8
0
0
203
0
0
0
23
1089
0
0
0
0
209
3
0
6
0
0
0
0
0
0
36
0
4
282
0
0
451
0
19
150
0
706
0
207
17
0
0
17
18
33
183
0
38
32
0
2
312
32
0
0
0
0
0
0
155
19
0
0
0
24
405
46
5
661
2
0
0
0
8
2058
3
47
72
0
5
140
0
623
51
0
0
80
79
0
0
0
0
0
0
0
31
504
121
290
6
1169
114
244
3
72
0
0
0
0
0
180
0
7
0
397
4
0
0
0
33
27
0
0
1
31
1275
133
25
0
0
0
219
0
0
0
2
0
0
13
0
217
77
0
12
0
5
15
14
13
0
0
0
0
2
148
0
3
38
19
0
18
0
5
236
2
899
0
0
39
4
447
2
0
14
0
1
0
0
0
0
0
0
0
15
507
0
3
4
0
0
7
0
1
25
39
24
0
0
1
0
0
0
11
67
7
62
96
64
7
0
0
0
0
0
158
19
133
0
0
30
0
110
0
121
3
354
26
0
1
0
1
30
11
43
3
2431
18
3
1
9
0
0
2
117
2
0
0
0
18
144
0
0
12
0
506
0
772
760
11
30
171
13
1
41
3
44
0
97
460
121
0
60
0
0
1
167
2
2
0
0
173
104
777
1048
0
100
0
392
0
0
0
0
0
0
0
11
0
0
2
2126
196
52
0
484
198
2
6
6
0
1098
0
0
0
2
0
6
29
14
0
0
838
2
11
2
11
2
0
218
439
0
5
4
0
428
1
244
0
0
105
117
21
42
0
0
0
0
0
0
0
23
212
3
0
0
0
234
982
0
0
4
14
3
51
0
770
0
0
168
1
0
0
0
1
0
172
0
0
0
0
92
1
0
0
981
0
73
59
35
65
0
0
72
0
1
0
86
0
24
0
9
0
842
1161
2
192
22
5
0
65
79
89
0
128
0
0
0
0
111
0
0
0
0
0
0
0
59
12
73
29
48
115
11
3659
463
17
0
53
2
0
0
0
0
0
4
0
0
0
0
39
70
29
0
0
12
8
0
72
3
676
0
1
13
28
0
4
0
6
0
4
8
133
0
6
0
1
247
0
0
0
5
0
354
617
0
0
0
380
0
8
166
33
498
365
2
121
0
86
6
2
0
0
56
0
58
0
0
247
0
0
0
0
0
0
0
1
527
27
14
274
0
1
8
0
223
0
0
1
0
18
0
0
25
1
0
0
145
50
709
0
0
1008
1
0
391
0
0
0
0
0
0
0
1
28
0
0
0
2
0
77
0
0
0
0
1
0
0
2
0
82
0
0
7
0
5
0
23
0
0
0
0
0
6
0
605
3
0
157
0
0
33
0
0
0
242
0
0
294
0
0
0
3
0
8
92
2
20
2
202
49
1
0
10
2
0
0
0
0
0
6
0
0
0
18
2
0
154
42
7
0
0
367
360
0
0
9
0
663
0
0
0
43
58
699
0
0
34
0
0
0
31
5
5
0
0
0
0
1
141
0
0
256
0
194
0
152
0
7
29
3
35
187
0
711
8
0
0
0
149
0
0
131
0
15
0
0
11
0
391
2
0
0
0
0
0
0
25
0
0
381
0
0
0
0
0
0
10
75
29
25
0
0
7
1826
295
0
10
0
0
0
2
0
0
0
7
14
8
21
14
1010
0
0
0
246
0
7
0
0
0
0
576
75
0
0
0
102
0
0
2
64
0
0
0
0
2
56
0
0
2
0
0
0
0
0
0
0
130
13
25
0
0
2
0
5
0
0
0
3
1
0
0
0
27
1
0
128
0
0
2
0
0
0
1
0
1
0
0
0
923
0
0
0
39
0
26
27
64
0
1
8024
0
4
0
114
14
0
0
0
1
0
1
0
0
0
136
0
0
0
8
0
0
0
0
0
2
0
0
0
4
96
0
0
0
9
4
1385
2
18
0
0
0
0
5
0
0
1318
365
144
73
4
0
0
38
1
156
50
125
370
8
303
264
373
0
137
37
0
13
0
0
3
0
0
138
0
0
0
0
12
10
220
2
187
5
89
0
0
0
0
11
31
0
0
0
0
30
0
12
9
57
0
2
7
7
0
0
0
0
0
4
0
0
0
0
0
0
0
0
17
3
0
0
0
968
0
0
0
1603
130
0
150
0
0
0
0
8
349
0
0
801
6
0
142
0
0
26
8
0
0
2
0
3
143
3
0
2
0
0
0
181
147
2
0
0
0
0
0
0
3
0
63
2
0
0
18
0
0
0
2
322
0
0
210
1
0
0
86
0
1
51
0
0
29
0
0
0
0
34
0
0
0
28
3
0
0
9
0
0
54
13
0
0
0
2
12
0
49
0
0
0
0
605
1
84
0
0
2
0
0
0
0
0
125
799
0
0
0
10
0
102
0
0
0
28
67
1
2
0
115
0
0
103
19
0
2
1
0
0
878
0
0
0
646
0
0
0
53
0
105
1535
0
0
0
2
0
0
0
0
0
0
0
71
17
0
0
0
1
0
0
1
5
0
0
550
0
32
0
20
0
0
0
0
0
0
0
0
0
0
0
0
2
0
0
0
0
0
4
226
0
58
0
0
0
31
0
0
2
833
0
1092
0
260
0
2
0
0
0
15
0
4
0
0
0
0
0
0
15
0
0
0
2
392
11
0
0
127
0
0
0
0
0
0
0
7
0
0
32
1
137
21
0
0
0
13
0
43
0
0
7
5
0
0
0
2
0
0
0
0
0
0
0
0
0
0
0
12
0
2
96
19
0
0
0
0
0
0
1
0
422
0
0
0
11
12
0
4
0
0
0
0
0
29
0
0
0
0
0
1111
127
1
100
0
0
0
0
0
0
0
1
25
168
5
113
0
0
1
421
228
0
4
53
1
2
0
0
0
0
268
0
0
0
0
0
860
0
170
0
0
5
1
241
0
0
0
0
0
175
0
0
0
0
0
0
4
0
0
0
72
102
0
0
2
1048
0
2
93
0
622
0
0
0
0
0
0
0
3
0
0
0
0
0
0
1
0
0
46
0
27
0
2
307
0
683
0
6
0
0
0
3
0
0
4059
0
0
0
0
0
0
0
0
0
9
0
0
1
0
0
219
0
116
0
0
8
3
478
39
0
179
0
5
402
2
7
0
0
0
0
1445
0
1
0
0
0
0
1253
9
0
20
12
0
0
0
0
0
50
0
31
0
1
3
0
38
8
2
92
0
9
0
0
0
0
0
0
14
104
2
0
0
0
0
0
0
5
0
6
47
0
0
0
0
118
0
0
0
0
0
31
0
0
0
0
0
0
1
0
0
0
0
3
0
3
160
1966
201
0
0
0
0
43
0
0
0
0
0
0
0
0
0
30
0
177
12
0
0
41
0
0
0
0
723
1
0
78
0
0
2
19
0
0
52
0
0
0
15
671
158
7
1
0
23
0
8
0
41
0
21
0
80
0
313
0
0
209
0
235
87
17
0
0
0
223
0
0
155
60
0
185
2
0
0
21
0
193
0
0
0
0
0
179
1131
743
7
0
0
0
0
0
715
87
116
0
273
0
0
0
5
72
0
0
34
0
7
28
31
0
2
36
10
0
0
0
105
9
90
546
35
90
127
0
0
10
134
0
100
1
0
56
0
11
0
0
46
6
0
4
0
0
17
7
37
1305
0
0
1553
4
0
41
1033
0
4
38
0
0
0
4
6
0
0
0
0
6
0
0
2
31
2147
233
0
509
7
100
708
10
0
45
0
0
0
1
0
68
13
26
8
0
0
17
101
444
0
0
485
1
20
0
19
0
46
59
81
2
0
17
0
143
0
0
0
0
61
0
12
91
68
34
0
3
184
5
182
180
39
0
0
51
1011
4034
0
0
37351
64
278
4
0
0
0
79
210
0
23
12
239
0
0
0
160
0
195
0
0
2577
10
88
1898
0
0
7
912
0
11
41
92
126
98
257
0
0
607
53
6
0
37
16
0
56
404
0
1
6
173
0
0
0
0
0
0
2
0
0
11
318
21
153
36
188
828
3
11
60
0
30
0
1018
0
136
2
35
0
1
0
78
0
1030
341
1399
0
0
75
140
0
397
153
0
0
0
6
1
581
3
64
0
61
359
1
0
0
6
421
0
0
6
188
0
67
0
2
9
0
31
31
4
207
0
321
2
0
39
20
0
1115
2
839
0
139
0
0
0
21
159
254
6
0
0
585
0
310
0
0
155
206
31
0
0
120
69
0
81
0
5
0
118
36
0
0
1857
0
0
270
9
85
24
193
0
0
17
1
2
85
0
34
43
2
141
572
88
76
4
672
58
0
464
5
0
234
0
0
13
44
1
0
60
67
890
16
0
0
0
0
400
80
397
105
266
0
21
0
0
0
43
477
42
0
1
15
32
0
4
14
95
819
0
9
173
0
206
6
50
7
0
0
17
6
396
0
1
32
1
0
102
43
0
55
0
82
34
17
0
0
23
17
372
0
0
0
0
6
3
5
168
21
0
0
13
0
0
0
98
1009
5
0
0
0
25
715
27
60
2091
157
12
7
0
35
18
0
316
3
62
75
16
9
2
0
3
162
3
1
17
6
0
354
0
4415
2
44
16
0
0
59
0
0
0
9
0
1
73
6
0
171
0
0
10
0
7
200
0
0
43
556
0
0
26
30
0
2
357
1056
0
0
37
0
0
0
585
15
0
0
1
0
0
0
64
25
338
0
43
0
3
11
2349
0
5
9
5
652
2
0
0
0
18
76
0
368
48
0
0
418
531
0
0
3
10
0
1
16
0
1001
21
547
652
0
0
0
635
0
0
0
53
10
0
76
0
1
65
0
0
0
171
132
109
34
113
0
0
1
1
82
0
0
236
17
0
133
0
0
0
404
218
2295
195
1
228
11
2
976
0
1
0
4
0
219
216
161
11
426
14
0
98
0
0
17
0
1263
0
18
25
348
15
229
9
0
5016
0
0
0
13
0
0
623
0
121
258
273
3
73
0
69
31
2
33
9
126
1511
0
1
0
330
0
101
13
112
0
13
29
2
189
0
0
1
0
0
1456
0
102
0
0
0
0
22
107
632
0
1
0
0
0
0
1
0
0
855
485
6
0
15
0
0
91
0
0
1
0
0
0
35
10
384
39
0
4
0
8
63
194
22
0
0
85
0
0
3
0
2085
11
1
0
183
2
0
339
0
102
0
3412
37
0
18
0
0
259
0
1
0
23
30
46
0
0
152
140
11
0
173
65
0
0
0
661
9
3
36
324
2
23
0
68
0
124
7
0
0
0
56
41
0
141
81
0
8
0
0
0
462
334
0
62
0
2
57
205
42
0
133
0
222
94
49
0
7
3
0
10
2
0
0
0
1352
32
2
0
0
0
0
1346
62
133
82
0
0
22
12
9
87
6
0
0
3
0
0
0
440
0
0
6
26
50
115
437
0
0
76
0
1528
10
167
0
22
0
145
22
75
0
108
37
39
0
10
0
466
87
18
0
414
508
0
200
0
12
0
2
0
0
747
76
0
343
0
0
87
0
1
0
870
61
0
0
0
15
652
156
1
0
0
33
0
0
9
93
4
0
0
16
0
42
0
0
0
289
3
0
3
638
0
19
3
3
0
0
10
133
0
0
179
0
0
0
0
0
73
10
0
0
42
0
0
4
0
0
15
2
0
0
91
19
181
0
0
11
14
8
0
2
0
0
0
0
2
1
26
5
0
0
0
0
6
0
0
14
0
1
23
0
0
28
0
0
2
0
34
0
0
1
13
26
5
0
0
0
0
10
823
1
0
0
2
36
10
29
3
0
0
44
202
1
886
129
2
40
0
40
0
104
0
6
74
1699
8
0
0
46
6
0
722
4
166
0
0
20
0
48
192
0
135
7
146
7
0
69
86
17
0
0
29
787
15
8
45
24
0
743
10
528
1913
0
0
34
33
0
0
12
363
14
7
43
287
5
48
24
2
82
114
146
3
0
0
515
3
0
0
0
0
1
0
0
7
0
43
28
15
141
4
47
0
3
143
45
29
0
0
7
527
6
162
0
11
10
0
1
354
0
104
1
0
0
2
457
0
0
524
2
1
17
0
0
98
1
1679
0
526
0
81
225
19
0
0
0
0
0
1857
0
0
2
0
649
0
0
702
320
4
0
116
4
15
230
93
0
14
146
0
2
263
6
0
0
0
0
0
20
59
0
81
182
0
0
199
2000
46
2089
0
19
1
356
6
126
0
0
21
2
11
0
0
1
0
19
0
21
14
152
0
308
68
272
652
96
369
0
0
1180
0
0
0
0
183
622
3
0
0
8
3
0
0
0
0
0
0
0
0
26
9
52
85
91
4
0
0
139
0
2
0
0
13
0
71
0
72
0
2
0
0
0
0
12
216
12
0
0
0
0
1633
152
0
0
0
0
94
0
3
0
491
0
4
27
436
0
322
5
0
3
0
132
0
12
0
0
0
0
3
59
32
0
1
15
10
0
136
0
44
0
1
1
1
256
2
0
14
0
0
36
0
132
119
229
0
0
0
81
448
0
2
0
0
0
0
161
0
2
197
0
0
0
0
0
110
0
15
265
153
36
0
83
108
113
0
0
1
237
11
84
0
0
0
0
3
22
57
676
0
1
0
0
13
0
1
0
0
1
0
2
0
190
26
0
6
16
88
0
24
7
0
0
0
208
0
82
0
143
75
0
7
1
0
0
0
0
29
0
0
4
14
55
0
0
17
155
2
26
0
40
4
0
0
1
0
0
0
13
0
1
6
0
1
2
48
0
2
7
0
0
30
0
5
0
18
6
66
8
0
428
6
1
37
6
3
0
3
0
1
0
0
0
5
0
24
36
0
0
0
49
62
21
167
0
0
22
0
19
1
1309
0
106
56
762
0
0
701
374
0
0
3
558
2
0
4
20
0
0
1
15
0
62
0
15
392
6
576
1
5
3213
113
0
13
0
34
3
0
0
293
0
3710
0
0
83
0
20
0
1
351
0
0
37
0
231
2
2
2
109
3
8
0
0
513
41
0
0
140
0
90
5
52
14
169
2
8
0
0
0
0
0
591
0
0
134
209
4
0
598
0
0
0
3
0
0
0
613
4
286
19
53
690
2
70
0
161
3
22
532
1
0
18
13
2
0
201
0
27
2
0
5
693
0
1526
0
443
7
0
217
0
0
196
0
201
145
0
5
22
226
59
21
0
0
0
11
186
0
0
0
16
159
2
0
3
0
2
404
0
63
1401
57
395
41
18
631
25
7
5
202
651
0
0
618
427
94
0
515
159
23
0
0
4
0
1530
1460
363
29
111
0
55
11
0
0
468
12
68
0
223
75
0
23
6
19
275
48
16
96
0
2
70
8
0
0
0
197
0
45
390
21
6
0
1
29
174
0
30
0
3
364
0
655
32
4
0
0
1131
0
155
852
2
0
62
349
105
275
65
0
0
0
859
0
1013
77
0
0
0
2
1304
0
1005
36
1984
25
98
200
221
0
213
1
0
0
0
7
24
45
149
0
8
15
7
227
0
0
381
16
0
0
56
146
29
215
0
0
9
1785
0
1
7
3
3
0
273
36
2
4
34
0
88
8
0
0
1
71
213
0
0
0
0
88
0
3
16
14
0
220
7
4
0
0
0
1
13
0
58
3
23
0
73
0
139
0
8
38
21
1
36
9
469
0
0
0
0
129
139
7
444
30
0
0
139
0
3
0
261
130
0
0
202
25
0
137
52
120
0
62
0
0
0
5
2
6
149
365
19
0
0
151
265
0
58
0
21
13
130
172
223
251
776
3
221
253
2
6
0
5
39
0
315
0
97
130
61
0
28
0
135
475
593
403
0
913
1070
0
0
0
1
200
0
0
0
69
31
0
0
0
4
0
0
0
0
58
411
101
75
14
17
1784
3
2056
0
0
217
0
6
3
0
0
275
21
3
328
1384
0
28
1
0
133
290
0
1
14
0
0
36
3
53
0
108
9
43
15
0
2
547
73
0
0
115
25
0
0
0
0
74
0
1
1
0
0
1016
492
14
133
16
0
1
0
0
15
70
487
2
272
281
0
71
57
39
166
0
46
0
0
0
13
0
327
19
14
25
40
22
60
0
0
0
0
1
0
17
26
466
0
4
0
2
1
0
0
1
25
11
5
0
701
4
89
71
0
5
75
1080
19
43
38
0
0
10
0
53
40
5
0
446
0
547
147
17
1
116
26
97
8
6
0
51
25
267
181
0
0
0
517
0
0
0
0
57
0
17
126
0
0
3
0
78
20
0
1104
0
1873
2
47
68
9
0
569
2
0
0
216
0
0
0
0
128
0
238
24
0
210
8
3
15
145
112
43
0
0
1
20
0
0
0
23
306
0
0
4
7
49
0
0
158
87
4
0
9
0
17
0
0
2
1
982
0
3
0
0
0
10
0
40
0
422
0
0
130
5
240
0
1
0
161
0
12
1
23
4
0
963
42
9
1
0
0
0
0
0
64
186
34
0
15
2
0
5
151
0
7
13
3
0
4
0
116
420
1669
40
287
2
5
6
0
45
0
4
0
2086
0
36
124
0
1153
1
0
1
46
0
236
18
0
5
8
4
36
48
0
0
5
32
0
0
0
19
0
1
0
0
328
285
5
467
104
3
710
0
1
0
130
185
3
22
33
0
25
5
64
238
336
1719
3
0
2
0
14
1359
60
16
149
1345
41
90
0
1539
162
24
0
0
726
38
1109
10
0
6
1
68
0
1294
23
45
224
0
1
318
110
0
11
100
549
0
0
23
9
0
6
191
7
10
2
4
0
502
94
1
0
38
9
0
0
0
0
39
0
6
265
67
25
0
938
1
0
50
29
0
4
3
7
0
389
0
188
1
98
0
425
24
339
2
14
0
0
0
1
0
0
0
0
2
54
0
867
0
63
0
9
69
27
0
9
2
274
31
37
64
0
0
0
152
335
0
0
61
0
3
0
0
0
599
3
74
701
8
38
23
79
0
0
0
0
235
16
5
0
12
0
0
0
0
0
2
62
86
30
1
16
15
1
9
0
3
90
4
0
9
33
192
79
0
0
61
0
0
0
16
0
0
59
9
21
70
0
1
0
348
0
1
0
0
0
105
15
14
0
167
55
188
2
158
21
10
13
2
9
40
0
0
2
0
290
43
34
121
146
0
60
149
0
0
5
0
46
2
32
34
3
0
414
0
39
1
3
11
48
204
0
675
0
262
18
0
3129
8
399
0
510
0
0
590
200
3
0
14
137
0
39
1
0
93
8
2514
36
0
0
0
0
1
855
2219
15
76
5
482
0
256
74
0
1
487
0
72
9
13
232
62
228
78
192
12
0
40
149
4
0
1
0
1
2
330
0
32
19
0
8
0
135
34
186
182
19
28
0
108
5
198
1385
74
1
400
84
58
9
0
38
10
436
15
0
6
1
0
2
1
332
0
13
0
5
71
6
0
0
14
1
148
0
7
0
310
3
392
0
540
0
0
21
15
5
1
0
308
2878
94
62
33
165
0
623
18
339
1176
3
69
0
32
139
55
0
31
2
6
0
7
7
32
445
7
3
0
0
0
290
35
56
0
68
718
539
5
0
2
0
53
139
0
37
0
262
160
111
34
434
28
13
0
0
592
0
0
0
0
74
0
0
0
69
0
0
7
453
0
0
0
205
508
182
26
180
9
1070
0
121
16
0
10
49
15
4
0
35
289
5
0
0
362
0
825
1
13
0
0
1410
0
0
20
8
0
5
0
98
119
68
2
41
0
0
56
83
0
2746
2407
0
456
119
0
0
0
80
238
30
0
0
0
73
5
1295
9
129
68
0
91
0
505
20
23
168
1
4
0
4
1602
0
31
0
0
8
926
72
25
245
0
0
3
0
3
2
110
193
3
15
144
0
0
0
7
302
0
10
64
57
176
0
0
3
6
5
482
65
1
154
39
3
23
0
0
0
357
63
7
215
5
1020
32
1
206
147
0
0
7
409
0
116
0
0
0
0
150
0
0
6
0
0
0
0
4
14
90
38
615
0
2
2
68
0
0
0
716
0
1
0
0
0
0
297
0
0
0
0
18
0
0
0
0
580
11
25
0
109
0
0
0
766
0
0
697
0
0
0
219
27
517
8
0
0
29
103
27
0
55
668
0
0
0
15
0
0
22
0
2114
0
15
34
21
0
0
0
9
0
319
15
57
252
454
0
0
280
193
0
0
0
12
185
3
77
2
76
224
10
6
2
0
42
6
23
0
114
0
2
2
4
117
45
29
168
0
127
658
22
0
299
0
81
0
161
35
156
0
0
119
703
0
30
3
1
0
100
0
0
0
12
368
5
0
51
96
489
12
39
4
233
0
48
229
211
0
0
0
108
160
611
41
0
42
0
17
0
0
6
2
2
0
0
0
125
8
0
0
0
250
8
0
14
3
0
0
162
2
0
3
0
343
1522
50
981
1
0
0
0
0
245
1
0
42
0
304
0
0
12
0
0
0
183
441
0
0
1161
0
1
0
0
2
0
19
0
0
0
0
0
9
50
0
19
39
0
14
0
0
0
162
1
192
676
0
114
3
41
2
19
0
75
0
106
85
4
115
17
0
79
0
3
69
148
0
0
86
0
0
0
181
0
4
0
547
114
35
250
0
1
2
5
142
45
36
122
3
0
0
2
0
0
209
127
0
508
1
44
5
5
0
0
65
111
0
0
0
93
19
2
0
41
210
64
3
146
76
0
0
7
0
107
489
296
0
4
334
0
539
0
0
0
6
99
7
340
0
0
0
0
0
0
46
0
0
0
164
0
0
0
130
2
6
265
0
0
0
1117
0
2
310
0
30
0
0
0
0
36
0
13
6
44
29
616
0
127
0
88
0
0
0
0
2
0
32
0
2
0
25
0
0
0
10
0
338
90
1049
0
6
4
45
9
870
0
29
0
0
0
156
0
76
0
0
89
0
85
3
0
0
6
460
168
167
67
15
58
0
0
8
0
26
2
7
75
80
14
0
5
1
2
102
34
20
233
1
151
0
9
53
0
1103
0
441
0
0
782
0
79
25
381
0
6
0
13
28
1277
92
13
14
0
0
0
0
0
32
379
83
2
558
207
142
0
199
48
37
67
0
12413
4
45
2
162
291
76
2309
0
244
83
12
25
31
0
108
4
1
424
90
0
119
173
8
126
0
0
1
452
0
17
52
29
61
5
0
1
0
1
0
3
58
124
31
2
1539
0
0
0
0
39
281
11
26
2123
0
2871
0
0
69
0
0
0
6
0
0
0
461
313
12
0
59
143
541
1
23
85
201
0
226
0
6
2593
2
0
0
0
0
3
0
0
88
0
1
47
1734
11
116
12
0
314
361
633
129
74
0
104
517
1
0
26
14
476
0
0
560
45
0
3
0
0
0
85
18
435
0
2
51
1
5
0
2466
121
0
0
0
0
161
11
0
2
46
0
0
0
21
183
1288
27
113
505
0
0
0
87
0
0
0
6
0
251
2
0
204
306
62
0
719
465
55
42
7
8739
3
0
0
1
2030
0
0
0
14
0
0
0
0
9
170
7
0
7
0
260
1
0
89
810
0
637
9
23
9
0
0
0
15
30
11
0
3
0
0
13
0
0
0
196
121
28
0
119
204
0
0
187
33
0
56
220
3
12
6
0
0
0
0
174
432
0
0
6
147
16
0
261
0
2051
14
0
0
133
0
4
31
62
0
83
26
69
972
225
0
0
18
0
6
0
0
46
4
0
83
0
2
1
223
0
40
2
0
1
0
29
16
64
61
0
0
161
0
19
0
0
0
9
3082
11
2
0
27
0
90
0
0
56
8
54
26
485
0
0
33
16
25
144
0
131
12
0
2
730
83
69
30
0
12
0
1
0
0
22
2
28
0
17
0
0
44
55
364
16
0
0
83
209
111
8
100
3
21
7
0
66
0
0
1
0
0
0
9
26
0
79
10
0
0
0
0
0
351
0
158
4
0
0
118
16
224
15
1492
45
129
0
2
54
0
0
0
0
0
116
0
12
4
0
0
0
15
490
0
1
0
0
451
0
0
18
0
496
154
0
577
3
10
2476
0
197
8
0
0
12
0
3
0
25
0
2
2
127
794
146
55
469
0
25
102
416
2
1228
35
1
15
142
311
22
1388
1
27
13
0
0
0
3
287
270
4
790
307
0
2
0
131
0
0
0
14
10
1480
6
0
0
59
328
196
0
4
0
3
0
25
0
105
162
17
8
194
0
55
0
3
0
3
1067
477
603
0
203
0
68
81
60
0
0
3
0
1
0
688
0
133
51
0
2
1272
36
225
28
252
19
0
5
7
2727
2
1
0
101
0
149
858
73
0
54
3
263
4
33
0
236
228
7
0
2
62
181
0
8
0
138
25
2
0
19
0
0
0
0
0
182
0
1647
0
0
29
2671
1
30
1
1
10
0
75
0
0
2
307
7
0
286
179
165
85
0
3650
261
27
4
0
0
11
0
0
121
0
0
0
73
14
0
334
0
0
17
10
0
154
0
1115
12
80
316
313
443
0
90
1
52
0
539
19
393
0
0
0
0
3
482
23
0
2
566
13
417
0
310
54
102
26
38
13
0
20
3
9
0
0
0
161
0
0
268
0
21
202
413
12
1
0
1
12
3
0
0
31
371
2
0
574
79
250
0
0
0
107
2
0
63
64
3
0
0
162
0
0
28
0
4
120
8
0
0
46
4
517
0
44
1
0
4
0
0
39
0
21
0
43
161
0
0
476
0
209
0
87
5
0
21
10
169
151
303
1
0
1
73
0
0
47
0
455
110
2285
0
13
17
52
108
65
0
0
0
34
9
0
0
0
0
0
2
0
0
155
36
0
4096
1384
1
0
0
0
240
0
39
0
567
68
0
0
2113
124
0
0
14
165
9
0
0
39
11
1
159
542
0
846
0
0
309
99
147
29
0
2
0
732
1448
0
54
0
259
0
0
0
1911
682
0
0
0
1450
81
14
331
0
0
0
0
3
68
335
0
76
0
0
0
0
0
1
40
29
0
44
0
38
0
0
85
12
13
0
271
0
33
0
29
1
0
783
4
0
0
26
19
0
254
1536
9
76
57
9
243
14
0
0
21
0
11
354
0
7
2
0
0
2
65
117
375
0
0
42
109
197
16
0
201
128
272
7
0
191
25
20
0
20
20
42
207
1
111
1
12
5497
794
131
0
78
0
408
133
0
0
72
169
7
33
6
3
0
0
0
0
0
3
0
10
332
93
43
1
0
2
0
40
9
624
0
0
0
0
0
0
53
767
0
23
10
0
16
0
0
489
97
0
3
0
0
21
457
44
46
0
167
0
0
55
0
0
18
0
10
90
14
0
0
424
7
0
1
0
587
0
15
103
0
0
72
12
143
0
7
0
50
0
62
6
0
0
2
374
0
0
263
25
34
0
577
0
6
2
124
22
12
3
21
7
4
820
12
0
0
0
0
8
0
0
274
17
34
116
0
5600
63
11
170
0
8
2
0
98
72
33
1
74
0
8
68
663
4
104
24
19
143
15
0
0
54
0
0
0
150
1036
0
6
131
135
235
0
0
0
0
29
0
1495
0
46
0
12
263
53
20
100
3
10
0
39
0
0
9
0
0
0
166
75
2
3
1547
1
0
0
0
27
195
9
0
143
0
20
39
214
272
3
66
0
14
462
19
182
0
0
9
50
0
0
0
134
3
449
698
0
2
0
1
25
12
93
0
0
174
43
80
0
0
55
7
406
0
0
81
0
6
1
0
346
9
270
2
0
0
0
5
1
468
208
0
3
22
66
218
43
3
0
6
124
0
21
0
889
11
131
2
78
7
2
0
2
0
441
502
34
0
12
0
1
450
0
0
42
0
0
0
2
0
23
1
1
7
4
0
643
250
3
289
1
0
0
432
0
12
0
38
0
3
33
0
12
1
195
555
0
2
1376
0
0
1
27
194
0
62
24
0
0
0
0
407
28
1
8
0
37
1
0
1
6
0
73
16
0
0
0
0
0
0
8713
0
1
2
1237
1
33
0
0
896
69
45
4109
39
0
591
0
2
15
16
57
0
341
0
267
0
0
323
0
65
0
3
4
517
49
0
0
28
90
267
383
31
0
1
299
0
0
0
78
19
2
0
6
0
4
55
4
113
114
0
0
0
19
30
9
1644
0
27
3
20
2
636
6
21
20
559
0
152
31
0
66
201
0
0
4
55
42
49
0
0
0
0
65
531
6
21
19
8
1088
8
3
241
15
405
24
0
317
4
10
0
23
373
3
44
5
385
0
49
4379
6
2
0
129
0
69
130
5
53
96
959
452
0
0
31
0
0
20
319
19
22
0
16
172
1
0
43
3
0
2
0
0
0
2869
0
0
0
1111
0
22
0
21
1657
0
0
10
3
15
0
0
13
12
34
209
0
0
52
74
65
196
242
38
0
63
0
68
290
0
182
0
24
1060
0
103
20
0
0
61
4
59
16
5
0
20
0
2
0
0
2
225
0
0
48
128
0
10
0
66
1
121
1
32
0
2
811
0
637
0
989
118
0
22
429
0
60
15
9
0
239
0
20
169
2207
1
0
0
1
14
425
0
5
0
467
0
0
0
0
315
0
1606
0
0
59
0
0
0
87
0
33
0
136
0
4
68
0
18
0
7802
1
5
2
0
0
0
57
0
0
0
37
0
0
0
1
411
0
431
64
101
0
0
94
46
0
0
0
0
2
2
97
148
3
0
250
3
0
262
0
379
0
0
115
0
0
6
93
0
439
3
15
0
0
0
0
0
285
0
9
0
0
259
10
2
533
0
0
0
20
20
4
1
0
205
2
0
0
13
0
0
0
18
48
0
15
14
0
58
0
0
689
1734
0
0
0
0
145
0
32
5
43
0
0
5
1
525
81
1
4
2
115
0
15
99
32
28
6
2
17
0
14
181
1
0
92
440
2
110
0
0
12
86
0
1
0
11
69
6
146
0
35
0
0
0
2
390
0
134
0
2
0
137
3
0
46
17
0
175
37
0
21
0
0
39
7
0
34
76
0
0
4
5
0
8
70
0
0
1
2
0
983
0
47
0
250
0
69
38
425
2
0
22
0
584
4
4
59
0
0
2
1
585
0
0
14
0
7
88
25
243
169
0
0
264
0
8
0
467
2215
405
0
20
19
142
98
0
0
0
55
6
31
1
101
31
1332
85
224
155
1069
373
1
0
22
0
84
248
0
157
0
5
13
0
3715
3
1
4
20
57
0
0
273
0
28
0
3
0
0
0
232
0
21
2
0
0
1
25
9
0
313
5
75
0
245
0
0
2
3
116
0
5
0
7
135
0
199
293
0
13
1868
18
9
6
0
0
0
153
1
1
0
27
0
13
0
0
48
506
169
0
0
0
0
39
0
1
0
0
6
0
11
12
3
0
1
258
3
0
0
9
216
510
256
768
0
11
138
0
0
0
31
829
153
5
0
77
0
0
15
105
0
0
0
0
1
0
0
3
0
0
0
1
6098
1
107
24
3
9
1
524
509
819
0
0
0
328
0
35
85
0
0
0
51
73
10
0
0
30
0
524
70
0
3
30
0
0
82
13
0
11
0
7
6
0
11
1385
100
4
126
16
39
153
708
0
10
0
0
12
3
404
41
574
1057
0
7
21
20
121
0
5
0
70
48
30
109
17
229
0
0
56
1
3296
2
0
0
0
4
0
4
3
30
41
1
51
0
205
118
21
190
0
26
4
61
51
1924
533
0
0
244
0
39
0
784
0
0
2073
0
0
3
0
0
0
8
0
420
0
1
159
0
0
0
12
5
6
7
0
0
121
0
97
90
3
0
0
1202
6
2131
7
42
0
193
73
2
0
105
21
0
32
0
0
72
2
23
0
0
238
5027
11
48
79
867
0
5
2957
0
0
662
147
0
375
3
2077
0
0
0
252
8
142
0
0
416
0
45
0
0
0
2101
897
17
3
128
0
1032
1056
28
1
1135
0
0
2
1
62
0
0
817
0
0
26
203
130
0
574
5
124
23
8
5
0
58
0
978
249
166
0
0
5
0
931
0
0
1173
106
0
0
18
4
111
0
526
152
34
228
0
0
952
452
160
53
0
0
196
430
306
0
2
51
69
1
1
1
0
117
0
8
19
1126
269
0
0
1
1
3
257
210
0
170
3
0
29
166
0
18
473
0
0
39
49
36
0
30
0
194
17
13
0
134
0
0
0
42
261
0
856
99
0
5
251
120
113
46
10
23
0
46
3
25
15
0
8
0
0
1
0
0
0
2001
324
55
2
0
0
0
543
123
36
24
35
0
720
0
0
0
0
335
207
140
21
0
77
164
181
0
56
63
0
9
0
0
0
1
42
694
101
0
3
46
5
56
1
0
2
9
91
2082
0
0
0
17
50
0
22
0
22
12
3
0
386
2548
639
0
245
1
19
0
16
2
2
1
369
8
509
147
224
0
128
0
945
0
442
1
6
72
5
68
251
494
177
597
0
668
0
10
0
19
281
23
566
53
90
12
13
0
0
22
3
37
43
58
0
184
61
0
262
68
9
551
28
263
179
919
29
370
11
0
0
3
0
4
36
1357
0
21
488
0
150
0
0
38
273
139
0
0
0
0
25
0
32
87
1381
0
4
318
159
0
356
19
0
138
2776
160
55
268
4
0
499
0
625
102
16
102
133
1
0
0
0
8
1
0
1
49
0
0
0
29
1
10
0
0
4
113
5
0
0
10
0
56
0
3
329
2
0
0
374
8
0
0
129
515
0
125
0
449
46
18
46
531
311
11
39
0
0
0
48
235
11
4
3
0
0
0
0
0
0
0
69
203
21
0
2299
0
3
0
17
1
195
0
0
229
1
118
40
31
0
0
0
114
13
0
9
0
0
134
503
1
0
93
0
230
0
366
0
1389
659
0
0
7
420
0
9
52
0
296
137
5
641
54
0
0
0
0
50
55
316
0
13
0
3
91
0
1078
25
0
0
11
0
2
1
0
159
298
14
977
122
973
21
98
99
449
894
2
0
11
2
14
55
0
294
2
0
0
0
16
0
10
5
0
2
4
1
0
0
169
68
0
3
0
30
8
91
4
214
6
4
0
168
11
1220
12
75
8
218
0
52
201
2
59
26
261
0
548
82
802
0
78
25
0
0
1
7
79
6
106
24
15
2
105
234
3
817
923
222
0
0
299
1
0
69
0
43
0
42
0
0
0
0
25
3
3
0
586
386
22
1
243
2
0
111
130
0
2
4
46
4
14
3
0
3023
71
0
20
65
11
0
0
74
2
144
368
5
1
81
2
96
0
0
20
0
0
0
43
2
0
0
36
23
0
32
0
34
1
61
146
0
0
23
1
928
46
0
7
61
0
0
1
42
946
89
0
0
511
0
0
0
0
314
392
37
0
122
0
2
17
20
22
14
0
409
199
189
0
2
2
2
0
7
49
105
22
1
0
10
0
2
2322
0
0
32
19
515
20
6
0
1
4367
829
126
90
0
3
0
0
26
0
1
116
221
468
666
2
853
3
368
0
0
0
0
74
0
1
0
0
0
31
0
74
0
287
3
3
0
48
0
149
3
50
2
0
0
479
152
0
0
0
0
0
9
19
0
71
0
109
0
240
188
8
0
1
0
0
5
29
0
165
739
0
0
0
1472
15
0
4
8
102
0
4
3
17
32
0
1
138
1
0
18
0
46
1445
0
28
258
18
0
0
73
0
2
0
48
0
0
130
0
10
0
0
229
0
20
3
0
0
3
0
991
0
0
0
0
675
0
126
0
0
54
93
0
0
265
0
11
5
1
150
0
0
86
0
0
9
16
0
5
0
1637
2
7
0
0
29
2
257
67
7
6
25
10
15
21
7
0
0
3
3
593
18
0
0
2
0
15
77
30
10
0
48
239
692
1
0
0
145
30
0
540
778
0
1
159
16
0
2
6
1000
12
11
111
28
0
54
0
3
4
0
0
0
19
8
14
0
113
210
270
40
0
184
0
1974
0
6
0
3
111
27
1152
28
0
4
23
377
0
0
170
6
6
4
8
41
225
7
81
1
0
89
361
0
0
700
7
883
0
0
0
0
35
1
278
0
14
11
0
0
0
1726
468
0
87
281
23
176
826
414
43
115
5
0
0
0
0
179
0
37
75
224
13
385
110
148
0
0
0
0
1
7
64
9
0
0
168
0
105
132
0
404
0
0
207
293
5
1009
397
6
17
2
122
1
448
0
0
0
393
0
0
87
0
0
776
0
19
20
0
841
0
0
0
570
38
258
313
191
0
396
95
0
256
14
2
100
155
12
72
0
0
18
0
2
627
6
15
0
0
0
0
0
186
5
0
28
73
52
19
172
23
0
0
0
747
165
41
6
3141
0
0
49
0
6
3
77
0
46
0
28
6
0
2
378
2
50
215
51
0
0
10
2
3
113
186
3
803
0
5
0
8
2
0
0
21
626
0
3
36
13
0
1
0
77
0
46
3
0
0
148
0
138
262
0
0
186
385
9
0
2372
28
3
6
86
0
387
0
0
1
0
2298
0
0
0
0
302
0
3
7
0
0
19
1
65
34
0
306
82
6
0
24
50
0
67
0
0
64
0
0
0
385
0
17
15
0
210
64
94
157
9
6
245
0
0
1762
1
11
0
1
0
428
13
0
78
0
79
38
12
280
0
23
65
73
147
0
334
1
0
195
0
0
7
528
45
0
124
14
0
0
0
607
0
161
0
0
0
0
17
0
0
44
0
39
191
0
58
0
0
58
57
1619
119
0
0
0
36
11
78
0
32
36
1
1
13
3
0
0
0
9
0
13
32
0
0
0
0
1055
0
2
27
8
0
0
0
260
171
2008
0
0
77
26
6
24
345
59
0
22
52
36
10
0
15
5
9
62
195
0
0
37
0
0
0
4
30
0
0
0
17
2
0
0
12
11
51
41
0
28
54
4
0
0
299
10
2
70
0
0
192
0
0
29
0
1516
0
53
8
7
5
0
0
0
4
0
0
1
0
0
3266
19
77
0
0
0
47
62
93
4166
0
1
22
0
0
173
94
0
974
0
142
4
0
128
0
0
98
0
0
9
0
5
129
8
219
0
2
571
5
0
1077
0
0
211
167
9
0
0
558
0
404
877
5
4
0
1446
120
86
0
222
36
0
3
3
0
22
4492
365
0
1073
2
89
43
0
0
30
0
80
151
32
0
132
92
162
14
39
474
145
3
0
186
264
0
49
0
0
0
115
40
113
14
56
1
39
0
7
17
0
2
0
0
88
0
505
0
155
0
41
4
36
2519
0
182
0
23
13
0
17
68
6
8
16
198
0
0
0
0
0
128
0
0
7
0
18
47
6
28
1010
0
0
0
3
0
0
92
1
0
0
14
0
165
0
0
0
3
0
35
78
0
0
3
182
222
0
0
0
0
14
0
0
29
25
0
42
1
724
32
0
10
0
0
376
0
0
15
0
6
0
49
2
31
0
0
0
45
42
89
1
12
0
0
11
0
185
1
31
45
47
455
4
0
0
0
3
0
0
0
0
0
45
32
0
0
0
152
0
27
0
81
183
7
12
29
0
0
7
10
0
0
0
0
0
0
15
2
64
0
0
415
99
102
25
35
0
463
59
0
93
18
131
28
33
3
0
10
21
0
8
1820
1
0
31
0
2
0
123
45
0
0
73
0
0
0
23
3
0
4
112
0
0
0
0
0
5
162
0
623
7
0
12
372
0
2
5
32
0
18
1
0
0
0
100
95
0
0
537
3
3
0
0
0
0
1
0
166
6
0
0
0
3
3
182
0
0
0
9
3
0
43
374
13
0
5
0
0
0
0
15
8
41
0
4
56
6
0
0
114
72
0
0
0
0
0
0
8
0
0
0
67
0
0
0
1285
0
82
12
1
36
0
6
0
2
113
180
0
0
0
0
3
29
0
31
7
8
292
15
123
0
6
15
485
886
0
0
0
8
159
4
1
0
1707
0
0
0
10
36
0
27
0
2
143
0
101
22
0
0
4
0
353
0
10
492
1
0
0
21
0
17
28
85
0
0
2
0
505
16
0
0
4
0
3
0
2
3
37
251
0
0
30
4
0
75
0
0
157
0
0
0
233
3887
0
0
1
0
19
0
22
0
77
142
9
944
0
2
0
7
297
63
13
21
35
2726
451
0
0
2
0
15
25
0
0
5
0
402
7
415
0
25
0
0
0
418
85
0
44
166
8
0
871
44
36
3
53
3
19
0
0
27
6
0
0
786
21
0
0
16
0
19
65
21
0
0
0
183
167
19
0
0
29
1
33
0
1
0
13
126
0
0
0
0
2
0
0
0
707
0
28
0
11
2
0
0
0
0
83
57
0
2
0
18
1
177
85
0
345
197
2
0
4
0
6
0
11
9
2
0
0
459
7
0
350
0
0
77
0
0
30
66
5
0
317
9
131
3
39
1
5
31
97
0
0
0
0
0
58
0
8
1
7
14
59
7
2
0
0
0
4
296
99
8
0
0
245
85
0
47
153
233
174
0
23
46
73
0
2
103
15
825
0
29
5
0
0
0
0
6
0
8
2
165
5
0
3
0
12
258
0
350
2
94
811
88
0
0
2
2
8
138
0
0
0
110
0
30
0
24
0
29
0
0
0
501
32
110
1
0
0
569
1
44
0
5
26
73
0
70
0
783
0
20
3
0
4
20
0
72
433
1
0
0
245
2
8
87
0
0
0
1
0
0
10
88
1079
348
12
0
107
45
35
132
0
3
0
1
0
548
0
32
0
194
0
51
95
0
0
0
20
291
104
28
11
16
0
14
2063
0
30
11
0
17
10
45
45
0
0
0
1081
3
0
252
65
0
729
0
2
31
0
59
27
225
18
0
215
0
0
0
2
620
2
42
3
60
2
4
0
0
0
3
20
8
0
5
82
6
0
59
688
1
0
148
0
0
0
3
0
3
131
0
593
0
0
0
0
35
13
0
4
276
12
443
260
33
210
9
99
1
600
0
0
403
26
0
0
0
194
0
11
3
170
0
4
0
16
3
186
0
4
1
0
0
74
1
0
0
78
60
3
89
26
1
21
0
0
48
0
92
95
223
0
4
9
748
2
6
0
0
191
23
0
0
948
119
18
5
0
0
6
0
0
135
0
8
0
97
0
22
0
10
0
0
49
0
13
2
662
0
0
3
0
0
9083
0
89
0
0
0
0
21
141
32
0
250
2
264
0
0
101
0
0
59
6
70
0
6
19
849
425
68
0
1361
0
121
55
0
24
0
6
0
162
40
15
134
0
1
3
65
0
0
140
0
0
0
37
14
19
0
668
5
196
0
463
68
11
174
234
33
0
1
15
0
0
1341
16
125
69
0
0
8
3
11
0
2
13
31
144
169
0
26
0
0
98
8
6
16
0
382
1
787
0
28
0
10
0
49
121
91
0
167
32
2
18
1
2
0
0
58
133
63
1
14
0
22
10
0
0
3
212
0
1
38
0
4
531
0
618
855
0
0
594
8
0
86
2
5
236
0
117
1
1
94
0
0
117
0
53
12
0
11
29
2
668
2
7
0
26
169
0
0
0
0
0
150
110
3
0
9
179
242
10
47
570
167
0
0
0
159
43
0
0
104
26
208
1
7
0
32
0
661
590
0
0
18
0
127
0
0
0
0
0
90
27
0
0
0
0
0
8
415
3
0
26
0
7
0
112
0
0
106
0
10
0
183
3
0
0
57
0
373
228
27
235
66
0
189
0
0
92
0
29
0
0
64
0
0
0
1
0
5
1144
0
0
0
16
2758
0
552
2
19
0
0
30
31
43
62
95
0
138
1
1
1
2
245
60
6
14
0
15
17
0
0
0
240
183
152
48
924
634
0
14
0
0
0
231
25
0
132
826
439
45
3
15
60
532
0
13
10
323
0
186
0
258
54
61
0
5
0
0
745
8
42
8
47
5
362
1
33
0
24
0
1
4
0
10
109
111
0
0
112
0
1
0
150
1
8
75
1319
68
2
280
0
0
14
0
126
0
0
0
4
90
5
4
0
5
57
13
19
0
0
0
90
0
42
3
6
0
9
15
1
31
0
48
0
0
3
3533
14
7
0
1
67
83
322
18
513
0
0
1047
0
0
461
0
4
0
0
610
149
0
5
1481
114
0
0
0
0
0
7
1770
2
1
8
7
0
413
0
0
0
957
34
234
0
93
0
1120
0
28
13
0
0
0
3
0
4
0
0
203
4
0
832
0
0
0
11
0
0
682
12
1
0
0
19
0
0
136
263
0
47
6
5
22
78
894
33
0
0
1634
69
1
409
1847
4
496
605
15
0
0
0
0
18
76
0
2
2
0
0
1
0
0
0
9
18
23
2
0
68
0
585
17
0
26
0
22
27
0
0
378
4
5
5
3
16
3
0
29
352
269
0
11
171
102
37
26532
128
28
41
1095
649
1
8
10
0
67
2
1
50
1
740
1421
0
0
0
42
209
51
117
237
7
0
0
0
360
353
0
1
36
5
0
0
920
9
85
6
0
0
214
0
10
443
64
0
35
0
0
32
235
0
4
115
754
0
0
595
238
0
0
2020
0
0
50
0
2
0
0
1
0
0
1
212
6
117
0
189
176
0
0
15
296
155
2
33
0
0
49
2
448
49
241
8
0
1
0
1
23
0
0
0
73
1551
343
662
0
45
17
0
126
0
13
0
3
25
368
89
0
6
205
3
296
0
0
30
1
0
0
0
0
630
68
17
17
0
881
5
2
0
63
2
43
285
0
0
100
2
5
118
0
47
0
1
0
8
0
55
95
0
328
0
0
0
9
0
58
6
668
0
33
676
4
0
0
47
0
5
540
28
3
0
0
0
53
2
25
29
0
0
4090
145
0
1
0
0
1149
0
0
0
219
0
10
1
107
1
0
0
281
0
0
11
0
0
75
0
11
0
422
44
0
1072
33
0
170
0
21
2
0
254
0
3
1861
31
0
0
0
83
172
0
21
11
0
514
1
135
8
7
0
36
0
1
7
0
2
92
0
5
4
0
16
1
0
240
1
0
0
0
2
5
0
0
1
0
0
0
0
0
1
77
5
65
88
1
0
24
0
89
0
0
0
26
0
2
0
2
122
1
61
28
3
5
15
0
228
0
0
201
0
425
0
255
813
0
3
11
0
0
50
0
85
5
0
1
144
0
400
0
0
15
10
306
25
669
198
0
75
0
184
131
0
0
151
7
7
4
253
1
0
57
12
510
38
410
0
2507
81
372
0
0
184
0
94
88
8
2
0
0
65
32
36
0
0
1
132
0
4
0
288
0
0
0
0
414
125
38
125
50
0
6
0
33
1
4
0
19
0
21
353
0
151
0
0
0
614
0
13
0
334
0
146
0
2
10
357
0
9
0
6
0
21
32
39
0
203
0
157
0
0
0
0
28
0
164
0
114
0
41
0
0
1
0
0
0
0
0
272
10
116
0
0
129
35
0
4
11
0
0
41
34
274
432
2
61
3
323
0
71
0
1
938
42
6
85
3
256
9
0
239
1055
10
1387
0
126
6
0
9
0
5
13
0
0
6702
0
473
0
71
0
109
0
368
269
118
0
22
409
0
523
0
0
0
128
0
0
0
11
0
0
64
1
18
0
1399
4
0
11
0
21
95
0
1
229
13
38
0
16
8
0
1040
0
0
47
203
0
378
0
0
0
0
63
1394
693
0
0
0
0
60
0
4
0
189
228
18
3
27
0
3
12
0
203
0
201
202
0
0
0
104
237
2
0
0
0
31
0
13
0
0
0
0
0
0
33
0
1
7
1
5
1
1
0
0
0
0
162
0
1
1
0
17
57
121
1270
91
16
227
0
0
0
1
0
1
2
0
5
0
48
0
0
0
0
2
0
0
0
7
0
92
2
4
0
0
32
9
9
6
718
269
286
0
13
65
0
0
2
0
105
0
4
0
0
19
0
0
6
0
2
494
0
0
0
3
3
13
2
1092
50
7
507
0
0
98
0
827
2
1
0
0
0
21
37
0
78
293
272
492
0
0
0
3
0
7
77
1
148
179
0
49
0
35
776
0
8
24
48
7
39
143
8
38
2291
802
0
0
3
35
0
0
11
136
2165
0
0
9
1339
0
0
0
2
1
45
285
304
1016
265
3
0
10
0
505
0
0
57
407
0
0
1
137
616
0
479
244
0
541
3
0
10
382
163
182
45
0
427
28
138
0
144
233
1048
0
0
16
0
11
0
0
272
5
3
1
40
575
0
19
211
60
2
1
0
55
2
51
0
0
0
35
220
0
0
14
0
0
0
0
0
84
47
145
179
276
0
89
0
0
31
412
153
35
1
167
15
1
2
1
276
0
912
13
0
93
0
0
39
0
5
0
0
0
0
72
0
0
0
12
0
0
394
0
1014
0
0
0
0
37
0
1
0
663
4
3
0
3
0
0
236
0
0
0
0
48
10
0
2
83
0
0
297
0
44
0
46
5
0
0
12
232
48
245
479
0
0
40
0
0
2
297
3
0
312
0
25
0
0
0
0
103
163
173
822
0
1
5
31
102
10
50
2
3
34
0
25
0
53
9
457
0
0
120
0
0
25
1
38
124
0
157
0
0
161
0
493
16
14
264
0
1154
1267
0
0
2
0
0
3
0
584
0
186
2371
201
43
14
139
3
17
0
16
14
0
0
2
216
90
48
65
1
515
472
13
42
0
2022
0
0
0
207
0
83
62
385
0
9
5
133
393
0
0
854
11
24
0
0
1000
1
0
347
13
254
140
0
133
0
8
130
552
11
0
8
302
0
0
4
0
0
0
264
0
830
1
0
463
0
0
18
2
99
31
118
742
0
0
33
50
0
0
0
30
0
46
50
0
0
113
0
12
44
1
321
602
0
128
6
15
0
7
0
21
0
21
0
0
0
0
47
0
366
2
4
0
479
0
0
0
0
49
6
874
0
73
76
88
0
0
0
9
0
0
0
0
114
0
14
0
7
86
0
4
20
14
0
8
0
0
59
4
10
87
0
898
88
231
0
0
230
28
10
131
0
406
28
0
0
45
18
0
111
23
30
6
0
0
4
413
214
60
1
1255
5
0
86
27
0
0
38
14
561
224
189
1527
524
0
72
11
0
471
78
1
0
0
63
120
0
4
239
93
0
158
0
1343
0
0
2
0
0
106
54
921
0
108
0
28
0
87
0
0
12
506
42
1
78
146
33
1
0
0
52
9
0
82
1
57
465
0
61
0
52
0
935
661
70
19
93
0
202
0
32
0
8
1
7
0
10
1
53
7
596
101
0
0
120
19
13
0
0
0
27
271
0
40
0
57
0
996
31
10
0
0
0
0
53
28
0
42
87
72
2
3
0
2014
0
10
236
0
182
2
31
0
4
0
86
0
69
0
73
21
602
49
0
0
1
482
0
14
1059
0
4
1
0
0
1
10
0
18
24
7
0
0
20
8
31
0
0
49
2
0
117
28
753
543
7
4
0
5
9
3
771
224
6
74
181
3
0
29
42
0
0
28
365
4
433
0
103
659
73
0
10
119
163
499
2
6
0
170
66
0
22
191
216
13
0
10
0
5
0
0
2
0
3
4
251
279
104
2
347
13
116
0
294
112
0
11
2
53
194
67
153
0
0
21
286
220
0
0
378
7
0
0
0
0
424
0
0
31
2836
0
0
0
8
44
2
682
1
3
0
18
44
38
0
86
201
0
0
522
0
1
8
106
0
1
1
0
33
0
0
53
0
0
40
0
14
137
0
14
1
5
3
0
218
0
3
371
206
0
0
3
18
12
0
7
998
0
241
82
36
388
0
342
28
0
7242
26
14
0
2
0
0
102
10
2
123
34
0
40
0
0
0
53
8
12
35
11
320
392
2192
163
13
1640
0
4
0
528
21
0
0
178
0
23
106
2
96
25
0
1
65
91
0
0
0
375
0
4
48
2012
1
0
0
0
0
6
12
44
0
9
240
99
0
0
2
0
20
2
33
0
0
463
211
2
0
385
78
1
0
4
0
0
115
1
0
54
0
12
0
71
93
291
2
0
0
0
5
32
2
0
148
0
204
0
0
0
0
0
1
0
10
0
115
12
54
221
4
0
533
22
0
0
13
0
5
0
17
231
14
0
4
25
0
2
1647
545
0
137
181
0
123
0
147
11
135
27
76
0
59
6
0
0
0
101
0
0
45
78
0
3
0
45
327
9
15
0
0
6
0
0
0
0
0
58
0
0
128
223
0
0
0
0
1
0
2653
35
0
335
76
16
0
0
44
79
3
0
0
110
12
0
0
6
5
0
0
0
176
1
2
68
0
2
28
0
1
0
0
60
36
24
0
0
0
0
197
1
0
480
105
0
13
0
94
23
0
0
158
0
76
4
2
8
0
1
205
0
0
0
0
3
1383
4
0
0
0
0
0
51
334
0
195
29
1
13
70
0
0
254
194
0
19
0
135
1278
14
606
0
19
13
0
0
0
45
0
558
0
0
473
0
1
5
0
75
257
0
0
0
0
22
0
29
0
124
206
51
7
220
0
180
3
0
2091
0
7
0
4
0
24
38
599
0
0
130
0
16
0
12
0
0
0
6
0
0
0
0
24
0
68
4
217
50
220
0
89
21
0
21
0
0
261
0
0
243
3
0
4
0
7
0
0
3
0
0
59
0
24
3
49
11
40
0
21
3
0
6
0
9
3
152
881
0
0
0
1
5
0
6
10
0
77
91
0
47
0
3
114
0
412
0
65
0
57
0
0
0
114
18
0
0
0
4
13
0
0
0
7
4
0
0
40
0
16
0
59
1
0
5
0
0
20
201
0
510
170
0
0
0
0
1671
83
41
4
0
6
181
1441
5
0
0
5
0
42
20
3
6700
0
7
0
608
0
2082
55
325
258
1
39
27
25
162
0
3
43
27
56
692
93
0
8
0
0
1755
0
1
0
153
0
1
3
0
0
0
0
2
5
0
4
0
0
0
1
58
69
0
61
283
1528
100
7
3
187
4
0
29
1
0
0
0
0
0
78
0
8
0
18
0
32
0
0
43
75
0
0
1
0
0
0
0
3
59
112
684
0
240
201
7
0
106
1
0
0
0
0
249
16
24
0
2
0
4
54
0
13
6
389
0
92
0
96
127
1
91
23
30
58
4
0
0
0
0
0
0
0
14
0
0
7
75
23
0
0
3
0
0
788
0
0
128
51
0
35
0
16
373
2
27
211
828
329
0
28
0
0
0
32
3
69
307
0
0
22
448
0
0
0
0
0
11
0
0
1958
4
7
4
175
0
0
0
9
140
0
1
681
117
245
73
3
64
0
0
0
15
84
70
0
2
67
4118
505
2
0
118
5
49
6
1
1320
0
23
0
2017
0
2
54
303
43
1
514
0
8
424
0
0
0
18
0
0
48
8
0
0
18
0
0
2
0
91
59
299
95
3
0
0
0
0
17
943
4
0
0
54
32
0
12
295
5
0
10
0
0
0
0
7
0
539
0
0
6
1
12
1
0
394
3
1
0
0
0
1
3
0
0
0
68
83
5
145
4
69
1
76
41
9
92
0
90
446
0
0
0
15
899
5
16
5
179
190
956
0
0
0
0
0
7
110
0
0
7
0
231
2
385
2
35
0
33
35
0
0
123
14
3
14
0
33
6
32
158
0
148
5
1053
9
1
156
1
18
1
0
42
0
0
285
21
2
31
2
5
1723
16
0
0
347
0
6
5
41
0
43
40
0
0
612
0
83
4
14
5
6
13
109
180
147
0
133
3
358
231
272
2
5
13
28
190
0
1
0
1438
0
37
0
6
17
552
0
50
0
175
0
473
0
210
0
20
37
16
0
2456
0
17
0
2605
2
0
0
0
0
0
0
0
83
9
0
0
41
2
41
91
0
19
547
79
1
61
106
22
0
3
0
32
2248
12
1
1081
0
0
10
0
0
0
14
440
0
0
14
0
0
11
24
0
45
0
0
15
49
530
38
0
291
483
0
191
36
0
38
614
126
0
0
42
13
728
22
0
119
0
580
118
2
18
10
0
3114
29
20
18
0
0
0
0
35
13
118
0
0
45
15
45
0
0
55
299
0
4
325
26
0
0
3
0
0
264
260
0
1044
0
15
9
0
0
122
7
5
117
0
243
48
726
237
0
0
0
6
43
149
21
154
0
141
0
1
15
21
146
0
0
35
0
0
32
2
4
0
0
0
0
81
0
0
0
0
5
42
24
0
8
3
3
140
0
205
0
136
29
16
517
12
0
235
2
0
0
10
0
1346
0
9
1
0
10
210
0
126
0
4
2
12
1
0
6
0
0
0
0
24
0
7
0
72
0
0
11
57
0
7
487
0
1489
56
0
0
0
546
2
63
128
0
3
0
32
0
0
1
0
0
10
0
4
0
0
0
0
76
0
3
0
0
969
0
85
0
238
196
0
0
0
117
2954
313
0
1
24
19
8
0
32
5
0
0
26
1
31
0
240
68
173
0
10
8
0
5
0
515
0
7
13
0
6
0
3
2
3
45
23
27
0
17
96
0
32
3
102
9
80
0
0
0
60
0
0
406
3
0
0
43
256
57
0
0
0
1680
16
4
1
218
64
0
206
39
27
6
10
533
19
0
0
4
67
0
86
45
0
6
3
111
1
2
5
46
6
0
0
0
89
90
550
0
25
0
14
1
0
0
1476
0
259
2657
149
2
1
147
1012
0
4
24
0
36
0
171
1356
7
368
0
1000
189
0
59
9
216
86
27
2
0
3
0
7
0
14
0
0
0
5
182
98
70
9
229
127
296
2
0
38
3
26
7
252
0
0
39
139
6
1
0
26
404
0
2
10
0
0
32
0
0
1
4
0
0
0
0
0
0
90
0
0
0
2
0
0
12
28
9
686
0
24
0
0
5
3
55
0
1
916
1
0
0
0
0
51
3
0
655
0
23
290
0
132
27
0
13
6
0
17
0
39
8
0
0
265
166
7
525
244
292
0
6
1
0
0
23
0
0
0
4
0
0
2
0
297
198
0
1232
0
1
0
0
0
55
32
8
37
229
0
0
26
12
37
0
36
9
6
0
0
0
1
0
152
764
560
158
0
24
1010
238
22
0
0
175
16
0
98
170
0
66
24
0
55
2
596
6
7
0
0
0
246
299
66
68
0
2
5
2
50
55
0
1
0
1
86
1
0
1
0
2
0
0
2
1
0
0
33
0
2
0
3
0
1
2
0
59
0
0
0
128
3
4
47
0
0
155
58
5
49
58
0
0
1
0
5
2
2
0
392
0
5
8
9
2
45
0
4
0
3
8
0
1
8
0
0
319
0
3
24
0
2
107
0
0
0
0
0
0
8
92
0
0
14
4
31
3
0
0
0
111
11
1
97
4
0
389
0
688
25
76
4
1
50
1
56
0
0
4
109
5
317
11
17
0
0
0
0
52
0
0
0
0
5
3
32
0
54
0
0
0
50
10
0
0
22
1
23
3
0
65
51
19
51
222
0
0
0
0
0
3
221
0
91
192
0
0
64
47
0
229
8
67
49
0
0
0
125
0
4
0
4
0
1469
0
102
2
0
0
0
0
0
0
72
0
18
5
31
6
33
0
2
0
30
410
68
0
0
2
2
53
0
57
1363
0
91
33
32
0
0
2
7
0
35
0
11
27
1
54
50
0
13
1
3
0
0
0
66
132
3
2
65
218
0
17
0
477
19
25
0
0
20
0
0
2477
30
224
5
14
4
0
11
41
21
19
2
0
0
0
0
196
10682
1
0
8
58
45
124
0
0
0
0
0
0
7
2
4
48
28
4
0
0
2
143
7
7
17
1
11
41
6
7
0
2
21
84
0
2
14
1
616
0
36
769
3178
15
221
13
1
81
5
384
0
12
26
0
29
273
64
182
30
1
3
3265
11
0
39
1
1
1
0
4
0
19
0
70
42
0
0
2
4006
0
1
135
89
0
46
0
678
2
0
0
19
0
0
0
10
250
4
0
0
29
0
1839
0
13
771
0
34
37
0
722
341
5
1
12
0
0
58
0
31
7
17
122
3
304
0
0
22
0
0
9
0
106
110
1
21
611
0
13
0
52
0
0
2
40
0
79
0
0
2
1
118
0
0
2
0
1
472
81
1
57
0
442
463
100
0
0
1
38
37
0
7
19
0
41
3
0
4
0
1
7
0
1
43
0
0
0
44
20
0
5
63
30
0
16
0
0
27
14
10
0
11
0
39
0
0
0
4
76
0
0
23
0
22
11
428
0
6
0
0
155
61
38
32
0
303
19
7
311
48
0
0
0
11
90
11
24
9
0
2340
1262
0
0
34
14
29
70
0
1
0
0
0
0
53
0
0
0
0
1
0
0
259
2
133
19
18
210
8
0
0
173
0
0
10
0
69
8
7
0
45
0
0
0
120
175
0
159
0
150
0
81
90
8
0
0
0
0
0
34
0
0
22
0
0
2
1
0
0
0
0
0
0
11
10
0
279
279
47
0
0
105
0
6
3
0
34
93
4
1
126
3
151
6
157
56
0
97
0
51
1
0
58
33
14
0
195
901
0
765
31
0
2
0
1034
116
6
24
0
27
0
0
0
5
2354
0
0
117
0
118
0
67
0
10
0
89
0
712
3
2
2
14
1
129
117
0
95
0
0
13
33
0
0
1022
0
0
12
74
43
14
494
195
297
753
926
22
0
4
7
40
3
0
3
0
73
0
65
0
0
0
4
101
0
0
0
0
0
2
14
2449
122
0
58
6
0
35
946
31
67
1
4
34
39
0
0
4
368
4
0
10
0
6
0
94
0
2
97
0
29
282
6
0
160
601
0
865
8
34
1
44
0
360
18
0
18
39
6
187
0
13
0
0
0
110
10
2
240
132
0
708
1
47
0
135
97
0
198
87
1
0
436
0
57
0
66
0
0
8
7
7
184
204
32
543
22
353
5
0
477
203
0
0
1
13
75
1328
0
274
27
0
11
0
0
0
343
2
24
0
0
5
80
0
13
0
261
0
14
0
86
0
0
1
1
0
1
35
27
0
291
620
0
20
515
0
141
0
0
0
0
2
34
19
50
1472
41
0
14
37
329
0
0
0
1
0
23
1152
4
0
29
184
113
0
52
0
20
1
10
48
0
29
4315
0
0
0
1
0
527
0
0
0
3
0
0
0
0
457
0
70
93
1
31
0
1
6
3975
0
22
0
0
80
0
0
239
0
0
360
0
6
0
8
0
0
221
96
0
0
0
57
13
0
0
7
6
496
0
0
0
0
0
0
2
64
0
0
0
1221
842
0
16
8
0
63
1
179
19
134
6
0
50
306
0
571
187
0
85
0
0
3231
13
0
154
0
0
11
0
302
4
368
2282
0
0
0
0
0
7
22
10
144
8683
251
0
15
0
0
0
0
33
0
40
2
79
163
882
996
0
0
66
0
7
0
355
997
2
11
0
0
52
0
24
0
14
0
68
17
0
73
8
3
0
10
121
0
0
0
6
0
0
15
203
0
44
49
0
8
49
0
6
0
0
1183
1
114
15
0
0
0
0
0
1103
140
470
58
0
5
1422
547
0
0
855
0
0
0
20
1
1
0
155
89
53
86
0
236
0
0
11
6
446
36
6
36
0
7
0
6
58
1
195
16
0
4
0
0
0
0
0
2496
3
16
31
9
47
0
0
215
106
26
0
0
0
0
0
116
156
0
0
14
0
3
10
0
390
145
0
1
123
764
59
4
13
0
0
23
0
5
2
0
51
0
0
34
15
0
216
0
28
45
87
142
0
0
31
138
204
27
0
0
7
0
840
602
2069
0
0
8
59
17
4
0
0
828
0
0
1
0
1
0
0
0
0
18
0
4
0
98
0
13
13
0
45
0
288
1130
0
2
0
0
13
0
0
0
70
951
42
0
2
0
203
0
41
898
98
42
0
19
7
0
3
14
0
0
0
0
3
0
22
0
15
146
0
66
55
1
0
0
0
7
2
0
0
177
5
3
0
0
0
0
0
0
64
15
108
547
0
0
213
1196
0
0
20
0
418
2
17
30
235
0
68
0
3
0
323
9
2
0
2
0
2
32
116
7
30
75
358
0
0
27
124
81
0
21
2154
0
107
0
210
829
100
0
22
4
0
0
915
237
3
0
234
4
66
1
0
5
0
0
0
613
12
125
292
11
44
283
0
37
110
91
0
0
114
0
31
0
1
3316
0
38
23
0
104
33
6
5
3
46
0
212
0
45
0
269
83
194
0
46
0
4
0
0
7
0
478
12
1
5
0
0
0
20
0
206
0
11
0
1
0
0
11
6
0
15
1
162
56
7
78
9
119
93
0
62
30
0
302
45
112
1
322
0
92
0
61
38
0
0
155
0
619
20
130
37
18
0
1
0
0
0
23
0
0
7
75
0
551
119
0
1
523
0
2
0
4
1
0
0
1
0
3
3
0
22
0
139
14
85
0
0
1
1
154
0
0
0
211
0
162
22
0
0
458
0
0
3
0
0
0
4
0
76
0
195
718
0
243
0
52
0
13
0
80
605
100
103
144
102
117
5
83
0
31
0
369
0
306
58
0
101
0
263
251
0
114
0
79
0
0
620
30
6
0
41
6
0
30
32
0
0
0
0
0
44
0
91
0
117
171
0
0
286
353
0
0
256
0
20
0
21
0
2
154
41
18
2602
335
101
54
1
0
2
0
23
0
190
0
44
88
144
632
0
17
106
46
0
29
23
0
0
148
130
0
67
104
0
0
0
1
16
29
1
0
20
164
46
0
525
2004
575
11
355
678
0
92
10
33
435
9
24
56
67
0
157
0
0
22
120
0
0
0
109
134
4
4
0
308
5
1175
98
37
133
50
0
0
1293
337
74
9
0
0
46
69
0
102
7
0
85
188
2
181
34
0
0
0
27
412
92
98
0
0
455
1
1
0
0
0
17
1326
0
0
0
2
7
14
0
0
165
1
0
0
523
17
0
9
55
33
652
170
0
0
0
0
19
19
0
0
10
0
2
0
79
0
2
119
0
0
1
67
0
23
0
4
1
1
110
0
2
0
42
0
172
41
0
42
0
0
14
15
775
21
108
0
114
71
0
0
0
39
12
6
0
284
75
0
111
8
0
0
105
0
43
732
0
0
0
0
0
0
8
5716
22
0
109
0
84
13
1
0
1
14
6
0
0
0
129
29
12
2
93
106
21
0
658
0
8
0
46
10
1128
326
0
0
0
1
4
2635
0
0
14
1274
55
0
0
8
10
0
0
3
134
88
0
12
0
0
37
0
12
0
0
17
88
0
6
18
22
1
404
59
0
334
58
0
0
183
0
0
0
29
0
557
0
0
0
0
10
0
0
510
0
0
664
18
0
0
66
0
0
0
0
0
14
0
21
4
0
76
1407
0
0
242
0
0
2922
64
305
214
9
0
15
0
0
244
0
216
205
0
70
3
2
89
706
1169
0
0
12
0
0
4
4
62
3
0
0
0
762
307
41
276
12
0
186
121
0
1
0
7
1
0
258
0
55
0
10
0
253
0
0
12
0
4
0
0
0
21
0
0
32
0
18
0
0
1421
19
0
35
0
0
3
66
0
0
10
2
0
0
0
2
2
139
180
357
2
12
133
0
0
0
0
3
0
7
126
12
3
0
4
163
35
0
301
41
4
308
82
0
305
26
0
4
0
2
4
0
40
49
0
33
0
10
0
16
0
17
1
0
0
0
60
0
38
441
373
17
0
0
0
0
10
3
0
747
950
7
0
0
2
18
0
1
0
802
1
0
270
71
0
87
0
0
16
0
189
238
0
0
40
0
0
0
0
0
0
116
5
0
27
26
0
16
10
0
124
0
201
4
2
32
31
117
3
5
0
176
59
829
10
470
1
586
0
284
15
0
46
0
33
17
1435
948
0
0
37
25
0
0
1023
0
0
144
8
24
0
10
0
0
0
14
0
0
31
79
253
0
0
64
156
109
4
72
0
0
0
10
0
0
0
11
48
9
1
0
4
18
3
0
1
0
478
0
0
25
65
503
15
55
67
111
0
80
25
113
3
2
47
284
71
0
70
0
26
451
38
253
0
0
24
10
13
104
34
0
11814
66
0
2935
69
3
0
57
130
2
301
0
0
2
35
0
2
0
3
183
0
0
0
8
0
75
9
0
0
170
0
0
217
8
51
0
13
0
0
22
0
5
0
181
0
1
25
0
9
14
0
11
0
34
63
0
0
0
98
2
533
20
47
240
140
14
0
3
0
0
36
0
0
10
5
87
0
4
509
0
0
103
0
684
4
164
0
26
652
7
0
0
1
69
579
0
0
0
0
1
0
0
0
0
0
73
97
18
0
13
28
111
223
0
666
284
0
17
118
326
0
35
11
101
1201
0
8
0
0
0
2
94
12
37
0
0
12
57
1
6
2
0
24
5
5
76
0
0
0
0
0
12
0
0
45
0
316
108
1
0
418
27
0
22
4
38
0
0
0
8
0
0
0
21
0
3
0
1110
519
0
0
799
0
24
184
665
26
0
11
59
0
0
0
0
0
135
464
1
84
27
78
57
0
334
25
6
9
0
0
0
0
16
1097
4
33
1484
1
0
8
0
0
1137
93
0
0
0
866
0
265
0
121
171
30
924
3
0
50
0
28
1
0
0
636
0
0
165
15
0
24
1
22
13
0
10
0
10
0
18
530
974
27
0
0
169
8
0
133
43
4
0
0
0
0
0
18
460
0
164
2
0
356
21
0
0
0
342
1
15
30
202
8
0
0
7
0
590
0
3
0
198
8
1
8
0
206
4
346
0
0
52
0
0
4
0
0
1092
0
0
0
10
50
0
22
0
0
0
0
54
10
1
9
0
0
5
429
89
0
5
0
0
34
0
2
2
2
202
118
350
14
42
44
0
0
29
0
146
156
0
0
146
39
40
45
677
6
926
1
344
144
6
0
0
0
0
51
22
101
111
0
137
0
3315
0
0
0
30
14
27
96
0
0
0
0
0
261
171
0
5
0
0
0
349
268
50
4
1026
3
0
0
133
5
0
0
41
241
0
27
18
10
0
0
1
0
428
250
137
23
1368
0
2
48
187
35
0
0
57
390
74
4
1
0
4
2
0
358
0
731
0
4
31
741
3
177
0
0
19
13
120
0
0
25
3
2480
0
8
102
4
0
31
39
12
1
3
35
0
7
6
12
0
2
1
0
0
0
8
14
0
0
86
0
162
11
0
0
300
0
0
4
277
4
0
0
317
232
4
104
317
66
0
0
69
68
5
3
380
0
4
5
411
0
2
0
0
0
5
0
2056
39
98
39
197
11
0
0
2
5
0
553
5
43
0
156
3
1
98
4
130
0
28
3
0
0
0
0
0
1
0
0
0
20
1
7
0
12
0
49
26
0
2
6
0
0
0
0
0
0
18
0
18
256
6
3
0
248
0
0
1
0
0
13
0
3
45
136
2
1750
146
58
4
0
136
0
124
0
5
0
451
32
86
7
3
1
0
51
0
0
5
631
3
0
10
34
2
306
0
0
520
129
10
0
10
24
28
0
0
0
1116
106
0
0
12
0
0
3
0
0
369
1
138
2448
326
384
16
0
0
45
46
35
0
0
0
2210
182
666
205
5
0
145
185
116
19
29
1
0
6
164
319
2
1
141
309
0
199
876
0
0
0
36
0
0
250
35
210
103
38
0
0
38
819
23
0
21
213
0
0
13
1
68
158
0
0
17
52
2
6
16
0
108
0
5
333
102
11
0
346
0
0
17
48
22
0
1
547
0
188
0
38
448
0
0
37
0
0
412
0
0
0
0
115
0
366
0
80
0
0
0
0
568
5
25
129
418
17
72
5
84
0
1
15
8
50
11
67
6
220
17
39
185
1023
71
0
151
0
164
46
311
104
6
0
0
172
32
59
1
9
776
122
204
0
56
23
4
0
0
0
10
718
0
27
145
21
442
0
20
3
0
0
25
116
5
68
0
722
0
0
0
0
49
65
0
0
0
86
0
0
7
923
76
18
22
1
0
0
0
67
0
292
86
0
0
0
15
1
1
0
142
0
0
54
1
2
21
0
3
0
70
166
1
40
88
0
181
4
10
31
170
0
346
0
17
0
0
33
4
1
29
45
309
137
0
0
0
4
0
25
0
401
0
77
1
0
490
25
57
0
0
63
0
44
102
110
24
25
80
1030
0
339
6
0
82
975
9
1
0
1
1
0
15
260
0
0
0
23
7
0
10
12
7
46
0
23
0
0
2
0
0
0
116
8
1
406
0
0
20
319
0
0
0
8
429
0
95
6
17
0
10
0
861
4
0
0
0
197
0
546
0
10
12
0
2298
3
0
48
72
0
0
2
2
252
196
87
86
2
0
0
26
24
3
1
0
0
0
0
32
0
0
0
37
0
2
0
6
8
0
0
83
13
20
7
0
2669
111
31
2
129
68
4
290
9
749
0
0
927
1054
299
230
56
0
0
0
17
0
923
0
0
0
83
0
0
2
23
0
1
0
22
0
3
0
0
53
0
7
720
0
0
0
0
0
1
203
14
2
105
11
18
0
0
0
0
174
8
329
0
0
0
1
0
0
0
419
59
0
0
147
10
705
0
36
1164
136
0
0
115
1
31
0
9
5
0
0
130
95
0
4
27
1072
24
0
219
0
0
36
26
0
1
0
1
0
1
0
0
143
44
1
0
0
96
56
675
0
0
0
17
0
0
0
2
0
24
0
0
4
4
175
1
2
0
0
339
28
0
0
829
0
0
201
0
99
1
0
56
31
0
0
0
0
8
162
1
0
0
10
4
3
0
9
274
597
0
10
0
2
0
0
90
0
0
0
63
1
0
2
6
0
9
0
0
6
5
0
0
0
9
0
0
0
28
3
75
2
2
0
0
0
14
1
0
173
0
0
0
196
0
0
217
8
6
8
2
0
14
0
40
40
0
0
310
21
44
1
0
138
4
70
36
0
3
40
477
0
11
0
12
309
0
35
53
0
7
0
1
6
38
168
597
0
0
0
2
0
0
0
12
9
0
30
0
16
0
0
0
0
0
0
2
693
0
396
131
0
0
0
9
1
0
173
0
0
0
0
1
1
203
549
13
45
8
4
136
0
0
0
130
0
4
15
0
3
0
0
0
22
0
0
1
10
0
61
9
3
6
35
27
0
40
0
0
0
0
0
0
0
0
0
0
65
0
118
6
22
45
0
0
0
0
0
15
0
0
0
9
7
0
668
82
0
0
0
51
38
0
13
72
12
59
351
5
0
1
74
0
54
0
20
0
0
0
0
20
144
79
75
17
0
4
0
0
456
0
123
0
1
1
154
40
0
2202
442
5935
116
39
25
135
373
1261
0
5
0
5
3
0
6
3
0
0
52
49
178
0
41
22
13
159
164
0
0
461
2
19
0
97
0
956
5
0
33
0
0
1100
389
12
44
32
1526
15
118
0
0
5
25
20
71
6
0
100
589
4
42
3026
5
149
0
2
0
0
1
0
0
14
6
4
168
0
4
75
10
20
0
0
0
91
51
2
0
0
0
0
4
0
9
658
83
3
0
0
34
520
0
109
16
362
44
0
36
5
2
4
0
0
727
0
0
92
0
89
108
0
0
0
14
4
1
64
1
0
279
5
86
0
98
9
0
59
0
3
0
2
0
0
78
3
254
0
26
0
0
65
0
3
0
44
0
154
0
0
0
0
0
0
0
15
0
442
3
72
1
0
7
0
0
5
39
1
4
0
0
0
0
1
8
219
4
0
93
3
29
0
6373
3
0
116
0
41
6
12
1
0
5
69
70
0
0
67
0
5
0
0
0
0
35
241
0
2
2
0
36
0
0
262
1
4
311
0
0
226
33
24
3
1
19
13
0
0
99
0
7
0
0
0
121
16
289
0
0
57
14
10
0
1
12
0
2
0
0
0
1
0
0
1
76
0
0
0
7
221
322
9
0
0
13
0
6
0
26
0
0
62
0
0
35
1
117
437
135
1
267
0
444
41
0
398
125
174
0
0
0
1098
2205
5
101
7
2
43
4
305
3
0
64
8
0
0
0
9
1
1
0
0
0
45
0
193
0
0
39
0
210
0
0
0
0
0
24
2178
162
296
0
290
151
0
1
9
1
4
22
388
0
15
1317
273
224
1079
3
244
99
0
21
4
0
2
1
0
0
51
1
1
0
10
25
0
496
0
1
28
27
11
0
15
18
0
0
0
0
20
354
0
51
140
17
15
0
76
29
954
0
0
0
3
96
0
10
67
25
4
0
1
82
73
0
0
107
426
0
1236
1423
0
88
190
0
316
0
1385
0
0
1
0
480
244
0
0
0
2854
271
0
0
133
84
19
16
0
0
0
0
163
272
0
0
0
79
0
54
0
0
124
0
172
5
0
29
301
0
0
0
0
3
23
11
1
35
218
0
51
4
277
0
4330
156
5
250
5
0
14
37
93
53
7
0
69
1459
133
172
2353
0
0
17
0
413
0
0
485
23
0
0
271
178
0
0
1
4
0
94
2
72
790
25
16
0
74
279
8
291
55
1
7
71
190
0
1133
2569
0
0
435
602
150
1
0
0
5
0
139
8
0
48
154
0
0
4
0
1
3
19
0
1
2542
1332
0
633
559
0
796
65
9
79
0
36
126
5
1121
2
599
82
63
0
810
0
0
272
9
284
13
0
203
97
2
57
8
1234
23
264
14
36
0
15
123
88
935
11
122
0
31
0
93
0
0
0
0
0
0
17
0
1
3
27
0
2
31
3
0
0
0
0
0
71
117
4
0
0
231
0
3
646
4
0
0
1
940
0
0
0
6
200
1
0
0
43
0
2
22
1015
15
93
0
0
0
0
0
0
108
0
4
0
9
0
4
68
136
0
28
1
48
22
146
9
1
2
0
0
4
3
0
24
94
0
14
76
0
2
20
0
110
5
52
25
164
2
0
0
99
0
0
3985
1
0
1
68
41
0
552
1351
144
206
46
0
214
4
7
155
100
829
0
81
0
0
171
10
0
4
40
189
0
25
0
0
0
0
0
12
3223
1
31
41
0
0
4
0
2
0
0
93
834
116
16
0
15
0
13
3
7
3
0
4996
146
57
172
0
65
0
27
214
0
16
4
0
0
1
0
32
82
25
37
272
74
40
11
0
15
212
724
0
5
1
2
1432
275
12
5
0
0
1
18
128
3731
86
1
387
0
2
8
334
55
0
0
0
92
244
0
12
0
0
6
10
20
0
273
178
6
0
0
0
296
15
0
29
63
0
0
25
431
715
0
2633
34
160
0
356
0
25
0
961
15
199
0
4
0
7
1
3
0
473
63
6
2
32
0
9
1178
37
0
0
0
0
1288
0
369
0
8
139
2
269
5
111
2402
0
305
3
58
0
28
145
0
2
0
541
435
0
0
0
530
1
0
0
6
11
0
10
0
0
14
6
0
5
1
0
0
603
0
173
10
0
1
0
26
0
0
9
0
2
2
0
28
0
0
28
107
82
2
460
13
0
0
95
0
24
0
0
0
278
0
8
0
0
60
0
0
204
117
1
32
0
14
205
0
147
0
1
0
0
434
0
0
0
556
13
0
27
4
31
0
27
537
0
1
0
193
110
5
24
0
27
0
37
0
4
0
0
21
77
52
0
0
0
0
0
16
0
0
14
2
0
284
0
14
0
15
3
1
0
0
0
0
88
0
27
0
0
16
15
16
115
0
0
0
1
138
3
9
4
0
0
0
0
21
5
0
3834
43
0
0
195
462
42
0
5
58
50
46
0
72
36
8
0
67
0
0
14
7
0
4
0
348
0
50
0
0
0
5
112
19
21
149
32
0
0
36
308
0
0
3
1
0
0
840
132
0
487
3
134
0
0
10
6
1
1
5
0
4
2
0
0
0
0
559
37
11
1
0
63
0
0
12
3
232
0
21
34
2
0
5
167
23
97
0
246
10
131
0
2
6
53
61
783
8
0
0
0
2
22
0
0
0
4
6
0
87
0
5
1
18
23
0
13
12
0
0
2
0
25
1
0
11
0
21
0
34
0
216
19
56
156
0
0
42
0
36
0
0
0
149
6
109
144
0
26
351
47
0
5
32
395
3
0
11
0
582
0
1
0
15
32
7
18
5
5
13
0
0
2
76
5
64
0
2
383
0
0
28
9
1
0
161
0
0
1
0
0
49
88
4
0
0
0
2
46
0
415
0
8
70
13
227
99
15
0
2
312
9
282
212
0
0
99
0
13
0
561
482
207
0
0
0
46
4
4
61
4
0
0
3
0
1
1
8
0
159
0
24
84
0
20
0
7
0
66
7
0
0
43
22
0
0
28
0
0
0
0
0
1
0
0
0
0
1895
21
264
0
0
0
20
0
86
0
0
22
661
0
5
0
82
39
33
0
0
53
0
7
14
1667
0
1
12
2
0
82
172
0
0
0
0
196
8
46
208
6
1
20
57
0
0
0
0
19
551
304
0
0
3
59
0
3
3
0
1
8
13
0
44
0
45
0
11
718
43
0
0
6
0
33
6
0
19
43
279
31
273
0
4
0
0
108
0
22
8
0
0
0
0
0
0
8798
298
0
0
0
312
2268
5
3
0
2
421
41
0
852
50
0
0
772
3
2
10
5
0
1
312
0
4
4
0
2
0
0
6
0
0
637
0
1
3922
0
1
0
0
0
1
19
0
0
40
0
4
175
0
0
25
152
53
0
166
0
6
2
0
23
0
94
0
2
0
702
4
133
0
0
13
144
16
25
9
129
3
1
24
38
14
0
2
0
9
0
0
69
173
0
0
0
1
0
21
2
0
781
0
1
0
955
127
85
1
76
0
137
2
0
88
357
0
5
0
9
23
314
0
0
118
2
6
0
0
45
1
0
1
136
18
80
0
0
72
0
36
5
3
203
0
39
267
6
33
0
9
204
11
21
83
0
0
0
76
74
0
92
1
118
154
3
0
69
133
55
0
0
0
60
358
401
5
1149
0
46
0
960
4
873
336
0
8
0
164
5
1
171
7
58
47
0
41
0
0
0
43
0
0
185
174
149
0
0
966
19
61
0
89
99
207
559
0
0
0
2201
0
245
0
0
189
0
0
0
0
0
0
2
0
0
14
4719
17
6
0
0
85
1
193
1623
55
0
200
71
493
3
2
1
0
38
0
0
0
151
0
135
103
347
0
78
0
86
0
582
0
2
0
176
388
181
6
628
1
0
0
499
46
0
455
0
128
5
0
8
51
3
1
0
0
0
0
152
21
5
266
0
84
5
3
0
67
0
0
1
3
0
0
0
20
19
0
133
53
2
150
0
0
0
1202
327
5
533
0
0
64
1
89
239
0
81
208
5
204
32
12
4
67
0
0
446
2
0
832
5
0
167
177
8
0
0
0
416
0
53
16
256
205
53
0
0
0
20
9
633
9
65
0
120
15
33
1
2015
228
0
488
3
3
0
1
25
12
9
207
239
432
0
586
0
5
0
0
0
70
110
2
472
5
98
451
263
24
68
7
3
0
0
67
0
0
0
0
0
0
425
0
306
359
0
0
5
34
0
99
5
0
14
0
2
0
0
64
21
875
0
10
0
0
1149
0
0
1558
0
60
351
0
36
0
0
17
2
28
191
343
25
115
114
185
0
104
36
2
0
5
41
0
0
184
0
145
40
5370
0
7
108
319
13
0
158
0
0
14
2
131
682
240
31
36
18
55
1
0
16
25
30
114
105
8
56
16
0
2
2
0
306
35
108
0
4
0
0
0
0
4
3
173
3
35
0
0
0
0
0
71
4
0
10
11
0
541
69
0
0
0
0
181
0
0
386
211
7
81
3
3
460
56
0
0
88
0
0
0
0
7
0
140
579
103
8
0
409
0
0
9
65
0
1086
31
176
0
2
0
18
0
46
1
22
256
13
0
20
4
0
884
345
45
0
23
0
0
13
61
2722
0
0
0
2
5
9
47
0
0
91
0
267
972
645
0
28
985
573
222
107
0
0
0
37
11
7
0
48
12
11
0
20
0
2
0
0
43
0
11
50
2
53
7
244
190
133
17
205
0
3026
28
4310
30
45
3
1
199
1
148
193
963
49
1
0
0
30
1
0
451
1
82
24
153
202
0
322
0
281
1022
209
57
58
0
15
0
355
241
0
5
1
121
0
187
2
0
9
0
7
0
0
40
269
0
0
31
0
18
256
85
0
0
0
0
44
0
0
508
924
75
308
2
4
126
370
39
133
122
0
19
45
15
0
67
18
5
0
179
14
1
0
0
1
0
16
267
0
827
1122
122
0
495
116
3
4
252
0
0
0
0
0
0
0
3
65
0
2
143
19
0
254
0
0
555
408
559
0
0
0
319
364
341
72
0
454
121
10
122
24
30
0
26
839
12
331
3
0
0
96
106
55
242
21
179
0
0
0
0
4
0
0
11
48
0
2
3
0
0
5
266
4
0
4
10
51
4
3
49
11
0
0
3
163
0
69
48
30
1
0
0
0
80
0
4
10
0
117
7
0
0
2
720
602
650
78
2
3
5
502
0
0
9
254
21
0
18
11
0
0
0
36
37
97
55
8
0
16
9
26
0
93
69
12
0
6
0
128
2
0
5
19
18
0
501
1
0
50
1
4
0
70
0
49
253
63
1493
0
0
4
22
23
293
0
562
0
976
28
16
32
0
644
0
109
16
47
422
0
346
310
0
0
0
0
0
7
0
241
121
4
27
25
0
11
0
25
3
0
0
41
132
115
330
82
405
854
245
0
0
16
2
80
63
3
0
0
4
26
26
0
4
1327
2
13
71
42
9
0
0
0
20
6
75
0
0
293
0
11
0
308
82
424
0
86
0
0
0
0
51
0
32
0
5
0
0
35
56
0
5
0
4
2134
0
130
1
1
4
1
0
0
0
0
108
166
0
7
468
2
109
158
42
1
25
0
2058
248
13
154
0
5
0
0
1
15
0
552
2
90
42
17
0
25
0
37
0
10
14
6
0
0
0
0
0
72
0
81
0
0
0
0
424
0
0
4
20
0
0
0
0
2
0
0
929
61
317
4006
1604
0
7
0
192
2
0
0
216
197
16
378
0
0
0
0
489
18
35
4
342
65
16
506
8
0
172
317
42
38
0
1
2
0
0
0
0
0
0
12
2
0
0
0
0
0
0
8
118
34
114
57
0
0
0
0
0
0
172
285
0
0
0
0
0
0
72
158
0
0
0
0
3
0
0
0
7
0
0
0
0
0
8
3
60
66
0
0
0
0
0
1055
229
0
536
20
0
2
26
123
306
2653
22
23
0
0
0
0
71
0
29
2
1
0
1
0
0
126
2
0
0
0
0
0
0
0
24
123
0
145
64
0
0
0
0
19
28
0
0
653
0
0
0
53
68
462
19
74
7
135
0
0
5
0
0
105
21
1
0
98
2
0
9
0
0
0
35
0
17
1
0
0
0
3
1
0
0
695
61
610
0
0
0
0
0
0
0
0
0
0
0
0
14
1
0
0
0
4
0
0
0
0
0
32
5
417
0
0
0
0
2256
59
124
34
339
105
393
331
44
3731
12930
252
0
6
11
1
0
0
292
240
73
0
0
0
85
0
0
0
63
0
0
28
6
93
65
1
0
0
0
16
8
0
2
8
4247
6
76
0
0
0
0
17
42
0
5
21
0
0
0
0
113
149
0
0
0
0
94
7
2
3
6
0
0
0
0
0
0
0
0
1
68
49
0
3
343
486
100
175
2459
0
0
12
1
0
0
0
7
0
1
0
208
20
0
0
0
6
7
0
0
0
0
0
36
11
0
0
1
240
40
158
21
30
275
1
329
513
13
0
1
0
0
0
0
0
0
33
0
63
0
0
1
0
1
1
0
0
0
0
0
0
285
20
771
0
2022
4172
251
0
0
5
13
1
51
1
0
0
367
82
0
0
99
526
144
32
0
23
0
168
0
0
0
0
0
5
5
0
0
0
2
0
0
0
0
0
0
0
0
0
21
0
0
11
50
4
0
0
133
0
0
224
2
4659
251
53
19
0
112
0
0
38
4
0
0
0
0
4
0
0
5
0
0
198
165
0
652
7
36
0
0
0
0
0
0
0
0
0
862
819
0
0
18
4
0
0
0
0
15
28
0
0
0
0
1
73
0
0
3
1
0
0
0
0
0
0
0
0
0
20
0
0
5
0
0
0
0
0
0
0
0
0
0
0
0
0
0
0
0
0
0
7
0
0
0
0
0
0
