24_DMSO_1
0
0
35
2196
13
206
23
0
0
0
0
296
17
623
0
0
622
3
1
254
899
96
1
5
0
569
0
27
4
9
12
3
0
119
2887
41
0
0
5
0
1
0
0
0
0
2505
0
283
7
154
0
82
0
324
0
4
435
149
0
1458
30
13
1
3
0
6
0
197
32
6
2093
567
50
7
14
0
1776
9
6
0
1
0
14
11
689
0
44
217
21
22
526
0
862
0
0
698
15
0
67
0
10
2
1
712
69
0
3
0
0
600
0
0
21
0
2
0
0
108
157
752
18
1
0
97
59
158
170
0
2252
43
0
2
4
105
0
0
4
89
10
0
8
7
32
0
657
134
48
24
22
24
23
0
168
3
2
1108
0
0
21
648
0
0
1
0
147
44
39
239
0
0
0
1
192
0
0
193
46
0
0
109
461
500
0
274
67
317
127
9
85
0
0
263
95
27
0
46
0
0
0
26
51
2
1
22
7
2
0
106
15
30
2
0
12
0
0
0
30
15
0
22
310
0
12
207
0
4
2
132
9
70
1
0
56
379
391
3
963
23
2
0
0
0
7
368
0
4
100
706
9
0
158
271
25
0
733
31
0
0
0
28
148
533
6
1222
35
0
0
0
252
28
9
541
0
0
14
0
0
0
1049
78
1241
75
0
777
0
1068
2
0
0
120
0
0
0
2
0
0
202
0
150
0
0
4
0
15
265
0
219
14
3571
0
0
0
0
0
0
317
0
148
210
0
52
0
508
96
0
187
202
24
0
46
500
455
107
0
0
291
8
8
0
0
963
282
110
885
0
20
399
20
249
0
1662
0
62
10
31
26
896
238
46
0
0
2
0
927
0
0
0
182
321
3225
120
1561
11
36
0
0
6
9
0
536
0
31
0
2
2573
0
75
35
20
0
250
0
1
221
636
66
210
0
1191
73
9
0
1
0
3
166
45
0
1
0
0
98
5
4963
2
217
0
149
0
0
1929
169
7
0
68
0
22
2083
147
0
82
30
14
10
20
0
389
0
0
0
2
0
32
1196
0
17
1836
175
116
0
0
0
14
1
0
5
0
0
0
0
6
7
0
0
0
30
37
0
554
0
50
0
522
0
2
0
7
0
322
210
388
19
107
1943
394
74
0
0
39
0
74
145
135
113
0
68
0
2
0
0
134
0
906
48
38
365
13
0
21
0
15
0
7
613
2
263
24
0
34
0
1097
201
0
893
0
51
6
26
12
40
45
84
1124
0
1
180
486
168
95
0
1
0
116
0
140
262
0
0
56
2
7
0
14
0
0
0
6
0
0
3
3
857
0
297
0
196
0
0
0
273
446
18
0
152
2
133
135
49
1
51
0
161
3
2670
0
6
1
1
3
7349
0
6
0
230
0
1457
181
8
0
6
111
0
0
0
5
479
0
0
0
2
786
0
137
188
0
2
102
2
20
17
0
6
0
22
0
0
28
0
0
0
1
0
0
50
0
10
101
141
182
98
1203
8
0
9
0
0
0
1
2
164
897
209
0
179
10
204
4
0
1126
9
0
68
0
0
311
1
286
60
3
0
0
0
261
0
0
4
151
0
0
0
0
313
10
439
8
17
0
0
0
3
66
197
27
820
0
54
121
1266
1
9
4
1
4
2
103
0
13
15
53
56
0
85
3
20
0
0
39
16
99
0
75
2242
2
40
15
855
1216
0
0
305
501
16
18
3
692
0
0
0
0
258
146
5
10
20
65
0
23
0
58
29
116
0
113
2
347
0
0
0
0
0
0
770
572
0
0
239
4920
0
502
46
175
132
75
65
0
0
473
3
1
65
0
2
653
1
0
759
48
35
32
46
238
376
9
23
31
0
0
4
812
1
477
0
0
192
21
0
0
0
32
3
0
0
0
0
62
4
0
6
0
327
90
455
47
9
0
298
0
0
1
0
12
1
192
13
0
0
3
0
3
0
12
60
5
0
2
3
10
133
201
1
14
0
3
0
0
296
0
205
692
331
2
780
81
371
143
2
13
309
0
101
57
6
505
3
150
117
67
0
0
562
0
6
10
5
95
920
2
0
0
0
0
0
911
744
6
2
0
0
1744
4
1
1419
1
40
0
48
0
4
226
48
330
192
89
2
0
6
0
0
82
1192
672
0
0
21
0
367
23
0
20
29
0
71
75
107
2
0
188
0
0
539
3
0
0
0
390
1
92
404
55
36
221
8
46
0
4
2
121
430
107
21
0
122
31
0
558
225
0
15
0
354
0
0
8
104
0
19
0
0
8
4
0
0
0
132
110
56
2
0
28
70
14
0
0
321
28
26
94
6
9
0
0
35
34
0
2105
35
272
763
0
117
0
0
78
0
1664
15
7
0
751
305
276
129
1170
0
78
0
0
2163
0
0
1
0
300
0
0
5
0
32
1091
538
1002
43
0
1
0
59
38
15
2
0
0
70
1880
473
57
11
0
0
17
120
2
0
0
3
24
0
1341
407
2380
417
0
0
0
0
0
51
0
0
2
146
24
106
0
7
1622
509
0
290
1160
39
56
21
103
0
0
168
2
0
0
1
0
7
14
0
42
8
3
1
0
0
0
1039
409
0
0
0
12
18
0
0
0
0
59
30
0
153
7
0
111
5
185
938
0
313
77
14
7
10
7
0
0
0
0
387
795
55
155
109
96
216
141
158
157
0
27
202
38
44
0
0
3
0
2
1464
6
339
0
0
114
109
2
1
257
95
60
216
2
91
72
0
1
8
1
0
51
0
3
1046
274
102
2
0
630
0
0
0
129
10
2192
815
0
11
3237
29
246
63
109
43
464
366
0
0
11
0
631
6
426
0
503
0
277
0
153
921
16
0
585
0
0
64
0
202
424
0
0
2
452
0
336
1
0
1
69
0
160
0
0
5
0
0
0
3
15
0
74
11
129
0
241
280
11
333
677
0
0
2888
0
2
0
98
70
49
0
52
0
6
0
82
32
0
6
495
1
5732
0
0
0
7
4
191
60
178
38
0
119
0
26
1
6
150
227
54
0
0
99
0
327
1207
107
0
0
0
7
1423
22
1
11
9
9
7
1
5
0
0
2
525
0
746
0
0
24
12
0
43
7
279
0
28
125
0
41
4
214
0
0
0
229
0
5
2
43
1
0
0
60
10
0
118
4
257
0
0
6
11
0
2393
2
8
2430
8
1407
0
84
20
47
3
0
0
70
113
0
0
7
30
3
0
0
2
0
0
44
0
144
0
0
4
12
143
3
0
0
5
65
504
166
0
0
0
84
0
1
548
401
12
59
7064
1
58
143
10
82
22
2160
0
7
30
2306
27
8
67
55
204
0
0
249
63
16
173
8
588
12
381
112
42
0
21
0
21
0
0
0
0
311
0
17
0
2648
1
19
474
55
18
0
0
0
11
30
0
185
0
0
103
23
0
5
2
0
148
0
145
0
5
62
0
17
0
0
1
0
0
36
0
0
4
0
0
0
1
0
0
1
356
10
522
0
110
119
37
0
0
107
0
1840
16
0
0
0
0
4
8
687
68
303
0
1515
19
471
642
1
0
1
1012
0
100
193
2579
4244
0
0
0
25
9
16
0
0
24
0
4
1191
181
771
3
0
340
0
10
0
94
294
101
1201
0
1210
1
134
7
24
156
1
2
5
0
0
0
0
0
590
184
0
4120
53
0
0
0
121
292
339
32
634
2831
0
199
0
158
211
147
428
1435
0
22
7
199
102
0
0
297
44
38
0
0
19
145
450
0
5
0
27
394
0
1100
0
3
22
1
0
553
4493
0
182
0
0
0
160
0
819
0
36
4
5
831
22
2
21
0
1
0
5
510
2
0
0
10
0
0
39
152
15
4
0
2
28
0
0
0
98
0
5
2
0
24
47
83
0
0
0
0
25
0
2
0
2
121
169
22
437
1054
114
850
204
3212
0
14
0
190
3
0
1072
1
147
21
0
3
0
5
542
33
0
18
88
0
44
4
0
0
0
97
0
0
3015
329
0
0
260
1658
287
0
0
21
0
88
0
1236
0
296
2
0
5
0
137
0
0
0
0
52
0
0
0
0
9
563
70
3
0
83
19
60
11
0
21
65
8
113
0
70
6407
1056
0
174
4
0
0
1568
143
0
0
0
0
6
632
14
0
0
5
0
0
0
0
0
11
202
0
0
134
133
296
866
6
296
0
0
33
10
6
0
0
0
0
145
56
0
638
11
1146
20
0
0
59
46
3
88
4
3
85
246
0
0
80
0
9
1
345
0
0
10
0
74
45
1
17
1
0
140
330
0
0
0
0
28
854
22
6
3
202
2
519
28
466
0
60
2422
152
0
0
2649
1225
130
4323
62
0
24
0
0
1
0
74
0
9
2
0
179
1317
7
0
0
0
0
0
10
61
271
0
0
16
20
7
1
180
1056
116
48
348
20
0
0
0
339
4
0
2
47
17
25
41
4
0
1
15
33
27
132
9
0
0
0
0
0
0
0
60
0
0
0
34
0
64
0
1
43
217
0
6
0
297
0
589
0
1
13
0
0
0
0
0
770
0
1
3
17
2
99
166
15
0
18
0
0
0
0
124
0
290
452
464
82
0
68
70
6
4
6
145
70
0
14
0
1894
3
17
0
10
10
10
8
22
4
0
0
223
2
207
98
37
140
19
0
0
8
0
1
32
186
107
0
22
0
37
13
0
0
127
0
24
1
0
89
18
13
60
158
516
5
0
191
0
375
0
0
1
44
9
55
106
323
0
1308
57
0
0
23
0
0
7
187
1914
11
2
47
1
0
2
0
0
0
9
140
15
6
2049
216
11
453
0
66
42
0
0
283
0
215
0
0
12
12
16
0
4
11
790
0
119
479
2
0
1361
72
0
0
0
2
5
3
815
34
67
0
1
0
0
0
0
3
153
0
0
16
2
2
4
0
10
33
0
0
0
1643
0
2
0
16
64
440
954
4529
4
502
45
0
18
9
1
2
1686
0
483
1036
0
6
107
0
252
0
0
7
445
0
35
64
1
0
2375
0
96
284
0
0
33
146
0
4
308
300
1
639
0
650
0
1682
21
0
80
0
13
89
541
5
345
6
16
0
2312
206
56
20
1259
3
141
1
628
122
0
112
0
36
152
267
0
0
0
7
20
62
3
5
4457
161
629
292
3
0
0
1
13
184
0
100
150
3
522
550
0
119
85
63
0
0
1
0
768
0
98
0
207
15
1
0
3
13
0
0
1467
904
0
1
101
5
12
0
48
3
337
14
4
0
279
883
0
9
0
0
1
0
771
304
10
0
681
3
154
176
44
30
0
1
41
4
3
2
0
6
16
2
64
188
0
0
31
271
0
0
133
0
0
0
719
386
39
0
0
503
0
759
230
0
0
84
0
0
2
91
166
9
0
0
0
8
8
99
1
0
0
56
11
5
0
0
7
0
226
125
9
0
1
60
1467
8
247
0
9
0
18
6
0
823
3
0
10
56
65
1
0
0
3
166
0
22
0
135
0
624
0
2
2
40
0
5
0
12
0
3
3
83
4
0
15
0
0
13
25
6
0
0
365
0
3
0
49
8
13978
0
19
96
221
0
87
2
0
0
0
226
91
458
2
137
0
0
96
1
0
74
0
175
997
0
96
0
157
0
1259
9
375
47
0
0
0
1
0
0
4
0
0
0
13
0
1
5
298
321
93
0
0
251
5
0
210
1147
13
197
40
0
979
62
0
65
0
0
0
1087
10
215
0
24
4
0
30
564
353
0
275
49
16
4
0
81
325
0
296
0
0
346
12
114
10
0
40
0
0
202
460
9
9
8
0
1
0
3
180
196
262
0
16
2
63
0
0
99
0
59
26
0
483
46
4
113
18
0
1
804
193
0
298
4
51
387
4
18
2287
208
0
0
3
194
58
0
1
18
6
1
0
0
45
85
0
36
2
0
0
0
0
238
1
79
2
0
13
1
137
0
1
0
0
207
268
33
23
0
0
127
0
0
0
4
1890
1889
3
9
9197
16
50
552
0
84
0
0
1
557
5
0
3
73
87
22
0
0
0
2
0
837
0
0
1080
0
51
12
3445
196
0
0
154
1937
37
1878
289
0
91
10
464
0
17
13
17
19
0
0
0
159
0
1
2734
0
1891
1
0
13
0
19
0
96
182
0
324
37
113
0
72
686
4148
5
15
72
5
702
142
0
22
0
128
0
1
0
199
269
0
744
2
35
14
442
0
23
380
1009
36
76
164
0
478
4
1084
517
4
2011
0
292
71
110
202
5
0
7
0
0
27
28
8
0
100
0
1
20
11
1
0
2945
65
57
162
59
333
5
0
2
8
0
793
0
4
0
0
0
2029
0
117
125
1
982
0
13
259
57
20
673
0
0
123
0
2
0
2
15
0
0
0
30
165
30
0
6
1
0
72
2
0
0
1210
180
1040
196
0
1145
31
0
0
57
22
0
0
2
0
25
146
3
0
5
0
0
0
3
0
20
851
68
93
2
23
2
5170
0
0
11
57
0
2
127
0
218
5
54
52
0
951
181
20
321
73
0
0
401
504
998
94
0
0
50
0
0
0
0
1766
4
1296
245
135
111
329
0
0
0
0
18
0
276
0
0
65
148
3
78
2
742
41
0
16
97
0
92
0
48
1
217
75
0
1786
30
0
52
15288
0
48
1112
545
560
346
295
586
34
705
0
264
1528
0
50
15
2
0
0
513
0
189
71
3310
3
12
162
143
0
1751
68
82
0
0
2
0
2217
4
4
938
0
406
0
38
0
0
1180
24
0
0
1035
123
0
0
0
0
118
0
57
1
1200
4
58
46
1090
0
1
42
1033
0
4
2
30
100
49
0
16
281
74
2
0
88
38
174
4
0
14
14
0
23
142
0
182
1
0
0
0
0
0
0
0
10
0
0
0
0
0
0
3
582
8
0
0
1492
0
0
7
0
0
46
0
112
1
0
43
2
0
1
15
0
0
139
11
0
0
1
89
0
0
0
133
58
3
0
0
171
0
0
1
6
0
0
2
0
12
0
6
0
0
39
0
0
19
1281
0
0
12
0
5
110
7
178
3
1
2
0
50
5
0
0
70
0
168
0
0
0
4
12
1
45
0
0
271
14
0
374
15
3
2213
29
5
0
26
352
0
0
16
0
0
48
24
61
0
92
13
0
2
1685
295
9
0
145
0
0
41
0
12
9
0
7
0
0
0
2
535
0
2
0
0
1048
0
163
21
12
0
0
103
957
202
148
0
0
9
0
0
0
4
0
0
79
1
0
72
0
0
0
0
0
91
2203
26
0
0
16
0
0
0
0
2
0
0
3
0
0
0
0
0
14
0
0
8
24
0
2
0
36
2
105
0
0
0
0
3
0
0
2
0
2
0
0
0
0
91
1
0
1
20
196
0
0
0
0
0
0
0
0
0
4
0
0
0
0
0
5
0
6
0
0
0
1
0
0
0
0
0
0
2
0
0
0
0
0
0
0
2
1
0
0
1161
0
1
0
30
1
0
0
0
828
0
0
60
85
0
5
41
0
0
0
0
0
0
0
32
87
0
0
0
7
324
55
0
18
0
0
0
0
0
0
0
0
0
0
0
11
0
0
0
671
0
0
0
0
0
0
0
0
71
0
28
0
18
0
24
0
1
0
0
204
1
2
3
0
8
2
0
0
0
79
4
0
3
0
6
51
0
0
0
7
21
0
28
0
0
0
84
0
10
0
287
1
2
0
0
5
0
0
0
0
86
0
0
0
0
297
0
0
790
219
0
0
44
35
0
0
0
1
0
708
0
2
40
0
72
2
2
0
0
0
2
0
0
1
0
51
0
0
374
0
0
0
0
0
12
0
0
0
0
0
1
0
4
0
2
0
0
2
67
0
74
0
0
206
3
0
0
0
0
167
2
0
16
0
0
0
0
0
0
8
0
0
37
0
0
67
0
0
0
0
38
5
0
0
44
0
0
10
0
1
0
1
0
0
1
0
4
0
0
0
0
0
0
0
0
1
0
1
1
0
0
0
1
0
96
7
0
112
3
0
0
0
0
20
0
0
0
0
0
0
0
0
0
0
0
0
0
0
0
48
0
42
0
0
0
0
111
0
0
0
228
0
0
1
0
0
25
0
5
0
0
8
0
0
0
0
0
0
3
0
0
0
2
0
998
0
0
0
0
0
0
0
0
0
0
0
20
31
0
0
9
0
9
334
0
0
0
0
0
0
4
0
0
0
0
0
0
22
1
299
143
0
0
0
0
0
0
0
0
448
0
0
0
0
0
0
0
0
0
457
35
0
677
0
0
44
0
0
0
0
0
0
0
0
0
0
0
0
1
0
13
0
4
0
0
0
3
0
0
0
0
65
0
0
0
43
2
0
84
0
76
0
0
0
0
0
5
0
0
0
0
0
0
10
6
0
3
2
43
0
1
147
0
0
0
7
0
0
0
0
0
0
0
75
1
0
0
0
94
2
0
0
0
112
0
2
0
0
0
0
1
0
0
0
78
1
0
0
0
247
498
0
0
2
2
8
0
0
1
0
0
0
0
0
7
0
35
1
0
24
0
47
78
0
5
2222
0
0
0
0
592
0
37
0
0
0
0
0
3
0
0
2
147
0
4
0
1
16
0
100
0
0
0
3
2
0
0
0
0
0
0
5
0
3
0
0
0
365
0
0
0
0
0
0
0
0
631
0
112
0
0
0
0
0
0
0
1
58
0
0
295
0
0
101
9
689
0
0
0
0
1
23
0
0
0
0
509
4
0
0
0
1
0
0
0
0
38
10
4
0
4
0
0
3
0
2
40
42
904
0
0
9
14
772
0
704
0
3
0
89
1
0
5
1
21
0
0
0
2
20
5
1
0
40
0
0
0
0
1
0
0
8
0
0
2
0
19
0
15
0
1
13
2
23
0
0
0
0
0
635
0
0
0
263
0
0
2
0
0
9
0
2
0
0
47
0
4
0
0
81
804
95
0
0
0
0
0
0
0
0
363
0
28
0
0
0
0
0
877
0
446
0
0
12
0
0
2
0
0
2
0
2100
0
0
0
0
0
1
46
0
0
0
29
0
77
6
0
11
0
949
0
0
0
39
0
0
0
0
0
0
0
0
0
0
0
0
0
97
3
0
0
1
240
1
0
0
194
0
4
0
20
329
0
14
0
0
0
0
0
0
0
0
972
0
8
0
0
0
0
0
157
170
0
0
25
0
192
0
1
2
0
2
0
0
8
0
0
0
0
58
7
0
8
0
0
6
0
0
0
57
43
0
0
796
0
111
24
0
2
0
0
0
0
1
0
0
84
0
0
0
31
0
0
0
0
0
0
0
0
0
0
2881
0
3
8
0
0
0
2099
64
12
5
0
0
0
1
6
22
0
21
0
0
0
0
0
0
0
0
0
0
0
0
165
0
0
0
0
976
11
0
3
0
9
0
0
0
0
0
8
13
2
0
1
0
0
431
0
137
0
0
4
0
1
2156
49
0
0
81
317
0
143
21
0
0
39
0
0
0
0
3
18
39
1
0
0
0
0
0
0
0
0
0
0
0
0
191
88
0
1525
0
0
0
0
0
31
0
0
0
0
0
0
0
0
0
13
81
9
165
0
0
0
0
0
0
0
0
242
0
0
0
109
0
1
0
0
0
0
0
0
0
0
0
1
0
6
59
0
0
0
0
0
0
128
0
455
0
0
0
0
0
0
0
338
3
1
65
0
0
0
9
0
0
802
0
0
6
0
0
0
0
0
8
90
7
30
0
0
0
0
6
63
0
0
4
0
2
0
0
0
307
394
42
0
180
0
0
0
0
0
3
5
32
1203
0
0
0
0
1
0
249
1
0
0
0
1
0
23
3
0
3
0
0
2
0
49
0
0
0
0
135
0
0
0
0
6
3
1
0
0
0
7
0
0
107
0
0
0
0
0
0
8
0
0
0
0
0
10
0
0
0
0
18
0
0
0
2
0
0
0
1
16
0
0
16
24
0
0
0
111
0
0
6
0
0
210
0
0
0
1
290
5
0
0
19
0
2
0
4
6
13
0
0
0
57
0
120
0
0
38
0
126
2
734
118
0
1
4
1
107
0
0
0
0
16
0
2
0
11
0
0
2
0
13
147
460
0
2
0
0
0
0
7
0
0
0
10
0
0
0
0
0
0
387
11
443
0
0
0
99
0
0
2
0
5
9
3
266
463
2
0
0
0
0
5
525
0
38
10
0
0
0
0
34
0
0
0
14
3
2
0
1
0
1
0
14
7
2
0
154
0
0
0
0
9
1
0
0
0
0
1
0
0
0
0
0
0
0
0
4
1
0
0
0
19
64
0
0
0
83
0
0
179
0
0
5
0
625
0
0
0
0
38
843
0
993
0
0
0
0
0
0
0
2
0
5
0
0
0
2
0
0
58
0
7
0
2
2
0
0
0
20
6
65
0
0
0
0
494
0
0
97
0
1
9
24
0
444
59
0
0
0
0
0
0
0
0
452
0
0
0
37
189
0
0
0
0
40
115
1
0
0
14
5
0
1436
0
18
0
0
50
0
115
393
19
103
0
0
17
0
253
0
0
14
0
0
0
0
0
0
0
739
0
1
0
0
2
0
0
0
1
0
225
1056
0
0
0
0
0
44
0
0
174
55
0
1
10
0
1
42
0
0
0
0
0
1
0
0
0
0
6
0
3
312
10
3
0
0
0
0
0
3
8
0
0
0
90
3
0
0
9
2
0
0
0
0
0
0
100
362
0
0
4
0
0
2
0
74
254
0
29
57
0
0
0
268
0
0
0
29
0
5
0
167
2
0
0
101
0
0
4
0
0
0
0
0
0
0
0
0
0
5439
137
1
0
0
0
2
0
0
87
422
249
0
0
274
0
5
0
0
0
0
0
0
0
197
0
15
28
67
0
0
8
0
944
0
2
0
2
2
836
0
11
1
2
1437
37
0
0
0
0
0
0
0
175
2
0
58
0
0
0
90
0
0
20
0
2
2
0
0
0
23
4
11
97
0
0
0
0
2
0
186
0
1022
95
1
0
0
0
0
126
676
0
0
0
0
1631
0
0
25
0
1
0
288
0
816
281
0
2
9
0
1
0
0
0
0
0
0
0
1108
0
0
0
43
0
0
0
2
3
0
0
0
0
29
0
540
11
0
0
3
0
4
0
0
0
0
17
307
3
0
0
0
103
0
0
0
2
34
0
0
11
0
0
11
0
0
0
1220
0
0
0
0
81
0
183
1
4
0
85
0
0
0
33
0
0
0
1
56
3
19
0
0
0
250
0
0
0
0
0
0
0
251
14
0
434
1
1
429
0
0
1496
0
0
13
2
0
0
0
0
0
0
0
0
0
0
12
0
0
2
0
0
0
6
2
0
0
0
376
0
0
3
76
1
0
0
0
0
2
0
0
0
0
0
7
0
0
0
0
1
0
5
171
0
2
0
0
1367
1
1
0
2
77
0
0
0
0
0
0
193
0
4
0
0
0
6
1260
8
22
0
579
0
0
2
0
0
0
5
0
20
0
12
0
0
0
0
0
45
1
138
0
0
24
0
0
0
0
0
952
64
1150
0
0
0
0
63
107
0
0
52
911
0
0
1
9
0
0
1
3
0
1
39
0
1279
0
7
0
6447
0
2
23
0
0
0
0
0
0
3
1
15
0
51
0
193
0
39
167
0
0
0
11
0
0
0
116
4
0
55
25
0
129
0
0
0
5
0
0
1
2
136
152
0
0
0
0
13
0
0
0
0
0
4
0
9
0
18
0
0
0
0
0
0
17
0
0
0
0
0
11
247
0
0
0
2
2
0
0
0
0
5
3
0
0
0
1
40
0
3
0
0
0
17
0
0
0
0
0
0
0
0
0
0
0
0
0
0
0
0
4
4
0
0
0
0
0
0
0
0
0
0
0
0
16
1
7
0
0
0
0
88
375
0
0
0
7
0
0
0
0
0
0
0
0
0
0
1
0
0
3
0
89
0
880
0
270
0
0
140
0
0
125
0
0
1
0
0
0
994
0
6
0
0
1
2
0
8
0
0
441
1
73
0
0
1
2
0
0
0
287
0
0
0
0
0
0
0
0
0
0
0
0
0
0
0
0
0
9
0
0
0
0
0
0
6
0
0
111
0
0
0
0
0
0
26
1
0
0
0
0
284
0
1498
0
0
0
0
0
1
1
0
0
0
0
52
0
0
0
0
120
0
143
0
0
0
0
2
0
363
0
0
62
0
0
0
4399
0
0
0
0
4
0
83
14
5
48
0
0
4
0
0
94
48
2
0
0
58
0
0
0
0
0
421
0
0
0
0
12
0
348
0
11
0
0
0
199
0
0
13
0
175
0
1836
3
7
0
346
1
0
0
0
1
0
0
0
0
0
0
0
0
0
0
0
0
0
0
3
3
0
1
0
0
425
0
91
0
1
5
2
0
0
0
1
0
61
0
0
0
0
0
3
0
1
2
0
5
0
0
0
0
0
0
0
0
0
3
0
99
0
0
0
4
0
0
113
0
0
5
0
0
0
0
0
0
0
0
0
1
0
0
0
0
3
0
0
3
0
0
0
0
0
0
2
0
0
0
0
0
0
0
0
0
1
2
0
3
0
0
0
0
0
0
0
0
0
1
0
0
0
0
0
0
0
1
0
0
21
0
0
42
0
0
0
2
0
1
0
0
224
291
0
5
2
0
0
9
0
0
105
0
0
0
0
0
0
0
0
0
2
0
0
0
0
62
0
0
0
0
0
0
0
0
192
2
0
6
45
35
0
0
1
0
0
4
0
0
0
0
0
14
0
0
0
0
0
0
1122
2
0
0
0
0
0
13
0
14
0
0
0
3
0
0
0
0
0
2
2
437
4
34
0
2
0
0
3
108
0
0
0
2
0
0
1
335
0
0
0
0
0
465
0
8
268
38
0
0
0
1
0
0
5
0
0
1
0
0
0
0
0
0
366
0
0
0
0
0
0
121
0
0
0
0
0
0
8
0
0
7
0
731
0
0
0
387
18
0
0
1
0
0
16
114
0
0
6
0
5
0
0
0
17
0
0
0
0
0
8
13
0
0
0
0
0
0
0
0
6
0
0
3
4697
49
37
0
17
0
0
70
0
0
2
3
5
435
12
0
0
2
0
0
2
0
0
0
0
0
2
6
302
7
2
249
0
530
58
202
0
0
0
0
0
8
0
0
256
2
9
52
14
46
0
3
238
213
78
682
2
0
0
114
7
0
2
14
0
0
18
0
51
240
0
95
0
0
1
37
1
3
0
0
64
0
0
0
545
0
14
0
0
3
0
0
101
0
170
44
175
0
10
0
0
0
0
2
199
28
118
5
15
0
23
0
19
0
0
219
17
2
0
108
0
182
3
1329
46
0
0
0
109
0
1
6
7
0
0
0
0
219
0
358
0
987
0
0
0
0
0
13
24
0
0
0
1
0
0
0
0
107
43
17
0
0
745
0
1
3
0
0
11
0
0
373
0
9
0
2
0
4
5
79
0
1
138
0
9
0
128
0
3
0
106
2
0
24
0
0
324
130
0
2
0
10
0
0
14
0
0
4
0
5
868
0
0
2
0
0
4
0
0
0
0
0
311
915
0
1
264
0
502
0
101
11
166
0
40
0
0
24
342
0
134
0
0
2
205
0
0
0
22
12
87
2
1
0
0
0
1
0
0
129
0
0
0
0
0
0
0
0
0
38
0
0
0
0
1
6
0
0
2472
13
296
0
0
0
0
16
36
0
658
5
0
0
10
0
0
45
0
4498
59
449
0
3
111
40
53
0
5
0
2538
0
200
104
309
0
95
2
75
1015
319
0
0
0
1
736
0
1818
0
2
0
0
6
128
11
13
0
0
0
52
0
51
16
3
57
371
5
679
0
5
0
136
63
0
0
126
49
0
409
0
37
65
0
3
0
78
0
0
0
0
0
205
1
1
0
1301
0
0
1
23
0
51
127
33
10
0
34
125
0
0
0
0
0
0
0
0
0
3
0
2
42
0
0
0
313
233
14
0
31
0
0
0
657
0
0
25
0
10
3
0
132
41
0
71
1
0
0
0
105
4
22
3
0
0
0
0
0
0
31
0
225
68
3
0
2
200
69
0
0
151
8
73
0
9
0
151
16
0
26
0
0
0
21
549
1
26
0
4
767
40
20
5
37
0
3891
3
0
12
1
4
694
1
0
32
38
274
0
105
643
0
0
6
13
40
0
291
1
0
0
0
0
2
19
93
0
0
123
0
64
0
0
33
0
0
1
0
0
67
0
144
56
0
0
0
0
0
0
0
569
11
481
1327
527
1
0
12
0
0
3
0
0
0
906
717
0
106
0
1
3
1436
2
0
78
0
0
0
28
0
9
0
0
0
130
0
25
0
3
0
0
36
0
0
58
0
77
647
15
0
0
17
261
230
2
0
0
0
0
0
755
11
0
507
0
0
0
32
1
305
1
0
0
0
37
10
150
436
0
0
2
0
0
45
0
0
0
0
0
0
10
0
1654
0
30
183
0
0
0
0
21
114
0
5
0
0
8
0
34
431
0
0
0
2
4
0
92
0
26
0
0
0
34
13
0
0
0
0
681
0
0
51
0
0
0
0
33
0
111
50
0
0
2
0
3
172
0
0
0
0
225
8
0
24
0
17
0
11
57
0
51
0
1
1
0
141
0
0
509
0
7
4
0
0
0
28
0
57
21
0
0
2
139
6
0
0
0
316
122
4
0
0
0
2
1
179
9
2
2
15
2
0
0
0
0
0
104
0
4
0
1
0
0
0
3837
0
36
0
0
0
1
0
0
0
0
1303
0
0
2
142
0
107
0
0
0
0
123
0
0
0
0
0
0
0
0
114
0
0
0
1185
0
8
4
0
93
0
1067
0
0
0
0
1300
51
0
77
20
0
0
2
3
161
0
46
6
4
0
2
3
0
3
10
16
960
65
50
0
0
1
0
5
0
0
256
638
0
114
0
3
0
0
0
0
280
0
0
29
0
400
27
47
0
0
211
236
7
52
0
737
0
15
0
0
0
0
1
0
88
653
53
15
7
0
0
0
0
131
33
2
0
2
399
7
0
41
0
0
320
13
0
151
9
2
1085
3
0
20
0
0
0
0
0
710
0
1
0
2
0
0
1
42
0
0
745
0
0
0
0
0
0
17
0
100
41
25
1
0
8
0
0
0
1077
174
1
16
16
145
0
15
11
0
0
0
0
1
0
0
14
0
1
0
0
25
0
0
245
2
25
0
0
15
1
0
0
0
0
6
0
0
0
9
0
7
26
1
0
0
0
0
0
0
0
190
3
0
0
0
0
0
0
0
0
17
105
0
0
14
0
953
0
5
33
60
8
13
0
0
0
0
0
0
0
0
5
7
0
12
27
0
0
0
37
0
242
0
0
3
626
43
0
0
0
82
13
0
0
104
751
0
20
0
93
13
1354
243
407
0
2
288
5
2
603
0
0
2
37
0
1
30
0
0
99
0
0
0
14
1
0
7
0
0
0
0
16
0
0
0
0
0
83
138
52
2
0
0
16
120
0
72
139
1
0
0
0
9
0
0
61
0
45
5
0
34
143
5732
3
0
3
2
0
0
29
33
1607
0
7
7
2
0
0
0
0
0
33
546
0
0
3
0
0
0
35
161
6
11
0
354
117
0
0
0
368
3176
0
329
0
0
20
384
32
0
6
11
0
1
8
21
2
0
21
0
1
4
0
7
377
174
383
5
0
88
2
2
2
10
0
0
56
2
0
0
5
43
14
0
5
0
1
12
363
0
1
0
4
0
3
251
0
0
275
136
726
574
3
0
62
0
18
0
1
0
293
3
0
0
0
0
7
0
3
0
0
0
34
2
161
0
7
2
104
3
0
1421
0
2835
0
0
0
261
25
8
0
1188
0
0
14
83
374
16
0
314
32
10
2
20
8
367
9
0
0
0
0
5
983
0
77
0
60
14
0
2
37
203
0
87
6
558
705
2
4
0
21
2
0
3
0
222
190
223
5
77
0
122
0
40
0
4
207
32
0
1
0
294
0
0
0
47
3
50
0
943
0
0
1
1
10
63
0
219
22
14
8
186
98
84
22
34
0
224
0
0
0
138
0
0
26
0
0
0
75
0
0
1
0
0
0
38
894
18
0
440
49
0
728
0
0
0
0
0
354
239
0
143
17
0
0
0
0
0
41
13
2
0
122
0
0
0
0
1
0
400
0
0
613
2
0
0
3
0
0
0
20
26
0
0
0
0
78
0
2
486
0
5
0
14
1
0
33
0
57
0
0
35
0
6
0
6
2
625
14
372
0
0
342
185
0
25
17
0
0
0
0
46
5
1
0
0
0
0
32
0
51
0
95
2
30
36
33
2
7
2
0
0
0
4
38
14
78
728
1026
38
89
0
0
0
18
0
252
0
0
1
0
667
1
17
373
40
370
348
0
0
8
0
119
0
9
2
0
384
37
3
0
96
11
0
6
0
61
36
58
2
0
2
2
157
0
0
0
221
28
3
6
34
0
80
0
19
4
0
0
21
0
0
124
404
0
15
1
227
5
0
0
7
0
347
0
2
2
2
0
0
0
0
0
0
1
0
11
0
610
148
366
0
0
0
0
100
22
0
0
0
0
0
68
256
0
0
0
35
0
3
0
0
14
7
0
0
0
0
2
0
0
13
0
0
10
20
13
2
0
0
10
429
12
2
13
0
90
0
0
0
0
0
112
5
108
2
567
1
53
5
0
367
237
427
0
0
7
0
0
0
106
0
2
15
8
0
28
47
9
0
16
434
2
18
0
13
855
0
0
0
35
3
12
43
128
26
61
9
6
0
0
30
0
332
0
0
0
60
0
0
7
0
0
57
7
97
0
3
1
0
0
18
83
1
111
0
0
356
0
973
0
0
8
610
2
0
31
0
0
0
35
0
0
142
5
0
0
0
0
11
0
0
0
0
0
917
3
17
0
0
0
4
272
6
290
137
74
1217
39
0
73
0
177
27
0
266
1
419
0
35
0
63
0
20
0
0
0
0
1
0
0
4
4
119
0
0
0
0
137
11
10
333
0
1
0
120
0
0
0
0
14
0
116
2181
0
290
0
0
19
51
2
0
0
10
5
0
0
0
130
0
0
2
26
0
2
0
0
0
0
0
196
42
106
2
0
453
0
0
0
3
0
1091
0
1
0
94
0
318
130
1
0
0
0
0
0
3
0
0
381
32
250
0
84
0
0
0
1264
1
11
0
0
16
0
16
2
0
0
0
160
3
4
62
0
0
0
0
0
3
0
7
268
0
0
37
0
633
0
0
0
0
473
0
166
26
0
2
6
0
0
0
902
0
0
0
0
0
0
3
0
0
34
3
0
0
3
0
224
4
0
76
0
16
10
0
40
0
0
0
0
0
11
1
1
0
0
0
0
0
5
9
1
526
0
0
1144
0
0
0
27
0
0
1
190
2
112
0
10
33
0
0
0
0
1
3
9
48
1
1
0
0
0
0
0
1
0
2
0
616
0
25
466
1
0
0
0
2
0
0
186
0
0
813
0
0
3
0
248
1
0
0
0
1
0
37
8
0
6
1
6
0
0
570
1
37
0
2
17
0
0
0
48
5
2
9
73
222
0
5
8
178
13
0
4
0
0
0
0
0
0
0
0
468
1
0
6
0
0
33
0
0
0
346
0
0
0
0
225
15
0
0
0
109
817
0
4
0
0
26
73
58
101
2
0
0
0
9
0
0
335
8
60
20
0
312
363
0
0
0
10
1
1
5
12
713
0
0
3
0
0
1
128
0
0
0
0
0
265
13
0
171
157
145
48
0
20
3
0
15
5
0
67
172
1
31
59
100
694
0
0
547
0
3
0
0
0
0
232
0
1120
0
103
485
12
107
0
0
0
0
104
7
30
0
0
0
71
3158
0
165
137
4
0
23
0
47
0
0
1
0
0
0
345
4
0
0
0
0
0
34
0
11
26
0
992
0
0
0
0
91
43
0
59
0
0
0
6
1
0
0
0
1
0
140
0
100
3
9
8
148
150
0
54
0
0
0
0
8
0
88
0
0
23
46
0
0
191
0
0
0
0
9
9
0
350
77
0
29
80
0
0
35
911
1
0
0
7
0
0
11
636
241
2
0
0
0
5
0
3
65
854
0
663
30
368
4
0
0
0
0
0
0
339
1985
0
1
0
0
0
168
190
20
1
0
0
0
29
291
0
14475
0
0
759
369
0
0
0
0
0
0
10
45
0
0
3
0
0
112
0
0
64
35
0
505
0
197
0
194
0
0
0
0
0
0
125
3041
1
209
0
232
15
75
288
0
0
0
0
51
73
0
75
167
8
0
7
6
257
188
0
0
0
65
0
0
0
0
0
0
0
7
0
0
20
4
1
0
0
0
399
0
0
0
289
0
3
0
146
0
0
8
1197
0
0
0
721
87
0
0
0
1
0
25
180
879
0
2
50
0
355
7
5068
0
4
223
0
0
0
0
0
0
0
9
0
8
0
732
155
0
10
7
25
0
83
3
59
447
3527
1
131
278
0
1
0
40
0
60
2
0
0
0
0
0
322
0
12
0
0
6
57
0
0
40
10
6
3
10
140
65
1
4
0
0
8
102
0
210
28
12
0
0
0
375
0
0
202
0
0
0
0
1047
0
122
0
0
76
2
0
0
0
66
0
2
0
271
1
2
11
0
35
0
0
10
76
2
4
124
251
0
4
4
14
36
0
0
0
0
22
0
51
0
0
0
30
0
0
279
68
0
14
574
13
70
1567
121
0
0
0
0
0
5
1
336
157
0
0
0
1
26
196
0
0
8
2
1636
2
0
0
0
159
65
84
0
244
35
0
0
145
2
0
1
0
0
2
382
19
41
9
698
0
0
0
0
0
0
431
2
0
94
249
6
1
45
0
0
0
124
170
87
0
0
0
4
188
4
2
552
0
0
1
123
0
0
0
0
0
1204
1070
0
0
2
137
0
0
0
0
0
18
452
426
0
352
0
10
0
0
36
0
3
0
0
0
14
0
0
0
0
0
1
43
2
0
0
3
55
0
0
0
0
0
3
1205
23
0
1
248
0
170
103
5
0
44
14
0
0
0
2
134
5
0
4
134
673
10
0
0
0
0
0
1
0
0
0
10
0
29
0
397
0
0
0
437
0
0
72
0
0
0
0
0
0
0
422
339
5
551
0
0
34
0
3
0
0
3
0
20
0
0
0
0
0
0
796
39
5
44
0
0
0
18
0
90
43
0
0
500
0
0
0
174
0
0
7
0
2
665
0
0
463
0
0
0
2
0
2
0
0
4
24
2
0
0
0
0
0
0
0
0
0
0
0
169
0
0
35
1
0
4
0
0
0
90
9
4
0
519
0
0
1859
0
63
0
0
36
0
0
0
8
20
0
8
848
0
66
0
0
136
2
0
169
0
242
0
0
0
2
355
0
0
0
0
0
17
134
15
0
0
0
30
233
631
0
5
7
0
10
8
1
0
9
41
0
0
32
10
0
0
0
125
0
0
0
5
2
0
168
1
0
20
30
1058
41
21
127
0
0
57
605
0
3
871
0
0
0
9
124
0
0
25
3
2
3
12
1
17
0
15
0
0
0
7
4
0
0
0
736
0
0
0
16
0
0
24
8
0
0
0
0
16
0
3
0
0
49
7
3
0
0
718
0
124
30
7
0
35
0
0
0
9
65
2
0
0
10
0
238
0
0
0
112
1031
0
0
51
0
114
0
0
0
0
426
2
0
0
0
66
19
8
53
31
0
169
0
0
0
497
31
21
0
5
30
0
34
0
1
69
0
7
0
84
311
0
0
0
139
2
864
0
0
210
0
3
0
0
2
0
0
1
2
0
755
0
5
35
0
235
8
0
0
67
0
0
0
0
312
0
1153
724
74
129
0
0
113
1549
0
0
2
47
0
0
0
0
66
0
131
11
0
150
454
0
2
0
0
9
0
129
0
0
32
0
0
279
0
1
0
30
722
0
0
0
82
0
0
21
256
0
0
0
0
381
388
19
6
0
0
0
0
0
3
0
0
20
0
0
1
6
7
755
222
0
3
46
0
0
0
0
2
0
1
3
0
753
4
113
0
7687
0
642
0
0
0
104
0
2
0
5
3
32
13
131
40
5
42
0
64
0
100
1
16
0
2
0
71
0
0
221
8
159
0
0
0
0
13
43
229
0
0
1
0
0
1032
0
78
45
66
198
54
2
3
0
149
14
0
123
1
0
0
0
42
0
0
4
0
15
0
0
1
17
2
0
9
0
250
0
0
0
9
0
0
0
0
335
0
0
0
29
0
5
39
0
4
0
102
0
0
0
442
0
0
1
297
33
6
33
0
0
314
0
0
373
0
0
0
146
0
0
1
146
0
4
0
0
2
177
3
984
42
0
0
0
0
168
0
16
0
159
33
0
292
0
134
49
14
29
103
0
0
17
568
0
701
0
12
0
42
0
0
0
0
623
2
0
0
23
0
904
0
4
0
5
0
26
0
12
0
105
0
1
48
1
0
3
0
219
0
4
125
0
0
0
149
39
64
16
0
0
0
9
143
107
0
0
44
0
0
0
0
0
0
294
0
4
12
3
30
2
0
0
0
142
1
26
0
15
45
8
0
0
0
10
0
55
0
20
0
10
0
0
94
0
35
341
0
159
55
0
38
0
43
48
1
25
0
22
8
124
74
14
0
2
208
9
34
0
0
0
77
230
816
18
0
0
0
0
0
247
121
0
24
0
64
0
26
0
0
2
0
46
0
30
0
12
28
67
8
0
5
27
199
0
43
0
0
1
15
8
0
0
0
1
0
81
78
0
76
17
1939
2
268
0
48
29
0
0
0
0
10
0
0
4
0
0
8
52
0
3
0
10
10
177
0
145
16
327
27
0
1669
23
76
0
0
0
0
7
0
586
1
132
3
5
0
10
0
0
3
13
0
13
0
0
0
51
24
533
13
4
73
0
7
11
16
0
2
78
0
0
23
161
0
1
0
377
0
348
19
0
1
14
109
9
0
63
41
0
1
0
0
0
609
0
28
727
558
2
73
0
0
97
71
456
223
0
0
0
26
0
72
95
383
38
2
0
4
0
142
1010
0
0
19
10
0
0
0
0
92
0
573
691
249
0
0
501
0
1248
0
0
5353
1
0
0
0
26
9
12
0
2
41
0
168
50
0
368
19
66
6
6
137
0
3
151
208
0
0
0
60
3
176
0
4
0
0
1
0
0
0
1
0
13
0
0
0
37
0
142
1
0
306
0
468
62
0
36
0
2
69
0
0
83
27
1725
0
0
0
513
311
5
0
31
5
0
1397
9
109
0
2
0
1
0
115
11
5
15
0
3
0
6
0
3516
6
1
0
0
112
9
0
0
0
0
0
22
0
2
261
0
5
52
0
0
0
970
0
63
123
0
1
0
0
2
323
0
0
14
0
16
0
706
0
0
0
2518
34
89
0
3
0
54
70
207
0
2
0
14
5
2
389
10
702
0
0
0
317
7
0
144
250
0
93
0
1
0
2
0
9
105
26
1879
88
0
0
0
0
157
0
2
0
314
0
0
785
8
0
4908
51
214
212
1
0
1
0
0
47
12
10
0
0
118
126
12
7
0
111
0
2
63
17
0
0
0
0
0
6
0
0
0
0
0
584
2
2
0
0
0
0
10
1
0
0
38
0
356
0
0
3
0
520
3
1
0
5
0
35
0
183
159
0
0
0
0
0
0
0
0
0
0
0
0
0
0
0
0
0
0
23
0
0
0
0
326
0
2
0
0
0
14
3
0
5
0
147
14
3
544
0
0
0
0
0
0
0
0
0
1
51
0
3
0
2
0
0
66
85
0
4
0
0
0
9
0
2
0
22
99
27
0
0
2
446
2
0
9
85
0
0
29
32
0
0
160
27
2
4
0
0
523
238
0
0
89
0
17
0
122
35
0
0
47
9
705
46
0
16
0
0
0
2
0
267
0
0
0
0
0
0
0
0
0
200
4
87
0
0
0
0
0
0
3
201
0
7
58
390
0
0
261
0
0
0
115
0
2
0
207
1
0
0
0
0
425
0
0
0
0
371
0
0
0
2
0
6
1
0
1
0
0
0
0
0
0
42
0
1347
0
0
499
9
0
80
0
124
236
5
35
0
0
11
0
1733
0
0
0
0
36
9
1
9
0
0
3
48
3
0
0
0
148
172
206
0
7
3
68
0
0
0
0
0
0
0
576
1
2
7
0
0
0
0
0
0
57
0
0
222
77
254
136
0
15
1
0
0
35
0
372
0
4
221
0
0
0
0
0
0
0
0
249
0
0
0
0
0
559
1
1
7
0
525
0
0
0
21
0
0
71
0
0
0
45
26
1
0
6
336
0
0
4
0
174
22
311
0
10
11
3798
1
0
157
0
0
0
0
0
1
0
0
77
10
0
1
3
0
681
0
1
15
2248
0
163
26
38
0
0
133
0
0
29
5
9
428
0
30
0
0
0
0
0
0
2
0
192
0
0
0
0
0
0
0
83
14
537
0
0
0
11
6
1362
0
36
0
0
0
11
5
0
0
0
0
957
121
0
0
0
0
0
0
61
108
0
144
0
0
0
16
0
0
9
0
0
0
0
101
0
56
27
0
108
38
0
792
0
0
10
0
55
0
89
2
92
14
0
0
0
6
0
0
0
0
5
0
0
0
0
8
0
78
562
0
247
0
690
0
421
0
0
16
0
22
502
1
138
34
15
0
1
41
0
1
0
0
34
53
95
17
0
0
0
0
4
0
9
0
0
134
0
3
401
0
3
0
0
0
0
0
0
0
11
1
87
3775
76
0
35
0
2
4
59
0
1
0
2
0
0
4
0
0
0
0
1
14
361
10
14
0
3
0
178
0
0
0
7
2
0
0
2
0
2
3
123
145
0
917
0
23
104
1268
236
2
0
0
0
5
118
121
0
0
0
0
0
158
0
0
0
0
0
10
99
20
3854
1
0
8
113
297
0
0
7
0
115
0
45
0
1032
0
1
19
1
4
0
1
0
91
0
77
16
76
0
501
3215
231
0
29
2
3
0
0
0
0
58
0
0
0
92
0
60
0
1
0
447
146
23
0
0
2
0
0
0
122
0
18
48
0
0
17
989
5
27
4
2
0
0
0
911
0
55
0
0
592
0
0
2839
5
103
4
95
0
0
6
0
0
1281
0
1214
0
0
0
654
0
0
0
118
0
45
651
0
1
1
3
1358
0
0
0
82
0
0
3
0
0
0
46
0
1
16
17
75
0
0
0
103
389
0
0
0
0
0
0
0
123
2
2987
0
0
5
0
0
0
0
17
0
0
0
1817
0
677
0
0
447
1
0
0
4
6
173
0
0
2
0
126
0
0
0
82
7
71
0
179
0
0
0
0
0
0
0
87
0
0
230
1
10
18
857
0
0
0
39
1
0
70
0
0
20
0
120
20
0
9
0
0
0
367
10
2
0
0
0
0
0
0
0
0
94
109
1
47
117
14
0
49
0
53
0
24
0
5
0
1
0
0
9
0
0
1
31
0
10
238
0
0
0
30
62
13
3
0
349
0
11
0
0
0
0
0
0
5
378
0
0
0
0
66
0
0
16
0
9
3
0
0
0
12
2
0
772
12
0
102
43
2
0
22
22
0
1761
483
4
56
20
501
72
0
0
18
0
15
229
0
55
0
0
1
5
0
0
0
3
0
0
75
3
0
0
0
3
0
0
0
0
0
0
98
0
16
0
31
0
0
0
0
0
1
0
0
0
246
0
1382
6
1
2
0
233
0
0
0
1
0
0
0
26
1
0
244
0
0
3
0
0
102
0
733
67
0
0
71
0
1
7
11
0
0
0
0
0
0
77
8
0
0
0
1
17
48
0
1
0
15
4
0
39
1
0
0
34
7
0
0
0
0
43
183
2
25
0
0
0
26
0
2
1
0
142
1
1
239
0
0
0
6
0
0
488
0
0
0
5
1
0
0
459
1731
0
11
0
0
23
114
0
3
0
0
26
229
0
147
758
0
0
1
0
2
92
0
0
0
5
0
0
84
8
3
0
316
0
0
0
0
279
0
0
0
0
0
0
0
208
40
1
1
40
0
146
0
0
371
0
0
77
2
113
89
32
3
171
0
0
1
30
11
3
2
0
13
15
77
0
0
0
0
0
0
4
0
1
122
0
0
9
62
0
0
26
0
133
19
3
0
0
0
0
0
0
446
1
157
0
15
0
0
290
0
0
0
0
286
0
13
1
62
0
813
0
0
62
127
107
82
107
0
0
154
0
1011
0
32
6
90
0
0
38
90
0
0
309
0
247
0
0
0
0
0
0
8
0
64
0
0
0
8
0
4
0
0
294
0
0
223
0
285
12
0
910
1461
9
0
0
0
0
620
49
0
0
0
0
0
0
0
0
413
74
0
0
1
0
563
0
45
8
2
5
9
0
0
0
115
0
46
54
2
0
7
187
0
250
0
19
1953
7539
7
92
0
0
1
73
4
0
518
27
17
0
0
17
89
4
0
266
0
0
52
0
1
0
0
6
0
1
5
0
0
5
11
0
2
0
10
0
5
0
13
0
118
0
1
173
0
0
110
4
0
5
12
69
0
0
0
0
0
95
0
0
6
4
0
0
0
0
18
58
94
2
1
0
0
0
0
0
0
687
0
0
1
0
545
0
0
5
8
0
0
1
0
69
0
2
0
0
0
8
5
5
0
1
407
63
0
2
0
4
0
1
15
54
15
0
1231
0
28
118
0
0
14
0
5
15
0
0
0
2
0
3
0
10
0
34
33
0
0
30
95
3
5
0
0
0
5
54
0
0
0
0
47
0
0
9
70
0
85
0
40
26
0
321
0
0
0
597
16
16
2
0
0
0
32
1
312
0
350
66
0
40
22
20
293
0
9
45
12
0
0
129
7
0
237
0
0
244
0
0
0
1920
0
0
0
21
0
0
0
0
210
2
0
0
251
0
0
0
25
519
1
0
0
0
211
0
0
8
0
0
2
0
0
0
46
0
4
470
0
0
372
0
5
191
0
915
0
206
16
0
0
9
6
50
290
0
38
31
0
13
458
22
0
0
0
0
0
0
294
19
1
0
1
17
708
46
9
937
1
0
0
0
6
2082
5
139
50
0
11
237
3
600
38
0
0
36
235
0
3
0
0
2
0
0
58
637
151
1113
15
1348
142
151
0
60
0
4
0
0
0
273
0
15
0
503
4
0
5
0
16
35
0
2
1
70
1198
121
28
0
0
7
293
0
4
0
2
0
0
11
0
232
79
0
5
0
48
11
2
4
0
0
0
0
0
121
0
11
29
29
0
28
0
6
220
0
1820
0
0
44
11
1035
1
0
28
0
7
0
0
0
3
0
0
4
9
307
0
26
4
0
3
1
0
0
25
52
24
0
0
4
0
6
0
21
35
5
49
41
83
2
0
0
0
0
0
113
22
143
2
0
70
0
80
0
50
0
463
19
0
0
0
7
48
6
12
2
2710
15
5
0
1
0
0
7
159
0
0
0
0
14
187
0
0
29
0
583
0
894
734
6
94
188
83
0
40
9
50
0
167
681
143
3
219
0
0
3
99
0
0
0
0
177
109
1338
2834
0
112
1
354
0
0
0
2
0
0
0
12
0
0
0
2771
241
74
0
811
169
4
11
26
0
2513
0
0
2
3
0
7
16
9
4
0
715
0
31
2
9
0
0
235
570
0
3
4
0
598
0
372
0
0
119
103
9
23
0
0
0
0
0
0
0
14
203
17
0
3
5
238
979
0
4
9
9
6
57
3
923
0
1
158
4
0
0
0
1
0
240
0
0
0
0
109
0
0
0
656
0
139
88
68
71
0
0
138
0
0
0
63
0
9
0
0
0
1037
1421
7
143
2
3
2
158
57
105
0
141
0
0
0
0
123
0
0
0
0
0
1
0
70
8
55
25
37
96
8
6825
579
12
0
57
0
0
0
0
0
0
35
0
0
0
0
58
38
31
0
0
3
6
0
43
30
1229
0
7
0
19
0
21
0
26
0
1
1
128
0
12
0
5
268
0
0
0
21
3
438
729
0
0
3
794
0
41
187
31
660
424
2
92
2
125
2
0
1
0
49
2
60
0
0
223
0
0
0
0
0
0
0
1
562
11
21
439
0
6
12
0
216
0
0
1
0
13
0
0
12
7
0
0
237
53
471
0
0
539
2
0
369
0
0
0
0
0
1
0
1
15
0
0
2
3
0
115
0
0
0
0
0
0
0
1
0
69
1
0
2
2
4
3
37
0
0
0
0
0
0
0
842
4
0
230
0
0
16
0
0
2
351
0
0
233
0
0
0
3
0
2
200
0
27
0
166
76
3
0
4
4
0
0
0
1
0
17
0
0
0
30
2
0
143
42
13
0
1
343
694
0
1
1
0
682
0
0
0
30
50
986
0
0
21
0
0
3
3
13
13
0
0
0
0
0
272
0
0
425
0
205
0
396
0
2
23
6
91
358
0
1341
10
6
0
0
165
0
0
101
0
10
0
0
1
0
783
0
0
1
0
0
0
0
24
0
0
379
0
0
0
0
0
1
6
111
52
21
0
0
8
3328
178
0
23
0
0
0
5
0
0
1
12
20
19
12
37
2106
0
2
0
550
1
13
0
0
0
0
629
151
3
16
0
143
0
0
0
50
0
0
0
0
0
65
0
0
5
0
0
1
0
3
0
0
473
3
25
0
0
0
0
2
0
0
0
7
4
0
0
0
34
3
0
105
0
0
3
0
4
0
0
0
0
0
0
0
872
0
0
0
32
0
33
35
97
0
0
8855
0
9
0
49
8
0
2
0
2
2
0
0
0
0
242
0
7
0
15
0
0
0
0
0
0
0
0
0
0
45
0
0
0
10
7
2138
1
25
0
1
0
0
0
0
0
1994
529
154
36
1
0
0
42
0
75
43
218
303
10
260
292
396
0
129
59
0
4
0
0
0
0
0
134
1
0
0
0
19
18
338
0
169
10
77
1
0
0
0
23
32
0
0
0
0
31
5
15
11
88
0
0
15
11
0
0
1
0
2
0
1
0
0
0
0
0
0
2
68
13
1
0
0
1615
0
0
0
3585
178
0
134
0
0
1
0
0
294
0
0
542
3
0
250
0
0
69
29
0
0
0
0
0
256
0
0
6
2
0
0
213
171
0
0
1
0
0
3
0
0
1
53
1
0
1
18
1
0
0
0
643
0
0
344
0
0
0
88
1
0
76
0
0
20
0
0
0
0
121
0
0
0
24
3
0
2
10
0
0
27
16
0
0
0
0
15
0
40
0
0
3
0
921
0
379
0
0
6
0
0
0
0
0
153
1108
0
0
0
13
0
46
0
0
0
32
73
5
4
0
136
0
0
112
15
0
0
1
0
0
1224
0
0
0
724
1
0
2
33
0
105
1192
1
0
0
2
0
0
0
0
0
0
0
62
44
0
0
2
0
0
0
0
1
0
0
1019
0
54
0
26
4
0
0
0
0
0
1
0
0
0
0
0
3
0
0
0
2
0
0
198
0
50
0
0
0
46
0
1
0
1632
0
2118
0
376
1
0
0
0
3
6
0
8
0
0
0
0
0
0
8
0
0
1
0
622
28
0
0
124
0
0
0
0
0
0
0
2
0
0
42
1
213
27
0
0
0
19
0
22
0
0
4
63
2
0
0
3
0
0
0
0
0
0
0
0
0
0
0
11
0
16
151
12
0
0
0
0
0
0
3
0
478
0
0
0
7
19
0
7
0
0
0
0
0
29
2
0
0
0
0
1924
117
0
202
0
0
0
0
0
0
0
0
16
446
2
162
1
0
0
580
303
0
1
110
0
1
3
0
0
0
1273
0
0
0
0
4
781
0
269
2
0
5
0
447
0
0
0
0
0
313
0
0
0
0
0
0
9
0
1
0
157
128
0
0
0
1021
3
9
127
1
375
9
0
0
0
1
0
0
6
0
0
0
0
0
0
0
0
0
55
0
43
0
11
562
0
656
0
15
0
0
0
9
0
0
6159
0
0
0
0
0
0
0
0
0
27
0
0
1
0
0
230
1
166
0
0
8
0
638
166
1
227
0
0
310
0
8
0
0
0
0
2095
0
0
0
0
0
0
1107
6
0
26
6
3
0
0
0
0
57
0
35
0
2
2
0
100
9
0
55
0
1
0
0
2
0
0
0
10
124
0
0
0
0
0
0
0
0
0
7
97
0
0
0
0
376
0
0
2
0
0
210
1
0
0
0
0
0
1
1
0
0
0
9
0
0
227
2107
172
3
0
0
0
98
0
2
0
0
0
0
0
0
0
81
0
133
2
0
5
86
0
0
0
0
2276
0
0
94
0
0
5
35
0
0
33
0
6
0
4
640
222
2
0
0
42
0
11
0
62
0
13
1
88
0
447
1
1
279
2
245
107
13
0
7
3
233
1
0
149
52
0
342
0
0
0
6
0
374
0
0
0
0
0
809
978
1156
2
0
2
0
3
0
605
102
133
0
273
1
0
6
5
43
0
5
33
0
7
34
27
0
2
36
16
0
0
0
113
15
50
342
37
60
224
0
2
0
50
0
88
2
0
54
1
6
0
0
75
0
0
1
0
1
13
0
31
1000
0
0
1923
2
0
74
1297
0
26
83
4
0
0
1
7
0
0
0
0
0
0
3
8
23
5232
168
0
554
2
111
671
4
0
38
5
0
0
4
0
88
6
55
0
0
0
15
331
471
0
0
532
3
127
0
25
0
23
57
74
16
0
30
0
154
0
0
0
0
45
0
13
38
132
12
0
2
151
4
132
294
79
0
4
48
1928
4934
0
0
24708
46
224
0
7
0
0
96
312
0
24
14
384
0
0
0
334
3
149
0
0
2751
10
87
2604
0
0
4
878
0
10
22
105
96
103
446
0
0
225
54
4
0
72
8
0
58
502
0
0
2
171
0
0
0
0
0
0
3
0
0
2
441
11
485
38
396
1004
0
5
54
0
26
5
1161
0
183
4
129
0
6
0
74
0
1810
312
1638
1
0
74
137
0
225
172
0
0
2
16
0
756
3
77
0
24
297
3
0
0
0
255
0
0
0
308
0
54
0
0
7
0
25
23
0
116
0
298
44
0
68
16
0
959
0
1245
0
223
0
0
3
6
113
111
5
1
0
574
0
392
0
0
194
90
18
0
2
88
144
5
84
0
8
0
125
35
0
0
2941
0
0
497
1
94
11
177
1
9
4
14
5
130
0
72
29
1
219
649
149
52
3
888
70
0
832
0
0
366
0
3
29
29
1
0
61
76
1101
4
25
0
0
3
492
74
437
85
358
0
10
0
0
0
57
625
18
0
1
25
56
0
8
24
208
758
2
5
130
0
190
8
39
11
0
0
12
1
271
0
0
37
1
2
124
49
0
59
0
71
21
5
0
0
20
25
412
0
0
0
0
2
3
7
242
15
0
0
8
0
0
0
68
2161
8
0
0
0
36
954
17
90
2511
204
25
0
0
24
17
0
291
5
111
48
9
14
2
0
1
184
33
0
8
0
0
290
0
5722
0
36
22
0
0
45
1
0
0
14
0
4
127
9
0
137
0
4
9
7
1
193
0
0
59
578
0
2
24
37
0
0
218
740
0
0
2
3
0
0
678
38
3
0
3
0
0
0
86
14
299
0
29
0
0
2
4656
0
4
0
2
874
9
2
0
0
15
109
0
153
38
0
2
527
552
0
0
6
4
0
0
10
0
1213
23
1033
1008
0
0
0
767
0
0
1
46
13
2
67
0
0
107
0
0
9
162
120
122
90
112
0
0
1
0
200
0
0
281
29
0
64
0
2
0
830
393
1329
303
3
236
25
3
1281
0
0
0
7
0
491
310
133
17
411
22
0
118
0
0
26
0
1205
0
5
18
135
25
260
6
0
4070
3
0
0
35
0
0
801
0
160
270
184
0
87
0
46
18
0
22
4
88
4768
0
0
0
889
2
128
20
86
0
26
44
4
53
0
0
0
0
0
1486
0
83
0
1
0
0
32
135
815
0
7
1
0
0
0
2
0
0
1211
734
2
0
21
0
0
96
0
0
8
0
1
0
44
4
283
96
0
20
0
10
68
258
4
2
3
93
0
0
7
0
2012
24
0
0
184
1
4
255
0
104
0
3523
192
0
11
0
0
284
0
0
0
20
43
52
1
0
189
154
16
0
153
166
0
0
0
1680
8
6
20
250
0
41
0
33
0
102
19
0
0
0
73
180
0
332
155
0
4
0
0
0
230
386
0
49
0
0
95
149
54
3
156
0
143
95
40
0
5
15
0
7
0
2
0
0
2365
35
7
0
0
0
0
2469
111
150
27
0
0
20
22
9
115
0
0
0
0
0
0
0
320
0
0
15
8
60
139
853
0
0
91
2
2335
3
267
0
64
0
123
27
148
0
201
24
100
1
17
0
402
142
39
0
248
348
0
182
0
16
0
0
3
0
733
56
0
371
0
0
168
0
0
0
871
82
0
2
0
43
438
240
0
0
0
15
2
0
4
89
3
0
0
9
2
47
0
0
0
259
5
0
0
1010
0
18
5
28
0
0
7
440
0
0
472
0
0
0
0
0
43
5
0
1
48
0
0
0
0
0
6
1
0
0
90
38
636
3
1
1
3
10
4
1
0
0
0
4
1
0
41
13
0
0
4
0
0
0
0
19
0
0
16
0
0
47
0
0
4
0
21
0
0
0
0
14
5
0
0
3
2
0
1457
0
0
0
0
22
14
50
8
0
0
55
239
0
1494
116
0
69
2
87
0
114
5
6
49
1740
6
0
0
31
4
0
560
3
152
0
2
14
0
66
159
1
143
1
133
1
2
32
84
36
0
0
31
1885
23
6
17
12
0
662
6
688
1916
0
0
68
24
0
0
19
480
8
10
40
445
21
88
19
0
101
171
560
7
0
0
593
1
0
0
0
0
0
0
0
8
0
17
31
8
207
8
28
0
3
112
36
47
0
0
4
573
11
55
0
12
13
0
6
481
0
126
1
0
0
1
379
0
0
465
0
1
44
0
1
110
16
1534
0
551
0
77
377
28
0
1
0
1
0
2433
0
0
3
4
765
0
0
951
238
1
0
98
0
9
155
40
2
38
177
0
2
211
22
0
0
1
0
2
13
49
0
79
150
0
1
225
1783
11
1474
1
2
0
801
7
207
1
1
9
24
6
0
0
0
0
11
0
28
24
109
0
338
20
385
780
97
682
0
0
1717
0
0
0
2
189
649
0
0
0
0
7
0
0
0
0
0
0
0
0
49
24
78
64
86
1
0
0
49
0
0
0
0
5
0
67
0
89
0
4
0
2
0
0
17
248
3
0
0
2
2
2607
151
0
0
0
0
100
0
7
0
565
0
3
47
264
0
680
33
0
14
0
91
0
13
1
0
0
0
0
61
24
0
0
17
10
0
229
0
58
0
2
0
0
517
9
0
16
0
0
34
0
103
99
357
0
0
0
76
585
0
3
0
3
0
0
183
0
0
165
0
0
0
0
0
88
0
6
195
234
47
0
72
93
135
0
2
4
508
17
82
0
0
0
1
4
48
108
1015
0
0
0
0
4
0
0
0
0
2
0
0
0
233
34
0
7
30
105
0
40
21
0
0
0
223
0
90
0
204
75
0
8
1
0
6
0
0
10
0
0
0
62
82
0
1
52
447
0
24
0
37
0
0
0
0
0
0
0
24
0
0
4
0
9
0
51
0
0
6
0
0
20
0
7
0
14
6
85
7
0
441
0
0
45
1
16
0
0
0
0
0
2
5
12
0
23
67
0
2
2
30
71
58
167
0
0
16
0
24
0
1872
0
137
54
1382
1
0
1711
205
0
0
2
1222
0
0
1
26
0
0
1
17
0
67
0
10
288
31
752
0
2
2989
144
0
10
0
26
27
0
0
316
0
1437
0
0
213
0
14
0
4
184
0
0
75
1
226
2
0
20
124
1
34
0
0
769
40
2
3
298
0
187
0
90
9
175
8
4
1
0
0
0
0
196
1
0
151
284
0
3
546
0
8
0
2
0
0
0
612
1
394
11
80
735
5
75
5
105
2
8
809
7
0
21
12
1
0
117
0
12
0
6
2
850
0
3350
2
552
26
0
278
0
0
313
0
259
953
0
2
80
289
47
37
2
0
0
37
141
0
1
0
10
245
9
0
0
0
13
658
0
28
1399
44
491
71
12
528
22
11
11
139
666
0
0
492
749
52
0
374
222
48
0
8
1
0
2276
1515
575
7
101
0
31
7
0
0
621
5
48
0
373
54
0
26
0
6
261
68
14
103
0
5
57
1
1
0
0
129
3
37
467
18
3
0
3
10
303
0
18
2
1
373
0
382
27
41
0
0
1128
0
170
645
5
0
89
261
127
463
83
4
6
0
577
0
1049
61
0
3
0
0
2034
0
1167
69
1651
22
252
321
615
0
155
0
0
0
0
14
118
80
147
0
14
26
8
394
0
0
432
10
0
0
88
182
39
278
0
0
6
2459
0
0
13
1
28
0
410
252
0
32
99
0
100
12
0
0
1
211
208
2
0
0
0
64
0
4
14
31
0
411
2
0
0
0
0
0
14
0
89
0
9
0
141
0
158
0
1
58
11
12
23
13
83
1
0
0
0
145
206
11
458
5
0
0
185
2
22
0
429
200
7
0
127
21
0
121
90
143
0
72
0
0
2
0
3
3
77
319
7
10
0
127
527
3
52
0
14
4
150
150
274
257
1629
0
160
353
2
0
0
24
54
0
268
0
119
157
42
0
33
0
76
653
636
545
0
1479
1687
0
4
0
0
160
0
0
2
110
13
0
0
0
0
0
5
1
0
28
2360
170
103
13
11
2254
4
2548
0
2
258
0
10
4
0
0
246
20
4
282
1847
0
57
4
0
129
380
6
0
12
0
0
37
0
57
0
130
11
197
1
0
6
625
154
0
0
108
48
0
0
0
0
40
0
0
0
0
0
1247
211
39
88
25
0
8
0
0
23
32
610
0
473
208
0
67
86
63
142
0
50
0
0
0
12
0
556
26
10
21
73
12
38
0
4
0
0
0
0
16
71
557
0
4
0
0
0
0
0
0
55
5
23
0
724
0
148
94
0
2
81
1741
17
39
26
0
0
10
0
45
68
4
0
404
1
696
135
3
6
122
21
55
4
3
5
86
12
86
178
0
0
0
1289
0
0
0
0
129
7
43
101
0
0
1
0
133
11
0
965
0
2380
0
62
271
14
0
779
1
0
0
219
0
0
0
0
51
0
396
30
0
148
9
4
14
445
108
51
0
0
4
18
2
0
0
13
137
0
0
0
7
32
0
0
185
108
3
0
33
0
16
0
0
1
4
1327
1
5
0
0
0
6
0
39
2
602
0
0
104
4
188
0
4
0
177
0
24
2
32
32
0
1230
34
7
1
0
0
0
0
1
61
447
14
0
18
0
0
1
161
0
8
7
0
0
6
0
69
438
3421
29
319
0
0
5
0
29
0
7
11
2523
9
54
197
0
1812
0
0
7
38
0
163
17
0
17
0
7
42
23
0
12
2
10
0
5
0
16
0
5
0
0
658
302
4
695
423
1
914
0
1
1
91
75
6
15
46
0
23
4
27
213
257
1307
0
0
3
0
5
1163
127
14
123
1748
33
74
0
1715
188
12
0
0
1004
46
845
15
1
12
0
75
0
2014
9
130
398
0
5
530
71
2
3
67
884
0
0
17
8
0
6
312
0
6
4
12
0
620
62
0
0
43
7
2
0
0
0
25
1
2
322
40
19
0
1195
0
0
88
18
0
0
0
6
0
730
1
839
0
23
0
328
23
227
0
83
0
0
0
2
0
0
0
1
3
56
3
868
0
42
0
10
74
32
0
10
1
193
48
20
29
1
0
0
114
399
0
2
48
0
1
0
0
0
1019
0
98
912
0
35
52
160
0
0
0
0
210
7
5
0
11
0
0
0
0
0
0
56
127
28
0
9
7
0
1
0
0
130
3
0
3
70
113
31
0
0
86
0
0
0
26
0
0
36
9
18
97
0
3
0
563
0
0
0
0
0
49
11
3
0
492
26
275
4
324
53
18
16
2
31
144
0
0
0
0
366
64
34
115
183
0
66
151
0
0
0
0
117
0
26
66
2
0
364
0
33
1
12
1
29
109
1
1240
0
270
9
0
2530
10
334
1
377
0
0
472
101
8
0
14
166
2
21
4
0
281
41
3576
46
0
0
0
2
0
1020
2030
27
102
5
528
1
197
153
0
0
1003
0
114
10
6
482
60
364
94
250
5
1
43
743
16
0
0
0
2
2
488
0
28
15
2
25
4
219
38
304
165
12
107
0
95
0
167
2347
47
1
344
86
40
13
0
11
6
464
14
0
0
7
1
0
0
305
0
15
0
0
64
7
2
0
7
0
139
4
14
0
384
1
440
1
313
0
0
0
21
1
5
0
327
4911
66
68
37
740
4
1189
19
388
2850
2
176
1
56
161
37
0
39
0
12
0
0
6
18
275
18
0
0
0
0
307
32
213
0
13
940
1049
7
0
1
0
97
223
0
93
0
477
101
157
28
101
15
18
0
0
710
1
0
0
0
66
0
0
0
124
0
0
9
661
0
0
0
229
598
173
11
275
14
2341
0
73
18
0
9
34
3
18
0
17
263
11
2
0
517
0
1095
3
20
0
0
1578
0
0
6
15
0
6
0
86
147
125
0
46
0
0
75
103
0
2810
1937
3
710
103
2
0
1
119
623
40
0
0
0
44
8
2323
5
140
77
1
88
0
656
22
20
168
0
6
0
10
1062
0
13
0
0
10
2186
75
9
244
0
0
1
0
1
2
133
281
0
2
210
0
0
0
6
222
0
3
100
69
532
0
5
8
4
4
746
65
0
134
17
0
31
0
0
0
566
50
10
313
0
994
21
0
317
268
0
0
4
345
4
124
0
5
0
0
406
0
0
24
0
0
0
0
2
8
52
33
910
0
0
2
94
0
0
4
485
0
0
0
1
0
0
589
0
0
0
0
11
0
0
0
0
586
8
8
0
141
0
0
0
874
0
0
1286
2
0
0
254
17
673
14
0
0
45
124
25
0
34
518
0
0
0
22
6
0
7
3
3951
0
11
80
69
0
0
0
10
5
325
12
46
475
485
0
0
318
302
0
0
0
20
173
0
106
0
90
192
2
51
3
0
21
0
1
0
105
0
0
0
0
50
39
13
92
0
167
1028
18
0
311
0
93
0
223
51
284
0
0
94
942
0
35
3
0
0
189
0
0
0
9
396
3
0
39
53
448
18
10
0
184
0
68
462
156
1
0
0
215
224
708
47
0
57
2
8
2
0
0
0
4
0
0
0
148
7
0
0
1
578
42
0
18
0
2
1
523
2
0
1
0
325
1578
28
2031
0
0
0
0
0
176
0
0
30
12
1359
0
0
17
0
0
0
257
565
0
0
948
0
1
8
1
3
0
14
0
0
6
0
1
30
48
0
111
85
0
11
0
0
2
145
1
148
706
0
106
4
31
0
10
1
66
0
103
29
0
158
3
0
35
0
1
82
133
0
2
73
0
0
0
321
0
5
0
1271
90
17
347
0
0
0
4
302
149
37
121
0
0
0
0
0
0
207
471
0
907
8
141
4
22
0
0
102
179
2
0
2
321
20
6
0
34
267
66
1
239
176
0
5
7
2
109
1026
469
0
0
450
0
667
0
0
0
6
287
16
285
0
0
0
0
0
0
19
0
0
0
48
0
0
0
128
0
0
274
0
2
0
3364
0
17
581
0
134
0
4
0
0
47
0
13
0
65
33
678
0
188
0
112
0
1
0
0
0
0
39
0
9
0
19
0
0
0
9
1
273
268
958
0
25
15
116
15
1392
0
22
0
0
0
214
1
85
2
0
248
0
103
6
0
0
9
346
179
56
48
83
12
1
0
11
1
23
0
7
72
119
11
0
2
0
2
86
71
29
112
11
141
0
9
92
0
7158
1
120
2
0
870
0
73
8
437
2
8
0
6
29
3038
92
2
9
0
0
0
0
0
41
131
84
0
357
130
160
0
426
71
20
39
0
9977
5
60
1
167
297
105
3407
0
331
33
19
33
65
0
400
10
0
403
49
0
218
12
1
184
0
0
1
577
0
19
32
15
60
5
0
2
0
5
0
0
117
74
87
1
920
0
0
2
0
23
304
10
11
1465
1
3050
1
1
85
1
3
5
15
2
0
0
378
217
8
0
27
148
825
0
49
190
198
0
230
0
0
5315
15
3
2
0
0
1
4
0
88
0
3
78
2451
13
233
12
0
446
590
545
118
58
0
60
667
0
2
18
22
1142
0
0
570
21
0
0
0
0
2
147
7
591
0
0
32
0
10
0
2813
142
0
0
0
6
225
7
0
0
30
0
0
0
10
209
722
19
105
444
3
0
0
69
0
0
0
6
0
195
1
0
263
314
56
0
632
551
74
48
34
5392
6
0
1
0
3039
0
0
0
17
0
0
0
0
6
93
15
0
11
0
342
1
0
92
1196
0
835
38
55
9
0
0
10
40
32
10
0
2
0
0
12
0
0
0
178
103
32
0
87
395
0
0
149
31
0
65
229
12
0
8
0
2
0
0
254
901
0
0
3
202
32
0
356
0
2843
29
0
0
189
3
3
47
79
0
103
24
28
1391
108
0
0
13
0
0
0
0
61
0
0
116
0
1
3
305
0
59
4
0
0
0
70
15
60
55
0
0
99
0
20
0
0
0
6
2179
9
1
3
41
0
121
0
0
70
7
46
34
836
0
0
62
14
30
83
1
131
16
0
2
464
74
82
27
0
5
0
0
0
0
21
1
76
5
8
0
1
38
90
485
35
0
0
115
189
191
4
138
0
49
1
0
81
0
0
1
1
0
0
11
20
0
97
19
0
0
0
0
0
497
0
305
0
0
0
77
3
314
22
1442
58
143
0
5
45
0
0
0
0
0
93
0
10
0
0
0
0
12
454
0
0
0
0
680
0
0
181
1
370
123
0
757
0
14
3220
0
138
3
0
0
23
2
7
0
30
0
1
1
140
999
129
70
710
3
19
101
357
10
1233
36
2
24
136
125
13
1533
1
7
6
2
0
0
26
304
561
3
651
272
5
3
0
252
0
0
0
16
6
2618
8
0
0
48
589
152
5
9
0
0
1
114
0
549
376
25
65
154
0
70
0
5
1
0
1377
630
604
2
415
0
76
97
61
0
0
2
0
2
0
777
0
351
113
0
8
2526
36
127
28
259
5
0
5
13
3459
0
3
0
125
0
58
1304
90
0
97
4
262
1
17
0
314
230
13
0
3
134
373
0
13
2
57
16
2
0
30
0
0
1
0
0
153
0
2935
0
0
25
2048
0
13
4
0
15
0
86
0
3
6
567
11
0
352
167
136
73
3
4305
292
47
6
0
0
25
2
0
32
0
0
0
86
50
0
184
0
0
19
12
0
208
0
1982
0
65
504
171
509
0
113
0
86
0
712
8
307
0
0
0
0
13
582
14
0
4
899
14
211
0
589
139
174
60
30
4
0
9
0
7
0
0
0
251
0
0
338
0
7
149
706
27
1
0
3
16
0
0
0
50
445
9
1
711
98
268
0
1
0
189
6
0
63
191
0
0
0
401
0
2
31
2
2
104
16
0
2
71
1
404
0
96
1
0
2
0
0
65
0
15
0
58
127
0
0
382
0
220
0
122
2
0
24
7
298
205
133
0
0
0
96
0
0
40
0
394
110
4653
0
33
15
54
85
47
0
2
0
45
15
0
0
0
0
0
0
0
2
223
33
0
8947
2169
0
0
0
0
283
0
105
0
483
106
2
0
932
354
0
0
2
251
9
0
1
74
19
0
102
481
0
3026
0
0
284
420
128
31
0
0
0
453
1288
0
46
0
317
0
0
0
2422
712
0
0
0
798
79
1
360
0
0
2
0
0
78
400
0
115
0
0
0
0
0
0
52
19
0
26
0
43
0
1
151
6
15
0
266
0
48
0
48
0
0
705
0
0
0
26
36
0
183
2072
4
73
36
8
252
14
0
0
50
5
0
672
0
3
6
0
2
4
64
128
755
0
0
56
122
153
53
0
191
75
326
4
0
315
15
5
0
12
15
51
264
0
140
0
16
7115
327
112
0
109
0
651
74
0
5
87
196
8
24
16
13
0
3
3
0
0
6
2
15
584
199
47
0
0
8
0
19
10
1325
0
0
0
0
3
0
32
1514
0
13
20
0
39
0
0
403
119
0
0
0
0
26
354
32
23
2
69
0
0
77
0
0
9
0
10
90
10
0
0
762
9
0
2
0
689
1
9
170
0
0
85
8
108
0
3
2
50
0
38
4
0
0
2
242
0
0
307
34
12
2
584
0
21
0
132
13
3
2
11
7
4
673
13
0
2
7
0
28
0
0
112
25
38
189
0
6054
71
3
103
3
18
0
0
113
35
43
0
52
0
2
102
1145
6
71
8
6
106
29
0
1
108
0
0
0
183
1889
0
5
139
93
343
0
0
0
3
30
0
2521
0
72
0
5
401
49
23
126
3
24
0
40
0
0
10
0
0
0
198
68
4
13
2189
1
4
0
0
11
225
2
0
251
3
11
27
205
361
0
141
0
8
462
16
331
0
0
7
36
0
0
0
100
4
453
871
0
10
0
1
15
6
76
0
0
260
29
135
3
0
34
5
644
1
4
89
0
3
0
4
635
10
249
2
0
0
0
22
2
500
396
0
3
5
86
235
47
0
0
11
95
1
20
3
981
3
165
0
55
5
0
0
0
0
378
426
7
3
59
0
0
382
0
0
17
0
0
0
0
0
184
0
0
14
0
0
1048
275
3
400
0
0
0
461
0
8
0
34
0
0
36
0
26
0
201
1100
3
5
1328
2
0
2
59
234
0
53
14
3
4
0
0
641
69
2
2
0
43
0
0
0
1
0
67
11
0
0
0
0
2
0
5022
0
13
1
1740
0
20
0
1
1226
40
54
5083
53
0
757
0
4
12
29
50
0
208
0
412
0
0
924
1
83
0
4
12
784
32
0
0
60
175
311
338
26
0
0
114
2
0
0
50
4
9
0
5
0
5
39
15
153
119
0
0
0
15
138
39
2712
0
13
0
50
2
578
36
37
26
782
0
180
14
0
105
320
1
0
12
100
53
47
0
0
0
0
70
547
3
4
10
8
2379
2
0
339
20
272
12
0
424
0
7
0
24
390
17
41
10
490
0
82
4532
7
0
0
164
0
88
126
8
117
82
969
423
0
0
35
0
0
10
247
6
18
0
2
238
4
0
14
7
0
0
0
0
0
5977
0
1
0
708
0
24
1
23
2357
0
0
4
0
19
1
1
11
81
57
360
0
1
191
160
72
97
312
17
0
110
0
68
642
14
179
1
34
1807
0
67
27
0
3
197
5
237
62
1
0
7
0
13
0
0
1
322
0
0
285
92
0
1
0
73
0
131
7
58
0
1
1461
0
189
2
639
190
0
29
620
0
35
13
0
0
282
0
27
130
740
0
0
2
1
27
309
0
0
1
346
1
0
0
0
479
0
2515
0
3
50
0
0
0
145
0
47
0
120
0
3
84
0
10
0
8446
0
13
1
0
0
0
41
0
0
0
69
0
1
0
3
423
0
363
51
127
0
0
157
12
0
0
0
0
6
1
155
156
0
0
181
1
1
597
0
365
0
0
229
0
0
19
72
0
525
5
2
0
0
0
0
0
201
0
4
0
0
176
5
0
1101
0
0
0
7
21
3
8
0
207
1
2
0
42
4
0
0
12
203
0
33
110
0
39
0
0
807
2088
0
0
0
0
181
0
72
9
31
0
0
0
2
391
24
15
4
1
326
0
6
88
24
19
10
0
20
0
10
144
8
0
70
798
0
164
0
0
3
85
0
6
0
13
79
0
155
0
24
0
0
0
4
536
0
182
0
0
0
138
0
0
61
17
0
254
33
0
36
0
0
28
14
2
41
77
0
0
6
1
9
6
63
0
0
3
18
0
1412
0
38
0
124
1
77
29
288
12
1
12
0
838
21
15
57
1
0
3
7
548
0
0
7
0
13
73
32
227
106
0
0
229
0
32
0
555
3369
1758
0
23
9
166
87
0
11
0
62
29
26
1
110
58
2093
79
258
135
1504
325
0
0
3
1
77
156
0
131
0
8
8
2
5022
0
4
2
11
51
0
1
345
0
26
3
8
0
0
0
256
0
1
1
0
0
0
34
4
2
303
0
65
0
801
4
1
0
7
112
0
9
0
6
41
0
244
205
0
12
2377
18
6
8
0
0
0
184
2
0
0
71
1
2
0
0
41
951
310
0
0
0
0
140
0
2
0
0
0
0
10
11
2
0
0
317
2
0
0
0
293
775
194
1533
0
4
235
0
0
0
65
1323
91
10
1
66
0
0
0
69
0
0
0
0
3
1
4
2
0
0
0
0
6607
0
80
33
0
20
3
309
254
615
0
0
0
296
0
24
110
0
0
0
44
62
3
0
0
40
0
896
113
3
5
33
0
2
94
16
0
6
0
24
1
0
8
1841
67
12
142
34
21
178
1473
1
25
0
2
20
0
279
24
902
1037
1
2
4
12
136
2
5
0
99
52
44
140
19
408
2
0
52
8
1592
6
0
0
0
3
1
9
0
18
18
0
64
0
254
231
29
197
0
23
13
44
43
3175
560
0
0
260
0
41
3
727
0
0
2442
0
0
13
3
0
1
19
0
395
0
1
384
0
0
0
4
5
0
9
0
2
346
1
102
97
4
0
0
1152
15
3404
2
49
0
255
333
0
0
135
5
1
13
0
0
83
2
59
0
0
473
5787
5
53
113
837
2
21
4774
0
1
959
621
0
104
59
3624
0
2
0
342
8
104
1
0
604
0
39
0
0
0
2244
1170
20
4
179
0
843
718
16
0
2254
0
0
7
0
44
4
0
908
0
0
12
136
97
0
772
2
287
16
9
1
0
40
0
609
291
224
0
0
11
0
1138
6
0
1427
272
0
0
20
5
134
0
584
90
113
286
3
0
1685
341
136
73
0
0
297
368
360
0
1
121
115
0
1
0
0
103
0
9
2
1685
269
0
0
0
0
15
300
75
0
168
2
0
30
203
0
48
493
0
0
31
50
26
0
40
0
235
14
13
0
179
1
0
0
61
264
0
859
68
0
0
293
92
107
76
11
36
0
161
0
32
12
0
5
0
0
0
3
0
0
2424
474
36
3
0
0
2
935
43
21
8
18
0
722
0
0
0
0
270
224
92
13
0
135
496
223
0
54
34
0
9
0
0
0
0
55
441
77
0
8
76
7
32
3
0
10
3
77
1650
0
0
0
11
35
1
16
0
1
10
10
2
402
4221
1439
0
275
0
10
0
0
0
0
0
446
7
774
74
451
0
179
0
658
5
621
2
0
31
33
9
211
533
567
1613
0
508
0
27
2
17
403
27
815
52
185
9
11
3
0
18
9
25
153
42
0
194
96
0
1108
43
17
600
31
418
126
495
11
368
26
0
0
1
4
7
50
1081
0
15
608
0
155
0
0
37
179
501
0
0
0
0
20
0
18
74
1322
0
5
428
411
0
628
44
0
421
3230
123
53
306
8
0
671
0
1502
52
57
119
70
0
1
0
0
2
0
0
0
18
0
0
1
22
5
17
0
0
15
105
0
3
0
8
0
60
0
0
483
5
0
3
644
23
0
0
102
665
0
88
0
965
135
15
26
891
472
5
27
0
0
0
88
200
21
0
4
0
5
1
0
1
0
0
76
119
18
0
2802
0
0
0
28
2
131
0
0
178
3
143
113
30
0
1
0
547
11
0
10
0
0
153
354
0
0
97
0
564
0
487
7
1548
797
1
0
4
463
0
25
68
0
510
90
4
516
35
2
0
0
2
47
132
480
1
11
0
9
118
1
2621
29
0
0
33
0
5
1
0
69
327
0
515
159
790
17
60
97
620
1116
2
0
13
0
30
80
0
435
7
0
0
1
4
0
2
14
0
0
3
1
0
7
136
48
0
7
0
13
3
40
6
218
4
1
0
350
9
1437
2
56
9
254
0
73
271
0
71
18
200
0
397
45
767
0
183
63
3
0
3
13
47
5
79
44
13
10
101
139
0
910
1146
175
0
0
432
2
0
234
0
57
0
29
0
0
0
0
39
8
8
0
657
465
12
4
692
4
1
147
141
1
0
0
36
4
15
15
0
2583
164
0
40
91
15
0
0
71
6
576
412
5
6
148
5
88
7
0
35
4
0
0
22
0
0
0
120
26
0
32
0
46
8
73
146
0
6
8
2
1091
28
0
0
103
0
0
10
19
580
84
0
0
611
0
0
0
0
372
700
12
0
224
0
2
13
22
20
39
0
441
264
167
0
0
8
6
2
6
39
100
18
1
0
13
0
0
4141
0
0
16
8
415
27
6
0
0
7703
1232
159
72
0
3
0
0
51
0
3
151
67
933
768
1
1010
1
347
0
0
0
0
91
0
1
0
0
0
29
1
62
3
607
13
35
1
49
0
159
2
435
0
0
0
938
131
0
0
0
0
0
17
6
1
59
2
180
2
202
266
5
0
0
0
0
2
32
0
204
1343
0
0
0
2839
2
0
7
4
107
10
10
0
3
58
0
2
146
2
0
9
0
73
1114
0
24
374
5
0
0
100
0
0
0
58
0
0
154
0
3
0
0
329
3
25
4
0
0
1
0
938
0
0
0
0
792
0
137
5
0
63
109
0
0
195
0
22
8
0
166
0
0
81
0
0
10
19
0
0
0
3488
0
25
1
0
107
0
174
28
3
4
45
12
10
45
42
0
0
0
1
618
76
0
0
0
0
78
55
49
13
0
229
191
1530
0
0
0
203
22
0
260
810
0
1
180
11
0
2
6
1186
5
7
155
17
0
46
2
4
0
0
0
2
15
21
14
0
438
189
336
30
0
154
0
2665
0
5
0
10
136
21
1495
41
0
1
28
594
1
0
194
2
6
5
6
31
220
1
72
0
2
41
404
0
0
640
7
1279
0
0
0
0
102
2
305
0
21
13
0
3
0
2020
736
1
77
238
13
94
1505
700
30
50
7
0
0
0
1
133
1
69
56
238
8
444
80
194
1
0
0
0
3
11
22
29
0
0
168
0
108
128
0
831
0
0
298
70
10
1297
2407
7
5
10
114
0
409
0
0
0
437
0
0
86
0
0
700
0
17
39
0
1035
0
0
0
1218
19
315
499
266
0
611
292
2
290
34
0
60
190
6
84
0
0
8
0
4
816
4
5
0
0
3
0
1
189
11
0
27
48
24
42
682
10
0
0
0
1027
310
27
13
3300
0
2
59
0
3
0
70
0
19
0
18
6
0
6
436
8
93
189
57
1
0
10
3
6
96
285
0
1150
0
4
0
2
0
2
5
11
654
0
21
8
10
0
0
0
81
16
71
11
0
2
211
0
130
379
0
0
219
269
9
0
2534
89
8
3
69
1
349
0
2
0
0
2034
0
0
0
0
295
0
2
12
0
2
16
8
125
48
0
324
83
6
0
8
57
0
44
3
0
59
1
0
0
245
0
17
16
0
187
39
82
400
26
23
232
0
1
1232
0
14
0
0
0
554
11
0
74
0
60
41
8
301
0
19
98
53
146
0
475
3
0
176
0
0
0
816
26
0
74
35
0
0
0
534
0
188
0
0
2
0
29
0
0
10
0
33
195
0
36
0
0
77
42
788
97
3
0
0
76
8
43
0
50
33
0
1
15
0
0
0
0
16
0
12
33
0
1
0
4
1415
0
7
34
2
1
0
0
154
238
3794
0
0
59
13
7
22
425
112
0
40
56
33
3
1
4
0
12
76
289
1
0
40
0
0
0
3
4
0
0
0
12
0
0
0
9
5
46
69
2
64
267
8
0
0
125
5
0
76
0
0
182
0
4
163
0
1503
0
27
3
6
8
0
7
0
4
0
1
1
0
3
6334
54
102
0
1
0
18
94
75
5257
0
4
15
0
0
152
68
0
794
11
200
2
0
17
0
0
100
0
0
4
0
4
133
0
945
0
0
1455
15
0
2188
0
0
325
207
24
0
0
574
0
297
1324
4
11
2
2061
149
83
0
119
20
0
0
3
0
91
4658
509
0
1287
0
79
171
1
0
32
0
247
173
8
0
161
62
234
34
9
849
176
0
0
150
378
1
86
0
0
0
138
28
93
37
18
1
37
0
0
8
0
1
0
0
138
0
594
0
176
0
3
0
44
2459
0
139
0
25
6
0
27
50
0
7
8
189
0
0
0
0
0
114
0
0
0
0
36
51
6
29
887
0
0
0
2
0
3
139
3
0
0
15
0
207
0
0
0
16
0
22
41
0
0
0
264
184
0
0
0
0
16
0
0
108
45
0
45
1
566
38
0
19
0
2
395
0
0
19
0
6
0
129
0
48
0
2
0
55
85
76
1
7
3
0
9
0
222
2
62
22
57
726
5
0
0
0
6
0
5
0
0
1
82
57
0
0
0
119
0
17
0
108
190
1
8
40
5
0
6
14
0
1
0
1
0
1
13
0
47
2
0
543
98
107
18
41
0
400
47
0
94
27
239
174
69
0
0
10
8
0
1
918
11
2
61
0
0
0
123
66
0
2
38
0
0
0
25
3
0
3
62
0
0
0
0
0
5
288
0
712
12
0
12
777
0
1
16
64
0
22
0
2
0
0
84
61
0
0
813
1
0
0
0
0
4
1
0
124
12
0
0
0
8
9
271
0
0
0
8
0
0
35
452
25
0
0
0
0
0
0
15
10
51
0
23
78
24
0
0
116
60
0
0
0
0
0
0
37
0
3
0
118
0
0
0
1463
0
119
11
1
48
4
2
0
0
143
196
0
0
0
0
14
38
0
31
5
15
434
22
159
0
15
11
582
1089
0
0
0
0
148
8
20
0
1778
0
0
0
2
108
0
0
0
1
135
0
170
28
7
4
2
0
460
8
8
622
47
0
0
31
0
9
93
84
0
0
20
0
939
16
0
0
4
0
8
0
0
5
91
286
1
0
34
3
0
73
0
0
223
0
0
0
246
4662
1
0
0
0
34
0
17
0
59
145
22
2776
5
0
0
5
318
87
13
84
28
2941
564
0
0
2
0
34
115
2
1
8
0
388
1
513
0
10
0
0
0
337
146
0
32
138
3
2
693
149
28
0
241
9
11
0
0
16
8
3
0
1021
13
0
0
9
0
18
102
18
0
1
0
334
271
20
0
1
8
0
96
0
3
0
38
215
0
0
0
2
2
0
0
0
966
0
13
2
12
12
3
0
0
3
89
52
0
0
0
24
0
140
75
0
411
177
4
0
0
0
8
0
7
12
0
0
0
2028
10
0
281
0
0
73
0
0
15
65
3
0
352
8
126
0
35
1
7
39
87
0
0
0
0
0
30
6
14
3
7
32
90
8
0
0
0
0
12
383
133
1
0
0
246
58
2
75
116
253
106
0
19
22
95
0
3
58
9
1212
0
159
8
2
0
0
0
9
0
12
0
182
2
0
0
0
26
191
0
301
0
98
1056
144
0
0
1
3
4
140
0
0
0
103
0
36
1
58
2
82
0
0
2
541
40
152
0
0
2
541
0
50
0
1
36
108
0
42
0
1215
0
12
9
0
2
25
0
36
575
1
0
0
258
10
41
246
0
0
0
1
0
0
4
87
1270
410
11
0
48
19
47
346
0
3
0
0
2
679
0
78
0
270
0
45
74
0
0
0
92
371
116
31
11
20
0
11
1909
0
44
6
0
33
13
27
40
1
0
2
2060
0
1
427
40
2
622
4
7
16
0
60
23
330
32
0
343
0
1
0
2
601
5
29
2
102
2
8
0
0
0
1
154
56
3
9
78
2
0
48
740
0
0
61
2
0
0
4
0
0
177
0
766
0
0
1
1
5
4
0
4
339
17
592
251
12
246
0
95
4
647
2
0
502
38
0
0
0
212
0
3
13
191
1
19
2
12
0
108
0
0
2
0
0
121
0
0
1
51
43
2
164
8
1
4
0
0
72
0
93
92
156
0
1
14
990
0
9
0
0
172
13
0
0
991
178
23
0
0
0
8
1
0
209
0
2
0
136
0
16
0
6
0
2
78
2
9
0
714
0
0
13
0
5
6231
0
72
0
0
0
0
108
122
89
0
392
1
163
0
0
92
0
0
110
14
70
0
4
17
1145
468
33
0
3591
0
92
66
0
60
0
8
6
210
43
34
265
0
0
6
67
0
3
127
0
0
0
11
27
13
0
874
1
159
0
507
112
19
199
925
143
0
2
12
0
1
2335
20
67
44
0
0
0
3
6
2
0
31
33
247
290
0
24
0
0
189
29
11
12
0
442
11
787
0
23
0
18
0
70
125
97
0
185
45
1
12
5
0
0
0
68
145
61
1
25
0
46
13
0
0
6
521
0
3
15
0
0
720
0
901
1141
0
2
673
1
0
76
19
14
358
0
146
0
21
81
1
0
124
0
40
13
0
6
27
0
581
6
2
0
29
66
0
0
0
0
0
183
92
1
3
24
193
204
1
84
408
183
1
0
0
208
39
0
0
103
48
178
2
3
0
19
0
1565
834
0
0
2
4
147
0
0
0
0
0
120
32
6
0
0
0
0
20
284
1
0
9
1
9
0
98
0
1
79
0
11
4
207
2
0
0
82
0
355
406
38
652
94
0
246
0
0
34
0
86
0
0
73
0
0
7
0
1
0
2052
0
0
0
6
1632
0
720
0
8
0
0
38
22
48
51
43
0
191
5
3
0
9
241
42
13
5
2
12
3
0
0
0
377
211
171
69
789
713
2
6
0
0
0
179
52
0
197
643
490
61
0
6
67
718
0
7
3
235
0
182
0
359
51
209
0
4
0
0
817
0
40
34
60
15
309
42
48
0
20
0
0
0
0
13
84
84
4
2
251
0
0
0
228
0
7
76
2242
112
0
278
0
0
19
0
235
0
0
0
2
190
0
7
0
13
59
7
20
0
2
0
172
0
55
4
7
0
11
69
0
5
0
78
0
2
0
6842
38
0
0
0
25
30
167
31
746
0
0
1184
0
0
1228
0
0
0
13
632
81
0
0
2407
100
1
0
0
0
0
8
3147
3
0
21
14
0
697
0
0
0
1680
38
337
0
76
1
825
0
13
6
0
0
0
18
2
0
0
1
218
15
0
857
0
0
0
9
0
0
756
4
1
0
3
51
0
0
112
320
2
105
10
14
7
185
1448
29
1
0
3087
48
3
553
2441
0
527
496
11
0
0
0
0
13
172
0
0
0
0
0
1
0
2
0
11
15
42
2
0
55
0
856
17
0
25
0
71
69
0
0
628
4
0
13
0
0
1
0
58
293
324
0
10
88
52
59
17102
94
16
26
913
1103
0
11
36
0
46
1
0
52
0
965
2220
0
1
0
40
242
71
171
400
14
0
0
0
770
108
0
2
42
0
2
1
984
10
81
1
0
0
173
0
18
383
70
0
53
0
0
15
374
0
5
174
611
0
3
690
269
0
0
2563
0
0
69
0
11
1
0
5
0
2
4
215
48
231
0
355
152
0
1
19
323
186
0
21
1
0
45
0
422
42
252
11
0
0
0
0
26
0
0
0
143
3316
521
496
0
32
25
0
106
7
21
0
9
28
410
127
0
39
45
1
360
0
4
33
0
2
0
0
0
624
74
53
2
0
909
2
0
0
102
0
72
710
0
3
76
0
0
114
0
33
0
0
0
7
0
34
131
0
323
0
0
0
13
0
54
3
886
0
34
706
1
0
0
49
0
17
596
14
0
0
0
0
61
11
51
21
2
2
5521
68
0
0
0
0
1505
0
0
5
153
0
8
3
95
1
0
0
341
0
0
1
0
0
68
0
2
0
448
33
0
1257
69
3
287
0
25
0
0
297
0
0
4127
53
0
0
0
34
148
0
18
3
0
597
0
164
5
9
3
12
0
3
0
0
4
24
3
5
17
0
42
0
0
571
6
0
0
0
8
2
0
4
0
1
0
0
0
3
0
61
5
93
134
6
0
101
0
69
0
0
0
29
0
2
1
0
274
0
81
37
2
2
23
0
246
0
0
179
0
528
5
685
1113
0
3
7
0
0
60
7
42
9
0
0
78
1
286
0
0
29
8
248
21
703
189
0
48
0
180
180
0
0
161
4
4
2
364
0
0
58
2
736
76
386
0
2609
31
377
0
2
414
0
63
128
6
0
0
0
63
26
52
0
2
0
186
0
2
0
235
0
0
0
0
356
252
159
131
71
1
0
0
37
0
2
1
16
0
22
541
1
64
0
0
0
710
0
12
0
341
0
184
0
3
19
338
0
6
1
15
5
15
15
64
0
247
0
154
0
0
0
0
14
0
153
0
93
0
37
0
0
0
0
0
0
2
0
214
34
125
0
0
56
11
0
10
4
0
0
27
23
298
484
0
71
4
443
1
73
0
3
1004
43
8
90
1
378
32
0
164
1238
53
1291
0
333
13
0
1
0
11
17
1
0
10372
0
484
0
64
0
117
0
73
272
189
0
40
545
0
525
0
0
0
123
0
0
0
10
0
1
49
0
33
0
1631
0
0
23
0
9
98
0
0
499
11
41
0
40
1
0
1819
0
0
132
188
0
464
0
3
0
0
37
2254
861
1
0
0
0
144
0
1
0
642
415
25
1
44
0
25
4
0
184
0
264
193
0
0
0
142
323
0
0
0
0
86
0
17
0
4
1
0
0
5
43
0
1
5
23
0
0
6
0
1
0
0
136
1
0
0
0
16
29
157
2912
87
11
288
0
0
0
0
0
1
3
0
7
0
151
0
0
0
0
0
0
0
1
8
0
378
2
1
0
5
19
6
8
4
616
328
156
6
16
22
0
2
4
0
131
8
11
0
0
4
0
0
38
0
1
1680
0
0
0
0
0
47
0
347
31
7
927
0
1
54
0
618
3
0
0
0
0
22
85
0
135
249
249
1204
0
0
0
0
0
4
70
0
280
209
0
27
0
51
1042
0
21
34
15
6
52
113
15
175
2966
784
0
0
1
28
0
0
6
140
2491
8
0
2
1579
0
6
0
2
4
82
290
418
1028
343
6
0
17
0
1055
0
0
42
489
0
0
0
222
922
0
659
256
0
397
3
0
5
389
164
169
41
0
458
15
93
0
398
244
1112
0
0
3
0
9
0
0
272
2
0
5
21
547
0
16
170
80
8
0
0
200
1
22
0
0
0
34
510
0
0
3
0
0
0
0
0
80
87
196
144
263
0
99
0
0
25
451
164
64
5
130
8
0
3
21
174
0
106
5
0
126
0
0
46
0
19
0
0
0
0
68
0
0
1
10
0
0
256
1
1170
0
0
0
0
48
0
0
0
278
1
4
0
2
0
0
179
0
0
0
0
85
13
0
7
69
0
0
337
0
13
1
159
0
0
0
9
68
43
286
646
0
0
182
2
0
11
261
12
0
379
0
34
0
0
0
0
123
75
184
1667
0
1
2
23
123
11
19
0
10
62
0
20
0
49
0
424
0
0
202
0
0
32
0
95
294
0
137
4
0
146
0
589
21
5
268
0
1484
1885
0
1
13
0
0
0
0
961
0
226
1980
171
26
24
121
1
13
0
5
23
1
0
4
105
166
97
92
0
184
492
5
18
1
2837
4
0
0
255
0
110
61
212
9
19
0
147
521
0
1
1015
3
32
0
0
916
4
0
208
32
332
210
0
127
0
27
93
700
7
0
6
388
0
0
6
2
1
0
332
0
3037
0
0
1310
0
0
16
6
59
45
122
794
0
0
24
78
1
0
0
45
0
37
17
0
0
61
0
4
18
0
601
997
0
119
4
42
0
11
0
17
0
16
0
0
0
0
74
0
216
0
14
0
510
0
0
0
0
55
1
684
0
149
75
71
0
2
0
19
0
0
0
0
310
0
45
0
22
126
0
6
7
20
2
5
0
0
73
3
17
128
0
706
103
305
0
0
253
9
22
107
0
688
29
0
0
26
25
0
173
30
27
8
0
0
2
433
183
66
8
2561
18
0
61
9
25
0
38
9
899
388
64
1120
533
0
35
16
3
512
104
5
0
0
43
367
8
1
256
106
0
158
0
1009
0
0
27
0
0
202
54
984
0
69
0
52
1
106
0
0
18
537
68
11
63
146
45
3
0
0
59
7
0
50
2
139
670
0
143
0
35
0
931
495
75
5
124
0
248
0
42
0
5
0
0
0
15
23
24
3
660
135
0
0
155
121
41
0
1
0
68
292
0
53
0
24
0
1663
52
15
1
0
0
0
20
21
0
59
101
85
2
1
0
2047
0
10
292
0
344
0
29
6
3
0
77
0
80
0
87
35
355
26
0
0
0
476
0
9
1722
0
15
0
0
0
0
15
0
15
22
22
1
0
9
20
22
0
0
49
4
0
113
11
164
609
2
0
0
23
11
2
822
182
5
60
226
2
0
23
37
0
0
9
364
1
386
0
64
1019
62
0
8
100
137
792
0
0
0
141
84
0
87
89
322
16
1
9
0
6
0
0
0
8
0
10
374
284
111
3
309
16
130
1
350
324
0
24
0
43
82
244
289
0
0
32
202
161
1
0
122
22
1
0
0
0
944
0
0
19
2329
0
0
1
10
18
0
1112
0
1
0
19
122
48
0
101
225
0
0
350
0
2
1
143
0
2
0
1
64
0
2
43
0
0
48
0
37
171
0
10
5
9
0
0
281
0
3
490
364
1
0
6
24
46
0
25
965
0
341
52
36
707
0
517
27
0
5628
53
30
0
0
0
0
108
6
5
108
19
0
34
0
0
0
52
3
23
39
63
402
250
4164
251
11
881
0
1
0
697
20
0
9
651
0
13
104
11
102
20
0
1
66
121
0
1
0
319
0
30
126
2314
0
0
0
0
0
3
19
34
0
5
220
163
0
0
0
0
15
0
32
0
1
603
461
1
0
500
57
0
0
15
0
0
85
0
0
91
3
17
0
68
264
570
2
0
3
0
8
38
0
0
197
2
252
0
0
1
0
0
1
0
19
0
138
4
254
248
5
0
1535
22
0
0
8
0
7
0
11
256
22
0
0
12
0
2
1807
429
0
255
167
0
128
0
133
20
79
24
72
0
60
8
0
5
0
93
0
0
25
90
0
5
0
67
444
2
11
0
0
6
0
2
0
1
0
109
1
0
142
288
0
0
0
0
15
0
2962
103
0
184
52
59
0
5
37
80
21
0
0
131
26
1
0
16
9
0
0
0
147
1
4
104
0
8
5
1
0
0
0
90
38
30
0
0
0
0
571
0
0
686
146
2
16
0
90
24
0
0
162
3
68
15
0
17
0
4
264
0
0
1
0
4
1048
1
0
2
1
0
0
32
452
2
148
23
10
19
63
0
0
299
170
0
25
0
73
1325
4
736
2
21
4
0
2
0
29
0
753
0
4
887
3
0
3
0
197
197
0
0
0
0
20
0
29
0
202
252
51
4
224
9
276
4
0
2170
0
4
0
0
0
47
44
736
0
0
204
1
9
0
21
0
0
0
8
0
0
0
0
30
2
40
3
321
59
312
0
55
11
0
27
0
0
300
0
0
258
2
0
1
0
2
0
0
1
4
0
58
0
46
0
60
6
52
0
34
9
0
6
0
1
0
165
1266
0
0
0
2
3
0
17
4
0
44
120
0
82
1
17
127
0
890
0
64
0
53
0
0
0
85
15
0
0
0
2
11
0
0
0
9
3
0
0
38
0
36
0
145
0
0
0
1
0
6
519
0
600
218
0
1
0
0
2258
62
41
34
0
1
177
1909
0
5
0
0
1
39
10
0
7968
1
15
0
489
0
2951
18
501
498
2
74
55
8
246
1
0
50
173
54
753
92
0
4
0
1
2541
0
6
0
113
0
0
1
0
0
0
0
4
3
0
2
0
0
1
8
37
102
0
292
306
1483
87
8
0
175
7
0
11
0
0
0
0
0
0
64
0
17
0
24
0
39
0
0
46
60
0
0
10
0
0
0
0
10
51
84
722
0
213
244
13
0
109
0
0
0
13
0
377
11
43
0
0
0
7
40
0
2
15
311
0
68
0
75
210
0
145
46
80
87
3
0
1
0
0
0
0
0
15
0
0
6
75
24
0
0
8
0
0
636
0
0
115
37
0
56
0
109
595
3
13
119
649
306
2
27
0
0
2
35
6
65
409
0
0
19
577
1
0
0
0
0
13
0
1
918
5
16
2
256
2
1
0
2
229
0
5
610
105
219
139
0
171
0
1
0
17
79
77
2
0
33
4303
410
8
0
162
13
73
2
0
1267
0
27
0
6797
0
1
44
291
59
3
553
0
23
1039
0
0
0
42
0
0
111
8
0
0
37
4
0
3
0
95
75
775
165
0
0
0
0
0
19
1402
8
0
0
37
5
0
8
202
5
0
9
0
0
2
0
11
0
645
0
0
4
0
56
2
0
378
0
0
0
0
0
14
0
0
0
0
81
265
31
254
0
44
1
90
50
8
81
0
157
503
0
0
1
17
589
34
15
12
209
184
1317
0
0
0
0
0
16
153
0
0
18
0
268
2
117
0
69
0
28
63
0
0
103
3
10
4
0
26
8
65
199
1
498
4
1725
2
0
145
0
61
4
0
23
0
0
301
30
1
132
7
2
1357
9
0
0
450
0
0
13
29
0
79
34
0
0
770
0
98
1
22
7
12
28
136
145
204
0
351
5
493
266
256
3
0
9
46
465
0
0
2
1637
0
41
2
8
4
623
0
13
0
175
0
437
0
253
2
43
30
6
0
3131
0
12
2
2619
1
0
1
0
0
0
0
5
110
7
0
3
33
0
16
139
0
90
1454
79
0
29
184
66
0
0
0
37
2542
4
3
1233
0
0
11
0
0
0
20
934
0
0
4
0
0
28
16
0
73
0
0
19
170
634
24
0
486
594
0
183
8
0
41
539
95
0
0
52
7
867
20
0
207
0
836
89
3
9
10
0
4981
11
17
16
0
4
0
2
27
2
182
0
0
443
19
53
0
0
34
212
0
16
81
17
0
0
0
0
0
267
253
0
713
0
4
4
0
0
96
7
2
215
0
231
31
680
573
0
0
0
11
92
174
24
88
0
289
0
0
27
28
152
0
2
37
0
0
55
10
0
0
7
0
0
189
0
0
0
0
10
46
40
0
0
0
0
138
0
431
0
125
12
9
101
11
0
211
4
0
0
4
0
1123
0
7
0
0
11
223
0
146
0
2
8
3
1
0
4
0
0
0
0
11
0
1
0
32
0
0
21
40
0
6
346
0
3143
115
0
3
0
240
0
40
232
0
0
0
30
0
0
1
0
0
8
1
3
0
0
0
0
52
4
5
3
0
1033
0
60
0
206
209
0
0
0
119
3002
301
0
0
2
16
9
0
43
14
1
2
26
0
66
0
342
111
200
0
20
0
0
2
0
496
0
5
0
0
2
0
5
2
15
83
25
16
12
13
148
0
20
0
190
5
73
0
0
0
121
0
0
604
0
0
0
26
243
75
1
0
0
907
25
12
1
319
38
0
235
32
21
20
4
628
53
0
0
6
44
0
71
60
0
1
1
373
6
5
1
54
0
0
0
2
200
96
589
0
22
0
24
2
0
0
1211
0
304
3567
160
3
0
88
1954
0
15
15
0
20
0
616
1797
12
682
0
1253
296
2
62
19
129
63
17
5
9
0
9
11
0
20
0
0
2
3
188
80
52
5
273
203
463
13
0
67
4
23
14
390
0
2
37
197
3
1
0
23
428
0
0
11
0
2
140
2
0
5
2
0
0
0
0
0
0
87
1
0
0
0
0
0
4
95
6
997
0
49
0
0
6
3
62
0
4
1907
7
0
0
0
1
53
0
0
1298
0
2
318
0
149
21
0
26
20
5
13
0
50
12
0
0
347
207
1
431
307
544
0
3
0
0
0
44
0
0
0
3
0
0
17
0
661
128
0
4338
0
5
0
0
0
55
19
3
54
370
2
0
7
15
115
0
52
15
0
0
0
0
0
0
227
940
486
99
0
19
1584
282
16
0
0
240
55
0
66
136
0
97
16
0
57
0
697
1
2
2
0
0
315
211
41
34
0
9
0
0
21
57
2
1
3
0
133
0
0
0
0
0
0
0
3
0
0
1
54
0
4
0
0
1
1
0
5
33
3
1
0
128
4
9
24
0
0
319
58
10
57
74
0
0
1
0
8
8
7
0
576
1
2
8
0
0
71
0
1
0
12
1
0
4
16
4
0
285
0
10
19
1
23
100
0
0
0
0
1
0
11
47
0
0
10
1
17
3
0
0
0
105
8
3
115
2
0
502
0
1948
206
92
1
0
102
2
114
0
0
3
153
0
228
12
30
0
0
0
0
40
0
0
0
0
11
0
32
0
63
0
3
0
89
11
0
0
42
15
51
5
0
103
39
20
73
256
0
0
0
0
1
2
348
0
119
314
0
3
69
61
0
253
0
64
21
0
0
0
100
0
10
1
20
0
2995
0
191
4
0
0
0
4
0
0
58
0
33
3
43
0
36
0
0
0
25
666
47
0
0
0
5
56
0
49
1735
0
113
32
15
1
0
0
1
0
34
0
13
21
0
67
80
0
26
10
0
0
0
0
61
116
0
0
50
239
0
0
0
669
95
51
0
0
13
0
0
2202
14
446
9
12
1
2
14
69
5
26
2
0
1
0
0
470
13654
0
0
1
28
94
82
0
1
2
0
0
0
5
2
2
79
19
10
0
0
0
389
6
0
15
1
54
29
6
4
0
2
43
121
0
8
38
2
937
0
98
1027
7191
22
247
17
3
115
10
488
0
5
15
0
15
387
323
241
8
0
2
2804
15
0
52
6
2
2
0
0
1
31
0
26
58
0
4
6
4415
0
3
109
80
1
26
0
633
5
0
0
8
1
5
0
4
273
0
0
0
31
0
3112
0
1
1092
0
51
44
0
675
407
4
0
5
0
0
98
0
92
8
23
110
11
300
0
0
27
0
0
22
0
54
202
0
46
796
0
7
0
38
0
0
16
18
0
55
0
0
0
5
119
0
0
6
0
0
503
83
3
97
0
495
527
191
0
6
1
62
90
0
12
14
4
15
5
0
3
0
0
18
0
0
36
0
0
0
21
20
0
23
85
43
0
1
2
0
17
0
4
0
13
0
25
1
0
0
10
114
1
0
36
11
41
16
373
0
3
0
0
281
142
43
5
0
280
28
25
181
94
3
0
3
32
83
11
24
3
3
3993
1284
1
0
38
24
53
39
0
4
0
1
0
0
61
0
0
0
1
0
0
0
284
2
170
9
15
187
0
0
0
321
0
0
14
0
66
3
3
0
21
0
1
3
166
58
0
130
0
151
1
271
138
5
0
0
0
2
0
32
0
0
13
0
0
0
0
0
0
0
0
0
0
11
5
0
404
282
57
0
0
119
0
7
11
0
113
95
16
0
127
0
286
0
200
49
0
74
0
45
3
0
97
34
7
12
325
1262
0
397
12
0
0
0
954
120
1
27
0
13
0
0
0
3
1775
1
4
118
0
71
0
38
0
0
0
126
1
969
2
6
0
39
0
268
140
0
278
0
0
15
27
2
0
779
0
0
10
92
57
8
553
143
234
1007
1451
37
0
7
8
48
8
0
4
0
60
0
40
0
0
0
1
119
0
0
0
0
5
0
32
968
145
4
87
12
0
24
1195
38
50
2
5
67
36
0
0
14
913
4
0
2
0
0
0
314
0
0
84
0
38
306
6
0
109
531
0
899
7
19
0
47
0
1074
73
0
19
34
11
198
0
17
1
0
1
116
7
0
348
128
0
1131
6
44
0
109
98
0
324
92
0
0
676
1
53
0
88
2
0
4
10
6
289
204
37
786
8
343
2
1
1139
228
0
0
0
3
109
1469
4
284
29
0
8
2
0
0
235
3
20
0
1
5
100
0
13
0
288
3
15
0
57
0
0
2
0
0
11
41
20
0
166
889
0
54
303
0
139
0
0
0
1
7
41
6
51
2960
75
1
68
61
447
0
1
0
0
0
84
1699
0
0
18
164
111
0
63
0
14
5
14
56
0
27
5189
2
0
0
0
0
670
0
0
0
1
0
0
0
0
315
0
48
91
0
92
8
8
28
4505
4
15
0
0
86
0
1
390
0
1
404
1
9
0
2
0
0
237
97
0
0
0
234
37
0
0
17
2
775
0
0
0
0
0
0
0
78
0
0
0
1695
2552
0
8
6
1
109
1
261
14
200
5
0
47
222
0
961
386
0
126
0
0
3102
11
0
113
0
1
4
0
724
0
421
3232
0
0
0
0
0
0
13
0
103
8873
265
0
8
0
0
2
0
67
2
54
10
119
194
1216
3942
0
0
59
0
8
0
447
1041
0
25
0
0
62
0
18
0
6
0
91
24
0
89
0
2
0
5
121
0
0
0
8
0
0
5
399
0
49
33
0
12
33
0
3
0
0
2108
4
86
22
0
1
0
0
0
1781
164
377
83
0
2
2299
837
0
4
849
0
0
0
21
0
0
0
97
111
36
76
0
167
0
0
8
12
526
111
26
14
0
2
0
2
22
0
191
18
0
6
0
0
1
0
2
4703
0
37
209
26
45
0
0
190
136
8
0
0
0
0
0
92
178
0
0
6
0
1
4
0
352
128
0
0
115
1277
78
11
21
0
0
9
0
2
4
3
67
0
0
7
7
2
256
0
23
24
168
191
0
0
42
109
222
20
0
0
15
0
1034
653
3379
3
0
2
53
14
8
0
0
1427
0
1
1
0
3
0
0
0
0
16
0
2
0
96
0
14
9
0
39
0
314
942
0
0
0
0
0
0
1
0
111
561
35
8
2
0
144
0
42
1173
114
59
0
42
4
0
8
5
0
0
0
0
11
0
51
0
6
148
1
54
91
0
0
0
0
0
0
0
6
326
4
0
0
0
0
0
0
2
38
21
172
908
0
0
147
922
0
3
5
0
683
0
3
15
199
0
66
0
11
0
402
9
0
0
2
0
3
80
280
1
49
69
239
0
1
16
186
25
0
16
1977
0
115
0
146
1181
93
0
15
6
0
0
1938
736
1
0
274
6
105
0
0
5
0
1
0
768
65
245
528
7
56
248
1
65
99
70
1
0
101
0
19
0
1
3102
0
35
20
0
71
42
0
0
2
58
0
344
0
10
0
197
288
168
0
39
0
3
0
0
9
0
838
4
0
4
0
0
0
28
1
410
0
3
0
2
0
0
14
4
0
36
2
160
136
0
216
13
114
90
0
80
28
1
190
32
103
0
1350
0
136
0
20
64
0
0
325
0
959
158
325
54
9
0
0
0
0
0
35
0
0
13
65
0
876
253
0
0
767
0
0
0
8
0
8
0
0
0
0
2
2
6
0
259
18
189
0
0
0
2
224
0
3
0
140
0
320
30
0
0
376
0
0
4
0
0
0
68
0
99
0
184
1256
0
410
3
45
2
29
0
105
899
124
83
112
118
94
27
59
0
29
0
231
0
685
27
0
166
0
201
268
1
163
0
103
0
0
528
118
98
0
70
20
0
118
56
0
0
0
0
0
79
1
105
0
165
95
0
2
536
433
0
0
324
0
13
0
47
0
0
108
83
45
3688
461
65
54
0
0
4
0
11
0
113
0
37
76
150
828
0
7
133
36
0
37
52
0
0
176
146
0
18
147
0
6
0
2
5
8
0
0
7
61
26
0
751
1129
1580
16
263
875
0
92
2
39
423
28
46
69
63
0
133
0
0
26
99
0
0
4
117
89
3
7
3
394
10
2806
90
19
183
38
3
0
993
389
68
3
0
0
102
36
0
152
19
0
97
288
5
136
22
0
0
0
17
614
285
84
0
0
593
0
0
3
2
2
8
1589
0
0
0
0
7
24
0
0
201
8
1
0
709
6
0
6
53
50
572
263
0
0
0
0
15
27
0
0
0
0
0
0
51
0
0
99
0
0
8
54
0
19
0
5
8
0
124
0
3
0
58
0
204
68
0
38
0
3
46
102
1373
15
135
0
108
59
0
0
0
33
7
9
0
256
173
0
131
1
0
0
112
0
33
810
0
0
0
0
0
5
13
7658
5
0
133
0
78
12
1
0
0
18
7
0
0
2
175
18
27
0
131
137
39
0
1152
1
2
0
74
13
979
309
1
0
0
6
6
1804
0
0
7
2167
84
0
0
2
1
0
0
0
167
112
0
27
2
1
53
0
13
0
0
10
72
0
13
27
22
5
424
89
0
346
43
0
0
114
0
3
0
136
0
560
0
2
0
1
3
0
0
727
0
0
887
11
0
0
56
0
0
0
0
0
21
0
38
2
0
46
1644
0
0
1534
0
0
2628
52
259
151
4
0
6
3
0
167
0
188
50
0
49
10
0
43
1096
1219
2
0
12
0
1
37
4
93
0
0
0
0
1140
221
51
350
22
0
245
122
0
0
4
7
0
0
153
0
70
0
19
0
285
0
0
5
0
7
0
0
0
47
3
0
42
0
15
0
0
2063
13
0
25
0
0
5
68
0
2
4
0
0
3
0
4
0
298
251
634
2
1
123
3
0
0
0
1
0
6
96
6
5
0
12
181
46
2
830
56
2
547
164
0
364
29
0
2
0
5
0
0
15
93
3
62
0
27
0
35
0
37
0
0
2
0
54
0
43
550
606
9
0
0
0
0
17
5
0
878
723
11
0
0
11
6
4
0
0
1248
3
1
466
85
0
166
0
1
50
0
211
276
0
0
63
0
0
0
0
0
0
107
0
0
21
57
2
5
4
0
93
0
246
7
1
27
35
128
12
0
0
212
40
1470
24
348
5
717
0
430
15
0
49
0
43
10
1379
1052
0
6
26
16
0
0
1503
0
0
213
31
12
0
12
0
0
0
30
0
0
23
133
587
0
0
51
159
138
4
63
0
0
0
1
1
0
0
3
134
3
8
0
9
15
0
0
0
0
356
0
0
17
126
586
30
54
42
112
0
54
39
131
19
0
40
243
67
4
23
0
71
451
26
376
0
0
3
0
20
107
25
0
12229
44
0
2937
163
2
0
34
279
0
305
0
0
2
179
0
3
0
0
230
2
0
0
6
0
98
0
2
0
187
0
0
273
4
35
0
39
0
0
10
0
0
0
231
3
0
27
0
8
15
0
74
0
32
79
0
0
0
117
0
653
77
25
387
98
9
2
5
0
0
63
0
0
0
7
84
0
0
627
0
0
143
4
1570
7
98
2
36
472
15
0
0
0
96
1813
0
0
0
0
0
0
0
0
0
0
89
57
15
0
27
33
73
90
0
667
360
0
16
222
375
0
47
8
106
1005
0
2
1
0
0
0
180
4
31
0
0
5
51
0
7
0
0
18
8
1
110
0
0
0
0
2
11
0
0
61
0
283
180
1
3
624
45
0
29
1
67
2
0
0
4
0
0
0
37
0
8
0
1378
482
0
0
1443
0
12
88
504
11
0
11
124
0
0
0
1
0
97
601
2
80
7
115
28
0
1158
57
2
14
0
0
5
0
12
2218
3
80
2778
4
0
7
0
0
1147
93
0
0
10
1225
0
429
0
144
220
49
460
0
0
120
0
21
1
6
2
1341
0
1
191
27
2
10
0
122
6
0
16
0
53
0
14
627
807
40
0
1
180
12
0
238
21
11
0
1
0
0
0
7
407
0
92
8
0
585
48
0
0
3
533
3
9
72
260
13
0
0
9
0
512
0
0
1
660
0
0
4
0
221
1
365
0
0
95
0
0
1
0
0
1505
0
0
0
3
72
0
25
0
0
0
0
36
8
0
0
0
0
0
672
146
0
8
9
0
48
1
0
0
0
287
95
455
10
22
138
0
0
40
0
130
257
0
0
190
36
104
24
692
10
1333
0
696
169
13
0
0
6
0
25
12
113
115
0
98
0
3375
0
0
0
25
7
25
90
0
0
0
5
0
257
118
0
3
0
3
0
547
216
70
20
1608
0
0
0
263
18
0
2
35
236
0
49
74
4
1
0
2
2
668
375
149
60
1466
0
11
26
231
77
0
0
38
507
48
7
0
0
1
0
7
521
0
644
0
1
24
779
8
153
0
0
7
7
92
0
0
19
0
3715
0
24
122
0
1
80
52
6
12
0
15
0
16
4
0
0
1
0
4
0
0
3
8
0
0
106
0
261
18
0
0
538
0
0
0
335
1
0
0
283
284
9
102
352
165
0
2
85
39
0
38
634
0
3
0
524
0
0
0
0
0
5
13
4133
25
142
30
250
11
0
0
0
0
3
533
4
91
1
262
0
0
80
0
156
0
20
3
0
0
0
5
0
2
0
0
4
15
2
7
0
3
0
7
34
0
8
5
0
0
0
0
0
1
10
0
35
411
2
1
0
346
0
0
5
0
1
11
0
0
25
77
4
2069
280
60
19
0
49
0
208
0
0
0
631
30
100
0
0
0
4
41
0
0
16
1005
2
0
11
35
10
222
0
3
441
150
27
0
3
37
65
0
0
0
1408
115
0
0
11
0
1
0
0
0
653
0
132
1757
326
378
21
0
3
30
33
73
0
3
0
3885
217
719
183
0
0
125
101
79
54
23
0
0
6
233
372
0
0
142
837
0
223
1166
0
0
0
112
0
0
421
163
354
347
54
1
0
51
1287
37
0
10
179
0
0
11
1
116
122
0
0
14
81
0
1
6
0
215
3
5
257
122
8
0
401
0
0
8
70
21
0
8
524
0
158
0
40
530
0
0
68
0
0
483
0
0
0
6
87
0
370
5
32
0
0
0
9
1167
13
25
141
327
56
43
2
101
0
9
20
29
50
7
89
15
485
3
19
207
1315
188
1
281
1
151
110
442
220
1
0
0
110
11
100
0
8
850
118
465
0
84
30
2
1
0
0
1
1154
0
47
316
28
427
0
17
0
0
0
33
95
5
26
0
941
1
0
0
0
30
252
0
4
0
69
0
1
0
1189
100
13
45
0
1
0
0
70
7
156
228
1
0
0
31
0
5
0
231
1
0
91
1
0
53
0
5
0
44
94
1
82
235
0
213
2
24
12
165
0
368
0
7
0
0
36
12
3
53
72
547
160
0
0
2
0
2
40
0
503
0
155
1
1
1085
18
178
1
4
62
0
38
72
261
51
8
119
1173
0
458
17
2
55
901
6
0
0
0
5
1
21
210
0
1
1
16
1
0
17
18
13
92
0
8
0
2
3
1
0
1
60
6
0
428
0
0
20
490
0
2
0
7
792
0
162
33
11
0
23
2
1313
0
0
0
0
116
0
435
0
4
27
0
2662
0
0
52
73
4
0
0
0
200
144
88
108
2
0
0
27
40
1
3
0
1
3
0
127
0
0
0
41
0
25
0
14
15
0
0
195
6
11
3
0
2549
116
35
0
155
84
5
564
7
986
0
0
1045
1479
521
306
42
0
0
0
9
0
1373
0
0
0
62
0
0
1
18
0
0
0
15
0
1
0
0
72
0
6
485
0
0
0
0
0
3
396
14
0
110
77
13
0
0
0
0
118
4
346
0
0
0
0
0
0
0
290
22
0
0
177
26
384
0
30
1104
131
3
1
75
1
26
0
1
12
0
0
399
109
0
4
25
1331
18
0
147
0
0
26
15
0
3
2
3
0
0
1
0
125
85
0
0
2
132
92
1036
0
0
0
31
0
0
0
0
0
40
0
0
12
11
243
3
5
0
0
546
24
0
5
1221
0
0
290
0
84
2
0
56
27
0
0
0
0
9
680
0
0
0
5
7
0
0
9
267
369
0
0
0
2
2
0
151
0
0
1
60
0
0
0
3
0
21
0
1
9
15
0
0
0
15
0
2
0
18
6
129
2
1
0
0
0
14
13
0
166
0
0
0
267
0
0
283
0
7
21
0
0
15
0
41
57
4
0
391
12
86
1
0
87
2
109
19
0
3
45
721
3
4
5
9
523
0
67
50
0
6
1
3
5
36
181
722
0
0
0
2
0
0
0
9
21
0
149
0
9
1
0
2
0
0
0
2
644
0
435
128
1
0
4
12
7
0
123
6
0
0
0
4
1
716
611
3
114
4
1
136
0
0
0
153
0
0
35
2
11
1
0
0
13
2
0
3
16
0
60
11
2
17
25
44
0
71
4
0
0
0
0
2
0
0
0
0
167
0
185
1
21
113
0
0
0
0
0
3
0
0
0
15
7
0
906
83
0
0
0
79
86
0
14
132
8
56
799
6
0
0
84
0
66
0
14
3
0
6
0
35
131
67
122
63
0
1
0
0
630
0
151
0
0
0
97
64
0
4792
511
5102
126
31
32
105
457
2014
0
4
0
5
1
0
0
5
0
0
34
86
306
0
45
26
21
374
115
4
0
599
0
19
0
208
0
1821
3
0
63
0
0
1353
841
14
44
40
2689
15
177
0
0
2
10
30
92
6
0
100
689
4
44
2962
0
92
0
3
0
0
0
0
0
22
2
4
225
3
0
49
3
17
0
0
0
213
127
6
5
0
0
0
12
0
24
721
12
4
0
0
38
467
0
123
8
281
49
0
71
2
4
9
2
0
1263
1
0
74
0
65
149
0
0
0
12
7
10
109
1
0
364
2
159
0
139
31
0
62
0
5
0
0
0
0
120
7
238
0
34
0
0
40
0
6
0
71
0
123
0
0
0
0
0
0
0
24
1
508
1
89
0
0
7
0
0
0
91
0
11
0
0
0
0
0
12
254
5
4
70
10
52
0
3295
2
0
105
0
109
0
12
11
0
2
68
74
0
0
159
0
12
0
0
0
0
24
140
0
11
0
6
30
0
2
295
0
1
446
0
0
313
31
21
0
0
30
20
0
0
47
0
7
0
0
0
89
8
168
0
0
168
3
18
0
0
7
6
2
0
4
0
0
0
1
0
112
0
3
0
7
328
185
7
0
0
24
0
16
0
21
0
0
65
0
0
52
3
156
499
472
3
263
0
570
38
0
376
156
174
0
0
0
999
2753
2
158
17
0
30
1
302
0
0
62
4
0
0
0
2
0
0
0
0
0
17
0
207
0
0
58
0
223
9
0
0
0
0
43
3013
119
375
0
273
191
0
4
32
0
1
9
340
0
16
2080
404
250
1818
0
240
155
0
8
2
1
2
0
0
0
33
0
1
0
12
4
1
739
0
4
18
24
7
6
2
7
0
1
0
0
20
320
0
30
185
15
23
0
52
17
2846
0
1
0
2
93
0
3
263
22
6
1
0
92
106
0
1
96
644
0
1238
832
0
74
123
0
182
0
1533
0
0
2
0
508
493
11
0
0
1391
285
0
0
124
94
10
10
0
5
0
1
154
296
0
0
0
83
0
49
0
0
108
0
184
5
0
58
425
0
0
0
0
0
5
12
0
29
245
0
277
6
215
0
4462
116
6
219
4
0
7
32
148
123
8
0
119
1842
110
128
3866
0
0
29
0
257
0
3
246
35
0
0
303
193
0
1
0
3
0
44
15
35
1515
4
11
0
75
427
11
298
103
3
14
71
308
0
2261
3541
0
0
346
460
179
0
0
0
36
0
269
2
0
39
109
0
0
0
0
0
0
11
0
0
1798
2630
0
582
895
0
873
40
19
44
0
12
138
12
944
0
1071
72
61
0
1620
0
0
304
9
942
25
0
189
89
0
39
30
2176
23
349
5
76
0
16
111
137
621
18
119
0
24
0
95
0
3
0
0
0
0
37
0
4
0
31
0
0
25
2
0
6
0
0
0
98
111
9
0
0
318
0
0
885
5
0
0
9
597
0
0
0
4
208
0
0
0
45
0
1
0
1386
6
462
0
0
0
0
0
0
74
7
8
0
7
0
5
35
138
0
21
0
154
3
220
3
4
4
0
0
1
3
0
35
53
0
22
64
0
4
21
0
172
2
19
38
191
2
4
0
147
0
0
3005
1
0
9
9
102
0
795
1140
50
202
45
1
340
10
6
152
67
964
0
160
0
5
238
2
0
5
37
225
0
22
0
1
0
0
0
10
5751
0
34
26
0
4
0
0
4
0
0
61
937
84
3
6
14
0
6
4
10
2
0
4158
80
67
103
0
59
0
45
175
0
18
1
2
0
0
0
44
84
32
42
338
84
222
23
0
4
296
1508
0
1
2
7
2713
361
12
2
0
0
2
20
216
7850
139
0
562
2
15
7
718
83
0
3
0
107
262
0
5
0
0
7
22
18
0
887
174
8
0
0
2
246
7
0
30
104
0
1
13
466
685
2
5069
24
156
0
607
0
17
1
670
1
184
0
11
0
10
0
3
1
370
81
4
0
59
0
12
1797
20
0
0
0
0
1939
0
854
0
13
61
2
344
9
90
2084
4
792
32
115
0
8
240
0
0
0
715
691
0
0
3
151
0
0
0
64
28
0
2
1
3
12
5
2
19
6
0
0
1865
0
421
14
0
0
0
48
0
0
23
0
0
0
0
33
0
2
15
100
128
0
579
35
0
0
54
0
46
0
0
0
393
0
13
0
0
39
0
0
370
70
7
12
0
11
257
0
102
0
3
0
1
249
2
0
0
914
4
0
53
2
35
0
82
2178
0
0
0
183
149
7
28
0
22
0
9
0
5
0
0
16
100
60
1
0
0
0
0
16
0
1
7
9
0
372
0
27
0
30
15
0
2
0
3
0
78
0
30
0
0
33
20
14
113
0
2
0
0
172
1
14
9
0
0
0
0
8
7
0
1843
41
0
0
273
733
28
1
8
79
107
26
0
48
69
15
0
57
0
2
3
9
0
2
0
355
0
43
0
6
0
5
81
51
75
172
170
0
0
18
268
1
0
3
2
0
1
1322
136
0
494
4
233
0
0
7
3
0
1
0
0
4
2
0
0
0
0
744
33
7
0
0
81
0
0
7
0
189
0
46
35
0
0
0
137
15
67
0
208
4
142
0
0
11
93
45
681
7
0
0
0
0
37
0
0
0
1
17
0
114
0
7
2
0
9
0
7
7
0
0
5
0
23
0
0
24
0
13
0
44
0
422
35
24
156
0
0
32
0
31
0
0
0
102
10
130
143
0
66
632
39
0
1
49
525
5
0
23
0
776
0
2
0
23
42
19
46
1
3
13
2
0
0
85
14
130
0
3
878
0
0
14
4
0
0
196
1
0
3
0
0
55
44
20
0
0
0
0
47
0
513
0
6
109
3
344
53
26
2
0
299
15
318
298
0
0
136
0
11
0
710
506
280
0
0
0
25
3
2
102
4
0
0
0
0
0
5
8
0
185
0
0
93
0
64
2
2
0
45
2
0
1
55
36
0
2
60
0
0
0
0
0
4
0
0
0
0
2937
108
276
0
0
0
2
0
79
0
0
16
771
0
11
0
74
51
22
0
0
186
3
19
33
2327
0
0
9
6
0
247
576
0
0
0
1
195
0
72
337
6
1
46
69
1
0
5
0
3
766
201
0
0
10
133
0
0
0
0
0
15
15
4
35
3
64
0
8
552
43
0
8
5
3
36
38
0
31
39
173
32
548
0
4
0
4
204
0
0
1
0
0
0
0
0
0
10621
288
0
0
0
386
4462
0
9
0
4
466
52
0
940
50
0
0
892
3
0
34
1
4
0
378
0
0
4
0
0
0
0
0
0
1
553
0
0
7083
0
0
0
0
0
0
6
0
0
39
0
20
818
0
0
17
69
64
2
285
5
15
6
0
25
0
123
0
0
0
1169
3
133
0
0
7
139
5
31
15
184
2
13
40
25
14
3
0
0
1
4
0
42
258
0
0
0
5
1
3
5
2
1455
0
3
0
1353
188
82
0
55
0
279
0
1
96
568
0
17
0
18
12
511
0
0
138
0
4
0
0
25
7
0
0
186
11
51
0
0
99
0
30
1
0
212
0
49
294
82
23
0
13
445
12
14
85
0
0
0
123
194
0
113
0
155
98
0
0
70
70
87
0
0
0
86
362
671
27
2455
0
37
0
1296
0
722
303
4
6
0
194
19
0
156
7
44
57
0
50
0
0
0
29
0
0
289
185
312
0
0
1581
19
68
0
40
159
272
962
0
0
0
3533
0
486
0
0
182
1
3
0
1
0
0
3
0
2
5
12896
28
50
0
0
128
0
200
3996
159
0
754
61
236
0
0
5
0
48
0
0
0
163
0
256
131
385
0
152
0
77
0
604
0
3
7
89
336
226
31
506
10
2
2
481
82
0
540
0
288
0
0
1
85
0
3
0
0
0
0
174
16
7
405
0
86
1
1
0
91
0
0
0
8
0
0
1
3
23
0
216
62
15
158
0
0
0
2107
519
16
716
0
0
133
3
71
193
0
34
387
8
259
30
24
4
54
0
0
399
0
0
738
0
0
111
172
4
0
0
0
544
0
93
2
361
264
79
3
4
0
13
13
240
0
93
2
66
16
8
0
1097
196
0
539
5
2
0
1
36
33
10
190
231
754
2
559
1
7
0
0
0
46
57
7
756
5
216
550
98
9
85
0
0
1
0
95
0
0
0
0
5
0
421
0
264
523
0
0
4
23
0
35
2
0
7
0
0
0
0
148
37
1115
0
19
0
0
1693
3
0
1936
0
29
267
0
37
0
0
7
0
21
198
696
16
102
92
240
0
199
69
0
0
1
38
0
0
155
0
147
27
6060
0
4
393
220
24
0
96
0
0
35
0
228
552
188
19
51
14
29
1
0
23
19
15
125
176
1
38
17
1
0
10
0
332
85
94
0
2
0
0
0
0
3
3
286
4
47
0
0
0
0
0
84
0
0
3
2
0
926
46
1
0
0
0
158
0
0
648
181
8
102
5
5
741
82
0
0
102
0
0
0
0
6
0
146
672
64
40
0
683
0
0
9
49
0
894
11
64
0
6
0
3
3
55
3
24
375
15
0
20
2
0
1181
200
324
0
8
0
3
29
95
2820
0
0
3
4
9
5
67
0
0
64
0
99
863
394
0
21
1154
1043
209
48
0
0
0
20
18
3
0
47
7
13
0
47
6
8
0
0
68
0
9
71
0
169
6
289
129
142
29
317
0
4220
43
5335
38
104
0
2
441
0
224
217
810
53
7
0
12
27
0
0
626
26
68
22
233
173
0
339
3
281
1101
214
64
142
0
4
0
223
460
4
8
8
121
0
345
2
0
42
0
15
2
0
103
156
0
0
42
4
32
151
51
2
0
0
0
28
0
0
607
1056
157
235
3
21
156
372
20
231
118
0
26
44
17
0
40
20
39
0
224
8
2
1
0
0
0
0
285
0
1350
1332
163
0
669
139
7
4
431
3
0
0
0
0
0
1
6
44
0
8
160
15
0
288
0
0
545
307
441
0
0
0
755
806
267
56
0
513
93
12
124
49
47
0
20
662
16
421
3
0
0
204
111
47
244
25
333
5
0
0
0
20
0
0
2
60
0
12
13
0
0
0
339
5
0
6
12
13
1
36
15
9
0
0
0
168
0
79
61
22
0
0
0
0
96
0
7
6
0
123
5
0
0
2
776
495
865
37
0
1
3
689
0
0
7
104
13
0
23
9
0
0
0
44
51
97
34
6
2
13
7
22
0
191
59
7
0
3
1
100
5
0
0
55
33
0
627
8
0
58
31
6
0
121
10
66
250
92
634
0
0
2
20
27
381
0
904
0
1217
32
0
136
0
702
0
133
17
220
473
0
483
444
0
0
0
1
0
7
0
181
137
9
31
91
0
8
0
80
2
0
0
74
174
178
373
63
421
1301
460
0
10
38
0
33
65
2
1
1
2
8
19
0
6
2180
0
34
32
66
6
0
6
0
35
4
125
1
3
489
0
14
0
295
76
469
0
71
0
0
0
0
14
0
170
0
6
0
0
41
72
0
3
1
3
2177
0
207
2
0
2
0
2
0
0
2
125
160
3
6
514
8
124
124
63
5
21
0
1710
316
25
154
0
5
0
0
0
8
0
488
9
167
82
14
0
32
0
19
0
7
15
4
1
0
0
0
0
58
0
141
0
0
0
0
359
0
0
1
24
0
0
0
3
0
0
0
3294
314
311
3562
2581
0
5
0
275
0
0
0
82
267
9
407
0
0
3
0
328
26
34
4
678
33
15
678
10
1
152
460
29
32
0
0
6
0
0
0
1
0
0
98
1
0
0
0
0
0
0
33
138
20
138
58
0
0
0
0
0
0
219
512
0
3
0
0
0
0
136
188
0
2
0
0
5
0
0
3
14
0
0
0
0
0
3
17
71
59
2
0
0
1
0
1440
284
0
661
14
0
1
70
150
318
3231
21
50
0
1
0
0
87
0
23
0
0
0
0
0
0
207
4
0
0
0
0
0
0
0
23
173
0
113
51
0
0
0
0
10
14
0
0
679
0
0
0
66
113
451
28
39
1
93
0
0
4
0
0
152
27
0
2
61
6
0
3
0
0
0
62
0
17
14
0
1
0
0
2
0
0
868
48
605
0
0
2
0
0
0
0
0
0
0
0
0
9
0
0
0
0
2
0
0
0
1
0
23
5
316
0
0
0
0
1689
31
72
12
384
98
116
175
47
2511
7752
194
0
26
9
4
0
0
446
186
49
0
0
0
70
0
0
0
79
0
1
34
12
94
96
0
1
0
0
20
5
0
0
14
4011
16
147
0
0
0
0
10
26
0
3
59
0
1
0
0
328
372
0
0
2
0
235
31
5
3
9
0
0
0
0
0
0
0
0
2
76
20
0
0
576
940
284
540
2792
0
0
5
4
0
0
0
1
6
3
1
263
15
1
0
0
1
11
0
0
0
0
0
12
10
0
0
0
191
32
162
21
39
411
0
451
632
0
0
0
0
0
0
0
0
0
40
0
245
0
0
1
0
1
1
0
0
0
0
0
0
296
20
956
8
2576
4392
250
2
0
37
14
0
100
3
0
0
347
69
0
0
147
922
94
52
0
7
11
458
0
0
6
0
0
8
1
0
0
0
0
0
0
0
0
0
0
0
0
0
36
0
0
9
47
0
4
0
123
0
0
304
0
4827
331
29
26
0
127
0
0
45
4
7
2
0
0
8
0
0
13
0
0
196
250
0
979
12
68
0
0
0
0
0
0
1
0
0
768
863
3
0
31
1
0
0
0
0
18
32
0
0
0
0
4
222
0
0
6
0
0
0
0
1
0
0
0
0
0
61
0
0
0
0
0
0
0
0
0
0
0
0
1
0
3
0
0
0
0
0
0
9
0
0
0
0
0
0
