24_MB_2
2
0
35
1324
29
156
31
0
0
2
0
262
20
494
2
0
430
5
4
152
734
80
0
4
0
452
0
30
0
5
29
4
0
270
1284
49
0
0
9
0
0
0
0
0
0
2207
0
216
7
236
0
165
0
452
0
0
756
136
0
811
9
6
0
1
21
35
0
161
23
2
1733
436
65
30
31
0
1169
5
10
0
0
0
5
13
1429
0
103
330
33
7
520
0
485
1
0
700
15
1
62
2
23
0
1
529
98
2
1
0
0
633
5
0
44
0
0
0
0
189
129
541
5
3
0
183
67
334
230
0
1498
61
0
7
14
104
0
0
2
181
30
0
14
4
15
4
751
161
50
27
47
35
27
0
176
8
0
898
0
3
24
740
2
0
2
0
198
36
56
124
0
0
0
2
89
0
0
172
66
6
0
54
381
479
0
132
124
382
183
4
63
0
0
264
132
17
0
102
0
2
1
52
41
0
19
42
30
2
0
59
31
21
0
0
21
0
0
13
100
21
0
27
315
0
19
376
0
1
3
166
15
101
0
0
56
237
413
0
997
25
4
0
0
0
5
484
0
44
99
481
4
8
202
317
18
0
867
46
0
0
0
30
214
518
5
1503
109
0
0
0
224
69
4
617
0
0
50
7
0
0
730
140
847
116
0
1269
0
785
0
0
0
151
0
0
0
0
0
0
103
0
106
0
0
10
0
24
438
0
304
4
2473
0
0
0
0
0
0
156
0
205
160
1
131
0
818
170
0
116
119
25
0
38
499
475
124
0
0
180
30
12
0
0
572
207
65
731
0
11
196
31
195
0
916
0
73
35
32
71
825
152
49
0
5
9
5
929
0
0
0
99
178
5362
154
1091
24
8
0
0
6
20
0
386
0
48
0
0
1925
0
97
26
26
0
236
2
0
162
542
60
124
0
874
64
33
0
0
0
3
81
26
0
0
0
0
77
7
3607
6
84
0
172
0
0
1051
161
1
0
86
0
14
1482
139
0
100
27
24
17
39
0
335
0
0
0
4
0
65
1005
0
15
1580
261
104
0
4
0
33
3
0
3
0
0
0
0
6
11
0
0
0
28
127
0
305
0
48
0
404
0
0
1
9
0
446
140
550
40
172
1139
508
28
0
0
5
0
88
94
122
98
0
133
0
6
0
0
85
4
671
77
26
496
23
0
30
0
24
0
3
294
6
256
18
0
31
0
796
261
1
475
0
58
6
20
16
88
46
103
835
0
6
216
539
125
98
0
4
0
102
0
82
252
0
1
89
1
9
0
21
1
0
3
5
0
0
0
0
762
0
205
3
169
0
0
0
342
538
43
0
280
6
194
270
37
0
51
0
72
2
1729
11
40
3
9
0
3253
0
9
0
237
0
853
129
9
0
6
114
0
0
0
0
231
0
0
2
0
949
5
176
114
15
0
120
16
43
35
1
19
6
17
0
8
23
0
0
1
14
0
0
47
2
49
190
95
248
108
662
6
0
7
0
0
0
4
0
155
863
173
0
299
4
127
4
0
892
28
0
109
0
0
146
0
336
87
2
0
0
0
340
0
0
0
213
0
0
0
2
362
13
371
10
14
2
0
0
0
55
191
26
458
0
67
154
1351
0
7
2
3
17
4
93
0
14
8
110
55
3
136
4
34
0
1
33
30
227
0
90
1561
20
44
36
793
720
3
0
414
507
33
10
3
661
0
0
1
0
281
213
16
9
34
26
0
41
0
27
51
180
0
230
7
280
0
0
0
0
0
0
1041
493
0
0
272
5962
1
319
42
162
168
74
92
0
1
407
3
2
55
0
10
429
0
0
760
95
42
39
85
222
226
11
32
49
0
0
0
852
0
368
0
0
185
8
0
0
0
28
3
0
0
4
0
72
18
0
10
0
329
153
471
28
41
2
326
4
0
0
0
37
0
239
17
0
0
0
0
0
3
12
88
0
1
0
10
24
195
152
0
14
0
2
0
0
363
6
484
874
235
8
1181
92
265
153
1
23
127
0
154
48
6
399
11
99
79
157
0
1
321
0
3
20
4
117
898
17
0
0
2
0
0
803
370
8
0
0
0
2198
0
0
966
7
52
0
68
0
0
257
36
220
385
94
9
0
2
0
0
103
667
387
0
0
13
0
368
55
0
7
42
0
46
91
143
20
0
154
0
0
367
9
0
0
0
223
0
153
462
141
45
166
0
43
0
1
5
160
237
103
53
0
127
26
0
1094
293
0
75
0
264
0
0
22
164
0
44
0
0
2
6
0
0
0
124
169
40
0
0
10
76
25
0
0
532
49
48
122
1
23
0
0
19
41
0
1612
55
287
547
3
98
0
0
75
0
2284
18
0
0
682
329
257
115
1102
0
157
0
0
1673
0
0
0
0
354
0
0
0
0
11
731
428
585
66
0
0
0
67
28
25
0
0
0
69
1462
424
71
32
0
0
16
166
8
0
0
0
19
0
1306
325
1385
535
0
0
0
0
0
109
0
0
11
218
29
49
2
17
1126
543
0
256
844
34
111
21
55
0
0
210
2
0
14
0
2
0
11
0
50
19
3
0
4
0
0
860
389
0
0
1
32
98
0
0
0
0
90
52
1
195
8
0
75
9
163
906
0
381
108
17
0
0
6
0
0
0
0
393
667
83
206
138
112
334
283
128
242
5
24
102
33
93
0
1
3
0
1
1074
16
481
0
0
79
131
0
0
263
88
102
255
2
55
71
0
10
15
14
0
22
0
0
705
274
73
3
0
530
0
0
0
217
14
1134
808
0
38
2239
62
155
81
90
68
382
214
0
0
20
0
601
11
421
0
425
0
299
0
193
557
29
0
476
0
0
81
0
250
534
0
0
1
445
0
669
0
0
2
73
0
201
0
0
5
0
2
1
0
15
0
58
19
137
2
283
367
18
322
614
0
0
1646
0
1
0
132
28
92
0
26
0
6
2
166
25
0
10
284
0
5713
0
0
0
24
4
171
54
209
75
0
104
2
43
0
16
105
161
37
3
6
91
0
229
924
168
0
0
6
2
1963
13
6
31
8
13
29
0
14
0
0
2
511
0
419
7
0
23
6
0
58
7
346
0
54
107
2
80
2
450
0
0
0
101
0
5
2
25
0
2
0
90
7
0
158
2
181
0
0
4
29
0
2035
0
9
2596
33
775
0
96
23
47
0
0
0
106
80
0
1
3
22
6
0
0
1
0
0
56
0
222
0
0
6
30
109
5
0
0
7
51
534
182
0
2
0
93
0
0
540
417
15
110
4480
4
82
160
25
73
40
1552
0
0
28
1691
18
7
60
23
149
0
0
298
36
20
185
17
414
33
261
125
44
0
25
0
46
0
2
0
0
452
0
58
0
1580
2
33
489
83
51
0
1
0
2
18
0
245
1
0
210
33
0
0
0
0
108
0
180
0
8
76
0
26
0
0
10
0
0
42
0
0
14
0
0
0
3
0
0
0
349
12
327
0
118
204
67
0
0
122
0
1896
30
0
0
0
0
18
13
1240
54
330
0
1155
22
373
397
0
0
0
752
0
114
206
2436
2787
0
0
0
50
2
15
0
0
75
0
5
1130
356
745
4
4
222
0
14
0
97
269
55
825
0
1433
3
120
9
52
74
0
2
0
0
2
0
0
0
511
280
0
2775
40
0
0
2
131
323
292
61
616
2849
1
232
0
147
270
124
365
870
0
20
4
352
53
0
0
197
28
33
1
2
34
144
438
0
6
0
56
282
0
557
0
0
21
2
0
296
4536
0
230
0
0
0
139
0
586
0
57
2
0
976
31
6
20
0
3
0
5
402
1
1
0
15
0
0
75
201
24
12
0
5
23
2
0
3
119
0
2
2
0
34
50
61
0
0
0
0
42
0
0
0
5
159
220
10
453
1576
58
426
180
2373
0
25
0
175
1
0
807
0
146
17
0
1
2
0
625
27
0
30
79
0
64
4
4
0
0
57
0
0
2511
246
0
0
209
820
349
2
0
24
0
65
0
1337
1
281
6
0
27
0
82
0
0
0
0
51
0
0
0
2
17
573
78
8
0
69
36
55
17
0
34
74
3
167
0
78
3872
646
0
216
2
0
1
907
76
0
0
0
0
0
607
8
0
0
13
0
0
0
0
1
16
259
1
0
122
157
385
851
7
302
1
0
20
6
9
0
0
0
0
155
92
0
521
52
1437
49
0
0
88
147
12
82
0
1
120
204
0
0
100
0
4
0
217
0
0
8
0
36
78
0
12
7
0
106
195
0
0
0
0
47
526
27
0
4
150
0
311
66
315
0
93
1277
155
1
1
2112
1562
234
2732
57
0
12
0
0
0
0
83
0
15
1
0
113
834
7
0
0
0
0
0
32
94
190
0
0
33
35
20
0
221
588
127
77
400
27
0
0
0
233
21
0
0
39
16
23
49
1
0
0
3
28
42
129
25
0
0
0
0
0
0
0
124
0
1
0
33
0
27
0
0
68
167
0
7
0
418
0
262
2
0
27
2
0
0
0
0
875
0
5
11
29
3
264
139
15
0
12
0
0
0
0
143
4
353
548
332
135
0
74
34
1
7
0
243
74
0
9
0
1280
1
29
1
15
10
22
0
66
0
0
0
252
3
225
81
23
206
28
0
0
2
0
6
82
390
149
0
33
0
39
29
0
0
148
0
38
1
0
78
18
10
95
171
732
4
1
181
0
373
0
1
0
61
21
79
135
140
0
996
46
0
0
26
0
0
6
220
1143
7
0
12
1
4
8
0
14
0
23
204
9
3
1797
336
12
424
0
60
15
0
0
203
0
127
0
0
1
13
8
0
0
11
1098
0
147
233
4
0
998
36
0
0
0
14
18
6
1087
22
100
0
0
1
0
1
0
4
125
0
0
43
1
6
7
0
10
35
0
0
0
3529
0
3
0
12
94
391
958
2046
5
786
20
0
22
21
4
29
873
0
416
737
0
15
193
0
231
0
2
2
501
0
64
63
0
0
2257
0
81
186
0
0
109
264
2
3
296
289
0
516
0
616
0
2162
24
0
81
0
42
77
340
17
379
2
6
0
1446
189
148
9
1099
1
178
22
502
143
0
156
0
99
236
220
0
3
6
25
14
90
0
11
3631
216
851
197
0
0
0
3
16
272
0
129
99
5
433
364
0
83
76
37
0
0
0
0
807
0
120
0
169
10
0
0
0
32
0
0
1448
504
0
4
89
7
15
0
95
5
323
16
0
0
212
408
0
13
0
0
0
0
974
293
8
0
545
11
131
169
29
81
0
7
17
0
17
0
0
11
16
2
68
124
0
0
85
338
0
0
104
0
0
0
462
284
55
0
0
415
0
922
164
2
0
81
0
0
2
82
241
2
0
0
0
7
15
62
1
0
0
105
8
0
3
0
4
0
294
167
36
0
0
39
1354
7
320
0
23
0
23
5
1
648
10
0
20
111
63
1
0
0
17
110
1
15
0
116
0
398
0
0
9
57
11
0
0
17
0
0
18
81
10
0
33
0
0
19
20
5
0
0
308
1
0
0
62
8
9802
0
27
77
256
0
36
0
0
0
0
223
84
386
5
129
0
0
119
3
0
33
0
146
973
0
98
0
104
0
1108
4
228
49
0
2
0
0
0
0
0
0
5
0
21
0
0
2
320
337
47
0
0
244
9
3
208
530
18
249
28
0
871
100
0
73
0
0
0
902
10
210
0
57
3
0
60
419
402
0
255
53
16
0
0
98
127
0
438
0
0
494
6
241
33
0
75
1
0
273
405
7
5
10
0
0
0
1
187
205
221
0
10
0
76
0
0
169
0
47
27
3
557
62
17
86
39
0
4
772
94
0
250
3
56
423
9
30
1600
176
0
0
10
240
81
0
0
7
4
2
0
0
62
99
0
68
2
0
0
1
0
251
0
230
1
0
15
7
202
0
2
0
0
200
219
22
63
0
0
125
0
0
0
21
1508
1831
5
3
5612
14
107
265
0
108
0
0
2
494
13
0
4
87
96
30
0
0
0
0
0
935
0
0
890
5
71
19
1995
214
0
0
154
2045
53
1332
189
0
60
23
335
0
62
39
4
10
0
0
0
69
2
2
1570
0
2033
0
0
24
0
4
0
121
206
0
228
19
115
0
45
607
3521
7
28
117
4
468
132
0
29
0
201
0
0
0
279
302
1
849
0
20
16
742
0
62
477
328
48
147
105
0
233
3
856
471
2
1373
0
290
151
209
151
9
0
17
0
0
30
80
10
2
162
0
4
13
27
0
1
2299
99
49
201
60
138
7
0
0
13
0
785
3
12
0
0
0
1238
0
102
198
0
750
0
28
170
31
33
481
0
0
213
0
0
0
2
34
0
0
0
19
238
31
0
10
3
3
203
2
0
0
883
132
766
223
2
1423
22
0
1
159
23
0
1
0
0
44
122
14
0
9
0
0
0
4
2
34
920
58
161
6
56
5
3261
0
0
4
95
0
13
169
0
86
5
77
65
0
651
225
28
393
89
0
0
430
394
765
87
0
0
79
0
0
0
0
1141
0
1548
165
107
249
295
3
5
0
0
48
2
264
0
0
157
148
25
109
5
539
17
2
19
163
0
80
0
109
6
159
54
0
1020
30
0
63
8540
1
62
807
424
261
282
211
781
41
721
0
496
1462
2
63
18
11
0
0
603
0
263
96
1552
0
8
247
128
0
1335
144
31
0
0
0
0
2145
6
4
893
0
478
2
61
6
0
600
39
0
0
957
29
0
0
2
0
109
0
98
1
821
5
87
64
604
0
3
74
1063
0
10
5
41
82
70
3
52
308
110
0
0
172
34
199
0
0
21
36
0
53
110
2
127
0
0
0
0
0
1
0
0
15
0
0
0
0
14
0
2
622
14
0
0
1979
0
0
1
0
0
60
0
50
1
1
78
0
0
0
8
0
0
78
31
0
5
0
151
0
0
0
153
42
1
0
0
261
0
0
5
13
0
0
3
1
0
0
2
0
0
29
0
0
22
1001
0
0
24
0
0
173
21
225
7
3
8
0
40
2
0
0
50
0
106
0
0
3
1
3
0
44
0
0
359
16
0
270
18
0
1317
37
5
0
24
245
0
0
21
0
0
42
20
65
0
86
31
0
3
1032
476
17
0
100
3
4
40
0
14
5
0
17
0
0
0
0
426
0
6
0
0
964
0
299
5
4
0
0
151
463
219
118
0
0
3
0
0
0
4
0
0
65
1
0
79
0
0
0
0
0
68
2013
59
2
0
45
0
0
0
0
0
0
0
0
0
0
0
0
0
25
0
0
13
32
0
0
0
85
0
58
0
0
0
0
0
0
0
15
0
0
0
0
0
0
101
0
0
8
17
215
5
0
0
0
0
0
6
1
0
7
0
1
0
0
0
11
0
11
3
0
0
7
0
0
0
0
1
0
6
0
0
0
0
3
0
0
3
0
2
0
857
0
0
0
51
0
1
0
0
663
0
0
98
39
0
11
52
0
0
0
0
0
0
1
56
56
0
0
0
4
317
43
0
46
0
0
0
0
0
0
0
0
0
0
0
17
0
0
0
570
0
11
1
0
0
0
0
0
28
0
43
1
35
0
16
0
3
0
0
135
0
0
3
2
12
8
0
0
0
79
6
0
8
0
8
95
0
0
0
7
56
0
54
0
1
0
115
0
20
0
198
0
0
0
0
4
0
0
0
0
57
0
0
0
1
404
0
4
802
353
0
0
40
68
2
0
0
0
0
391
0
0
100
0
81
1
0
1
0
4
0
0
0
0
0
65
0
0
351
0
0
0
0
1
23
0
5
0
0
0
0
0
0
0
4
0
0
2
50
0
118
0
0
166
0
0
0
0
0
156
0
0
6
0
0
0
0
0
0
16
0
0
33
0
0
72
2
0
0
0
59
0
0
0
49
0
0
15
0
0
2
6
0
3
0
0
0
0
0
0
0
1
0
0
0
0
0
0
0
5
0
0
0
0
81
7
0
85
7
5
0
0
0
19
0
0
0
0
0
0
0
0
1
0
0
0
0
3
0
103
0
46
0
0
0
0
130
0
0
0
144
0
1
0
0
0
3
0
2
0
4
7
0
0
0
0
0
0
1
0
0
0
1
0
779
0
0
0
0
0
0
0
0
0
0
0
21
25
1
0
5
2
12
321
0
0
0
0
0
0
1
3
4
0
0
0
0
9
0
333
124
0
0
0
0
0
0
0
0
248
3
0
0
0
0
0
0
0
0
601
24
0
581
0
0
68
0
0
0
0
0
3
0
0
0
0
0
0
3
2
30
0
1
0
0
0
0
0
0
0
0
103
0
0
0
50
8
0
139
2
49
0
0
0
0
0
1
0
0
0
0
0
0
16
1
0
0
0
57
0
6
98
0
0
0
1
0
0
0
0
0
0
0
57
0
0
3
0
83
0
0
0
0
55
0
0
0
0
0
0
0
0
0
0
96
12
0
0
0
262
467
0
0
0
0
8
0
0
0
0
0
0
0
0
9
0
38
0
0
29
0
61
47
0
6
1461
0
0
0
0
289
0
40
1
0
0
0
0
2
0
0
0
149
2
6
0
0
12
0
99
0
0
0
1
0
0
0
0
0
1
0
7
0
10
0
0
0
218
0
0
0
0
0
0
3
2
527
0
91
0
0
0
0
0
0
0
0
106
3
0
159
0
0
98
20
556
0
0
0
0
3
71
0
0
2
0
269
0
0
0
0
0
0
0
0
16
21
9
3
0
0
0
0
2
0
0
19
24
691
0
0
10
6
787
0
381
0
0
0
92
0
0
2
4
7
0
1
0
0
39
1
1
1
55
0
0
0
0
0
1
0
22
0
0
0
0
16
0
28
0
0
13
0
27
0
0
0
0
3
385
0
0
0
191
0
0
25
0
0
5
0
0
0
0
20
0
4
0
0
37
680
174
0
0
0
0
2
0
0
0
468
0
21
0
0
0
0
0
622
0
230
2
0
13
0
0
0
0
0
2
0
1193
0
0
1
0
0
0
33
0
0
0
43
0
70
3
0
20
1
777
0
0
0
118
0
0
0
0
0
4
0
0
8
1
1
0
0
180
2
0
0
0
215
0
0
0
155
0
1
0
36
237
0
30
0
0
0
0
0
0
0
0
641
0
13
0
0
0
0
0
157
139
0
0
21
0
234
0
1
5
0
0
0
0
18
0
0
0
0
49
5
0
0
0
0
5
0
0
0
66
26
0
0
556
1
125
35
2
0
0
0
0
0
0
0
0
85
2
0
1
27
0
0
0
0
0
0
0
0
0
0
2447
0
6
9
0
0
0
1819
76
13
6
0
0
0
0
10
18
0
22
0
0
0
0
0
0
0
0
1
0
0
0
106
0
0
0
0
737
8
0
0
1
0
0
6
0
0
0
15
15
0
0
0
0
0
516
0
123
0
0
8
0
0
1237
37
0
0
82
196
0
241
38
2
0
26
0
0
0
3
13
17
12
0
0
0
0
0
0
0
0
0
0
0
0
0
180
72
0
1012
6
0
0
0
0
41
0
0
0
0
0
0
0
1
0
6
50
22
156
0
0
0
2
0
0
0
1
187
0
0
1
49
2
0
0
0
0
0
0
0
0
0
0
0
0
34
86
0
0
0
0
0
0
82
1
544
0
0
0
0
0
0
0
407
0
0
126
4
0
0
8
0
0
586
3
0
15
0
0
0
3
0
29
76
1
29
2
0
0
4
10
48
0
0
1
0
0
1
0
3
345
271
30
0
184
0
0
4
0
0
0
4
32
1028
2
0
0
0
0
0
238
1
0
0
0
0
0
17
0
0
0
0
0
0
0
33
0
1
0
0
164
0
0
0
0
13
8
0
0
0
0
3
0
0
128
0
0
1
2
0
2
19
0
0
0
0
0
7
0
1
0
0
28
0
2
0
0
0
0
0
0
36
0
0
22
17
0
0
0
165
0
0
6
0
0
135
0
0
0
5
198
7
0
0
16
0
10
7
0
22
10
0
0
0
57
0
75
0
0
34
1
148
0
677
93
0
0
3
1
34
0
0
0
0
8
0
9
0
2
2
0
8
0
7
224
286
0
1
0
2
1
0
6
1
0
0
3
0
0
0
0
2
0
444
51
299
0
0
0
72
0
0
2
0
11
7
0
249
538
2
0
0
0
0
1
306
0
14
10
0
0
0
0
72
0
0
0
13
0
1
0
2
0
3
0
23
8
0
0
237
0
0
0
0
6
0
0
0
0
3
1
0
0
0
0
0
0
0
0
10
3
0
0
0
16
100
8
0
0
101
0
0
156
2
0
4
0
389
1
0
0
0
69
501
0
626
0
0
0
0
0
0
0
2
0
8
0
0
0
1
0
0
47
0
12
0
0
0
0
0
0
51
0
90
0
2
0
0
290
0
0
94
0
0
9
12
0
411
65
1
0
0
0
0
0
1
0
331
0
1
0
22
82
0
0
0
0
72
229
0
1
1
39
15
0
1175
5
26
0
0
58
0
170
328
17
88
0
0
16
0
265
0
0
16
0
5
0
0
0
0
0
422
0
0
2
0
0
0
0
0
3
0
139
702
0
2
0
0
0
51
0
0
142
76
0
0
14
0
0
55
0
0
0
0
0
0
0
0
0
0
1
0
4
378
8
10
5
0
0
0
0
12
21
0
0
0
39
2
2
0
5
0
0
0
0
1
2
0
55
343
0
0
0
0
0
0
0
109
231
0
54
74
0
0
0
119
0
0
3
49
1
9
0
124
2
0
0
134
0
0
0
0
1
0
0
0
0
0
0
0
0
3385
125
5
0
0
0
0
0
0
165
238
272
0
0
233
2
9
0
0
0
0
0
0
0
183
0
12
18
75
0
0
19
0
721
0
0
0
2
2
1049
2
39
0
0
1794
51
0
0
0
0
1
0
0
264
2
0
73
0
1
0
145
0
0
14
0
0
2
0
0
0
37
0
14
87
0
0
0
0
0
0
112
0
997
79
0
0
1
0
0
74
593
0
0
1
1
1373
0
0
34
0
0
0
508
0
675
391
0
0
3
0
0
0
0
0
0
0
0
0
674
0
0
0
45
0
0
0
0
0
0
0
0
0
26
0
409
16
0
0
1
0
0
0
0
0
0
12
241
2
0
0
0
229
3
0
3
0
21
1
0
21
0
0
23
3
0
0
774
0
0
2
0
75
0
263
0
1
0
87
0
0
1
104
0
0
0
0
99
0
22
0
0
0
273
0
0
0
1
0
0
1
359
17
0
655
7
3
243
0
0
1318
0
0
24
4
0
0
0
0
0
0
0
0
0
0
6
0
0
0
0
0
0
9
0
0
0
0
227
0
0
0
179
0
0
2
0
0
4
0
0
0
0
0
5
0
0
0
0
0
0
3
237
0
4
0
0
1115
0
0
0
0
116
0
0
0
0
0
0
282
3
3
0
0
0
1
779
7
38
0
370
0
0
8
0
0
0
2
0
38
0
11
0
0
0
0
0
26
0
191
0
0
30
0
0
0
0
0
707
70
998
0
1
8
0
81
58
0
0
44
546
0
0
0
6
0
0
0
0
0
2
51
0
907
5
24
1
6616
0
3
8
0
0
0
0
0
0
0
1
41
0
36
0
78
0
71
77
0
1
0
12
0
1
0
94
6
0
60
34
0
177
0
0
0
8
0
0
0
5
90
292
0
0
0
0
6
0
0
0
0
0
2
0
19
0
25
0
0
0
0
0
0
11
0
0
0
0
0
24
187
0
0
0
1
0
1
0
0
0
0
12
0
0
0
0
61
0
0
0
0
0
21
7
0
2
0
0
0
0
0
0
0
0
0
0
0
0
0
24
12
0
0
0
0
7
0
0
0
0
0
0
0
4
0
5
0
0
0
0
67
634
0
0
0
4
0
0
0
0
0
0
0
0
0
0
0
0
0
0
0
70
0
513
0
133
0
0
119
0
0
86
2
0
0
0
0
0
631
0
30
0
0
0
1
0
3
0
0
290
0
85
0
0
0
0
0
0
0
350
0
0
0
0
0
0
0
0
0
0
3
0
0
0
0
0
0
4
0
0
0
0
0
0
4
0
0
134
0
1
0
0
0
0
50
0
0
0
0
1
199
0
1314
0
0
0
2
0
0
0
0
0
0
0
61
0
0
2
0
192
0
340
0
0
0
0
0
1
471
0
0
89
0
0
0
4377
0
0
0
0
7
0
87
32
3
78
0
0
3
0
3
191
88
0
0
1
57
0
0
0
0
0
354
0
0
0
0
3
0
212
0
34
0
0
0
420
0
0
11
0
175
0
1368
0
18
0
157
12
0
0
1
2
0
0
0
0
0
0
0
0
0
1
0
0
0
1
0
0
0
0
0
0
543
0
210
0
0
0
2
0
0
1
0
0
93
0
0
0
0
0
0
0
0
0
0
12
0
0
2
0
0
0
0
0
0
4
0
70
0
0
0
0
0
0
223
0
0
0
0
0
0
0
0
0
0
0
0
2
0
0
0
2
2
0
0
5
3
0
0
0
0
0
0
0
0
0
0
0
1
2
0
0
0
0
0
0
0
0
0
0
0
1
0
0
0
0
0
0
1
0
0
0
0
0
0
0
19
0
0
38
0
0
0
5
0
0
0
0
197
348
0
4
1
0
0
43
0
0
196
0
2
0
0
0
0
0
0
0
0
0
0
0
0
142
0
4
0
0
0
0
0
0
214
0
0
10
82
10
0
0
0
0
0
7
0
0
0
0
0
53
0
0
0
0
0
0
605
0
0
4
0
0
0
18
0
12
0
0
0
3
0
0
0
0
0
0
0
202
22
9
0
0
0
0
0
133
0
0
0
0
0
0
1
479
0
0
0
0
0
716
2
3
265
67
0
0
0
0
0
0
11
1
0
0
0
0
0
0
1
0
421
0
0
0
0
0
0
146
0
0
0
0
0
0
4
0
0
22
0
403
0
0
0
304
3
0
0
0
0
0
43
171
0
0
1
0
0
1
0
0
12
0
0
0
0
0
25
2
1
0
0
0
0
0
0
0
0
0
0
0
2423
75
80
0
19
0
0
46
1
0
19
2
0
540
7
0
0
0
3
0
1
0
1
0
0
0
0
20
201
3
0
183
0
365
87
123
0
0
0
0
0
15
0
0
266
3
0
107
5
37
0
0
250
99
51
688
0
0
0
111
1
0
2
11
0
0
32
0
35
221
1
205
2
0
2
34
3
5
0
0
81
0
0
0
562
0
8
0
0
6
4
0
83
0
118
39
315
0
19
0
0
0
2
0
178
21
133
7
32
0
19
5
16
0
3
219
8
0
0
83
0
135
2
1122
43
0
0
0
88
0
6
0
1
0
0
2
1
253
0
360
0
586
0
0
0
0
0
14
27
0
0
0
0
0
0
0
0
74
52
22
0
0
542
1
0
3
0
0
14
0
0
301
0
9
0
3
2
2
9
102
0
0
146
0
14
0
134
0
3
0
102
0
0
15
0
0
415
48
1
1
0
8
0
0
25
0
0
2
0
0
613
0
0
2
4
0
5
3
0
4
0
0
267
628
0
3
180
0
516
0
68
11
73
0
56
0
0
1
270
3
235
0
2
8
218
0
0
0
9
7
45
0
3
0
0
0
0
0
1
335
0
0
0
1
0
3
0
0
0
46
0
0
0
0
1
3
0
0
1801
6
239
0
0
0
0
13
33
0
348
12
0
0
0
0
0
54
0
3247
28
490
1
0
119
51
64
4
8
0
1769
0
260
203
188
0
158
0
30
732
496
2
1
0
4
709
0
1325
0
0
0
0
3
59
10
5
0
0
0
114
2
64
28
15
114
271
4
463
0
9
0
132
84
7
0
114
32
1
360
0
45
43
0
6
1
69
1
0
0
0
0
265
0
3
0
960
0
0
2
27
0
55
108
32
9
0
44
95
0
0
0
4
2
0
1
3
3
2
0
0
41
0
0
0
299
126
37
0
27
0
0
0
753
0
0
59
2
11
0
0
166
71
0
65
0
0
1
0
156
1
22
1
0
0
0
0
0
0
33
0
133
117
3
0
10
135
152
0
0
164
5
49
0
23
0
144
7
2
24
0
0
0
19
407
0
59
0
19
943
62
4
5
14
0
2701
15
0
13
3
1
509
0
0
91
52
217
0
98
483
0
0
17
27
79
2
344
0
0
0
4
0
0
6
78
0
0
109
1
75
3
0
32
0
0
0
0
0
85
0
62
89
0
1
0
0
0
0
0
584
6
472
690
397
16
0
15
7
1
7
0
0
0
834
425
0
235
0
1
0
917
0
0
108
0
0
0
14
0
7
0
0
0
220
0
51
0
7
0
0
83
0
0
46
0
86
412
14
0
0
13
285
272
4
0
0
2
0
0
645
23
0
649
0
0
0
32
7
313
12
0
0
2
33
14
111
425
2
0
1
0
0
81
0
0
0
0
0
0
21
0
850
0
46
175
0
0
0
0
59
224
0
0
0
0
10
0
17
427
0
0
0
0
13
0
58
0
35
0
3
0
18
28
0
0
0
0
547
0
0
106
0
0
0
0
27
0
68
63
0
0
0
0
5
103
0
0
0
0
302
21
0
25
0
31
1
21
47
0
62
2
1
3
0
74
0
2
362
0
0
0
0
0
0
31
3
69
18
1
0
0
130
6
0
0
0
306
146
4
0
0
0
0
0
258
4
0
1
14
4
0
0
0
0
0
153
0
2
0
0
0
0
2
1676
0
18
0
0
0
3
0
0
0
0
865
0
0
0
58
0
132
0
0
0
0
224
0
0
1
0
0
4
0
4
107
0
0
0
764
1
1
5
0
84
0
716
0
0
0
0
1117
81
0
63
25
0
0
0
4
122
0
40
9
1
0
0
0
0
1
4
27
1103
57
24
0
1
1
0
6
1
0
216
574
0
41
0
0
0
4
0
13
184
0
0
47
3
191
44
43
0
0
138
286
4
37
0
733
0
15
0
0
1
0
0
4
162
501
50
25
2
0
0
0
0
193
48
0
3
1
352
2
0
47
0
0
178
19
0
256
12
7
485
1
0
54
0
0
0
0
0
951
0
9
0
7
0
0
0
59
0
0
369
0
0
0
1
0
0
28
0
109
51
11
3
0
4
2
0
0
672
184
2
32
27
202
0
13
12
0
0
2
0
2
0
4
11
0
0
0
0
15
0
0
140
2
13
1
2
11
0
3
0
0
0
6
0
0
3
14
0
18
24
0
0
0
0
0
0
1
0
174
5
0
1
8
0
0
0
0
0
6
126
0
0
7
5
683
0
2
17
67
20
42
0
0
0
0
0
0
0
0
4
10
0
7
17
0
0
0
36
0
140
0
0
0
453
55
2
0
11
51
20
0
0
91
657
2
27
4
52
31
1150
136
350
0
1
302
11
0
905
0
0
9
44
0
6
46
1
0
122
0
0
0
13
1
0
19
0
0
0
0
19
0
0
0
0
0
30
90
71
2
0
0
10
108
0
87
185
0
0
0
0
5
0
0
39
0
52
0
0
14
250
3153
0
0
4
5
0
0
38
26
1455
0
9
13
6
0
0
0
0
0
41
464
0
0
0
0
0
0
62
115
2
28
0
455
76
0
0
0
431
2182
0
191
0
0
33
285
39
0
13
9
0
0
17
28
0
0
10
0
0
4
0
13
271
104
230
0
0
126
1
1
0
22
1
0
78
0
0
0
4
55
33
0
4
0
0
4
356
0
0
0
7
4
5
250
0
0
218
318
631
537
6
0
115
0
35
0
2
0
195
3
0
0
0
0
8
0
6
0
0
0
42
15
246
0
4
0
53
8
2
797
0
1320
0
0
0
240
45
28
0
732
0
0
34
53
271
44
0
378
24
12
0
15
0
478
2
0
0
0
0
8
788
0
101
1
40
27
0
0
45
102
0
88
9
373
273
11
2
1
28
0
0
8
0
250
205
194
7
74
0
202
0
62
0
0
174
66
0
0
0
199
0
2
0
31
6
98
0
708
0
0
3
2
8
37
0
166
30
24
23
294
135
100
34
38
0
144
0
0
0
139
0
0
27
5
0
0
96
0
0
8
0
0
0
42
955
15
4
341
143
0
658
0
0
0
0
0
258
68
0
123
17
0
0
0
0
0
58
32
12
0
71
0
0
0
2
0
0
330
0
1
589
4
0
0
31
0
0
0
25
31
0
0
0
3
148
0
0
344
0
4
0
2
1
0
25
0
81
0
9
59
0
8
2
0
0
388
16
239
0
0
437
82
0
36
11
0
0
0
0
48
10
9
0
3
1
0
47
2
45
0
58
4
25
35
28
0
39
1
0
3
0
15
35
31
89
743
665
20
70
0
2
0
32
0
164
0
0
4
0
659
5
14
338
68
358
243
0
0
4
0
111
0
29
0
0
438
24
4
0
111
9
1
7
0
64
32
92
0
0
0
0
55
0
0
0
299
27
2
0
74
0
102
2
22
14
3
0
25
0
0
134
224
0
7
0
61
0
0
0
7
0
209
2
0
0
0
0
0
0
0
0
3
0
0
3
5
524
257
269
1
0
0
0
78
49
0
0
0
0
0
88
153
1
0
0
33
0
0
0
0
16
2
0
0
0
0
2
0
0
3
0
0
21
26
4
0
0
1
12
162
38
0
17
0
110
7
0
0
0
0
102
0
95
1
306
0
87
4
0
331
202
306
0
0
10
0
0
0
64
0
12
10
4
8
21
30
3
0
8
281
1
42
0
24
828
0
0
0
12
9
15
70
269
69
48
13
9
0
3
14
0
375
0
0
0
75
2
0
1
0
0
70
18
100
0
1
0
0
0
3
53
4
104
0
0
298
0
558
0
0
10
437
0
0
30
0
0
0
22
0
0
223
1
0
0
0
0
28
0
0
2
0
0
1072
5
32
0
7
0
9
174
6
212
128
136
952
111
0
36
0
208
33
0
256
0
313
0
47
0
116
0
68
1
0
0
0
0
5
2
0
2
78
0
0
2
0
204
8
27
389
0
0
0
135
0
0
0
2
6
0
134
1744
0
197
0
0
27
52
11
0
0
7
1
3
0
0
126
0
4
0
61
0
4
0
0
0
0
3
120
49
102
0
7
442
0
0
0
0
1
663
0
0
0
105
0
285
58
14
0
0
0
0
0
0
0
0
290
34
254
0
80
0
0
3
833
2
23
0
0
14
0
4
0
0
0
0
157
0
1
46
0
0
0
0
0
6
2
2
221
0
0
34
7
520
0
0
0
3
352
2
105
59
0
0
2
0
0
0
595
0
0
0
3
0
0
0
1
0
38
3
0
0
4
0
123
3
0
66
0
23
28
0
47
0
0
0
0
0
42
0
0
0
0
0
0
0
6
16
0
292
0
0
575
0
0
0
28
0
0
11
241
7
98
0
8
46
0
0
0
0
1
0
6
48
3
3
0
0
0
0
0
1
0
3
0
441
0
40
260
0
0
0
0
11
0
0
321
0
0
553
0
0
0
0
138
6
0
0
0
4
0
23
6
0
0
0
5
0
0
452
0
44
4
4
38
0
0
2
49
9
4
14
44
241
0
13
1
98
14
0
6
0
0
0
0
0
1
0
0
394
8
0
0
0
0
74
0
0
0
219
0
0
1
0
193
6
0
0
0
156
471
0
24
0
0
20
89
66
207
0
0
0
0
19
2
1
327
3
47
27
0
265
379
0
2
2
15
2
4
0
23
397
0
0
0
0
0
0
114
0
4
0
0
0
310
25
0
191
378
54
59
0
25
5
0
17
5
0
59
113
0
46
52
128
482
0
0
272
0
3
0
0
0
0
319
0
562
0
91
592
4
56
0
0
0
0
97
3
11
0
0
0
39
2139
0
194
137
6
0
30
0
61
0
0
0
0
0
0
285
2
0
0
0
0
0
61
0
23
25
0
1022
0
1
0
0
154
49
0
45
0
0
0
0
0
0
0
0
0
0
123
0
102
0
10
15
191
56
0
58
3
0
0
0
6
0
80
0
0
12
36
0
0
118
0
0
0
1
5
16
0
174
188
0
25
89
0
0
74
544
0
0
0
2
2
0
33
474
127
10
0
0
3
6
0
17
71
692
0
346
34
423
13
0
0
0
0
0
0
212
1037
2
0
0
0
0
158
241
36
1
0
0
0
27
246
0
10207
0
2
605
364
0
0
0
0
1
0
11
40
0
0
2
0
0
167
0
0
68
39
0
327
0
151
0
162
0
0
0
0
0
0
212
1682
0
309
0
166
34
159
425
0
0
0
0
49
89
0
82
204
6
0
5
9
226
153
0
0
0
63
0
0
0
0
0
0
0
27
0
0
11
0
4
1
0
0
607
0
0
0
285
1
18
2
104
0
0
12
1301
0
0
2
502
101
2
0
4
6
0
22
184
889
0
0
65
0
545
15
3518
0
3
300
0
0
0
2
0
0
0
15
0
12
0
426
227
0
33
0
23
0
71
0
66
605
2264
0
167
251
0
0
0
25
0
145
3
0
0
0
0
0
264
0
7
0
0
0
36
0
0
98
11
17
7
6
44
100
12
0
0
0
2
133
0
218
49
9
0
0
4
420
0
0
101
0
0
1
0
1213
0
118
0
0
54
0
0
0
0
75
1
16
0
218
0
0
16
0
16
2
0
13
37
0
2
187
269
0
3
7
14
95
2
0
0
0
36
0
21
0
0
0
33
2
0
374
77
0
19
454
19
84
981
181
0
0
3
1
0
2
0
225
162
0
0
0
1
22
202
3
0
2
6
953
8
0
0
0
159
72
104
0
303
19
0
0
163
2
0
0
1
0
6
217
46
32
4
304
1
0
0
0
0
0
478
0
7
218
256
8
2
140
0
0
2
181
117
103
0
0
0
15
125
3
1
498
0
0
0
184
0
0
0
2
0
728
701
0
3
6
152
0
0
0
0
0
13
477
558
0
360
0
14
0
0
54
2
3
0
2
2
26
0
0
1
0
0
1
116
2
0
5
0
32
0
0
0
0
0
6
999
39
0
3
170
0
195
127
4
2
41
18
0
1
0
0
152
12
0
2
160
631
2
0
0
0
1
0
0
0
0
0
11
0
46
0
910
0
0
0
498
1
1
42
0
3
0
0
0
0
0
310
204
0
400
0
1
32
0
3
0
0
0
0
9
3
0
1
0
0
0
731
29
5
57
0
0
0
29
0
120
56
0
10
503
0
0
0
144
0
0
0
3
1
1012
1
0
346
10
0
0
2
0
2
0
0
2
11
1
0
0
0
0
0
1
0
0
0
0
2
248
0
0
18
0
0
12
0
0
0
75
20
10
0
422
0
1
1080
0
35
0
3
35
0
0
0
42
34
0
7
809
1
68
0
0
80
7
0
164
0
229
0
0
2
13
400
0
0
0
0
0
17
117
7
0
0
0
40
153
320
0
24
19
1
18
22
1
0
31
69
0
1
19
10
0
0
0
87
0
0
0
7
14
0
166
0
0
31
71
839
44
16
91
0
0
54
581
0
1
666
0
0
0
23
67
0
0
25
0
0
5
13
0
11
0
32
0
0
0
11
0
0
0
0
521
0
0
0
10
0
0
28
9
0
0
0
0
23
0
4
0
0
52
23
5
0
0
544
0
61
10
0
0
56
0
0
0
26
79
0
1
0
15
0
227
0
0
0
112
798
0
0
71
1
95
0
0
0
0
506
0
0
0
7
44
20
7
72
28
0
220
2
0
0
296
48
24
0
15
39
1
23
0
0
82
0
5
0
44
237
0
0
0
114
1
660
0
2
141
0
0
0
0
3
0
0
1
11
7
414
0
5
18
1
338
4
0
0
55
0
0
0
1
394
0
500
667
102
166
0
0
74
1219
0
0
0
18
0
0
1
0
57
0
175
8
0
123
502
0
2
0
1
8
0
149
1
0
63
0
0
422
0
22
0
44
387
0
0
0
89
0
0
28
224
0
0
0
0
307
285
30
9
0
0
0
4
0
5
0
0
38
0
0
1
4
5
533
187
0
1
48
0
0
0
0
1
0
0
0
0
773
5
79
0
4716
0
705
2
3
0
162
0
2
0
0
8
45
20
105
31
13
51
0
68
0
51
0
9
0
0
0
68
0
0
275
9
176
0
0
0
0
22
17
145
0
0
0
0
0
1470
0
81
34
70
191
103
7
8
0
142
11
0
167
0
0
0
0
43
0
0
6
6
42
0
0
0
21
7
0
6
0
358
0
0
0
7
0
2
2
0
409
0
0
0
41
0
0
48
0
2
0
107
0
0
0
237
0
0
3
229
23
23
43
1
2
304
0
0
464
0
0
0
128
0
6
1
44
0
0
0
0
0
159
21
638
27
1
0
0
0
154
0
18
0
223
78
0
255
1
155
64
40
13
65
1
0
41
383
0
400
0
9
0
52
0
0
0
0
545
0
0
0
29
0
784
0
12
0
8
0
23
0
1
2
74
0
3
94
1
0
3
0
163
0
8
156
1
0
0
117
64
101
17
0
0
0
22
100
98
0
0
70
0
0
0
1
0
0
266
0
6
19
9
26
0
0
0
0
100
0
26
0
24
25
17
0
0
0
5
0
59
0
31
0
6
0
0
107
0
30
249
0
219
111
0
31
0
37
61
1
29
0
14
2
84
56
21
0
5
164
18
35
0
0
0
55
244
725
28
0
0
0
0
0
125
230
1
13
6
133
0
22
0
0
0
0
37
0
30
0
18
29
62
1
0
3
24
147
0
56
0
0
0
29
8
0
0
0
0
1
84
85
0
101
21
1375
9
188
0
16
18
0
0
0
3
13
0
0
1
0
0
3
20
0
0
0
8
0
136
0
154
17
222
35
0
1185
36
100
0
0
2
0
2
0
342
0
150
4
10
0
16
0
0
0
16
0
11
0
3
2
67
73
710
20
6
14
3
10
15
31
0
0
116
0
0
22
302
1
0
0
557
0
450
5
0
0
15
107
2
0
84
64
0
5
0
0
2
385
3
25
453
581
0
53
0
0
68
92
501
158
0
1
4
16
0
87
142
253
13
0
0
4
0
70
778
0
7
22
30
2
0
0
0
164
0
496
326
240
0
0
402
0
523
0
0
5343
1
0
0
0
16
3
6
0
2
35
0
101
58
0
333
22
114
2
5
105
0
0
187
225
8
0
0
85
13
127
0
3
0
0
6
0
0
0
2
1
18
0
0
0
28
0
176
1
0
197
1
405
52
0
56
0
6
128
0
0
42
37
1395
0
0
0
464
312
2
0
43
7
0
1273
14
162
0
0
0
0
1
109
11
0
9
0
0
0
10
0
2641
9
0
4
0
52
5
0
0
1
0
2
6
0
0
122
0
1
33
0
6
2
636
0
93
95
0
1
3
0
0
195
0
0
18
0
50
0
324
0
2
0
2582
34
65
0
0
0
40
31
162
0
6
0
16
0
11
462
29
476
1
0
0
331
10
0
151
154
0
100
0
1
0
0
0
17
90
21
1399
160
0
0
0
0
180
0
1
0
171
1
0
732
26
0
5157
72
177
172
0
4
0
0
0
76
28
23
0
1
65
145
31
5
0
111
0
0
35
9
0
0
0
0
0
13
0
0
2
0
0
282
0
13
0
0
0
0
33
2
1
0
78
0
536
0
0
0
0
878
1
3
0
21
0
32
0
171
174
0
0
0
0
0
0
0
0
0
0
0
0
0
0
0
0
0
0
25
0
0
0
0
265
0
2
0
0
0
17
6
5
3
0
100
13
1
575
0
0
0
0
0
0
3
0
0
0
182
0
0
0
0
3
0
82
75
0
0
0
0
0
20
2
0
0
20
107
34
0
0
11
294
0
0
16
50
0
0
56
27
0
0
87
36
4
1
1
0
498
107
0
8
84
0
18
0
82
38
0
0
91
23
588
86
0
28
0
0
0
4
0
345
0
0
0
0
0
0
0
0
5
234
6
141
0
0
0
0
5
0
23
230
0
5
48
391
0
0
113
0
0
0
182
0
0
1
119
1
0
0
0
0
324
0
0
3
0
378
0
0
0
5
0
6
0
0
0
0
0
3
0
0
0
44
0
776
0
1
409
16
0
78
0
113
220
13
52
0
0
16
0
1014
3
0
0
0
69
12
1
9
0
3
0
28
0
0
0
0
192
215
113
0
30
1
52
0
0
0
0
0
0
0
809
3
6
1
0
0
0
0
0
0
66
0
0
260
27
281
118
7
28
0
0
0
22
0
316
0
1
223
0
0
0
0
0
2
0
2
272
0
0
0
0
0
707
2
1
0
0
448
0
2
1
18
0
0
48
0
2
0
66
35
3
0
9
284
0
0
0
0
216
39
150
0
19
2
3715
0
0
148
0
0
0
0
0
0
0
1
111
28
0
3
0
0
354
0
0
60
1426
0
142
51
61
0
0
160
6
0
19
0
36
390
0
31
0
0
0
0
0
0
2
5
204
0
0
0
3
0
0
1
109
4
384
0
0
0
9
6
730
0
21
0
0
0
2
1
0
1
0
0
505
151
0
0
0
0
0
0
39
143
0
205
0
0
0
27
0
2
9
0
0
0
0
119
0
108
40
0
93
36
0
457
0
0
27
0
116
0
116
0
49
25
1
0
0
23
0
0
4
0
14
0
0
0
0
22
7
50
308
0
198
0
416
0
455
0
0
11
16
14
376
3
112
43
20
0
8
24
0
4
0
0
35
90
63
6
1
0
3
0
3
0
8
0
0
58
0
0
303
0
0
0
1
0
0
0
0
0
14
0
21
3053
74
0
24
0
5
0
45
0
2
0
1
2
0
6
0
0
0
0
2
34
256
16
7
0
2
0
290
0
0
0
2
0
0
1
4
0
0
3
118
287
0
633
0
17
132
720
140
1
3
2
0
3
160
171
0
0
0
0
0
106
1
0
0
0
0
33
116
38
2513
1
0
13
117
356
0
0
6
1
94
0
58
3
691
2
0
24
0
0
2
5
0
147
3
176
17
111
0
338
2291
296
0
17
7
4
0
0
0
0
45
2
0
0
55
0
70
1
1
4
255
166
29
0
0
0
0
1
3
56
0
35
25
1
2
8
429
17
11
4
4
0
1
0
857
0
25
0
9
475
0
0
1822
3
148
14
234
0
0
1
0
0
1554
0
1094
0
0
0
453
0
5
0
146
0
67
641
0
0
2
7
987
0
0
0
47
0
0
2
0
0
0
44
0
0
12
29
16
6
3
0
130
232
0
0
0
0
0
0
0
167
5
2205
0
0
11
2
0
0
0
12
0
0
0
1357
0
688
0
0
283
2
0
0
2
18
65
0
0
11
2
235
0
0
2
48
17
91
0
147
0
0
0
0
0
0
0
35
0
0
268
0
5
13
851
0
0
0
43
6
0
98
0
0
1
0
126
11
0
12
0
0
0
271
2
10
0
0
1
0
0
0
0
0
78
81
0
59
158
19
0
71
0
100
0
27
0
16
2
0
0
0
12
0
0
4
25
0
16
270
0
0
3
26
109
3
16
0
477
0
17
0
4
0
0
0
2
14
273
1
0
0
2
66
0
0
6
0
29
8
0
0
0
32
6
1
911
31
0
80
94
5
0
48
38
0
1465
626
19
62
13
431
62
0
0
27
0
26
224
0
58
0
0
2
1
0
2
0
1
0
2
56
5
0
0
0
3
0
0
0
0
0
0
123
0
23
4
33
0
0
0
0
0
3
0
0
0
224
0
1581
24
5
4
0
324
0
0
0
0
0
0
0
9
0
0
171
0
0
2
0
1
118
0
465
63
0
0
45
0
2
4
8
0
0
0
1
0
0
107
4
0
1
0
3
16
52
0
0
0
31
7
0
57
11
0
1
47
13
0
0
0
0
39
126
2
22
0
0
0
62
0
0
7
0
148
3
2
199
0
0
0
9
0
0
282
0
1
0
4
0
0
0
385
907
0
19
0
0
32
180
0
0
0
0
16
259
0
250
477
1
0
3
0
0
67
0
2
0
12
0
0
46
0
9
2
338
0
0
0
0
237
0
0
1
0
0
0
0
259
30
0
0
36
0
61
0
0
356
0
0
70
10
200
134
2
0
137
0
0
3
48
24
3
3
0
21
52
106
0
0
0
0
0
0
1
0
0
137
0
0
14
42
0
0
19
0
179
47
11
0
0
0
0
3
0
424
3
141
0
34
0
0
179
0
0
0
0
444
0
18
4
113
5
1332
0
0
41
115
155
64
120
1
0
154
0
658
0
41
5
52
0
0
32
129
0
0
263
0
180
0
0
0
0
0
0
8
2
84
0
2
0
10
0
4
0
0
252
0
1
116
0
329
34
0
722
1509
0
0
0
0
0
572
72
0
0
0
0
0
0
0
0
328
40
0
0
2
0
493
0
55
7
0
8
8
0
0
0
113
0
47
57
5
0
0
140
0
302
0
26
2200
4432
34
74
0
0
8
149
11
0
267
41
34
0
0
37
92
17
0
299
0
0
69
0
0
0
0
1
0
0
7
0
0
3
20
0
2
0
11
0
16
0
8
0
96
0
14
207
0
0
185
2
0
0
11
93
0
0
0
0
0
83
1
0
1
1
0
0
2
0
22
105
114
14
0
0
0
0
0
0
0
1083
0
0
7
0
476
0
0
0
12
0
0
0
1
91
0
10
0
3
0
5
9
4
0
1
463
78
0
17
0
0
0
0
10
77
43
0
984
0
51
125
0
0
33
0
11
19
0
0
0
0
0
8
1
12
0
59
45
1
0
16
87
0
0
0
0
0
0
44
0
0
0
0
62
3
2
9
80
0
122
0
18
30
1
360
0
0
0
439
16
36
0
0
1
0
17
0
160
0
454
101
0
51
50
11
279
0
27
51
5
0
3
156
18
0
134
12
0
208
0
0
0
1505
0
0
0
9
1
0
0
0
210
14
0
0
174
0
0
0
48
413
0
0
0
0
128
0
0
14
0
0
0
0
0
0
55
0
4
303
0
2
274
0
14
131
0
662
4
132
20
0
0
5
4
118
225
0
81
31
0
36
298
14
3
0
0
0
0
0
259
42
3
0
0
34
453
83
10
805
1
0
1
8
12
1076
3
85
139
0
10
164
15
761
62
3
0
134
181
0
0
0
0
0
0
0
78
382
99
687
15
1304
267
130
2
73
0
0
0
0
0
217
0
5
0
359
25
0
0
2
13
20
0
0
13
64
1268
94
27
0
0
1
415
0
0
0
0
0
0
10
0
262
103
0
3
0
36
26
9
6
0
0
4
0
0
145
0
7
63
35
0
29
0
1
237
0
1041
0
4
43
10
1136
1
0
13
0
2
0
0
0
0
0
0
0
38
293
0
16
0
0
0
3
0
1
33
116
18
0
0
9
0
8
0
28
29
18
43
36
131
15
0
1
0
0
1
153
31
126
0
0
73
0
108
0
95
0
498
21
0
0
0
16
38
12
15
8
1993
9
1
1
3
4
0
11
263
0
0
0
0
16
209
1
0
26
1
403
0
646
594
10
68
237
37
1
72
17
53
0
246
616
120
7
223
0
0
0
105
6
2
0
1
142
107
967
1870
0
126
0
290
0
0
0
0
0
0
0
18
0
0
0
2226
322
75
0
453
111
4
17
51
0
1293
0
0
2
0
0
19
21
18
0
0
471
2
43
5
30
0
0
213
671
0
29
2
0
447
3
280
0
0
122
54
10
26
0
0
0
0
0
0
0
20
138
27
0
2
1
240
847
0
0
6
26
0
83
3
797
0
0
98
6
0
0
0
0
0
258
0
0
0
4
123
0
0
0
658
0
119
110
94
74
0
0
113
2
0
0
44
0
33
0
11
0
630
1354
22
271
4
7
2
140
83
81
0
113
0
0
0
0
93
0
0
0
0
0
1
0
47
26
67
41
58
100
18
5739
335
17
3
54
0
0
0
0
0
0
26
0
0
0
0
54
86
20
1
0
5
17
0
71
47
695
0
7
10
23
6
27
0
8
2
0
6
103
0
14
0
1
426
2
0
0
7
0
270
642
0
0
0
541
0
36
225
47
362
391
0
61
0
103
2
0
1
0
34
0
32
0
0
336
0
0
0
0
0
0
0
3
582
16
15
201
0
5
24
0
281
0
0
0
0
10
0
0
21
5
0
0
114
65
385
0
0
731
3
0
273
0
0
0
0
0
0
0
1
29
0
0
1
2
0
89
0
0
0
0
0
0
0
1
7
76
0
0
3
0
0
0
27
0
0
0
0
0
8
0
638
1
0
164
0
0
8
1
0
9
196
0
0
267
0
0
0
0
0
6
326
6
30
2
201
121
4
0
11
0
0
0
0
0
1
15
0
0
0
43
0
0
118
62
31
0
2
292
440
0
0
11
0
381
0
0
1
46
89
837
0
0
37
0
0
1
15
3
2
0
0
0
0
0
218
0
0
345
0
222
0
298
0
6
35
10
36
526
0
886
12
7
0
0
185
0
0
96
0
18
0
0
3
0
559
1
0
0
0
4
0
0
49
0
0
302
0
0
0
0
0
0
8
76
72
36
0
0
14
1754
215
0
19
0
0
0
7
0
1
0
1
18
7
25
41
1192
0
0
0
466
0
3
0
1
0
0
359
135
1
13
0
130
0
0
6
92
0
0
0
0
1
70
0
0
0
0
0
1
0
4
0
0
462
16
26
0
0
0
0
4
0
0
0
4
4
0
1
0
46
8
0
194
0
0
1
0
2
0
0
0
0
0
0
0
1335
0
0
0
45
0
52
52
122
0
0
7195
0
3
0
64
8
0
0
0
0
0
0
0
0
0
238
0
0
0
4
0
0
1
0
0
0
0
0
0
0
89
0
3
0
6
2
1779
5
18
0
0
0
0
0
0
0
1704
512
185
102
4
0
0
96
0
118
28
197
391
14
328
324
285
0
260
28
0
21
0
0
10
1
0
196
0
0
0
0
29
26
369
0
296
2
89
0
0
0
0
12
59
0
0
0
0
62
9
38
8
79
0
0
19
13
0
0
0
0
0
0
4
0
4
0
0
0
0
0
161
21
0
0
0
1154
0
0
1
1978
149
0
180
0
0
0
0
1
317
0
0
656
8
0
412
0
0
76
15
0
0
0
0
0
207
0
0
5
5
1
0
349
134
0
0
0
0
0
5
0
0
7
23
11
0
0
51
0
0
0
7
464
0
0
279
7
0
0
131
0
2
105
0
0
35
0
0
0
0
172
0
0
0
40
1
0
4
7
0
0
19
2
0
0
0
0
33
0
35
0
0
0
0
514
0
540
0
0
3
0
0
0
0
0
192
700
0
0
0
6
0
84
0
0
0
26
54
3
0
0
173
2
0
235
46
0
0
0
0
0
882
2
0
0
413
0
0
9
26
0
70
924
0
1
0
0
0
0
0
0
0
0
0
130
40
0
0
0
2
0
0
0
0
0
0
703
0
53
2
27
0
0
0
0
0
0
0
0
0
0
0
0
1
0
0
0
0
0
0
278
0
57
0
0
0
60
0
0
0
749
0
1456
1
532
0
0
0
0
0
15
0
10
0
0
0
1
0
0
11
0
0
0
0
538
22
0
0
192
0
0
0
0
0
0
0
3
0
0
70
0
208
34
0
2
0
21
0
49
0
0
1
70
4
0
0
0
0
0
0
0
0
0
0
0
0
0
0
3
1
7
159
15
0
0
0
0
5
0
0
0
781
0
0
0
9
17
0
6
0
0
0
0
0
39
3
0
0
0
0
1047
80
0
200
0
0
0
0
0
0
4
0
18
361
5
82
0
0
1
422
480
0
1
156
0
2
0
0
0
1
783
2
5
0
0
7
733
0
241
2
0
9
0
413
0
0
0
0
0
170
0
0
0
0
0
0
15
0
1
0
243
95
0
0
0
985
0
12
145
0
758
3
0
0
0
0
0
2
30
0
0
0
0
0
0
0
0
0
110
0
48
0
17
505
0
667
0
16
0
0
0
20
0
0
4818
0
0
0
0
1
0
0
0
0
28
0
0
4
0
1
301
0
165
0
0
19
0
361
151
0
277
0
1
411
0
2
0
0
0
0
2366
0
0
2
0
1
0
1712
23
0
24
0
0
0
0
0
0
67
3
37
0
7
2
0
158
4
0
75
0
0
1
0
0
0
0
0
25
213
1
0
0
0
0
0
0
0
0
11
60
0
0
0
3
252
0
0
0
1
0
245
0
0
0
0
0
0
0
0
0
0
0
1
0
4
408
2555
108
0
0
0
0
195
0
2
3
0
0
0
0
0
0
89
0
177
19
0
0
51
0
0
0
0
1279
0
0
131
0
0
3
43
0
0
32
0
12
0
7
629
177
2
4
0
21
0
46
0
31
0
31
0
166
0
484
0
3
254
1
215
154
35
0
0
0
153
0
0
181
34
0
231
1
0
0
10
0
401
0
0
0
0
1
555
1047
587
11
0
2
0
0
0
427
113
119
0
277
9
0
5
7
46
0
0
20
0
10
16
41
0
4
49
5
0
0
0
177
12
70
458
35
96
115
0
3
7
33
0
75
0
0
68
0
15
0
0
99
0
0
7
0
0
19
0
33
1920
0
0
1518
0
0
57
1718
0
20
67
0
0
0
3
2
0
0
0
0
0
0
1
24
32
3625
250
0
541
5
136
528
15
0
47
0
0
0
1
0
63
17
56
10
0
0
31
289
253
0
0
676
2
18
0
63
0
40
103
123
14
0
38
0
165
0
0
0
0
49
0
19
32
197
48
0
16
135
11
134
263
76
0
0
141
1615
3540
0
0
18863
107
163
0
4
1
0
138
235
0
26
15
303
0
1
0
267
0
113
0
1
1680
7
63
1488
3
1
7
657
0
4
32
108
70
129
630
0
2
341
115
12
0
96
23
0
93
691
0
3
5
176
0
0
0
0
0
0
14
0
0
4
342
15
388
45
194
598
0
25
95
0
37
1
764
1
152
10
126
0
4
0
53
0
1059
367
2024
0
0
106
105
0
135
116
0
0
0
33
0
712
1
71
0
47
316
5
0
0
3
171
0
0
0
353
0
110
0
0
9
0
29
44
0
256
0
522
24
0
100
17
0
662
1
764
0
176
0
3
1
9
194
170
12
0
0
650
0
467
0
0
181
115
19
0
0
127
128
0
162
0
6
0
144
49
0
0
1967
0
0
445
8
88
25
156
0
7
18
14
10
173
0
82
79
3
156
654
167
30
3
618
63
0
484
7
0
260
0
1
28
18
0
0
86
48
753
29
12
0
0
0
442
116
322
150
306
5
23
0
0
0
61
411
23
0
1
34
30
0
15
28
238
674
0
3
211
0
124
13
38
22
0
0
13
13
226
0
0
70
2
4
106
21
0
26
0
193
27
24
0
0
23
27
402
0
0
0
0
6
13
20
270
15
0
0
2
1
0
0
99
1536
2
0
0
0
50
624
47
91
1673
259
26
3
0
34
38
0
197
14
135
86
26
33
7
0
13
296
28
0
28
10
1
332
0
3998
0
53
28
0
0
52
0
0
0
27
0
9
180
16
0
152
0
3
15
1
22
273
0
0
34
325
0
0
16
37
0
0
212
528
0
0
6
0
1
0
859
18
8
0
6
0
0
0
100
31
252
0
37
0
1
13
2717
0
0
1
10
524
8
0
0
0
8
161
0
141
97
2
0
676
715
0
0
21
1
0
1
20
0
1238
71
830
641
0
3
0
745
0
0
0
18
5
0
114
0
0
72
0
0
11
189
129
147
118
83
0
1
0
0
142
0
0
281
34
0
90
0
0
0
445
380
774
284
2
249
15
4
782
0
1
0
28
0
302
153
78
14
451
11
0
216
0
1
38
0
761
0
7
36
193
45
214
10
0
2500
1
0
0
19
2
0
990
0
198
274
402
0
129
0
77
9
2
60
7
44
3313
0
0
0
510
0
196
6
149
0
18
74
0
89
0
4
0
0
0
1042
0
69
0
0
0
2
66
178
548
0
11
0
0
0
0
1
0
0
695
491
1
0
13
0
0
83
0
0
9
0
0
0
52
8
302
122
0
15
1
15
116
150
12
0
0
72
1
0
7
1
1880
16
0
0
210
1
0
270
0
102
0
2284
173
0
13
0
0
349
0
0
0
38
31
69
0
0
201
88
27
1
127
130
1
0
0
2123
14
5
64
199
3
34
2
48
0
67
6
0
0
0
94
113
0
314
150
0
15
0
0
0
148
486
0
87
0
0
82
214
35
0
143
1
145
156
54
0
4
10
0
5
2
0
0
0
1731
21
8
0
0
0
0
1581
92
178
79
0
0
20
18
19
137
2
0
0
2
0
0
0
551
0
0
19
16
37
120
611
3
0
153
0
1475
7
287
0
69
0
96
17
144
0
123
30
103
2
4
0
800
141
30
0
461
346
0
196
0
15
0
0
0
0
589
61
0
322
1
0
70
1
3
0
690
61
0
5
0
62
368
131
0
0
3
38
0
0
12
81
6
0
0
11
0
64
0
0
0
236
2
1
0
844
0
30
5
8
0
0
0
376
0
0
415
0
0
0
0
0
46
2
0
0
37
0
0
16
0
0
2
1
0
0
61
30
410
0
2
1
5
5
3
0
0
0
0
3
12
0
13
32
0
0
1
0
1
0
3
19
0
2
29
0
0
70
0
0
1
0
23
0
4
6
2
20
1
0
0
0
0
8
1118
0
0
0
1
15
11
48
13
0
0
86
122
0
777
111
0
114
5
128
0
123
7
7
134
1632
4
0
0
53
0
0
699
9
190
0
2
44
0
108
184
0
169
3
176
9
0
74
100
33
0
0
36
1294
27
7
31
25
0
1150
2
497
2199
0
0
77
55
0
8
12
342
16
12
30
476
16
100
22
2
147
185
412
4
0
0
471
1
0
0
0
0
0
0
0
7
0
33
65
4
179
12
32
0
0
76
24
49
0
0
6
450
1
59
0
20
9
0
12
333
0
80
3
0
0
1
597
0
0
458
0
2
112
0
0
60
10
1125
0
637
2
69
406
21
0
0
0
0
0
1594
0
0
2
4
550
2
0
965
302
4
0
59
3
11
166
36
12
21
139
0
5
253
9
2
0
0
0
0
37
69
0
113
126
0
0
261
1358
18
1220
0
8
0
598
5
125
0
1
25
16
5
4
0
0
0
15
0
47
22
142
0
362
42
334
556
200
429
0
0
973
0
0
0
2
189
443
7
0
0
5
0
0
0
0
0
0
0
0
0
15
18
52
67
77
0
2
0
110
0
0
0
0
1
0
113
3
78
0
5
0
1
2
0
18
218
4
0
0
2
0
1247
144
0
0
0
0
100
0
7
0
398
0
0
48
419
0
733
13
0
12
0
67
0
29
5
0
0
0
10
31
43
0
2
45
8
1
143
0
71
0
6
0
1
412
1
0
30
0
0
33
0
77
44
480
0
0
0
43
422
1
22
0
0
2
0
68
0
0
182
0
0
2
0
0
124
0
6
93
160
80
0
55
125
128
2
3
4
451
21
119
0
0
0
0
6
42
53
575
0
0
0
0
31
0
0
0
0
0
0
1
0
178
36
0
6
30
138
2
19
0
1
5
1
147
0
156
0
147
51
0
3
4
0
0
0
0
23
0
0
11
58
61
0
2
36
212
5
9
0
49
1
0
0
0
1
0
0
28
0
7
2
0
4
0
31
1
2
6
0
0
33
0
22
0
13
0
124
16
0
350
2
1
40
1
7
3
8
0
0
0
3
1
6
0
9
50
0
0
0
43
120
81
174
0
0
24
0
18
0
1331
0
80
83
917
2
0
1421
238
0
0
0
695
0
0
1
44
0
0
1
23
0
96
1
23
509
32
444
0
10
2562
75
0
13
0
27
26
0
4
459
1
853
0
0
335
0
48
0
2
290
0
0
49
0
264
5
4
17
94
3
6
0
0
457
129
5
0
190
1
209
3
82
17
179
1
5
0
0
0
0
0
253
1
0
249
337
3
0
510
0
1
3
3
1
0
0
354
3
372
10
135
582
11
156
0
157
0
26
748
0
0
31
26
2
0
180
0
45
1
4
3
628
0
3885
0
537
35
0
468
0
0
198
0
187
563
0
3
147
347
85
50
1
0
1
25
152
0
0
0
20
213
4
0
0
0
6
370
0
52
951
72
623
48
18
761
36
16
14
156
646
0
0
446
425
106
0
344
229
41
2
0
4
0
1132
1273
356
15
234
0
8
9
0
2
470
1
27
0
258
67
0
25
4
13
399
89
24
123
0
0
87
4
0
0
0
179
0
66
278
25
1
0
0
37
262
0
23
1
3
411
0
537
46
8
0
0
911
0
158
644
5
0
87
351
131
280
69
3
6
0
470
0
1040
30
0
0
0
1
1165
0
926
89
1679
39
300
237
339
0
145
4
0
0
0
9
69
131
102
0
21
20
7
383
0
0
408
19
0
0
83
137
57
132
0
0
11
2017
0
2
8
4
11
0
246
146
0
26
129
0
124
14
0
0
2
62
216
0
0
0
0
150
0
12
11
18
0
359
0
4
0
0
0
0
12
0
53
0
22
0
114
0
79
0
5
84
12
8
51
35
103
0
1
0
0
93
141
22
626
23
0
0
164
1
15
0
267
172
0
0
130
31
0
159
95
145
4
114
0
0
1
4
1
6
91
439
31
14
0
136
379
0
64
0
17
9
215
197
342
399
1593
0
114
251
1
0
0
35
60
0
217
0
71
210
88
0
40
0
63
469
776
341
0
809
1140
0
1
0
0
219
0
0
2
128
4
0
0
0
0
0
6
0
3
61
1899
99
84
17
14
1696
5
1805
0
0
159
0
5
5
0
0
392
19
4
216
1774
0
44
1
0
141
331
1
2
13
0
0
30
0
45
0
81
5
164
14
0
8
490
94
0
0
105
14
0
1
0
0
89
0
5
0
0
0
801
438
38
212
56
0
2
0
0
24
27
454
7
260
240
0
123
72
56
52
0
51
0
0
0
12
0
307
37
17
9
28
19
53
0
0
0
0
0
0
33
64
576
0
0
0
0
0
0
0
0
50
3
34
0
377
4
122
65
0
3
72
1354
23
74
24
0
1
2
2
40
11
5
0
871
0
567
180
5
2
155
57
42
25
10
1
114
23
129
235
0
0
0
645
0
0
0
0
103
3
26
87
0
0
11
0
164
24
0
539
0
1509
3
91
237
13
1
560
1
0
0
116
0
0
0
0
85
0
533
58
0
159
11
1
36
441
190
28
3
0
2
31
0
0
0
25
211
1
0
3
8
44
0
0
181
114
11
0
43
0
27
0
3
2
0
1012
0
16
0
0
0
11
0
23
0
455
0
0
145
4
166
0
6
0
194
0
50
5
23
56
2
1178
75
3
10
0
0
0
2
3
57
266
27
0
17
0
0
12
147
0
13
17
0
0
18
0
96
455
2243
27
244
0
8
16
0
53
0
9
6
1874
0
41
143
0
1761
0
0
1
93
0
119
41
0
16
0
1
84
19
0
5
6
32
0
0
0
23
0
0
0
0
407
270
8
824
177
0
706
1
0
0
58
160
4
12
67
0
50
4
52
217
205
1042
0
0
10
4
4
929
124
13
177
1577
41
92
0
1498
246
9
0
0
632
66
886
0
0
4
0
70
0
1192
13
218
186
0
4
305
81
0
10
97
1046
5
1
35
27
0
9
350
13
22
0
4
0
463
59
0
0
58
2
4
1
0
0
31
4
3
174
65
40
0
646
0
0
135
61
0
10
0
5
0
654
2
596
0
38
0
316
16
211
1
64
0
0
0
3
0
0
0
0
11
40
0
1026
2
47
0
5
90
47
0
17
6
185
32
55
31
0
0
0
182
363
0
0
44
0
6
0
0
0
1018
0
82
681
0
25
54
330
0
0
0
0
184
4
20
0
11
0
0
0
0
0
6
47
113
23
0
18
11
2
2
0
5
75
3
0
0
55
86
64
0
0
89
0
0
0
54
0
3
40
11
12
141
0
2
0
451
0
0
0
0
5
89
31
2
0
259
39
198
2
434
44
17
23
10
46
141
3
0
2
0
260
91
27
99
286
2
36
212
0
0
0
0
101
0
21
33
0
0
541
1
46
19
12
5
51
125
0
753
0
253
18
0
2997
13
230
0
518
0
0
654
193
3
0
29
130
0
25
0
0
211
65
2454
35
0
0
0
0
6
687
1585
35
94
15
511
3
277
106
0
0
597
0
35
10
9
368
76
245
68
144
13
4
54
691
17
0
0
0
0
2
250
0
38
38
0
25
1
153
35
283
173
3
50
0
124
2
238
2044
91
0
293
116
31
21
0
50
11
265
13
0
5
5
0
0
0
262
0
5
0
1
79
5
0
0
27
0
180
0
18
1
376
0
282
0
638
0
0
10
13
4
3
3
260
3227
70
125
53
557
0
575
9
232
1477
0
189
0
40
64
62
1
39
0
27
0
1
3
33
313
11
5
0
0
0
211
44
112
0
34
1031
1196
7
0
0
0
54
224
0
73
1
360
179
113
35
254
17
19
0
0
586
0
0
0
0
56
0
0
0
53
0
0
23
588
0
0
2
199
455
218
13
246
20
1310
0
102
2
0
13
63
12
5
4
32
203
25
0
0
341
0
790
4
23
0
0
2009
0
0
24
7
0
8
0
103
196
112
0
26
0
4
59
98
0
1765
1665
0
577
93
0
0
0
80
506
56
0
0
0
59
12
1520
10
216
37
0
110
0
377
14
21
296
1
12
0
5
1077
0
21
0
0
15
1709
44
21
190
0
0
2
0
1
0
111
226
0
17
103
2
0
0
4
186
0
11
69
85
425
0
0
2
6
4
966
121
1
73
23
0
20
0
1
0
474
65
5
345
0
628
39
8
257
185
0
0
11
227
0
162
0
3
0
0
390
2
0
23
0
0
0
0
8
18
102
38
458
0
0
0
76
0
0
2
261
0
0
1
1
0
2
289
0
0
0
0
24
1
0
0
0
755
6
13
0
62
0
0
3
622
0
0
811
0
0
0
338
27
520
19
0
0
51
112
40
0
72
702
0
0
0
55
0
1
11
5
2335
0
14
70
58
0
0
0
32
1
142
26
78
239
582
0
0
322
296
0
1
0
37
185
2
95
0
55
185
4
66
8
0
15
4
8
0
186
0
0
0
0
98
63
29
161
0
142
961
19
0
205
0
89
0
323
46
158
0
0
95
649
0
65
0
0
0
263
0
0
0
22
282
3
0
62
102
412
30
15
1
222
0
43
418
155
3
0
0
135
98
666
44
0
41
5
13
0
0
8
0
0
0
0
3
133
9
0
0
0
414
60
0
16
3
1
0
405
19
2
2
0
227
944
57
1455
0
0
2
0
0
212
0
0
31
13
644
0
0
21
0
0
0
189
329
0
0
912
0
1
0
3
3
0
19
3
3
10
1
0
16
57
0
102
96
0
22
0
0
2
334
1
227
635
0
85
0
38
8
20
0
107
0
47
44
0
263
8
0
26
0
3
52
123
2
0
108
0
0
0
175
0
7
0
1112
141
32
313
0
0
0
4
198
61
29
109
2
0
1
6
1
0
198
310
0
742
9
84
0
12
3
0
122
166
11
0
4
191
13
21
0
46
284
98
0
222
137
0
0
11
3
148
920
323
0
9
451
0
444
0
0
0
4
282
13
428
0
0
0
0
0
0
40
0
0
0
148
0
0
0
49
5
0
164
0
0
0
2667
0
26
278
0
116
0
0
0
0
61
0
18
2
90
57
433
0
283
0
108
0
0
0
0
0
0
42
0
10
0
27
0
0
0
18
0
243
158
1034
0
16
35
157
20
985
0
14
1
0
0
214
0
139
0
0
249
0
54
2
0
2
2
355
239
84
55
60
24
0
0
14
0
23
0
0
95
172
20
0
4
3
8
65
38
18
95
4
202
0
23
105
0
4247
0
158
1
0
699
0
90
30
401
0
7
0
15
35
2131
124
7
23
0
0
0
0
0
50
227
80
1
256
132
111
0
271
113
53
51
0
7261
3
31
1
188
327
166
2256
0
164
66
7
34
95
0
423
6
0
255
56
0
173
57
2
213
0
0
2
620
0
29
42
30
76
17
1
2
0
5
0
0
100
65
103
0
664
0
2
0
0
60
286
11
24
2187
0
3586
2
0
106
2
2
1
24
0
0
0
250
340
8
0
42
226
776
0
59
206
164
0
206
0
0
2869
20
0
0
0
0
3
0
0
120
0
0
84
1492
16
255
32
0
509
534
767
103
68
0
104
448
0
0
12
43
791
0
0
446
32
0
0
0
0
0
168
9
622
0
7
24
0
9
5
1989
181
0
0
0
3
374
13
2
0
49
0
0
0
28
168
1010
24
178
351
0
0
0
121
0
1
0
5
0
141
0
0
215
174
71
0
507
591
73
98
9
3334
14
0
0
2
1695
0
0
0
19
1
0
0
0
8
75
17
0
3
0
459
2
0
97
968
0
719
7
19
10
0
0
2
54
19
23
0
7
0
0
13
0
4
0
182
106
40
0
133
418
0
0
184
59
0
206
192
8
0
13
0
0
0
0
174
708
0
0
9
227
23
0
362
0
3315
71
0
0
293
0
1
66
26
0
84
22
44
1027
96
0
0
14
0
1
0
0
97
6
0
166
0
2
3
157
0
71
5
0
6
0
61
8
74
39
0
0
128
0
26
0
0
0
12
2561
15
7
5
35
0
201
0
0
74
14
32
21
596
0
0
48
24
56
175
0
112
11
0
3
619
82
91
28
0
10
0
0
0
1
17
5
53
1
10
0
0
29
173
430
34
0
0
75
218
238
2
179
7
43
5
0
77
0
0
9
0
0
0
13
24
0
82
15
0
0
0
0
0
315
0
239
6
0
0
102
5
241
14
968
73
116
3
0
88
2
0
0
0
0
56
0
33
10
0
0
1
34
553
0
0
0
0
507
0
0
86
0
428
178
0
428
0
8
1741
0
85
5
0
1
5
0
3
3
17
4
0
1
198
942
117
102
562
0
22
86
435
17
838
78
7
13
178
240
41
1483
1
26
26
0
0
0
20
268
416
9
503
243
0
4
0
199
0
0
0
20
12
1607
30
0
2
25
555
87
8
8
0
2
2
124
0
457
389
33
41
208
0
127
0
10
2
5
833
417
990
0
312
0
91
74
133
0
0
8
0
1
0
607
0
183
117
0
8
1837
40
122
85
216
10
1
22
19
2080
1
1
0
67
0
102
949
85
1
59
1
265
8
29
0
380
289
18
0
2
139
324
0
7
0
62
34
1
0
25
0
0
0
0
0
245
0
1812
0
0
23
1891
0
32
2
0
12
0
92
0
1
3
504
15
0
267
138
119
96
0
3744
216
20
0
0
0
64
0
0
43
0
0
0
62
43
0
308
0
5
28
10
0
159
0
839
12
55
424
121
735
0
216
0
106
0
325
26
311
0
0
0
0
12
393
33
0
3
783
30
237
0
400
160
239
64
32
0
2
10
0
12
0
0
0
113
0
0
322
0
13
126
543
26
0
0
4
33
4
0
0
65
350
9
0
468
135
192
0
0
0
185
0
0
61
232
0
0
0
241
0
0
25
1
0
111
6
0
0
23
4
441
0
88
3
0
11
0
0
65
0
31
0
78
188
3
0
394
0
182
0
192
8
0
25
10
130
239
243
0
0
1
63
0
0
42
0
560
116
3399
0
26
21
60
100
31
0
1
0
82
21
2
0
2
0
0
2
0
0
270
99
0
4689
1446
0
0
0
0
413
0
77
0
652
76
0
0
1130
316
0
0
12
238
7
0
0
35
12
1
253
661
0
2110
0
0
280
532
117
40
0
0
0
491
1195
0
52
0
230
0
0
0
2321
379
0
2
0
775
79
7
250
0
0
2
0
11
72
386
0
219
0
0
1
0
0
0
83
31
0
39
4
43
0
0
106
30
11
0
200
1
49
0
82
4
5
745
4
0
2
38
25
4
198
2124
3
74
45
9
271
22
2
0
47
0
19
513
0
10
2
0
0
6
105
170
306
0
0
93
193
150
25
0
131
116
270
8
0
520
51
15
0
22
16
73
192
0
104
4
19
3758
540
143
0
148
2
394
141
0
0
218
276
13
13
20
8
0
0
0
0
2
11
0
24
624
234
68
0
0
1
0
38
7
1487
1
0
0
0
0
0
54
1345
1
12
23
0
82
0
0
286
217
1
2
0
0
45
340
24
55
10
68
3
0
69
0
0
34
0
6
105
13
0
0
790
10
0
2
0
479
0
10
165
0
0
79
22
177
0
9
0
125
0
40
0
0
0
1
381
0
0
168
33
31
1
480
0
19
0
172
19
7
2
18
2
6
842
26
0
5
9
0
32
0
0
297
19
77
211
0
3260
18
11
111
0
13
0
0
161
14
34
0
63
0
0
80
475
8
71
17
16
173
46
0
2
144
0
0
0
254
1304
0
12
158
72
209
0
1
0
0
50
0
1623
0
34
0
6
381
79
31
212
7
43
0
42
1
0
18
0
0
0
205
164
4
8
1578
0
0
0
0
29
194
8
0
249
0
10
62
156
296
1
135
0
24
377
43
196
0
0
1
32
0
0
0
260
17
317
500
0
14
0
3
38
16
63
0
0
150
47
169
1
0
63
30
706
0
0
88
0
13
0
0
259
10
203
5
0
0
0
24
3
474
327
0
5
12
133
364
93
0
0
2
96
0
23
3
763
18
196
0
110
2
0
0
5
0
478
248
14
0
37
0
0
281
0
0
60
0
0
0
4
0
271
0
0
8
7
0
1158
268
6
581
0
0
0
719
0
4
0
87
1
0
21
2
26
2
245
488
4
0
1284
0
0
5
30
272
0
118
22
0
0
0
0
470
48
6
4
0
12
0
0
0
3
0
102
19
0
0
0
0
0
4
5308
0
8
2
1010
1
37
0
0
965
107
39
3842
92
0
1384
0
3
12
49
85
0
310
0
294
0
0
338
1
86
0
0
9
457
54
0
0
23
151
426
366
31
0
0
168
3
0
0
28
2
20
0
19
0
6
90
13
140
59
0
0
1
26
105
49
1470
2
20
0
64
0
893
78
64
13
846
0
134
15
0
120
272
3
0
12
65
54
64
0
0
0
0
51
505
22
12
28
17
1140
12
3
355
12
209
22
0
514
0
27
0
12
441
11
34
8
320
0
38
5649
8
3
0
108
0
115
131
4
165
140
689
417
0
0
75
0
2
21
303
29
14
0
5
214
8
0
31
2
2
0
0
0
0
4071
0
0
0
583
0
38
0
64
1346
0
0
13
1
18
1
0
12
83
105
374
0
2
290
227
117
242
216
31
0
50
0
70
612
0
134
0
43
963
0
50
21
0
1
224
3
228
54
4
0
36
0
7
0
0
0
358
0
0
105
220
0
5
0
137
0
91
7
59
0
0
655
0
271
2
721
198
0
31
387
0
73
23
3
0
242
0
55
83
813
2
0
0
7
8
278
0
5
0
298
1
0
0
5
368
0
1723
0
15
57
0
0
0
122
0
33
0
97
0
0
107
0
21
0
6813
3
13
8
0
0
0
113
0
0
0
63
0
1
0
3
550
2
331
41
105
0
0
162
27
0
0
0
0
9
0
283
82
0
0
233
0
0
316
0
266
0
0
125
0
0
53
129
0
242
5
9
0
0
0
0
0
143
0
10
0
0
205
5
0
1092
0
0
4
34
36
4
0
0
240
4
5
0
21
5
0
0
11
217
0
37
116
0
124
0
0
652
2091
0
0
0
0
507
0
118
12
33
0
0
5
0
333
31
11
9
1
179
0
4
131
45
43
8
0
26
0
6
103
8
0
143
688
5
198
0
1
13
76
0
7
0
2
141
2
124
1
51
0
0
0
4
550
0
100
0
0
0
117
0
0
17
26
0
332
47
0
74
0
0
41
6
0
98
71
0
0
9
0
6
18
71
0
0
0
42
0
1147
0
15
1
184
0
71
28
455
0
1
25
0
615
14
5
35
0
0
3
10
675
0
0
11
0
10
148
35
234
70
0
0
252
0
12
1
690
1927
1579
0
9
25
320
121
1
6
0
72
44
41
2
162
119
1239
113
340
232
1015
315
0
0
18
1
45
135
0
168
0
10
38
0
3044
0
3
3
13
71
0
0
378
0
46
1
8
0
0
0
246
0
21
0
0
0
6
28
2
0
245
5
104
0
364
8
0
7
5
103
0
9
0
18
63
0
432
183
0
15
1524
22
27
3
0
0
0
365
3
0
0
12
4
4
0
0
89
580
321
0
0
0
0
101
0
0
0
0
0
0
29
20
3
0
0
306
8
0
1
5
391
884
363
795
1
5
130
0
0
0
62
1164
144
12
0
43
0
0
8
87
0
0
0
0
0
3
0
0
0
2
0
1
4594
1
64
47
2
33
10
524
358
717
0
0
0
348
0
27
84
1
0
0
58
136
17
0
2
59
0
352
85
11
2
24
3
0
103
7
0
8
0
9
1
0
21
886
75
18
188
43
25
128
1020
2
28
0
0
12
2
281
21
702
1241
0
4
26
12
233
0
9
0
72
114
27
254
15
257
1
0
78
5
1342
1
0
0
1
5
0
29
4
38
39
0
53
0
259
283
40
248
0
44
13
52
77
2907
609
0
0
238
9
47
0
1046
0
0
1680
2
0
9
0
0
1
8
0
410
0
1
394
0
0
0
10
13
7
22
0
0
203
0
83
117
5
1
0
851
41
3696
4
76
0
240
305
0
0
153
44
4
20
0
0
60
2
93
0
0
434
5317
13
50
91
744
0
11
2804
0
0
603
296
0
230
30
2191
4
2
0
340
6
133
0
0
580
0
31
0
0
0
2342
748
30
2
135
7
449
1305
10
1
1990
0
0
6
2
59
2
0
734
0
0
39
276
185
0
537
9
434
5
17
4
0
75
0
632
211
143
0
0
10
0
733
0
0
861
335
0
0
34
7
114
0
654
77
79
213
0
0
1193
435
65
82
0
0
218
335
238
0
0
131
159
0
3
0
0
98
0
10
3
1135
125
0
0
3
5
7
349
80
0
184
9
0
30
149
0
61
520
0
0
46
48
40
3
69
0
293
19
29
0
212
4
0
0
107
170
0
867
81
0
3
208
85
64
54
25
23
1
115
2
22
30
1
9
0
0
0
0
2
0
1984
611
33
3
0
0
0
904
62
42
44
25
4
673
0
0
0
0
249
127
220
16
0
104
296
162
0
39
58
0
6
0
0
0
0
49
323
118
0
14
120
9
72
0
0
6
9
66
1627
0
0
0
14
50
0
39
0
1
13
11
0
305
2383
838
0
357
0
15
0
6
0
2
0
649
17
523
87
318
0
214
0
572
0
630
0
3
34
31
55
262
535
496
898
0
572
0
37
0
15
143
30
415
43
184
24
31
1
0
38
22
40
100
29
0
213
74
0
685
22
10
510
51
667
130
680
32
541
28
0
0
0
0
11
40
883
0
30
376
0
259
0
0
37
188
200
0
0
0
0
10
0
50
75
1249
0
7
269
507
0
794
100
0
262
1856
74
25
147
8
0
485
4
1959
86
34
94
82
0
0
0
0
6
0
0
3
22
0
0
0
59
0
23
0
0
20
102
0
0
0
23
0
53
0
0
469
2
0
2
472
18
0
2
113
576
0
124
0
475
69
33
32
552
302
10
43
0
0
0
49
311
31
0
5
0
6
1
0
0
0
0
111
136
9
0
2477
0
3
0
57
8
152
0
0
156
0
153
76
40
0
0
0
485
25
0
19
0
0
193
247
0
0
102
0
301
0
281
2
959
987
5
0
9
422
3
22
96
0
361
230
13
530
51
0
0
0
0
60
163
395
0
11
1
0
99
0
1669
31
0
0
50
0
0
0
0
177
432
12
963
130
1179
40
52
175
498
938
5
2
27
5
15
108
0
330
5
0
0
0
8
2
10
4
0
0
10
0
0
1
151
88
0
0
0
37
12
32
20
98
15
0
0
197
15
774
8
50
17
207
0
68
329
2
94
23
302
0
485
95
401
0
125
76
0
0
4
12
132
4
118
11
26
17
109
263
1
631
1173
186
0
0
261
13
0
203
0
60
0
56
0
0
0
0
53
15
7
0
470
381
16
5
440
5
0
235
223
0
0
0
44
0
41
14
0
2296
115
0
71
98
16
1
0
80
14
307
278
10
4
134
17
99
1
0
54
0
0
0
42
1
0
0
62
15
0
27
0
28
9
155
155
0
3
17
0
1371
59
0
0
160
0
0
5
36
805
95
0
0
290
11
0
0
0
407
569
22
0
242
0
2
19
18
41
42
0
548
274
154
0
0
14
21
0
13
68
77
25
0
0
28
0
0
2412
0
0
32
14
739
66
3
2
1
4334
1147
163
48
0
3
0
0
81
0
4
92
117
435
826
1
791
2
308
0
0
0
0
124
0
0
0
0
0
34
0
97
3
668
4
29
0
90
0
183
5
230
0
0
3
894
141
0
0
0
0
0
21
19
2
87
0
144
1
183
230
8
1
0
0
0
7
45
5
214
518
0
0
0
1772
1
0
3
6
112
0
17
1
17
81
0
0
148
0
0
26
0
57
809
0
39
404
7
0
0
87
0
0
0
50
0
0
166
0
2
0
0
245
0
16
3
0
0
7
0
794
0
0
3
0
575
0
181
20
0
103
110
0
0
216
0
9
5
0
340
0
0
107
0
0
22
22
0
11
0
2285
3
10
0
0
117
0
270
44
4
4
88
10
8
37
45
2
0
0
5
344
101
0
0
0
0
123
49
54
16
0
265
215
1352
0
0
0
103
39
2
249
592
0
2
245
30
0
0
1
961
6
6
76
31
1
51
0
6
0
0
6
2
40
12
8
0
412
227
424
56
0
158
0
1722
0
2
0
3
142
22
1457
43
0
3
33
355
0
0
147
4
12
0
10
45
194
14
61
5
0
87
554
0
0
581
14
874
0
0
1
0
108
6
444
1
28
24
0
0
0
1463
430
1
56
175
10
111
811
488
74
95
12
0
1
1
0
221
0
116
63
200
14
330
127
114
0
0
0
0
0
14
30
17
0
0
259
0
44
174
0
739
0
0
195
197
14
799
1592
12
8
4
92
0
635
0
1
0
426
0
0
58
1
1
1036
2
35
42
0
1033
0
0
0
1386
68
229
298
203
4
318
357
0
360
38
2
58
154
18
73
0
0
14
0
0
750
3
3
1
0
0
0
0
213
14
0
37
47
61
24
461
25
2
0
0
555
138
54
6
2906
0
0
117
0
7
0
77
3
38
0
8
8
0
18
487
15
68
179
80
0
0
16
3
0
109
289
0
840
0
0
2
7
5
0
1
26
691
0
6
29
46
0
13
0
146
35
64
24
1
3
320
0
264
272
0
0
174
306
6
0
3075
17
12
1
65
0
473
0
0
1
0
1831
0
0
0
0
215
0
8
13
0
0
36
0
239
73
0
308
92
15
0
9
130
0
64
3
0
51
0
0
0
265
0
43
30
1
248
55
148
211
15
13
173
0
5
771
2
15
0
0
0
376
23
0
120
0
69
56
13
190
0
22
66
96
104
0
401
1
0
237
0
2
0
478
47
0
87
57
0
0
5
432
3
303
0
0
8
0
53
0
0
15
0
38
198
0
19
0
0
48
27
1011
123
0
0
0
118
19
75
0
88
53
0
0
42
4
0
0
2
8
0
4
28
0
0
0
0
884
1
2
36
4
0
0
1
79
288
2189
0
0
94
24
13
41
336
102
0
28
66
39
16
0
13
0
11
66
293
5
0
29
0
0
0
18
17
0
0
0
11
1
0
0
16
7
100
124
0
85
152
13
1
0
80
7
0
89
0
0
233
0
2
122
0
863
0
48
8
0
10
0
0
0
3
0
3
2
0
7
6665
22
157
0
1
0
43
79
100
2366
0
5
34
0
0
126
76
0
1142
11
119
8
0
81
0
0
190
0
0
6
0
3
143
2
745
1
0
1597
24
0
1638
0
0
209
209
28
0
0
707
0
198
983
1
4
2
1405
82
52
0
172
14
0
0
7
0
79
2584
319
0
1140
0
110
73
0
0
42
0
134
208
19
0
178
66
202
11
8
1121
165
4
0
230
402
0
71
0
0
0
130
75
104
44
38
4
8
0
3
5
0
3
0
0
97
0
491
0
113
0
12
1
71
1899
0
152
3
43
21
0
6
95
9
11
10
124
0
0
0
1
0
173
0
2
2
0
8
58
8
49
688
0
0
0
0
0
0
274
2
1
0
15
0
266
0
0
0
4
0
44
48
0
0
4
273
146
0
0
0
0
21
0
0
67
54
0
73
4
320
58
0
21
0
0
334
0
0
14
0
5
0
59
1
76
0
0
0
19
54
105
0
6
1
1
22
0
175
0
77
76
72
800
3
0
0
0
8
0
8
0
0
0
60
41
0
0
0
113
0
45
0
93
130
5
14
34
2
0
10
25
0
7
0
0
0
0
27
3
97
0
0
677
93
158
29
66
0
210
73
2
213
28
128
125
57
4
0
10
17
0
6
1145
8
0
148
0
2
0
160
59
0
0
89
0
0
0
42
0
0
2
159
0
0
1
2
0
9
259
0
581
25
0
31
435
0
5
5
77
0
46
1
0
0
0
76
95
2
0
379
10
1
0
0
0
1
0
0
161
6
0
0
0
3
17
364
0
0
0
5
4
0
49
615
25
0
0
0
0
0
0
13
19
58
0
42
50
36
0
0
90
72
0
0
0
0
0
0
45
0
1
0
84
0
0
0
968
0
125
4
2
60
0
0
0
4
141
192
0
0
0
0
17
61
0
31
6
5
317
21
110
2
17
22
297
662
1
1
0
11
177
9
20
0
1719
0
0
0
1
89
0
28
0
5
172
0
223
12
3
0
8
0
444
6
15
583
18
0
0
46
0
11
64
115
0
0
14
0
559
14
0
0
3
0
10
0
2
4
40
231
0
0
35
6
1
124
0
4
150
0
0
0
136
3224
0
0
0
0
44
0
21
0
40
91
15
1336
0
8
0
10
252
80
12
29
39
2572
376
0
0
0
0
39
167
0
1
26
0
214
4
822
4
40
1
0
1
454
129
0
69
155
6
0
545
199
52
0
138
0
27
0
0
24
11
3
0
532
18
0
0
24
1
22
87
25
0
1
0
197
215
23
0
1
36
0
106
0
5
3
25
106
0
0
0
0
10
0
0
0
613
0
33
0
19
2
0
0
0
2
42
96
0
0
1
51
3
60
143
2
347
182
2
0
11
0
22
0
10
48
0
0
1
1470
6
0
334
0
0
118
0
2
27
83
16
0
216
11
228
1
46
5
10
41
126
0
0
0
0
0
15
4
4
3
3
22
85
6
0
0
0
0
17
280
115
0
0
0
143
84
0
51
121
221
78
0
23
30
80
0
9
105
19
821
0
120
1
0
0
0
0
12
1
20
5
82
1
0
3
0
44
213
2
203
0
81
736
111
0
10
3
0
11
164
2
0
0
120
0
55
0
89
0
99
0
0
0
371
39
134
0
0
0
372
0
48
0
12
19
94
0
61
0
712
0
10
8
0
0
47
0
51
481
1
0
0
118
16
32
287
1
0
0
8
0
0
17
75
828
263
15
0
71
87
50
395
0
4
0
0
0
760
0
97
0
289
0
76
130
0
0
0
26
360
84
24
8
26
0
23
2071
2
89
18
0
23
32
12
43
0
0
0
1233
6
0
286
62
0
867
5
3
14
0
72
51
376
61
0
282
0
0
0
3
586
8
45
0
72
6
3
0
0
0
1
94
68
3
18
84
0
0
42
697
0
0
133
2
1
0
9
0
1
202
0
810
0
3
10
0
23
32
0
1
186
11
801
103
46
274
3
74
0
645
0
0
342
38
0
0
2
185
0
5
7
199
1
34
0
5
0
244
0
0
11
0
0
135
1
0
6
105
105
3
181
29
0
13
0
1
44
0
127
38
269
0
1
13
699
0
8
4
0
270
33
0
0
1177
117
27
3
0
0
9
0
0
305
0
3
0
102
0
6
0
17
0
0
111
0
7
1
414
0
0
16
0
2
5188
2
78
0
0
0
0
141
200
46
0
446
10
152
1
2
103
0
0
85
18
99
0
1
37
846
325
34
0
2519
0
125
104
0
26
0
4
9
249
59
32
143
0
3
3
79
0
0
74
2
0
0
13
36
14
0
570
13
147
0
324
84
29
160
578
75
0
2
27
0
2
1301
22
165
71
0
0
13
4
26
0
1
35
65
128
278
0
41
4
0
102
22
9
9
0
419
10
584
0
20
0
21
0
59
51
130
0
184
48
0
34
8
0
0
0
39
154
86
7
30
0
43
20
0
0
2
516
0
9
26
0
0
391
0
525
1062
0
0
876
11
0
153
9
11
221
0
116
0
15
145
0
0
102
0
32
32
0
9
23
3
423
10
0
0
37
88
1
0
0
1
0
146
129
4
0
17
229
279
1
45
862
222
3
0
0
212
73
0
0
85
67
227
1
0
0
35
4
1273
584
0
0
13
0
145
0
4
0
0
0
75
14
0
4
0
1
0
29
554
2
0
17
0
11
0
121
0
0
78
0
9
0
158
8
0
0
97
0
410
345
72
384
63
0
184
4
0
37
0
15
1
0
35
0
0
2
0
1
2
1441
0
0
0
17
1061
0
486
7
17
0
0
36
27
78
66
54
0
138
8
5
0
12
212
74
17
16
0
19
9
3
0
1
489
217
100
55
1192
430
2
12
0
0
0
167
32
0
177
650
448
112
4
12
62
559
5
26
8
270
0
204
0
381
99
154
0
12
0
6
478
3
74
69
146
21
322
61
44
2
15
1
11
0
0
17
125
133
1
4
199
0
0
0
244
0
25
147
1342
59
2
363
0
2
28
1
193
2
0
0
2
189
0
2
0
7
69
9
19
0
0
0
125
0
98
5
3
0
17
47
2
17
0
94
0
3
0
4428
74
1
0
0
36
118
159
37
603
1
0
1017
0
2
610
0
0
0
3
620
81
0
4
1717
73
2
0
0
5
0
17
2025
2
0
19
14
0
910
0
0
3
1371
77
177
0
99
4
758
0
36
4
0
0
0
16
1
4
0
1
133
33
0
1161
0
0
0
7
0
0
861
2
6
0
0
85
0
1
116
337
0
106
16
17
20
174
895
49
0
0
1838
53
0
367
1868
0
436
528
13
2
2
0
3
17
190
0
0
0
0
0
1
0
0
0
18
12
23
0
1
35
0
765
24
0
66
0
91
44
1
0
463
0
0
14
0
12
1
0
28
618
260
0
9
71
69
32
13477
138
17
69
1027
542
3
19
36
0
69
0
0
82
0
823
1706
0
4
0
23
165
141
179
261
10
1
0
0
551
166
0
1
53
0
2
17
782
28
89
4
0
0
175
0
25
605
73
0
40
0
0
25
331
0
13
139
398
2
3
760
260
0
0
1722
0
0
104
0
9
0
0
8
0
1
1
202
21
276
0
292
175
0
0
32
175
157
3
70
2
0
68
0
716
47
328
13
0
6
0
0
12
0
1
0
74
2011
605
438
0
26
11
0
100
0
19
0
4
16
256
99
0
18
118
9
280
0
3
62
0
2
0
4
0
403
82
44
13
0
513
4
1
0
45
6
79
384
2
6
49
1
1
100
0
41
0
0
1
6
0
45
85
0
248
0
0
0
14
0
73
17
625
0
38
742
8
0
0
82
0
26
444
28
0
0
0
0
76
14
31
32
1
2
3288
71
0
0
0
0
970
0
0
2
249
0
19
9
71
1
0
0
371
0
0
4
1
0
76
0
20
0
264
71
0
818
82
0
267
0
40
1
0
465
0
0
2003
83
0
0
0
40
198
0
24
9
0
508
1
77
3
9
0
12
0
0
11
0
10
53
1
4
24
0
45
2
0
409
3
1
2
0
7
2
0
1
0
0
0
1
0
5
0
98
13
76
132
0
0
82
0
133
0
0
0
16
0
5
0
0
223
1
82
44
10
2
39
0
188
0
0
134
0
377
0
359
1104
0
8
20
0
0
84
0
81
2
0
3
136
2
279
0
2
26
23
261
73
731
214
2
27
0
293
283
0
0
104
11
4
3
376
1
0
90
10
501
66
400
0
1859
48
221
0
0
388
0
107
172
11
0
0
0
191
30
77
1
0
2
117
1
0
0
261
0
0
0
0
333
178
140
135
81
5
4
1
40
1
0
0
12
0
38
284
0
99
0
0
0
545
5
10
0
286
0
153
0
4
32
346
0
9
0
20
0
23
51
83
0
234
0
111
0
0
0
0
48
2
173
0
94
0
25
0
0
0
0
0
0
0
0
309
23
78
0
0
65
24
1
9
2
0
0
27
12
346
586
2
80
6
320
2
79
0
17
874
34
6
73
5
487
30
0
195
1159
39
986
0
292
28
0
6
0
9
14
1
0
5569
0
485
0
71
2
98
0
121
255
112
0
82
694
0
468
0
0
0
114
0
0
7
16
0
0
72
0
47
0
1515
4
0
35
0
11
107
0
0
431
14
22
0
39
17
0
1134
0
0
80
166
0
351
0
3
0
0
51
1368
679
0
0
0
0
119
0
6
2
655
351
19
2
67
0
41
14
0
232
0
164
185
0
0
0
75
436
0
0
0
0
44
0
15
1
0
0
0
0
0
36
0
0
17
49
12
0
3
2
0
0
0
61
0
0
0
0
27
84
112
1355
84
22
349
0
0
2
0
0
0
0
1
23
0
171
2
1
0
2
0
0
0
4
8
0
403
0
1
0
1
20
7
22
6
571
367
121
16
31
48
0
4
3
0
184
1
9
0
1
15
0
0
25
0
0
2438
1
0
0
0
1
46
0
278
56
7
492
0
0
25
0
536
6
0
0
0
0
38
79
0
173
234
371
480
0
0
0
0
0
10
139
0
169
329
0
38
0
39
846
0
12
22
53
11
54
206
23
107
2869
741
0
0
5
52
0
0
10
174
1568
14
0
1
1014
2
0
0
1
16
58
254
457
859
355
5
0
29
0
654
0
0
80
472
0
0
4
116
568
2
538
174
2
434
7
0
5
284
62
149
57
0
225
48
127
0
361
370
1239
0
0
14
0
19
0
0
211
7
0
13
39
358
0
21
193
113
13
0
0
326
4
42
0
0
0
12
520
0
0
0
0
0
0
0
0
84
88
235
221
216
0
63
0
0
74
351
136
56
2
113
20
0
2
42
176
2
287
19
0
79
0
0
80
0
8
0
0
0
0
102
0
0
0
23
0
0
443
2
1181
0
0
2
0
37
0
0
3
323
0
2
0
2
0
0
331
0
0
0
0
90
25
0
10
48
0
0
223
0
48
0
201
6
0
0
22
113
49
189
663
0
0
170
0
0
6
178
15
0
296
0
72
0
0
0
0
194
175
212
917
1
0
3
48
127
10
35
0
5
68
0
34
0
72
1
360
0
0
170
0
0
55
0
106
187
0
238
0
0
233
0
534
12
12
423
4
861
1368
1
0
41
0
0
0
4
589
0
171
2001
190
21
47
139
1
11
0
14
14
0
0
11
132
197
83
84
2
211
749
15
13
0
2062
1
0
4
250
0
117
98
337
0
39
5
134
279
0
0
729
8
18
0
2
1349
2
0
349
4
357
102
0
97
1
37
122
776
7
2
12
419
0
0
0
0
0
1
333
4
1886
6
0
1139
0
0
21
6
121
56
76
619
0
0
26
70
2
0
0
42
0
79
15
0
0
102
0
7
31
0
531
589
0
182
12
64
0
5
0
20
0
58
0
0
0
0
130
0
303
0
11
0
395
0
0
2
0
85
1
1055
0
76
91
85
0
0
2
22
0
0
0
1
457
0
49
0
35
124
0
13
10
39
0
3
0
0
79
7
34
85
0
638
92
231
0
0
273
19
25
100
0
1047
66
0
0
49
11
0
206
24
74
8
0
0
14
486
181
98
14
1667
11
0
120
18
3
0
59
16
652
296
180
904
541
0
28
32
0
551
101
1
1
0
74
285
4
2
191
223
0
214
0
1138
0
0
29
0
0
322
79
997
0
79
0
32
6
98
0
3
10
431
82
17
67
104
47
3
0
0
129
12
0
44
0
89
601
0
205
0
37
0
795
349
63
14
86
0
154
0
77
0
2
11
7
0
2
42
46
4
617
108
0
0
131
57
18
0
0
0
86
238
0
74
0
25
0
1551
38
35
1
0
0
0
49
29
0
35
51
152
0
0
0
1805
0
20
153
0
361
0
31
5
3
0
118
0
69
0
92
22
652
44
0
0
0
558
0
23
1036
0
7
0
0
0
0
17
0
14
57
10
0
2
3
9
23
0
0
53
2
0
114
35
133
504
15
0
0
45
12
0
742
158
14
79
279
0
0
33
69
0
0
42
415
4
575
0
44
531
87
0
16
141
184
481
3
19
0
137
106
0
80
99
373
13
1
19
0
2
0
0
1
5
2
6
323
145
174
4
269
5
185
0
265
209
0
23
0
71
148
340
323
0
0
34
369
139
3
0
347
19
0
0
0
0
727
0
0
35
1570
0
0
0
9
33
0
882
0
5
0
52
94
28
0
79
181
0
1
382
0
0
0
161
0
5
1
2
71
0
2
47
1
0
65
0
27
161
0
11
5
5
0
0
244
0
2
401
256
1
1
5
20
29
0
19
833
0
294
44
61
491
2
307
45
0
5597
31
71
0
0
0
0
103
17
7
84
34
0
61
0
3
0
53
10
16
25
49
398
397
3310
136
7
932
0
5
0
521
26
2
9
413
0
28
157
4
99
28
0
3
110
101
0
0
0
344
0
26
203
2619
2
0
0
0
0
4
29
75
0
1
360
158
0
0
1
0
39
6
33
0
0
457
239
0
0
496
89
0
0
20
0
0
37
1
0
47
2
27
0
95
126
305
3
0
0
0
9
64
0
0
187
0
166
0
0
1
0
0
4
1
16
0
79
11
243
216
16
0
802
29
0
0
21
0
8
0
5
385
25
0
0
11
0
4
1148
412
0
178
266
0
197
0
164
8
107
29
83
0
99
6
0
0
0
95
0
0
35
111
0
13
0
103
351
3
15
0
0
8
11
0
0
3
0
118
1
0
97
186
0
0
0
0
24
0
1857
63
0
329
83
50
0
0
37
94
23
0
0
216
38
2
0
16
4
0
0
0
127
5
7
52
0
8
20
0
0
2
0
72
58
25
0
0
0
0
500
0
0
494
101
0
11
0
88
39
0
0
105
6
37
24
0
4
0
0
203
0
0
0
0
6
703
0
0
2
0
0
0
43
374
5
201
13
6
23
40
0
0
393
180
0
15
0
87
964
2
724
5
23
22
0
0
0
45
0
490
0
0
1222
0
0
2
4
150
163
0
0
0
0
36
0
53
2
179
270
53
12
314
7
261
0
0
1630
0
9
0
1
0
40
71
709
0
0
105
0
10
0
30
0
0
0
6
1
0
0
5
16
1
102
1
269
62
232
0
133
21
0
24
0
0
345
0
0
207
11
0
1
1
19
1
0
2
0
0
82
0
49
1
149
16
39
0
22
6
0
12
0
1
1
114
804
0
0
0
7
0
0
18
14
2
36
157
0
66
0
7
72
0
475
0
18
0
93
0
0
0
70
7
0
0
0
0
22
0
0
1
4
12
0
1
28
0
34
0
71
0
2
0
0
0
17
323
0
458
124
0
0
0
0
3066
82
40
37
0
1
113
1055
5
0
0
0
4
55
7
12
5503
2
29
0
452
0
1447
25
583
335
0
79
19
25
131
0
1
59
79
31
485
111
0
8
0
0
1306
3
0
0
122
0
1
0
0
3
0
0
1
7
1
0
0
0
3
7
63
138
0
191
296
1238
118
31
0
115
14
0
15
2
0
0
0
0
0
47
0
31
0
40
0
19
0
0
64
86
0
0
2
0
0
1
0
5
61
92
424
0
265
164
25
0
47
2
0
0
2
0
335
19
28
0
0
0
1
33
0
13
15
185
0
112
0
66
283
0
69
59
55
91
1
0
2
0
0
0
0
0
5
0
0
3
152
19
0
0
7
0
4
467
0
0
140
60
0
34
0
57
457
9
17
161
390
427
1
43
0
0
0
30
8
89
315
0
0
22
518
0
0
0
0
0
11
0
0
883
3
18
12
230
0
2
1
13
249
0
13
317
165
302
161
0
81
0
0
1
8
56
81
4
3
70
3735
417
0
0
71
10
86
11
1
1056
0
18
0
4014
0
3
62
357
59
6
622
0
46
809
0
0
0
11
0
0
87
21
0
0
41
5
0
3
0
132
59
510
67
3
0
0
0
0
16
1398
10
0
0
23
23
0
19
175
5
0
13
0
0
1
1
22
0
599
0
0
13
0
46
7
0
496
0
1
0
0
0
16
0
0
0
0
67
119
25
144
6
59
2
78
33
8
115
0
116
483
0
0
5
21
703
7
41
11
156
108
1241
0
0
0
0
0
8
99
0
0
16
4
159
4
253
0
58
0
21
56
1
0
102
18
1
8
3
16
3
30
185
1
535
5
1098
3
4
134
0
57
0
0
27
0
0
275
39
3
138
24
4
1688
9
0
0
428
0
2
15
76
0
40
57
0
0
852
2
105
1
21
13
8
20
150
122
230
0
303
0
268
205
267
1
3
46
53
309
0
0
0
1056
0
47
0
6
36
771
0
42
0
187
2
438
0
381
5
21
55
3
0
3336
0
18
1
2025
6
0
3
0
0
0
2
8
90
13
0
0
71
2
25
138
0
39
1178
99
2
88
174
50
0
1
0
48
2068
13
0
1034
0
2
8
0
0
0
33
339
0
1
9
0
2
25
28
0
53
0
0
13
90
567
57
0
500
424
0
260
28
0
46
262
83
0
0
116
25
484
36
0
146
0
495
120
0
23
9
0
3133
21
25
11
0
2
0
0
44
12
242
0
0
199
21
51
0
0
53
238
0
10
90
33
0
0
0
0
0
211
174
0
1068
1
13
3
0
0
127
10
3
259
0
166
51
491
373
0
0
0
6
154
187
9
68
0
164
0
0
23
24
238
0
0
49
0
0
65
3
0
0
23
0
0
116
0
0
0
0
11
39
115
0
7
6
2
151
0
241
0
263
31
11
189
15
0
252
1
0
0
0
2
1422
0
19
0
0
13
315
0
147
0
3
5
7
1
0
9
0
1
0
0
23
0
12
1
55
0
0
12
56
0
21
314
0
2628
171
0
5
0
282
0
61
346
0
0
4
28
0
0
3
0
0
32
0
7
0
0
0
0
132
1
3
6
0
869
0
78
0
248
255
0
0
0
183
2166
176
0
0
39
11
17
2
36
16
0
0
33
0
63
0
281
59
133
0
17
4
0
1
2
340
0
6
8
0
4
1
2
1
12
53
39
48
10
19
141
0
48
1
134
5
90
0
0
1
127
0
0
664
0
0
0
40
259
82
0
0
0
1297
37
18
3
330
67
0
155
26
38
22
10
591
72
0
0
8
27
0
77
75
0
2
2
277
9
2
2
35
8
0
0
0
175
118
432
0
16
0
35
9
1
0
1421
0
162
2633
111
0
0
150
1121
0
13
25
0
48
0
272
2065
13
777
0
903
181
0
79
7
242
109
24
9
12
4
6
28
3
32
0
0
0
1
142
79
84
10
108
188
315
21
0
46
6
51
15
453
0
5
41
167
2
0
0
21
404
0
0
0
0
0
30
1
0
7
0
0
0
0
0
0
0
58
0
0
0
0
0
0
21
40
13
788
0
64
0
0
5
1
42
0
3
1318
6
0
0
0
7
63
3
0
676
0
7
238
0
149
33
0
45
24
9
13
0
93
15
0
0
271
199
0
319
201
546
0
20
0
0
0
42
0
0
0
0
0
0
20
0
447
182
0
1868
0
1
0
0
0
65
39
5
36
213
0
0
2
23
101
0
32
26
1
0
0
0
0
0
119
688
324
146
0
22
1392
417
16
0
0
252
63
0
90
199
0
82
15
2
104
0
487
3
7
0
0
0
187
239
62
44
0
4
3
0
44
53
4
0
0
1
190
5
0
7
0
3
1
0
4
3
0
4
30
2
6
0
1
4
3
0
0
58
0
0
0
194
4
7
31
0
0
260
81
11
34
64
4
0
3
0
8
10
4
0
626
5
3
8
12
0
54
1
10
0
15
1
0
10
21
6
0
241
0
8
21
0
11
124
0
0
3
0
5
0
8
65
0
0
7
0
27
7
0
1
0
103
9
4
160
3
0
369
0
993
117
88
0
0
85
0
128
0
0
4
207
4
253
32
30
0
0
0
0
62
0
0
0
0
4
1
53
0
28
0
1
0
35
22
0
0
43
13
31
5
0
91
25
9
32
189
0
0
0
0
2
1
542
0
92
193
0
0
75
120
0
129
4
63
20
0
0
0
127
0
1
4
11
0
2036
0
104
2
0
0
0
0
0
0
59
0
46
8
33
2
36
0
0
0
28
467
40
0
2
2
20
64
0
86
1025
0
77
65
33
0
0
4
0
0
76
0
20
56
0
62
117
0
24
0
2
0
0
0
46
65
0
1
46
179
0
8
0
784
57
52
0
0
22
1
0
3327
7
255
7
22
0
4
17
126
6
25
1
0
0
0
0
276
8719
0
1
0
26
153
110
0
3
3
8
2
0
11
2
2
85
17
7
7
0
4
242
14
2
34
0
37
31
7
7
0
12
34
122
0
2
13
8
633
0
64
810
4184
16
187
12
0
146
16
373
0
2
31
0
27
214
278
154
18
0
0
3696
20
2
89
10
8
1
0
0
1
76
0
71
42
0
1
2
3480
0
5
75
172
0
20
0
438
7
0
1
15
0
0
0
7
197
1
0
0
30
0
2733
0
5
818
0
84
79
0
686
383
9
3
5
0
0
72
0
89
6
20
67
13
376
0
0
16
0
0
12
0
28
233
0
24
562
0
9
0
65
0
0
21
32
0
33
0
0
1
1
95
0
0
7
0
0
396
68
1
79
0
344
281
202
0
1
0
38
85
0
3
17
1
24
2
0
12
5
4
9
0
0
76
0
0
1
17
35
0
28
42
50
0
6
3
0
34
13
5
0
13
0
60
0
0
0
7
103
0
0
6
1
39
11
302
0
4
0
0
378
77
66
19
0
177
10
33
179
91
2
0
2
18
155
16
12
15
1
2646
694
2
0
55
40
32
76
0
6
0
0
1
0
70
1
0
0
0
0
0
0
194
3
161
9
27
135
0
0
0
305
0
0
17
0
51
9
14
0
29
0
0
2
79
70
0
211
0
121
0
361
127
10
0
0
0
0
0
68
0
0
19
0
0
0
0
0
0
0
0
0
0
14
19
0
440
202
29
0
0
155
0
21
3
0
105
182
15
0
118
0
250
0
267
84
2
83
0
86
2
4
61
39
11
4
208
1036
0
517
6
0
0
0
535
91
9
55
2
44
2
0
0
6
1824
0
1
186
0
111
0
63
0
15
0
140
0
690
0
4
0
9
0
359
237
0
126
0
0
21
43
1
0
1352
0
0
11
103
55
13
547
197
269
995
981
26
0
4
21
38
24
0
0
0
88
2
58
0
0
1
16
78
0
2
0
0
0
0
35
1181
203
0
112
11
1
42
953
60
38
2
4
60
29
0
0
18
441
2
0
4
0
1
0
174
0
0
118
1
25
545
4
0
135
325
0
639
8
37
4
82
0
1010
32
0
23
105
4
118
0
54
0
0
0
77
22
0
248
175
0
955
2
66
0
164
169
0
517
129
4
0
690
0
27
0
112
0
0
4
14
5
275
193
61
463
8
402
17
1
595
177
0
0
0
14
149
1514
3
232
43
1
31
0
0
0
175
0
28
0
0
7
144
1
21
0
337
0
33
0
59
0
0
0
0
0
1
28
29
0
346
880
0
94
336
0
107
0
0
2
0
12
16
41
72
1962
66
0
40
20
383
0
0
0
0
0
154
1021
9
0
22
185
77
0
90
0
14
14
11
57
0
21
2978
2
0
0
0
2
442
0
0
0
13
0
0
0
0
356
0
67
97
1
64
0
13
18
3239
3
28
0
0
64
1
1
379
0
0
231
2
3
0
1
0
0
221
88
0
0
0
124
10
0
0
17
2
494
0
0
0
0
0
0
4
91
0
0
0
990
3092
0
2
15
0
124
0
426
20
199
16
0
63
417
0
571
257
1
93
0
1
2648
23
0
168
0
0
6
0
696
3
277
1873
0
0
0
0
1
2
49
5
87
7411
261
0
7
0
0
2
0
54
0
51
16
68
120
939
2563
0
0
131
0
14
0
408
566
2
40
0
0
34
0
16
0
11
2
109
15
0
84
18
0
0
8
157
0
0
0
8
0
3
16
388
0
59
31
0
9
48
0
1
1
0
1367
8
172
25
0
4
0
0
0
1325
100
338
97
0
10
1407
704
0
1
1175
0
0
0
19
0
7
0
96
82
31
51
0
365
2
0
19
18
371
69
46
36
0
1
0
2
37
0
175
32
0
4
0
0
2
0
0
4377
7
19
206
37
47
0
0
209
151
20
0
0
2
0
1
104
127
0
0
11
1
9
9
0
404
115
0
0
136
895
108
7
76
0
2
18
1
3
3
5
90
0
0
14
10
0
295
3
10
71
119
219
0
0
41
122
137
40
0
0
10
0
830
513
2429
0
0
9
76
24
24
0
0
833
2
0
5
0
0
0
0
0
0
10
3
6
0
68
0
50
17
0
39
0
232
648
0
0
0
0
3
0
1
0
160
413
99
3
3
0
124
0
37
661
63
39
0
25
26
0
10
7
0
0
0
0
11
0
46
0
8
223
0
59
87
0
0
0
0
3
1
0
5
172
7
0
0
0
0
0
0
2
101
17
119
504
1
0
242
1542
0
2
20
3
590
3
13
36
253
0
165
0
3
0
312
10
0
0
3
0
4
51
194
2
91
69
205
0
0
48
157
56
1
38
1325
0
148
5
193
786
114
0
34
8
0
0
963
695
0
0
243
2
77
0
0
22
0
0
0
736
15
133
668
24
57
163
0
65
76
170
0
0
48
0
30
0
0
2266
0
52
30
0
144
36
5
3
3
54
0
192
0
57
0
247
167
144
0
66
0
1
0
0
5
0
557
15
2
1
0
0
0
38
0
392
0
0
0
6
0
0
21
18
0
31
6
183
85
3
141
12
99
58
0
156
39
0
137
38
234
2
916
0
172
0
24
80
0
0
195
1
821
123
190
65
20
0
0
0
0
0
29
0
0
1
59
0
421
188
0
0
401
0
1
0
5
0
9
0
8
0
1
5
0
19
0
213
8
153
0
0
0
4
157
0
2
0
56
2
318
53
0
0
209
0
0
0
0
0
0
54
0
68
0
90
692
0
403
0
58
2
12
3
133
1069
93
64
119
84
72
49
60
0
62
0
281
0
371
41
0
170
0
318
201
3
138
0
134
0
0
371
159
32
0
62
16
0
185
86
0
0
0
0
0
125
0
133
0
58
146
0
0
561
382
0
0
279
0
23
0
82
0
1
160
81
31
2280
519
56
94
0
0
3
0
6
1
183
0
41
89
123
492
0
30
142
70
0
29
46
0
0
149
73
1
43
119
0
8
0
0
5
25
0
0
21
117
63
0
738
1273
755
25
222
1125
0
70
3
19
455
36
42
108
74
0
125
0
0
37
156
0
0
4
192
129
3
2
0
425
7
2968
101
42
239
67
0
0
1015
189
72
8
1
2
53
56
0
119
15
1
96
195
4
160
47
0
0
0
27
851
212
145
0
0
846
0
0
0
6
0
14
787
0
0
0
0
16
29
1
0
195
2
0
0
591
15
0
12
86
38
838
162
0
0
0
0
16
30
0
0
0
0
3
0
45
0
0
111
6
0
1
99
0
57
0
9
0
0
150
2
23
0
86
0
250
100
0
95
0
1
30
46
909
15
56
1
99
75
0
0
2
46
3
14
0
380
90
0
67
12
0
0
59
0
50
819
0
0
0
0
0
0
21
4583
26
0
118
0
137
11
8
0
1
23
11
0
0
1
185
29
51
1
270
89
45
0
672
0
1
1
23
34
954
168
3
0
0
9
8
1489
0
0
18
1347
76
0
0
4
2
0
1
6
136
92
0
35
0
0
66
0
32
0
2
49
157
0
5
17
15
12
314
100
2
426
86
0
0
127
0
6
0
87
0
634
1
2
3
5
16
3
0
667
0
0
581
9
0
0
53
0
0
0
0
0
14
0
42
0
0
61
1226
0
0
1265
0
0
2962
40
370
119
18
1
10
0
1
244
0
176
59
0
58
2
0
21
1239
1090
2
0
13
3
4
26
1
96
2
0
0
0
668
420
95
214
15
1
173
82
0
0
6
8
0
0
196
2
96
3
12
0
283
4
0
7
0
6
0
0
0
47
3
0
49
2
9
0
0
1402
21
0
40
0
0
5
91
0
1
20
1
1
4
0
6
0
219
119
415
4
3
103
4
0
0
0
4
0
9
77
5
3
0
32
116
65
0
615
43
12
422
135
0
303
40
0
5
0
1
0
0
9
96
7
43
0
28
0
17
0
18
0
1
3
0
104
0
28
403
267
17
0
0
0
0
27
8
0
784
494
7
0
0
3
9
6
0
1
1207
11
0
260
81
0
108
0
0
105
0
289
257
0
0
75
0
0
0
0
0
0
188
9
0
30
54
0
19
6
0
104
0
197
0
3
37
47
95
22
0
0
202
75
1284
17
250
4
550
0
371
16
0
54
0
53
4
1163
669
0
5
45
51
0
0
920
1
0
226
22
14
0
35
0
0
0
62
0
0
15
100
504
0
0
94
158
123
2
73
0
0
0
3
0
0
3
18
179
19
9
0
9
28
2
0
4
0
629
3
0
45
138
360
33
48
58
83
0
99
54
75
27
6
39
204
40
3
68
0
70
406
24
388
0
0
20
3
9
147
22
0
8168
96
3
3050
122
0
0
66
202
0
307
0
0
1
105
0
0
0
2
177
0
1
0
20
0
95
5
0
0
234
0
0
240
10
47
0
29
0
0
16
0
14
0
294
3
0
34
0
10
23
0
127
0
50
76
0
3
0
216
0
663
69
56
401
69
39
0
7
2
2
132
0
0
6
17
77
0
20
421
0
0
149
5
933
6
140
0
33
537
8
1
0
3
92
1188
0
0
0
0
1
0
0
0
0
0
60
131
12
0
32
21
85
91
0
832
315
0
14
162
269
0
37
12
150
733
0
10
0
0
0
2
159
7
34
0
0
2
54
0
5
5
0
58
16
7
138
0
0
0
0
1
28
0
3
87
0
310
220
7
0
640
55
0
39
2
50
0
0
1
2
0
0
0
41
2
10
1
1354
453
0
0
818
0
20
170
775
55
1
13
124
1
0
0
0
0
72
449
5
77
4
90
33
0
488
52
15
7
5
0
16
1
15
1524
6
37
1590
2
0
2
0
0
1085
122
3
0
16
900
0
293
0
153
149
39
428
2
0
119
0
38
3
0
11
1109
0
0
119
31
0
40
4
69
19
0
36
0
29
0
20
470
713
11
0
0
144
10
0
165
42
12
0
0
0
0
0
8
246
0
145
6
0
511
36
0
0
0
216
3
9
37
165
15
0
0
23
0
768
0
2
0
240
8
0
0
0
207
0
470
0
3
146
0
0
0
0
0
881
0
0
2
3
58
0
28
0
0
3
1
40
10
0
2
0
0
2
432
164
0
10
1
0
74
0
1
0
0
196
122
374
6
40
114
0
0
58
4
236
242
0
0
121
60
104
43
435
9
679
0
451
181
2
0
0
3
0
26
32
56
60
0
122
0
2202
0
0
0
24
4
53
96
0
0
0
8
0
208
240
0
1
0
0
0
293
252
113
18
776
7
0
0
141
8
0
2
60
162
0
16
61
10
0
0
0
0
559
407
261
42
1584
0
5
63
181
37
3
0
70
361
71
6
0
0
1
0
15
641
0
706
0
0
41
434
11
135
0
0
7
12
94
0
2
27
0
3156
1
7
185
0
0
61
67
16
6
5
40
1
15
11
0
0
3
0
10
0
0
3
26
0
0
142
0
283
26
0
0
339
0
0
1
298
6
0
0
251
342
7
154
217
54
0
0
67
59
0
56
621
0
1
4
439
5
7
0
0
0
0
2
2328
46
81
58
289
6
0
0
0
3
0
471
1
104
0
231
3
2
131
0
132
0
44
6
0
0
0
5
0
0
0
0
0
26
8
10
0
1
0
11
51
0
17
16
0
0
0
5
0
0
27
0
29
459
0
1
0
388
1
0
4
0
0
13
0
10
52
72
1
1459
173
59
9
0
94
0
351
0
0
0
289
43
103
0
0
7
1
41
0
0
3
689
10
0
9
37
7
350
0
0
275
241
45
0
4
36
55
0
0
0
1144
83
0
0
19
0
0
1
0
0
443
0
74
1231
397
241
8
0
7
36
27
69
0
0
0
2841
155
538
322
7
0
86
71
121
23
36
0
0
16
148
353
0
0
116
793
0
116
699
0
0
0
85
0
0
285
299
246
184
44
0
0
44
747
45
0
8
148
2
0
9
0
145
179
1
0
53
61
2
1
22
0
222
3
15
242
107
18
0
226
0
0
18
50
25
0
2
442
0
155
0
31
487
0
0
82
0
0
341
0
2
0
8
192
0
280
1
51
0
0
0
5
1473
21
43
152
194
64
89
21
119
0
15
24
30
68
11
36
7
495
13
56
104
902
258
0
217
7
66
70
218
186
6
0
0
78
18
56
0
29
882
131
370
0
65
21
5
0
2
0
13
912
0
48
180
35
471
0
25
0
0
1
25
77
6
47
0
618
0
0
0
0
72
236
2
0
1
101
0
1
2
754
60
36
32
0
0
0
0
87
2
146
147
0
0
0
37
0
5
0
279
0
5
146
0
0
49
0
18
0
52
108
1
65
128
0
305
1
35
32
234
0
436
0
12
0
0
42
6
1
41
64
365
162
0
0
0
5
0
49
0
616
0
150
3
0
600
19
143
2
1
89
0
41
157
231
38
15
99
823
0
390
39
0
61
608
20
7
0
3
15
5
5
230
0
0
0
14
0
0
44
13
13
66
0
24
0
0
2
0
0
0
49
5
0
289
0
0
20
441
1
0
0
33
555
0
174
33
5
0
20
0
909
0
0
0
0
168
0
597
0
9
24
0
2232
0
0
68
71
0
0
2
0
149
166
107
111
15
0
0
45
36
0
1
1
5
1
0
240
0
0
0
32
0
3
1
11
21
0
0
136
9
3
7
0
3190
143
37
3
128
141
3
444
13
869
0
0
801
1401
318
286
39
0
0
0
32
0
843
0
0
0
82
0
0
1
12
0
0
0
38
0
1
0
0
44
0
5
716
0
0
0
0
0
2
305
17
2
156
38
23
0
0
0
0
107
5
494
0
0
0
0
0
0
0
373
41
0
0
241
16
256
0
54
845
144
0
0
105
0
29
0
9
16
0
0
165
110
0
0
43
1212
15
0
130
0
0
31
25
3
2
0
3
0
0
1
1
187
91
1
2
0
97
91
680
0
0
0
56
0
0
0
0
0
73
0
0
3
12
195
9
2
0
0
554
25
0
3
1293
0
0
152
0
85
9
0
114
19
0
0
0
0
20
439
0
0
0
6
13
4
0
12
263
296
0
6
0
4
0
0
133
0
0
1
55
0
0
0
6
0
11
0
0
9
16
0
0
0
24
0
0
0
36
2
114
0
0
0
0
0
18
6
0
126
0
0
0
155
0
0
239
2
7
25
0
0
10
0
122
35
13
0
185
21
68
0
0
76
1
81
47
0
2
35
400
0
10
2
12
338
0
61
25
0
5
0
8
4
78
265
422
0
0
0
1
0
0
0
16
6
0
112
0
22
0
0
0
3
0
0
4
1345
0
489
104
0
0
7
10
13
0
159
2
0
0
0
4
6
409
718
21
113
10
15
147
1
1
0
104
0
3
26
6
4
0
0
2
16
0
0
2
19
0
54
22
2
12
31
79
0
53
2
0
0
0
0
3
0
0
0
0
181
0
117
0
28
65
0
0
0
0
0
5
0
0
0
22
3
0
547
76
0
0
0
111
35
0
23
115
15
88
369
7
0
0
83
0
63
0
52
11
0
0
0
36
80
55
80
38
0
7
0
1
385
0
78
0
0
11
120
63
0
2951
316
3327
136
43
24
133
612
1310
0
0
0
20
4
1
5
5
0
0
52
75
175
0
38
32
28
258
199
0
0
453
0
34
0
128
0
1091
0
0
105
0
0
1254
459
14
75
34
2276
15
147
0
0
6
7
39
68
5
0
51
609
0
39
1900
0
92
0
1
0
0
1
1
0
13
6
2
202
0
1
51
9
18
0
0
0
130
146
4
3
0
0
0
14
0
35
552
11
1
0
0
38
373
0
132
9
264
65
0
61
3
5
23
0
0
1217
0
0
89
0
104
222
0
0
0
13
28
9
68
0
0
260
10
92
2
74
16
0
88
0
8
0
1
0
0
85
3
222
2
44
0
0
58
0
0
0
73
0
160
0
0
0
0
0
0
0
16
0
533
4
83
0
0
12
0
0
1
56
0
11
2
0
0
0
0
1
195
6
0
97
7
56
0
4373
1
0
117
0
116
3
18
12
0
3
37
58
0
0
101
0
18
0
2
0
0
41
80
0
7
0
6
28
0
0
234
8
7
283
0
0
132
30
19
5
0
30
16
0
0
69
0
2
0
0
2
117
19
211
7
0
85
8
10
0
0
8
4
2
0
0
2
1
0
1
0
141
0
1
0
20
252
145
12
0
0
19
1
20
2
22
0
0
65
0
0
37
0
82
340
545
4
238
0
479
66
0
416
133
151
0
0
0
695
1939
10
107
27
3
38
4
180
2
0
57
8
0
0
0
8
1
0
0
2
0
54
0
147
0
0
27
0
273
11
0
0
0
0
19
1941
156
307
0
225
238
1
2
18
0
5
17
281
0
4
1468
284
216
1821
0
159
250
0
39
0
0
0
0
0
0
43
0
0
0
18
27
2
380
0
1
17
34
7
0
7
15
0
0
0
0
51
269
0
74
181
15
31
0
91
13
1164
0
0
0
5
63
0
0
108
21
14
0
0
75
132
0
0
81
321
0
1357
989
0
93
114
0
156
2
989
0
0
2
0
470
296
2
0
0
972
245
0
0
63
53
16
7
0
4
12
0
157
329
0
0
0
84
0
50
0
0
106
0
177
9
0
40
226
0
0
0
8
0
25
22
0
74
217
0
202
3
236
0
3527
138
7
138
7
0
25
66
134
105
12
1
108
2335
84
104
2448
0
0
25
0
469
0
8
481
48
0
1
295
143
0
0
0
3
0
58
24
79
847
9
10
0
100
566
16
266
43
2
15
82
213
0
1689
3206
0
0
347
575
109
0
0
0
27
0
390
4
0
69
80
1
2
3
0
2
21
30
0
9
1985
1988
0
593
633
0
637
66
16
72
0
13
146
4
874
6
754
108
59
0
897
0
0
134
12
937
60
0
271
117
0
85
13
1738
25
554
29
45
3
17
154
98
669
43
142
0
25
0
88
0
0
0
0
0
0
59
0
8
2
28
0
0
24
3
0
11
0
0
0
90
122
7
4
0
203
0
0
519
4
0
0
7
598
0
0
2
12
155
0
0
0
70
0
0
6
929
25
284
0
0
1
0
0
0
80
15
8
0
11
0
16
41
106
0
16
6
234
10
132
4
0
3
0
1
0
10
0
37
142
0
45
74
0
1
54
0
235
0
32
39
198
3
7
0
117
0
0
3864
2
0
7
19
73
0
590
1521
95
159
76
2
391
4
10
112
74
632
0
180
0
0
54
18
0
30
54
161
4
42
0
0
8
0
0
29
4853
0
86
21
0
0
3
1
1
0
0
85
790
92
14
7
6
0
11
2
8
4
0
4051
107
82
114
0
89
0
39
290
0
14
0
1
0
0
0
51
43
63
147
367
76
167
46
0
8
165
913
0
3
3
3
1294
306
14
2
0
0
0
20
207
4420
61
3
466
0
11
0
850
64
0
0
0
115
281
0
11
0
0
16
31
34
0
722
362
5
0
0
0
179
7
0
30
74
0
0
24
555
388
0
2840
19
151
0
383
0
28
0
962
10
150
0
2
0
21
0
1
0
290
78
7
1
13
0
31
1024
37
0
3
1
0
1441
0
351
0
30
180
0
193
18
62
2689
10
391
40
110
0
34
174
0
0
0
616
376
0
0
0
129
2
0
0
76
23
0
0
0
1
44
12
4
12
8
0
0
1415
0
441
12
0
0
0
58
0
0
30
0
0
0
0
23
0
0
13
212
94
0
383
16
0
0
63
1
78
0
1
0
407
0
12
0
0
92
0
0
202
38
6
31
0
51
155
0
131
0
6
0
3
366
0
0
0
486
11
0
53
11
53
0
57
1266
0
0
0
149
124
1
40
0
17
0
21
0
15
0
0
11
71
34
0
0
0
0
0
20
0
2
8
3
0
362
0
46
1
43
12
2
5
0
2
0
80
1
60
0
0
8
30
9
72
0
0
0
1
104
0
17
24
0
9
0
0
33
6
0
1436
33
0
0
255
477
36
0
13
85
84
26
0
37
45
6
0
109
0
0
12
9
0
7
0
314
0
34
0
6
0
4
120
32
37
253
164
0
0
49
245
6
0
7
0
0
4
1102
96
0
489
5
208
0
0
29
8
0
1
0
0
1
5
0
0
0
0
605
19
7
0
0
95
0
0
16
0
319
0
73
51
1
2
9
78
50
143
0
290
12
184
0
0
12
85
44
1150
10
0
0
0
0
48
0
0
0
0
6
0
68
0
9
4
3
13
0
9
6
3
0
2
0
33
2
0
15
0
22
1
46
1
429
34
78
110
0
0
48
0
87
1
0
0
105
6
146
201
0
60
378
29
0
1
27
383
18
0
22
0
729
0
5
0
24
36
22
47
9
6
14
0
0
1
74
9
93
3
1
684
3
0
27
13
0
0
207
0
0
2
0
0
75
115
20
0
0
0
0
38
0
446
0
14
82
11
172
139
45
0
0
196
16
156
581
0
0
94
0
36
0
786
389
146
2
0
0
18
1
6
64
8
0
0
2
0
0
2
24
0
112
0
0
107
0
49
6
5
0
115
6
0
2
19
57
0
0
58
0
0
0
0
0
2
0
0
0
0
1502
71
267
2
6
1
15
0
55
0
0
26
521
1
18
0
277
38
60
3
0
191
1
27
18
1788
0
0
8
13
0
131
392
0
0
0
0
310
0
115
174
7
0
41
69
0
0
5
2
15
529
142
0
0
0
207
0
0
1
0
0
20
42
2
42
4
57
0
5
567
40
0
10
4
1
35
15
0
44
62
215
30
480
2
14
0
4
214
0
3
1
0
0
0
0
0
0
6437
160
1
1
1
386
2373
4
2
0
0
370
34
0
1102
31
0
0
694
2
0
22
8
3
0
301
1
5
0
0
2
0
0
3
0
0
377
0
0
5631
0
0
0
0
0
1
17
0
0
9
0
30
787
0
0
20
105
158
0
371
0
25
2
0
16
0
144
0
0
1
905
0
74
0
0
18
173
5
47
22
212
2
2
25
44
14
0
0
0
1
0
0
64
215
0
0
0
0
0
10
0
2
736
0
0
0
773
122
120
5
98
0
438
0
2
185
331
2
10
0
36
30
362
0
0
117
0
7
0
0
49
5
0
0
178
16
53
1
0
132
0
29
4
1
123
0
80
299
85
16
0
21
451
13
17
136
0
0
0
92
109
0
91
0
95
178
1
1
96
107
101
0
0
0
79
402
737
32
1407
0
40
0
1328
8
630
535
0
10
0
190
0
0
99
13
95
48
3
81
0
0
0
41
0
0
356
251
229
2
0
1350
13
36
0
105
175
220
742
0
0
0
2791
0
692
1
0
262
14
21
0
5
0
0
7
0
0
22
7157
43
78
0
1
107
3
209
1904
139
0
525
85
383
0
0
2
0
90
2
0
2
103
0
255
65
368
0
112
0
108
0
554
0
6
1
70
363
227
16
300
0
1
1
443
89
0
599
0
178
0
0
26
78
0
1
0
0
0
0
135
20
5
262
0
160
2
2
0
38
0
1
0
9
0
0
0
6
38
0
127
38
22
83
0
4
0
1618
266
16
595
1
0
151
0
57
228
0
58
502
9
381
64
9
8
104
0
0
399
0
0
662
9
0
246
74
6
0
0
1
583
0
84
22
196
327
138
0
2
0
17
3
158
0
55
1
128
20
7
0
1394
186
0
511
5
2
2
0
25
42
16
165
206
464
2
388
0
8
0
0
0
123
37
38
587
4
201
297
107
14
118
4
1
5
0
24
0
0
0
0
5
0
347
0
320
435
0
0
8
20
0
74
20
4
11
0
1
0
4
102
51
1515
0
14
0
0
919
5
0
2051
0
80
268
0
38
0
1
7
3
21
290
662
49
72
149
152
0
164
104
0
0
3
22
0
0
119
0
86
83
4302
0
11
371
373
32
0
123
0
0
9
0
148
277
156
51
105
23
30
5
0
47
37
39
58
221
4
69
22
0
0
3
2
320
48
91
0
2
1
0
0
0
4
6
112
15
66
0
0
0
2
0
62
3
1
14
18
4
480
43
0
0
0
0
269
0
2
578
266
8
128
0
16
568
87
0
0
86
0
0
4
0
4
0
189
626
53
59
0
614
0
0
6
82
0
839
27
88
0
6
0
18
0
56
7
19
181
33
0
18
2
1
765
214
132
0
39
0
0
17
82
3145
0
0
0
15
24
13
65
0
0
100
0
273
1030
445
0
41
777
1149
285
81
0
0
0
40
17
9
0
27
6
14
0
36
0
7
0
0
109
0
7
91
0
175
21
274
192
159
40
270
0
2930
71
3104
18
109
3
4
534
0
205
100
456
79
7
0
1
66
0
0
377
31
117
18
274
159
0
445
2
316
682
120
110
170
0
1
0
272
372
2
5
4
181
8
352
8
0
52
0
9
0
0
142
164
0
0
35
5
54
156
47
0
0
0
0
35
0
0
616
643
148
199
8
35
133
322
70
275
43
0
36
24
16
0
44
35
27
4
179
17
0
0
0
3
0
3
198
0
1297
826
117
0
783
196
21
5
232
2
0
0
1
0
0
0
9
23
0
0
133
21
0
303
4
0
416
176
423
0
0
0
549
566
315
84
0
521
251
9
222
35
25
0
17
755
57
440
7
0
1
214
105
77
183
34
270
3
0
0
0
9
0
0
8
78
0
20
8
0
0
0
215
2
0
8
8
40
2
59
21
18
0
0
5
126
0
76
69
43
0
0
0
4
97
0
2
6
0
129
6
3
0
4
661
595
483
41
2
11
6
584
0
0
8
150
24
0
27
9
0
0
4
50
37
142
86
8
0
22
17
54
0
241
128
27
0
14
0
95
10
0
0
35
54
0
825
4
0
87
25
3
0
108
7
45
216
67
837
0
0
4
21
28
428
0
654
0
851
87
5
172
0
696
0
159
30
231
475
0
802
681
2
0
0
0
0
2
0
183
74
10
78
98
0
32
0
55
6
0
0
31
174
195
365
70
639
862
515
0
5
28
0
70
75
0
3
0
5
21
19
0
3
1423
2
28
112
139
10
0
2
0
15
24
234
1
0
338
0
12
0
176
164
367
0
36
0
0
0
0
13
1
216
0
6
1
0
60
62
0
7
0
7
1494
0
241
1
0
4
0
2
0
0
0
163
269
1
5
533
4
62
137
94
0
38
0
1322
175
44
130
0
6
0
0
0
4
0
299
9
114
74
15
0
39
0
53
0
5
7
11
2
1
0
0
1
117
0
162
0
0
0
0
576
0
0
3
26
0
0
2
12
1
0
0
2317
249
239
2720
1403
0
4
0
181
4
0
0
127
267
18
348
0
0
1
0
340
43
55
5
389
57
19
424
9
2
213
287
58
38
0
0
2
0
0
0
0
0
0
91
2
0
0
0
0
0
0
37
86
63
248
62
0
2
1
2
0
0
252
221
0
0
0
0
0
0
150
110
0
0
0
0
16
0
1
8
11
0
3
0
0
0
11
18
72
68
3
0
0
0
0
1320
344
0
511
21
0
4
53
122
317
2039
16
31
4
1
0
0
73
0
22
4
0
0
0
0
0
234
14
0
0
0
0
0
0
0
32
235
0
64
82
0
0
0
2
24
36
0
0
605
0
0
0
49
109
452
17
36
22
71
0
0
17
0
0
58
29
0
1
125
3
0
12
0
0
0
80
0
22
9
0
0
0
2
4
0
0
330
42
547
0
0
0
0
2
0
0
2
0
0
0
0
19
0
0
0
0
0
4
0
0
0
0
32
7
265
0
0
0
0
2517
37
114
9
312
100
84
84
29
2446
5292
169
0
25
6
0
0
0
578
104
51
0
0
0
50
1
0
0
99
0
0
58
6
132
163
0
0
0
0
44
16
0
0
3
3315
1
100
0
0
0
0
16
48
0
4
52
0
3
0
0
233
138
0
0
0
0
185
31
9
6
8
0
0
0
0
0
0
0
0
0
69
12
0
0
568
709
157
331
1786
0
0
3
3
0
0
0
19
11
1
0
168
32
0
0
0
0
11
0
0
0
0
0
26
15
0
0
3
135
70
256
28
36
642
1
452
748
3
0
0
0
0
0
0
2
0
28
0
226
2
0
1
0
1
1
0
0
0
0
0
0
288
49
1098
2
2332
3275
188
0
0
27
12
0
141
0
0
0
553
116
0
0
253
479
103
25
4
5
12
158
0
0
0
0
0
0
1
0
0
0
0
0
0
0
0
0
0
0
1
0
47
2
0
19
70
0
1
0
165
0
0
406
1
2674
233
82
33
0
64
0
0
25
4
0
0
0
0
10
0
0
7
0
0
462
395
0
1043
8
48
0
0
0
0
0
2
0
0
0
975
643
0
0
38
5
0
0
0
0
32
47
0
0
0
3
24
134
0
0
9
0
4
0
0
0
0
0
0
0
0
71
0
0
0
0
0
0
0
0
0
0
0
0
0
1
0
0
0
0
0
0
0
0
0
0
0
0
0
0
