24_NIST_2
0
2
24
1594
27
215
2
0
0
0
0
276
12
399
0
0
407
1
0
54
596
83
0
4
0
525
0
32
5
3
39
0
0
98
1570
33
0
0
12
1
3
0
1
1
0
2144
0
162
0
258
0
62
0
516
0
8
528
65
0
1294
0
4
0
0
16
13
0
517
25
10
1269
587
37
4
25
0
1010
0
4
0
0
0
4
10
1173
0
13
179
24
18
407
0
838
0
0
903
6
0
81
0
16
0
2
490
76
1
5
0
0
450
0
0
22
0
2
0
0
195
182
751
16
0
0
86
39
783
625
0
1654
42
0
3
2
122
0
0
4
84
13
0
5
15
33
0
610
88
64
29
18
16
14
0
81
3
7
1011
0
2
6
554
3
0
0
0
91
36
15
262
0
0
0
1
67
0
0
83
44
0
0
100
500
432
0
182
81
158
180
5
101
0
0
283
34
36
0
87
0
0
9
31
31
3
0
15
27
0
0
64
12
12
0
2
15
0
0
3
78
3
0
17
321
0
9
163
0
0
0
168
5
76
0
0
36
357
150
0
679
12
0
0
0
0
8
529
0
13
99
812
3
4
91
206
24
0
292
15
3
0
0
25
116
525
4
2064
61
0
0
0
207
31
4
381
0
0
14
5
0
0
665
109
1094
45
0
1555
0
753
0
1
0
117
0
0
0
0
0
0
121
0
171
0
0
9
0
12
216
0
234
14
4074
0
0
0
0
0
0
102
0
199
107
1
94
0
357
70
0
197
26
8
0
15
357
283
108
0
0
176
11
15
0
0
555
236
32
863
3
7
154
29
83
0
786
0
52
37
23
30
843
291
25
0
0
1
0
1574
0
0
0
160
76
4604
177
955
13
6
0
0
7
7
0
634
0
52
0
0
2615
0
66
11
25
0
201
3
4
267
1402
74
281
0
657
54
7
0
0
0
5
156
22
0
0
0
0
88
6
2113
7
124
0
33
0
0
1589
287
7
1
52
0
1
1123
169
3
41
18
56
8
33
0
380
0
2
0
7
0
335
1153
0
6
1579
181
103
0
0
0
11
2
1
2
0
0
0
0
10
3
0
0
0
13
71
0
450
0
30
0
630
0
0
3
0
0
255
94
280
27
71
1821
539
17
0
0
27
0
33
123
46
71
0
73
0
11
0
0
22
0
646
38
25
377
17
4
33
0
12
0
8
325
3
399
18
0
15
0
440
269
0
470
0
39
3
27
20
58
54
136
826
0
16
195
536
163
89
0
0
0
26
0
125
221
1
0
82
0
0
3
13
0
0
0
5
0
1
0
0
1177
0
185
0
155
0
0
0
255
436
39
0
259
1
147
78
48
0
28
0
156
4
1282
6
16
6
10
0
3438
3
11
0
259
0
477
128
5
1
11
73
0
0
0
2
305
0
0
0
0
1067
3
139
77
4
0
171
14
26
4
0
7
5
36
0
4
18
1
0
5
20
0
0
21
0
18
144
144
78
78
667
4
0
5
0
0
0
0
1
161
791
56
13
98
0
134
0
0
552
19
0
63
0
0
185
0
308
34
5
0
0
0
749
0
2
0
275
0
0
0
2
244
7
346
3
8
0
0
0
0
59
219
39
725
0
63
74
4289
0
21
0
3
13
2
55
0
3
17
53
59
0
25
4
14
0
0
35
7
180
0
63
1944
10
63
49
636
426
0
0
98
334
15
40
2
502
0
0
7
0
159
165
7
11
12
39
0
43
0
56
64
82
0
121
0
297
0
0
0
0
0
0
697
354
0
0
281
6372
3
413
36
245
81
63
40
0
0
348
0
2
52
3
1
267
0
0
700
25
63
14
67
409
250
12
51
26
0
0
0
1041
0
233
0
0
105
15
0
0
0
17
4
0
0
7
0
48
19
0
7
0
422
97
231
26
17
0
448
2
0
0
0
27
2
213
18
0
0
3
0
0
0
16
53
3
0
0
1
9
102
133
0
9
0
1
0
0
319
0
263
820
150
0
576
57
102
64
2
14
237
0
125
76
2
592
3
181
95
104
1
0
221
0
1
35
4
55
686
8
0
0
5
0
0
739
232
3
0
0
0
1303
11
0
1077
11
19
0
46
2
0
265
37
246
137
58
0
0
8
0
0
263
393
543
0
0
4
1
239
23
0
4
53
0
26
63
77
0
0
235
5
0
420
5
0
0
0
218
0
117
198
35
62
112
0
14
0
0
34
53
144
217
29
2
97
8
0
956
294
0
46
0
248
0
0
20
155
0
43
0
2
0
4
0
0
0
123
81
19
5
0
10
22
24
0
0
635
27
33
59
4
17
0
0
26
21
0
2319
63
208
457
0
86
0
0
20
0
1347
22
0
1
1260
314
179
67
1464
0
66
0
0
1992
0
0
0
0
268
0
0
0
0
10
595
531
1122
35
0
1
0
45
19
52
0
0
0
68
854
288
73
14
0
0
14
149
1
0
0
0
1
0
1111
344
1405
392
0
0
0
0
0
101
0
0
0
166
11
32
0
3
1288
451
0
195
1145
25
19
17
34
0
0
180
0
0
22
0
2
2
10
0
33
29
15
0
0
0
0
819
578
0
0
4
3
49
0
0
0
0
57
21
0
198
0
0
70
4
64
892
0
339
62
5
3
7
12
0
0
0
0
233
480
35
73
157
115
132
95
156
177
1
27
62
5
36
0
0
0
0
1
887
10
184
0
0
60
70
0
2
334
99
72
233
4
68
88
0
27
0
7
0
9
0
0
2417
292
81
0
0
473
0
0
0
131
13
1891
1654
0
13
2956
38
236
54
105
73
319
291
0
0
28
0
658
18
261
0
477
1
187
0
305
805
59
0
519
0
0
72
0
233
579
0
0
0
227
0
377
0
0
0
41
0
199
0
0
1
0
0
1
0
12
0
26
12
80
0
237
242
0
307
697
0
2
1798
0
0
0
140
54
26
0
50
0
2
4
85
17
0
0
283
0
4219
0
0
0
12
5
197
23
169
46
0
52
0
20
0
1
93
135
44
0
0
119
0
332
673
37
0
0
16
3
1041
9
2
41
3
5
36
0
14
0
0
4
616
0
527
3
0
3
4
0
60
1
217
0
41
150
5
25
1
187
0
0
0
98
1
5
0
55
0
0
0
47
7
0
140
0
199
0
0
6
1
0
1719
0
3
1639
1
457
0
132
27
46
0
0
0
119
51
1
1
13
43
17
0
0
0
0
0
21
0
97
0
0
2
17
50
7
0
0
6
98
833
104
0
0
0
50
0
0
417
377
4
45
5163
0
52
231
17
72
29
1246
0
0
24
1965
33
15
69
26
257
0
0
197
71
5
175
5
787
14
170
268
92
0
18
0
9
0
0
0
0
319
1
15
0
2021
2
11
523
49
39
0
0
0
1
21
0
176
0
5
187
17
0
1
0
1
24
0
95
0
4
68
0
8
0
0
21
0
0
11
0
0
1
0
0
0
0
0
0
0
354
9
180
4
17
136
54
2
0
97
0
1641
22
0
0
0
1
4
3
1420
22
329
0
1529
25
245
603
0
0
0
1004
0
139
82
4705
3909
0
0
0
44
0
10
0
1
20
0
0
1384
433
444
1
0
308
0
20
0
42
371
53
1561
0
1306
0
160
1
51
57
0
4
0
0
0
0
0
0
453
187
0
1764
33
0
0
0
93
283
365
36
679
2398
1
380
0
172
257
117
405
260
0
11
5
199
60
0
3
70
23
87
0
0
31
116
575
0
12
0
18
323
0
1220
0
0
1
8
3
159
6485
0
222
0
0
0
293
0
390
0
16
0
0
1182
24
0
25
0
3
7
6
388
0
1
0
9
0
0
46
151
18
7
0
7
11
2
0
0
54
0
14
13
0
14
60
87
0
0
0
0
56
0
5
0
5
58
92
12
161
2957
39
428
251
2380
0
20
0
193
3
0
1003
0
152
21
0
2
2
0
462
67
0
15
101
0
48
0
0
0
0
39
0
0
2605
349
0
0
236
516
276
0
0
28
0
18
0
414
0
127
3
0
8
0
33
0
0
0
0
30
0
0
0
0
6
524
60
0
0
57
8
34
12
3
26
50
2
126
0
25
5020
379
0
210
7
0
0
935
127
0
6
0
0
9
563
7
0
0
16
0
0
0
0
0
14
231
2
0
156
134
438
797
40
251
0
0
14
2
3
0
0
0
0
160
17
0
366
13
570
6
0
0
146
48
2
112
1
0
10
365
0
0
109
0
0
0
248
0
0
5
0
17
80
0
14
0
0
51
146
1
0
0
0
33
456
15
9
0
103
2
192
41
407
0
84
1380
254
0
0
2646
699
118
3910
80
0
4
5
0
0
7
52
0
3
0
1
77
1416
3
0
0
0
0
0
11
33
278
0
0
23
17
3
0
260
285
139
186
287
5
0
0
0
213
3
0
1
54
9
7
27
1
0
0
3
18
13
189
5
0
0
0
1
0
0
0
48
4
0
0
39
0
21
3
0
31
120
0
3
0
333
0
135
6
0
15
5
0
0
0
0
934
3
4
5
37
0
163
150
5
0
8
0
0
0
0
135
0
378
346
197
54
0
68
61
3
2
10
264
82
0
3
0
1678
0
22
0
13
0
5
3
44
2
0
0
162
0
247
106
57
134
9
0
0
2
0
4
46
309
78
0
45
0
33
11
0
0
106
0
36
0
0
101
19
8
63
23
577
11
0
180
0
373
0
0
0
50
26
54
101
73
0
626
34
0
2
25
0
0
15
179
302
7
0
55
2
3
12
0
7
0
3
166
21
5
1559
271
4
213
0
20
9
0
0
89
0
94
0
0
0
8
13
0
6
1
645
0
88
502
3
0
1278
24
0
0
1
2
6
2
970
54
21
0
0
0
0
0
0
2
25
0
0
2
0
17
4
0
13
38
0
0
0
3474
0
0
0
12
16
347
322
2595
10
1733
27
1
9
2
0
14
904
0
558
1229
1
9
72
0
154
0
0
0
347
0
37
79
2
0
912
0
94
253
0
0
160
122
0
0
341
167
1
915
0
318
0
634
12
4
140
0
24
41
343
6
159
3
14
0
2018
279
38
19
538
0
131
20
832
37
0
77
0
49
124
131
0
0
2
3
0
154
1
17
1633
83
407
68
0
0
0
0
25
78
0
81
91
6
640
504
0
126
31
14
0
1
2
0
636
0
58
0
216
32
1
0
1
2
0
0
1746
342
0
3
129
6
5
0
93
6
328
27
1
0
89
228
0
18
3
0
0
0
254
209
1
0
765
17
551
185
33
44
0
1
20
0
6
0
0
2
2
6
109
89
0
0
59
244
0
0
81
0
0
0
394
120
31
0
0
601
0
322
209
2
0
110
0
0
2
97
229
8
0
0
0
11
13
85
1
1
0
138
6
0
0
0
0
0
200
76
10
0
0
87
2818
4
246
0
5
0
13
6
1
810
3
0
15
162
63
0
1
0
5
87
0
27
0
133
0
632
0
4
11
25
6
2
0
14
0
4
4
135
5
0
37
0
0
10
3
1
0
0
218
0
2
0
57
4
20869
0
29
55
176
0
18
2
0
0
0
320
61
495
2
189
0
0
138
3
0
39
0
186
1190
0
34
0
61
0
793
0
365
83
0
0
0
0
0
0
0
0
2
0
11
0
0
3
253
110
106
0
0
163
9
0
111
573
8
146
75
0
1070
94
0
44
0
0
0
437
13
197
0
25
3
0
13
364
306
0
262
36
17
0
1
55
43
0
551
1
0
487
8
89
63
0
68
0
0
170
529
12
4
20
0
0
0
3
266
177
79
0
13
0
54
0
1
118
0
48
19
0
463
22
2
51
11
0
3
697
117
0
111
4
79
429
3
14
1400
132
0
0
3
313
60
0
6
9
4
3
0
0
66
55
0
24
1
0
0
0
5
213
7
131
0
0
13
3
207
0
0
0
0
415
172
44
17
0
0
56
0
0
0
5
950
1641
0
5
3092
18
32
453
0
81
0
0
0
725
2
0
1
67
31
24
0
1
1
0
0
866
0
0
842
2
22
9
2342
221
0
0
275
1513
40
2173
289
0
47
14
290
0
20
16
8
16
0
0
0
173
0
0
1071
0
1872
0
2
23
0
15
0
51
143
0
183
6
98
0
72
1195
3352
1
11
57
4
650
124
1
10
0
145
0
0
0
109
212
0
507
0
19
15
449
0
76
381
238
23
81
197
0
828
10
591
449
1
1892
0
206
192
90
160
10
0
5
0
0
26
36
14
0
119
0
9
7
9
0
2
2895
75
92
156
86
217
1
0
4
7
0
676
0
9
0
0
1
1667
0
127
143
0
1076
0
10
402
15
34
468
1
0
112
0
0
0
0
4
0
0
0
26
142
15
0
22
0
4
125
2
0
0
1068
241
866
213
0
628
46
0
0
64
6
0
0
2
0
17
164
1
0
9
0
0
0
5
1
28
718
14
61
1
50
2
4395
0
0
2
29
0
8
54
0
126
0
51
32
0
695
252
13
113
49
0
0
371
183
1105
38
0
0
82
0
0
1
0
1669
1
2165
255
161
147
333
0
5
0
0
18
0
379
0
0
164
127
8
90
8
435
8
0
3
84
0
34
0
106
5
126
66
0
1532
47
0
21
11840
0
47
2012
399
358
456
176
397
44
502
0
915
1443
0
11
3
4
0
0
270
4
169
93
1351
0
8
218
181
0
1032
150
87
0
0
0
0
2956
1
9
589
0
334
0
26
5
0
1067
26
0
0
607
18
0
0
1
0
136
0
74
3
1173
14
61
54
579
0
0
133
731
1
0
13
106
128
39
2
20
430
103
0
0
231
20
141
1
0
16
40
0
34
52
0
165
0
0
0
0
0
7
0
1
1
0
0
0
0
9
0
5
666
18
0
0
1383
0
3
1
0
0
72
0
37
0
9
87
0
0
3
6
0
0
125
23
0
0
0
172
0
0
0
169
23
0
0
0
146
0
0
11
21
0
0
1
0
5
0
4
1
0
23
0
0
36
914
0
0
35
0
0
234
11
208
2
1
6
0
42
0
0
1
13
0
156
0
0
0
0
3
0
31
0
0
367
34
0
476
8
0
1624
74
12
0
31
415
0
0
12
0
0
51
26
51
0
84
13
0
0
1307
421
13
0
205
0
0
47
0
17
24
0
14
0
0
0
0
542
0
0
0
0
1003
0
243
7
7
0
0
78
829
254
77
0
0
1
0
0
0
4
0
0
88
0
0
71
0
0
0
0
0
108
2592
40
3
0
28
0
0
0
0
0
0
0
0
0
0
0
0
1
14
0
0
5
21
0
0
0
64
0
64
0
0
0
0
0
0
0
12
0
0
0
0
0
0
45
0
0
2
23
240
0
0
0
0
0
0
2
0
0
0
0
0
0
0
0
8
0
5
0
0
0
0
0
0
0
0
0
0
0
0
0
0
0
0
0
0
8
0
0
0
702
0
0
0
24
0
0
0
0
633
0
0
117
46
0
4
73
0
0
0
0
0
0
0
62
100
0
0
0
6
392
35
0
48
0
0
0
0
0
0
0
0
1
0
0
13
0
0
0
584
0
6
0
0
0
0
0
0
44
0
56
0
55
0
33
1
3
0
0
40
0
0
0
0
15
11
0
0
0
49
2
0
20
0
10
52
0
1
0
16
21
0
50
0
0
0
45
0
13
0
217
0
1
0
0
11
0
0
0
0
53
0
0
0
0
451
0
1
743
143
0
0
44
33
0
0
0
0
0
54
0
0
70
0
51
3
0
0
0
4
0
0
0
0
0
52
0
0
307
1
0
0
0
0
28
0
7
0
0
0
0
0
0
0
4
0
0
1
37
0
53
0
0
191
0
0
0
0
0
197
0
0
6
0
0
0
0
0
1
7
0
0
35
0
0
135
3
0
0
0
27
4
0
0
52
0
0
8
0
0
0
4
0
0
2
0
0
0
0
0
0
0
0
0
0
0
0
0
0
0
0
0
0
0
162
3
0
30
14
0
0
0
0
17
0
0
0
0
0
0
0
0
0
0
0
0
0
0
0
55
0
10
0
0
0
0
108
0
0
0
245
0
6
0
0
0
8
0
1
0
0
13
0
0
0
0
0
0
0
0
0
0
5
0
1372
0
0
0
2
0
0
0
0
0
0
0
28
3
0
0
7
0
2
310
0
0
0
0
0
0
1
0
0
0
0
0
0
10
0
185
172
1
0
0
1
0
0
0
0
453
1
0
0
0
0
0
0
0
0
313
11
0
734
0
0
37
0
0
0
0
0
0
0
0
0
4
0
0
1
5
20
0
1
0
0
0
0
0
0
0
0
71
0
0
0
33
16
0
161
0
46
0
0
0
0
0
2
0
0
0
0
0
0
2
0
0
0
0
97
0
2
133
0
0
0
5
1
0
0
0
0
0
0
103
0
0
0
0
70
0
0
0
0
47
0
0
0
0
0
0
0
0
0
0
20
1
0
0
0
398
413
0
1
0
2
9
0
0
0
0
0
0
0
0
2
0
49
0
0
28
0
52
84
2
3
4764
0
0
0
0
404
0
24
0
0
0
0
0
4
0
0
0
199
8
9
0
0
16
0
143
0
0
0
0
0
0
0
0
0
0
0
2
0
9
0
0
0
277
0
0
0
0
0
0
0
0
738
0
102
0
0
0
0
0
0
0
0
58
0
0
303
0
0
135
5
658
0
0
0
2
0
37
0
0
4
0
454
0
0
0
0
0
0
0
0
15
39
9
0
0
5
0
0
3
0
0
14
80
713
0
0
16
31
1337
0
397
0
0
0
62
0
0
6
1
24
0
0
0
0
40
0
0
0
25
0
0
0
0
0
0
0
16
0
0
0
0
11
0
29
0
0
15
0
19
0
0
0
0
0
771
0
0
0
236
0
0
14
0
0
0
0
2
0
0
44
0
0
0
0
94
1093
108
0
0
0
0
0
0
0
0
326
0
24
0
0
0
0
0
509
0
262
0
0
16
0
0
0
0
0
1
0
1381
0
1
0
0
0
0
94
0
0
0
42
0
74
3
0
13
0
734
0
0
0
97
0
0
2
0
0
0
0
0
0
1
0
0
0
132
0
0
0
0
254
2
0
0
171
0
0
7
31
310
0
20
0
0
0
0
0
0
0
0
1146
0
6
0
0
0
0
0
219
184
0
0
31
0
295
0
2
3
0
0
0
0
18
3
0
0
0
36
17
0
4
0
0
2
0
0
0
74
24
0
0
647
0
138
24
0
0
0
0
0
0
0
0
0
95
0
0
2
32
0
0
0
0
0
0
0
0
0
0
1445
1
12
8
0
0
0
1667
55
11
7
2
0
0
0
0
16
0
8
0
0
0
0
0
0
0
0
0
0
0
0
103
0
0
0
0
897
3
0
0
0
17
0
0
0
0
0
6
3
0
0
0
0
0
237
0
148
4
0
12
0
0
1359
45
0
0
131
440
0
202
17
0
0
38
0
0
0
0
4
48
18
0
0
0
0
0
0
0
0
0
0
0
0
0
231
114
0
1097
2
0
0
0
0
22
0
0
0
0
0
0
0
0
0
7
43
20
232
0
0
0
0
0
0
0
0
261
0
0
0
60
1
0
0
0
0
0
0
0
0
0
2
0
0
13
32
0
0
0
1
0
0
176
0
272
0
0
0
0
0
0
0
334
0
0
116
0
0
0
9
0
0
743
2
0
13
0
0
0
0
0
45
140
12
15
0
3
0
0
9
75
0
0
0
0
0
0
0
0
505
350
25
0
78
0
0
0
0
0
1
2
23
1213
2
0
0
0
0
0
294
0
0
0
0
0
4
19
3
0
0
0
0
0
0
54
0
0
0
0
179
0
3
0
2
1
2
0
0
0
0
8
0
0
108
0
0
0
0
0
0
15
0
0
0
0
0
7
0
0
0
0
17
0
0
0
0
0
0
0
0
61
7
0
11
40
0
0
0
43
0
0
8
0
0
111
0
0
0
4
226
4
0
0
16
0
4
0
0
5
11
0
0
1
76
0
126
0
0
24
0
69
0
627
67
0
3
3
0
22
0
0
0
0
23
0
2
0
7
0
0
3
0
2
203
321
0
1
1
2
1
0
17
3
0
0
1
3
0
0
0
10
0
229
74
267
0
0
0
89
0
0
3
0
9
1
0
339
498
0
0
0
0
0
2
662
0
24
7
0
0
0
0
69
1
0
0
19
0
0
0
3
0
4
0
9
5
0
0
194
0
0
0
0
5
0
1
2
0
0
1
0
0
0
0
4
0
0
0
9
2
0
0
0
16
46
4
0
0
64
0
0
90
0
1
0
0
370
0
0
0
0
25
414
0
1110
0
0
0
0
0
0
0
7
0
2
0
0
0
0
0
0
54
0
11
0
0
0
0
0
1
49
6
22
0
0
0
0
616
0
0
78
0
0
12
23
0
367
55
0
0
0
0
0
0
0
0
471
0
0
0
24
118
0
0
0
0
34
138
0
0
2
4
9
0
2113
4
24
0
0
96
0
86
334
38
98
0
0
16
0
70
0
0
12
0
0
0
0
0
0
0
401
0
2
0
0
0
0
0
0
0
0
114
866
0
5
0
0
0
32
1
0
94
75
0
0
10
0
0
55
0
0
0
0
0
0
0
0
4
0
3
0
2
282
3
19
2
0
0
0
0
3
9
0
0
0
37
11
0
0
7
0
0
0
0
0
0
0
111
517
0
0
0
0
1
0
0
60
352
0
17
105
0
0
0
138
0
0
0
11
0
58
0
95
6
0
0
105
0
0
0
0
2
0
0
0
0
0
0
0
0
2961
119
0
0
0
0
0
0
0
174
304
311
0
0
209
0
20
0
0
0
0
0
1
0
258
0
20
28
68
3
0
10
0
877
0
3
0
0
0
978
0
25
0
0
1373
47
0
0
0
0
0
0
0
191
9
0
49
0
0
0
111
0
0
20
0
0
0
4
0
0
31
0
20
122
0
2
0
0
0
0
109
0
1191
61
2
0
0
0
0
171
458
0
0
0
0
1374
0
0
26
0
0
0
439
0
883
287
0
1
0
1
0
0
0
0
0
0
0
2
512
0
1
1
60
0
0
0
0
0
0
0
0
0
41
0
1309
21
0
0
0
0
0
0
0
0
0
7
217
4
0
0
0
85
2
0
0
0
27
0
0
8
0
1
9
0
0
0
1203
0
0
0
0
55
0
151
0
6
0
51
0
0
0
26
0
3
0
0
22
0
16
0
0
0
411
0
0
0
0
0
0
0
206
23
0
502
5
2
325
0
0
1267
0
0
18
1
0
3
2
0
0
0
0
0
0
0
5
0
0
0
0
0
0
18
0
0
0
0
185
0
0
0
178
0
0
0
0
0
2
0
0
0
0
0
9
0
0
0
0
0
0
11
218
0
4
0
0
649
0
0
0
0
121
0
0
0
0
0
0
148
0
4
0
0
0
11
755
16
21
0
589
0
1
5
0
0
0
8
0
28
0
4
0
0
0
0
0
23
0
148
0
0
42
0
0
0
0
0
613
69
1577
0
1
1
0
118
107
0
0
23
1040
2
0
0
11
0
0
0
0
0
0
62
0
1921
0
6
2
7035
0
4
13
0
0
0
0
0
0
0
1
22
0
30
0
53
0
23
117
0
0
0
21
0
0
0
102
1
0
76
21
0
141
0
0
0
3
0
0
0
7
165
294
0
0
0
0
9
0
0
0
0
0
5
0
11
0
21
0
0
0
0
0
0
23
1
0
0
0
0
10
145
0
0
0
0
0
0
0
0
0
0
12
0
0
0
0
88
0
0
0
0
0
9
0
0
0
0
0
0
0
0
0
0
0
0
0
0
0
0
7
20
0
0
0
0
0
0
0
0
0
0
0
0
1
0
5
0
0
0
0
50
1066
0
0
0
3
0
0
0
0
0
0
0
0
0
0
0
0
0
0
0
163
0
571
0
179
0
0
100
0
0
57
0
0
0
0
0
0
660
0
15
0
0
0
0
0
16
0
0
278
0
52
0
0
0
0
0
0
0
220
0
0
0
0
0
0
0
0
0
0
1
0
0
0
0
0
0
0
0
0
0
2
0
0
13
0
0
151
0
0
0
0
0
0
10
0
0
0
0
0
268
0
1155
0
0
0
0
0
0
0
0
0
0
0
72
0
0
0
0
59
0
251
0
0
0
0
0
0
363
0
0
34
0
0
0
7636
0
0
0
0
2
0
100
14
2
60
0
0
2
0
6
51
38
0
0
0
76
0
0
0
0
0
230
0
0
0
0
5
0
153
0
11
0
0
0
354
0
0
4
0
109
0
1738
0
0
0
205
13
0
0
0
1
0
0
3
0
0
0
0
0
0
0
0
0
0
0
0
0
0
0
0
0
293
0
170
0
0
0
0
0
0
0
0
0
70
0
0
0
0
0
0
0
0
0
0
16
0
0
0
0
0
0
0
0
0
0
0
55
2
0
0
0
0
0
149
0
0
0
0
0
0
0
0
0
0
0
0
0
0
0
0
10
0
0
0
2
0
0
0
1
0
0
0
0
0
0
0
0
0
0
0
0
0
1
0
0
0
0
0
0
0
0
0
0
0
0
0
0
0
0
0
0
0
0
0
0
18
0
0
31
0
0
0
25
0
0
0
0
174
378
0
0
0
0
0
28
0
0
74
0
3
4
0
0
0
0
0
0
0
0
0
0
0
174
0
0
0
0
0
0
3
0
214
0
0
7
22
13
1
0
0
0
0
6
0
0
0
1
0
21
0
0
0
0
0
0
428
0
0
0
0
0
0
11
0
0
0
0
0
1
0
0
0
0
0
0
0
175
11
43
0
1
0
0
0
209
0
0
0
0
0
0
0
243
0
0
0
0
0
531
0
0
244
42
0
0
0
0
0
0
4
0
0
0
0
0
0
0
4
0
285
0
0
0
0
0
0
95
1
0
0
0
0
0
4
0
0
19
2
440
0
1
0
210
0
0
0
0
0
0
21
174
0
4
0
0
0
0
0
0
5
0
0
1
0
0
14
0
0
0
0
0
0
0
0
0
0
0
0
2
1958
30
53
0
34
0
0
65
3
2
6
10
3
351
16
0
0
6
1
2
1
0
0
0
0
2
0
4
79
2
0
420
0
283
54
196
0
0
0
0
0
1
0
0
384
7
0
69
0
68
0
0
210
241
63
789
0
0
0
91
10
0
2
8
0
0
9
0
20
189
0
70
0
5
0
54
0
3
0
0
64
0
1
0
372
0
26
0
0
11
1
0
71
0
127
16
298
0
28
0
0
0
0
0
48
14
152
5
36
0
10
0
35
0
6
285
3
0
0
170
0
82
10
931
95
0
0
0
115
1
3
4
0
0
0
0
0
221
0
177
0
901
0
0
0
0
0
16
32
0
0
0
0
0
0
0
0
148
157
19
0
0
724
0
0
0
0
0
19
0
0
484
0
11
0
0
2
2
8
71
0
0
82
0
23
0
34
0
0
0
88
0
0
7
0
0
408
205
2
0
0
12
0
0
18
0
0
0
0
2
633
0
0
5
0
0
0
2
0
11
0
0
391
293
0
2
416
0
274
0
57
17
36
0
31
0
0
21
306
0
49
0
0
1
335
0
0
0
22
3
66
0
3
0
0
0
0
0
0
227
0
0
0
2
0
0
0
0
0
38
0
0
0
0
1
0
0
0
3584
7
482
5
0
0
0
19
16
0
290
3
0
0
4
0
0
20
0
3517
28
451
0
0
83
14
106
11
9
0
2111
0
241
148
304
0
57
0
73
1039
308
2
0
1
0
744
0
1568
0
0
0
0
7
95
7
4
0
0
0
58
10
53
19
9
81
241
0
612
0
3
0
173
59
0
0
195
52
1
343
0
22
37
0
8
0
65
0
0
0
0
0
278
0
3
3
1476
0
0
2
35
0
42
152
15
0
0
87
97
0
0
0
7
4
0
0
8
0
3
0
0
24
0
0
0
345
92
57
0
6
0
0
0
533
0
0
43
0
17
0
0
81
63
3
103
0
0
1
0
178
0
21
0
5
0
0
0
0
0
9
0
101
90
12
0
7
207
101
0
1
186
6
56
0
15
0
153
6
0
34
0
0
0
19
808
0
28
0
4
658
26
15
8
24
0
2998
5
0
5
7
7
507
0
0
65
78
291
0
149
369
0
0
11
10
34
0
274
1
4
0
0
0
0
11
60
0
0
140
0
41
5
0
66
0
0
0
0
0
69
0
46
53
0
2
0
2
0
0
0
493
7
628
800
286
2
0
7
3
0
30
0
0
0
557
607
0
197
0
1
0
626
0
0
47
0
0
0
21
0
10
0
0
0
120
0
22
2
18
0
0
72
0
3
35
0
100
769
49
0
0
23
271
210
0
0
0
0
0
0
650
18
0
340
0
0
0
32
6
469
6
0
0
0
51
14
91
233
3
0
0
0
0
17
0
0
0
0
0
0
21
0
657
0
66
173
0
0
0
0
29
183
0
0
0
0
8
0
27
157
0
0
0
0
7
1
25
0
34
0
0
0
42
9
2
0
0
0
804
0
0
68
1
0
0
0
25
0
73
29
0
0
0
0
3
92
0
0
0
0
158
11
0
17
0
27
0
24
36
0
57
0
0
0
2
221
0
4
299
0
0
17
0
0
0
54
0
62
16
0
0
0
90
7
0
1
0
264
128
0
2
0
0
0
0
156
12
0
2
8
1
0
0
0
0
0
86
0
1
0
0
0
0
0
1434
0
37
0
0
0
7
0
0
0
0
777
0
0
0
69
0
126
2
0
0
0
125
0
0
3
0
0
0
1
0
91
0
0
0
986
0
17
10
0
90
0
992
0
0
0
0
1152
46
0
88
13
0
0
2
6
174
0
34
2
3
0
0
0
0
5
15
20
677
113
35
0
0
7
0
14
0
0
231
644
0
44
0
0
0
0
0
6
217
0
0
10
0
187
18
82
0
0
138
157
5
66
0
317
0
30
1
2
0
0
0
12
167
465
37
17
5
0
0
0
0
178
30
1
0
3
396
4
0
14
0
0
151
20
0
269
12
1
646
0
0
15
0
0
4
0
0
603
0
5
0
0
0
0
0
44
0
0
385
0
4
0
0
0
0
32
0
48
39
13
4
0
7
0
0
0
588
117
0
13
24
127
0
17
13
0
0
0
0
0
0
5
3
0
2
0
0
16
0
0
161
7
20
0
0
20
0
0
0
0
0
5
0
0
0
24
0
14
29
4
0
0
1
0
0
0
0
129
0
0
1
5
0
0
0
0
0
10
84
0
2
6
4
716
0
1
12
66
28
8
0
0
0
0
0
0
0
0
3
7
0
18
31
0
0
0
28
0
173
0
0
3
538
19
2
0
0
44
22
0
0
63
797
0
8
0
73
15
2080
130
502
0
1
199
11
0
846
0
0
3
25
0
2
25
0
0
146
0
0
0
28
0
0
4
0
0
0
0
6
0
0
0
0
0
45
113
40
4
0
0
7
79
0
51
128
0
0
0
0
5
0
0
79
2
43
2
2
16
49
1918
4
2
0
0
0
0
66
11
1554
0
13
7
1
0
0
0
0
0
48
339
0
0
0
0
0
0
39
101
0
11
0
330
75
0
0
0
250
2798
0
246
5
0
10
232
9
0
17
15
0
1
11
18
0
1
15
0
0
3
0
7
229
176
428
1
0
50
1
0
0
5
0
0
81
0
0
0
1
21
18
1
11
0
0
10
315
0
0
0
6
0
3
381
0
3
254
403
1186
403
2
0
56
1
47
0
3
0
254
2
1
0
0
0
23
0
18
0
0
0
15
9
282
5
10
0
32
12
0
1187
0
1142
0
2
0
130
20
22
0
1298
0
0
40
35
412
29
3
416
32
9
0
33
9
424
0
0
0
0
0
4
1043
0
135
0
71
37
0
4
45
162
0
64
8
684
343
6
3
1
30
0
0
6
0
219
198
246
4
62
0
143
1
62
0
1
318
49
0
0
0
286
3
0
0
25
0
95
0
696
0
3
7
0
1
82
0
195
40
17
12
234
103
101
11
12
0
113
0
0
0
100
0
0
39
1
0
0
91
0
0
3
0
0
0
16
1132
11
3
568
204
0
628
0
0
0
2
0
389
69
0
198
10
0
0
0
0
0
54
23
46
0
151
0
0
0
0
3
0
303
0
0
830
0
0
0
12
0
3
0
95
50
0
0
0
0
118
0
0
345
0
1
0
9
2
0
33
0
42
1
12
52
0
13
0
3
0
527
26
274
0
0
503
89
0
76
16
0
0
0
0
55
6
2
0
0
2
0
19
1
75
0
77
0
4
10
22
0
11
0
0
5
0
13
19
12
103
738
923
21
80
0
2
0
10
0
335
2
0
0
0
606
5
19
677
38
489
441
0
0
4
0
75
0
16
0
0
252
21
3
0
80
21
0
2
0
68
65
89
3
0
0
0
26
0
0
0
202
24
0
9
24
0
44
0
14
10
2
0
11
0
0
133
222
0
8
0
184
7
0
0
2
0
281
3
0
0
0
0
0
0
0
0
0
0
0
4
13
383
228
127
0
0
0
0
85
39
0
0
0
0
0
45
95
0
0
0
13
1
0
0
0
0
9
0
0
0
0
0
0
0
9
0
0
8
21
3
6
0
4
2
149
15
0
30
0
176
2
0
0
0
0
169
0
227
0
258
0
74
10
2
140
263
541
0
0
18
0
0
0
40
0
6
12
0
11
13
43
1
2
6
279
0
26
0
19
768
0
0
0
29
14
20
53
32
27
28
10
11
0
0
17
0
349
0
0
0
30
0
0
2
0
0
31
15
93
2
7
0
0
0
13
22
5
130
0
0
560
0
643
0
0
5
751
0
2
19
0
1
0
23
0
0
185
3
0
0
3
0
17
0
0
2
0
0
2821
0
14
0
0
0
2
109
23
100
168
148
1662
83
0
36
0
449
28
0
165
0
96
0
35
0
100
0
40
0
0
0
0
0
5
0
0
0
135
0
0
1
0
87
5
15
317
0
0
0
220
0
0
0
0
2
0
76
4059
0
418
0
0
16
46
3
0
0
5
1
0
0
0
233
0
0
0
29
0
0
0
0
0
0
1
116
43
126
0
0
442
0
2
1
6
0
697
0
0
0
106
0
247
130
3
0
0
1
0
0
3
0
0
303
58
194
0
126
0
0
2
1288
1
18
0
0
13
0
3
0
0
0
0
200
0
2
42
0
0
0
0
0
0
0
0
730
0
0
17
0
588
0
0
0
0
321
0
175
9
0
0
4
0
0
0
1045
0
0
0
0
0
0
0
1
0
22
0
0
0
5
0
173
0
0
81
0
34
11
0
49
0
0
0
0
0
39
0
0
0
0
0
0
0
6
37
1
326
0
0
955
0
0
0
37
0
0
7
252
9
60
0
3
43
0
0
0
0
0
2
5
36
7
3
0
0
0
3
0
0
0
3
0
1277
0
10
279
3
0
0
0
1
0
0
420
0
0
391
0
0
5
0
182
0
0
0
0
0
0
27
16
0
1
0
4
0
0
569
0
52
0
3
21
0
0
0
60
3
4
3
72
248
1
4
5
151
2
0
4
0
0
0
0
0
0
0
0
445
1
0
2
0
0
22
0
0
0
324
0
0
0
0
327
8
0
0
0
91
555
0
12
0
0
41
100
55
250
0
0
0
0
13
0
2
337
21
61
14
0
149
378
0
3
0
5
0
3
0
21
303
0
1
0
0
1
0
90
2
3
0
0
0
378
6
0
151
453
38
21
0
6
3
1
15
5
0
44
186
0
63
38
99
724
0
0
224
0
0
1
0
0
0
212
0
705
0
109
637
16
72
0
1
0
0
37
2
23
0
0
0
85
3320
0
399
108
4
0
11
0
75
0
2
0
0
0
0
363
1
0
0
0
0
0
62
0
18
29
0
1229
0
0
0
0
75
41
0
61
0
0
0
0
0
0
0
0
0
0
100
0
82
0
2
15
173
101
0
57
0
0
0
0
0
0
147
3
0
10
40
0
0
154
0
0
0
0
1
19
0
215
122
0
26
57
0
0
78
578
0
0
0
0
0
0
23
968
52
0
0
0
0
3
0
14
72
732
0
508
7
287
15
0
0
0
1
0
0
187
1134
0
0
0
0
0
175
147
14
0
1
2
0
13
231
0
3785
0
0
423
295
0
0
0
0
0
0
4
80
0
0
10
2
0
98
0
0
29
29
0
374
0
374
0
96
0
0
0
0
0
0
163
2409
0
302
0
181
12
104
552
0
0
0
0
74
102
0
70
172
3
4
15
5
263
188
0
0
0
54
0
0
0
0
0
0
0
16
0
0
10
0
9
6
0
0
628
1
0
0
414
6
6
0
116
0
0
7
1218
0
0
0
466
82
0
0
2
5
0
28
138
818
0
0
75
0
274
0
4259
0
0
177
0
0
0
0
0
0
0
8
0
37
0
512
269
0
27
1
32
0
59
0
123
496
2761
2
277
171
0
0
0
19
0
122
2
0
2
0
0
0
283
0
19
0
0
2
23
0
0
62
8
2
8
7
76
89
6
1
0
0
5
203
0
168
32
11
0
0
0
459
0
0
158
0
0
0
0
1190
0
47
0
0
87
0
0
0
0
60
0
4
1
308
0
0
18
0
7
0
0
0
110
0
2
115
261
0
0
3
16
63
3
0
0
0
53
0
40
0
0
5
11
0
0
222
84
0
22
448
13
148
514
225
0
0
0
0
0
1
0
354
259
0
0
0
1
13
179
6
0
4
0
686
1
5
0
0
162
81
166
0
592
12
0
0
185
0
0
0
0
0
8
154
20
20
8
357
0
0
0
0
0
0
363
0
8
131
220
7
0
52
0
0
0
142
126
82
0
0
0
1
113
0
3
1014
0
0
0
168
1
0
0
0
0
874
701
0
7
10
157
0
0
0
0
0
13
358
488
0
460
0
18
0
0
36
0
4
0
0
0
6
1
0
0
0
0
0
75
1
0
0
0
64
0
0
0
0
0
10
839
37
0
0
355
0
146
56
2
5
15
26
0
0
0
0
277
9
0
13
93
485
0
0
0
0
0
0
0
0
0
0
1
0
27
0
823
0
0
0
382
0
3
101
0
5
0
0
0
0
0
316
296
7
368
0
1
24
0
8
0
0
0
0
32
0
0
0
1
0
0
782
38
8
56
0
0
0
3
0
87
68
0
1
493
0
0
0
211
0
0
0
3
5
605
1
0
296
3
0
0
0
0
4
0
0
0
13
2
0
0
0
0
0
0
0
0
0
0
2
232
0
0
20
0
0
2
0
0
0
57
11
2
0
522
0
0
1569
0
13
0
1
25
0
0
0
15
8
0
7
1184
0
58
0
0
92
1
0
160
0
201
0
0
0
8
391
0
0
0
0
0
40
109
19
0
0
0
23
459
611
2
10
2
2
5
2
0
0
8
19
0
0
17
25
0
0
0
119
0
0
0
2
27
0
122
0
0
9
24
712
76
13
29
1
0
43
1024
0
0
1042
0
0
2
30
123
0
0
47
0
0
2
7
0
21
0
8
0
0
0
4
0
0
0
0
647
0
2
0
86
0
0
18
5
0
0
0
0
24
0
9
0
1
37
4
0
0
0
714
0
100
24
2
0
86
0
0
0
12
107
0
4
0
14
0
363
0
0
0
146
887
0
0
32
0
107
0
0
0
0
281
0
0
0
4
26
11
4
33
25
5
87
0
0
0
361
73
44
0
5
19
0
9
0
0
70
0
0
0
30
251
0
0
0
48
1
646
0
1
317
0
0
0
0
3
0
0
2
4
6
185
0
27
53
0
307
8
0
0
104
0
0
0
0
286
0
719
383
107
146
0
0
83
1281
0
0
0
51
0
0
0
0
96
0
98
8
0
97
495
0
0
0
0
10
0
190
4
0
74
0
0
371
0
13
0
17
603
0
0
0
69
0
0
20
152
0
0
0
0
282
245
25
5
0
0
0
5
0
3
0
0
27
0
0
1
4
28
1205
352
0
3
58
0
0
0
0
0
1
0
0
0
613
5
78
0
3097
2
549
0
0
0
87
0
2
0
0
10
68
36
128
62
5
28
0
49
0
65
0
12
0
0
0
50
0
0
127
1
166
0
0
0
0
13
48
207
0
0
0
0
0
2370
0
128
13
67
49
41
5
2
0
151
26
0
172
0
0
0
0
65
0
0
4
6
16
1
0
0
12
2
0
17
0
243
0
0
0
3
0
0
0
0
357
0
0
0
35
0
9
49
0
0
0
56
0
0
0
215
0
1
2
360
18
18
38
0
3
312
0
0
227
0
0
0
92
0
1
1
58
0
0
0
0
0
158
7
440
31
0
0
0
0
171
0
16
0
144
95
2
241
3
161
81
23
7
59
0
0
36
452
0
610
0
10
0
70
0
0
0
0
420
0
0
0
22
0
1052
0
10
0
4
2
27
1
1
1
77
0
1
84
0
0
0
0
100
0
4
93
0
0
0
169
30
54
18
0
0
0
15
36
120
0
0
56
0
0
0
0
0
0
269
0
9
19
17
49
0
0
0
0
184
9
11
0
12
75
8
0
0
0
5
0
31
0
31
0
10
0
0
82
0
16
279
0
215
100
0
32
0
47
49
0
13
0
23
2
133
33
15
0
1
218
6
20
0
5
0
36
502
818
57
0
0
0
0
0
149
149
4
13
3
98
0
18
0
0
0
0
17
0
68
0
20
21
141
3
0
2
30
145
0
103
0
2
0
17
0
0
0
0
3
0
188
34
0
94
29
1718
0
136
0
15
15
0
1
0
3
10
0
0
2
0
0
7
42
2
0
0
3
10
130
0
79
31
316
31
0
798
27
65
0
0
0
0
1
0
540
0
184
7
8
0
10
1
2
0
37
0
16
0
0
7
51
32
658
16
4
11
0
2
3
24
0
1
106
0
0
20
156
0
0
0
411
0
434
5
0
0
39
199
17
0
123
27
0
5
0
0
0
443
1
15
777
476
0
49
0
0
108
13
541
167
0
0
0
31
0
50
86
218
15
9
0
0
0
68
701
0
0
16
4
0
0
0
0
76
0
591
469
377
1
0
422
0
529
0
0
5946
0
0
0
0
23
9
12
0
0
23
0
149
65
0
420
24
73
6
0
210
0
4
177
152
0
0
0
47
11
198
0
0
0
2
0
0
0
0
3
0
20
0
0
0
42
0
300
2
0
301
0
552
49
0
31
0
13
143
0
0
39
32
2499
0
0
0
378
446
6
0
37
2
0
709
9
93
0
0
0
0
10
62
6
0
2
0
2
0
6
0
3126
1
0
0
0
68
2
0
0
0
0
0
9
0
2
118
0
5
48
0
2
0
521
0
89
140
0
1
1
0
0
233
0
0
7
0
32
0
265
0
0
0
3889
20
44
0
0
0
20
36
62
0
7
0
12
0
3
254
16
575
0
0
0
295
9
1
141
187
0
138
0
0
0
0
0
5
78
8
659
142
0
0
0
0
367
1
0
0
134
3
0
801
19
0
3934
12
421
79
0
0
0
0
0
43
5
16
0
5
50
72
21
7
0
221
0
0
43
22
2
0
1
0
0
10
0
0
0
0
0
705
0
8
0
0
0
0
15
0
0
0
75
0
548
0
4
0
0
1264
0
0
0
9
0
22
0
242
126
0
0
0
0
0
0
0
0
0
0
0
0
0
0
0
0
0
0
19
0
0
0
0
347
0
0
0
0
0
3
4
0
2
0
126
7
0
386
0
0
0
0
0
0
9
0
0
0
133
0
0
0
0
5
0
47
71
0
0
0
0
0
23
2
6
0
5
63
32
0
0
17
493
0
0
4
85
0
0
15
39
0
0
181
15
1
4
0
0
560
172
2
0
69
0
19
0
128
29
0
0
72
11
792
49
0
25
0
0
0
12
0
296
0
0
0
0
0
0
0
0
0
205
10
57
0
0
0
0
0
0
13
235
0
4
51
385
0
0
164
1
0
0
137
0
0
3
275
0
0
0
2
0
319
0
0
4
0
380
0
0
0
6
0
2
1
0
0
0
0
0
0
0
0
36
1
1124
1
3
357
9
0
61
0
120
171
0
56
0
0
18
0
1011
0
0
2
0
39
9
0
16
0
0
0
47
0
0
0
0
232
187
238
0
42
0
38
0
0
2
0
0
0
0
1199
2
1
18
0
0
0
0
0
0
63
0
0
246
8
215
103
0
27
0
0
0
24
0
631
0
0
163
0
0
0
0
0
0
1
0
240
0
6
0
0
0
597
5
6
0
0
458
0
0
4
33
0
0
54
0
3
0
59
21
0
0
1
287
0
0
0
0
256
29
223
0
13
5
3183
0
0
77
0
0
2
0
0
3
0
0
184
22
0
0
0
0
164
0
0
2
2699
0
145
32
36
0
0
102
3
0
29
5
736
313
0
30
0
1
0
5
0
0
1
5
229
0
0
0
0
0
0
0
80
6
297
0
0
0
10
10
686
0
17
0
0
0
1
0
0
0
0
0
559
50
0
0
0
0
3
0
25
194
0
199
0
0
0
18
0
0
15
0
0
0
0
63
0
64
26
0
96
24
0
491
0
0
9
0
45
0
115
0
63
11
0
0
0
3
0
0
0
0
0
0
0
0
0
5
1
36
904
0
292
0
533
0
572
0
0
9
10
16
250
3
253
39
16
0
3
7
0
7
0
0
66
24
46
14
0
0
4
0
2
0
6
0
0
58
0
0
385
2
0
1
0
0
0
0
0
0
14
0
25
3820
75
0
20
0
0
0
74
0
0
0
0
0
0
7
0
0
0
0
12
25
363
4
17
0
3
0
251
0
2
0
0
0
0
1
2
0
0
19
100
159
0
648
0
29
80
1114
90
8
1
2
0
2
284
84
0
0
0
0
0
142
0
3
0
3
0
29
108
17
3098
0
0
9
132
313
0
0
6
0
65
0
71
0
712
0
0
45
0
0
0
5
0
119
0
190
15
119
0
471
2681
136
0
16
1
7
0
0
2
0
29
0
0
0
46
0
28
0
2
4
588
370
25
0
0
0
0
3
3
78
0
12
46
0
0
11
678
2
21
2
3
0
0
0
1365
0
39
0
0
334
0
0
2142
0
68
0
169
0
0
1
0
0
757
0
1002
0
0
0
520
0
0
0
131
0
94
679
0
2
1
3
1075
0
0
0
83
0
0
2
0
0
0
72
0
0
11
32
35
5
0
0
96
205
5
0
0
0
0
0
0
212
2
3010
0
0
2
3
2
0
0
31
0
0
0
1168
0
793
0
1
174
0
0
0
6
13
128
0
0
23
0
249
0
0
0
39
8
118
0
245
0
0
0
0
0
0
0
40
0
0
132
0
27
3
756
0
0
0
65
11
0
86
4
0
16
0
89
14
0
2
0
0
0
220
10
10
0
0
0
0
0
0
0
0
73
131
0
52
189
16
0
81
0
116
0
24
0
4
0
0
0
0
12
0
0
3
22
2
16
235
0
0
0
42
60
5
14
0
459
3
14
0
0
0
0
0
5
12
140
0
0
0
0
59
0
0
10
0
23
14
0
0
0
12
1
0
863
22
0
79
103
0
0
24
20
0
2457
495
8
101
16
529
65
0
0
32
0
39
348
0
44
0
0
3
0
0
0
0
0
0
0
65
0
0
0
2
7
0
0
0
0
0
0
80
0
8
0
39
0
0
0
0
1
0
0
0
0
192
0
3298
9
6
13
0
265
0
0
0
0
3
0
0
11
0
0
323
0
4
10
0
4
67
0
864
69
0
0
49
0
0
3
27
0
0
1
0
0
0
80
7
0
0
0
0
14
32
0
4
0
68
1
0
40
0
0
0
71
19
0
0
0
2
51
77
0
26
3
0
0
16
0
0
2
0
147
0
8
234
0
0
0
12
0
1
583
0
0
0
1
0
0
0
283
1355
0
23
0
0
18
179
1
0
0
0
24
209
2
141
451
0
0
12
0
0
85
0
0
7
6
0
0
92
0
7
0
821
0
0
0
0
321
0
0
0
0
0
0
0
241
50
0
0
37
0
70
0
0
429
0
0
132
1
112
97
0
0
53
0
0
1
50
12
0
0
0
11
24
101
0
1
0
0
0
0
4
0
1
86
2
0
5
46
0
0
6
0
235
67
13
0
0
0
0
4
0
437
0
118
0
3
0
0
203
0
0
0
0
269
0
11
3
29
2
1182
0
0
27
120
190
71
42
0
0
115
0
888
0
47
4
38
0
0
41
123
0
0
392
0
207
0
0
0
0
0
0
9
2
108
0
3
0
5
0
5
3
0
286
0
0
95
0
236
43
0
520
2268
3
0
0
0
0
612
92
1
0
0
1
0
0
0
3
338
51
0
0
0
0
676
0
38
13
0
19
3
0
0
0
62
0
54
36
5
0
5
211
0
189
0
21
1304
2621
10
94
0
0
10
54
12
0
260
5
26
4
0
29
76
11
0
320
0
0
97
0
0
0
0
4
0
4
3
0
0
8
28
0
2
0
17
1
17
0
7
0
143
0
5
154
0
4
89
17
0
2
16
64
4
0
0
0
0
53
0
0
11
3
0
0
0
0
12
45
240
8
0
0
0
0
0
0
0
546
0
0
1
0
373
0
0
0
6
0
0
0
0
73
0
8
2
0
0
11
5
0
0
0
509
71
0
0
0
0
0
0
5
60
26
0
736
0
65
139
0
0
39
0
6
18
0
0
0
0
0
14
0
8
0
44
46
0
0
34
82
0
2
0
0
0
2
43
0
0
0
0
37
0
0
2
110
0
111
0
24
29
0
216
3
0
0
212
5
8
0
0
1
0
26
0
264
0
347
89
0
41
46
8
149
0
5
38
6
0
0
64
23
0
151
1
0
257
0
5
0
1335
0
0
0
20
0
0
0
0
232
3
0
0
183
0
0
0
34
809
0
0
0
0
227
2
0
7
0
0
0
0
0
0
59
0
1
373
0
0
844
0
11
155
0
824
2
107
21
0
0
2
25
106
304
0
34
37
0
14
272
48
3
0
4
1
0
0
320
23
0
0
0
24
439
26
6
1029
6
0
0
2
5
1069
1
81
60
0
2
140
9
561
25
0
0
113
153
0
0
0
1
0
0
0
49
413
136
365
13
1513
137
309
2
41
0
0
0
0
0
309
0
10
0
392
14
0
0
1
18
36
0
0
2
63
1483
124
28
0
0
7
292
0
0
0
0
0
0
23
0
278
59
0
3
0
24
37
3
0
0
0
0
0
0
129
0
8
52
27
0
27
0
1
191
1
1538
0
1
27
16
666
6
0
21
0
3
0
0
0
0
0
0
2
21
373
0
22
0
0
1
2
0
0
19
48
16
0
0
6
0
1
0
17
41
18
29
104
84
5
0
0
0
0
1
156
26
85
0
0
45
0
127
0
105
0
519
43
0
0
0
3
27
12
21
0
2204
3
6
0
2
1
2
11
111
0
2
0
0
29
221
0
0
17
10
362
0
681
992
9
42
105
24
6
32
2
76
0
104
713
81
2
68
0
0
0
160
2
0
0
0
240
235
1562
1856
0
99
0
246
0
0
0
0
0
0
0
21
0
0
0
2406
261
76
0
555
224
2
5
54
0
1609
0
0
2
0
0
1
42
8
0
0
563
1
92
0
10
0
0
244
711
0
24
0
0
471
1
178
0
0
162
90
21
38
0
0
0
0
0
0
4
23
206
27
0
2
4
88
1070
0
1
0
19
3
191
0
942
0
0
167
0
0
0
0
7
0
193
0
0
0
0
145
0
0
0
363
0
168
111
68
102
0
0
105
0
0
0
35
0
32
0
10
0
844
999
3
191
12
4
0
103
70
106
0
166
0
0
0
0
112
0
0
0
0
0
0
0
61
14
38
16
60
131
5
6349
369
34
0
108
0
0
0
0
0
0
12
0
0
0
0
74
76
12
1
1
5
13
0
105
9
534
0
9
10
15
0
19
0
5
0
0
7
56
2
6
0
0
282
0
0
0
26
0
513
647
0
0
0
376
0
8
131
32
493
321
0
149
0
134
0
0
0
0
86
0
80
0
0
195
0
0
0
0
0
0
0
2
419
23
13
239
0
8
8
2
222
0
0
4
0
13
0
0
26
6
0
0
187
38
907
0
0
648
1
0
429
0
0
0
0
0
0
0
10
37
0
0
0
1
0
99
0
0
0
0
0
0
0
2
1
135
3
0
0
0
3
0
16
0
0
0
0
0
5
0
434
2
0
155
1
0
34
0
0
5
186
0
0
449
0
0
0
2
0
10
143
1
30
0
243
65
3
0
19
0
0
0
0
0
0
6
0
0
0
37
0
2
133
11
14
0
0
286
410
0
0
5
0
753
1
0
0
19
33
1120
0
0
38
0
0
0
2
2
16
0
0
0
0
0
200
5
0
559
0
100
0
413
0
18
27
3
91
290
0
973
7
1
0
0
285
0
0
77
0
18
0
0
8
0
678
3
0
6
0
0
0
0
27
0
0
318
0
0
0
0
0
0
1
55
47
26
0
0
11
2639
245
0
8
0
0
0
3
0
0
0
7
7
16
8
19
2207
0
0
0
419
0
6
0
0
0
0
353
70
4
4
0
132
0
0
0
57
0
0
0
0
7
50
0
0
2
0
0
4
0
7
0
0
197
9
49
1
0
0
0
1
0
0
0
4
2
0
0
0
45
2
0
96
1
0
0
0
0
0
0
0
0
0
0
0
1045
0
0
0
31
0
18
46
45
0
1
13952
0
0
0
59
8
0
0
0
0
1
0
0
0
0
124
0
0
0
11
0
0
0
0
0
0
0
0
0
0
48
0
0
0
11
4
2111
5
34
0
1
0
0
3
0
0
1623
349
223
21
4
0
0
45
0
148
30
94
332
13
242
221
194
0
130
39
0
15
0
0
0
0
0
99
0
0
0
0
10
11
282
0
223
0
83
1
0
0
0
25
34
1
0
0
6
50
8
27
11
44
0
1
47
22
0
0
0
0
0
0
0
0
2
0
0
0
0
0
57
11
0
0
0
1354
0
0
0
2656
200
0
207
0
2
0
0
5
256
0
0
894
0
0
193
0
0
32
22
0
0
0
0
0
157
0
0
0
1
2
0
158
92
0
0
0
0
6
3
0
0
0
18
3
0
0
41
0
0
0
0
216
0
0
222
4
0
1
108
0
5
62
0
0
70
0
0
0
0
59
0
0
0
7
13
0
0
4
0
0
24
10
0
0
0
4
8
0
16
0
0
0
0
611
0
215
0
0
5
0
0
0
0
0
78
576
0
0
0
24
0
82
0
0
0
20
63
0
1
0
164
0
0
180
26
0
0
6
0
0
913
0
0
0
644
0
0
2
52
0
86
793
0
0
0
3
0
0
0
0
0
0
0
47
32
0
0
0
0
0
0
0
0
0
0
598
0
52
0
8
0
0
0
0
0
0
0
0
0
0
0
0
0
0
0
0
0
0
0
124
2
64
0
0
0
33
0
0
0
1057
0
1105
0
284
0
0
0
0
0
13
0
4
0
0
0
0
0
0
3
1
0
0
0
537
15
0
0
96
0
0
0
0
0
0
0
3
0
1
45
0
181
65
0
0
1
10
0
30
0
0
3
30
2
0
0
0
0
0
0
0
0
0
0
0
0
0
0
0
0
4
97
10
0
0
0
0
5
0
0
0
560
0
0
0
13
31
0
6
0
0
0
0
0
27
1
0
0
0
2
982
172
0
129
1
0
0
0
0
0
0
0
9
342
5
53
0
0
8
830
247
0
0
134
0
0
3
0
0
1
227
0
0
0
0
5
927
0
237
0
0
7
0
293
0
0
0
0
0
278
0
0
1
0
0
0
9
0
0
0
93
74
0
0
1
1663
0
5
160
0
708
0
0
0
0
0
0
0
6
0
0
0
0
0
0
0
4
0
45
0
52
0
8
293
0
665
0
8
0
0
0
19
0
0
7009
0
0
0
0
0
0
0
0
7
58
0
0
0
0
0
301
0
202
3
0
17
0
388
94
0
209
0
0
508
0
6
0
0
0
0
1077
0
0
0
2
0
0
1258
27
0
18
5
0
0
0
0
0
38
0
35
0
3
4
0
79
6
0
86
0
0
0
0
0
0
1
0
12
95
1
0
0
0
0
0
0
0
0
1
83
0
0
0
0
118
0
0
0
7
0
94
0
0
1
0
0
0
0
0
0
0
0
0
0
1
191
2502
65
0
0
0
0
69
0
0
0
0
0
0
0
0
0
54
0
127
30
0
0
51
1
0
0
0
1435
0
0
105
0
0
3
25
0
0
46
0
2
0
6
644
183
15
2
0
24
0
7
0
61
0
29
0
83
0
429
0
0
308
2
264
70
29
0
0
0
176
0
0
160
17
0
294
0
0
0
17
0
243
0
0
0
0
1
301
1284
915
1
0
0
0
0
0
1061
125
177
0
229
0
0
2
3
118
3
0
23
0
11
14
29
0
0
28
15
0
0
0
143
5
105
537
46
50
219
0
6
9
156
0
152
0
0
47
0
11
0
0
51
2
0
7
5
2
27
1
47
1677
0
0
1587
1
0
50
1628
0
23
50
0
0
0
0
6
0
0
0
0
0
0
7
4
35
12690
236
0
432
0
165
602
8
0
53
0
0
0
4
0
69
10
53
1
0
0
43
274
350
0
0
581
0
42
0
37
0
56
102
72
0
0
64
0
114
0
0
0
0
60
0
13
29
194
20
0
16
252
5
124
156
57
0
0
62
1123
4421
0
0
9392
37
515
0
0
0
0
166
365
0
39
14
254
0
0
0
342
0
131
0
0
3309
2
60
2508
1
0
3
462
0
13
38
219
68
118
357
0
2
318
45
19
0
149
17
0
74
430
0
3
2
283
0
0
0
0
0
0
0
0
0
0
333
28
300
24
448
881
1
13
103
0
24
0
886
0
146
11
44
0
0
0
69
0
1086
285
1426
0
1
55
94
0
146
167
0
2
0
23
0
946
9
134
0
57
292
4
1
0
7
110
0
0
0
177
0
61
0
0
3
0
21
11
0
241
0
313
22
0
81
12
0
1235
0
865
0
193
0
0
8
11
96
110
6
0
0
828
0
462
0
0
149
144
13
0
0
207
70
0
150
0
8
0
124
41
0
0
2487
0
0
452
9
90
25
295
2
2
5
10
4
147
0
12
19
0
116
758
75
23
6
618
36
1
726
6
0
224
0
5
8
20
1
0
79
49
839
22
5
0
0
0
272
109
364
95
284
1
17
0
0
1
59
397
32
0
1
19
45
0
6
19
168
609
0
0
156
0
99
6
48
11
0
0
4
14
320
0
0
52
4
0
104
34
0
57
0
122
39
8
0
0
29
9
438
0
0
0
0
8
8
15
158
4
0
0
2
3
0
0
113
1101
3
0
0
0
40
1044
36
75
1336
294
17
1
0
11
11
0
291
11
71
49
23
33
0
0
9
294
2
0
22
0
0
337
0
9835
0
23
36
0
0
84
0
0
0
14
0
11
90
3
0
218
0
1
11
3
9
376
0
0
40
276
0
0
18
45
0
0
328
856
0
0
46
3
0
0
741
9
5
1
8
0
0
0
46
27
500
0
44
0
0
5
3081
0
1
0
0
1193
4
0
0
0
3
87
0
221
28
0
0
491
483
0
0
10
13
0
0
8
0
1035
25
625
1194
0
2
0
598
0
0
0
53
16
0
49
0
0
112
0
0
1
64
67
130
43
35
0
0
0
1
48
0
0
366
23
0
134
0
3
0
584
214
958
332
1
149
25
5
1126
0
0
0
7
0
141
221
102
21
279
8
0
119
0
0
27
0
1250
0
2
44
252
22
99
2
0
4092
3
0
0
22
0
0
880
0
103
272
311
0
85
0
47
8
1
15
0
155
3712
0
0
0
961
0
123
11
125
0
32
32
6
125
0
0
0
0
0
1290
0
60
0
0
0
2
56
138
225
0
6
0
0
0
0
1
0
0
666
591
2
0
9
0
0
127
0
0
1
0
0
0
35
8
408
46
0
19
0
6
96
297
1
0
0
53
0
0
10
5
2209
6
0
0
189
2
0
243
0
94
0
3140
76
0
13
0
0
492
0
2
0
20
13
61
0
0
215
163
34
0
154
107
0
0
0
1186
7
0
54
165
2
91
0
47
0
81
5
0
0
0
56
30
0
153
82
0
8
0
0
0
261
439
3
39
0
0
88
228
13
0
127
0
144
127
20
1
2
7
0
5
4
3
2
0
1491
21
18
0
0
0
0
2508
115
158
100
0
0
38
22
7
97
13
0
0
0
0
0
0
225
0
0
7
27
23
103
620
1
0
123
0
1597
10
197
0
35
0
108
26
103
0
191
24
70
2
14
0
583
148
24
0
644
270
0
291
0
4
0
0
0
3
809
102
0
418
1
1
55
0
0
0
824
82
0
0
0
59
357
68
0
0
2
26
0
0
7
105
3
0
0
20
4
47
0
0
0
291
0
2
0
1011
0
17
1
8
0
1
6
184
0
0
352
0
0
0
0
0
61
13
0
1
43
0
0
6
0
0
6
0
0
0
109
46
235
0
3
2
4
9
0
6
0
0
0
2
6
2
20
15
0
0
0
0
3
0
0
23
0
0
31
0
0
42
2
0
0
0
32
0
1
0
11
25
11
0
0
3
0
3
1943
0
0
0
0
2
3
41
9
0
0
48
107
0
1199
121
0
44
2
46
0
169
4
10
114
2261
6
0
0
17
1
0
776
13
174
0
2
27
0
71
109
0
130
12
78
8
0
18
145
15
0
0
23
1054
29
0
15
12
0
636
5
603
2701
0
0
80
37
0
5
5
432
29
6
38
264
1
82
11
1
87
136
238
6
0
0
859
5
0
0
0
0
0
0
0
2
0
27
32
6
145
13
52
0
0
66
43
54
0
0
15
470
7
95
0
12
11
0
4
314
0
115
0
0
0
1
599
0
0
364
0
4
33
0
0
68
2
1451
0
589
1
121
336
26
0
0
0
3
0
2255
0
0
1
0
687
3
0
1068
241
5
0
102
0
15
180
26
2
28
163
2
2
356
23
0
0
0
0
0
23
70
0
80
111
0
0
331
2255
15
2650
0
4
0
303
3
162
4
0
28
14
6
3
0
0
0
16
0
23
16
109
0
263
91
327
588
141
566
0
0
1280
0
0
0
0
216
614
0
0
0
0
0
1
0
0
0
0
0
0
0
29
24
83
91
66
6
1
1
143
0
0
0
0
3
0
74
0
78
0
3
0
0
0
0
14
240
10
0
0
0
0
1640
247
0
0
0
0
78
0
4
0
454
0
0
48
285
0
429
9
0
10
0
102
0
13
0
0
0
0
4
87
30
0
0
11
20
0
227
0
95
0
0
0
1
438
3
0
7
1
0
40
0
151
69
308
0
0
0
66
498
0
7
0
0
0
0
234
0
0
234
0
0
0
0
0
94
0
5
260
167
36
0
94
94
106
0
4
10
660
11
207
0
0
0
0
4
50
82
800
0
2
0
0
6
0
0
0
0
1
0
0
0
302
18
0
6
52
74
0
12
3
0
0
3
179
0
74
0
126
80
0
1
2
0
3
0
0
18
0
0
6
37
72
0
2
30
175
7
19
0
63
2
0
0
0
0
0
0
34
0
0
5
0
2
0
17
0
2
25
0
0
46
0
16
0
15
0
116
10
0
461
1
2
54
0
13
0
5
0
5
0
1
2
25
0
11
36
0
0
0
28
127
89
189
0
0
19
0
10
2
1194
0
150
56
902
0
0
1536
415
0
0
0
416
2
0
0
43
3
0
0
19
0
64
0
5
418
22
621
0
6
3668
172
0
12
0
12
17
0
1
418
0
1196
0
0
125
0
19
0
0
356
0
0
41
2
343
0
1
4
121
14
15
0
0
637
63
3
0
297
6
193
0
52
12
217
6
4
0
0
0
0
0
628
0
0
242
173
0
3
819
0
0
3
2
0
0
0
380
3
392
11
86
1168
0
175
0
212
1
5
584
3
0
24
13
0
0
61
0
9
0
0
8
700
0
2167
0
545
27
0
208
0
0
179
0
212
394
0
4
42
291
57
40
1
0
0
11
167
0
1
0
12
278
3
0
0
0
4
435
0
37
2060
44
454
42
8
782
37
0
5
90
522
0
0
399
668
118
0
695
168
9
0
1
1
5
1291
1355
297
9
119
0
19
7
0
0
423
1
25
0
217
49
0
22
11
7
393
43
11
124
0
0
85
1
2
0
0
106
0
28
359
17
0
0
5
35
315
0
19
0
3
414
0
429
43
7
0
0
1646
0
190
702
19
0
92
451
86
343
55
6
1
0
551
0
890
40
0
0
0
4
1231
0
1295
42
1900
19
262
91
189
0
227
3
0
0
0
11
47
107
160
0
14
19
13
338
0
0
338
15
0
0
110
224
47
226
0
0
13
2606
0
0
0
2
15
0
333
73
2
41
58
0
70
6
0
0
9
59
185
0
0
0
0
52
0
0
2
16
0
508
0
8
0
0
0
0
14
0
57
3
23
0
52
0
48
0
4
53
26
8
62
14
503
0
0
0
0
138
224
8
549
17
0
0
200
0
8
0
319
131
0
0
172
35
0
180
81
217
0
67
1
0
1
2
1
1
85
586
22
6
0
139
571
0
67
0
19
1
212
251
503
222
701
0
287
391
4
0
0
45
23
0
193
0
148
163
135
0
44
0
139
548
624
273
0
576
1182
0
1
0
0
218
0
0
0
72
27
0
0
0
0
0
0
6
0
30
756
140
107
16
33
1637
13
2684
0
1
258
0
14
7
0
0
280
23
3
236
2297
0
47
2
0
133
670
0
0
3
0
0
26
0
57
0
83
6
101
13
0
0
811
83
0
0
88
39
0
0
0
0
53
0
2
0
0
0
413
383
29
79
20
0
8
0
0
22
76
455
3
448
158
0
85
30
70
52
0
39
0
0
0
14
0
474
12
29
5
57
22
34
0
0
0
0
0
0
19
49
575
0
0
0
0
0
0
0
0
43
16
21
0
693
2
126
99
0
6
55
1237
17
96
47
0
0
2
0
36
31
1
0
651
0
652
129
4
0
161
27
101
15
1
0
89
13
222
184
0
0
0
648
0
4
0
0
105
4
11
53
0
0
12
0
202
38
0
436
0
1910
0
33
70
12
2
434
0
0
0
252
4
0
0
0
150
0
456
48
0
131
3
3
30
238
211
51
0
0
4
11
0
0
0
0
254
0
0
0
17
29
0
0
139
71
16
0
40
0
17
0
0
1
10
1737
0
2
0
0
0
9
0
36
0
575
0
0
70
14
229
0
0
0
158
0
38
0
13
16
0
1047
29
4
4
0
0
0
0
0
34
248
32
0
5
0
0
1
174
0
5
20
2
0
7
0
79
429
2581
49
249
0
10
27
0
54
0
6
4
2648
2
68
152
0
1107
0
0
5
55
0
91
17
0
8
3
3
65
24
0
0
11
46
0
6
0
30
0
0
0
0
640
202
0
482
81
2
655
0
2
0
140
109
1
20
41
0
41
8
53
283
226
2000
0
0
3
0
12
652
135
20
181
973
56
117
0
1481
161
18
0
0
989
56
718
0
0
0
4
78
0
1438
2
162
330
0
10
403
26
0
7
95
800
0
0
7
9
0
5
279
13
2
5
14
0
653
64
0
0
63
14
3
0
0
0
23
6
2
149
36
9
0
1004
1
0
82
26
0
1
0
5
0
682
0
346
0
70
0
292
43
290
0
23
0
0
0
0
0
0
0
1
5
89
1
824
0
41
0
2
55
53
0
3
0
255
36
19
45
0
0
0
168
244
0
0
38
0
9
0
0
0
651
0
106
858
5
32
17
87
0
0
0
0
278
8
13
0
4
0
0
0
0
0
8
78
66
26
0
25
5
0
0
0
3
107
3
0
7
80
52
62
0
0
57
0
0
0
16
0
0
15
8
13
62
0
2
0
360
0
0
0
0
3
78
17
0
0
346
85
287
6
256
36
20
10
6
30
65
0
0
1
0
521
147
34
56
229
4
106
191
0
0
0
0
78
0
32
38
0
0
410
0
32
3
12
6
39
141
0
1098
0
422
18
0
3783
15
204
1
369
0
0
716
165
11
0
11
62
0
6
1
0
101
25
3438
35
0
0
0
0
7
1264
3244
16
95
1
643
3
236
188
0
0
565
0
92
3
12
224
51
280
104
269
4
0
23
256
28
0
0
0
0
6
308
0
34
11
0
25
0
134
39
177
80
14
51
0
143
1
132
1533
60
0
496
87
55
11
0
27
6
457
13
0
4
1
0
0
0
672
2
26
0
0
71
7
0
0
23
3
88
0
18
0
312
0
373
0
394
0
0
11
4
0
5
0
235
5083
107
90
28
430
0
1231
6
393
1287
11
114
0
34
63
36
0
36
0
10
0
1
5
19
476
21
0
0
0
0
373
20
62
0
63
1330
548
9
0
0
0
44
102
0
50
0
151
107
143
43
246
15
5
0
0
642
1
0
0
0
25
0
0
0
78
0
0
17
510
0
0
0
244
446
233
35
277
28
1250
0
66
7
0
34
43
8
14
0
10
286
4
0
0
377
0
1110
0
12
0
0
1842
0
0
10
4
0
3
0
91
102
164
0
27
0
0
54
85
0
1970
1615
0
480
106
0
0
0
49
272
45
0
0
0
90
5
2163
10
205
61
1
82
0
465
21
25
97
4
7
0
2
1701
0
15
2
0
10
1681
76
33
137
0
0
2
0
0
0
129
289
0
8
43
0
0
0
8
307
0
4
48
31
158
0
1
0
8
7
806
52
0
61
60
0
15
0
0
0
586
62
10
187
3
881
27
0
151
218
0
0
9
470
0
179
0
0
0
0
323
0
0
14
0
0
0
0
2
24
142
34
409
0
0
1
139
0
1
0
300
0
0
0
0
0
0
486
0
0
2
0
21
0
0
0
0
622
14
11
0
54
0
0
0
633
0
0
904
0
0
0
306
26
722
20
0
0
51
130
22
0
55
451
0
0
0
46
0
0
13
0
3213
0
11
62
71
0
0
0
8
12
239
15
56
254
456
0
0
331
246
0
0
0
21
210
0
54
0
128
172
5
16
7
0
36
3
5
0
127
0
0
0
0
92
59
19
218
0
156
1015
33
0
301
0
107
0
307
27
155
0
0
68
974
0
47
4
1
0
152
0
0
0
22
304
0
0
31
44
398
3
12
1
232
0
65
264
333
1
0
3
66
54
581
75
0
42
0
18
0
1
9
2
3
0
0
0
86
9
0
0
0
403
28
0
22
1
3
0
205
9
1
0
0
241
1555
51
1262
0
0
0
0
0
291
0
0
24
12
405
0
0
7
0
0
0
291
382
0
0
691
0
6
2
6
7
0
4
0
0
9
0
0
24
52
0
102
52
0
12
0
0
0
121
0
194
963
0
123
3
14
0
10
0
97
0
71
16
0
173
4
0
36
0
1
49
75
0
0
163
0
0
0
212
0
1
2
1261
172
34
385
0
1
0
3
211
45
46
185
0
0
0
2
0
3
318
189
0
594
3
106
13
22
5
0
138
67
2
0
1
136
24
2
0
45
243
61
0
211
151
0
2
12
7
102
775
479
0
0
471
0
354
0
0
0
6
211
21
339
0
0
1
0
0
0
30
3
0
0
176
0
0
0
63
0
0
132
0
0
0
1862
0
11
250
0
60
0
8
0
0
73
0
5
3
47
30
560
0
186
0
50
0
0
0
0
2
0
16
0
5
0
40
0
0
0
9
0
290
121
1401
0
16
28
142
17
1028
0
15
2
0
0
271
1
103
0
0
114
0
81
0
0
0
14
480
216
141
76
25
40
0
0
5
0
29
3
5
119
95
8
0
6
0
0
76
118
33
138
2
97
0
2
71
1
1749
0
444
0
0
822
0
84
47
408
0
8
0
21
13
1597
81
11
11
0
0
0
0
0
28
368
60
6
531
217
156
0
315
53
68
37
0
10134
8
52
0
175
284
71
2673
0
278
74
18
9
53
0
361
19
0
224
95
0
164
140
3
211
0
0
6
977
0
27
26
15
87
4
0
0
0
0
0
0
120
66
87
1
1271
0
0
3
0
48
344
12
31
1665
1
5593
6
0
91
0
1
0
0
0
0
0
355
385
3
0
35
185
809
0
34
134
180
0
205
0
0
3048
5
1
0
0
0
4
3
0
113
0
0
55
2002
15
185
36
0
323
739
819
162
65
0
110
618
0
0
18
22
1181
0
0
546
35
0
0
0
0
0
164
14
757
0
3
99
2
13
1
2556
90
0
0
3
2
147
10
0
0
59
0
0
0
12
108
1012
33
129
660
0
0
0
81
0
0
0
8
0
138
0
0
392
134
49
0
844
565
62
45
13
6017
8
0
0
2
2076
0
0
0
13
0
0
0
0
18
121
14
0
2
0
323
2
0
89
1439
0
699
18
54
3
0
0
8
52
35
4
0
1
0
0
44
0
2
0
105
236
37
2
100
417
0
0
127
55
0
64
356
3
0
12
0
0
0
0
94
438
0
0
16
176
9
0
282
0
3077
37
0
0
199
0
3
48
29
0
117
17
70
1128
163
0
0
33
0
0
0
0
68
12
0
164
0
5
1
149
0
57
6
0
4
2
26
8
74
28
0
0
180
0
47
0
2
0
3
2045
14
6
5
14
0
128
0
0
145
2
30
24
487
0
0
65
11
31
162
0
158
26
0
2
298
128
115
58
0
13
0
0
0
0
29
0
74
2
35
0
0
49
77
595
9
0
0
98
279
98
8
95
0
22
4
0
82
0
0
11
0
0
0
17
24
0
92
22
0
0
0
0
0
261
0
133
1
0
0
154
11
196
26
2161
53
85
0
3
81
0
2
2
0
0
69
0
15
6
0
0
0
18
333
0
0
0
0
406
0
0
57
0
259
128
0
550
0
10
2781
0
170
11
1
0
28
0
1
0
17
3
2
8
199
1364
163
49
398
0
20
96
434
7
1296
27
3
22
163
407
19
1653
10
21
16
0
0
0
39
325
412
3
422
323
0
0
1
220
0
0
0
6
1
1500
21
0
0
28
179
94
9
10
0
3
2
48
0
260
382
10
6
206
0
52
0
6
0
0
1180
447
819
0
189
0
73
87
127
0
0
3
0
0
0
971
0
105
86
0
3
1304
32
119
42
347
13
0
7
4
2917
2
3
0
88
0
184
1505
64
1
75
11
269
2
16
0
162
151
10
0
3
206
286
0
3
0
74
31
0
0
23
0
0
1
0
0
156
0
2998
0
0
26
2858
0
29
10
2
11
0
73
0
3
8
342
8
0
255
97
213
36
0
5294
478
33
2
0
0
19
0
0
122
4
0
1
133
27
0
267
0
0
5
3
0
264
0
1414
15
65
653
190
396
0
87
0
100
0
370
5
342
0
0
0
0
11
635
17
0
0
695
21
399
0
373
105
116
38
33
20
0
14
0
10
0
0
0
144
2
0
335
0
10
159
1006
16
0
0
4
14
0
0
0
40
845
3
0
621
94
183
0
0
0
119
0
0
49
107
0
0
0
246
3
1
9
0
3
70
14
0
1
57
1
318
0
98
0
0
0
0
0
91
0
17
0
62
134
1
0
530
0
289
0
154
0
0
21
7
175
89
261
0
0
2
89
0
0
68
0
495
88
4065
0
26
4
70
89
25
0
1
0
38
21
0
0
0
0
0
3
0
0
229
21
0
6550
1481
1
0
0
0
374
0
115
0
545
84
0
2
1311
151
0
0
3
263
6
0
0
32
19
0
161
745
0
1841
0
0
392
211
184
29
0
1
0
985
1241
0
56
0
291
0
0
0
1808
450
0
0
0
1133
103
4
202
0
0
3
2
3
51
644
0
67
0
0
0
0
2
0
41
20
0
40
1
18
0
2
116
2
7
0
248
0
37
0
64
3
1
868
1
0
0
30
15
0
266
1088
6
91
59
5
308
22
0
0
46
9
15
500
0
2
4
0
0
0
26
96
406
0
0
124
171
149
29
0
150
120
219
4
0
232
27
21
0
6
6
80
212
2
164
2
11
4539
689
165
0
117
0
503
102
0
0
127
260
4
37
16
9
0
0
0
0
0
1
0
28
502
154
17
0
0
1
0
31
9
1341
0
0
0
0
0
0
39
1240
0
27
30
0
62
0
0
491
192
0
0
3
0
42
242
29
57
9
139
0
0
61
0
0
40
0
3
64
28
0
0
430
11
0
6
0
312
0
40
137
0
0
38
25
55
0
6
4
34
0
52
0
0
0
1
168
0
0
277
96
37
0
300
0
28
0
163
15
3
0
22
1
2
950
22
0
2
2
0
10
0
0
162
6
55
147
0
4121
47
20
209
0
21
0
0
175
14
29
0
82
0
0
142
1061
9
147
11
20
142
25
0
0
64
0
0
0
176
1651
0
38
187
109
299
0
0
0
1
39
7
2130
0
59
0
2
357
39
11
97
9
38
0
78
0
0
14
0
0
0
185
110
0
3
1876
3
0
0
0
41
307
3
0
146
0
10
62
177
374
0
84
0
9
423
42
112
0
0
0
51
0
0
0
174
10
247
597
0
5
0
2
29
10
142
0
0
214
48
107
0
0
105
23
521
0
0
102
0
3
0
0
322
8
196
0
0
2
0
36
6
587
351
0
2
22
126
175
53
0
0
23
127
0
12
6
796
5
76
0
93
11
0
0
16
0
368
352
16
1
61
0
0
295
0
0
53
0
0
0
4
0
58
0
0
18
2
0
539
258
3
416
0
0
0
412
0
2
0
42
0
0
27
0
25
0
300
689
2
0
1789
0
0
3
47
249
0
91
9
0
1
0
0
849
53
7
1
0
18
0
0
0
8
0
99
10
0
0
0
0
0
0
4830
0
9
3
1014
0
30
0
0
987
67
48
6937
59
0
887
0
2
5
34
35
0
294
0
574
0
0
563
2
113
0
0
7
492
30
0
0
30
115
359
490
16
0
0
266
0
0
0
54
3
4
0
9
0
4
47
10
173
73
0
0
0
37
82
47
2569
0
40
0
39
0
799
20
54
22
529
0
170
13
0
112
195
5
0
12
142
61
58
0
0
0
1
40
834
24
7
6
2
1342
5
3
485
18
168
7
0
525
0
23
0
26
498
8
42
7
277
0
58
5148
4
0
0
109
0
75
123
1
74
120
788
504
0
0
33
0
2
18
459
11
9
0
4
319
0
0
30
0
0
0
0
0
0
6433
0
0
0
1264
0
28
0
20
1085
0
0
0
1
23
1
0
12
29
68
318
0
0
41
96
84
297
232
30
0
59
0
35
401
4
156
0
35
1033
0
49
54
0
0
118
5
76
25
2
0
11
0
1
0
0
0
300
0
2
97
137
0
3
0
99
0
154
15
16
4
0
762
0
588
0
760
128
0
21
541
0
52
18
0
0
317
0
33
116
1237
4
0
0
6
11
751
0
9
0
822
1
0
0
0
285
0
2055
0
0
62
0
0
0
173
0
71
0
137
0
3
87
0
15
0
9798
0
10
2
0
0
0
43
0
0
0
36
0
3
0
0
396
0
487
8
107
0
0
197
68
0
0
0
0
13
0
193
77
3
0
189
1
0
472
0
228
0
0
155
0
0
11
70
0
199
7
2
0
0
0
0
0
294
0
0
0
0
303
19
0
619
0
0
3
13
35
0
0
0
125
3
0
0
37
8
0
0
20
127
0
11
45
1
78
0
0
644
3404
0
0
0
0
116
0
49
4
8
0
0
0
0
413
34
1
5
0
141
0
3
66
17
50
0
0
37
0
3
193
2
0
74
943
0
108
0
0
7
51
0
0
5
5
85
7
194
0
40
0
0
0
10
559
0
211
0
0
0
81
0
0
12
17
0
176
28
0
31
0
0
68
14
0
49
102
0
0
11
5
4
6
82
0
0
1
7
0
1016
0
5
0
355
0
78
20
303
0
0
17
0
696
13
0
60
0
0
3
4
522
0
0
10
3
3
69
24
231
140
0
0
229
0
21
0
445
1239
948
0
22
11
360
138
0
0
0
76
20
28
9
93
67
936
76
250
133
1339
343
0
0
1
3
174
56
0
157
0
8
15
0
4777
0
1
1
19
73
0
1
260
0
34
6
6
0
0
0
281
0
26
0
0
0
0
27
7
0
414
9
38
0
694
7
3
4
0
67
0
12
0
1
45
0
318
89
0
15
1207
9
8
2
0
0
0
228
0
0
0
81
0
4
0
0
64
927
297
0
0
0
0
43
0
2
0
0
2
0
2
5
0
0
0
218
0
0
2
1
160
895
291
702
0
2
125
0
0
0
89
835
159
20
1
52
0
0
7
132
0
0
0
0
6
0
0
0
0
0
0
0
8063
0
46
28
0
28
9
658
368
457
0
0
0
509
0
40
89
0
0
0
102
134
15
0
0
74
0
595
104
1
2
28
0
8
37
15
0
9
1
6
1
0
10
1197
99
5
183
26
17
182
995
4
29
0
0
10
0
265
47
926
1074
0
2
8
15
133
0
17
0
67
35
13
204
22
203
0
0
93
1
2959
0
0
0
2
7
0
13
1
20
15
0
96
0
260
335
42
123
0
28
4
56
56
2817
712
0
0
328
2
44
0
949
0
0
2898
0
0
1
0
0
4
3
0
274
0
0
327
0
0
0
19
5
5
10
0
0
222
0
88
178
4
0
1
1331
19
4935
2
55
0
230
200
0
2
91
27
4
21
0
0
74
1
29
0
0
355
5970
10
26
90
866
0
13
2674
0
0
735
205
0
289
22
2773
6
0
0
461
1
54
0
0
503
0
32
0
0
0
2174
485
10
10
119
4
590
877
32
0
2071
0
0
9
0
75
0
0
948
0
0
27
168
110
0
680
8
159
3
4
6
0
99
0
407
175
224
0
0
5
0
644
4
0
1074
195
0
0
26
12
61
0
807
116
126
191
0
0
1301
493
75
65
0
0
298
273
409
0
0
53
110
0
1
0
0
128
0
10
3
1005
188
0
0
4
11
8
471
108
0
187
6
0
43
134
0
22
584
0
0
52
85
54
0
40
0
241
8
40
0
176
1
0
0
36
161
0
1178
72
0
1
247
52
99
107
14
23
2
126
0
31
12
0
1
1
0
0
0
6
0
2476
427
61
0
0
0
1
981
73
39
20
25
0
546
0
0
0
0
378
174
211
13
0
62
250
255
0
42
41
0
4
0
0
0
2
30
1015
170
0
16
103
11
73
1
0
9
11
45
2253
0
0
0
25
50
2
20
3
5
12
7
0
343
3208
969
0
388
0
18
0
5
1
6
0
457
7
701
206
369
0
161
0
1270
5
458
0
10
16
15
44
168
713
454
1459
0
359
0
7
0
21
107
17
618
50
149
12
9
7
0
20
11
22
86
41
0
168
108
0
323
12
12
641
39
428
122
436
41
490
22
0
0
0
1
4
48
1108
0
23
596
0
106
0
0
34
367
118
0
0
0
0
12
0
26
120
1316
0
5
490
249
0
545
45
0
55
4294
127
15
83
0
0
435
0
874
122
33
108
29
0
1
0
0
8
0
0
6
42
0
2
0
27
1
14
0
0
12
136
2
0
0
18
0
60
0
0
493
1
0
0
283
5
0
0
116
500
0
143
0
591
81
22
44
642
355
7
26
0
0
0
69
214
20
2
3
0
7
0
0
0
0
0
77
64
9
0
2913
0
2
0
49
0
126
2
0
228
0
148
97
22
0
0
0
182
29
0
7
0
0
97
266
0
0
253
0
258
0
536
0
1158
873
0
0
9
469
1
9
53
0
496
160
7
987
50
0
0
0
0
61
118
383
0
6
0
0
66
0
1117
70
0
0
27
0
0
1
0
178
418
6
1017
299
1009
15
121
175
817
930
6
0
21
9
21
80
0
442
0
0
0
0
9
2
4
12
1
2
12
1
0
3
160
102
0
0
0
26
2
96
8
118
15
0
0
195
21
800
2
61
0
126
0
72
188
0
158
23
245
0
807
49
764
0
107
24
2
0
2
48
97
13
88
12
22
12
167
215
4
502
1321
151
0
0
345
1
0
104
0
89
0
59
0
0
0
0
27
6
9
0
816
353
14
6
227
9
0
186
203
0
0
0
28
0
17
10
0
3211
98
1
46
80
29
0
0
131
8
219
497
11
1
144
5
120
0
0
26
0
3
0
50
0
0
0
43
23
0
45
0
29
2
49
133
3
11
34
0
1382
56
0
1
106
0
0
3
28
352
137
0
0
487
11
0
1
0
205
381
19
0
148
0
0
20
15
17
35
0
513
192
196
0
0
3
18
0
15
26
76
19
0
0
12
4
0
2724
0
0
21
11
489
62
3
4
0
6211
1005
138
95
0
5
0
0
59
0
3
144
114
637
956
0
1285
0
384
0
0
1
3
132
0
1
0
0
0
50
0
67
0
542
4
9
0
44
0
119
3
86
4
3
0
652
79
0
2
0
0
0
19
23
1
54
0
195
2
224
381
3
0
1
0
0
0
61
0
199
669
0
0
0
2776
7
0
3
12
100
5
6
9
11
46
0
8
115
0
0
22
0
41
1363
0
16
574
8
3
0
85
0
0
1
71
0
0
186
0
3
0
0
327
0
33
5
1
0
1
0
1427
0
0
0
0
980
0
147
2
0
65
116
0
0
236
0
19
5
0
246
0
0
58
0
0
12
75
0
1
0
2643
11
12
0
0
70
0
252
33
0
1
28
36
3
16
27
0
0
0
0
339
37
0
3
0
0
43
48
38
8
0
41
227
1015
0
0
0
154
35
0
469
973
0
0
108
38
0
0
5
1226
0
3
113
26
1
67
0
5
1
0
0
7
22
5
14
0
165
165
284
38
0
144
0
2497
0
0
0
10
142
21
1319
68
0
3
16
571
4
0
99
1
14
3
11
26
149
2
119
0
0
107
375
0
0
891
8
1206
2
0
0
0
45
0
638
0
21
9
0
0
0
1914
601
0
60
250
10
206
1476
582
67
168
8
0
5
2
0
182
0
58
29
301
6
373
247
202
0
0
0
0
0
3
21
14
0
0
242
0
73
144
0
377
0
0
248
212
11
886
1042
0
12
2
116
0
372
0
7
0
429
0
0
70
0
2
970
0
12
24
0
965
0
1
0
1649
45
516
442
235
0
348
139
0
311
26
3
52
297
14
64
0
0
12
0
5
304
3
1
3
0
1
0
0
164
30
0
19
70
82
56
257
18
0
0
0
591
363
19
5
3839
0
0
25
0
4
0
58
0
52
0
15
7
0
13
387
23
37
230
28
3
0
5
3
0
111
194
0
912
0
0
0
13
5
0
3
16
795
0
10
25
37
0
4
0
96
2
75
14
0
4
340
0
142
271
0
0
290
235
4
0
2418
32
14
0
76
2
294
1
0
0
0
1407
0
0
1
0
373
0
8
8
0
0
25
0
135
40
0
280
124
9
0
8
107
0
18
0
0
29
0
0
0
315
0
24
17
0
161
21
82
290
17
7
162
0
0
1037
0
9
0
0
0
699
12
0
95
0
65
53
8
188
0
12
91
65
189
0
260
3
0
129
0
0
0
764
53
0
130
41
0
0
2
571
0
211
0
3
1
0
23
0
0
17
0
29
198
0
44
0
0
64
41
2203
77
0
0
0
41
25
82
0
53
39
0
0
7
0
0
0
3
6
0
5
33
0
0
0
0
1151
0
0
18
17
0
0
0
114
242
3492
0
0
64
18
1
21
341
58
1
4
48
31
4
1
9
0
1
81
213
2
0
35
2
0
0
13
61
0
0
0
7
0
1
0
9
9
38
110
0
45
104
13
0
0
225
3
0
68
0
0
223
0
0
61
1
881
0
61
11
10
10
0
0
0
10
0
4
3
0
4
5802
17
112
0
0
0
21
68
114
3921
0
1
15
1
0
84
80
0
902
5
121
4
0
93
0
0
242
0
0
3
0
11
95
8
308
0
0
979
16
0
1601
0
0
298
289
6
0
0
747
0
261
1062
3
7
0
1871
121
91
0
167
30
0
0
3
0
32
2888
417
0
1709
0
93
78
0
0
17
0
220
248
12
0
133
149
161
13
15
771
139
4
0
206
356
0
94
0
0
0
159
47
137
31
45
2
16
0
4
9
0
0
0
0
135
0
511
0
134
0
2
0
45
3214
0
138
0
21
21
0
22
84
14
7
42
111
0
0
0
0
0
90
0
0
5
0
19
73
4
40
523
0
0
0
2
0
0
193
0
1
0
19
0
236
0
0
0
5
0
29
59
0
0
0
218
194
0
0
0
0
12
0
0
49
19
0
30
8
525
25
0
8
0
0
280
0
0
5
0
0
0
87
0
29
0
0
2
35
59
76
2
4
0
0
11
0
182
0
43
28
73
571
2
0
1
0
4
0
1
0
0
0
46
67
0
4
1
155
0
14
0
172
72
2
20
18
8
0
16
21
1
8
0
0
0
0
17
5
40
1
0
553
52
58
21
33
0
197
56
0
118
27
71
50
45
0
0
8
11
0
8
2374
0
0
39
0
0
0
100
94
2
1
33
0
0
0
11
0
1
11
186
0
0
0
0
0
4
166
0
946
13
0
38
672
0
1
11
61
0
56
0
0
0
1
49
80
0
0
502
3
2
0
0
0
0
0
0
155
21
0
0
0
3
15
322
0
2
0
2
5
0
69
554
34
0
0
0
0
0
0
10
37
72
0
10
40
11
0
0
70
73
2
0
0
0
0
0
35
2
1
0
42
0
0
0
1805
0
92
18
3
74
0
2
0
0
217
209
0
0
0
0
11
35
3
25
0
17
287
6
113
0
5
18
494
861
0
0
0
7
165
10
8
0
1326
0
0
0
0
109
0
11
0
0
196
0
178
21
0
0
6
0
232
2
1
449
12
0
0
21
0
18
55
113
0
0
11
0
818
22
0
0
14
0
10
0
0
4
82
352
0
3
36
2
0
113
0
4
246
0
0
0
279
6911
0
0
0
0
14
0
6
0
52
107
18
1505
1
4
0
7
209
67
9
40
20
2080
473
0
0
0
2
39
61
0
0
10
0
239
0
469
0
24
2
1
0
221
160
0
35
116
3
0
681
68
25
2
60
4
22
0
0
30
7
0
0
644
14
2
0
18
0
18
144
21
0
0
0
248
287
10
0
0
16
0
32
3
2
0
52
150
0
3
0
0
11
0
0
0
669
0
32
0
13
8
0
0
0
3
50
44
0
0
0
56
0
38
88
0
293
220
1
0
5
0
5
4
6
31
9
0
0
937
4
0
242
0
0
47
0
2
45
74
0
0
444
39
138
0
48
0
4
60
77
0
0
0
0
0
52
0
3
0
4
26
28
7
0
0
0
0
7
164
148
7
0
0
237
124
0
33
130
205
169
0
21
30
61
0
7
64
3
1014
0
87
2
0
0
0
0
13
0
3
0
104
5
0
0
0
26
162
5
243
1
72
578
40
0
4
3
0
3
116
0
2
0
78
0
19
1
17
0
96
0
0
0
449
43
110
5
0
3
552
2
30
0
6
26
80
0
87
0
499
0
24
6
0
0
29
1
78
653
2
0
0
218
14
12
138
1
0
0
1
0
0
13
137
1105
284
10
0
108
40
67
189
0
1
0
0
0
511
0
56
0
174
0
29
63
0
0
0
27
452
115
20
10
33
0
21
2601
0
73
11
0
30
23
32
45
0
0
0
1337
0
0
702
69
0
702
0
4
12
0
42
39
179
44
0
310
0
1
0
2
869
4
23
13
90
9
7
0
0
0
5
55
15
0
6
99
0
0
18
541
0
1
178
4
0
0
4
0
0
292
0
1417
10
0
0
0
15
12
2
5
444
18
1045
148
33
187
3
67
7
819
1
0
536
21
0
0
0
221
0
1
7
325
2
9
0
12
3
176
0
2
4
0
0
60
0
0
0
71
43
1
101
36
0
4
0
0
56
0
187
74
259
0
3
8
970
0
8
0
0
242
44
2
0
1454
213
30
6
2
0
27
0
1
165
0
2
0
111
0
24
0
7
0
0
60
3
19
0
424
0
0
12
0
2
7001
7
117
2
0
0
0
44
138
37
0
220
9
235
3
0
81
0
0
45
9
110
0
4
16
1252
425
58
0
4091
0
114
50
0
26
0
11
5
155
51
31
95
0
0
4
55
0
0
110
2
0
0
37
33
35
0
957
13
157
0
330
82
35
228
249
25
0
0
17
0
5
1042
13
117
71
0
0
0
1
11
0
1
17
24
154
163
0
10
0
0
286
7
14
5
0
298
8
1202
0
40
0
6
0
18
65
68
0
163
58
0
6
0
1
0
0
86
133
68
0
22
0
36
13
0
0
0
205
0
0
16
0
2
562
0
531
1103
0
2
413
9
0
94
3
2
260
0
185
0
29
125
0
0
93
1
142
7
0
6
63
1
549
10
0
0
17
75
0
0
0
0
2
133
69
6
0
7
315
208
1
40
1079
208
0
0
0
279
66
0
0
99
65
144
0
5
0
40
0
1238
442
0
1
19
0
75
0
0
0
0
0
152
28
0
0
0
0
0
19
396
10
0
35
0
24
0
168
0
0
98
0
16
1
164
2
0
0
159
0
442
363
43
317
37
0
302
0
0
82
0
47
0
0
116
0
0
7
0
0
1
1709
0
0
4
16
2239
0
434
0
31
0
0
12
30
36
50
87
0
96
1
1
0
10
269
39
22
4
0
6
15
0
0
0
308
225
171
103
710
394
4
13
0
0
0
138
41
0
237
849
813
66
0
11
38
709
0
18
10
283
0
234
0
384
50
219
0
14
0
5
364
0
44
20
47
15
331
37
39
0
15
0
7
0
0
9
61
107
0
2
151
0
0
0
160
0
9
102
1419
56
0
405
0
0
1
0
135
0
3
0
0
104
0
13
0
3
73
6
15
0
0
0
114
0
57
1
5
0
6
27
1
46
0
70
0
3
0
6134
15
6
0
0
74
38
125
16
543
0
0
1752
0
4
630
0
0
0
12
660
81
0
3
834
153
0
0
1
0
0
7
2961
2
0
25
14
0
709
0
0
0
2139
35
302
0
101
0
1474
0
7
10
0
0
0
8
0
3
0
0
344
23
0
1462
0
0
0
4
3
0
1031
3
2
0
0
36
0
2
170
425
0
85
17
4
28
124
1169
32
0
0
2258
109
1
430
2126
0
617
393
8
4
0
0
0
20
187
0
0
0
0
0
2
0
0
0
14
7
40
5
0
60
0
527
6
0
23
0
103
39
3
0
542
0
0
14
0
9
0
0
48
651
274
0
9
175
68
28
6306
140
5
16
1535
931
0
12
12
0
69
0
0
76
0
1075
2332
0
0
0
27
343
64
83
419
18
0
0
0
660
404
0
1
12
0
2
5
1252
14
198
10
2
0
264
0
10
689
34
2
42
0
0
36
344
0
8
130
609
1
1
927
167
0
0
2552
1
0
101
0
4
0
0
10
0
0
2
265
5
147
0
127
199
0
0
42
276
84
0
47
0
0
30
0
363
43
189
19
0
1
0
0
15
0
0
0
59
2129
576
523
0
50
16
0
96
0
8
0
4
7
243
136
0
31
157
7
347
0
7
67
0
0
0
0
2
501
101
42
2
0
414
7
1
0
62
4
71
330
0
0
117
5
0
78
0
20
0
0
0
3
0
25
85
0
580
0
0
0
8
0
78
6
703
0
31
800
0
0
0
36
0
16
716
25
0
0
1
0
57
6
40
26
2
2
5781
117
0
0
0
0
1386
0
0
1
109
0
18
19
61
2
0
0
243
0
0
9
2
0
52
0
7
0
370
39
0
1183
58
0
132
0
17
0
0
205
0
0
3140
56
0
0
0
90
94
0
35
0
0
566
3
45
2
5
0
21
0
1
7
0
0
105
0
1
6
0
56
0
0
477
3
0
0
0
8
7
0
0
0
1
0
0
0
0
0
66
6
142
108
2
0
46
0
121
0
0
0
27
0
6
0
0
185
0
76
43
3
3
19
1
192
0
0
108
0
479
0
304
1009
0
1
9
0
0
37
0
89
8
0
0
146
0
429
0
0
32
14
369
23
888
239
0
43
0
176
268
0
0
105
11
5
1
373
2
0
73
13
498
33
326
0
2844
43
234
4
0
446
0
91
111
7
0
0
0
170
24
45
0
0
0
189
3
3
2
251
0
0
0
0
435
135
68
136
51
0
1
0
23
0
2
0
0
0
32
357
0
86
0
0
0
1046
0
4
0
364
0
150
0
4
13
475
0
8
0
15
5
12
46
31
0
217
0
180
0
0
0
0
32
0
207
0
132
0
20
0
0
0
0
0
0
0
0
169
11
118
0
0
61
37
0
2
16
0
0
36
17
257
644
0
77
13
357
4
89
0
7
1006
50
7
64
0
410
13
0
273
1141
18
1721
0
263
7
0
24
0
6
9
3
0
6405
0
611
0
60
2
118
0
186
233
100
0
49
643
0
468
0
0
0
110
1
2
0
6
0
0
85
0
23
0
2280
3
0
5
0
7
102
0
0
411
14
66
0
22
11
0
2456
0
0
52
226
0
389
0
0
0
0
53
2614
832
0
0
0
0
82
1
0
0
486
435
24
1
33
0
34
16
0
388
0
300
150
0
0
0
121
290
0
0
1
0
57
0
13
1
0
1
0
0
5
25
0
0
7
7
4
1
1
0
0
1
0
36
3
0
0
0
13
103
123
1478
60
2
262
0
0
1
3
0
0
5
0
11
0
55
0
1
0
0
1
0
0
0
8
0
144
0
7
0
0
46
5
1
7
726
392
284
1
43
52
0
6
3
0
113
0
1
0
1
4
0
3
10
0
1
1388
1
0
0
4
0
29
0
548
56
13
321
0
0
59
0
465
2
0
0
2
0
19
92
0
96
263
511
661
0
0
0
0
0
1
52
0
135
103
6
35
0
66
611
0
17
35
37
6
28
177
0
56
2942
941
0
0
3
53
0
0
2
192
2855
6
4
2
1306
2
0
0
0
7
58
324
465
1354
376
0
0
36
0
803
0
0
75
381
0
4
6
191
779
0
738
194
0
436
0
0
14
235
112
106
21
0
207
24
104
0
235
280
1263
0
0
21
0
12
0
0
250
7
0
3
34
804
0
37
125
60
8
0
0
164
0
44
4
0
0
13
243
0
0
1
0
0
0
0
0
149
45
129
183
341
0
114
0
0
58
606
154
62
7
108
3
0
7
1
134
0
1429
10
0
130
0
0
13
0
2
0
0
0
0
86
1
0
0
16
0
2
299
0
608
0
0
0
0
16
0
0
1
401
1
3
0
4
0
0
221
0
0
0
0
49
10
0
12
37
0
0
437
0
20
0
72
10
0
0
27
158
46
222
718
0
0
76
0
0
13
125
4
0
502
0
42
0
0
0
0
161
99
159
783
0
0
7
21
130
7
34
3
11
83
0
32
0
88
1
478
0
0
103
0
0
19
0
84
122
0
278
0
0
89
0
657
36
17
449
0
1543
2852
0
2
7
0
0
0
3
595
0
227
2330
210
22
24
153
3
15
0
28
25
2
0
2
213
224
120
73
0
379
656
8
28
0
1491
4
0
2
219
0
105
67
650
0
12
2
175
371
0
0
964
2
26
0
1
1244
0
0
208
9
391
111
0
267
0
15
166
664
13
1
0
354
0
0
6
0
0
0
181
0
1327
0
0
762
0
2
5
3
79
36
94
803
0
0
29
69
1
0
0
47
0
22
39
0
4
165
0
7
24
0
385
462
0
78
11
67
0
4
0
34
0
29
0
0
0
0
73
0
143
6
11
0
703
0
0
1
0
27
8
941
0
77
111
116
0
0
0
3
0
0
0
0
235
0
35
2
16
125
0
12
4
18
0
9
4
0
37
6
20
219
0
922
80
312
0
0
282
8
10
174
1
478
63
0
0
34
17
0
117
39
75
12
0
0
10
455
227
76
3
1302
12
0
168
11
11
0
22
23
993
298
214
1735
483
0
27
22
0
456
79
0
2
0
82
174
2
0
161
123
1
153
0
1448
0
0
10
0
0
194
81
475
0
77
0
39
0
77
0
0
9
810
63
6
47
97
36
3
0
0
92
4
0
63
0
75
342
0
150
0
32
4
864
944
77
17
83
0
202
0
46
0
8
1
3
0
5
13
26
6
498
117
0
0
108
79
11
0
0
0
65
160
0
72
0
36
1
1757
27
13
3
0
0
0
41
31
0
30
75
76
5
3
0
1976
0
8
185
0
320
3
11
0
3
0
72
0
99
0
52
20
508
10
0
0
1
369
0
21
1322
0
27
0
0
0
0
12
0
16
37
15
0
0
8
11
20
0
0
37
5
0
134
21
946
501
9
0
0
44
15
0
762
307
12
35
265
1
0
13
91
0
0
47
243
1
579
0
46
704
126
0
10
202
97
384
0
0
0
218
84
0
49
163
339
11
1
7
0
12
0
0
5
2
6
13
274
243
84
4
371
18
93
0
379
276
0
13
0
50
117
92
216
0
0
15
211
188
1
0
332
13
0
0
5
0
833
0
0
8
1667
0
0
0
6
18
3
1042
1
5
0
19
73
43
0
106
193
0
0
424
0
3
3
109
0
9
0
1
30
0
2
98
4
0
40
0
36
123
0
6
11
0
4
0
287
0
2
385
208
0
0
3
15
6
0
9
1192
0
311
87
22
434
0
479
54
0
8720
51
40
0
0
0
3
82
13
3
157
22
0
53
0
0
0
33
3
31
39
25
426
332
2438
195
12
1872
0
9
0
285
17
0
0
347
0
17
86
0
131
40
0
7
120
152
0
0
0
383
0
5
98
2161
0
0
0
0
0
3
13
44
0
5
90
87
0
0
9
0
57
3
44
0
0
334
174
0
2
408
52
0
0
25
0
0
54
0
0
77
0
26
0
25
140
337
3
0
0
0
4
59
3
0
142
0
142
0
0
1
0
0
0
0
11
0
81
6
96
374
6
0
788
22
0
0
4
0
3
0
3
349
2
1
0
30
0
10
1354
900
0
173
155
0
117
0
156
17
61
31
86
0
109
5
0
1
0
102
0
0
22
66
0
0
0
54
166
8
12
0
0
14
0
0
0
0
0
84
0
0
280
212
0
0
0
0
6
0
2372
40
0
511
50
17
0
0
28
62
10
0
0
54
31
0
0
12
4
0
0
0
118
0
1
121
0
8
15
0
2
0
0
113
47
22
0
0
0
0
516
0
0
708
144
0
8
0
150
38
0
0
171
0
28
8
0
9
0
5
160
3
0
0
0
5
1504
4
0
9
0
0
0
28
475
0
189
10
2
14
66
0
0
328
203
0
17
0
85
1403
3
863
2
4
13
0
0
0
16
0
679
0
0
723
1
0
0
0
77
347
0
0
0
0
18
0
34
0
202
270
35
24
211
15
160
0
0
3067
0
5
0
2
0
34
53
654
0
0
104
0
17
0
14
0
0
0
5
0
1
0
0
18
1
73
2
269
26
258
0
82
16
0
4
0
0
150
0
0
223
5
0
0
0
10
0
0
1
5
0
62
0
33
0
113
7
36
0
25
5
0
22
0
1
0
153
1019
0
0
0
5
0
0
7
15
0
44
131
0
64
0
15
125
0
596
0
47
0
52
0
0
0
41
8
0
0
0
0
6
0
0
0
2
0
0
0
14
0
23
0
102
0
0
0
0
0
16
309
0
707
173
0
0
1
0
4763
82
39
9
0
0
84
1647
7
0
0
0
3
40
6
3
11347
10
8
0
266
0
1428
23
338
253
0
77
9
13
134
0
0
40
59
17
569
107
0
6
2
3
981
0
0
2
197
0
0
1
0
0
0
0
4
5
9
0
0
0
2
1
92
115
2
130
217
1086
79
30
0
114
5
0
22
0
0
0
0
0
0
46
0
12
0
20
0
33
0
0
50
74
0
0
6
0
0
0
0
5
60
77
929
0
358
172
17
0
110
1
3
0
3
0
265
13
27
0
2
0
5
60
0
8
8
185
0
88
0
117
153
0
99
27
33
65
17
0
3
0
3
0
0
0
15
0
0
2
104
17
0
0
4
0
0
766
0
0
82
71
0
57
0
42
506
5
31
94
684
299
5
28
0
0
0
28
4
55
196
0
0
13
516
0
0
0
0
0
9
0
0
1242
5
11
3
216
0
1
0
18
281
0
8
230
82
281
147
0
79
0
0
0
14
93
66
0
0
46
6119
449
0
0
137
0
119
4
2
1647
0
38
0
3687
0
4
38
384
29
3
232
0
27
721
0
0
0
14
0
0
71
15
0
0
39
4
0
0
0
115
28
457
135
3
0
0
0
0
10
1594
7
0
0
118
19
0
8
301
2
0
27
0
0
0
0
19
0
441
0
0
6
0
5
6
0
454
0
0
0
0
0
7
0
0
0
0
137
118
14
210
2
28
5
57
40
20
153
0
117
436
0
0
0
23
954
16
6
6
166
129
1727
0
0
0
0
0
9
84
0
0
0
0
211
5
305
0
37
0
34
50
0
0
161
14
10
2
0
43
0
17
82
0
311
10
2108
0
0
117
0
17
0
0
23
0
0
249
57
0
69
3
6
1764
15
1
4
425
0
0
5
50
0
50
31
0
0
402
0
63
3
12
28
7
33
97
171
177
0
284
3
408
256
463
6
0
20
38
325
0
0
0
1330
0
34
1
13
9
932
0
27
1
161
0
447
0
268
0
26
41
5
0
2684
0
15
3
3011
0
0
3
0
0
0
2
2
98
14
0
0
40
0
34
131
0
13
1181
108
3
72
116
44
0
6
0
26
1930
6
4
974
0
0
8
0
0
0
38
366
0
0
6
0
0
17
29
0
51
1
0
2
88
845
35
0
343
326
0
252
29
0
61
344
117
0
0
43
22
622
29
0
218
0
762
111
0
21
6
0
3772
21
29
18
0
5
0
0
53
8
131
0
0
80
14
39
0
0
25
353
0
12
317
60
0
3
0
0
0
232
430
0
793
0
9
5
0
0
114
6
5
223
0
150
36
802
407
0
0
0
8
73
86
1
118
0
153
0
0
25
22
179
0
0
60
0
0
60
3
1
0
2
0
1
83
0
0
0
0
4
66
34
0
6
8
3
133
0
247
0
245
11
10
567
12
0
274
3
3
0
6
0
1419
0
9
0
0
18
300
0
212
0
2
2
3
0
0
10
0
0
0
0
9
0
1
0
91
0
0
20
41
0
10
198
0
2380
165
1
0
0
965
0
16
267
0
0
0
15
0
0
0
0
0
13
0
3
0
0
0
0
58
0
2
2
0
1129
0
84
0
166
224
0
0
0
193
2333
153
0
0
44
14
11
1
51
7
0
1
27
0
43
0
419
40
157
0
24
9
0
2
0
411
0
6
7
0
0
0
3
2
5
109
27
20
2
5
86
0
52
0
171
0
84
0
0
0
70
0
0
413
4
2
0
46
267
58
0
0
3
2033
52
4
0
329
49
0
150
21
28
13
6
682
16
1
0
5
87
0
79
51
0
0
11
378
8
8
3
48
1
1
0
0
164
133
745
0
28
0
28
7
0
0
1366
0
331
3387
218
1
0
138
1665
0
7
18
0
34
0
519
1277
10
648
0
836
219
3
35
7
317
64
13
4
8
6
1
9
2
22
0
0
3
0
161
93
96
2
112
156
268
14
0
30
2
60
12
505
0
0
11
158
2
0
0
15
211
0
0
16
0
0
27
0
1
3
0
0
1
0
0
0
3
49
0
0
0
0
0
0
9
53
11
1046
0
45
0
0
6
2
47
0
2
1545
0
0
0
1
7
74
1
0
688
0
4
366
0
71
43
0
32
11
0
4
0
46
14
0
0
428
210
1
616
175
371
0
8
0
0
0
19
0
0
0
3
0
0
8
0
365
332
0
1803
0
0
5
0
0
105
36
8
46
209
0
0
12
11
97
0
43
12
2
0
0
0
0
0
256
797
677
113
0
25
1171
236
5
0
0
212
33
1
101
263
0
122
28
2
30
0
499
4
2
0
0
0
229
104
14
64
0
0
0
8
39
43
0
0
0
2
208
5
0
2
0
0
0
0
5
9
0
2
30
0
0
0
0
0
2
1
0
51
0
0
0
124
6
11
39
0
1
231
35
2
32
35
0
0
2
0
1
0
6
0
429
2
0
2
8
0
56
0
6
0
3
0
1
11
28
2
0
246
1
17
38
0
11
64
0
0
0
0
0
0
13
77
0
0
11
2
30
4
0
0
0
117
4
5
165
0
1
321
0
523
94
62
2
0
55
0
88
0
0
1
151
2
370
31
42
0
0
0
0
26
0
0
0
0
6
1
31
0
65
0
0
1
44
13
0
0
27
6
37
2
0
48
23
16
34
307
1
1
0
0
3
6
337
0
161
214
2
3
63
104
0
111
1
47
60
0
0
0
107
0
2
3
12
0
2195
0
173
2
0
0
0
0
0
0
60
0
35
0
31
0
31
0
0
0
21
371
50
0
0
0
6
57
0
39
1277
0
30
34
30
1
0
2
11
0
38
3
42
31
0
56
50
0
9
5
0
0
0
0
37
29
1
0
56
370
0
6
0
540
63
41
0
0
13
0
0
3163
11
267
9
10
9
0
14
27
16
22
0
0
0
0
0
338
17339
0
0
2
52
46
73
0
4
0
2
0
0
19
0
1
56
12
2
9
0
0
183
4
2
21
0
23
29
1
5
0
3
34
117
0
2
35
0
1217
0
75
770
4179
21
203
9
0
101
9
397
1
0
27
0
8
353
161
412
12
0
0
3929
20
0
93
12
5
2
0
0
0
36
0
105
44
0
4
1
6273
0
0
176
112
0
41
0
301
0
0
3
5
0
0
0
40
228
0
0
0
27
0
2159
0
9
1380
0
81
51
0
751
446
11
1
12
0
1
99
0
36
4
39
119
12
348
0
0
23
0
0
24
0
57
264
0
36
863
0
14
0
42
0
0
23
27
0
93
0
0
0
5
150
0
0
6
0
1
623
36
0
83
0
405
236
110
0
0
0
72
49
1
3
13
0
31
2
0
1
0
0
7
0
0
79
0
0
5
15
13
0
5
54
33
0
10
1
0
38
0
0
0
5
2
48
0
0
0
6
73
0
0
54
4
19
22
325
0
5
0
0
212
73
45
10
0
90
13
13
197
65
4
0
2
2
129
7
35
2
3
3016
1359
0
0
29
29
47
58
0
0
0
0
0
0
34
0
0
0
0
0
0
1
288
0
205
12
43
189
1
0
1
259
0
0
12
0
75
7
20
0
70
0
1
0
110
149
2
159
0
101
0
148
58
7
0
0
0
3
0
29
0
0
35
0
0
0
0
0
0
0
0
0
0
2
23
0
413
377
33
1
0
193
0
18
2
0
70
80
4
0
63
0
246
0
131
41
0
145
0
89
0
3
79
45
2
3
227
1173
0
852
15
0
0
0
1402
97
0
11
0
43
0
0
0
11
2935
0
2
111
0
147
0
70
0
11
0
143
0
816
2
4
0
6
1
76
209
0
155
0
0
13
25
0
0
1150
0
0
3
99
45
4
503
156
295
1003
1051
26
0
7
13
29
19
0
1
0
51
2
42
0
0
1
6
63
0
0
0
0
0
0
28
1405
204
0
127
9
0
33
1003
23
38
0
1
44
27
0
0
6
604
5
0
0
0
0
0
150
0
0
85
8
30
354
8
0
28
394
0
586
23
23
6
63
0
588
22
0
16
74
14
197
0
38
0
0
0
125
2
0
267
195
0
1316
5
68
0
227
166
0
276
100
2
0
615
0
68
1
120
0
0
22
10
3
178
122
21
789
23
652
14
8
592
146
0
0
0
1
177
1857
3
292
32
0
16
0
0
0
333
1
19
0
0
7
95
0
14
0
247
0
19
0
26
0
0
1
0
0
1
61
25
0
260
1138
0
66
351
0
86
0
0
0
0
4
27
21
71
2050
31
0
30
57
358
0
0
0
0
0
70
1629
11
0
26
161
177
0
67
0
19
4
52
38
0
37
6172
1
0
0
0
0
404
0
0
0
2
0
0
0
0
356
0
45
73
0
41
4
1
30
5048
6
23
0
0
85
0
0
357
0
0
271
0
12
0
3
0
0
132
82
0
0
0
94
19
0
0
10
10
700
0
0
0
0
0
0
1
60
0
0
0
1122
1328
0
24
22
0
59
1
267
22
169
16
0
97
314
0
780
205
0
69
0
0
4467
14
1
127
3
6
13
0
435
2
543
2719
0
0
0
0
0
0
24
13
166
14942
293
0
10
0
0
0
0
63
0
39
16
88
139
1090
1427
0
0
85
0
3
0
508
714
2
20
0
0
65
4
22
0
12
0
55
21
0
112
33
0
0
12
196
0
0
0
22
0
0
22
291
0
117
53
0
16
60
0
3
2
0
1242
4
98
27
0
3
0
0
0
1521
50
318
76
0
9
1840
546
0
0
1026
0
0
0
14
0
4
0
164
64
40
77
0
350
0
0
9
18
444
70
41
6
0
5
0
7
23
0
280
19
0
10
0
0
0
0
0
2200
1
22
79
9
38
0
0
104
80
2
0
0
0
0
0
145
156
0
0
10
0
5
11
0
370
157
0
0
182
801
57
1
26
0
0
37
0
4
9
0
58
0
0
31
19
0
227
1
8
30
153
192
0
0
40
242
165
60
0
0
4
0
1087
376
1810
0
0
4
49
20
6
0
0
1086
4
0
2
0
1
0
0
0
2
7
1
3
0
86
0
30
2
0
32
0
247
1221
0
1
0
0
0
0
0
0
102
1005
44
1
2
0
294
0
26
1161
67
31
0
25
21
0
12
10
0
0
0
0
1
0
30
0
6
201
0
66
65
0
0
0
0
0
1
0
1
285
1
5
0
0
0
0
0
0
136
29
181
821
0
2
168
1169
0
5
20
0
439
3
9
18
353
0
86
0
6
0
461
4
0
0
1
0
3
82
235
1
45
81
372
0
0
27
210
64
0
19
2267
0
104
0
153
1168
145
0
14
6
0
0
455
401
2
0
199
5
50
0
0
20
0
0
0
380
46
135
389
15
35
221
0
23
115
84
0
0
56
0
35
0
1
3435
0
59
34
1
136
27
0
0
3
35
0
265
0
24
0
337
110
244
1
59
3
1
0
0
10
0
463
2
2
2
0
0
0
16
0
317
0
0
0
2
0
0
22
3
0
10
0
235
91
1
125
6
109
81
0
49
25
0
94
23
173
2
909
0
110
0
23
59
0
0
155
0
1079
49
230
82
14
0
0
0
0
0
15
0
0
5
106
0
453
177
0
0
584
0
0
0
0
0
1
0
1
0
0
1
0
32
1
150
4
142
0
0
0
1
109
0
2
0
131
0
277
19
0
0
262
0
0
7
0
0
0
3
0
73
0
85
1114
0
397
3
77
4
11
0
58
669
138
173
115
54
123
5
91
0
18
0
263
0
353
29
0
192
0
141
232
0
70
0
149
0
0
653
52
16
0
47
3
0
78
20
0
0
0
0
0
104
0
169
0
132
250
0
0
556
289
0
0
274
0
31
0
50
0
0
159
25
16
3169
520
109
90
0
0
7
0
25
0
193
0
25
69
181
471
1
36
167
51
0
35
38
0
0
184
100
0
50
72
0
3
0
0
8
19
0
0
13
98
56
1
585
2335
867
29
247
1098
0
71
2
16
207
9
27
75
58
1
101
0
0
27
122
0
3
1
96
229
0
3
4
131
6
2261
79
21
223
13
2
0
1725
189
36
6
0
0
64
49
0
160
18
0
89
393
1
197
26
0
0
0
21
365
153
103
1
0
412
0
0
0
5
1
11
1240
0
0
0
0
8
22
0
0
118
0
0
0
688
13
0
8
69
32
816
211
0
0
0
0
35
32
0
0
9
0
5
0
63
0
0
87
0
0
10
54
0
22
0
0
0
5
147
0
3
0
36
0
196
74
0
49
0
0
12
4
1095
9
92
0
130
60
0
3
0
37
12
10
0
308
152
0
120
3
0
0
99
0
25
544
0
0
0
0
0
0
14
10549
15
0
94
0
53
7
0
1
0
20
10
0
0
0
153
15
22
0
60
57
22
0
746
0
2
0
40
12
891
113
0
1
0
6
2
3403
0
0
2
1481
170
3
0
1
1
0
0
0
181
69
0
16
0
0
33
0
8
0
0
18
131
0
6
27
12
1
344
90
0
461
49
0
0
79
0
0
0
34
0
644
0
0
0
0
5
4
0
1084
0
0
740
10
0
0
19
0
0
0
0
0
11
0
34
0
0
73
1777
0
0
263
0
0
3830
82
478
98
5
0
6
0
0
367
0
167
71
0
101
6
0
58
874
1225
0
0
19
0
0
3
5
128
0
0
0
3
831
524
86
203
32
2
126
89
0
0
1
11
1
0
286
0
77
2
16
0
530
0
0
7
1
3
0
0
0
36
3
0
27
0
28
0
0
2365
14
1
12
0
0
1
46
0
0
6
0
0
0
0
6
0
198
98
544
4
6
108
2
0
0
0
7
0
8
72
4
1
0
9
49
54
0
495
46
0
397
118
0
470
24
0
0
0
0
0
0
6
76
2
40
0
16
0
15
2
14
0
2
0
0
66
1
28
399
405
9
0
0
0
0
20
3
0
681
935
7
0
0
2
15
7
0
0
1299
2
0
437
122
0
128
0
0
25
0
130
314
0
0
71
0
0
0
0
0
0
149
8
0
34
53
0
13
2
0
132
1
202
0
4
28
23
149
9
0
0
173
73
1446
15
404
0
518
0
258
6
0
81
0
30
6
1347
975
0
4
47
47
0
0
1170
0
0
312
22
25
0
17
0
0
0
12
0
0
28
62
366
0
0
68
299
67
1
100
0
0
0
1
1
0
0
3
90
13
1
0
6
28
7
0
0
2
442
0
0
38
106
389
21
22
82
96
0
114
50
195
15
2
42
421
117
1
35
0
58
494
23
274
0
0
20
0
4
75
12
0
20486
51
2
4446
91
5
0
58
228
0
166
0
3
0
61
0
2
0
0
225
0
0
0
4
0
82
1
0
3
186
0
0
246
2
54
0
33
0
0
32
0
4
0
278
3
0
29
0
16
0
0
15
0
33
36
0
0
0
91
3
974
83
30
409
125
35
0
6
2
0
58
0
0
16
15
100
0
4
559
0
0
123
0
914
3
182
1
23
844
9
0
0
0
78
914
0
0
0
3
0
0
0
0
3
0
62
67
13
3
18
32
191
180
0
681
599
1
34
162
235
0
68
9
123
931
0
9
0
0
0
0
105
0
63
11
0
4
28
0
4
6
0
13
9
2
122
0
0
0
0
2
23
0
0
48
0
127
93
0
1
507
28
1
21
1
79
0
0
0
3
0
0
0
39
0
11
0
913
415
0
0
1488
0
19
179
886
10
0
6
138
0
0
0
0
0
98
832
4
80
13
97
46
0
427
34
13
19
0
0
2
0
11
1325
4
37
2510
4
0
0
0
0
992
131
1
0
3
814
0
460
0
149
137
61
558
0
0
73
0
15
1
0
5
673
0
1
95
27
2
31
1
30
12
0
13
0
10
0
9
515
597
16
0
0
131
11
0
227
33
13
0
0
0
0
0
24
276
0
126
5
3
449
55
0
0
0
285
0
11
33
137
3
0
0
9
0
824
0
0
0
257
6
0
1
0
226
2
412
0
0
74
0
0
0
0
0
860
1
0
0
9
93
0
29
0
0
0
0
66
15
0
3
0
0
4
518
76
0
2
5
0
44
6
8
3
0
339
131
286
3
55
79
0
0
73
4
214
422
0
0
140
53
162
22
513
10
676
1
620
165
11
0
0
1
0
51
15
103
70
0
49
0
4268
0
0
0
28
23
38
133
0
0
0
0
0
361
249
0
3
0
0
0
468
107
136
6
830
0
0
1
369
5
0
15
20
164
0
25
29
4
0
0
0
0
508
351
307
31
1432
0
5
28
205
40
0
0
36
285
66
9
0
0
0
0
15
559
0
664
0
3
14
679
11
257
0
0
3
10
79
0
0
29
0
3826
0
8
70
0
0
13
30
6
9
1
28
0
8
17
0
0
2
0
8
0
0
7
10
0
0
195
0
243
26
0
0
362
0
0
0
362
4
0
0
233
185
0
65
250
136
0
0
115
80
0
14
405
0
1
3
354
0
7
0
0
0
13
1
3964
38
151
48
212
4
0
0
0
0
0
456
2
46
0
308
0
0
97
1
217
0
31
11
0
0
0
2
0
0
0
0
5
28
3
27
0
0
0
26
46
0
12
12
0
0
0
1
0
1
8
0
33
424
0
1
0
265
0
3
5
0
2
18
0
0
40
131
1
1881
316
39
12
0
86
0
291
0
0
0
404
25
72
0
0
2
0
76
0
0
9
1040
3
0
20
32
0
284
0
2
400
163
34
0
5
15
47
3
0
0
890
165
0
0
21
0
0
3
0
0
536
3
146
2698
444
527
10
0
3
43
33
98
0
0
0
2813
228
595
209
1
0
123
105
145
22
60
0
0
10
102
416
0
4
120
446
0
163
630
0
0
0
51
0
0
477
140
278
179
46
0
0
45
585
37
0
23
218
1
2
13
6
85
128
0
0
19
64
0
2
9
1
206
2
9
130
109
8
0
180
0
0
26
100
19
0
0
839
0
223
0
49
459
0
0
30
0
0
271
0
0
0
8
141
0
492
0
37
0
0
0
0
1247
23
46
112
371
58
85
21
92
0
11
12
37
46
11
65
7
424
17
37
124
1241
148
0
130
0
89
137
209
202
1
0
0
239
27
47
0
10
1136
122
274
0
63
47
1
0
0
0
11
1053
0
31
206
67
402
0
26
0
0
2
27
177
3
109
0
679
0
0
0
0
58
149
0
5
0
87
0
2
3
830
83
23
55
1
4
0
0
78
4
189
59
0
0
0
15
0
4
0
218
3
0
99
0
0
31
0
2
0
55
151
1
36
71
0
139
0
19
36
116
0
324
0
14
0
0
74
5
13
12
34
424
154
0
0
0
0
0
15
0
643
0
114
1
0
838
27
93
0
0
37
0
15
119
218
53
7
56
901
0
366
9
0
59
723
16
10
0
0
9
6
8
228
0
0
0
23
9
0
30
16
9
87
0
54
0
0
8
0
0
3
105
11
2
424
0
0
27
370
0
2
0
17
256
2
154
23
2
0
10
0
1156
0
0
0
0
158
0
748
0
2
21
0
3979
0
0
56
40
0
0
2
0
237
97
94
144
3
3
0
44
17
1
0
0
1
0
0
76
4
0
0
15
0
16
0
7
24
0
0
202
3
14
9
0
4519
81
49
3
167
72
4
459
18
794
0
0
761
1902
267
324
44
0
0
0
25
0
1290
0
0
0
62
0
0
1
15
0
0
0
28
0
9
0
0
110
0
0
548
0
0
0
0
0
4
222
15
0
155
25
6
0
0
0
0
115
20
343
0
0
0
0
0
3
0
352
35
0
0
213
19
467
0
20
1656
95
0
0
131
0
11
0
2
15
0
0
209
101
0
8
2
1038
8
0
290
1
0
52
15
0
8
0
1
0
0
0
0
199
37
0
0
0
143
43
1020
0
0
0
24
0
0
1
0
0
51
0
0
1
13
178
10
5
0
0
461
7
0
5
1432
0
0
333
0
100
2
0
45
22
0
0
0
0
15
215
0
0
0
11
10
1
0
4
345
487
0
9
0
2
0
0
140
0
0
0
47
0
0
0
3
0
26
0
0
12
24
2
0
0
16
0
0
0
18
4
87
0
0
0
0
2
12
4
0
55
0
0
0
155
0
0
237
0
10
18
0
0
5
0
70
12
1
0
337
10
56
2
2
111
0
33
49
0
2
30
314
0
7
9
4
318
0
48
37
0
4
0
6
3
100
200
240
0
0
0
4
0
0
0
12
5
0
57
0
21
0
0
0
1
0
0
0
1460
0
308
208
0
0
0
7
4
0
200
0
0
0
0
17
0
376
638
10
72
6
5
94
0
0
0
160
0
0
65
1
9
0
1
0
6
0
0
6
17
0
72
12
3
4
19
36
0
38
8
0
0
0
0
3
0
0
0
0
73
0
200
6
15
80
0
0
0
0
0
21
0
0
0
11
0
0
682
64
0
0
0
114
46
0
23
169
15
104
576
3
0
0
32
0
104
0
18
4
0
4
0
26
149
53
52
32
0
7
0
0
452
0
97
0
0
5
117
78
0
4025
476
3350
128
25
18
164
392
1286
0
3
0
5
5
0
2
4
0
0
40
114
229
0
61
31
6
199
157
0
0
356
0
25
0
102
1
1374
1
0
34
0
0
750
619
9
47
29
1977
19
87
0
0
0
13
31
78
0
0
81
891
0
18
2021
1
129
0
3
0
0
2
2
0
13
9
3
112
1
1
56
4
33
0
0
0
110
113
4
0
0
0
0
18
0
20
528
117
1
0
0
27
321
0
154
6
264
18
0
35
0
4
6
2
0
1257
0
0
118
0
90
221
0
0
0
9
21
12
105
0
0
313
8
94
6
120
27
0
130
1
1
0
0
0
0
40
1
241
0
34
0
0
33
0
0
0
44
0
144
0
2
0
0
0
0
0
10
0
454
0
123
0
0
7
2
0
4
53
1
3
0
0
0
2
0
3
236
0
0
93
2
66
0
8028
6
0
108
0
124
2
8
3
7
4
60
36
0
0
92
0
18
0
0
0
0
28
186
0
4
3
3
27
0
2
440
5
5
328
0
0
112
16
21
5
0
23
8
0
0
90
0
9
0
0
0
180
17
190
0
0
145
10
21
0
4
4
7
1
0
0
0
1
0
0
1
133
0
0
0
4
336
159
1
0
0
15
0
10
0
30
0
0
68
0
0
32
6
282
489
219
0
190
0
498
45
0
283
103
265
0
0
0
678
3738
2
124
19
0
53
0
278
0
0
81
2
0
0
0
11
5
0
0
0
0
16
0
175
0
0
24
0
298
0
0
0
0
0
27
2661
174
360
0
358
171
0
0
14
0
0
28
406
0
7
1952
328
224
1392
2
196
79
0
33
0
0
0
0
0
0
53
0
2
0
22
14
0
607
0
0
27
33
10
5
5
12
0
0
0
0
26
167
1
35
166
7
16
0
64
18
1777
0
0
0
7
66
0
0
51
29
12
0
0
78
121
0
0
81
718
0
1885
1018
0
88
164
0
258
0
1825
0
0
2
0
300
275
1
0
0
2766
328
0
0
65
88
5
9
0
0
9
0
219
341
0
0
0
106
0
39
0
0
146
0
331
3
0
81
288
0
0
0
13
3
34
16
5
56
164
0
91
0
289
0
4862
218
4
144
4
0
19
37
175
78
10
0
89
1484
82
49
3016
0
0
8
0
651
0
4
261
25
0
0
320
166
0
0
0
0
0
42
2
49
992
14
22
0
64
493
5
246
44
0
18
19
279
0
1242
2755
0
1
293
887
156
0
0
0
9
0
469
3
0
50
113
0
0
7
1
0
3
15
0
9
3838
1538
0
753
1148
2
575
57
14
93
0
6
156
6
1067
0
574
49
74
0
1121
0
0
306
7
577
9
0
261
46
0
42
45
1954
27
424
19
49
0
20
86
101
1070
6
132
0
24
0
104
0
0
0
0
0
0
38
0
4
2
30
0
0
43
0
0
10
0
0
4
74
136
4
0
0
212
0
0
842
1
0
0
1
1173
0
0
3
6
215
3
0
0
41
0
2
0
1120
18
232
0
0
2
0
0
0
54
7
2
0
5
0
17
108
145
0
17
4
58
4
145
12
0
1
0
1
5
8
0
13
59
0
28
52
0
8
23
0
199
1
27
48
211
1
5
0
205
0
0
3435
5
0
3
19
123
0
557
1222
68
222
79
0
332
12
14
190
70
909
0
246
0
3
74
12
0
16
31
215
0
41
0
0
0
0
0
18
5137
0
30
19
0
0
0
0
0
0
0
56
841
91
6
5
9
1
9
2
4
8
0
8371
82
92
108
0
120
0
47
262
0
19
2
0
0
0
0
62
20
37
88
298
107
77
17
0
8
225
1078
0
1
0
3
1629
349
5
4
0
0
0
12
304
3952
113
0
637
0
2
4
639
43
0
0
0
64
372
0
1
0
0
10
7
23
0
266
174
8
0
0
0
415
8
0
20
70
0
0
26
654
257
0
3538
33
87
0
613
0
14
0
720
13
155
0
9
0
13
0
1
0
674
58
5
0
35
0
18
1303
36
0
0
0
0
1079
0
634
0
26
93
0
352
5
86
2704
1
467
42
45
1
28
186
0
0
0
481
590
0
0
0
266
0
0
0
35
11
1
9
0
3
8
4
2
15
2
0
0
1156
0
294
11
0
0
0
41
0
0
27
0
0
0
0
27
0
0
3
155
113
0
528
37
0
0
90
0
28
0
0
0
473
0
4
0
0
71
0
0
334
85
0
34
0
22
147
0
230
0
11
0
0
362
0
0
0
927
14
0
112
7
31
0
33
1117
0
0
0
155
74
0
26
0
12
0
34
0
6
0
0
11
73
75
2
0
0
0
0
18
0
0
19
11
0
405
0
26
0
34
9
2
2
0
2
0
97
0
47
0
0
16
19
18
81
0
0
0
0
185
1
7
4
0
4
0
0
17
11
0
4230
50
0
0
171
442
44
0
4
40
62
43
0
24
83
7
0
101
0
0
9
4
0
2
0
237
0
27
0
1
0
0
152
9
46
176
57
0
0
22
346
4
0
3
0
0
0
1067
58
0
548
4
155
0
0
3
12
0
0
0
0
7
0
0
0
0
0
438
67
7
0
0
56
1
1
9
0
256
0
17
38
1
1
2
160
19
99
0
326
12
189
0
0
13
133
48
895
9
0
0
0
1
76
0
0
0
5
11
0
40
0
4
1
12
14
0
3
8
0
0
2
0
33
1
0
27
0
33
0
66
0
253
6
50
139
0
0
24
0
43
0
0
0
140
12
158
184
0
19
746
47
0
3
45
378
5
0
33
0
923
0
0
0
11
57
16
69
5
9
12
0
0
0
78
12
85
8
2
607
0
0
15
11
1
0
235
0
0
0
0
0
57
72
19
0
0
0
0
49
0
438
0
8
89
19
228
75
34
0
0
132
9
158
252
0
0
145
0
32
0
486
530
289
2
0
0
22
10
4
68
13
1
0
0
0
0
4
11
0
212
0
22
156
0
20
0
0
0
73
5
0
0
73
19
0
0
25
0
3
0
0
0
0
0
0
1
0
1415
29
307
0
0
0
15
0
67
0
0
13
597
0
9
0
135
41
43
0
0
73
1
12
19
2229
0
0
19
20
2
77
335
0
0
0
0
300
1
84
157
8
0
46
56
1
0
0
0
19
963
110
0
0
0
144
0
2
1
0
0
12
22
4
59
0
77
0
9
655
21
0
4
15
3
24
13
0
12
34
94
28
224
0
7
0
6
310
0
10
7
0
0
0
0
0
0
12685
310
0
0
0
469
3428
0
10
0
4
467
24
0
832
31
0
0
833
1
0
44
3
1
0
305
0
2
2
0
0
0
0
2
0
2
674
0
0
5083
0
0
0
0
0
4
15
0
0
32
0
13
584
0
0
21
123
60
0
250
4
5
4
0
31
0
120
0
0
2
1134
2
184
0
0
16
146
6
38
14
275
5
1
27
44
19
1
0
0
0
0
0
47
244
0
0
0
8
0
2
0
0
1428
0
0
0
1182
142
114
0
92
0
298
0
0
88
355
0
1
0
25
39
280
0
0
97
0
7
0
0
50
0
0
0
238
21
75
0
0
85
0
30
3
0
145
0
58
256
20
19
0
9
306
16
17
123
0
0
0
150
75
0
92
0
161
164
1
0
72
62
122
0
0
0
98
444
562
24
2044
0
12
0
1361
5
941
383
0
1
0
202
0
0
118
12
59
66
3
40
0
0
0
16
0
0
378
172
144
0
0
874
10
73
0
139
138
274
1194
0
0
0
2793
0
402
0
0
141
5
7
0
3
0
0
2
0
0
6
9237
29
10
0
0
108
0
271
2794
120
0
519
58
301
0
1
1
0
82
0
0
0
225
0
254
152
464
0
98
0
86
1
798
0
2
0
73
292
161
16
583
0
0
1
534
64
2
499
0
71
2
0
10
42
0
2
0
0
1
0
99
1
3
341
0
131
3
0
0
77
0
0
0
5
0
0
0
3
39
0
174
37
10
92
2
1
0
1210
198
6
838
0
0
133
0
75
251
1
74
298
16
191
60
11
1
53
0
0
507
1
0
902
7
3
168
88
10
0
0
0
558
2
54
22
147
308
50
0
3
0
33
4
428
5
77
2
133
15
12
0
2562
209
0
228
5
1
0
0
31
20
0
168
237
394
0
605
0
0
0
1
0
42
177
20
434
4
79
698
319
9
35
12
0
2
0
58
0
6
0
0
5
0
748
0
320
562
0
0
1
44
0
48
8
0
7
0
4
0
0
188
63
916
0
16
0
0
1342
6
0
1648
0
77
292
0
53
0
0
4
7
20
247
532
57
104
96
184
0
106
51
0
0
1
11
0
0
260
0
122
75
8552
0
4
248
257
31
0
116
0
0
15
0
65
234
276
42
73
20
20
3
0
6
19
44
136
103
0
87
10
0
0
6
0
315
64
95
0
0
0
0
0
0
2
3
209
4
60
0
0
0
0
0
118
2
0
26
10
0
767
85
0
1
0
0
136
0
0
303
110
7
182
1
3
536
95
0
0
120
0
0
3
2
0
0
146
1136
57
21
0
468
0
0
1
146
0
707
23
79
0
10
0
1
0
40
10
38
315
21
0
30
0
0
948
261
95
0
31
0
1
43
60
3928
0
0
0
9
8
14
60
0
0
107
0
220
625
578
0
14
1225
695
205
134
0
0
0
13
36
3
0
64
6
6
0
27
2
5
0
0
47
0
10
92
0
66
10
283
258
152
13
285
0
2930
46
5570
79
46
3
9
213
0
152
115
388
61
10
0
1
48
1
0
368
14
72
13
367
253
0
400
6
292
956
161
116
189
0
2
0
138
419
0
4
0
205
4
308
3
0
44
0
7
0
0
55
276
0
0
27
3
43
172
40
0
0
0
0
23
0
0
353
1196
137
190
3
11
130
379
73
211
31
0
37
24
3
0
59
26
15
2
180
5
0
0
0
0
0
5
174
0
1132
1120
160
0
802
134
3
2
317
4
0
0
0
0
0
0
2
82
0
1
297
17
0
358
6
3
492
221
525
0
0
0
301
295
348
74
0
339
206
8
148
33
28
0
28
436
16
394
0
0
1
105
145
34
200
16
245
3
0
0
0
3
0
0
1
30
0
7
7
0
0
0
247
7
1
1
14
27
0
14
51
6
0
0
0
83
0
107
82
24
0
2
0
2
96
0
4
6
0
111
3
0
0
1
687
937
737
15
0
13
5
692
0
0
6
328
30
0
18
9
0
2
0
46
84
119
67
10
0
13
23
24
0
156
58
15
0
6
0
110
4
0
0
29
24
1
773
3
0
60
9
3
0
122
4
23
383
73
861
0
0
3
27
18
602
0
1037
0
720
30
3
61
0
779
0
120
7
135
356
0
446
508
0
0
0
0
0
5
0
183
52
3
32
61
0
13
0
56
0
0
0
24
222
253
244
99
347
1410
422
0
4
17
0
52
155
0
4
0
10
18
25
0
1
1337
0
30
66
66
7
0
5
0
26
1
164
0
0
508
0
3
0
157
121
556
2
34
0
0
0
0
22
0
97
0
9
0
0
42
24
0
4
0
16
1521
0
208
11
0
10
0
2
0
3
0
161
183
0
3
438
6
153
191
37
0
31
1
1172
242
5
156
0
1
0
0
5
8
0
279
4
124
54
12
0
15
0
34
0
7
18
8
1
0
0
0
0
79
0
141
0
0
0
0
644
0
0
3
28
0
0
0
4
0
0
0
1163
156
443
4809
1467
0
19
0
242
0
2
0
234
232
21
276
0
0
0
0
175
52
35
0
579
59
23
532
9
17
153
363
34
38
0
0
2
0
0
0
0
0
0
13
4
0
0
0
0
0
0
37
177
40
142
58
0
0
0
0
0
0
172
357
0
0
0
0
0
0
140
135
0
0
0
0
12
0
0
1
15
0
0
0
0
0
4
7
61
58
0
0
0
0
0
1237
292
0
489
17
0
0
66
91
329
3700
6
25
0
0
0
0
79
0
13
1
1
0
0
0
0
216
5
0
0
0
0
0
0
0
12
302
0
86
47
0
0
0
0
19
33
0
0
506
0
0
0
68
76
397
48
25
29
69
0
0
2
0
0
54
6
0
0
64
0
0
11
0
0
0
62
0
46
12
0
0
0
2
3
0
0
450
64
772
0
0
0
0
0
0
0
0
0
0
0
0
15
0
0
0
0
0
0
1
0
0
0
23
3
634
0
0
0
0
1808
8
51
14
455
109
16
39
14
5055
17506
64
0
7
10
0
0
0
251
182
51
0
0
0
84
0
2
0
82
0
0
24
22
105
100
2
0
0
0
51
11
0
0
9
3329
9
62
0
0
0
0
17
25
0
0
38
0
0
2
0
256
211
2
0
0
0
118
8
10
11
8
0
0
0
0
0
0
0
0
0
67
33
0
0
509
924
48
303
3870
0
0
1
0
0
0
0
0
5
0
0
286
14
0
0
0
1
11
0
0
0
0
0
13
2
0
0
2
238
66
195
13
34
522
0
566
828
5
0
0
0
0
0
0
0
0
22
0
105
0
0
0
0
0
2
0
0
0
0
0
0
249
8
1012
6
3325
5010
173
0
0
30
33
0
69
0
0
0
496
111
0
0
110
244
134
36
0
13
4
276
0
0
0
0
0
0
0
0
0
0
0
0
0
0
0
0
0
0
0
0
13
0
0
7
61
0
0
1
209
0
0
261
1
3783
128
48
18
0
43
0
0
36
1
0
0
0
0
4
0
0
6
1
0
213
242
0
982
0
41
0
0
0
0
0
0
0
0
0
1294
1339
0
0
41
0
0
0
0
0
22
12
0
0
0
2
7
146
0
0
3
0
0
0
0
0
0
0
0
0
0
37
0
0
0
0
0
0
0
0
0
0
0
0
0
0
0
0
1
0
0
0
0
1
0
0
0
0
0
0
