Andrea 1
7
7
16
3685
76
84
0
0
0
5
1
158
87
303
0
74
561
39
0
77
316
37
0
26
0
180
0
153
6
0
120
0
9
162
396
6
3
61
0
7
0
0
20
0
0
943
6
99
0
44
0
118
0
4
0
29
38
116
0
55
11
18
0
5
38
37
0
351
255
49
3191
0
121
0
0
6
902
12
14
0
0
0
0
0
10
0
8
1348
0
0
142
8
25
0
0
224
0
0
132
4
161
0
31
325
18
25
20
0
0
52
0
0
19
0
36
10
13
230
982
72
0
0
20
30
0
34
1
0
15
94
9
12
0
72
69
0
0
185
23
0
131
0
0
0
408
80
63
52
102
88
0
0
125
68
7
107
0
0
9
136
0
8
0
0
645
28
901
8
0
0
0
16
9
0
0
163
589
54
0
51
285
211
0
13
153
895
233
17
58
55
9
41
59
11
0
2
0
8
51
45
0
29
0
18
33
3
0
0
724
13
0
0
8
0
0
0
25
13
0
7
672
0
13
81
8
14
10
458
137
19
0
0
141
55
168
0
3538
18
0
0
6
39
2
895
0
7
0
24
0
13
435
483
163
0
311
11
0
35
0
0
558
259
23
1912
109
0
0
0
0
15
0
373
0
0
107
0
12
0
134
35
1805
295
0
9333
0
250
14
0
5
95
297
21
0
18
0
0
21
8
1
0
0
95
0
679
83
13
1030
433
94
0
0
0
39
0
0
35
0
25
250
0
220
0
184
70
0
0
0
0
0
113
409
1427
3
41
0
134
244
25
0
0
2951
72
35
89
0
0
137
73
255
0
459
0
176
0
33
8
28
107
0
0
0
0
0
1273
0
0
7
24
13
7678
53
702
42
0
0
38
70
0
76
13
0
30
0
32
97
7
30
143
156
0
140
0
55
38
43
122
0
0
72
0
77
0
0
0
32
0
0
0
1
5
0
461
34
2563
20
8
7
57
48
24
37
932
0
2
79
0
66
0
16
20
77
74
67
15
171
0
161
0
35
0
6
4
144
3178
0
202
1936
248
0
0
0
0
43
0
0
10
6
4
20
0
381
175
19
0
979
142
984
0
522
5
0
20
15
0
0
0
0
0
75
121
2691
39
15
1266
578
10
0
0
0
14
36
93
321
10
0
76
5
0
0
0
530
0
40
52
100
29
115
0
136
0
26
0
10
378
45
273
121
0
44
0
497
24
0
120
0
203
283
17
38
197
0
8
8
7
39
313
496
136
0
0
0
0
619
0
5
499
0
0
32
0
0
2
13
7
0
35
7
0
0
29
0
105
0
4
11
38
3
0
0
725
0
173
0
3788
1
387
17
21
0
17
0
101
0
667
29
104
16
0
0
1890
0
70
0
63
0
399
327
11
22
0
112
0
10
18
0
297
0
1
0
11
2560
0
722
8
29
0
373
51
37
193
7
11
12
10
6
85
0
0
0
17
31
29
119
112
0
4
75
12
363
205
54
0
0
0
0
5
9
0
0
484
11
1144
10
2058
12
394
0
0
41
42
0
491
0
0
17
170
0
418
26
37
8
0
12
0
0
5
61
10
0
0
15
828
6
25
77
10
16
0
0
0
67
148
29
101
0
808
51
710
0
0
19
8
33
0
41
0
81
13
357
0
8
164
97
0
0
0
64
27
67
6
173
886
22
34
131
899
153
0
0
1454
764
0
248
48
381
0
0
0
0
123
523
35
24
94
36
0
224
0
37
0
583
21
100
63
785
0
0
0
0
0
0
955
101
0
0
732
3179
0
23
0
477
31
41
374
269
0
122
0
24
4
0
24
128
0
0
1623
255
43
6
0
148
188
62
28
186
0
0
46
58
0
64
0
0
344
0
0
339
16
378
21
0
0
10
0
101
9
0
1
8
25
19
481
3
17
0
1140
0
0
0
0
124
0
60
95
0
0
18
0
0
0
0
249
117
0
0
28
22
38
730
10
0
16
0
46
0
21
0
50
361
0
166
435
50
293
298
0
14
0
0
477
74
16
744
8
182
65
67
0
0
9
0
108
31
28
389
195
18
0
0
0
0
0
231
0
0
0
13
0
2572
89
0
1379
253
0
0
127
22
8
20
351
69
617
135
48
3
70
0
6
223
56
0
3
7
31
7
122
34
0
0
7
0
31
16
63
10
0
0
0
6
503
23
0
18
0
75
7
485
805
32
36
147
5
0
0
0
0
24
6
20
293
7
1
19
0
4829
679
0
302
0
62
6
0
182
49
6
316
0
76
6
0
8
9
0
71
114
118
0
0
9
7
48
0
0
1787
332
11
75
171
0
11
0
0
0
0
8
20
140
98
0
73
6
0
44
77
2560
28
0
0
103
92
653
81
1383
0
63
24
0
7209
0
18
0
6
89
0
0
0
0
0
78
12
227
314
0
0
0
206
12
564
22
0
0
10
146
164
57
0
0
0
34
24
82
0
17
0
254
0
1069
68
435
1030
14
0
0
0
0
1001
13
16
15
271
89
6
0
87
67
1304
0
13
463
21
0
22
0
0
0
166
0
0
73
0
21
0
69
7
484
43
0
0
0
0
0
2228
24
0
0
10
0
152
0
8
0
0
34
579
96
237
1
0
36
0
12
784
0
1536
0
2
0
18
9
0
36
0
0
132
151
233
16
74
138
1692
2967
152
352
0
22
11
161
30
0
0
28
8
0
516
13
6693
0
0
39
252
9
38
215
899
412
303
0
743
0
0
14
0
13
0
73
0
14
0
556
77
69
0
1138
0
0
0
153
32
468
845
0
88
1194
55
30
0
88
61
71
249
6
0
20
0
10
38
1015
0
2252
0
278
0
1230
216
465
0
873
0
61
114
0
99
1421
0
3
14
1
15
2740
0
173
18
77
10
28
0
0
7
0
27
0
0
0
0
0
0
50
0
1757
1
0
325
1564
0
0
378
10
0
0
203
13
0
0
0
41
584
0
1184
14
0
0
25
15
1888
8
8
19
38
28
4
55
85
19
0
15
6
18
0
44
9
0
44
0
0
0
0
128
470
52
0
0
0
32
5296
148
110
0
0
0
4
21
0
0
94
0
280
21
118
763
33
29
222
118
22
0
109
0
81
155
0
23
0
8
0
3
0
1101
18
0
7
13
0
0
0
510
0
0
526
0
436
0
0
39
0
0
528
0
28
487
17
1556
0
315
5
35
14
6
10
1551
139
0
0
24
62
0
14
0
10
16
0
63
0
0
0
12
28
55
413
46
0
0
0
23
1374
237
0
0
0
834
0
0
435
420
0
319
119
26
139
0
0
171
424
138
0
0
63
1551
0
49
0
0
16
16
3
1715
16
0
100
0
129
39
169
131
25
58
0
0
8
19
19
0
0
67
0
44
142
725
59
58
714
439
153
0
34
0
0
123
5
447
0
1
37
0
0
0
20
0
0
0
42
7
40
0
0
24
0
0
12
0
0
138
22
6
6
0
0
3
9
9
0
0
1107
13
22
0
497
43
6
0
0
54
22
154
42
0
0
0
8
0
54
137
1
599
24
196
0
492
139
116
0
7
159
0
205
1977
20
114
0
0
0
20
0
10
29
49
0
0
0
2313
121
2051
0
20
82
5
134
9
0
11
0
540
17
354
0
85
18
84
16
0
0
0
0
51
21
0
8
1507
271
0
276
5
0
9
0
290
234
204
128
25
4671
0
22
0
77
1415
136
246
756
0
20
0
838
14
0
22
0
5
21
0
0
0
27
85
0
5
0
214
330
9
174
0
8
73
43
9
50
63
9
269
0
0
8
30
0
80
15
0
0
40
65
170
11
45
0
20
10
14
483
6
0
0
17
0
0
23
182
11
38
94
3
1
0
30
13
16
0
0
0
124
21
85
101
0
11
5
0
78
0
0
0
95
117
2533
35
5056
5073
0
15
0
1923
0
222
0
466
142
0
50
3
28
0
0
0
9
0
485
79
0
0
51
0
62
6
0
0
0
0
0
9
1101
360
5
0
59
230
929
26
0
238
0
87
0
1401
0
175
7
61
51
8
14
0
138
7
0
2
0
0
0
0
166
122
165
10
5
0
0
33
7
0
29
77
6
140
21
34
385
849
0
634
10
6
0
503
0
0
0
0
0
30
524
51
0
0
0
0
40
0
26
0
86
138
13
8
25
939
25
368
36
23
7
7
6
4
0
0
13
22
0
87
12
0
259
49
5936
87
6
0
34
40
6
8
43
15
267
26
0
0
297
0
0
13
8
0
0
0
7
0
214
0
0
21
33
88
236
11
5
8
0
68
0
26
41
0
33
0
37
108
365
0
42
236
165
12
0
547
47
270
2059
7
0
24
0
4
0
0
275
0
0
3
0
30
516
0
0
0
0
0
17
247
234
225
15
0
6
8
4
0
0
688
380
43
15
18
0
0
0
166
12
0
67
11
19
0
16
0
0
27
0
0
20
36
22
86
92
0
0
0
0
0
39
11
7
3
204
0
0
0
9
267
316
0
132
71
1725
16
20
0
280
242
0
0
0
0
0
427
0
13
0
216
0
246
112
0
0
0
28
208
0
0
674
1
64
380
16
615
0
224
21
32
8
8
194
99
0
0
0
345
0
152
0
91
41
11
0
112
61
0
165
79
19
225
178
1213
63
16
39
0
13
8
37
164
2634
183
43
14
0
73
26
0
0
18
0
23
2
0
15
0
12
16
19
180
0
0
11
0
92
2
0
0
260
26
166
68
126
0
371
0
0
17
384
0
0
98
77
826
72
28
0
0
5
4
0
23
122
179
22
6
9
3090
160
22
202
0
62
10
0
0
1212
0
0
0
0
17
137
17
0
0
0
888
0
7
304
0
0
432
244
0
44
0
22
7
8
4676
0
876
0
0
0
0
27
0
0
174
0
0
53
10
26
24
0
0
17
0
120
0
352
0
8
0
153
304
669
829
5872
0
1
9
0
0
59
0
0
371
28
36
0
6
160
217
0
38
0
79
93
35
0
69
9
0
11
21
7
464
0
9
0
77
54
0
8
0
667
0
363
4
145
339
40
167
12
15
0
146
0
121
10
630
18
0
0
95
10
36
22
2623
22
77
0
666
81
0
181
0
559
733
64
0
1
0
55
17
124
20
49
0
2558
1140
917
8
8
0
0
62
301
0
240
117
42
152
78
0
52
0
8
4
8
52
0
46
0
399
0
10
14
0
7
0
0
0
7
8566
31
0
0
12
92
13
0
116
0
335
676
0
1059
32
0
5
22
35
0
0
0
939
139
0
16
201
7
289
12
57
13
0
159
46
65
56
0
0
89
25
8
209
0
0
0
15
209
0
0
71
0
0
36
320
40
152
0
0
7
0
728
0
0
2
231
0
11
93
90
188
17
0
0
0
43
67
0
9
39
0
66
0
3
0
0
86
12
146
2
94
982
0
22
213
12
55
0
0
0
62
5
17
77
10
0
8
361
249
6
102
0
40
125
0
0
0
180
0
6
0
0
112
19
0
0
19
0
0
7
33
4
56
0
2
16
16
28
12
0
14
0
781
0
0
2
17
10
1787
29
151
8
258
0
28
0
0
23
5
5
12
99
12
51
0
0
1350
0
0
0
5
0
742
0
562
0
29
0
7
18
234
0
0
28
21
0
36
26
68
34
25
10
0
0
0
88
41
986
697
10
0
887
0
9
382
136
49
404
0
0
65
88
8
30
2
0
0
25
7
424
8
155
84
11
52
678
168
0
13
0
119
0
0
8
399
0
100
0
0
984
49
12
21
0
15
0
23
141
58
4
0
0
0
2
0
16
185
145
448
404
0
220
18
17
3
18
0
136
27
31
304
227
36
0
222
18
10
3655
88
0
36
40
0
89
396
634
386
61
0
0
18
22
197
0
81
19
2
0
5
0
43
200
0
0
14
0
8
0
98
55
13
124
11
5
0
14
954
12
130
0
28
298
144
180
110
0
0
208
0
5
0
22
464
1885
0
12
82
162
438
264
6
26
18
0
0
1210
20
16
17
75
264
249
0
26
7
6
22
4133
0
6
9084
3
337
23
28
63
0
0
36
957
204
1397
680
0
199
20
2892
0
204
28
6
36
0
287
0
0
0
5
8927
0
1841
49
0
62
8
0
0
53
533
0
44
31
0
0
0
0
204
25
9
91
13
58
168
0
67
11
241
0
0
16
667
3314
62
2245
0
45
0
198
8
10
311
20
57
122
71
0
15
0
430
25
0
2517
8
247
404
33
41
39
19
0
4
7
75
875
43
0
664
0
1
50
118
0
0
2855
0
21
549
0
85
10
0
6
38
0
2451
0
97
0
5
16
1582
0
23
284
0
808
0
7
0
10
111
146
0
0
582
0
0
0
0
345
0
43
15
0
91
8
0
208
0
0
92
33
51
0
841
137
417
162
17
6520
0
0
0
43
15
0
0
0
8
257
7
15
0
125
0
0
33
0
4
0
983
128
512
0
353
12
89
0
0
9
827
0
13
490
7
0
11
203
0
31
214
278
5
2694
86
9
0
631
76
1110
473
40
0
0
0
0
5
0
1959
44
991
486
52
524
311
5
0
0
14
516
0
260
0
0
765
305
475
41
0
740
27
18
89
358
4
114
0
41
30
359
179
0
104
52
0
0
633
26
108
20
0
0
33
44
377
19
81
0
200
690
295
222
39
0
8
172
62
0
81
13
87
21
79
96
18
0
193
450
3
0
0
0
0
2099
3
0
173
7
25
6
52
0
9
57
9
0
0
1651
0
11
0
9
0
0
4
148
12
72
4
28
134
725
0
76
21
3838
11
5
22
62
1
701
4
23
412
258
13
0
121
73
28
0
0
46
34
26
0
165
8
782
0
0
0
13
0
1
0
4
181
0
3
17
51
8
12
6
76
9
6
0
6207
0
0
19
41
0
31
0
194
0
0
108
6
6
0
68
6
0
0
18
0
8
5
38
0
74
0
58
0
21
0
0
3406
0
0
0
0
0
0
7
0
26
22
0
10
0
11
0
0
3
507
0
0
0
7
5
235
0
186
0
0
8
0
0
14
0
0
140
0
202
0
8
25
0
91
0
0
8
6
325
148
0
180
0
0
726
7
15
0
130
0
0
0
52
0
0
14
8
0
0
27
11
7
8
1
1302
89
0
14
0
0
54
0
52
7
0
17
0
8
0
0
135
0
0
0
10
3657
6
18
10
0
0
0
41
14
45
227
0
0
0
0
0
4
0
0
43
6
0
15
26
0
0
7
0
0
16
39
0
4
5
75
0
0
0
0
0
0
0
10
0
0
0
0
4
0
0
0
20
5
0
3
0
753
28
14
0
0
0
0
0
26
7
218
0
0
11
0
0
0
182
1
0
21
15
16
0
0
19
0
0
0
8
0
0
14
56
0
0
0
0
15
6
10
0
0
0
3
7
0
0
11
0
0
7
0
0
0
0
0
0
0
21
3
0
0
775
0
0
0
97
0
0
0
0
82
0
0
47
30
6
282
100
0
4
0
0
0
0
0
34
5
0
0
0
17
196
0
0
5
10
0
0
0
14
0
19
0
11
0
0
19
0
0
0
126
0
7
0
0
4
0
0
0
22
9
0
0
32
5
30
0
0
0
0
0
0
5
0
0
6
0
0
25
0
234
0
0
17
10
123
407
19
6
0
0
179
12
66
0
7
0
5
0
0
0
5
0
11
14
0
508
0
0
0
18
66
0
0
0
0
683
7
8
159
371
0
21
0
0
0
7
0
6
0
30
0
44
95
0
15
18
0
0
0
0
0
0
0
0
0
14
0
0
41
0
0
0
0
0
79
0
0
0
0
0
0
0
0
17
0
9
0
12
5
0
32
0
7
290
0
0
0
0
0
10
0
0
0
0
0
0
0
0
0
13
0
15
1
0
0
128
15
7
0
0
73
0
0
0
57
0
0
89
4
0
0
68
4
0
8
0
0
0
0
0
0
0
0
11
0
0
0
0
19
16
0
0
0
0
313
0
0
0
23
0
0
0
0
69
0
0
0
2
0
0
0
0
28
0
0
0
0
0
0
355
0
25
0
0
0
0
10
0
0
0
21
0
47
0
0
0
0
0
0
0
0
79
0
0
0
0
0
7
0
10
0
9
0
23
65
8
10
0
0
0
5
9
0
14
0
12
34
13
0
5
0
10
8
50
0
0
0
3
16
3
0
0
6
0
7
0
0
9
0
1763
328
0
0
0
0
0
0
0
16
28
8
0
0
0
0
0
0
0
0
1562
18
0
25
0
0
11
4
0
84
0
0
0
0
18
0
0
0
0
9
0
46
0
181
0
0
0
0
0
0
15
0
0
0
0
0
62
23
0
117
0
0
6
0
0
0
0
51
11
0
0
0
0
0
32
0
44
8
0
75
0
8
0
0
0
11
0
0
0
13
0
0
12
0
33
0
0
0
0
120
0
3
0
0
21
0
0
0
0
4
0
0
0
0
14
53
58
0
0
0
53
297
0
0
8
10
7
0
0
0
0
0
0
0
0
11
0
21
0
0
4
17
13
46
6
32
29
0
0
0
0
74
0
9
0
0
0
0
0
21
0
0
14
104
4
9
0
0
22
0
27
0
0
0
0
0
6
92
0
0
0
0
5
0
0
0
0
0
0
0
0
0
0
0
12
0
0
88
0
59
83
0
0
10
7
4
0
22
373
0
12
23
0
0
9
44
16
0
12
0
2
0
48
10
0
4
0
178
0
26
0
3
0
10
0
0
0
4
0
0
5
0
8
0
9
0
0
9
43
188
0
0
97
3
599
0
151
0
0
0
45
6
0
16
0
6
0
0
0
0
97
49
5
10
5
0
117
0
0
0
0
0
35
3
0
9
10
183
0
76
4
10
6
0
6
0
0
0
7
5
507
0
0
0
145
6
11
0
0
0
2
10
3
0
7
0
0
0
0
0
0
12
442
0
0
0
0
0
0
0
0
3
0
141
0
0
0
463
0
0
12
51
0
0
0
0
48
7
0
0
9
0
161
0
0
0
0
0
15
91
0
14
0
61
0
0
0
5
177
0
100
0
11
0
127
0
18
0
0
0
0
11
0
9
9
0
0
0
418
0
0
2
26
28
0
0
0
12
11
9
0
7
0
0
192
0
0
0
0
30
23
0
0
847
0
280
6
0
0
0
0
35
15
0
0
28
0
165
18
0
0
0
5
0
1
0
34
0
6
0
43
0
12
0
0
5
26
0
0
0
66
0
0
0
23
0
131
23
28
0
0
0
7
0
0
0
0
50
60
0
0
0
6
8
0
0
0
0
0
0
0
0
244
0
0
4
0
32
0
1407
16
6
77
3
0
0
0
31
57
0
9
0
56
0
6
0
9
0
0
18
0
0
0
5
0
6
0
0
754
64
6
0
0
0
0
200
0
0
0
62
11
0
0
0
0
0
685
26
99
0
0
0
0
0
1
7
0
0
31
17
0
459
90
0
0
63
0
0
0
0
0
0
20
19
0
5
0
0
0
18
0
0
0
8
0
0
28
41
0
240
0
0
0
0
0
0
0
0
0
21
0
0
0
0
0
0
144
16
295
0
0
0
28
0
0
0
0
15
0
0
0
21
0
0
0
0
0
0
16
44
0
0
0
7
0
58
9
0
0
1
0
0
8
265
0
547
0
0
8
0
31
0
211
27
0
0
140
0
13
0
9
0
4
90
138
0
0
0
0
0
44
31
19
0
74
216
0
118
0
19
0
8
7
0
13
0
0
0
1
0
481
68
101
27
46
0
0
0
0
0
4
8
27
146
7
10
0
0
0
0
17
0
0
0
0
0
0
28
0
0
0
9
0
0
0
18
0
0
0
0
0
0
0
0
6
12
0
4
0
4
2
0
0
10
12
2
0
0
29
0
0
74
14
0
0
0
21
0
0
0
0
0
33
0
20
7
26
0
22
0
0
119
0
5
0
39
15
0
0
741
0
14
8
6
0
81
0
18
0
0
0
20
0
0
0
5
38
10
0
0
7
7
0
0
45
0
0
7
0
11
0
506
9
1219
8
0
0
0
0
64
0
0
0
0
7
0
0
0
0
26
0
23
0
27
16
339
0
0
0
7
1
0
28
0
0
0
0
6
0
0
0
36
0
51
0
343
0
0
0
35
0
0
6
24
0
8
0
487
1046
0
0
0
0
0
22
8
0
0
0
0
6
9
0
0
20
0
0
57
7
0
0
0
0
0
0
0
0
0
0
128
0
8
0
0
51
42
0
12
0
15
0
31
0
9
0
0
0
0
0
18
34
0
0
0
26
19
0
0
0
29
8
24
0
0
0
17
0
150
0
0
0
0
0
367
0
14
0
0
0
0
0
0
0
0
25
0
0
0
0
9
23
0
98
6
5
0
0
8
0
0
0
76
0
27
0
0
12
0
30
0
64
35
0
0
196
0
0
27
95
0
0
3
0
0
0
0
0
306
0
0
0
5
0
10
0
0
0
572
192
80
0
0
89
13
0
108
0
124
0
0
53
0
223
5
207
30
0
0
98
6
17
0
0
4
0
0
0
10
0
0
0
34
8
8
0
0
0
0
0
5
33
14
0
0
0
0
0
0
8
14
12
0
14
21
12
0
0
0
0
9
0
0
0
0
0
21
0
9
5
0
18
0
31
286
51
0
0
0
0
0
0
17
8
0
0
20
0
0
0
0
16
0
0
0
0
0
0
0
68
839
0
0
0
0
0
0
0
93
146
0
0
9
13
0
0
0
0
16
0
50
6
8
0
71
13
0
0
1712
18
4
14
0
7
0
0
0
0
0
0
0
5
78
0
41
0
0
0
0
0
0
0
56
1530
0
0
42
0
44
0
0
0
32
0
8
0
48
7
33
0
145
20
0
15
12
462
6
22
1002
0
15
825
16
0
43
10
230
31
0
0
4
0
12
31
0
261
0
0
37
0
0
0
540
0
0
84
0
0
29
52
0
16
55
0
4
41
16
0
0
0
0
0
17
0
143
0
0
0
25
0
0
122
274
7
0
1
0
70
0
6
0
8
0
5
141
0
146
171
26
0
0
1
0
0
0
0
0
0
8
0
473
18
4
14
35
10
0
0
0
0
0
0
0
0
9
2
663
6
0
43
0
0
22
0
0
0
0
0
265
11
0
4
0
29
0
0
0
0
0
0
11
0
0
0
0
0
0
8
422
0
24
0
0
0
6
720
0
0
14
21
0
0
3
150
0
9
12
0
99
9
763
14
0
0
153
9
0
0
0
0
9
0
18
16
0
336
0
0
11
0
0
95
30
0
113
5
0
91
0
5
0
12
0
0
0
0
0
0
0
0
0
0
0
3
26788
9
0
0
131
0
0
0
313
5
4
8
31
0
71
0
0
0
0
7
8
0
0
0
0
7
8
0
1074
11
0
0
22
3811
0
15
18
0
260
0
0
0
0
0
10
121
0
0
0
12
0
8
135
27
0
0
65
0
0
9
0
0
0
9
4
42
0
0
6
0
0
8
0
0
0
48
0
7
12
24
0
9
0
0
409
1781
1612
0
23
0
4
25
11
16
0
254
809
0
26
0
0
0
0
0
0
7
10
0
0
1246
0
10
11
436
29
0
0
0
0
0
0
5
0
0
0
51
0
31
0
4
0
202
14
0
0
6
221
0
12
0
0
18
0
7
0
20
243
3
0
0
7
0
0
15
551
137
651
14
0
0
0
7
0
0
0
0
0
8
0
0
0
0
0
8
0
9
0
8
0
0
0
0
0
0
143
893
0
0
0
0
0
0
0
0
0
0
11
0
0
0
0
0
0
0
7
0
0
33
18
0
0
0
0
0
0
7
0
0
1
0
0
0
0
0
15
8
0
0
0
10
4
13
0
0
0
0
0
10
0
0
0
0
0
10
34
0
74
0
0
0
40
0
0
0
48
7
14
0
37
0
0
0
0
0
25
0
0
0
84
0
899
0
0
23
0
0
0
0
10
0
0
0
0
16
10
3
0
0
0
0
0
12
0
5
42
0
0
17
0
0
5
0
0
0
452
0
0
0
0
0
0
0
0
0
0
16
0
0
0
98
0
15
6
0
0
0
18
0
0
22
0
0
273
0
0
0
0
0
0
15
0
0
0
0
0
52
0
1260
16
0
0
0
0
0
9
0
0
6
8
5
0
0
0
0
79
0
93
0
0
0
0
0
0
243
4
0
0
0
0
0
9238
17
0
0
0
0
0
21
292
0
289
0
0
0
0
0
262
995
5
0
0
0
0
0
11
0
0
170
0
0
0
0
0
0
0
0
152
0
0
0
442
0
0
0
0
10
0
501
0
34
0
7
53
0
0
0
0
10
0
0
0
0
0
0
0
0
0
0
0
0
0
0
0
0
0
0
0
3355
0
375
0
0
0
25
0
0
0
0
0
30
16
0
0
0
0
7
14
0
0
0
169
2
0
0
0
0
0
7
0
0
0
0
6
0
19
0
0
0
0
103
0
0
0
0
0
0
0
0
0
0
0
0
0
0
0
0
26
14
0
0
0
0
0
8
0
0
0
0
0
0
0
9
0
5
17
6
0
0
28
0
0
0
0
0
0
15
0
0
0
0
0
0
11
0
0
0
0
30
0
8
0
6
0
0
20
0
0
0
7
0
56
0
25
312
1000
0
40
0
0
0
0
0
0
55
0
0
10
0
8
0
0
0
0
0
0
0
0
0
0
0
0
0
0
0
3
32
0
241
0
0
7
142
0
0
9
11
0
0
18
8
4
0
0
0
16
0
0
0
0
0
0
1109
0
10
0
0
0
0
0
0
0
0
0
0
9
0
0
0
0
0
0
0
5
6
11
0
35
0
0
0
107
0
0
0
0
0
0
0
28
0
0
0
0
0
515
0
0
0
656
0
0
0
0
4
20
5
0
1710
0
0
0
9
0
0
6
1463
0
0
0
0
0
0
51
0
0
0
0
0
0
0
0
0
0
0
133
0
0
0
0
0
0
0
14
0
0
12
566
9
7
0
0
0
0
0
0
9
0
0
0
10
12
13
0
0
0
5
0
4
5
0
0
0
0
0
0
2681
205
29
0
110
0
0
73
3
0
7
12
46
271
15
7
0
0
0
0
22
0
0
0
0
8
0
228
13
5
0
93
0
433
499
0
13
10
81
0
0
9
0
0
77
40
0
194
17
0
18
6
8
0
32
46
0
58
0
538
6
0
8
59
46
0
108
0
0
160
0
231
0
152
1
18
0
0
12
0
235
0
0
0
111
0
108
0
0
0
0
0
9
20
41
6
402
0
42
0
22
0
17
11
37
59
0
5
0
0
59
0
42
0
0
22
7
9
0
7
0
20
24
444
594
0
0
0
350
10
0
0
8
0
0
0
0
42
27
8
130
150
6
9
0
0
0
31
9
0
0
106
0
0
0
0
0
0
0
4
9
0
1465
15
0
0
0
31
43
0
0
253
0
0
0
0
0
0
36
74
8
0
29
5
0
0
132
0
170
0
230
0
0
0
0
0
437
64
6
17
0
46
9
0
0
0
0
0
0
0
72
0
0
0
9
6
0
0
0
43
0
0
119
625
9
0
118
0
134
0
29
0
0
0
3
0
0
5
366
6
49
0
8
148
304
0
0
1
0
0
28
0
11
6
0
0
0
0
16
97
0
0
0
0
15
16
0
10
0
68
0
7
0
0
0
4
12
0
6335
13
95
4
18
0
6
82
63
0
16
6
0
0
0
0
0
131
3
783
3
17
0
22
361
61
19
7
52
0
218
0
122
40
186
0
91
9
18
1397
2013
0
12
0
8
91
0
7
0
20
0
6
0
28
67
0
24
0
0
439
0
69
7
0
205
26
25
590
0
43
0
810
12
6
2
389
87
29
313
0
0
0
0
3
37
21
0
0
0
0
0
129
37
8
0
35
0
0
41
58
0
19
123
0
57
16
14
30
0
7
0
19
0
26
0
0
0
0
0
44
16
0
0
0
174
19
107
0
95
11
0
0
1191
0
0
0
0
9
0
0
81
34
8
0
0
5
19
0
596
4
21
0
151
0
0
0
0
0
0
0
0
75
0
0
6
0
659
20
0
141
0
14
0
0
4
6
0
24
16
0
0
22
15
244
0
184
0
17
84
88
48
54
68
0
461
124
0
8
0
24
264
0
0
221
155
6
0
87
501
0
0
95
0
85
6
197
0
0
12
58
7
0
0
23
0
0
81
0
158
26
8
121
0
9
0
0
0
265
35
296
215
0
0
0
0
0
0
0
48
0
225
33
32
24
0
82
26
0
81
0
0
0
544
1348
7
229
8
0
5
382
6
0
921
0
0
0
38
0
0
0
32
0
452
0
47
17
8
0
0
51
9
0
99
7
51
521
11
0
0
154
7
305
20
0
5
0
15
0
261
3
0
63
12
0
0
18
30
530
0
0
0
0
11
0
105
65
19
33
4
0
12
329
9
0
0
0
0
0
15
0
257
0
132
28
0
0
0
6
183
1084
7
6
0
0
0
0
0
73
0
0
0
0
15
4
7
0
10
0
27
11
48
0
19
0
0
0
249
0
0
1
0
8
0
0
3
0
951
48
0
0
36
0
0
0
0
0
246
0
47
57
0
135
0
84
1
8
6
0
180
0
0
0
0
7
16
71
948
0
0
15
0
20
0
0
0
383
39
13
0
15
142
25
28
29
10
643
780
13
9
0
16
0
0
1101
70
0
0
29
0
0
6
0
0
0
336
0
33
0
0
0
0
0
685
7
39
13
0
0
26
0
19
12
0
311
0
10
0
4
0
142
5
33
0
0
463
329
0
16
0
0
0
0
5
766
0
19
0
87
0
12
12
12
46
0
10
0
18
15
0
289
21
0
130
78
0
0
0
11
3
0
0
0
0
0
0
0
0
0
7
16
980
27
56
25
6
954
9
0
0
0
88
1318
0
0
18
0
0
0
0
23
198
21
31
15
0
479
123
0
0
0
62
681
27
8
10
310
0
31
30
0
0
28
0
0
461
198
24
643
0
10
0
0
0
545
9
0
0
14
0
41
0
36
0
0
93
36
6
147
44
36
18
0
0
0
0
0
9
9
8
366
0
0
0
0
55
0
0
62
0
0
244
0
0
0
5
7
20
459
0
135
0
10
18
0
0
0
14
0
35
28
4
17
46
1174
0
32
43
0
14
16
0
0
0
0
32
0
0
0
0
0
0
0
1
22
0
0
0
61
0
0
0
0
0
0
8
0
0
0
0
31
0
18
0
0
0
0
0
0
0
7
0
0
0
0
0
0
0
0
0
192
82
0
8
7
5
41
0
0
40
21
0
15
0
0
0
9
0
0
0
0
0
0
0
132
0
0
0
0
0
0
0
0
0
0
20
39
0
0
0
0
0
0
11
1
53
0
13
6
0
50
508
19
29
16
54
366
20
38
73
0
7
18
178
0
0
202
0
0
1
9
0
0
0
0
0
35
0
0
7
0
0
0
7
0
0
6
26
349
178
0
0
0
93
48
28
23
36
0
0
8
12
26
0
0
0
24
76
0
0
16
22
2513
0
4
0
8
0
1
24
0
1204
5
0
38
0
54
0
15
0
0
48
390
0
0
0
0
16
13
6
148
0
9
0
389
92
0
7
57
255
2201
19
0
12
0
0
436
8
0
138
0
0
0
1
0
0
0
0
11
55
7
0
9
9
302
494
0
5
385
0
3
0
40
0
0
125
0
13
0
0
82
0
0
38
0
18
0
1259
0
0
0
7
0
10
185
0
0
62
31
3023
247
7
199
476
0
193
0
32
0
75
0
14
0
0
0
4
0
0
14
12
18
98
8
51
0
54
0
7
0
30
789
13
134
0
7
0
242
3
100
0
1
7
16
55
95
39
117
0
97
85
4
10
10
31
828
147
0
0
0
0
65
11
0
0
0
0
85
0
0
121
25
0
0
351
146
39
21
7
0
14
0
5
31
0
225
51
1
78
330
0
41
0
41
0
0
42
58
15
0
8
7
4
0
22
0
6
100
0
232
0
5
0
37
17
123
0
7
118
18
110
645
624
62
0
0
0
145
0
0
0
33
0
2
76
17
5
17
13
10
0
24
0
0
0
80
12
42
0
211
21
16
536
13
4
6
2
0
332
53
19
89
0
12
7
0
0
0
282
16
23
0
320
0
10
0
5
0
0
188
1
0
75
24
9
0
30
0
7
0
16
0
11
8
0
9
1
0
9
1
16
39
0
0
9
6
82
0
12
0
4
7
6
0
17
18
43
41
0
761
0
0
14
0
34
250
0
0
0
0
0
7
180
11
0
40
0
0
0
11
9
26
26
44
0
12
12
0
19
0
11
0
0
61
183
132
10
144
35
32
183
30
10
110
60
0
0
0
0
27
0
41
8
0
501
3
752
15
0
4
15
0
80
0
56
0
0
1326
95
48
0
290
0
0
0
0
0
15
45
35
20
0
18
57
0
0
0
559
8
0
27
16
10
511
0
0
28
7
0
85
0
0
1
38
0
0
1
0
22
0
0
37
8
0
0
0
0
8
0
0
12
0
0
0
0
0
31
28
843
244
4
16
0
0
0
125
105
9
0
0
0
16
60
20
0
0
0
0
0
0
21
0
56
6
0
0
0
0
12
0
8
0
0
4
4
15
0
0
0
1
76
10
6
0
176
0
229
10
0
0
0
27
267
8
0
4
35
0
315
41
26
42
1227
174
0
0
0
10
0
0
8
16
0
0
0
165
0
134
26
1
0
87
0
100
9
110
455
10
10
0
0
30
0
191
79
463
0
102
9
0
16
13
0
193
8
0
0
8
18
4
0
0
0
270
421
31
5
20
0
0
0
44
46
14
75
0
0
0
36
18
0
8
77
27
4
0
0
11
6
7
101
0
0
598
0
0
23
0
0
100
0
0
31
0
0
2
11
41
0
7
3
0
168
5
9
6
139
390
95
0
74
10
178
14
0
252
32
0
2
8
0
194
0
348
0
0
0
0
18
55
0
0
131
0
0
0
0
0
751
131
157
246
15
33
0
19
19
0
0
26
114
0
197
35
27
889
0
0
0
16
6
22
0
52
4
0
0
0
150
14
7
0
286
0
0
0
1
9
10
6
4
119
59
0
0
117
11
34
0
0
0
450
0
0
8
12
0
41
32
2
0
17
3
0
0
0
0
0
43
173
617
0
50
0
0
16
646
2
224
3
0
26
6
6
59
8
0
6
244
0
58
0
0
37
0
0
0
8
12
265
0
0
0
285
0
137
0
0
0
0
366
0
0
43
0
0
0
0
0
0
13
0
0
8
0
20
0
19
13
0
124
15
0
5
0
10
15
23
0
30
0
0
101
0
79
0
0
0
0
0
62
0
8
0
0
0
0
22
8
6
6
184
0
15
44
0
13
0
50
0
8
0
33
90
313
0
34
0
0
6
0
14
376
0
0
142
0
0
11
0
0
0
0
0
0
6
5
648
0
76
231
76
0
0
0
6
0
5
141
0
0
0
0
0
14
0
56
18
24
5
0
0
4
0
43
7
8
3
38
0
52
210
0
0
5
0
130
0
0
14
12
13
111
100
0
142
0
27
0
305
19
0
16
0
0
0
0
9
5
0
11
313
8
0
6
0
31
194
12
9
28
43
0
12
0
0
174
0
0
20
0
257
104
6
67
12
0
27
342
56
366
13
10
0
0
18
0
10
26
0
37
21
36
137
7
0
55
0
0
15
0
0
8
307
0
6
0
0
10
10
47
0
12
11
0
0
38
201
0
0
57
0
194
0
274
2
1
38
0
0
219
231
0
78
18
0
186
0
0
1
0
0
0
29
0
0
1607
0
55
0
52
82
0
9
0
0
0
0
23
0
17
8
0
8
72
28
13
25
370
21
0
28
0
62
0
8
0
0
0
0
280
109
6
0
0
9
0
111
0
83
59
4
221
0
0
33
0
104
8
0
22
0
0
10
0
0
0
0
30
0
0
125
0
15
0
115
96
86
450
19
90
0
0
0
0
6
0
23
33
0
9
14
6
0
8
0
6
0
11
32
0
0
213
57
6
8
319
4
0
27
114
0
0
4
35
8
0
12
43
241
10
0
11
0
0
14
17
235
311
15
210
0
858
18
0
0
0
0
0
13
22
1
0
9
17
0
0
4
910
8
0
38
15
0
41
1112
0
0
50
23
676
184
0
0
13
0
29
0
14
7
3
0
12
0
0
122
0
0
45
87
0
246
55
142
0
18
6
0
0
0
0
0
0
186
0
1409
0
27
5
175
1693
3
0
0
0
13
43
0
169
167
15
0
21
43
1129
451
15
21
0
73
0
0
0
9
0
0
0
0
0
10
79
0
24
0
39
31
837
0
19
8
69
0
20
0
66
9
0
110
963
0
0
0
0
1
0
17
28
25
0
8
74
374
5
0
38
18
695
0
591
41
0
731
0
6
0
2
19
0
9
19
0
207
0
32
843
0
28
23
9
0
256
13
163
262
178
29
203
9
0
7
0
39
0
20
0
0
0
0
13
0
16
0
0
0
10
0
113
0
0
17
66
80
4
0
0
6
0
10
0
0
0
541
0
465
0
0
0
0
0
466
0
0
0
0
0
0
0
884
0
786
5
17
81
0
0
0
0
55
0
0
0
145
0
23
14
0
15
0
0
34
40
0
0
218
295
0
16
0
51
15
31
11
0
0
162
18
18
0
11
5
37
0
0
104
31
0
70
342
0
53
1057
156
65
17
0
0
71
11
0
281
213
0
21
0
0
8
121
0
7
0
13
31
0
0
0
10
374
8
0
0
14
10
0
18
5
4
0
14
12
0
0
15
32
0
0
69
0
0
0
0
8
0
470
0
0
194
236
0
0
85
0
7
0
83
93
615
13
0
0
25
16
0
0
149
0
0
10
142
2
0
18
19
35
526
15
0
20
8
385
7
13
0
16
23
16
273
180
0
359
35
0
0
0
0
0
40
15
0
12
125
13
48
0
0
0
11
190
13
5
0
0
73
0
0
0
165
0
33
103
236
0
11
173
0
37
137
4
0
0
10
21
11
0
0
45
76
0
6
428
475
36
33
16
0
12
0
0
0
0
3
14
0
32
0
1804
0
0
4
47
1
0
128
0
15
0
0
0
0
0
40
0
7
109
0
0
100
7
0
2
0
0
0
13
0
23
0
21
0
9
186
0
0
20
0
22
0
0
0
39
15
0
82
779
50
0
0
12
0
0
0
21
2
757
16
0
97
0
0
0
12
0
13
0
0
30
219
0
0
0
0
7
0
19
5
10
0
0
6
298
0
7
16
0
0
42
0
0
3
11
46
23
0
306
6
52
190
6
36
0
0
0
0
0
0
107
23
198
23
55
0
44
5
0
22
0
11
43
0
1223
6
0
3
8
1099
0
4
0
0
0
110
0
0
0
0
0
19
18
337
0
123
43
20
22
0
11
0
36
0
0
0
0
0
5
0
0
530
0
35
34
13
28
0
6
0
11
36
0
2265
0
0
7
13
97
123
1164
0
11
432
7
11
13
6
0
0
0
39
8
0
0
0
0
0
0
0
7
0
0
231
0
0
17
0
383
0
0
11
39
5
0
8
0
0
5
0
0
14
0
60
0
24
0
101
10
0
0
138
6
0
16
0
0
2131
5
0
0
44
0
0
17
8
37
0
64
0
0
12
171
67
0
23
170
13
8
14
0
13
0
553
8
0
0
10
21
48
38
0
64
0
96
24
22
0
20
15
6
0
8
205
0
0
0
0
15
0
15
0
19
191
0
0
2
89
28
49
0
0
16
0
0
0
0
19
0
7
0
18
0
0
0
15
15
21
4505
0
0
22
50
0
6
0
0
126
19
0
88
373
114
0
0
0
1089
0
60
250
38
0
0
0
0
56
0
34
0
0
222
56
0
12
0
20
0
0
177
38
0
150
0
0
640
0
49
0
282
0
0
0
12
66
0
0
8
12
0
19
0
52
36
246
15
14
0
8
0
14
0
4
0
0
0
0
0
8
33
0
338
50
0
49
295
0
0
0
0
0
6
0
0
1
48
0
54
0
50
6
378
0
0
0
14
9
0
0
0
0
440
9
0
9
0
10
0
36
0
5
0
0
7
0
4
0
6
7
26
38
0
0
7
0
0
53
0
4
5
0
0
0
0
163
0
31
929
263
59
209
0
62
0
99
0
0
7
84
0
0
0
113
7
0
18
10
27
8
0
0
117
0
0
7
9
317
0
0
0
26
0
10
0
0
162
0
22
5
0
0
3
31
0
0
0
155
0
0
9
21
0
4
8
158
34
0
0
6
0
28
0
0
2393
0
2
0
22
0
9
0
0
5
29
73
0
0
47
13
155
25
10
0
0
0
273
0
35
2
1111
38
5
18
0
233
165
34
0
78
0
0
26
0
14
257
4
0
0
43
0
21
10
0
360
0
0
6
0
0
61
0
9
0
0
0
0
0
24
0
20
2
22
31
0
0
0
0
207
52
0
595
0
8
5
43
0
63
0
0
4
0
151
18
108
0
0
39
8
0
0
38
37
0
79
7
6
7
7
48
5
0
9
0
5
0
4
0
0
36
20
0
0
7
61
2
21
0
0
0
3
0
0
347
0
14
291
0
538
133
1
8
0
9
69
11
25
0
9
4
108
17
133
0
0
176
30
0
0
19
15
70
554
43
0
0
8
0
0
0
14
12
0
0
36
444
0
73
0
0
0
29
71
2
72
11
98
43
20
60
0
23
206
467
0
73
0
0
0
53
0
0
27
0
9
30
314
526
24
25
157
179
66
642
0
20
0
0
9
5
0
0
6
0
16
0
16
0
0
0
5
0
22
0
114
7
0
11
41
22
0
1572
128
84
0
3
0
3
39
0
497
0
9
0
18
0
7
6
0
16
8
0
24
20
0
0
0
424
660
7
79
0
0
0
134
30
0
58
0
0
6
162
26
5
13
0
786
0
338
14
0
8
19
0
10
0
0
14
0
12
0
0
0
889
0
160
318
93
0
76
0
0
0
14
215
139
0
34
0
0
32
81
10
78
0
0
5
21
0
139
72
0
0
358
0
0
23
0
2
6
0
880
19
110
12
14
52
0
21
0
0
7015
0
0
0
20
53
0
5
0
0
0
0
19
0
0
1
0
92
14
0
6
0
48
462
249
17
0
1
504
16
111
15
0
11
11
29
37
0
0
0
0
16
4
0
0
4
0
91
0
0
0
12
62
83
0
31
0
108
458
1
8
10
22
1477
18
3
0
522
81
55
0
9
30
0
99
80
241
6
3
0
0
14
0
26
0
5
4
26
0
0
0
36
55
4
0
25
0
9
0
11
0
0
0
0
24
0
31
0
0
18
0
20
13
21
0
129
78
0
13
8
297
0
62
0
0
188
0
0
0
214
0
0
0
463
198
11
0
0
0
6
241
8
0
15
0
81
1
6
385
92
217
0
0
0
129
34
0
242
137
8
45
0
0
0
0
40
49
0
183
3162
1882
11
12
0
4
83
7
3
9
2
0
12
569
0
0
1154
17
193
199
18
9
31
0
0
7
102
36
288
0
93
192
18
0
0
99
0
0
9
0
0
0
0
0
0
114
0
5
0
0
0
189
0
0
0
0
6
0
78
4
6
0
22
0
271
0
0
0
0
225
17
63
8
8
0
21
0
87
46
0
0
0
0
0
0
0
0
0
0
0
0
0
0
0
0
0
0
0
0
0
0
0
191
7
0
0
21
4
68
0
0
0
0
21
17
5
275
0
0
0
0
0
0
0
1
0
12
206
0
4
0
0
0
8
132
13
0
21
0
0
4
36
13
19
10
70
50
96
0
0
21
61
0
0
5
49
0
0
8
0
0
0
175
4
0
0
0
8
51
10
0
7
12
0
115
0
0
160
0
0
15
36
39
11
0
35
0
0
0
12
14
127
0
15
0
0
0
0
0
0
0
202
98
59
0
16
0
0
5
8
25
208
7
0
60
482
0
0
10
0
0
0
478
8
0
8
9
0
0
9
19
0
21
9
0
17
10
0
0
0
0
31
0
0
32
0
0
23
56
0
0
0
21
9
0
221
6
23
28
5
0
252
0
116
35
0
0
0
124
37
0
75
10
10
8
0
12
21
35
47
0
0
11
10
32
0
0
14
528
22
18
2
10
6
47
0
0
0
0
23
0
11
28
31
19
0
0
11
0
0
11
0
0
7
0
47
36
390
449
0
5
0
19
10
0
0
109
0
0
266
0
59
0
0
0
8
5
0
784
0
6
0
0
0
123
0
0
0
0
201
29
0
0
15
13
0
47
6
0
0
0
12
0
0
0
531
0
0
0
0
307
0
0
0
0
0
2909
1209
0
17
0
0
0
6
0
0
0
0
18
0
7
1022
8
0
423
0
7
14
286
0
400
58
39
21
0
275
0
0
265
0
10
6
0
69
0
0
0
0
13
0
0
0
6
0
0
0
0
0
0
0
0
109
30
0
4
0
15
63
162
0
18
0
0
0
13
10
0
0
2
0
43
113
9
0
19
0
0
0
99
0
26
575
66
44
0
0
65
0
21
19
8
0
0
385
8
18
16
0
32
0
0
960
0
14
61
0
570
0
529
21
0
45
20
0
0
53
0
0
0
13
63
0
0
0
0
9
9
9
56
5
748
0
650
0
260
0
0
0
0
0
418
4
141
6
24
0
13
0
0
0
0
16
0
545
29
47
0
0
0
0
0
0
9
0
0
72
0
0
225
0
18
8
0
0
14
5
116
0
33
7
21
2070
23
4
0
0
0
57
37
0
0
0
0
289
0
9
10
0
0
0
49
62
234
8
0
10
66
0
16
0
0
0
0
0
0
34
0
0
0
0
91
26
26
203
0
15
14
140
25
6
0
6
0
6
125
226
8
0
8
0
0
9
7
0
0
0
6
393
246
208
166
0
0
5
147
19
3
12
182
0
0
0
0
4
63
0
20
17
0
13
0
28
0
144
0
97
3
31
0
27
4326
50
6
46
0
31
24
7
0
0
0
0
0
1
20
0
14
8
0
0
32
100
34
5
10
9
53
0
68
0
0
0
0
0
0
0
70
69
45
0
279
0
0
7
2726
0
0
6
84
169
0
7
140
66
10
0
1479
8
0
0
0
0
2972
0
283
8
18
14
160
20
81
0
228
0
38
1673
363
19
0
12
3510
0
17
0
328
0
0
0
0
0
0
30
0
0
15
87
0
49
16
0
450
87
46
6
0
0
0
0
9
85
3
807
0
21
24
25
0
12
0
256
0
102
24
429
0
731
5
0
348
0
94
7
0
0
88
23
0
7
0
129
15
23
4
5
0
29
0
405
0
0
0
0
0
3
42
464
0
0
146
149
8
12
169
0
0
65
319
0
9
9
103
0
0
0
32
44
26
0
4
6
0
89
0
8
0
0
24
5
0
0
0
0
0
154
7
23
334
30
0
98
0
126
40
14
0
30
0
0
0
18
0
0
0
0
67
0
0
28
0
0
0
0
1
91
36
0
368
0
0
0
9
9
0
0
41
99
56
0
0
0
0
95
21
0
12
0
24
32
0
21
0
36
8
0
297
146
0
0
129
0
1
0
0
11
696
4054
105
16
81
227
30
0
0
49
12
148
788
0
44
31
0
11
0
4
0
0
22
3
276
0
0
0
4
4
39
0
0
0
7
10
0
76
0
102
39
6
0
11
0
18
10
0
0
0
21
148
0
1246
0
0
0
0
72
0
0
0
0
0
29
5
30
0
0
0
0
45
12
0
7
59
0
9
12
0
0
16
0
9
0
0
0
0
13
12
19
0
54
0
0
0
4
0
17
24
0
98
10
0
79
6
296
14
0
0
53
8
0
2
0
0
0
10
0
115
0
280
0
284
0
10
13
14
89
0
52
100
0
0
0
0
0
0
291
8
11
6
4
0
18
0
13
575
0
0
0
0
45
139
0
24
10
0
0
777
0
81
92
0
0
0
0
0
41
0
3
35
4
5
19
0
703
30
26
22
0
0
0
6
703
0
0
0
0
0
6
15
0
0
0
0
140
0
33
0
0
237
0
0
9
30
852
6
25
7
15
2
4
0
84
170
12
69
0
16
90
17
0
0
22
0
121
0
5
0
6
55
4
8
10
92
0
0
176
13
6
54
0
0
0
0
0
0
0
53
0
99
0
57
0
0
83
12
11
0
0
485
5
0
54
164
4
1974
0
5
232
1
166
0
57
0
0
20
0
390
4
6
39
0
0
12
204
6
0
0
3
0
42
7
0
0
17
6
0
7
4
216
5
0
0
53
0
53
0
0
678
0
53
296
0
825
30
0
233
238
0
8
0
0
1
53
75
0
0
0
0
0
10
0
0
34
0
19
3
0
0
892
0
71
149
0
38
25
0
0
0
394
0
57
78
16
0
71
62
34
173
0
287
4733
12
15
0
29
0
245
165
49
0
803
44
43
6
0
54
39
0
0
26
0
0
398
7
3
400
0
7
0
469
15
0
9
43
0
0
0
0
17
0
23
10
0
11
174
22
50
329
0
6
149
8
0
0
87
150
0
0
13
10
12
0
0
14
8
0
0
0
0
0
7
247
412
6
0
0
13
0
22
0
21
251
0
0
0
3
1731
13
0
0
11
0
0
0
0
261
0
59
10
0
19
4
79
47
0
43
185
173
0
12
0
0
0
0
8
225
720
0
808
0
31
384
15
0
55
10
34
108
0
0
0
12
0
0
12
48
19
403
126
0
0
60
25
0
28
18
0
7
27
16
0
0
0
0
397
0
0
22
88
0
285
0
14
38
0
244
0
0
0
181
0
112
0
0
0
0
15
0
17
0
346
65
0
30
0
0
76
0
22
125
26
0
0
36
31
5
68
43
0
5905
8
4
0
138
0
25
49
0
8
0
0
0
46
110
0
2
51
0
0
8
50
61
55
0
0
0
7
0
0
77
0
0
18
0
0
5
51
0
115
0
0
9
49
7
61
309
16
141
8
54
11
0
0
22
87
24
109
0
13
0
4
5
400
21
717
0
0
0
0
2
116
0
0
0
0
122
42
10
10
957
0
0
0
0
0
721
5
4
197
7
30
296
0
583
20
0
10
17
53
0
9
8
8
0
8
0
13
63
15
23
0
806
76
30
2
128
9
0
0
0
0
38
24
0
0
21
23
18
0
0
6
23
0
7
0
56
614
10
110
15
7
12
7
0
0
0
0
15
0
0
0
11
317
0
0
31
0
20
4
0
17
0
0
12
0
67
9
26
230
0
0
8
0
17
31
0
466
12
21
22
0
897
11
0
7
0
4
0
9
0
0
0
0
13
23
566
0
0
0
16
141
12
0
0
14
296
228
0
12
0
19
2
0
23
0
4
27
93
34
0
20
0
7
5
0
637
0
267
0
0
139
8
58
0
95
4
389
12
12
0
0
3
28
0
37
0
235
0
83
0
35
10
70
26
679
5
0
0
0
13
38
0
0
27
36
701
0
1291
425
31
0
1228
56
0
74
22
64
0
44
49
54
40
441
16
7
0
8
7
15
9
0
32
112
525
243
5
142
0
0
0
0
6
7
0
0
0
74
4
0
13
2299
375
123
0
205
69
14
0
13
0
420
20
2
19
0
0
2
0
231
7
0
765
39
16
13
20
2
0
29
3129
0
129
52
1
774
0
189
0
3
444
12
24
63
0
0
2
4
52
0
15
9
184
0
0
0
6
363
9048
0
5
10
41
48
43
0
477
0
6
69
0
0
0
10
18
0
1218
0
0
27
12
6
16
0
0
42
0
58
13
70
95
0
0
132
0
0
0
0
0
17
0
80
0
57
400
63
765
0
9
10
250
0
197
0
16
0
0
0
5
11
0
0
0
0
0
0
0
226
239
10
19
59
65
11
991
82
182
7
26
0
2
0
7
8
11
129
0
0
0
7
61
112
9
17
6
9
38
0
37
12
152
0
94
8
0
0
0
0
0
57
3
64
15
0
77
0
0
1903
0
0
12
0
0
262
52
0
0
0
25
60
76
1849
154
89
1479
8
37
0
195
0
2
0
0
21
9
367
6
0
199
0
0
0
38
0
0
9
0
172
7
161
28
0
54
0
0
155
0
0
0
0
14
0
0
0
39
0
17
0
0
5
0
0
429
93
0
122
19
0
0
0
0
0
10
0
16
0
1
0
0
7
125
9
5
8
0
10
12
20
5
0
45
11
0
0
0
50
15
82
13
0
0
5
0
2
10
427
8
0
85
0
8
23
4
0
23
10
6
0
76
0
9
20
5
0
0
325
32
18
0
20
262
0
0
7
0
0
13
9
20
0
8
0
13
0
5
7
0
126
10
7
7
0
351
17
0
0
8
0
77
0
0
0
77
24
1268
0
0
0
0
0
0
20
5
35
0
0
0
0
49
93
11
0
567
11
3690
0
0
0
28
67
110
41
46
0
106
0
13
0
14
266
0
0
70
0
0
0
0
0
6
191
38
0
1
15
0
0
0
23
5
9
72
0
0
0
3
15
0
0
23
8
208
0
0
178
4230
348
0
101
0
5
0
37
0
0
0
4
8
8
7
19
305
0
8
10
1289
0
7
0
0
0
0
72
3376
0
0
0
0
0
159
19
396
60
0
0
0
54
467
0
0
188
0
0
31
0
94
0
0
449
7
0
0
9
0
0
0
28
0
0
0
10
19
8
15
23
11
0
48
0
9
7
0
0
0
0
0
47
8
0
0
6583
120
0
0
8
8
164
45
66
0
6
17962
0
0
0
222
3
8
48
0
0
0
5
0
0
0
131
0
0
0
10
0
4
0
0
5
0
5
0
0
0
59
0
0
4
12
8
928
10
34
0
4
0
0
17
0
11
203
434
117
1302
31
0
8
982
0
257
13
21
1326
23
2671
14
194
0
704
0
0
81
0
0
5
0
0
390
7
9
0
9
71
71
233
38
22
0
31
0
0
0
0
26
157
0
0
0
48
459
39
49
0
57
0
0
11
341
11
0
0
12
0
0
27
0
0
0
10
0
0
0
0
239
0
20
0
3016
0
0
30
4453
99
0
192
0
0
0
0
0
1267
0
6
264
46
0
2032
0
14
47
25
0
0
0
0
0
292
0
0
1
5
0
15
203
382
0
0
7
0
0
56
0
0
36
0
50
0
0
28
0
0
0
11
498
0
0
29
15
8
14
1413
0
0
701
0
0
141
7
0
0
3
74
0
0
18
426
0
0
19
22
0
0
0
0
4
0
0
26
96
0
154
0
0
4
0
19
0
631
0
0
61
0
0
29
10
0
107
45
0
0
0
192
0
781
0
0
0
57
142
1
0
0
164
0
0
96
175
0
0
35
0
0
648
57
0
0
13
0
0
30
46
0
0
117
0
0
6
28
0
0
25
0
0
0
0
83
274
0
0
0
0
0
7
17
0
0
0
276
0
66
17
244
26
0
0
0
0
0
0
0
0
0
0
0
35
78
0
0
0
0
0
584
0
74
0
0
0
35
7
0
0
156
0
996
9
71
0
0
0
21
0
120
0
42
23
0
0
4
0
84
232
0
0
30
0
1000
20
14
0
190
0
0
0
0
0
0
20
7
0
3
213
21
506
11
0
0
11
0
0
1272
0
0
0
223
0
0
0
9
73
8
0
0
0
0
0
7
0
0
0
0
0
31
95
124
5
0
0
0
0
0
0
0
60
0
0
0
0
0
0
0
0
7
0
0
0
63
10
0
0
0
31
1337
25
2
251
14
0
0
0
0
0
0
0
13
147
69
6
0
111
5
92
125
0
0
340
0
0
0
0
0
0
22
0
0
11
21
17
397
12
641
234
0
37
0
88
4
0
0
0
7
221
0
0
0
0
0
0
9
0
0
0
318
97
0
0
15
172
15
0
23
0
691
0
7
184
0
0
0
67
97
15
0
0
0
0
0
0
0
0
73
0
8
0
32
720
6
33
0
36
0
0
5
12
0
0
34
0
17
4
0
0
0
0
0
0
4
0
0
91
0
0
701
0
92
0
0
23
0
124
37
0
392
0
0
78
0
4
0
0
0
0
102
0
0
0
0
0
0
309
31
0
16
23
0
15
0
0
0
67
15
118
0
11
43
0
22
0
0
0
13
0
55
0
0
0
28
0
244
4554
0
0
4
0
0
0
0
29
0
3
115
1
0
0
0
44
0
10
0
6
9
26
0
7
0
5
23
24
0
0
0
109
0
5
0
0
3538
1005
130
0
0
0
0
2409
0
0
7
0
0
0
0
0
0
527
0
36
7
6
0
69
38
0
0
0
126
0
0
898
0
0
17
216
0
8
56
2
17
0
0
45
28
383
44
14
26
0
19
0
0
0
125
0
462
0
1557
0
0
173
0
676
0
8
0
41
0
0
18
3
0
23
0
280
0
0
0
109
0
524
0
4
0
0
2
815
191
726
0
9
10
0
11
28
42
114
100
7
119
76
0
0
41
105
31
42
10
0
193
41
158
0
0
26
0
0
0
0
0
23
60
97
496
243
59
9
8
55
403
0
49
22
0
0
24
234
0
0
8
0
5
8
0
29
41
0
34
8183
0
0
6953
0
9
71
452
10
0
286
0
0
42
16
12
0
0
7
28
13
0
0
70
57
3252
143
0
105
55
95
338
30
0
6
0
8
0
0
0
103
44
112
45
10
12
31
59
19
0
0
182
0
0
0
16
0
32
137
36
59
0
98
0
229
11
0
3
0
197
9
2
8
48
285
0
11
26
0
217
521
101
14
0
228
74
287
0
6
27599
49
214
0
20
2
20
27
46
0
8
55
129
18
0
1
166
0
0
37
0
670
4
16
4
0
0
29
132
0
91
98
100
0
11
6507
0
185
39
400
32
0
35
12
0
34
2008
6
0
331
223
5
65
0
0
0
39
78
13
7
0
99
0
1482
21
82
37
45
89
50
8
348
35
3
0
535
12
1173
0
8
0
0
0
142
573
12276
0
4
0
81
11
16
212
0
0
0
35
15
344
218
43
0
9
32
21
6
0
0
15
5
0
7
506
0
204
15
11
22
0
59
64
31
845
8
208
202
0
105
182
0
155
0
66
7
76
0
64
6
78
1972
12
91
6
0
852
0
387
0
0
1175
265
69
0
16
82
10
7
187
6
0
0
81
183
4
0
245
0
7
8
25
48
0
93
12
0
0
87
17
12
0
24
1124
71
417
1411
311
509
61
118
21
0
246
0
9
66
0
26
188
0
39
0
168
84
658
6
0
10
0
0
3285
57
1029
0
371
16
321
0
0
0
19
762
46
0
12
29
389
10
16
16
783
366
9
0
168
0
27
73
7
16
0
44
1
178
484
0
0
179
0
116
137
35
28
12
0
1620
128
102
7
6
30
0
135
17
0
0
0
0
138
0
19
22
13
112
25
104
0
0
382
926
78
51
0
6
0
63
15
110
243
653
0
0
19
100
0
0
114
96
34
3
43
207
13
0
8
315
97
0
52
0
10
311
0
773
0
39
56
0
0
85
638
0
0
14
0
187
18
82
0
34
91
0
45
0
14
767
14
0
53
12
0
0
21
293
6
42
24
359
0
11
41
0
0
0
72
0
60
0
0
0
11
9
43
22
7280
0
75
0
0
126
759
48
0
16
0
22
270
0
0
0
5
54
0
12
269
0
16
203
592
11
0
30
32
13
28
27
7
1996
253
147
421
0
0
0
73
0
32
7
0
9
97
55
0
35
7
0
0
6
0
19
8
248
52
0
0
0
0
11130
39
0
202
86
69
84
7
0
10
858
446
1965
385
52
235
29
8
287
35
1
0
9
0
5207
0
0
298
947
9
0
239
41
0
32
0
54
6
150
37
383
120
0
28
0
2283
12
0
0
0
0
0
2753
0
136
14
23
0
5
0
35
116
0
69
18
18
10930
3
20
7
25
0
46
14
187
0
67
121
0
613
6
25
9
2
23
243
0
346
0
0
0
0
143
197
1015
0
0
0
0
0
0
14
0
0
45
613
7
0
25
2
0
131
11
0
5
0
0
7
160
3
175
36
22
27
15
0
111
248
84
8
0
0
5
10
0
11
2798
16
0
0
63
0
20
5
0
103
0
290
113
0
21
21
5
278
0
0
0
11
26
29
0
11
47
217
0
12
224
86
6
0
7
12285
36
38
15
28
10
0
1
94
0
38
16
32
0
0
10
0
0
1753
294
3
15
0
0
0
92
1126
0
227
0
0
33
0
68
9
148
9
169
349
37
0
18
106
9
0
105
10
12
0
1035
69
38
5
0
0
0
498
89
50
253
0
0
7
23
56
0
5
0
0
0
5
0
0
1055
0
0
0
50
4
14
362
0
11
188
0
46
0
167
0
44
6
80
0
455
0
37
0
324
43
0
0
2420
59
54
9
975
0
9
38
3
0
0
9
0
0
176
31
0
399
4
23
72
0
0
17
60
94
1
28
4
135
28
85
0
0
22
54
5
1
0
96
0
0
0
0
7
27
0
0
0
78
0
11
14
109
0
16
0
95
0
0
7
10
0
0
129
0
15
7
0
0
13
13
22
0
58
0
0
28
0
5
9
10
0
0
0
64
143
0
9
0
6
7
0
0
0
0
8
11
2
0
75
67
0
0
0
0
0
0
1
10
0
0
50
0
0
0
0
12
0
0
7
0
0
18
73
0
45
0
0
17
0
45
114
3
0
18
0
40
27
17
162
7
0
192
0
8
403
0
9
355
4
0
0
10
77
0
552
505
12
0
0
113
0
14
1459
0
453
8
87
157
0
104
1427
0
186
138
571
12
35
76
0
36
19
3
32
981
0
27
283
54
0
121
0
178
2447
0
9
526
126
0
210
24
823
28
30
63
102
23
159
89
14
667
60
263
0
0
0
419
38
0
0
39
5
15
0
0
25
0
40
278
20
416
37
16
0
5
0
81
6
0
36
8
14
16
677
0
71
0
0
199
2
20
73
0
0
5
66
1385
0
18
853
0
0
32
0
0
71
24
137
2
243
5
0
1872
0
0
0
0
2
0
408
0
14
7
0
31
17
0
1114
488
0
0
20
29
16
145
0
19
0
75
0
12
868
0
0
0
23
5
0
0
180
0
42
197
0
2
47
74
99
824
6
0
0
620
12
40
0
7
227
16
0
0
0
7
0
0
0
10
83
65
0
124
54
168
71
290
60
0
0
125
0
0
0
0
30
592
0
0
0
9
0
6
0
0
0
0
0
0
0
0
6
101
92
41
9
1
0
118
0
0
13
0
17
0
7
0
0
26
47
10
0
7
0
28
148
43
0
0
0
10
103
0
10
0
6
0
142
0
14
0
1
4
10
22
494
22
2525
8
6
15
0
0
0
24
0
0
0
0
23
20
73
0
0
0
0
16
70
0
2
2
12
0
0
20
13
0
15
0
0
95
49
22
12
5030
0
0
0
150
35
0
16
0
0
9
14
3
0
18
17
0
9
0
0
0
32
0
0
20
17
105
0
0
16
167
27
8
0
22
0
0
0
47
4
0
0
80
11
0
0
0
0
0
0
0
34
3
0
0
0
8
0
279
298
0
16
36
19
0
3
0
9
8
0
0
0
134
0
44
0
31
0
3
0
0
0
0
13
0
0
14
65
13
0
9
4
47
11
6
0
0
6
0
0
0
0
0
0
12
0
0
0
0
0
0
6
11
14
0
0
0
1
0
23
0
0
10
59
7
0
190
0
11
13
0
29
21
31
0
17
0
0
8
8
14
6
9
0
8
0
41
13
36
17
5
8
35
18
43
0
270
0
302
199
137
15
0
386
194
33
17
0
67
94
0
199
0
118
0
7
0
0
760
0
10
188
63
211
0
8
7695
38
5
69
0
151
75
0
9
157
0
25
0
0
353
0
0
0
0
136
0
0
0
11
273
0
21
103
0
61
0
0
0
72
69
30
0
0
20
245
0
36
99
899
13
31
0
0
0
0
0
199
0
0
2511
363
4
0
26
0
4
0
24
0
14
0
50
0
200
21
334
200
0
274
0
735
2
10
562
22
0
98
694
0
0
124
48
29
0
73
0
1035
0
341
0
125
110
75
708
0
8
77
5
36
407
0
22
939
12
21
478
31
0
0
153
215
0
22
14
25
34
0
0
0
0
36
344
0
0
246
41
71
189
183
3132
11
0
56
160
1595
0
0
6
1333
373
0
205
493
40
22
0
45
8
549
615
142
42
133
7
0
0
25
0
37
39
14
0
67
14
7
27
0
0
982
568
31
126
24
73
160
10
19
0
0
92
0
185
540
69
0
0
0
74
361
15
0
7
0
1406
0
153
11
0
20
0
443
141
55
219
53
0
472
0
401
18
28
12
38
0
48
0
313
0
0
13
0
0
134
0
623
339
1356
8
592
18
16
0
125
0
0
0
8
89
33
165
8
0
0
4
0
14
7
3
50
10
7
0
95
72
69
70
0
10
172
1424
0
24
11
0
88
0
1
27
18
62
60
0
0
0
86
0
0
0
18
0
9
7
34
11
0
30
0
206
0
34
52
0
0
21
0
11
30
6
54
38
0
0
35
0
0
0
38
9
4
43
133
91
49
0
9
0
0
21
45
4
80
0
0
0
0
0
28
0
36
53
24
58
81
28
0
215
40
56
0
649
0
0
21
0
13
8
21
186
16
5
9
6
14
0
108
0
19
7
1386
198
872
51
2045
0
59
29
0
0
0
12
9
0
367
0
8
48
56
0
22
0
12
69
9
842
10
13
71
0
0
22
0
0
0
29
0
18
0
0
9
0
36
0
6
0
0
6
558
30
7
20
47
3269
20
58
0
0
121
10
28
0
10
0
70
0
21
275
1291
8
4
0
0
13
234
0
0
13
0
32
185
0
96
0
5
54
20
52
0
6
1735
414
6
0
101
20
15
0
0
0
70
0
264
11
0
0
4319
1457
16
66
71
10
53
0
0
13
0
125
5
79
5
0
222
5
54
0
0
0
4
0
0
23
0
67
888
21
0
0
27
12
0
0
0
12
0
0
1
94
588
0
0
0
16
0
0
0
0
9
12
109
0
97
8
78
132
0
483
45
4682
44
75
6
49
25
0
1
139
0
39
0
6169
0
1664
98
0
123
483
4
160
9
0
0
144
48
0
726
0
0
10
104
0
0
0
6
24
23
27
63
3
0
0
15
5
0
0
1197
0
7438
26
614
1421
0
0
61
0
8
0
37
0
9
0
7
423
0
277
8
0
5
80
0
89
1760
488
21
0
15
9
209
9
0
0
0
322
30
111
27
20
14
0
0
38
403
15
0
16
0
23
0
12
17
17
400
6
54
0
0
0
7
0
3
0
157
10
7
63
29
77
13
0
0
502
0
46
22
0
250
0
263
205
8
12
7
0
0
0
1
8
63
0
0
148
16
0
323
240
0
25
32
9
14
0
4
73
70
682
19
762
0
0
38
1
285
21
11
39
32
0
0
0
0
682
0
0
1
478
0
6
28
12
116
142
24
501
85
0
489
0
149
0
0
6
0
18
6
221
0
239
58
0
771
0
15
72
11
17
0
16
375
0
45
735
0
74
87
12
110
0
148
11
0
0
0
0
94
402
9
153
2070
0
0
24
109
272
63
0
0
319
29
567
46
0
0
0
102
0
638
224
12
87
0
0
472
0
4
169
112
3155
26
28
0
14
14
42
4
50
0
46
5
0
826
19
12
13
219
0
13
5
7
0
120
0
105
0
276
0
0
34
7
4
10
100
0
17
16
15
0
267
0
1413
0
61
21
765
6
12
29
20
0
0
0
0
0
0
0
9
9
80
0
352
0
82
0
0
215
124
0
13
7
391
6
0
0
0
9
7
1101
243
0
9
50
0
21
0
9
9
1135
0
18
171
26
0
104
1461
0
0
0
0
132
83
28
0
76
4
13
61
0
8
0
195
194
0
10
15
31
3
0
0
22
0
0
0
34
68
0
66
13
0
332
0
0
8
142
0
13
5
0
0
47
8
0
35
0
0
10
15
0
10
103
38
0
49
164
505
622
23
564
16
59
55
0
75
727
0
0
17
0
435
265
12
18
493
0
40
87
6
0
0
0
95
3
0
54
0
0
71
5
33
0
9
8
30
49
5
564
0
101
0
0
9284
161
11
0
504
10
0
678
146
7
0
62
102
45
151
5
221
51
1853
478
51
0
0
0
21
24
1266
1714
155
18
0
325
20
170
226
8
0
370
0
0
0
7
463
6
785
8
223
0
6
0
388
0
0
0
0
0
10
15
4
54
184
0
0
36
18
187
424
0
191
38
7
6
13
213
836
7
0
316
636
0
33
0
23
108
35
46
5
476
36
0
0
0
6
0
13
0
47
31
7
0
24
43
6
64
0
27
0
965
0
697
0
99
0
0
0
95
19
0
10
357
1480
79
10
13
1600
0
1
0
11
468
11
38
0
51
0
29
8
50
42
33
0
11
55
296
131
0
0
0
0
0
0
56
0
156
153
746
56
0
0
19
3
14
109
0
139
31
771
264
0
32
1790
0
100
0
0
91
0
5
0
21
43
0
0
0
24
18
0
72
462
0
0
8
110
0
461
0
194
83
3
0
487
0
0
0
84
11
19
3
9
415
5
0
0
0
0
400
7
149
8
7
524
0
8
0
16
0
7
0
152
687
23
0
25
0
0
29
85
0
17348
16095
20
37
457
0
0
0
328
131
0
0
34
0
14
12
78
102
139
9
41
173
0
10
0
16
15
0
10
0
122
201
0
147
0
0
94
1331
44
21
15
0
0
13
9
5
0
7
256
12
0
0
0
0
4
9
34
26
6
0
38
1380
0
0
37
0
0
1297
138
0
112
66
10
44
4
8
3
839
554
23
15
5
423
16
0
444
44
0
0
10
205
0
21
23
0
41
0
1333
0
0
10
0
26
0
6
6
214
306
0
6
0
12
3
13
0
15
0
101
0
0
0
0
0
0
65
0
15
0
17
445
0
0
0
12
3040
0
6
0
393
2
0
130
2443
0
34
304
0
23
0
151
26
1678
22
24
4
40
136
178
0
21
118
68
11
0
183
0
5
7
16
3456
5
3
10
1
0
0
0
301
180
1
0
21
0
1555
0
11
32
166
7
50
7
138
192
8
0
0
34
343
22
5
56
0
34
26
6
60
288
0
0
50
33
111
10
0
28
0
405
137
44
8
0
0
100
24
47
16
13
2
0
574
427
0
19
6
21
12
98
0
0
0
125
0
0
0
97
124
38
0
2
9
4
0
0
71
10
57
0
0
1381
11
7
18
0
19
0
11
0
32
0
0
95
0
0
0
27
0
10
0
0
208
487
0
7
76
5
0
1175
96
7
0
0
290
67
27
2248
0
0
0
0
0
57
11
0
105
4
707
0
0
8
0
0
0
327
0
0
8
151
0
87
0
0
20
0
8
8
0
44
0
0
19
0
0
0
39
11
28
0
0
0
32
22
302
237
0
118
19
0
19
9
0
354
0
0
0
4
456
9
0
49
0
31
0
163
9
0
93
12
0
0
6
0
0
0
1624
283
13
48
0
13
0
0
225
142
0
138
0
0
0
0
65
0
102
25
0
560
0
0
0
0
7
0
12
716
23
0
13
0
17
27
0
88
3
162
0
208
16
0
0
6
24
195
696
6
0
22
683
0
27
0
0
7
36
504
126
1097
0
0
0
0
7
0
88
10
0
0
30
0
0
0
0
0
0
21
10
0
0
10002
0
53
39
0
882
0
0
9
0
7
0
5
22
60
0
21
0
590
0
122
10
10
0
0
6
0
0
0
203
0
35
71
0
0
103
0
42
92
189
0
3
9
174
0
85
0
9
0
0
0
93
9
11
0
0
737
0
8
8
0
0
0
187
110
293
203
0
141
0
0
0
0
92
0
0
99
24
31
0
0
21
0
17
28
18
418
23
252
0
0
384
0
816
0
182
0
0
191
0
0
37
108
0
27
0
49
20
890
0
11
36
0
7
0
0
0
85
346
59
36
232
74
111
0
249
157
9
5
8
80256
11
1401
13
54
37
255
499
13
113
83
21
18
65
0
24
1
0
0
175
14
538
145
0
208
0
0
8
231
0
109
153
119
201
1
17
65
0
10
9
0
305
0
112
0
381
0
0
0
15
292
188
23
65
821
0
11254
50
0
1
0
4
0
8
0
11
0
47
36
63
0
0
1523
1085
364
136
0
89
13
141
0
60
602
11
7
46
5
13
8
0
0
414
0
5
50
2758
197
356
66
6
445
114
1582
132
107
21
125
28
0
15
38
12
1101
3
0
1016
0
0
6
0
0
199
364
0
68
0
10
97
0
0
28
49
113
9
0
17
0
437
0
0
0
285
0
0
9
315
71
90
541
157
517
0
0
0
0
0
0
6
0
0
2
31
0
126
203
154
0
56
344
18
436
4
1460
0
0
0
0
503
16
12
0
0
8
14
0
0
0
0
0
0
33
0
1297
0
8
251
38
0
729
0
26
13
0
0
0
180
8
0
0
109
0
0
23
0
1
0
5
6
13
0
217
187
0
0
96
12
0
1372
172
7
15
0
0
15
0
0
15
3
0
0
0
22
1
28
1889
7
1837
77
28
0
296
0
22
389
0
0
445
178
17
2094
71
0
0
0
0
45
0
13
55
3
7
139
0
20
0
5
0
374
110
0
12
15
0
0
215
25
0
0
52
0
40
6
0
9
32
98
0
62
0
0
0
232
10
9
0
14
0
3
19
0
0
36
0
281
23
0
139
7
0
0
20
43
64
7
0
0
0
0
30
0
31
0
9
25
19
0
12
145
37
473
20
0
23
87
110
421
0
14
0
0
0
0
257
25
0
0
0
0
0
0
64
0
161
4
0
0
0
0
5
292
25
397
6
0
0
172
18
26
0
177
6
276
0
30
44
42
0
0
0
0
0
0
35
44
0
5
3
34
105
0
0
0
0
361
0
11
17
40
588
55
24
53
28
201
147
0
0
0
0
1
4
0
9
0
78
10
0
7
274
599
28
186
116
20
5
77
553
0
146
1038
0
0
14
458
205
597
48
175
7
0
13
14
0
41
528
0
58
66
145
0
48
72
0
0
0
327
11
43
12
0
4
8
1985
87
22
23
31
71
24
760
0
7216
585
46
0
391
0
217
0
21
0
8
172
136
3625
27
6
8
19
17
769
0
0
36
0
0
0
820
5
16
359
4
0
28
109
91
86
10
39
0
45
36
1198
352
0
0
62
0
308
41
37
0
122
457
399
0
55
20
17
183
130
10
37
12
741
0
18
8
32
195
9
0
5
0
0
0
0
0
306
56
140
6
0
1033
2241
0
70
0
519
0
20
8
41
0
47
410
6
2
969
11
0
2004
7
20367
66
4
0
0
0
58
0
0
87
14
10
0
0
6
17
31
0
19
129
104
0
8
15
9
0
42
734
105
156
0
5
17
0
11
98
8
0
0
0
10
6
7
121
57
0
88
7
20
503
10
8
344
125
1199
276
0
36
31
0
15
0
0
0
0
0
11
24
0
60
0
734
15
0
0
108
57
0
0
0
32
36
15
0
38
130
0
0
0
0
0
19
0
160
0
17
1
0
36
7
39
1
50
276
138
45
0
0
0
13
6
0
19
77
0
0
28
6
54
0
16
7
171
35
0
14
9
0
107
0
223
12
0
271
8
0
264
5411
0
9
11
45
0
0
14
0
550
23
5086
0
13
12
102
138
7
0
6
0
151
12
16
0
0
0
0
32
33
0
791
0
0
623
226
0
0
0
0
148
0
80
0
480
101
0
97
1686
134
0
0
28
248
11
0
9
8
0
8
1328
512
11
1091
0
9
162
81
374
15
9
0
0
105
158
0
208
0
0
0
0
4
934
94
12
25
0
115
178
27
21
0
0
4
4
6
51
114
0
596
0
0
0
0
8
0
74
29
0
9
0
344
0
0
0
148
0
0
84
0
212
0
66
24
0
1076
0
0
143
418
0
0
794
308
0
0
275
10
1904
1054
0
0
133
0
0
150
0
0
0
0
13
44
47
155
91
0
0
13
3246
264
0
0
65
1291
81
69
0
0
216
1089
8
0
102
25
205
23
339
28
33
435
709
961
0
42
7
225
36
0
0
801
77
19
10
39
93
2
0
48
6
0
0
0
169
220
549
49
9
0
5
0
988
9
2296
17
17
5
10
0
4
157
3501
0
73
57
0
1207
0
0
171
146
0
23
17
0
0
2217
205
91
44
9
0
5
0
12
0
63
0
222
8
31
30
0
225
8
0
23
0
25
0
66
452
0
0
25
72
102
0
0
0
101
0
2
9
0
0
4
540
46
0
227
16
137
13
581
0
0
3
271
63
180
0
119
0
236
1353
255
0
7
0
0
190
0
0
136
0
70
538
13
7822
0
68
330
0
0
0
14
25
0
51
0
189
0
72
125
0
199
266
15
0
56
42
0
0
162
4
12
0
0
4671
0
18
701
375
169
50
0
57
0
33
35
688
0
0
0
0
32
384
243
111
21
216
25
6
0
30
19
0
11
0
107
762
18
27
290
2
7
7
7
144
215
0
6
0
0
9
151
281
214
0
46
3
5
278
37
14
0
6
0
129
0
16
0
90
53
78
31
0
89
0
4
0
132
54
0
2
41
39
132
1
9
308
65
229
0
0
524
0
62
31
0
72
8
1562
23
16
14
0
7
0
30
1015
5
37
323
44
114
13
0
0
61
86
20
167
4
13
44
24
13
121
14
27
0
53
0
1227
0
78
0
0
0
0
75
0
0
289
16
0
0
12
0
1628
0
0
64
13
0
3065
159
0
437
4
0
0
2024
64
23
0
6
35
0
0
90
0
14
288
74
0
12
40
0
0
0
413
0
0
826
99
11
0
0
0
514
5
30
0
0
0
0
0
0
20
21
228
43
1
10
0
0
0
0
67604
0
18
0
1196
17
109
0
0
113
72
46
1156
58
9
128
0
33
57
140
0
0
5
0
436
0
0
0
0
252
0
78
137
27
0
0
26
9
231
909
1452
0
0
20
89
0
14
0
49
0
49
0
0
9
12
0
18
425
1
0
5
0
22
94
16
229
0
10
6
8
0
255
1503
66
7
94
52
39
80
0
667
726
21
0
9
42
0
244
10
0
0
0
200
125
126
18
159
0
37
39
50
202
4
28
0
4
456
6
266
7
0
20
20
58
6
422
0
8
9708
70
0
0
36
0
1
534
21
50
241
65
192
29
0
73
0
7
0
235
35
37
0
144
13
22
0
1
22
0
0
0
0
0
987
9
0
0
346
0
145
0
509
205
0
6
15
46
34
7
0
30
18
195
170
0
0
1011
474
109
417
1174
53
0
10
6
0
2129
3
1
12
258
205
0
42
146
0
13
75
92
1568
545
0
0
13
0
0
19
0
0
978
0
0
192
1960
0
0
16
31
0
26
8
716
25
60
243
0
133
282
169
76
0
0
302
0
102
0
0
0
14
0
167
21
441
24
1
0
34
0
54
0
227
0
95
0
0
0
38
166
0
305
8
0
27
0
0
26
137
0
167
28
4
0
21
61
0
29
0
1153
36
0
76
0
0
0
55
12
0
0
25
0
12
0
0
228
0
38
0
0
0
0
46
9
0
27
0
0
0
0
2507
0
5
0
98
14
16
226
4
1591
0
0
8
0
0
532
746
0
4
0
38
13
8
0
0
0
272
0
5
0
0
196
0
0
408
0
0
3
29
99
0
19
0
768
0
98
0
34
24
0
7
0
2798
0
2
315
7
0
0
0
91
2404
0
4
0
4
481
0
531
0
0
0
6
0
8
360
0
293
18
0
176
28
0
545
0
10
0
0
0
52
21
82
1
16
843
148
52
492
0
7
32
38
24
39
9
0
47
16
15
0
61
0
9
0
42
213
0
0
0
21
19
396
9
0
0
29
0
581
36
0
57
0
0
0
7
11
531
251
0
21
26
0
0
9
13
0
0
10
217
10
1027
0
23
0
344
0
29
0
51
0
8
20
0
730
31
73
5
0
0
23
50
145
0
0
115
0
31
0
9
560
0
6
0
201
0
0
4
44
2341
2230
0
20
11
384
295
0
0
0
175
18
59
81
7
38
103
348
303
119
1485
257
0
0
236
13
17
113
0
27
0
19
7
51
14784
0
39
62
87
19
0
0
1318
0
0
11
0
0
0
0
61
0
12
0
0
0
15
0
13
12
50
17
6
0
56
0
0
11
5
0
0
0
0
0
12
22
510
28
0
0
696
0
43
0
0
0
0
1268
36
4
21
0
13
37
0
0
397
486
87
0
0
0
0
200
0
31
0
0
49
0
15
13
0
0
0
109
30
0
0
0
543
5896
27
82
78
0
36
0
0
0
99
3794
14
13
0
0
7
0
146
218
0
0
0
0
0
7
9
0
18
0
4
63
13156
10
76
16
8
12
31
319
510
818
0
17
0
424
0
40
175
0
2
28
9
376
0
5
0
13
18
16
217
122
12
13
22
7
835
84
0
11
0
0
8
0
7
24
0
14
24
22
10
106
1075
77
7
0
7
28
0
231
0
893
138
0
18
111
0
121
13
27
0
86
350
29
353
10
42
0
47
77
40
77
9
0
0
0
79
0
46
17
32
23
0
0
5
108
122
141
193
0
88
6
0
87
2471
646
0
0
350
19
267
65
4673
0
0
1177
0
3
0
0
0
5
0
13
646
0
0
1366
15
0
0
12
5
8
79
0
0
194
1
60
5
192
0
0
23
82
6207
0
8
0
20
768
0
0
28
230
40
97
0
0
16
8
0
0
0
15
1201
0
469
43
927
0
0
394
24
0
511
274
16
119
8
345
0
0
0
80
9
0
0
20
76
0
0
0
0
0
881
104
0
9
18
0
0
655
73
0
1684
33
0
0
0
28
0
0
94
0
0
0
38
79
0
36
239
263
4
40
34
0
97
0
777
0
44
0
0
0
0
129
7
14
40
804
6
0
63
0
728
0
59
57
0
307
16
0
1730
451
0
185
0
0
302
783
177
0
9
470
11
21
8
9
0
6
9
8
21
2448
56
14
0
79
12
16
63
15
0
108
31
0
0
0
0
23
306
0
0
105
285
349
0
85
0
828
108
0
0
548
0
12
3
150
253
0
101
45
0
89
69
18
13
107
78
4
12
673
22
142
25
3
23
0
0
0
0
0
0
1143
807
44
6
0
11
44
1139
14
73
0
0
81
222
0
0
8
0
8
164
367
0
0
186
24
224
0
8
130
0
85
0
11
16
0
178
316
163
0
86
139
14
8
0
13
0
57
77
2241
7
0
0
577
0
19
59
15
0
22
0
0
107
936
182
11
275
0
16
0
0
16
0
0
772
277
673
61
41
0
296
15
11
3
18
0
48
0
280
15
148
305
684
10
0
182
0
276
0
3
72
18
273
0
56
0
141
29
0
18
172
265
72
0
18
174
46
0
41
0
0
215
7
262
300
11065
6
1063
7
0
17
0
46
16
0
417
7
26
19
0
227
0
11
0
217
0
14
0
0
0
325
0
88
43
109
0
0
17
1804
6
192
170
0
104
710
69
8
39
20
0
534
39
16489
165
8
0
132
0
36
0
0
3
0
0
0
0
30
2
0
41
0
7
0
0
11
48
0
0
0
28
33
79
0
7
561
37
9
6
71
0
1
0
15
78
0
11
0
15
0
356
30
55
60
0
9
0
7
0
16
5
95
7
0
0
13
6
0
100
4
20
88
671
0
0
990
0
15
9
68
71
151
0
0
293
0
267
26
73
6
0
0
865
38
18
62
0
75
469
0
36
32
89
34
1019
0
70
0
0
1840
8
0
36
1
0
115
377
0
222
119
20
51
14
12
4
15
0
521
81
134
0
182
8
31
252
0
1165
22
8
10
461
0
0
30
0
559
1054
67
413
6
7590
278
0
170
539
296
79
22
74
0
8
25
7
635
38
0
0
0
0
11
0
35
6
0
6
38
0
0
156
88
0
171
0
217
13
283
13
62
0
10
9
125
5
0
77
0
0
11
0
20
6
9
189
0
12
0
170
250
10
7
0
216
0
43
0
0
285
11
478
0
8
7
0
26
36
910
2293
360
0
6
13
55
4
366
0
369
0
19
0
0
0
0
274
40
40
0
1523
404
0
0
479
47
17
73
596
0
0
27
86
11
0
0
10
742
0
0
149
80
62
0
108
72
70
340
59
6
20
25
55
25
11
5
476
0
0
0
9
0
0
23
0
28
150
84
5
0
104
64
79
0
0
38
7
695
60
0
0
594
17
0
0
17
51
36
0
6
12
5
0
0
0
166
2535
22
0
1
0
12
83
15
16
235
0
679
67
314
49
2
0
6
11
112
7
217
0
0
0
114
0
0
274
0
6
218
99
566
58
0
0
0
5581
422
216
66
0
245
243
0
494
0
15
0
37
445
251
23
90
17
0
0
0
19
5
82
0
36
0
84
0
45
5
14
0
494
0
51
0
18
5
129
29
92
112
0
10
248
9
8
8
0
0
140
0
0
0
0
0
312
9
0
25
10
0
0
0
0
0
77
13
220
232
0
0
0
1574
0
0
20
0
65
10
32
0
0
0
0
55
9
65
6
199
0
0
0
0
0
103
6
167
0
360
0
7
0
71
0
0
486
1
32
0
0
192
0
0
20
0
0
6
0
574
0
7
11
0
692
0
450
28
17
91
119
79
0
36
0
79
0
0
694
16
16
177
273
0
103
8
38
73
0
848
0
28
0
0
7
0
121
186
0
0
138
31
25
227
86
0
25
5
0
59
422
0
28
0
0
8
34
123
0
0
3
18
250
12
0
2
0
131
0
17
546
0
0
66
7
0
33
33
490
0
40
168
54
0
31
9
20
0
0
0
30
0
7
12
9
31
29
54
154
0
45
8
751
0
12
0
6
309
7
612
17
5
5
179
87
10
0
83
11
12
25
22
41
0
30
17
23
0
61
719
0
0
362
0
33
0
10
0
0
190
0
341
6
235
103
0
47
0
99
206
0
0
22
11
33
4
77
55
217
10
1
8
6
0
1367
0
48
1434
111
0
0
1366
685
0
0
0
0
46
87
10
0
0
0
330
0
56
221
0
758
0
0
125
1349
14
1030
88
24
31
27
82
17
620
0
0
0
294
0
0
19
0
16
12753
11
0
24
0
403
0
11
0
65
107
49
21
577
7
39
43
0
0
5
26
76
5
27
9
0
0
6
0
0
639
56
0
21
355
8
0
0
20
54
0
76
72
13
15
352
83
0
85
0
133
21
0
13
7841
0
0
137
0
43
9
202
24
10
0
52
0
54
16
72
98
24
255
134
7
0
18
0
0
76
14
8
28
25
0
17
0
0
0
10
8
2066
13
85
134
6
0
18
0
354
63
104
62
14
0
506
0
18
1
0
20
24
263
0
0
181
0
140
22
91
0
128
0
0
9
0
490
0
18
0
12
386
0
0
0
16
5
92
64
861
176
0
135
23
53
0
31
517
0
87
23
0
42
0
0
0
39
11
10
10
0
299
187
30
198
38
0
28
67
34
21
0
0
18
8
0
126
157
0
635
10
630
39
9
420
0
96
163
94
7
0
8
32
0
521
0
0
0
801
866
0
1094
170
0
89
0
731
24
37
0
0
17
0
34
0
0
10
7
15
654
6
0
0
0
0
0
71
8
20
9
0
274
21
42
0
147
75
0
0
415
5
12
0
3
74
71
0
66
0
11
0
20
126
13
12
117
0
25
0
0
12
334
6379
0
0
147
122
9
108
96
8
0
11
135
256
15
0
106
11
5
377
0
13
0
0
50
0
0
239
41
14
0
0
79
0
0
18
108
27
910
44
0
101
22
28
48
0
317
54
0
38
0
0
214
0
80
185
0
254
0
405
13
0
3
9
8
0
0
0
23
0
18
29
18155
0
31
10
9
8
66
9
25
90
0
7
23
50
34
5
50
0
1943
0
26
3
13
18
0
415
97
0
0
0
0
0
1
0
143
0
7
342
57
0
8109
141
0
193
263
0
0
21
0
13
3
1902
26
165
30
460
10
89
24
116
53
0
0
0
5
33
1560
216
0
560
0
26
153
6
0
8
3
8
64
187
0
19
44
45
0
0
1299
375
13
0
745
3
0
38
0
0
0
35
74
90
5
12
17
0
19
29
19
0
0
11
0
15
20
994
0
7
6
0
10
272
7791
3
91
0
9
28
0
0
212
63
0
54
41
0
0
0
0
11
41
0
0
0
42
5
51
0
84
35
0
0
0
4
0
0
468
0
0
0
27
60
408
0
0
0
0
11
6
15
0
0
0
73
43
0
0
0
0
10
0
2
26
132
0
322
0
0
30
10
0
12
25
10
0
0
1
0
0
14
66
0
107
8
13
12
0
12
72
0
159
12
0
5
0
11
0
92
0
462
582
6
0
0
0
57
0
0
6
0
19
8
60
10
0
32
112
0
71
8
185
6
8
17
0
0
8
173
704
0
21
8
113
0
10
50
0
137
0
0
59
7
517
7
37
8
267
38
12
529
75
5
22
0
19
0
12
8
0
31
8845
11
0
745
6
0
0
83
18
0
5
0
7
0
0
139
11
0
0
190
0
0
0
0
0
30
0
0
23
214
0
6
787
7
90
0
31
0
0
18
0
0
0
0
63
70
0
206
0
0
0
0
0
0
7
0
101
0
0
0
0
0
11
339
0
48
0
17
0
0
0
14678
204
0
0
0
19
0
0
0
31
5
0
39
676
117
0
0
101
16
0
0
0
0
0
0
181
0
8
0
14
0
0
5
52
10
112
0
10
8
0
0
0
0
394
136
17
0
0
0
81
70
0
0
4
4
112
74
210
0
0
0
0
504
0
12
0
4
97
0
0
0
467
0
0
0
312
43
0
0
12
0
833
5
78
11
6
0
7
0
35
0
21
43
0
9
0
390
0
2
29
25
0
0
46
0
337
27
5
0
0
0
22
0
0
0
0
50
1
0
32
0
0
51
33
47
32
0
0
9
13
9390
0
20
0
6
37
0
17
7
42
20
5
317
10
0
0
2
145
29
0
92
64
405
424
0
0
0
0
123
723
0
0
51
0
0
4
655
0
0
0
0
0
28
65
0
111
269
12
9
68
67
74
0
8
0
0
0
0
0
102
13
0
25
0
21
0
0
0
78
60
216
6
4
3
84
602
21
0
9
22
7
1004
25
0
0
7
0
9
0
0
0
114
6
0
0
60
0
8
0
51
0
0
6
0
5
0
67
9
2
3
89
0
0
136
0
179
232
50
0
14
0
11
0
126
100
0
0
0
20
79
0
231
0
2
49
20
64
128
78
0
10
3
9
648
0
50
0
0
61
29
2
11
0
0
6
0
26
0
5
0
0
0
0
0
33
0
7
11
23
157
0
0
0
4
134
14
48
387
710
0
27
392
69
79
0
71
0
20
249
0
42
70
0
4
10
0
0
0
0
0
24
0
0
0
0
10
7
3
18
0
154
9
220
0
7
0
3
16
126
0
8
25
124
4
84
0
77
43
220
0
0
0
150
165
28
0
6
0
1031
0
0
0
41
0
35
2
175
23
34
0
0
34
0
0
119
18
35
94
12
0
5
213
3
145
0
0
36
7
15
11
0
25
19
135
66
13
0
76
98
0
325
0
0
20
0
0
59
0
4
0
162
0
25
62
0
0
0
7
43
202
0
12
14
0
13
5163
0
381
0
0
0
8
109
28
0
0
76
50
5
0
47
90
1
1863
0
39
22
0
100
27
604
19
7
89
0
3
5
0
172
220
28
6
317
9
0
0
0
0
39
272
81
0
26
0
18
0
155
22
0
25
58
0
0
0
10
0
0
51
2
0
50
67
0
3
33
0
0
33
0
0
1196
117
170
1708
91
17
0
79
12
0
107
5
14
0
0
813
6
0
0
376
0
51
11
0
0
269
3
10
37
0
0
14
0
20
6
263
120
0
306
51
12
7
8
19
9
9
39
14
322
0
0
6
639
0
31
0
0
91
5
0
2
990
197
14
18
10
8
15
0
77
1398
0
7
0
85
0
0
28
64
0
0
229
2
39
9
136
10
2
3
137
0
43853
53
59
0
0
0
0
358
1309
125
0
336
41
85
0
0
233
1
0
17
0
20
0
0
204
843
187
126
3
384
0
330
216
9
0
8
0
1
606
96
57
13
16
32
61
77
3
0
14
0
0
20
0
54
8
0
319
11
138
0
222
0
135
371
31
49
0
0
0
0
14
618
37
26
82
12
8
1
0
164
0
0
0
107
3
411
0
9
0
0
143
61
13
0
0
27
43
597
0
0
9
44
0
21
21
71
33
28
5
16
100
0
11
5
7
35
0
219
0
6
0
0
0
0
9
49
155
12
20
7
0
0
73
0
30
1293
12
0
2846
60
0
54
19
36
191
0
16
0
0
0
0
0
9
0
36
86
0
0
0
7
94
8
74
0
28
9
0
0
0
0
48
0
43
37
0
138
309
260
0
0
449
248
19
0
0
87
148
0
28
0
59
448
7
0
0
58
0
1587
87
5
0
99
118
16
0
25
7
0
4
156
0
0
0
9
0
0
0
5350
11
0
200
0
73
0
139
5
0
19
0
13
0
325
16
0
0
137
0
146
372
47
51
12
0
146
5
0
41
0
0
0
0
555
7
7
0
0
12
0
263
0
3
0
8
77
0
2756
35
128
5
0
0
8
81
0
13
16
28
551
0
13
74
149
106
20
4
5
58
0
0
8
0
587
297
30
54
327
89
3
46
0
240
0
454
0
0
0
268
87
466
0
93
20
2617
0
16
24
58
0
33
0
577
161
0
0
186
0
17
95
0
29
100
230
27
45
188
0
13
0
0
0
0
8
14
128
43
0
0
327
0
135
0
20
0
37
58
175
0
0
479
0
6
0
3
162
62
14
3
10
87
0
0
0
0
96
46
86
0
0
0
342
0
60
5
0
30
18
0
0
0
0
1093
0
6
24
588
583
7
6
0
0
357
12
0
762
7
7
366
0
7
144
0
15
0
0
483
5
0
0
5
0
0
0
26
0
0
37
1733
0
5
9
6
9
692
0
0
0
896
136
164
0
22
0
0
0
5
0
14
0
63
12
7
0
0
16
0
39
0
7657
0
0
0
208
18
0
2193
52
63
0
29
58
0
11
223
125
0
52
1
9
22
66
429
238
0
0
163
202
0
42
1434
0
302
72
99
18
0
0
0
0
40
0
0
0
13
0
5
0
2
0
58
14
40
0
0
4
0
954
7
0
0
6
143
13
0
0
373
88
9
15
0
46
0
1
0
724
129
0
5
6
24
0
17228
166
0
108
189
234
0
3
24
15
10
0
8
222
9
4389
103
17
0
0
19
3
193
26
23
0
0
0
0
368
16
0
1
7
18
10
6
1572
65
7
11
31
0
389
0
53
170
0
0
59
0
0
6
226
0
77
504
25
0
19
521
71
0
0
1471
0
0
100
0
0
0
0
22
0
400
0
288
0
686
0
1667
302
0
0
5
0
0
28
12
0
16
61
0
117
0
299
201
0
10
9
19
54
22
0
4
0
686
366
41
4
20
0
0
294
0
32
1
27
0
38
183
8
9
291
4
48
0
13
66
0
0
0
0
0
64
5
59
0
6
88
0
0
0
0
6
123
369
21
30
42
11
13
38
0
147
0
0
0
24
0
81
0
0
10
4
0
0
0
0
88
21
12
0
31
398
0
80
0
183
51
152
11
4
8
0
11
0
139
0
32
47
0
0
4463
25
0
13
0
0
454
0
0
0
79
0
0
9
45
26
0
8
207
0
0
160
0
16
254
0
27
0
104
94
0
315
70
0
518
35
165
0
0
54
0
0
0
456
9
0
0
4
19
0
35
25
1
54
0
23
162
18
0
0
0
157
32
0
4
9
5
30
0
0
11
0
0
972
10
264
0
28
10
32
0
21
12
0
0
0
0
0
1
27
13
17
539
15
0
53
0
147
4
0
9
0
0
0
0
0
302
18
0
83
13
8
163
0
339
0
0
47
0
120
23
10
22
0
31
11
0
10
76
0
102
0
5
7
32
0
214
0
0
11
141
196
24
7
913
0
0
13
20
242
0
18
107
0
122
52
60
0
0
218
0
170
16
618
5
1068
64
21
11
0
247
0
1129
9
37
0
0
0
50
29
161
0
6
0
219
9
0
0
1594
150
146
0
13
213
7
70
286
28
0
0
0
39
0
10
0
10
0
0
0
0
149
11
0
0
640
0
83
0
58
0
689
0
0
0
9
0
113
10
51
0
54
64
38
0
49
9
200
0
0
0
14
533
0
52
0
0
23
12
0
0
0
0
12
0
0
0
86
6
88
13
0
48
14
0
248
32
3
0
35
12
146
925
42
11
35
609
0
504
0
64
203
231
7
35
98
1194
20
16
11
41
0
1488
76
269
5
0
0
0
0
17
0
0
883
7
448
0
5
0
264
0
5
26
81
0
40
66
0
337
6
0
0
8
7
0
9
64
0
0
0
6
124
0
1282
0
2
39
0
43
0
0
0
17
0
118
4
291
13
13
964
0
0
0
17
0
22
0
40
0
5
101
79
69
0
4
0
8
25
28
0
17
301
122
85
0
29
0
57
20
1
29
0
12
0
0
0
0
172
119
0
25
8
6
100
0
0
0
7
7
0
0
0
0
7
8
6
117
83
0
0
14
0
7
7
20
11
0
8
0
346
205
71
176
43
70
941
0
0
0
6
0
8
11
4
0
0
80
0
10
5
16
0
3
0
0
0
0
2150
0
0
7
13
170
9
106
5
38
75
78
143
0
91
0
0
0
0
37
6
51
0
0
14
0
0
28
20
21
12725
5
16
0
399
0
137
0
1095
0
63
36
4
0
0
9
30
0
0
2
9
0
6
290
0
109
47
150
453
0
23
0
17
0
14
301
0
240
319
0
145
0
0
278
3
45
154
154
47
48
442
0
0
3068
502
0
156
28
38
0
92
0
20
368
112
0
60
475
41
27
0
0
10
0
58
673
1399
439
389
0
14
0
842
0
0
1
208
0
0
0
0
252
32
10
0
2
571
0
0
0
395
0
1
28
6
28
29
446
0
147
20
50
0
0
59
0
17
0
0
32
12
16
11
13
62
0
0
44
31
33
14
0
236
0
65
0
0
0
0
790
30
3
142
0
0
0
0
0
462
61
563
1522
2
0
0
42
0
140
504
10
183
20
120
69
30
28
33
209
0
7
120
4
0
0
0
10
0
11
0
0
0
708
159
0
0
0
30
0
0
49
0
196
0
0
0
0
56
0
24
0
514
0
41
29
30
13
0
1747
7
0
11
0
183
0
0
0
12
8
12
336
0
175
7
1389
208
0
0
65
122
83
2
318
0
78
31
0
14
19
363
35
0
99
12
160
0
0
0
18
293
58
124
66
0
0
0
40
129
18
0
10
46
121
0
98
10
7
0
347
0
0
23
0
0
368
0
756
3
0
74
0
7
250
0
1062
58
38
19
0
366
63
7
13
8
0
48
0
0
0
0
99
619
13
44
28
2
12
57
0
0
0
0
12
0
0
0
8
266
0
857
284
8
0
11
10483
19
0
14
284
50
7
769
940
18
0
8
376
0
8
0
1317
22
30
0
10
5787
29
10
5367
0
0
6
0
5
85
86
173
53
49
72
37
209
10
3
0
0
0
0
0
25
656
32
0
1027
0
15
111
7
57
64
155
56
0
13
26
168
0
0
0
56
0
1407
0
0
0
14
12
19
40
0
200
89
0
209
47
23
58
257
0
25
0
214
0
13
6
4
22
0
6777
5
69
0
287
0
7
0
0
74
2
2229
11
142
10
56
0
0
0
92
1
0
0
0
385
0
87
12
0
183
0
5
26
55
0
3
5
0
192
1
235
14
11
127
30
40
4
4
23
0
169
314
12
1182
264
0
0
35
62
3
338
11
88
45
16
243
19
593
62
176
46
984
19
0
576
11
38
170
199
0
1040
836
158
50
1895
0
0
105
11
1014
20
28
0
13
4
256
0
47
322
6
0
1030
0
118
0
0
52
0
0
179
71
1035
0
51
0
36
0
86
0
2
17
766
188
5
67
0
384
0
0
0
267
10
18
60
269
47
78
0
2639
0
207
7
1156
2234
212
143
245
0
130
0
15
9
0
3
0
0
0
190
42
177
837
172
0
0
75
0
0
18
0
0
579
107
0
150
0
345
0
192
51
7
6
1
0
24
261
0
45
23
15
992
0
0
14
7207
31
19
142
13
325
0
34
3
12
0
68
0
168
0
162
4
1578
156
0
0
4
627
0
11
407
0
0
0
1
46
82
0
8
0
105
9
28
10
0
12
49
0
0
182
54
10
392
16
325
83
0
27
0
187
47
19
389
74
9
12
629
12
5
68
34
0
0
30
232
6
1219
0
0
1002
6
0
85
6
272
29
0
0
0
304
379
28
159
1415
601
40
26
58
0
41
0
9
6
70
0
62
389
0
282
15
204
15
0
6
326
717
43
35
51
255
240
2712
21
0
8
279
1141
191
0
0
229
29
0
12
0
51
584
8
0
139
26
16
22
0
189
40
0
1468
7
0
0
0
6
15
26
8
83
0
0
531
0
0
0
230
22
0
6
28
337
0
0
0
6
8
57
0
64
8
13
18
2
18
0
0
769
0
0
2327
464
0
6
7
0
18
34
19
206
0
110
122
134
183
0
0
32
38
2140
0
69
0
0
0
39
75
0
0
17
14
0
238
0
0
18
56
10
0
36
477
70
104
5350
88
10
1593
0
5
0
0
0
0
0
940
0
6
453
0
16
520
0
12
266
56
9
0
171
344
0
31
159
196
0
0
7
0
3
20
171
78
0
0
97
1415
0
0
4
0
11
36
114
0
0
1339
0
0
0
1619
264
0
3
25
0
0
53
0
0
0
3
32
15
89
62
22
33
0
14
0
7
225
1
0
12
0
8
0
16
0
0
0
0
0
0
0
0
5
1516
293
0
9
890
39
0
0
61
0
0
8
11
373
0
0
0
42
0
0
187
581
0
128
22
0
1302
0
48
55
224
21
30
0
110
0
12
0
0
0
0
17
18
41
18
94
0
216
8
27
9
0
0
87
28
0
0
0
0
16
0
0
45
8
0
0
4
0
0
3
4227
120
0
53
227
22
0
0
49
0
9
0
0
1025
28
72
0
15
17
0
10
0
33
33
0
0
0
0
15
0
0
0
11
311
54
150
9
0
0
0
2307
0
0
134
9
4
4
0
175
42
6
0
124
11
0
35
0
24
0
0
84
0
0
5
0
14
396
0
0
0
10
0
0
10
479
7
40
251
90
37
3
0
0
247
25
0
41
0
2
134
2636
3000
10
32
13
0
0
0
6
15
21
10
6
6556
6
2
0
24
78
117
5
0
0
0
0
0
197
9
288
0
90
10
730
42
62
4
0
2616
0
1
0
0
2
121
61
142
5
0
19
51
24
4
20
0
0
6
0
0
0
0
8
15
4
314
2
29
10
39
0
9
5
0
0
0
0
482
0
0
34
5
0
0
108
39
0
0
6
11
17
0
0
39
0
19
46
0
0
0
18
0
4
0
0
66
52
5
0
0
0
0
0
0
0
20
0
0
27
0
17
0
0
0
0
86
0
73
0
121
0
0
0
9
13
0
0
0
17
29
0
0
0
19
1
7
7
57
0
0
16
189
0
0
0
0
0
51
695
0
115
0
1
6
0
0
869
15
66
9
0
0
39
1335
5
0
0
22
12
0
12
18
14474
0
309
10
141
0
193
8
22
0
21
49
4
55
0
6
23
49
251
33
0
69
16
33
0
0
832
0
0
11
58
4
0
7
0
0
0
0
0
18
16
63
2
4
12
20
127
101
0
241
9
23
725
0
6
136
0
0
10
0
0
25
0
0
0
0
0
17
0
35
0
10
0
0
38
0
0
0
0
0
0
7
0
110
12
30
86
0
134
0
63
0
0
0
0
0
0
0
142
0
1
0
0
0
7
11
0
57
98
15
0
28
0
58
137
0
68
82
131
103
0
0
0
7
20
0
0
0
140
0
11
0
498
7
0
0
13
0
0
100
0
0
51
0
0
118
0
52
132
107
5
20
500
239
30
474
8
0
0
63
34
5
244
0
0
34
1922
0
0
0
0
0
0
0
0
31
0
2
0
120
0
10
6
24
484
0
88
23
638
9
8
0
8
0
21
8
0
183
6
0
11
33
18636
144
9
0
0
0
53
18
24
403
12
0
0
4013
30
0
36
59
8
6
1022
31
51
370
0
0
0
1
7
5
0
21
0
0
0
0
0
14
0
264
5
296
124
0
5
0
0
0
0
3651
63
0
23
0
9
0
84
147
0
6
41
0
0
0
0
35
0
27
0
0
8
0
13
0
0
203
1
0
0
24
0
0
0
0
0
0
56
932
7
22
20
13
0
12
17
10
20
0
238
664
0
17
0
0
92
0
8
12
215
12
707
0
0
0
0
10
0
0
0
0
6
2
24
0
263
7
30
0
40
76
0
4
0
14
7
0
16
13
10
0
75
0
296
0
1065
68
0
19
0
238
0
0
8
137
0
20
323
30
1857
0
4
44
0
0
0
88
0
25
56
60
0
35
10
0
0
355
6
26
135
26
0
36
0
165
16
1057
10
31
0
51
185
102
29
33
0
13
90
0
24
6
1318
6
158
0
0
86
277
0
36
1
41
0
967
7
110
0
0
44
0
0
113
538
20
0
4289
0
0
24
10
0
0
3
0
10
31
0
0
95
113
0
28
0
163
26
166
5
182
144
10
0
0
11
279
241
114
16
418
0
0
0
16
0
131
5
138
0
0
136
0
41
12
0
0
4
0
0
44
513
764
52
0
147
371
0
1018
273
0
449
0
23
8
0
118
131
0
0
34
10
5
1179
0
32
18
0
7
177
23
6
142
3
7
6
7
14
143
976
0
0
14
0
16
0
0
30
26
0
2
31
43
0
12
0
0
0
534
42
14
93
0
179
5
0
0
54
14
0
135
7
0
223
371
462
0
0
0
30
0
133
5
14
10
10
0
0
0
79
463
0
0
23
0
0
355
9
0
0
44
0
11
113
0
0
0
0
0
0
24
0
7
25
1221
119
0
599
0
1018
27
31
6
56
11
60
5
0
9
0
0
12430
4
18
0
0
0
449
0
115
0
8
15
84
0
5
101
0
12
0
0
0
0
26
0
407
0
0
51
452
27
102
28
8
210
0
0
17
0
81
0
42
612
0
4
0
74
0
0
0
0
0
25
3
11
0
0
0
4
767
0
10
5
0
470
0
5
0
44
271
0
0
21
100
181
27
0
5
0
14
80
0
3
23
0
27
9
14
25
4
219
166
0
0
146
8
0
28
0
463
0
0
4
0
0
10
0
5
47
178
26
133
0
55
161
0
174
0
152
0
117
13
0
0
67
17
0
1713
13
12
8
52
99
337
0
0
8
3428
21
0
10
46
15
0
355
20
68
0
1
513
241
0
20
11
26
0
275
137
15
0
30
195
120
8
0
52
0
0
0
11
209
245
327
16
26
9
67
39
0
0
12886
2
139
12
67
0
0
0
187
8
73
19
0
0
0
0
4215
52
0
0
158
8
28
180
8
302
123
0
6
9
13
0
83
12
250
0
0
10
49
143
0
12
0
29
21
626
74
0
0
0
12
66
850
0
0
154
468
0
0
0
29
1476
0
0
62
0
0
24
38
7
5
0
0
1
0
0
0
0
16
0
0
0
16
0
0
4
31
0
375
0
144
20
0
64
0
20
0
0
1061
0
0
0
12
12
62
0
10
6
2
59
420
0
224
185
0
212
65
0
0
10
55
0
0
0
41
1060
6
25
94
301
1
844
132
6
0
26
0
0
0
0
8
0
102
0
54
173
7
5
0
4
5
0
0
61
157
33
4
148
0
10
5
0
7
0
18
83
13
0
17
62
0
0
0
278
423
324
0
8
6004
290
26
36
0
112
22
0
57
3
0
1
7
0
0
0
87
13
18
0
0
4
450
0
175
13
0
0
13
10
84
0
16
19
13
0
179
29
0
0
0
0
0
0
23
0
7
75
0
32
4
15
0
0
58
0
0
74
6
0
0
214
0
0
64
0
0
849
409
8
25
15
11
9
0
5
11
0
29
0
440
0
16
23
15
0
77
8
0
30
34
13
0
11
0
0
0
406
0
25
0
0
0
1
0
20
0
0
7
0
12
11
9
0
11
30
74
9
8
0
0
20
13
0
136
12
4
190
0
559
103
15
0
0
12
45
18
0
0
0
218
15
0
0
70
25
3
0
0
92
0
0
0
1
24
0
14
18
8
0
9
0
0
4
0
0
166
7
14
12
5
54
11
37
0
32
0
20
0
0
0
0
0
11075
59
40
0
0
25
80
0
272
0
156
6
0
12
0
7
0
7
46
15
0
3455
0
7
8
0
0
0
9
0
0
213
0
14
32
100
0
0
0
0
0
55
85
0
0
0
53
2
62
0
195
551
0
0
26
170
5
0
12
14
0
73
0
77
30
0
182
59
0
133
13
32
0
0
120
238
0
0
19
112
0
0
5
0
294
36
499
0
0
8
0
0
2775
22
273
17
35
0
3
0
47
27
20
1
0
0
0
0
12
809
9
0
0
9
26
77
0
0
0
0
0
0
2
29
18
80
7
0
0
6
0
45
172
3
28
0
124
215
56
0
0
40
67
68
0
0
40
3
370
0
69
63
2566
5
175
2
0
262
109
86
165
88
25
0
79
145
249
59
9
0
0
1263
11
0
120
7
18
6
0
0
0
11
0
10
38
0
0
0
1479
0
8
55
38
5
24
0
168
24
0
0
0
0
0
0
44
71
0
0
0
0
0
434
0
0
111
0
60
2
0
282
358
8
87
9
0
6
92
6
16
10
20
74
8
67
10
0
0
8
7
14
9
179
94
0
0
23
0
51
0
402
0
0
33
10
4
0
0
0
0
0
71
3
8
0
0
0
23
7
14
160
0
691
50
436
0
7
0
26
38
0
0
44
9
23
0
0
30
0
0
0
0
0
487
10
0
0
0
39
0
11
0
0
0
52
6
0
7
189
0
0
0
2
0
30
0
0
0
50
0
0
56
0
26
32
4
0
0
0
0
5624
22
195
37
0
180
11
0
98
0
22
12
16
43
273
0
18
8
0
415
323
0
0
410
80
0
224
13
0
0
0
3
0
0
0
0
12
0
0
0
0
0
7
25
71
21
12
0
0
0
13
0
0
9
0
0
31
0
0
0
0
0
20
32
78
0
164
0
31
0
757
9
3
0
0
6
0
3
2
0
10
24
46
0
51
16
0
0
0
0
0
3
10
74
6
2023
92
0
0
0
246
0
0
0
0
95
8
20
3
0
0
205
0
344
337
12
164
0
61
2
12
6
104
0
371
69
11
0
457
87
0
0
0
309
0
0
110
1
80
0
0
13
23
1533
6
0
366
0
13
0
81
0
32
0
602
0
1866
0
48
0
16
0
227
1190
0
11
22
0
0
38
22
0
5806
0
0
16
69
351
27
89
221
1249
225
34
77
0
77
15
62
73
0
0
0
23
0
54
0
0
0
94
30
0
0
0
11
0
3
71
37
17
13
5
14
0
60
421
80
0
63
42
1058
17
6
0
15
603
0
0
59
0
0
0
41
0
0
287
0
6
4889
0
0
133
145
19
81
110
91
0
52
0
509
29
0
10
346
0
73
0
96
0
11
0
30
0
13415
85
6
0
3149
38
388
0
293
454
0
447
762
17
16
5633
0
8
10
69
0
0
80
24
0
633
81
29
498
9
466
246
5
1272
90
33
0
0
0
420
2816
8
274
235
0
10
8
0
32
3
0
43
0
0
2
499
0
66
0
169
0
42
0
14
0
0
0
0
0
29
176
0
0
7817
1077
0
32
850
0
918
0
0
6
0
45
55
104
95
2323
62
21
11
6
194
0
0
0
0
95
1304
522
45
3
5
595
250
0
77
0
1
1
56
26
0
16
16411
0
65
4
0
9
839
12
5
11
0
0
0
3
0
479
0
100
0
0
136
15
7
9
13540
53
0
0
0
21
117
197
25
80
0
272
0
8
0
0
9
0
0
9
0
0
0
44
0
0
0
26
0
304
7
0
0
0
7
0
0
118
3
0
0
69
252
0
0
91
0
195
0
241
19
22
58
0
80
784
0
11
188
0
135
0
0
37067
1
0
27
19
0
0
0
280
21
56
345
0
0
0
9
0
6
404
0
52
208
242
0
0
0
0
0
0
6
0
0
58
0
16
1871
216
0
0
379
12
0
0
707
228
0
8
12
0
8
0
0
18
20
0
23
0
0
20
180
0
8
18
95
0
0
0
0
0
0
51
1050
22
305
76
5
25
0
1
0
13
0
102
9
14
11
5
0
0
0
0
645
6
23
68
0
63
936
346
0
0
2814
17
0
12
16
0
6
0
46
208
29
0
9
704
0
0
175
155
1445
0
26
94
0
0
0
0
0
0
192
86
0
74
0
10
6
0
25
115
0
38
189
36
8
2
0
101
599
0
0
0
25
17
0
25
8
16
0
7
0
26
19
0
642
250
0
0
9
299
185
63
85
0
0
8
2
0
0
22
127
0
7
46
22
0
589
0
0
132
32
59
0
0
28
78
177
0
0
0
56
2
523
668
136
0
0
18
613
27
0
0
0
6
0
0
16
0
11
24
0
27
0
4
0
34
0
21
0
504
49
3
71
0
129
2
0
90
0
16
0
0
0
23
70
124
23
9
19
0
1403
0
25
306
0
262
61
0
0
0
0
27
19
0
8
0
18
0
0
0
0
18
4
11
18
6
0
0
0
6
23
0
0
149
0
0
4
16
0
0
0
63
66
3
266
562
0
0
325
196
0
7
4
0
1239
0
10
0
107
26
209
0
101
0
648
11
1
0
11
0
6
0
80
0
1123
0
56
0
0
114
86
35
13
13
158
61
370
0
23
33
30
0
187
49
78
17
191
573
0
7
30
6
21
0
0
66
0
0
0
797
23
151
460
39
34
153
0
7
290
165
0
27
45
4
64
0
0
4447
50
13
14
0
53
10
0
0
12
57
0
755
0
24
11
6
241
27
0
78
2
0
0
0
0
9
43
99
7
0
0
0
0
212
0
55
0
37
0
0
0
0
0
73
4
0
19
0
59
0
94
380
40
107
18
122
0
0
83
0
141
14
917
10
445
0
19
509
10
2
142
0
962
164
430
0
47
0
0
0
0
0
9
26
0
27
22
6
233
218
0
0
301
0
0
0
0
0
5
0
0
5
0
16
28
12
0
0
0
232
0
0
7
25
210
0
0
7
28
0
189
107
15
0
0
34
0
57
0
0
0
480
187
146
13
123
583
0
33
0
21
6
0
5
0
139
36
14
67
36
0
67
8
0
13
0
94
3
611
0
0
112
5
813
0
0
122
6
416
0
0
15
1696
21
0
11
256
0
77
213
0
0
0
0
0
401
5
320
17
7
9
0
0
139
583
3
37
71
0
0
79
357
0
0
88
70
0
1056
141
23
324
65
0
9
0
38
36
78
22
6
602
105
11
0
52
81
3
0
15
118
0
0
106
0
0
0
10
0
0
0
18
44
45
0
0
178
170
311
0
429
1652
141
11
22
2456
0
37
0
20
8
296
7
397
4
0
785
0
0
8
266
8
24
0
45
327
0
42
0
164
61
8736
215
119
430
113
14
12
2397
29
52
7
18
114
364
135
0
0
58
0
194
60
0
18
39
17
0
0
122
203
48
1519
0
0
399
0
0
0
1
8
286
39
117
0
0
0
128
0
0
0
38
0
9
0
1741
14
0
2
27
30
3105
356
0
0
0
0
40
31
0
0
0
0
14
0
0
9
0
0
28
0
0
274
0
30
0
17
0
0
218
11
0
0
37
0
1447
19
0
19
0
12
32
11
1348
6
21
0
34
262
4
8
2
83
22
293
0
295
138
0
12
100
0
0
24
0
15
573
21
24
4
0
0
0
15
4813
43
0
75
0
156
49
82
0
10
9
0
8
9
0
115
12
31
0
312
0
63
0
50
0
0
8
55
17
1614
271
0
0
7
5
21
3999
0
0
3
1217
64
21
0
34
12
0
0
59
9
94
46
200
0
0
373
89
0
0
0
224
598
0
18
6
0
25
1046
84
0
68
888
0
11
19
23
33
0
95
0
1768
29
6
0
0
126
0
6
26
0
0
123
12
184
17
56
0
11
0
10
186
43
0
35
8
0
122
88
0
0
341
7
0
643
9
460
80
17
15
11
0
0
207
0
19
16
0
34
10
0
21
624
1795
6
26
14
26
68
0
29
199
18
6
0
12
340
841
92
70
1148
8
63
16
0
0
14
55
0
0
242
45
186
260
0
6
25
0
0
63
4
11
8
0
0
15
0
0
15
0
14
0
32
906
26
0
224
9
10
0
802
0
0
83
16
0
0
32
28
0
460
0
81
21
9
21
867
0
0
57
6
1
0
29
0
20
0
212
206
633
0
96
49
36
881
369
0
577
0
0
19
1
0
11
22
0
29
12
15
46
90
0
0
15
31
8
13
12
0
180
9
8
101
232
103
19
0
0
0
25
0
0
22
645
128
0
0
0
21
37
0
0
855
24
0
348
392
0
26
0
0
167
0
181
111
8
0
105
0
4
0
0
0
0
1053
0
0
198
18
0
23
9
0
1106
0
0
0
0
114
36
88
6
1
5
170
44
387
2
4
25
264
0
113
0
8
6
0
67
0
131
37
1
9
18
98
0
0
20
0
7
60
0
0
0
15
0
0
0
179
0
8
15
188
1101
0
0
78
88
72
0
8
0
0
0
0
0
25
0
120
0
0
49
0
7
2
9
0
9
0
246
0
0
75
15
651
16
11
0
25
0
173
32
12
18
9
10
28
104
26
412
27
194
50
2
26
0
0
8
6
6
102
0
9
5615
30
111
4722
175
0
4
0
486
0
306
0
0
9
5
0
0
11
20
81
14
13
0
47
31
97
0
0
133
171
0
0
1229
7
255
0
39
0
0
48
0
5
0
91
7
0
24
0
86
0
0
225
0
50
18
161
19
0
63
20
606
55
3
970
67
25
0
0
18
0
20
0
54
7
47
55
0
127
449
0
0
36
0
89
0
15
0
1966
50
0
0
0
0
4
1808
0
1
0
179
21
0
5
0
0
13
0
15
8
19
36
13
64
50
0
1544
814
0
365
91
0
0
10
78
235
208
6
64
0
0
0
0
568
0
21
6
0
21
4
0
14
83
28
66
71
0
104
0
0
0
0
20
110
0
0
0
0
12
379
17
0
144
48
0
27
0
14
0
0
0
0
17
0
0
110
0
0
0
83
9
0
0
7
0
10
58
9673
34
0
0
150
0
0
0
0
0
40
82
0
73
95
32
123
0
32
167
38
0
16
0
0
0
8
1234
0
13
1432
8
0
42
0
10
2480
43
0
0
324
328
3
103
0
31
31
22
153
11
0
21
0
143
0
0
0
1097
0
42
12
65
0
16
0
43
0
21
1459
0
75
0
158
223
43
0
6
0
152
10
0
4
18
13
0
0
0
0
0
36
0
0
455
0
0
213
2
0
0
0
8
0
32
14
30
98
17
0
23
19
1300
0
0
11
0
5
0
12
0
193
0
142
0
0
244
35
0
0
0
0
159
7
0
0
8
13
0
47
0
0
0
11
24
7
0
23
0
0
52
96
232
0
120
0
12
612
31
0
10
9
40
5
3454
5
39
257
0
0
129
0
72
611
9
0
0
44
116
249
18
0
211
8
236
49
6
0
0
21
0
83
33
36
0
0
119
15
1461
0
0
0
0
111
77
128
0
0
0
5
0
29
461
0
26
0
0
0
66
474
204
21
32
0
0
0
105
0
0
4
70
28
0
0
59
177
0
0
0
0
182
294
323
0
2876
0
51
21
5
26
0
0
92
0
19
0
0
0
0
0
0
986
0
0
0
8
40
92
9
5
0
0
14
7
275
0
0
36
0
2497
0
475
53
0
0
14
213
0
0
7
34
0
9
6
0
0
0
0
28
0
0
37
13
0
0
13
0
576
34
12
5
237
4
5
0
352
60
0
0
104
71
15
1088
235
8
14
0
8
11
0
30
9
87
0
12
97
3
1321
0
0
0
7
0
565
93
18
45
619
10
0
0
0
7
0
37
18
0
0
21
0
2
42
0
84
0
13
7
0
0
0
6
1
16
0
0
0
26
12
39
0
0
8
4
0
0
13
0
3
0
0
0
0
2
56
6
16
418
7
0
10
74
0
0
8
0
0
8
0
0
51
30
4
1101
8
9
26
0
7
0
861
0
0
0
41
25
181
0
0
0
10
0
0
0
0
765
25
9
15
0
0
0
0
0
0
144
5
0
13
12
24
0
6
0
33
38
0
0
211
9
0
0
0
0
234
7
0
61
573
127
206
0
0
0
74
0
2
0
6
1393
12
318
369
0
17
87
9
34
1
0
0
0
23
398
797
0
0
28
449
0
12
86
0
10
15
60
20
52
920
187
337
34
17
0
32
97
291
0
0
0
32
0
0
0
0
7
28
4
0
0
33
0
28
6
16
21
0
32
82
146
7
51
0
7
5
29
18
130
0
1
24
0
0
0
0
213
0
0
0
1
0
1181
0
0
0
37
845
0
429
4
44
0
4
0
11
2793
0
88
10
11
0
0
68
4
0
30
201
7
132
27
56
37
132
17
46
16
482
231
0
14
49
7
11
90
197
60
9
0
1246
0
259
0
8
343
510
189
0
31
110
27
0
0
0
9
350
0
6
263
50
544
0
10
0
26
13
0
30
16
48
0
105
31
0
0
0
0
115
0
20
0
14
0
0
0
131
272
63
0
6
11
26
5
76
11
133
1
0
0
0
260
0
68
0
170
17
0
0
2
0
0
0
6
0
191
0
0
0
704
0
1176
0
37
50
363
0
540
0
16
9
0
31
0
0
0
137
239
409
0
0
0
0
0
51
0
535
0
18
0
0
20
22
108
8
14
176
0
0
882
200
37
17
51
197
0
143
54
75
53
882
5
0
0
0
0
66
0
146
0
23
0
0
0
0
24
7
61
93
0
21
0
5
36
24
0
0
0
12
0
10
0
0
9
1004
0
0
0
40
1015
0
29
335
0
0
38
11
935
0
25
0
0
33
11
1365
0
19
12
2
5640
7
17
465
296
7
0
10
17
52
17
31
50
10
0
0
0
353
10
0
0
7
0
0
131
0
11
0
119
0
57
0
6
91
0
0
112
17
29
0
0
10271
59
0
0
115
1105
12
473
101
10
0
0
22
927
1
740
57
0
0
36
109
0
38
11
0
9
13
0
0
14
33
0
0
0
149
0
0
0
0
31
0
0
497
0
0
0
0
0
13
26
29
0
107
0
0
0
0
0
16
1
12
624
0
0
6
6
0
8
0
1357
0
0
7
580
0
33
0
60
1217
19
21
0
151
6
28
0
8
7
0
0
0
513
0
0
17
35
0
0
0
0
0
0
24
145
0
567
7
0
9
0
0
282
0
20
66
0
0
35
252
0
6
0
60
0
7
0
0
0
189
0
0
5
55
104
24
21
0
0
254
75
10
0
3771
0
0
338
0
21
512
18
103
54
0
0
1
0
41
27
0
0
8
0
140
30
4
74
90
208
0
9
0
0
0
0
139
7
89
0
24
0
0
0
13
0
10
0
0
0
9
0
0
0
17
0
0
0
3
14
183
5
7
0
0
0
0
7
0
28
0
0
0
127
0
0
155
0
8
10
0
0
0
0
18
16
0
0
6
26
89
0
0
0
14
74
34
0
0
121
68
3
83
0
19
54
0
11
29
0
0
0
0
0
4
106
1
0
0
0
0
0
0
0
46
0
0
213
0
34
0
0
0
0
0
0
10
623
8
42
59
0
18
0
0
0
0
0
0
0
0
0
0
0
82
3146
0
27
10
32
0
0
0
0
2
0
0
0
38
26
0
0
0
20
0
0
0
0
27
2
46
12
0
30
0
0
0
0
0
0
0
0
0
0
0
0
0
23
84
40
0
1
8
0
0
0
0
1
0
112
0
0
47
0
0
70
298
0
0
23
75
0
0
0
20
61
46
537
0
0
0
0
0
0
0
42
26
0
91
31
90
0
167
866
22
0
21
0
49
62
10
10
0
0
11
26
159
20
202
0
63
370
181
2
12
1604
388
7
0
17
0
64
0
0
0
0
0
0
33
303
0
199
318
9
418
9
74
0
657
0
18
0
207
0
1094
97
0
240
35
0
1285
1
59
53
11
2668
0
23
0
9
47
35
51
2
0
0
43
568
0
7
591
0
103
0
21
0
0
4
0
0
13
9
5
7
41
0
41
20
0
5
0
0
12
69
15
0
0
0
0
0
10
0
5
10
0
0
6
124
110
0
45
5
13
21
0
90
0
0
123
0
0
11471
0
0
19
0
0
149
0
6
0
0
0
0
25
0
0
19
72
155
0
13
29
0
34
0
47
0
5
0
10
3
20
173
12
42
0
0
45
7
0
0
32
0
283
0
0
0
0
0
0
0
132
0
79
8
13
7
0
0
0
0
11
5
0
39
0
0
0
0
0
8
22
7
0
39
9
41
0
243
0
28
55
0
414
0
15
63
0
2
9
0
0
0
8
0
22
0
0
0
0
29
13
0
5
12
0
38
0
0
123
3
0
0
0
0
75
56
28
33
0
0
89
0
0
19
0
18
0
0
9
169
0
37
0
0
33
0
44
0
14
26
0
17
0
0
0
10
0
22
0
44
0
0
0
19
7
155
39
0
13
8
133
38
0
0
0
0
33
0
0
95
0
5
18
72
26
34
8
29
125
0
54
121
7
0
0
0
98
27
13
139
0
17
23
0
18
0
0
79
0
0
0
0
10
0
0
0
0
0
20
0
0
0
2
40
0
474
0
12
0
6
0
132
114
421
341
0
307
229
0
0
400
9
0
17
200
32
18
2018
82
206
5774
0
269
40
2
90
79
0
56
0
0
0
0
0
7
7
0
32
0
442
0
6
7
214
26
0
6
8
0
0
0
0
164
0
9
0
34
46
21
0
1
23
19
16
5
0
0
6
6
0
4
0
0
0
0
83
272
0
0
376
13
0
1291
620
0
72
51
12
211
6
3013
0
0
0
0
159
56
0
0
0
16
229
0
9
0
0
86
178
0
0
8
0
42
909
0
0
0
176
0
20
11
0
91
0
322
0
0
0
181
32
0
0
0
0
55
12
0
702
197
0
572
7
845
0
2268
1
18
0
5
0
57
26
631
0
11
0
89
6761
0
66
1096
0
0
0
0
492
0
45
336
58
0
0
177
213
0
0
0
1
0
9
0
5
14
15
7
0
0
1229
0
164
3
0
58
54
275
9
651
5992
0
0
109
367
38
0
0
0
0
0
47
7
7
263
0
0
23
17
18
0
29
180
0
0
601
55
0
708
84
5
1486
70
4
355
0
1
156
201
213
18
2094
11
236
15
2674
0
18
4
0
3501
20
0
9
176
4
1269
158
1757
82
115
488
8
0
126
147
64
597
117
128
0
91
0
342
22
29
0
0
0
10
94
8
0
14
50
0
0
0
13
0
0
0
0
12
100
333
4
0
0
35
0
0
329
0
0
0
0
132
0
14
0
0
10
0
9
0
0
0
0
5
642
37
5
0
0
7
0
0
0
23
0
0
0
0
4
0
32
0
0
0
0
471
0
11
50
315
5
0
0
100
0
0
68
21
0
0
104
0
0
18
0
245
0
124
1
39
0
0
0
67
3
0
1395
1
0
0
0
144
20
168
650
13
203
179
0
1048
19
37
70
807
94
0
4
0
6
0
25
0
10
114
20
10
0
0
21
37
0
0
94
394
0
38
8
0
3
20
0
651
0
0
370
652
116
104
48
40
3
31
18
0
17
0
30
404
150
183
20
13
0
14
18
0
48
9
28
0
0
0
274
79
16
231
904
0
290
14
0
3
56
295
0
19
263
47
1509
96
25
0
0
0
0
23
352
139
52
5
269
11
34
9
1745
4
0
0
0
315
135
0
0
0
0
64
10
115
0
658
471
0
0
0
0
256
48
0
35
6
0
0
10
83
44
0
110
17
36
0
2
10
30
0
9938
48
185
0
2
10
0
32
7
0
11
60
26
0
1
0
180
537
482
0
0
0
2
107
0
0
0
193
9
0
94
147
8
15213
0
0
60
50
24
65
16
0
6
0
865
337
0
0
9
1
0
0
0
25
106
0
0
0
0
101
65
0
0
67
0
0
726
0
19
105
0
0
8
326
14
0
0
0
0
0
0
8
877
0
0
21
50
0
4
0
0
10
51
35
272
0
0
0
0
0
43
0
0
111
0
0
25
10
0
23
0
58
35
6
48
0
20
0
0
19
7
8
0
466
7
5
133
37
28
0
0
5917
0
0
0
128
0
0
102
0
0
0
0
4
16
8
0
6
718
5
0
0
0
0
0
48
0
14
3
0
11
110
4
42
24
42
6
0
0
0
8
0
1
0
98
0
6
0
0
0
18
6
220
6
8
4
0
9
91
0
5
0
2
16
65
0
8
20
0
0
27
0
52
0
7
62
1293
18
0
10
0
0
0
34
0
0
0
0
0
3
0
34
0
104
0
23
0
0
280
0
64
83
26
0
0
71
114
58
8
6
0
0
14
553
27
0
509
0
696
0
0
0
59
0
0
0
0
24
0
6
0
0
0
5
27
29
0
0
6
32
15
0
33
50
0
80
141
33
0
172
146
7
208
0
503
22
297
0
0
5
54
56
1521
5
0
9
0
0
0
0
0
10
0
18
0
0
0
10
9
0
0
0
23
13
0
0
0
0
179
3
0
107
0
159
3
0
0
140
19
34
20
0
0
7
0
86
38
0
0
51
25
166
11
0
53
792
75
0
75
0
47
0
0
53
0
425
0
0
0
0
0
44
0
21
0
30
0
0
18
255
0
25
0
0
1100
0
0
6
0
0
0
29
0
0
0
0
0
106
30
0
34
0
0
0
13
0
13
0
0
0
0
172
312
63
0
0
9
6
125
131
0
0
25
0
38
0
190
24
206
0
0
0
0
6
0
0
0
0
0
16
0
0
1
34
0
25
0
0
41
4
175
0
22
0
92
23
0
0
0
205
0
0
304
0
46
0
0
0
57
0
0
15
0
145
12
333
0
0
8
10
0
0
12
0
107
10
0
29
21
282
60
10
0
0
16
0
0
0
104
0
0
13
38
6
0
6
0
0
0
0
1338
0
171
829
16
0
0
82
0
8
4
0
0
77
770
0
0
0
25
0
6
0
0
0
0
59
12
0
0
2
0
0
12
102
0
62
24
0
0
16
0
94
9
19
46
81
0
59
0
0
11
13
0
51
0
0
0
0
0
0
15124
34
11
0
0
225
1060
9
8
0
0
136
106
0
108
67
8
0
102
0
0
92
42
208
0
5
0
0
0
0
0
0
0
23
0
0
507
0
0
3128
4
12
0
0
0
0
0
0
0
13
0
91
5108
0
0
99
107
446
0
985
0
18
13
8
30
0
45
3
0
14
215
0
95
10
0
31
39
43
24
65
197
0
5
48
176
39
0
18
0
10
0
0
23
5
0
7
0
5
0
41
0
0
35
0
0
0
79
0
315
5
86
30
237
0
24
551
51
9
7
0
59
154
275
0
0
71
0
0
0
0
179
0
0
0
140
69
157
4
0
69
0
0
0
0
92
59
16
239
137
9
0
25
71
24
35
748
0
0
0
160
17
3
33
0
29
842
4
21
96
6
285
0
23
0
97
501
51
13
313
0
76
0
297
15
611
1488
13
16
0
8
0
2
4
0
8
52
129
665
0
0
0
47
0
0
287
269
446
3
5
6935
0
3
7
56
32
626
2294
0
10
0
3184
0
3312
34
0
200
0
19
0
0
0
0
0
0
4
28
5498
367
405
0
6
8
0
479
531
243
0
0
81
61
0
1
0
18
33
0
12
3
40
12
55
0
396
0
279
0
158
0
40
1
27
4
0
0
2188
43
27
68
0
81
97
154
21
33
0
173
4
0
26
36
0
263
0
0
0
0
63
0
15
39
0
81
44
0
46
25
0
0
0
0
0
134
11
9
164
0
23
0
119
5
0
34
0
6204
0
4
40
0
0
905
6
57
103
57
187
57
9
178
152
9
0
501
0
0
44
0
0
245
7
0
21
0
21
0
0
98
1606
6
0
32
1
6764
13
0
0
16
61
5
19
10
45
0
24
0
60
0
694
110
0
166
186
7
53
13
0
0
44
912
829
2302
8
454
0
0
17
15
0
0
364
8
73
49
186
40
52
0
269
0
65
0
0
125
0
12
0
36
0
6
980
0
872
70
0
12
6
7
0
0
6
0
0
0
9
87
0
33
125
1654
0
0
0
0
1312
0
14
1849
0
3
175
0
31
0
0
3
0
15
45
308
143
0
164
12
0
6
57
0
0
0
6
0
0
67
0
0
173
8649
0
18
121
33
18
23
41
0
0
0
0
14
1
164
0
225
0
4
3
0
0
79
103
21
231
0
94
19
0
0
0
0
15
32
31
18
0
4
0
28
0
0
19
93
14
63
0
0
0
14
20
0
10
28
105
39
0
0
17
0
0
37
0
33
0
43
456
193
18
141
0
0
622
0
0
41
51
7
0
0
0
11
0
510
249
3
76
0
11
0
10
109
49
0
12
0
28
0
27
0
0
8
103
29
39
112
85
0
0
9
0
2561
0
18
0
5
0
0
0
0
9317
0
0
0
0
1
167
7
0
0
212
0
1392
329
564
0
303
1025
1863
1012
0
0
0
0
0
0
36
0
14
86
7
5
182
65
39
0
13
178
0
0
38
0
57
61
7
186
413
22
354
11
8304
0
3615
22
7
17
0
232
0
12
17
0
1
40
0
14
103
3
0
179
106
0
33
124
368
7
129
7
1443
399
65
42
52
0
5
0
0
48
36
59
0
652
0
175
149
0
332
0
0
42
12
250
69
0
0
186
11
78
14
504
0
0
0
17
1281
0
24
17
33
60
212
17
284
52
43
17
125
0
0
54
7
51
0
87
14
14
0
190
34
0
0
2
0
10
40
32
0
0
309
53
0
662
265
46
81
144
6
0
0
10
0
69
0
41
58
13
8
84
59
0
310
0
0
223
7
1085
8
0
0
151
516
195
95
13
69
391
0
6
37
0
15
120
91
714
547
0
0
6
83
56
8
8
201
165
3
8
0
0
0
0
0
3
11
0
20
0
0
0
0
0
0
0
0
0
0
6
196
0
8
0
0
13
16
0
10
147
13
13
2
15
0
11
8
0
58
0
28
19
0
0
22
1180
1137
105
0
21
6
18
613
0
0
10
161
9
0
159
72
6
0
0
97
33
17
0
33
0
14
9
192
0
479
307
66
0
67
0
270
1
0
0
111
57
0
74
14
1
68
964
11
113
68
0
6
538
1
205
0
12
59
0
63
579
0
743
44
1813
71
8
809
0
260
0
325
5
124
220
0
1953
5641
0
0
9
6
25
0
0
0
7
4
164
460
22
4
2
127
0
0
36
20
156
332
91
67
96
232
85
0
19
66
0
57
28
3
11
43
126
15
40
0
25
450
0
42
0
856
7
0
405
0
0
65
359
0
0
246
0
8
0
510
603
147
27
97
2
0
14
0
41
10
82
0
118
0
6
368
0
0
115
0
10
536
0
0
0
0
24
0
50
7
0
11
137
431
92
90
918
7
26
40
91
0
0
10
345
22
32
171
0
0
0
11
26
19
5
7
22
56
119
204
0
6
0
37
0
23
6
15
0
0
0
0
0
43
0
38
0
0
0
0
817
0
0
19
98
0
0
15
0
48
5
0
2717
1224
941
10946
184
0
11
0
44
4
5
0
0
19
5
57
0
0
21
0
811
28
182
29
40
172
0
197
24
22
146
677
28
21
0
0
0
0
0
4
0
0
9
73
15
0
0
6
5
8
7
28
237
302
168
14
17
0
0
0
3
10
582
293
63
0
5
0
0
12
285
257
0
0
0
0
367
0
0
13
3
0
0
0
0
0
23
0
144
13
0
0
0
0
0
1112
751
0
29
427
0
9
0
6
45
55
0
0
0
0
0
10
68
0
63
10
0
0
51
0
0
175
209
3
0
11
0
4
0
0
8
16
0
6
0
12
0
21
0
336
23
0
0
725
0
0
0
10
48
30
37
107
0
447
0
0
0
0
0
81
6
0
7
916
7
0
0
0
22
20
72
0
59
20
14
0
4
0
0
0
0
55
0
178
0
0
14
0
0
0
0
0
0
0
7
0
0
7
0
0
3
0
0
0
0
23
20
10
130
150
8
0
0
0
2280
17
5
7
100
536
1
1
897
7015
117
664
0
22
160
0
0
0
6407
0
6
0
0
0
0
0
0
0
42
0
0
33
26
187
28
0
0
0
23
133
37
0
0
0
1293
51
446
0
17
8
0
0
19
24
0
19
0
0
6
0
82
0
11
0
1029
8
150
95
46
95
26
0
17
0
0
0
6
0
0
13
49
93
0
0
775
193
15
15
2030
0
0
9
51
0
10
12
43
0
0
9
178
75
10
0
0
144
72
0
0
0
0
0
0
19
0
0
0
142
34
82
13
0
6729
60
1501
1318
25
0
18
0
0
0
0
33
8
66
0
652
0
0
111
8
9
41
36
0
11
0
14
20
44
364
2840
0
2966
12577
117
0
0
31
0
17
32
56
0
0
1955
218
0
10
334
13
65
0
4
49
20
0
0
0
0
0
5
0
0
5
0
0
0
0
0
0
0
0
0
8
0
0
557
0
0
0
146
0
6
0
221
0
0
2313
9
84
7
340
251
0
51
10
0
59
6
59
263
0
5
60
0
0
23
0
20
1204
3093
0
2672
0
7
0
22
0
0
0
0
0
0
0
40
344
0
0
11
0
0
0
0
0
164
3
0
0
7
0
7
46
0
0
94
2
9
7
0
0
0
0
0
0
0
36
0
104
76
0
0
0
0
0
0
0
7
0
0
19
0
0
0
0
0
0
0
10
6
0
0
0
0
0
