BitA_7_1
0
0
27
2828
29
244
41
0
0
0
0
292
12
597
0
0
941
0
1
271
867
152
0
8
0
722
0
60
0
8
38
13
0
133
1851
75
0
0
9
0
9
0
1
0
0
2698
0
228
0
298
0
262
0
1063
0
32
582
112
0
1188
2
11
0
0
10
55
0
545
19
15
2186
647
38
8
62
0
1633
12
8
0
0
0
4
24
1386
0
150
287
23
14
691
0
657
0
0
933
4
0
136
1
18
0
11
882
157
0
3
0
0
804
0
0
45
0
10
0
0
184
193
803
15
11
0
209
85
471
249
0
2006
34
0
0
0
131
3
0
12
224
15
0
32
2
26
0
696
196
17
34
76
45
31
0
361
1
8
1256
0
0
30
395
0
0
0
0
186
57
95
193
0
0
0
7
57
0
0
132
117
2
0
96
343
635
0
123
62
496
258
10
102
3
0
494
330
33
0
94
0
2
1
46
68
29
11
44
44
0
0
94
63
45
0
2
13
0
0
4
141
15
1
23
475
0
27
332
0
2
2
290
44
135
0
0
84
388
1305
0
1540
63
0
0
0
0
9
539
0
34
131
480
11
3
279
449
20
0
402
45
2
0
0
24
249
544
328
2274
105
0
0
0
426
106
2
637
0
0
68
3
0
0
1201
227
1164
114
0
1824
0
1057
0
0
0
376
0
0
0
0
0
0
115
5
148
0
0
18
0
19
458
0
378
8
4704
0
0
0
0
0
0
255
0
227
394
0
84
0
720
103
0
186
32
27
0
36
483
349
149
4
0
259
36
33
0
0
1109
318
55
579
0
17
323
43
168
0
1120
0
91
46
72
36
1190
354
29
0
9
2
2
1032
0
0
0
119
155
5392
148
1356
11
7
0
0
9
5
0
633
0
289
0
0
2485
0
95
61
83
0
379
0
0
281
576
72
209
0
488
113
72
0
0
0
4
132
24
0
0
0
0
128
11
2936
9
86
0
425
0
0
1340
191
13
0
149
0
8
2632
96
0
122
52
47
10
63
0
397
0
0
0
2
0
1311
1285
0
16
1801
319
101
0
0
0
39
2
0
12
0
0
0
0
13
30
0
0
2
34
184
0
416
0
26
0
586
0
0
1
0
0
534
199
720
74
283
1419
478
27
0
0
24
0
107
209
118
107
0
141
0
9
0
0
119
0
734
82
53
496
44
0
49
0
22
0
3
513
11
430
39
0
34
0
871
282
0
659
0
43
6
37
16
101
77
161
1143
0
12
186
680
183
82
0
3
2
59
0
236
272
0
0
164
0
1
0
15
3
0
0
8
0
0
0
0
990
0
234
4
283
0
0
0
558
634
41
0
274
4
353
50
51
0
54
0
137
0
1452
17
28
2
12
0
3492
2
29
0
349
0
1106
194
13
1
8
161
0
0
0
3
501
0
0
0
0
1476
6
348
283
4
0
207
31
46
32
0
24
4
19
0
1
61
0
0
8
33
0
0
27
0
47
269
130
554
172
930
10
0
7
0
0
0
8
0
222
823
336
9
408
17
225
4
0
955
55
0
115
0
2
194
0
565
107
16
0
0
0
315
0
0
8
421
0
0
0
1
402
22
561
2
19
0
0
0
0
93
98
43
770
0
57
125
3046
3
11
0
4
46
5
103
0
12
16
84
75
6
235
10
16
0
0
40
15
181
0
172
1842
11
87
70
1044
1074
2
0
298
439
19
23
12
911
0
0
3
0
182
273
2
26
35
27
0
105
1
38
50
190
0
269
16
454
0
0
0
0
0
0
1086
751
0
0
385
5776
2
338
21
248
238
142
90
0
0
388
6
6
88
0
14
1372
0
0
890
184
79
56
97
291
386
39
69
41
0
0
1
1128
2
136
0
0
150
4
0
0
0
10
4
0
0
5
0
97
12
0
24
0
442
91
758
45
14
0
696
2
0
0
0
30
3
248
32
4
0
0
0
4
2
18
74
14
0
0
19
4
265
225
0
19
1
15
0
0
496
4
637
1379
341
2
632
100
375
219
1
32
219
0
156
119
0
771
5
182
99
392
3
0
357
0
4
42
4
111
686
3
0
0
0
0
0
1372
605
15
0
2
0
2425
1
0
1542
8
51
0
78
0
0
570
77
269
476
145
7
0
6
0
0
159
618
436
0
0
12
2
577
84
0
19
86
0
73
86
188
30
0
229
2
0
554
11
0
0
0
207
0
200
443
57
125
394
4
96
0
0
53
344
291
338
71
3
173
23
0
2140
325
1
58
0
363
0
0
10
409
0
77
0
4
10
7
0
0
0
204
147
117
7
0
29
48
45
0
0
619
65
21
204
3
9
0
0
17
28
0
1665
83
282
700
5
139
0
0
285
0
2504
66
1
0
1035
515
486
119
1284
0
149
0
0
2945
0
0
0
0
175
0
0
0
0
9
620
605
685
60
0
3
0
125
27
29
7
0
0
88
1146
678
102
27
0
0
91
183
27
0
0
0
45
0
1737
412
1465
904
0
0
4
0
0
144
0
2
10
256
50
159
0
14
1186
713
0
327
1110
110
70
52
122
0
0
187
13
0
46
0
0
0
17
0
66
50
4
0
3
0
0
1160
608
0
0
11
3
100
0
0
0
0
114
51
0
224
8
3
86
17
284
981
0
532
119
24
6
5
17
2
0
0
0
427
874
91
159
159
175
436
399
176
332
0
40
108
47
99
0
0
7
0
11
2800
35
774
0
0
232
82
0
2
371
145
169
383
0
144
131
0
25
2
11
0
52
0
0
744
420
102
7
0
863
0
0
0
160
19
1630
1386
0
51
3196
54
163
103
134
102
649
361
0
0
26
0
603
13
432
0
532
0
456
0
373
676
32
0
875
3
0
119
0
268
812
0
0
3
424
2
575
0
0
1
82
0
296
0
0
7
0
0
0
3
12
0
134
20
144
0
333
338
28
414
837
0
0
2312
0
2
0
189
76
87
0
154
0
15
0
266
69
0
2
350
0
6687
0
0
0
24
9
316
107
249
61
0
303
0
41
0
14
92
279
78
0
1
119
0
292
1234
246
0
0
7
16
3248
51
4
57
11
37
29
0
19
0
0
0
966
0
509
7
0
30
10
0
50
0
409
0
92
184
2
89
5
366
0
0
0
264
1
5
1
78
3
0
5
43
7
0
188
0
253
0
0
2
21
0
2591
1
9
2872
12
1068
0
143
10
103
0
0
0
158
112
0
0
7
55
46
0
0
10
2
0
94
0
450
0
0
6
23
210
14
0
0
9
106
1046
329
0
0
0
226
0
0
1006
512
47
102
5873
0
75
314
36
117
29
396
0
9
63
2421
22
19
65
53
232
0
0
578
40
25
203
20
742
14
240
328
145
0
70
0
31
0
2
0
0
323
3
32
0
2265
1
45
708
117
78
0
0
0
1
36
0
304
0
2
294
45
0
1
4
1
26
4
371
0
17
44
0
81
0
0
17
0
0
38
0
0
22
0
0
0
0
0
0
4
433
20
641
10
163
118
91
0
0
94
3
1906
38
0
0
0
4
16
8
611
62
313
0
894
28
436
653
0
0
0
1303
0
280
328
3119
4304
0
0
0
51
0
13
0
0
59
0
0
1352
509
903
26
13
368
0
22
0
292
307
103
1177
0
1223
0
233
11
54
79
0
7
0
3
2
0
0
0
749
307
0
944
104
0
0
2
164
393
449
58
629
4311
4
578
0
183
476
175
356
360
0
25
3
318
148
2
0
366
66
39
0
0
45
129
562
0
4
0
90
447
0
1001
0
3
58
4
3
600
7036
2
236
0
0
3
418
0
824
0
73
9
1
1069
66
3
42
0
4
6
2
591
0
3
0
23
0
0
42
192
29
7
0
6
10
0
0
3
202
0
12
6
1
61
45
83
0
0
0
0
113
0
13
2
4
137
451
19
771
2761
146
946
214
4162
0
56
2
189
35
0
1045
2
202
29
0
3
4
0
888
72
0
32
179
0
144
6
0
0
0
46
0
0
1946
261
0
4
298
2502
321
2
0
45
0
50
0
2522
0
707
16
0
13
0
70
0
0
2
0
58
0
0
0
0
9
724
87
15
0
96
38
83
12
9
37
148
2
187
0
175
4174
1266
0
328
0
0
0
804
66
3
3
0
0
23
731
25
0
0
11
0
0
0
0
0
19
101
0
0
196
148
1225
1557
183
547
0
0
36
31
10
0
0
0
0
219
93
0
568
54
1596
34
0
3
132
85
16
142
5
0
194
343
0
0
125
0
4
0
305
0
0
15
0
35
105
1
33
20
0
58
360
0
0
0
0
37
616
34
6
1
149
0
408
104
549
0
82
1745
406
0
0
4434
479
562
4104
37
0
21
0
0
2
3
89
2
17
0
0
178
1339
5
0
0
0
0
0
37
50
201
0
0
32
28
23
0
317
606
196
316
351
20
0
0
5
384
1
0
2
85
30
5
42
15
0
0
1
32
35
104
32
0
0
0
0
0
0
0
131
3
3
0
86
0
33
0
0
61
276
0
28
0
645
0
467
7
0
16
0
0
0
0
0
1040
0
7
11
59
0
315
302
17
0
14
0
0
0
0
276
0
747
461
650
219
0
81
61
9
4
12
360
125
0
11
0
2393
1
35
0
47
2
33
1
88
4
0
0
309
1
324
153
68
266
10
0
0
4
5
9
82
359
167
0
31
0
43
30
0
0
160
0
45
0
0
124
47
12
58
90
1190
12
0
154
0
410
0
0
0
81
25
147
100
152
2
2849
19
0
0
67
0
0
6
280
780
19
12
51
1
4
9
3
8
0
52
247
13
6
1755
324
5
977
0
46
9
0
0
327
0
106
0
0
11
21
13
0
0
9
1991
0
132
440
9
0
2242
64
0
0
0
17
6
27
881
26
112
0
0
0
0
0
0
4
130
0
0
61
0
6
7
0
24
31
0
0
0
3039
0
11
0
31
139
598
331
3664
7
1666
14
4
8
34
4
18
1143
2
500
974
0
34
192
0
585
5
0
11
930
0
56
144
0
0
2354
0
108
244
1
0
101
366
0
11
409
395
0
614
4
488
0
2278
42
0
172
4
60
139
462
28
686
6
16
0
1669
241
212
23
2159
2
160
30
916
167
0
218
0
139
238
285
0
0
1
3
37
122
0
29
1393
276
1433
367
0
0
1
2
30
82
2
275
169
24
849
599
0
87
90
85
0
0
1
0
961
0
90
0
255
16
3
0
0
24
0
0
1781
566
0
11
174
5
19
0
129
21
354
35
0
0
206
248
0
23
2
0
0
0
1472
476
14
0
1079
43
438
150
73
109
0
13
30
5
20
0
3
13
30
7
99
104
0
0
122
507
0
0
213
0
0
0
637
513
99
0
0
332
0
352
377
6
0
154
0
0
0
50
298
6
0
0
0
24
14
46
0
4
0
199
3
0
0
0
19
0
434
79
43
0
0
79
3110
2
313
0
79
0
49
14
1
901
5
0
25
179
84
0
3
0
7
134
0
22
0
195
0
680
0
5
73
34
3
6
0
5
1
2
8
135
34
0
66
2
1
17
49
9
0
0
381
0
2
0
44
3
10641
0
36
81
291
0
38
7
0
0
0
311
73
626
4
276
0
0
208
6
0
23
0
148
1134
2
183
0
195
0
1214
14
415
214
0
2
0
0
0
0
0
0
7
0
15
0
2
14
468
362
57
1
0
512
22
0
491
583
24
305
57
0
1422
148
0
61
4
0
0
542
16
325
0
29
8
2
0
728
459
0
452
49
49
0
0
173
204
0
409
0
0
830
24
256
183
2
188
1
0
160
189
27
3
20
0
0
0
0
251
305
290
0
14
0
92
0
0
184
0
80
34
0
693
140
27
47
105
0
1
1391
89
0
170
1
129
456
46
59
1952
167
0
0
13
407
126
0
10
28
10
3
0
0
85
197
0
54
8
0
0
0
0
262
8
293
2
2
37
8
325
0
1
0
0
281
299
29
45
0
0
216
0
0
0
15
446
2434
5
7
2000
26
88
232
0
216
0
0
6
805
33
0
10
120
75
24
0
0
3
0
0
1460
0
0
1358
5
102
19
2221
170
0
0
228
2564
56
1566
236
0
48
22
540
0
48
28
18
19
0
4
0
123
0
3
2638
0
2980
0
0
32
0
22
0
185
181
0
280
31
83
0
125
629
4526
12
29
102
16
540
157
0
16
1
200
0
2
0
357
378
0
604
2
19
26
246
0
98
540
289
88
127
224
0
264
7
1106
789
5
1612
0
442
236
278
230
7
0
10
0
0
69
103
14
2
156
0
3
28
18
4
8
3469
172
182
391
105
173
4
2
3
37
0
1119
0
8
0
0
7
2596
0
139
230
3
1149
0
27
330
28
27
582
3
0
198
0
0
0
0
15
0
0
0
31
365
78
0
23
1
0
315
5
0
0
931
148
996
303
5
1269
57
0
0
130
19
0
0
0
1
60
140
7
0
10
0
0
0
14
14
83
1034
80
245
9
68
3
4140
0
0
10
134
0
7
200
0
96
5
115
95
0
797
470
28
777
93
0
0
393
815
454
205
2
0
114
0
0
0
0
1379
9
2470
350
163
336
422
0
0
0
0
54
0
332
0
1
203
149
19
120
8
777
33
2
7
249
0
157
0
116
18
109
97
0
1180
64
0
37
8893
1
93
1356
560
466
315
257
1248
28
918
0
869
1799
1
107
24
2
0
0
278
0
205
147
2587
0
17
290
178
0
1681
152
120
0
3
0
0
2219
9
7
803
0
773
0
28
3
0
779
57
0
0
1188
32
0
0
0
0
137
0
149
1
1224
12
184
63
902
0
2
146
1464
0
4
11
84
149
66
0
47
434
172
0
0
187
27
228
1
0
16
57
0
49
274
0
199
0
0
0
0
1
5
1
0
10
0
0
2
4
28
0
5
1017
13
1
6
2160
0
0
2
0
0
79
0
62
0
5
129
0
0
0
8
1
0
150
77
0
0
0
224
0
0
0
163
41
2
0
0
432
0
0
5
8
0
0
4
3
3
0
1
0
0
57
0
0
42
816
0
0
21
0
7
283
44
440
13
0
5
0
83
0
0
0
92
0
153
0
0
23
3
19
0
40
0
0
464
25
0
522
13
0
1772
106
8
0
43
497
0
0
17
0
0
27
20
82
0
109
23
0
0
1111
516
18
3
166
0
6
49
0
19
30
0
19
0
0
0
3
688
0
4
0
0
1357
0
261
21
3
0
0
78
653
403
106
0
0
0
0
0
0
12
0
0
176
0
0
134
0
0
0
0
0
109
2808
97
7
0
46
0
0
0
0
0
0
0
0
0
0
0
0
0
2
0
0
9
60
0
0
0
79
1
60
0
0
0
0
0
2
0
12
0
0
0
0
0
0
123
1
0
7
24
286
0
0
0
0
0
0
4
0
0
2
0
0
0
0
0
5
0
11
1
0
0
11
0
0
0
0
0
0
0
0
0
0
0
2
0
0
0
0
0
1
1037
0
0
0
49
5
0
0
0
914
0
0
125
76
0
17
61
0
1
0
0
0
0
0
103
67
0
0
2
32
411
58
0
53
1
1
3
0
0
0
0
0
3
0
1
40
0
0
0
705
0
10
0
0
0
0
0
0
70
0
111
0
40
0
29
0
0
0
0
105
0
0
0
0
29
3
0
0
0
110
4
0
14
0
21
113
0
0
0
16
77
0
79
0
2
0
156
0
7
0
269
0
1
1
0
9
0
0
0
1
134
0
0
0
0
398
0
5
1048
351
0
0
37
80
0
0
0
0
0
97
0
0
130
0
88
3
1
1
0
4
0
0
0
6
0
92
6
0
455
1
0
0
0
0
29
0
6
0
0
0
0
0
0
0
8
0
0
9
83
0
81
0
0
246
5
0
0
0
0
199
0
0
12
0
0
0
0
0
0
5
0
0
15
0
0
110
3
0
0
0
57
1
0
5
72
0
0
19
0
0
0
21
0
0
1
0
0
0
0
0
0
0
0
0
0
0
0
0
0
6
0
0
0
0
113
31
0
84
12
3
0
0
0
39
0
0
0
0
0
0
0
0
0
2
0
0
0
0
0
117
0
59
0
0
0
0
183
0
0
0
305
0
0
0
0
0
11
0
2
0
4
32
0
0
0
0
0
0
0
0
0
0
4
0
1055
0
1
0
0
0
0
0
0
0
0
0
31
38
0
0
10
0
29
483
0
0
0
0
0
0
0
0
4
0
1
0
0
19
0
367
162
0
0
0
0
0
0
0
0
392
0
0
0
0
0
0
0
0
0
637
43
0
899
0
0
98
0
0
2
0
0
0
0
1
0
2
0
0
0
6
31
0
7
0
0
0
0
0
0
0
0
121
0
0
0
79
22
0
184
0
38
0
0
0
0
1
11
0
0
0
0
0
0
4
1
0
0
0
82
0
0
152
0
0
0
2
0
0
0
0
0
0
0
91
0
0
0
0
91
0
0
0
0
129
0
0
0
0
0
0
0
0
0
0
131
11
0
0
0
401
661
0
0
0
2
15
0
0
0
0
0
0
0
0
14
0
50
0
0
27
0
67
71
6
2
2293
2
0
0
0
476
0
30
0
0
0
0
0
13
0
0
2
314
9
8
0
0
24
0
153
0
0
0
0
5
0
0
0
2
0
0
1
0
6
3
0
0
314
0
3
0
0
0
0
0
2
1561
0
145
0
0
0
0
0
0
0
0
135
0
0
308
2
0
126
24
720
0
0
0
3
0
74
0
0
4
0
426
0
0
0
0
0
0
0
0
14
51
19
0
0
5
0
0
11
0
0
5
20
904
0
0
14
22
1236
0
498
0
0
0
91
0
0
0
3
27
0
0
0
0
47
0
0
0
57
0
0
0
0
0
0
0
29
0
0
0
0
28
0
33
0
5
19
0
13
0
0
0
0
0
648
0
0
0
241
0
0
28
0
0
1
0
4
0
0
42
0
0
0
0
97
806
248
0
0
0
0
0
0
0
0
492
0
40
0
0
0
0
0
602
0
260
0
0
18
0
0
6
0
0
13
0
1890
0
0
0
0
0
0
96
0
0
0
39
0
55
0
0
32
0
878
0
0
0
101
0
0
0
0
0
4
0
0
1
0
0
0
0
204
0
0
1
0
686
4
0
0
216
0
7
0
47
356
0
39
0
0
0
0
0
0
1
0
782
4
24
0
0
0
0
0
143
174
0
0
55
0
469
0
1
3
0
2
0
0
47
2
0
0
0
73
6
0
6
0
0
12
0
0
0
93
27
0
0
992
1
245
37
1
0
0
0
0
0
0
0
0
167
0
0
0
25
0
0
0
0
0
0
0
0
0
0
1439
0
2
10
0
0
0
2095
63
6
0
1
0
0
1
13
16
0
34
0
0
0
2
0
0
0
0
2
0
0
0
166
0
0
0
0
988
2
0
0
0
25
0
7
0
0
0
12
17
0
0
0
0
0
143
0
169
9
0
1
0
0
1447
67
0
0
84
278
0
131
39
0
0
46
0
0
0
0
16
26
34
0
0
0
0
0
0
0
2
0
0
0
0
0
216
119
0
1157
2
0
0
0
0
42
0
0
0
0
0
0
0
0
0
23
109
13
239
0
0
0
13
0
0
0
0
215
0
0
1
110
0
0
0
0
0
0
0
0
0
0
0
0
1
29
95
0
0
0
0
0
0
202
0
560
0
0
0
0
0
0
0
636
0
0
114
2
0
0
4
0
0
805
0
0
12
0
0
0
0
1
50
68
5
72
0
0
0
2
14
93
0
5
0
0
0
0
0
0
465
299
32
0
197
0
0
0
0
0
4
4
52
1588
1
0
0
0
0
0
266
0
0
0
2
0
0
56
1
0
0
0
0
0
0
35
0
0
0
0
152
0
0
0
0
3
8
0
0
5
0
6
0
0
200
0
0
0
0
0
0
25
0
0
2
0
2
16
0
0
0
0
8
0
4
0
0
0
0
0
0
81
0
0
20
48
0
0
0
110
0
0
21
0
0
183
0
0
0
5
251
13
0
0
19
0
15
12
0
8
27
0
0
0
76
0
118
0
0
45
0
212
0
677
117
0
0
4
0
35
0
0
0
0
20
0
0
0
7
0
0
1
0
23
319
532
3
2
0
0
4
0
18
0
0
0
6
0
0
0
0
8
0
564
64
359
0
0
0
120
0
0
6
0
5
9
0
416
737
0
0
0
0
0
13
385
0
18
36
0
0
0
0
7
0
0
0
75
0
1
0
2
0
1
0
29
10
0
0
313
4
3
0
0
18
0
1
5
0
0
9
0
0
0
0
0
0
0
0
28
15
0
0
0
50
168
3
0
0
146
0
0
220
0
0
0
0
294
0
0
0
0
102
841
0
1003
0
0
0
0
0
0
0
12
0
1
0
0
0
0
2
0
86
0
14
0
0
0
0
0
0
54
1
67
0
0
1
0
685
0
0
128
0
0
12
24
0
440
69
0
0
0
0
0
0
0
0
719
0
0
0
54
43
0
0
0
0
78
279
7
0
0
12
28
0
1832
2
33
0
0
99
0
288
543
53
122
0
0
30
0
316
0
0
22
0
0
0
0
0
0
0
650
0
1
0
0
0
0
0
0
3
0
177
931
0
4
0
0
0
90
2
1
238
81
0
3
10
1
0
84
0
0
0
0
0
0
0
0
2
0
6
0
17
335
13
4
0
0
0
0
0
27
43
0
0
0
58
20
0
0
14
0
0
0
0
0
0
0
169
477
0
0
0
0
0
0
0
113
308
2
44
124
0
0
0
242
0
0
0
51
0
52
0
89
4
0
0
201
0
0
3
0
0
0
0
0
0
0
0
0
0
3897
163
8
0
0
0
0
0
0
89
271
390
0
0
318
0
26
0
0
0
0
0
0
0
236
0
6
22
103
0
0
11
0
753
0
7
0
0
0
1102
4
47
4
2
1502
23
0
0
0
0
0
0
0
272
8
0
132
0
1
0
197
0
0
39
0
0
0
3
0
0
60
0
0
73
0
0
0
0
0
0
150
0
1840
53
0
0
0
0
0
170
749
0
0
0
1
1376
0
0
86
0
0
0
464
0
1272
483
2
0
0
3
3
0
0
0
0
2
0
2
941
0
0
0
83
2
0
0
0
0
0
0
0
0
40
0
611
31
0
0
10
0
3
0
0
0
0
21
337
14
0
0
0
93
0
0
0
0
32
0
0
19
0
0
29
0
0
0
1105
0
0
0
0
91
0
361
0
4
0
94
0
0
0
115
0
2
0
0
126
0
15
0
0
0
451
0
0
0
0
0
0
0
412
28
1
432
0
4
382
0
3
1584
0
0
35
9
0
0
0
0
0
0
0
0
0
0
5
0
0
0
0
0
0
8
0
0
0
0
256
0
0
0
182
0
0
0
0
0
13
0
0
0
0
0
11
0
0
0
0
0
0
4
302
0
14
0
0
992
0
0
0
0
205
0
0
0
0
0
3
498
0
5
0
0
0
21
1030
21
57
0
771
1
1
3
0
0
0
7
1
62
0
12
0
0
0
0
0
10
0
262
0
0
32
0
0
0
0
0
773
31
1944
0
4
1
0
105
90
0
0
74
864
0
0
0
7
0
0
0
0
0
3
42
0
1301
0
18
0
7279
0
21
18
0
0
0
0
0
0
0
0
39
0
61
0
196
0
55
162
0
0
0
64
0
0
0
142
0
0
27
25
0
240
0
0
0
7
0
0
0
4
133
446
0
0
0
0
24
0
0
0
0
0
3
0
22
0
23
0
0
0
0
0
0
26
0
0
2
0
0
23
329
0
0
0
0
0
0
0
0
0
0
14
0
0
0
0
57
0
0
0
0
0
17
3
0
0
0
0
0
0
0
0
0
0
0
0
0
0
0
9
24
0
4
0
0
1
0
0
0
0
0
0
0
0
0
7
0
0
0
0
103
1370
0
0
0
8
0
0
0
0
0
0
0
0
0
0
0
0
0
0
0
115
0
550
0
299
0
0
139
0
0
155
0
0
0
0
0
0
1273
0
46
0
0
0
0
0
3
0
0
379
0
100
0
0
0
0
0
0
0
475
0
0
0
0
0
0
0
0
0
0
4
0
0
0
0
0
0
10
0
0
0
0
0
0
0
4
0
187
0
0
0
0
0
0
23
0
0
0
0
0
135
0
1650
0
0
0
0
0
0
0
0
0
0
1
69
0
0
0
0
188
0
445
0
0
0
0
0
0
578
0
0
94
0
0
0
7872
0
0
0
0
8
0
160
33
7
105
0
0
25
0
4
158
113
0
0
0
98
0
0
0
0
0
440
0
0
0
0
10
0
333
0
24
0
0
0
643
2
0
24
0
197
0
1831
0
15
0
162
6
0
0
0
0
0
0
0
0
0
0
0
0
0
0
0
0
0
0
0
0
0
0
0
0
478
0
236
0
0
6
11
0
0
0
0
0
104
2
0
0
0
0
0
0
0
0
0
28
0
0
0
0
0
0
7
0
0
0
0
99
0
2
0
0
0
0
429
0
0
3
0
0
0
0
0
0
0
0
0
0
0
0
0
2
3
0
0
1
0
0
0
0
0
0
0
0
0
0
0
0
0
0
0
0
0
0
0
2
0
0
0
0
0
0
0
0
0
0
0
0
0
0
0
0
0
0
0
0
29
0
0
44
0
0
0
4
0
0
0
0
265
502
0
0
0
0
0
71
0
0
150
0
2
0
0
0
0
0
0
0
0
0
0
0
0
175
4
0
0
0
0
0
0
0
325
0
0
37
57
36
0
0
0
0
0
7
0
0
0
0
0
52
0
0
0
0
0
0
774
0
0
0
0
0
0
31
0
0
0
0
0
0
0
0
0
0
0
0
0
268
11
55
0
0
0
0
1
224
0
0
0
0
0
0
0
452
0
0
0
0
0
793
0
3
408
118
0
0
0
3
0
0
10
0
0
0
0
0
0
0
0
0
595
0
0
0
0
0
0
295
0
0
0
0
0
0
1
0
0
22
0
237
0
0
0
292
0
0
0
0
0
0
46
224
0
0
2
0
0
0
0
2
16
0
0
8
0
1
20
0
0
0
0
0
0
0
0
0
0
0
0
0
2979
66
123
0
45
0
1
61
3
0
19
5
28
732
11
0
0
0
2
1
0
0
0
4
0
0
0
15
299
7
0
296
0
735
77
203
0
0
0
0
0
14
4
2
412
8
9
157
7
69
0
0
229
124
122
840
0
0
0
178
1
0
5
12
0
0
21
0
42
132
0
153
0
6
0
78
0
0
0
0
171
0
1
0
883
0
40
0
0
6
3
0
150
0
161
92
405
0
27
0
0
0
0
0
321
22
123
22
60
0
30
0
38
0
0
287
9
1
0
68
0
114
5
1385
168
0
0
0
129
5
12
2
5
0
0
0
0
235
0
287
1
843
0
0
0
0
0
33
35
1
0
0
1
0
0
0
0
144
120
32
0
0
705
0
3
12
0
0
17
0
0
498
0
15
0
0
0
0
9
110
0
0
265
0
39
0
67
0
6
0
117
0
0
24
0
0
485
121
3
3
0
13
0
0
27
0
0
2
0
1
674
0
0
1
2
0
8
0
0
5
0
0
409
759
0
5
295
0
353
0
81
6
60
0
61
0
0
9
491
0
130
2
0
9
381
0
0
0
42
3
70
0
3
0
0
0
0
0
0
346
0
0
0
0
0
0
0
0
0
205
0
1
0
0
0
0
1
0
2737
13
476
0
0
0
0
40
62
0
309
13
0
0
13
0
0
71
0
3756
42
767
0
2
165
79
89
1
3
0
1849
0
281
329
312
0
187
4
46
942
523
0
0
0
1
1113
0
1917
0
0
0
0
7
115
13
0
0
0
0
166
5
29
33
32
161
326
0
708
0
6
0
240
98
5
0
202
106
1
505
0
25
69
0
3
0
103
0
3
0
0
0
509
0
0
7
1370
0
0
4
54
0
98
173
28
18
0
94
111
0
0
2
1
1
0
0
13
0
2
6
0
29
0
0
0
863
38
65
0
75
0
0
0
773
0
0
165
0
14
0
0
252
97
6
74
0
0
5
1
291
6
37
0
0
0
0
0
0
2
22
0
205
102
9
0
7
297
195
0
0
165
14
93
1
15
0
235
8
0
65
0
0
0
35
771
0
46
0
18
1186
57
32
10
37
0
4146
19
0
24
0
6
636
0
0
94
91
367
0
102
546
0
0
28
24
54
1
340
0
0
0
0
0
0
8
97
0
0
201
0
60
1
0
34
0
0
0
0
0
131
0
64
144
0
0
0
0
0
0
0
587
13
709
1052
421
15
0
9
19
0
27
0
0
0
1088
1085
0
354
0
0
0
1075
0
0
75
0
0
0
36
0
10
6
6
0
197
0
41
0
19
0
0
151
0
0
69
6
119
623
48
0
0
62
348
288
2
0
0
0
0
0
568
33
0
984
1
0
0
45
0
435
7
0
2
0
92
40
110
464
9
2
0
0
0
83
0
0
0
0
0
2
25
0
1112
0
45
191
0
0
0
0
68
258
0
0
0
0
34
0
4
424
0
0
0
0
16
2
49
0
65
0
0
0
99
24
0
0
1
0
1241
0
0
155
3
0
0
3
26
0
66
44
0
0
0
0
0
166
0
0
0
0
281
8
0
43
4
17
9
37
68
0
127
0
0
2
0
46
0
0
402
0
0
11
0
0
0
122
0
104
33
0
0
0
237
15
0
6
0
375
193
13
0
0
0
0
0
202
8
0
0
13
1
0
0
0
0
0
148
0
10
1
0
0
0
0
1238
0
52
0
0
0
25
0
0
0
0
1303
0
0
0
70
0
113
0
0
0
0
251
0
2
1
0
0
0
1
0
163
0
1
0
626
0
8
1
0
149
0
1408
0
0
0
0
1805
119
0
128
45
0
0
2
11
258
0
57
20
0
0
0
0
1
7
6
41
1110
189
57
0
0
9
0
9
0
0
214
965
0
99
0
0
0
3
0
7
257
0
0
62
2
278
50
43
0
0
221
373
10
50
0
679
0
25
0
0
0
0
0
2
240
600
72
38
8
0
0
2
2
182
80
3
2
2
536
2
0
31
0
0
160
28
0
318
24
0
576
7
0
30
1
0
0
0
0
1249
0
2
0
2
0
1
0
38
0
0
498
0
0
0
0
0
0
61
0
112
60
10
4
0
2
0
0
0
756
148
7
19
26
190
0
67
23
0
0
2
1
2
0
1
1
0
6
0
0
15
0
0
183
19
6
0
0
20
0
7
0
0
0
13
0
0
0
29
0
16
41
16
0
0
0
0
0
0
0
125
5
0
5
0
0
0
0
0
0
15
138
0
0
8
1
760
0
4
43
137
10
48
0
0
0
2
0
0
0
1
5
23
0
10
19
0
0
0
46
0
189
0
0
2
408
66
0
0
6
44
13
0
0
47
878
0
61
0
100
30
1692
182
603
0
2
369
29
1
628
0
0
15
52
0
7
52
0
0
122
0
0
0
8
0
0
23
0
0
0
0
18
0
0
0
0
0
99
168
74
11
0
0
4
167
0
110
235
0
0
0
0
5
0
0
94
0
53
0
0
58
32
325
7
0
0
0
4
0
60
20
2152
0
24
11
14
0
0
0
0
0
28
692
0
0
2
0
0
0
63
120
6
35
0
449
184
0
0
3
309
3447
0
355
1
0
40
275
39
0
12
15
0
1
11
40
0
0
15
0
0
3
0
3
265
183
369
1
0
168
0
3
0
31
0
0
83
0
0
0
2
92
34
0
8
0
0
7
434
0
4
0
3
3
0
391
0
0
250
503
1130
713
2
0
119
1
57
0
11
0
214
2
0
0
0
0
8
0
10
0
0
0
67
13
285
1
10
0
35
10
4
1066
4
1654
0
0
0
83
66
24
2
938
0
0
40
76
431
75
11
774
36
33
0
39
9
477
19
0
0
0
0
5
800
0
92
0
26
39
0
0
58
203
0
121
10
820
437
7
1
3
37
0
0
3
0
422
418
372
30
94
0
156
0
71
0
0
228
80
0
0
0
273
0
0
0
45
8
102
0
1144
0
0
5
1
12
82
0
275
55
27
12
428
155
111
14
18
0
277
0
0
0
212
0
0
60
4
0
1
122
0
0
5
0
0
0
53
1220
28
0
621
269
0
761
0
0
0
4
0
394
92
0
155
15
0
0
0
0
0
56
36
38
0
114
0
0
0
2
8
0
400
0
0
765
0
0
0
22
0
0
0
36
33
0
0
0
0
127
0
0
476
0
9
0
1
9
0
85
0
90
0
8
82
0
22
2
16
0
659
58
304
0
0
641
149
5
110
29
0
0
0
0
39
15
5
0
0
0
0
46
6
118
0
116
0
18
33
20
0
33
0
0
6
0
23
48
22
123
1071
726
43
126
0
4
0
58
0
269
0
0
2
0
1074
7
10
355
82
520
325
0
0
7
0
155
0
14
0
0
419
26
16
0
165
23
0
15
0
76
82
188
4
0
0
0
53
0
0
0
403
55
1
10
83
0
160
0
28
29
3
0
18
0
0
183
315
0
42
0
77
6
0
0
5
0
336
0
0
5
0
0
0
0
0
0
0
0
0
0
11
603
245
297
4
0
0
0
105
64
0
0
0
0
0
118
112
0
0
0
42
0
0
0
0
26
7
0
0
0
0
3
0
0
21
0
3
24
27
17
10
0
2
18
64
5
0
47
0
237
2
0
2
0
0
104
0
263
0
183
0
140
17
0
711
465
305
0
0
26
0
0
0
66
0
7
10
3
5
20
33
11
5
24
303
0
30
0
27
1090
2
0
0
34
13
24
66
28
87
28
14
17
0
4
20
0
449
0
0
0
24
0
2
16
0
0
100
19
147
1
12
0
0
0
48
76
8
221
0
0
504
0
595
0
0
17
708
0
0
25
0
0
0
61
0
0
303
3
0
0
0
0
23
0
0
0
0
0
2919
1
67
0
0
0
2
166
12
104
155
180
1368
167
0
47
0
390
67
0
405
0
107
0
68
0
151
0
106
2
0
0
0
0
1
0
3
4
121
0
0
1
0
165
29
11
292
0
0
0
252
3
0
0
0
31
0
111
1733
0
376
0
0
34
108
18
0
0
13
3
0
0
0
254
2
0
0
85
0
3
0
0
0
1
9
127
72
80
0
0
509
0
0
0
5
0
708
0
0
0
119
0
305
114
9
0
8
0
0
0
0
0
0
350
55
459
0
188
2
0
20
1139
13
32
0
0
22
0
8
0
0
0
0
397
0
3
57
0
0
0
0
0
3
1
5
144
4
0
65
0
818
0
0
0
0
413
0
134
45
0
0
7
0
0
0
651
0
0
0
0
0
0
0
0
0
33
0
0
0
3
0
202
2
0
114
0
28
27
0
65
0
1
0
0
0
29
0
0
0
0
0
0
0
6
20
1
440
0
3
789
0
0
0
82
0
0
1
520
24
189
0
2
57
0
0
0
0
3
0
15
61
5
8
0
0
0
0
0
0
0
8
0
1310
0
33
316
3
0
0
0
1
0
0
313
0
0
706
0
0
3
0
202
5
0
0
0
0
0
29
25
0
1
9
0
0
0
535
0
81
3
3
56
0
0
0
91
11
3
7
82
247
2
29
4
145
22
0
24
0
0
0
0
0
0
0
0
586
0
0
0
0
2
79
0
0
1
300
0
0
0
0
294
3
0
0
0
216
613
0
31
0
0
79
156
99
404
0
0
0
0
29
0
2
614
9
80
42
0
361
445
6
0
0
11
3
0
0
68
307
0
0
0
0
4
0
187
0
2
0
0
0
547
31
0
197
476
105
105
0
21
5
6
20
12
0
107
175
2
60
66
109
607
0
0
278
0
10
2
0
0
1
564
0
697
0
169
761
13
57
0
0
0
0
16
1
43
0
0
0
72
3476
0
619
225
1
0
17
0
95
0
0
0
0
0
0
520
1
0
0
0
0
0
40
0
9
62
0
1322
0
5
0
0
105
45
0
89
0
0
0
0
0
0
0
2
0
0
148
0
102
1
23
14
209
96
0
112
0
0
0
0
3
0
111
0
0
16
63
0
0
126
0
0
0
0
7
5
0
241
93
0
25
116
0
0
103
682
0
0
0
14
0
0
31
706
136
5
0
4
0
4
0
15
136
823
0
351
27
514
6
2
0
0
6
0
0
295
1302
0
0
0
0
0
243
552
48
2
5
0
0
18
335
0
7285
0
1
603
356
0
0
0
0
2
0
21
41
0
0
20
1
0
200
0
0
80
55
0
401
0
262
5
94
0
0
0
0
0
0
261
2183
0
436
0
299
14
156
603
0
0
0
0
88
266
0
56
316
2
0
12
18
358
300
0
0
0
55
0
0
0
4
0
0
0
31
0
0
7
0
5
4
0
2
1248
0
0
0
393
3
23
0
139
0
0
26
1305
0
0
0
325
121
0
0
1
3
0
38
327
1301
0
1
82
0
358
2
6499
1
5
365
0
0
0
0
3
1
0
4
0
160
0
531
290
0
39
5
40
0
109
0
148
808
3069
6
210
338
0
1
0
56
0
71
5
2
1
0
3
1
302
0
13
0
0
5
33
0
0
91
29
21
11
16
73
112
7
1
0
0
10
562
1
472
25
23
0
0
3
654
0
0
247
0
0
0
0
1475
0
75
0
0
113
0
0
0
0
135
0
21
0
279
0
0
30
0
23
3
0
13
137
3
0
241
233
0
0
11
28
130
6
0
3
0
93
0
42
0
0
1
21
0
0
514
68
0
9
703
13
119
396
211
0
0
1
0
0
0
0
506
233
0
0
0
2
24
315
9
0
9
4
1337
2
0
0
0
228
128
87
0
581
25
0
0
168
4
0
0
0
0
5
174
51
55
6
331
0
0
0
0
0
0
571
0
8
186
335
0
0
109
0
0
4
295
156
136
0
0
0
9
165
0
0
573
0
0
0
398
0
0
0
0
0
1035
1064
0
13
3
235
0
0
0
0
0
9
644
565
0
291
0
27
0
0
67
0
6
0
0
1
16
1
0
0
0
0
7
120
7
0
0
0
76
0
0
0
0
0
7
1184
73
0
0
189
0
243
131
13
1
71
24
0
1
0
0
187
26
0
16
238
612
0
0
1
0
0
0
0
0
0
0
14
0
73
0
1231
0
0
0
515
0
0
157
0
43
0
0
0
0
0
274
204
12
513
0
0
39
0
3
0
0
0
0
33
0
0
7
0
0
0
1052
59
9
75
0
0
0
17
0
166
54
0
7
485
3
0
0
202
0
0
0
5
0
972
7
0
320
1
0
0
2
0
1
2
0
0
18
2
0
0
0
0
0
0
0
0
0
0
0
192
0
0
10
0
4
9
0
0
3
106
8
14
0
494
0
5
1015
0
47
0
1
51
0
0
0
30
4
0
4
902
0
122
0
0
115
0
0
191
0
469
0
0
3
11
565
0
0
0
0
0
66
173
9
0
0
0
66
271
529
3
15
3
0
13
7
8
0
48
20
0
4
34
21
0
0
0
145
0
0
2
2
18
0
222
0
0
39
46
1251
36
32
115
0
0
108
1079
0
1
954
4
0
0
36
91
0
0
34
0
0
4
11
0
29
0
24
2
0
0
28
0
0
0
0
823
0
0
0
42
0
0
33
10
0
0
0
0
44
0
18
0
1
51
27
0
0
0
530
0
134
40
0
0
78
0
0
0
24
113
2
7
0
15
0
345
0
0
5
198
1107
0
0
96
0
90
0
0
0
0
626
0
0
0
0
63
36
11
61
25
2
495
0
0
0
280
132
19
0
33
29
0
25
0
0
118
0
0
0
45
340
0
0
0
104
2
876
0
0
300
0
0
0
0
2
0
0
9
11
7
640
0
29
4
0
516
9
0
0
125
0
0
0
0
562
0
608
803
157
133
2
0
84
2121
0
0
0
40
0
0
0
0
118
0
234
14
0
179
672
0
1
0
0
7
0
229
6
0
88
0
0
479
0
2
0
45
509
0
0
0
81
1
0
47
279
0
0
0
0
242
399
35
17
0
0
0
2
0
9
0
0
30
0
0
3
6
22
809
247
0
0
133
0
0
0
0
0
0
0
0
0
1192
10
179
0
2949
0
853
0
0
0
211
0
7
0
2
20
63
22
149
32
26
96
0
81
0
107
1
0
0
1
0
99
4
0
303
6
176
0
3
0
0
3
32
298
0
0
4
0
1
2257
0
136
76
109
66
89
6
7
0
137
30
0
188
0
0
0
0
66
0
0
5
0
45
0
0
0
23
15
0
12
0
362
0
0
0
4
0
0
0
0
568
0
0
0
56
0
16
60
0
4
3
114
0
0
0
283
0
0
0
397
52
42
41
0
6
360
0
0
369
0
0
0
238
0
0
10
41
0
0
0
0
0
192
36
634
53
0
0
0
0
287
0
30
0
374
120
0
440
4
297
72
28
35
136
0
0
48
295
0
748
0
27
0
115
0
1
0
0
711
0
0
0
45
0
1262
0
19
0
16
0
45
0
8
0
126
0
5
112
0
0
0
4
197
0
12
341
0
0
0
233
87
144
32
0
0
0
25
77
93
0
0
42
0
3
0
1
0
0
411
0
3
34
19
47
0
0
0
0
171
0
33
0
9
66
7
0
0
0
2
0
72
0
45
0
12
0
0
98
0
59
220
0
218
121
0
36
0
62
64
0
44
0
26
0
171
39
66
0
8
242
8
24
0
8
0
92
531
943
43
0
0
0
0
0
180
256
5
25
4
125
0
24
0
0
0
0
86
0
54
0
42
31
150
12
0
7
52
138
0
154
0
0
0
24
13
4
0
0
1
3
165
86
0
120
37
1563
2
282
0
5
8
0
0
0
0
13
0
0
0
0
0
5
89
3
0
0
21
7
112
0
93
25
496
34
2
1006
44
134
0
0
0
0
4
0
495
0
106
36
0
0
6
4
0
0
15
0
16
0
0
0
71
88
871
23
12
23
0
12
49
27
0
0
191
0
0
33
238
0
3
0
552
0
543
2
0
0
33
164
8
0
118
57
0
2
0
0
0
580
0
30
750
419
0
121
0
0
97
57
721
259
0
0
0
33
0
153
148
102
22
0
0
3
0
141
1066
1
4
43
21
0
0
0
0
130
0
656
763
304
0
0
411
0
619
0
0
5786
0
0
0
0
21
10
14
0
0
38
0
151
73
0
450
30
164
4
0
417
0
1
221
400
10
0
0
133
5
204
0
0
0
0
4
0
0
0
4
0
40
0
0
0
52
0
289
0
0
182
0
517
98
0
68
0
17
104
0
0
95
22
2070
0
0
0
466
322
7
0
54
24
0
919
48
103
2
0
0
0
5
161
11
6
10
0
0
0
20
0
2635
16
0
2
0
62
20
0
0
0
0
0
18
0
3
243
0
3
56
0
0
0
724
0
107
142
0
1
1
1
0
291
0
0
8
0
35
0
500
0
0
0
2401
45
73
0
0
0
66
42
62
0
4
0
23
4
0
346
33
825
0
0
0
343
10
0
125
205
0
147
0
1
0
0
0
36
94
12
3319
319
0
0
0
0
285
0
0
0
268
10
0
1138
17
0
6356
51
366
61
1
0
3
0
0
111
15
23
0
0
80
128
31
15
0
256
0
3
43
20
0
0
5
0
0
28
0
0
0
0
0
656
0
7
0
0
0
0
14
3
0
0
84
0
934
0
0
0
0
1040
4
2
0
25
0
36
0
180
360
0
0
0
0
0
0
0
0
0
0
0
0
0
0
0
0
0
0
19
0
0
0
0
354
0
1
3
0
0
21
6
1
4
0
118
35
0
588
0
0
0
0
0
0
1
0
0
0
185
0
0
0
0
0
0
63
118
0
0
0
0
0
24
4
14
0
31
150
72
0
2
0
511
4
0
20
84
0
0
19
25
0
1
155
31
14
0
0
0
843
144
0
1
135
0
49
0
120
42
0
0
109
14
972
85
0
57
0
0
0
10
0
454
0
0
0
0
0
0
0
0
0
235
15
113
0
0
1
0
0
0
16
343
0
3
55
474
0
0
152
0
0
0
343
0
0
0
116
5
0
0
0
0
319
0
0
3
0
629
0
0
0
1
0
1
10
0
0
4
2
0
0
0
0
56
0
938
4
0
484
20
1
78
0
142
243
10
69
0
0
9
0
1166
0
0
0
0
42
4
6
14
0
2
0
18
1
0
1
0
290
304
183
0
31
9
68
0
0
0
0
2
0
2
1593
0
9
24
0
4
0
0
0
0
44
0
0
248
33
311
148
0
65
3
0
0
49
0
610
0
0
256
0
0
0
0
0
0
0
0
252
0
0
0
0
0
968
0
6
0
0
502
0
2
4
17
0
0
36
0
4
0
99
61
1
0
2
324
0
0
9
0
292
57
242
0
33
13
5507
0
0
127
0
0
0
0
0
3
0
0
121
13
0
8
0
0
298
0
0
11
1289
0
156
52
56
0
0
125
18
0
20
7
193
331
0
46
0
1
0
2
0
0
4
11
273
0
0
0
0
0
0
0
150
12
268
0
0
0
19
22
814
0
35
0
0
0
0
5
0
2
0
0
808
171
0
0
0
0
9
0
58
246
0
391
0
0
0
20
3
7
24
0
3
0
0
169
0
96
42
0
136
38
0
668
0
0
8
0
88
4
204
0
69
18
0
0
0
7
0
0
0
0
10
0
0
1
0
63
1
76
791
0
367
0
539
0
386
0
0
4
7
24
336
0
219
73
23
0
4
52
0
1
0
0
30
55
86
11
7
0
1
0
3
2
5
2
0
67
0
0
495
0
1
3
2
0
0
0
0
0
28
3
33
4509
193
0
49
0
0
0
69
0
9
0
0
0
0
12
0
0
0
0
6
63
346
10
5
0
13
0
234
0
1
0
7
0
0
0
4
0
0
7
129
302
0
856
0
31
146
988
218
1
0
0
0
2
200
194
0
0
0
0
0
98
0
0
0
4
0
42
99
51
3852
0
0
28
125
404
0
0
2
0
109
3
95
0
822
0
0
70
0
0
0
3
0
218
0
398
20
198
0
296
2605
301
0
16
3
9
0
1
4
0
33
0
0
0
107
0
83
0
0
0
717
352
62
0
0
2
0
4
6
78
0
32
113
1
1
0
897
4
32
2
15
0
0
0
990
0
53
0
9
676
0
0
3337
6
152
11
294
0
0
4
0
0
2261
0
1466
0
0
0
800
0
0
0
229
0
62
1027
1
2
4
15
1443
0
0
0
71
0
0
5
0
0
0
63
0
0
36
35
29
8
0
0
136
293
4
0
0
0
6
0
0
178
2
3136
0
0
4
6
0
1
0
20
0
0
0
1208
0
844
0
0
450
0
0
0
10
20
79
0
0
28
0
263
0
6
0
70
2
186
1
350
0
0
0
0
0
0
0
41
0
0
125
0
17
0
1120
0
0
0
102
3
0
110
0
0
29
0
62
15
0
6
0
0
0
343
24
7
0
2
0
0
0
0
0
0
112
159
0
105
258
7
0
72
0
142
0
57
0
28
0
0
0
0
36
0
0
0
45
0
39
418
0
0
0
25
95
9
15
0
669
3
19
0
0
0
0
0
11
22
452
4
0
0
0
78
0
0
11
0
64
4
0
3
0
26
8
0
1263
33
0
106
103
0
0
40
72
0
2707
1070
41
99
48
607
64
0
0
32
2
38
462
0
78
0
0
0
13
0
0
0
0
0
3
77
0
0
0
0
3
0
2
0
0
0
0
180
2
21
0
49
0
0
0
0
0
0
0
0
0
350
0
1947
24
5
15
0
359
0
0
0
0
0
0
0
12
0
0
296
0
5
0
0
5
96
0
649
76
0
0
69
0
3
7
15
2
0
1
0
0
0
126
3
0
0
0
4
23
49
1
7
0
52
2
0
66
6
0
0
47
21
0
0
0
0
46
212
0
24
0
0
0
31
0
0
8
4
134
5
5
337
0
0
0
2
0
0
448
0
0
0
0
0
0
0
597
1305
0
43
0
0
47
280
0
0
0
0
61
235
0
237
486
0
0
1
1
0
102
0
0
0
8
0
0
102
0
20
0
726
0
0
0
2
313
0
0
3
2
0
2
0
369
41
0
0
47
0
107
0
0
527
2
1
119
15
170
102
0
0
97
0
0
3
95
7
3
7
0
21
14
97
0
0
0
0
0
0
0
0
0
128
0
0
9
74
0
0
53
0
256
70
23
0
0
0
0
6
0
602
0
181
2
38
0
0
234
0
0
0
0
354
0
32
7
105
3
1175
0
0
97
149
260
151
74
0
2
196
0
1003
0
64
12
79
0
0
50
163
0
2
316
1
258
0
0
0
0
0
0
11
0
130
0
3
0
11
0
11
0
0
429
0
0
119
0
340
68
0
589
1243
2
0
0
0
0
842
115
1
0
1
0
0
0
0
0
421
80
0
0
0
0
669
0
60
3
0
10
29
0
0
0
125
0
114
91
8
0
6
167
0
367
0
72
1910
2588
7
88
0
0
3
70
4
0
437
55
50
0
0
32
121
22
0
216
0
0
115
0
0
3
0
4
0
14
1
0
0
4
33
0
5
0
33
0
20
0
82
0
140
7
21
226
0
5
168
2
0
1
8
112
0
2
0
0
0
121
2
0
6
6
0
0
0
0
36
65
228
10
0
0
0
0
0
0
0
1224
0
0
10
0
574
0
0
6
27
0
0
3
0
121
0
15
0
4
0
2
26
6
1
3
579
71
0
2
0
0
0
0
19
106
36
0
1089
0
74
155
2
0
57
4
32
29
0
0
0
0
4
0
0
31
0
36
74
0
0
25
111
0
3
0
0
0
2
114
0
0
1
0
54
0
0
23
160
0
270
0
5
35
2
417
0
0
0
279
69
20
0
0
3
0
24
1
265
0
615
90
0
73
77
30
309
1
27
114
4
0
5
246
27
0
200
5
0
301
0
5
0
1895
5
4
0
17
0
0
0
0
237
18
0
0
250
0
0
0
44
609
0
0
0
0
245
0
0
15
0
0
2
0
3
0
123
0
6
278
0
0
641
0
0
193
0
911
1
178
14
0
0
18
7
183
247
0
84
88
0
0
311
78
1
0
1
0
0
0
421
67
0
0
1
23
521
63
15
1450
2
0
0
0
9
1433
2
103
171
3
24
226
16
707
91
0
0
82
184
0
0
2
0
0
0
0
118
566
146
1080
16
1165
219
373
0
97
0
1
0
0
0
346
0
10
0
301
15
0
0
0
65
62
0
1
8
97
1607
255
43
0
0
0
67
0
0
0
1
0
0
13
0
408
125
0
2
4
22
35
4
9
0
0
4
0
0
230
0
9
45
20
0
58
0
0
330
2
1355
0
0
51
33
1149
1
0
32
0
6
0
0
0
0
0
0
2
50
676
0
53
0
0
1
10
0
0
27
110
20
0
0
9
0
4
0
79
28
30
61
57
178
16
0
0
0
0
0
262
67
177
0
0
58
0
94
0
248
0
725
30
0
0
0
3
43
42
39
2
3138
26
3
0
2
0
0
17
469
0
0
0
0
20
253
0
0
24
4
647
0
839
820
14
88
315
52
0
59
17
79
0
443
838
147
8
360
0
0
0
283
4
1
1
0
336
314
1203
2549
0
177
6
551
0
0
0
0
0
0
0
31
0
0
0
2932
319
125
0
414
247
0
22
74
0
1064
0
0
0
0
0
16
38
26
3
0
449
0
101
0
32
0
0
412
1121
0
37
13
0
745
0
462
0
0
173
81
27
35
1
0
0
0
0
0
0
16
132
41
0
0
2
337
1275
0
4
0
38
14
93
2
926
0
0
172
7
0
0
0
0
0
381
0
0
0
13
120
0
0
0
826
0
149
167
140
104
0
0
161
0
0
2
54
0
93
0
9
0
1063
2199
12
241
0
21
0
317
91
150
0
160
0
0
0
0
56
1
0
0
0
0
2
0
69
25
119
49
91
187
17
9734
433
47
0
65
0
0
0
0
0
0
35
1
0
0
0
89
63
19
0
2
3
29
0
201
33
429
0
13
19
22
0
34
0
0
0
0
2
102
0
21
0
2
365
0
0
0
29
0
478
640
0
0
0
318
0
61
369
55
432
318
0
127
0
146
4
0
2
0
87
0
99
0
0
338
0
0
0
0
0
0
0
6
493
28
45
296
0
6
15
0
435
2
0
2
0
23
0
0
61
2
0
0
148
109
244
0
0
613
0
0
359
0
0
0
0
0
0
0
2
68
2
2
2
6
0
108
0
0
0
0
0
0
0
3
3
170
0
0
5
5
7
0
34
0
0
0
0
0
6
0
481
6
0
206
0
0
42
1
0
0
380
0
0
228
1
0
0
0
0
0
241
6
52
4
256
80
0
0
18
0
0
0
0
0
0
13
0
0
0
29
0
0
86
73
57
0
0
382
784
0
0
10
0
663
0
0
0
49
83
1126
0
0
42
0
0
8
16
6
23
0
0
0
0
0
194
2
0
556
0
230
0
407
0
10
104
2
46
635
0
837
14
0
0
0
305
0
0
194
0
19
0
0
4
0
872
1
0
1
0
4
0
0
40
0
0
508
0
0
0
0
0
0
4
101
85
37
0
0
26
2742
542
0
11
0
0
0
4
0
0
0
6
41
18
24
52
1952
0
0
0
665
0
13
0
0
0
0
461
276
6
10
0
152
0
0
9
150
0
0
0
0
3
125
0
0
3
0
0
4
0
3
0
0
667
15
77
0
0
0
0
8
0
0
0
12
3
0
0
0
54
0
0
162
0
0
2
0
0
0
0
0
0
0
0
0
2010
0
0
0
80
0
67
51
89
0
3
14013
0
0
0
166
3
0
0
0
0
2
0
0
2
0
170
0
0
0
21
0
0
0
0
0
4
0
0
0
0
85
0
0
0
19
2
2102
18
47
0
4
0
0
2
0
0
2308
560
240
92
15
0
0
89
0
180
31
307
437
28
428
354
289
0
225
62
1
16
0
0
8
0
0
289
0
0
0
0
30
26
419
3
352
18
162
0
0
0
0
35
31
4
0
0
6
41
6
31
9
84
0
11
50
32
0
0
0
0
0
0
4
0
0
0
0
0
0
0
92
40
0
0
0
1343
1
0
4
2405
270
0
303
0
0
0
0
16
306
0
0
779
7
0
448
0
0
89
26
0
4
0
0
0
281
0
0
0
0
0
0
412
130
0
0
0
2
0
13
0
0
0
49
5
0
0
45
0
0
0
0
487
0
0
373
4
0
0
158
0
0
123
0
0
46
0
0
0
0
105
0
0
0
47
7
0
3
5
0
0
29
3
0
0
0
5
45
0
34
0
0
0
0
806
0
894
0
0
11
0
0
0
0
0
173
442
0
0
0
29
0
215
0
0
0
101
102
3
0
0
299
0
0
206
38
0
0
7
0
0
1641
0
0
0
1002
0
0
0
36
0
82
1264
0
3
0
6
0
0
0
0
0
0
0
124
85
0
0
1
0
0
0
0
0
0
0
567
0
73
0
26
0
0
0
0
0
0
0
0
0
0
0
0
3
0
0
0
0
0
2
278
0
91
0
0
0
82
0
0
0
909
1
2224
0
693
0
0
0
0
0
27
0
1
0
0
0
0
0
0
15
0
0
0
0
961
12
0
0
217
0
0
0
0
0
0
0
9
0
0
61
0
288
41
0
0
0
2
0
31
0
2
2
63
0
0
0
0
0
0
0
0
0
0
0
0
0
0
0
5
0
22
240
36
0
0
0
0
11
0
0
0
808
0
0
0
23
19
0
9
0
10
0
0
0
53
0
0
0
0
0
836
176
0
216
0
0
0
0
0
0
0
0
45
451
13
114
0
2
2
689
848
0
5
192
0
0
0
0
0
0
1159
0
0
0
0
6
1038
0
440
6
0
31
0
620
1
0
0
0
0
299
0
0
0
0
0
0
19
0
0
0
415
108
0
0
0
1327
0
7
211
0
1240
0
0
4
0
0
0
0
56
0
0
0
0
3
0
1
0
0
96
0
109
0
28
707
0
950
0
18
0
0
0
30
0
0
6462
0
0
0
0
0
0
0
0
1
52
0
0
8
0
0
489
0
377
0
0
15
0
442
149
0
520
0
0
619
0
14
0
0
0
0
1216
0
0
0
0
0
0
1595
42
0
20
2
0
2
0
0
0
99
3
75
0
9
6
0
245
11
2
214
0
0
0
0
4
0
0
0
24
260
2
0
0
0
0
0
0
0
0
0
125
0
4
0
0
328
0
0
0
8
1
150
0
0
0
0
0
0
0
0
0
0
0
0
0
10
506
3616
181
2
0
0
0
287
0
0
1
0
0
0
0
0
0
79
0
249
28
0
0
93
2
0
0
0
1407
0
0
158
0
0
6
118
0
4
84
0
6
0
14
742
346
25
6
0
33
0
66
0
31
0
19
0
99
0
611
0
0
373
9
411
227
36
0
0
0
239
9
0
241
35
0
362
3
0
0
27
0
572
0
0
0
0
0
982
1575
626
10
0
0
0
0
0
687
228
198
2
283
2
0
2
9
91
0
0
64
0
15
35
27
0
6
72
18
0
0
4
111
15
97
756
65
127
123
0
0
0
221
0
145
0
0
44
0
26
1
0
95
3
0
7
1
0
28
0
42
1570
0
0
1858
3
0
78
2379
1
12
67
1
0
1
19
11
0
0
0
0
2
0
9
48
31
10139
381
1
723
0
136
907
27
0
35
0
0
0
13
0
76
31
88
16
0
0
47
239
478
3
0
758
1
23
0
42
0
66
167
127
11
0
68
0
203
0
0
0
0
90
0
39
23
279
45
0
8
303
12
205
362
71
0
0
105
816
5841
0
0
8434
72
505
1
0
0
0
217
289
0
71
20
351
0
0
0
480
0
228
0
5
2077
5
128
2203
0
0
5
1127
0
24
83
187
97
274
488
0
0
259
105
12
0
205
12
0
123
782
0
7
12
209
0
0
0
0
0
0
3
0
0
3
454
24
626
106
269
785
7
14
112
0
54
0
802
0
196
5
200
0
5
0
89
0
1500
686
3376
0
0
145
122
0
123
157
0
0
1
48
0
1153
5
74
0
96
540
11
0
0
7
204
0
0
6
150
0
149
0
1
9
4
24
27
4
269
4
704
31
0
133
31
0
983
0
834
0
165
0
0
0
14
253
226
9
0
1
906
0
657
0
0
334
443
36
0
0
185
139
0
216
0
11
0
155
62
0
0
3647
0
0
460
12
103
54
288
0
11
28
9
15
177
0
54
91
0
127
949
142
88
3
635
57
1
735
9
0
115
0
10
30
21
5
0
154
86
794
30
6
0
0
0
615
149
350
197
702
0
35
0
0
0
56
344
68
0
6
52
61
0
13
20
213
788
0
7
273
0
229
24
51
16
0
0
20
41
369
0
0
137
3
2
247
36
0
77
0
131
40
13
0
0
48
27
437
0
0
0
0
6
7
16
354
27
0
0
21
2
0
0
165
2334
11
0
0
0
79
876
60
182
2227
298
28
3
0
34
26
0
277
17
175
112
46
32
7
0
20
470
38
0
42
13
3
331
0
8467
4
73
38
0
0
80
11
0
0
61
0
18
101
21
0
294
0
0
20
0
14
314
0
0
56
473
0
0
29
56
0
0
377
791
0
2
28
0
0
0
1035
7
14
0
13
0
0
0
125
21
250
0
56
0
1
22
3452
0
0
2
5
724
18
0
0
0
5
141
0
124
142
0
0
924
854
3
0
13
13
0
4
38
0
1633
54
491
1027
0
0
0
944
0
0
0
14
18
0
175
0
6
140
0
0
10
235
172
141
365
111
0
0
0
5
126
0
0
353
62
0
180
0
0
0
470
482
861
389
9
259
22
9
880
0
0
0
48
2
206
255
134
37
559
11
0
308
0
0
67
0
1268
0
5
89
285
66
310
15
0
4172
1
0
0
45
0
0
1496
0
155
463
434
0
150
0
104
11
1
73
23
151
6302
0
2
0
875
0
206
26
198
0
34
93
9
125
4
1
0
0
0
1106
0
140
0
0
0
0
80
201
515
0
5
0
0
0
0
0
0
0
845
740
2
0
31
0
0
146
0
1
5
0
1
0
97
19
590
196
0
15
0
31
164
296
12
1
0
86
0
0
1
10
2822
11
0
0
276
1
0
462
0
84
0
2587
295
0
25
0
0
389
0
0
0
31
70
103
0
0
275
190
25
0
153
209
0
0
0
3810
12
4
74
318
15
61
3
115
0
126
1
0
0
0
118
117
0
459
187
0
5
0
0
0
298
574
0
87
0
0
205
203
31
0
155
4
137
134
102
0
9
18
0
11
9
7
0
3
2660
60
14
0
0
0
0
1206
142
229
151
0
0
61
29
9
157
2
2
0
2
0
0
0
653
0
0
48
29
68
103
844
5
0
331
2
2009
2
224
0
89
0
92
25
202
0
149
27
172
10
6
0
1390
244
30
0
1044
490
0
361
0
18
2
0
2
1
544
81
0
451
0
0
111
2
1
0
815
68
0
3
0
86
491
76
0
0
0
38
1
0
11
174
7
0
0
12
1
90
0
0
0
401
8
2
0
1429
0
34
2
24
0
0
19
549
0
0
454
0
2
0
0
0
22
6
3
2
70
0
0
26
0
0
4
0
0
3
93
43
873
0
4
5
16
13
0
2
0
0
0
4
4
0
19
12
0
0
0
0
3
0
1
34
0
11
35
0
0
82
0
0
1
0
29
0
0
2
7
26
19
0
0
4
0
4
1711
0
0
0
0
35
26
54
3
0
0
139
144
0
1232
192
3
131
5
86
0
214
2
26
114
3165
20
0
0
70
0
0
966
9
202
0
1
62
0
80
337
0
441
9
161
4
0
109
121
31
0
0
52
1692
6
6
70
24
0
1276
9
654
2641
0
0
166
41
0
13
37
446
29
12
63
714
11
132
48
0
204
315
262
6
0
0
624
5
3
0
0
4
4
0
0
8
0
35
102
25
329
17
57
0
0
105
55
89
0
0
11
711
7
165
0
44
17
0
7
452
0
94
2
0
0
1
1039
0
0
807
0
0
30
0
0
61
21
1640
0
666
6
147
329
40
0
0
0
2
0
1612
0
0
5
0
773
0
0
1046
378
1
0
104
8
15
268
50
7
38
200
0
4
468
11
0
0
0
0
0
16
162
0
136
147
0
0
312
2479
39
2480
0
23
0
718
5
133
1
4
14
29
9
2
0
0
0
42
0
38
29
173
0
529
97
379
1039
200
645
1
0
1643
0
0
3
6
277
402
0
0
0
0
0
0
0
0
0
0
0
0
2
10
51
77
141
86
0
4
1
110
0
0
0
0
3
0
33
0
117
0
15
0
6
0
0
22
316
22
0
0
3
0
1519
193
0
0
0
0
134
0
5
0
644
0
3
96
474
0
1026
27
0
12
0
91
0
19
0
0
0
0
15
65
38
0
0
43
8
0
230
0
37
0
0
4
9
503
11
0
16
0
0
52
0
181
104
551
0
1
0
63
565
0
9
0
0
0
0
105
0
7
211
0
0
1
0
0
187
0
1
212
188
61
0
77
152
234
2
0
12
607
23
226
0
0
0
0
4
79
124
583
0
6
0
0
20
0
0
0
0
0
0
1
0
304
42
0
7
53
262
0
13
11
0
6
0
142
0
220
0
139
108
0
6
6
0
0
0
0
34
0
0
30
69
77
0
0
29
262
3
24
0
69
4
0
0
0
0
0
0
56
0
3
5
0
5
0
44
0
6
8
0
0
76
0
22
0
14
10
177
16
0
481
4
3
46
5
8
0
10
0
1
0
2
3
24
0
15
73
0
0
0
42
191
76
307
0
0
37
0
45
0
1773
0
116
132
978
0
0
1730
476
0
4
0
552
1
0
1
41
0
0
0
25
0
209
0
4
501
67
652
0
7
4407
120
0
19
0
28
47
0
5
688
0
1063
0
0
373
0
37
0
1
484
0
0
125
0
260
5
1
23
150
12
7
0
0
457
135
0
0
215
9
213
1
83
29
320
11
3
0
0
0
0
0
351
0
1
379
488
0
4
687
1
0
3
4
0
0
0
475
1
398
22
241
908
8
191
0
181
0
33
884
0
0
22
50
2
0
178
1
60
7
1
1
895
0
4365
0
770
73
6
698
0
0
254
0
291
1092
0
15
184
433
109
65
2
1
0
48
273
0
9
0
11
280
9
0
0
0
7
561
0
62
1348
59
572
69
9
1092
49
15
6
151
963
0
0
585
520
110
0
724
276
77
0
0
1
1
1251
1621
358
11
263
0
65
15
0
0
615
0
37
0
332
59
0
46
8
30
462
161
68
148
0
2
158
7
1
0
0
233
0
63
421
25
3
0
0
27
364
0
37
0
0
647
0
576
31
6
0
0
1123
0
254
537
14
0
53
774
152
449
84
8
9
0
848
0
1341
19
0
0
0
0
1328
0
1258
103
2589
59
489
310
190
3
302
1
0
6
0
11
144
182
162
0
7
44
15
577
0
0
534
36
0
0
83
179
102
184
0
0
12
2761
0
3
28
14
15
0
325
271
3
61
115
0
125
35
0
0
2
60
294
0
3
0
0
120
0
12
10
59
0
427
0
8
0
0
0
0
21
0
138
3
7
0
73
0
39
0
1
106
10
16
73
20
777
0
6
0
0
143
196
47
707
22
0
0
203
2
26
0
391
243
4
0
219
75
0
196
99
342
0
181
1
0
0
0
1
7
204
887
36
6
4
249
444
0
109
0
28
10
348
301
645
498
1580
0
331
272
2
2
0
86
71
0
237
0
100
245
107
0
123
0
145
622
1254
508
0
978
1433
0
2
0
0
309
0
0
0
156
13
0
0
0
0
0
6
4
0
68
2679
131
84
14
32
1592
0
2133
0
2
224
0
4
1
0
0
458
15
9
406
2413
0
46
5
0
262
329
2
0
11
0
0
27
0
72
0
80
14
316
25
0
7
677
148
0
0
193
9
0
0
0
0
97
0
4
0
0
0
748
917
42
231
54
0
15
0
0
36
38
574
30
363
268
0
113
55
30
45
0
68
0
0
0
48
0
367
36
17
27
51
27
79
0
0
0
0
0
0
39
95
972
0
0
0
0
5
0
0
0
42
18
69
0
752
6
179
113
0
5
102
1939
36
119
47
0
0
2
0
51
37
15
0
1241
0
1147
232
4
3
244
56
154
14
4
4
177
26
212
638
0
2
0
716
0
0
0
0
110
0
15
144
0
0
15
2
260
46
0
710
0
4093
0
84
450
11
0
739
5
0
0
201
0
0
0
0
196
0
519
79
0
201
16
2
44
856
261
55
0
0
2
56
0
0
0
27
369
7
3
2
11
58
0
0
166
137
4
0
39
0
32
0
2
2
1
1360
3
25
0
0
9
21
0
64
0
640
0
0
215
12
277
0
2
0
232
2
56
0
40
99
5
1645
67
4
5
0
0
0
0
0
135
311
43
0
40
0
0
13
237
0
11
37
4
0
13
0
139
644
2800
54
251
3
4
13
0
99
0
4
5
2494
0
66
208
0
2567
0
0
6
100
0
195
49
0
41
0
5
130
7
0
7
4
49
0
0
1
44
0
0
0
0
470
316
10
579
246
0
734
0
0
0
61
238
0
8
146
0
62
11
76
164
297
1426
0
0
6
0
24
1228
278
16
207
1505
54
92
0
2151
267
10
0
0
785
93
1284
0
0
1
1
83
0
1352
23
160
348
0
23
421
73
0
7
154
1415
0
6
24
14
0
9
399
0
6
0
4
0
600
90
0
0
168
14
3
0
0
0
99
2
4
244
148
63
0
942
2
0
88
92
4
4
0
10
0
1187
0
1045
0
86
0
397
61
268
1
22
0
0
0
1
0
0
0
0
13
52
5
1611
0
77
0
19
174
88
0
19
7
251
43
29
92
0
0
0
182
648
0
0
76
0
1
0
1
0
1112
0
113
1008
1
28
61
493
0
0
0
0
307
11
20
0
16
0
0
0
0
0
16
125
162
61
1
23
34
0
2
0
6
69
0
0
4
96
134
79
0
0
113
0
0
0
50
0
1
33
19
31
134
0
7
0
404
0
0
0
0
1
80
22
0
0
368
47
268
10
464
5
22
25
9
53
432
0
0
0
0
355
70
25
78
419
0
63
262
0
1
0
0
201
1
17
25
2
0
523
0
50
3
10
8
92
158
4
1018
0
392
4
0
3004
16
320
0
588
0
0
968
220
20
0
29
192
5
58
13
0
164
122
3128
40
0
0
0
0
8
1036
3523
44
69
3
726
0
426
214
0
0
812
0
52
19
10
539
104
421
76
279
5
9
50
815
46
0
0
0
0
1
272
0
34
38
0
23
0
229
53
323
263
22
56
3
200
1
235
3810
117
2
643
101
57
20
0
60
5
516
11
1
7
9
0
0
0
303
3
14
0
2
115
9
0
0
11
4
199
0
16
1
413
0
393
0
334
0
0
7
33
4
2
1
527
5490
76
141
33
811
0
685
14
295
1672
9
126
0
28
86
67
0
56
0
41
0
1
17
52
830
12
11
0
0
0
353
45
114
3
70
1402
974
21
0
1
0
50
222
0
154
0
304
252
150
38
581
38
55
0
0
666
3
0
0
2
35
0
0
0
113
0
0
8
837
0
0
0
410
710
285
30
360
52
1428
0
121
4
0
7
85
14
11
0
22
367
13
0
0
388
0
1215
2
52
0
0
2946
0
0
33
12
0
8
0
137
255
119
0
35
0
0
72
129
0
2361
2629
1
533
117
0
0
0
153
360
48
0
0
0
99
3
1936
19
196
90
6
130
0
611
23
35
220
2
5
0
11
1479
5
21
0
0
34
2524
68
21
263
0
0
0
0
1
0
106
363
0
55
50
0
3
0
7
435
0
18
69
94
393
0
0
3
4
16
1176
129
0
117
62
1
43
0
0
0
703
125
10
414
2
1003
24
3
463
266
0
0
8
523
0
178
0
3
0
0
404
1
6
35
0
0
0
0
9
13
120
50
485
0
0
0
121
0
0
2
302
0
0
0
0
0
0
412
0
0
0
0
15
0
0
0
0
1316
4
34
0
45
0
0
0
808
0
7
853
0
0
0
403
46
783
18
0
0
68
185
49
0
116
531
1
0
0
85
0
0
13
0
3537
0
27
117
62
0
0
0
11
12
139
20
72
398
924
0
0
565
422
0
0
0
41
326
0
213
1
88
236
7
61
9
0
22
11
16
0
213
0
0
0
0
116
111
40
243
0
232
1132
27
0
248
0
159
0
430
64
383
0
0
84
949
0
88
9
0
0
377
0
0
0
32
383
5
0
84
135
550
24
39
3
252
0
18
665
253
0
0
0
232
154
945
128
0
37
0
14
0
0
15
1
6
0
0
0
227
27
0
0
0
864
61
0
26
4
0
0
707
17
0
0
0
311
1342
63
1713
0
0
0
0
0
358
0
0
90
4
312
0
0
29
0
0
0
314
397
0
0
1121
0
13
1
1
11
0
11
3
0
15
4
7
26
102
1
117
101
0
28
0
0
6
248
0
305
750
0
125
8
72
7
19
0
132
0
83
37
7
246
18
0
51
0
2
61
134
3
0
196
0
0
0
162
0
6
0
1395
224
35
478
0
0
0
17
305
110
29
142
0
0
0
6
0
0
244
742
0
893
15
137
6
28
0
0
190
256
2
0
4
104
10
19
0
59
325
118
7
374
160
0
0
6
11
190
798
585
2
11
542
0
693
0
0
0
10
266
18
567
0
0
0
0
0
0
67
0
0
0
268
0
0
0
87
1
4
147
0
0
0
2266
0
47
277
0
265
0
13
0
0
104
0
11
5
98
109
545
0
323
0
141
0
5
0
0
1
0
50
0
1
0
46
0
0
0
16
0
444
150
2063
0
28
9
131
6
1405
0
37
0
0
0
247
1
165
0
0
286
0
63
2
0
0
0
466
220
129
58
97
49
0
0
2
0
39
0
10
108
172
37
0
5
4
7
124
132
24
562
7
229
0
45
99
0
1261
0
243
0
0
724
0
185
70
583
0
14
0
35
17
2506
86
6
23
0
0
0
0
0
70
351
174
5
594
248
187
0
406
130
63
83
0
13457
28
45
9
324
438
206
3668
0
333
27
19
47
48
0
378
7
0
401
70
0
357
73
8
301
0
0
14
1153
0
57
60
26
105
19
0
2
0
1
0
0
142
36
154
1
843
0
0
3
0
68
546
22
38
2682
1
6953
1
0
77
0
0
4
7
0
0
0
327
274
27
0
28
404
876
0
38
146
354
0
301
0
0
2677
16
0
0
0
0
9
0
0
205
0
0
73
2138
21
443
64
0
710
867
1515
139
116
0
130
528
0
0
8
46
1201
0
0
663
40
0
9
2
0
0
150
22
911
0
5
79
0
10
3
2739
187
2
0
0
3
334
10
1
0
53
0
0
0
46
113
1538
62
272
463
0
0
0
286
0
0
0
7
1
282
4
0
420
279
81
0
515
786
109
97
33
4759
4
0
0
0
2112
0
0
0
10
0
0
0
0
16
118
15
0
6
0
569
4
0
160
1168
0
984
21
22
2
0
0
9
70
16
8
0
16
0
0
31
0
1
0
167
364
42
0
158
522
0
0
275
62
0
136
408
10
0
39
0
0
0
0
272
881
0
0
5
322
27
0
514
0
3358
55
0
0
502
1
4
75
52
0
169
53
118
1676
187
0
0
59
0
1
0
0
109
5
0
217
0
10
2
202
0
84
0
0
22
0
39
22
98
49
0
0
163
0
92
0
1
0
3
3478
19
1
12
41
0
171
0
0
139
20
49
157
595
0
0
64
43
71
266
0
155
42
0
14
926
149
121
35
2
7
0
0
0
0
22
6
121
7
19
0
0
54
156
556
41
0
0
153
250
224
2
288
1
38
1
0
129
0
0
13
0
0
0
33
31
0
117
37
0
0
0
0
0
399
0
210
5
0
0
104
17
355
23
1574
62
186
0
6
162
4
0
5
1
1
73
0
27
9
0
0
4
37
697
0
0
0
0
715
0
0
101
0
367
218
0
706
0
19
2069
0
211
8
0
0
18
0
12
9
24
0
7
9
194
1232
205
125
852
0
69
144
471
15
1048
139
6
11
242
713
40
2758
16
58
32
0
0
0
55
281
457
1
418
417
0
4
0
392
0
0
0
24
13
1855
33
0
0
34
640
134
4
6
0
4
1
149
0
890
399
40
25
262
0
112
0
7
0
2
1030
738
1449
0
564
0
152
140
207
0
0
7
0
1
0
824
0
134
160
0
11
2428
100
132
60
287
23
1
28
32
2763
1
1
0
98
0
182
1326
113
0
120
5
427
3
18
0
598
388
11
0
1
152
413
0
0
0
35
39
0
0
27
0
0
0
0
0
283
0
2350
0
0
38
2667
0
39
3
4
29
0
121
0
5
8
680
9
0
371
173
164
115
0
6037
227
32
6
0
0
68
0
0
209
0
0
0
126
64
0
542
0
8
9
2
0
87
0
928
20
84
703
183
652
0
231
2
162
0
704
14
543
0
0
0
0
9
526
15
0
5
715
28
275
0
477
203
239
92
48
14
0
23
0
15
0
0
0
184
0
0
519
0
9
110
810
37
0
0
18
23
0
0
0
103
618
27
0
700
189
143
0
0
0
123
0
1
89
322
11
0
0
269
0
15
42
0
4
122
42
3
11
52
0
478
0
156
7
0
2
0
0
99
0
36
0
98
191
0
0
546
0
246
0
176
11
0
39
14
112
193
402
0
0
2
113
0
0
79
1
449
207
4586
0
24
16
79
219
39
0
1
0
84
30
0
0
0
0
0
2
0
0
355
43
0
7874
1666
4
0
0
0
602
0
133
0
1049
121
0
11
1710
438
0
0
24
400
10
0
0
57
18
2
244
2324
0
979
0
0
495
789
161
35
0
0
0
771
1693
0
139
0
252
0
0
0
3167
619
0
2
0
1302
121
15
259
0
0
0
0
6
95
723
2
230
0
0
0
0
4
0
30
35
0
53
4
73
0
0
86
36
12
0
324
0
37
0
79
0
13
1547
1
0
1
110
34
2
315
2921
4
158
35
16
388
47
0
0
71
1
6
619
0
31
7
0
0
3
98
169
388
0
0
172
327
180
57
0
138
67
483
5
4
194
55
25
0
35
22
136
218
0
174
5
22
5812
531
144
0
161
3
389
136
0
0
182
306
31
49
29
25
0
8
0
0
0
8
1
16
820
184
85
0
0
8
0
112
29
2010
0
3
1
0
0
0
91
1775
0
37
18
0
98
0
0
380
245
0
3
1
0
36
346
61
63
20
117
4
0
86
0
0
31
0
16
134
30
3
0
623
4
0
2
0
613
0
26
225
0
0
136
27
197
0
15
4
77
0
60
2
0
0
0
464
0
0
208
85
38
5
590
0
41
0
236
51
15
9
7
11
0
1263
38
0
6
4
0
41
0
0
439
12
77
228
0
3556
39
15
340
5
6
0
0
146
38
94
2
70
0
0
133
706
3
123
24
14
261
43
0
1
119
0
0
0
303
1586
0
41
233
186
313
0
0
0
0
70
7
2362
0
66
0
8
529
80
30
284
4
56
0
67
0
0
14
3
0
0
222
156
1
15
2021
1
0
0
0
54
300
7
0
338
0
12
33
363
467
0
172
0
27
448
48
246
0
0
10
112
0
0
0
282
8
410
621
0
29
0
0
44
8
118
0
0
258
104
155
0
0
113
49
1066
4
1
162
0
5
1
0
354
15
294
8
0
0
0
38
3
770
568
0
9
66
134
304
88
0
0
16
107
2
46
5
941
17
250
0
135
5
0
0
8
0
634
218
26
11
41
0
0
344
0
0
83
0
0
0
17
0
143
0
0
15
0
0
1656
413
16
752
1
0
0
1070
0
5
0
109
0
0
23
0
42
0
305
767
3
0
2188
0
0
4
76
331
0
183
42
0
0
0
0
718
61
22
2
0
29
0
0
0
5
0
116
19
0
0
0
0
0
0
3453
0
10
5
320
0
42
0
0
1169
136
170
6378
117
0
417
0
6
18
44
81
0
452
0
567
0
0
362
0
164
0
0
12
528
67
0
0
41
280
780
436
26
0
0
242
0
0
0
52
7
11
0
9
0
6
68
21
319
134
0
0
0
25
150
42
2255
0
28
0
36
0
1183
93
85
53
1169
0
220
22
0
141
385
2
0
20
91
42
66
0
0
0
0
60
514
18
27
28
17
849
9
4
319
52
356
27
0
745
0
30
1
36
631
9
38
2
459
0
29
7935
4
3
0
175
0
147
250
0
120
249
1047
742
0
0
93
0
8
9
334
40
22
0
38
303
10
0
23
1
0
0
0
1
0
5507
0
0
0
882
0
54
0
55
1465
0
0
8
4
8
0
0
16
82
129
503
0
0
120
264
129
567
301
67
0
113
0
85
774
0
244
0
38
972
0
76
40
0
0
449
16
452
136
3
0
47
0
13
0
0
0
511
0
0
220
196
0
8
0
145
0
158
15
126
3
0
770
0
445
0
1255
281
0
20
625
0
100
28
10
0
425
0
64
183
1049
0
0
0
1
19
325
0
12
0
668
0
0
0
0
453
0
2158
0
11
91
0
0
0
149
0
54
0
181
0
4
118
0
35
0
10620
1
14
8
0
0
0
109
0
0
0
59
0
0
0
2
594
0
557
60
115
0
0
259
65
0
3
0
0
10
0
299
96
9
0
325
2
0
326
0
544
0
0
186
0
0
57
204
0
322
6
4
0
0
0
0
0
275
0
11
0
0
330
18
0
1224
0
0
0
21
46
0
0
0
378
0
2
0
36
9
0
0
27
380
0
50
88
0
104
0
0
799
4101
0
0
0
0
280
0
252
9
32
0
0
7
0
459
20
21
0
0
294
0
7
153
75
36
0
0
21
0
6
175
12
0
181
1396
0
219
0
0
5
80
0
7
0
8
102
16
263
0
43
0
0
0
8
730
0
182
0
0
0
113
0
0
59
28
0
431
44
0
20
0
0
52
10
0
91
117
0
0
10
5
4
5
124
0
0
2
62
0
1029
0
30
0
198
0
88
32
520
1
1
40
0
768
23
8
58
0
0
13
9
1066
0
0
29
0
20
204
51
408
95
0
0
282
0
40
0
884
1333
3372
0
18
12
353
163
0
4
0
158
18
75
5
129
108
1482
207
409
149
1258
510
0
0
15
3
98
155
0
170
0
17
22
0
4742
0
12
2
20
95
0
3
436
0
69
3
16
0
0
0
335
0
26
0
0
0
5
30
12
0
490
17
101
0
414
3
0
1
7
94
0
0
0
20
125
0
478
222
0
44
1933
17
51
1
0
0
0
544
10
0
0
42
10
6
0
0
88
1047
326
0
0
0
0
194
0
7
0
0
2
0
20
22
1
3
0
398
19
0
1
9
574
1025
347
782
0
12
154
0
0
0
135
977
249
24
2
115
0
0
16
153
0
0
0
0
2
0
0
0
0
0
0
0
8183
0
75
63
11
55
13
637
604
654
0
0
0
511
0
40
117
0
0
0
62
266
24
0
0
126
0
497
241
11
1
22
0
0
120
11
0
16
0
17
13
0
11
1437
106
13
235
36
36
310
1438
5
29
0
0
11
0
358
52
908
1816
0
2
13
33
269
0
13
0
105
121
23
259
13
307
0
0
132
0
1963
10
0
0
2
6
0
22
0
64
65
0
73
0
343
454
57
391
0
51
16
89
87
4009
616
0
0
348
9
68
0
1632
0
0
2482
0
0
6
0
0
8
0
0
490
0
0
661
0
0
0
29
0
0
26
0
0
301
0
144
128
11
0
0
895
32
4893
16
82
0
259
704
0
0
153
58
14
38
0
0
110
0
107
0
0
339
3848
20
68
150
1144
0
4
3583
0
0
1098
752
1
329
51
2706
8
0
0
406
8
175
5
0
697
0
49
0
0
0
4626
996
14
5
162
2
343
2035
64
0
3277
0
0
13
0
124
4
2
718
0
0
34
430
268
0
727
12
439
20
20
5
0
93
0
648
236
233
0
0
12
0
892
7
0
1274
562
0
0
58
16
152
0
827
173
189
243
0
0
1780
442
120
114
3
0
340
432
426
0
0
194
105
0
4
0
0
133
0
15
2
1122
230
0
0
2
8
17
604
49
0
203
14
0
48
197
3
58
767
0
0
70
80
81
0
93
0
360
24
44
0
156
0
0
0
16
297
0
1038
150
0
3
262
132
94
147
30
29
0
220
0
53
38
0
9
0
0
0
0
0
0
2785
916
45
4
0
0
1
2277
85
82
36
39
6
876
0
0
3
0
387
152
287
23
0
145
347
200
0
55
46
0
10
0
0
0
0
48
995
212
0
27
188
11
102
1
0
3
3
54
3034
0
0
0
26
82
0
86
0
5
38
13
0
375
3534
1209
0
339
0
13
0
5
1
0
0
846
24
827
237
540
0
325
0
871
1
787
4
20
56
25
39
381
759
781
970
2
610
0
23
0
59
185
45
425
35
197
15
70
10
0
53
23
54
155
60
0
352
102
0
1166
51
19
803
48
623
213
1196
51
831
31
0
0
0
7
8
37
1196
0
34
621
0
290
0
0
57
377
377
0
0
0
0
3
0
32
98
1969
0
2
396
775
0
969
99
0
275
2753
109
37
246
7
0
751
0
2936
124
51
133
70
0
0
0
0
15
0
0
3
19
0
0
0
81
0
45
0
0
9
165
0
0
0
9
0
49
0
0
703
1
0
2
511
13
0
0
108
670
0
189
0
649
158
65
59
940
327
3
65
0
0
0
60
300
14
6
3
0
8
2
0
3
0
0
84
294
20
0
3308
0
1
0
67
12
175
0
0
210
0
239
151
64
0
0
0
986
57
0
12
0
0
153
367
0
3
175
0
396
1
254
0
1396
1415
1
0
19
511
0
32
101
0
202
286
16
509
94
0
0
3
0
98
187
483
0
19
0
5
96
0
2916
46
0
0
56
3
0
8
0
182
656
33
1306
261
2138
27
86
335
845
1131
9
1
31
6
28
120
0
534
9
3
0
0
2
1
9
11
0
0
15
4
0
8
283
161
0
5
0
54
5
93
18
179
18
0
0
213
27
1106
24
120
25
242
0
63
319
3
180
26
285
0
514
162
569
0
325
137
0
2
0
19
186
17
198
40
32
4
220
256
2
847
1202
237
0
0
331
7
0
372
0
63
0
82
0
0
0
6
53
24
5
0
896
347
27
5
387
17
0
277
322
0
0
0
74
4
21
52
0
3528
278
0
144
124
40
0
0
89
34
493
363
5
12
155
14
100
0
0
45
0
3
0
41
0
0
0
59
42
0
49
0
70
14
235
213
0
1
30
8
2017
60
0
0
157
5
0
5
60
820
170
0
0
429
9
0
0
0
301
1010
20
0
204
0
6
7
79
18
73
0
999
486
266
0
0
6
20
1
6
82
149
38
0
0
33
0
0
3304
0
0
39
17
1174
82
8
0
0
5555
1571
278
167
0
11
0
1
124
0
1
144
161
635
1271
8
1252
5
420
0
0
0
0
151
0
0
0
0
0
96
0
125
0
554
11
9
2
74
0
211
27
84
0
0
0
1052
214
0
0
0
0
0
29
39
6
106
7
244
8
316
427
3
0
4
0
0
1
96
0
197
366
0
0
0
2563
19
0
1
6
173
3
70
2
26
68
0
2
192
0
0
21
0
79
1245
0
19
674
3
3
0
117
0
0
0
59
0
0
242
0
7
0
2
331
4
40
7
3
0
6
0
1055
0
0
0
0
1055
0
250
17
0
116
177
0
0
326
0
24
10
0
484
0
0
113
2
12
33
36
0
4
0
3790
5
4
0
0
44
0
234
53
6
5
144
30
20
98
84
0
0
0
0
337
145
0
3
2
0
159
88
73
29
0
24
298
2016
0
0
0
190
38
0
572
896
0
0
219
35
0
6
8
1294
5
28
135
42
0
56
0
8
3
0
0
8
26
19
15
0
566
400
562
73
0
133
0
2321
0
5
0
11
236
63
1533
75
0
7
40
460
1
0
170
2
37
0
3
33
200
9
89
0
0
117
601
0
0
1058
38
1187
0
0
0
0
172
4
545
0
19
1
0
0
0
1475
650
0
63
201
1
112
979
857
114
119
16
0
5
0
0
324
0
124
66
316
10
258
302
167
0
0
0
0
1
27
25
40
0
0
319
0
65
194
0
841
0
0
317
323
12
1215
2618
17
25
19
128
0
636
0
0
0
736
0
0
71
0
0
1538
0
35
62
0
1426
0
0
0
1667
94
538
377
275
1
283
164
0
461
26
10
138
234
26
100
0
0
23
0
12
794
12
22
3
0
0
0
1
222
23
0
39
79
87
47
923
56
0
0
0
942
322
101
10
4850
0
0
115
0
4
0
76
1
84
0
14
9
0
9
624
33
142
201
50
0
0
9
6
0
159
401
6
980
1
0
2
12
8
0
3
36
887
0
22
38
31
0
12
0
148
8
102
29
1
1
348
0
137
383
1
0
326
330
14
0
3642
7
17
2
90
1
639
1
0
0
0
1472
0
0
0
0
334
0
29
18
0
0
38
4
235
91
0
335
110
15
0
19
150
1
80
3
0
42
0
0
0
369
0
48
41
0
476
94
189
371
30
5
391
0
2
985
1
15
0
0
0
647
35
0
197
0
122
72
20
248
0
36
114
74
207
0
452
4
0
307
0
0
0
757
85
0
173
82
0
0
0
681
8
195
0
0
8
0
44
0
0
19
0
45
259
0
24
0
0
71
33
1120
211
0
0
0
131
21
114
0
151
67
0
0
52
1
0
0
0
42
0
6
45
0
0
3
0
1079
3
0
19
3
0
0
0
154
260
3039
0
0
95
18
10
22
413
99
0
29
117
70
21
0
13
0
14
89
262
0
0
56
0
1
0
12
22
0
0
0
36
0
0
0
32
15
88
149
0
54
196
26
0
0
208
20
0
107
0
0
286
0
0
179
0
1272
0
123
19
4
17
2
0
0
21
0
13
0
0
0
9143
6
113
0
0
0
56
145
172
2050
0
6
31
1
0
142
117
0
2049
1
132
9
3
60
0
0
298
0
0
4
0
3
161
6
1350
0
0
1972
30
0
2230
0
0
364
321
9
0
0
916
0
331
1131
4
13
1
1528
165
60
0
57
35
0
0
2
0
165
3479
446
0
1772
0
166
175
0
0
54
0
226
224
13
0
233
73
246
25
9
1478
215
0
0
309
591
0
70
0
0
0
95
98
127
54
85
0
21
0
10
38
0
3
0
0
204
0
773
0
146
0
13
0
65
3227
0
200
0
37
24
0
13
115
11
7
48
164
0
0
0
2
0
193
0
0
0
0
15
103
5
60
848
0
0
0
1
0
0
283
0
4
0
40
0
390
0
0
0
2
0
37
97
0
0
1
238
239
2
0
0
0
23
0
5
52
77
2
57
23
620
73
4
43
3
0
384
0
0
35
0
12
0
66
0
29
0
6
0
41
67
76
5
5
0
0
56
0
217
0
92
39
147
912
1
0
0
0
10
0
0
0
0
0
61
101
0
0
3
278
0
34
0
178
131
9
19
27
14
0
18
47
0
5
0
0
0
0
24
1
70
0
3
952
118
66
43
45
0
249
94
3
264
53
213
155
66
0
0
3
17
0
1
3404
3
2
411
0
0
0
171
74
6
0
102
0
0
0
34
0
2
2
187
0
0
0
4
0
1
359
0
806
29
0
28
550
0
21
8
80
3
81
1
0
0
0
49
148
5
0
470
3
0
0
0
0
0
1
0
274
24
0
0
0
6
19
467
1
0
0
21
0
0
62
897
38
0
0
0
2
0
0
23
46
60
0
40
85
46
0
0
117
80
6
0
0
0
0
0
76
0
6
1
119
0
0
0
1278
0
174
25
1
83
0
0
0
0
170
216
0
0
0
0
14
90
0
29
3
15
343
38
169
0
17
12
478
1477
0
3
2
4
216
14
24
0
2045
0
0
0
5
69
0
24
1
6
209
0
162
63
0
0
15
0
482
7
19
794
38
0
0
61
0
37
79
159
0
0
29
0
689
25
0
0
8
0
13
0
0
6
37
286
2
0
53
2
0
169
0
2
183
0
4
0
233
6301
0
0
0
0
46
0
13
0
70
155
43
425
0
7
0
6
323
133
20
58
63
1869
550
0
0
2
1
50
296
0
0
18
0
275
5
448
2
32
0
0
2
450
163
3
58
225
3
0
835
42
111
0
301
16
31
0
0
33
10
4
0
768
11
0
0
33
0
29
156
29
2
0
0
252
367
26
0
0
42
0
136
0
7
0
57
120
0
0
0
0
18
0
0
0
890
0
80
0
17
2
0
0
0
12
62
129
0
5
0
37
1
122
151
0
347
270
9
1
7
1
15
0
17
51
1
0
7
3550
18
0
299
0
0
139
0
0
30
168
37
0
309
41
307
0
5
0
10
70
206
0
0
0
0
0
71
0
4
2
17
9
99
6
0
0
0
0
18
249
199
2
0
0
177
112
6
68
155
317
95
0
29
43
52
0
7
102
29
1225
0
207
17
0
0
0
0
12
0
28
4
92
2
0
0
0
23
197
0
262
0
145
856
77
0
11
7
0
8
235
7
2
0
191
0
55
3
52
0
127
0
0
0
356
40
115
0
0
5
445
10
51
0
12
46
152
0
61
0
726
0
23
6
0
0
46
0
96
833
1
0
0
219
30
50
137
0
0
0
8
0
0
16
128
1206
413
34
0
146
71
77
629
1
3
0
5
5
1475
0
156
0
436
0
74
139
0
0
0
68
478
195
43
14
14
0
48
3871
0
206
11
0
29
26
42
81
0
2
0
1576
4
1
533
119
0
1252
1
9
21
0
51
56
597
71
1
430
0
1
0
0
1389
5
54
7
134
2
1
0
0
0
1
127
107
0
17
180
12
0
79
701
0
0
332
3
0
0
4
0
0
264
0
1311
5
1
0
0
23
20
4
2
222
10
1120
194
66
413
1
116
0
668
0
0
616
48
0
0
3
359
0
6
3
349
0
41
0
10
3
255
0
0
10
0
0
138
0
0
1
170
140
2
233
49
2
20
0
0
50
0
139
50
240
0
2
32
981
1
29
2
0
356
62
1
0
897
182
37
3
0
0
11
0
5
385
0
3
0
104
0
6
0
34
0
0
172
0
16
4
610
0
0
14
0
0
3871
10
102
0
0
0
0
47
188
40
0
417
4
267
1
0
184
0
0
85
10
200
0
9
35
1130
389
62
0
4178
0
140
168
0
31
0
13
6
438
50
45
104
0
1
3
126
0
0
79
1
0
0
51
44
21
0
775
8
159
0
498
151
28
366
1348
165
0
0
34
0
2
1073
43
249
90
0
0
5
12
36
0
1
61
84
159
349
0
53
3
0
125
35
10
9
0
478
9
749
0
50
0
27
0
65
89
155
0
152
46
7
29
9
7
0
0
52
204
108
5
24
0
75
20
0
0
5
312
0
21
35
0
0
395
0
754
1225
0
0
1366
3
0
227
38
10
293
0
139
0
11
179
2
0
137
0
93
26
0
0
48
1
582
14
3
0
73
240
2
0
0
0
3
272
152
7
0
26
272
437
5
28
767
314
0
0
0
307
79
0
1
122
82
264
0
3
0
42
1
1564
508
0
1
38
0
193
0
0
0
0
0
126
26
0
7
0
0
0
34
839
0
0
9
0
18
0
232
0
0
164
0
17
0
246
13
0
0
162
0
536
530
77
467
74
0
245
1
0
39
0
7
0
0
143
0
0
12
1
6
0
2391
0
0
0
14
1548
0
500
3
38
0
0
41
41
96
128
101
0
187
10
2
0
10
333
124
41
19
0
14
22
0
0
0
741
311
139
68
1706
701
2
17
0
0
0
300
39
0
208
838
707
81
8
2
78
797
0
26
3
471
0
275
0
547
86
158
0
7
0
6
585
8
87
57
284
68
285
66
59
0
1
0
8
0
2
17
60
162
0
1
224
0
0
0
355
0
19
171
1803
133
0
541
0
0
6
0
209
0
0
0
1
151
0
0
0
18
107
37
26
0
0
0
215
0
70
1
3
0
23
23
4
1
0
143
0
6
1
6127
64
3
1
0
52
102
248
133
694
0
0
1694
0
2
799
2
0
0
2
963
136
0
1
734
158
6
0
0
0
0
22
2366
3
0
35
22
0
1064
0
0
5
2466
48
302
0
274
5
902
0
21
16
0
0
0
22
0
12
0
3
238
24
0
1816
0
0
10
24
0
0
1237
7
0
0
2
96
0
0
143
467
0
132
10
19
36
334
1017
69
0
0
3108
99
0
813
2760
0
489
984
17
2
0
0
0
14
226
0
0
0
0
2
4
0
0
0
13
13
44
0
0
104
0
935
32
0
87
1
128
56
1
0
472
7
1
19
0
8
6
0
42
841
380
0
26
98
111
50
5749
197
30
63
1377
768
0
13
6
0
113
0
3
90
0
1240
2393
0
0
0
63
293
114
187
335
14
0
0
0
1487
115
0
0
71
2
1
12
1038
23
142
17
3
0
311
0
26
1219
70
0
79
0
0
14
354
0
19
132
593
0
3
1069
258
0
0
2531
0
0
197
0
4
0
0
30
0
1
0
318
47
206
0
420
157
0
0
45
232
105
0
51
0
0
85
1
1042
71
378
21
0
3
0
8
34
0
0
0
116
1669
689
724
0
65
31
0
177
0
23
0
24
29
361
143
0
9
325
16
360
0
4
113
0
0
0
0
3
483
79
45
4
0
663
7
2
0
49
17
83
369
0
4
95
7
2
132
0
46
0
0
0
12
0
38
114
0
394
0
0
0
32
0
155
15
701
0
73
823
8
0
0
95
0
54
617
66
0
0
0
0
90
12
92
69
0
4
4860
112
0
6
0
0
1396
0
0
2
235
0
31
10
81
3
1
0
342
0
0
12
6
0
133
0
7
0
320
89
0
1137
106
0
631
0
23
0
3
526
0
0
3691
135
0
0
0
152
192
0
23
9
0
812
0
85
3
15
0
9
0
0
6
0
0
373
0
0
21
0
34
0
0
568
3
0
3
0
5
3
0
3
0
0
0
0
1
4
0
119
14
124
175
1
0
145
0
128
0
0
0
27
0
21
0
0
352
2
66
83
4
3
40
0
202
0
0
166
0
450
0
516
1070
0
9
14
3
2
115
0
147
5
0
1
139
5
555
0
0
25
33
520
65
888
333
0
55
0
280
437
0
0
172
18
14
0
619
6
0
160
16
529
85
454
0
3271
61
292
2
0
669
0
162
160
9
0
0
0
83
74
79
1
0
0
174
0
0
2
379
0
0
0
0
465
328
231
249
115
0
10
0
29
0
0
0
24
0
48
520
0
161
0
0
3
970
0
10
0
287
0
234
0
19
26
445
0
37
1
40
0
29
34
177
0
307
0
119
0
0
0
0
77
0
255
0
164
0
48
0
0
0
0
0
2
0
0
389
40
97
3
0
75
83
0
2
16
0
0
97
49
323
938
0
70
11
593
1
246
0
41
1240
30
20
71
11
564
52
0
382
1587
25
1600
2
394
8
0
8
0
8
30
1
0
7204
0
642
0
55
0
187
0
95
317
195
0
83
782
0
694
0
0
0
84
0
0
3
18
0
0
123
0
45
0
2172
4
0
22
0
19
112
0
0
730
16
67
0
44
15
0
1974
0
0
251
240
0
426
0
6
0
0
82
2338
853
0
0
0
0
73
0
6
0
1073
569
31
7
95
0
58
8
0
268
0
271
241
0
0
0
155
428
0
0
0
0
58
0
26
0
8
2
0
0
2
21
0
0
35
53
17
0
0
0
0
1
0
64
0
2
0
0
48
139
128
1569
115
31
355
0
0
0
15
0
0
0
0
48
0
120
0
0
1
0
4
0
0
0
4
0
183
0
3
3
6
29
10
8
13
624
581
209
6
31
68
0
0
0
0
75
4
14
0
0
1
0
0
51
0
0
2465
3
0
0
0
2
48
0
1011
27
29
394
0
0
68
0
421
4
0
0
0
0
49
90
0
214
248
520
472
0
0
0
0
0
23
96
0
239
332
8
65
4
110
1103
0
46
36
64
23
91
423
30
112
4426
1028
0
0
5
105
0
0
15
332
2481
6
0
3
1540
2
0
0
1
9
54
284
363
1279
387
0
0
29
0
761
0
0
136
573
0
4
4
169
929
2
579
276
0
596
3
0
29
311
51
156
63
0
251
53
164
0
93
355
1552
0
0
15
0
14
0
0
320
19
0
17
79
878
1
33
213
131
14
0
0
400
7
45
0
0
2
32
372
0
0
0
0
0
0
0
0
129
103
186
256
237
0
93
0
0
82
548
168
105
5
152
11
3
4
57
226
0
1534
28
0
128
0
0
61
0
2
0
0
0
0
176
4
0
1
23
0
0
583
6
1526
0
0
3
3
29
0
0
0
720
4
4
0
7
0
0
436
0
0
0
0
105
40
0
12
86
0
0
453
0
62
0
227
11
0
0
25
153
91
248
728
0
0
277
0
0
5
186
16
0
314
0
88
0
0
0
4
332
166
208
1136
0
0
4
44
202
26
31
0
10
41
0
43
0
110
10
524
2
0
92
0
0
65
0
126
418
0
222
7
0
413
0
1086
11
30
625
2
1414
1705
0
2
26
0
0
0
0
788
0
238
3390
200
49
63
228
5
35
0
57
41
1
0
7
153
397
91
128
0
303
809
13
25
0
2673
4
0
0
399
0
191
128
679
5
34
7
237
410
0
0
940
4
38
0
2
2136
8
0
517
13
555
134
0
231
0
91
247
793
7
6
8
516
0
0
2
0
0
0
465
8
1967
9
0
400
0
2
32
10
104
28
128
576
0
0
54
116
0
0
0
47
0
157
18
0
0
55
0
12
30
0
490
756
0
210
2
70
0
12
0
25
0
51
0
1
0
3
141
0
284
1
11
0
695
0
1
0
0
83
11
1160
0
111
143
104
0
0
0
22
0
0
0
0
190
0
33
0
40
154
0
37
14
75
0
2
1
0
78
7
44
143
0
994
132
382
0
0
316
9
61
179
0
1119
88
0
0
66
20
0
303
43
93
7
0
0
8
964
266
78
15
1665
18
0
159
40
32
0
49
21
972
534
163
1742
621
0
34
60
0
500
68
0
4
0
84
216
0
5
352
275
2
205
0
656
0
0
32
0
0
444
90
1156
0
95
0
61
1
101
0
0
9
823
94
25
118
131
81
5
0
0
72
13
0
57
0
108
818
0
183
0
47
0
996
1083
235
16
223
0
183
0
119
0
4
10
12
0
1
89
41
0
736
66
0
2
171
117
16
0
0
0
137
367
0
83
0
35
0
1925
48
39
4
0
0
1
72
64
0
61
112
128
4
0
0
2737
0
25
308
0
436
8
69
2
6
0
150
0
152
0
160
33
555
65
0
1
0
652
0
18
1423
0
32
0
0
0
0
29
0
24
43
14
0
2
20
5
55
0
0
78
6
0
126
32
359
843
20
0
0
62
15
0
1299
244
17
73
290
3
0
44
83
0
0
52
418
20
778
0
55
923
165
0
8
332
185
578
0
28
0
201
173
0
151
165
485
7
1
21
0
39
3
0
2
4
0
22
325
151
170
4
435
3
169
0
395
294
0
26
0
57
142
725
368
0
0
42
308
241
4
0
274
36
0
0
0
0
1090
0
0
54
2350
0
0
0
16
44
0
1232
3
11
0
81
95
79
0
170
282
0
0
632
0
5
1
170
0
1
7
4
90
0
6
71
7
0
58
0
40
253
0
16
0
23
0
0
344
0
2
568
378
0
0
7
50
60
0
40
960
0
250
77
49
465
0
407
66
0
6042
50
58
0
0
0
0
128
13
8
197
55
0
94
0
0
4
113
23
7
37
54
599
699
4576
157
27
2010
0
7
0
421
14
0
9
544
0
40
219
4
117
75
0
0
154
115
0
0
0
440
0
6
258
3586
0
0
0
0
0
3
2
98
0
3
335
191
0
0
4
0
47
6
86
0
0
586
296
0
0
857
157
0
0
51
0
0
113
0
0
65
3
27
0
156
321
522
2
0
0
0
3
63
0
0
259
0
193
0
0
3
0
0
2
0
1
0
56
16
491
340
4
0
1311
40
0
0
21
0
18
0
5
447
42
1
0
18
0
3
1517
599
0
188
369
0
207
0
244
32
93
43
155
0
183
13
0
3
0
151
0
0
40
119
0
6
0
166
543
9
11
0
0
19
0
0
0
0
0
156
1
0
250
281
0
0
0
0
25
0
2465
148
0
362
91
33
0
0
80
85
16
0
0
338
22
6
0
28
7
0
0
0
175
5
2
82
0
12
17
0
0
0
0
98
78
26
0
0
0
0
681
0
0
613
145
5
22
0
124
62
4
2
136
1
23
18
0
6
0
7
314
0
0
0
0
15
1512
11
0
0
0
0
0
19
501
11
319
27
20
31
63
0
0
323
288
0
62
0
141
766
9
1150
1
41
36
0
0
0
39
0
676
0
0
1309
2
0
0
2
206
222
0
0
0
0
21
4
73
2
295
291
68
46
382
9
338
3
0
2650
0
13
0
1
0
75
54
636
0
1
150
0
14
0
29
0
0
0
13
0
0
0
0
29
3
156
2
252
79
401
0
66
41
1
29
0
0
395
0
0
269
2
0
3
0
23
0
0
14
2
1
108
0
71
0
223
19
31
0
46
7
0
26
0
5
6
188
1048
0
0
0
38
10
0
8
37
0
26
156
0
120
0
11
179
0
794
0
49
0
89
0
0
0
97
9
0
3
0
0
12
0
0
0
25
23
0
0
45
0
36
0
105
0
0
0
0
0
13
566
0
661
185
0
4
0
1
6087
62
85
56
0
3
201
1515
20
0
0
0
9
95
22
3
8218
1
24
0
557
0
1435
42
761
374
0
119
46
23
153
0
1
66
129
37
545
149
0
15
0
3
1523
0
0
1
152
0
0
0
0
0
0
0
0
10
5
4
0
0
0
2
51
164
0
339
473
1299
116
54
0
269
10
0
48
0
0
0
0
0
0
55
0
37
0
32
0
37
0
1
66
98
0
0
10
0
3
3
0
16
81
110
791
0
467
247
41
0
55
0
1
0
14
0
383
39
30
0
0
0
11
36
0
5
20
335
0
80
0
125
248
0
79
50
63
115
1
0
4
0
0
0
0
0
20
0
0
7
155
69
0
0
14
0
0
813
0
0
175
83
0
86
0
70
527
3
20
233
780
443
0
57
0
0
0
40
19
110
434
0
0
19
909
0
0
0
0
0
29
0
0
1586
12
6
35
270
1
3
32
13
355
0
10
295
221
440
299
2
81
0
0
0
16
144
61
5
0
63
6078
740
7
0
94
12
99
3
0
1426
0
49
0
4756
0
0
77
575
63
3
516
0
35
868
0
0
0
15
0
0
81
34
0
0
35
10
0
2
0
125
46
362
149
5
0
0
0
0
47
2584
42
0
0
73
44
7
15
268
5
0
32
0
0
4
3
8
0
813
0
0
9
0
63
2
0
767
0
0
0
0
0
3
0
2
0
0
140
171
36
179
6
77
2
148
44
17
183
0
171
574
0
0
4
17
902
43
41
29
179
121
2147
0
0
0
0
0
11
170
0
0
10
0
286
9
284
0
53
0
30
128
0
2
86
41
22
7
0
38
5
26
150
0
1267
22
1781
2
4
179
0
54
3
0
39
0
0
566
75
0
292
17
1
2470
25
0
0
557
0
5
31
77
0
53
84
0
0
1138
0
127
1
33
12
9
27
161
234
346
0
430
0
431
238
433
2
0
38
46
361
0
1
0
1694
0
87
0
19
24
1029
0
59
0
244
0
489
0
508
2
40
63
5
0
5216
0
14
1
3157
10
0
9
0
0
0
1
2
205
22
0
0
77
5
39
166
0
91
1193
128
0
123
226
64
0
0
0
79
2146
23
10
1289
0
6
23
0
0
0
28
516
0
0
8
0
0
20
32
0
91
0
0
25
178
999
46
0
620
396
0
379
32
0
82
541
129
0
0
105
16
624
34
0
249
2
808
140
0
21
7
0
4647
32
26
32
0
3
0
0
57
37
289
0
0
157
6
56
0
0
73
549
0
11
221
69
1
0
0
0
0
380
206
0
1742
0
14
10
0
0
103
25
13
281
0
208
72
739
419
0
0
0
4
239
192
16
94
0
163
2
0
60
60
264
0
0
64
0
0
99
12
1
0
8
0
0
141
0
0
2
0
6
45
91
0
12
8
6
152
0
348
0
516
36
25
322
14
0
564
3
0
0
3
0
2356
0
17
0
0
16
369
0
121
0
1
16
7
3
0
4
0
0
4
0
13
0
17
0
119
0
0
22
121
0
18
218
0
3079
145
0
7
0
551
0
59
397
0
3
0
53
4
0
0
0
0
49
0
0
0
0
0
0
141
0
4
17
0
1253
0
117
0
366
251
0
2
0
281
2924
198
0
0
62
27
50
0
26
13
0
2
41
0
72
0
252
68
205
0
35
27
0
5
0
368
0
7
1
0
5
0
2
5
21
124
62
63
6
28
218
0
88
0
216
9
136
0
0
0
236
0
0
636
0
0
0
23
359
141
0
1
0
1757
40
1
8
435
58
0
134
33
112
12
19
531
29
0
0
16
66
0
173
56
0
4
12
368
8
0
16
100
3
0
0
0
323
204
974
1
31
0
54
4
0
0
1983
0
245
4849
242
0
0
125
1521
0
30
17
0
71
0
511
2348
34
825
0
1016
229
0
125
2
297
148
33
6
8
1
11
18
5
33
0
0
0
6
178
136
116
3
163
266
378
15
0
53
7
14
14
631
0
0
12
345
5
3
0
48
587
0
3
16
0
0
41
0
0
11
0
0
0
0
0
0
0
65
0
0
0
0
0
0
8
105
16
993
0
101
0
0
4
8
111
0
9
1272
4
0
0
3
23
73
3
0
845
0
15
320
0
256
47
0
52
34
18
8
0
104
44
0
0
535
267
2
632
415
484
0
32
0
0
0
32
0
0
0
0
0
0
21
0
1231
424
0
1878
0
3
0
2
0
69
45
11
50
415
0
0
8
27
56
0
77
25
0
0
0
0
0
0
180
620
669
148
0
39
1291
731
20
0
0
296
67
1
162
195
0
130
4
0
140
0
641
4
2
2
0
0
298
224
100
101
0
11
5
7
52
79
5
4
0
6
330
20
0
1
0
0
0
0
8
2
0
2
60
0
5
0
0
7
8
2
0
81
0
0
0
257
7
12
47
0
0
484
129
4
48
96
0
0
0
0
3
0
25
0
703
4
2
23
3
0
87
0
8
0
4
0
0
19
45
8
0
272
2
27
24
0
6
116
0
0
0
0
9
0
14
55
0
0
16
3
58
1
0
0
0
136
15
3
139
7
0
356
0
1250
273
133
0
0
78
0
224
0
0
7
366
5
464
11
47
0
0
0
2
112
0
0
0
3
9
0
63
0
47
0
0
0
67
39
0
0
60
25
34
14
0
118
83
54
33
284
0
0
0
0
0
3
456
0
109
288
0
0
128
129
0
207
15
49
56
0
0
0
213
1
4
0
44
0
2902
0
172
2
0
1
0
0
0
0
90
0
54
7
33
1
47
0
0
0
64
584
23
0
0
5
2
87
0
49
1284
0
116
57
43
0
0
0
9
0
62
0
14
100
1
76
141
0
24
7
4
0
0
0
92
100
3
0
82
239
0
12
0
959
281
71
0
0
33
0
0
4129
13
340
2
26
2
0
15
128
25
33
4
0
0
0
1
394
14491
0
5
3
45
73
132
0
4
0
2
0
0
17
5
4
100
22
27
13
2
0
340
9
1
26
0
56
70
26
12
0
9
66
140
0
2
26
1
914
1
105
940
5898
60
239
19
0
147
13
489
0
3
31
0
28
233
93
414
25
0
0
4010
51
0
101
11
8
7
0
0
1
54
0
135
57
0
3
4
5747
0
4
187
191
3
48
0
488
6
0
0
30
0
2
0
29
247
1
0
0
23
3
4462
0
5
1098
0
192
139
0
1506
488
14
9
2
0
0
85
0
292
9
50
85
8
397
0
0
22
0
0
19
4
65
378
0
33
846
0
11
0
96
3
0
27
54
0
65
0
0
2
6
120
0
0
3
0
0
555
58
0
75
0
495
484
304
0
3
0
61
62
1
1
19
3
51
3
0
16
0
3
22
0
0
91
0
1
0
27
27
0
91
55
38
1
18
0
0
46
4
14
0
20
0
37
0
0
1
17
221
0
0
40
0
48
16
256
0
12
0
0
521
90
83
49
0
222
31
41
351
112
0
0
2
41
148
11
43
5
2
3613
1060
0
1
98
44
58
81
0
3
0
0
9
3
61
0
1
0
0
0
0
2
273
6
250
31
62
167
4
0
0
298
0
0
17
0
75
0
22
0
34
0
0
0
191
194
0
190
0
188
0
404
112
5
0
0
0
0
0
45
0
0
43
0
0
0
0
0
0
0
0
0
0
13
21
0
470
284
49
0
0
215
0
27
11
0
90
141
27
0
94
0
366
0
366
85
0
152
0
106
6
2
62
75
10
6
260
921
0
584
43
3
0
0
1021
83
13
49
0
26
1
0
0
4
1919
0
21
328
0
137
0
149
0
2
0
184
0
1094
7
16
1
12
0
559
351
0
305
0
0
33
37
4
0
2228
0
0
13
109
148
10
851
227
348
1510
936
75
0
15
18
64
20
0
5
0
86
0
66
0
0
0
5
161
0
0
0
0
0
0
30
1374
262
0
210
16
4
58
820
65
42
1
6
111
6
0
0
10
474
10
0
2
0
1
0
220
0
0
100
4
29
639
23
0
96
575
0
836
15
49
3
128
0
409
48
0
29
149
2
179
0
73
1
0
0
206
12
0
261
215
0
1601
4
96
0
336
234
0
592
147
0
0
1457
0
48
1
97
0
0
19
31
15
372
191
64
609
7
821
12
10
621
378
0
0
0
6
173
1948
12
299
74
0
47
3
0
2
279
1
36
0
0
9
157
0
29
0
276
0
38
0
52
0
0
1
0
2
5
61
31
0
720
1121
0
172
402
0
248
0
0
0
1
4
66
36
118
2169
93
0
85
13
364
0
0
0
0
0
199
1542
21
0
30
221
155
0
85
0
26
8
36
97
0
54
5514
2
0
0
0
3
593
0
0
0
11
0
0
0
0
397
0
86
123
8
70
1
12
25
4611
27
35
0
0
110
0
0
667
0
0
316
6
9
0
0
0
0
168
78
0
0
0
175
14
0
0
29
20
626
0
0
0
0
0
0
5
104
0
0
1
1146
3165
1
16
22
0
137
0
452
25
255
30
0
85
495
0
861
328
0
132
0
0
4788
29
1
201
0
0
14
0
818
4
328
2936
0
0
0
0
1
3
81
0
149
9310
390
0
2
0
0
5
0
99
0
57
30
90
180
1164
565
0
0
279
2
7
0
569
841
2
23
0
0
61
2
13
0
8
0
148
19
0
210
19
0
1
6
123
0
0
0
4
0
0
16
782
0
112
56
0
10
108
0
10
0
0
1002
8
236
51
0
16
0
0
0
2042
93
470
141
0
10
2094
655
0
0
1690
0
0
0
10
0
4
0
97
200
77
61
0
339
9
0
24
36
583
83
114
30
0
0
0
2
40
0
271
37
0
26
0
0
0
0
0
1194
6
10
218
40
68
0
0
227
183
25
0
0
0
0
0
157
192
0
0
5
0
6
15
0
545
169
0
0
252
1070
113
40
66
0
0
21
0
6
2
1
126
0
0
29
41
0
403
0
24
86
150
221
0
0
48
156
215
68
0
0
16
0
1159
457
2770
0
0
5
91
72
15
0
0
1385
1
3
4
5
2
0
0
0
1
23
0
4
0
96
0
64
13
0
73
0
272
1209
0
0
0
0
5
0
0
0
293
551
101
13
6
0
143
0
51
742
47
531
0
36
35
0
17
14
0
0
0
0
10
0
99
0
10
216
0
54
146
0
0
0
0
9
3
0
4
254
3
0
2
0
0
0
0
0
80
21
165
736
0
0
287
1925
0
0
32
0
954
10
21
30
307
0
158
0
6
0
398
20
0
0
4
0
4
80
220
0
84
127
675
0
0
54
266
65
6
22
1470
0
221
0
368
1384
206
0
21
11
2
0
916
612
2
0
351
2
90
0
0
20
0
0
0
641
63
196
821
23
63
236
0
122
140
198
0
0
124
0
30
0
0
3641
0
50
52
0
205
32
6
1
0
86
0
427
0
37
0
315
272
326
0
68
0
1
0
3
12
0
619
14
4
0
0
0
0
66
0
354
0
0
0
7
0
0
5
5
2
58
6
312
173
1
165
4
141
114
0
114
62
0
127
37
247
11
1972
0
166
0
38
134
0
0
238
3
1171
189
176
113
33
0
0
0
0
0
63
6
0
7
80
0
725
298
0
0
572
0
0
0
10
0
1
0
3
0
0
8
0
33
0
184
12
232
0
0
0
0
187
0
4
0
181
1
285
25
0
0
305
0
0
27
0
0
0
30
0
99
0
170
1319
2
484
0
88
1
2
0
111
1203
193
186
164
103
108
13
127
0
81
0
377
0
485
31
0
292
0
480
219
0
145
0
274
0
0
916
318
34
0
55
30
0
351
131
0
0
0
0
0
128
0
177
1
106
211
0
0
923
558
0
0
646
0
27
0
99
0
1
286
123
79
2801
635
145
115
0
0
8
0
34
7
189
0
21
76
170
360
4
39
220
71
0
35
60
0
0
255
101
1
37
135
0
2
0
0
18
11
0
0
43
213
99
0
766
2675
1031
32
427
1626
0
117
9
13
567
44
48
210
75
0
175
0
0
62
306
0
0
0
171
238
0
11
0
442
19
3722
169
48
220
38
1
0
1016
236
92
6
0
8
43
92
0
150
33
0
125
577
5
173
100
0
0
0
68
548
446
183
0
0
745
0
0
0
0
0
34
930
0
2
0
0
37
34
0
0
225
0
0
0
865
26
0
12
107
72
1310
172
0
0
0
0
33
41
0
0
2
0
3
0
92
0
0
122
4
0
1
90
0
53
0
6
0
3
220
0
9
0
92
0
482
151
0
89
0
0
41
20
1190
40
74
0
195
112
0
8
0
77
17
10
0
663
155
0
70
28
0
0
117
0
44
1090
0
0
0
0
0
0
18
9138
39
0
170
2
90
21
4
0
0
45
22
0
0
0
158
48
54
0
96
18
34
0
940
0
10
0
67
32
1539
203
2
0
0
2
11
6081
0
0
9
1943
142
1
0
3
2
0
0
7
259
147
0
47
0
0
71
0
51
0
0
55
267
0
10
12
16
5
418
122
4
403
203
0
0
251
0
4
0
153
0
624
1
1
0
0
3
1
0
719
0
0
933
15
0
0
60
0
0
3
0
0
10
0
68
0
0
110
1468
0
0
358
0
0
5418
5
552
139
11
1
12
2
0
416
0
354
81
0
92
11
0
52
1967
1359
0
0
23
1
2
28
4
130
0
0
0
0
1002
431
86
288
34
0
364
145
0
1
4
5
0
0
285
0
153
1
17
2
223
0
0
18
0
14
1
0
0
51
3
0
52
0
17
0
2
2002
44
0
49
0
0
12
121
0
2
5
0
0
0
0
16
0
339
99
531
23
5
113
12
0
0
0
3
0
26
128
11
2
0
35
169
81
0
367
76
7
489
184
0
456
35
0
4
1
1
0
0
18
125
1
63
0
67
0
14
0
21
0
0
0
2
142
0
47
501
425
29
1
0
0
0
45
9
0
842
952
50
0
0
7
25
16
0
2
2261
6
0
522
161
0
138
0
1
163
0
83
275
0
0
112
3
0
1
2
0
0
239
6
0
41
142
0
28
6
0
157
0
284
5
2
32
67
205
34
0
2
219
66
2124
37
385
3
571
0
440
5
2
112
0
34
8
1650
798
0
11
104
83
0
0
1486
0
0
245
31
31
0
45
0
0
0
76
0
0
26
159
477
0
0
81
200
85
1
129
0
0
0
7
0
0
2
30
201
17
17
0
5
28
8
0
0
0
707
0
0
40
85
408
40
52
46
173
0
131
83
92
56
11
30
437
151
3
79
0
75
668
31
337
0
0
15
2
13
172
37
0
12066
89
3
4525
211
0
0
81
352
0
345
0
0
7
125
0
0
0
2
303
0
0
0
9
0
156
2
0
0
297
0
0
270
11
73
0
35
0
0
48
0
6
0
367
6
0
45
0
12
24
0
51
0
71
63
0
0
0
235
6
952
100
107
566
118
52
0
9
0
0
84
0
0
1
23
106
0
9
612
2
0
195
2
512
5
170
0
209
865
15
0
0
0
78
1885
0
0
1
0
0
0
0
0
3
0
107
203
16
1
55
46
135
163
1
1344
447
0
22
208
300
0
61
22
190
948
0
12
0
1
0
0
233
0
41
0
0
23
92
0
7
3
3
41
28
0
145
0
0
0
0
1
46
0
0
113
0
298
207
3
0
859
34
0
42
0
82
0
0
1
11
0
0
0
28
0
14
0
1888
404
0
0
996
0
24
222
1227
36
0
11
174
0
0
0
0
0
125
577
4
167
39
96
71
0
588
84
17
12
4
0
7
0
27
2088
3
117
2151
2
0
0
0
0
1557
147
0
0
3
1160
0
435
0
165
226
60
167
0
2
164
0
35
1
0
13
1240
0
1
152
79
0
86
0
74
19
0
41
0
43
0
41
853
957
17
0
0
185
21
0
227
50
20
0
0
0
0
0
19
392
0
286
18
3
576
76
0
0
0
243
5
15
39
190
11
0
0
22
0
774
0
0
0
241
9
0
1
0
354
0
493
0
0
154
0
0
0
1
0
1101
1
0
0
16
99
0
54
0
0
0
0
69
13
0
10
2
0
21
510
326
0
25
8
0
153
3
2
4
3
343
203
550
33
55
168
0
0
84
5
329
311
1
2
165
49
122
53
693
6
839
0
640
230
24
0
0
8
0
63
69
97
109
0
124
0
3841
0
0
0
28
36
47
140
0
0
0
5
0
389
287
0
4
0
6
0
641
333
139
39
1140
0
0
0
277
6
0
8
62
166
0
12
96
17
0
0
0
0
784
520
497
39
2749
0
0
91
296
43
0
0
126
636
58
8
0
0
1
0
19
1107
0
747
0
5
48
730
8
163
0
0
3
20
94
0
6
69
0
4832
1
5
147
0
0
77
72
13
0
2
43
0
4
11
4
0
2
0
1
0
0
18
21
3
0
261
0
289
31
5
0
440
0
0
0
300
3
0
0
332
375
13
216
356
100
0
4
85
98
0
117
758
0
1
5
579
1
9
0
0
0
7
16
3628
34
121
64
277
10
0
0
0
4
1
704
8
51
0
298
0
0
164
1
220
0
114
9
2
0
0
2
0
1
0
0
0
26
6
13
0
11
0
37
67
2
10
4
0
0
0
3
0
0
27
0
47
673
0
0
0
451
0
3
13
0
0
25
0
11
53
121
4
1978
174
105
44
0
102
0
549
0
0
0
501
62
120
0
7
6
0
44
0
0
12
979
6
0
5
46
3
334
0
0
377
224
45
0
15
72
57
0
0
0
1432
128
0
0
34
0
0
0
0
0
580
1
197
1523
497
689
20
0
3
44
40
58
0
0
0
3225
253
554
346
0
0
161
119
162
43
52
0
0
9
180
446
1
0
176
898
0
238
867
0
0
0
140
0
0
560
266
454
231
39
0
0
98
717
46
0
15
188
2
1
8
7
152
188
0
0
75
97
1
8
41
0
276
0
12
248
210
18
0
360
0
0
32
82
49
2
4
568
0
195
0
53
850
0
0
86
0
0
473
0
0
0
11
201
0
366
0
105
0
0
0
0
1637
22
71
180
306
57
87
19
131
0
16
32
74
94
18
60
11
571
34
62
162
1341
369
0
259
1
129
105
257
171
8
0
0
172
31
101
0
45
1132
135
331
0
98
46
2
0
0
0
6
1235
0
180
444
80
540
0
27
11
0
0
34
68
12
153
0
766
0
0
0
0
131
408
0
13
0
85
0
7
13
1110
104
44
60
0
6
0
0
152
15
361
318
0
0
0
57
1
13
0
334
5
0
197
7
0
26
0
9
0
94
138
2
30
166
0
474
1
25
51
368
0
660
0
38
0
0
86
2
5
40
83
480
230
0
0
2
2
0
56
0
865
0
202
9
1
605
26
154
0
0
52
1
47
270
237
44
38
150
1433
0
536
21
0
115
797
16
4
1
5
13
0
8
470
0
0
0
13
4
0
38
57
37
60
0
34
0
0
6
0
0
0
159
19
1
469
0
0
41
616
0
0
0
38
316
0
207
23
4
0
31
0
1461
0
0
0
0
152
0
1227
0
10
36
2
4125
4
1
97
84
0
0
10
0
244
118
139
195
19
0
0
26
39
0
2
1
2
0
0
80
1
0
0
26
0
16
0
19
28
0
0
197
6
25
7
0
5282
190
24
1
233
249
6
715
14
1352
0
0
823
1737
425
442
61
0
0
0
22
0
1155
2
0
0
132
0
0
6
15
0
0
0
64
0
8
0
0
78
0
9
869
0
0
0
0
0
7
443
14
0
199
86
22
0
0
0
0
176
2
676
0
0
1
0
0
0
0
383
41
0
0
321
17
456
0
78
1324
187
0
0
139
4
55
0
8
17
0
0
228
181
0
21
47
1975
16
0
330
0
0
53
30
0
9
0
1
0
2
4
0
359
66
0
0
0
164
121
917
0
0
0
35
0
0
0
0
0
73
0
2
24
19
268
19
5
0
0
506
19
0
0
2047
0
0
325
0
130
0
0
83
49
0
0
0
0
19
237
0
0
0
4
22
2
2
34
371
502
0
15
0
5
0
0
154
0
0
2
93
6
0
0
17
0
22
0
2
8
43
0
0
0
42
0
0
0
31
1
50
4
0
0
0
4
52
4
0
114
0
0
0
266
0
0
330
11
3
18
0
0
10
0
144
59
12
0
246
42
92
1
2
144
8
49
48
0
1
70
551
0
16
8
5
299
0
77
52
0
0
0
16
5
89
274
558
0
0
0
7
0
0
0
24
21
0
161
0
15
2
0
0
0
0
0
9
2258
0
509
155
0
0
2
19
13
0
171
0
0
0
0
8
6
1033
660
24
101
12
4
203
0
5
0
166
2
0
71
1
4
0
0
0
15
0
0
1
35
1
98
11
1
1
53
88
0
59
0
0
0
0
0
3
0
0
0
0
44
0
209
0
29
108
0
0
0
0
0
21
2
0
0
36
5
0
876
87
0
0
0
98
45
0
28
295
35
94
410
4
0
0
94
0
46
2
30
0
0
4
0
63
146
87
116
36
0
3
0
7
729
0
131
0
0
7
130
67
0
3290
466
3853
222
47
54
211
835
1427
0
1
0
5
9
0
0
9
0
0
77
91
235
0
82
44
14
245
290
3
0
496
0
48
0
182
0
1170
4
0
82
0
0
357
493
35
57
12
3367
12
159
0
0
4
16
57
116
2
0
82
1090
0
41
2675
0
77
0
10
0
0
4
0
0
15
6
10
210
0
2
37
14
20
0
3
0
46
183
5
1
0
0
0
16
0
17
756
84
3
0
0
43
1289
0
226
4
358
59
0
42
12
13
29
0
0
2275
0
0
96
2
99
169
3
2
0
18
19
27
80
0
0
399
17
132
4
88
44
0
122
0
2
0
2
0
0
90
8
304
4
55
0
0
88
0
9
0
26
0
232
0
4
0
0
0
0
0
27
0
889
13
93
0
0
14
3
0
10
153
0
18
0
0
0
0
2
17
404
14
0
125
11
91
0
10069
3
0
110
0
181
8
22
27
5
3
57
87
0
0
120
0
7
0
0
0
0
36
116
0
10
0
3
47
2
0
578
10
8
411
0
0
193
24
30
13
1
28
129
0
0
76
0
24
0
0
0
220
11
297
2
0
145
15
21
0
1
15
1
7
0
0
3
4
0
1
3
167
0
0
0
8
383
201
24
0
0
18
0
26
0
21
0
0
98
0
0
77
5
102
446
1043
0
422
0
610
118
0
411
187
326
0
2
0
1034
3021
4
135
30
2
46
9
385
0
0
114
8
0
0
0
10
6
0
0
0
0
49
0
190
0
0
39
0
335
18
0
0
0
0
46
2511
241
427
0
343
382
0
4
45
8
0
39
557
0
4
1752
364
252
2283
2
248
296
0
41
0
0
0
0
0
1
56
0
2
0
19
28
1
540
0
5
25
31
5
3
6
42
0
0
0
0
38
374
0
68
234
28
58
0
99
19
1528
0
0
0
4
104
0
7
272
37
1
0
0
126
111
0
0
76
520
0
1767
1036
0
228
143
0
400
0
968
0
0
4
0
477
458
1
0
3
890
410
0
0
62
38
21
30
6
1
3
0
259
534
0
0
0
144
0
60
0
0
195
0
226
6
0
136
316
0
0
0
13
1
24
20
1
70
242
0
450
4
444
0
7695
164
15
237
19
0
44
50
225
159
24
0
164
2717
69
120
3072
0
0
36
0
445
0
7
478
61
0
0
597
299
0
0
2
0
0
52
14
101
886
27
17
0
46
837
11
344
69
1
30
101
248
0
2221
4254
0
0
461
923
151
0
0
0
23
0
480
8
0
106
141
0
3
1
0
3
2
40
0
3
3435
3097
0
1249
1130
8
600
50
13
185
0
9
211
5
1398
1
892
128
146
0
1291
0
0
333
4
1319
14
0
236
74
0
133
27
2701
27
806
24
65
0
48
235
109
1457
20
209
0
35
0
189
0
0
0
0
4
0
67
0
10
7
69
0
1
49
8
0
7
0
0
4
126
213
12
0
0
293
0
0
834
2
0
0
2
811
0
0
14
16
157
4
2
0
102
0
2
6
1570
9
257
0
0
0
0
0
0
102
9
12
0
10
0
9
73
195
0
44
0
445
12
157
5
0
7
0
2
1
19
0
37
115
0
40
73
0
7
34
0
284
1
81
49
257
6
7
0
197
0
0
1341
2
0
8
5
110
0
694
2887
146
225
110
0
412
8
10
212
106
983
0
301
0
4
66
10
0
51
64
224
0
45
0
1
2
0
0
28
4737
0
80
58
0
0
4
0
27
0
0
58
859
58
26
7
11
0
17
3
10
0
0
5863
101
133
154
0
167
3
57
436
0
29
1
4
0
0
0
67
35
36
172
600
118
242
39
0
13
225
785
0
3
5
9
1547
383
6
3
0
0
0
23
266
2748
143
2
758
0
23
16
1011
65
0
0
0
187
398
0
7
0
0
12
27
46
1
1614
447
2
1
0
0
251
30
0
47
167
0
3
44
731
439
0
4011
70
165
0
951
5
24
0
1544
20
161
0
3
2
24
0
5
0
439
78
2
1
35
0
26
1305
76
0
0
0
0
1611
0
342
0
27
147
0
302
20
84
4110
4
394
63
209
0
62
119
0
0
0
829
559
0
0
0
249
0
0
0
182
24
0
10
0
1
23
21
0
5
13
0
0
869
0
710
21
0
1
0
85
0
0
26
0
0
6
0
43
0
0
25
250
120
0
575
33
0
0
89
3
51
0
0
0
108
0
15
0
0
364
0
0
399
26
0
35
0
97
182
0
411
1
16
0
0
690
0
0
3
799
27
0
94
13
87
0
84
2345
0
1
0
241
98
7
61
0
38
0
32
0
19
0
0
25
187
66
2
0
0
0
0
35
0
0
18
9
0
549
0
54
0
55
14
5
9
0
3
2
176
2
72
0
0
32
25
11
86
0
0
0
1
203
5
17
22
2
4
0
0
21
17
0
1450
40
0
0
308
621
76
0
15
103
145
43
0
41
70
24
0
120
0
0
35
7
0
22
0
395
0
52
0
5
0
8
192
60
79
386
427
0
0
62
340
7
0
4
3
0
2
1680
110
0
539
3
317
0
0
36
18
0
0
0
0
0
0
0
0
0
0
607
51
3
0
0
52
6
11
17
0
297
0
13
50
5
0
26
262
29
293
0
407
27
295
2
0
14
135
119
1752
14
0
0
0
0
109
0
0
0
4
19
0
115
0
10
15
11
21
0
6
23
0
0
0
0
53
2
0
28
0
85
2
68
0
335
62
83
92
0
0
100
0
69
4
0
0
178
16
288
243
0
73
586
52
0
9
75
650
4
0
18
0
1020
0
0
0
30
43
31
71
9
8
29
0
0
3
127
8
87
0
2
805
0
0
36
3
3
0
272
0
0
0
0
0
156
142
50
0
0
0
4
67
0
577
0
36
121
3
279
156
32
0
2
289
20
241
726
0
0
123
0
47
0
595
588
307
0
0
0
11
6
5
49
32
0
0
3
0
0
1
40
0
263
0
18
176
0
108
1
13
0
127
11
0
1
19
52
0
0
59
0
1
0
0
0
17
0
0
0
0
2396
169
397
1
0
0
3
0
129
0
0
36
583
0
20
0
554
69
58
5
0
61
0
6
32
1746
0
0
20
7
0
215
346
0
0
0
0
508
2
87
208
7
0
30
70
0
0
5
0
17
848
215
0
0
2
258
0
0
5
0
0
37
54
7
65
1
115
0
17
719
61
0
11
14
14
53
53
0
43
52
233
56
342
0
22
0
9
171
0
10
6
1
0
0
0
0
1
10770
289
0
0
0
614
3015
0
4
0
5
586
48
0
1556
46
0
0
1115
3
0
28
3
3
0
398
0
1
0
0
3
0
0
12
2
0
827
0
0
7360
0
1
0
1
0
1
9
0
0
54
0
74
1335
0
0
43
115
144
0
403
5
19
5
0
36
0
218
0
0
1
1174
0
143
0
0
34
265
11
48
45
353
0
10
61
101
7
4
0
0
8
0
0
94
294
0
0
0
3
0
16
0
0
1039
0
3
0
1058
162
192
0
118
0
554
0
8
131
441
1
5
0
14
36
524
0
0
131
0
29
5
1
60
14
0
0
244
16
107
0
0
104
0
54
0
2
167
0
173
426
151
22
2
32
767
38
21
246
0
0
0
128
92
0
111
0
189
206
0
0
152
104
98
0
0
0
165
569
805
30
2145
0
15
0
1956
5
587
566
0
4
0
344
1
0
128
10
71
50
0
115
0
0
3
70
0
0
700
276
283
0
0
2077
26
72
0
299
214
407
1239
0
0
0
4973
0
736
0
0
381
6
1
0
1
0
0
12
0
0
19
9104
83
58
0
0
208
6
328
2537
196
0
331
86
467
0
0
1
0
167
0
0
13
127
1
246
152
421
0
164
1
111
0
803
0
1
0
87
415
371
10
590
3
0
5
531
136
0
1049
0
287
2
0
13
90
3
2
0
0
0
0
189
15
6
422
0
156
4
0
1
119
0
1
0
9
0
0
0
14
61
0
194
70
14
153
0
0
2
2297
301
6
721
0
0
155
1
96
289
0
95
820
16
514
94
31
5
190
0
0
576
0
0
875
3
0
266
99
49
0
0
2
856
4
80
24
285
683
148
0
0
0
35
7
318
6
159
0
233
8
15
0
1230
236
0
380
4
2
5
0
42
44
5
314
403
631
0
584
0
13
0
4
0
123
173
39
763
17
170
536
198
21
126
18
9
7
0
88
0
0
0
0
5
0
363
0
472
564
0
0
2
24
0
126
18
0
3
0
6
0
0
202
94
1663
0
15
0
0
1654
2
1
2585
0
121
224
0
67
0
0
3
7
15
502
929
71
121
173
226
0
138
113
0
0
0
54
0
0
175
0
99
66
7686
2
14
1124
306
39
0
100
0
0
34
0
131
275
194
68
117
44
67
12
0
23
37
40
179
412
8
96
38
0
0
3
0
412
65
119
0
1
0
0
2
0
11
1
221
3
108
3
0
0
0
0
93
5
0
30
28
0
466
107
0
0
0
0
213
0
0
809
336
11
217
2
4
588
170
0
0
86
0
0
3
0
0
0
249
909
72
151
0
1069
0
0
17
78
0
981
4
81
0
10
0
14
0
64
7
23
322
33
0
17
2
0
1509
215
93
2
24
0
4
36
145
6044
0
0
0
11
38
24
76
0
0
132
0
479
1109
766
0
31
1178
1521
464
56
0
0
0
35
22
20
0
42
30
26
0
30
6
17
0
2
92
0
7
141
0
227
27
431
192
228
34
267
0
3557
70
6293
48
123
3
7
259
0
224
108
784
126
2
2
5
69
3
0
365
34
213
25
137
302
0
569
8
510
739
260
189
302
0
3
0
208
521
7
3
2
287
2
337
7
0
92
1
11
0
0
278
160
0
0
64
10
66
196
75
0
0
0
0
66
0
0
800
923
174
204
4
19
152
472
92
621
50
0
35
36
38
0
67
39
62
1
321
24
0
0
0
0
0
4
207
0
1226
1025
221
0
861
344
26
6
356
9
0
0
0
0
0
0
6
56
0
0
246
33
0
346
7
0
516
240
757
0
0
0
576
458
639
148
0
546
281
10
352
36
42
0
31
516
112
449
5
0
0
155
223
86
237
31
357
1
2
0
0
20
0
0
9
45
0
32
4
0
0
0
278
6
0
4
23
62
1
85
77
23
0
0
7
193
0
141
70
32
1
0
0
7
175
0
14
10
0
188
13
7
0
2
873
727
718
85
2
16
0
786
0
0
10
266
54
0
47
20
0
0
0
84
71
213
105
26
0
20
4
73
0
249
143
19
0
10
0
183
5
0
0
71
58
0
1161
6
0
130
23
5
1
137
16
46
384
74
1426
0
0
8
47
61
562
0
1000
0
1979
48
1
221
0
814
0
195
27
530
558
0
1143
1227
0
0
0
0
0
2
0
286
78
3
99
96
0
13
0
39
6
0
0
361
208
407
494
117
544
1347
443
0
7
25
1
72
145
0
10
0
8
9
36
0
3
1794
0
25
79
212
21
0
0
0
30
31
199
0
0
663
1
2
0
835
136
652
0
56
0
0
0
0
26
0
244
0
16
0
0
51
78
0
4
0
30
1163
0
219
5
0
1
1
3
0
0
0
328
333
2
7
487
15
85
203
197
0
30
0
1352
220
34
173
0
16
0
3
0
26
0
401
2
99
69
45
0
14
0
38
0
27
39
9
3
4
0
0
0
118
0
131
0
0
0
0
916
0
0
0
44
0
0
0
11
9
0
0
1182
157
389
4392
1708
0
12
0
279
3
0
0
98
518
40
496
0
0
0
0
327
77
98
1
822
100
37
575
45
1
202
338
57
71
0
0
3
0
0
0
0
0
0
125
4
0
0
0
0
0
0
58
87
49
340
118
0
6
0
0
0
0
378
359
0
0
0
0
0
0
231
192
0
0
0
0
17
0
0
4
7
0
0
0
0
0
15
16
93
77
0
0
0
0
0
2258
538
2
607
30
0
2
53
145
423
2306
26
84
2
3
0
0
96
0
39
6
4
0
2
0
0
345
15
0
0
0
0
0
0
0
11
162
0
103
100
0
0
0
0
16
30
0
0
805
0
0
0
59
162
636
24
60
9
55
0
0
26
0
0
127
14
0
1
175
8
0
3
0
0
0
101
0
25
12
0
0
2
0
6
0
0
524
44
807
0
0
0
0
0
0
0
6
0
0
0
0
22
0
0
0
0
0
1
0
0
0
0
74
4
421
0
0
0
0
3497
18
156
14
287
99
60
68
21
4620
13136
175
0
18
34
0
0
0
668
162
84
0
0
0
111
0
0
2
92
0
0
105
25
126
121
5
0
0
0
27
18
0
0
19
4326
20
70
0
0
0
0
12
53
0
2
26
0
1
0
0
306
85
0
0
0
0
146
14
0
7
7
0
0
0
0
0
0
0
0
0
156
63
0
1
690
954
100
210
2639
0
0
4
9
0
0
0
5
5
0
1
207
12
0
0
0
10
16
0
0
0
0
2
29
9
0
0
7
267
107
263
36
71
1164
0
692
1005
14
0
0
0
0
0
0
0
0
25
0
64
0
0
0
0
0
2
0
0
0
0
0
0
429
66
1832
11
3499
5101
336
0
0
21
17
0
204
0
0
0
861
181
0
0
226
405
104
21
0
16
4
130
0
0
0
0
0
3
0
0
0
0
0
0
0
0
0
0
0
0
0
0
53
0
0
19
73
0
3
0
262
0
0
456
3
2954
114
61
37
0
61
0
0
60
8
0
0
0
0
10
0
0
13
0
0
919
801
1
1964
6
52
0
0
0
0
0
0
0
0
0
962
638
0
0
26
3
0
0
0
0
17
55
0
0
0
0
9
70
0
0
6
0
0
0
0
0
0
0
0
0
0
61
0
0
0
0
0
0
0
0
0
0
0
0
0
0
0
0
0
0
0
0
0
2
0
0
0
0
0
0
