BitA_1_2
4
0
43
2548
34
169
37
0
0
2
0
284
20
423
0
0
639
9
2
337
1452
119
0
14
0
728
0
18
6
20
16
15
0
256
2812
140
3
0
25
0
9
0
4
8
1
2511
0
261
0
299
0
258
0
617
0
15
604
101
0
1298
3
5
0
3
9
71
1
474
23
10
2212
499
102
25
21
0
1723
13
17
0
0
0
5
10
1216
0
252
349
26
13
803
0
409
0
0
796
27
5
113
1
29
0
8
824
198
0
10
0
0
956
0
0
28
0
18
0
0
165
220
891
8
13
0
206
69
516
331
0
2132
37
0
2
3
147
0
0
11
209
46
0
37
6
35
0
732
262
61
27
60
37
56
0
321
3
3
1195
0
0
32
444
0
0
2
0
200
101
161
254
0
0
0
24
197
1
1
146
120
4
0
92
521
698
0
206
26
439
274
5
109
0
0
591
375
25
0
128
0
1
8
76
84
25
4
42
15
1
0
113
39
36
0
0
19
0
0
15
64
20
0
25
441
1
16
567
0
3
3
246
56
95
0
0
89
414
1030
0
1527
50
4
0
0
4
9
504
1
61
123
962
6
4
186
438
16
0
1023
47
0
0
0
24
298
1142
401
3240
147
0
0
0
404
77
8
1149
0
0
178
3
0
0
1407
198
760
178
0
1791
2
1163
0
0
0
254
0
0
0
0
0
0
152
2
188
0
0
17
0
70
529
0
312
13
3127
0
0
0
0
0
0
335
0
128
468
0
47
0
679
201
0
190
34
30
5
29
530
415
121
0
0
413
53
25
0
0
2001
339
185
830
0
24
214
48
306
2
1409
1
98
51
53
51
666
407
106
0
10
7
3
652
0
0
0
345
451
5942
191
1348
18
2
0
4
15
3
0
372
0
260
0
0
3095
0
105
51
90
0
302
0
0
170
398
42
62
0
311
135
121
0
0
0
1
147
16
0
2
0
0
124
7
3959
17
302
5
501
0
0
1967
252
4
0
105
0
29
1002
84
1
193
49
20
15
50
2
231
2
0
2
6
0
654
1128
0
14
1186
261
150
0
0
0
26
8
1
9
0
0
0
0
12
26
0
0
0
50
118
0
571
2
47
0
498
0
0
1
15
0
493
236
1082
63
400
1389
506
43
0
0
21
0
172
138
143
158
0
129
0
12
0
0
60
0
1205
72
68
426
18
0
53
0
25
0
5
686
7
524
73
0
26
0
1704
285
0
777
0
96
28
30
27
68
114
145
1061
0
14
206
546
184
204
0
1
0
60
0
504
175
0
0
270
2
1
0
12
0
0
0
12
4
0
0
0
1327
0
235
0
134
0
0
0
441
789
70
1
359
3
312
86
71
0
62
0
103
1
1680
15
39
8
27
0
3455
0
9
0
332
0
1255
287
23
7
5
192
0
0
0
5
322
1
0
0
0
1676
2
231
680
10
0
172
14
53
54
3
8
0
2
0
6
45
0
0
0
13
0
0
73
0
76
235
223
627
101
1345
16
0
4
3
0
0
11
0
193
515
454
8
627
13
263
3
0
938
96
1
157
0
2
403
4
430
137
11
0
1
0
99
0
3
5
263
0
0
0
0
699
26
600
20
47
0
0
0
0
136
116
37
575
0
47
142
3011
1
12
4
0
39
3
197
1
13
1
101
197
0
293
0
24
0
0
54
22
188
1
277
1678
22
33
38
1001
794
2
0
318
750
31
36
3
1097
0
0
3
9
219
380
8
44
84
70
0
113
0
51
44
158
0
406
0
345
0
0
0
0
0
0
1015
1039
0
0
248
6295
0
355
80
245
272
104
131
1
0
242
2
6
68
0
18
994
0
0
1045
178
144
54
120
170
331
28
65
111
0
0
7
578
0
192
4
0
212
28
0
0
1
11
2
0
1
8
0
66
18
2
14
0
236
134
563
54
44
0
489
4
0
2
0
35
0
277
49
1
0
0
0
0
1
23
95
8
2
0
14
3
265
211
0
19
10
20
0
0
388
0
418
745
629
7
506
110
707
236
9
24
265
0
184
104
11
814
4
165
79
304
2
2
438
1
6
43
17
333
460
5
0
0
0
0
0
806
686
19
1
0
1
3128
0
3
1448
11
129
0
54
1
0
597
83
322
389
104
10
0
11
0
0
61
1422
677
0
0
1
0
557
63
0
43
41
0
62
110
171
39
0
213
3
0
648
8
2
2
0
283
0
183
354
59
110
433
6
103
0
3
57
337
486
327
23
2
150
21
0
1803
287
0
60
2
448
0
0
24
525
0
30
0
2
5
0
0
2
0
267
237
236
0
0
26
36
29
0
0
434
48
21
128
6
15
0
0
30
41
0
1061
97
223
1073
15
172
0
0
83
0
2887
109
14
0
731
466
450
74
1128
0
100
0
0
4103
0
0
0
0
129
0
0
0
0
55
556
589
625
95
0
0
0
128
64
8
2
0
0
76
1239
851
84
63
0
0
85
208
16
0
0
0
35
0
1667
500
2614
1348
0
0
0
0
0
112
0
0
7
186
80
175
0
11
1226
571
0
433
1167
141
94
82
158
0
0
241
5
3
33
0
2
1
10
0
70
44
2
0
3
0
0
1585
329
0
0
7
15
116
0
0
0
0
102
40
0
217
13
0
70
4
448
871
0
520
98
32
5
6
17
2
0
0
0
375
1191
105
182
97
124
491
178
116
322
1
35
359
91
79
0
0
9
0
8
3086
12
681
0
0
363
119
1
2
333
114
145
309
2
287
266
0
21
9
9
0
73
0
4
557
419
173
3
0
632
0
0
0
121
27
1694
1275
0
21
2696
56
231
198
88
51
1121
363
0
0
25
0
548
15
506
0
922
0
535
0
359
869
31
0
715
1
0
131
0
322
644
5
0
6
937
0
762
0
0
4
50
0
301
0
0
11
0
0
4
2
29
1
88
34
145
2
550
174
59
385
788
0
0
2782
5
0
0
89
76
213
2
173
0
1
2
284
36
0
0
301
0
8317
0
0
0
22
13
225
155
274
62
0
242
6
177
0
10
160
239
46
0
4
215
0
184
1432
261
0
0
8
5
1450
104
1
115
22
11
21
0
41
0
0
1
775
0
638
21
0
29
15
0
33
2
300
0
51
138
0
74
8
366
0
0
0
143
0
7
0
118
4
0
0
78
6
0
196
0
232
4
0
11
56
0
3245
1
1
4027
21
1023
0
203
7
44
0
2
0
236
144
0
0
5
62
40
0
0
35
0
0
63
0
357
0
0
4
38
462
11
0
0
6
135
1282
335
0
0
0
204
6
0
897
572
48
128
5483
0
87
203
48
87
38
539
0
11
162
3152
62
24
56
78
142
0
0
524
52
9
249
40
347
14
372
176
94
0
66
0
51
0
2
2
4
526
0
57
0
1747
1
67
902
71
66
0
0
0
6
32
0
385
0
0
292
137
0
5
0
2
103
0
296
0
20
22
0
22
0
0
12
0
0
57
0
0
23
0
0
0
0
0
0
6
751
2
566
0
615
172
89
0
0
140
1
2184
44
0
0
0
3
24
22
936
197
401
0
611
24
300
631
0
0
0
1462
0
133
306
4165
5121
0
0
0
52
0
2
0
0
169
0
5
1523
559
1161
7
2
251
0
30
0
270
286
104
803
0
1181
1
154
19
47
204
0
17
0
0
3
0
2
0
998
232
0
2236
111
2
0
12
256
407
350
46
571
4061
7
658
0
145
497
228
323
473
0
25
1
310
104
0
0
490
11
35
0
0
65
202
435
0
0
0
29
408
0
824
0
3
67
11
0
840
3733
2
287
0
0
8
504
0
549
0
119
2
3
1280
28
6
34
0
1
5
8
579
2
8
0
9
0
0
27
177
32
12
0
23
23
0
1
4
127
0
12
24
0
58
42
103
0
0
0
0
64
0
1
0
9
172
419
22
1042
2943
97
883
149
4147
0
90
1
167
15
1
1024
0
125
74
0
5
5
0
1020
34
0
74
185
0
118
2
2
0
0
44
0
0
1899
293
1
0
338
3361
299
3
0
32
0
108
0
2649
0
677
16
0
21
0
157
0
0
0
0
40
0
0
0
0
16
790
114
19
0
196
42
59
12
0
59
83
0
217
0
253
5289
2004
0
325
6
0
0
1353
47
0
0
0
0
9
627
16
0
0
7
0
0
0
1
0
18
143
0
0
187
175
1159
846
187
489
0
0
22
21
76
0
0
0
0
379
98
0
698
65
1862
34
0
2
80
114
31
130
0
0
509
217
0
0
58
0
2
0
369
0
0
18
0
67
71
0
3
19
0
46
346
0
0
0
0
34
1125
40
4
0
204
0
607
79
567
0
56
1934
468
0
0
5418
479
828
2699
38
0
17
0
0
0
0
81
0
18
13
0
325
1062
5
0
0
0
0
0
49
73
185
0
0
17
12
30
2
256
1051
163
731
285
23
0
0
0
427
8
0
0
22
42
9
62
3
0
0
0
107
32
108
42
0
0
0
0
0
0
0
229
4
4
0
87
0
56
3
0
110
355
0
7
3
832
0
927
6
0
34
0
0
0
0
0
1042
7
4
20
42
5
173
172
33
0
30
0
1
0
0
158
0
628
535
1014
166
0
90
56
8
5
17
417
149
0
7
0
2074
6
23
2
72
5
21
1
86
0
0
1
406
14
296
109
122
274
19
0
0
14
0
6
111
225
249
0
45
4
64
28
0
0
150
0
35
0
0
89
38
19
56
65
1095
10
0
188
0
700
0
1
1
86
21
152
124
651
1
2475
66
0
3
89
0
0
6
276
1055
15
1
77
7
2
8
3
17
0
44
254
15
8
1884
337
11
1200
0
60
29
0
0
686
0
98
0
13
9
40
12
0
1
1
2101
0
253
353
7
0
2484
47
0
0
2
9
6
20
1133
67
284
0
0
0
0
0
0
7
108
0
0
57
0
11
5
0
25
18
0
0
0
5438
0
20
0
48
142
550
408
3619
5
1973
4
3
10
5
3
34
1267
0
438
641
0
19
218
0
567
2
0
18
1175
0
69
156
0
0
2599
0
82
307
0
0
49
392
0
1
266
548
0
766
0
1128
0
5421
40
0
158
3
59
135
1042
10
727
5
22
0
1679
176
151
20
1813
0
100
21
743
205
0
269
2
121
232
218
2
2
0
4
48
82
0
30
1801
355
1427
617
0
0
0
19
23
105
0
308
167
13
638
868
0
98
230
67
0
0
2
0
1003
0
178
0
171
5
1
0
1
16
0
0
1495
1320
0
0
122
11
16
0
100
8
348
28
2
0
437
389
0
21
4
0
0
0
1931
549
11
0
1299
22
272
242
57
151
0
3
20
0
6
0
2
9
32
15
77
304
0
0
82
550
0
0
143
0
0
0
818
613
78
1
0
742
0
585
490
0
0
111
0
0
1
39
252
17
0
0
0
11
20
67
0
5
0
144
19
0
0
0
15
0
303
111
20
0
0
315
2241
8
127
0
63
0
59
29
0
636
4
0
23
197
91
0
14
2
20
147
3
19
0
180
0
681
0
0
40
52
2
9
0
11
0
0
6
67
25
0
37
0
0
26
36
25
0
0
419
0
0
0
57
13
9862
0
32
274
270
0
109
0
0
0
0
283
107
629
5
142
0
0
231
6
0
54
0
229
1147
0
257
0
240
0
1392
5
469
178
0
6
0
0
0
0
5
0
7
0
18
0
0
15
591
447
80
0
0
392
55
1
364
952
9
339
49
0
891
178
0
100
1
0
0
647
9
405
0
37
5
0
13
1144
582
0
369
63
38
3
0
183
748
0
288
0
0
493
10
260
115
0
70
7
0
224
203
11
17
3
0
0
0
0
193
335
537
0
16
0
173
0
0
284
0
74
76
4
706
135
6
74
53
0
11
890
120
0
423
5
88
447
34
59
3400
339
0
0
21
402
129
0
3
52
6
0
0
0
39
143
0
62
0
0
0
0
2
350
9
238
2
1
28
19
307
0
0
0
0
200
309
50
47
0
0
306
0
0
0
25
1154
2942
0
13
1782
34
184
357
0
242
0
0
10
694
47
0
19
41
200
30
0
0
13
0
0
1611
0
0
1728
7
159
15
2649
257
0
1
259
2297
46
1302
431
0
59
46
670
1
73
29
13
37
0
0
0
304
0
10
2919
0
2977
0
0
28
0
27
2
229
378
0
608
28
88
0
78
754
4624
16
36
142
8
627
176
0
16
0
283
2
1
0
382
450
1
1257
4
51
9
237
0
72
435
1455
59
92
150
0
278
4
834
570
10
1412
0
547
181
178
184
17
0
20
0
0
31
182
10
0
222
0
2
38
14
2
0
3696
332
143
315
75
109
3
1
2
48
0
852
0
13
0
0
3
3492
0
151
406
4
502
0
8
247
57
19
1060
0
0
352
0
0
0
1
43
0
0
0
39
373
66
0
26
0
4
272
11
0
0
1125
219
865
292
0
1781
39
0
0
181
40
0
0
0
0
55
142
7
0
12
0
0
0
7
8
85
1366
157
199
12
107
2
4473
0
0
11
83
0
12
438
0
129
7
82
130
0
978
327
51
481
127
0
0
480
1171
422
271
0
0
132
0
0
3
0
1457
4
2410
290
119
206
386
0
8
0
0
64
0
198
0
1
212
68
11
121
11
658
32
0
25
252
0
98
0
69
13
119
102
0
1231
64
0
31
13326
1
96
835
507
455
372
391
1630
72
1693
0
766
2153
0
138
18
13
0
0
174
0
199
89
2911
0
25
308
133
0
2320
160
129
0
1
0
0
1966
4
7
927
0
562
0
50
2
0
733
64
3
0
1631
120
0
0
4
0
199
0
104
2
1298
14
213
46
764
0
3
94
1958
0
6
8
52
203
103
5
90
330
166
0
1
160
63
247
0
0
30
42
0
63
227
0
147
2
0
0
0
0
3
0
5
52
0
0
1
2
19
0
0
1269
32
0
0
5480
0
1
2
7
0
87
1
139
1
1
92
0
0
0
4
5
0
176
71
0
0
0
56
0
0
0
164
102
3
0
0
406
0
0
0
10
0
0
2
0
8
0
1
0
0
213
0
0
36
1402
0
0
13
0
7
228
63
280
12
5
10
0
60
0
0
0
74
0
168
0
0
32
1
19
0
67
0
0
410
56
0
312
27
0
2033
105
10
0
31
271
0
0
23
0
0
51
26
132
0
235
16
0
2
1679
615
17
3
250
0
5
86
0
25
35
0
44
0
0
0
4
644
0
2
0
0
1067
0
232
24
11
0
0
58
903
470
256
0
0
1
0
0
0
0
0
0
257
0
0
103
0
0
0
0
0
93
2387
79
0
0
40
1
0
0
0
0
0
0
0
0
0
0
0
0
18
0
0
21
42
0
0
0
87
5
79
4
0
0
0
0
0
0
35
0
0
0
0
0
0
267
0
1
10
26
462
0
1
0
0
0
0
8
0
0
6
0
0
0
0
0
10
0
7
0
0
0
6
4
0
0
0
0
0
0
0
0
0
0
1
0
0
6
0
0
0
1318
0
0
0
44
0
0
0
0
1337
0
0
100
59
0
14
19
0
3
0
0
0
0
0
96
98
0
0
0
21
323
70
0
43
0
1
0
0
0
0
0
0
0
0
0
44
0
0
0
1045
0
2
0
0
0
0
0
0
63
0
95
0
40
0
18
0
5
0
0
275
0
0
1
0
18
0
0
0
0
96
7
0
9
0
6
103
0
0
0
9
55
0
58
0
3
0
168
0
11
0
482
0
0
4
0
22
0
0
0
0
150
0
0
0
0
408
0
8
1169
606
2
0
50
73
0
0
0
0
0
155
0
0
108
0
73
1
0
0
3
13
0
0
0
10
0
83
3
0
625
0
5
0
0
0
16
0
0
0
0
0
0
0
11
0
10
0
0
12
157
0
63
0
0
243
0
0
1
0
0
226
0
0
27
0
0
0
0
0
0
17
0
0
30
0
0
44
2
0
2
0
71
7
0
0
41
0
0
11
0
0
0
37
0
5
0
0
0
0
0
0
0
0
0
0
0
3
0
0
0
4
0
0
0
0
86
19
1
91
13
4
0
0
0
58
0
0
0
0
0
5
0
0
0
0
0
0
0
1
0
119
0
61
0
2
0
0
231
0
0
0
108
0
5
0
0
1
19
3
5
0
9
11
0
0
0
0
0
0
0
0
0
0
9
0
1014
0
0
0
0
0
0
0
0
0
0
0
43
78
0
0
9
0
18
540
0
0
0
0
0
0
4
0
1
0
2
0
0
12
0
569
157
0
0
0
0
0
0
2
0
460
3
0
0
0
0
4
0
0
0
929
35
0
773
0
0
124
3
0
1
0
0
0
0
0
0
2
0
0
0
1
31
0
0
0
0
0
0
0
0
0
0
169
0
0
0
142
19
0
217
0
55
0
0
0
0
1
13
0
0
0
1
0
0
13
0
0
0
0
68
0
0
267
0
0
0
3
0
1
0
0
0
0
0
27
0
0
0
0
165
0
0
0
0
62
0
0
0
0
0
0
0
0
0
0
270
16
0
0
0
340
836
0
0
0
2
38
0
0
0
0
0
0
0
0
6
0
50
0
0
12
0
26
65
0
8
1229
0
0
0
0
468
0
29
0
0
0
0
0
2
0
0
0
265
2
6
0
0
10
0
183
0
0
0
11
2
0
0
1
0
0
0
10
0
17
0
0
0
435
0
0
0
0
0
0
0
0
2073
0
186
5
0
0
0
0
0
0
0
206
0
1
347
1
0
182
27
886
1
0
0
0
0
89
0
0
1
0
369
5
0
0
0
0
0
0
0
7
57
11
0
0
2
0
0
4
0
1
5
42
1671
0
0
9
26
1274
0
561
2
0
0
221
0
0
0
6
35
0
0
0
0
68
5
4
0
82
0
0
0
0
0
0
0
26
0
0
0
0
46
0
31
0
1
16
0
48
0
0
2
0
0
585
0
0
0
180
0
0
11
4
0
4
0
0
0
0
61
0
0
0
0
74
673
235
0
0
0
0
0
0
0
0
499
0
11
0
0
0
0
0
967
0
638
0
0
4
0
0
3
0
0
13
0
3168
0
0
0
0
0
0
66
0
0
0
38
0
150
1
0
19
0
971
0
0
0
92
0
3
0
0
0
2
0
0
13
0
0
0
1
299
0
0
0
0
623
0
0
0
265
0
3
2
65
471
0
39
0
0
0
0
2
3
0
0
598
2
18
0
0
0
0
0
190
138
0
2
69
0
630
0
0
4
0
4
0
0
30
0
0
0
0
67
12
0
0
0
0
11
2
0
0
62
28
0
0
1015
4
127
82
4
0
0
0
0
0
3
0
0
184
0
0
7
50
0
0
0
1
0
0
0
0
0
0
1723
0
9
3
0
0
0
2349
70
5
12
0
0
0
0
13
25
0
117
0
3
0
7
0
0
0
0
0
0
0
0
254
3
0
0
0
999
6
0
0
2
4
0
5
0
0
0
20
25
1
0
0
0
0
147
0
208
2
0
9
0
0
1895
84
0
0
67
143
0
151
71
0
0
38
0
0
0
0
17
29
72
0
0
0
0
0
0
2
0
0
0
0
0
0
241
116
0
908
7
0
0
0
0
102
0
1
5
0
0
0
0
1
0
29
107
4
224
0
0
0
3
0
0
1
4
315
0
0
0
99
0
0
0
3
0
0
0
0
0
0
0
0
0
68
100
0
0
0
0
0
0
167
0
787
0
0
0
0
0
0
2
727
0
0
91
6
0
0
35
0
0
778
3
0
13
0
0
1
0
0
50
87
10
103
0
0
0
10
21
123
0
0
0
0
2
0
0
0
242
301
9
0
248
0
0
0
0
0
1
5
112
955
0
0
0
0
0
0
176
0
0
0
0
0
0
64
5
0
0
0
0
3
0
40
0
0
0
0
146
0
0
0
0
14
5
0
0
0
0
16
0
0
175
0
0
0
0
0
0
20
0
0
0
0
0
52
0
0
0
0
11
0
4
0
0
0
0
0
0
80
0
2
28
46
0
0
0
84
0
0
17
0
0
248
1
0
0
0
298
10
0
0
28
0
11
14
1
6
28
0
0
0
91
0
197
2
0
121
0
290
0
1042
175
0
0
10
5
67
2
0
0
0
8
4
5
0
5
0
0
3
0
34
314
368
0
5
0
6
9
0
13
3
0
0
4
0
0
0
0
5
0
660
27
587
1
0
0
128
0
0
0
0
17
1
0
514
587
0
0
0
0
0
7
390
0
19
20
0
0
0
0
34
0
0
0
28
0
0
0
4
0
0
0
30
4
0
0
268
0
0
0
0
11
0
0
0
0
0
1
0
0
0
0
0
0
2
0
20
5
0
0
1
49
172
3
0
0
260
0
0
396
0
0
5
0
443
4
0
0
0
138
1288
0
869
1
0
3
0
0
0
0
7
0
13
0
0
0
0
0
0
83
0
8
0
0
1
0
0
3
19
9
69
0
0
0
0
305
0
0
88
0
0
12
26
0
478
93
0
0
0
0
0
0
0
0
558
0
0
0
90
73
0
0
0
0
106
352
15
0
8
12
30
0
2080
2
29
0
0
107
0
371
656
45
295
0
0
76
0
458
0
0
22
0
0
0
0
0
0
0
1067
0
0
3
0
5
0
0
0
2
3
260
587
0
3
0
0
0
113
0
0
218
30
0
0
6
0
0
104
0
0
0
0
0
0
0
0
2
0
5
0
12
506
7
20
0
0
0
0
0
38
39
0
0
0
36
13
0
0
7
0
0
0
0
0
0
0
153
403
0
0
0
0
0
0
0
164
199
0
33
49
0
0
0
231
0
0
0
38
0
33
0
126
0
1
0
353
0
0
0
0
0
0
1
0
0
0
0
0
0
4258
152
3
1
3
2
0
0
0
102
361
474
0
1
190
0
12
0
0
2
2
0
0
0
206
0
2
53
85
3
0
41
0
568
0
4
0
0
0
878
2
31
0
0
1466
74
0
0
0
0
0
0
0
610
5
0
261
0
0
0
176
0
0
33
0
0
0
4
0
1
47
0
43
31
0
0
0
0
7
0
246
0
1538
95
0
0
2
0
0
177
1279
0
0
2
0
2086
0
0
153
0
0
0
475
0
819
673
2
0
4
0
0
0
0
0
0
0
0
1
1652
0
0
0
52
0
0
0
0
0
0
0
0
0
28
0
517
50
0
0
3
1
4
0
0
0
2
9
371
16
0
0
0
76
0
0
0
5
54
0
0
9
0
0
9
0
0
0
1210
0
0
1
0
54
0
292
0
5
0
80
0
0
2
119
0
4
0
0
99
9
19
0
0
0
366
0
0
0
4
0
0
0
425
18
0
738
0
6
353
0
0
1865
0
2
15
22
0
2
0
0
0
0
0
0
0
0
6
0
0
0
0
0
0
4
0
0
0
2
406
0
0
0
95
0
0
0
0
0
2
0
1
0
0
0
24
0
0
3
0
0
0
6
416
0
5
0
0
1029
2
0
0
0
221
0
0
0
0
0
10
418
0
2
0
0
0
10
1307
13
95
7
418
0
0
9
0
0
0
5
0
18
0
30
0
0
0
0
0
10
0
326
0
0
29
0
0
0
0
0
1204
34
1187
0
0
0
0
78
139
0
0
112
873
0
1
0
13
0
0
0
0
0
1
17
0
1135
2
3
0
6351
0
7
20
0
0
0
2
0
0
0
0
52
0
58
0
275
0
82
204
0
0
0
54
0
2
0
107
11
1
107
28
2
157
0
0
0
15
0
0
0
3
104
300
0
0
0
0
14
3
0
0
0
0
6
0
31
0
61
0
1
0
0
0
0
31
0
0
3
0
0
26
743
0
0
0
3
1
0
0
1
0
0
4
0
0
2
6
154
0
1
0
0
0
14
4
0
0
0
0
0
0
0
0
0
0
1
0
1
0
2
13
41
2
0
0
0
0
0
0
0
0
2
0
0
6
0
32
0
0
0
0
251
943
0
0
0
6
0
0
0
0
0
0
0
0
0
1
0
0
0
0
0
88
0
554
0
481
0
0
164
0
0
222
0
0
0
0
0
0
1378
0
43
0
0
0
0
0
12
0
0
611
0
82
2
0
0
0
0
0
0
681
0
0
0
0
0
0
0
0
0
0
0
0
0
1
0
0
0
13
0
0
0
0
0
0
0
0
0
122
0
1
0
0
0
0
20
0
0
0
0
0
207
0
1527
0
0
0
1
0
0
0
0
0
0
0
69
0
0
0
0
329
0
315
3
0
0
0
0
0
544
0
0
146
0
0
0
6904
0
0
4
0
14
0
205
29
17
80
0
0
25
4
12
254
127
0
0
0
96
0
0
4
0
0
603
0
0
0
2
8
0
659
0
26
0
0
0
546
0
0
60
0
155
0
2214
0
14
0
112
16
0
0
1
3
0
0
0
0
0
0
0
0
0
0
0
0
0
0
0
0
0
3
0
0
649
0
124
0
0
11
3
0
0
2
0
0
202
0
0
0
3
0
0
0
0
0
0
10
0
0
0
0
0
0
0
0
0
0
3
119
0
0
0
0
0
0
412
0
0
0
0
0
1
0
0
0
0
0
0
0
0
0
0
2
1
0
0
10
0
0
0
0
0
0
0
0
0
0
0
0
0
0
0
0
0
9
0
0
0
0
0
3
0
0
0
0
0
0
0
0
0
0
0
0
0
0
0
0
32
0
0
30
0
2
0
20
0
0
0
0
144
478
0
7
0
2
0
45
0
0
264
0
0
0
0
1
0
0
5
0
0
0
0
0
0
186
0
2
0
0
0
0
2
0
235
0
2
56
62
35
0
0
0
0
0
5
0
0
3
0
0
43
0
0
4
0
0
0
1172
0
0
0
0
0
0
9
0
2
0
0
0
4
0
0
0
0
0
0
0
553
14
35
0
3
0
0
0
203
0
7
0
0
0
0
1
512
0
0
0
0
0
951
0
3
347
102
0
0
0
1
1
0
13
0
0
0
0
0
0
0
1
0
456
0
0
0
0
0
0
366
0
0
0
0
0
1
13
0
0
51
0
341
0
0
0
368
4
0
0
0
0
1
44
244
0
0
0
0
0
0
0
0
54
0
0
0
0
3
38
0
4
1
0
0
0
0
3
0
0
0
0
0
5827
105
110
0
23
0
0
75
10
0
22
9
30
796
7
3
0
0
2
4
3
0
0
0
0
0
0
14
551
3
0
322
0
828
81
267
0
0
0
0
0
11
0
0
408
3
0
130
8
40
4
0
304
124
89
549
0
0
0
262
7
0
12
17
0
0
24
0
44
102
0
169
2
4
0
36
0
10
0
0
128
0
0
0
957
0
24
0
0
7
0
0
112
0
141
121
258
0
29
0
2
0
0
0
339
21
80
12
33
0
27
0
73
1
1
231
14
0
3
102
3
115
6
1868
206
0
0
2
64
0
4
5
0
0
0
0
0
380
0
371
0
619
0
0
0
0
0
6
17
0
0
0
0
0
0
0
0
122
84
27
0
0
541
0
0
17
0
0
21
0
0
423
0
11
2
0
0
5
11
164
0
0
258
0
26
0
70
0
11
0
86
0
1
66
0
0
423
172
2
3
0
8
0
0
44
0
0
4
0
0
755
0
0
0
4
0
13
2
1
4
0
0
352
842
0
1
217
0
364
0
181
9
144
0
42
0
0
6
422
0
96
1
5
4
215
0
0
0
29
7
30
0
7
0
0
0
0
0
0
417
0
0
0
0
0
0
2
1
1
177
0
0
1
0
0
6
4
0
2163
18
246
0
5
0
0
13
92
0
594
11
0
1
19
0
0
140
0
4337
84
994
0
0
165
103
65
9
9
0
2086
0
219
175
216
0
460
0
42
959
638
0
0
0
3
1331
0
2920
0
0
1
0
6
103
12
3
0
0
0
130
7
22
91
37
182
433
3
589
0
6
0
260
70
7
0
135
109
0
210
0
64
76
0
5
0
22
0
0
0
0
0
279
1
4
4
1575
6
0
9
39
0
94
119
70
5
0
69
78
0
0
7
0
0
0
0
0
0
0
0
0
10
0
0
0
629
67
30
0
68
0
0
0
580
0
0
63
5
35
0
0
409
75
4
76
0
0
3
0
292
0
40
0
3
0
0
3
0
1
35
0
383
103
11
0
6
504
191
0
0
209
13
79
0
24
0
348
11
0
46
1
0
0
7
412
0
93
0
8
907
41
54
20
39
0
3084
26
0
26
3
10
688
0
0
101
51
386
0
58
856
0
0
15
32
89
3
347
0
0
0
0
0
0
12
117
0
0
186
0
136
5
0
51
0
0
0
2
0
140
0
95
118
0
0
0
0
0
0
0
889
15
536
1368
1190
13
0
37
22
0
26
0
0
0
860
1563
0
366
3
0
2
1143
0
0
83
0
0
0
38
0
17
0
13
0
248
0
39
0
27
0
0
92
0
0
76
2
45
564
45
0
1
49
300
471
0
0
0
0
0
0
501
45
0
1553
0
0
0
49
9
400
7
1
11
0
91
25
261
679
1
0
0
0
0
107
0
0
0
0
0
0
12
0
1563
0
83
130
0
0
0
0
42
215
0
0
0
0
12
0
26
1146
0
0
0
0
38
1
26
0
33
0
0
0
70
25
0
1
2
0
819
0
0
80
0
2
0
2
93
0
94
108
0
0
0
0
6
294
0
0
0
0
414
17
0
76
0
34
0
15
188
0
83
0
0
0
0
32
0
0
378
0
0
0
0
0
0
71
0
102
21
12
0
0
222
22
0
6
0
544
172
10
0
0
0
0
0
173
41
0
3
11
2
0
0
0
0
0
153
0
2
0
0
0
0
0
2505
0
47
1
0
0
17
0
0
0
0
994
0
0
0
126
0
126
0
8
0
0
208
3
0
2
0
0
0
0
0
128
0
4
0
695
3
10
5
0
113
0
708
0
0
0
2
2096
124
0
154
43
0
0
10
16
189
0
85
19
9
3
0
0
0
8
4
22
914
78
95
0
0
25
0
19
0
0
351
1268
0
162
0
0
0
16
0
28
224
0
1
64
2
397
56
68
0
0
210
596
3
56
0
1271
0
18
0
0
0
0
0
5
273
764
159
70
17
0
0
2
0
227
68
0
2
2
592
2
0
66
0
0
191
38
0
125
8
0
1035
1
0
89
0
0
0
0
0
1344
0
2
0
10
0
0
0
34
0
0
543
0
0
0
0
1
0
32
4
215
53
4
0
0
2
0
0
0
1028
221
1
6
14
336
0
37
22
0
0
5
4
0
0
0
3
0
0
0
0
31
0
0
151
2
18
0
1
38
0
4
0
0
0
9
0
0
0
20
0
11
37
1
0
0
0
0
0
0
0
75
6
0
4
6
0
0
0
0
0
12
69
0
0
11
5
983
0
0
29
99
0
31
3
0
0
0
0
0
0
0
19
0
0
19
19
0
0
0
32
0
145
1
0
2
542
110
2
0
4
107
40
0
0
38
835
0
50
0
91
26
1355
223
456
0
5
716
2
0
519
0
0
10
49
0
3
48
0
0
163
0
0
0
6
2
0
33
0
0
0
0
38
0
0
0
0
0
74
113
65
7
0
0
16
476
0
111
195
0
0
0
0
16
1
0
103
0
74
5
0
28
26
532
3
2
8
0
0
0
34
32
1338
0
13
15
9
0
0
0
0
0
70
916
0
0
0
0
0
1
71
112
0
36
0
936
106
0
1
0
269
2566
0
442
0
0
44
300
43
0
8
15
0
3
11
34
6
1
40
0
3
9
0
8
532
169
508
3
0
246
2
7
0
17
0
0
53
0
0
0
6
119
43
0
3
0
0
34
507
0
7
0
6
2
0
442
0
0
225
682
992
972
11
0
89
3
34
0
3
0
130
1
0
0
0
0
6
0
8
0
1
0
77
5
419
0
16
0
117
20
0
1638
0
3538
0
0
0
152
60
28
0
666
0
0
38
105
614
32
6
825
26
31
0
33
14
543
17
1
0
0
0
17
935
0
171
0
38
14
0
1
19
253
0
148
15
681
533
13
4
0
35
0
0
4
0
553
476
367
13
116
0
182
0
62
0
2
106
89
0
0
0
331
0
0
0
37
10
137
0
852
0
2
8
0
7
145
0
242
54
11
14
403
147
92
42
12
0
272
6
0
0
454
0
4
46
4
0
0
127
0
1
0
0
0
0
87
777
40
0
531
302
0
729
0
0
0
9
0
477
281
0
155
25
0
0
0
0
0
29
33
26
0
66
0
0
0
0
19
0
419
0
0
388
0
0
0
27
0
0
0
6
29
0
0
0
5
130
0
0
425
1
5
0
30
0
0
74
0
129
0
12
178
0
6
4
12
0
579
32
282
0
0
553
228
8
67
22
0
0
0
0
91
22
5
3
0
1
1
33
2
76
0
124
1
40
28
40
0
37
0
0
3
0
14
86
17
119
819
669
38
110
0
0
0
25
0
176
0
0
0
0
886
8
20
280
102
526
278
0
0
9
0
99
0
26
0
0
684
73
9
0
137
28
0
7
0
82
115
170
2
0
0
0
148
0
0
0
723
42
0
14
65
0
156
0
20
21
3
0
22
0
0
185
464
0
55
0
142
0
0
0
4
0
321
0
0
3
0
0
1
0
0
0
5
0
0
1
16
721
204
485
6
0
0
0
48
53
0
0
0
0
6
218
162
0
0
0
69
0
1
0
0
13
1
0
0
0
0
22
0
0
10
0
2
12
40
26
1
0
0
12
146
32
0
32
0
230
0
0
0
0
0
103
0
162
0
137
0
149
12
0
797
533
259
0
0
12
0
0
0
68
0
9
42
4
5
35
74
15
4
8
265
0
67
0
31
1067
2
0
0
22
7
20
67
54
90
26
37
8
0
5
37
0
593
0
6
0
35
0
0
7
0
0
101
38
159
20
2
0
0
0
35
103
6
150
0
1
146
0
1020
0
0
17
809
0
0
22
0
0
3
69
0
0
360
3
0
3
0
0
33
0
0
1
0
0
2517
9
47
1
0
0
1
330
20
126
136
168
938
105
0
91
0
478
30
0
635
0
169
0
37
1
103
0
80
0
0
3
0
3
6
0
3
2
49
4
0
1
0
163
56
0
467
0
0
0
103
0
0
0
0
32
0
187
1318
0
259
0
0
70
74
20
0
0
31
17
0
0
0
153
0
0
0
75
0
9
0
0
2
0
22
192
63
112
1
8
534
0
0
9
9
0
1074
0
0
6
158
0
448
108
11
0
0
0
0
0
0
0
0
260
29
435
0
119
0
0
28
1148
7
45
1
0
13
3
17
3
0
0
0
337
4
8
91
0
0
0
0
0
13
0
3
62
0
0
45
0
613
0
0
0
0
501
3
246
157
0
0
1
0
0
0
458
0
0
0
0
0
0
2
0
2
73
0
2
0
3
0
139
16
0
97
0
29
23
1
68
0
0
0
0
0
71
0
0
2
0
1
2
0
2
13
0
625
0
1
1015
0
3
0
98
0
0
15
267
9
259
0
3
21
0
0
0
0
4
3
17
48
2
13
0
0
0
0
0
0
0
4
0
1562
0
51
458
1
0
0
3
17
0
0
253
0
0
805
0
0
3
0
429
2
0
0
0
0
0
57
12
0
4
10
3
2
0
404
0
75
0
0
31
0
0
0
78
25
8
13
47
293
0
17
0
178
21
0
1
0
0
0
0
0
0
0
0
639
0
0
2
0
2
112
0
2
0
310
0
0
0
0
278
7
0
0
0
359
443
0
31
0
0
36
89
45
258
0
0
0
0
23
0
2
549
8
61
32
0
941
311
0
7
5
17
0
3
3
37
279
0
0
3
0
7
0
196
0
2
0
0
0
502
32
0
281
165
176
199
0
37
0
5
18
33
0
153
219
0
58
91
160
599
0
0
538
0
10
2
0
0
0
717
0
1043
0
68
684
14
156
0
0
0
1
20
0
40
0
0
0
98
2371
0
452
195
12
0
11
0
61
0
0
0
0
0
0
242
4
0
0
0
0
0
85
0
9
74
0
769
0
6
0
0
83
36
0
92
0
0
0
0
2
0
0
2
0
0
233
0
111
2
39
13
117
124
0
55
0
0
0
0
2
0
76
2
0
58
33
0
0
120
0
0
0
0
6
9
0
166
76
0
44
111
0
0
79
1005
0
0
0
16
0
0
9
461
112
13
0
0
0
3
0
18
118
646
0
201
33
431
6
0
0
0
4
0
0
350
1971
0
0
0
1
0
308
616
59
5
0
0
0
24
386
0
10062
0
3
992
510
0
0
0
0
0
0
13
47
0
0
2
2
0
234
0
0
80
73
0
835
0
402
3
114
0
0
0
0
0
0
241
2024
0
231
0
345
7
68
596
0
0
0
0
120
213
0
69
210
8
3
4
13
450
218
2
0
0
64
0
0
0
0
0
0
0
5
0
0
12
0
25
1
0
0
1357
1
0
0
489
4
59
0
162
1
0
40
1069
0
0
0
533
143
2
0
3
4
0
16
422
1101
0
0
105
0
524
1
6198
0
6
436
0
0
0
0
0
0
0
14
0
120
0
647
171
0
4
1
24
0
113
0
58
527
2284
0
104
680
0
4
0
59
0
65
6
0
1
1
0
0
332
0
6
0
0
2
81
0
0
60
9
11
8
32
148
87
2
5
0
0
8
562
0
358
24
27
0
0
0
518
0
0
151
0
0
0
0
1214
0
64
0
0
109
0
0
0
0
108
0
6
0
300
0
0
14
0
63
3
0
7
111
5
0
149
304
0
2
30
37
98
2
0
1
0
87
0
76
0
1
3
21
0
0
776
95
0
13
726
13
73
346
216
0
0
5
0
0
4
0
294
156
0
0
0
0
11
192
7
0
21
2
2385
10
4
0
0
288
81
33
0
884
9
0
0
257
8
0
0
0
0
0
416
111
107
9
553
0
0
0
0
0
0
587
2
0
187
504
18
0
120
0
0
0
455
188
297
0
0
0
1
189
0
0
682
0
0
1
236
0
0
0
2
0
1271
954
0
2
19
127
0
0
0
0
0
34
808
608
0
371
0
4
0
0
72
0
3
0
0
0
26
0
0
0
0
0
4
102
5
3
4
0
56
0
0
0
2
2
3
1176
75
0
0
117
0
501
147
25
0
138
55
0
0
0
1
160
26
0
3
364
790
8
0
0
0
0
0
0
0
0
0
17
0
87
0
1113
0
0
0
564
0
0
78
0
10
0
0
0
0
0
363
465
1
553
0
1
31
0
9
0
0
0
0
48
0
0
2
0
0
0
969
41
12
75
0
0
0
27
1
143
69
0
8
490
0
0
0
176
0
0
0
8
3
759
1
0
680
14
0
0
0
0
4
0
0
3
30
0
0
0
2
0
0
0
0
0
0
0
2
238
0
0
19
0
0
6
1
0
0
54
27
17
0
500
0
4
900
0
56
0
14
75
0
0
0
34
14
0
18
932
3
54
0
0
79
12
0
230
0
298
0
0
0
14
747
0
0
0
0
0
76
246
12
0
0
0
92
213
674
0
18
2
0
14
6
15
0
50
78
0
0
51
13
0
0
0
153
0
0
1
0
33
0
179
0
0
31
23
1593
149
17
308
0
0
98
765
0
0
899
0
3
1
32
60
0
0
38
0
0
1
16
0
27
0
26
0
0
0
25
0
0
0
0
580
0
11
1
22
0
0
36
9
0
0
0
0
53
0
20
0
2
99
13
7
0
2
624
0
73
31
0
0
27
0
0
0
47
45
0
3
0
29
0
200
0
0
8
102
1299
0
0
196
0
163
0
0
0
0
866
0
0
0
3
33
28
8
65
29
0
557
0
0
0
294
108
56
0
33
36
3
33
0
0
71
0
0
0
112
391
0
0
0
88
0
838
0
0
269
0
0
0
0
7
0
0
3
26
9
821
0
29
5
0
589
4
0
0
75
0
0
0
0
618
0
1247
1256
187
71
0
0
59
2034
2
0
1
29
0
0
7
0
71
0
353
7
0
125
568
0
0
0
4
18
0
237
6
0
118
0
0
455
0
25
0
52
507
2
0
2
92
0
0
62
423
0
0
0
0
293
308
22
14
0
0
0
9
0
1
0
0
65
0
0
15
5
13
642
140
1
1
145
0
0
0
0
0
0
0
0
0
767
4
115
3
3542
1
517
2
0
0
190
0
2
0
1
25
25
23
154
42
23
86
0
125
0
103
0
3
0
0
0
81
7
0
353
6
126
0
0
0
0
12
10
214
0
8
0
0
0
842
0
157
89
91
155
92
13
7
0
150
32
0
221
0
0
0
0
96
0
0
7
4
69
0
0
0
72
6
0
6
0
376
4
0
0
21
0
0
0
0
509
0
0
0
75
0
19
69
0
2
0
166
0
0
0
288
0
0
1
242
24
54
179
0
0
393
0
1
644
0
0
0
380
0
3
0
106
2
0
0
0
0
147
23
952
68
0
0
0
0
183
0
26
1
357
54
0
642
2
335
151
24
25
268
0
0
33
298
1
427
0
36
0
67
0
1
0
0
669
0
0
0
29
0
1387
0
11
0
8
0
46
0
7
3
63
0
8
83
4
0
0
1
271
0
9
358
0
0
0
320
82
140
29
0
2
0
21
54
101
0
0
62
0
1
0
5
0
0
262
0
3
36
11
43
1
0
0
0
181
0
142
0
12
79
21
0
0
0
6
0
122
0
78
0
6
0
0
81
0
104
278
0
229
130
0
35
0
73
74
0
32
0
51
6
97
51
43
0
11
245
7
16
0
12
0
58
255
1281
62
0
0
0
0
0
448
306
0
40
2
120
0
60
0
0
0
0
57
0
23
0
13
18
39
21
0
18
49
175
0
109
0
0
0
21
13
0
0
0
0
0
144
157
0
117
23
1556
16
476
0
33
51
0
0
0
1
12
0
0
4
0
0
11
47
3
3
0
21
4
165
0
199
21
435
38
0
1175
32
134
0
0
0
0
8
0
310
0
32
18
4
0
31
0
0
0
29
0
64
0
0
0
101
59
955
32
1
116
0
7
26
17
0
0
167
0
0
52
345
0
0
0
516
0
605
6
0
0
37
110
26
0
104
55
1
0
0
0
0
784
2
81
556
448
0
58
2
0
80
41
557
354
0
0
0
36
0
152
111
61
27
0
3
0
0
143
934
0
2
27
39
0
0
0
0
294
0
713
829
178
1
0
857
0
890
0
0
8787
0
0
0
0
34
29
30
0
1
39
0
167
144
0
231
27
74
0
0
512
0
0
261
443
6
0
0
114
4
209
0
0
0
0
10
0
0
0
0
0
10
0
0
0
68
0
98
0
0
261
1
383
180
0
67
0
12
133
0
0
94
29
2985
0
0
0
560
349
10
0
33
5
0
1664
28
279
0
0
0
0
5
159
8
2
25
0
0
0
32
0
2304
14
0
0
0
146
4
0
0
0
0
0
19
0
2
284
0
0
44
0
8
0
1092
0
125
199
0
0
0
0
0
303
0
0
35
0
48
0
653
0
0
0
1989
38
133
0
0
0
92
59
16
0
17
0
30
0
0
397
15
1058
0
0
0
213
9
0
196
142
0
126
0
0
0
1
0
69
106
23
4429
409
0
0
0
0
268
0
0
3
498
10
0
609
21
0
7725
63
277
92
4
3
0
1
0
133
49
43
0
0
105
223
27
14
0
195
0
9
76
4
0
0
0
0
0
46
0
0
1
3
1
504
0
0
0
0
0
0
32
5
0
0
35
0
742
0
0
0
0
857
5
0
0
26
0
74
0
77
228
0
0
0
0
0
0
0
0
0
0
0
0
0
0
0
0
0
0
29
0
0
0
0
314
0
5
0
0
0
16
13
2
9
0
104
28
0
885
0
0
0
0
0
0
4
0
0
0
98
0
3
0
0
5
1
83
118
0
0
0
1
0
23
4
12
0
31
180
48
0
0
0
364
3
0
16
66
0
0
40
39
0
0
95
54
9
0
0
0
1084
283
0
1
102
0
45
0
115
46
0
0
104
30
1032
145
0
48
0
0
0
11
0
383
0
0
0
0
0
0
0
2
0
244
16
122
0
0
0
0
0
0
23
250
0
13
58
464
0
0
198
0
0
0
235
0
0
4
183
8
0
0
0
0
628
0
0
4
0
564
0
0
0
2
0
3
11
0
3
1
0
2
0
0
0
45
0
1101
0
0
554
15
0
130
0
135
453
11
51
0
0
38
0
1418
0
0
0
0
40
18
5
12
0
4
0
23
3
0
0
0
217
291
149
1
29
0
81
0
0
0
0
2
0
0
1040
2
6
0
0
0
3
0
0
0
43
0
0
200
123
248
138
3
41
0
0
0
28
0
589
0
5
217
0
0
0
0
0
0
0
0
252
0
0
0
0
0
699
9
2
0
0
340
0
0
4
2
0
0
39
0
6
0
127
99
0
0
24
384
0
0
3
0
178
45
207
0
42
13
3609
0
0
232
0
0
0
0
0
1
0
0
108
19
0
4
0
0
382
0
0
35
1771
0
169
51
46
0
0
176
11
0
11
1
199
1034
0
71
0
0
0
0
0
0
1
14
149
0
0
0
0
0
0
0
155
20
288
0
0
0
25
11
1623
0
53
0
0
1
2
5
0
2
0
0
1082
140
0
0
0
0
10
0
71
202
0
450
0
0
0
19
0
6
17
0
5
0
0
252
0
88
43
0
114
71
0
1099
0
0
29
0
149
0
240
0
85
18
0
0
0
20
2
2
11
0
12
0
0
0
0
31
0
148
794
0
285
0
976
0
257
0
0
32
12
30
258
2
77
87
19
0
3
73
0
0
0
0
47
35
39
25
7
2
1
0
2
0
5
0
0
115
4
0
430
0
2
7
0
0
0
0
0
0
32
5
42
3465
239
0
45
0
1
2
93
0
0
0
0
0
0
7
0
0
0
0
0
44
309
9
14
1
5
0
289
0
4
0
7
0
0
0
3
0
0
13
118
358
0
1340
0
47
202
1218
486
9
0
1
0
3
155
270
0
0
0
0
0
88
0
0
0
0
0
79
81
58
2729
0
0
30
104
526
0
0
2
4
198
0
112
1
834
0
0
35
2
0
0
17
0
241
2
322
61
151
0
469
2744
491
0
7
11
12
0
1
0
0
119
0
0
0
141
0
184
0
0
2
873
259
24
0
0
2
1
0
2
53
0
30
110
0
4
1
737
17
9
4
7
0
0
0
1546
0
86
0
1
984
0
0
3070
3
201
4
292
0
0
4
1
0
2471
2
1343
0
0
0
1046
0
0
0
142
0
40
1260
0
6
11
9
1670
0
0
0
83
0
2
4
0
0
0
89
0
0
36
38
65
0
0
1
130
423
8
0
0
0
1
0
0
312
2
3128
0
0
14
4
0
0
0
9
0
0
0
973
0
540
0
0
367
0
0
0
7
39
108
0
0
10
1
225
0
7
0
166
9
188
1
241
0
0
0
0
0
0
0
50
0
0
94
0
8
4
698
0
0
0
58
7
0
71
0
0
8
0
64
19
0
0
0
0
0
723
24
5
0
0
8
0
0
2
0
0
190
206
0
92
219
6
0
120
0
95
0
21
0
31
0
3
2
0
48
0
0
0
40
0
16
405
0
0
0
36
146
8
14
0
449
8
21
0
0
0
2
0
3
26
420
0
0
0
0
107
0
0
17
0
31
25
0
0
0
24
11
0
1083
23
0
99
104
0
0
30
69
0
1629
1494
45
96
21
619
107
0
0
22
0
13
373
0
58
0
0
1
6
0
0
0
4
2
5
109
0
0
0
1
1
0
0
0
0
0
0
241
0
10
0
42
0
0
0
0
0
1
0
0
1
240
0
2501
8
3
19
0
310
0
0
0
0
0
0
0
44
2
0
509
0
16
2
0
2
106
0
440
38
0
0
19
0
0
10
24
0
0
0
2
0
0
64
5
0
0
0
6
23
23
0
5
0
22
4
0
83
5
0
0
45
38
0
0
0
0
21
190
0
31
0
0
0
72
2
0
11
0
146
1
0
373
0
0
0
15
0
0
388
0
3
0
0
0
0
0
841
1156
0
21
0
0
52
230
0
0
0
0
48
403
0
254
936
0
0
5
0
0
130
0
0
3
9
0
0
56
3
10
6
662
0
3
2
0
321
0
0
1
0
0
0
0
357
76
0
0
70
0
145
0
0
380
0
1
144
14
189
102
10
0
104
1
8
1
57
33
0
3
0
16
34
77
0
0
0
0
2
0
5
0
0
161
0
0
56
65
0
0
54
0
196
63
32
0
0
0
0
3
0
585
0
133
0
44
0
0
227
0
0
0
0
425
0
11
43
127
0
742
2
0
75
216
147
175
143
0
0
101
1
998
0
47
8
103
0
0
41
141
0
0
163
0
149
0
0
0
0
0
0
17
0
97
0
2
0
4
0
14
0
0
412
0
1
149
0
317
50
0
477
1399
1
2
0
0
0
483
225
0
0
6
0
0
0
0
0
367
47
1
0
2
0
538
0
182
3
0
7
38
0
0
0
120
0
92
80
0
0
0
235
0
925
0
54
2305
2516
13
51
0
0
4
93
25
0
622
79
21
0
1
44
94
8
0
339
0
0
132
0
0
0
0
8
0
14
4
3
0
11
62
0
7
1
22
0
11
0
45
0
154
0
25
378
0
4
135
3
0
8
16
123
0
1
0
0
1
93
0
0
8
4
0
0
0
0
34
70
171
25
4
0
1
0
0
0
0
873
0
0
8
0
610
0
0
0
17
0
0
5
0
122
0
19
0
0
2
25
17
4
0
4
418
59
0
6
0
0
0
0
10
93
84
0
1755
0
69
187
0
1
66
0
23
33
0
0
0
3
0
7
0
36
1
51
72
0
0
25
87
0
2
0
0
2
5
142
0
0
1
0
53
0
2
24
124
0
102
0
11
19
2
629
0
0
0
439
74
36
0
0
0
0
41
1
532
0
541
89
0
38
102
16
569
0
22
96
7
0
0
333
50
0
196
8
0
224
0
0
0
2774
0
0
0
5
0
0
0
0
304
10
0
0
239
0
0
0
42
799
0
0
0
1
298
0
0
32
0
0
0
3
0
0
57
0
21
264
0
0
402
0
2
212
0
1461
1
398
12
0
0
20
2
65
231
0
101
68
0
14
438
48
9
0
0
0
0
0
205
64
0
0
1
48
421
73
3
1154
1
0
0
4
18
3131
0
100
118
0
18
232
16
956
79
0
0
92
209
0
0
0
0
0
0
0
49
627
116
1344
15
1298
400
262
3
78
0
1
0
0
1
293
0
11
0
373
21
0
2
0
38
49
0
0
12
58
1464
306
60
0
0
2
54
0
0
0
0
0
0
39
1
334
159
0
7
0
29
7
12
3
0
0
7
0
1
298
0
8
48
37
0
37
0
4
366
0
937
0
3
86
9
876
7
0
20
0
8
0
1
0
0
0
0
3
38
695
1
21
0
3
0
5
0
0
40
96
37
0
0
1
0
4
0
91
141
25
78
66
253
0
0
0
0
0
0
151
69
294
0
0
76
0
86
0
185
1
693
25
0
0
0
5
69
27
55
0
3715
28
6
0
6
5
0
20
421
3
0
0
0
20
333
0
0
26
12
1137
4
948
734
31
93
376
98
1
64
15
78
0
326
854
138
8
661
0
0
0
254
1
10
0
2
227
202
842
2188
0
83
2
676
0
0
1
0
0
0
0
22
0
0
2
3044
324
62
0
428
345
1
8
30
1
999
0
0
0
0
0
12
51
17
0
0
856
2
19
5
21
1
0
331
737
0
30
2
0
762
3
686
0
1
131
79
38
52
0
0
0
0
0
2
3
38
121
23
0
0
5
682
1358
0
6
12
34
7
30
3
879
0
2
210
0
0
0
0
0
0
384
0
0
0
0
77
0
0
0
1789
0
83
150
104
87
0
0
154
0
1
1
99
0
35
0
4
0
1108
3717
6
240
5
9
2
176
190
106
0
208
0
0
0
0
85
0
0
0
0
0
0
0
58
44
174
47
78
157
13
7390
545
33
0
47
0
0
0
1
0
1
41
6
0
0
0
89
163
23
4
10
6
33
0
124
51
641
0
5
2
34
0
18
0
2
0
0
0
321
0
15
0
6
494
0
0
0
18
0
372
841
0
0
0
311
0
112
506
105
603
595
0
66
0
155
4
0
0
1
45
0
136
0
0
511
0
0
0
0
0
1
0
1
786
25
52
426
0
5
11
0
279
6
0
1
0
12
0
1
29
2
0
0
157
79
252
0
0
802
0
0
336
0
3
0
0
0
0
0
7
51
0
0
1
8
0
100
0
0
0
0
0
0
0
0
0
135
4
0
2
0
6
0
27
3
0
0
0
0
1
1
896
2
0
159
0
0
42
1
2
0
473
3
0
157
2
0
4
1
0
0
224
18
27
0
205
95
1
0
11
0
0
2
0
2
0
24
0
0
0
41
0
0
196
88
40
0
7
508
601
0
0
7
2
648
0
1
0
78
106
1119
0
0
65
0
0
3
34
16
16
3
0
0
0
0
226
0
0
439
0
339
0
169
0
24
44
3
48
621
0
815
10
1
0
0
165
0
0
241
0
16
0
0
9
0
636
14
0
0
0
0
2
0
25
0
0
558
0
0
0
0
0
4
5
147
58
26
0
0
44
2306
581
0
14
0
0
0
0
0
0
0
4
66
24
15
41
1300
0
0
0
743
0
20
0
0
0
0
915
300
0
4
0
203
0
2
1
115
0
0
0
0
2
101
0
0
10
0
0
3
0
7
0
0
909
9
48
0
0
0
0
8
0
0
0
3
3
0
0
0
41
4
0
220
2
0
4
0
0
0
0
0
0
0
0
0
2140
0
0
0
65
0
49
72
119
0
0
11607
0
1
0
217
11
0
3
0
0
0
0
0
0
0
193
3
0
0
17
0
0
2
0
0
0
0
0
0
0
140
0
0
0
0
0
2132
12
25
0
5
0
0
0
0
0
2619
600
235
164
10
0
0
51
0
130
69
576
486
31
737
475
716
0
235
107
0
16
0
0
0
0
2
473
0
0
2
0
43
24
405
3
352
15
135
0
0
0
0
11
62
8
0
0
7
86
14
22
4
150
0
3
17
40
0
0
0
0
2
0
2
0
0
0
0
0
0
0
100
24
0
0
0
1119
0
0
5
2564
182
0
249
0
0
0
0
8
426
0
0
910
8
0
562
0
0
120
23
0
0
0
0
0
295
0
2
1
4
0
1
524
428
1
0
0
0
0
2
0
0
0
180
2
0
0
46
0
0
0
4
763
0
0
528
3
0
0
199
0
1
130
0
0
36
0
0
0
0
149
2
0
0
68
4
0
2
17
0
0
70
7
0
0
0
4
49
0
140
0
0
0
0
931
1
986
0
0
11
0
0
0
0
0
277
772
0
0
0
16
0
258
0
0
0
50
105
11
0
0
295
0
0
161
19
0
0
1
0
0
1953
4
0
0
1205
1
0
0
56
0
131
2446
1
1
0
6
0
0
0
0
0
0
0
142
74
0
0
4
0
0
0
0
0
0
0
809
0
60
0
66
2
0
0
0
0
0
3
0
0
0
0
1
6
0
0
0
2
0
0
600
0
120
0
0
0
39
0
0
1
1612
0
2378
0
640
0
0
0
0
5
33
0
10
0
0
0
0
0
0
17
0
0
0
0
894
27
0
0
258
1
0
0
0
0
0
0
1
0
0
66
0
237
25
0
0
0
6
4
42
0
3
14
55
0
0
0
1
0
0
0
0
0
0
0
0
0
0
0
11
0
28
269
16
0
0
0
0
9
0
0
0
503
0
0
0
21
31
0
16
0
4
0
0
0
119
3
0
0
0
0
1416
226
2
185
0
0
0
0
0
0
3
8
51
507
7
236
0
1
2
320
783
0
1
102
0
1
0
0
0
0
2171
2
0
8
0
15
1208
0
545
8
0
11
0
601
0
0
0
0
0
325
0
0
0
0
0
0
6
0
0
0
560
158
0
0
0
1039
0
4
160
0
1028
0
0
0
0
0
0
0
38
0
0
0
0
0
0
0
0
0
108
2
41
0
26
990
0
1388
0
10
0
0
0
15
0
0
5351
0
2
0
0
0
0
0
0
0
21
0
0
2
0
0
395
0
222
0
0
18
0
754
138
1
678
0
0
688
0
6
0
0
0
0
2404
0
0
0
1
0
0
1444
11
0
133
7
0
0
0
0
0
101
0
87
0
2
4
0
84
10
0
203
0
0
1
0
4
0
0
3
11
393
1
0
0
0
3
0
0
3
0
11
109
0
0
0
0
670
0
0
0
8
0
84
0
0
0
0
0
0
0
0
0
0
0
1
0
5
778
3006
320
0
0
0
0
333
0
0
0
0
0
0
0
0
0
69
0
224
21
0
0
78
0
0
0
0
1449
0
0
175
0
0
4
130
1
0
85
0
16
0
11
737
358
32
3
0
20
0
69
0
48
0
31
0
172
0
646
0
0
250
0
364
321
35
0
3
0
300
5
0
324
148
0
255
0
0
0
41
0
885
0
0
0
0
0
1257
1261
805
6
0
5
0
0
0
608
183
186
1
286
4
0
5
7
100
0
0
69
0
15
91
43
0
9
90
16
0
0
0
122
43
61
791
72
93
124
0
2
7
129
0
98
1
0
42
0
14
2
1
98
7
0
0
4
1
61
0
73
1280
0
0
2152
7
0
108
1923
0
4
35
0
0
0
7
9
0
0
1
0
2
0
6
44
11
2133
352
0
733
11
121
1152
14
0
68
0
0
0
12
0
66
4
54
16
0
0
13
142
761
4
0
628
3
60
0
32
0
91
164
176
15
0
41
1
344
2
0
0
0
107
0
19
26
174
41
0
2
166
10
249
467
37
0
0
150
1228
5066
0
0
28003
82
313
0
2
0
0
143
300
1
34
25
561
0
0
0
400
0
263
0
0
2020
26
191
1979
0
3
12
1850
0
2
59
102
188
301
575
0
2
447
170
25
0
89
5
0
154
1117
0
0
5
115
0
0
0
3
0
0
12
0
0
17
540
35
312
94
183
1045
0
17
103
0
30
1
957
0
261
9
498
0
1
0
104
0
1468
694
3833
0
0
172
268
0
367
179
0
0
3
25
0
867
1
100
0
62
633
21
0
0
0
587
0
0
13
92
0
150
0
1
15
0
48
44
1
197
0
669
26
0
103
44
0
1247
3
1557
0
147
0
0
0
21
503
551
20
0
0
740
0
655
0
0
448
438
27
0
6
95
266
2
197
0
7
0
200
78
2
0
4350
0
0
376
7
112
108
245
0
11
24
8
11
148
1
115
100
2
226
1193
250
72
13
919
137
10
633
8
0
115
0
3
20
64
6
0
93
141
1191
8
0
0
0
0
1115
180
562
189
753
6
29
0
0
1
68
574
64
3
5
66
31
0
4
26
233
1142
0
7
228
1
363
29
137
38
0
4
47
25
386
2
0
56
1
2
355
46
0
88
0
143
25
13
0
0
38
21
484
0
0
0
0
20
10
12
341
9
0
3
35
1
1
0
144
2708
4
0
0
0
41
821
80
140
3316
285
28
7
0
78
58
0
435
13
160
107
47
26
11
0
6
418
50
0
29
7
3
266
0
5183
0
160
41
0
0
115
6
0
0
54
0
15
111
16
0
201
3
0
25
0
13
183
0
0
55
781
0
0
44
39
0
0
436
935
0
0
58
0
0
0
783
35
11
0
13
0
0
0
262
45
288
0
95
0
9
8
4453
0
3
5
13
660
24
0
0
0
19
201
0
170
130
0
0
741
1178
0
0
2
5
0
3
20
0
2025
64
643
746
0
1
0
996
0
0
0
42
14
0
261
0
2
72
0
0
4
593
212
192
357
311
0
0
0
0
224
0
0
381
63
0
141
0
0
0
433
567
2017
291
2
300
32
5
844
0
3
0
52
0
492
384
161
22
932
21
0
342
0
0
40
0
1426
0
53
62
332
33
756
18
0
6126
2
0
0
8
0
0
1047
2
204
449
354
6
80
0
87
30
5
80
13
159
3280
0
2
0
415
0
261
9
169
0
27
114
6
112
5
1
0
0
0
1471
0
157
0
0
0
4
50
193
955
0
3
0
0
0
0
6
0
0
1146
779
2
0
23
0
0
122
1
0
10
0
0
0
76
12
626
299
0
23
0
37
67
240
53
4
0
119
0
0
9
3
2500
15
0
0
424
5
3
580
0
121
0
4215
317
0
18
0
0
347
0
4
0
33
52
53
0
0
157
133
31
0
301
206
0
0
0
2205
29
49
76
350
11
38
3
70
0
159
6
0
0
2
145
516
0
460
283
0
5
0
0
0
450
515
1
136
0
0
196
209
167
0
183
5
223
116
46
0
5
15
0
8
4
3
0
0
3492
29
12
0
0
0
0
1184
123
238
103
0
0
19
57
34
106
4
0
0
3
0
0
0
963
0
0
35
33
90
138
617
0
0
200
1
1552
5
227
0
60
0
86
19
186
1
117
43
121
5
17
0
1163
125
44
0
610
520
0
226
0
21
0
3
0
0
488
74
0
582
2
1
110
0
0
0
916
78
0
15
0
68
1082
154
0
0
1
35
0
0
9
186
4
0
0
12
0
111
0
0
0
350
0
2
0
924
0
40
18
14
0
6
23
494
0
0
336
0
0
0
0
0
43
30
4
2
26
0
0
11
0
2
18
1
0
1
52
44
905
0
3
3
2
10
6
0
0
0
2
13
5
0
25
30
0
0
1
0
1
0
0
26
0
1
24
0
0
106
0
0
5
0
61
0
2
8
13
16
6
0
0
1
0
16
983
0
0
0
2
97
23
56
22
0
0
101
396
1
1049
211
2
201
9
68
0
155
4
15
104
2244
8
0
0
225
0
0
1050
3
284
0
1
54
0
85
395
5
361
4
201
3
0
123
83
26
0
3
24
1272
4
21
90
26
0
1463
11
707
2705
0
0
114
62
0
16
32
312
25
23
75
1241
34
80
80
0
115
339
328
18
0
0
504
2
0
0
0
5
2
0
0
4
0
62
76
6
344
34
67
0
10
225
37
28
2
0
5
919
17
130
0
31
8
0
4
563
0
81
8
0
0
3
829
0
0
851
0
1
41
0
0
83
32
1798
0
567
0
100
379
51
0
0
0
4
1
1976
0
0
3
1
862
0
0
992
595
0
0
89
5
13
341
140
8
13
175
0
4
358
36
0
0
1
0
0
38
156
0
147
320
0
0
249
2110
72
2050
1
14
0
1210
4
205
2
0
45
36
17
0
0
3
0
27
4
79
21
247
0
709
74
441
1342
245
655
0
0
2104
0
0
0
1
268
520
2
0
0
0
0
0
0
1
0
0
0
0
0
43
18
58
79
149
0
4
4
128
0
0
3
0
14
0
44
0
149
1
4
0
0
0
0
27
304
4
0
0
0
0
1683
154
0
0
0
0
135
0
5
0
598
0
5
67
753
0
1181
40
0
9
0
110
0
12
0
0
0
0
15
79
42
0
0
57
13
0
201
0
57
0
3
1
0
571
14
0
17
0
0
51
0
130
245
496
0
0
0
93
520
0
10
0
0
0
0
94
0
0
169
0
0
0
0
0
311
0
26
283
177
68
0
119
139
240
0
4
18
181
38
95
0
0
0
0
3
108
73
720
0
2
0
0
14
0
0
2
0
3
0
4
1
263
72
0
7
58
238
0
29
25
1
9
7
190
0
344
0
228
98
0
6
3
0
0
0
0
57
0
0
6
184
49
0
4
31
342
12
33
0
82
7
0
0
0
0
0
0
54
0
3
7
0
2
0
69
0
8
14
0
2
40
0
13
0
20
1
178
22
0
443
3
0
43
3
6
0
2
0
9
0
0
2
9
0
28
74
0
4
0
42
128
86
271
0
0
44
0
42
0
3309
0
101
80
1021
3
0
1333
296
0
0
0
924
0
0
5
34
0
0
3
25
0
161
0
22
421
133
653
0
1
4674
97
0
17
0
45
47
0
0
474
0
2532
0
0
484
0
40
0
4
333
0
0
178
0
190
9
7
26
114
1
44
0
0
498
86
3
0
173
2
157
4
116
24
237
10
6
0
0
0
0
0
294
0
0
411
617
3
4
603
0
5
0
2
0
0
0
927
9
406
15
234
635
13
145
0
201
1
55
602
0
0
25
30
4
0
498
0
45
1
1
10
1053
0
3427
0
875
34
1
580
0
0
461
1
360
736
0
6
108
378
181
54
2
0
0
39
281
0
0
0
23
260
6
0
0
0
4
847
0
103
1332
132
552
76
29
1259
34
16
4
382
1718
0
0
816
470
97
0
805
331
98
0
0
4
0
2003
1840
590
55
200
0
159
29
0
0
907
2
113
1
390
117
0
35
7
37
577
165
64
197
0
3
161
7
8
0
0
427
0
112
569
34
0
0
0
61
283
0
50
0
2
591
0
788
59
7
0
0
982
0
160
715
19
0
103
544
196
510
110
5
0
0
1019
0
1737
117
0
3
0
5
2482
0
1462
182
2046
77
242
409
341
0
246
0
0
0
0
21
135
137
199
0
18
11
11
576
2
0
580
17
0
0
93
121
87
296
0
0
35
3372
0
2
29
3
45
1
438
449
0
25
152
0
131
14
0
0
0
180
384
0
2
0
0
181
0
13
19
41
0
320
10
7
0
0
1
2
25
0
98
4
10
0
140
0
158
0
1
98
7
6
78
33
798
0
10
0
0
169
207
70
785
12
0
0
168
2
19
0
309
267
1
0
331
78
0
100
79
281
5
132
0
0
0
1
1
2
281
518
35
7
6
254
321
0
60
0
46
35
133
340
366
800
2448
0
234
192
5
0
0
68
90
0
428
0
86
218
101
0
116
0
106
755
1323
663
0
1949
1308
0
3
1
0
382
0
0
5
236
9
0
0
0
0
0
6
0
4
108
2382
82
78
8
39
1945
3
2083
0
0
247
0
5
13
0
0
411
12
5
522
2211
0
42
13
0
318
226
4
3
15
0
0
34
0
75
0
298
11
329
13
0
3
497
133
0
0
229
23
0
0
0
0
84
0
4
0
0
0
2748
1096
72
300
67
0
6
0
0
66
37
890
27
363
423
0
154
94
64
224
0
117
0
0
0
36
0
308
65
22
57
60
22
112
0
0
0
0
0
0
119
59
886
0
0
0
0
5
2
0
0
84
20
59
0
932
7
147
117
1
4
251
2212
32
65
14
0
0
12
0
70
84
39
0
1041
0
1144
251
19
4
148
50
202
15
5
3
177
5
182
630
0
1
0
1038
0
0
0
2
147
1
51
254
0
0
25
0
141
32
0
1553
0
3476
2
193
535
15
0
1541
1
0
0
208
0
1
0
0
209
0
362
69
0
276
22
3
32
824
198
55
0
0
2
76
0
0
3
39
371
9
2
1
14
90
0
0
229
203
18
0
20
0
46
0
0
5
10
1213
4
19
0
0
0
8
0
48
0
659
0
0
364
8
285
0
9
0
246
0
57
5
42
72
5
1513
79
10
0
0
0
0
3
0
102
269
20
0
20
0
0
10
154
0
12
5
6
0
8
0
155
665
2520
19
554
0
6
11
0
56
0
9
5
1983
8
71
160
0
3395
1
1
13
103
0
212
34
0
31
5
5
133
29
0
11
0
23
0
5
0
28
0
2
0
0
441
397
14
880
448
3
902
0
2
0
54
358
3
34
70
0
52
12
51
175
332
1498
0
0
3
0
41
2086
232
3
188
2030
48
90
0
2401
219
21
0
0
920
132
2170
0
0
4
4
103
0
1641
16
36
361
0
26
376
266
0
12
102
1416
1
5
25
18
1
9
377
3
33
10
9
0
535
207
0
0
111
6
8
4
0
0
70
2
3
452
197
50
0
1035
4
1
90
46
0
5
3
27
0
793
0
1081
0
103
0
580
42
330
1
24
0
0
0
13
0
0
0
0
20
51
3
1472
0
56
0
18
88
65
0
24
7
278
39
32
94
0
0
0
219
788
0
0
118
0
9
0
1
0
1142
0
98
670
2
32
63
550
0
0
0
0
214
34
7
0
12
0
0
0
0
0
0
76
225
105
3
49
23
2
3
0
14
130
6
0
1
70
247
97
0
0
137
0
0
0
43
0
0
140
31
76
174
0
7
0
268
0
0
2
0
6
180
27
0
0
328
56
323
8
363
10
21
31
3
38
237
0
0
3
0
375
82
31
181
299
1
62
310
0
0
0
0
145
0
10
50
0
0
614
0
83
8
14
2
83
284
0
847
0
354
17
2
2274
30
788
0
550
0
0
904
208
18
0
38
516
0
82
1
0
135
73
3272
19
0
0
0
0
2
894
2628
76
63
6
675
0
704
99
0
0
1022
0
87
10
18
887
155
451
74
277
14
5
87
802
39
1
0
0
0
2
501
0
79
56
1
34
3
237
45
286
718
25
86
0
131
0
414
4003
181
1
678
129
50
17
0
63
16
789
21
0
2
7
0
0
0
256
0
19
0
2
63
11
0
0
18
0
317
0
9
0
512
0
409
0
456
0
0
6
37
1
2
0
623
4504
50
68
37
653
0
589
69
334
2363
15
123
0
47
266
70
0
93
0
48
0
3
8
55
873
4
5
0
0
0
371
34
200
2
69
1117
972
19
0
0
0
54
364
0
131
0
763
429
109
24
566
30
82
0
4
859
2
0
0
0
212
0
0
0
100
0
0
14
1102
0
0
1
361
913
234
17
216
26
1503
0
134
19
0
7
60
13
4
0
43
308
18
0
0
513
0
1010
2
59
0
0
3284
0
0
23
12
0
9
0
94
288
78
0
50
0
0
103
96
4
5767
3373
3
629
127
0
0
0
198
378
90
0
2
0
72
11
1525
18
236
92
1
200
0
930
44
42
186
2
19
0
49
1133
0
34
0
0
13
1747
85
11
435
0
0
0
0
7
0
97
205
1
14
223
0
0
0
2
468
0
15
150
170
510
0
0
5
7
15
924
113
0
256
48
8
53
2
0
0
653
127
8
449
0
1107
55
4
567
264
0
0
15
482
0
81
0
3
0
0
476
7
0
21
0
0
0
0
11
36
105
64
1552
0
0
3
37
0
0
3
748
0
1
0
0
0
0
321
0
0
0
0
28
0
0
2
0
1252
1
34
0
120
0
0
0
1327
0
0
784
0
0
8
519
57
948
31
2
0
54
180
49
0
250
1144
0
0
0
58
0
1
18
1
3999
0
25
126
74
0
1
0
42
2
328
38
100
409
815
0
0
476
597
0
0
0
52
366
3
190
0
95
280
22
29
15
0
24
16
20
0
181
0
18
0
1
82
107
73
117
2
182
894
31
0
249
0
150
0
296
243
269
0
0
126
749
0
121
2
3
0
411
0
0
0
31
437
6
0
146
113
694
25
174
1
222
0
51
717
216
0
1
0
306
295
1003
135
0
49
0
20
0
0
13
2
7
0
0
0
295
14
0
0
0
823
37
0
18
3
0
3
767
25
2
3
2
532
1530
125
2253
0
0
0
1
0
258
0
0
81
6
475
0
0
26
1
0
0
165
521
0
0
1014
0
3
1
2
4
1
46
0
0
5
0
1
19
95
0
54
89
0
23
0
0
0
205
0
416
556
0
105
2
123
4
20
0
115
6
103
130
3
240
24
0
50
0
1
50
240
1
2
89
0
0
0
312
0
6
0
1225
119
33
423
1
2
0
10
261
129
19
100
3
0
0
5
2
0
185
1079
0
1006
5
101
4
106
1
0
81
469
3
0
6
139
30
25
0
46
298
171
14
258
112
0
0
11
9
212
797
390
0
9
531
0
751
0
0
0
19
303
54
690
0
0
0
0
0
0
99
0
0
0
141
0
0
0
129
3
0
376
0
0
2
2336
0
36
356
0
197
0
12
0
0
67
0
28
11
72
87
580
0
409
0
161
0
1
0
0
3
1
79
0
4
1
13
0
0
0
18
0
313
160
1712
0
10
9
86
9
1558
0
35
4
0
0
258
0
247
0
0
268
0
103
3
0
2
4
536
195
148
83
185
80
0
0
7
0
45
0
10
118
179
33
0
3
1
6
69
97
15
387
11
571
0
19
179
0
1353
0
129
0
0
790
0
194
44
566
0
19
0
37
115
3370
180
10
45
0
0
0
3
2
120
411
243
4
537
135
161
0
362
178
39
166
0
19055
13
51
5
371
407
241
3641
0
226
32
9
50
54
0
259
12
0
453
44
0
280
143
3
361
0
0
5
648
0
25
88
33
102
5
0
0
0
11
0
0
112
89
142
2
1070
0
0
4
0
99
471
25
57
3532
3
4315
7
0
39
0
5
2
23
1
0
0
527
214
7
0
53
322
744
2
117
241
292
0
364
0
3
3789
36
0
0
0
0
14
5
0
199
0
8
64
1584
23
328
23
0
743
630
1126
118
165
0
110
438
1
6
38
56
941
0
0
826
48
0
1
0
0
1
137
33
635
0
5
51
1
12
14
3300
439
0
0
0
0
420
10
0
0
76
0
0
0
83
139
1755
48
350
421
0
0
0
122
0
0
0
11
0
364
0
0
225
1054
93
0
562
726
100
67
34
6739
12
0
0
0
2729
0
0
0
12
0
0
0
2
7
142
12
0
11
0
415
4
0
153
758
0
895
20
34
6
0
0
4
56
33
0
0
10
0
0
18
0
0
0
343
210
36
0
139
438
0
0
382
53
0
140
222
13
7
31
0
0
0
0
408
1028
0
0
7
367
37
0
535
0
2662
21
0
0
347
0
9
80
90
0
153
27
131
1220
242
0
0
65
0
9
0
0
131
6
0
106
0
3
0
434
0
77
5
0
5
1
75
71
171
43
4
0
150
0
34
0
0
0
12
5258
34
12
2
92
0
127
0
0
50
42
49
75
965
0
0
60
71
89
190
0
130
26
0
3
1965
101
55
70
0
13
0
0
0
0
28
11
51
2
15
0
0
67
168
466
35
0
0
156
213
200
0
288
6
23
1
0
118
0
0
12
0
3
0
20
21
0
90
17
0
0
0
0
0
428
4
303
2
0
0
105
0
474
7
1354
11
318
0
2
93
0
0
2
0
0
185
0
8
19
0
5
0
11
960
0
3
0
0
1211
0
0
120
0
1092
302
0
1230
2
5
2748
0
153
12
0
0
19
0
6
7
25
1
0
2
142
854
212
142
1108
0
50
160
559
10
1372
72
2
3
225
564
57
2305
25
43
36
0
0
0
28
293
445
13
645
458
0
4
0
342
0
0
0
11
11
2488
16
0
0
55
1248
174
2
21
0
6
0
144
0
958
270
94
50
328
0
97
0
11
3
11
1262
861
1476
0
430
0
122
85
170
0
0
1
0
2
0
654
0
207
136
1
9
3553
79
276
72
221
32
5
33
32
3178
0
5
0
143
0
165
716
148
0
102
7
399
10
15
0
778
462
17
0
4
95
444
0
11
2
48
33
0
0
57
0
0
1
0
0
461
0
2061
0
0
75
3226
0
86
7
0
32
0
154
0
2
9
636
6
0
547
252
97
226
0
6125
184
59
10
0
3
44
0
0
245
0
0
1
85
109
1
508
0
0
40
9
0
113
0
1254
34
140
336
193
859
1
306
0
150
0
1232
21
614
0
0
0
0
13
602
18
0
3
728
16
258
0
447
325
297
108
86
25
0
9
1
10
0
2
0
150
0
0
601
0
24
127
537
84
0
0
7
35
0
0
0
82
481
8
0
661
187
254
0
0
0
139
9
0
78
271
9
0
3
181
0
3
33
8
3
162
36
0
0
69
4
704
0
74
13
0
4
0
0
89
0
27
0
58
226
0
0
350
0
215
0
212
4
0
53
12
166
400
587
0
0
0
136
0
0
115
0
515
228
3798
0
22
44
88
144
132
0
0
0
103
33
0
5
0
0
0
2
1
0
334
88
0
7316
1774
0
0
0
0
469
0
91
0
828
188
0
2
2442
438
0
0
6
296
38
0
0
95
12
0
255
2299
0
637
0
0
364
951
141
41
0
0
0
775
1817
0
118
0
558
0
0
3
3476
1028
1
0
0
1233
196
4
406
0
0
0
2
14
170
473
0
261
0
0
0
0
12
0
31
49
0
66
6
114
0
0
119
47
45
0
665
0
93
0
86
3
11
1721
7
2
0
65
67
1
282
3339
4
179
48
9
268
33
0
0
55
3
16
586
0
21
0
0
0
16
163
251
287
0
2
88
224
223
31
0
215
73
652
2
0
268
122
47
3
36
12
118
143
0
177
4
51
8101
776
192
0
177
0
457
251
0
0
135
237
22
29
20
7
0
3
0
0
3
0
0
22
769
204
120
0
0
2
0
133
12
1031
0
0
0
0
1
0
62
1474
0
64
54
0
83
1
0
554
160
0
0
0
0
19
661
74
49
19
169
0
0
138
0
0
31
0
43
195
15
0
0
626
8
2
0
0
764
0
9
194
0
0
167
18
375
0
8
5
124
0
72
15
0
0
0
935
0
0
270
24
37
0
1187
0
31
0
180
34
22
3
7
21
0
1459
50
0
2
3
0
46
0
0
569
35
59
219
0
6995
43
16
227
4
18
0
0
252
124
109
0
140
0
1
94
854
0
124
23
28
255
60
0
0
96
3
0
3
268
1236
0
26
100
163
205
0
0
0
0
46
15
2658
0
98
0
25
558
86
73
333
16
81
0
15
0
0
40
0
0
0
248
142
5
4
2251
7
0
0
0
36
205
18
2
451
0
45
25
442
503
10
165
0
27
614
64
533
0
0
5
110
0
3
1
382
1
875
1029
0
16
0
3
26
2
90
0
0
169
82
154
5
0
77
12
1098
0
0
116
0
12
0
0
496
35
505
6
0
0
0
16
5
693
550
0
12
43
121
574
103
0
0
5
116
0
16
0
1469
6
379
0
151
0
1
0
2
0
763
581
17
5
34
0
0
592
0
0
56
0
6
0
21
0
158
0
5
12
6
0
2712
349
18
733
6
0
0
1177
0
29
0
43
0
0
32
2
19
2
293
704
6
0
1712
0
0
5
53
215
0
250
37
0
0
0
0
354
53
28
7
0
62
0
0
0
1
0
135
14
0
1
0
0
0
0
6377
0
8
3
460
0
25
0
0
1215
106
109
5605
114
0
628
2
0
48
65
61
0
483
0
285
0
1
364
0
118
0
0
8
858
87
0
0
32
303
683
510
66
0
0
264
0
0
0
56
49
22
0
14
1
12
115
25
129
242
0
0
0
18
100
39
2130
0
25
0
70
0
1331
97
47
48
1394
0
149
48
1
89
329
2
0
1
63
66
66
0
0
0
0
65
300
21
25
36
12
1102
19
1
184
32
504
34
0
625
0
41
0
74
609
12
34
29
617
0
56
8817
2
3
0
196
0
186
287
6
106
223
1292
804
0
0
115
0
1
60
231
19
45
0
34
176
0
0
54
2
0
0
0
0
0
3255
0
0
0
993
1
109
0
94
2611
0
0
25
2
20
1
0
9
82
115
472
0
3
141
202
89
346
315
31
0
66
0
185
1256
17
275
0
21
1790
0
313
48
0
0
536
7
701
102
3
0
80
0
9
0
0
1
421
0
0
307
277
0
7
0
68
0
163
30
148
6
0
1338
4
308
0
1396
225
0
32
763
2
118
34
12
0
293
0
53
202
1520
0
0
0
5
15
183
0
7
0
408
0
0
2
0
359
0
2467
0
13
34
0
0
0
153
0
57
0
135
0
7
159
0
32
0
10660
4
36
1
0
0
0
97
0
0
0
84
0
0
0
0
554
0
485
195
153
0
0
161
52
0
0
0
0
4
0
384
262
14
0
386
0
0
399
0
918
0
0
156
0
0
58
309
0
1141
5
19
0
0
0
0
0
269
0
7
0
0
254
9
0
1171
0
0
8
34
42
1
3
0
595
2
17
0
21
9
0
1
75
372
0
106
66
3
81
0
2
1017
2604
3
0
2
0
291
1
274
28
69
0
0
2
1
627
65
22
5
0
374
0
8
174
48
24
6
0
23
0
5
132
9
0
235
708
1
243
0
0
8
233
0
11
2
8
75
9
210
0
46
0
0
0
12
507
0
108
0
0
0
266
0
0
106
41
0
403
135
0
65
0
0
51
7
0
58
141
1
0
4
6
8
13
131
0
0
1
60
0
885
0
79
0
151
0
100
75
634
14
8
28
0
1099
40
16
70
0
0
5
6
964
0
1
28
2
16
267
31
495
111
1
0
398
0
30
0
882
3354
2390
0
19
21
263
159
1
6
0
235
26
42
23
167
32
2557
159
566
275
1400
651
2
0
9
1
112
512
0
176
0
11
48
4
2959
0
10
3
53
83
0
5
532
0
43
6
14
0
0
0
334
0
31
0
0
0
0
58
4
0
334
3
104
0
426
10
5
5
8
210
0
18
0
23
116
0
445
589
2
32
3950
40
25
14
1
0
0
461
1
0
0
21
10
21
0
0
96
754
190
0
0
0
0
289
0
5
0
0
4
0
29
12
2
0
0
385
6
0
0
3
800
1048
284
1563
0
8
227
0
0
0
115
1134
180
32
1
184
0
0
72
118
0
0
0
0
5
0
0
0
0
0
0
0
7982
0
86
45
10
32
25
785
736
1226
0
2
0
339
0
25
86
0
0
0
61
213
3
0
2
51
0
1069
164
5
3
18
0
1
295
12
0
29
0
14
8
0
22
1929
143
13
268
44
29
270
1438
6
34
0
0
10
2
457
82
743
1658
2
0
18
27
348
0
14
0
131
97
91
186
19
485
1
0
68
1
1812
13
0
0
1
19
0
16
0
82
56
0
82
0
353
213
41
557
0
41
12
132
102
3127
557
0
0
387
0
64
2
1823
0
0
2380
1
0
11
0
0
0
7
0
575
0
0
396
1
0
0
7
3
2
42
0
2
309
0
130
128
17
0
0
978
70
1931
2
53
0
279
681
6
0
213
87
9
18
0
0
132
2
117
0
0
255
3795
21
40
141
772
0
3
4945
0
0
1391
967
0
329
108
2964
0
0
0
348
11
301
3
0
908
0
31
0
0
0
5152
1854
24
2
281
0
694
2256
72
0
1979
0
0
4
2
97
0
7
971
0
0
69
383
447
0
729
22
614
13
34
19
0
37
0
1327
356
255
0
0
21
0
1421
11
0
1249
448
0
0
32
8
422
4
741
137
156
279
0
0
1636
482
181
96
0
0
250
826
448
0
0
328
101
0
0
2
0
287
1
15
11
1654
685
0
0
2
1
2
411
75
0
203
25
0
67
361
2
95
694
0
0
44
51
72
5
106
0
289
38
70
0
200
3
0
0
40
424
0
972
237
0
9
304
166
189
89
20
23
3
224
0
45
28
0
12
1
0
0
0
0
0
2079
816
46
1
0
0
1
1960
196
41
33
22
16
1153
0
4
0
0
358
434
193
15
2
201
334
149
0
84
41
0
6
0
4
0
0
78
804
138
0
6
166
4
57
2
3
2
8
166
3014
0
0
2
8
69
3
97
0
10
21
10
0
547
3893
1181
0
160
0
11
0
13
3
5
0
723
27
595
225
469
0
304
0
714
4
771
3
4
137
36
31
550
733
886
568
1
1104
0
24
0
26
743
37
655
44
137
27
99
4
4
26
22
52
202
83
1
291
79
0
2007
106
48
928
85
492
221
2422
68
574
46
0
0
0
4
14
34
1494
0
23
487
0
350
0
2
107
307
881
1
0
0
0
22
0
49
81
2304
0
12
422
1051
0
1036
68
0
823
2156
169
118
426
39
0
791
0
2873
78
100
205
259
0
0
0
0
19
0
0
0
26
0
0
0
67
1
48
0
0
14
164
0
0
0
6
0
42
0
0
760
2
0
0
643
56
0
5
279
823
0
176
0
722
182
63
83
975
316
15
62
0
0
0
145
383
33
11
3
0
5
1
0
0
0
0
138
390
34
0
5447
2
1
0
55
12
260
0
0
234
0
243
113
53
0
0
0
1423
65
0
12
0
0
209
712
4
0
108
0
446
0
399
8
2058
1017
2
0
26
384
0
44
152
0
159
245
11
459
53
0
0
6
1
80
98
457
0
18
0
13
196
0
3944
13
0
0
40
0
3
6
0
185
657
22
1547
105
2406
30
59
235
711
1151
17
0
25
8
46
102
0
518
2
0
0
0
20
1
20
24
0
0
13
0
0
0
242
138
0
2
0
42
10
60
8
306
15
0
0
186
17
2139
14
197
18
462
0
72
294
3
91
31
418
0
388
170
747
3
247
248
0
0
0
22
155
8
206
43
17
6
166
268
0
1325
1248
267
0
0
489
21
0
545
0
72
0
60
0
0
0
0
69
15
13
0
1093
386
14
3
516
21
0
257
266
0
0
0
51
0
27
16
0
4069
205
1
57
190
30
0
0
68
25
587
296
24
15
135
29
103
7
0
53
0
0
0
45
0
0
2
82
34
0
28
0
47
6
322
225
0
3
11
1
1388
71
0
0
205
3
0
7
88
1702
226
0
0
565
8
0
0
0
553
799
29
0
314
0
2
25
93
53
58
0
813
330
285
0
0
9
20
4
12
88
133
34
1
0
19
0
0
3383
0
0
57
32
1180
50
8
0
0
5629
2293
255
158
0
16
0
0
97
0
6
137
218
633
1050
0
1240
8
522
0
0
0
1
88
0
1
0
0
0
82
0
117
0
401
8
6
1
99
1
327
18
90
0
0
0
989
272
0
3
0
0
0
31
24
2
140
0
185
7
326
254
8
0
0
0
0
2
62
0
284
1043
0
0
0
2228
3
0
4
5
94
10
47
3
23
117
0
6
335
3
0
22
0
83
1138
0
51
388
12
2
0
161
0
0
2
62
0
0
150
0
20
0
2
230
3
24
2
0
0
16
0
946
0
0
3
0
804
0
254
23
0
104
140
0
0
424
0
43
21
0
455
2
0
200
0
5
22
17
0
6
0
3420
2
8
0
0
34
0
294
27
4
2
81
10
25
109
27
0
0
1
0
783
264
0
0
0
0
103
115
71
18
0
76
320
1875
0
0
0
326
46
0
842
852
0
0
250
34
0
0
8
1359
32
24
180
10
0
68
0
7
1
0
0
9
64
48
16
0
774
584
760
55
0
176
2
2827
0
17
0
12
317
45
1201
66
0
10
62
419
0
0
519
3
34
0
11
95
280
6
94
0
0
76
598
0
0
810
16
823
0
0
0
0
130
7
401
1
18
0
0
1
0
1698
786
0
107
293
9
144
925
691
88
166
34
2
0
0
0
380
0
69
177
288
18
456
147
207
0
0
0
0
3
15
33
54
0
2
196
0
159
254
0
1072
1
0
307
305
8
1201
1797
25
32
43
126
0
937
0
5
0
812
0
0
62
0
0
1657
0
31
24
1
1540
0
0
0
734
67
375
363
336
8
529
225
0
399
19
4
244
165
24
252
0
0
29
0
12
1386
5
7
0
0
0
0
0
283
24
0
27
86
74
12
1211
72
0
0
3
1424
201
74
13
5524
0
0
159
0
3
0
138
0
41
0
9
16
5
4
395
24
179
311
27
0
0
19
11
2
168
429
0
1018
0
3
3
13
33
0
1
30
1349
0
18
63
16
0
9
0
165
14
100
28
1
2
232
6
93
328
0
0
186
679
16
0
3474
81
12
3
72
3
717
0
0
0
0
2586
0
0
0
1
265
0
20
8
0
0
18
4
268
47
0
449
89
10
0
27
86
2
149
4
0
204
4
0
0
390
0
47
52
0
609
176
336
392
7
12
411
1
4
1727
2
23
0
0
0
432
42
0
242
0
113
74
27
333
0
33
142
68
176
1
838
11
0
343
0
0
0
732
119
0
100
139
0
0
5
1196
0
236
0
0
5
2
24
2
0
69
0
114
267
0
21
0
0
76
36
1043
168
0
0
1
143
42
138
0
175
67
0
0
39
0
0
0
5
17
0
24
77
0
0
0
0
1217
0
3
39
16
2
0
0
266
196
3037
0
0
91
27
9
63
409
118
0
70
106
92
3
2
24
0
35
95
384
0
0
43
0
0
0
19
16
0
0
0
20
1
0
5
11
6
190
107
0
59
174
40
0
2
259
35
3
160
0
0
368
0
0
191
0
2043
0
91
3
7
6
1
2
0
23
1
5
2
0
4
8161
6
165
4
0
1
25
265
79
3801
0
6
51
5
0
325
122
0
3283
4
136
9
0
70
0
0
199
0
0
1
0
21
266
10
2342
0
0
1585
24
0
2464
0
0
209
247
15
0
0
1018
0
623
1057
11
3
0
1087
175
101
0
77
36
0
0
0
0
221
8463
502
0
1529
0
78
299
2
0
94
2
163
255
31
0
257
50
327
30
20
1260
203
0
0
381
609
0
38
0
0
0
95
70
90
40
73
5
38
0
8
48
0
2
0
0
134
4
942
0
151
0
39
4
41
3285
1
179
0
55
17
0
21
89
10
15
82
376
0
0
0
0
0
244
0
0
2
0
60
69
24
42
1521
0
0
0
2
0
1
247
0
3
0
36
0
325
0
0
0
17
0
53
84
0
0
0
207
210
2
0
0
0
21
0
2
74
111
0
107
12
667
76
0
18
0
0
593
0
0
27
0
9
3
55
0
51
1
0
1
89
82
108
0
9
0
0
63
0
225
0
65
37
147
968
12
0
0
0
21
0
2
1
0
0
110
109
1
3
2
304
0
57
0
79
275
4
19
42
19
0
20
30
0
2
0
0
0
0
33
6
80
0
0
936
102
117
43
54
0
598
118
0
169
46
528
228
107
0
0
6
12
0
4
2461
7
0
286
0
1
0
265
56
2
0
102
1
0
0
49
1
0
9
131
0
0
2
0
0
6
284
0
720
27
0
37
458
0
10
20
71
0
46
6
0
0
0
143
135
8
0
627
6
2
0
3
2
0
0
0
172
3
0
0
0
0
10
345
0
0
0
20
2
0
37
1052
61
0
0
0
0
0
0
8
9
61
0
20
81
15
0
1
200
104
5
0
0
0
0
0
18
2
4
0
114
0
0
0
1168
0
145
20
5
62
0
3
0
0
114
213
0
0
0
0
17
184
0
48
4
13
428
17
252
0
4
26
491
1788
0
0
9
3
170
5
18
0
3072
0
0
0
3
62
0
35
3
2
307
0
95
19
4
0
12
6
807
17
26
1166
93
0
0
48
0
20
74
181
0
0
16
0
746
16
0
0
9
0
9
0
4
6
33
266
4
0
65
5
1
95
0
3
148
0
0
0
214
3837
0
0
0
0
60
0
36
0
94
199
18
906
0
2
0
9
612
127
23
106
84
2163
509
3
0
1
3
74
202
3
0
23
0
297
1
707
0
23
0
0
0
929
108
0
69
258
8
0
1600
70
91
4
405
7
31
0
0
15
25
0
0
1274
9
0
0
23
0
24
118
33
0
0
0
235
324
38
0
1
50
4
264
0
10
0
21
155
0
7
0
0
20
0
0
0
1019
0
87
2
18
17
0
0
0
14
96
201
0
0
0
41
0
261
194
0
521
248
2
0
13
0
11
0
16
35
0
0
0
2232
11
0
588
0
0
178
1
0
33
228
60
0
221
12
297
0
14
2
8
63
296
0
2
2
0
0
48
0
9
2
9
38
121
8
0
0
0
0
23
396
143
2
0
0
240
149
0
110
126
386
110
0
19
55
113
2
7
231
33
1116
0
294
3
0
0
0
0
5
2
16
5
153
3
2
1
0
57
396
4
494
0
117
1107
142
0
2
1
3
9
239
0
0
0
184
0
42
3
67
0
72
0
0
0
426
39
131
0
0
0
411
8
64
0
12
42
163
0
91
0
1149
0
22
19
0
6
54
0
70
692
0
0
1
250
32
47
111
6
2
2
17
0
0
32
103
1587
430
15
0
133
80
46
821
0
2
0
0
0
1657
0
55
0
413
0
111
135
0
0
0
90
483
161
56
22
23
0
17
4327
0
171
7
2
38
18
26
108
0
0
1
1426
3
0
205
76
0
1821
3
3
47
0
99
74
619
34
3
343
0
0
0
5
1214
1
100
2
137
6
1
0
2
0
3
92
99
3
18
158
13
0
126
1485
0
0
229
0
0
0
6
0
0
116
0
421
9
6
0
0
54
12
1
4
174
21
612
376
69
466
1
167
5
466
6
0
486
44
0
0
0
375
5
31
21
152
2
34
0
14
2
233
0
2
10
0
0
94
0
0
3
153
158
3
228
21
0
41
0
0
107
0
145
95
228
0
5
66
820
0
13
0
0
322
52
0
0
1042
129
15
3
0
0
6
0
9
490
0
6
0
118
0
25
0
12
0
0
261
0
12
2
954
0
0
19
0
0
6449
3
91
0
0
0
0
44
294
62
1
445
10
248
0
0
233
0
0
121
35
178
0
5
35
1122
592
54
0
1635
0
166
156
0
10
0
15
13
404
43
47
190
0
0
7
228
1
0
170
0
0
0
46
21
29
0
716
12
278
0
744
193
15
358
1195
168
0
0
21
0
0
1642
16
182
49
0
0
4
15
43
0
0
27
123
288
453
0
77
0
0
130
40
24
12
0
531
15
573
0
25
0
43
0
69
73
173
0
134
44
3
20
5
0
3
0
93
137
77
1
8
0
61
74
0
0
7
485
0
33
41
2
1
570
0
1140
1020
0
0
2046
5
0
182
15
18
303
0
144
0
23
129
0
0
162
0
62
30
0
3
39
12
865
18
5
0
59
251
0
0
0
0
1
217
236
7
0
44
212
361
7
39
487
231
2
0
0
215
181
0
0
134
49
279
0
1
0
51
0
1390
500
0
5
13
0
323
0
2
0
0
0
109
10
2
2
0
0
0
33
850
4
0
13
0
16
0
158
0
0
102
0
12
0
233
34
0
0
66
1
723
558
107
443
110
0
163
0
0
36
0
50
2
0
128
0
0
6
0
2
1
2140
0
0
0
29
1904
0
505
0
36
0
1
113
41
149
128
122
0
301
13
2
0
19
290
269
46
7
0
34
13
2
0
0
631
208
152
37
1915
542
0
9
0
0
6
293
84
0
178
810
278
81
13
13
82
780
2
37
1
451
0
225
0
346
63
68
0
21
0
11
1615
10
103
62
318
51
369
61
73
0
22
0
15
0
0
34
142
177
0
0
227
0
5
0
419
0
15
138
1945
75
0
544
0
0
19
0
206
0
0
0
7
159
2
0
0
16
58
12
36
0
2
0
229
0
62
10
6
0
23
45
1
2
0
157
0
8
3
4612
67
4
0
2
38
123
405
126
984
0
0
1222
0
0
857
1
0
0
12
958
205
0
8
1714
108
0
0
0
0
0
25
2158
4
0
36
8
0
948
0
0
0
1568
100
362
0
226
5
833
0
17
16
0
0
1
33
6
3
4
0
190
29
0
1664
0
0
1
51
0
0
950
6
6
5
5
85
0
0
97
294
0
113
14
12
23
227
1449
40
0
0
3140
86
0
916
3311
0
429
772
22
2
0
0
0
26
197
0
0
0
0
0
1
1
0
0
17
15
30
2
0
93
0
908
34
0
85
0
84
40
0
0
717
7
0
25
0
13
18
0
43
356
336
0
57
131
153
46
19482
198
40
77
1224
617
0
17
7
0
95
0
0
73
0
901
1472
0
0
0
28
195
108
184
309
9
0
0
0
1398
112
0
6
79
5
0
10
873
24
92
4
3
0
353
1
47
745
148
0
55
0
0
39
302
0
18
198
845
3
7
905
326
0
0
2379
0
0
147
0
8
0
0
14
0
0
6
350
65
133
0
743
161
0
0
66
217
190
5
68
0
0
78
1
1197
72
616
15
0
8
0
0
31
0
0
0
387
1287
664
1037
0
66
12
0
240
3
46
0
10
48
573
103
0
0
530
19
486
0
0
83
0
0
0
4
0
603
92
57
1
0
1664
3
0
0
85
3
79
407
2
1
99
3
4
180
0
76
0
0
0
22
0
56
184
0
326
0
0
1
23
0
185
16
699
0
102
704
3
0
0
60
0
30
652
57
0
0
0
0
135
8
102
53
2
9
5763
91
0
7
0
0
1687
0
0
5
385
0
32
15
82
6
0
0
456
0
0
8
2
0
181
0
10
0
466
62
2
1059
69
0
851
0
30
1
0
647
0
0
3074
47
0
1
0
149
222
0
31
15
0
989
0
223
10
0
0
11
0
0
5
0
0
216
0
8
30
0
19
0
0
349
13
0
0
0
8
5
0
0
0
0
0
0
0
1
0
140
13
50
124
4
0
135
0
119
0
0
0
27
0
20
0
0
314
0
67
63
8
8
24
0
324
2
0
382
0
444
0
829
1086
0
7
18
0
0
112
0
103
8
0
8
166
2
683
0
0
20
48
326
75
863
255
0
97
0
329
268
0
0
256
8
18
11
466
6
0
96
9
600
96
552
0
3488
65
434
4
5
341
0
197
150
5
0
0
0
68
61
71
0
0
3
226
0
0
6
508
3
0
0
0
542
326
265
204
82
1
1
0
65
0
7
0
16
0
52
522
0
298
0
0
0
645
0
17
0
395
0
272
0
20
24
329
0
11
0
23
3
34
28
120
0
239
0
120
0
0
0
0
39
0
171
0
155
0
70
0
0
0
0
2
0
0
0
534
50
60
0
0
208
52
0
3
28
0
0
63
85
513
858
3
74
0
541
0
172
0
24
1241
55
13
174
11
421
53
0
295
1767
17
1481
0
349
10
0
4
0
11
33
0
1
10912
0
583
0
101
0
171
0
148
334
287
0
89
720
0
610
0
0
0
85
0
0
5
33
0
0
123
0
47
0
1551
12
0
13
0
27
124
0
2
854
10
70
0
90
16
0
1136
0
0
214
280
0
548
0
0
1
0
70
1638
890
0
0
0
0
154
3
0
0
773
666
32
10
80
0
43
16
3
182
0
255
480
0
0
0
81
551
0
0
0
0
44
0
47
2
0
0
0
0
9
96
0
0
21
40
15
0
0
0
0
0
0
313
0
0
0
0
75
87
211
2554
123
14
351
4
0
0
3
1
0
0
0
61
0
86
1
0
2
3
0
0
0
0
1
0
230
0
6
0
2
23
13
3
6
624
544
142
16
23
55
0
1
17
1
163
10
13
0
0
8
0
0
60
0
7
1343
2
2
0
0
2
78
0
1461
107
25
754
0
0
117
0
773
0
0
0
0
0
49
92
0
236
269
368
531
0
0
0
0
0
13
175
0
335
420
3
52
0
59
2054
0
42
20
51
18
91
355
29
159
4561
1126
0
0
6
91
0
0
20
229
2451
6
0
12
1714
0
0
0
1
7
124
282
366
1180
337
0
0
20
0
749
0
0
99
691
0
1
6
173
944
0
377
346
1
757
3
0
7
566
157
213
165
0
641
75
193
0
136
514
1096
0
0
13
0
19
1
0
215
19
6
10
77
1025
0
16
380
118
3
0
0
238
13
36
0
0
0
27
485
3
0
4
0
0
0
0
0
118
158
311
145
254
0
65
0
0
84
563
170
40
0
248
42
1
0
75
480
0
1215
25
0
161
0
1
159
0
0
0
0
2
0
105
0
0
5
46
0
1
690
0
3116
0
0
0
0
60
0
0
0
789
3
2
0
5
0
0
424
0
0
0
0
139
13
0
14
86
0
0
312
0
41
0
163
15
0
0
38
183
79
231
566
0
0
303
0
2
4
451
10
0
433
0
72
0
0
0
1
323
288
351
1449
0
0
6
53
198
21
30
2
13
58
0
41
0
96
3
604
0
0
141
0
0
39
0
125
345
0
148
3
0
579
0
581
22
18
424
4
1534
1087
0
4
20
0
0
2
0
762
0
205
3638
250
47
24
150
12
26
0
19
16
8
0
1
138
173
56
69
0
277
768
13
50
0
4400
3
0
0
316
0
217
157
574
8
22
2
173
357
0
0
978
20
26
0
0
2269
5
0
1006
27
400
209
0
191
4
67
275
932
11
0
17
712
0
0
2
0
0
0
569
0
1616
7
2
343
0
0
54
10
85
19
112
625
0
1
60
72
0
0
0
31
0
128
23
0
0
72
0
3
38
0
635
1310
0
194
12
50
0
8
0
37
0
49
1
0
0
0
124
0
1025
0
8
0
510
0
0
0
1
223
15
930
0
55
106
114
3
0
0
32
0
0
0
0
149
0
68
0
30
176
0
3
39
50
0
19
1
0
106
8
24
125
1
1007
163
252
0
0
228
58
32
175
0
1444
63
0
0
112
13
0
309
82
104
12
0
0
6
906
262
67
4
2426
24
0
105
58
15
0
35
27
787
359
134
1854
892
0
89
60
0
770
91
3
0
0
143
248
6
4
359
329
0
326
0
696
0
0
29
0
0
440
60
2595
0
118
0
74
11
73
0
0
24
874
93
11
81
221
46
7
0
0
43
11
0
76
0
148
1388
0
209
0
92
0
977
785
171
24
150
0
208
5
102
0
2
5
2
0
0
47
92
5
1099
56
0
0
223
78
77
0
0
0
38
743
0
107
0
37
0
1683
70
52
4
0
0
0
65
37
0
96
95
238
4
0
0
3951
0
21
494
0
334
0
60
0
6
0
128
0
133
0
175
77
738
87
0
0
0
1118
0
16
1492
0
29
1
1
0
9
42
0
16
47
33
5
0
34
2
82
0
0
86
0
1
121
28
263
675
3
3
0
24
35
0
914
183
14
101
294
16
1
49
42
0
0
23
626
16
509
0
60
850
91
0
21
289
335
671
1
25
0
156
215
0
134
156
362
33
3
56
0
25
0
3
7
6
7
16
516
204
275
5
465
15
195
0
355
253
2
29
1
46
311
388
367
0
0
46
470
369
7
0
371
30
0
0
0
0
990
0
0
69
3950
0
0
0
15
65
1
1013
4
5
0
47
79
76
0
175
328
0
0
625
0
12
1
173
0
0
0
1
51
0
1
51
4
0
67
0
39
408
0
80
4
28
0
0
457
0
12
615
332
2
0
0
33
81
0
12
1028
0
188
131
74
363
0
409
63
0
5614
69
57
0
0
0
0
121
2
8
161
45
0
40
0
0
3
113
12
10
35
96
669
746
4536
285
11
2378
0
9
0
561
34
0
1
538
0
49
233
16
94
54
0
6
144
100
0
0
0
430
0
24
279
3320
0
0
4
0
0
0
16
103
0
7
720
297
0
0
4
0
29
3
72
0
0
825
387
0
0
937
147
0
0
37
0
0
146
0
0
115
5
32
0
236
444
601
2
0
0
0
35
78
2
0
313
2
266
0
0
4
2
0
9
0
1
0
105
4
971
233
6
0
1870
39
0
0
18
0
7
0
2
445
46
2
0
26
0
7
2362
446
0
233
413
0
449
0
258
23
263
50
215
0
118
13
0
1
0
233
0
0
45
204
0
11
0
133
757
6
18
0
0
19
0
0
0
0
0
125
3
0
132
393
0
0
0
0
37
0
4329
227
0
303
145
31
0
1
9
106
6
3
0
663
37
0
0
25
3
0
0
0
227
8
7
78
2
25
36
0
2
0
0
67
100
88
0
0
0
0
411
0
0
437
138
0
15
0
50
43
0
0
108
0
95
20
0
25
0
5
431
0
1
0
0
17
1493
0
0
3
0
0
0
69
396
8
442
62
20
37
64
0
0
302
338
0
88
0
172
897
10
780
0
26
27
0
0
0
153
0
496
0
0
1487
5
0
2
0
284
146
2
0
0
0
23
0
74
0
317
221
95
16
495
9
417
1
0
2801
0
5
1
0
0
69
71
812
0
0
157
0
18
0
18
0
0
0
9
0
2
0
7
33
1
151
0
149
88
432
0
75
41
4
47
0
0
565
0
0
249
9
0
0
1
11
0
0
9
0
0
83
0
49
5
146
29
88
0
40
7
0
19
0
5
3
210
983
0
0
0
31
6
0
7
11
0
88
147
0
99
0
10
151
0
842
0
61
0
105
0
0
0
263
9
0
0
0
0
10
0
0
0
19
50
0
3
107
1
53
0
116
0
0
1
1
0
16
551
2
417
249
2
5
0
0
2219
54
69
68
2
4
287
2179
8
0
1
0
2
45
17
8
8220
0
36
0
947
0
2719
61
1152
478
0
76
56
25
180
0
8
40
120
102
710
151
1
7
0
6
2717
1
1
0
128
0
0
0
0
7
0
1
2
7
0
2
0
0
1
1
73
124
0
320
428
2022
145
26
0
203
6
0
58
5
0
1
0
0
0
89
0
27
0
49
0
22
0
0
70
84
0
0
6
0
0
1
0
22
111
125
691
4
256
251
54
0
71
2
4
1
19
1
340
32
49
0
0
0
14
56
0
11
33
486
0
49
0
121
187
0
105
119
65
116
4
0
1
5
0
0
3
0
28
0
0
2
83
18
0
0
20
0
5
836
0
2
177
73
0
35
0
118
550
15
51
318
917
598
0
84
0
0
0
55
6
138
820
0
0
38
654
0
0
0
0
0
27
0
0
1543
1
14
77
365
0
5
6
39
328
2
6
680
216
397
160
3
114
0
0
0
15
92
37
1
2
48
5286
919
1
0
151
37
90
1
0
1230
0
17
0
3912
1
4
147
385
117
14
1013
0
48
797
0
0
0
32
0
0
47
11
0
0
41
0
0
0
0
81
152
391
127
4
0
0
0
0
73
2090
32
0
1
28
42
0
22
173
10
2
10
0
0
3
2
20
0
945
0
0
5
0
60
0
0
588
2
0
0
0
0
0
0
0
0
0
85
245
24
212
2
151
0
89
71
26
122
3
117
681
0
0
1
16
946
26
25
9
360
185
1436
0
0
0
0
0
19
289
0
0
17
0
213
0
441
1
69
0
33
62
0
0
116
18
9
22
1
21
2
91
416
0
1227
19
1404
9
0
188
2
82
2
0
60
0
0
515
32
0
289
17
4
2516
19
0
0
674
0
0
18
84
0
47
86
0
0
1658
0
254
1
28
16
10
24
161
222
269
0
244
8
585
272
213
2
0
54
48
265
0
0
0
1907
0
126
5
15
18
800
0
83
0
258
0
665
0
321
8
31
43
8
0
4200
0
21
0
4425
5
0
18
0
0
0
0
1
183
24
1
0
68
0
41
157
0
96
970
109
4
107
240
48
0
0
0
76
3865
23
15
1605
0
0
31
0
0
0
12
720
0
0
32
0
2
23
37
0
92
3
0
10
212
726
66
0
710
524
0
326
61
2
84
936
236
0
0
157
30
924
42
0
253
5
722
115
0
37
25
0
7184
21
7
53
0
8
0
0
55
31
308
0
0
295
2
60
0
0
118
328
0
11
380
25
0
0
0
0
0
375
283
0
1879
3
16
11
0
0
161
13
9
198
0
289
68
779
409
0
0
2
14
117
381
48
99
0
201
0
0
32
85
216
0
0
50
0
0
92
9
1
0
9
0
0
156
0
2
2
0
15
32
134
0
13
3
4
144
0
302
0
233
41
26
311
16
0
380
0
0
0
7
0
2930
0
13
0
0
23
333
0
110
0
5
7
16
6
0
23
0
2
0
0
13
3
6
0
52
0
0
16
87
0
6
487
0
3597
110
0
1
0
563
0
166
287
0
0
0
44
0
0
0
0
0
51
0
0
0
0
0
0
147
0
15
2
0
1109
0
189
0
497
328
0
0
0
304
5332
565
0
0
41
40
61
0
37
4
0
14
57
0
71
0
216
124
233
0
41
28
0
0
0
550
0
25
5
0
9
0
3
1
11
95
29
53
17
24
207
1
107
1
169
4
75
2
0
3
250
0
0
833
4
0
3
43
319
117
0
0
0
1131
25
9
1
265
62
0
371
71
124
14
10
522
54
0
0
9
50
0
211
43
0
4
13
165
1
9
0
53
6
0
0
0
195
167
827
0
38
0
20
3
4
0
2588
0
254
4691
280
0
0
128
1243
0
13
14
0
33
0
340
2793
25
702
0
1473
230
0
235
22
437
54
35
14
10
7
5
33
3
58
0
0
0
11
149
98
101
3
373
181
493
8
0
63
3
27
30
441
1
4
16
422
5
0
0
21
906
0
0
16
0
0
70
0
0
15
1
0
0
2
0
0
0
118
0
0
0
4
0
0
14
96
2
876
0
58
0
0
10
4
132
0
3
1078
3
0
0
1
14
56
8
0
1164
0
7
309
0
334
62
0
21
23
20
6
0
67
50
2
0
396
205
11
395
502
537
0
11
0
0
0
23
0
0
0
1
0
0
7
0
934
263
1
2340
0
3
1
2
0
48
68
13
69
448
0
0
9
30
35
1
61
14
3
0
0
0
4
0
186
927
642
204
0
42
2045
860
29
0
0
234
21
0
192
155
0
94
1
0
159
0
799
19
7
0
0
0
382
460
75
91
0
5
8
2
73
38
1
1
0
4
214
5
0
4
0
2
0
0
9
3
2
4
55
6
5
0
0
3
13
4
0
82
0
0
0
220
12
14
54
1
0
289
158
11
87
156
4
0
0
0
2
1
16
0
757
10
4
16
7
0
69
0
1
0
5
3
2
0
36
9
0
379
0
15
27
2
6
159
0
0
0
0
4
0
9
58
0
0
12
10
73
8
0
1
0
101
15
2
129
3
2
411
0
2832
197
145
0
0
74
1
187
0
0
8
344
4
366
19
34
0
0
0
0
110
0
0
0
0
12
0
58
0
54
0
0
0
87
42
0
0
47
17
53
3
0
206
60
60
43
256
6
1
0
0
5
0
282
0
76
239
0
2
150
133
0
457
0
60
62
0
0
0
247
0
0
0
15
0
3057
0
201
4
0
0
0
0
0
0
117
0
82
16
41
2
32
0
0
0
48
598
29
0
0
4
13
44
0
93
1888
0
195
74
19
2
0
7
6
0
35
0
12
46
0
67
125
0
35
15
3
0
0
0
126
324
0
8
53
216
0
11
0
964
82
86
0
0
17
0
0
3419
6
333
21
20
3
0
31
118
22
24
6
0
0
0
0
312
12847
0
0
0
24
72
243
0
1
0
0
1
0
12
17
15
79
29
12
10
0
2
525
5
4
59
1
90
76
20
4
0
9
57
134
0
4
20
1
661
0
105
1238
7159
26
344
46
7
158
33
404
4
0
49
0
51
339
95
145
33
0
3
3012
32
0
37
11
5
4
0
1
5
83
0
116
45
0
0
7
6028
0
1
160
176
0
38
0
1475
8
0
0
36
0
8
0
13
338
1
0
0
50
0
4652
0
3
574
0
70
140
0
1481
353
8
8
2
0
0
63
0
185
23
91
97
3
423
0
0
33
0
0
39
1
53
261
0
35
549
0
18
0
134
0
0
33
93
0
38
0
0
1
13
109
0
0
3
0
0
471
104
0
92
1
549
885
270
0
0
6
46
48
1
12
16
4
34
0
0
16
1
0
17
0
0
111
0
2
0
87
46
0
66
90
39
0
6
2
0
45
16
11
0
24
0
30
2
0
0
8
154
0
0
34
0
67
11
396
0
8
0
1
514
74
75
53
0
702
18
33
375
77
7
0
3
7
159
30
28
9
3
3597
1638
0
0
64
48
49
103
0
3
0
2
0
2
53
0
0
0
0
0
0
2
217
4
201
35
33
213
1
0
0
390
0
0
26
0
84
4
12
0
27
0
7
1
265
189
0
304
0
188
0
299
200
9
0
0
1
0
0
74
0
0
47
0
0
2
0
0
0
3
2
0
0
20
27
0
484
273
65
0
0
113
0
13
5
0
90
184
13
0
252
0
274
0
318
103
1
121
0
104
2
3
77
29
7
13
274
977
1
327
27
1
0
0
922
290
4
84
0
21
0
0
0
31
1711
0
12
456
0
144
0
79
0
4
0
131
0
1216
3
4
0
68
1
501
413
0
307
4
0
36
81
3
0
2402
0
2
20
181
77
20
1003
258
345
1278
1470
29
0
24
32
148
17
0
4
0
143
2
63
0
0
0
9
163
6
0
0
0
1
0
39
1661
283
1
107
10
0
83
1125
111
46
2
14
57
18
0
0
7
611
10
0
6
0
10
0
310
0
0
123
2
23
792
5
0
401
917
0
1241
22
58
2
129
0
524
47
0
25
80
4
165
0
27
3
0
0
160
18
0
240
189
0
1710
6
66
1
234
168
0
680
108
1
0
1137
0
46
6
131
0
0
11
25
20
490
311
41
810
14
305
24
6
792
496
0
0
0
13
75
2295
0
220
140
0
16
3
0
0
429
2
54
0
0
5
178
1
22
0
342
0
42
1
243
0
0
9
0
0
14
51
19
0
597
1348
0
49
565
0
431
0
0
1
3
0
45
34
99
2397
130
0
92
27
316
0
7
0
0
0
186
1343
17
0
10
347
90
0
75
0
57
9
5
146
1
53
5484
0
0
0
4
0
765
0
0
0
16
0
0
0
0
504
0
94
141
2
81
4
24
31
5135
15
30
0
0
94
0
0
583
0
1
413
13
11
0
4
0
0
322
118
0
0
0
320
51
0
0
22
9
553
6
0
0
0
0
0
2
193
1
1
0
1839
3001
0
11
3
2
135
0
400
26
282
26
0
54
333
0
758
292
0
107
0
0
5051
5
0
247
1
2
10
0
831
7
282
3004
0
0
0
2
0
0
38
2
84
4650
201
0
9
0
0
2
0
61
0
55
3
119
249
1346
1476
0
0
395
4
15
0
520
1300
6
22
0
0
43
2
11
0
22
7
115
25
0
169
8
3
0
11
148
0
0
0
28
0
2
8
695
0
86
51
0
17
95
0
9
0
0
979
1
234
17
0
13
0
0
0
1316
220
641
84
0
6
2045
1050
0
1
1083
0
0
0
36
0
4
3
107
164
93
178
0
279
7
0
27
49
644
76
72
55
0
4
0
3
85
0
230
45
0
13
0
0
1
0
0
2450
5
15
264
48
61
1
0
366
249
25
0
3
1
0
0
187
165
0
0
8
0
14
7
0
539
160
0
0
186
1007
141
18
60
0
0
35
0
0
4
6
129
1
0
34
10
0
350
0
114
68
82
199
0
0
27
171
267
26
0
0
4
0
897
721
4331
0
0
5
121
60
28
0
0
1599
0
0
0
3
4
0
1
0
0
22
0
2
0
104
0
20
18
3
96
0
401
1162
0
0
0
0
4
0
0
0
210
603
111
6
1
0
157
0
45
849
153
380
0
35
25
0
15
7
0
0
0
0
9
0
75
0
10
188
3
89
179
0
0
0
0
6
0
0
14
281
15
0
3
0
0
0
0
0
36
26
117
816
7
0
279
1688
0
3
13
0
917
1
17
43
179
0
231
3
20
0
339
21
0
0
12
0
10
31
218
3
122
113
773
0
0
25
148
42
0
38
1332
0
295
0
396
1253
106
0
44
23
0
7
1749
475
22
0
316
2
160
0
0
8
0
0
0
953
55
368
1122
20
54
406
0
74
54
322
0
0
178
0
36
0
6
4725
0
44
35
0
79
75
9
6
1
93
0
360
0
31
0
327
296
211
0
52
0
0
0
0
33
0
968
14
0
1
0
0
0
53
0
257
0
0
0
3
0
0
3
17
0
37
1
189
182
4
216
21
103
143
0
160
76
0
414
90
223
0
1720
0
212
0
79
103
0
0
301
3
870
194
126
98
36
0
0
0
0
0
75
0
0
12
52
0
1320
213
0
0
568
0
1
0
13
0
2
0
3
0
2
0
0
30
2
189
39
233
0
0
0
2
264
2
14
0
184
0
318
36
0
0
488
0
0
10
0
0
0
38
0
72
0
361
1240
0
789
0
80
2
2
0
138
1663
138
106
178
184
157
24
118
0
160
0
605
0
624
32
0
154
0
473
211
0
284
0
137
0
0
1168
271
106
0
79
17
0
287
126
0
1
0
0
0
193
0
165
0
216
148
0
2
918
425
0
0
550
0
35
0
79
0
3
204
81
106
4023
669
138
151
0
0
8
0
27
1
233
0
43
131
127
617
0
28
241
97
0
32
63
0
7
250
116
0
100
239
0
2
0
0
12
34
0
0
15
315
89
0
1016
1851
958
17
572
1854
0
156
22
38
1046
44
40
147
41
0
218
5
0
51
209
2
5
0
235
107
0
7
0
910
17
5183
204
93
102
128
3
0
926
583
151
8
1
3
69
136
0
122
15
0
110
386
3
159
93
0
0
0
126
835
502
156
0
0
963
0
0
0
0
3
22
1921
0
6
0
0
28
24
0
0
376
14
0
1
768
23
0
14
120
41
925
183
0
2
0
0
23
32
0
2
5
0
10
0
67
0
0
175
2
0
11
89
0
57
0
1
0
0
157
0
10
0
138
0
625
128
0
86
0
3
163
47
895
60
161
0
209
152
0
0
2
78
32
17
4
722
121
0
107
8
0
0
179
0
74
1549
0
0
0
0
0
1
33
8037
47
0
246
1
180
15
1
0
1
44
4
0
0
0
153
19
20
1
248
65
56
0
1246
0
11
2
66
46
2489
432
1
0
0
12
30
3014
0
0
10
3356
73
2
2
5
0
0
0
0
222
210
0
51
0
0
92
0
47
0
0
36
240
0
42
40
24
23
673
128
0
390
229
0
0
395
0
7
0
195
0
789
0
1
0
10
13
2
0
450
0
1
1033
13
0
0
151
0
0
0
0
0
42
0
69
4
0
61
1725
0
0
522
0
0
5597
23
405
223
33
0
15
4
0
260
0
282
270
0
91
13
0
78
2013
1657
0
0
25
1
3
25
4
95
7
0
0
3
1122
274
129
299
21
0
418
277
0
0
0
14
0
0
323
0
109
4
20
0
276
0
1
14
0
21
0
3
0
45
7
0
75
3
15
0
4
1439
37
0
64
0
0
2
114
0
0
20
2
0
0
0
7
0
469
249
374
23
19
134
13
0
0
0
3
0
25
151
16
8
0
35
436
67
0
440
23
22
408
150
0
378
71
0
14
0
1
0
0
53
123
3
71
0
24
0
31
0
20
0
0
5
0
221
0
60
940
647
19
0
0
0
0
60
13
0
901
1202
32
0
0
10
18
12
0
0
1975
6
0
364
86
0
111
0
0
61
0
129
323
0
0
59
1
0
4
0
0
0
301
4
0
47
135
0
22
20
0
142
0
310
0
9
50
79
123
17
0
0
377
69
1609
23
411
3
608
0
547
11
0
87
0
29
29
1915
792
5
17
87
54
0
0
1803
0
0
270
10
34
0
20
0
0
0
152
0
0
23
221
534
0
0
56
156
201
3
43
0
0
0
5
0
0
0
20
155
25
9
0
11
19
0
0
0
0
734
0
0
47
95
570
26
44
57
139
0
83
68
88
25
3
118
318
107
0
70
0
60
698
47
347
0
0
36
6
14
275
48
0
9794
121
8
4962
212
1
0
68
267
0
426
0
0
5
145
0
0
0
0
253
1
0
0
5
0
187
0
0
0
387
0
0
296
18
60
0
24
0
0
25
0
7
0
281
7
0
106
0
23
30
0
54
1
32
177
0
0
3
234
13
613
113
109
449
129
57
0
14
0
0
98
0
0
9
13
92
0
9
762
0
0
269
7
616
7
218
0
187
517
26
0
0
0
83
1490
0
0
0
0
2
0
0
0
0
1
139
217
35
0
50
47
132
202
0
1389
442
0
16
266
418
0
51
29
144
1435
0
19
0
0
0
0
222
3
21
1
0
6
52
0
5
10
0
37
17
0
132
0
0
0
0
0
35
0
0
79
3
841
482
1
0
678
55
0
51
5
78
0
0
3
3
0
0
0
60
0
15
0
2154
467
0
0
778
0
40
195
1248
38
1
19
191
0
0
0
1
3
206
458
5
218
18
88
79
0
1139
66
20
13
5
0
6
0
20
2167
2
86
1952
11
0
9
0
2
2004
153
0
0
7
1442
0
216
0
160
402
44
321
0
0
208
0
47
0
0
3
1765
0
2
225
46
0
77
0
127
8
0
35
0
42
0
38
990
1608
39
0
0
245
41
0
253
25
20
0
0
0
0
0
4
808
0
196
2
0
434
19
0
0
0
439
2
25
84
340
17
1
0
27
0
703
0
0
0
378
1
0
3
0
346
2
587
0
0
128
0
0
2
0
0
1401
1
0
0
11
82
0
33
0
0
0
2
53
11
0
7
1
0
0
529
507
0
10
0
3
177
0
8
2
0
295
212
821
24
37
124
0
0
72
10
162
179
0
9
187
39
74
110
921
22
1425
0
509
168
15
0
0
3
0
49
41
163
141
0
160
0
4280
0
0
0
29
21
44
96
0
3
0
3
0
326
193
0
12
0
0
1
744
684
89
43
1835
0
0
0
135
4
0
3
65
227
0
21
87
22
0
0
0
0
765
645
278
29
2326
0
4
104
318
62
0
0
98
1132
81
1
0
0
3
0
1
753
0
659
0
1
18
749
5
173
0
0
7
16
187
0
1
19
2
4651
6
10
291
0
0
186
76
9
1
4
65
0
24
8
1
2
7
1
10
0
0
6
17
0
0
168
2
406
14
0
0
315
0
0
0
447
13
0
0
366
487
2
176
355
80
0
0
61
86
0
98
536
0
2
0
698
3
21
0
0
0
6
13
3182
74
61
84
428
21
0
0
0
4
0
873
3
81
0
175
0
5
153
0
125
0
52
2
0
3
0
0
0
0
0
0
9
33
7
38
0
2
0
17
67
0
11
22
0
2
0
0
0
4
35
0
42
469
0
0
0
588
0
2
3
0
0
24
0
8
77
134
14
2095
206
173
11
2
138
0
372
0
2
0
749
69
216
0
3
2
2
67
0
0
7
816
5
1
5
33
4
321
0
0
445
227
36
0
4
107
104
0
0
0
2317
99
0
0
16
0
0
2
0
0
587
1
122
2216
483
576
50
0
7
33
65
64
5
0
0
2927
203
658
361
9
0
161
161
155
15
39
0
0
20
237
385
0
0
236
897
0
247
1306
0
0
0
94
0
0
361
251
455
182
62
0
0
45
1007
35
0
23
171
0
0
25
2
233
220
0
0
48
120
0
6
52
6
179
2
9
617
169
32
0
749
1
0
21
36
41
0
5
407
0
139
0
68
1048
0
0
97
0
0
539
0
0
2
9
199
0
444
1
123
0
0
0
3
820
12
69
303
462
13
107
13
131
0
0
52
46
43
20
50
9
565
69
84
266
1105
292
0
414
3
221
67
540
104
11
0
0
78
36
103
0
52
701
208
305
0
81
30
3
0
0
0
11
1093
0
101
483
59
461
0
43
2
0
2
25
63
6
77
0
1004
1
0
0
0
109
240
0
6
1
151
0
2
5
1262
96
28
31
0
7
0
0
164
15
415
670
0
0
0
67
0
12
0
321
0
0
249
10
0
33
0
14
0
100
166
0
48
233
0
601
0
9
43
486
0
572
0
36
0
0
49
1
4
34
77
313
306
0
0
3
4
0
45
0
727
0
202
5
1
613
34
101
1
0
79
0
43
234
195
29
15
191
1722
0
482
29
0
102
1177
23
0
0
8
21
0
53
446
0
0
0
34
0
0
23
23
22
64
0
20
0
0
2
0
0
1
76
16
2
510
0
0
55
948
0
0
3
38
816
0
248
17
14
0
14
0
1051
0
0
0
0
284
0
814
0
12
11
0
4621
2
0
81
113
0
0
2
0
187
305
142
120
1
0
0
61
26
3
3
1
2
2
0
91
0
0
0
79
0
13
0
18
16
0
0
164
19
13
11
0
4396
262
69
1
208
303
5
638
19
1565
0
0
957
1177
464
392
41
0
0
0
50
0
1034
0
0
0
119
0
0
12
26
0
0
0
45
0
5
0
0
40
0
5
1336
0
0
0
0
0
5
407
26
5
293
143
59
0
0
0
0
287
0
1121
0
0
4
0
0
1
0
460
41
0
1
227
42
722
0
73
846
158
0
0
191
4
88
0
11
14
0
0
302
135
1
54
113
1988
48
0
220
0
0
27
37
0
5
0
0
2
0
4
1
195
138
5
0
0
118
228
696
0
0
0
84
0
0
0
5
0
72
0
0
41
10
322
15
1
0
0
516
54
0
0
1132
0
0
263
0
137
0
0
67
51
0
0
0
0
20
384
0
0
0
11
11
8
0
14
402
522
0
7
0
5
0
0
246
0
1
7
85
0
0
0
23
0
14
0
1
28
5
0
0
0
38
0
0
1
17
4
86
7
1
0
0
0
41
1
0
393
0
0
0
350
0
0
367
9
13
19
0
2
24
0
95
64
8
0
407
56
92
0
0
137
0
196
35
0
0
44
1060
7
14
3
13
315
0
34
53
1
13
0
9
4
124
381
1272
0
0
0
18
0
0
0
12
28
0
107
0
25
0
0
0
1
0
0
8
1299
0
558
50
0
0
5
16
7
0
143
0
0
0
0
8
10
1049
579
10
88
14
5
259
3
0
0
113
0
1
23
0
18
0
0
0
31
0
0
0
29
1
115
11
0
0
68
50
4
50
2
0
0
0
0
4
0
0
0
0
122
0
223
3
101
91
0
0
0
0
0
16
4
0
0
11
22
0
1105
115
0
0
0
104
81
0
15
173
14
72
487
13
0
0
258
0
63
0
66
5
2
4
0
55
161
75
169
31
0
21
0
0
794
3
143
0
0
7
211
66
0
2882
333
6018
152
46
53
191
835
1796
0
2
0
24
5
0
2
1
0
0
155
78
223
0
43
22
35
232
283
7
0
682
0
47
0
185
0
1172
2
0
79
0
0
772
507
21
90
34
2735
21
245
0
0
2
34
45
135
15
0
105
983
7
43
4932
0
136
0
10
0
0
6
0
0
13
7
2
163
2
0
75
29
43
0
0
0
83
121
5
0
0
0
0
23
0
25
719
49
0
0
0
70
1429
0
226
9
420
96
0
51
3
14
21
0
0
2182
0
0
91
0
139
111
0
1
2
13
13
28
93
2
0
461
29
197
0
117
39
0
81
0
6
0
0
0
0
140
5
270
8
49
0
0
150
0
2
0
60
0
284
0
5
0
0
0
0
0
24
0
926
8
116
2
0
23
2
0
4
97
0
9
0
0
0
0
8
15
237
1
0
137
8
90
0
9758
11
0
151
0
120
1
12
29
0
0
49
89
0
0
101
0
30
0
0
0
0
51
265
0
10
1
14
37
1
0
316
11
10
399
0
0
347
35
48
1
6
37
55
0
0
109
0
23
0
0
0
206
11
342
0
0
118
22
18
0
0
20
7
7
0
0
1
5
0
10
3
139
0
0
0
1
352
353
50
0
0
55
0
5
0
53
0
0
120
0
0
70
0
74
381
1038
1
423
0
640
76
0
553
190
246
0
0
3
2164
4083
4
121
16
4
56
4
248
0
0
93
7
0
0
0
19
1
0
3
0
0
155
0
284
0
0
88
0
328
34
0
0
0
0
30
2325
182
373
0
305
551
0
3
34
0
1
31
418
0
11
1563
393
291
2689
3
392
349
1
41
0
0
2
0
0
0
72
0
0
0
23
32
0
645
0
3
40
33
15
3
7
70
0
0
0
0
39
650
0
49
169
26
50
0
190
22
1457
0
0
0
14
118
0
10
386
31
1
2
0
102
135
0
0
146
435
0
2092
1591
0
235
154
0
400
0
1177
0
0
0
0
696
506
1
0
0
984
455
0
0
132
56
64
26
0
6
8
2
140
376
2
0
0
113
0
58
0
0
191
0
143
3
0
69
373
0
0
0
14
0
8
28
4
62
256
0
407
5
352
0
8031
118
6
403
13
0
18
74
146
119
9
0
170
3000
130
328
3568
0
0
19
0
260
3
15
743
103
0
0
530
428
0
0
0
10
0
149
19
95
1051
17
5
0
60
553
15
342
45
0
28
208
386
0
3859
5110
0
1
886
642
183
0
2
0
36
0
245
8
0
84
111
0
4
1
1
0
11
38
0
3
2081
3246
0
1216
454
0
1004
88
7
180
0
67
164
11
1521
2
1312
208
114
0
1254
0
0
272
4
1205
46
0
256
151
0
156
19
2294
54
588
49
151
0
31
419
140
1489
51
213
0
67
0
153
0
0
0
0
0
0
70
0
5
1
61
0
0
37
7
0
12
0
0
5
140
220
7
0
0
335
0
0
789
2
0
0
3
761
0
0
7
11
199
2
1
0
90
0
10
3
1711
12
180
0
0
4
0
0
0
122
16
8
0
18
0
14
88
140
0
31
5
625
8
161
10
2
8
0
13
4
14
0
57
111
0
46
93
0
7
29
0
302
6
79
43
142
1
5
0
87
0
0
3630
3
0
14
9
73
0
930
2384
258
260
57
3
402
9
21
208
93
911
0
186
0
6
476
2
0
13
87
262
0
65
6
0
7
0
0
25
4034
0
48
70
0
0
3
0
22
0
0
130
1025
75
15
11
24
0
11
22
21
7
0
4990
241
142
193
0
125
0
35
280
0
15
5
0
0
0
0
52
67
53
113
771
145
195
40
0
29
341
977
0
3
10
4
2476
373
26
0
1
0
0
46
170
4653
159
14
606
0
25
5
935
78
0
1
0
145
315
1
20
0
0
20
29
37
0
2486
529
25
0
0
2
228
13
0
91
102
0
1
23
810
1080
0
4181
43
313
0
665
3
42
3
2389
31
197
0
12
0
31
0
2
3
439
100
2
1
71
0
20
1839
88
0
0
0
0
2364
0
568
0
26
262
0
358
4
119
5806
2
483
32
368
0
22
106
0
0
0
1116
436
0
0
0
258
0
0
0
247
24
0
5
0
0
12
1
3
27
35
0
0
874
0
906
21
0
1
0
79
0
0
32
0
0
14
0
85
0
0
24
160
93
0
274
25
0
0
105
0
82
0
0
0
147
1
25
0
0
273
0
2
299
34
3
55
0
20
330
0
292
0
10
1
0
715
0
0
0
804
31
0
21
25
39
0
93
1951
1
0
0
297
144
13
84
0
54
0
20
0
17
0
0
26
142
44
9
0
0
0
0
25
0
0
6
7
0
387
0
29
0
73
11
6
2
0
5
0
124
1
55
0
0
36
31
35
97
0
0
0
0
154
2
22
22
0
8
0
0
20
19
0
984
27
0
0
366
826
68
0
16
157
111
51
0
61
107
7
0
131
0
0
57
10
0
16
0
443
0
78
0
3
0
3
132
125
46
252
462
0
0
106
397
4
0
0
7
0
0
1594
239
0
427
5
225
0
0
34
6
1
0
2
0
0
1
0
0
0
0
1000
45
21
0
0
83
1
4
9
1
206
0
25
52
8
0
21
158
26
289
0
255
33
181
0
1
14
72
96
1774
20
0
0
0
0
91
0
0
0
6
3
0
308
0
6
3
8
30
0
2
23
1
0
0
0
26
2
0
21
0
93
0
68
0
384
64
102
163
0
0
152
0
123
3
0
0
157
6
238
214
0
111
460
47
0
1
68
698
2
0
24
0
806
0
3
0
26
53
26
18
9
5
25
0
0
2
83
7
98
0
6
673
1
0
50
10
2
0
210
0
0
2
0
0
83
162
49
0
0
0
0
46
0
660
0
49
90
0
473
134
26
0
0
428
42
449
641
0
0
118
0
7
0
479
467
260
7
0
0
17
12
2
52
6
0
0
0
0
0
8
24
0
264
0
2
166
0
93
0
5
0
118
14
0
5
27
93
1
0
93
0
5
0
1
0
4
0
0
0
3
3928
156
413
0
0
0
5
0
118
0
0
35
606
0
22
0
900
79
31
0
0
162
0
26
25
1790
0
0
5
12
5
322
288
0
0
0
0
391
2
75
314
10
0
57
83
14
0
4
2
17
787
373
2
0
4
150
0
0
0
0
0
30
30
14
76
4
80
0
11
631
103
0
7
13
3
66
29
0
48
76
404
44
460
2
19
0
6
145
0
7
8
2
0
0
0
0
0
10017
296
1
0
0
454
3474
1
10
0
2
569
66
3
1993
56
0
0
1300
17
0
23
1
4
0
377
0
9
2
0
2
0
0
2
0
0
800
0
0
9170
2
3
0
1
0
5
34
0
0
26
0
54
1067
0
0
26
315
228
0
307
3
8
3
0
38
0
139
0
0
1
789
0
104
0
0
15
316
7
85
62
190
0
21
43
60
27
0
0
0
7
0
0
88
324
1
0
3
7
0
15
0
0
873
0
0
0
951
237
179
0
76
0
352
0
8
206
620
0
5
0
19
21
513
0
0
179
0
6
0
0
67
21
0
0
102
2
93
0
0
98
0
67
0
9
213
0
79
575
94
98
0
26
579
20
37
206
0
0
0
55
160
0
206
0
160
308
7
0
127
133
104
0
0
0
123
454
760
53
1980
0
47
0
1342
5
626
670
1
14
0
313
1
0
244
8
81
68
1
88
0
0
0
56
0
0
332
402
346
0
0
2585
22
97
0
169
273
336
743
0
0
0
5603
0
1028
0
0
320
5
1
0
1
2
0
2
0
0
43
7523
91
64
0
0
153
0
306
2784
139
0
225
109
654
4
1
0
0
118
0
0
11
185
2
173
130
399
0
261
3
159
0
693
0
2
5
208
751
408
26
834
1
0
11
841
158
0
904
0
629
1
3
10
152
1
9
0
0
10
0
217
13
7
410
2
84
7
2
0
219
5
0
0
0
0
0
0
10
68
0
141
101
8
272
6
0
0
3781
792
2
377
0
0
121
0
127
337
1
109
781
7
731
44
34
7
153
0
0
640
18
0
953
6
0
245
226
29
0
0
0
777
0
186
14
778
670
82
0
5
0
24
9
483
5
128
5
142
28
21
0
991
227
0
821
12
4
4
0
25
69
35
333
384
896
0
580
0
8
0
0
0
165
111
40
957
21
307
578
183
18
150
14
7
0
0
62
0
0
0
0
10
0
201
0
435
430
0
0
1
55
0
155
12
0
18
0
10
1
0
95
53
1522
0
12
0
0
1833
2
0
2684
0
102
196
0
39
0
0
1
3
37
506
692
55
219
237
484
0
102
104
2
0
2
101
0
0
175
0
202
86
6117
2
17
845
502
17
3
180
0
0
32
0
334
1162
293
32
150
13
79
3
0
29
28
43
154
557
11
66
39
0
3
9
0
464
55
118
0
1
0
0
0
0
6
8
160
15
84
0
0
0
0
0
64
3
0
24
20
0
482
79
0
0
0
0
328
0
0
902
674
5
86
1
10
616
108
0
0
107
0
0
2
0
5
0
251
433
132
109
0
1223
2
0
12
94
0
1298
7
178
0
9
0
11
1
65
6
21
303
43
0
10
0
1
1654
499
100
2
28
0
1
16
85
4411
0
0
0
8
16
17
97
0
0
81
0
625
1618
1062
0
82
1087
1602
277
65
0
0
0
59
21
18
0
21
28
12
0
23
0
2
0
0
76
0
5
81
0
182
25
574
139
279
86
352
0
5309
49
6904
24
90
4
1
346
0
257
286
1676
96
9
6
6
57
0
0
618
37
211
46
151
257
0
333
0
757
1152
237
84
137
0
12
0
384
744
5
8
8
1013
1
348
7
0
62
0
6
2
0
198
177
2
0
25
0
85
301
228
0
0
0
0
82
0
0
917
1095
198
223
4
12
87
523
156
476
328
0
34
55
60
0
42
28
40
0
320
14
1
0
0
2
0
9
420
0
1035
1151
143
0
738
292
13
13
329
4
0
0
1
0
0
0
3
41
0
4
136
35
0
299
5
1
492
501
780
0
0
0
548
437
411
148
0
776
219
33
304
55
38
0
41
1275
68
460
8
0
0
165
162
127
381
28
447
2
0
0
0
31
0
0
3
89
0
11
18
0
0
0
244
19
0
4
14
185
4
75
53
22
0
0
24
230
0
106
80
40
4
2
0
4
167
2
13
33
0
189
5
3
0
4
1035
711
729
112
4
12
1
769
0
0
20
185
28
0
29
12
0
0
0
117
31
210
60
9
0
18
7
36
0
240
134
30
0
9
3
163
8
0
0
72
46
0
802
14
0
125
23
6
1
122
4
110
393
114
1386
0
0
2
37
46
289
0
675
3
3324
74
1
258
0
707
0
161
49
479
656
2
1342
1104
0
2
1
0
0
4
0
739
195
7
81
132
0
16
0
53
1
0
0
440
236
309
534
141
941
811
329
0
4
62
8
88
50
0
5
0
9
18
30
0
9
2417
3
17
138
257
3
0
2
0
39
21
176
0
0
488
2
26
0
1083
167
501
0
153
0
0
4
0
85
2
234
0
17
0
0
66
149
0
10
0
13
2133
0
239
4
0
0
1
4
0
0
0
211
253
3
11
662
15
154
200
201
0
42
0
3489
302
26
199
0
12
0
0
1
6
0
769
4
99
127
53
0
25
0
66
0
29
41
17
13
2
0
0
3
83
0
140
0
0
0
0
840
1
0
4
39
0
0
0
4
1
0
0
1311
121
512
6165
2190
2
11
0
143
8
0
0
120
559
11
850
0
0
0
0
1118
34
52
5
573
66
13
828
28
0
254
393
48
22
0
0
1
0
0
0
0
0
3
204
8
0
0
0
0
0
0
65
122
10
265
105
0
0
0
0
0
0
541
487
0
0
0
0
0
0
231
203
0
0
0
0
3
0
0
8
8
0
2
0
0
0
5
10
106
77
0
0
0
0
0
2692
645
1
1075
29
0
6
33
216
548
2597
83
104
0
6
0
0
78
0
57
2
0
0
0
0
0
239
16
0
0
0
0
0
0
0
17
117
0
282
103
0
0
0
1
29
21
0
0
1284
0
0
0
66
150
893
14
166
7
95
0
0
41
0
0
192
29
0
0
241
10
0
9
0
0
0
67
1
23
11
0
0
0
3
5
0
0
836
58
825
0
0
0
0
0
0
0
0
0
0
0
0
19
0
0
0
1
1
0
0
0
0
0
65
21
232
0
0
2
0
4442
293
346
110
849
368
686
767
260
5115
12767
975
0
36
35
0
0
0
1189
236
114
0
0
0
177
0
0
0
187
5
0
56
22
226
172
0
0
0
0
14
15
0
0
18
7990
7
157
0
0
0
0
22
42
1
0
46
3
0
0
2
382
143
0
0
0
0
194
38
10
18
27
0
1
0
0
0
0
0
0
1
220
58
0
0
619
534
246
261
2585
0
0
8
5
0
0
0
2
1
0
0
241
34
2
0
0
1
21
0
0
1
0
0
73
16
0
0
0
455
57
306
33
50
791
0
705
961
18
0
1
0
0
0
0
0
0
31
0
70
0
0
4
0
0
5
0
0
0
0
0
0
327
104
2108
13
3009
4750
531
0
0
20
32
0
295
0
0
0
865
231
0
0
214
1162
213
45
0
8
3
141
0
0
0
0
0
0
3
0
2
0
3
0
0
0
0
0
0
0
0
0
62
7
0
16
90
0
2
0
256
0
0
464
0
5848
347
77
34
0
188
0
0
80
5
0
0
0
0
10
0
0
12
0
0
585
476
0
1668
18
30
0
0
0
2
0
0
0
0
0
937
425
0
0
28
8
0
0
0
0
44
112
0
0
0
4
16
78
0
0
35
0
1
0
0
0
0
0
0
0
0
50
1
0
0
1
0
0
0
0
0
0
0
0
0
0
0
0
0
0
0
0
0
0
0
0
0
0
0
0
