BitA_3_1
0
0
11
2435
32
187
45
0
0
0
0
266
45
379
2
0
585
4
0
333
1520
89
0
8
0
603
0
39
5
21
40
11
0
275
2085
124
0
0
38
0
10
0
0
15
0
2459
0
275
0
301
0
259
0
701
0
27
675
75
0
1158
7
5
0
2
7
65
0
397
21
26
2157
501
75
26
24
0
1692
15
8
0
0
0
14
22
1248
0
263
360
54
17
781
0
333
0
0
753
23
0
111
0
31
2
5
807
160
3
5
0
0
794
0
0
37
0
18
0
0
209
214
775
23
30
1
233
53
579
312
0
1788
57
0
2
4
138
0
0
12
204
22
0
27
9
45
2
719
272
24
26
98
40
33
0
284
0
4
1218
3
4
43
520
6
0
0
0
200
90
165
177
0
0
0
6
147
0
0
148
128
3
0
70
436
772
0
158
55
428
299
14
128
0
0
417
490
39
0
93
0
2
0
54
91
53
17
50
26
1
0
72
68
54
0
0
12
0
0
11
90
25
0
24
422
0
11
544
0
6
6
188
53
66
1
0
106
394
1114
1
1699
61
0
0
0
0
26
485
0
54
113
687
11
3
193
375
24
0
1021
50
0
0
0
38
263
1015
602
3255
139
0
0
0
436
85
4
1125
0
0
216
4
0
2
1495
242
684
186
0
2063
0
1071
1
0
0
262
0
2
0
0
0
0
139
0
146
0
0
13
0
52
555
0
315
13
3058
0
0
0
0
0
0
228
0
130
536
0
73
0
704
201
0
152
54
14
0
55
601
441
118
2
0
427
54
29
0
0
1866
253
92
793
0
27
228
46
277
0
1350
0
113
49
58
40
583
390
100
0
16
8
11
667
0
0
0
288
399
6336
149
1195
31
8
0
0
19
5
0
341
0
312
0
0
2519
0
163
56
80
0
286
0
0
114
377
44
68
0
360
95
135
0
0
0
1
108
9
0
3
0
0
115
8
3772
14
200
0
544
0
0
1619
175
3
0
128
0
23
975
119
0
191
33
15
12
38
0
272
0
0
0
5
0
615
1215
0
16
1136
262
136
0
0
0
35
5
0
20
0
0
0
0
12
19
0
0
0
52
175
0
514
0
47
0
547
0
0
0
5
0
507
176
952
48
345
1255
471
39
0
0
5
0
171
113
128
133
0
146
0
10
0
2
44
0
1060
50
81
360
33
0
70
0
35
0
14
687
14
449
63
0
34
0
1587
289
0
750
0
111
31
31
47
78
112
145
923
0
26
180
504
137
106
0
0
1
79
0
338
219
4
0
172
3
1
0
31
0
0
6
11
0
1
0
3
1177
0
188
2
130
0
0
0
424
695
97
1
371
5
354
118
78
0
73
0
71
4
1717
8
34
0
37
0
2948
0
17
0
318
0
1075
252
24
10
8
218
0
0
0
0
229
0
0
0
0
1626
0
226
516
11
0
169
13
74
32
6
9
8
18
0
4
57
0
0
4
10
0
0
69
0
52
261
150
563
114
1172
11
0
11
0
0
0
5
0
193
604
512
1
683
23
182
1
0
898
73
3
127
0
5
412
0
487
166
11
2
5
0
136
0
3
4
286
0
0
0
1
652
20
553
10
52
0
0
0
0
101
101
45
482
0
46
133
3165
5
7
3
0
27
0
198
0
12
1
115
155
8
275
2
8
0
0
33
29
200
0
252
1547
16
70
22
834
720
0
2
306
674
35
28
3
1044
0
0
5
0
251
390
10
31
36
77
0
129
1
38
50
191
0
429
0
291
0
0
0
0
0
0
994
998
0
0
250
6484
5
256
50
212
309
164
96
0
0
328
2
8
54
0
9
915
0
0
951
190
84
55
92
158
290
18
49
81
0
0
3
589
0
132
0
0
194
43
0
0
0
24
2
0
0
32
0
77
19
0
19
0
326
149
607
23
33
0
440
1
0
1
0
21
0
276
53
1
0
0
0
2
8
30
79
11
6
0
20
6
251
193
0
13
1
6
0
0
419
2
497
803
438
2
482
135
625
219
8
25
231
1
220
105
7
819
9
211
72
343
0
6
428
0
13
37
15
321
464
16
0
0
0
0
0
719
507
26
0
0
1
3259
6
0
1376
23
148
0
75
2
0
646
76
231
468
142
17
0
1
0
2
85
1228
542
0
0
11
0
632
91
0
13
48
0
36
106
164
54
0
196
10
0
640
14
0
0
0
283
0
184
296
82
123
339
1
124
0
0
32
395
424
370
34
0
135
66
0
2160
258
0
92
1
453
0
0
34
534
0
60
0
9
9
0
0
0
0
238
204
182
7
0
18
56
28
0
0
453
71
13
178
0
17
0
0
15
47
0
1092
132
244
853
2
121
0
0
106
1
3022
85
8
1
630
450
472
103
1137
0
70
0
0
4017
0
0
0
0
118
0
0
2
0
31
652
533
555
161
0
0
0
118
78
14
4
0
0
99
1180
796
49
90
0
0
61
227
27
0
0
0
50
0
1521
431
2192
1318
2
0
1
0
0
172
0
0
6
160
66
150
0
19
1241
519
0
369
1026
132
101
62
114
0
0
193
7
0
21
0
0
3
10
0
88
30
12
0
0
0
0
1447
367
0
0
9
11
141
0
0
0
0
88
49
0
263
2
0
51
8
354
759
0
527
109
26
15
1
15
0
0
0
0
358
1007
146
210
115
189
558
254
128
296
0
24
257
70
97
0
5
1
0
2
2864
11
710
0
0
271
131
0
5
317
94
170
310
3
266
187
0
29
6
3
0
78
0
1
517
329
170
6
0
648
0
0
0
152
11
1358
1280
0
39
2410
56
210
150
72
83
1036
356
0
0
36
0
487
15
487
0
903
1
452
0
380
728
18
0
642
0
0
181
0
288
665
0
0
0
954
0
932
0
0
5
56
0
271
0
0
12
0
0
2
4
23
1
85
24
110
0
561
169
77
308
703
0
0
2538
2
0
0
108
36
182
0
120
0
16
3
370
40
0
12
307
0
8057
0
0
0
22
5
174
133
303
83
0
231
0
104
0
25
101
247
48
0
0
178
0
214
1263
295
0
0
1
0
1578
80
1
78
21
26
21
0
11
0
1
12
756
0
550
22
0
37
17
0
72
2
318
2
29
115
0
85
2
356
0
0
1
240
0
3
0
74
11
0
2
68
12
0
181
0
227
0
0
8
54
0
3047
0
5
3926
29
894
0
200
16
35
0
0
0
195
175
0
0
5
64
23
3
0
11
0
0
66
0
351
0
0
11
25
417
22
0
0
3
112
1141
335
0
0
0
172
0
0
915
633
47
172
4829
2
95
167
27
48
69
441
0
5
135
2887
36
9
23
51
159
0
0
518
70
8
213
44
262
10
291
177
120
0
49
0
45
0
4
0
0
546
0
48
0
1593
2
47
816
83
89
0
0
0
2
8
0
349
0
0
355
111
0
0
0
0
28
0
411
0
23
32
0
33
0
0
19
0
0
91
0
0
27
0
0
0
2
0
0
13
600
8
484
1
626
144
101
1
0
151
5
2030
36
0
0
0
0
23
10
818
144
370
0
488
17
497
496
0
0
0
1273
0
133
395
3866
4246
0
1
0
70
0
6
0
0
161
0
0
1395
536
1153
5
5
277
0
40
0
172
271
78
713
0
1155
0
174
10
60
244
0
19
0
0
1
0
0
0
926
305
0
1973
101
0
0
8
203
405
322
65
611
4024
1
641
0
108
515
178
245
720
0
23
16
343
83
0
5
367
17
29
0
0
48
185
349
0
4
0
61
392
0
728
0
0
36
0
0
627
3527
0
330
0
0
1
459
0
471
0
96
12
0
1334
65
4
37
0
3
3
5
498
0
8
0
24
4
0
7
163
32
3
0
13
42
2
0
6
119
0
9
1
0
52
43
73
0
0
0
1
79
0
2
0
7
206
456
15
1029
3251
70
773
100
3718
0
94
0
197
33
0
804
0
128
75
0
2
5
0
1140
59
0
52
163
0
98
4
0
0
0
38
0
0
1868
327
0
0
347
2581
272
0
0
31
0
83
0
2483
0
617
6
0
12
0
103
0
0
0
0
46
0
0
0
0
18
661
155
19
0
102
51
74
13
3
53
82
11
230
0
216
4535
1752
0
300
9
0
0
1131
45
0
0
0
0
13
647
31
0
0
11
0
0
0
0
0
31
105
0
0
199
177
1241
807
211
400
0
0
31
24
55
0
0
0
0
328
96
0
759
51
1853
55
2
0
77
127
19
154
0
0
474
151
0
0
88
4
8
0
347
0
0
18
0
41
114
0
16
20
1
55
342
0
0
0
0
48
1021
37
23
2
214
2
594
57
707
0
57
1709
520
0
0
4914
498
992
2546
28
0
16
0
0
0
3
102
0
17
0
0
267
1078
18
0
0
0
0
0
82
85
200
0
0
36
34
14
2
202
1043
193
598
357
28
0
0
17
446
1
0
1
52
41
7
43
18
0
0
8
60
41
135
45
0
0
0
0
0
0
0
255
2
3
0
58
1
33
0
0
99
303
0
14
0
700
0
671
9
0
18
0
0
2
0
0
1040
2
11
26
58
6
248
186
25
0
12
0
0
0
0
171
0
610
480
945
184
0
56
64
0
0
11
345
111
0
14
0
1827
2
28
0
94
10
50
0
110
2
0
0
434
4
264
99
61
366
7
0
0
6
0
1
117
309
206
0
29
0
56
20
0
0
158
0
39
0
0
129
31
19
72
74
1352
9
0
170
0
688
0
1
0
103
22
136
170
484
0
1873
46
0
5
75
0
0
3
210
816
14
5
61
0
8
17
2
11
0
38
247
13
5
1771
349
9
1313
0
71
7
0
0
579
0
99
0
11
6
29
22
0
0
5
2232
0
188
299
14
0
2178
57
0
0
4
28
23
16
1148
43
294
0
0
2
0
0
0
11
98
0
0
39
0
28
1
0
19
20
0
0
0
6415
0
19
0
29
210
501
448
3399
1
1939
8
4
1
15
3
34
1137
0
402
559
5
11
281
0
472
1
0
21
1124
0
64
153
0
0
2597
0
69
268
0
0
48
439
0
10
242
472
3
686
0
1177
0
5458
75
0
159
2
34
107
1005
30
839
2
19
0
1550
169
158
21
1857
1
173
26
725
236
0
263
0
177
229
184
0
3
8
1
57
85
0
26
1970
409
1479
649
0
0
0
19
21
91
0
270
172
9
565
711
0
82
203
60
0
0
0
0
912
0
157
0
113
11
1
0
0
21
0
0
1315
956
0
1
128
0
22
0
86
7
298
50
7
0
431
287
0
2
0
0
0
0
1948
601
8
0
1317
20
243
206
51
238
0
8
29
0
23
3
3
15
14
2
99
183
0
0
117
589
0
0
112
0
0
5
735
505
86
0
0
649
0
548
462
4
0
106
0
0
2
61
220
18
0
0
0
18
11
50
0
3
0
116
13
0
0
0
17
0
346
101
38
0
0
322
2138
12
145
0
74
0
59
17
0
600
3
0
10
186
98
0
6
0
27
155
3
29
0
169
0
559
0
12
37
33
5
8
0
16
0
0
10
55
20
0
24
0
1
29
71
19
0
0
358
0
0
0
28
12
9620
0
29
205
258
0
74
2
0
0
0
241
106
592
0
168
0
0
227
6
0
28
0
185
1191
0
260
0
179
0
1504
19
426
175
0
0
6
0
0
0
4
0
14
0
22
0
0
9
555
403
52
0
0
361
42
0
372
848
18
296
37
0
915
236
0
83
0
0
0
573
28
352
0
44
0
0
24
1012
598
0
382
75
46
0
3
192
644
0
304
0
0
486
4
346
119
3
106
0
0
244
183
4
6
6
0
0
0
0
144
355
547
0
11
0
125
0
1
167
0
82
80
0
759
172
25
38
97
0
2
930
103
0
449
6
110
442
47
52
2935
252
0
0
26
393
100
0
4
49
3
0
0
0
65
163
0
87
4
0
0
0
4
374
3
333
3
0
28
13
357
0
0
0
0
214
282
53
57
0
0
237
0
0
0
4
1021
3055
4
13
1460
42
180
308
0
261
0
0
7
710
53
0
22
57
146
32
0
0
0
0
0
1619
0
0
1671
11
159
23
2000
219
0
0
217
2097
62
1226
358
0
52
38
580
5
65
29
15
42
0
0
0
254
0
15
2470
0
2600
0
0
20
0
0
0
140
390
0
586
50
78
0
81
674
4291
9
25
118
12
514
146
0
18
0
270
3
0
0
383
428
0
1162
6
39
12
224
0
106
424
1036
73
142
145
0
224
15
827
595
7
1223
1
501
204
192
163
8
0
31
0
0
48
204
15
0
278
0
4
35
26
1
2
3814
395
155
287
73
152
6
0
15
37
0
759
0
19
0
0
1
3584
0
133
371
2
486
0
5
235
47
31
952
0
0
354
0
0
0
0
47
0
2
0
57
391
75
0
18
0
0
312
9
0
0
1094
196
742
327
7
1869
33
0
0
202
41
0
0
0
4
71
99
5
0
7
0
0
0
9
8
121
1394
160
287
16
107
6
3978
0
0
4
99
0
12
431
0
109
9
102
133
0
820
308
43
498
131
0
0
418
783
501
345
4
0
135
0
0
3
0
1252
6
2589
294
132
179
356
0
7
0
0
69
0
184
0
2
253
101
15
122
2
643
33
0
26
354
0
129
0
84
10
157
82
0
1138
42
0
81
11876
0
90
751
355
346
357
252
1665
63
1672
0
781
1859
0
155
12
1
0
0
177
0
171
150
2698
0
17
245
145
0
2197
131
94
0
0
0
0
1764
14
8
815
0
577
0
37
16
0
712
70
0
0
1680
69
0
0
1
0
211
0
136
0
1147
7
242
56
758
0
3
88
2108
1
10
13
61
228
87
1
78
350
204
0
0
129
73
182
0
0
9
41
0
57
186
0
114
0
0
0
0
0
13
2
0
42
0
0
0
0
19
0
2
1098
30
0
0
5060
0
0
7
4
0
110
3
103
1
3
98
0
3
0
9
0
0
195
68
0
0
0
72
0
0
0
244
118
6
0
0
427
4
0
0
15
0
0
0
1
12
0
2
6
0
132
0
0
19
1245
0
0
14
0
3
192
39
322
9
1
9
0
48
0
0
0
75
0
115
0
0
51
0
23
0
47
0
0
396
32
3
263
26
0
1836
97
2
0
31
216
0
0
21
0
0
28
57
160
0
225
30
0
3
1513
521
3
2
209
0
4
57
0
47
10
0
22
0
0
0
4
686
0
6
0
0
1130
0
230
21
14
0
0
69
798
511
262
0
0
2
0
0
0
20
0
0
215
0
0
103
0
1
0
0
0
57
2222
99
0
0
51
0
0
0
0
0
0
0
0
0
0
0
0
0
9
0
0
21
35
0
0
0
119
0
82
0
0
0
0
0
0
0
43
0
0
0
0
0
0
218
0
0
19
11
340
0
0
0
0
0
0
11
0
0
0
0
1
0
0
0
17
0
10
0
0
0
16
0
0
2
0
0
0
2
0
0
0
0
0
0
0
8
5
1
0
1202
0
0
0
31
0
0
0
0
1126
0
0
66
42
0
21
27
0
2
0
0
0
0
0
157
73
0
0
0
12
332
67
0
33
0
0
0
0
2
0
0
0
3
0
0
51
0
0
0
990
0
2
0
0
0
0
0
0
66
0
70
3
12
0
22
0
0
0
0
203
0
0
0
0
21
4
0
0
0
89
9
0
18
0
18
108
0
0
0
10
35
0
87
0
6
0
177
0
7
0
418
0
0
6
0
13
0
0
0
0
176
0
0
3
0
427
0
2
1090
554
2
0
32
90
0
0
0
0
0
195
1
0
167
0
105
0
0
0
0
15
0
0
0
1
0
94
0
0
598
0
16
0
0
0
15
0
13
0
0
1
0
0
9
0
10
0
0
2
80
0
106
0
0
235
0
0
0
0
0
215
0
0
9
0
0
0
0
0
4
7
2
0
14
0
0
42
5
0
0
0
52
0
0
0
79
0
0
4
0
0
0
30
0
0
0
0
0
0
2
0
0
0
0
0
0
0
0
0
0
1
0
0
0
0
43
19
0
96
16
0
0
0
0
31
1
1
0
0
0
0
0
2
0
0
0
0
0
0
0
140
0
52
0
0
0
0
182
0
0
0
98
0
0
0
0
0
11
2
1
0
4
17
2
0
0
1
0
0
0
0
0
0
4
0
965
0
3
0
0
0
0
0
0
0
0
0
35
64
0
0
15
0
20
609
0
0
0
0
0
0
0
11
0
0
0
0
0
24
0
563
164
0
0
0
0
0
0
0
0
340
3
0
0
0
0
1
0
0
0
1165
35
0
763
0
0
104
0
0
0
0
0
0
0
0
0
5
0
0
0
3
49
0
1
0
0
0
0
0
2
0
0
174
0
0
0
132
16
0
156
0
67
0
0
0
0
0
9
0
0
0
0
0
0
5
7
0
0
0
91
0
2
301
0
0
0
4
1
0
0
0
0
0
0
48
0
0
0
0
131
0
0
0
0
74
0
0
0
0
0
0
0
0
0
0
299
11
0
0
0
239
774
0
0
0
0
25
0
0
0
0
0
0
0
0
16
0
39
0
0
16
0
18
50
5
12
1269
0
0
0
0
371
0
24
0
0
0
0
0
3
0
0
0
283
0
0
0
0
10
0
137
0
0
0
4
0
0
0
0
0
0
0
11
0
18
0
0
0
295
0
0
0
0
0
0
0
0
1851
0
235
0
0
0
0
0
0
0
0
198
0
0
299
0
0
132
15
710
0
0
0
4
0
84
0
0
5
0
401
6
0
0
0
0
0
0
0
17
64
5
0
0
4
0
0
10
0
0
10
49
1298
0
0
21
20
1114
0
465
3
0
0
158
0
0
5
8
16
0
0
0
0
80
4
0
0
94
0
0
0
0
0
0
0
11
0
0
0
0
39
0
35
0
2
15
0
62
0
0
4
0
0
530
0
0
0
230
3
0
10
0
0
6
0
0
0
0
50
3
0
0
0
65
556
331
0
0
0
0
0
0
0
0
457
0
12
0
0
0
0
0
820
0
530
0
0
15
0
0
13
0
0
10
0
2672
0
0
0
0
0
0
53
0
0
0
46
0
120
0
0
35
0
957
0
0
0
73
0
0
0
0
0
8
0
0
9
0
0
0
1
331
0
0
0
0
677
0
0
0
199
0
1
0
57
388
0
58
0
0
0
0
0
0
0
0
657
0
13
0
0
0
0
0
189
123
0
0
55
0
555
0
0
1
0
6
0
0
33
0
0
1
0
69
7
3
0
0
0
7
0
0
0
40
22
2
0
828
2
119
73
3
0
0
0
0
0
0
0
0
121
2
0
5
29
0
0
0
0
0
0
0
0
0
0
1505
0
10
5
0
0
0
2279
83
19
7
0
0
0
0
3
20
0
89
0
4
0
1
0
0
0
0
0
0
0
0
216
0
0
0
0
883
7
0
0
2
4
0
7
0
0
0
16
13
0
0
2
0
0
235
0
197
4
0
8
0
0
1498
57
0
0
100
112
0
121
35
0
0
74
0
0
0
0
18
53
57
0
0
0
0
1
0
0
0
0
0
0
0
0
157
88
0
775
10
0
0
0
0
52
0
0
0
2
0
2
0
0
0
13
136
28
192
0
0
0
7
0
0
0
0
285
0
0
0
89
0
2
0
0
0
0
0
0
0
0
0
1
0
51
78
0
0
0
0
0
0
153
0
700
0
0
0
0
0
0
0
663
0
0
74
5
0
0
11
0
0
623
1
0
5
0
0
0
0
0
24
65
6
84
0
0
0
9
22
83
0
0
0
0
0
0
0
0
221
266
23
0
214
0
0
0
0
0
2
11
85
914
4
0
0
0
0
0
135
0
0
3
1
0
6
54
4
0
3
0
0
0
0
54
0
0
0
0
173
1
0
0
4
11
9
0
0
0
0
18
0
0
192
0
0
0
7
0
0
32
0
0
0
0
0
26
0
0
0
0
32
0
4
0
0
0
4
0
0
117
0
0
17
47
0
0
0
142
0
0
5
0
0
179
0
0
0
3
260
17
0
0
26
2
20
12
0
9
24
0
0
0
100
0
146
3
0
120
0
223
0
842
187
0
0
11
0
61
0
0
0
1
17
0
0
0
1
0
0
1
0
14
297
354
0
11
0
0
6
0
23
0
0
0
5
0
0
0
0
4
1
587
41
461
0
0
0
100
0
0
8
0
11
18
0
488
592
0
0
0
0
0
7
371
0
13
24
0
1
0
0
42
0
0
0
46
0
7
0
9
0
11
0
21
8
0
2
295
0
1
1
0
14
0
0
0
0
0
3
0
0
0
0
0
0
0
0
31
8
0
0
3
37
113
1
3
0
206
0
0
300
0
0
3
0
442
0
0
3
0
129
1155
0
716
0
0
0
0
0
0
0
0
0
9
0
0
3
0
0
0
74
1
14
0
0
7
0
0
0
36
8
87
0
0
0
0
349
0
0
102
0
0
13
12
0
406
98
0
0
0
0
0
0
0
0
510
0
0
0
46
42
0
0
1
0
101
385
10
0
1
10
35
0
1949
5
34
0
0
115
0
355
589
30
255
0
0
50
0
417
0
0
12
0
0
0
0
0
0
0
891
0
3
2
0
0
0
0
0
3
2
258
582
0
5
0
0
0
73
0
0
205
47
0
0
6
0
0
86
0
0
0
0
0
0
0
0
0
0
6
0
13
401
19
14
0
0
0
0
0
40
22
0
0
0
45
13
0
1
8
0
0
0
0
0
0
0
136
414
0
0
0
0
0
0
0
143
166
0
61
70
0
0
0
262
0
0
0
33
1
31
0
168
2
0
0
431
0
0
0
0
0
0
0
0
0
0
0
0
0
3659
88
0
0
0
0
0
0
0
79
371
491
0
0
209
0
14
0
0
0
0
0
4
1
194
0
21
31
115
2
0
36
0
542
0
0
0
0
0
837
2
45
0
0
1480
93
0
0
0
0
0
0
0
562
0
0
171
0
1
0
200
0
0
45
1
0
0
0
0
1
43
3
24
34
0
0
0
0
0
0
158
0
1471
67
3
0
0
0
0
168
1327
2
0
3
0
1737
0
0
121
0
0
0
465
0
614
637
1
2
3
0
0
0
0
0
0
0
0
2
1335
0
0
0
61
0
0
0
0
0
0
0
0
0
40
0
545
49
0
0
0
0
6
0
0
0
6
15
294
19
0
0
0
82
0
0
4
0
25
0
0
16
0
0
22
0
0
0
966
0
0
0
0
72
0
375
0
3
0
119
0
0
0
124
0
6
0
0
126
0
9
0
0
0
327
0
0
0
1
0
1
0
392
25
0
610
7
11
295
0
0
1540
0
0
38
7
0
0
0
0
0
0
0
0
0
0
0
0
0
0
0
0
0
8
0
0
0
0
358
0
1
0
145
0
0
0
2
0
9
0
0
0
0
1
9
0
7
0
0
0
0
5
376
0
7
0
0
973
0
0
0
0
224
0
0
0
0
0
5
408
0
1
0
0
0
17
1193
10
96
7
446
1
0
15
0
0
0
2
0
27
0
22
0
0
0
0
0
11
0
274
0
0
36
0
7
0
0
0
1011
20
1414
0
6
0
0
141
123
0
0
85
841
0
0
0
15
0
0
0
0
0
2
15
0
1117
8
18
0
5822
0
21
20
0
0
2
0
0
0
0
0
53
0
82
0
234
0
86
207
0
3
0
52
0
0
0
104
5
0
86
17
0
184
0
0
0
14
0
0
0
4
99
235
0
0
0
0
11
0
0
0
0
0
8
0
28
0
46
0
0
0
0
0
1
30
0
0
0
0
0
23
673
0
0
0
0
0
0
0
0
0
0
25
0
0
0
0
123
0
1
0
0
0
18
4
0
0
0
1
0
0
0
0
0
0
0
0
0
0
0
16
25
0
0
0
0
7
0
0
0
0
0
0
0
11
0
14
0
0
0
1
205
1198
0
0
0
4
0
0
0
0
0
0
0
0
0
0
0
0
0
0
0
66
0
484
0
494
0
0
211
0
0
214
0
0
1
0
0
0
1107
0
70
0
0
0
0
0
9
0
0
491
0
103
0
0
0
0
0
0
0
680
0
0
0
0
0
0
0
0
0
0
8
0
0
0
0
0
0
14
0
0
0
0
0
0
0
0
0
134
0
0
0
0
0
0
38
0
0
0
0
0
162
0
1535
0
0
0
1
0
0
0
0
0
0
0
34
0
0
0
0
317
0
476
0
0
0
0
0
0
577
0
0
171
0
0
0
6430
0
0
0
0
5
0
180
18
21
128
0
0
19
0
2
279
151
0
0
0
124
0
0
0
0
0
469
0
0
3
0
19
0
562
0
33
0
0
0
566
0
0
54
0
202
0
1940
0
25
0
106
14
0
0
0
0
0
0
1
0
0
0
2
0
0
0
0
0
0
0
0
0
0
2
0
0
588
0
199
0
0
13
3
0
0
0
0
0
182
0
0
0
0
0
0
0
0
0
0
2
0
0
0
2
0
0
0
0
0
0
0
54
0
0
0
0
5
0
425
0
0
0
0
0
0
0
0
0
0
0
0
0
0
0
0
2
0
0
0
3
0
0
0
0
0
0
0
0
0
0
0
0
0
0
0
0
0
3
0
2
3
0
0
0
0
0
0
0
0
0
0
0
0
0
0
0
0
0
0
0
47
0
0
21
0
0
0
16
0
0
0
0
201
454
0
0
0
0
0
60
0
0
317
0
5
4
0
0
0
0
0
0
0
0
0
0
5
149
0
0
0
0
0
0
0
0
246
0
0
33
51
25
0
0
2
0
0
26
0
0
0
0
0
39
0
0
0
0
0
0
1021
0
0
0
0
0
0
26
0
3
0
0
0
2
0
0
0
0
0
0
0
484
20
56
0
0
0
0
0
162
0
0
0
0
0
0
5
479
0
0
0
0
0
952
0
1
325
122
0
0
0
1
0
0
10
0
0
0
0
0
0
0
0
0
579
0
0
0
0
0
0
306
0
0
0
0
0
0
12
0
0
49
0
357
0
0
0
357
0
0
0
0
1
0
41
319
1
0
4
0
0
0
0
0
42
0
0
1
0
0
57
2
0
0
0
0
3
0
0
0
2
0
0
0
5103
86
82
2
10
0
0
81
4
0
13
8
33
830
8
0
0
1
0
0
0
0
0
0
0
0
0
15
419
3
0
358
0
762
48
255
0
0
0
0
1
3
0
0
462
20
7
155
4
61
0
0
182
88
93
554
0
0
0
269
7
2
11
11
0
0
16
0
43
96
0
226
0
0
0
33
0
11
0
0
104
0
0
0
841
0
12
0
0
11
5
0
89
0
95
154
236
0
44
0
0
0
0
0
331
21
61
6
60
0
35
0
52
0
6
257
17
0
0
78
0
161
8
1672
183
0
0
0
69
4
0
0
0
0
0
0
0
399
0
373
0
479
0
0
0
0
0
16
25
3
0
0
0
0
0
0
0
82
93
25
0
0
490
0
0
14
0
0
24
0
0
386
0
17
0
0
0
2
9
161
0
0
229
0
37
0
38
0
9
0
76
0
0
63
0
0
411
157
3
0
0
14
0
0
17
0
0
1
0
2
669
0
0
0
3
0
14
3
0
6
0
0
433
878
1
2
240
0
335
0
171
4
75
0
33
0
0
12
321
7
174
0
0
4
276
0
0
0
24
2
34
0
4
0
0
0
0
0
0
318
0
0
0
1
0
0
0
0
0
176
0
0
0
0
0
0
2
0
2134
8
238
0
0
0
0
36
109
0
440
22
0
0
20
0
0
107
0
4259
83
877
0
0
153
124
65
11
3
0
1895
0
236
157
147
0
459
0
36
888
656
0
0
0
0
1234
0
2299
0
0
3
0
3
110
20
0
0
0
0
124
3
29
44
26
145
379
0
576
0
13
0
213
49
5
0
110
79
1
269
0
29
43
0
2
0
60
0
0
0
0
0
298
0
1
3
1161
0
0
4
33
0
137
145
35
7
0
98
123
0
0
3
3
0
3
0
0
0
6
2
0
19
0
0
0
614
43
48
0
49
0
0
0
715
0
0
108
0
27
0
0
400
78
0
70
0
0
0
0
416
6
37
0
1
0
0
0
0
0
44
0
236
93
6
0
6
349
227
0
0
210
27
78
0
4
0
332
5
0
37
0
0
0
23
375
0
113
0
16
787
28
26
13
33
0
2933
34
0
35
0
6
557
0
0
107
56
314
0
68
789
4
0
20
44
126
0
262
1
0
0
0
0
0
4
102
0
1
173
0
163
2
0
42
0
0
0
0
0
155
0
124
130
1
2
0
0
1
0
0
799
9
607
1220
1080
18
0
27
3
0
34
0
0
0
935
1239
0
388
2
0
1
1131
0
0
100
0
0
0
36
0
25
1
9
0
348
0
24
7
5
0
0
83
0
0
109
0
62
463
34
0
0
62
348
400
6
0
0
0
0
0
564
52
0
1547
0
0
0
24
14
317
9
0
7
0
114
29
267
651
6
0
0
0
0
116
0
0
0
0
0
0
4
0
1322
0
91
129
0
0
0
0
83
234
0
2
0
0
21
0
20
1035
0
0
0
0
41
0
27
0
45
0
0
0
49
13
0
1
0
0
731
0
0
74
0
0
0
0
50
0
118
110
0
0
0
0
6
285
0
0
0
0
454
23
0
54
5
33
5
17
124
0
117
0
0
0
1
21
0
3
368
0
0
3
0
0
0
74
0
93
59
2
0
0
133
4
0
1
0
494
177
12
0
0
0
0
0
163
32
0
1
29
7
0
0
0
0
0
189
0
6
5
0
0
0
0
1718
0
68
0
0
0
13
0
0
0
0
1027
4
0
0
104
0
130
6
15
3
0
240
3
0
1
0
0
0
1
2
149
2
2
0
661
0
11
3
0
133
0
804
0
0
0
1
1706
175
0
146
56
0
0
3
15
152
0
45
25
1
4
0
0
0
1
1
24
952
76
78
0
0
22
0
13
0
0
319
1200
0
112
0
0
0
8
0
20
255
0
2
71
3
266
80
52
0
0
154
718
6
38
0
1054
0
32
0
0
2
0
0
10
378
729
196
52
3
0
0
0
0
228
84
4
0
7
442
0
0
48
0
0
171
65
0
207
16
0
834
0
0
116
0
0
0
0
0
1244
0
0
2
7
0
0
0
32
0
0
494
0
0
0
0
0
0
44
0
188
61
12
5
0
3
0
0
0
999
198
9
8
21
356
0
19
19
0
0
3
0
0
0
4
13
0
1
0
1
27
0
0
146
6
21
0
4
18
0
13
0
0
0
6
0
1
0
24
0
7
37
3
0
0
1
0
0
0
0
68
6
0
0
8
0
2
0
0
0
9
76
0
0
19
2
833
0
3
36
82
0
28
1
0
0
0
0
0
0
0
5
1
0
24
18
0
0
0
50
0
93
1
0
1
485
128
0
0
5
107
45
0
0
22
834
0
18
0
135
24
1268
188
417
0
18
577
5
0
660
0
0
13
50
0
15
63
0
0
157
0
0
4
8
1
0
27
0
0
0
0
62
0
0
0
0
0
118
98
79
13
0
0
31
352
0
92
192
0
0
0
0
21
0
0
99
5
68
4
0
42
48
582
0
0
4
0
0
0
50
36
1329
0
10
11
8
0
0
0
0
3
56
923
0
0
0
0
0
0
76
132
6
23
0
770
98
0
2
0
294
2435
0
366
0
0
31
308
40
1
9
19
0
0
20
33
1
0
39
0
2
0
0
16
459
165
432
4
0
221
2
6
0
11
2
0
59
0
0
0
3
127
36
0
12
0
0
4
455
0
5
0
5
1
2
355
0
0
174
768
1060
925
4
0
88
3
25
0
9
0
116
0
4
0
0
0
17
0
5
0
0
0
65
0
292
0
22
0
87
12
3
1249
2
3006
0
0
0
137
82
27
0
499
0
0
41
88
467
27
3
762
35
37
0
21
1
573
12
1
0
0
0
32
754
0
126
0
33
23
0
0
28
232
0
127
10
555
414
6
7
0
17
0
0
8
0
576
439
343
25
99
0
175
0
73
0
5
132
62
0
0
0
221
0
0
1
29
6
133
0
773
0
0
0
0
34
112
0
215
61
25
12
464
179
66
41
6
0
234
0
0
0
396
0
3
35
0
0
0
126
0
0
2
0
0
0
68
717
38
1
497
251
0
768
0
0
0
2
0
398
190
1
114
15
0
0
0
0
0
41
28
28
0
77
0
0
0
0
8
0
369
0
0
333
0
4
0
26
0
2
0
20
19
0
0
0
0
143
0
0
362
2
7
0
10
2
0
64
0
140
0
8
156
0
10
1
9
0
519
36
266
0
0
479
180
2
59
23
0
0
0
0
30
25
4
0
0
0
0
50
8
73
0
162
0
70
36
65
0
33
0
0
0
0
45
116
25
110
673
627
39
66
0
7
0
51
0
137
0
0
0
0
737
8
9
276
61
537
247
0
0
27
0
116
0
36
0
0
543
32
7
0
109
15
0
3
0
81
97
178
3
0
0
2
143
0
0
0
674
116
0
8
79
0
175
4
29
24
1
0
21
0
0
209
381
0
28
0
94
2
0
0
3
0
279
0
0
2
0
0
3
0
0
0
5
0
0
4
11
608
283
373
3
0
0
0
51
67
0
0
0
0
0
292
176
0
0
3
62
0
0
0
0
11
7
0
0
0
0
26
0
0
12
0
0
19
45
20
2
0
2
10
70
32
0
43
0
270
3
0
0
0
1
176
0
152
3
135
1
128
11
3
801
485
267
0
0
6
0
0
0
34
0
8
36
4
2
42
53
10
0
11
294
0
86
0
42
981
0
0
0
33
5
22
60
40
81
28
26
8
0
4
10
0
495
0
0
0
21
0
0
11
0
0
97
40
112
5
2
0
0
0
30
138
6
191
0
0
130
0
881
0
0
5
843
0
0
28
0
0
0
62
0
0
357
8
0
0
0
0
21
0
0
0
0
0
2600
4
53
0
0
0
6
282
25
99
180
198
703
105
0
53
0
394
50
0
569
0
197
0
31
0
129
0
107
0
0
0
0
0
20
0
6
2
43
0
0
1
0
187
32
14
401
0
0
0
83
0
0
0
0
5
0
225
1234
0
204
0
0
75
86
2
0
0
28
22
0
0
0
141
4
0
0
65
1
6
0
0
6
3
20
164
50
96
0
12
500
0
0
2
2
0
1079
0
0
0
223
0
419
56
17
0
19
0
0
0
0
0
0
298
30
475
0
168
2
0
38
1078
9
21
3
0
18
0
8
0
0
0
0
317
1
12
70
0
0
0
0
0
6
5
10
97
0
0
18
3
580
6
0
0
0
368
0
176
131
0
0
8
0
0
0
463
0
0
0
0
0
0
1
0
0
81
0
0
0
13
0
121
11
0
72
0
33
41
0
63
0
0
0
0
0
65
0
0
0
0
0
0
0
2
12
0
459
0
0
907
0
0
0
114
0
0
10
340
22
224
1
4
34
0
0
0
0
2
0
12
61
11
7
0
0
0
0
0
0
0
1
0
1481
0
25
344
1
0
0
0
5
0
0
226
0
0
618
0
0
0
0
356
8
0
0
0
3
8
51
13
0
3
5
9
0
0
444
0
57
0
0
32
0
0
0
54
11
5
6
74
199
0
11
0
157
11
0
11
0
0
0
0
0
0
0
0
543
0
0
2
0
2
139
0
0
0
274
0
0
0
0
316
1
0
0
0
326
460
0
21
0
0
46
103
54
293
0
0
0
3
54
0
0
631
7
52
53
0
758
249
0
0
3
12
0
0
0
56
227
0
0
0
0
2
1
176
3
2
0
0
0
463
16
0
293
165
142
152
0
21
3
2
12
25
0
166
211
3
24
86
153
447
4
0
329
0
19
0
1
0
0
651
0
1004
0
93
609
6
125
0
0
0
2
13
0
65
0
2
0
88
2233
0
406
172
3
0
14
0
60
0
0
4
0
0
0
245
4
0
0
0
0
0
74
0
8
52
0
770
0
9
0
0
115
32
0
90
1
0
2
0
0
0
0
0
0
0
211
0
80
0
27
3
150
140
0
70
0
0
0
0
8
0
80
3
0
49
53
0
0
75
0
0
0
0
19
11
0
210
93
0
38
162
2
0
74
836
0
0
0
1
0
0
28
430
108
5
0
3
0
17
0
19
97
626
0
201
36
407
12
3
0
0
7
0
0
403
1553
0
0
0
0
0
290
498
82
3
2
0
0
25
351
0
8896
0
0
880
472
0
0
0
0
9
0
14
88
0
3
9
0
0
327
3
0
99
49
2
719
0
374
0
81
0
0
0
1
0
0
268
1657
0
301
0
323
34
86
647
0
0
0
0
108
235
0
67
200
16
2
5
7
387
174
0
0
0
69
0
0
0
0
0
0
0
18
0
0
34
0
12
0
0
0
1279
3
0
0
419
5
55
0
155
0
0
61
1209
0
0
0
618
124
0
0
6
0
0
9
425
1023
0
0
75
0
595
3
5582
1
13
517
0
0
0
0
0
0
0
6
0
130
0
458
216
0
11
2
25
0
107
0
58
715
2114
2
115
650
0
0
0
59
0
66
7
0
0
0
0
0
298
0
4
0
0
1
78
0
0
97
14
8
12
11
88
57
1
3
0
0
3
591
1
300
21
15
0
0
0
451
0
0
120
0
0
0
0
1178
0
74
0
0
106
0
0
1
0
83
0
17
0
286
0
0
14
0
31
1
0
11
142
2
0
164
252
0
3
22
36
116
0
0
2
0
94
0
67
0
0
10
26
0
0
562
82
0
9
662
30
72
411
147
0
0
0
0
0
5
0
266
154
0
0
2
2
8
179
14
0
4
14
1970
0
1
0
0
336
118
32
0
806
14
0
0
232
0
0
0
0
0
6
385
69
105
20
449
0
0
0
0
0
0
551
0
3
233
470
16
1
121
0
0
4
463
183
253
0
3
0
3
146
0
6
528
0
0
0
265
0
0
0
3
0
966
787
0
23
21
107
0
0
0
0
0
24
710
616
0
285
0
5
0
0
41
0
12
0
2
0
17
3
0
0
0
0
4
76
3
0
1
0
64
0
0
0
6
0
10
1227
97
0
0
116
0
455
192
17
0
163
26
0
0
0
0
155
20
2
5
373
788
1
0
0
0
0
0
0
0
0
0
12
0
49
0
1241
0
0
0
509
0
0
64
0
9
0
0
0
0
0
291
393
0
522
0
3
76
0
7
0
0
0
0
33
0
0
5
0
0
0
903
28
9
100
0
2
0
15
0
106
76
0
20
483
0
0
0
154
0
0
2
13
0
759
2
0
599
2
0
0
0
0
1
0
0
1
25
0
0
0
7
0
0
0
0
0
0
0
6
227
0
0
16
0
0
21
0
0
0
89
8
15
0
496
0
6
782
0
67
0
0
56
0
0
0
16
6
0
11
909
0
70
0
0
51
12
2
210
0
282
0
0
1
2
606
0
0
0
0
0
65
209
7
2
0
0
53
193
487
3
25
6
1
40
12
16
0
75
64
0
3
41
10
0
0
0
124
0
0
0
3
35
0
199
0
0
55
44
1516
126
12
225
0
0
110
713
0
5
920
0
4
0
34
69
0
0
47
0
0
1
13
0
64
0
13
0
0
0
10
1
0
0
0
512
0
1
0
14
0
0
29
2
0
0
0
0
62
0
18
0
6
95
36
8
0
3
612
0
72
46
2
0
41
0
0
0
36
49
0
3
0
28
0
193
0
0
2
121
1031
0
0
157
0
114
0
0
0
0
781
0
0
0
0
31
36
9
58
26
2
571
0
0
0
236
145
43
0
21
32
4
35
0
0
83
0
4
0
90
337
0
0
3
141
3
868
0
0
226
0
0
0
0
3
0
0
5
34
13
819
1
22
11
0
774
8
0
0
93
0
0
0
0
711
0
1031
1107
171
113
0
0
91
1945
0
0
0
19
0
0
0
0
53
0
356
10
0
146
519
4
0
0
3
8
0
228
2
0
107
0
0
596
0
32
0
48
481
0
0
0
124
2
0
55
351
0
0
0
0
314
299
31
7
0
0
0
7
0
0
0
0
84
0
0
9
14
12
567
198
0
2
124
0
0
0
0
3
0
0
0
0
839
11
103
0
3110
0
574
0
0
0
248
0
3
0
0
22
45
14
149
30
29
66
0
79
0
124
0
8
0
0
0
45
6
0
326
7
133
0
3
0
0
12
30
251
0
0
0
0
3
933
0
124
52
91
150
85
7
10
0
133
18
0
154
3
0
0
0
99
0
0
9
5
60
0
0
0
34
4
0
5
0
350
0
0
0
7
0
0
0
0
454
0
0
0
98
0
0
76
0
8
2
177
0
0
0
262
0
0
0
190
31
44
48
0
2
362
0
0
576
0
0
0
341
0
1
7
64
0
0
0
0
0
130
29
924
70
0
0
0
0
201
0
27
0
390
56
0
424
0
334
127
21
33
208
0
0
24
260
0
377
0
43
0
61
0
0
0
0
661
0
0
0
24
0
1299
1
13
1
12
0
56
0
7
2
52
0
1
146
1
0
1
0
235
0
11
348
2
0
0
326
104
161
46
0
2
0
20
61
77
0
0
72
0
0
0
3
0
0
312
0
1
30
16
40
0
0
0
0
167
0
83
0
7
92
26
0
0
0
5
0
145
0
64
0
6
0
0
86
2
61
231
0
267
191
0
14
0
55
61
0
21
0
33
1
159
33
46
5
17
200
12
9
0
4
0
54
286
1016
45
0
0
0
0
0
345
261
7
29
0
91
0
54
0
0
0
0
84
0
23
0
19
14
52
11
0
6
51
192
0
104
0
0
0
35
4
1
0
0
0
0
124
164
4
76
27
1259
18
489
0
32
24
0
0
0
4
23
1
0
0
0
0
14
47
0
0
0
42
0
122
0
205
29
414
33
1
1078
27
124
0
0
2
0
2
0
309
0
50
33
17
0
37
2
1
0
26
0
40
0
1
0
107
122
993
41
4
121
0
1
27
20
0
3
173
0
0
68
293
0
2
0
503
0
588
0
0
0
20
96
15
0
110
104
0
0
0
0
1
702
0
49
523
467
0
56
0
0
71
45
530
275
0
0
0
37
0
126
120
43
16
12
0
12
0
123
772
0
11
35
9
0
0
0
0
273
0
610
760
184
0
0
813
0
703
0
1
8678
0
0
0
0
46
28
13
0
0
46
0
125
141
0
216
22
76
4
0
350
0
0
217
467
5
0
0
144
4
143
1
0
0
0
9
0
0
0
1
0
32
0
0
0
75
0
99
0
0
243
0
290
139
0
72
0
5
212
1
0
102
17
2848
0
0
0
510
340
4
0
42
1
0
1585
36
252
0
0
0
0
15
175
9
4
11
0
0
0
27
0
2088
14
0
0
0
48
3
0
0
0
0
0
22
0
3
251
0
1
12
0
5
0
946
0
128
135
0
0
4
0
0
284
0
0
17
0
57
0
510
0
2
0
2067
27
129
0
0
0
77
55
31
0
11
0
30
2
5
412
17
941
0
0
0
193
20
0
137
141
2
108
0
0
0
0
0
56
118
15
4059
358
0
2
0
0
211
0
0
0
422
4
0
505
17
0
8237
55
259
100
8
0
1
0
0
133
38
50
0
0
77
168
27
12
0
222
0
7
48
6
1
1
0
0
0
35
0
0
0
0
0
353
0
6
0
0
0
0
22
4
0
0
75
0
773
0
0
0
0
908
0
3
0
10
0
58
0
55
210
0
0
0
0
0
0
0
0
0
0
0
0
0
0
0
2
0
0
17
0
0
0
0
328
0
0
0
0
0
20
8
0
5
0
116
43
6
923
2
0
0
0
0
0
1
0
0
0
112
0
0
0
0
3
2
103
116
0
0
0
0
0
30
10
13
0
27
220
32
0
0
4
322
0
0
15
47
0
0
44
34
0
0
96
53
9
0
0
0
948
283
0
1
144
0
62
0
110
41
0
0
110
22
964
150
0
53
0
0
0
1
0
436
0
0
0
0
0
0
0
0
0
235
12
188
0
0
0
0
0
0
20
263
0
21
55
463
0
0
190
0
0
0
208
2
0
3
135
4
0
0
0
0
583
0
0
11
0
506
0
0
0
3
0
3
5
0
0
0
1
0
0
0
0
65
0
1146
3
0
570
14
0
91
0
123
324
1
66
3
0
19
0
1226
0
0
0
0
32
7
2
2
0
0
0
39
0
0
0
0
218
274
110
1
32
0
121
3
0
0
0
0
0
0
1052
1
16
9
0
0
0
0
0
0
41
0
0
232
136
269
165
2
27
0
0
3
31
0
469
0
0
218
0
0
0
0
0
0
0
0
257
0
0
0
0
0
739
0
8
0
0
317
0
0
0
16
0
0
49
0
2
0
122
103
0
1
19
371
0
0
1
0
179
49
205
0
57
14
3936
0
0
218
0
0
0
0
0
4
0
0
88
27
0
0
5
0
384
0
0
34
1536
0
161
70
43
0
0
182
7
0
13
3
205
771
0
70
0
0
0
2
0
0
1
3
147
0
0
0
0
0
0
0
137
12
192
0
0
0
40
7
1338
0
41
0
0
0
0
3
0
1
0
0
1051
149
0
0
0
0
8
0
52
163
0
404
0
0
0
25
4
1
18
0
0
0
0
225
1
126
47
0
135
57
0
933
0
0
33
0
197
0
301
0
65
39
0
0
0
13
0
0
8
0
9
3
0
0
0
29
6
124
648
0
289
0
824
0
265
0
0
19
13
19
272
10
111
83
26
0
4
98
0
2
0
0
63
24
69
13
7
2
2
0
2
0
7
0
0
114
0
0
408
0
0
1
0
0
0
0
0
0
57
8
34
3436
193
0
36
0
8
0
61
0
4
0
0
0
0
18
0
0
0
0
2
76
287
7
11
0
13
0
340
0
0
0
3
0
0
0
4
0
0
8
140
402
0
1035
0
17
155
885
399
9
0
0
0
4
151
263
0
0
2
0
0
77
0
0
0
0
0
112
56
71
2328
0
0
30
110
566
0
0
4
3
161
0
115
5
712
0
0
61
0
0
2
9
0
218
0
361
56
148
0
434
2441
499
0
16
4
6
0
0
0
0
80
0
0
0
119
0
181
0
3
8
787
250
42
0
0
0
0
0
2
25
2
53
129
0
1
3
662
36
16
3
8
0
0
0
1439
0
53
0
6
951
3
0
2591
1
183
7
291
0
2
1
5
0
2343
0
968
0
0
0
973
0
0
0
162
0
44
1096
0
0
5
6
1427
0
0
0
59
0
0
0
0
0
0
70
0
0
29
26
31
4
5
0
158
401
5
0
0
0
2
0
0
235
4
2483
0
0
8
0
0
0
0
16
0
0
0
817
0
661
0
0
361
2
0
0
5
50
99
0
0
17
0
223
0
3
0
122
6
166
0
266
0
0
0
0
0
0
1
56
0
0
106
0
9
1
645
0
0
0
78
9
0
100
2
0
10
0
73
28
0
3
0
0
0
536
34
2
0
0
2
0
0
0
0
0
153
147
0
83
214
3
0
117
0
102
0
23
0
26
0
0
0
0
35
0
0
1
54
0
30
411
0
0
0
53
173
15
16
7
456
0
30
0
2
0
0
0
11
19
386
0
0
0
0
94
0
0
20
0
19
18
0
0
2
26
14
0
1138
40
0
102
102
8
0
36
29
0
1453
1473
59
153
19
559
87
0
0
10
0
26
406
0
67
0
0
2
8
0
0
0
0
0
0
105
0
0
0
0
4
0
0
3
0
0
0
201
0
11
0
53
0
0
0
0
0
0
0
0
0
280
0
2506
27
4
12
0
242
0
0
0
0
0
2
0
23
0
0
342
0
3
0
0
1
124
0
427
46
0
0
36
0
1
0
17
0
0
0
0
0
0
74
1
0
0
0
8
15
20
1
4
0
52
5
0
84
14
0
0
48
19
0
0
0
0
40
204
0
32
0
0
0
80
0
0
6
0
210
6
5
358
0
0
0
23
0
0
273
0
0
4
0
0
0
0
811
1053
0
12
0
0
37
298
0
0
4
0
41
411
0
202
812
0
0
1
0
0
143
0
0
6
10
3
0
51
0
12
3
665
0
1
0
0
271
0
0
1
0
0
2
1
308
28
2
0
45
0
136
0
0
404
0
0
163
19
306
95
1
0
108
0
0
1
60
26
2
4
0
30
45
70
0
0
0
0
0
0
2
2
0
184
0
0
28
98
0
0
32
0
186
71
36
0
0
0
0
2
0
571
9
133
2
54
0
0
163
0
0
1
0
410
0
18
18
139
3
867
4
0
64
187
185
192
179
0
0
136
2
961
0
34
4
70
5
2
50
80
0
0
121
0
125
0
0
0
0
0
0
21
4
115
0
5
0
14
0
12
0
0
396
0
2
98
0
296
61
0
551
1403
2
0
0
0
1
447
208
1
0
0
0
0
2
0
0
295
71
0
0
1
0
536
0
156
9
0
20
41
0
0
0
135
0
87
72
3
0
0
224
0
855
0
50
2529
2174
7
67
0
0
2
108
15
0
503
67
38
5
0
35
113
4
0
314
0
0
112
0
0
4
0
2
0
15
1
0
0
4
56
0
5
3
16
0
20
0
38
0
107
0
14
302
0
1
105
3
0
14
20
144
0
0
0
0
0
86
0
0
8
3
0
0
0
0
25
69
149
9
0
0
0
0
0
0
0
950
0
0
0
0
572
0
2
3
32
0
0
10
0
136
0
18
0
0
0
12
13
7
0
0
416
75
0
6
0
0
0
0
13
142
59
0
1470
0
77
171
0
0
97
0
39
37
0
0
0
0
0
4
2
22
2
64
77
0
0
30
79
0
6
0
0
2
2
187
0
0
0
0
41
2
4
43
144
0
148
0
16
25
0
656
0
0
0
418
102
39
0
0
0
0
15
0
439
0
590
101
0
52
77
16
509
0
24
84
20
0
0
293
59
0
192
12
0
246
0
1
0
2561
0
1
0
12
0
0
0
0
320
16
0
0
243
0
0
0
54
664
0
0
0
0
216
0
0
25
0
0
3
0
0
0
51
0
26
297
0
1
369
0
2
176
0
1072
0
329
9
0
0
30
12
40
177
0
81
69
0
9
372
51
3
0
0
0
0
0
209
58
2
0
2
45
374
85
6
1028
0
0
0
5
12
2816
6
99
156
0
19
214
3
953
115
2
0
155
253
0
0
0
0
0
0
0
64
509
112
1170
5
1047
424
308
11
91
0
0
0
0
0
213
0
3
0
324
18
0
7
0
34
44
0
0
6
25
1424
304
63
0
0
1
59
0
0
0
0
0
0
22
0
325
172
0
2
0
25
21
17
16
0
0
3
0
2
295
0
4
42
27
0
55
0
6
403
0
940
0
4
96
8
825
1
0
16
1
2
0
0
0
0
0
0
3
26
647
0
35
6
0
0
1
0
0
23
95
19
0
0
6
0
0
0
81
89
32
89
50
263
2
3
0
0
0
0
171
42
238
0
0
81
0
111
0
213
0
618
42
0
0
0
13
51
42
38
0
3429
23
0
0
4
2
0
15
511
3
0
0
0
24
389
5
0
26
6
978
0
831
664
17
39
388
98
0
72
24
44
0
431
692
103
11
639
0
0
0
263
6
13
0
0
204
197
647
1752
0
108
4
730
0
0
0
0
0
0
0
12
0
0
0
2897
250
64
0
383
287
12
5
33
0
857
3
0
0
0
0
18
37
38
0
0
579
0
11
2
26
1
0
309
777
0
20
0
0
838
8
527
0
0
146
71
34
33
3
0
0
0
0
0
1
43
139
25
0
0
3
579
1159
0
14
10
19
2
42
3
1022
0
0
201
0
1
0
0
0
0
377
0
0
0
0
74
0
1
0
1562
0
66
124
143
48
0
0
139
0
0
2
55
0
33
0
14
0
864
3658
11
231
6
20
1
214
149
104
0
205
0
0
9
0
66
0
0
0
0
0
0
0
90
37
176
51
55
132
12
6770
560
42
0
52
0
0
0
0
0
0
19
2
0
0
0
87
146
24
0
11
21
33
0
108
50
565
0
14
5
35
0
18
0
2
0
2
0
266
0
11
0
10
480
0
0
0
22
0
321
716
0
0
0
274
0
112
508
111
470
476
0
93
2
182
12
0
0
4
49
0
85
0
0
493
0
0
0
0
0
0
0
6
649
17
60
316
0
9
17
0
259
0
0
0
0
12
0
0
26
8
0
0
108
92
161
0
0
703
1
0
310
0
0
0
0
0
0
0
1
61
0
2
0
9
0
88
0
0
0
0
0
0
0
0
7
100
1
0
2
3
17
0
45
0
0
0
0
0
12
0
681
0
0
214
0
0
17
1
0
0
456
0
0
200
0
0
0
2
0
0
249
2
46
0
179
132
0
0
12
0
0
0
0
0
0
20
0
0
0
25
0
0
166
113
42
0
4
384
572
0
0
16
0
573
2
8
0
77
142
984
0
0
58
0
0
1
72
10
3
0
0
0
0
0
172
2
2
388
0
347
0
171
0
8
47
8
42
622
0
777
8
2
0
0
166
0
0
191
0
14
0
0
3
0
577
5
0
5
0
2
1
0
23
0
0
503
0
0
0
0
0
3
2
154
60
36
0
0
25
2128
546
0
20
0
0
0
5
0
0
0
8
76
10
24
99
1106
0
0
0
678
0
16
0
0
0
0
657
253
5
3
0
143
0
0
10
147
0
0
0
0
3
143
0
0
1
0
0
10
0
8
0
0
891
13
57
0
0
3
0
7
0
0
0
0
3
0
0
0
36
8
0
228
0
0
2
0
0
0
0
0
0
0
0
0
2419
0
0
0
57
0
66
92
94
0
4
10700
0
2
0
197
3
0
4
0
0
2
1
0
0
0
167
0
0
0
34
0
0
0
0
0
0
0
0
0
0
152
0
0
0
11
7
1943
3
37
0
13
0
0
0
0
0
2267
516
197
109
14
0
2
62
0
131
42
464
459
33
695
437
635
0
254
104
0
9
0
0
10
0
0
496
0
0
0
0
57
28
390
3
365
9
122
3
0
0
0
11
95
2
0
1
2
97
8
27
15
105
0
11
33
40
0
0
0
0
0
0
5
0
0
0
0
0
1
0
89
31
0
0
0
985
0
0
1
2182
173
0
284
0
0
0
0
8
388
0
0
840
12
0
605
0
0
90
27
0
0
0
0
0
226
0
2
3
4
0
1
444
415
0
0
0
0
3
15
0
0
3
175
3
0
0
42
0
0
0
3
691
0
0
440
4
0
0
230
0
0
147
0
0
67
0
0
0
0
171
0
0
0
68
2
0
3
11
0
0
33
2
0
0
0
10
46
0
83
0
0
2
0
739
0
1017
1
0
12
0
0
0
0
0
244
580
1
0
0
17
0
244
0
0
0
43
129
0
0
0
303
0
2
199
33
0
0
7
0
0
1638
0
0
0
886
0
0
1
60
0
92
2179
0
0
0
4
0
0
0
0
0
0
0
175
44
0
0
1
0
0
0
0
0
0
0
641
0
78
0
86
1
0
0
0
0
0
0
0
0
0
0
0
1
0
0
0
0
0
3
509
0
141
0
0
0
57
0
0
0
1077
0
2192
0
589
0
0
0
0
0
16
0
14
0
0
0
0
0
0
33
0
0
0
0
755
37
0
0
257
1
0
0
0
0
0
0
0
0
0
68
0
201
30
0
2
0
15
0
43
0
0
11
57
0
0
0
2
0
0
0
0
0
0
0
0
0
0
0
2
0
22
176
17
0
0
0
0
2
0
0
0
486
0
0
0
25
24
0
6
0
8
0
0
0
109
0
0
0
0
1
1353
222
0
263
0
0
0
0
0
0
1
0
80
370
10
147
1
0
2
264
691
0
4
170
0
2
0
0
0
1
1629
0
0
0
1
9
1242
0
523
11
0
3
0
491
0
0
0
0
0
319
0
0
0
0
0
0
11
0
0
0
517
144
0
0
3
993
0
14
225
0
1157
0
0
0
0
0
0
2
59
3
0
0
0
1
0
0
0
0
106
0
39
0
23
875
1
1187
0
11
0
0
0
19
3
0
4468
0
0
0
0
0
0
0
0
0
19
0
0
0
0
0
493
0
200
0
0
12
0
608
115
0
643
0
0
580
0
8
0
0
0
0
2329
0
0
0
0
0
0
1612
27
0
150
3
1
0
0
0
0
97
0
62
0
2
10
0
127
2
0
158
0
0
2
0
0
0
0
0
22
547
4
0
0
0
0
0
0
0
0
3
122
6
0
0
0
546
0
0
0
6
0
82
0
0
0
0
0
0
0
0
0
0
0
5
0
5
964
3111
363
0
0
0
0
415
0
0
0
0
0
0
0
0
0
94
0
193
47
0
0
84
6
0
0
0
1119
0
0
199
0
2
5
160
0
0
65
0
14
0
0
582
303
37
1
0
39
0
50
0
37
0
21
0
155
0
638
0
0
281
1
397
367
52
0
2
0
247
2
0
270
105
0
225
8
0
2
40
0
828
0
0
0
0
0
1087
1361
737
11
0
1
0
0
0
524
135
168
0
304
5
0
7
15
72
1
0
41
0
2
51
32
0
24
84
12
0
0
0
148
40
86
851
53
140
115
0
2
8
157
0
82
0
0
22
0
24
0
1
142
4
0
1
3
3
93
0
62
1594
0
0
2119
0
0
77
1982
0
6
69
0
0
4
10
10
0
0
0
0
1
0
4
57
23
2219
247
0
703
19
131
1162
27
0
64
0
0
0
3
0
93
9
65
6
0
0
24
126
601
2
0
686
2
42
0
30
0
107
146
131
7
0
88
0
393
1
0
0
0
118
0
16
41
168
73
2
10
178
16
234
440
36
0
0
159
1057
4856
0
0
13589
70
306
3
4
0
0
169
213
0
69
21
482
0
0
0
377
0
245
0
4
1819
10
107
1703
0
0
5
1579
0
5
61
125
190
280
716
0
3
432
173
25
0
77
28
0
133
1089
0
2
5
108
0
0
0
0
0
0
13
0
0
24
475
24
261
101
171
840
4
8
132
0
46
0
938
0
245
18
519
0
2
0
111
0
1384
771
3966
0
0
147
257
0
350
158
0
0
0
37
0
878
0
124
0
48
605
21
0
0
0
543
0
0
9
111
0
203
0
4
0
0
50
32
0
290
0
791
18
0
48
22
0
1036
1
1285
0
175
0
0
0
31
572
543
15
0
1
635
0
694
0
0
394
524
26
0
6
111
220
0
226
0
7
0
201
93
0
0
3939
0
0
352
6
138
81
196
0
2
30
33
3
107
2
84
133
0
241
922
274
59
11
880
136
3
680
26
0
87
0
4
16
64
15
0
113
92
812
11
2
0
0
0
1256
169
493
183
729
0
29
0
0
0
47
530
87
0
4
65
33
0
3
56
224
1155
0
10
212
0
332
48
157
25
0
2
39
34
474
0
0
51
2
11
250
46
0
47
0
159
25
19
0
0
19
25
396
0
0
0
0
19
19
18
324
23
0
0
42
2
0
0
122
2294
8
0
0
0
69
786
37
175
3483
256
41
7
0
91
32
0
347
15
172
115
40
20
15
0
4
388
64
0
21
1
3
245
0
4601
1
168
22
0
0
140
3
0
0
48
0
22
117
34
0
218
0
0
23
0
26
184
0
0
46
748
0
0
60
43
0
0
334
894
0
0
102
0
0
0
849
42
7
0
22
0
0
0
291
68
286
0
71
0
2
19
3823
0
8
9
10
520
40
0
0
0
9
173
0
155
122
0
0
774
1078
4
0
5
3
0
6
28
0
2211
83
660
610
0
0
0
914
3
0
0
25
5
0
273
0
2
52
0
6
8
590
252
143
279
279
0
0
0
0
219
0
0
334
45
1
172
0
0
0
454
562
1974
208
2
325
17
8
767
0
2
0
46
0
364
246
126
26
919
18
0
386
0
0
41
0
1167
0
44
79
290
33
592
25
0
5509
0
0
0
22
2
0
1064
0
223
435
440
0
64
0
117
33
1
97
18
124
3436
0
2
0
412
0
234
22
154
0
24
90
5
125
2
0
0
2
0
1320
0
142
0
0
0
2
60
158
902
0
0
0
0
0
0
2
0
0
945
637
0
0
10
0
0
137
0
0
13
0
0
0
119
25
653
288
0
12
0
55
86
252
55
0
0
101
4
0
4
8
2584
20
0
0
326
4
0
454
0
145
0
3605
313
1
35
0
0
295
0
0
0
33
59
52
0
0
163
174
48
0
268
206
0
0
0
2236
27
13
66
345
13
24
0
79
0
156
7
0
0
0
135
399
1
564
244
0
14
0
0
0
465
616
4
174
0
0
153
173
148
0
177
0
239
133
60
0
22
14
0
9
5
2
0
0
3437
37
12
2
0
0
0
1082
139
208
105
0
2
30
40
28
117
0
0
0
0
0
0
0
1014
0
0
23
3
102
139
664
3
0
189
1
1302
3
241
0
81
0
106
13
166
0
134
41
92
4
6
0
1281
138
46
0
666
474
2
200
0
8
0
0
0
0
479
43
0
462
0
1
119
0
5
0
852
72
0
4
0
75
927
130
0
0
4
59
0
0
13
186
9
0
0
12
0
92
0
0
0
265
0
4
3
902
0
49
7
18
0
0
15
516
0
0
267
0
0
2
0
0
37
19
0
7
54
0
0
13
0
0
5
6
0
0
85
13
772
0
3
0
5
15
1
2
0
0
0
5
11
0
33
33
0
0
0
0
1
0
0
5
0
4
48
0
0
101
0
0
0
0
29
0
8
4
9
33
11
0
0
0
0
11
926
0
0
0
0
115
38
32
11
0
0
78
271
1
880
123
9
143
1
74
2
144
12
24
123
2157
21
0
0
170
0
0
1093
7
229
0
1
89
0
73
419
2
458
3
249
14
0
115
84
29
0
0
43
1397
17
11
150
36
0
1538
1
616
2430
0
0
125
95
0
11
24
254
15
19
100
913
37
101
64
0
151
347
320
11
0
0
517
2
0
0
0
0
3
0
0
12
0
71
122
15
284
22
45
0
16
187
67
57
0
0
15
908
3
141
0
45
14
0
2
441
0
77
2
0
0
0
917
0
0
871
0
1
30
0
0
84
20
1777
0
520
0
145
464
37
0
0
0
1
0
1575
0
0
4
0
737
5
0
1004
552
3
0
65
8
31
359
137
7
51
157
0
0
382
27
0
0
1
0
0
31
192
0
137
308
0
0
291
1835
75
1762
0
7
0
1104
18
164
0
0
26
19
9
0
0
1
0
16
0
41
35
276
0
592
56
417
1498
233
593
0
0
1760
0
0
0
2
245
468
0
0
0
1
0
0
0
0
0
0
0
0
0
25
19
70
112
169
0
0
1
149
4
0
0
0
12
0
59
0
126
0
6
0
2
1
0
41
285
7
0
0
5
0
1446
214
0
0
0
0
106
0
16
0
554
0
5
80
892
0
1391
39
0
2
0
98
0
17
0
0
0
0
13
96
29
0
0
33
17
0
198
0
58
0
3
0
2
442
14
0
41
0
0
74
0
173
197
543
0
3
0
65
468
0
9
0
0
2
0
89
0
4
195
0
3
0
0
0
322
0
31
272
160
83
0
99
77
249
0
2
3
169
24
139
0
0
0
0
9
104
73
556
0
0
0
0
41
0
0
0
0
0
0
1
0
208
57
0
5
25
272
0
24
14
0
0
0
137
0
344
0
227
72
0
2
5
0
3
0
0
25
0
0
17
153
57
0
4
45
295
14
25
0
63
5
0
0
0
1
0
0
50
0
9
4
0
2
0
56
0
3
2
0
0
32
0
10
0
17
4
165
26
0
382
1
1
41
5
4
0
14
0
3
0
3
11
13
0
29
96
0
0
0
64
104
84
259
0
0
55
0
49
0
2833
0
146
118
974
2
0
1324
323
0
0
0
902
0
0
1
63
1
0
5
33
0
161
0
8
473
95
565
0
5
4771
96
1
27
0
45
41
0
0
605
0
1989
0
0
572
0
40
0
0
409
0
0
112
0
217
3
15
21
41
3
28
0
0
374
113
1
0
157
11
128
2
129
28
204
9
5
0
0
0
0
0
304
0
0
462
618
5
2
490
0
0
0
8
0
0
0
877
9
310
30
246
595
21
187
0
205
3
35
569
3
0
28
53
16
0
523
0
64
3
0
2
892
0
3539
0
857
72
4
644
0
0
339
0
228
601
0
6
135
324
167
43
0
0
0
69
302
0
2
1
10
319
3
0
0
0
9
573
0
105
1120
174
619
83
28
1237
40
18
11
280
1629
0
0
775
308
133
0
635
326
89
0
0
4
0
1424
1702
503
43
239
0
149
26
0
0
775
0
63
0
329
140
0
58
16
36
550
173
62
128
0
0
166
0
0
0
0
463
0
114
464
32
0
0
8
75
232
0
28
0
5
606
0
876
57
14
0
0
976
0
159
531
25
0
67
581
189
422
101
2
2
0
1044
0
1463
72
0
0
0
3
1893
0
1320
109
1872
80
293
465
260
0
229
0
0
9
11
25
161
142
154
0
15
33
31
440
0
0
511
9
0
0
72
146
47
283
0
0
15
2945
0
4
16
4
52
0
320
338
0
38
164
0
111
39
0
0
4
188
354
3
0
0
0
141
0
5
18
42
0
336
0
7
0
0
0
0
7
0
125
1
7
0
112
0
112
0
7
119
12
11
67
37
897
0
2
0
0
134
184
36
756
20
0
0
191
0
23
0
342
215
0
0
264
83
0
81
116
298
7
122
1
0
1
0
0
2
275
580
52
8
2
260
273
0
63
0
31
49
145
270
350
731
2382
0
200
181
3
1
0
47
60
0
467
0
94
270
99
0
111
0
111
703
1290
562
0
1625
1060
2
3
1
0
333
0
0
3
199
9
0
2
0
0
0
9
4
1
146
2397
81
53
19
19
1707
0
1827
0
0
221
0
3
11
3
0
348
20
0
518
2022
0
21
7
0
281
189
0
1
21
0
2
39
0
95
0
172
22
205
14
0
4
494
121
0
0
297
26
0
0
0
0
91
0
4
0
0
0
2531
1394
80
252
45
0
9
0
0
62
26
792
22
292
407
0
123
102
63
128
0
125
0
0
0
39
0
280
68
35
87
36
21
122
0
0
0
0
0
0
72
79
930
0
2
0
0
1
0
0
0
34
16
78
0
760
8
170
137
0
1
211
2073
10
52
21
0
4
6
0
70
55
25
0
1065
0
1086
163
11
0
227
74
135
16
3
0
155
7
199
626
0
0
0
866
0
0
0
0
111
6
57
173
0
0
21
0
114
25
0
1337
0
4490
1
185
517
21
0
1409
2
0
0
146
0
0
0
0
193
0
354
100
0
301
41
3
41
880
222
46
0
0
2
66
2
0
0
53
424
5
0
1
7
50
0
0
179
204
14
0
33
0
46
0
3
0
18
1089
4
22
0
0
0
32
0
52
0
572
0
0
313
13
324
0
1
0
277
0
41
9
20
65
0
1399
75
1
7
0
0
0
0
0
112
219
30
0
16
0
0
10
179
0
8
22
4
0
32
0
172
666
2521
33
489
0
4
23
0
37
0
24
6
1814
2
35
154
0
3682
0
0
6
139
0
184
56
0
24
3
0
150
17
0
1
0
37
0
0
0
25
0
0
0
0
326
366
7
970
373
8
877
0
1
0
63
377
2
22
53
0
48
5
71
137
377
1360
0
0
4
0
55
1737
209
19
172
1970
71
77
0
2305
224
18
0
0
818
196
2040
0
0
0
3
120
0
1416
19
61
279
0
11
294
215
0
20
148
1524
0
4
55
6
0
18
297
7
30
5
2
0
561
166
0
0
96
18
2
0
0
0
83
0
16
404
183
37
0
928
6
0
146
46
0
5
0
26
0
877
0
918
0
84
0
552
24
245
5
29
0
0
0
18
0
0
0
0
13
45
1
1294
0
66
0
7
115
66
0
14
17
289
46
17
96
0
0
0
288
748
0
0
119
0
5
0
0
0
1052
0
129
649
0
32
71
566
0
0
0
0
197
39
28
0
19
0
0
0
0
0
19
86
238
47
2
33
39
0
0
0
1
112
8
0
10
51
198
95
0
0
123
0
0
0
64
0
0
193
34
54
166
0
5
0
326
0
0
0
0
2
130
24
1
0
303
44
261
13
411
6
21
29
13
64
267
0
0
7
0
315
96
15
155
280
0
64
331
0
0
0
0
160
1
24
40
0
0
556
0
101
6
24
12
50
266
0
761
0
353
20
0
2981
19
621
0
542
0
0
1029
199
12
0
19
460
4
121
5
0
212
117
3020
33
0
0
0
0
2
802
2728
106
59
3
538
1
694
115
0
0
945
0
66
1
19
779
138
404
77
207
9
3
100
668
41
0
0
0
0
0
405
0
63
76
0
28
0
240
54
329
746
10
77
0
152
0
403
3774
158
2
531
140
69
28
0
69
19
607
8
0
2
9
0
0
0
178
2
15
0
3
156
2
0
0
17
0
331
0
18
0
458
0
376
0
514
0
0
17
49
8
0
0
469
3818
42
85
50
679
0
484
57
329
2092
9
114
0
46
175
76
0
43
0
23
0
0
13
66
846
7
0
0
0
0
355
35
134
0
79
1073
991
10
0
0
0
76
356
0
83
1
603
430
127
37
826
18
75
0
0
696
0
0
0
0
166
0
0
0
97
0
0
10
1136
0
0
0
392
675
240
41
233
69
1630
0
168
14
0
5
43
10
7
0
44
282
20
0
0
385
0
909
2
45
0
0
3612
0
0
9
9
0
15
0
144
228
60
0
58
0
0
97
82
0
4644
3430
3
564
96
0
0
0
181
462
80
0
0
0
85
11
1391
24
174
74
3
181
0
638
63
44
138
4
9
0
37
1170
0
23
0
0
10
1668
90
16
401
0
0
1
0
7
2
99
267
0
18
172
0
0
0
7
427
0
25
160
153
547
0
1
3
21
17
983
145
0
200
41
3
35
0
0
0
569
128
6
440
1
976
57
11
571
268
0
0
8
402
0
80
0
0
0
0
470
0
1
43
1
0
0
0
10
21
71
29
1218
0
2
0
69
0
0
4
688
0
0
0
0
0
0
263
0
0
0
0
23
0
0
0
0
1287
9
47
0
96
0
0
0
1258
0
2
641
0
0
0
428
50
855
18
0
4
43
202
43
0
190
1087
1
0
0
102
0
0
18
0
3395
0
27
103
45
0
0
0
37
0
215
21
103
460
959
0
0
398
596
2
2
0
27
350
1
166
0
89
293
21
65
19
0
51
8
28
0
173
0
6
0
2
79
87
46
168
0
206
794
58
0
198
0
128
0
305
158
301
0
0
120
694
0
78
5
6
0
454
0
0
0
27
437
3
0
136
164
644
27
108
5
260
0
28
671
162
3
0
0
357
231
785
116
0
65
0
30
0
0
28
0
12
0
0
0
289
44
0
0
0
714
47
0
41
6
4
3
782
35
0
1
0
467
1211
125
1893
0
0
0
0
0
254
0
0
88
15
452
0
0
45
0
0
0
168
473
0
0
1079
1
2
7
3
9
0
40
3
0
4
0
3
7
82
0
42
105
0
39
0
0
4
269
0
383
622
0
114
3
102
6
29
0
70
0
84
107
5
298
14
0
51
0
1
47
181
0
0
82
0
0
2
274
0
13
0
1185
210
26
434
0
0
0
6
254
113
19
117
1
0
0
10
0
0
181
806
0
815
5
93
2
69
0
0
76
468
10
0
0
168
37
25
0
21
315
187
6
237
109
0
3
19
7
194
760
374
0
14
538
0
704
0
0
0
8
246
57
783
0
0
0
0
0
0
128
2
0
0
156
0
0
0
95
2
0
289
0
0
0
2489
0
63
379
0
205
0
3
0
0
89
0
34
2
124
105
492
0
389
0
206
0
0
0
0
3
0
57
0
2
0
17
0
0
0
24
0
313
154
1439
0
18
20
102
6
1342
0
35
2
0
0
238
0
270
0
0
346
0
96
2
0
0
0
522
252
129
52
141
67
0
0
8
0
58
0
7
86
181
34
0
4
0
7
132
94
28
424
18
508
0
22
152
0
1337
0
207
0
0
748
0
145
40
509
0
16
0
20
95
2784
159
7
28
0
0
0
0
0
98
388
231
2
501
182
110
0
341
131
49
137
0
18329
13
59
0
375
313
268
3417
0
266
28
16
53
67
0
270
14
0
422
40
0
257
117
9
289
0
0
4
574
0
44
102
17
85
19
5
1
0
7
0
0
129
81
118
0
992
0
0
6
0
86
452
31
66
3448
0
4639
3
0
74
0
1
7
19
0
0
0
382
232
16
0
41
400
649
0
95
190
338
0
269
0
2
3251
24
0
0
0
1
7
0
0
210
0
1
73
1580
21
329
45
0
687
615
1081
116
149
0
113
399
2
0
39
38
848
0
0
752
40
0
7
0
0
3
179
40
571
0
0
53
7
4
0
2772
308
0
0
2
2
496
14
0
0
66
0
0
0
58
135
1839
78
409
365
0
0
0
114
0
0
0
13
2
288
0
0
213
781
78
0
534
790
96
96
27
6168
2
0
0
5
2345
0
0
0
9
0
0
0
1
7
142
33
0
18
0
414
2
0
137
768
0
880
21
17
6
0
0
4
53
17
22
0
1
0
0
5
0
0
0
266
231
36
0
192
312
0
0
374
49
0
182
231
1
4
22
0
0
0
0
365
829
0
0
2
343
40
0
573
0
2890
52
0
0
374
0
0
73
84
0
115
36
156
1188
229
0
2
46
0
1
2
0
92
2
1
108
0
5
2
360
0
108
5
1
8
5
103
59
153
65
3
0
98
0
22
0
0
1
7
5017
44
13
9
69
0
163
0
0
64
44
51
97
734
0
0
63
39
79
125
0
151
23
0
8
2033
98
56
50
0
5
0
0
0
0
22
5
46
4
22
0
0
65
193
430
76
3
7
152
164
232
0
364
2
38
0
0
115
0
0
13
0
0
0
33
41
0
88
23
0
0
0
0
0
432
2
314
7
0
0
101
8
331
29
1206
50
336
0
3
100
0
0
0
0
0
124
0
12
11
0
0
1
15
970
0
2
0
0
950
0
0
93
0
892
217
0
1000
3
12
2034
0
170
29
0
0
5
0
16
4
21
8
0
1
153
924
215
130
1143
0
44
134
503
10
1152
117
3
11
197
534
52
2408
21
53
41
0
0
0
29
282
411
7
559
313
1
5
0
305
0
0
0
28
6
2016
19
0
0
39
1339
150
5
9
0
16
0
173
0
878
240
96
63
377
0
123
0
2
0
6
1069
809
1695
0
508
0
123
123
194
0
0
4
0
2
0
728
0
133
158
0
5
3220
58
214
86
166
19
0
41
25
2829
1
8
0
134
0
259
729
152
0
86
4
355
7
36
0
738
480
6
0
4
100
449
0
0
0
65
29
0
0
60
0
0
1
0
0
460
0
1883
0
0
65
3156
0
92
3
0
34
0
135
0
2
20
731
17
0
556
242
70
238
0
5610
152
24
3
0
2
21
0
0
242
1
2
0
66
67
0
668
2
4
57
7
0
84
0
946
36
96
452
170
924
0
278
0
170
0
971
33
516
0
0
0
0
6
542
39
0
3
684
43
268
0
460
312
335
102
89
17
0
19
0
11
0
0
0
140
0
0
504
0
14
112
576
73
1
0
9
31
0
0
0
66
419
21
0
649
179
243
0
0
0
108
3
0
92
240
5
0
0
169
4
3
41
1
9
202
25
0
4
49
1
594
0
76
10
0
10
0
0
115
0
19
0
58
253
0
0
282
0
190
0
189
0
0
45
10
115
408
736
0
0
2
91
0
0
105
0
412
226
3432
0
14
53
73
199
87
0
3
0
115
28
0
0
0
0
0
3
0
0
321
62
0
6452
1563
13
0
0
0
367
0
80
0
790
116
0
5
2295
469
0
0
16
228
31
0
0
83
23
0
233
2111
0
769
0
0
315
983
160
46
2
4
0
557
1606
0
157
0
382
0
0
0
3101
927
0
0
0
1207
128
7
251
0
0
0
0
5
126
446
0
288
0
0
4
0
3
0
39
67
0
43
10
118
0
0
100
37
36
0
548
0
106
0
70
3
5
1767
0
0
0
76
82
0
293
3620
10
184
75
6
279
25
0
0
60
2
38
489
0
41
2
0
0
12
193
253
260
1
0
107
295
236
35
0
159
61
636
4
0
306
129
42
0
32
20
134
174
0
148
5
55
6854
842
217
0
175
0
323
178
0
0
157
215
29
14
27
9
1
3
0
0
0
3
0
27
716
161
115
0
0
3
0
132
31
1038
0
0
0
0
0
0
93
1508
0
53
30
0
81
0
0
486
210
0
5
6
0
13
612
98
32
14
190
0
0
98
0
0
19
0
14
161
17
0
0
645
3
4
5
0
635
0
9
173
0
0
163
36
371
0
9
0
114
0
83
3
0
0
0
939
0
0
153
22
70
2
1116
0
39
0
167
49
17
7
8
18
2
1481
36
0
1
0
0
60
0
0
587
33
70
219
0
5745
20
47
274
2
2
0
0
140
78
70
0
128
0
5
91
631
0
133
24
19
316
42
0
1
109
3
0
0
302
1093
0
21
145
154
239
0
0
0
0
55
4
1952
0
53
0
20
504
127
55
325
17
82
0
10
0
0
35
1
0
0
223
107
2
11
2005
0
0
0
0
62
188
12
0
463
0
38
36
427
468
12
140
0
30
570
46
428
0
0
7
105
0
0
0
382
12
736
874
0
19
0
1
26
7
95
0
2
176
93
148
0
0
123
23
923
0
0
116
0
23
0
0
492
28
495
0
0
0
0
17
0
629
470
0
12
47
68
564
101
2
0
5
107
0
35
1
1224
11
302
0
150
4
0
0
4
0
727
418
16
6
25
0
0
485
0
0
84
0
2
0
15
0
183
0
0
18
1
0
2610
335
18
764
0
1
0
1291
0
25
0
72
0
0
34
0
22
3
262
579
6
0
1598
0
0
0
60
238
1
210
31
0
0
0
0
310
87
8
7
0
66
0
0
0
12
0
116
10
0
0
0
0
0
0
4373
0
9
4
376
1
67
0
0
1231
125
80
5022
170
0
668
0
2
56
84
80
0
578
0
228
0
0
314
3
106
1
0
21
641
68
0
0
32
250
652
420
56
0
0
200
0
0
0
44
35
9
0
18
0
7
126
26
150
140
0
0
0
18
119
30
1663
0
24
0
82
0
1532
126
85
49
1437
0
148
29
0
108
312
3
0
1
72
46
108
0
0
0
0
67
350
24
37
45
18
986
15
0
218
41
403
15
0
587
0
37
0
52
487
18
58
40
472
0
47
9051
1
5
0
179
0
197
274
1
93
241
1046
618
0
0
105
0
2
46
188
27
43
0
32
153
2
0
62
1
2
0
0
0
1
3062
0
0
0
817
1
101
0
102
2156
0
0
21
6
24
0
0
8
80
91
434
0
3
156
229
120
441
300
26
0
66
0
117
1102
3
216
0
35
1406
0
270
50
0
0
472
11
608
192
4
0
62
0
5
0
0
0
430
0
0
210
303
0
8
0
98
0
141
22
236
7
0
1253
1
293
0
1202
294
0
22
639
0
104
49
10
0
336
0
74
203
1611
6
0
0
1
7
180
0
3
0
403
0
0
0
4
364
0
2012
0
2
33
0
0
0
138
0
43
0
120
0
1
129
0
17
0
10249
0
24
9
0
0
0
151
0
0
0
74
0
0
0
1
663
0
458
190
134
0
0
115
44
0
0
0
0
10
0
314
190
9
0
427
0
0
272
0
778
0
0
103
0
0
55
405
0
847
0
25
0
0
0
0
0
251
0
6
0
0
236
17
0
1073
0
0
8
39
40
1
9
0
607
8
14
0
23
8
0
0
33
466
0
90
58
7
89
9
0
951
2649
0
0
0
0
253
0
265
39
23
0
0
1
0
486
58
39
7
0
359
0
7
161
65
52
3
0
18
0
1
141
15
0
218
691
0
297
0
0
11
179
0
8
3
16
94
2
144
0
50
0
0
0
6
498
0
80
0
1
0
260
0
0
44
44
0
399
130
0
82
0
0
35
29
0
116
151
0
0
2
5
1
15
111
0
0
3
51
0
917
0
58
0
158
0
84
70
644
5
0
38
0
1017
28
7
86
0
0
9
14
861
0
0
43
0
16
262
62
417
113
0
0
352
0
24
0
883
3010
2387
0
31
43
275
107
0
2
0
186
16
45
17
128
36
2206
195
534
256
1222
508
0
0
20
0
92
493
4
212
0
6
35
0
2585
0
20
5
47
80
0
10
535
0
51
0
19
0
0
0
249
0
52
0
0
0
4
19
3
0
326
12
149
1
301
9
0
0
7
153
0
12
0
29
92
0
496
524
0
32
3419
31
34
7
0
0
0
454
0
0
0
26
17
11
0
2
102
552
189
0
0
0
0
278
0
0
0
0
3
0
39
19
7
0
0
415
10
0
0
8
736
1058
319
1181
0
5
246
0
0
0
111
1168
201
46
5
158
0
0
61
101
0
0
0
0
1
0
0
0
2
0
2
0
7310
0
106
56
5
38
15
791
783
1176
0
0
0
267
0
30
75
0
0
0
80
307
9
0
1
51
0
801
153
5
2
24
0
1
299
21
0
15
0
37
11
0
20
1580
123
13
220
28
58
274
1206
4
36
0
0
24
5
511
66
585
1472
2
0
36
50
377
4
16
0
108
142
78
179
22
412
0
0
80
2
1562
4
0
0
0
14
0
14
1
76
74
0
69
2
235
186
57
418
0
25
13
113
86
2867
447
0
0
340
6
70
0
1922
0
0
2301
0
0
3
3
0
3
8
0
694
0
1
368
0
0
0
8
1
0
26
0
0
323
0
110
143
12
0
0
797
36
2011
7
97
0
280
585
8
0
187
117
3
36
0
0
123
1
104
0
0
292
3680
14
56
140
720
0
6
4275
0
0
1300
797
0
396
55
2788
4
0
0
286
21
280
7
0
901
0
46
0
0
0
4868
1601
10
2
223
3
650
2714
47
0
2077
0
2
1
0
98
0
0
764
0
0
46
332
406
0
634
19
601
6
29
12
0
54
0
1330
313
232
0
0
19
0
1283
0
0
1065
513
0
0
20
6
382
0
649
152
121
318
0
0
1543
398
157
118
0
0
200
811
382
0
0
262
83
0
0
2
0
218
0
8
7
1365
452
0
0
0
0
3
365
75
0
241
12
0
52
285
3
65
612
0
0
43
55
80
3
99
0
295
46
50
0
179
0
0
0
26
489
0
834
210
0
7
233
202
169
79
22
46
0
199
2
35
35
0
6
0
0
0
0
0
0
2037
867
29
0
0
0
0
2045
176
42
69
37
4
1205
0
0
3
0
238
358
221
19
2
181
376
168
0
81
51
0
9
0
2
0
1
57
703
116
0
10
175
16
79
6
0
5
9
101
3007
0
0
1
16
65
1
61
3
15
31
22
1
528
3131
1089
0
168
0
18
0
6
3
0
0
672
41
598
182
471
3
353
0
612
3
708
0
3
117
40
57
576
659
926
439
0
954
0
24
0
31
576
39
564
79
199
22
107
0
0
32
25
80
148
90
0
257
72
0
1569
105
65
808
83
542
262
2502
47
589
61
0
0
1
0
9
26
1350
0
31
362
0
424
0
0
98
299
740
0
0
0
0
20
0
45
49
2178
0
12
393
1120
0
1141
99
0
722
1854
94
76
420
54
0
648
0
2993
62
76
168
235
0
0
0
0
13
0
0
2
17
0
0
0
68
0
37
0
1
17
131
0
8
1
14
0
44
0
0
635
5
0
0
616
55
0
2
239
811
0
193
0
599
148
48
102
881
243
12
51
0
0
0
75
369
20
17
2
0
4
0
0
8
0
0
157
332
35
0
4372
0
0
0
56
11
285
0
0
185
0
261
155
44
3
0
0
1177
72
0
20
0
0
267
569
0
0
107
0
421
0
360
2
1793
1151
6
0
30
350
0
37
83
0
166
330
10
406
61
0
0
7
0
89
75
394
0
32
0
10
214
0
3642
4
0
0
66
0
0
16
0
285
659
16
1707
113
2751
34
57
271
575
1084
23
4
26
4
39
143
0
488
4
0
0
0
34
2
22
6
0
0
6
0
0
4
277
134
0
1
0
35
19
72
5
302
5
2
0
171
10
1712
9
167
27
361
0
89
361
1
96
46
374
0
475
213
572
0
259
265
2
0
0
8
187
18
202
49
49
2
132
311
0
1163
1032
233
0
0
331
22
0
523
0
80
0
73
0
0
0
0
62
12
7
0
1002
311
8
3
438
24
0
221
221
0
0
0
92
0
31
29
0
3711
215
0
45
117
29
0
0
60
29
453
311
25
7
93
29
88
0
0
78
0
2
0
53
0
0
0
46
39
0
34
0
56
1
315
280
2
0
20
3
1477
84
0
0
263
1
0
1
70
1813
169
0
0
490
9
0
0
0
487
842
34
0
311
0
4
32
88
52
57
0
749
304
247
0
0
18
12
2
18
88
146
53
0
2
37
7
0
3100
0
0
57
27
1394
26
14
0
1
4736
2047
251
148
0
27
0
0
75
0
3
125
222
462
1111
6
1109
11
437
0
0
1
4
59
0
0
0
0
0
89
0
100
2
380
13
10
0
118
0
320
26
135
0
0
0
1161
280
0
0
0
0
2
24
36
5
194
0
259
5
265
224
1
0
0
0
0
4
70
0
294
813
0
0
0
2047
12
0
9
13
122
0
64
2
17
104
0
15
352
10
0
20
2
38
1070
0
37
318
2
6
0
94
0
0
2
60
0
0
208
0
9
0
0
275
7
37
5
0
0
14
0
857
0
0
0
0
700
0
242
24
0
93
150
0
0
359
0
27
15
0
500
0
0
228
0
0
25
17
0
8
0
2739
7
3
0
0
34
0
297
38
3
7
141
14
51
122
55
0
5
0
0
696
277
0
0
0
3
126
85
73
35
0
52
343
1690
0
0
0
276
47
1
527
739
0
0
250
36
0
0
6
1251
28
19
141
17
3
46
0
4
5
0
0
3
43
18
5
0
665
627
612
50
0
174
4
2473
0
14
0
8
255
46
1318
40
0
3
40
291
0
0
503
4
29
1
18
65
264
4
76
4
0
93
621
0
0
741
13
717
0
1
0
0
155
8
419
0
22
8
2
0
0
1427
739
0
95
278
12
167
781
628
106
132
48
0
2
0
0
351
0
90
142
248
7
350
181
169
0
0
0
0
3
38
35
30
0
0
252
0
115
212
0
972
0
0
253
333
8
1065
1562
12
11
42
125
0
1091
0
0
0
709
0
0
61
0
0
1931
0
40
49
0
1377
0
0
0
700
85
294
301
308
5
564
296
0
347
21
6
200
172
17
191
0
0
22
0
14
1383
15
8
8
0
1
0
1
297
20
0
15
86
114
25
1024
116
0
0
0
1179
161
85
10
5357
0
0
140
0
17
3
120
0
61
0
3
9
0
0
335
17
166
272
38
0
0
19
10
0
183
396
0
923
0
2
0
12
24
0
7
21
1276
0
46
72
49
2
15
0
106
5
97
45
2
2
295
3
116
308
0
0
199
666
17
0
3350
45
20
7
94
0
635
0
1
5
0
2374
0
0
0
0
267
0
15
9
0
0
15
0
326
90
0
472
86
14
0
20
81
0
200
1
1
193
0
0
0
395
0
53
59
0
467
166
202
315
24
16
344
0
4
1468
5
14
0
1
0
398
31
0
165
0
96
65
18
302
0
24
132
104
178
0
737
3
0
407
0
3
0
694
92
0
135
98
0
0
8
1058
2
229
0
0
11
0
20
0
0
69
0
88
191
0
31
0
0
59
36
840
165
0
0
0
123
27
132
0
173
81
0
0
58
0
0
0
3
29
0
14
87
0
0
0
0
1092
3
0
44
7
0
0
0
207
201
2465
0
0
88
31
23
71
499
113
0
34
126
106
6
4
30
0
21
71
316
0
0
26
0
0
0
17
13
0
0
0
23
0
0
0
20
15
178
124
0
115
144
48
0
0
214
16
2
175
0
3
335
0
0
142
1
1734
0
151
15
16
14
0
0
0
18
0
6
0
0
0
8338
15
178
0
0
0
48
185
90
2937
4
0
54
8
0
276
149
0
3971
6
110
19
1
94
4
0
211
0
0
1
0
6
213
14
2172
0
0
1705
20
0
2432
0
0
186
247
13
0
0
985
0
442
934
4
12
1
943
172
98
0
63
45
0
0
5
0
225
6833
498
0
1378
0
124
202
0
0
82
2
99
232
29
0
254
95
212
31
31
1233
200
0
0
358
582
0
54
0
0
0
81
64
103
42
82
7
27
0
9
16
0
0
0
0
119
0
920
0
147
0
43
0
67
3322
0
153
2
36
29
0
13
62
7
11
76
301
0
0
0
4
0
188
0
0
4
0
33
50
3
37
1259
0
0
0
1
0
1
328
0
0
0
25
0
266
0
0
0
14
0
44
110
0
0
0
170
196
0
0
1
0
12
0
4
95
172
1
93
13
621
85
0
31
3
0
503
0
0
34
0
4
0
76
0
32
0
0
0
80
78
110
22
15
0
0
50
0
206
0
91
49
168
919
8
0
0
3
15
2
0
0
0
3
86
55
0
0
0
315
0
61
3
61
222
7
24
53
9
0
32
52
0
0
0
3
1
3
29
5
120
0
2
819
166
97
52
81
0
526
132
4
208
44
442
201
68
0
0
8
9
0
3
2354
6
0
281
0
1
0
210
66
0
0
88
0
1
0
56
0
1
3
173
0
0
2
1
0
3
283
0
717
27
0
35
445
0
14
14
64
0
22
4
3
0
3
110
135
11
0
518
5
0
0
0
0
0
0
0
226
5
0
0
0
4
24
356
0
0
0
32
0
0
43
1132
32
0
2
0
0
0
0
11
19
38
0
15
79
26
0
0
172
81
4
0
0
0
0
0
37
0
5
0
105
0
0
0
1074
0
169
41
2
67
0
2
0
0
165
217
0
0
0
0
19
199
0
35
8
16
412
21
228
4
5
29
445
1498
0
0
3
11
255
2
29
0
2900
0
0
0
3
83
0
42
4
2
332
0
123
33
7
0
15
0
757
3
39
1034
59
0
0
74
0
19
95
136
0
0
17
0
600
24
0
0
11
0
19
0
0
5
29
312
0
0
61
2
0
83
0
3
178
0
0
0
231
3501
0
0
1
0
63
0
16
0
82
190
14
658
2
1
0
3
509
125
16
62
63
2167
494
0
0
4
6
32
206
0
0
31
0
261
4
795
2
38
0
0
0
886
110
0
79
272
11
0
1331
52
79
0
328
8
31
0
0
26
24
8
0
1157
16
0
0
30
0
18
114
43
0
0
0
242
292
23
0
0
41
0
201
0
13
1
12
121
0
3
0
0
22
0
0
0
930
0
59
0
22
4
0
0
0
10
88
202
0
0
0
44
0
164
150
0
477
319
19
0
16
0
6
2
17
39
2
0
0
2179
16
0
537
0
0
221
0
5
16
264
31
0
235
22
310
0
25
1
12
87
214
0
0
0
0
0
52
0
13
0
6
27
137
8
0
0
0
0
23
385
112
8
0
0
188
107
7
83
103
376
105
0
41
27
81
0
1
227
25
1054
0
221
14
0
0
0
0
9
1
8
3
151
5
0
0
0
70
290
0
449
0
150
1052
120
0
5
1
0
1
246
0
0
0
160
0
51
0
92
2
91
0
0
0
379
35
169
0
0
3
297
2
53
0
11
53
117
0
52
0
942
0
19
12
0
4
73
2
87
623
4
0
0
231
26
21
110
7
0
3
8
0
0
26
67
1479
490
13
0
91
70
65
816
0
13
0
0
1
1541
0
83
0
306
0
98
149
0
2
0
108
463
146
49
18
17
0
32
4077
0
195
7
1
18
12
22
66
2
0
0
1355
10
0
236
88
0
1810
0
11
63
0
86
39
599
41
0
267
0
3
0
0
946
23
77
3
134
2
12
0
0
0
4
73
111
5
43
134
9
0
118
1281
0
0
241
0
0
0
1
0
0
164
0
517
5
3
0
0
81
9
6
16
160
13
689
305
69
470
0
147
0
369
0
0
460
61
0
0
1
404
0
26
15
177
0
39
0
12
3
277
0
3
13
0
0
104
0
0
0
157
172
0
238
53
0
42
0
0
84
0
87
108
256
0
6
78
719
0
20
0
0
348
68
0
0
945
117
25
3
0
0
11
0
5
488
0
8
0
105
0
20
0
8
0
0
262
0
9
6
778
2
0
20
0
5
4617
11
85
0
0
1
0
56
344
41
0
566
8
210
2
0
202
0
0
113
30
117
0
1
61
989
514
62
0
1456
0
180
132
0
27
0
17
14
459
37
35
145
0
0
5
232
0
0
102
0
0
0
35
33
14
0
591
5
238
0
683
121
45
260
1185
141
0
0
13
0
2
1475
21
195
78
0
0
4
23
28
0
3
67
133
244
458
0
68
1
0
116
54
27
4
0
597
13
588
0
15
0
45
0
85
96
192
0
95
54
3
27
9
0
0
0
41
176
93
6
18
0
54
44
0
0
2
528
0
33
40
0
0
387
0
1054
923
7
0
2079
3
0
186
11
34
196
0
119
0
16
129
0
0
178
0
77
26
0
8
32
4
704
20
3
3
65
271
0
0
0
3
10
213
220
18
0
84
231
390
12
33
570
177
3
0
0
247
196
0
0
124
48
360
0
2
0
47
0
1496
458
0
1
15
0
269
0
1
0
0
0
112
6
0
1
0
0
0
40
1017
0
0
4
0
18
0
190
0
0
105
0
18
0
227
3
0
0
67
0
662
436
87
401
93
0
179
2
0
50
0
63
2
0
103
0
0
2
0
3
0
1886
0
0
0
16
1757
0
425
0
47
0
0
106
42
204
84
105
0
248
14
7
0
17
229
242
23
21
0
53
10
2
0
0
559
216
109
35
2042
523
9
15
0
0
0
382
66
0
160
841
281
88
20
2
56
728
13
46
1
452
0
255
0
387
86
88
0
7
0
17
1393
7
106
53
328
63
395
63
60
0
27
0
5
0
0
27
146
186
0
1
230
0
2
0
327
0
18
156
1837
73
0
573
0
0
6
0
168
0
2
0
4
200
7
0
0
26
89
40
41
0
0
0
135
0
94
7
9
1
13
13
3
0
0
170
0
15
0
3980
50
5
0
0
68
131
456
134
817
2
0
1145
0
3
690
0
0
0
3
986
182
0
14
1406
99
0
0
0
0
0
20
1960
8
0
58
6
0
955
0
0
0
1644
120
266
0
220
2
723
0
35
22
0
0
0
17
1
12
0
4
153
35
0
1715
0
0
0
20
0
0
855
11
0
0
2
79
0
3
92
302
0
125
17
13
29
220
1147
59
0
0
2934
100
0
847
3024
0
426
826
31
0
1
0
0
26
251
0
0
0
0
0
6
0
0
0
13
34
26
0
0
86
0
991
53
0
95
0
76
38
0
0
624
3
0
36
1
5
5
0
42
478
366
0
20
109
127
36
9897
228
31
102
1157
589
0
10
14
0
94
0
0
63
0
900
1363
0
1
0
64
152
109
228
256
8
0
0
0
1386
148
0
6
81
0
0
15
722
17
123
17
2
2
332
0
22
790
80
0
44
0
0
39
283
0
9
191
627
0
7
922
338
2
0
2416
0
0
131
0
10
0
0
12
0
1
2
334
93
161
0
655
217
0
0
43
221
141
3
60
0
0
91
0
1232
104
549
17
4
7
0
3
29
0
0
0
333
1017
639
873
0
39
11
0
236
0
44
0
7
56
485
113
0
4
553
20
369
0
0
79
0
1
0
2
0
490
82
45
2
0
1512
4
1
0
63
2
92
385
0
2
52
4
2
178
0
65
0
0
0
6
0
93
137
0
240
0
0
0
9
0
238
8
574
0
83
778
12
0
0
55
0
30
460
37
0
0
0
0
173
7
69
70
0
7
5114
110
0
10
0
0
1282
0
0
4
364
0
34
11
97
2
0
0
522
0
0
11
4
0
188
0
10
0
437
80
0
1001
69
0
926
0
25
5
0
662
0
0
2567
31
0
0
0
152
239
0
30
27
0
886
0
155
20
7
0
11
0
8
8
0
4
242
6
0
37
0
27
0
3
246
5
0
1
0
7
1
0
0
0
0
0
0
0
2
0
143
10
66
122
1
0
122
0
92
0
0
0
9
0
15
0
0
266
2
79
71
4
6
19
0
259
0
3
303
0
339
0
649
941
0
4
22
0
1
112
1
103
1
0
5
179
5
611
0
0
43
36
350
52
721
267
0
46
0
445
255
0
0
176
18
45
11
472
6
0
87
11
664
91
503
0
2988
87
434
0
0
419
0
199
159
13
0
0
0
70
50
74
0
0
0
176
0
0
8
465
0
0
0
0
403
334
278
211
115
2
5
0
56
0
2
0
25
1
46
385
0
308
0
0
0
666
11
23
0
410
0
224
0
20
13
290
0
8
0
27
1
30
25
119
0
218
0
86
0
0
0
0
72
0
126
0
144
0
32
0
0
0
0
1
0
0
0
540
74
52
4
0
184
35
0
13
21
0
0
94
84
487
807
1
51
13
557
0
157
0
19
1041
60
15
181
11
340
72
0
221
1478
11
1358
2
247
11
0
13
0
16
11
0
1
8807
0
489
0
76
0
163
3
165
248
219
0
74
677
0
558
0
0
0
142
0
0
5
31
0
0
108
0
39
0
1434
1
0
11
0
29
107
0
0
664
30
68
0
72
31
0
1012
0
0
157
251
0
404
0
0
0
0
62
1375
809
0
0
0
0
87
2
4
0
753
504
55
7
43
0
16
19
0
195
0
208
348
0
0
0
85
547
0
0
0
0
55
0
43
0
0
0
0
1
6
70
0
0
12
38
14
0
0
0
0
0
4
190
0
0
1
0
42
99
129
1920
93
25
482
0
0
0
9
0
0
3
2
50
0
110
0
0
3
4
7
0
0
0
10
1
246
0
2
0
8
22
2
22
13
673
515
182
8
8
86
0
5
3
0
61
8
13
0
0
11
0
0
79
0
0
1424
0
0
0
0
0
51
0
1088
58
18
717
0
0
135
0
744
8
0
0
0
0
62
79
0
246
198
335
477
0
0
0
0
0
17
246
0
317
426
1
51
0
56
1643
0
37
19
43
20
153
419
54
138
4409
1059
0
0
0
74
0
0
16
210
2363
13
0
5
1503
0
0
0
4
13
108
303
336
1155
287
0
0
34
0
819
0
0
106
750
0
0
0
128
890
0
388
279
0
694
3
0
3
417
114
173
167
3
543
145
176
0
132
451
1041
0
0
13
0
22
0
0
261
25
6
12
64
772
0
11
360
119
30
0
0
292
6
40
0
0
0
31
437
2
0
7
0
3
0
1
0
86
91
392
175
256
0
73
1
0
116
479
153
58
12
219
22
7
0
81
513
0
1277
20
0
148
0
0
155
0
4
0
0
0
0
83
3
0
1
46
0
0
864
0
2486
0
0
0
0
48
0
2
0
769
2
1
0
5
0
0
458
0
0
0
0
101
14
0
12
122
0
0
365
0
48
0
168
8
0
0
54
221
81
240
474
0
0
252
0
0
4
482
16
0
336
0
130
0
0
0
0
314
225
301
1377
0
0
5
41
194
9
45
0
18
47
0
46
0
82
0
606
0
0
139
2
0
65
0
157
328
1
203
7
0
592
0
531
22
4
441
2
1210
1041
0
0
42
0
0
0
0
748
0
173
3388
222
31
25
151
8
23
0
30
24
0
0
5
122
169
66
69
0
328
708
8
32
2
3986
2
0
0
318
0
222
168
504
11
42
0
144
350
0
0
861
25
31
0
5
2280
15
0
1102
9
355
155
0
208
0
57
280
877
21
3
15
600
0
0
5
0
0
0
464
0
1413
5
0
307
0
0
64
1
120
33
143
537
0
0
50
96
6
2
0
30
3
144
26
0
0
81
0
12
38
0
493
1123
0
250
3
50
0
24
0
31
1
58
0
0
0
0
115
0
1032
0
10
0
460
0
1
0
0
178
0
1069
0
43
95
112
0
0
1
31
0
0
0
0
114
0
69
0
22
159
0
11
58
43
0
20
4
0
95
11
21
115
0
910
142
202
0
0
300
61
71
147
3
1507
100
0
0
84
23
0
372
53
119
10
0
0
3
839
253
94
13
2383
23
0
92
58
14
0
83
29
731
351
139
1653
861
0
80
45
0
734
87
0
0
0
131
236
0
7
398
328
0
341
0
759
0
0
26
0
0
406
69
2448
0
130
0
48
11
97
0
0
20
778
113
8
74
183
61
8
0
0
45
6
0
61
0
95
1197
0
146
0
69
0
1009
827
145
22
205
0
170
2
109
0
6
10
5
0
2
54
93
6
989
35
0
0
225
77
49
0
0
0
89
628
0
97
0
50
0
1596
55
31
5
0
0
0
48
33
0
111
74
213
3
5
0
4137
0
27
418
0
313
3
65
2
10
0
118
0
123
0
122
72
882
94
0
0
0
971
0
8
1293
0
24
4
0
0
6
15
0
14
31
19
2
2
29
18
81
0
0
70
0
0
101
35
274
675
13
3
0
29
14
1
1053
228
5
68
247
16
0
30
53
0
1
28
613
21
586
0
76
693
65
0
9
367
289
713
0
22
0
148
267
0
127
171
387
34
1
48
0
25
0
0
13
4
6
12
490
163
261
3
419
5
207
0
400
285
0
13
2
56
293
470
486
0
0
51
548
268
0
0
375
47
1
0
0
0
873
0
0
64
3482
0
0
0
14
34
0
1033
3
2
0
31
68
61
0
150
332
2
2
557
0
1
0
191
0
1
2
3
31
0
6
60
2
2
100
0
33
333
0
59
3
23
0
0
347
2
9
645
368
0
0
4
29
76
0
20
907
0
263
100
52
487
2
341
42
0
5730
51
40
0
1
0
0
114
1
3
151
63
0
54
0
0
4
112
16
6
40
97
652
735
4188
235
21
2511
0
4
0
515
56
0
4
493
0
46
188
11
111
60
0
2
99
53
0
0
0
389
0
18
268
3305
5
0
0
0
0
2
28
50
0
7
735
262
0
0
6
0
28
8
66
0
0
735
326
0
0
910
259
0
0
30
0
0
145
4
0
93
0
49
0
252
368
450
4
0
0
0
21
81
0
0
322
3
223
0
0
0
0
0
0
0
6
0
82
16
858
246
4
0
1616
27
0
0
18
0
5
0
5
444
36
0
0
32
0
13
2038
488
0
246
405
0
396
0
170
18
247
48
177
0
128
12
0
0
0
152
2
0
40
191
0
6
0
121
731
3
13
0
0
18
0
0
0
3
0
101
0
0
82
229
0
0
0
0
37
0
4173
255
0
235
113
62
0
0
40
92
9
0
0
745
43
3
0
28
1
0
0
1
184
22
2
80
0
10
35
0
1
0
0
96
77
69
0
0
0
3
457
0
0
433
151
1
8
0
70
43
0
0
123
3
58
26
0
10
0
4
372
0
0
0
0
8
1340
3
0
2
0
0
0
61
403
9
304
61
14
25
89
0
0
380
302
0
71
0
191
710
27
729
0
35
38
0
0
0
89
0
500
0
0
1578
0
0
4
0
264
158
1
0
0
0
18
0
36
0
284
234
95
23
455
12
409
3
0
2743
0
12
0
0
0
86
80
826
0
0
140
0
27
0
23
0
0
0
4
0
0
0
5
31
2
129
0
168
79
362
0
87
58
0
75
0
0
548
0
0
278
0
0
0
0
47
0
0
6
0
0
149
0
50
3
170
20
105
0
51
10
0
28
0
8
0
189
925
0
0
0
41
12
0
11
18
0
126
125
0
113
0
23
130
0
706
0
80
0
89
0
0
0
214
10
0
0
0
1
18
0
0
0
23
27
0
0
92
0
45
0
94
0
0
3
0
0
17
470
0
347
161
2
0
0
0
2333
69
31
68
1
7
292
1749
9
0
0
0
8
70
18
24
7311
1
35
0
861
0
2409
70
1138
439
2
53
35
27
178
0
6
55
77
70
638
144
0
7
0
2
2416
0
2
1
84
0
0
2
0
2
0
0
4
18
2
0
0
0
4
10
82
102
0
295
387
1826
172
21
0
232
8
0
47
2
0
0
1
0
0
67
0
23
0
40
0
44
0
0
70
125
0
0
4
0
0
3
0
29
92
129
578
2
279
213
57
0
111
0
0
0
21
0
338
55
27
0
0
0
13
53
0
17
33
465
0
57
0
110
230
0
82
85
56
176
0
0
2
0
0
0
0
0
47
0
0
7
117
43
0
0
16
0
0
766
0
0
220
51
0
46
0
95
506
5
42
310
932
573
2
70
0
0
0
34
7
118
719
0
0
49
705
0
0
0
0
0
36
0
0
1691
5
13
21
370
1
3
4
30
330
0
5
618
212
395
157
10
94
0
1
3
9
90
69
4
2
53
4659
907
3
0
120
31
65
3
0
1101
0
21
0
3156
0
7
104
387
138
7
1272
0
65
700
0
0
0
22
0
0
63
17
0
0
39
0
0
1
0
117
176
358
137
5
0
0
0
0
73
2107
32
0
0
27
58
0
43
181
11
0
4
0
0
2
0
29
0
955
0
0
11
0
58
2
0
598
0
0
0
0
0
3
0
1
0
0
72
315
46
163
4
182
0
113
63
10
82
0
134
610
0
0
0
12
980
13
20
10
259
134
1438
0
0
0
0
0
26
218
4
0
9
0
258
6
443
0
26
2
39
81
0
0
141
8
11
30
0
12
8
50
465
0
1179
24
1140
29
0
157
3
120
3
0
31
0
0
475
59
5
259
44
2
2249
3
7
2
542
0
1
21
112
0
49
88
0
0
1536
0
219
2
32
21
4
20
148
180
236
0
226
0
466
235
239
3
0
47
16
270
0
0
0
1631
2
128
0
6
11
757
0
100
0
339
0
599
0
377
2
47
72
19
0
4326
0
5
3
3912
16
0
1
0
0
0
0
2
191
32
0
0
99
5
52
167
0
116
940
129
0
113
204
32
0
9
0
93
3243
10
2
1410
0
4
31
0
0
1
13
738
0
0
20
0
2
21
29
0
102
0
0
11
153
740
98
0
722
540
0
346
57
0
60
730
196
0
0
148
26
868
50
0
234
6
627
135
1
19
29
0
5803
42
16
52
2
15
0
0
58
8
219
0
0
285
0
49
0
0
107
324
0
14
357
36
0
0
0
0
0
340
280
0
1778
0
23
6
0
0
117
35
5
195
0
240
52
698
324
0
0
0
2
154
316
40
117
0
176
0
0
26
47
221
0
0
39
0
0
66
7
0
0
9
0
0
153
0
0
0
0
12
29
157
0
9
5
2
137
0
326
0
286
53
14
234
1
0
363
9
0
0
1
0
2964
0
10
0
0
26
393
0
112
0
0
8
15
7
0
23
0
2
0
0
27
0
29
0
60
0
0
13
63
0
12
462
0
2887
114
0
0
0
633
0
154
303
0
0
0
33
1
0
0
0
0
43
0
1
0
0
0
0
156
1
13
14
0
960
0
145
0
536
307
0
1
0
256
4869
389
0
0
52
32
39
3
19
19
0
5
35
0
64
0
205
107
238
0
66
26
0
3
1
454
0
2
8
0
7
0
0
5
24
74
45
35
25
35
248
0
118
0
154
1
109
0
0
0
245
0
0
734
5
0
0
46
273
123
1
0
0
1208
27
6
7
354
59
0
345
60
129
14
4
494
107
0
0
3
69
4
176
51
0
6
6
167
22
3
2
63
4
0
0
0
210
139
770
0
69
1
46
4
1
0
2680
0
234
4517
235
0
0
152
1037
0
18
19
1
39
0
251
2874
18
642
0
1280
117
2
204
11
460
129
28
23
8
0
12
36
5
67
0
0
4
4
167
83
87
7
317
159
419
13
0
58
11
53
31
426
4
0
42
290
8
0
0
41
844
0
0
16
0
0
79
0
0
5
0
0
0
0
0
0
0
84
0
0
3
0
0
0
9
87
6
662
0
98
0
0
8
6
104
0
3
1003
7
0
0
0
18
67
1
0
880
0
21
334
0
338
35
0
41
5
5
16
0
81
24
0
0
345
214
4
437
328
512
0
8
0
0
0
22
0
0
0
0
0
0
12
0
865
260
0
1791
0
2
11
0
0
44
66
10
54
424
0
0
5
23
46
3
45
15
3
0
0
0
12
0
127
860
604
188
0
34
1945
768
30
0
0
200
17
0
238
157
0
100
10
3
103
0
795
9
4
0
0
0
293
493
100
99
0
3
3
1
81
71
5
4
0
17
224
6
3
0
0
0
0
0
19
0
0
11
72
4
8
0
0
2
11
3
0
122
0
0
0
204
6
15
43
0
0
310
198
9
83
115
20
4
0
0
3
4
15
0
730
1
1
39
11
1
69
0
13
0
17
0
0
10
15
7
0
323
0
19
33
0
8
160
0
0
0
0
3
0
22
88
0
0
11
7
48
10
0
2
0
151
14
2
218
6
0
307
0
2722
159
128
0
3
109
6
190
0
0
2
328
4
300
15
16
6
0
0
0
167
0
0
0
0
10
2
78
2
69
0
2
0
64
52
0
0
35
32
30
10
0
203
79
50
53
197
3
4
0
0
1
1
243
5
101
311
0
4
137
86
0
339
5
70
76
0
0
0
215
2
4
9
35
0
2918
0
163
2
0
0
0
1
0
0
112
0
122
14
48
4
30
0
0
0
52
502
38
0
0
7
5
74
0
68
1488
4
199
74
37
2
0
0
5
0
37
0
17
56
0
88
106
4
34
4
0
0
1
0
123
306
3
0
64
170
3
5
3
878
138
73
0
0
20
0
0
3858
32
250
18
13
0
0
15
105
31
15
0
0
0
0
0
319
11745
0
0
0
23
61
225
0
1
0
2
2
0
4
1
9
87
12
22
14
0
4
436
15
4
33
1
88
87
12
7
1
1
89
105
0
1
20
3
636
0
74
1179
6692
26
323
44
1
222
20
355
0
15
43
0
65
301
92
154
52
0
1
3367
52
0
43
14
6
1
0
2
4
33
0
98
52
0
0
4
5313
0
0
178
243
0
67
0
1169
7
0
0
47
0
12
0
13
246
0
0
0
26
0
4664
0
0
566
0
108
175
0
1487
345
3
5
8
0
2
89
0
150
11
71
94
15
437
0
0
25
0
0
34
0
75
265
0
23
524
1
21
0
108
0
0
11
91
0
41
0
0
3
2
75
0
0
5
0
0
413
112
0
65
0
534
743
296
0
0
2
47
49
1
12
20
2
54
6
0
8
0
2
23
0
1
123
0
4
0
54
54
0
129
87
46
1
5
0
0
19
14
13
0
7
0
61
5
0
0
5
160
0
0
32
0
33
16
373
0
4
0
0
473
83
94
61
0
650
25
24
355
47
0
0
9
11
143
25
55
21
11
3339
1376
0
0
97
40
28
81
0
8
0
0
0
0
71
0
0
0
0
1
0
0
223
17
218
21
44
187
3
0
0
268
0
0
17
0
77
20
23
0
41
0
0
0
267
154
0
284
0
137
0
313
114
1
0
0
0
0
0
59
0
0
38
0
0
4
0
0
0
0
0
0
0
27
33
0
465
195
66
0
0
120
0
20
3
0
103
181
33
0
234
0
247
0
361
127
0
96
0
93
5
4
74
35
13
9
260
887
0
421
29
0
0
0
811
181
4
77
0
25
2
0
0
20
1584
0
6
395
0
146
0
106
0
11
0
169
0
1240
3
0
0
46
0
690
399
0
310
0
0
18
53
8
1
2463
0
0
28
144
76
19
890
245
378
1277
1288
60
0
18
16
111
23
0
10
0
165
3
82
0
0
3
3
116
0
0
0
0
0
0
29
1552
218
0
131
10
0
71
1030
114
37
0
4
58
20
0
0
11
517
2
0
4
0
10
0
210
0
0
82
12
21
846
4
0
452
802
2
1143
21
63
3
144
0
408
52
0
13
135
7
162
0
35
0
0
0
174
7
0
215
230
0
1625
8
76
0
255
183
0
766
124
0
0
1150
0
40
2
114
0
0
11
20
10
488
254
44
626
12
339
29
2
713
440
0
0
0
19
74
1937
1
204
147
0
28
1
0
0
346
5
73
0
2
11
188
0
29
0
370
0
32
0
191
0
0
0
0
0
10
46
26
0
641
1148
0
79
487
0
374
2
0
0
0
7
63
30
127
2049
111
0
85
32
248
0
0
0
0
0
210
1129
26
0
19
372
85
0
97
0
55
4
14
147
0
36
5081
0
0
0
2
0
763
0
0
0
15
0
0
0
0
460
0
95
106
2
94
2
33
44
4633
15
36
0
0
125
1
0
531
0
0
367
4
17
0
6
0
0
331
136
0
0
0
243
30
0
1
28
11
495
0
0
0
0
0
0
0
187
0
0
0
1366
2824
0
5
5
0
140
5
473
24
253
18
0
50
423
0
652
340
0
107
0
1
4566
6
2
342
0
0
5
0
837
0
215
2525
0
0
0
0
0
0
66
0
133
4680
204
0
4
0
0
0
0
67
0
54
9
139
275
1213
1167
2
0
420
3
30
0
470
1127
8
32
0
2
55
0
20
0
1
1
134
30
0
132
18
1
0
11
124
0
0
0
20
0
0
13
608
0
105
43
0
15
78
0
14
0
0
1111
5
186
30
0
6
0
0
0
1377
163
538
82
0
10
1764
941
0
0
1195
0
0
0
45
0
1
0
96
215
84
121
0
292
12
0
30
23
592
74
57
58
0
0
0
2
74
0
181
48
0
15
0
0
0
0
0
2322
0
46
238
50
55
0
0
373
295
42
0
0
0
0
0
130
180
0
0
19
0
9
19
0
520
171
0
0
123
986
148
24
62
0
0
44
0
9
3
3
109
0
0
26
10
0
436
0
85
90
90
234
0
0
16
155
217
33
0
0
16
0
870
608
3821
0
1
9
108
71
32
0
0
1352
0
0
0
0
1
0
0
0
6
28
3
9
0
79
0
37
20
0
91
0
404
1024
0
0
0
0
6
0
3
0
227
552
104
9
11
0
150
0
49
779
105
483
0
22
6
0
2
5
5
0
0
5
22
1
49
0
15
236
2
64
183
0
0
0
0
7
4
0
13
178
4
4
9
0
0
0
0
0
38
27
122
666
3
2
333
1595
0
15
19
0
814
3
30
29
117
0
217
0
28
0
265
28
0
0
10
0
1
46
201
7
200
157
743
0
0
26
173
66
0
39
1201
0
273
0
414
1059
96
0
36
27
0
4
1525
419
5
0
239
6
141
0
0
11
0
0
0
920
32
237
1132
52
79
348
0
87
75
350
0
0
151
0
23
0
3
4266
0
48
17
0
115
64
2
0
3
110
0
347
0
40
0
278
271
219
0
86
0
5
0
0
8
0
757
44
0
0
0
0
0
64
3
225
0
0
0
7
2
0
7
14
0
36
0
177
125
7
194
26
75
89
0
216
62
0
376
70
237
3
1513
0
248
0
38
84
0
0
282
1
791
151
145
71
37
0
0
0
0
0
73
0
0
14
69
0
1083
170
0
0
547
0
0
0
9
0
3
0
3
0
3
7
0
25
1
259
31
238
0
0
2
3
237
2
12
0
169
0
298
37
1
0
348
0
0
22
0
0
0
43
3
91
0
294
1079
0
683
0
55
1
4
0
122
1628
131
139
145
136
128
22
136
0
138
0
469
0
479
42
0
166
0
530
212
0
197
0
128
0
0
1076
296
109
0
78
13
0
363
165
0
0
0
0
0
219
0
154
0
180
156
0
0
890
395
0
0
532
0
46
0
90
0
0
207
129
92
3368
654
154
147
0
0
7
0
25
4
214
0
56
111
172
523
0
19
217
119
0
29
56
0
0
233
121
1
62
244
0
1
3
0
6
28
0
0
46
310
91
0
835
2156
733
44
500
2043
0
177
11
49
863
44
59
152
56
0
238
0
0
63
191
0
1
1
218
129
0
9
0
878
9
4482
198
75
145
125
0
0
908
456
175
20
6
1
57
123
0
184
14
0
110
369
6
137
105
0
0
0
81
735
450
168
0
0
1165
0
0
0
0
0
26
1538
0
2
0
0
27
28
0
0
282
5
0
0
609
10
0
28
90
55
898
175
0
0
0
0
37
36
0
4
0
0
1
0
67
0
0
160
3
0
8
123
0
57
0
11
0
2
173
0
22
0
176
0
550
157
0
122
0
4
108
18
1035
70
143
0
159
168
0
3
0
68
20
37
3
662
79
0
90
8
0
0
210
0
85
1529
0
0
0
0
0
0
30
7161
61
0
254
0
193
21
3
0
2
27
13
5
0
4
172
50
39
0
266
48
69
0
1168
0
3
3
61
48
2484
402
1
0
0
5
32
3147
0
0
9
2771
97
0
0
11
12
0
0
1
264
194
0
44
0
0
113
0
60
0
0
33
269
0
20
46
27
19
595
155
6
307
209
0
0
304
0
6
0
180
0
753
0
1
0
0
15
1
0
382
0
0
1074
38
0
0
140
0
0
0
0
0
27
0
61
0
0
100
1475
0
0
621
0
0
5664
52
414
189
26
2
5
3
0
246
0
229
217
0
79
13
0
63
2048
1488
1
0
16
4
0
13
0
101
0
0
0
0
1128
354
88
261
27
0
348
245
0
10
0
16
0
0
226
0
103
2
10
0
225
0
0
9
0
18
0
0
0
59
1
1
89
0
27
0
0
1301
25
0
53
2
0
13
135
0
0
38
1
0
0
0
5
0
348
204
315
28
6
124
16
0
0
0
8
0
17
133
19
23
0
36
304
89
0
435
22
6
402
158
0
362
71
3
8
0
5
0
0
40
95
3
42
0
39
0
21
0
22
3
0
0
2
195
0
54
670
466
32
3
0
0
0
55
15
0
793
911
45
0
0
9
19
14
0
1
1850
7
0
332
110
0
133
0
0
115
0
111
299
0
0
58
0
0
0
0
0
0
320
9
0
35
86
0
29
29
0
125
0
251
3
2
37
130
120
30
0
0
356
66
1469
40
424
1
562
0
530
16
0
75
0
36
24
1782
624
0
9
102
82
0
2
1542
0
0
236
20
18
0
26
0
0
0
158
5
0
20
204
441
0
0
82
190
253
10
56
0
0
0
10
0
0
0
11
168
13
7
0
5
19
0
0
0
0
750
3
0
45
122
498
20
36
40
98
0
54
110
65
16
9
113
264
85
2
123
0
79
564
48
299
0
0
16
1
9
333
41
0
9367
176
8
4688
255
1
0
54
266
0
437
0
0
7
112
0
0
0
0
305
0
0
0
15
0
175
7
0
0
360
0
0
223
18
77
0
53
0
0
12
0
6
0
267
3
0
72
0
25
30
0
77
0
26
185
0
0
2
277
2
522
108
114
446
98
33
0
7
0
0
76
0
0
11
21
150
0
6
654
0
0
265
4
641
6
246
0
173
510
15
0
0
0
118
1302
0
0
0
0
7
0
0
0
4
0
134
242
20
0
41
73
84
252
0
1374
303
0
39
222
305
0
46
35
169
1193
0
19
0
0
0
0
215
2
33
0
1
17
64
0
4
5
0
51
19
1
127
0
0
0
0
0
46
0
0
83
0
915
388
5
0
550
45
0
49
3
58
0
0
2
6
0
0
0
45
0
6
0
2047
378
0
0
692
0
25
153
1355
49
0
7
139
0
0
0
0
3
156
395
13
198
23
107
66
0
922
84
18
7
0
0
1
0
39
2020
8
56
1937
3
0
3
0
0
1912
121
0
0
9
1217
0
243
0
126
325
26
270
0
0
138
0
54
0
0
1
1794
0
4
136
30
0
71
0
123
4
0
97
0
52
0
28
804
1571
51
0
0
219
16
0
197
32
5
0
0
0
0
0
3
635
0
239
4
2
398
47
0
0
3
386
1
25
53
315
10
0
0
42
0
804
0
0
0
315
8
0
8
0
317
0
523
0
0
161
0
0
5
1
0
1210
0
0
0
1
51
0
56
0
0
0
0
23
8
0
8
0
0
2
457
445
0
22
3
0
183
0
2
3
14
205
155
786
16
43
103
0
0
63
12
171
153
5
4
193
38
80
81
670
16
1183
0
543
139
7
0
0
9
0
66
34
173
104
0
148
0
4159
0
0
0
30
26
67
67
0
0
0
5
0
206
165
0
13
0
0
0
592
781
77
58
1596
4
0
0
123
4
0
4
62
293
0
15
102
17
0
0
0
0
639
596
336
31
2476
1
3
83
256
57
0
0
102
942
57
4
0
0
1
2
13
748
0
724
0
2
28
704
6
117
0
0
21
12
160
0
4
25
0
4357
1
2
243
1
0
173
78
17
6
1
61
0
13
2
0
0
11
0
15
0
0
11
11
0
0
135
0
373
24
0
0
286
0
0
0
336
5
0
0
387
523
19
153
309
77
0
2
58
106
0
92
474
4
6
0
583
3
7
0
0
0
12
13
2686
58
66
76
382
16
0
0
3
0
0
777
0
87
0
184
0
1
161
0
126
0
70
22
0
0
0
0
0
0
0
0
2
15
3
21
0
4
0
38
63
0
10
18
0
0
0
2
0
0
39
0
28
474
0
4
0
664
0
0
4
0
0
30
0
12
51
113
2
1768
197
165
14
0
134
0
388
0
1
0
638
103
180
0
6
3
0
44
0
0
13
756
3
0
6
45
5
292
0
0
441
224
83
0
4
91
94
0
0
0
2062
75
0
0
20
0
0
3
0
0
566
0
79
1691
408
518
51
0
3
66
70
55
0
0
0
3129
217
603
404
4
0
152
174
214
35
40
0
0
19
232
405
0
0
177
951
0
301
1134
0
0
0
125
0
0
340
239
415
226
48
0
0
65
911
27
0
14
204
0
0
11
6
209
218
0
0
55
66
6
2
40
2
141
0
11
544
178
33
0
612
0
0
27
68
40
0
9
382
0
148
0
51
883
0
0
81
0
0
530
0
0
0
19
211
0
349
0
114
0
0
0
0
828
6
87
294
355
31
68
9
113
1
8
30
43
68
16
107
16
498
52
83
186
983
356
0
291
0
171
65
451
98
16
0
0
77
32
91
0
23
608
170
327
0
80
74
3
0
3
0
7
1067
0
130
432
35
463
0
30
4
0
1
22
84
13
130
0
807
0
0
0
0
88
232
0
0
0
136
0
4
4
958
71
36
38
0
0
0
0
145
13
412
559
0
0
0
58
0
9
1
300
1
0
163
3
0
49
0
19
0
118
177
1
38
252
0
694
0
27
50
563
0
543
0
53
0
0
59
13
4
49
82
382
281
0
0
0
4
0
47
0
739
0
217
3
2
559
48
169
1
0
106
0
64
235
209
26
22
169
1584
0
516
29
2
126
1006
28
6
0
6
25
0
54
488
0
0
0
14
5
0
40
8
5
53
1
24
1
0
18
0
0
0
111
9
0
381
0
0
38
939
0
0
0
40
711
0
223
29
16
0
36
0
1113
0
0
0
1
243
0
920
0
5
31
6
4319
3
0
117
145
0
0
7
1
197
248
122
107
2
0
0
41
44
2
4
0
5
0
1
122
4
0
0
45
0
7
0
4
26
0
0
107
11
22
1
0
4728
225
56
0
138
333
3
586
28
1596
0
0
915
1235
426
384
29
0
0
0
39
0
956
0
0
0
107
0
0
10
25
0
0
0
57
0
0
0
0
56
0
7
1525
0
0
0
0
0
7
355
13
0
225
145
36
0
0
1
0
246
1
1056
0
0
0
0
0
0
0
547
58
0
0
223
38
687
0
44
928
191
0
0
179
4
85
0
11
13
0
0
205
137
0
50
84
1989
37
0
213
0
0
40
24
0
8
5
0
0
1
4
2
212
109
0
0
0
111
211
660
0
0
0
74
0
0
0
2
0
66
0
0
43
19
318
12
11
0
0
498
49
0
0
1233
0
4
233
0
124
5
0
100
49
0
0
0
0
17
273
3
0
0
2
12
0
0
32
454
489
0
8
0
8
0
0
185
0
0
0
90
0
0
0
13
0
11
0
2
17
16
0
0
0
31
0
0
0
32
15
71
6
0
0
0
0
28
8
0
413
0
0
0
325
0
0
436
10
14
31
0
0
28
0
110
61
16
0
350
56
78
0
0
129
0
153
23
0
2
53
891
3
16
5
10
279
0
43
34
0
7
0
16
2
144
409
1035
0
0
0
12
0
0
0
11
29
0
88
0
28
0
0
0
0
0
0
7
1531
2
540
45
0
0
4
28
4
0
121
1
0
0
0
4
6
1004
681
11
116
14
9
222
3
3
0
152
0
12
17
5
13
0
0
0
32
2
0
2
23
0
112
23
0
9
59
86
0
62
4
0
0
0
0
11
0
0
0
0
102
0
191
6
99
85
0
0
0
0
0
20
1
0
0
26
23
0
1064
77
0
0
0
92
52
0
23
129
12
99
366
5
0
0
186
1
39
0
65
6
0
7
0
80
131
81
136
41
0
20
0
3
768
0
83
0
0
13
223
37
0
2334
406
5695
128
65
39
176
1021
1782
0
0
0
16
14
0
4
3
0
0
131
55
270
0
44
37
45
227
289
9
0
721
0
74
0
168
0
1131
4
1
124
0
0
647
354
14
104
39
2643
18
287
0
0
0
37
36
126
5
0
106
897
10
50
4283
0
106
0
6
0
0
2
0
0
10
7
7
156
0
6
85
13
39
0
0
0
53
86
5
0
0
0
0
12
0
13
771
60
9
0
0
70
1479
0
195
6
436
101
0
57
2
16
33
0
0
1985
0
0
65
0
115
87
0
0
0
10
13
34
68
0
0
361
25
170
0
80
53
0
49
0
8
0
0
0
0
167
7
236
3
52
0
0
164
0
3
0
52
0
254
0
0
0
1
0
0
0
43
0
921
3
84
4
0
25
0
0
7
98
0
18
0
0
0
2
1
3
272
13
0
142
0
88
0
9194
2
0
123
0
160
3
15
23
2
0
42
88
0
0
118
0
22
0
0
0
0
44
253
0
15
2
11
58
0
0
338
10
6
268
0
0
382
45
34
2
0
41
47
0
0
86
0
17
0
0
0
158
7
377
0
0
73
10
15
0
7
31
3
5
0
0
4
2
0
9
2
130
0
0
0
6
320
324
46
0
0
23
0
13
0
46
0
0
91
0
0
58
2
81
332
1002
0
472
0
555
80
0
534
184
255
0
0
0
1873
3150
4
140
17
0
50
5
272
0
0
61
19
0
0
0
11
0
0
0
0
0
193
0
232
0
0
82
0
307
14
0
0
0
0
26
2143
152
439
0
262
665
0
5
25
3
0
44
413
6
27
1610
376
241
2321
2
205
358
0
36
0
0
1
0
0
0
81
0
0
0
12
26
0
418
0
4
31
43
14
0
5
56
0
0
0
0
51
577
3
66
166
32
64
0
190
16
1274
0
0
0
12
141
0
4
409
40
4
0
0
97
157
0
0
155
361
0
1964
1526
0
217
184
0
430
0
1157
0
0
4
4
640
488
0
0
0
855
504
0
0
96
48
42
45
0
1
12
0
179
365
0
0
0
105
0
51
0
0
145
0
168
3
0
56
331
0
0
0
15
0
34
26
1
94
267
0
389
2
359
0
7693
66
1
368
6
0
54
46
159
100
14
0
143
3336
97
296
3069
0
0
41
0
383
5
13
641
82
0
0
549
239
0
0
0
3
0
158
8
102
856
22
10
0
83
608
6
375
71
1
25
165
274
0
3718
4261
0
0
780
703
185
0
2
0
14
0
214
4
0
94
128
0
2
9
0
1
15
45
0
6
2054
2743
0
1036
473
0
978
81
21
125
0
94
155
9
1386
9
1341
210
109
0
1099
0
0
246
21
1369
62
0
259
212
0
179
20
2218
26
636
29
106
0
24
372
104
1435
71
225
0
43
0
151
0
0
0
0
0
0
55
0
1
9
45
0
2
19
10
0
10
0
0
5
157
252
8
0
0
337
0
0
823
7
0
0
8
745
0
0
10
16
152
10
0
0
71
0
4
3
1331
22
131
0
0
2
0
0
0
128
7
3
0
18
0
20
59
78
0
39
6
648
19
175
12
0
8
0
8
5
43
0
57
126
0
63
125
0
5
29
0
237
0
69
51
153
3
9
0
87
0
0
3513
2
0
4
5
79
0
847
2811
281
234
67
2
413
12
9
198
87
852
0
184
0
0
290
26
0
21
108
240
0
34
0
2
3
0
0
46
3782
0
77
86
0
0
3
0
18
0
0
132
936
66
30
18
29
0
35
17
14
4
0
4383
185
133
202
0
197
0
33
252
0
26
0
0
0
0
0
33
102
46
119
729
77
210
26
0
23
253
780
0
1
11
13
2150
420
15
4
0
0
0
36
140
4513
123
10
593
0
41
12
849
114
0
5
0
131
304
0
13
0
0
14
16
74
0
2142
620
14
0
0
0
169
22
0
105
67
0
0
48
763
931
0
3890
58
347
0
490
7
23
0
2487
22
155
0
3
0
44
2
2
0
332
123
9
2
61
0
37
1804
160
0
0
0
0
2128
0
376
4
29
262
0
257
25
86
5349
10
345
30
274
0
36
134
0
0
0
996
414
0
0
1
226
0
0
0
226
39
0
3
0
0
15
9
0
8
8
0
0
879
0
889
20
0
1
0
61
0
0
27
0
0
6
5
102
0
0
47
174
97
0
251
31
0
0
134
0
86
0
0
0
84
0
10
0
0
270
0
0
294
27
0
22
0
54
317
0
289
0
21
0
0
678
0
0
0
698
32
0
29
20
50
0
114
1890
0
4
0
252
133
8
88
0
39
0
35
0
14
0
0
40
126
42
2
0
0
0
0
11
0
0
17
7
1
385
0
14
0
92
6
8
7
0
0
0
118
1
78
0
0
16
27
41
92
0
3
0
0
161
4
25
34
0
2
0
0
32
3
0
977
51
0
0
346
740
51
4
20
154
109
56
0
57
66
11
0
136
0
0
53
21
0
8
0
449
0
35
0
3
0
6
174
107
77
293
354
0
0
125
374
4
0
11
2
0
0
1483
178
0
433
8
314
0
0
63
13
1
0
0
0
0
5
0
0
0
0
802
39
21
0
0
65
8
2
31
0
322
0
25
72
11
5
8
151
16
284
0
225
23
164
1
8
18
83
133
1953
12
0
0
0
0
134
0
0
0
0
6
0
201
0
7
5
9
13
0
26
16
0
0
2
0
19
1
0
26
2
100
0
81
0
332
70
115
141
0
0
115
0
90
4
0
0
142
11
253
203
0
68
396
34
0
9
55
630
1
0
24
0
587
0
8
0
25
62
46
27
7
2
32
0
0
2
70
8
100
5
6
675
2
0
71
7
6
0
139
0
0
1
0
0
97
199
22
0
0
0
0
55
0
572
0
38
63
10
339
205
53
0
0
433
19
364
695
1
0
125
0
19
0
441
459
262
0
0
0
12
6
15
54
9
0
0
9
0
0
5
14
0
192
0
7
143
0
56
2
16
0
121
9
0
3
35
72
0
0
59
0
4
0
0
0
6
0
0
0
1
3044
111
499
0
2
0
7
2
122
0
0
48
484
0
20
0
922
69
19
0
0
123
4
27
16
1717
0
0
14
8
2
241
222
0
0
0
0
606
5
105
321
15
0
37
81
3
0
11
0
19
744
367
2
0
7
156
0
4
0
0
0
28
25
11
78
0
68
0
18
679
60
0
7
4
9
57
24
0
90
74
384
43
444
1
15
0
2
136
0
6
14
0
0
0
0
0
0
9604
312
14
4
0
356
2991
4
9
0
1
539
96
0
1993
48
2
0
1048
12
0
37
4
0
0
356
0
11
3
0
2
0
0
5
0
0
795
0
1
7887
0
2
0
0
0
3
41
0
0
24
0
36
1009
0
0
29
314
245
0
245
5
10
14
0
43
0
195
0
0
4
725
0
120
0
0
29
238
13
66
57
257
2
20
25
72
8
1
0
0
9
0
0
72
272
0
0
0
1
0
24
0
0
724
0
0
0
883
191
195
1
77
1
369
0
5
212
443
0
9
0
20
25
479
0
0
142
0
11
0
0
88
28
0
0
96
21
113
0
0
120
0
52
0
3
179
0
82
641
124
88
0
37
463
6
39
179
0
0
0
67
196
0
168
0
190
292
0
0
78
111
114
0
0
0
108
466
733
59
1659
0
37
0
1437
8
611
669
0
21
0
273
4
1
229
10
80
59
0
110
0
0
0
77
0
0
310
361
340
0
0
2372
17
89
0
266
209
377
611
0
0
0
4838
0
955
0
0
318
2
0
0
2
0
1
7
0
0
2
6548
71
102
0
0
143
1
276
2305
124
0
184
89
662
0
0
0
0
102
2
0
0
152
1
165
93
341
0
211
0
126
0
639
0
13
0
150
696
443
20
686
1
0
11
623
152
0
754
0
589
0
0
7
104
0
9
0
0
2
0
174
37
17
372
0
83
6
0
2
162
0
8
0
4
0
0
0
11
61
0
103
45
22
245
6
6
1
3448
628
21
460
0
0
133
1
111
245
0
79
735
2
787
31
21
0
143
0
0
573
0
0
989
4
0
321
180
36
0
0
0
716
3
169
3
551
650
95
0
0
0
28
2
418
8
142
4
143
24
17
3
1074
279
0
740
3
12
2
1
41
70
32
312
427
663
2
603
0
15
0
3
0
140
129
25
809
12
249
420
190
16
90
6
8
6
0
70
0
0
0
2
13
0
225
0
418
403
0
0
4
25
0
184
16
0
8
0
7
3
0
124
55
1657
0
14
0
0
1837
4
1
2712
0
137
234
0
35
0
0
4
1
35
432
623
64
195
195
410
0
80
138
0
0
0
78
0
0
159
0
136
57
5619
0
17
831
515
29
0
152
0
0
10
0
299
855
203
43
126
29
62
11
0
44
10
50
164
493
6
31
43
0
0
4
0
423
32
100
0
1
0
0
0
0
18
0
154
19
94
0
0
0
0
0
53
3
0
34
24
0
441
75
0
0
0
0
285
0
0
1050
587
7
78
3
7
557
80
0
0
124
0
0
12
0
11
0
210
441
119
163
0
995
0
3
13
80
0
1246
10
151
0
23
0
27
1
76
5
20
319
64
0
6
2
0
1591
396
104
0
40
0
0
3
91
4339
0
0
0
9
43
23
84
0
0
103
0
792
1509
838
0
70
1102
1663
407
66
0
0
0
64
54
20
0
29
23
17
0
37
0
9
0
4
104
0
10
100
0
184
27
491
130
267
85
332
0
4573
76
6345
34
126
5
4
352
0
212
193
1289
78
15
0
4
78
0
0
485
48
183
56
101
250
0
435
1
689
1009
259
147
125
0
4
0
545
648
5
7
2
216
1
429
11
0
49
0
6
0
0
201
135
0
0
34
6
73
284
194
2
0
0
0
113
0
0
910
879
210
203
1
45
88
542
134
426
155
0
29
53
65
0
36
37
64
3
334
19
0
0
0
2
0
17
347
0
1019
1083
179
0
732
385
22
17
295
7
0
0
0
0
0
0
12
40
0
1
167
20
0
335
8
3
450
424
811
0
0
0
757
502
432
189
2
698
201
18
278
92
54
0
38
1302
101
389
6
0
0
195
166
133
324
39
382
5
0
0
0
22
0
0
8
96
0
16
25
3
0
0
257
13
0
3
24
153
0
99
62
26
0
4
13
211
0
93
110
48
0
11
0
0
167
0
18
13
0
156
16
3
0
16
943
683
706
96
5
7
4
808
0
0
13
164
27
0
38
22
0
0
0
119
42
184
69
7
0
6
29
41
0
165
186
32
0
14
0
127
3
0
0
94
73
0
795
9
0
122
45
2
0
159
7
67
381
88
1488
0
0
3
26
38
310
0
608
0
3054
82
11
328
0
598
0
182
52
400
643
0
1425
1198
0
0
0
0
0
8
0
564
144
8
74
107
0
3
0
45
9
0
0
511
242
289
601
80
989
721
335
0
4
39
4
87
58
0
2
0
5
8
27
0
8
2113
1
33
115
267
8
0
3
0
27
18
211
0
0
388
4
17
0
1207
198
446
0
110
0
0
1
0
70
1
183
0
15
0
0
62
122
0
2
0
7
1795
0
164
0
0
1
0
0
0
0
0
242
321
4
23
656
14
116
209
191
0
13
4
2766
217
20
153
0
15
0
0
0
26
0
697
10
74
102
22
0
37
0
41
0
10
47
9
15
7
0
0
1
119
0
153
0
0
0
0
896
0
0
10
42
0
0
0
8
8
0
0
1346
80
536
5596
2002
0
19
0
151
2
5
0
87
436
34
707
0
0
0
0
1101
19
90
7
587
108
28
680
27
4
264
384
45
32
0
0
1
0
0
0
0
0
0
158
2
0
0
0
0
0
0
70
118
20
347
124
0
2
0
0
0
0
431
377
0
0
0
0
0
0
178
164
0
0
0
0
15
0
0
9
16
0
0
0
0
0
16
34
87
107
0
0
0
0
0
2332
587
0
957
34
0
4
53
200
465
1841
87
121
0
8
0
0
98
0
52
10
3
0
0
2
0
254
34
0
0
0
0
0
0
0
23
105
0
175
141
0
0
0
0
36
19
0
4
1078
0
0
0
54
157
751
18
85
10
98
0
0
30
0
0
147
34
0
7
246
17
0
18
0
0
0
78
0
16
14
0
0
0
8
3
0
0
607
81
625
0
0
0
0
0
0
0
0
0
0
0
0
3
0
0
0
2
0
0
0
0
0
0
54
9
236
0
0
0
0
4892
157
360
68
690
299
435
561
225
4932
11626
789
0
20
33
0
0
0
1006
229
86
0
0
0
108
0
0
0
163
0
0
59
17
220
178
0
0
0
0
15
17
0
0
24
7303
5
174
0
0
0
0
35
55
0
4
57
0
0
0
0
327
113
0
0
0
0
183
39
14
7
7
0
0
0
0
0
0
0
0
0
127
54
0
0
718
622
193
187
2378
0
0
3
11
4
0
0
17
1
0
0
215
42
0
0
0
0
26
0
0
0
0
0
77
9
0
0
3
387
62
322
35
43
876
0
667
881
13
0
0
0
0
0
0
0
0
43
2
63
0
0
0
0
0
5
0
0
0
0
0
0
334
134
1854
3
2723
4162
440
0
0
33
24
0
253
0
0
0
877
174
0
0
208
1099
171
37
0
11
7
166
0
0
0
0
0
0
0
0
1
0
0
0
0
0
0
0
0
0
0
0
65
5
0
10
87
0
0
0
277
0
0
475
0
4519
255
93
24
0
150
0
0
51
6
0
0
0
0
29
0
0
2
0
0
648
602
2
1632
11
31
0
0
0
1
0
0
0
0
0
954
544
0
0
31
3
0
0
0
0
31
76
0
0
2
0
7
53
0
0
17
0
0
0
0
0
0
0
0
0
0
52
0
0
3
0
0
0
2
0
0
0
0
0
0
0
0
0
0
0
0
0
0
1
0
0
0
0
0
0
