BitB_5_1
0
0
26
2408
42
134
68
0
0
2
0
235
38
486
0
0
551
6
0
237
1566
102
0
6
0
612
0
48
1
10
25
17
0
259
2326
151
0
0
27
0
4
0
1
10
0
2544
0
272
2
329
0
292
0
717
0
29
638
55
0
1204
5
3
0
0
11
95
4
369
26
20
2310
466
98
30
56
0
1612
12
19
0
1
0
10
25
1812
0
237
391
33
35
725
0
302
0
0
797
29
0
142
0
42
8
7
921
182
10
4
0
0
1002
0
0
53
0
14
0
0
201
186
676
18
8
2
369
58
538
260
0
1673
42
0
0
3
110
1
0
6
210
35
0
45
11
17
2
769
236
17
27
98
26
55
0
355
1
1
1002
4
0
43
419
5
0
3
0
278
84
189
178
0
0
0
6
152
0
0
134
160
3
0
54
477
817
0
95
68
436
298
10
132
0
0
395
538
18
0
140
0
4
5
95
90
36
11
50
57
3
6
75
130
35
0
0
10
0
0
20
120
33
0
44
427
0
33
648
0
13
6
218
57
120
0
0
106
333
1106
0
1482
62
0
0
0
0
17
476
0
85
166
580
14
8
209
445
36
0
931
88
0
0
0
30
252
1135
364
3410
162
0
0
0
401
113
2
1030
0
0
241
10
0
2
1200
272
727
164
0
1846
0
935
0
0
0
316
0
0
0
0
0
1
145
0
122
0
0
4
0
76
611
0
317
9
2516
0
0
5
0
0
0
210
0
127
525
0
75
0
933
218
0
80
52
31
0
50
512
439
196
0
0
415
56
23
0
0
1549
276
179
774
0
43
152
58
311
0
1383
0
88
45
66
78
679
326
92
0
5
7
2
645
0
0
0
158
396
6874
184
1034
29
4
0
2
10
15
0
454
0
266
0
0
2216
0
163
84
81
0
275
0
2
159
348
54
57
0
393
138
116
0
0
0
1
121
9
0
7
0
0
152
39
4106
11
149
2
474
0
0
1035
174
6
0
99
0
14
1147
144
0
181
50
25
22
77
0
208
0
0
0
2
0
708
977
0
17
1186
318
96
0
0
0
17
19
0
9
0
0
0
0
14
15
0
0
0
49
171
0
464
0
40
0
525
0
3
2
0
0
541
183
958
103
410
1173
539
43
0
0
16
0
206
103
123
140
0
146
0
24
0
3
73
0
905
61
118
395
26
0
53
0
47
0
17
638
15
414
24
0
34
0
1419
307
0
647
0
81
26
25
42
94
182
129
943
0
18
211
542
173
152
0
1
0
75
0
278
166
0
0
242
0
1
0
20
0
0
3
20
0
1
0
0
1345
0
262
0
156
0
0
0
412
638
84
2
408
10
349
100
78
0
79
0
91
3
1618
13
46
4
23
0
3244
0
36
0
364
0
1231
277
25
2
12
262
0
0
0
3
229
0
0
0
0
1541
0
236
481
2
0
159
12
98
52
0
15
3
16
0
10
31
0
0
6
23
0
0
97
2
91
273
148
696
113
1180
9
0
6
0
0
0
2
0
249
576
484
0
633
17
189
7
0
887
69
1
193
0
0
351
0
618
167
5
0
0
0
111
0
6
9
277
1
0
0
0
573
27
502
18
59
0
0
0
0
116
86
55
519
0
65
155
3246
0
8
1
5
33
0
146
0
25
5
132
135
7
362
4
6
0
0
43
30
225
0
249
1546
22
33
38
1008
744
0
0
395
586
33
26
5
1054
0
0
2
0
255
438
6
22
62
36
0
117
0
41
44
195
0
325
3
324
0
0
0
3
0
0
972
1113
0
0
293
6724
8
233
43
234
381
146
157
4
0
277
0
4
70
0
3
959
1
0
1035
200
96
42
88
145
297
23
85
94
0
0
2
636
4
148
0
0
202
18
0
1
0
24
3
0
2
11
0
75
18
0
13
0
260
149
651
30
18
0
464
2
2
0
0
34
0
376
59
3
2
0
0
1
3
10
95
20
4
0
29
1
233
177
0
28
6
9
0
1
411
1
694
1044
607
2
586
118
662
248
5
32
177
0
278
87
6
682
10
226
45
378
2
5
366
0
14
50
11
351
516
12
0
0
0
0
0
775
553
26
0
0
6
3134
1
0
1554
7
115
0
113
27
0
787
87
253
482
121
0
0
3
0
0
105
1104
565
0
0
23
3
755
83
0
32
55
0
44
111
206
30
0
260
1
0
598
19
0
0
0
314
0
225
409
66
115
349
11
149
0
4
51
298
384
292
29
2
150
60
0
2282
324
1
93
1
390
0
0
41
463
0
32
0
8
16
4
0
0
0
227
233
150
2
0
37
35
35
0
1
489
65
35
134
4
16
0
0
11
22
0
1187
96
256
927
0
168
0
0
144
0
3147
109
7
0
705
461
443
58
1007
0
95
0
0
3754
0
0
0
0
136
0
0
2
0
31
477
641
540
120
0
0
0
140
67
21
6
0
0
93
1252
766
85
63
0
0
74
245
22
0
0
0
55
0
1386
469
2096
1524
0
0
0
0
0
151
0
0
17
188
68
118
0
30
1339
576
0
372
1096
121
88
64
118
0
0
236
16
5
41
0
0
0
8
0
70
64
9
0
2
0
0
1440
416
0
0
8
11
99
0
0
0
0
99
62
0
249
2
0
48
0
339
887
0
550
138
24
1
8
20
0
0
0
0
437
944
143
284
145
116
583
257
118
289
4
27
241
41
101
0
0
13
0
9
2973
18
734
0
0
264
127
4
7
308
106
214
319
0
257
185
0
14
5
16
0
57
0
0
416
334
156
2
3
710
0
0
0
209
22
1416
1071
0
45
2424
43
219
175
98
70
1078
318
0
0
33
0
388
19
463
0
786
0
493
0
377
673
32
0
575
0
3
120
0
349
671
4
0
5
938
0
857
0
0
9
80
0
289
0
0
23
0
0
0
3
25
0
93
33
102
2
499
274
77
382
667
0
0
2290
2
0
0
105
52
179
0
158
0
13
1
376
45
0
0
252
0
6684
0
0
0
45
0
255
159
288
71
0
240
0
115
0
24
121
177
40
3
2
185
0
176
1277
320
0
0
4
9
1775
104
6
66
12
16
11
0
33
0
0
2
806
0
586
5
0
46
19
0
38
3
307
0
38
107
0
94
1
412
0
0
0
170
1
5
6
80
0
0
1
65
6
0
192
3
231
1
0
4
61
0
3153
0
3
4233
39
932
0
229
19
62
0
0
0
234
146
0
1
4
72
24
0
0
19
0
0
52
0
354
0
0
13
38
340
18
0
0
1
120
1084
361
0
0
0
225
0
0
942
601
32
199
4827
4
124
191
28
67
65
409
0
7
125
2789
29
29
38
41
208
0
0
613
46
14
229
39
350
13
353
267
131
0
63
1
54
2
9
0
3
565
2
71
0
1622
7
92
858
80
81
0
0
0
4
39
0
266
0
0
355
91
0
0
0
2
48
0
428
0
16
61
0
38
0
4
15
0
0
117
0
5
66
0
0
0
2
0
3
4
612
3
589
13
555
128
112
0
0
185
0
2301
58
0
0
0
1
30
21
793
99
399
0
642
5
399
507
0
0
0
1340
0
136
404
3774
4365
0
1
0
73
0
22
0
0
203
0
0
1318
663
1128
15
6
242
0
21
0
192
322
76
732
0
1164
1
116
10
80
171
0
9
2
1
0
0
0
0
859
344
0
1787
128
0
0
13
185
368
316
62
629
3823
7
550
0
125
495
238
377
580
0
16
9
427
93
0
5
318
21
16
4
0
84
189
461
0
2
0
100
377
0
688
0
0
69
5
0
627
3699
0
340
0
0
2
339
0
463
0
109
3
0
1427
66
4
47
1
6
0
16
641
6
1
0
28
0
0
35
240
38
5
0
9
47
0
2
3
135
0
21
4
0
46
57
65
0
0
0
0
106
0
2
0
3
200
477
31
1018
3491
74
665
105
3655
0
121
1
185
16
0
852
0
193
55
0
5
0
0
1098
46
0
90
126
0
98
10
2
0
0
42
0
0
1907
297
2
0
355
2463
358
1
0
47
0
90
0
2763
0
649
6
0
23
0
112
0
0
0
0
30
0
0
0
3
35
662
105
21
0
174
56
78
16
2
52
64
0
262
0
171
4212
1676
0
380
2
0
0
1078
52
0
0
0
0
25
739
22
3
0
17
0
0
0
0
0
9
120
0
0
193
208
1323
847
233
497
0
0
25
30
56
0
0
0
0
299
136
0
697
100
1969
41
0
0
99
102
22
134
2
0
480
172
0
0
93
0
3
0
287
0
0
33
2
51
122
0
16
25
0
65
315
0
0
0
0
60
797
47
5
7
144
0
497
80
661
0
50
1585
542
0
0
4440
455
1029
2308
28
0
16
0
0
0
3
109
2
20
5
0
282
967
14
0
0
0
0
0
61
87
170
0
0
21
17
19
0
185
1153
228
566
396
27
0
0
6
380
1
0
0
52
41
18
62
4
0
0
6
57
54
169
41
0
0
0
0
0
0
0
289
2
2
0
88
0
55
3
0
92
303
0
14
0
825
0
743
3
0
62
0
0
0
0
0
1004
2
2
27
72
4
299
195
22
0
15
0
0
0
0
201
1
755
547
861
245
0
75
72
11
3
16
351
110
0
12
0
1726
1
17
0
77
2
45
0
94
0
0
3
422
7
285
128
100
338
14
0
0
13
0
0
163
341
251
0
37
0
64
16
0
0
164
0
25
0
0
92
56
19
94
99
1265
7
0
174
0
639
0
3
0
92
29
154
113
484
0
1927
66
0
1
68
0
0
2
233
936
36
12
22
2
5
30
0
35
0
47
246
4
3
1721
406
12
1317
0
84
25
0
0
600
0
51
0
0
8
27
4
0
4
3
2084
0
216
303
3
0
2413
58
0
0
1
8
3
23
1419
82
350
0
0
2
0
0
0
6
126
0
0
55
0
3
15
0
23
23
0
0
0
5523
0
42
0
30
186
462
417
3021
5
2259
21
15
11
13
5
40
1212
1
419
564
0
29
291
0
477
0
1
20
1095
0
60
152
0
0
2319
0
43
230
1
0
88
529
0
3
222
512
0
760
3
1134
0
6518
51
0
197
0
54
75
689
10
852
11
8
0
1316
190
239
29
1693
3
181
47
772
238
0
276
0
166
221
214
0
3
4
14
77
89
0
33
2180
394
1898
546
0
0
0
13
24
141
0
253
204
22
596
615
0
83
202
46
0
0
6
0
1027
0
186
0
155
3
5
0
1
19
0
0
1449
1030
0
4
126
1
30
0
103
13
294
24
0
0
442
237
0
21
3
0
0
0
2477
584
10
0
1230
27
264
195
58
224
0
5
44
3
18
0
1
9
17
5
77
209
0
0
139
566
0
0
151
0
0
2
738
532
83
0
0
702
0
739
405
6
0
170
0
0
0
66
278
10
0
0
0
8
21
28
0
8
0
130
6
0
0
0
13
0
404
74
34
0
0
272
2258
6
180
0
75
0
57
33
1
636
11
0
15
211
87
0
8
0
20
166
0
15
0
205
0
583
0
1
54
35
13
10
0
12
1
0
15
98
22
0
63
0
0
24
30
19
0
0
393
0
0
0
67
17
9327
0
41
200
261
0
91
1
0
0
0
287
95
541
2
188
0
0
241
8
0
27
0
219
1236
0
269
0
188
0
1473
3
359
175
0
0
0
0
0
0
0
0
9
0
13
0
0
15
686
482
68
0
0
464
60
1
380
758
13
381
59
2
928
155
0
143
0
0
0
521
25
380
0
47
7
0
9
918
635
0
339
49
46
0
0
186
664
0
303
0
0
516
8
288
142
0
104
4
0
277
204
3
13
9
0
0
0
0
164
383
512
0
8
0
133
0
0
210
0
79
71
1
931
144
18
47
108
0
2
1074
118
0
392
0
79
436
57
45
2415
234
0
0
21
387
91
1
8
56
10
2
0
0
36
218
0
84
1
0
3
0
0
370
3
350
5
0
12
24
313
0
0
0
0
284
279
46
68
4
0
250
0
0
0
11
885
3170
0
13
1543
28
185
320
0
226
0
0
5
559
55
0
19
81
116
31
0
0
6
0
0
1443
0
0
1523
12
147
18
1666
265
0
0
195
2537
45
1077
395
0
47
47
459
0
82
59
16
30
0
0
0
211
0
14
2259
0
2470
1
0
34
0
2
0
140
353
0
514
56
99
0
69
618
4375
19
36
163
12
533
128
0
18
0
345
0
0
0
490
395
1
1135
10
52
13
281
0
60
432
951
73
167
166
0
178
18
840
617
3
1252
0
436
240
253
197
21
0
23
0
0
78
248
31
0
273
0
4
40
21
3
2
3449
415
113
386
92
123
7
5
8
32
0
944
0
26
4
0
1
3005
0
134
314
1
494
0
18
281
22
34
904
5
0
327
0
1
1
0
23
0
0
0
19
445
45
0
17
3
0
307
13
0
0
933
147
805
275
2
1896
40
0
0
191
57
0
0
0
2
96
120
5
0
12
0
0
0
12
11
64
1429
211
298
11
78
1
3916
0
3
0
120
0
16
393
0
62
11
93
110
0
930
284
13
660
164
0
0
393
910
444
255
2
0
116
0
0
1
0
1125
8
2338
315
141
193
373
0
2
0
0
79
0
251
2
0
276
120
3
97
3
633
43
0
19
374
0
169
3
73
20
153
71
0
1045
40
0
103
9005
2
53
839
505
328
311
307
2080
34
1394
0
1063
2325
3
144
24
14
0
0
168
0
220
113
2199
0
32
326
146
0
1936
204
100
0
0
1
0
2056
6
5
792
0
530
0
49
17
0
676
76
2
0
1711
44
0
0
0
0
176
0
159
0
1240
16
237
89
767
0
5
119
1908
0
8
20
65
219
99
0
72
372
231
0
0
138
49
208
0
0
19
25
0
72
250
0
150
0
0
0
0
0
4
2
0
43
0
0
0
0
28
0
6
1130
33
0
4
4097
0
0
0
0
0
77
0
83
2
1
100
0
0
0
8
0
0
129
70
0
0
0
90
0
0
0
236
68
9
0
0
376
0
0
0
25
0
0
0
0
11
0
0
0
0
145
0
0
29
1325
0
0
25
0
1
254
43
316
18
0
1
0
46
0
0
0
84
0
143
0
0
26
0
14
0
60
0
0
410
41
2
290
21
0
1698
93
10
0
35
271
0
0
29
0
0
19
29
90
0
277
22
2
1
1523
647
25
5
188
0
3
79
0
27
12
0
51
0
0
0
8
506
0
3
0
0
1051
0
238
20
12
0
0
85
621
522
220
0
0
5
0
0
0
12
0
0
192
0
0
118
0
0
0
0
0
58
2092
58
3
0
44
3
0
0
0
0
0
0
0
0
0
0
0
0
17
0
0
16
73
0
0
0
146
7
61
0
0
0
0
0
2
0
38
0
0
0
0
0
0
282
0
1
8
16
274
0
0
0
1
0
0
12
3
0
7
0
0
0
0
0
23
0
12
0
0
0
7
0
0
0
0
0
0
7
0
0
0
0
0
0
0
3
0
0
1
1189
0
1
0
39
1
0
0
0
1157
0
0
113
76
0
25
36
0
0
0
0
0
0
0
127
61
0
0
0
26
296
95
0
49
3
1
0
0
0
0
0
0
0
0
0
38
0
0
0
1014
0
5
0
0
0
0
0
0
55
0
99
0
36
1
29
0
1
0
0
227
0
0
3
0
5
3
0
0
0
89
1
0
27
0
14
92
0
0
0
16
87
1
90
0
1
0
140
0
13
0
415
3
0
5
0
11
0
0
0
0
132
0
0
0
0
424
0
5
978
683
2
0
40
100
0
0
0
0
0
179
0
0
104
0
118
3
2
0
0
5
0
0
0
7
0
143
1
0
590
0
0
0
0
0
48
0
1
0
0
0
0
0
2
0
15
0
0
8
94
0
105
0
0
198
0
0
0
0
0
274
0
0
6
0
0
0
0
0
2
7
0
0
31
0
0
65
4
0
0
0
70
6
0
0
40
0
0
21
0
0
0
33
0
0
1
0
0
0
0
0
0
0
0
0
0
0
0
0
0
6
0
0
0
0
94
12
0
108
28
4
0
0
0
40
0
0
0
0
0
0
0
0
0
0
0
0
0
0
0
112
0
54
0
0
0
0
186
0
0
0
62
0
0
0
0
0
21
0
7
0
3
9
3
0
0
0
0
0
0
0
0
0
6
0
862
0
0
0
0
0
0
0
0
3
0
0
24
65
0
0
11
0
12
507
0
0
0
0
0
0
2
2
0
0
0
0
0
8
0
672
182
0
0
0
0
0
0
0
0
325
1
0
0
0
0
0
0
0
0
1102
21
0
816
0
0
92
0
0
0
0
0
0
0
0
0
1
0
0
4
5
38
0
3
0
0
0
0
0
0
0
0
197
0
0
0
130
24
0
167
1
46
0
0
0
0
0
17
0
0
0
0
0
2
10
3
0
0
0
73
0
0
215
0
0
0
6
0
0
0
0
0
0
0
44
0
0
0
0
143
0
0
0
0
107
0
0
0
0
0
0
0
0
0
0
284
20
0
0
0
209
785
0
0
0
2
11
0
0
0
0
0
0
0
0
11
4
66
0
0
7
0
42
71
3
12
1044
0
0
0
1
277
0
30
0
0
0
0
0
4
0
0
0
253
3
13
2
0
20
0
104
0
0
0
4
2
0
0
0
0
0
0
13
0
20
0
0
0
381
0
0
0
0
0
0
0
0
2074
0
219
1
0
0
0
0
0
0
0
300
0
0
310
0
1
179
54
684
0
0
0
0
0
87
0
0
5
0
348
12
0
0
0
0
0
0
0
15
44
23
0
0
8
0
0
18
0
0
2
39
1259
0
1
23
34
1375
0
396
0
0
0
151
0
0
4
4
25
0
0
0
0
77
6
2
0
105
0
0
0
0
0
1
0
34
0
0
0
0
27
0
30
0
3
23
0
32
0
0
2
0
0
511
0
0
0
227
0
0
20
0
0
11
0
0
0
0
33
0
4
0
0
46
588
284
0
0
0
0
0
0
0
0
503
0
25
0
0
0
0
0
763
0
458
0
0
11
0
0
0
0
3
6
0
2418
0
0
0
0
0
1
72
2
4
0
36
0
92
1
0
31
1
883
0
0
0
126
0
0
0
0
0
0
0
0
11
0
0
0
0
292
0
0
0
0
694
0
0
0
235
0
0
0
104
350
0
36
0
0
0
0
0
4
0
0
674
4
20
0
0
0
0
0
186
121
0
0
62
0
632
0
0
0
0
12
1
0
40
4
0
0
0
66
13
0
3
0
0
8
0
0
0
66
36
0
0
992
0
190
92
0
0
0
0
0
0
0
0
2
150
0
0
0
41
0
0
0
6
0
0
0
0
0
0
1504
0
12
2
0
0
0
2132
82
14
4
2
0
0
0
21
19
0
95
0
4
0
0
0
0
0
0
1
0
0
0
170
2
0
0
0
814
16
0
0
0
12
0
11
0
0
0
13
5
2
0
0
0
0
169
0
222
7
0
0
0
0
1522
70
0
0
43
160
0
186
39
0
0
49
0
0
0
1
27
24
59
0
0
0
0
0
0
6
0
0
0
0
0
0
214
140
0
721
4
0
0
0
0
107
0
0
0
0
2
0
0
0
0
12
146
8
173
0
0
0
6
0
0
5
0
296
0
0
0
108
0
0
0
0
0
0
1
5
0
0
0
0
0
53
76
0
0
0
0
0
0
149
0
784
0
0
0
0
0
0
0
716
0
2
90
3
0
0
12
0
0
603
2
0
5
0
0
0
0
4
26
53
19
117
0
0
0
13
42
98
0
1
0
0
0
0
0
0
223
295
14
0
291
0
0
0
0
0
2
6
100
990
0
0
0
0
0
0
132
0
0
0
1
0
0
76
4
0
0
0
0
0
1
37
0
0
0
0
186
0
0
0
0
10
13
0
0
0
0
11
0
0
184
0
0
0
0
0
0
20
0
0
0
0
0
28
0
0
0
0
32
0
3
0
0
0
0
0
0
108
0
0
26
33
0
0
0
112
0
0
25
0
0
248
0
0
0
5
240
13
0
0
20
0
12
16
8
10
29
0
1
0
81
1
164
0
0
78
0
266
0
900
167
0
0
1
2
57
0
0
0
0
18
0
2
0
2
0
0
3
0
16
269
381
0
10
0
1
15
0
59
0
0
0
6
0
0
0
0
6
0
723
34
355
0
0
1
77
0
0
0
0
24
3
0
521
582
0
1
0
0
0
1
346
0
23
23
0
0
0
0
29
0
0
0
51
0
0
0
10
0
4
0
36
7
0
0
265
0
0
2
0
11
0
2
0
0
0
0
0
0
0
0
0
0
0
0
22
14
0
0
0
50
158
5
0
0
181
0
0
290
0
0
5
0
449
0
0
0
0
173
1064
0
682
0
0
2
0
0
0
0
5
0
2
0
0
0
0
0
0
82
0
6
0
0
4
2
0
0
26
0
110
0
2
0
0
252
0
0
105
0
0
13
18
0
391
100
0
0
0
0
0
0
0
0
551
0
4
0
82
58
0
0
0
0
164
380
14
0
9
23
40
0
1745
1
55
0
0
101
2
453
574
47
276
0
0
40
0
502
0
0
29
0
0
0
0
0
0
0
771
0
2
0
0
0
0
0
0
5
3
196
634
0
9
0
0
0
91
5
0
208
47
0
0
3
0
0
98
0
0
0
0
0
0
0
0
0
0
10
0
14
528
12
15
0
2
0
0
0
35
47
2
1
0
44
12
4
0
9
0
0
0
0
0
2
0
142
362
0
0
3
0
0
0
0
153
221
0
63
73
0
0
0
244
0
0
0
34
0
54
2
151
2
0
0
300
0
0
0
0
2
0
0
0
0
0
0
0
0
3576
127
2
0
0
0
0
0
0
84
303
489
0
0
239
0
30
0
0
0
0
0
0
0
196
0
11
53
137
0
0
27
0
585
0
5
0
0
0
873
4
38
0
0
1557
55
0
0
1
0
0
0
0
700
3
1
152
0
0
0
220
0
0
55
0
0
5
8
0
0
54
1
42
41
0
0
0
0
0
0
148
0
1631
79
0
0
0
0
0
148
1225
0
0
0
1
1717
0
0
156
0
0
0
484
0
771
782
3
0
0
1
0
0
0
0
0
0
0
1
1254
0
0
0
50
1
0
0
0
0
0
2
2
0
34
1
417
42
0
0
0
0
4
0
1
0
0
9
304
19
0
0
0
128
0
0
3
0
28
0
0
17
0
0
18
0
0
0
1023
0
0
1
0
34
3
368
0
4
0
96
0
0
0
152
0
0
0
0
110
0
11
0
0
0
374
0
0
0
0
0
0
0
552
38
0
756
4
10
254
0
0
1585
0
0
39
11
0
0
0
0
0
0
0
0
0
0
0
0
0
0
0
0
0
3
0
0
0
0
333
0
0
0
183
0
0
0
0
0
13
0
0
0
0
0
13
0
0
0
0
0
0
9
342
0
4
0
0
828
0
4
0
0
289
2
0
0
0
0
11
478
0
10
0
0
0
28
1028
9
60
7
385
5
0
10
0
0
0
11
0
53
0
33
0
0
0
0
0
5
0
307
0
0
32
0
0
0
0
0
907
13
1145
0
1
0
0
114
122
0
0
99
804
0
0
0
14
0
0
0
0
0
0
23
0
967
20
13
0
5930
0
17
20
0
0
0
0
0
0
3
0
50
0
79
0
203
0
77
190
0
0
0
62
0
0
0
122
1
0
78
24
0
236
0
0
0
15
0
0
0
0
108
317
0
0
0
0
25
0
0
0
0
0
8
0
25
0
44
0
0
0
0
0
0
20
0
0
0
0
0
17
536
0
0
0
0
0
0
0
0
0
1
17
0
0
0
2
93
0
0
0
0
0
13
9
0
0
0
0
0
0
0
0
0
0
0
0
0
0
0
15
28
0
0
0
0
4
0
0
0
0
0
0
0
1
3
11
0
0
0
0
269
1280
0
0
3
4
0
0
0
0
0
0
0
0
0
0
0
0
0
0
0
40
0
485
0
360
0
0
175
0
0
218
0
0
0
0
0
0
1112
0
46
0
0
0
0
0
0
0
0
437
0
75
0
0
0
0
0
0
0
890
0
0
0
0
0
0
0
0
2
0
4
0
0
0
0
0
0
8
0
0
0
0
0
0
0
0
0
167
0
0
0
0
0
0
37
0
0
0
0
0
158
0
1484
0
1
0
3
0
0
0
0
1
2
0
42
0
0
0
0
276
0
490
0
0
0
0
0
0
651
0
0
171
0
0
0
5634
1
0
0
0
7
0
181
31
19
159
0
0
31
3
13
266
167
0
1
0
155
0
0
0
0
0
502
0
0
0
0
16
0
528
0
30
0
0
0
595
1
0
62
0
194
0
1788
0
16
0
105
11
0
0
0
2
0
0
0
0
0
0
0
0
0
2
0
0
0
0
0
0
0
0
0
0
625
0
216
0
0
21
0
0
0
0
0
0
181
0
0
0
0
4
0
1
0
0
0
5
0
0
0
0
1
0
0
0
0
5
0
75
0
0
0
0
0
0
454
0
0
0
0
0
3
0
0
2
0
0
0
0
0
0
0
11
3
0
0
0
0
0
0
0
0
0
0
0
0
0
1
0
0
0
0
0
0
7
0
4
0
0
0
0
0
0
3
0
0
0
0
0
0
0
0
0
0
1
0
0
48
0
0
27
0
0
0
13
0
0
0
2
202
471
0
2
1
0
5
60
0
0
298
0
3
1
0
0
0
0
0
0
0
0
0
0
0
178
0
0
0
0
0
0
0
0
268
0
0
59
120
14
0
0
0
0
0
9
0
0
6
0
0
37
0
0
0
0
0
1
1007
0
0
0
0
0
0
18
0
0
0
0
0
12
0
0
5
0
0
8
0
530
20
55
0
6
0
0
0
166
0
0
0
0
0
0
0
564
0
0
0
0
0
1099
0
0
269
157
0
0
0
0
0
0
21
0
0
0
0
0
0
0
0
0
563
1
0
0
0
0
0
294
0
0
0
0
0
0
10
0
0
44
0
351
0
0
0
335
4
0
0
5
0
0
38
320
1
0
5
0
0
0
0
0
37
0
0
0
0
0
53
0
0
0
0
0
0
0
0
0
0
0
0
0
4394
75
108
0
16
3
0
61
7
0
9
12
15
824
18
0
0
9
4
1
9
0
0
0
0
0
0
19
477
6
0
206
0
786
35
170
4
0
1
0
4
18
0
0
389
16
1
149
5
38
0
0
198
69
85
471
2
0
0
246
27
0
10
22
0
0
46
0
59
109
0
221
0
5
0
64
0
0
0
0
99
0
0
0
766
0
30
0
0
7
4
0
92
0
126
146
312
0
42
0
1
0
0
0
307
28
85
21
64
0
13
0
53
0
3
300
21
2
0
48
0
178
5
1704
191
0
0
0
62
1
11
1
2
0
0
0
0
306
0
432
0
539
2
0
0
0
0
14
17
0
0
0
2
0
0
0
0
74
96
36
0
0
540
0
0
35
0
0
25
0
0
458
0
15
0
0
3
0
25
151
0
0
307
0
23
0
60
0
11
0
102
0
0
74
0
0
420
134
3
3
0
0
0
0
16
0
0
2
0
0
649
0
0
4
0
0
14
4
0
8
0
0
347
792
0
5
241
0
359
0
163
4
69
0
55
0
0
0
420
6
174
0
0
12
211
0
0
0
23
2
24
0
4
0
0
0
0
0
0
391
0
0
0
0
0
0
0
0
0
205
0
0
0
0
0
1
3
0
2113
16
241
0
0
0
0
27
124
0
461
13
0
0
31
0
0
122
0
4042
59
828
0
0
184
95
70
13
4
0
1954
0
270
186
195
0
413
0
26
779
692
5
0
0
0
1321
0
2075
0
0
0
0
7
84
24
0
0
0
0
124
0
32
53
25
151
444
0
671
3
7
0
245
63
11
0
162
82
0
278
0
36
60
0
4
5
32
0
0
0
0
0
324
1
2
2
1216
0
0
17
46
0
108
129
45
18
0
104
58
0
0
7
9
0
0
0
12
0
0
2
0
30
0
0
0
575
75
41
0
134
0
0
0
646
0
0
136
0
16
0
0
403
64
2
60
0
0
2
0
361
6
33
3
0
0
0
0
0
1
54
0
268
170
8
0
2
453
265
0
0
243
9
101
3
28
0
348
5
3
27
2
0
0
28
410
0
125
0
13
1024
47
27
8
53
0
2836
33
0
24
1
3
564
0
0
129
63
407
0
72
760
0
0
23
57
125
3
349
0
0
0
0
0
0
5
108
0
0
178
0
159
5
0
56
0
0
0
0
0
186
0
80
154
0
0
0
0
0
0
0
862
8
547
1069
932
20
0
23
28
0
26
0
0
0
917
1213
0
387
4
2
0
1039
0
0
135
0
0
0
30
0
12
0
8
0
346
0
57
0
12
0
0
134
0
0
115
2
74
533
38
0
0
44
347
497
3
0
0
0
0
0
502
61
0
1678
0
0
0
46
6
473
13
0
5
0
80
18
210
736
0
0
5
0
0
138
0
0
0
0
0
0
1
0
1367
0
41
194
5
0
0
0
50
281
0
5
0
6
28
0
19
1037
0
0
0
0
24
0
42
0
34
0
0
0
39
38
0
0
0
0
684
0
0
105
0
0
0
0
98
2
89
131
0
0
0
0
9
243
0
0
0
0
489
15
0
30
0
46
6
17
136
0
107
0
0
0
0
31
0
5
335
0
1
7
0
0
0
72
0
100
47
6
0
0
160
15
0
3
0
489
233
4
0
0
0
0
0
243
12
0
6
32
5
0
0
0
0
0
180
0
7
3
0
0
0
0
1707
0
56
0
0
0
14
0
0
0
0
876
0
0
1
119
0
113
0
1
0
0
283
0
0
9
0
0
0
0
3
132
0
0
0
689
0
5
4
4
157
0
897
0
0
0
0
1581
138
0
121
39
0
0
5
4
219
0
47
19
1
5
0
0
0
8
7
17
827
107
98
0
0
33
0
12
0
0
293
1182
0
96
0
0
0
19
0
25
234
0
3
90
5
294
70
40
0
0
187
617
15
41
0
1172
0
25
0
0
0
0
1
10
349
785
173
81
6
0
0
2
1
191
78
0
0
0
478
0
0
56
0
0
136
48
0
224
20
0
682
7
0
115
6
1
0
0
0
1429
3
6
2
6
0
0
0
38
0
0
492
0
0
0
0
0
0
43
0
192
52
14
0
0
1
0
0
0
909
241
15
17
26
360
0
23
20
0
0
5
0
0
0
0
6
0
0
0
7
23
0
0
205
9
24
1
0
6
0
18
0
0
0
14
0
0
0
24
0
11
24
7
0
0
0
0
0
0
0
53
5
0
0
1
0
0
0
0
0
22
80
0
2
8
0
805
0
0
23
123
7
23
0
0
0
0
0
0
0
0
8
13
0
25
5
0
0
0
37
0
112
0
0
0
468
103
4
0
0
85
34
0
0
39
818
0
38
0
85
38
1181
200
480
0
1
607
18
0
739
0
4
9
38
0
10
63
0
0
131
0
9
1
13
1
0
38
0
0
2
0
34
0
0
0
0
0
103
125
68
8
0
0
10
245
0
118
240
0
0
0
0
51
0
0
109
0
85
7
0
37
50
520
3
0
1
0
0
0
24
44
1304
0
7
13
6
0
0
0
0
2
50
883
3
0
0
0
0
0
76
121
0
70
0
927
187
0
0
0
304
2311
0
313
0
0
41
295
34
0
14
20
0
3
21
33
7
0
21
0
0
3
0
12
404
174
445
3
0
244
0
5
0
17
0
0
55
0
0
0
4
135
35
0
5
0
0
17
432
0
3
0
5
8
6
388
0
0
178
776
885
993
3
1
85
1
26
0
3
0
176
2
0
2
0
0
15
0
22
0
2
0
74
9
328
0
20
0
45
13
3
1189
0
2698
0
0
0
150
72
34
0
440
0
0
41
62
500
67
1
926
48
29
0
34
6
678
18
1
0
0
0
9
926
0
87
0
12
40
0
4
21
193
0
106
14
582
374
21
10
0
20
0
0
6
0
587
438
373
23
119
0
218
0
77
0
1
150
101
0
0
3
285
0
0
0
21
25
121
0
784
0
1
9
0
14
118
0
273
47
19
14
515
169
115
40
8
0
186
0
0
0
439
0
0
33
3
0
0
105
0
0
1
0
0
0
73
928
29
3
505
357
0
665
0
0
0
4
0
402
139
0
110
19
0
0
0
0
0
18
40
27
0
84
0
0
0
1
6
2
474
0
0
356
0
0
0
34
0
4
0
11
40
0
0
0
0
137
0
0
411
0
12
0
9
10
0
53
0
122
0
14
211
0
7
0
15
0
500
30
258
0
0
527
202
2
41
30
0
0
0
0
38
27
4
4
0
0
0
45
5
51
0
117
1
32
24
25
0
47
0
0
1
0
33
78
22
96
810
585
30
78
0
3
0
52
0
142
0
0
14
0
875
11
12
299
141
570
210
0
0
12
0
81
0
34
0
0
617
56
12
0
101
34
0
1
0
91
83
197
9
0
0
0
119
0
0
0
658
67
7
9
94
0
182
1
16
32
4
0
39
0
0
234
435
0
21
0
35
0
0
0
1
0
295
0
1
3
3
0
0
0
0
0
0
0
0
4
23
680
281
455
2
0
0
0
43
84
0
0
0
0
0
263
100
0
0
1
64
0
0
0
2
14
19
0
0
0
0
12
0
0
14
0
2
19
52
10
0
0
5
2
59
27
0
61
0
233
7
0
0
0
0
142
0
141
0
160
0
128
6
2
653
440
273
0
2
12
0
0
0
56
1
4
48
4
1
44
71
11
0
17
261
0
89
2
30
987
0
0
0
27
4
18
77
37
74
41
10
11
0
0
29
0
579
1
0
0
40
0
2
21
0
0
135
26
142
6
6
0
0
0
47
139
6
183
0
0
104
0
893
0
0
20
777
0
0
24
0
0
1
54
0
0
298
4
0
0
0
0
16
0
0
3
0
0
2261
2
55
0
0
0
11
263
18
122
166
144
722
118
0
97
0
389
45
2
589
0
187
0
33
0
158
0
119
0
0
0
0
1
8
0
0
5
20
0
0
0
0
191
32
24
507
0
0
0
89
0
0
0
0
29
0
285
1131
0
247
0
0
58
95
16
0
0
60
22
0
0
0
174
0
2
0
65
0
5
1
0
0
2
7
178
71
100
0
7
575
0
0
7
8
0
886
0
0
0
144
0
374
71
21
0
2
0
0
0
0
0
0
237
41
464
0
151
2
0
24
1013
3
39
0
0
14
0
15
0
0
0
0
298
3
10
82
0
0
0
0
0
8
2
7
85
6
0
65
0
543
0
0
0
0
391
0
151
103
0
0
8
3
0
0
497
0
0
0
0
0
0
2
0
0
64
6
0
0
9
0
143
21
0
81
0
31
55
0
54
0
0
0
0
0
61
0
0
0
0
0
2
0
2
19
0
588
0
0
784
0
0
0
118
0
0
15
453
32
252
0
1
25
0
0
0
0
1
0
9
62
7
6
0
0
0
4
0
0
0
10
0
1500
0
45
327
9
0
0
0
17
0
0
295
0
0
713
0
0
3
0
326
8
0
0
0
1
0
53
18
0
5
10
9
0
0
443
0
71
0
4
47
0
0
0
67
16
3
6
71
238
0
25
0
119
11
0
9
0
0
0
0
0
0
0
0
499
5
0
1
0
4
126
0
1
0
288
0
0
0
0
256
3
0
0
0
403
415
0
39
0
0
38
106
55
272
0
0
0
0
35
0
0
519
7
86
40
0
751
343
1
0
3
20
0
0
0
43
256
0
0
0
0
0
0
206
3
2
2
0
0
526
29
0
328
223
103
227
0
26
4
2
22
31
0
201
238
0
58
83
228
467
0
0
393
0
10
0
0
0
1
766
0
894
0
99
636
7
123
0
0
0
12
21
3
38
0
0
0
63
2232
0
452
227
3
0
22
0
83
0
0
0
0
0
0
289
3
0
0
0
0
0
91
0
20
61
0
972
0
6
0
0
131
44
0
126
0
0
0
0
0
0
0
0
7
0
215
0
79
0
29
20
142
136
0
78
0
0
0
0
0
0
44
2
0
63
53
0
0
102
0
0
0
0
31
8
0
245
144
0
29
160
0
0
102
974
0
0
0
6
0
0
9
481
124
8
0
0
0
10
0
28
121
640
0
244
33
542
25
1
0
0
1
0
0
417
1705
0
0
3
0
0
272
541
90
3
3
0
0
28
327
0
9881
0
1
942
494
0
0
0
0
1
1
24
98
0
2
1
0
0
296
0
2
81
61
0
489
1
337
6
56
0
1
0
0
0
0
334
1715
0
383
0
228
34
84
672
0
0
0
0
90
198
0
60
194
6
0
3
7
326
206
0
0
0
49
0
0
0
0
0
0
0
7
0
0
14
0
11
1
0
0
1361
1
0
0
428
8
60
0
183
0
0
68
1128
0
0
0
559
172
0
0
0
11
0
22
389
1185
0
0
76
0
689
4
5528
0
9
577
0
0
1
0
0
0
0
20
0
169
0
454
237
0
32
0
20
0
92
4
65
649
2106
1
140
552
0
4
0
40
0
101
3
0
0
0
0
3
328
0
5
0
0
2
68
0
0
70
8
19
13
11
81
97
0
1
4
0
5
681
3
390
38
13
0
0
0
534
0
0
142
0
1
0
0
1395
0
65
0
0
79
0
0
0
0
99
0
31
0
252
0
0
15
0
27
0
0
14
105
0
0
191
285
0
4
8
67
141
2
0
3
0
83
0
62
0
0
13
29
0
0
682
122
0
30
738
24
41
357
176
0
0
2
0
0
1
3
329
183
0
0
0
0
12
188
7
0
18
6
1904
19
12
0
0
274
119
34
0
737
7
0
0
193
6
0
1
0
0
9
315
84
102
9
430
0
0
0
0
0
0
624
0
5
231
441
12
0
119
0
0
0
519
148
313
0
0
0
3
141
0
0
515
0
0
0
260
0
0
0
1
0
1063
930
0
5
19
131
0
0
0
0
0
18
792
675
0
399
0
1
0
0
52
0
13
0
0
2
38
4
0
0
0
0
4
144
4
0
0
0
58
0
0
0
0
0
4
1377
92
0
3
81
0
495
122
15
1
154
37
0
0
0
0
176
17
0
6
313
948
3
0
0
0
1
0
0
0
0
0
12
0
112
0
1441
0
0
0
580
0
0
53
0
21
0
3
0
0
0
303
294
2
572
0
3
35
0
7
0
0
0
0
20
0
0
2
0
0
0
836
53
7
84
0
0
0
21
0
186
82
0
20
448
1
0
0
155
0
0
2
20
2
951
7
0
569
7
0
0
5
0
3
0
0
0
32
9
0
0
0
0
0
0
0
0
1
0
4
250
0
0
9
0
0
6
0
0
0
95
29
20
0
576
0
17
904
0
83
0
9
78
0
0
0
35
11
0
29
915
0
79
0
0
83
6
0
186
0
329
0
0
2
10
664
0
0
0
0
0
62
227
15
0
0
0
72
157
527
0
20
6
0
11
12
12
0
62
100
0
2
45
11
0
0
0
114
0
0
0
2
35
0
272
0
0
59
40
1573
73
28
261
0
0
110
889
1
2
887
0
0
0
33
27
0
0
21
0
0
11
18
0
63
0
19
0
0
0
35
0
0
0
4
524
0
4
0
9
2
0
32
17
0
0
0
0
56
0
14
0
3
97
19
4
0
3
550
0
78
41
4
0
74
0
0
0
17
67
3
8
0
22
0
285
0
0
0
130
1076
0
0
189
0
116
0
0
0
0
868
0
0
0
0
29
22
17
56
27
0
453
0
0
0
220
128
75
0
14
43
0
52
0
3
48
0
2
0
115
370
0
0
3
152
4
835
0
1
237
0
0
0
0
0
0
0
7
27
11
773
0
19
8
0
647
1
0
0
123
0
0
0
0
816
0
800
1241
203
191
0
0
82
1779
0
0
3
18
0
0
2
0
84
0
386
8
0
148
611
0
1
0
4
5
0
173
8
0
110
0
0
662
0
11
0
50
404
2
0
0
122
0
0
34
353
0
0
0
0
245
375
35
17
0
0
0
6
0
6
0
0
80
0
0
14
24
10
527
187
0
5
116
0
0
0
0
0
0
0
0
0
932
10
98
0
3503
0
668
0
6
0
320
0
2
0
3
12
33
32
130
44
22
64
0
102
0
124
3
5
0
0
0
107
12
0
328
11
141
0
3
0
0
25
38
231
0
0
3
0
0
964
0
146
93
94
121
116
6
8
0
119
15
0
256
0
0
0
0
92
0
0
14
3
74
0
0
1
56
8
0
7
0
291
4
0
0
24
0
0
0
0
615
0
0
0
91
0
16
104
0
0
0
157
3
0
0
245
0
0
0
222
36
43
44
1
1
386
0
0
675
0
0
0
299
0
1
11
75
0
1
0
0
0
118
48
926
77
3
0
0
0
216
0
37
0
432
87
0
497
4
334
121
44
12
211
0
0
30
248
0
382
0
40
0
50
0
13
0
0
675
0
0
0
18
0
1268
0
15
0
10
0
49
0
5
10
56
0
7
149
2
0
2
0
241
0
14
391
3
0
1
273
110
173
53
0
0
0
24
51
70
0
0
56
0
2
0
4
0
0
289
1
1
44
6
40
1
0
0
0
143
0
151
2
3
62
17
0
0
1
2
0
153
0
82
0
7
0
0
87
0
50
248
0
264
148
0
28
0
94
66
0
16
0
42
0
120
48
31
0
20
238
46
29
0
9
2
67
348
933
39
0
0
0
0
1
367
349
1
28
9
110
0
66
0
0
0
0
84
0
51
0
7
13
69
9
0
13
38
124
0
143
0
0
0
42
16
0
0
0
0
4
152
148
0
154
38
1257
10
391
1
31
27
0
0
0
3
24
0
0
3
0
0
15
44
4
0
0
47
10
122
0
189
20
410
30
0
1030
46
151
0
0
0
0
3
0
330
0
65
39
4
0
29
7
2
0
13
0
48
0
0
0
110
99
941
29
4
107
0
11
32
8
0
0
230
0
1
75
307
0
0
0
518
0
610
3
0
0
19
93
24
0
124
85
0
6
0
0
0
578
1
61
508
447
0
63
0
0
61
22
649
244
0
0
0
43
0
153
120
72
11
1
0
8
0
139
867
1
9
25
21
0
0
0
0
303
0
739
660
191
3
0
686
0
707
0
0
9519
1
0
0
0
55
14
23
0
1
56
0
139
86
0
173
35
117
1
0
417
0
1
221
522
2
0
0
112
7
194
1
0
2
3
12
0
0
0
2
0
46
0
0
0
59
0
82
0
0
210
2
346
125
0
65
0
11
203
2
0
93
12
2873
0
0
0
556
307
6
0
37
10
0
1533
33
282
0
0
0
0
5
165
13
2
24
0
0
0
19
0
2090
20
0
0
0
61
11
0
0
0
0
0
25
2
1
226
0
7
32
0
7
0
837
0
99
128
0
0
0
0
0
274
0
0
21
0
52
0
618
0
2
0
1973
51
149
0
0
0
43
62
60
0
8
0
21
3
3
335
22
958
3
0
0
174
20
0
185
168
0
116
0
1
0
0
0
45
113
28
3900
377
0
0
0
0
257
0
1
0
453
26
0
625
23
0
8453
44
293
93
3
6
0
0
1
188
28
32
0
0
86
235
23
14
0
246
0
15
68
1
0
0
0
0
0
35
0
0
0
3
0
428
0
9
0
0
0
0
35
11
0
0
47
0
926
2
3
0
0
999
1
0
0
18
0
84
1
112
259
0
0
0
0
0
0
0
0
0
0
0
0
0
0
0
0
0
0
24
0
0
0
0
367
0
0
0
0
0
23
13
1
3
0
79
38
0
995
0
0
0
0
0
0
0
0
0
1
150
0
0
0
0
6
0
79
151
0
0
0
0
0
15
6
14
0
35
189
59
0
0
2
341
2
0
43
66
0
0
59
32
0
0
80
70
4
6
5
5
1027
223
0
8
132
0
55
0
87
41
0
0
131
18
832
128
0
45
0
2
0
1
1
468
0
0
0
0
0
0
0
0
0
221
21
146
0
1
0
0
0
0
30
312
0
18
69
526
0
0
186
1
0
0
377
0
0
2
123
11
0
0
0
0
614
0
0
10
0
424
0
0
0
9
0
3
1
0
0
0
0
3
0
0
0
61
0
1091
0
0
421
6
0
118
0
107
433
9
44
0
0
38
0
1195
0
0
0
0
29
17
1
13
0
0
1
18
0
0
3
0
281
283
126
2
59
0
87
0
0
0
0
0
0
0
1022
4
2
16
0
0
0
0
0
0
30
3
0
181
57
294
154
2
58
0
0
0
38
0
454
0
5
282
0
2
0
0
0
0
0
0
301
0
0
0
0
0
903
0
14
0
0
305
0
0
2
14
1
0
46
0
7
0
163
149
4
0
25
468
0
0
0
0
205
46
212
0
42
12
3517
0
0
195
0
1
0
0
0
7
0
2
83
22
0
0
1
0
304
0
0
35
1326
0
179
62
59
0
0
189
13
0
14
2
217
748
0
64
0
0
0
5
0
0
0
9
208
0
0
1
0
0
0
0
161
31
233
0
0
0
24
18
1243
0
60
0
0
0
0
6
0
6
1
0
869
244
0
0
0
0
11
2
59
161
0
440
0
0
0
25
0
2
11
0
0
0
0
236
0
119
60
0
84
71
0
1035
0
0
31
0
225
0
349
0
59
52
0
0
0
18
0
0
6
0
10
0
0
0
0
34
10
115
692
3
301
0
699
0
244
0
0
9
9
14
267
3
119
116
16
0
5
109
0
2
0
0
43
31
78
4
2
6
2
0
3
0
5
0
0
81
0
0
405
0
0
0
0
0
0
0
0
0
45
5
30
3633
213
0
34
0
1
1
89
0
3
0
0
0
0
8
0
0
0
0
7
31
301
13
28
0
5
0
354
0
0
0
0
0
2
0
0
0
0
15
143
416
0
1095
0
27
201
904
406
12
0
0
0
8
138
229
0
0
0
2
0
106
0
0
0
0
0
119
96
71
2439
3
0
41
106
552
0
0
7
3
129
0
103
3
666
0
1
35
0
0
0
13
0
224
0
328
32
150
0
383
2685
508
0
8
1
19
0
0
0
0
67
0
0
0
138
0
179
0
0
4
643
232
42
0
0
0
0
5
5
57
0
49
102
0
7
0
568
47
31
6
3
0
1
0
1421
0
28
0
4
982
0
0
2535
0
216
2
386
0
0
11
0
0
2598
0
1112
2
0
0
970
0
0
0
216
0
57
1255
0
3
6
17
1453
2
0
0
83
0
0
12
0
0
2
100
0
0
25
37
20
2
0
0
115
398
5
0
0
0
2
0
0
243
2
2603
0
3
13
4
0
0
0
7
0
0
0
1010
0
702
0
0
369
0
0
0
18
56
78
0
0
23
0
287
0
14
0
125
16
133
2
263
0
0
0
0
0
0
0
46
0
0
111
0
13
1
684
0
0
0
70
7
0
87
0
0
7
0
66
19
0
1
0
0
0
554
29
11
0
0
1
0
0
0
0
0
131
223
0
75
206
14
0
132
0
159
0
23
0
27
0
0
0
0
33
0
0
0
47
0
28
410
0
0
0
57
126
9
9
0
516
7
14
0
0
0
0
0
12
11
239
1
0
0
0
102
2
0
21
0
30
19
0
0
2
42
3
0
1335
33
0
80
96
4
0
37
62
0
1529
1653
54
123
29
593
93
0
0
23
1
43
348
0
85
0
2
2
17
0
0
0
0
0
2
79
0
0
0
0
1
0
0
0
0
2
0
216
0
21
0
61
0
0
2
0
0
0
0
0
0
221
0
2508
24
0
1
0
370
0
0
0
0
0
0
0
49
0
0
405
0
13
5
0
4
114
0
460
43
0
0
28
0
0
1
19
0
2
3
0
0
0
99
6
0
0
0
13
47
36
0
5
0
35
2
0
82
18
0
0
27
44
0
0
0
0
38
245
0
35
0
0
0
115
4
0
5
0
142
1
9
291
0
0
0
14
0
1
294
0
0
0
0
0
2
0
712
983
0
18
0
3
64
307
1
0
0
0
33
356
0
281
939
0
0
3
3
0
117
0
0
0
16
0
0
38
0
24
5
740
0
4
0
0
269
3
0
3
0
0
0
0
394
55
0
0
35
0
126
0
0
407
1
2
152
16
309
142
5
0
97
0
1
0
58
39
0
1
0
35
49
109
0
0
0
0
0
0
2
0
0
164
0
0
50
77
0
0
47
0
218
83
33
0
0
0
0
3
0
655
0
136
3
44
0
0
224
0
0
0
0
435
1
28
14
214
4
1085
1
0
71
164
163
214
215
0
3
150
1
853
0
42
14
78
1
2
48
98
0
0
125
0
116
1
0
0
0
0
0
14
2
186
0
2
0
14
0
19
0
0
361
0
2
152
0
344
67
0
552
1398
7
0
0
0
0
636
183
0
0
0
0
0
0
0
0
354
49
0
0
6
0
468
0
178
4
0
16
34
0
0
0
148
0
79
64
5
0
4
269
0
786
0
65
2633
2422
9
45
0
0
5
120
22
0
511
74
64
2
0
45
79
15
0
426
0
0
128
0
0
2
0
11
0
17
4
0
0
7
62
0
4
4
14
1
24
0
71
0
155
0
60
328
0
1
151
8
0
1
43
133
0
1
0
0
0
80
4
0
12
4
0
0
0
0
58
47
168
6
5
0
2
0
1
0
0
1155
0
0
3
0
613
0
0
0
44
0
0
11
0
167
0
6
0
0
0
7
31
9
1
0
528
55
0
9
0
0
0
0
15
162
60
0
1690
0
65
190
0
0
47
0
36
50
0
0
0
0
0
2
0
37
0
46
69
4
0
30
50
0
0
0
0
1
0
114
0
1
4
0
35
0
3
42
187
0
160
0
11
38
0
679
0
0
0
361
102
59
0
0
0
0
18
0
394
0
578
124
0
42
66
25
488
0
18
98
10
0
0
285
44
0
243
5
0
263
0
10
0
2397
0
1
0
9
0
0
0
0
303
10
0
0
250
0
0
0
51
676
0
0
2
0
255
0
0
35
0
0
2
0
0
0
60
0
31
272
0
0
374
0
0
173
0
1079
2
303
16
0
0
38
2
98
237
0
87
63
0
3
303
47
0
0
0
0
0
0
211
56
0
0
4
49
396
114
8
992
6
0
0
0
17
2464
0
78
120
0
27
200
6
896
133
2
0
158
197
0
2
0
0
0
0
0
100
525
118
1237
8
1135
379
284
2
156
0
0
0
0
0
304
0
3
0
343
36
0
5
0
27
73
0
0
4
39
1445
239
66
0
0
3
70
0
0
0
0
0
0
22
0
381
202
0
6
0
5
23
7
12
0
0
5
0
0
309
0
4
31
33
0
49
0
0
428
3
945
0
0
102
14
925
3
1
18
0
9
0
0
0
0
0
0
1
47
694
0
52
3
6
0
13
1
0
21
135
16
0
1
9
0
1
0
111
51
19
104
49
152
0
0
0
0
0
0
238
71
340
0
1
80
0
142
0
291
1
660
47
0
0
0
13
38
32
40
4
3159
39
7
0
1
2
0
11
597
3
0
0
0
18
285
0
0
24
10
893
3
817
688
24
78
431
89
3
118
35
88
0
415
724
150
11
646
0
0
0
251
7
9
0
0
265
256
689
2054
0
126
0
722
5
0
0
0
0
0
0
16
0
0
0
3052
250
64
0
422
279
3
4
22
0
964
0
0
0
0
0
38
34
27
0
0
627
3
31
2
41
0
0
359
714
0
32
4
1
672
1
660
0
0
143
67
12
42
0
0
0
0
0
0
0
27
115
22
0
0
6
639
1238
0
13
1
34
4
41
1
794
0
0
162
2
0
0
0
0
0
398
0
0
0
0
96
0
0
0
1650
0
68
188
110
66
0
0
208
0
0
3
59
0
69
0
25
0
939
3686
12
367
0
13
2
177
195
112
0
230
0
0
3
0
89
0
0
0
0
0
3
2
88
31
155
28
66
119
8
6573
649
58
0
47
0
0
2
0
0
0
17
1
0
0
0
59
162
42
0
4
8
26
0
111
53
582
0
15
11
37
1
21
0
3
0
0
2
237
0
9
0
6
520
2
0
0
27
0
360
755
0
0
0
290
1
122
439
113
473
451
0
115
0
135
2
1
0
0
48
0
119
0
0
507
0
0
0
0
0
0
0
3
782
21
49
301
0
6
5
0
298
1
0
0
0
12
0
0
38
11
0
0
146
128
145
0
0
888
5
0
314
0
1
0
0
0
0
0
2
72
0
1
0
11
0
52
0
0
0
0
0
0
0
2
5
86
4
1
1
7
13
0
48
0
0
0
0
0
11
0
818
7
0
251
0
0
34
0
0
6
486
0
0
201
0
0
0
4
0
2
275
1
63
1
196
76
0
0
16
0
0
0
0
0
0
21
0
0
0
47
0
0
110
105
31
0
5
429
555
0
0
24
0
560
0
1
0
65
203
879
0
0
50
1
0
2
47
21
9
0
0
0
0
0
256
6
0
365
0
333
0
205
0
28
64
19
50
630
0
669
10
3
0
0
198
0
0
182
0
31
0
0
5
0
565
5
0
5
0
0
1
3
19
0
0
424
0
0
0
0
0
0
9
162
57
33
0
0
35
2180
515
0
23
0
0
0
8
0
0
2
4
57
18
36
87
1215
0
0
0
597
0
22
0
0
0
0
625
306
3
8
0
213
0
0
9
150
1
0
0
0
5
98
0
0
8
0
0
5
0
11
0
0
929
4
46
0
0
0
0
7
0
2
0
3
12
0
0
0
34
0
0
275
0
0
0
0
0
0
0
0
0
0
3
0
2561
0
0
0
99
0
47
74
109
0
5
9336
0
2
0
284
14
0
0
0
2
0
0
0
0
0
129
0
0
0
9
0
0
0
0
0
0
0
0
0
0
109
0
0
0
9
6
2090
21
21
0
7
0
0
1
0
0
2389
606
202
203
10
0
0
97
0
184
51
504
568
31
668
456
737
0
235
80
0
9
0
0
1
0
0
616
0
0
0
0
49
25
442
5
397
14
138
2
0
0
0
13
81
12
0
0
2
94
19
63
15
100
2
5
18
27
0
0
0
1
0
0
2
0
0
0
0
0
0
0
98
31
0
0
0
1054
0
0
3
2008
173
0
329
0
3
0
0
1
395
2
0
733
8
0
555
0
0
87
53
0
0
0
0
0
289
0
0
3
6
1
0
488
339
0
0
0
0
0
6
0
0
2
145
9
0
0
32
0
0
0
3
706
0
0
358
1
0
0
268
0
1
121
0
0
35
0
0
0
0
191
0
0
0
83
3
0
2
3
0
0
62
4
0
0
0
3
50
0
107
0
0
0
0
723
0
1099
0
0
3
0
0
0
0
0
306
574
0
0
0
24
0
262
0
0
0
47
121
11
1
0
298
0
0
162
61
0
0
2
0
0
1601
0
0
0
988
0
2
6
54
0
92
2099
0
1
0
1
0
0
0
0
0
3
0
193
82
1
0
0
0
0
0
0
4
0
0
684
0
89
0
65
0
0
0
0
0
0
0
0
0
0
6
0
4
0
0
0
0
0
3
537
0
127
0
0
0
91
0
0
0
781
0
2221
0
651
0
0
0
0
0
15
0
12
0
0
0
0
0
0
14
0
0
0
0
697
20
0
0
320
0
0
0
0
0
0
0
3
0
0
78
0
218
20
0
0
0
13
0
64
0
0
4
50
0
0
0
1
0
0
5
0
0
0
0
1
0
0
0
4
0
33
207
19
0
0
0
0
3
0
0
0
526
0
0
0
25
33
0
4
0
0
0
0
0
111
3
0
0
0
0
1287
217
0
215
0
0
0
0
0
0
3
0
55
355
16
171
0
1
0
307
682
0
22
163
0
0
0
1
0
1
1687
2
0
0
0
3
1231
0
477
12
1
5
0
490
0
0
0
0
0
278
0
0
0
0
0
0
19
0
0
0
538
174
0
0
0
904
0
9
204
0
1278
0
0
4
0
0
0
0
35
0
0
0
0
3
0
0
0
0
101
7
36
0
31
858
0
1175
0
26
0
0
0
29
0
0
4290
0
0
0
0
0
0
0
0
0
12
0
0
1
0
0
414
0
157
0
0
15
0
531
125
0
659
0
0
709
0
6
3
0
0
0
2172
0
0
0
0
0
0
2134
31
0
149
4
0
5
0
0
0
102
0
115
0
1
3
0
99
5
0
166
0
0
0
0
0
0
0
2
3
385
4
2
0
0
0
0
0
0
0
3
99
0
0
0
0
394
0
0
0
13
0
92
0
0
0
0
0
0
0
0
0
0
1
4
0
5
870
3274
327
4
0
0
0
394
0
0
3
0
0
0
0
0
0
87
0
267
17
0
0
100
1
0
0
0
1167
0
0
196
0
0
10
108
0
0
74
0
13
0
17
717
339
26
4
0
22
0
71
0
39
0
27
5
167
0
703
0
0
364
4
324
349
72
0
0
0
276
2
0
313
149
0
211
3
0
0
56
0
677
0
0
0
0
0
927
1252
724
6
0
0
0
0
1
514
166
109
0
361
11
1
2
9
47
0
4
76
0
13
66
12
0
22
70
22
0
0
0
163
18
55
868
80
134
101
0
0
12
179
0
76
1
0
51
0
27
0
0
156
9
0
2
4
2
39
0
64
1847
0
0
2199
3
0
86
1996
0
10
79
3
0
0
7
15
5
0
0
0
0
0
14
32
28
2041
409
4
731
39
93
951
27
0
63
0
0
0
11
0
101
7
64
8
0
0
18
140
519
6
0
723
6
20
0
56
0
94
169
176
25
0
72
0
359
0
0
0
0
96
0
33
27
199
100
0
9
188
16
210
468
68
0
0
172
874
4898
0
0
7979
94
229
0
0
0
0
172
291
0
45
18
536
0
0
0
413
0
247
0
0
1609
15
135
1692
0
0
6
1761
0
2
61
111
162
218
750
0
0
481
210
36
0
81
30
0
189
1045
0
10
5
139
0
0
1
6
0
0
16
0
0
24
447
21
257
141
178
874
0
16
210
0
54
0
825
0
238
16
477
0
1
0
117
0
1415
819
4089
0
0
169
256
0
243
126
0
0
2
31
0
740
2
99
0
75
565
24
0
0
7
537
0
0
14
152
0
185
0
0
13
2
56
40
0
290
0
918
46
0
112
40
0
964
0
1114
0
143
0
1
0
12
653
468
23
0
0
677
0
633
0
0
448
487
37
0
2
97
191
0
232
0
15
0
180
108
0
0
3734
0
1
408
9
124
67
238
3
0
51
32
24
138
0
108
173
0
187
904
216
78
14
790
143
6
621
9
0
117
0
7
47
71
3
0
129
105
755
18
1
0
0
0
1167
131
478
234
714
3
71
0
0
0
70
455
43
0
9
76
37
0
3
45
243
971
0
16
240
0
352
8
133
46
0
0
51
23
526
0
0
100
1
33
258
38
0
54
0
173
29
13
0
0
30
35
433
0
0
0
0
18
12
3
286
17
0
0
53
4
0
0
146
2257
21
0
0
0
49
692
46
177
3214
278
39
10
0
95
31
0
380
17
211
95
44
21
13
0
13
382
39
0
28
12
0
237
0
4139
7
138
29
0
0
95
4
0
0
52
2
19
130
26
0
302
2
5
31
0
36
217
0
0
45
703
0
0
42
57
0
0
432
754
0
7
70
1
0
0
914
33
19
0
12
0
0
0
264
52
313
1
44
0
7
8
3511
0
5
3
16
485
33
0
0
0
24
242
0
182
172
0
0
835
1157
0
0
13
8
0
0
37
0
2073
90
760
642
0
0
0
878
0
0
0
21
6
0
247
0
11
66
0
0
5
563
287
122
355
261
0
0
0
1
198
0
0
384
97
0
204
0
1
0
445
547
1999
357
1
349
26
19
860
0
0
0
70
0
482
286
144
44
874
23
0
427
0
0
42
0
1089
0
58
93
292
40
586
16
0
4600
1
0
0
17
0
0
1241
0
215
468
598
0
113
0
152
25
4
144
12
107
3508
0
0
0
443
0
230
37
150
0
34
86
8
128
1
0
2
0
0
1432
0
150
0
0
0
0
60
166
913
0
3
0
0
0
0
1
0
0
951
680
0
0
11
0
0
139
0
2
23
0
0
0
70
16
686
329
0
30
0
62
146
208
66
0
0
105
0
0
5
5
2490
33
0
0
373
7
0
516
0
180
0
3213
292
0
53
8
0
353
0
0
0
20
85
77
0
0
149
158
25
0
312
183
0
0
0
2353
22
29
93
456
29
39
2
62
0
141
11
0
0
0
81
412
0
586
289
0
19
0
0
0
391
583
5
175
0
0
160
194
162
3
176
3
196
159
76
0
9
17
0
3
5
1
0
1
2913
55
8
2
0
0
0
927
126
216
138
0
2
42
54
22
168
11
0
0
2
0
0
0
1101
0
0
31
20
89
116
660
0
0
257
0
1544
3
201
0
127
0
91
18
140
0
74
36
144
3
3
0
1318
183
51
0
675
577
0
206
0
30
0
0
0
0
481
62
0
563
0
2
88
0
3
0
886
50
0
12
0
125
811
105
0
0
2
70
0
0
9
235
0
0
0
18
0
91
0
0
0
313
1
1
0
868
0
49
8
10
0
0
15
581
0
0
275
0
0
0
0
0
51
31
2
13
24
0
0
9
0
0
8
3
0
0
56
30
821
0
0
0
14
10
5
0
0
0
0
11
6
4
28
31
0
0
0
0
4
0
0
18
0
7
57
0
0
107
0
0
7
0
32
0
1
14
10
36
15
0
6
0
0
11
814
0
0
0
0
68
38
31
20
0
0
120
278
0
1021
179
3
174
9
64
4
123
12
7
149
2381
6
0
0
194
0
0
1046
5
209
0
0
62
0
96
425
1
394
9
230
12
0
130
90
32
0
0
26
1290
22
4
180
24
0
1703
12
583
2528
0
0
146
87
0
10
22
283
21
33
67
1163
44
92
53
6
206
342
303
10
0
0
451
3
0
0
0
0
0
0
0
14
0
56
138
20
323
12
55
0
10
160
63
68
0
0
17
850
6
152
0
42
8
0
12
375
0
106
9
0
0
3
1010
0
0
791
0
3
41
0
0
66
19
1685
0
567
2
129
383
43
0
0
0
5
0
1808
0
0
1
0
755
0
0
1151
550
5
0
86
12
35
354
138
8
21
184
0
5
353
14
0
0
0
0
0
44
189
0
121
260
0
0
312
1821
93
1872
0
6
0
964
7
184
0
6
21
17
17
0
0
1
1
16
0
53
34
272
0
612
55
514
1013
209
573
0
0
1604
0
0
0
2
231
501
0
0
0
1
0
0
0
0
0
0
2
0
0
17
35
54
96
116
0
5
0
142
0
0
0
0
18
0
56
0
134
3
15
0
0
0
0
37
253
20
0
2
8
0
1310
169
0
0
0
0
123
0
3
0
559
0
5
79
821
0
1314
31
0
3
0
95
0
10
0
0
0
0
15
93
30
0
0
54
7
2
180
0
44
0
9
0
12
491
21
0
35
0
0
64
0
174
164
532
0
0
0
116
476
0
32
0
0
2
0
84
0
2
153
0
2
5
0
0
266
0
4
218
230
81
0
108
116
242
4
0
16
163
31
162
0
0
0
0
3
90
114
570
0
0
0
0
46
0
0
0
0
0
0
0
0
237
64
0
4
35
265
0
31
14
2
12
1
135
0
332
0
191
80
0
9
6
0
0
0
0
35
0
0
1
117
57
0
7
26
221
9
33
0
56
4
0
0
0
1
0
0
50
0
3
10
0
4
0
60
0
6
6
0
3
56
0
23
0
15
2
238
14
0
431
4
6
34
9
16
0
11
0
2
0
1
5
9
0
8
66
0
2
0
70
152
88
232
0
0
61
0
40
0
2876
0
103
93
859
0
0
1274
421
0
0
0
810
0
0
9
43
1
0
5
43
0
197
0
13
486
105
501
0
6
4344
86
1
31
0
72
31
0
2
657
0
1669
0
0
553
0
56
0
1
518
0
0
147
0
194
13
12
26
73
19
53
0
0
417
110
2
0
162
6
144
2
91
22
206
14
1
0
0
0
0
1
334
0
0
446
699
5
0
514
0
1
0
5
0
0
0
746
13
365
33
284
607
10
202
0
214
4
38
550
2
2
23
51
14
0
427
0
91
4
0
18
923
0
3909
0
819
54
0
671
0
0
446
0
314
603
0
5
170
400
140
61
2
0
0
75
246
0
3
0
25
283
21
0
0
0
7
550
0
81
1106
132
624
66
38
1066
35
11
3
280
1180
0
0
834
407
130
0
752
297
124
0
0
5
4
1302
1838
449
35
294
0
166
17
0
0
796
5
59
0
294
105
0
47
11
13
609
193
60
158
0
6
134
8
1
0
0
401
0
104
472
41
2
0
0
55
273
0
30
0
0
570
0
1047
31
18
0
0
955
0
204
701
24
0
90
552
177
407
99
2
3
0
1115
0
1488
71
0
0
0
1
1896
0
1181
156
2000
81
322
491
214
0
304
0
0
3
0
15
137
168
150
0
15
34
8
378
0
0
567
45
0
0
79
128
65
171
0
0
13
2647
0
0
29
5
38
0
344
316
4
31
151
0
151
33
0
0
4
170
407
3
0
0
0
209
0
28
11
46
0
228
1
15
1
0
0
0
9
0
151
4
15
0
106
0
91
0
10
82
12
12
55
32
1024
0
5
0
0
98
166
39
716
14
1
0
159
12
20
0
321
243
0
0
263
138
0
96
52
283
5
150
0
0
0
5
1
4
281
730
74
9
4
265
329
2
90
0
21
33
172
284
456
870
2318
0
236
186
0
0
0
58
59
0
503
0
70
249
158
0
124
0
116
627
1526
538
0
1769
1141
0
3
0
0
404
1
0
0
195
11
0
0
1
4
0
2
3
2
109
2303
88
72
8
23
1904
7
1727
0
0
223
0
5
4
1
0
463
20
0
476
2161
0
30
8
0
382
187
2
0
25
0
0
35
0
68
0
179
8
267
22
0
6
509
94
0
0
335
12
2
0
0
0
95
0
2
0
0
0
2168
1301
59
291
46
0
12
0
0
33
32
787
12
263
396
0
126
75
61
138
0
90
0
0
0
36
0
279
82
38
51
51
37
106
0
0
0
0
0
1
70
79
871
0
2
0
0
2
1
0
0
57
10
54
0
611
8
158
111
0
6
183
2099
26
71
21
4
0
6
0
83
50
54
0
1137
0
1078
271
3
0
255
54
91
27
3
0
188
17
176
673
0
0
0
781
0
0
0
1
114
0
46
190
0
0
12
0
132
24
0
1298
0
4116
5
208
466
22
0
1283
1
0
0
152
0
0
0
0
206
0
365
125
0
313
53
0
45
693
262
31
0
0
9
78
2
0
0
64
492
2
1
7
7
59
0
0
197
226
7
0
48
0
48
0
0
4
2
1023
2
45
0
0
0
30
0
80
0
527
0
0
289
14
243
0
1
0
304
0
59
3
50
77
2
1447
95
1
3
0
0
0
0
0
100
308
13
0
27
0
0
27
172
0
9
35
1
2
21
1
130
638
2352
34
559
4
2
28
0
58
0
26
3
1766
0
60
137
0
3452
0
0
11
152
0
223
46
0
8
4
0
94
23
0
5
0
20
0
3
0
27
0
0
0
0
299
424
2
864
307
6
737
0
0
0
48
377
0
20
51
0
36
8
61
210
378
1418
0
0
0
1
39
1854
184
16
185
2087
40
97
0
2356
293
14
0
0
775
190
1960
0
0
2
5
121
0
1117
22
75
272
0
16
356
207
0
13
121
1444
5
2
32
18
0
13
389
10
15
6
5
0
563
136
2
0
135
14
1
2
0
0
100
6
5
354
207
72
0
860
6
0
163
74
3
6
0
20
0
768
0
934
0
103
0
586
33
262
2
38
0
0
0
8
0
0
0
1
11
65
0
1667
0
47
0
2
102
46
0
38
14
245
31
13
79
0
1
0
344
666
0
0
122
0
1
0
0
0
1159
0
110
672
5
31
98
633
0
2
0
0
263
24
20
0
40
0
0
0
0
0
10
109
196
41
5
49
37
0
0
0
4
64
2
0
5
62
227
126
0
0
118
0
0
0
73
0
0
141
31
29
173
0
8
0
282
0
0
4
0
5
203
15
6
0
217
28
226
20
411
11
22
32
8
52
359
0
0
8
0
328
75
23
163
342
2
80
312
0
0
0
0
145
2
27
72
3
0
649
0
129
3
8
5
87
226
0
724
0
310
21
0
2873
30
643
0
560
0
0
923
217
16
0
32
388
3
122
12
0
180
126
3078
22
0
0
0
0
0
785
2450
111
58
0
617
0
700
120
0
0
976
0
58
11
15
663
138
424
67
218
4
9
103
818
56
0
0
0
0
4
398
0
47
45
0
28
0
215
47
344
691
20
93
0
158
1
500
4503
172
4
581
183
57
29
0
100
10
579
20
0
9
25
0
0
0
220
3
10
0
0
132
10
0
0
29
0
364
1
26
0
472
0
387
0
548
0
0
15
49
3
6
0
490
3664
66
82
28
682
4
386
72
326
2019
3
103
0
45
148
121
0
37
0
48
0
2
17
68
674
7
2
0
0
0
317
45
102
0
89
1154
1088
8
0
0
0
39
455
0
124
2
654
434
120
21
998
16
58
0
0
710
0
0
0
0
139
0
0
0
67
0
0
8
1096
0
0
0
385
694
245
36
238
25
1461
0
146
4
0
6
74
23
4
0
65
300
17
2
0
417
0
854
0
57
0
0
3326
0
0
32
20
0
11
0
146
259
49
0
71
3
0
93
117
4
4220
3368
2
540
158
0
0
0
146
489
63
0
0
0
83
6
1391
23
210
67
4
218
0
606
38
31
203
0
14
0
31
1226
0
45
0
0
19
1411
63
6
428
0
0
0
0
4
0
84
206
5
11
171
0
1
0
1
429
1
34
121
114
496
0
0
3
13
16
1040
131
0
188
47
1
28
0
0
0
636
144
7
474
9
933
40
7
529
205
0
0
4
457
0
88
0
4
0
0
464
2
0
44
0
0
0
0
16
28
105
56
1125
0
2
0
53
0
0
2
646
0
0
0
0
0
0
274
2
0
0
0
26
0
0
0
0
1417
4
36
0
74
0
0
1
1062
0
8
762
0
0
0
438
57
751
24
2
0
47
160
60
0
195
1334
0
0
0
86
0
0
9
0
3061
0
22
89
52
0
0
0
38
4
160
25
119
374
943
0
0
402
497
0
6
0
21
414
0
168
1
67
291
5
39
11
0
41
9
19
0
203
0
12
0
2
111
65
81
155
0
164
809
64
0
220
0
124
0
334
205
259
0
0
148
688
0
114
7
4
0
442
0
0
0
59
390
13
0
181
178
581
30
115
6
224
0
23
747
161
7
2
0
358
240
903
157
0
55
0
16
0
0
30
0
6
0
0
0
304
41
0
0
0
807
66
0
34
14
0
4
761
35
0
2
0
381
1382
124
1871
0
0
0
0
0
264
0
0
108
25
380
0
0
44
0
0
2
175
465
0
0
1048
0
3
0
4
3
0
51
1
0
21
0
6
3
76
1
73
112
0
22
0
0
1
338
0
452
642
0
107
7
92
2
37
0
92
0
99
82
6
274
16
0
63
0
4
32
209
1
0
87
0
0
0
224
0
9
0
1041
157
21
335
0
0
0
10
278
144
14
111
2
0
2
7
0
0
214
856
0
890
3
116
5
79
7
0
91
480
10
0
6
172
30
27
0
55
361
222
4
250
126
0
0
4
11
213
778
432
0
10
510
0
743
0
0
0
14
263
68
661
0
0
0
0
0
0
109
0
0
0
203
0
3
0
104
10
2
313
0
0
0
2332
0
57
396
0
207
0
9
0
0
91
0
35
0
128
165
486
0
360
0
205
0
2
0
0
0
0
61
0
1
0
32
0
0
0
15
0
381
147
1368
0
26
19
124
7
1426
0
29
0
0
0
247
0
222
0
0
264
0
81
1
0
4
3
458
288
148
67
108
55
2
0
10
6
61
0
13
118
177
23
0
0
3
12
103
88
32
405
24
542
0
23
142
0
1330
0
147
0
0
720
0
191
25
537
0
18
0
33
103
2647
177
1
28
0
0
0
0
0
140
451
259
2
506
170
135
0
386
201
46
157
0
15299
15
43
12
333
342
288
3219
0
205
29
12
49
40
0
345
2
0
488
37
0
258
120
10
335
0
0
29
608
0
57
109
43
130
15
1
0
0
8
0
0
85
87
121
3
858
0
0
3
0
119
404
33
54
3119
2
4454
1
0
26
0
2
0
17
6
0
0
479
283
15
0
38
353
631
0
68
215
317
0
327
0
0
2870
40
0
0
2
0
13
2
0
263
3
1
100
1725
23
303
29
0
782
631
1292
160
158
0
117
446
0
0
25
43
771
0
0
680
60
0
4
0
0
0
143
22
539
0
7
54
1
15
10
2975
294
0
0
0
1
518
4
0
0
71
0
0
2
62
102
1905
28
455
396
0
0
2
169
0
0
0
7
4
283
3
0
238
774
90
0
552
778
106
109
27
6140
2
0
0
0
2302
0
0
0
15
0
0
0
1
11
110
56
0
19
0
536
2
0
140
820
0
1024
16
23
0
0
0
4
50
21
8
0
16
0
1
31
0
0
1
316
212
32
5
163
364
0
0
399
43
0
190
278
11
3
38
0
0
0
0
447
708
0
0
7
452
30
0
534
0
3161
77
0
0
381
0
10
90
68
0
161
30
122
1334
256
0
0
41
0
0
0
0
117
7
0
97
0
6
5
339
0
127
9
0
5
1
79
40
114
87
0
0
108
0
28
0
0
0
4
4595
41
15
8
73
0
203
0
0
48
47
28
93
726
0
0
61
66
106
260
0
112
23
0
5
1815
120
69
68
0
17
0
0
0
0
19
14
66
0
15
0
0
90
216
421
46
0
0
172
215
272
2
332
7
27
5
0
185
0
0
4
0
0
0
23
26
0
142
15
0
0
0
0
0
431
0
264
9
0
0
111
8
332
12
1215
25
229
0
3
125
0
0
0
0
0
130
0
13
14
0
0
6
23
1059
0
0
0
0
912
0
0
89
0
861
229
0
867
1
29
1937
0
108
9
0
2
11
2
11
0
34
6
2
2
164
1095
159
144
1047
0
46
143
497
17
1180
139
5
14
236
761
76
2654
11
81
54
0
0
0
30
270
400
8
600
345
7
2
0
273
0
0
0
24
14
2055
24
1
0
49
1235
187
4
25
0
19
7
130
0
794
275
82
44
360
0
162
0
13
0
12
1143
736
1888
0
531
0
178
106
192
0
0
7
0
1
0
698
0
169
231
0
12
3244
103
237
93
189
31
0
29
32
2693
0
0
3
149
0
229
750
136
0
72
14
421
4
28
0
757
560
19
0
12
93
408
0
4
0
41
45
0
0
78
0
1
0
0
0
527
0
1639
0
0
57
2862
0
94
1
1
35
0
148
0
4
14
712
13
0
461
230
92
229
0
5166
163
48
0
0
0
39
3
1
316
0
0
0
35
61
2
783
0
0
49
3
0
91
0
761
27
97
382
171
813
0
314
0
135
0
1072
19
557
0
0
0
0
4
497
21
0
7
724
25
283
0
482
361
427
140
65
25
0
14
0
5
0
0
0
146
2
0
458
0
21
112
442
57
0
0
18
35
3
0
0
108
389
11
0
587
199
193
0
0
0
102
16
0
93
305
5
0
0
159
0
8
47
0
7
148
10
2
0
66
0
698
0
93
12
0
2
0
0
86
0
29
0
71
280
2
0
331
0
221
0
188
1
0
39
2
97
555
813
0
3
0
156
0
0
117
3
550
208
3536
0
20
38
100
177
96
0
0
0
148
28
0
3
0
0
0
13
0
0
296
60
0
5990
1541
8
0
5
0
483
0
69
0
915
100
0
7
2438
461
0
0
21
251
29
0
0
68
9
0
310
2233
0
705
0
0
365
1162
112
26
1
1
0
570
1860
0
154
0
440
0
0
0
3774
857
7
0
0
1214
132
20
368
0
0
2
0
5
154
373
0
282
0
0
0
2
6
0
44
59
0
54
5
88
0
0
80
38
28
0
478
0
156
0
78
2
19
1621
4
0
0
82
44
4
336
3574
3
178
62
26
246
68
0
0
38
3
54
468
0
28
7
0
0
15
207
272
323
0
0
89
274
234
33
0
168
98
568
6
0
311
115
28
0
44
14
122
174
0
167
0
62
6267
823
225
0
159
0
380
209
0
0
198
245
23
20
25
8
0
0
0
0
0
2
0
38
813
180
148
0
1
3
0
156
22
1240
0
3
0
0
0
0
76
1417
1
58
23
0
89
0
0
426
256
0
0
2
0
37
643
73
31
11
186
1
2
128
0
0
23
0
35
219
44
0
0
697
1
0
5
0
657
0
11
157
0
0
176
36
517
0
10
3
133
1
61
1
0
0
0
969
0
0
152
27
68
0
1202
0
29
0
168
53
18
0
15
15
3
1462
54
0
7
8
0
44
0
0
678
23
71
215
0
4999
7
46
238
2
2
0
0
204
70
72
0
113
1
0
88
581
4
115
24
22
389
54
0
0
129
0
0
0
252
1173
0
25
170
134
214
4
0
0
0
60
8
2059
0
48
0
22
464
97
76
447
7
77
0
21
0
0
34
0
0
0
196
182
1
15
2027
5
0
0
0
43
151
16
0
430
0
46
56
476
354
10
176
0
34
544
78
384
0
0
14
70
0
0
0
329
1
742
892
0
12
0
3
24
7
85
0
0
160
91
143
0
0
137
23
1027
1
0
131
0
12
0
0
391
22
553
2
0
0
0
11
0
646
473
0
11
47
79
626
107
0
0
15
150
0
38
5
1231
5
286
0
155
0
0
0
5
0
893
443
43
4
53
0
0
506
0
1
63
0
10
0
9
0
224
0
0
24
6
0
2397
358
21
781
2
0
0
1511
0
17
0
96
0
0
29
0
24
2
289
614
5
0
1647
0
0
2
42
231
3
236
38
0
2
0
0
366
55
17
3
0
65
0
0
0
9
0
132
22
0
4
0
0
2
1
4436
0
5
3
421
0
59
1
0
1195
215
121
4418
194
0
671
0
8
80
62
77
0
568
0
267
0
0
258
0
134
0
1
15
597
92
0
0
34
243
704
430
79
0
0
161
1
1
0
50
17
4
1
14
0
3
141
40
162
173
0
0
0
18
106
28
1664
0
45
0
56
0
1591
141
44
56
1589
0
184
59
0
90
384
2
0
18
103
86
98
0
0
0
0
69
404
20
27
42
25
843
17
5
286
43
467
12
0
645
0
77
0
34
512
26
35
22
572
0
31
8908
18
0
0
181
0
202
295
4
117
237
1037
675
0
0
138
0
0
56
187
48
63
0
31
145
1
0
38
13
0
0
1
0
0
2823
0
0
0
822
0
94
0
143
1915
0
0
10
5
16
3
0
4
121
133
338
0
1
211
292
106
508
361
74
0
98
0
144
1212
10
216
0
21
1370
0
224
36
0
0
525
7
581
190
3
0
70
0
10
0
1
2
465
0
0
160
300
0
12
0
117
0
106
31
202
5
0
1113
0
312
0
1329
309
0
37
575
0
106
32
9
0
305
0
53
164
1620
6
0
0
1
9
190
0
17
0
326
3
1
0
0
340
0
1948
0
5
44
0
0
0
141
0
33
0
154
0
1
115
0
20
0
9556
2
13
2
0
0
0
168
0
0
1
97
0
2
0
4
652
0
513
197
136
0
0
128
58
0
0
0
0
21
0
407
140
10
0
541
9
0
319
0
822
0
0
134
0
0
77
344
0
850
1
15
0
0
0
0
0
200
0
11
0
0
280
6
0
1015
4
0
2
53
28
3
0
0
604
2
4
0
22
7
0
0
77
416
0
88
49
0
88
3
0
944
2348
0
0
0
0
265
1
315
15
46
0
0
4
3
589
27
31
7
0
330
0
1
160
79
55
0
0
45
0
5
170
22
0
185
821
0
243
0
0
10
177
0
24
1
14
160
4
167
0
82
0
0
0
1
462
0
125
0
0
2
275
1
0
74
44
0
478
130
0
75
0
0
29
11
1
111
137
0
0
11
7
4
9
144
0
0
5
77
0
1060
0
39
0
183
0
74
74
906
4
0
55
2
895
33
23
75
0
0
26
10
862
0
0
56
3
34
183
39
426
130
0
0
334
0
20
0
1012
3034
2301
0
15
35
287
102
2
12
0
183
27
63
10
119
55
1981
209
572
323
1146
638
0
0
28
0
109
414
0
197
0
6
44
0
3050
0
23
6
68
113
0
4
498
0
81
4
12
2
0
0
271
0
23
0
0
0
3
32
3
0
317
17
140
0
264
11
5
2
0
156
0
17
0
42
137
0
484
491
0
28
2990
35
27
1
0
0
0
467
0
0
0
18
7
8
0
1
107
605
198
0
0
2
0
223
1
0
0
0
14
0
52
30
5
0
0
392
6
0
0
7
752
1173
300
1133
0
2
164
0
0
2
108
1125
202
24
0
147
0
0
56
123
0
1
0
0
4
2
0
1
0
0
0
0
7017
0
79
67
9
31
29
806
709
1017
0
0
0
291
0
36
99
0
0
0
56
341
7
0
3
55
0
669
168
16
2
16
0
1
347
27
0
27
0
18
15
0
22
1851
141
11
231
68
59
243
1294
17
29
0
0
13
0
536
66
683
1635
0
1
46
47
405
0
23
0
134
184
55
274
19
381
0
0
101
1
1766
5
0
0
0
22
0
24
4
120
82
0
68
0
302
237
47
496
0
63
8
76
104
2732
589
0
0
276
7
85
3
1934
0
0
2121
0
0
6
0
0
9
0
0
723
0
0
484
0
0
0
5
7
7
26
0
0
300
0
93
171
21
1
0
738
55
2253
2
78
0
232
561
3
0
206
86
1
50
0
0
122
0
98
0
0
311
3656
33
58
144
904
0
3
4299
2
0
1022
870
0
439
58
2728
8
0
0
360
13
300
12
1
758
0
46
0
0
0
5268
1493
17
4
202
1
553
2642
58
0
2016
0
0
12
0
92
0
0
817
3
0
59
446
460
0
612
35
784
15
30
22
0
57
0
1216
382
270
0
0
19
0
1262
1
0
1206
557
0
0
27
2
344
0
683
151
164
262
0
0
1480
383
166
122
3
0
230
730
403
0
0
239
119
3
8
0
0
221
0
9
2
1319
466
0
0
3
5
9
377
71
0
228
23
0
70
233
1
98
680
0
0
48
55
97
1
167
0
297
37
64
0
152
0
0
0
21
412
0
793
206
0
5
253
191
146
103
33
19
3
238
1
61
33
0
9
0
0
0
7
2
0
2128
934
49
0
0
0
0
1948
200
51
58
38
5
1136
0
0
8
0
329
328
263
9
3
148
314
143
0
68
54
0
21
0
0
0
0
72
708
170
0
9
228
11
97
2
0
1
11
137
3009
0
0
0
18
68
2
74
1
0
37
12
1
528
3010
916
1
230
0
9
0
4
1
1
0
668
37
605
186
493
7
393
0
645
1
784
2
2
85
50
28
664
647
926
558
0
1311
0
30
3
25
594
57
413
76
250
35
101
4
0
41
20
54
179
61
0
331
82
0
1712
72
24
829
84
713
212
2494
55
587
55
0
0
1
1
6
33
1172
0
23
433
0
422
0
0
86
254
628
0
0
1
0
22
0
56
96
2158
0
12
368
1078
0
1075
144
0
699
1904
109
113
319
68
0
836
0
3085
102
81
225
220
1
0
0
0
20
0
0
1
14
0
0
1
92
1
35
0
0
24
151
0
1
0
29
0
36
0
0
624
2
0
0
635
46
0
0
275
813
0
160
0
469
153
52
78
826
257
9
45
0
0
0
87
484
38
9
0
0
9
0
0
0
0
0
150
439
62
0
4173
0
4
0
76
8
249
0
0
180
1
274
104
63
0
0
0
1205
73
0
34
0
2
261
526
0
0
146
1
386
0
302
0
1583
1353
13
0
36
442
0
20
134
0
117
391
16
363
78
0
0
0
0
108
115
438
0
33
0
21
174
0
3655
12
0
0
60
0
0
16
0
208
667
31
1772
100
2442
45
72
352
679
1040
15
2
45
10
62
134
0
427
8
0
0
0
0
1
2
15
0
0
5
0
0
2
242
147
0
2
0
28
17
64
15
278
12
2
0
203
11
1745
26
150
18
456
0
86
348
0
89
38
351
0
375
165
527
0
252
213
1
0
0
13
253
14
304
27
10
5
165
279
1
1124
1146
307
0
0
353
24
0
496
0
83
0
73
2
0
0
0
81
16
7
0
1016
378
11
1
483
29
0
278
284
0
0
0
65
0
19
18
0
3542
228
1
76
162
31
0
0
55
33
483
258
39
13
130
48
102
0
0
52
0
0
0
40
0
0
0
44
15
0
40
0
61
7
316
232
0
4
25
6
1429
97
0
0
326
0
0
5
62
1813
173
0
0
397
7
0
0
0
510
934
43
0
271
0
2
34
91
73
82
0
834
313
260
0
0
9
33
2
6
105
139
60
0
0
37
1
0
2940
0
0
61
40
1320
64
5
2
0
4739
2061
274
117
0
17
0
0
117
0
3
107
254
453
1035
0
951
7
490
0
0
0
4
79
0
0
0
0
0
113
0
142
0
381
11
14
0
136
0
302
33
106
0
0
4
1142
238
0
0
0
0
0
21
18
7
182
0
161
2
370
207
1
0
1
2
0
0
64
0
262
671
0
0
0
1806
10
0
6
8
132
1
47
5
24
90
0
6
232
12
0
19
0
60
1106
0
41
426
0
2
0
124
0
0
3
55
0
0
195
0
25
0
0
281
1
42
4
0
0
21
0
929
0
0
0
0
738
0
260
26
0
118
141
3
0
294
0
31
15
0
422
0
0
249
0
0
28
11
0
10
0
3003
3
15
0
0
40
0
353
55
12
10
142
9
50
83
85
0
0
0
0
584
259
0
8
0
0
126
93
70
22
0
36
276
1864
0
0
2
234
51
0
702
869
0
0
274
43
1
0
7
1177
54
34
142
23
0
66
0
4
2
0
1
7
42
45
18
0
745
592
721
68
0
169
2
2278
0
11
0
7
282
74
1273
31
0
10
81
327
0
0
507
8
42
0
25
70
242
11
80
0
0
90
695
0
0
753
45
914
0
0
0
0
186
14
579
0
19
4
0
0
0
1506
621
0
111
282
1
89
643
617
108
133
44
0
3
0
0
441
0
135
184
266
33
382
112
136
0
0
0
0
0
31
31
36
0
0
327
0
147
224
0
879
0
1
250
378
10
1037
1488
19
14
45
122
2
995
0
3
3
701
0
0
64
0
7
1936
0
47
50
0
1557
0
0
0
722
112
352
294
324
6
470
380
0
369
30
7
142
165
13
171
0
0
9
0
6
1340
11
8
1
0
0
0
2
320
29
0
25
82
81
22
947
73
0
0
0
1032
156
86
16
4749
0
0
176
0
13
0
126
0
55
0
13
14
0
9
463
9
141
274
47
0
0
18
21
2
159
360
0
984
0
0
0
9
25
0
6
40
1256
0
28
68
22
3
12
0
158
8
74
41
3
7
287
0
141
334
0
0
211
738
18
4
3903
24
21
9
82
0
669
3
1
0
0
2219
0
0
0
0
245
0
22
10
0
0
25
9
310
111
0
467
120
23
0
28
141
4
199
0
0
163
0
0
0
320
2
46
48
0
603
179
319
357
10
18
356
0
2
1319
4
31
0
0
0
414
46
0
204
0
131
117
13
381
0
30
141
99
155
0
784
4
0
343
0
0
0
592
140
0
136
118
0
0
7
956
7
267
0
0
5
2
47
0
0
50
0
110
285
0
7
0
0
94
11
805
194
0
0
0
156
31
163
0
244
93
0
2
91
6
0
2
1
32
0
13
84
0
0
0
0
1088
5
7
68
12
0
0
0
180
247
2353
0
0
68
26
29
67
415
101
0
54
122
119
6
0
28
0
32
104
354
0
0
22
8
0
0
13
16
0
0
0
20
1
0
0
34
16
181
126
0
70
131
51
0
0
230
59
0
169
0
0
320
0
0
179
0
1742
0
128
13
4
5
0
0
0
14
0
0
0
0
8
8288
11
212
0
0
0
41
213
113
2298
0
3
70
10
0
330
154
0
3622
1
128
21
1
106
0
0
247
0
0
2
0
21
248
12
1945
0
0
1766
23
0
2281
0
0
189
271
21
0
0
1074
0
402
1058
2
7
2
1156
147
120
0
65
25
0
0
0
0
269
5072
452
0
1592
0
122
201
0
0
92
0
75
258
38
0
243
78
242
30
12
1310
222
5
0
467
628
0
50
0
0
0
106
81
110
61
60
4
13
0
8
20
0
8
0
0
135
0
876
0
172
0
65
0
97
2571
0
177
2
43
18
2
12
101
8
13
46
352
0
0
1
0
0
222
0
0
0
2
7
93
12
59
1342
0
0
0
5
0
0
283
0
1
0
32
0
286
0
0
0
5
0
58
134
0
0
0
181
278
0
0
0
0
21
0
6
79
156
0
126
4
574
113
6
23
2
0
507
0
0
20
0
4
0
51
0
78
0
3
0
39
64
89
9
8
0
0
70
0
233
0
89
49
157
959
5
0
2
0
17
2
0
3
0
0
71
103
0
0
6
371
0
72
0
62
162
9
20
60
19
0
27
42
0
0
0
0
0
0
29
3
108
0
0
1038
165
130
49
63
0
461
138
0
235
51
394
200
57
4
0
5
26
0
10
2409
4
0
407
0
0
0
272
57
2
0
151
0
6
0
81
4
0
2
154
0
0
2
2
0
7
314
0
631
39
0
21
404
0
24
23
80
0
29
2
0
0
4
130
153
6
0
556
2
1
0
0
3
0
1
0
238
1
0
0
0
2
23
425
2
0
0
35
0
0
62
1055
72
0
1
0
0
0
0
16
26
43
0
26
87
31
0
0
218
72
4
0
0
0
0
0
32
2
3
0
99
0
0
6
1024
0
131
62
1
68
0
1
0
1
144
195
0
0
0
0
20
173
0
32
7
12
392
23
235
0
1
27
452
1567
0
0
0
7
218
4
31
0
2919
0
0
0
7
58
3
62
0
8
330
0
134
38
0
2
24
0
752
10
46
1108
58
0
0
84
0
24
45
134
0
0
31
0
563
32
0
0
5
0
12
0
1
0
35
244
2
0
70
4
0
117
0
6
143
0
5
0
216
3391
0
0
0
0
46
0
37
0
91
174
18
595
12
4
0
1
514
127
10
54
89
2035
473
0
0
4
1
77
232
0
0
46
0
317
0
863
0
40
0
0
0
1042
116
0
98
281
15
0
1184
78
80
1
304
11
46
0
0
15
12
0
0
966
29
0
0
35
0
35
94
55
0
0
0
240
261
37
0
5
60
4
223
0
5
0
23
113
0
12
0
2
15
0
0
0
848
0
70
0
31
7
0
0
0
16
71
163
0
0
0
66
0
188
178
0
497
266
14
0
9
2
18
0
27
50
2
0
0
2211
29
0
588
0
0
203
0
2
30
270
34
0
233
18
317
0
17
1
12
57
249
0
2
0
2
0
28
1
5
0
13
19
164
12
0
0
0
1
29
434
142
6
0
0
168
98
0
65
130
476
87
0
42
34
227
3
1
242
41
1112
0
200
5
0
0
0
0
12
0
38
1
151
8
0
0
0
76
292
5
460
0
134
1050
96
0
4
10
0
4
220
5
0
0
172
0
53
4
95
0
53
0
0
0
380
23
118
0
0
0
307
2
89
0
8
34
136
0
80
5
973
0
11
42
0
2
73
0
100
606
11
0
0
225
28
33
168
0
0
0
19
0
0
23
77
1291
452
24
2
112
70
55
823
1
8
0
0
0
1521
0
55
0
399
0
137
153
0
0
0
71
441
138
43
16
20
0
33
3501
0
177
11
0
44
16
28
88
0
0
3
1301
10
0
242
85
1
1726
0
7
31
3
107
60
695
23
1
331
0
2
1
1
1013
9
88
6
85
6
5
0
0
0
0
72
110
2
23
173
9
1
128
1259
0
1
232
0
2
0
4
0
0
185
0
535
0
4
0
0
86
18
0
16
134
11
864
270
56
452
1
139
1
421
3
0
459
72
1
0
2
436
0
21
11
187
0
46
0
17
0
364
0
2
31
0
0
123
0
3
0
178
182
4
263
26
0
42
0
0
72
2
130
83
292
2
2
63
734
0
20
0
0
396
63
0
0
968
131
26
3
0
0
6
0
0
455
0
10
0
119
0
4
0
20
0
2
240
0
14
1
689
0
0
32
0
0
4161
2
73
0
0
0
0
85
391
57
0
636
22
247
0
0
182
3
0
120
16
150
0
0
50
900
473
55
0
1608
0
171
140
0
18
0
21
20
412
90
43
162
0
1
14
243
0
0
110
6
0
0
24
35
7
0
616
12
250
0
597
158
25
311
1221
117
0
0
15
0
8
1474
32
222
80
0
0
10
66
35
0
0
36
99
178
415
0
45
0
0
54
56
25
7
0
687
10
504
0
15
0
43
1
59
94
211
0
129
44
7
27
14
0
0
0
25
210
126
4
22
0
96
43
0
2
3
587
0
35
51
0
1
403
0
894
954
1
0
1854
5
0
257
27
22
255
0
146
0
19
125
2
0
139
0
54
21
0
3
28
10
804
24
0
0
55
251
0
0
0
2
0
245
244
12
1
62
208
407
14
24
698
221
6
0
0
234
195
0
0
149
76
354
0
2
0
91
0
1480
472
0
4
21
0
453
0
0
0
1
0
70
11
0
5
0
0
1
46
1045
5
0
10
0
26
0
177
0
0
141
1
16
0
227
22
0
0
66
1
686
453
104
412
104
0
161
1
0
41
0
24
2
0
141
0
0
12
0
1
0
1858
0
0
0
12
1838
0
438
0
44
0
1
89
47
170
127
93
0
235
18
11
0
24
277
219
48
17
0
46
28
0
0
0
733
279
161
61
2235
598
1
6
0
0
3
343
55
0
158
910
338
100
15
6
51
578
10
30
2
467
0
247
0
379
91
58
0
22
0
17
1055
5
133
53
359
70
397
77
69
0
16
0
0
0
0
29
173
162
0
0
261
0
5
0
334
0
18
190
1817
93
0
594
0
0
42
0
181
1
0
0
12
181
0
1
2
40
97
27
39
0
0
0
175
0
59
7
1
0
29
15
1
7
0
182
0
0
0
3935
92
4
1
0
57
175
411
175
856
0
0
1063
0
4
636
3
0
0
5
1021
171
0
4
1491
112
0
0
0
0
2
9
1835
5
0
29
18
0
1033
0
1
1
1537
151
295
0
292
6
874
0
24
33
0
0
0
22
0
4
1
5
145
33
0
1657
0
0
3
27
8
0
1018
8
5
0
7
109
2
0
99
299
0
109
18
4
24
265
906
59
0
0
2684
76
1
812
2910
0
458
851
24
7
0
0
0
13
265
0
0
0
0
0
3
0
0
0
15
24
42
0
0
69
0
947
44
0
103
0
112
40
0
4
601
8
0
28
0
20
6
0
41
588
355
0
34
100
148
49
5624
191
35
117
1334
600
0
20
27
0
99
0
0
76
0
867
1439
0
0
0
69
125
112
277
229
9
0
0
0
1149
150
0
3
91
3
2
10
770
26
111
18
7
0
341
0
37
1024
104
0
44
0
0
27
348
0
17
247
630
1
4
992
311
0
0
2138
0
0
188
0
5
0
0
2
0
0
0
242
85
196
0
504
210
0
0
49
172
196
9
79
0
0
118
0
1469
85
580
20
0
10
2
0
29
0
0
0
258
1157
737
1084
0
26
26
0
237
0
29
0
17
35
567
124
0
1
596
13
367
0
2
104
0
0
0
3
0
542
67
40
6
0
1312
10
4
0
55
3
100
356
5
1
62
8
8
220
0
97
0
0
1
7
0
98
105
0
253
0
0
3
20
0
192
28
549
0
91
686
10
0
0
88
0
27
494
57
0
0
0
0
134
9
54
86
0
3
4377
150
0
12
0
0
1262
2
0
4
477
0
40
13
58
6
0
0
526
0
0
5
7
0
144
0
15
0
380
73
0
1030
96
0
748
0
37
1
0
809
0
0
2552
75
0
0
0
132
288
0
22
19
0
899
0
103
17
15
0
7
0
0
10
0
8
235
0
0
22
0
49
2
0
322
10
0
0
0
20
12
0
0
0
0
0
5
0
0
0
168
17
62
118
12
0
98
0
134
0
0
0
13
0
13
0
3
225
5
77
79
3
7
39
0
232
0
0
320
1
371
2
597
905
0
8
21
0
2
136
3
109
13
0
6
225
4
613
2
0
22
19
400
60
796
280
0
83
0
378
227
0
0
165
9
34
14
512
8
5
134
17
534
93
522
0
2765
89
404
6
0
434
0
174
170
19
0
0
2
102
56
82
0
0
1
172
0
0
5
452
3
0
0
0
560
314
322
173
91
7
2
0
43
2
6
0
41
0
32
386
0
265
0
0
2
627
1
34
0
351
0
253
0
20
22
359
0
9
0
27
0
54
36
155
0
255
0
86
0
0
0
0
98
0
213
0
161
0
42
5
0
0
0
0
2
0
2
470
65
73
3
0
166
46
0
8
10
0
0
76
55
502
873
2
81
5
502
1
134
0
41
1101
57
36
150
10
402
43
0
286
1587
13
1395
0
340
9
0
16
0
15
32
0
0
8920
0
470
0
72
3
176
0
122
322
273
0
69
708
0
555
0
0
0
109
0
0
2
38
0
0
117
0
90
0
1482
17
0
18
0
18
173
0
0
709
20
60
0
64
9
0
781
0
0
157
228
0
495
0
11
0
0
84
1148
862
0
0
0
0
114
0
6
0
765
459
20
10
102
0
29
16
0
190
0
239
466
5
0
0
132
530
0
0
0
1
47
0
61
0
2
1
0
0
9
82
0
0
10
45
22
0
0
0
0
3
0
167
3
0
1
0
74
103
119
1485
119
28
460
0
0
0
9
0
0
0
1
63
0
121
0
0
3
0
4
1
0
1
6
2
238
0
0
0
4
9
9
8
1
718
626
123
24
31
69
0
0
11
0
81
3
22
0
1
1
2
1
84
0
0
1596
0
2
0
0
15
51
0
1099
109
22
689
0
0
150
0
776
5
0
0
0
0
93
93
0
218
262
473
446
0
0
0
0
0
29
253
0
263
639
4
59
1
73
1690
0
39
45
62
24
101
467
43
120
4664
897
0
1
7
114
0
0
24
278
2316
10
0
2
1382
0
2
0
1
15
53
278
329
1012
325
1
0
38
0
615
0
0
104
692
0
10
3
108
807
0
451
286
0
748
7
0
18
498
57
141
194
0
414
79
174
0
130
493
1313
0
0
17
0
19
0
0
235
28
0
21
77
784
0
8
337
120
14
0
0
298
22
61
1
0
0
34
368
0
0
13
0
0
0
0
0
97
90
389
188
242
0
63
2
0
99
430
137
62
8
233
34
8
1
102
393
1
1310
31
0
145
0
0
128
0
2
0
0
0
0
109
1
1
1
57
0
0
746
5
2652
0
0
0
0
36
0
4
0
794
3
8
0
7
0
0
509
0
0
0
0
144
14
0
8
81
0
0
307
0
67
0
207
18
0
0
36
268
60
241
526
0
0
236
0
4
10
456
12
0
401
0
87
0
0
0
0
376
318
309
1325
0
3
2
79
151
37
35
0
4
57
0
34
0
130
1
466
0
0
184
3
0
69
2
141
397
0
204
9
0
702
0
595
24
5
421
3
1180
920
2
4
43
3
0
1
0
731
0
193
3529
209
39
26
127
3
30
0
23
31
1
0
3
136
216
44
90
0
361
873
32
19
0
3805
10
0
1
367
0
206
144
538
1
37
3
169
361
0
0
754
8
12
0
5
2297
8
0
1059
11
354
190
0
139
0
65
270
722
18
0
13
581
0
0
6
0
0
0
520
0
1654
6
0
320
0
0
85
1
85
57
101
670
0
6
40
92
0
0
0
25
0
160
38
0
0
74
0
3
41
1
566
1039
0
274
12
29
0
9
0
38
0
51
0
0
0
2
173
0
1007
1
9
0
427
0
4
0
0
238
6
1128
0
51
112
149
0
0
0
48
0
0
0
0
198
0
72
0
29
142
0
22
38
63
0
24
9
0
114
18
28
105
0
858
194
299
0
0
240
29
97
147
0
1420
119
0
0
113
18
0
342
48
143
14
0
0
0
904
291
84
6
2267
30
0
93
68
23
2
105
34
745
443
220
1763
739
0
73
66
0
842
99
0
0
0
151
290
3
2
394
315
0
281
0
620
0
0
36
0
0
471
57
2544
0
163
0
69
4
83
0
0
20
709
104
19
67
184
65
2
0
0
61
9
0
101
3
117
1217
0
248
0
89
3
1096
703
177
36
188
0
162
1
125
0
11
15
5
0
2
57
75
2
1144
29
0
0
256
97
48
0
0
0
60
624
0
79
0
52
0
1584
59
40
5
0
0
0
55
28
0
98
76
297
4
0
0
3592
0
37
410
0
329
2
45
0
1
0
142
0
115
0
111
68
934
170
0
0
0
1170
0
16
1155
0
7
1
0
0
13
30
0
29
20
25
1
0
43
14
90
0
0
97
12
0
130
32
285
751
14
13
0
31
43
2
889
198
8
80
276
10
0
31
58
0
0
35
598
12
570
0
61
677
61
0
7
359
288
685
3
32
0
193
262
0
147
253
408
34
0
46
0
34
1
0
4
4
3
20
502
246
287
2
464
4
225
0
287
229
0
16
1
78
280
458
481
0
0
55
607
305
0
0
369
28
0
0
0
0
817
2
1
63
3522
0
0
0
14
57
0
906
0
4
0
37
51
68
0
168
334
0
0
686
0
2
2
192
2
1
4
5
48
0
5
59
8
0
96
0
45
373
0
97
3
30
0
0
382
0
8
573
351
0
0
8
47
66
0
29
925
0
312
105
56
409
0
243
64
0
5649
32
63
0
6
0
1
101
4
16
136
62
0
76
0
0
1
122
8
33
41
127
690
876
4083
158
15
2288
0
12
2
439
32
0
2
484
0
39
304
13
92
60
3
2
125
79
0
0
0
410
0
26
326
3460
4
0
1
2
1
3
9
105
0
8
848
274
0
0
9
0
38
10
66
0
0
656
358
0
0
854
232
0
0
31
0
0
157
0
0
80
0
31
0
251
319
433
9
0
0
0
26
112
1
0
294
1
270
0
0
0
0
0
5
0
1
0
66
12
939
211
1
0
1353
34
0
0
23
0
2
0
2
529
45
0
0
17
0
2
2229
521
0
156
416
0
371
0
210
24
243
27
176
0
89
7
0
0
0
166
0
0
48
206
0
11
0
188
746
7
23
0
0
13
0
0
0
2
2
120
0
0
85
269
0
0
0
1
41
0
3201
239
0
309
139
63
0
0
35
131
2
0
0
758
24
0
0
34
3
0
0
0
170
5
7
89
0
20
41
0
0
0
0
86
126
70
0
0
0
0
485
0
0
415
127
1
14
0
71
43
2
0
149
0
70
26
0
14
0
4
315
0
0
0
0
36
1195
3
0
2
0
0
0
35
385
5
330
54
5
36
57
0
2
399
284
0
104
0
225
781
1
863
0
44
43
0
0
0
121
0
499
0
0
1676
2
0
2
3
241
148
1
0
0
0
28
0
54
6
242
307
101
22
577
14
404
3
0
2127
0
14
0
4
0
81
86
736
0
0
155
0
13
0
38
0
0
0
12
0
0
0
3
31
1
166
0
156
86
386
0
92
69
0
58
0
0
524
0
0
321
1
0
1
4
19
0
0
12
1
0
125
0
59
3
186
25
107
0
37
6
0
12
0
7
0
193
867
1
0
0
27
12
0
9
25
0
81
138
0
87
0
29
194
0
633
0
66
0
74
0
0
0
202
12
0
0
0
1
22
0
0
2
13
37
0
3
111
0
65
0
75
0
1
0
0
0
13
449
0
411
182
0
2
0
0
2247
87
61
87
0
4
297
1599
11
0
4
0
5
76
14
12
6145
2
52
0
771
0
1926
85
963
391
2
55
42
20
145
1
5
69
98
111
526
162
0
6
2
8
2170
0
6
1
104
0
0
0
0
6
0
1
1
21
3
0
0
0
0
10
83
142
0
272
356
1697
190
21
0
240
12
0
60
0
0
0
0
0
0
83
0
34
0
61
0
32
0
0
75
80
0
0
7
0
0
5
0
11
95
99
548
0
284
174
32
0
41
0
1
0
3
0
338
51
12
0
0
0
6
31
0
15
53
472
0
72
0
91
243
0
73
94
46
166
5
0
0
0
0
0
1
0
34
0
0
10
175
48
2
0
9
0
6
712
0
0
257
70
0
47
0
98
448
10
28
321
797
711
0
83
0
0
0
34
7
172
702
0
0
57
769
0
0
0
0
0
38
0
0
1736
6
5
29
388
0
6
5
40
309
0
6
633
216
446
171
3
90
0
0
0
10
115
56
4
6
37
4678
751
5
0
159
37
94
13
2
1134
0
27
0
3800
0
0
143
377
130
9
1211
0
49
809
0
0
0
17
0
0
94
15
0
0
38
1
0
1
0
109
129
364
130
9
0
0
0
0
41
1996
31
0
0
30
70
0
53
146
11
0
17
0
0
0
5
18
0
916
0
0
5
0
37
4
0
795
0
5
0
0
0
1
0
0
0
0
81
229
18
129
7
154
2
84
62
17
133
0
118
611
0
0
1
27
906
12
31
6
302
208
1214
0
0
0
0
0
19
189
0
0
14
0
280
0
460
0
76
0
52
90
0
2
105
35
6
21
0
27
9
51
428
0
1194
22
1312
14
2
190
0
128
3
0
30
0
0
491
90
2
246
23
3
2487
19
0
0
520
0
1
34
105
0
37
123
0
0
1882
0
203
2
27
19
12
12
170
206
251
0
229
0
376
345
287
5
2
83
28
204
0
2
0
1759
0
161
1
34
16
732
0
97
0
260
0
530
0
418
10
38
85
13
0
5218
0
10
5
3056
9
0
10
0
0
0
3
0
226
13
0
1
91
2
60
155
0
91
889
185
0
131
224
30
0
1
0
104
3255
16
11
1412
0
0
23
0
0
0
24
577
0
7
20
0
0
49
26
0
113
2
0
33
169
606
55
0
707
534
0
395
63
0
88
661
186
0
0
145
30
813
62
0
150
6
670
194
4
35
31
0
4662
43
5
48
0
7
0
0
40
18
329
0
0
146
0
59
0
0
144
401
0
6
437
77
0
0
0
0
0
303
158
1
2166
0
49
13
0
0
171
21
7
232
0
235
77
698
326
0
0
0
8
202
394
26
80
0
159
0
0
52
69
235
0
0
76
0
0
92
6
1
0
16
0
0
172
0
0
0
0
10
21
123
0
0
3
3
186
0
292
0
354
52
28
269
3
0
426
2
0
0
2
0
2766
0
16
0
0
15
393
0
104
0
0
11
6
0
0
45
2
1
0
0
30
1
12
2
64
0
0
23
101
2
15
431
0
3026
85
0
3
0
655
0
179
383
0
0
0
38
0
0
0
0
0
54
0
0
6
0
0
0
161
0
7
11
0
1129
0
136
0
492
335
0
0
0
263
4233
332
0
0
58
29
37
0
33
19
0
13
49
0
80
0
164
108
202
2
64
20
0
0
0
438
0
12
9
0
0
3
0
0
27
119
37
80
22
26
210
0
115
1
178
22
157
0
0
2
263
4
0
830
0
0
0
23
299
159
0
0
1
1498
38
29
7
351
80
0
266
51
156
23
7
474
110
0
0
8
60
0
192
59
0
2
8
210
10
8
4
79
13
0
0
0
229
183
779
0
34
0
19
1
0
0
2356
0
220
4492
203
2
0
136
1047
0
16
32
0
52
0
199
2887
21
623
0
1327
164
4
214
8
333
152
58
13
12
18
4
37
2
62
0
0
0
5
167
99
103
8
260
184
427
35
0
63
10
21
25
489
0
1
38
327
17
4
0
21
832
0
2
13
0
0
43
0
0
3
4
0
0
0
2
0
0
79
0
0
0
2
0
0
20
70
13
666
0
67
0
0
10
2
109
0
11
873
8
0
0
0
14
87
11
0
737
0
22
269
0
394
36
0
39
24
17
29
0
83
35
0
0
372
244
7
407
378
518
0
12
0
0
0
14
0
0
0
0
0
0
19
0
973
357
0
1833
0
4
5
0
0
72
82
3
34
376
0
0
7
27
27
0
56
26
0
0
0
0
0
0
118
765
607
219
0
59
2007
1038
32
0
0
230
20
0
221
146
0
63
5
3
199
0
672
14
17
0
0
0
349
460
163
82
0
2
6
1
95
60
0
0
3
4
233
5
0
1
0
0
3
0
4
5
0
10
55
0
5
0
0
4
7
5
0
135
0
2
1
268
6
7
81
0
0
329
135
9
81
131
3
1
2
4
8
7
7
0
736
2
7
24
11
0
79
0
8
0
10
0
0
9
52
16
0
380
0
5
23
1
2
139
0
0
0
0
1
0
18
96
0
0
29
3
71
9
0
0
0
98
14
0
195
16
0
391
0
2310
149
159
0
0
125
0
194
0
0
12
350
1
338
3
34
4
0
0
0
196
0
0
0
0
23
0
113
0
75
0
0
0
66
34
0
1
57
14
40
4
0
187
59
47
52
220
0
2
0
0
4
3
340
0
99
271
0
0
169
133
0
350
12
81
106
0
0
0
245
0
3
5
36
0
2719
0
160
3
0
0
0
3
0
0
85
0
124
15
68
0
35
0
2
0
49
566
31
0
0
5
4
55
0
96
1452
1
222
86
62
0
0
6
0
0
48
0
22
77
1
87
120
0
42
13
0
0
0
1
157
280
1
0
80
162
0
5
0
931
100
66
0
0
26
0
0
3745
10
250
16
15
0
0
14
100
17
16
3
0
0
0
0
341
9692
0
0
0
21
103
249
3
5
0
3
0
0
4
2
1
96
28
38
7
0
0
398
15
4
34
3
91
71
16
12
1
2
70
122
0
3
21
4
508
0
78
1039
5545
41
310
26
4
175
40
422
0
5
52
0
47
305
67
152
31
0
0
3410
41
0
60
16
10
8
0
0
4
84
0
112
60
0
4
8
4356
1
7
150
281
1
48
0
1060
5
0
0
59
0
15
0
15
327
4
0
0
27
0
4131
0
7
560
0
105
155
1
1344
319
17
12
4
0
0
85
0
132
12
66
111
10
482
0
0
18
0
0
32
0
67
294
0
31
445
0
33
0
95
0
0
14
88
0
35
0
0
1
7
96
0
0
10
0
0
376
84
0
72
0
446
765
309
0
0
1
48
69
3
8
15
2
27
3
0
19
1
4
9
0
0
152
0
0
2
58
57
0
167
85
64
0
8
0
0
54
17
22
0
26
0
29
1
0
0
5
147
0
0
29
8
40
11
401
0
3
0
0
553
64
54
69
0
601
26
34
441
78
3
0
11
22
174
27
16
10
14
3103
1301
0
3
94
52
48
118
1
3
0
0
2
0
78
0
0
0
0
2
3
0
192
12
207
19
49
195
6
0
0
301
0
0
33
0
88
9
18
1
22
0
6
0
248
149
0
306
0
138
0
419
152
10
0
0
0
0
0
29
0
0
32
0
0
1
0
0
0
3
0
0
0
10
18
0
534
226
58
0
0
155
0
22
0
0
114
236
16
0
213
3
236
0
400
133
0
117
0
97
9
0
93
51
3
3
257
778
0
467
53
0
0
0
774
179
19
59
0
23
0
0
0
18
1665
0
26
462
0
168
0
120
0
5
0
145
0
1190
5
8
1
63
0
950
319
0
241
0
1
37
80
4
0
2231
0
0
9
167
69
20
792
290
479
1164
1099
44
0
17
23
135
40
0
0
0
154
0
78
0
0
0
8
134
0
0
0
0
0
0
46
1765
282
0
133
7
0
98
1010
100
55
0
14
67
13
0
3
12
594
9
1
2
0
9
0
260
0
0
91
8
60
791
8
0
404
860
0
1210
20
94
9
178
0
530
43
0
21
118
8
191
0
36
0
0
0
170
30
0
229
157
0
1384
12
87
0
273
158
0
902
150
0
0
1135
0
49
5
103
0
0
5
19
4
490
294
86
587
23
421
38
4
630
509
0
0
0
26
88
1776
1
256
101
0
44
1
0
0
359
0
71
0
0
10
213
0
32
0
371
0
39
0
244
0
0
1
0
0
17
72
27
0
674
1106
0
83
573
0
400
1
0
0
0
12
53
42
139
2100
133
0
81
13
381
0
0
0
0
0
223
1107
14
0
17
327
106
0
106
0
51
6
17
115
0
25
4069
0
0
0
1
1
621
0
0
0
24
0
0
0
0
480
0
124
128
0
94
0
21
31
4131
21
53
0
0
123
0
0
605
0
0
359
6
12
0
3
0
0
319
90
0
0
0
223
33
0
0
12
9
460
0
0
0
0
0
0
0
123
0
0
0
1379
2884
0
15
3
0
190
1
525
19
305
13
0
54
505
0
684
300
0
109
0
0
3869
12
0
290
0
1
4
0
880
6
335
2581
0
0
2
0
0
6
68
0
100
5009
277
0
14
0
0
3
1
71
0
54
8
101
204
1079
989
0
0
433
4
28
0
462
1081
6
71
0
0
55
0
19
0
16
6
154
21
0
166
24
1
0
19
140
0
0
0
20
0
0
9
752
0
83
65
0
4
90
0
11
1
0
1106
8
277
33
0
8
0
0
0
1355
189
594
98
0
14
1535
1027
0
0
1225
0
0
0
22
0
4
0
80
175
70
116
0
423
10
0
29
28
584
82
77
30
0
1
0
4
60
0
225
34
0
20
0
0
2
0
0
2434
9
32
256
59
97
2
0
421
284
40
0
0
4
0
5
201
205
0
0
12
0
6
0
0
621
143
0
0
220
779
129
42
86
0
0
32
0
7
0
1
133
0
0
24
7
0
377
0
77
87
80
226
0
0
31
114
257
30
0
0
8
0
875
648
3579
0
2
11
98
77
16
0
0
1279
3
0
0
0
3
0
0
0
3
29
0
5
0
97
0
47
28
0
126
0
372
1058
0
0
0
0
19
0
3
0
303
543
142
8
5
0
187
0
37
773
105
434
0
38
15
0
15
15
1
0
0
0
29
0
78
0
14
248
0
78
202
0
2
0
0
11
0
0
5
216
8
4
8
0
0
0
0
0
45
19
183
634
0
0
369
1922
0
5
19
0
951
6
27
45
164
0
238
0
31
0
193
42
0
0
18
0
7
46
153
8
186
156
711
0
0
54
163
50
0
55
1371
0
351
0
464
953
143
0
38
34
0
0
1640
546
4
0
292
8
134
0
0
19
0
0
0
1036
33
251
1015
21
81
360
0
89
53
343
0
0
144
0
44
0
2
3737
0
32
21
0
156
73
7
0
0
98
0
395
0
54
0
287
215
216
2
64
2
6
0
0
9
0
795
32
0
0
0
0
0
47
0
291
0
0
0
10
0
0
3
9
0
37
4
159
151
3
216
11
98
125
0
191
67
0
325
68
322
0
1384
1
261
0
41
93
0
0
295
5
720
185
108
86
41
0
0
0
0
0
135
2
0
8
66
0
1068
268
0
0
510
1
0
0
16
0
0
0
4
0
10
4
0
41
3
237
28
248
0
0
1
0
292
2
6
0
192
0
297
61
0
0
413
1
0
10
0
0
2
38
0
98
0
271
1076
0
495
1
102
0
5
1
141
1645
198
104
212
145
119
30
118
0
153
0
545
0
429
37
0
170
0
482
202
0
280
0
128
0
0
1052
380
56
0
100
22
0
377
202
0
0
0
0
0
246
0
169
0
174
171
0
2
797
502
0
0
596
0
25
0
89
0
0
208
130
75
3106
595
184
135
1
0
3
1
17
0
244
0
43
116
139
461
0
23
244
124
0
32
60
0
0
227
109
1
45
211
0
3
0
0
7
69
0
0
34
305
76
0
754
2126
728
43
502
1867
0
166
8
31
869
48
43
192
35
0
205
0
0
63
254
0
0
5
218
129
0
14
0
1030
25
4480
185
85
164
134
0
0
848
392
165
26
0
9
75
114
0
145
17
0
89
367
2
133
137
0
0
0
108
887
513
205
0
0
1144
0
0
3
0
0
27
1360
0
6
0
0
17
27
0
0
332
7
0
0
629
19
0
22
68
47
1064
156
0
0
0
0
19
25
0
0
1
0
9
0
54
0
0
224
2
0
1
94
0
71
0
8
0
0
165
0
16
0
130
0
550
140
0
128
0
4
85
25
892
54
132
0
174
218
0
3
0
97
19
37
3
581
84
0
91
17
0
0
116
0
96
1720
0
0
0
0
0
0
26
5872
37
0
187
0
230
38
9
0
5
15
10
0
0
0
156
41
30
0
260
29
70
0
991
0
6
0
64
57
2088
427
2
1
0
2
24
3016
0
0
7
2419
114
0
0
8
6
0
0
7
233
158
1
61
0
0
115
0
93
0
0
28
258
0
29
14
15
27
519
159
0
376
231
0
0
369
0
3
0
152
0
656
0
9
0
13
14
2
0
325
0
0
954
18
0
0
133
0
0
0
0
0
31
0
38
1
0
114
1558
0
2
536
0
0
5613
28
503
173
31
0
5
4
0
314
2
336
209
0
73
8
0
63
2093
1455
0
0
30
2
0
26
6
115
2
0
0
0
939
514
139
362
31
0
423
246
0
0
4
6
0
0
297
0
101
3
8
3
128
0
0
9
2
8
0
0
0
52
1
0
114
0
18
0
0
1268
44
0
71
1
0
3
142
0
4
27
3
0
2
0
10
0
368
211
338
36
16
183
10
0
0
0
5
0
29
148
24
2
0
40
347
69
0
403
44
7
393
165
0
330
42
5
9
0
1
0
0
33
106
4
48
2
34
0
13
0
10
1
1
0
0
266
0
76
613
473
22
0
0
0
0
53
21
0
680
904
53
0
0
20
20
16
0
1
1574
8
0
357
97
0
98
0
0
125
0
115
283
0
0
74
8
0
4
0
0
0
334
3
0
23
95
0
14
22
0
139
2
289
1
5
65
82
102
34
0
2
321
78
1538
40
457
4
541
0
550
17
0
41
0
56
22
1895
694
0
17
171
83
0
0
1346
0
0
243
11
40
0
21
0
0
0
122
0
0
20
171
496
0
0
73
121
197
3
65
0
0
0
9
0
0
2
31
144
24
9
0
11
23
0
0
0
1
837
0
0
59
132
420
42
38
54
153
0
59
99
89
7
8
59
278
97
8
88
2
64
622
39
340
0
0
24
4
11
286
45
0
7523
127
10
3875
238
0
0
68
183
0
497
0
0
0
123
0
0
0
0
314
0
6
1
11
0
209
2
0
0
360
0
0
313
11
66
0
33
0
0
17
0
15
0
237
8
0
84
0
17
30
0
103
0
52
159
0
0
0
286
1
715
119
101
468
112
62
0
16
0
0
71
0
0
2
31
103
0
13
767
1
0
257
2
589
7
230
0
140
591
30
0
0
2
114
1442
0
0
0
0
5
0
0
0
0
0
146
251
26
0
38
44
67
232
0
1415
369
0
41
273
376
0
47
33
179
1180
0
21
0
0
0
6
251
1
26
0
0
15
72
0
1
18
0
70
23
0
173
0
0
0
0
2
51
0
0
68
0
834
433
2
0
611
55
3
27
0
42
0
0
3
8
0
0
0
43
0
16
0
2092
454
0
0
574
0
24
246
1427
62
0
23
160
0
0
0
0
0
137
401
13
214
35
99
53
2
818
80
11
13
3
0
2
0
44
1938
4
57
1881
0
0
8
0
0
2219
166
3
0
11
1183
0
220
0
133
309
30
256
0
0
154
0
64
0
0
2
1595
1
3
139
62
0
118
0
125
14
0
110
2
54
0
28
812
1582
61
0
1
214
20
0
183
23
21
0
0
0
0
0
10
592
0
279
9
0
429
36
0
0
3
336
3
44
54
214
20
0
0
35
0
804
0
4
0
304
6
0
10
0
342
0
566
0
0
233
0
0
1
3
0
1224
0
0
0
9
82
0
30
0
0
0
3
20
5
0
24
0
0
0
543
510
0
11
4
0
187
0
4
0
1
178
132
757
32
25
95
0
0
110
3
155
154
1
6
175
55
87
114
740
13
1095
1
473
224
26
0
0
5
0
64
37
141
105
0
165
0
3535
0
0
0
20
36
62
98
0
0
0
15
0
240
193
2
6
0
0
0
539
705
67
51
1479
0
0
0
123
8
0
4
62
201
0
13
94
28
0
0
0
0
785
656
396
45
2349
2
6
112
257
40
0
0
102
788
70
5
0
0
3
0
12
782
0
725
0
7
29
749
11
160
0
0
11
27
153
0
0
80
0
4109
5
16
312
0
0
109
102
24
12
12
76
0
7
4
2
0
4
0
13
0
0
10
17
0
0
146
1
434
33
0
0
370
0
0
0
387
10
0
0
295
520
13
201
375
83
0
1
59
94
0
90
595
0
0
3
680
3
9
0
0
0
5
14
2490
54
59
61
296
29
0
0
0
4
0
773
1
123
0
134
0
0
142
5
138
0
48
6
0
6
0
3
0
0
0
0
6
32
5
19
0
4
0
66
80
0
6
31
0
0
0
0
0
0
62
0
34
467
0
4
0
556
0
0
6
0
0
34
0
6
66
98
1
1780
139
136
12
0
170
0
460
0
0
0
535
87
192
0
0
8
0
28
0
0
5
643
0
0
4
49
3
341
0
0
414
224
82
0
9
82
83
0
0
0
1927
89
0
0
45
0
0
0
0
0
602
2
109
1656
456
436
36
0
2
37
67
83
0
0
0
2701
184
523
463
4
0
140
182
218
25
43
0
0
21
242
430
0
2
179
967
0
265
1117
0
0
0
94
0
2
358
272
365
208
35
0
0
70
891
47
0
8
185
3
0
24
2
167
258
0
0
82
73
0
1
37
12
163
0
9
596
183
35
0
639
0
0
21
49
47
0
6
385
0
127
0
39
813
0
0
81
0
0
591
0
0
0
12
273
0
325
0
98
0
0
0
0
846
15
108
271
325
32
108
15
115
0
9
72
69
74
31
60
21
538
33
94
151
1042
326
0
379
0
169
68
371
102
10
0
0
69
46
91
0
39
655
188
303
2
82
64
0
0
0
0
10
932
0
125
402
58
580
0
33
8
0
2
31
50
8
73
0
901
1
0
0
0
92
283
0
9
0
94
0
0
1
1036
60
35
40
0
7
0
0
141
11
439
584
0
0
0
62
4
8
0
305
0
0
250
6
0
50
0
20
0
84
188
0
48
273
0
729
1
22
42
427
0
644
0
39
0
0
52
6
7
48
97
334
335
0
0
1
5
0
62
0
744
0
181
0
0
496
51
121
3
0
115
0
66
243
202
26
21
158
1476
0
475
32
0
119
994
24
8
0
5
31
0
32
433
0
0
0
16
3
0
30
18
13
51
0
13
0
0
5
0
0
0
71
11
2
449
0
0
38
953
0
1
0
51
633
0
279
41
13
0
38
0
1036
0
0
0
0
315
3
877
0
21
30
0
3573
1
0
135
152
2
0
1
0
224
316
159
95
2
0
1
47
37
0
1
0
11
0
0
127
0
0
0
86
0
10
0
24
10
0
0
162
16
7
6
0
4182
276
25
1
201
327
3
582
26
1400
0
0
974
1177
358
379
43
0
0
0
23
0
908
0
0
0
148
0
0
10
21
0
0
0
67
0
13
0
0
50
0
11
1338
0
0
0
0
0
2
343
27
0
301
119
45
0
0
0
0
232
5
1237
0
0
0
1
0
2
0
476
51
0
0
251
46
665
0
63
784
185
0
0
182
7
86
0
11
11
0
0
192
148
0
40
114
1965
54
0
230
0
0
30
37
0
2
0
2
0
0
0
0
203
133
0
5
0
162
185
624
0
0
0
58
0
0
0
4
0
71
0
0
26
17
269
16
4
0
0
549
51
2
1
1221
0
0
217
0
144
1
0
87
36
0
0
0
0
31
349
2
0
0
12
3
4
0
14
335
557
0
9
0
12
0
0
200
0
0
0
75
0
0
3
26
0
13
0
3
28
17
0
0
2
26
0
0
0
34
8
112
4
7
0
0
0
31
11
0
358
0
0
0
269
0
0
361
6
5
40
0
0
27
0
104
70
8
0
302
65
102
0
0
146
2
142
49
0
1
32
798
5
4
2
17
252
0
41
26
0
2
0
9
8
107
374
1141
0
0
0
10
0
0
0
23
34
0
109
2
29
0
0
0
0
0
0
5
1316
0
547
48
0
0
6
16
4
0
129
10
0
0
0
2
2
939
643
13
105
28
8
215
10
4
0
135
0
2
28
3
9
0
0
1
25
1
0
0
23
4
111
23
1
6
81
72
0
45
2
0
0
2
0
3
0
0
0
0
97
0
149
4
89
88
0
0
0
0
0
14
0
0
0
44
23
0
930
124
0
0
0
96
60
0
14
195
37
88
301
13
0
0
247
0
49
0
68
6
2
4
0
53
102
95
129
30
0
24
0
0
723
0
130
0
0
12
194
77
0
2436
328
5064
169
56
40
160
779
1830
0
3
0
21
7
0
6
0
0
0
142
67
232
0
21
28
33
226
278
5
1
678
4
60
0
187
0
1095
7
0
116
0
0
603
402
11
132
22
2650
27
208
0
0
1
28
32
122
3
0
100
832
3
22
3881
0
123
0
12
0
0
6
0
0
8
7
0
182
8
1
74
13
33
0
0
0
66
86
10
2
0
0
0
15
0
9
793
76
7
0
0
40
1329
0
228
6
374
96
0
40
14
13
33
0
0
1898
0
0
75
0
116
122
0
0
0
12
17
30
76
0
0
345
27
155
0
87
83
0
56
0
7
0
4
0
0
173
9
304
0
100
0
0
160
0
5
0
64
0
275
0
4
0
1
0
0
0
42
0
922
12
137
0
0
24
0
0
6
91
0
19
0
0
0
2
0
10
281
12
0
108
12
95
0
8574
3
0
126
3
158
10
21
10
1
1
48
118
0
0
90
0
11
0
0
0
0
47
212
0
17
0
0
14
0
0
364
16
12
344
0
0
346
43
28
0
4
36
65
0
0
111
0
16
0
2
0
144
20
375
4
0
80
17
15
0
0
32
11
2
0
0
1
2
0
14
2
149
0
7
0
22
347
285
39
0
0
37
0
19
0
33
0
0
100
0
0
64
2
47
340
1129
0
508
0
557
124
0
553
205
215
0
0
0
1801
2454
3
95
44
5
57
6
280
0
0
65
9
0
0
0
2
0
0
0
0
1
155
0
203
0
0
64
0
402
29
0
0
0
0
33
2133
282
408
0
308
488
0
0
17
0
0
30
440
0
20
1553
440
229
2320
0
247
413
0
24
0
0
2
0
0
0
63
0
5
1
18
18
0
415
0
0
32
49
14
1
5
66
1
0
0
0
60
633
0
92
213
30
78
0
134
24
936
0
0
0
8
189
0
0
348
22
3
3
0
128
143
0
2
162
416
0
2289
1561
0
201
201
0
374
0
1134
0
0
2
0
630
439
0
0
0
710
402
0
0
89
64
33
35
0
2
18
0
121
385
0
0
0
95
0
75
0
0
162
0
165
7
0
48
253
0
0
0
11
0
29
44
6
67
264
0
391
1
382
0
6803
144
6
372
26
0
37
36
183
113
17
0
186
3397
104
276
2799
0
0
29
0
425
2
10
758
83
0
0
532
317
0
0
4
0
0
95
5
122
941
16
20
0
65
600
7
382
63
0
22
246
259
0
3307
4689
0
0
835
744
90
1
0
0
15
0
308
4
0
122
132
1
6
14
3
1
8
49
0
2
2048
2651
7
1152
463
7
1029
79
20
158
0
56
215
17
1329
3
1195
202
126
0
1216
0
0
249
7
1292
28
0
222
228
0
206
16
2111
24
736
48
95
1
22
358
136
1364
81
177
0
40
0
148
0
0
2
0
0
0
59
0
6
14
47
0
1
24
17
0
0
0
0
3
134
220
2
0
0
313
0
0
686
0
2
0
10
622
0
0
14
10
148
3
0
0
63
0
11
7
1373
20
171
0
0
1
0
0
0
114
8
2
0
11
0
9
48
91
0
44
5
808
11
126
1
3
19
0
1
3
24
0
63
100
0
52
138
0
10
34
0
276
2
69
41
161
6
4
0
82
0
0
2998
4
0
9
9
83
0
693
3134
233
185
109
13
453
11
17
171
78
794
0
220
0
3
197
8
0
22
97
204
0
46
0
0
4
0
0
37
4022
0
57
67
0
0
8
0
22
0
0
116
943
82
26
18
21
0
15
8
40
5
0
4228
187
146
182
0
130
0
51
342
0
31
3
2
0
0
1
48
63
63
134
689
114
216
38
0
33
254
746
0
12
7
0
1904
344
21
6
0
0
0
25
164
4174
111
8
604
0
12
7
941
63
0
1
0
165
254
0
40
0
0
32
43
60
0
2198
595
20
0
0
1
239
24
0
72
100
0
0
36
726
800
0
3534
75
356
0
570
3
30
0
2121
23
228
0
3
0
32
0
0
0
385
144
5
0
49
0
29
1453
107
0
0
0
0
2114
0
256
0
40
266
0
255
13
65
5330
0
339
47
305
0
30
85
0
0
0
946
473
0
0
0
250
0
0
0
240
38
0
3
0
1
23
12
7
20
17
0
0
918
0
821
28
0
2
0
91
0
0
35
0
0
3
0
79
0
0
28
201
80
0
341
33
0
0
127
2
76
0
0
0
77
0
20
0
0
288
0
0
279
23
3
35
0
59
329
1
250
0
6
0
0
682
0
0
0
633
20
0
45
42
61
0
82
1727
0
1
0
221
121
3
113
0
18
0
47
0
10
4
0
27
126
34
0
0
0
0
0
27
0
0
6
2
1
390
0
16
0
62
8
4
7
1
4
0
105
0
64
0
0
29
33
24
138
2
0
0
0
133
4
24
30
0
0
0
0
36
14
0
742
40
0
0
355
583
71
0
19
131
143
70
0
65
86
18
0
98
0
0
73
29
0
22
0
459
0
40
0
6
0
9
129
110
69
282
382
0
0
77
379
16
0
12
5
0
4
1431
162
0
454
11
289
0
0
52
28
1
0
0
0
2
7
0
0
0
0
855
33
16
0
0
82
3
1
19
0
373
0
35
77
2
17
13
110
28
356
0
264
20
243
0
3
17
59
134
1871
17
0
0
0
0
133
0
0
0
5
7
0
205
0
29
5
17
15
0
8
21
3
0
0
3
38
3
0
37
1
66
0
74
0
364
90
118
153
0
0
127
0
167
11
0
0
131
21
244
191
0
76
436
39
0
3
48
608
3
0
31
0
649
0
5
0
48
41
31
27
11
20
40
0
0
11
95
20
96
0
5
667
0
0
44
10
0
0
112
0
0
2
0
0
101
168
29
0
0
0
0
43
0
520
0
57
73
9
363
258
31
0
0
420
35
396
797
0
0
95
0
14
3
404
475
228
3
0
0
12
9
8
65
11
0
0
1
1
0
3
18
0
222
0
3
124
0
69
4
9
0
185
25
0
4
13
90
0
0
84
0
0
0
0
0
1
0
0
0
3
3006
157
407
0
1
0
9
0
87
0
0
66
505
0
23
1
666
77
46
2
0
147
0
10
38
1449
0
0
14
12
4
263
217
0
0
0
1
546
6
138
281
11
0
40
68
4
0
9
0
22
672
346
0
0
3
246
1
1
0
0
0
21
36
18
62
5
88
0
17
701
86
0
7
18
4
79
15
0
59
51
446
35
457
0
13
0
16
144
0
18
12
0
0
0
0
0
0
8010
277
2
0
0
433
2498
0
4
0
3
527
104
0
1855
79
1
0
1040
8
0
29
8
1
0
320
1
9
2
0
10
0
0
6
0
0
750
2
1
6872
9
0
0
1
0
7
34
0
0
17
0
38
1038
0
0
42
290
252
0
291
11
7
8
0
46
0
264
0
0
0
816
0
117
0
0
27
347
20
85
47
299
1
11
42
68
15
3
0
0
5
1
0
81
254
0
0
1
1
0
29
3
1
675
0
0
0
802
232
176
0
118
0
446
0
11
208
443
1
2
0
32
10
469
0
2
144
0
8
0
2
72
23
3
0
143
11
113
0
1
120
0
48
3
8
199
0
100
500
146
79
0
21
500
39
22
240
0
0
0
63
110
0
117
0
142
268
1
0
126
164
102
0
0
0
82
450
645
31
1488
0
53
0
1202
13
544
751
0
18
0
319
7
0
142
16
68
92
2
141
0
0
0
99
0
0
304
345
289
0
0
2309
35
76
0
191
202
295
645
0
0
0
5035
0
1018
0
0
382
2
6
0
1
0
0
29
0
0
17
6315
70
127
0
0
168
1
277
2162
155
0
134
100
704
4
0
1
0
95
0
0
5
131
0
235
109
344
0
180
4
183
4
721
0
7
0
180
692
446
11
629
3
0
16
499
124
0
794
0
452
0
0
15
125
5
2
0
0
0
0
209
10
9
341
0
95
4
0
0
152
0
0
0
9
0
0
1
10
60
0
142
42
21
238
2
5
0
3115
543
12
502
0
0
184
0
102
262
0
99
809
13
789
49
25
2
159
0
0
454
6
0
946
14
0
314
177
10
0
0
1
793
0
153
18
448
554
99
0
0
0
44
3
331
4
180
3
151
12
9
0
1023
266
0
681
8
16
9
7
13
77
21
298
351
646
0
527
0
6
0
1
0
155
108
47
865
30
284
311
145
7
199
21
3
3
0
80
0
3
0
0
6
0
224
0
482
369
0
0
4
39
0
167
9
0
10
0
5
0
0
123
57
2235
0
10
0
0
1625
4
3
2457
0
139
212
0
50
0
0
1
4
35
354
645
80
165
218
303
0
47
97
1
0
0
100
0
0
165
0
84
97
5138
4
12
801
493
23
0
167
0
0
21
0
246
765
225
49
175
21
60
9
0
19
22
63
161
588
6
82
39
0
7
7
0
417
64
111
0
1
0
0
3
0
20
10
135
14
127
0
0
0
1
0
81
11
0
26
27
0
359
77
0
0
0
0
380
0
0
1048
680
8
111
1
8
585
99
0
0
94
1
0
8
0
4
0
313
516
101
121
0
923
2
0
28
70
0
1314
8
156
0
12
0
12
6
63
5
19
268
57
0
6
1
0
1584
396
101
0
28
0
3
5
100
4140
0
0
0
6
30
17
113
0
1
144
0
838
1470
943
0
81
1010
1638
346
51
0
2
0
62
37
11
1
28
39
21
0
31
0
4
0
3
118
0
10
92
5
171
13
419
173
282
89
317
0
4500
81
5102
45
118
5
7
338
0
206
169
1510
82
12
6
6
78
0
0
562
48
208
60
127
264
0
474
1
672
798
253
209
137
0
7
0
494
706
3
6
2
232
4
399
19
0
74
0
2
0
0
244
164
0
0
48
5
59
254
169
0
0
0
0
114
0
0
1004
750
156
241
1
34
91
470
171
415
148
0
41
50
73
0
54
42
60
1
333
33
0
0
0
2
0
6
353
0
1187
947
129
0
711
307
20
7
291
6
0
0
5
0
0
0
7
52
0
1
119
39
0
387
16
2
480
356
801
0
0
0
729
525
455
168
1
661
255
21
311
59
51
0
33
1370
88
480
1
3
0
141
137
164
281
28
320
0
0
0
0
16
0
0
9
78
0
31
16
3
0
0
213
1
0
9
13
163
8
95
43
15
0
0
17
212
0
77
109
53
0
2
0
2
165
0
10
20
0
209
11
2
0
10
805
634
608
101
7
2
5
779
0
0
19
154
23
0
34
25
0
0
2
133
45
184
82
22
0
14
21
76
0
172
164
28
0
7
5
141
7
0
0
93
64
0
992
6
0
119
45
2
0
161
2
77
355
74
1633
0
0
5
39
54
324
0
661
0
3047
88
9
309
2
760
0
200
32
500
715
0
1539
1369
1
0
0
0
0
9
0
613
141
11
101
169
0
20
0
72
8
0
0
445
244
272
533
143
819
735
281
0
4
48
1
111
72
0
0
0
5
11
46
0
13
1893
4
35
150
254
5
0
0
0
5
23
217
0
0
462
0
15
0
1004
194
378
0
146
0
0
0
0
59
0
157
0
9
0
0
78
146
0
8
0
14
1635
0
160
5
0
0
0
3
0
0
0
253
325
5
16
768
17
48
195
321
0
26
0
2295
203
41
108
0
16
0
0
0
30
0
682
13
99
138
35
0
46
0
37
0
18
41
10
24
1
0
3
4
114
0
150
0
0
0
0
864
0
0
0
53
0
0
0
7
9
0
0
1444
149
448
4579
1667
1
29
0
176
3
2
0
84
546
42
651
1
0
0
0
923
36
62
2
470
118
29
662
60
0
239
361
54
54
0
0
0
0
0
0
0
0
0
171
4
0
0
2
0
0
0
71
80
36
368
118
0
0
0
0
0
0
485
284
0
0
0
0
0
0
191
166
0
0
0
0
12
0
0
3
22
0
0
0
0
0
4
20
122
77
1
0
0
0
0
2442
581
0
932
37
0
12
39
155
438
1965
71
102
0
2
0
0
97
0
39
8
6
0
0
0
0
302
21
0
0
0
0
0
0
1
10
102
0
204
125
0
0
0
0
26
64
0
0
1110
0
0
0
64
144
648
24
74
18
89
0
0
31
0
0
113
42
0
0
246
12
0
12
0
0
0
88
0
42
19
0
0
0
1
3
0
0
606
91
701
0
0
0
0
0
0
0
0
0
0
0
0
10
0
0
0
0
0
2
0
0
0
0
72
5
233
0
0
0
0
4442
148
404
108
593
339
449
648
180
5059
9660
809
0
46
71
0
0
0
1020
239
97
0
0
1
87
0
0
0
183
0
0
96
9
262
159
0
0
0
0
18
22
0
0
15
6565
8
164
0
0
0
0
24
73
0
9
35
0
0
1
0
280
130
0
0
0
0
139
46
5
9
9
0
0
0
0
0
0
0
0
4
137
75
0
0
660
610
220
252
2181
0
0
9
3
4
0
0
20
0
0
1
242
22
0
0
0
11
28
0
0
0
0
1
53
0
4
0
7
346
117
309
65
49
884
5
687
946
16
0
0
0
0
0
0
3
0
44
0
65
1
0
0
0
0
1
0
0
0
0
0
0
415
136
1892
6
2475
3962
417
0
0
24
7
0
220
0
0
0
849
213
0
0
258
917
174
36
0
6
6
127
0
0
0
0
4
2
0
0
0
0
0
0
0
0
0
0
0
0
0
0
84
2
0
12
99
0
5
0
303
2
0
498
0
3812
173
145
54
2
141
0
0
60
5
3
0
0
0
17
0
0
6
0
0
786
685
0
1545
14
34
0
4
0
0
0
0
0
0
0
951
514
2
3
43
3
0
0
0
0
29
106
0
0
0
0
16
64
0
0
13
0
1
0
0
0
0
0
0
0
0
50
1
0
2
0
0
0
0
0
0
0
0
0
0
0
0
0
0
0
0
0
0
2
0
0
0
0
0
0
