BitB_2_2
0
0
4
2250
15
136
23
0
0
0
0
106
9
322
0
0
635
3
3
242
734
102
0
3
0
441
0
12
5
2
3
0
0
44
2221
65
0
0
16
0
2
0
0
3
0
2571
0
173
0
98
0
78
0
540
0
1
297
41
0
1307
4
4
0
0
0
14
1
343
21
9
1416
362
34
8
10
0
1144
0
4
0
0
0
0
24
493
0
73
116
11
20
398
0
403
0
0
542
6
1
75
0
11
1
5
713
75
2
5
0
0
622
1
0
13
0
0
0
0
39
168
856
9
1
0
98
45
238
194
0
1657
16
0
1
4
75
0
0
3
60
15
0
22
4
42
0
321
76
11
18
40
10
39
0
166
0
3
887
0
0
8
243
0
0
0
0
88
87
51
128
0
0
0
1
146
3
0
85
51
0
0
78
263
277
0
149
13
209
123
3
64
0
0
286
141
11
0
24
0
1
0
6
31
12
5
7
29
0
3
100
37
14
0
0
10
0
0
0
44
3
0
18
227
0
6
141
0
8
0
77
15
54
0
0
45
344
505
0
615
22
0
0
0
0
2
295
0
17
67
721
14
3
86
192
9
0
363
28
0
0
0
23
130
750
207
1245
43
0
0
0
300
25
3
609
0
0
56
5
0
0
894
96
729
77
0
623
0
729
0
0
0
118
0
0
0
0
0
0
200
0
109
0
0
4
0
15
240
0
157
6
2875
0
0
0
0
0
0
254
3
63
299
0
22
0
254
86
0
124
37
15
0
13
273
229
98
0
0
336
20
7
0
0
1393
207
101
485
0
30
279
22
242
0
1263
0
41
27
9
16
544
242
31
0
10
0
0
568
0
0
0
161
301
2390
68
811
9
14
0
1
8
5
0
383
0
92
1
0
1470
3
46
41
31
0
208
0
0
79
221
47
97
0
178
49
54
0
0
0
2
123
2
0
0
0
0
66
4
2466
10
197
0
278
0
0
1663
160
4
0
50
0
10
1256
85
0
80
27
5
9
13
1
195
0
0
0
0
0
301
996
0
9
814
114
138
0
0
0
12
6
0
7
0
0
2
0
1
7
0
0
0
12
66
0
573
0
6
0
494
0
0
1
0
0
202
152
448
29
187
1230
295
38
0
0
14
0
68
161
74
65
0
68
0
2
0
0
52
0
772
42
56
192
9
1
10
0
5
0
8
645
5
276
48
0
26
0
833
177
0
744
0
47
7
28
6
37
50
58
773
0
11
96
236
110
101
0
0
0
27
0
425
119
0
0
95
0
0
0
20
0
0
0
1
0
0
0
0
845
0
187
1
183
0
0
0
241
342
17
2
100
4
157
38
39
0
41
0
89
0
1409
0
8
6
11
0
2811
0
4
0
253
0
958
171
7
6
3
77
0
0
0
0
311
0
0
0
0
733
5
111
309
2
0
86
10
28
17
1
4
4
22
0
5
38
0
0
5
7
0
0
53
0
15
93
165
269
76
1315
14
1
1
0
0
0
2
0
143
406
187
3
136
1
307
1
0
537
30
1
40
0
1
342
0
323
63
5
0
0
0
94
0
0
0
169
0
0
0
0
299
5
327
3
16
0
0
0
0
40
40
15
465
0
11
67
2028
0
5
2
1
15
0
91
0
1
5
31
92
0
86
2
2
0
0
20
16
95
0
102
1673
3
34
9
456
741
0
0
93
304
4
30
0
663
0
0
0
7
79
124
0
10
19
91
0
37
0
24
10
48
0
109
1
284
0
0
0
0
0
0
442
387
0
0
143
2873
1
291
48
108
185
58
33
3
0
140
0
4
34
0
2
811
0
0
564
59
55
30
50
157
376
7
20
45
0
0
2
511
0
113
0
0
105
19
1
0
0
8
1
0
0
5
0
33
2
0
0
0
170
53
359
22
7
0
421
3
2
0
0
14
0
159
36
0
2
0
0
0
0
21
20
2
0
0
6
1
105
146
0
6
0
0
0
0
264
0
147
373
389
0
219
89
342
109
0
6
213
0
76
56
9
654
18
184
89
120
0
1
368
0
2
8
23
126
273
0
0
0
0
0
0
558
716
6
0
0
0
1151
4
0
1103
3
69
0
34
0
0
278
38
252
187
57
0
0
8
0
0
39
1121
549
0
0
2
2
339
27
0
15
23
0
41
51
64
10
0
182
1
0
389
6
0
0
0
260
0
59
140
15
92
179
1
75
0
0
22
150
473
283
12
6
91
9
0
573
138
0
28
0
333
0
0
7
166
0
26
0
3
1
5
0
0
0
156
72
52
4
0
18
29
8
0
0
187
21
3
39
1
6
0
0
36
10
0
1144
12
120
691
0
123
0
0
63
0
1114
33
0
0
635
249
188
23
812
0
45
0
0
2652
0
0
0
0
100
0
0
0
4
30
504
363
621
43
0
0
0
81
22
10
4
0
0
60
1225
458
31
14
0
0
50
122
4
0
0
0
3
0
1126
367
2347
569
0
0
0
1
0
41
0
0
0
98
12
140
0
13
1108
374
0
312
719
77
46
47
81
0
0
86
0
2
7
0
0
0
7
0
26
16
1
0
7
0
0
1183
311
0
0
2
0
41
0
0
0
0
45
23
0
122
0
0
51
1
328
525
0
387
45
8
4
6
9
0
0
0
0
209
847
63
96
53
81
140
91
128
114
0
7
276
21
61
0
0
5
0
3
2340
3
232
0
0
201
59
0
0
191
69
40
205
0
226
116
0
15
3
5
0
48
0
1
530
205
177
0
0
453
0
0
0
56
8
1267
947
1
7
2563
24
152
84
61
46
585
310
0
1
13
0
333
21
266
0
450
0
320
0
148
658
12
0
488
0
0
64
0
165
284
0
0
0
472
0
175
0
0
1
64
0
190
0
0
0
0
0
0
0
15
0
87
16
80
0
229
127
22
249
496
0
0
2426
1
3
0
44
46
80
0
70
0
3
0
76
9
0
2
272
0
3277
0
0
0
14
1
217
50
101
36
0
199
0
24
0
2
124
264
29
0
0
112
0
208
1027
123
0
0
4
5
770
31
1
72
7
3
9
0
3
0
0
3
471
0
595
0
0
13
3
0
9
0
122
0
17
115
0
40
0
177
0
0
0
193
0
2
0
82
0
0
0
34
11
0
93
2
205
0
0
3
2
0
1718
4
1
1825
15
849
0
84
3
17
0
2
0
83
82
0
0
4
25
14
0
0
0
0
0
24
0
139
0
0
3
7
192
2
0
0
7
54
783
117
0
0
0
84
0
0
502
182
16
42
4278
0
31
114
16
37
9
357
0
2
32
1766
35
8
19
61
209
0
0
218
61
0
121
18
423
4
200
82
52
0
42
0
9
0
1
0
0
124
0
12
0
1673
2
31
442
40
42
0
0
0
0
22
0
139
0
0
67
36
0
0
0
1
15
0
132
0
3
42
0
19
0
0
11
0
0
19
0
0
13
0
0
0
3
0
0
7
279
5
665
2
192
49
62
0
0
66
0
1222
26
0
0
0
6
11
4
261
62
144
0
450
24
238
500
0
0
0
1211
0
51
129
2344
4464
0
0
0
24
0
0
0
0
43
0
0
795
198
489
4
3
217
0
8
0
118
148
50
837
0
644
1
52
6
23
136
0
10
0
0
0
0
0
0
566
113
0
1120
64
0
0
1
73
212
269
10
439
2175
0
589
0
96
287
144
186
245
0
13
0
111
91
0
0
313
26
47
0
0
18
97
276
0
3
0
31
284
0
861
0
1
12
1
0
701
4046
2
122
0
0
0
222
0
495
0
40
1
1
770
21
5
6
1
0
0
1
431
2
0
0
4
0
0
12
98
13
3
0
7
25
0
4
4
41
0
1
0
0
26
34
70
0
0
0
0
32
0
0
0
1
56
156
14
736
1754
113
766
101
2448
0
17
3
139
7
0
681
0
90
28
0
3
0
0
485
48
0
20
78
0
64
1
0
0
0
53
0
0
1224
300
0
0
289
2561
94
2
0
6
3
66
0
1777
0
458
17
0
9
0
59
0
0
0
0
23
0
0
0
3
5
336
44
7
0
133
10
37
15
0
37
41
0
77
0
104
4173
1031
3
179
0
0
0
1104
29
0
0
0
0
14
397
10
0
0
11
0
0
0
0
0
0
83
0
0
119
60
636
613
51
223
0
0
8
21
11
0
0
0
0
172
27
0
508
19
769
10
0
0
60
31
4
68
0
1
182
151
0
0
25
0
9
0
230
0
0
3
0
27
26
0
5
1
0
36
299
0
0
0
0
33
845
16
2
0
181
0
581
17
394
0
49
1596
184
0
0
3066
185
200
2782
33
0
13
0
0
0
0
30
0
8
2
0
192
1086
6
0
0
0
0
0
13
55
113
0
0
7
14
3
0
76
875
97
365
218
17
1
0
0
213
6
0
6
11
20
0
19
2
0
0
0
45
4
92
27
0
0
0
2
0
0
0
99
4
0
0
36
0
57
0
0
47
295
0
0
0
268
0
658
4
0
16
0
0
0
0
0
578
2
0
8
36
3
55
100
23
0
24
0
0
0
0
131
0
381
217
654
122
0
45
46
5
0
9
115
75
0
7
0
1589
0
5
0
23
0
17
1
62
0
0
0
236
0
158
72
81
141
0
0
0
2
4
0
13
93
76
0
14
0
10
19
0
0
92
0
11
0
0
54
20
9
11
29
466
0
0
100
0
404
0
0
0
28
6
36
65
344
0
1672
16
0
2
11
0
0
3
164
807
4
0
50
0
6
5
0
15
0
17
103
7
2
1140
123
7
721
0
27
18
0
0
375
0
79
0
3
1
3
6
0
0
7
865
0
78
354
15
0
1994
41
0
0
1
2
3
5
465
27
91
0
0
0
0
0
0
8
55
0
0
15
0
7
2
0
6
18
0
0
0
1957
0
12
0
21
56
326
242
2977
5
1206
8
2
7
11
5
8
1135
0
300
590
0
6
35
0
276
1
3
6
526
0
15
66
0
0
1479
0
93
418
0
0
17
143
0
1
223
284
0
459
0
406
0
1571
19
0
56
0
15
70
714
4
374
0
10
0
1448
160
60
13
1072
0
45
18
460
80
0
77
0
32
63
117
0
0
7
0
45
24
0
10
1172
103
477
482
0
0
0
7
8
30
0
108
159
10
476
508
0
118
124
57
0
0
4
0
463
0
64
0
167
2
0
0
2
4
0
0
847
731
0
0
77
0
0
0
61
4
196
15
2
0
191
365
0
11
0
0
0
0
576
283
1
1
835
13
177
95
37
46
0
1
20
0
4
0
0
8
13
0
64
169
0
0
48
276
0
0
89
0
0
0
610
285
30
0
0
401
0
234
289
0
0
42
0
0
0
25
104
5
0
0
0
6
2
51
6
0
0
48
6
0
0
0
5
0
154
52
5
0
0
203
1570
4
127
0
19
0
13
6
0
486
2
0
20
81
41
0
5
0
7
101
0
26
0
95
0
460
0
0
5
15
6
0
0
8
0
0
0
83
5
0
12
0
0
4
11
6
0
0
313
0
1
0
29
7
7091
0
17
133
112
0
47
0
0
0
0
198
35
381
4
85
0
0
182
0
0
38
0
171
738
0
60
0
247
0
960
0
347
120
0
1
0
0
0
0
0
0
2
0
34
0
1
8
337
132
48
0
0
312
27
3
112
792
6
122
36
0
647
59
0
36
0
0
0
452
9
241
0
6
2
0
6
602
289
0
207
22
23
1
0
55
634
0
175
0
0
106
4
102
45
0
47
0
0
83
175
10
6
5
0
0
0
0
97
144
237
0
30
0
126
0
2
97
0
28
27
0
435
62
8
54
31
0
1
622
102
0
235
0
66
259
14
8
1717
154
0
0
2
163
63
0
1
22
0
0
0
0
38
64
0
14
0
0
0
0
0
189
1
95
5
0
25
2
136
0
0
0
0
111
261
21
13
3
0
212
0
0
0
2
500
1405
0
0
1819
11
37
329
0
77
0
0
1
499
21
0
0
20
41
12
1
0
6
4
0
744
0
0
881
2
51
10
1410
152
0
0
126
1554
19
1260
306
0
22
61
488
0
21
13
8
6
0
0
0
199
0
0
2363
0
1508
2
1
5
0
19
0
61
117
0
489
15
70
0
23
592
2488
4
15
49
12
571
147
0
12
0
102
1
0
0
196
123
0
796
5
40
5
66
0
42
187
916
42
49
135
0
186
5
610
350
7
1254
0
244
137
76
164
0
0
3
0
0
12
62
0
0
95
0
3
13
2
0
0
2405
108
139
144
41
135
0
0
4
14
0
478
0
6
0
0
2
2724
0
84
107
7
609
0
6
202
33
18
741
0
0
95
0
0
0
0
13
0
0
0
7
100
26
0
12
0
0
78
3
0
0
911
82
697
157
4
777
33
0
1
44
22
0
0
0
5
22
110
3
0
5
0
0
0
3
4
59
593
69
83
1
48
2
3850
0
0
4
32
0
15
188
0
96
0
16
50
0
794
142
15
227
25
0
0
280
842
355
91
0
0
70
0
0
0
0
1468
2
1190
218
90
77
190
0
0
0
0
21
0
186
0
0
52
71
2
50
9
599
12
0
8
171
0
140
0
30
7
94
56
0
1176
18
0
16
8912
0
37
656
336
320
373
287
717
42
828
0
283
1049
5
48
11
3
0
0
95
0
64
67
2886
0
4
83
126
2
1347
65
100
0
0
0
0
1184
4
3
436
0
355
0
11
0
0
746
17
0
0
937
69
0
0
4
0
88
0
43
0
953
3
87
25
895
0
0
52
830
0
4
0
26
176
19
0
23
231
100
0
0
78
21
127
0
0
4
10
0
23
144
0
102
0
0
0
0
0
13
0
0
12
0
0
0
0
2
0
2
541
8
0
0
1726
0
0
2
0
0
22
0
61
0
0
36
0
0
1
1
0
0
106
74
0
0
0
69
0
0
0
89
90
0
0
0
137
3
0
0
11
0
0
0
0
8
0
4
0
0
62
0
0
23
879
0
0
9
0
9
113
14
131
4
0
7
0
45
0
0
0
47
0
189
0
0
11
0
17
0
28
0
0
184
26
0
246
8
0
1649
114
1
0
12
293
0
0
7
0
0
8
41
75
0
84
6
0
2
1422
177
5
1
151
0
0
27
2
13
27
0
10
0
0
0
0
386
0
2
0
0
489
1
97
11
3
0
0
31
692
255
153
0
0
0
0
0
0
2
0
0
122
0
0
75
0
0
0
0
0
77
1383
22
0
0
27
0
0
0
0
0
0
0
0
0
0
0
0
0
20
0
0
6
14
0
0
0
36
1
44
0
0
0
0
0
0
0
6
2
0
0
1
0
0
80
0
0
2
21
176
0
0
0
0
2
0
4
0
0
3
0
0
0
0
0
0
0
7
0
0
0
9
0
0
0
0
0
0
2
0
0
0
0
1
0
0
0
0
3
0
872
0
1
0
20
3
0
0
0
941
0
0
40
47
0
8
17
0
3
0
0
0
0
0
52
60
0
0
0
2
200
22
0
27
0
0
0
0
0
0
0
0
0
0
0
5
0
0
0
761
0
4
0
0
0
0
0
0
79
0
53
0
17
0
6
0
1
0
0
193
0
0
0
0
14
4
0
0
0
74
2
0
4
0
1
50
0
0
0
5
23
0
31
0
1
0
85
0
4
0
260
0
0
3
0
0
0
0
0
0
117
0
0
0
0
160
0
2
587
151
0
0
30
22
0
0
0
0
0
80
0
0
42
0
55
0
0
0
0
6
0
0
0
1
0
46
0
0
257
4
0
0
0
1
3
0
4
0
0
0
0
0
7
0
0
0
0
5
68
0
12
0
0
167
1
0
0
0
0
166
0
0
6
0
0
0
0
0
0
13
0
0
28
0
0
35
0
0
0
0
34
3
0
0
25
0
0
5
0
0
0
13
0
0
0
0
0
0
0
0
0
0
0
0
0
0
0
0
0
0
0
0
0
0
53
2
0
36
0
0
0
0
0
24
0
0
0
0
0
0
0
0
0
0
0
0
0
0
0
45
0
24
0
0
0
0
101
0
0
0
145
0
2
0
0
0
14
0
3
0
0
5
0
0
0
0
0
0
0
0
0
0
1
0
745
0
1
0
0
0
0
0
0
0
0
0
11
44
0
0
2
0
4
257
0
0
0
0
0
0
0
4
0
0
0
0
0
22
2
176
123
0
0
0
0
0
0
0
0
353
0
0
0
0
0
0
0
0
0
388
16
0
488
0
0
38
0
0
0
0
0
0
0
0
0
0
0
0
0
6
10
0
5
0
0
0
0
0
0
0
0
84
0
0
0
41
2
0
92
0
80
0
0
0
0
0
0
0
0
0
0
0
0
6
3
0
0
0
69
0
0
225
0
0
0
2
0
0
0
0
0
0
0
47
0
0
0
0
134
0
0
0
0
89
0
0
0
0
0
0
0
0
0
0
102
6
0
0
0
236
418
0
0
0
2
9
0
0
0
0
0
0
0
0
1
0
54
4
0
4
0
8
45
0
9
1325
0
0
0
0
427
0
12
0
0
0
0
0
0
0
0
0
188
2
2
0
0
4
0
102
0
0
0
0
0
0
0
0
0
0
0
1
0
6
0
0
0
330
0
0
0
0
0
0
0
0
1638
0
98
0
0
0
0
0
0
0
0
76
0
0
363
0
0
95
7
508
0
0
0
0
0
18
0
0
0
0
339
5
0
0
0
3
0
0
0
6
14
7
0
0
0
0
1
1
0
0
0
33
726
0
0
7
29
927
0
489
0
0
0
53
0
0
13
4
11
0
3
0
0
25
0
1
0
41
0
0
0
0
0
0
0
19
0
0
0
1
6
0
7
0
2
10
0
17
0
0
0
0
0
594
0
0
0
203
0
0
14
0
0
2
0
0
0
0
46
0
0
0
0
57
696
101
0
0
0
0
0
0
0
0
336
0
10
0
0
0
0
0
617
0
469
0
1
9
0
0
5
0
0
8
0
2396
0
0
0
0
0
0
45
0
0
0
17
0
50
0
0
12
0
708
0
0
0
25
0
0
0
0
0
1
0
0
3
0
0
0
0
98
0
0
0
0
229
5
0
0
134
0
4
0
23
283
0
9
0
0
0
0
0
0
0
0
742
1
12
0
0
0
0
0
125
172
0
0
41
0
382
0
0
0
0
1
0
0
5
0
0
0
0
33
0
0
0
0
0
6
0
0
0
47
12
0
0
736
0
66
14
0
0
0
0
0
0
0
0
0
92
1
0
6
29
0
0
0
0
0
0
0
0
0
0
1258
0
0
0
0
0
0
1439
28
9
8
2
0
0
0
1
9
0
26
0
0
0
0
0
0
0
0
0
0
0
0
147
0
0
0
0
909
1
0
0
0
4
0
2
0
0
0
7
8
5
0
0
0
0
61
0
200
3
0
1
0
0
1580
43
0
0
72
141
0
50
17
0
0
51
0
0
0
3
4
32
19
0
0
0
0
0
0
0
0
0
0
0
0
0
145
29
0
873
0
0
0
0
0
23
0
0
0
0
0
0
0
0
0
11
72
1
150
0
0
0
1
0
0
0
0
273
0
0
0
80
0
0
0
0
0
0
0
0
0
0
0
0
0
16
36
0
0
0
0
0
3
183
0
396
0
0
0
0
0
0
0
381
0
0
33
0
0
0
5
0
0
545
0
0
1
0
0
0
0
0
15
47
6
30
0
4
0
0
9
94
0
0
0
0
0
0
0
2
224
327
6
0
132
0
0
0
0
0
2
0
36
889
0
0
0
0
0
0
128
0
0
0
0
0
1
26
0
0
2
0
0
0
0
26
0
0
0
0
134
0
0
0
0
4
4
0
0
1
0
19
0
0
142
0
0
0
0
0
0
7
0
0
0
0
0
10
0
0
0
0
6
0
1
0
0
0
0
0
0
34
0
0
5
40
0
0
0
41
0
0
0
0
0
148
0
0
0
1
255
5
0
0
18
0
0
4
2
4
15
0
0
0
57
0
125
0
0
37
0
100
0
541
106
0
0
10
0
72
0
0
0
0
9
0
0
0
2
0
0
3
0
8
150
402
0
0
0
2
12
0
4
0
0
0
5
0
0
0
0
0
0
318
16
296
0
0
0
49
0
0
0
0
20
8
0
248
349
0
0
0
0
0
0
401
0
29
10
0
0
0
0
7
0
0
0
8
4
0
0
0
0
2
0
4
3
0
0
142
0
0
0
0
4
0
0
0
0
0
3
0
0
0
0
0
0
0
0
6
4
0
0
0
17
115
0
0
0
100
0
0
154
0
0
0
0
315
0
0
0
0
32
1107
0
933
0
0
0
0
0
0
0
0
0
0
0
0
0
0
0
0
52
0
4
0
0
3
0
0
0
4
1
27
0
0
0
0
334
0
0
28
0
0
12
10
0
261
23
0
3
0
0
0
0
0
0
540
0
0
0
63
43
0
0
0
0
62
125
13
0
5
13
8
0
1753
0
8
0
0
49
0
139
478
19
127
0
0
19
0
241
0
0
3
0
0
0
0
0
0
0
1008
0
3
0
0
0
0
0
0
0
0
102
637
1
0
0
0
0
40
0
0
144
66
0
0
3
0
0
73
0
0
0
0
0
0
0
0
0
0
4
0
4
166
4
3
0
1
0
0
0
5
14
0
0
0
26
4
0
0
4
0
0
0
0
0
0
0
113
263
0
0
0
0
0
0
0
87
109
0
28
48
0
0
0
265
0
0
0
7
0
19
0
77
3
0
0
47
0
0
0
0
0
3
0
0
0
0
0
0
0
3193
65
0
0
0
0
0
0
0
47
222
159
0
0
154
0
1
0
0
0
3
0
0
0
151
0
3
24
58
0
0
7
0
491
0
2
0
0
0
428
0
13
0
0
733
23
0
0
0
0
0
0
0
183
9
0
83
0
0
0
49
0
0
28
0
0
0
0
0
0
25
1
17
18
0
0
0
0
0
0
100
0
959
83
0
0
0
0
0
135
701
0
0
0
0
1093
0
0
47
0
0
0
150
0
582
225
2
0
3
0
0
0
0
0
0
0
0
0
1052
0
0
0
32
0
0
0
0
0
0
0
0
0
17
0
339
13
0
0
2
0
1
0
0
0
0
8
242
10
0
0
0
43
0
0
1
0
45
0
0
0
0
0
3
0
0
0
1135
0
1
0
0
30
0
232
0
10
0
53
0
0
0
36
0
1
0
0
46
10
4
0
0
0
247
0
0
0
0
0
0
0
212
11
0
201
4
3
367
0
0
1166
0
0
15
6
0
0
0
0
0
0
0
0
0
0
2
0
0
0
0
2
0
0
0
0
0
0
249
0
0
0
44
0
0
0
0
0
1
0
0
0
0
0
6
0
0
0
0
0
0
6
131
0
14
0
0
663
0
0
0
0
95
0
0
0
0
0
1
103
0
3
0
0
0
11
984
12
44
0
475
0
0
3
0
0
0
5
0
11
0
5
0
0
0
0
0
2
0
121
0
0
9
0
2
0
0
0
808
21
1055
1
0
0
0
58
122
0
0
37
839
0
0
0
7
0
0
2
0
0
1
31
0
1045
3
9
0
3631
0
3
9
0
0
0
0
0
0
0
0
19
0
26
0
200
0
19
185
0
0
0
34
0
0
0
110
4
0
49
17
0
69
0
0
0
12
0
0
0
3
121
149
0
0
0
0
10
0
0
0
0
0
2
0
20
0
21
0
0
0
0
0
0
15
0
0
0
0
0
4
314
0
0
0
4
0
0
0
0
0
0
1
0
0
0
0
92
0
0
0
0
0
2
0
0
0
2
0
0
0
0
0
0
0
0
0
0
0
0
8
8
0
0
0
0
4
0
0
0
0
1
0
0
4
0
21
0
0
0
0
184
433
0
0
0
11
0
0
0
0
0
0
0
0
0
0
0
0
0
0
0
69
0
452
2
481
0
0
105
0
0
188
1
0
0
0
0
0
1277
0
31
0
0
0
0
0
3
0
0
433
0
23
0
0
0
0
0
0
0
264
0
0
0
0
0
0
0
0
0
0
2
0
0
0
0
0
0
0
0
0
0
0
0
0
2
0
0
74
0
0
0
0
0
0
4
0
0
0
2
0
68
0
972
0
0
0
0
0
0
0
0
0
0
0
62
0
0
0
0
95
0
121
0
0
0
0
0
0
303
0
0
62
0
0
0
3725
0
0
0
0
6
0
71
3
11
58
0
0
10
0
0
75
52
0
0
0
86
0
0
0
0
0
300
0
0
0
0
7
0
371
0
3
0
0
0
258
0
0
20
0
142
0
1367
0
1
0
109
6
0
0
0
0
0
0
0
0
0
0
0
0
0
0
0
0
0
0
0
0
0
0
0
0
240
0
59
0
0
5
2
0
0
0
0
0
74
0
0
0
0
0
0
0
0
0
0
12
0
0
0
0
0
0
0
0
0
2
0
45
0
0
0
0
3
0
96
0
0
0
0
1
4
0
0
0
0
0
0
0
0
0
0
0
0
0
0
0
0
0
0
0
0
0
0
0
0
0
0
0
0
3
0
0
0
3
0
0
0
0
0
0
0
0
0
0
0
0
0
0
0
0
0
0
0
0
0
0
20
0
0
8
0
0
0
11
0
0
0
0
158
210
0
1
0
0
0
30
0
0
83
0
0
0
0
0
0
0
0
0
0
0
0
0
0
107
0
6
0
0
0
0
0
0
158
0
0
6
29
24
0
0
0
0
0
3
0
0
0
0
0
27
0
0
0
0
0
0
857
0
0
0
0
0
0
11
0
0
0
0
0
4
0
0
0
0
0
0
0
510
15
23
0
1
0
1
0
107
0
2
1
0
0
0
0
279
0
0
0
0
0
340
0
2
286
40
0
0
0
0
0
0
4
0
0
0
0
0
0
0
0
0
348
0
0
0
0
0
0
130
0
0
0
0
0
0
7
1
0
26
0
352
0
0
0
277
0
0
0
0
0
0
9
93
0
0
1
0
0
0
0
0
14
0
0
0
0
2
14
0
0
0
0
0
0
4
0
0
0
0
0
4
4891
38
60
0
5
0
0
71
3
2
11
9
8
320
8
0
0
1
0
0
0
0
0
0
0
0
0
4
339
3
0
266
0
527
31
232
0
0
1
0
0
5
0
0
221
3
3
64
2
46
0
0
94
130
44
460
0
0
0
149
0
0
2
5
0
0
12
0
19
93
0
83
0
9
0
66
1
4
0
0
59
0
0
0
629
0
4
0
3
1
0
0
75
0
81
67
106
0
8
3
0
0
0
0
171
1
68
3
8
0
11
0
16
0
0
194
18
0
0
38
0
79
0
1303
126
0
0
2
64
3
3
4
0
0
0
0
0
143
0
168
0
624
0
0
0
0
0
11
3
0
0
0
4
0
0
0
0
80
26
14
0
0
538
0
0
3
0
0
13
0
0
261
0
13
0
0
0
0
3
85
0
0
88
0
15
0
33
0
10
0
56
0
0
25
0
0
257
143
11
0
0
16
0
0
15
0
0
0
0
0
466
0
0
0
0
0
10
1
0
1
0
0
236
609
0
2
247
0
212
0
49
11
98
0
20
0
0
1
219
0
54
0
5
1
154
0
0
0
27
0
33
0
2
0
0
0
0
0
0
103
0
0
0
0
0
0
0
0
0
46
0
0
0
0
0
0
0
0
1738
26
270
0
0
0
0
13
38
0
458
4
0
0
8
0
0
63
0
3323
85
523
0
2
122
53
39
12
4
0
1620
0
105
93
228
0
152
0
28
828
208
0
0
0
2
651
0
2393
0
0
0
0
1
117
1
0
0
0
0
43
1
12
13
0
45
449
0
468
0
0
0
136
39
0
0
95
42
0
154
0
35
57
0
0
0
32
0
0
0
0
0
169
0
3
0
917
0
0
2
19
0
31
111
24
6
0
55
107
0
0
11
1
0
0
2
0
0
0
0
1
19
0
0
0
290
28
25
0
24
0
0
0
262
0
0
33
1
29
0
0
196
39
2
45
0
0
4
0
152
0
15
0
0
0
0
0
0
0
11
0
305
66
1
0
6
280
82
0
0
130
3
43
0
6
0
173
6
0
15
0
0
0
22
460
0
35
0
0
523
32
4
1
42
0
3217
7
0
14
9
0
537
0
0
47
38
371
0
59
531
0
0
16
33
48
0
128
4
0
0
0
1
0
7
56
0
0
105
0
53
0
0
18
0
0
0
0
0
44
0
93
74
0
0
0
0
0
0
0
442
8
446
1325
475
8
0
5
0
0
8
0
0
0
586
1195
0
100
0
0
0
778
0
0
34
0
0
0
9
0
11
0
0
0
131
0
16
0
9
0
0
52
0
0
36
1
45
516
25
0
0
23
178
175
0
0
0
0
0
0
359
33
0
675
0
0
0
41
1
142
7
0
0
1
50
6
112
299
0
0
0
0
0
37
0
0
0
0
0
0
14
0
1513
0
22
161
0
0
0
0
9
93
0
0
0
0
36
0
9
664
0
0
0
0
3
0
12
0
18
0
0
0
31
9
0
3
0
0
633
0
0
45
0
0
0
0
37
0
45
45
0
2
0
0
0
142
0
0
0
4
147
6
0
11
0
14
0
13
93
0
31
0
0
0
0
28
0
1
313
0
0
1
0
0
0
24
0
47
11
1
0
0
133
2
0
1
0
305
112
3
0
0
0
0
0
99
12
0
2
6
2
0
0
0
0
0
66
0
0
2
0
0
0
0
2076
0
60
0
0
0
8
0
0
0
0
925
0
0
1
135
0
41
0
0
0
0
142
5
0
0
0
0
3
2
0
102
0
0
0
554
3
4
2
0
70
0
865
0
0
0
0
1210
61
1
54
6
0
0
1
1
180
0
11
12
4
1
0
0
0
2
3
25
403
82
32
0
0
8
0
15
0
0
185
788
0
102
0
0
0
1
0
9
188
0
0
10
0
320
19
24
0
0
133
185
2
37
0
674
0
5
0
1
0
0
1
2
107
376
45
22
6
0
0
0
0
127
37
0
0
0
404
0
0
18
0
0
101
33
0
114
5
0
824
0
0
31
0
1
0
0
0
564
0
2
0
2
0
0
0
17
0
0
482
0
0
0
0
0
0
14
0
75
15
6
0
0
4
0
0
0
891
136
2
10
5
121
0
20
1
0
0
1
2
0
0
0
2
0
0
0
0
35
0
0
273
8
26
0
1
22
0
3
0
0
0
3
0
0
0
5
0
11
16
4
0
0
0
0
0
0
0
75
3
0
2
7
0
0
0
0
0
9
31
0
0
4
1
638
0
5
39
45
5
15
4
0
0
1
0
0
0
0
2
3
0
10
16
0
0
0
25
0
182
0
0
0
421
29
0
0
3
13
8
0
0
16
556
0
20
1
120
9
1027
180
301
0
0
282
1
0
219
0
0
4
15
0
4
15
0
0
66
0
0
0
7
3
0
3
0
0
0
0
13
0
0
0
0
0
133
101
45
2
0
0
9
265
0
54
74
1
0
0
0
9
0
0
64
0
23
2
0
8
23
515
0
1
1
1
0
0
27
10
929
0
9
9
0
0
0
0
0
1
15
611
0
0
0
0
0
3
19
103
0
7
0
305
50
0
0
0
128
2262
0
241
1
0
24
147
15
0
5
12
0
1
3
9
0
0
32
0
0
4
0
2
317
167
340
0
0
95
1
0
0
12
0
0
39
0
0
0
0
40
12
0
0
0
0
5
211
0
1
0
1
0
4
290
0
0
186
217
822
368
5
0
23
1
21
0
4
0
156
0
0
0
0
0
4
0
5
0
0
0
13
3
149
1
21
0
51
3
0
1290
0
2683
0
0
0
76
52
5
0
562
0
0
31
44
389
11
0
408
11
11
0
28
11
226
2
0
0
0
0
5
634
0
43
3
46
9
0
0
10
250
0
60
7
520
428
14
0
0
15
0
0
0
0
218
191
239
3
81
0
57
0
21
0
0
116
29
0
0
0
255
0
0
0
26
2
40
0
809
0
0
0
0
3
83
0
230
26
13
6
171
62
55
11
12
0
231
2
0
0
171
0
0
52
3
0
0
88
0
0
0
0
0
0
47
800
28
0
406
93
0
637
0
0
0
3
0
311
98
0
116
16
0
0
0
0
0
12
12
19
0
96
0
0
0
0
0
0
239
0
0
304
0
0
0
6
0
0
0
4
14
0
0
0
0
48
0
0
369
0
2
0
27
0
0
52
0
49
0
2
53
1
4
0
5
0
480
26
267
0
0
250
158
0
16
36
0
0
0
1
34
3
2
0
0
0
0
16
4
69
0
75
1
45
21
11
0
2
0
0
5
0
6
53
1
72
356
669
46
53
0
2
0
5
0
197
2
0
2
0
472
5
7
221
46
244
305
0
0
16
0
55
0
6
0
0
232
18
2
0
64
9
0
3
0
26
68
76
0
0
0
0
142
0
0
0
393
45
0
8
38
0
61
0
14
6
1
0
8
0
0
101
467
0
17
0
135
0
0
0
1
0
353
0
0
0
0
0
4
0
0
0
0
0
0
0
7
526
100
274
3
0
0
0
52
25
0
0
0
0
0
86
111
1
0
1
17
0
0
0
0
8
3
0
0
0
0
4
0
0
18
0
0
9
20
24
0
0
0
1
55
3
0
22
0
99
0
0
0
0
6
55
0
197
5
107
0
66
11
2
400
359
218
0
0
4
0
0
0
41
0
4
6
2
1
34
55
1
0
6
169
1
32
0
19
640
0
0
0
25
4
3
40
15
39
18
23
1
0
6
13
0
296
1
0
0
10
0
0
12
0
0
24
6
105
8
3
0
0
0
18
79
6
67
0
0
115
0
900
0
0
1
795
0
0
5
0
0
0
30
4
0
222
3
0
0
0
0
2
0
0
0
0
0
1288
4
15
0
0
0
0
187
10
52
116
49
811
42
0
39
0
172
18
0
281
0
203
0
3
0
52
0
33
0
0
0
0
2
5
0
2
3
31
0
0
0
0
49
13
8
170
0
0
0
79
0
0
0
0
6
0
81
1039
0
192
0
0
19
27
11
0
0
8
3
0
0
0
168
0
0
0
19
0
0
0
0
3
3
4
122
30
66
0
1
249
0
2
0
1
0
815
0
0
0
62
0
239
78
2
0
3
0
0
0
2
0
0
248
24
228
0
84
0
0
1
1033
1
11
0
0
0
0
2
0
0
0
0
144
0
0
75
0
0
0
0
0
0
3
0
119
0
0
21
0
362
0
0
0
2
370
0
95
26
0
0
3
0
0
0
563
0
0
0
0
0
0
0
0
0
31
0
0
0
5
0
155
13
0
57
0
11
6
0
34
0
0
0
0
0
22
0
0
0
0
0
1
0
1
18
0
396
0
0
1027
0
0
0
30
0
0
4
173
5
138
0
0
15
0
0
0
0
4
0
4
22
8
4
0
0
0
0
0
0
0
3
2
1450
0
24
378
3
0
0
0
7
0
0
155
0
0
589
0
0
1
0
384
0
0
0
0
0
0
37
5
1
5
0
0
0
0
243
0
23
0
2
16
0
0
1
96
6
0
6
47
138
0
4
2
140
18
0
3
0
0
1
0
0
0
0
0
407
1
0
0
0
0
22
0
0
0
206
0
0
0
0
193
12
0
0
0
142
492
0
11
0
0
31
65
29
104
0
0
0
0
1
0
0
315
11
21
3
0
449
222
0
3
1
6
0
0
0
14
252
0
0
0
0
0
0
160
1
0
0
0
0
298
8
0
128
106
128
47
0
3
7
4
10
22
0
36
178
4
15
35
80
576
0
0
453
0
8
0
0
0
0
365
0
947
0
48
371
4
133
0
0
0
0
18
0
26
0
0
0
69
2212
0
271
67
5
0
10
0
35
0
0
0
0
0
0
269
2
0
0
2
0
0
19
0
8
25
0
657
0
0
0
0
36
15
0
90
0
0
0
0
0
0
0
0
0
0
144
0
33
0
13
6
83
140
0
56
0
0
0
0
0
0
65
2
0
20
30
0
0
116
0
0
0
2
8
1
0
195
30
0
18
40
0
0
26
822
0
0
0
3
0
0
15
351
95
2
0
0
0
0
0
9
90
500
0
217
25
216
6
6
0
0
0
0
0
292
1716
0
0
0
0
0
227
214
18
3
0
0
0
13
238
0
6081
0
0
490
264
0
0
0
0
2
0
17
39
0
0
5
0
0
76
0
0
31
38
0
381
0
170
1
56
0
0
0
0
0
0
104
1765
0
91
0
197
7
30
296
0
0
0
0
100
149
0
13
145
1
0
0
2
296
178
0
0
0
38
0
0
0
0
0
0
0
2
0
0
3
0
3
0
0
0
528
0
0
0
225
1
20
0
145
0
0
6
660
0
0
0
333
35
1
0
0
6
0
15
195
817
0
0
42
0
143
1
3884
0
2
144
0
0
0
2
0
0
0
12
0
46
0
573
68
0
7
3
11
0
80
0
39
253
2334
0
65
277
0
0
0
20
0
23
9
0
0
0
0
0
266
0
0
0
0
1
30
0
0
27
3
1
2
25
98
18
1
0
0
1
8
351
0
203
4
3
0
0
0
334
0
0
144
0
0
0
0
663
0
41
0
0
59
0
0
0
0
32
0
6
0
193
0
0
3
0
7
0
0
2
89
0
0
76
125
0
6
4
17
33
7
0
0
0
34
0
63
0
0
4
1
0
0
307
81
0
5
553
3
18
269
61
0
0
0
0
0
0
0
289
121
0
0
0
0
16
110
6
0
16
4
1408
0
3
0
0
158
42
40
0
416
14
0
0
142
8
0
0
0
0
3
186
39
52
8
421
0
0
0
0
0
0
391
0
0
36
173
8
0
25
0
0
0
196
153
133
0
1
0
0
111
0
0
337
0
0
1
105
0
0
0
0
0
1109
837
0
5
4
51
0
0
0
0
0
30
338
258
0
215
0
1
0
0
29
0
1
0
0
0
13
0
0
0
0
0
0
45
4
0
0
0
81
0
0
0
0
0
1
800
32
0
2
148
0
142
68
4
3
71
18
0
0
0
0
102
10
0
2
111
586
1
0
2
0
0
0
0
0
0
0
7
0
26
0
557
0
0
0
270
2
0
89
0
11
0
0
0
0
0
261
298
0
490
0
0
26
0
7
0
0
0
0
44
0
0
0
0
0
0
541
42
0
46
0
0
0
15
0
56
53
0
1
357
0
0
0
155
0
0
1
3
0
345
0
0
339
3
0
0
3
0
0
0
0
1
28
3
0
0
0
0
0
0
0
0
0
0
1
103
0
0
15
0
0
7
2
0
0
54
0
4
0
290
0
4
889
0
16
0
0
49
0
0
0
13
3
0
13
662
0
28
0
0
60
6
1
124
0
141
0
0
0
5
452
0
0
0
0
0
28
125
16
0
0
0
53
160
448
1
6
1
0
8
0
12
0
20
18
0
0
19
8
0
0
0
106
0
0
0
2
16
0
108
0
0
14
20
820
116
19
138
0
0
85
502
0
0
703
0
1
0
22
46
1
0
24
0
0
2
10
0
12
0
15
0
0
0
7
0
0
0
0
551
0
7
0
22
0
0
10
8
0
0
0
0
32
0
9
0
1
35
15
0
0
0
560
0
65
32
0
0
12
0
0
0
12
38
3
3
0
6
0
112
0
0
0
94
633
0
0
76
0
90
0
0
0
0
506
0
0
0
0
33
10
5
19
8
0
230
0
0
0
149
55
26
0
14
22
0
33
0
0
60
0
6
0
62
350
0
0
0
125
2
710
0
0
270
0
0
0
0
0
0
0
1
2
10
610
0
4
6
0
214
1
0
0
52
0
0
0
0
329
0
1071
644
69
69
0
0
69
1297
0
0
0
30
0
0
0
0
43
0
136
2
0
75
320
0
0
0
0
0
0
160
4
0
39
0
0
167
0
4
0
32
464
0
0
1
43
2
0
21
202
0
0
0
0
157
283
10
3
0
0
2
3
0
0
0
0
25
0
0
1
1
8
612
120
0
2
73
0
0
0
0
0
0
0
0
0
402
8
52
0
2983
0
353
1
0
0
87
3
0
0
0
7
15
20
87
25
21
24
0
75
0
134
2
0
0
2
0
38
1
0
195
1
74
0
0
0
0
3
15
240
0
4
0
0
0
561
0
58
41
82
56
34
4
4
0
111
33
0
114
3
0
0
0
83
0
0
7
3
15
2
0
0
30
0
0
6
0
160
0
0
0
19
0
3
0
0
292
0
0
0
46
0
12
23
0
3
1
50
0
0
0
322
0
0
5
172
25
18
22
0
0
263
0
0
283
0
0
0
199
0
1
3
87
0
0
0
0
0
98
6
786
27
0
0
0
0
118
0
2
0
154
23
0
328
2
150
35
2
23
132
0
0
19
225
0
387
0
31
0
21
0
0
0
0
540
0
0
0
7
0
938
0
4
0
10
3
24
0
3
0
62
0
0
37
3
0
0
0
196
0
5
148
0
0
0
207
27
35
22
0
3
0
7
84
81
0
0
48
0
0
0
0
3
2
220
0
0
13
7
39
0
0
3
0
122
0
58
0
3
41
5
0
0
0
0
0
53
0
10
0
11
0
0
44
0
23
207
0
87
82
0
28
0
22
31
0
1
0
23
3
131
33
20
0
6
134
10
9
0
1
0
45
218
613
36
0
0
0
0
0
283
83
0
22
0
45
0
32
0
0
0
0
37
0
32
0
5
22
61
1
1
1
22
123
0
66
0
0
0
15
3
0
0
0
0
0
79
54
0
72
5
1293
4
412
0
16
25
0
0
0
0
5
0
0
0
0
0
2
46
3
0
0
22
3
166
0
80
20
284
29
0
643
29
84
0
0
0
0
3
0
314
0
47
15
0
0
3
0
0
0
2
0
8
0
0
0
32
29
425
12
1
83
0
2
9
7
0
0
86
0
0
18
81
0
0
0
291
0
255
0
0
0
5
87
11
0
69
25
0
0
0
0
0
434
0
28
601
165
0
72
0
0
79
27
474
114
0
0
0
27
0
64
34
44
36
5
0
0
0
141
696
0
1
15
16
0
0
0
0
101
0
462
833
145
0
0
417
0
741
0
0
4085
0
0
0
0
16
5
11
0
0
51
0
171
63
0
186
15
34
0
0
381
0
0
169
180
2
0
0
50
0
177
0
0
0
0
1
0
0
0
2
0
0
0
0
0
22
0
73
0
2
152
0
399
114
0
46
0
1
50
0
0
114
16
1858
0
0
0
300
201
0
0
15
0
0
970
4
66
0
0
0
0
1
116
2
2
2
0
1
0
7
0
2134
11
3
0
0
58
2
0
0
0
0
0
7
0
0
190
0
3
19
0
0
0
846
0
58
99
0
0
0
0
0
276
0
0
25
0
12
0
644
0
0
0
1074
15
56
0
0
0
30
52
36
0
0
0
3
0
0
146
7
814
0
0
0
91
7
0
93
181
0
63
0
0
0
0
2
18
73
13
3056
147
0
0
0
0
166
0
0
0
312
0
0
397
12
0
3482
34
262
36
4
0
0
0
0
48
10
14
0
0
69
91
8
5
0
115
0
5
46
4
2
0
0
0
0
4
0
0
0
0
0
465
0
4
0
0
0
1
14
0
0
0
31
0
432
0
0
0
0
409
2
2
0
4
0
35
0
54
141
0
0
0
0
0
0
0
0
0
0
0
0
0
0
0
0
0
0
5
0
0
0
0
189
0
0
0
0
0
9
0
0
4
0
94
7
1
457
0
0
0
0
0
0
0
0
0
0
28
0
0
0
0
8
0
33
51
0
0
0
0
0
6
0
1
0
13
72
36
0
0
0
315
0
0
4
79
0
0
12
28
0
0
89
24
4
0
0
0
522
264
0
1
97
0
25
0
105
4
0
0
25
3
649
53
0
6
0
0
0
0
0
228
0
0
0
0
0
0
0
0
0
178
7
40
0
0
0
0
0
0
2
162
0
4
56
278
0
0
168
0
0
0
84
0
0
3
127
1
0
0
0
0
402
0
0
2
0
432
0
0
0
2
0
0
0
0
0
0
0
3
0
0
0
26
0
1014
0
0
328
11
0
118
0
106
314
0
22
0
0
4
0
1099
2
0
0
0
3
13
0
5
0
2
0
19
0
0
0
0
108
150
133
0
14
0
42
0
0
0
0
0
0
0
496
2
0
3
0
0
0
0
0
0
47
0
0
154
136
117
91
0
26
0
0
0
22
0
536
0
0
125
0
0
0
0
0
1
0
0
116
0
0
0
0
0
349
2
11
0
0
282
0
0
0
2
0
0
36
0
0
0
49
31
1
0
4
254
0
0
4
0
105
17
204
0
16
11
2389
0
0
118
0
0
0
0
0
3
0
0
68
31
0
2
0
0
281
0
0
14
1443
0
103
16
21
0
0
134
1
0
0
0
144
366
0
15
0
0
0
1
0
0
0
0
131
0
0
0
1
0
0
0
94
4
227
0
0
0
7
0
1322
0
20
0
0
0
0
4
0
0
0
0
1027
82
0
0
0
0
0
0
29
108
0
244
0
0
0
5
0
5
3
0
0
0
0
102
0
39
36
3
55
28
0
891
0
0
3
0
72
0
106
0
76
19
0
0
0
10
0
0
3
0
7
0
0
0
0
13
2
65
623
0
263
0
562
0
185
0
0
11
3
7
272
0
120
32
17
0
0
43
0
0
0
0
41
15
28
2
1
0
0
0
0
0
0
0
0
83
0
0
394
0
0
0
0
0
0
0
0
0
11
0
31
2540
104
0
34
0
7
0
44
0
4
0
0
0
0
4
0
0
0
0
0
36
331
0
4
0
1
0
103
0
0
0
0
0
2
0
0
0
1
9
94
105
0
694
0
17
69
903
255
3
0
0
0
0
125
107
0
1
0
0
0
84
0
2
0
0
0
30
83
22
2711
0
0
7
112
157
0
0
1
4
168
0
69
0
549
0
0
29
0
0
0
3
0
75
0
129
27
72
0
360
2309
196
0
4
2
5
0
0
3
0
51
0
0
0
106
1
104
0
0
2
699
234
6
0
0
0
0
0
0
26
0
12
107
2
8
0
779
10
18
2
5
0
0
0
663
0
54
0
2
627
0
0
3144
0
48
0
83
0
0
0
0
0
1137
0
905
0
0
0
659
1
0
0
63
0
16
707
0
1
6
9
1217
0
0
0
76
0
0
1
0
0
0
37
0
0
11
16
16
0
0
0
52
408
10
0
0
0
0
0
0
142
2
2186
0
0
3
4
0
0
0
20
0
0
0
900
0
413
0
0
420
0
0
0
0
11
96
0
0
5
0
124
0
2
0
79
7
72
0
157
0
0
0
0
0
0
0
25
0
0
44
0
16
2
491
0
0
0
37
2
0
40
0
0
15
0
50
19
0
0
0
0
0
363
12
8
1
0
2
0
0
0
0
0
84
115
0
28
88
0
0
66
0
36
0
8
0
11
0
0
0
0
16
0
0
0
37
0
14
177
0
0
0
17
48
4
11
2
263
0
6
0
1
0
0
0
1
5
310
0
0
0
0
57
2
0
0
0
20
3
0
0
0
9
1
0
557
19
0
79
11
3
0
22
31
0
1521
460
7
58
27
518
31
0
0
10
0
21
222
0
40
0
3
0
6
0
0
0
0
0
0
76
0
0
0
0
0
0
0
2
0
0
0
102
0
4
0
51
0
0
0
0
0
0
0
0
0
208
0
1728
8
0
3
0
247
0
0
0
0
0
0
0
20
0
0
450
0
0
0
0
0
77
0
410
38
0
0
22
0
2
0
16
0
0
0
0
0
0
18
1
0
0
0
1
20
17
0
2
0
18
0
0
29
8
0
0
8
16
0
0
0
0
59
232
0
11
6
0
0
22
2
0
3
0
96
1
9
296
0
0
0
2
0
0
442
0
0
0
0
0
0
0
470
1129
0
15
0
0
21
80
0
0
0
0
58
178
0
104
662
0
0
0
0
2
46
0
2
0
1
2
0
76
0
6
0
424
0
0
2
0
162
0
0
0
0
0
0
0
209
42
0
0
48
0
92
0
0
240
3
0
107
2
126
27
11
0
129
0
0
0
32
16
0
2
0
12
16
35
0
0
0
0
0
0
2
0
0
98
0
0
22
48
0
0
20
0
104
16
21
0
0
0
0
0
0
322
0
57
0
11
0
0
208
0
0
0
0
118
0
8
17
48
1
336
0
0
35
110
81
99
44
0
0
80
0
805
0
21
0
53
0
0
52
48
0
0
171
0
64
0
0
0
0
0
0
1
3
43
0
0
0
3
0
2
0
3
307
0
0
100
0
225
28
0
561
726
0
0
0
0
0
379
94
0
0
0
0
0
0
0
0
238
43
0
0
0
0
298
0
75
10
0
9
14
0
0
0
45
0
72
28
0
0
3
169
0
385
0
8
1428
2448
1
56
0
0
4
43
9
0
585
22
18
0
0
13
73
9
0
148
0
0
72
0
0
0
0
6
0
3
1
0
0
1
50
0
0
2
15
0
12
0
31
0
78
0
12
102
0
1
68
0
0
8
19
56
0
0
0
0
0
63
0
0
6
0
0
0
0
0
24
43
81
6
0
0
0
0
0
0
0
398
0
0
0
0
493
0
0
3
5
0
0
0
0
40
0
7
0
0
0
4
6
5
0
0
247
50
0
0
0
0
0
0
0
52
36
0
925
1
33
107
0
0
23
0
5
5
0
0
1
0
0
0
0
17
0
33
16
0
0
8
44
0
2
0
0
0
0
101
0
0
0
0
32
0
0
5
87
0
46
1
19
11
0
272
0
0
0
304
30
12
0
0
5
0
4
0
411
0
323
61
0
29
26
6
257
0
6
42
11
0
0
127
15
0
131
5
0
137
0
10
0
2050
0
0
0
10
0
0
0
0
173
5
0
0
226
0
0
0
20
538
0
0
0
0
157
0
0
8
0
0
0
0
0
0
25
0
7
253
0
0
397
0
0
173
0
781
0
257
7
0
0
12
3
20
147
0
31
19
0
2
318
22
4
0
1
0
0
0
166
31
0
0
0
28
351
24
1
858
6
0
0
2
5
2146
3
84
45
0
10
182
1
501
48
0
0
38
84
0
0
0
3
0
0
0
18
720
124
965
8
649
127
232
3
34
0
0
0
0
0
217
0
6
0
264
15
0
1
0
13
37
0
0
0
29
815
168
6
0
0
7
41
0
0
0
0
0
0
24
0
163
52
0
2
0
10
9
5
2
0
0
2
0
0
115
0
5
25
10
0
11
0
2
204
0
1082
0
0
46
17
476
6
0
13
0
4
0
0
0
0
0
0
4
10
438
0
19
0
0
3
1
0
0
25
37
16
0
0
1
0
2
0
33
42
5
69
63
80
1
0
0
0
0
1
70
28
96
0
0
18
0
76
0
82
0
305
22
0
0
0
6
32
23
36
1
3045
18
3
0
2
0
0
14
153
0
0
0
0
13
128
0
0
1
2
660
0
747
562
4
44
155
106
0
34
17
18
0
137
470
87
1
312
0
0
0
146
3
0
0
0
118
102
830
1401
0
106
0
424
0
0
0
0
0
0
0
8
0
0
0
2080
100
79
0
543
272
2
1
1
0
980
0
0
0
0
0
3
31
14
0
0
473
0
25
0
6
0
0
233
332
0
5
0
0
588
1
308
0
0
126
69
21
21
0
0
0
0
0
0
0
7
123
14
0
0
3
216
917
0
1
1
8
4
23
1
707
0
0
105
0
0
0
0
0
0
220
0
0
0
2
96
0
0
0
1010
0
74
36
54
61
0
0
70
0
0
1
65
0
24
0
1
0
1031
1928
6
84
0
7
0
144
73
79
0
143
0
0
0
0
38
0
0
0
0
0
3
0
22
8
61
18
33
104
4
4564
561
2
0
40
0
0
0
0
0
0
19
0
0
0
0
65
95
16
0
5
13
6
0
78
8
541
0
7
10
14
0
1
0
6
0
0
0
87
0
6
0
1
152
0
0
0
2
0
329
473
0
0
0
324
2
52
152
36
536
198
0
99
1
97
5
0
0
0
23
2
124
0
0
183
0
0
0
0
0
0
0
1
415
15
15
348
0
0
5
0
149
0
0
0
0
6
0
0
30
7
0
0
134
39
216
0
0
301
0
0
431
0
0
0
0
0
0
2
1
23
0
0
0
2
0
41
0
0
0
0
0
0
0
0
3
61
0
0
4
0
0
0
8
0
0
0
0
0
8
0
571
5
0
217
0
0
18
0
0
0
276
0
0
120
0
0
0
0
0
0
84
12
6
0
97
29
1
0
0
0
0
0
0
0
0
10
0
0
0
28
0
0
75
31
28
0
4
368
474
0
0
2
0
653
0
0
0
24
54
641
0
0
17
1
0
3
30
8
18
0
0
0
0
0
146
1
0
336
0
134
0
165
0
6
20
0
28
251
0
801
10
0
0
0
188
0
0
92
0
13
0
0
2
0
545
2
0
0
0
0
0
0
6
0
0
378
2
0
0
0
0
0
5
88
33
8
0
0
3
2462
201
0
5
0
0
0
1
0
0
0
1
36
15
13
19
1263
0
0
0
393
0
4
0
0
0
0
539
237
3
6
0
81
0
0
0
62
0
0
0
0
0
65
0
0
11
0
0
0
0
2
0
0
448
7
30
0
0
0
0
2
0
0
0
3
0
0
0
0
20
2
0
87
0
0
0
0
0
0
0
0
0
0
0
0
852
0
0
0
36
0
13
32
67
0
5
7987
0
0
0
73
7
0
0
0
0
0
0
0
0
0
130
0
0
0
32
0
0
0
0
0
0
0
0
0
0
81
0
0
0
4
5
1415
4
12
0
0
0
0
0
0
0
1258
346
153
34
0
0
0
22
0
132
36
231
197
9
251
210
347
0
91
46
0
0
0
0
2
0
0
168
0
0
0
0
5
1
223
0
147
5
59
0
0
0
0
6
25
1
0
0
0
15
13
15
12
51
0
1
9
13
0
0
0
0
0
0
0
0
0
0
0
0
0
0
21
7
0
0
0
868
0
0
2
2055
141
0
135
0
0
0
0
2
204
0
0
374
6
0
161
0
0
27
10
0
0
0
0
1
189
0
0
0
0
0
0
189
168
1
0
0
0
0
3
0
0
0
87
0
0
0
23
0
0
0
0
425
0
0
398
4
0
0
76
0
3
62
0
0
22
0
0
0
0
63
0
0
0
21
13
0
1
13
0
0
25
0
0
0
0
7
30
0
35
0
0
0
0
816
0
357
0
0
5
0
0
1
0
0
111
644
0
0
0
11
0
113
0
0
0
12
70
4
0
0
106
0
0
78
10
0
0
12
0
0
1331
0
0
0
931
0
0
0
42
0
160
1419
0
0
0
1
0
0
0
0
0
0
0
58
35
0
0
0
0
0
0
0
0
0
0
605
0
77
0
22
0
0
0
0
0
0
0
0
0
0
0
0
0
0
0
0
0
0
0
187
0
23
0
0
0
36
0
0
0
1155
0
2061
0
229
0
0
0
0
0
3
0
3
0
0
0
0
0
0
3
0
0
2
0
424
6
0
0
163
1
0
2
0
0
0
0
2
0
0
14
0
135
7
0
0
0
15
3
7
0
0
0
14
0
0
0
0
0
0
0
2
0
0
0
0
0
0
0
4
0
10
105
26
0
0
0
0
5
0
0
0
249
0
0
0
4
21
0
5
0
0
0
0
0
39
1
0
0
0
0
1019
113
0
134
0
0
0
0
0
0
0
0
13
159
2
157
0
0
0
408
229
0
7
49
0
0
0
0
0
0
1005
0
0
0
0
3
793
0
227
1
0
5
0
305
0
0
0
0
0
372
0
0
0
0
0
0
5
0
0
0
157
108
0
0
0
704
0
7
63
0
433
3
0
0
0
0
0
0
5
0
0
0
0
0
0
0
0
0
47
0
42
0
15
444
0
591
0
10
0
0
2
10
0
0
4215
0
0
0
0
0
0
0
0
1
2
0
0
0
0
0
214
0
147
0
0
7
0
520
71
0
230
0
0
361
0
3
0
0
0
0
921
0
0
0
0
0
0
661
5
0
22
0
0
1
0
0
2
24
0
33
0
11
3
0
40
2
0
89
0
0
0
0
1
0
0
0
2
116
7
0
0
0
0
0
0
0
2
1
98
0
0
0
0
273
0
0
0
0
0
50
0
0
0
0
0
0
0
0
0
0
0
0
0
0
237
1864
165
0
0
0
0
121
0
0
0
0
0
0
0
1
0
17
0
73
3
0
0
74
0
0
0
0
1190
0
0
58
0
0
5
45
0
0
32
0
1
0
9
519
247
9
7
0
30
0
38
0
27
0
10
3
33
0
282
0
0
161
0
328
148
24
0
6
0
230
1
0
164
46
0
194
0
0
0
9
0
432
0
0
0
0
0
944
896
650
0
0
3
0
0
0
536
77
130
0
171
1
0
1
4
74
0
0
46
0
6
46
18
0
0
37
4
0
0
0
51
11
44
366
20
73
128
0
0
3
124
0
71
0
0
9
0
8
0
2
42
2
3
0
8
1
7
0
25
503
0
0
1467
0
0
38
976
0
4
39
2
0
1
3
9
0
0
0
0
0
0
0
15
21
3043
196
0
416
3
79
902
16
0
29
0
0
0
1
0
41
3
30
9
0
0
15
139
531
0
0
337
3
29
0
10
0
30
36
71
1
0
30
0
159
0
0
0
0
30
0
14
68
125
14
0
5
140
9
81
284
16
0
0
32
798
5319
0
0
8885
32
256
0
0
0
0
75
201
0
23
16
209
0
0
0
266
0
123
0
0
1905
6
113
1859
0
0
0
1414
0
6
26
86
93
90
223
0
2
198
25
6
0
48
15
0
46
373
0
2
0
96
0
0
0
0
2
0
2
0
0
10
493
18
199
43
209
854
2
7
73
0
28
1
911
0
109
4
166
0
0
0
108
0
1390
332
1431
0
0
53
141
0
326
146
0
0
0
23
0
494
4
51
0
19
428
3
2
3
0
455
0
0
5
46
0
69
0
0
0
0
27
23
0
83
0
349
22
0
41
16
0
984
0
1158
0
159
0
0
0
8
146
257
2
0
0
399
0
254
0
0
172
233
21
0
0
96
166
0
67
0
1
0
127
20
0
0
3347
0
0
245
3
76
30
120
0
6
18
6
8
57
0
50
41
0
138
454
98
37
7
708
40
2
648
4
0
57
0
1
13
26
0
0
60
123
906
6
0
0
0
0
541
72
377
54
522
0
13
0
0
0
21
445
18
0
0
28
24
0
1
15
112
810
0
2
84
0
278
4
40
6
1
0
14
25
286
0
0
11
0
2
162
33
0
67
0
43
30
4
0
0
60
29
285
0
0
0
0
3
1
7
118
11
0
0
11
1
0
0
75
1706
5
0
0
0
20
785
27
91
2429
103
18
0
0
25
10
0
292
8
50
29
19
14
1
0
0
133
15
0
6
14
0
226
0
4012
0
105
7
0
0
30
7
0
0
15
0
5
26
4
0
109
0
1
3
0
2
65
0
0
48
809
0
0
41
26
0
0
292
805
0
1
23
0
0
0
437
16
10
0
9
0
0
2
79
22
207
0
14
0
0
3
3497
0
3
2
5
428
3
0
0
0
18
80
0
113
47
0
0
308
388
0
0
8
2
0
3
10
0
1003
34
431
730
0
0
0
555
0
0
0
25
12
0
76
0
1
60
0
0
7
198
101
69
118
120
0
0
7
3
84
0
0
223
17
0
103
0
0
0
474
273
1669
181
1
220
5
3
716
0
0
0
27
0
282
348
136
9
318
12
0
97
0
0
11
0
1331
0
18
48
177
8
224
8
0
5413
0
0
0
18
0
0
560
0
101
242
177
0
50
0
44
37
0
36
6
134
2995
0
0
0
441
0
68
27
50
0
4
13
0
91
0
5
0
0
0
1081
0
83
0
0
0
2
20
112
824
0
3
0
0
0
0
2
0
0
1056
540
0
0
5
0
0
82
0
0
8
0
0
0
31
2
242
97
0
1
0
10
41
235
18
3
0
95
0
0
4
2
1708
5
0
0
183
1
3
309
0
49
0
3098
162
0
8
0
0
166
0
0
0
11
22
35
0
0
67
110
27
0
225
139
0
0
0
1254
3
3
30
290
7
46
1
51
0
141
6
0
0
0
47
255
0
293
132
0
3
0
0
0
396
240
0
41
0
0
70
71
71
0
117
0
162
55
20
0
6
7
0
8
1
4
0
0
2255
18
4
0
0
0
0
1024
55
102
30
0
1
27
29
2
67
6
0
0
0
0
0
0
360
0
0
11
10
58
106
613
0
0
44
0
1549
0
136
0
116
0
110
26
83
0
137
24
88
7
6
0
427
95
7
0
290
375
0
147
0
11
0
0
0
0
376
46
0
361
0
0
97
0
0
0
674
47
0
1
0
30
465
126
0
0
0
8
0
0
6
100
13
0
0
9
1
43
0
2
0
272
6
0
2
648
0
9
0
10
0
0
28
342
0
0
265
0
0
1
0
0
37
6
0
4
30
0
0
5
0
0
12
0
0
0
60
24
724
0
0
2
0
6
6
0
0
0
0
8
3
0
28
7
0
0
0
0
1
0
0
17
0
4
24
0
0
39
0
0
2
0
17
0
0
2
7
12
14
0
0
0
0
10
868
0
0
0
0
32
7
24
1
0
0
33
269
0
1007
150
1
75
0
21
0
73
0
16
45
1548
2
0
0
65
0
0
465
8
122
0
2
12
0
9
131
0
198
3
71
1
0
38
67
11
0
0
23
1124
7
0
36
28
0
823
10
491
1413
0
0
48
36
0
1
17
228
11
10
28
438
12
67
34
0
85
122
194
6
0
0
345
0
0
0
0
0
0
0
0
6
0
31
30
6
190
7
42
0
1
217
37
9
0
2
13
613
1
86
0
17
14
0
2
384
0
81
2
0
0
0
301
0
0
510
0
0
9
0
0
35
10
1732
0
286
0
77
248
16
0
0
0
0
0
1549
0
0
0
0
588
1
0
618
236
3
0
99
0
2
236
64
1
36
127
0
0
182
47
0
0
0
0
0
11
56
0
53
137
0
0
164
1403
40
1882
0
3
0
667
0
208
0
0
15
8
6
0
0
0
0
20
0
24
11
122
0
340
16
248
750
100
644
0
0
1700
0
0
0
9
177
371
3
0
0
0
0
0
0
0
0
0
0
0
0
21
24
56
45
62
0
1
0
94
0
0
0
0
6
0
29
0
189
0
0
0
0
0
0
16
237
1
0
0
0
0
1597
127
0
0
0
0
72
0
3
0
536
0
4
35
330
0
472
10
0
4
0
106
0
1
0
0
0
0
2
43
8
0
0
17
0
0
149
0
32
0
4
4
0
241
5
0
20
0
0
10
0
122
89
204
0
0
0
32
431
0
13
0
0
0
0
67
0
0
179
0
0
0
0
0
76
0
5
266
137
27
0
93
63
118
0
0
3
226
1
44
0
0
0
0
0
56
47
685
0
2
0
0
10
0
0
0
0
0
0
0
0
230
23
0
0
19
101
0
56
6
0
0
5
125
0
133
0
169
66
0
9
0
0
1
0
0
17
0
0
7
121
85
0
1
28
322
3
31
0
48
0
0
0
0
0
0
0
31
0
7
3
0
2
0
39
0
9
5
0
2
14
0
3
0
12
3
113
2
0
378
0
0
60
0
2
0
3
0
3
0
0
2
9
0
17
58
0
0
0
15
59
21
171
0
0
9
0
13
0
1369
0
75
50
744
2
0
828
151
0
0
0
643
0
0
2
14
0
0
0
14
0
61
0
6
167
28
525
0
0
3132
87
0
3
0
12
18
0
1
247
1
1828
0
0
184
0
18
0
0
243
0
0
52
0
218
2
3
3
72
0
38
0
0
461
30
2
0
201
2
83
1
86
7
169
6
3
0
0
0
0
0
170
0
0
112
221
3
0
436
0
0
2
1
0
0
0
513
1
250
10
144
492
4
65
0
73
0
40
357
1
0
3
13
4
0
163
0
18
3
0
2
870
0
2176
0
475
19
0
228
0
0
270
0
270
767
0
2
49
149
48
26
0
0
0
8
134
0
0
0
5
113
0
0
0
0
4
643
0
29
1113
38
291
64
3
443
31
18
4
135
590
0
0
398
433
42
0
453
238
39
1
1
0
0
1367
1130
482
10
73
0
42
0
0
0
616
1
40
0
222
93
0
22
7
5
205
48
12
49
0
0
65
0
0
0
0
149
0
41
479
13
0
0
0
15
226
0
15
0
1
334
0
340
10
7
0
0
940
0
174
319
3
0
67
226
109
430
22
3
0
0
752
0
919
124
0
0
0
0
1751
0
741
54
1725
29
113
269
267
0
186
1
0
0
0
4
98
49
146
0
20
12
1
264
0
0
513
12
0
0
68
151
34
236
0
0
10
1662
0
0
8
7
18
0
385
343
4
15
48
0
69
2
0
0
1
144
158
2
0
0
0
35
0
8
10
31
0
164
0
12
0
0
0
0
19
0
95
2
3
0
57
0
150
0
2
35
18
6
26
2
318
0
0
0
0
139
162
21
388
8
0
0
112
0
3
0
321
140
0
0
217
35
0
63
71
184
1
87
0
0
0
2
0
0
188
266
13
4
2
126
358
0
27
0
25
12
77
163
216
246
1245
0
260
214
0
1
0
20
39
0
250
0
98
63
58
0
44
0
55
583
610
663
0
1500
1225
0
1
0
0
176
0
0
0
50
17
0
0
0
0
0
2
3
0
39
1751
108
34
1
5
1194
0
1928
0
0
222
0
2
5
0
0
158
3
0
376
1542
0
13
0
0
145
257
0
0
14
0
0
27
0
70
0
80
5
227
2
0
0
444
113
0
0
67
8
0
0
0
0
66
0
1
0
0
0
1690
328
23
73
11
0
3
0
0
21
10
487
9
339
278
0
50
59
31
169
0
33
0
0
0
23
0
341
15
6
10
58
15
49
0
0
0
0
0
0
13
27
501
0
5
0
0
0
0
0
0
35
9
7
0
748
2
104
77
0
2
84
1225
16
20
16
3
0
13
0
54
28
6
0
250
0
788
130
3
1
81
31
123
3
3
1
39
10
208
248
0
0
0
927
0
0
0
0
59
0
37
175
0
0
4
0
93
8
0
1145
0
3499
2
58
311
10
0
1139
5
0
0
207
0
0
0
0
87
0
158
28
0
201
23
4
18
437
82
37
0
0
2
21
0
0
0
18
152
6
0
0
2
17
0
0
94
111
2
0
0
0
12
0
0
0
0
991
3
6
0
0
0
4
0
61
0
507
0
0
108
5
230
0
3
0
110
0
14
0
37
23
0
1264
18
2
3
0
0
0
0
0
65
199
8
0
13
0
0
5
90
0
3
2
2
0
0
0
50
332
2120
19
241
2
9
7
0
29
0
11
5
1792
0
50
100
0
1887
0
0
0
41
0
247
13
0
7
1
2
33
13
0
8
2
21
0
0
0
18
0
0
0
0
369
241
7
386
317
3
744
2
3
0
48
139
2
5
37
0
35
4
40
90
291
1099
0
0
0
0
9
1438
186
9
72
1191
41
42
1
1376
114
14
0
2
860
53
1034
0
0
0
0
42
0
1292
17
40
329
0
3
296
76
0
6
42
589
0
1
16
6
0
14
180
9
9
0
2
0
411
94
0
0
48
6
0
0
0
0
21
0
0
330
77
32
0
1005
0
0
45
23
0
1
0
8
0
457
0
1044
0
43
0
346
25
238
4
19
0
0
0
3
0
0
0
2
4
26
0
901
0
30
0
0
66
23
0
10
2
204
19
10
62
0
0
0
88
305
0
0
60
0
3
0
0
0
668
0
84
800
3
26
22
162
0
0
0
0
191
13
9
0
2
1
0
0
0
0
3
60
63
27
0
8
10
0
5
0
0
76
0
0
3
43
169
52
0
0
73
0
0
0
13
0
0
33
4
16
46
0
5
0
262
0
0
0
0
0
67
18
0
0
329
32
190
0
187
5
5
7
11
17
112
0
0
1
0
287
48
15
112
142
0
72
137
0
0
0
0
142
0
11
21
0
0
272
0
27
2
4
2
25
226
0
736
0
232
4
0
1102
4
676
0
280
0
0
420
99
1
0
1
171
0
25
6
0
80
41
2097
27
0
0
0
0
0
963
1970
22
43
0
498
0
303
88
0
0
676
0
92
9
8
521
71
233
65
176
0
5
46
597
22
0
0
0
0
0
342
0
37
11
0
11
1
149
20
154
253
12
93
0
87
3
111
2332
65
0
271
60
53
4
0
34
4
673
5
0
3
5
0
0
0
210
0
12
0
1
29
2
0
0
19
0
104
0
3
0
353
0
413
0
115
0
0
16
26
0
1
0
392
3331
12
44
7
401
0
626
33
378
2193
2
74
0
29
209
30
0
57
0
19
0
0
4
22
366
3
8
0
0
0
316
10
108
0
34
733
607
6
1
0
0
13
179
0
68
0
367
120
115
16
209
19
21
0
2
512
0
0
0
0
119
0
0
0
105
0
0
0
410
0
0
0
210
506
77
6
173
8
1207
0
76
7
0
16
25
4
6
0
5
288
10
0
0
404
0
1014
0
18
0
0
1400
1
0
7
10
0
2
0
94
120
42
0
47
0
0
67
56
0
3703
3274
3
445
61
0
0
1
98
245
22
0
0
0
19
6
1281
7
94
100
6
57
0
634
40
17
126
0
1
0
26
691
0
17
0
0
5
1282
67
6
367
0
0
4
0
0
0
88
179
0
7
173
3
4
0
0
316
1
2
71
50
303
0
0
0
8
10
467
49
0
132
12
0
31
0
0
0
322
41
0
139
0
1003
33
0
331
164
0
0
0
469
0
43
0
0
0
0
248
3
0
5
0
0
0
0
5
18
33
29
947
0
0
0
28
0
0
1
583
0
0
0
0
0
0
270
0
0
0
0
13
0
0
0
0
475
2
24
0
67
0
1
0
915
0
1
791
0
0
0
209
15
598
8
0
0
53
92
14
0
64
462
1
0
0
32
2
0
3
0
2819
0
5
20
55
0
0
0
6
0
274
22
32
471
562
0
0
265
191
0
0
0
7
164
0
131
0
55
186
3
29
9
0
20
11
14
0
73
0
3
0
0
59
26
20
120
0
135
552
11
0
238
0
95
0
89
65
253
0
0
49
659
0
30
2
0
0
155
0
0
0
1
369
9
0
38
41
508
5
36
1
123
0
16
417
119
0
1
0
185
262
625
79
0
17
0
20
0
0
3
1
3
0
0
0
119
11
0
0
0
547
22
0
10
3
0
0
557
6
0
0
0
503
1336
22
1590
0
0
0
0
0
145
0
0
50
0
488
0
0
13
0
0
0
146
446
0
0
895
0
3
5
0
0
0
0
0
0
5
0
0
16
40
0
37
42
0
10
0
0
2
75
0
93
365
0
105
2
27
0
12
0
70
0
155
92
1
100
18
0
63
0
1
55
144
0
0
34
0
0
0
267
0
0
0
719
111
22
244
0
0
0
3
206
133
16
71
0
0
0
0
0
0
113
692
0
712
10
117
0
39
0
0
38
211
1
0
0
106
20
7
0
34
169
68
8
211
106
0
0
1
0
70
529
352
0
5
318
0
876
0
0
0
6
160
10
319
0
0
0
0
0
0
33
0
0
0
61
0
0
0
104
2
0
324
0
0
0
1550
0
12
363
0
125
0
6
0
0
58
0
11
0
43
43
487
0
147
0
78
0
0
0
0
0
0
16
0
8
0
25
0
0
0
22
0
276
134
894
0
17
4
60
11
934
0
31
0
0
0
173
0
51
0
0
153
0
50
3
0
1
0
467
83
50
18
69
18
0
0
3
0
50
0
5
21
55
6
0
5
0
1
90
83
21
283
4
189
0
7
66
0
1093
0
104
0
0
561
1
72
44
340
0
3
0
8
58
1728
51
4
10
0
0
0
0
0
29
179
26
2
533
167
102
0
306
56
19
70
0
13643
10
50
0
178
252
65
3350
0
232
5
10
12
4
0
116
21
0
463
26
0
173
60
7
127
0
0
5
394
0
24
44
22
32
0
0
0
0
0
0
0
123
70
51
0
844
0
0
0
0
21
330
13
10
1338
0
2347
2
0
27
0
1
0
4
3
0
0
419
74
4
0
13
78
569
0
22
53
232
0
155
0
0
2839
10
0
0
0
1
5
3
0
89
0
0
60
1876
9
190
18
1
302
485
557
103
60
4
62
438
2
0
14
20
587
0
0
599
54
0
3
0
0
2
50
19
353
0
3
20
3
11
2
2056
135
0
0
0
1
186
3
0
0
22
0
0
2
12
82
986
23
182
369
0
0
0
75
4
0
0
3
0
247
0
0
232
387
29
0
340
426
61
54
24
5671
8
0
0
7
2398
0
0
0
13
0
0
0
0
3
91
7
0
11
0
158
0
0
81
549
0
581
21
18
6
0
0
3
18
26
4
0
2
0
0
5
0
0
0
150
122
15
0
79
207
0
0
169
35
0
48
224
10
0
6
0
0
0
0
260
613
0
0
0
157
17
0
315
0
1389
13
0
0
124
0
0
54
48
0
147
11
48
1115
265
0
0
18
0
0
0
0
48
4
0
89
0
1
0
404
0
46
1
0
4
2
50
35
48
41
0
0
107
0
12
0
0
0
16
2450
13
1
0
30
0
49
0
3
63
21
46
62
636
0
0
36
9
19
97
0
81
9
0
6
664
111
57
19
0
4
0
0
0
0
12
1
47
1
13
0
0
32
83
324
26
0
0
124
125
91
4
116
0
19
2
3
91
0
0
4
0
7
0
13
10
0
76
7
0
0
0
0
0
323
0
207
0
0
0
39
3
255
5
1267
28
152
0
0
48
0
0
0
0
0
167
0
0
9
0
2
1
2
491
0
2
0
0
608
0
0
97
0
447
79
0
803
0
8
2348
0
160
9
0
0
14
0
12
0
29
0
0
3
68
541
125
61
734
0
5
50
263
0
1080
18
0
14
95
188
16
1413
6
17
29
0
0
0
19
185
250
2
585
224
4
2
0
154
0
0
0
8
5
1714
5
0
0
32
582
164
0
8
0
0
0
29
0
401
153
3
10
142
2
28
0
8
0
1
848
695
583
0
240
0
34
85
71
0
0
0
0
2
0
578
0
133
66
0
6
1817
36
174
15
178
25
1
3
9
2652
0
0
0
161
0
108
672
87
1
101
1
219
3
9
0
246
285
10
0
0
64
200
0
0
0
39
15
0
0
23
0
3
2
0
0
140
0
2219
0
0
19
2165
0
44
1
2
2
0
92
0
2
9
414
8
0
284
126
61
56
0
3598
176
30
0
0
0
13
0
0
126
0
0
1
55
57
0
221
0
0
9
0
0
72
0
667
16
74
367
152
318
0
81
0
56
0
1042
8
356
0
0
0
0
4
539
14
0
4
689
12
193
0
522
120
90
44
43
11
0
0
0
3
0
0
0
193
1
0
310
0
18
109
458
52
0
0
5
19
1
0
0
39
478
7
0
562
83
300
0
0
0
85
5
0
48
136
4
0
0
166
0
2
15
3
1
70
16
0
0
51
2
360
0
35
0
0
0
0
0
38
0
6
0
46
141
0
0
340
0
129
0
55
1
0
18
1
152
146
183
0
0
0
133
0
0
39
0
198
112
2715
0
8
19
58
70
81
0
2
0
54
18
0
0
0
0
0
4
0
0
149
32
0
7628
1327
3
0
0
0
170
0
54
0
456
83
0
2
1089
327
0
0
5
193
13
0
0
63
10
0
118
953
0
803
0
0
255
327
119
9
0
0
0
464
1160
1
57
0
235
0
0
0
2112
855
5
0
0
900
154
6
203
0
0
0
0
12
51
326
0
76
0
0
0
0
12
0
8
31
0
15
0
51
0
0
110
18
18
0
299
0
45
0
32
0
2
781
0
0
0
37
22
0
247
1816
3
95
36
4
174
14
0
0
34
0
12
444
0
4
8
0
0
0
78
144
322
0
0
77
85
202
13
0
164
44
275
9
0
111
35
7
0
17
3
24
147
2
161
0
17
7223
368
86
0
76
0
373
105
0
0
53
171
13
21
11
3
0
0
0
0
0
0
0
11
311
70
42
0
0
0
0
38
1
711
0
0
0
1
0
0
26
1174
0
11
11
0
57
0
0
404
82
0
3
1
0
5
420
45
16
11
129
0
0
65
0
0
8
0
4
54
8
0
0
280
0
0
0
0
766
0
2
95
0
0
84
2
105
0
11
0
40
2
41
0
0
0
3
333
0
0
199
22
18
0
574
0
17
0
102
8
7
1
0
4
0
548
19
0
2
1
0
24
0
0
224
18
22
96
0
5119
36
6
151
0
9
0
0
117
36
51
0
35
0
5
54
781
2
123
12
23
111
6
0
0
70
0
0
0
101
1206
0
21
119
123
201
0
0
1
0
40
0
1748
0
34
0
13
251
19
17
117
0
23
0
26
0
0
2
2
0
0
120
41
0
0
1595
0
0
0
0
20
155
1
0
159
0
12
15
248
284
1
103
0
3
379
10
263
0
0
6
27
0
3
0
96
5
553
951
0
18
0
4
10
2
46
0
0
137
21
77
0
0
33
5
629
0
0
96
0
7
0
0
438
26
314
0
0
0
0
12
11
307
307
0
3
18
57
177
25
0
0
2
64
0
5
5
907
4
152
0
39
0
4
0
2
0
465
470
17
3
13
0
0
418
0
0
36
0
0
0
0
0
63
0
0
11
0
0
943
308
5
291
6
0
0
328
0
11
0
17
0
0
45
0
22
0
144
658
6
0
1121
0
0
1
60
165
2
37
12
0
0
0
0
403
28
11
9
0
36
0
0
0
2
0
49
13
0
0
0
0
0
0
2320
0
2
7
339
0
9
0
0
922
66
79
4083
58
0
177
0
2
13
24
30
0
162
0
308
0
0
329
0
55
0
2
9
468
29
0
0
28
146
285
263
46
0
0
160
0
0
0
14
17
9
0
1
0
0
45
9
129
137
0
0
0
5
59
16
1962
0
19
0
28
0
516
32
22
28
658
0
106
40
0
71
193
3
0
2
65
38
32
0
0
0
0
93
250
2
11
12
7
1089
8
0
90
1
407
22
0
242
0
17
0
35
255
7
13
12
330
0
27
3784
4
0
0
114
0
66
106
10
32
41
957
466
0
0
46
0
1
12
201
8
14
0
13
174
2
0
33
3
1
0
0
0
0
3271
0
0
0
702
0
39
0
25
2010
0
0
5
1
10
0
0
3
34
39
210
0
0
62
53
80
116
310
16
0
105
0
55
443
15
191
0
18
1140
0
117
20
0
0
182
1
346
34
3
0
17
0
5
0
0
0
261
0
0
199
66
0
2
0
53
0
119
9
61
1
0
1079
0
181
2
814
103
0
4
587
0
59
10
13
0
248
0
15
180
771
0
0
0
0
17
156
0
0
0
313
0
0
0
0
289
0
1660
0
7
40
0
0
0
94
0
13
0
120
1
0
77
0
15
0
7825
0
5
0
0
0
0
50
3
0
0
53
0
1
0
0
313
0
470
72
93
0
0
100
20
0
1
0
0
1
0
99
161
4
0
162
1
0
307
0
513
0
0
191
0
0
35
87
0
648
2
8
0
0
0
0
0
264
0
8
0
0
153
2
0
666
0
0
0
23
25
0
0
0
185
0
1
0
18
4
0
1
16
105
0
29
21
0
31
0
0
614
1534
0
0
0
0
121
0
118
8
31
0
0
0
0
411
22
8
7
0
243
0
6
75
22
20
0
0
11
0
5
99
0
0
87
570
0
101
0
0
2
93
0
2
0
2
20
4
242
0
6
0
0
0
3
286
0
143
0
0
2
119
0
0
65
14
0
153
24
0
11
0
0
34
7
0
29
77
0
1
7
0
5
10
67
0
0
0
15
0
675
0
70
0
76
0
80
18
246
1
3
14
0
620
28
4
85
0
0
1
3
537
0
0
3
0
1
74
47
254
101
0
0
205
0
17
0
530
2762
1595
0
9
4
81
90
0
4
0
111
9
14
3
35
7
1581
44
204
107
902
339
0
0
14
0
66
192
0
79
0
4
2
0
2722
0
0
4
11
35
0
0
214
0
22
1
6
0
0
0
219
0
7
0
0
0
0
25
8
0
268
6
72
2
367
0
0
0
5
111
0
3
0
3
91
0
190
240
0
8
2066
14
1
3
0
0
0
144
0
0
0
32
3
10
0
1
17
631
161
0
0
0
0
112
0
0
0
0
0
0
20
19
0
0
0
270
11
0
0
2
297
453
156
1074
0
0
208
0
0
0
38
712
136
7
5
143
0
0
17
93
0
0
0
0
1
0
0
0
1
0
0
0
6588
0
61
9
9
12
11
254
493
343
0
0
0
196
0
13
51
0
3
2
45
93
4
0
0
37
0
736
86
3
6
17
0
2
59
0
0
10
0
21
1
0
1
1810
63
7
113
11
12
165
961
0
1
0
0
24
3
398
43
558
974
0
2
9
8
115
0
4
0
89
58
86
68
24
272
0
0
58
3
1368
6
0
0
2
4
0
5
0
15
12
0
52
0
169
132
8
199
0
27
5
61
46
1898
410
0
0
224
0
19
0
651
0
0
1978
0
0
2
0
0
0
0
0
424
0
2
272
0
0
0
1
0
2
9
2
0
189
0
98
66
1
0
0
681
8
1405
2
25
0
98
394
0
0
71
26
10
5
0
0
82
1
56
0
0
213
2472
24
25
100
818
0
0
4279
0
0
827
813
0
104
85
2830
0
0
0
201
0
142
0
0
408
0
21
0
0
0
2444
1045
15
0
163
6
558
849
39
0
1165
0
0
5
0
30
2
0
636
0
0
37
136
147
0
514
10
143
14
10
8
0
26
0
708
329
188
0
0
1
0
902
1
0
1144
237
0
0
11
7
176
0
514
79
87
218
0
0
1127
228
185
51
2
0
300
395
283
0
0
118
56
0
0
0
0
127
0
9
7
1473
311
0
0
1
4
5
217
53
0
117
6
0
19
221
0
34
432
0
0
33
31
28
13
38
0
140
23
9
0
54
0
0
0
10
429
0
523
85
0
4
157
121
95
89
8
45
0
159
4
36
5
0
1
0
0
0
0
0
0
1811
332
34
0
0
0
0
1262
98
20
10
25
1
724
0
0
0
0
308
300
59
15
0
100
254
107
0
42
10
0
10
0
0
0
2
12
707
75
0
8
68
0
26
0
0
3
1
60
1657
0
0
0
7
44
0
27
0
11
4
5
0
364
3471
974
0
78
0
19
0
0
0
2
0
298
14
627
140
305
0
126
0
761
0
389
1
7
82
11
26
285
440
393
676
0
446
0
10
5
19
486
8
675
44
70
8
64
3
0
22
4
25
101
43
0
223
65
0
1398
72
21
621
42
179
154
736
18
294
14
0
0
0
3
10
39
1092
0
20
409
0
124
0
0
63
174
827
0
0
0
0
31
0
26
36
1236
0
2
424
360
0
369
31
3
514
2029
141
52
323
21
0
447
0
1093
58
38
105
87
0
0
0
0
15
0
0
2
18
0
0
0
41
1
29
0
0
10
82
1
4
0
9
0
19
0
0
364
5
0
0
304
17
0
0
111
574
0
89
0
606
148
19
14
771
264
17
13
0
0
0
51
146
8
8
0
0
1
0
0
0
0
0
31
130
14
0
2583
0
0
0
15
3
117
0
0
148
0
93
50
21
0
0
0
555
11
0
2
0
0
76
348
0
0
62
0
355
0
364
0
1782
609
0
0
12
427
0
9
29
0
163
105
3
242
41
0
0
0
0
44
35
323
0
18
0
6
93
0
2617
7
0
0
7
0
4
7
0
110
289
7
630
55
781
8
67
86
573
763
5
0
9
0
6
28
0
278
5
0
0
0
4
0
6
7
0
0
11
0
0
2
103
54
0
3
0
31
6
45
0
283
0
0
0
256
4
1807
3
51
5
279
0
64
152
2
56
38
173
0
209
62
562
0
161
125
0
0
0
4
68
1
105
47
8
2
110
132
2
989
581
161
0
0
343
17
0
271
2
32
0
36
0
0
0
0
24
0
4
0
720
384
15
0
473
0
0
114
97
0
0
0
19
0
12
0
0
2318
157
2
26
56
8
0
0
56
8
484
223
8
5
66
14
23
0
0
19
3
0
0
35
0
0
3
46
25
4
25
0
22
1
77
115
0
0
2
6
691
15
0
0
82
0
0
0
25
501
84
0
0
524
0
0
0
0
203
432
6
0
119
0
0
5
29
3
28
0
422
217
190
0
0
0
7
1
2
36
72
13
0
0
6
0
0
3063
0
0
23
13
440
29
6
2
0
5265
998
118
135
0
9
0
0
29
0
1
140
88
618
610
0
747
3
270
0
0
0
0
69
0
1
0
0
0
43
0
71
3
219
3
6
0
49
3
132
3
84
0
0
2
507
154
0
0
0
0
0
3
20
0
45
1
176
7
182
187
4
0
0
0
0
0
24
0
125
710
0
0
0
1963
3
0
0
3
90
1
16
2
12
27
0
3
81
3
0
16
0
44
978
0
18
241
5
0
0
46
0
0
0
28
0
0
60
0
7
0
0
155
0
13
0
0
0
1
0
687
0
1
4
0
632
0
130
12
0
53
88
0
0
164
0
15
3
0
135
0
0
105
0
0
7
13
0
5
0
2894
0
6
0
0
23
0
111
21
2
1
42
8
6
49
18
0
0
0
0
525
116
0
2
0
0
46
72
35
16
0
27
143
985
0
0
0
269
30
0
341
742
0
0
119
17
0
0
7
907
6
11
119
5
0
47
0
3
3
0
0
7
15
16
9
0
365
226
301
21
0
85
0
1957
0
2
5
10
124
23
812
47
0
0
11
398
0
0
177
3
4
0
5
44
192
8
81
0
0
41
312
0
0
620
17
755
0
0
0
0
77
4
156
0
10
3
0
0
0
1669
629
0
101
243
2
66
695
470
23
53
14
2
1
0
2
132
0
38
97
192
4
198
70
158
0
0
0
0
4
13
11
30
0
0
110
0
112
103
0
545
0
0
196
103
10
1139
1699
7
6
20
111
0
335
0
0
0
416
0
0
58
0
0
634
0
32
28
0
707
0
0
0
461
10
376
352
199
0
448
95
0
198
7
0
144
128
15
89
0
0
23
0
0
563
4
2
1
0
2
0
0
141
16
0
41
28
38
13
773
21
0
0
0
1004
210
29
2
3308
0
0
21
0
12
0
56
3
18
0
5
4
0
8
334
8
70
186
11
4
0
11
4
0
58
209
0
880
0
0
0
10
3
0
2
13
484
0
8
10
9
3
3
0
76
0
56
28
0
0
71
0
39
391
0
0
113
274
5
0
1274
37
6
7
40
0
300
2
0
0
0
1399
0
0
0
0
186
0
3
13
0
0
13
8
71
26
0
239
54
9
1
8
35
0
51
2
0
51
0
0
0
218
0
11
10
0
209
75
86
193
14
10
259
0
2
984
1
24
0
0
0
428
8
0
80
0
55
18
1
230
0
8
124
38
149
0
314
3
0
153
0
0
0
592
40
0
66
33
0
0
0
627
0
114
0
0
0
0
11
0
0
23
0
32
138
0
32
0
0
65
32
599
88
0
0
0
49
9
48
0
31
29
0
0
12
0
0
0
3
5
0
1
11
0
0
0
0
1216
2
1
22
12
0
0
1
199
131
2537
0
0
36
12
1
19
302
63
0
22
48
50
7
0
7
0
7
58
197
0
0
23
0
0
2
5
8
0
0
0
9
0
0
0
4
2
36
60
0
32
130
2
4
0
245
16
0
47
0
0
122
0
0
124
0
1673
0
35
4
4
3
0
0
0
9
0
2
1
0
3
3942
11
49
0
0
0
21
90
51
3190
0
0
13
0
0
170
55
0
998
1
95
1
0
21
0
0
103
0
0
0
0
3
127
1
909
0
0
885
3
0
1634
0
0
162
161
12
0
0
546
0
353
1039
0
6
0
984
123
57
0
32
51
0
0
2
0
80
5065
569
0
1200
0
54
207
0
0
23
0
179
149
12
0
100
46
269
25
10
493
86
0
0
133
223
0
44
0
0
0
96
32
37
21
46
0
22
0
8
20
0
0
0
0
110
0
418
0
175
0
25
0
35
2426
0
134
0
13
2
2
13
30
2
0
18
223
0
0
0
0
0
87
0
0
0
0
25
48
8
11
904
0
0
0
0
0
0
115
0
0
0
12
0
155
0
0
0
9
0
21
30
0
0
4
98
166
0
0
0
0
16
0
1
30
38
0
18
12
611
31
2
4
0
0
369
0
0
6
0
2
0
56
2
17
0
0
0
49
78
36
3
2
0
0
21
0
203
0
50
24
87
492
3
0
0
0
0
0
2
0
0
0
61
31
0
0
0
150
0
22
0
69
211
4
8
30
2
0
1
24
0
1
3
0
0
0
9
0
44
0
0
291
85
71
31
26
0
475
25
0
67
5
226
155
66
2
0
9
7
2
4
1295
0
0
142
0
3
0
117
64
0
7
47
0
0
0
26
0
3
5
80
1
0
2
0
0
0
133
0
517
8
0
29
379
0
9
10
24
0
12
0
0
0
0
65
52
0
2
603
5
0
0
0
0
0
0
0
99
6
0
0
0
1
5
130
0
0
0
8
1
0
25
263
11
0
2
0
0
0
0
9
6
21
0
9
38
3
0
0
115
26
1
0
0
0
0
0
6
0
0
0
118
0
0
0
1061
0
93
15
7
10
0
2
0
0
82
138
0
0
0
0
4
35
0
14
5
5
370
4
111
0
2
13
441
1748
0
0
0
6
97
0
17
0
1203
0
0
0
14
68
0
7
0
0
139
0
73
41
0
0
5
0
558
0
13
464
64
0
0
36
0
4
21
78
0
0
14
0
557
6
0
0
1
0
10
0
1
0
17
140
0
0
37
1
0
45
0
1
169
0
0
0
176
4031
0
0
0
0
19
0
40
0
51
176
19
772
1
3
0
1
282
57
11
53
25
1434
497
0
0
3
0
9
107
0
0
12
0
332
10
248
0
27
0
0
0
298
62
0
26
155
7
0
777
25
28
0
330
1
10
0
0
9
10
0
0
1015
7
0
0
14
0
10
130
9
0
0
1
266
178
12
0
0
10
1
143
0
17
0
15
121
0
0
0
2
6
0
0
0
759
0
35
0
9
8
0
0
0
2
61
94
0
0
0
7
0
164
70
0
242
104
2
0
9
0
5
0
7
11
0
0
0
2060
2
0
263
0
1
94
0
2
6
66
22
0
236
3
125
0
6
4
1
23
75
0
0
0
0
0
27
3
16
0
0
18
50
10
0
0
0
0
12
359
102
0
0
0
182
48
4
71
71
174
113
2
6
21
52
0
10
94
9
1172
0
138
5
0
0
0
0
10
4
1
0
109
8
0
0
0
16
207
0
277
0
47
942
103
0
10
1
0
3
125
0
0
0
56
0
16
3
18
0
41
0
0
0
389
22
52
0
0
0
342
1
25
0
0
30
72
0
27
5
1029
0
16
5
0
0
25
0
38
477
4
0
0
225
1
11
50
6
0
0
1
0
0
0
85
1284
455
1
0
52
29
33
287
0
4
0
5
0
665
0
37
0
142
0
39
98
0
0
0
101
225
136
42
16
17
0
13
1891
0
52
9
0
18
4
18
18
0
0
0
1434
3
0
282
21
0
645
0
4
18
0
48
22
254
47
0
248
1
0
0
0
728
3
39
2
101
4
11
0
0
0
2
66
50
0
12
75
5
0
49
568
0
0
96
0
0
0
2
0
0
76
0
362
3
0
0
0
19
0
0
7
168
11
332
309
9
280
1
132
1
335
0
0
559
25
0
0
0
227
0
4
23
162
1
14
0
12
1
92
0
0
7
0
0
42
0
0
3
70
78
3
140
9
0
20
0
0
120
0
49
70
109
0
3
24
720
0
10
2
0
222
17
0
0
581
125
14
0
0
0
3
0
1
213
0
3
0
55
0
11
0
8
0
0
94
0
4
1
751
0
0
4
0
0
2968
10
111
0
0
0
0
13
102
46
0
265
2
210
0
0
53
0
0
51
4
75
0
5
8
754
414
20
0
2080
0
71
59
0
29
0
2
11
167
45
39
187
0
0
3
65
0
4
90
0
0
1
29
21
5
4
741
2
169
0
651
127
10
247
1111
114
0
0
3
0
1
1311
14
57
30
0
0
2
4
5
0
0
12
34
188
220
0
27
0
0
66
14
10
2
0
369
1
540
0
26
0
16
0
47
76
78
2
108
40
1
6
3
0
0
1
34
134
25
0
22
0
17
16
0
0
0
199
0
11
9
0
0
504
0
681
782
0
0
902
1
0
58
20
16
217
0
127
0
13
83
3
0
103
0
56
20
0
0
12
2
620
11
2
0
24
102
0
0
0
0
3
132
116
2
0
10
128
209
0
23
263
108
3
0
0
171
62
0
0
92
21
188
0
1
0
19
0
1048
493
0
1
14
0
84
0
0
0
0
0
112
23
0
2
0
0
1
11
384
1
0
6
0
5
0
106
0
0
32
0
7
0
152
2
0
0
42
0
392
429
44
451
90
0
215
0
0
17
0
33
0
0
131
0
0
1
0
3
0
1653
0
0
0
8
1582
0
445
0
19
0
0
44
12
44
76
64
0
127
7
5
0
25
173
55
24
12
0
14
12
0
0
0
305
97
132
37
819
721
0
0
0
0
0
150
32
0
138
511
307
36
3
4
53
560
2
17
5
339
0
130
0
206
21
69
0
4
0
0
855
1
65
25
121
27
178
28
44
0
10
0
1
0
0
12
32
64
0
0
168
0
0
4
180
0
2
38
1771
82
0
203
0
0
10
0
134
0
1
0
3
84
0
5
0
12
43
1
18
0
0
0
126
0
18
2
9
1
9
9
3
2
0
31
1
0
0
5107
29
0
0
2
42
53
257
51
486
0
0
782
0
0
841
0
0
0
5
517
129
0
2
908
108
0
0
0
0
0
2
1915
0
0
19
8
0
412
0
0
0
1043
32
286
0
87
3
724
0
3
3
0
1
3
7
0
2
0
5
138
16
0
627
0
0
0
12
4
0
542
3
4
1
1
30
0
0
91
207
0
56
8
5
17
92
1072
19
0
0
2589
50
0
847
1955
0
353
636
7
0
0
2
0
18
122
0
0
0
0
0
0
0
0
0
6
11
42
0
0
68
0
592
16
3
37
0
39
43
0
0
436
0
0
7
0
3
3
0
27
175
227
0
12
107
72
46
6482
78
32
22
722
588
0
10
5
0
55
0
0
32
0
605
1351
0
0
0
37
213
22
156
295
13
0
0
0
1060
74
0
1
25
2
0
1
722
10
69
5
0
0
161
0
15
298
58
0
20
0
0
25
193
0
9
87
722
0
2
462
199
0
0
2366
0
0
44
0
2
0
4
2
0
0
2
222
64
91
0
314
117
0
0
13
203
107
3
19
0
0
10
0
535
28
213
5
2
6
0
0
21
0
0
0
222
1299
267
570
0
29
17
0
159
0
26
0
8
26
426
113
0
2
125
11
271
0
0
17
0
0
0
0
0
558
36
18
0
0
985
5
0
0
55
2
59
401
0
0
72
0
0
94
0
21
0
0
0
11
0
30
127
0
265
0
0
0
16
0
73
4
535
0
31
350
2
0
0
22
0
7
584
15
0
0
0
0
61
7
55
10
0
2
4891
50
0
1
0
0
1350
0
0
0
141
0
9
4
92
1
0
0
277
0
0
2
0
0
76
0
4
0
361
29
0
1031
40
0
297
0
8
0
0
245
0
0
2972
16
0
0
0
80
118
0
20
13
0
514
0
137
1
2
0
3
0
0
0
0
0
108
0
0
12
0
10
0
0
302
2
0
0
0
1
1
0
0
0
0
0
3
0
0
0
33
4
49
81
0
0
72
0
75
0
0
0
38
0
4
0
0
233
5
52
21
0
1
18
0
207
0
0
189
0
381
0
508
648
0
6
7
0
0
32
0
81
6
0
4
105
4
393
2
0
22
7
256
27
550
157
0
58
0
119
134
0
0
129
5
5
0
284
4
0
24
8
557
65
299
0
2902
28
330
0
0
235
0
70
86
0
0
0
0
24
32
38
0
0
0
138
0
0
3
277
0
0
0
0
275
192
166
152
85
0
0
0
20
0
3
0
4
0
13
356
0
120
0
0
0
728
0
9
0
252
2
145
0
13
20
206
0
3
0
8
1
14
5
53
0
253
0
62
0
0
0
0
23
1
95
0
84
0
26
0
0
0
0
0
0
0
0
198
15
67
0
0
109
19
0
3
7
0
0
35
86
161
359
0
28
3
407
0
79
0
13
930
20
3
143
6
216
17
0
200
918
1
1126
0
136
5
0
5
0
10
20
0
0
7749
0
404
0
46
0
111
0
141
270
183
0
22
371
0
378
0
0
0
97
0
0
3
7
0
0
53
0
18
0
1067
0
0
3
0
10
74
0
0
358
1
55
0
35
15
0
965
0
0
169
171
0
391
0
2
0
0
35
1557
801
0
0
0
0
42
2
0
3
327
315
7
4
25
1
14
5
0
106
0
183
213
0
0
0
133
194
0
0
0
0
44
0
11
1
2
0
0
0
6
50
0
0
8
9
0
0
0
0
0
1
0
222
0
0
0
0
23
40
218
1978
43
7
191
0
0
0
2
0
0
3
0
34
2
41
0
0
0
0
0
0
0
0
5
0
108
0
0
0
0
16
6
4
0
461
265
132
1
21
38
0
0
11
0
54
0
5
0
0
20
0
0
52
0
0
762
0
0
0
0
1
26
0
868
43
19
679
0
0
89
0
463
2
0
0
0
0
20
23
0
85
180
218
484
0
0
0
0
0
4
90
0
252
176
3
21
0
43
967
0
35
10
26
10
33
148
7
119
2600
734
0
0
6
37
0
0
6
121
2207
1
0
4
1606
0
0
0
0
6
90
177
155
916
234
0
0
10
0
706
0
0
38
290
0
3
1
144
856
0
393
268
0
398
2
0
8
407
126
209
73
0
428
38
97
0
70
114
675
0
0
5
0
4
0
0
279
8
3
10
28
781
0
8
208
61
7
0
0
90
1
13
0
0
0
23
261
0
0
2
0
0
0
0
0
39
45
99
83
274
0
69
0
0
28
385
108
44
2
183
11
0
0
24
260
0
615
14
0
107
0
0
40
0
0
0
0
0
0
57
0
0
1
13
0
0
354
0
1211
0
0
0
0
33
0
0
0
475
6
1
0
9
0
0
136
0
0
0
0
47
1
0
3
83
0
0
346
0
23
0
51
0
0
0
4
92
50
221
287
0
0
178
0
0
1
255
3
0
293
0
33
0
0
0
0
122
71
122
1208
0
0
2
29
115
8
15
0
5
27
0
24
0
48
0
303
0
0
66
0
0
16
6
62
414
0
51
1
0
147
0
439
11
9
169
0
1324
948
0
0
6
0
0
0
0
857
2
226
2373
139
34
15
52
4
7
0
5
17
0
0
2
70
100
77
42
0
264
286
2
17
1
2408
0
0
0
220
0
99
59
274
0
8
3
85
363
0
0
855
7
17
0
0
833
0
0
267
17
217
151
0
123
0
35
76
388
11
2
5
306
0
0
2
0
0
0
238
0
1428
0
0
272
0
0
21
18
43
28
139
451
0
0
36
45
2
0
0
15
0
45
17
0
0
60
0
4
10
0
279
900
0
65
5
15
0
3
0
16
0
19
0
0
0
0
55
0
296
0
4
0
401
0
0
0
0
86
6
362
0
43
54
81
0
0
0
14
2
0
0
0
41
0
25
0
7
92
0
8
30
10
0
0
0
0
44
2
5
70
0
632
48
252
0
0
178
16
4
92
0
506
34
0
0
36
3
0
143
29
22
2
0
0
2
503
176
46
5
1434
11
0
47
17
21
0
43
13
655
267
63
1408
443
0
59
27
0
409
44
0
0
0
49
152
0
0
253
152
0
102
0
485
0
0
8
0
0
108
27
845
0
75
0
43
5
33
0
0
28
482
36
5
38
207
28
5
0
0
25
14
0
24
0
149
559
0
53
0
20
0
771
753
179
1
112
0
204
0
53
0
1
4
2
1
0
13
24
0
465
28
0
0
196
121
16
0
0
0
37
366
0
26
0
31
0
842
58
10
0
0
0
0
32
35
0
32
112
90
3
0
0
2061
0
1
325
0
174
0
35
2
2
0
60
0
37
0
118
27
269
35
0
0
0
388
0
22
1175
0
15
0
0
0
0
11
0
9
11
21
0
1
9
6
15
0
0
30
3
5
59
8
408
390
4
0
0
13
5
0
771
133
3
53
121
4
0
14
11
0
0
13
310
1
266
0
87
863
55
0
1
139
125
689
0
15
0
101
68
0
91
59
164
11
0
6
0
18
0
0
6
4
0
10
250
220
89
2
362
13
61
0
307
208
0
2
0
30
103
212
116
0
0
27
174
184
2
0
144
13
0
1
0
0
612
0
0
25
3063
0
0
0
3
15
3
724
0
0
0
8
39
47
0
118
156
0
0
360
0
7
4
96
0
1
0
4
50
0
0
27
1
0
27
0
20
163
0
6
0
11
0
0
200
0
8
412
262
0
0
4
18
62
0
5
865
0
127
69
33
333
0
347
12
0
2440
39
21
0
0
0
0
101
6
3
128
19
0
29
0
0
0
82
3
13
20
39
235
304
3166
180
12
1618
0
0
0
443
24
0
1
494
0
16
83
10
91
14
0
0
18
71
0
0
0
273
0
15
70
1743
0
0
1
0
0
0
7
36
0
4
298
89
0
0
2
0
16
1
42
0
0
557
313
0
0
582
78
0
0
8
0
0
130
0
0
50
0
9
0
55
297
430
0
0
0
0
12
31
0
0
222
4
187
0
0
0
0
0
2
0
8
0
65
8
224
191
0
0
1657
32
0
0
4
0
6
0
5
184
19
2
0
3
0
5
1814
332
0
198
173
0
122
0
103
10
129
43
74
0
82
4
0
0
0
115
0
0
24
79
0
3
0
46
469
3
3
0
0
21
0
0
0
2
0
108
0
0
111
237
0
0
0
0
24
0
3071
190
0
108
65
17
0
0
10
62
11
0
0
172
2
0
0
7
9
0
0
0
131
2
3
85
0
7
24
0
0
0
0
45
53
20
0
0
0
0
251
0
0
401
101
2
7
0
65
5
1
0
134
0
69
10
0
2
0
2
244
0
0
0
0
13
1426
7
0
6
0
0
0
32
227
0
119
23
1
15
51
0
0
157
162
0
26
0
124
562
6
463
0
14
13
0
0
0
53
0
470
0
0
609
0
4
3
0
168
109
0
0
0
0
2
0
22
2
156
111
24
12
181
4
232
0
0
2134
0
8
0
0
0
27
40
409
0
0
135
0
12
0
14
0
0
0
10
0
0
0
2
22
4
26
1
137
33
275
0
43
7
0
39
0
0
333
0
0
233
6
0
0
0
4
0
0
2
2
0
56
0
28
1
75
12
40
0
12
0
0
9
0
1
1
197
1038
0
0
0
13
0
1
4
4
0
32
63
0
90
0
2
154
0
800
0
45
0
40
0
0
0
94
11
0
2
0
0
1
0
0
0
5
12
0
0
49
0
19
0
56
0
1
2
1
0
13
538
0
465
225
0
0
0
0
1233
24
26
43
0
2
188
1826
4
0
0
0
1
29
10
1
6328
2
19
0
622
1
2391
46
465
445
1
38
72
13
170
0
0
40
93
50
650
57
0
6
1
8
2403
0
2
0
87
0
0
4
0
4
0
1
2
4
3
0
0
0
0
5
32
67
0
215
264
1265
48
6
4
192
3
0
15
0
0
0
0
0
0
88
0
16
0
7
0
31
0
0
41
70
0
0
1
0
0
2
0
4
41
92
547
0
123
180
15
0
67
2
0
0
11
0
241
2
14
0
0
0
11
57
0
10
0
345
0
38
0
75
92
0
95
14
56
68
2
0
1
0
0
0
0
0
9
0
0
2
26
15
0
0
3
0
0
778
0
0
80
43
0
54
0
83
482
0
19
151
797
207
0
38
2
0
0
37
6
56
529
0
0
7
487
0
0
0
0
0
14
0
0
1028
0
1
15
133
0
4
1
2
99
0
3
501
88
208
80
0
84
0
0
1
21
97
34
0
0
9
3667
429
1
0
110
21
44
3
0
986
0
11
0
3329
0
0
54
271
52
2
485
0
21
547
0
0
0
22
0
0
66
5
0
0
19
2
0
0
0
29
46
325
98
3
0
0
0
0
9
971
10
0
0
43
22
0
8
117
4
1
4
0
0
0
2
14
0
457
0
0
11
0
56
0
0
396
0
1
0
0
0
1
0
0
0
0
57
122
30
188
0
61
2
71
53
5
58
0
106
334
0
0
0
6
462
33
7
15
197
107
910
0
0
0
0
0
15
239
0
0
7
0
196
0
182
0
37
0
30
40
0
0
52
10
9
11
1
24
4
23
140
0
685
3
1450
0
0
100
0
47
3
0
8
0
0
360
8
0
124
2
0
969
12
0
0
303
0
2
5
31
3
58
32
0
0
715
0
122
0
5
0
4
25
141
164
79
0
193
5
482
215
154
0
0
12
21
281
0
0
0
1772
1
36
2
5
9
350
0
19
0
119
0
375
0
164
0
21
4
6
0
2984
0
2
0
2657
3
0
4
0
0
0
0
6
90
7
0
0
27
0
18
96
0
76
466
62
0
30
97
46
0
0
0
35
1823
2
0
920
0
0
9
0
1
0
1
638
0
1
7
0
0
17
13
0
82
0
0
6
155
580
17
0
312
433
0
194
16
0
29
713
143
0
0
41
4
845
7
0
150
1
615
36
2
10
7
0
4330
27
11
40
0
1
0
0
30
4
158
0
0
211
1
19
0
0
28
242
0
12
115
10
0
0
0
1
0
224
175
0
833
0
2
4
0
0
102
10
17
109
0
264
40
756
392
0
0
0
3
71
97
23
85
0
185
0
0
7
23
84
0
0
33
0
0
48
4
2
0
13
0
0
153
0
0
0
0
3
17
56
0
4
1
2
87
0
219
0
84
9
12
130
3
0
201
0
0
0
8
0
1127
0
2
1
0
6
146
0
86
0
2
0
11
2
0
9
0
0
0
0
11
0
6
0
35
0
0
32
51
0
0
323
0
2102
73
0
0
0
308
0
93
176
0
1
1
16
0
0
0
0
0
16
0
1
0
0
0
0
66
0
4
1
0
783
0
115
0
186
122
0
0
0
101
2946
340
0
0
15
9
12
0
18
3
0
1
17
0
40
0
212
74
203
0
26
11
0
2
0
428
0
1
1
0
1
0
0
0
27
55
9
16
10
16
135
0
17
0
109
12
53
0
0
0
90
0
0
267
5
0
0
22
195
38
0
0
0
742
32
5
3
251
25
0
190
20
51
5
2
239
21
0
0
8
50
0
60
31
0
5
11
117
5
1
4
37
6
0
0
0
186
71
582
0
19
0
19
1
0
0
1278
0
171
3467
180
0
0
94
1199
0
10
17
0
25
0
328
1234
19
270
0
834
169
0
65
8
135
50
18
3
5
0
0
9
0
17
0
0
0
9
147
69
71
1
283
99
437
9
0
45
0
13
17
262
0
3
9
212
7
0
0
17
407
0
0
17
0
0
75
0
0
3
0
0
0
0
2
0
0
81
0
0
0
2
2
0
12
95
5
653
0
32
0
0
2
0
71
0
4
927
0
0
0
2
0
21
2
0
704
0
5
182
0
99
36
0
28
19
1
11
0
22
3
0
0
287
204
0
374
457
179
0
0
0
0
0
7
0
0
0
0
0
0
2
0
786
104
0
1900
0
0
1
0
0
40
22
3
59
259
0
0
6
13
25
0
25
2
0
0
0
0
0
0
201
652
586
81
0
15
979
363
9
0
0
199
12
0
69
68
0
42
2
2
59
0
780
12
0
0
0
0
349
196
79
106
0
3
0
3
53
30
0
2
0
2
95
1
0
3
0
5
1
1
11
2
0
3
46
0
3
0
0
1
8
0
0
29
0
0
0
128
2
7
29
0
0
192
72
1
51
75
0
0
0
3
10
1
7
0
365
2
6
9
0
0
61
0
2
0
3
0
0
1
17
3
0
275
0
14
20
0
7
77
0
0
0
0
2
2
3
23
0
0
2
0
24
0
0
0
0
32
3
1
50
4
4
346
0
1916
143
50
3
0
62
2
96
0
0
2
155
12
344
10
11
0
0
0
0
18
0
0
0
0
7
2
28
0
47
0
0
0
45
14
0
2
26
5
28
0
0
47
43
17
30
238
0
0
0
0
0
0
126
0
75
163
0
0
83
52
0
335
0
52
37
0
1
0
129
0
0
2
1
1
1997
0
122
3
0
0
0
2
0
0
64
0
28
7
44
4
24
0
0
0
22
581
32
1
0
0
1
40
0
40
1528
6
167
23
15
0
0
0
2
0
37
0
5
22
0
66
44
0
23
11
0
0
0
0
46
224
2
0
35
171
0
7
0
465
103
10
0
0
8
0
0
1698
11
180
2
5
0
0
17
30
5
15
2
0
0
0
0
409
12238
0
0
0
13
39
91
0
0
0
0
0
0
4
0
12
44
14
4
6
0
0
536
0
1
9
0
42
29
5
2
0
2
48
53
0
3
10
0
750
0
54
994
5381
13
140
16
1
85
3
327
0
0
18
0
51
335
52
180
21
0
0
1606
23
0
33
8
3
0
0
0
0
29
0
35
50
0
0
7
3501
0
2
127
80
0
29
0
654
2
0
0
14
0
1
0
11
230
6
0
0
19
0
2595
0
0
454
0
45
37
0
1037
277
2
3
4
0
0
42
0
135
26
16
73
2
186
0
0
17
0
0
10
0
71
145
0
20
652
0
10
3
54
0
0
2
41
0
42
0
0
0
0
105
0
0
3
0
0
421
114
1
62
0
491
733
176
0
0
0
34
40
0
11
13
0
18
0
0
3
2
1
16
0
0
41
0
4
0
44
8
0
26
62
32
0
5
3
0
11
10
10
0
2
0
2
0
0
0
2
83
0
0
15
0
11
6
260
2
0
0
0
264
49
38
23
0
466
27
20
224
37
4
0
1
22
66
7
13
6
1
3121
1251
0
0
49
9
30
45
0
3
0
0
0
0
61
6
0
0
0
2
0
0
228
0
143
5
14
168
0
0
0
219
0
0
5
0
44
3
4
0
20
0
1
0
232
90
0
95
0
186
0
108
95
8
0
0
0
0
0
21
0
0
25
0
0
0
0
0
0
0
0
0
0
7
5
0
193
279
65
0
0
56
0
1
5
0
64
70
9
0
100
0
130
2
140
36
0
85
0
50
0
1
46
16
8
9
177
756
0
294
7
0
0
0
819
159
1
27
0
14
0
0
0
8
1050
1
1
139
0
77
0
43
0
3
0
57
0
815
4
5
0
44
0
209
106
0
331
0
0
3
23
0
0
875
0
0
10
84
42
6
456
98
174
1047
911
28
0
21
2
69
10
0
7
0
42
0
45
0
0
0
3
109
0
0
0
0
0
0
10
898
117
0
21
10
0
28
726
58
34
0
0
34
1
0
0
4
479
0
0
3
0
3
0
236
0
0
104
0
13
269
3
0
189
561
0
799
14
11
1
36
0
222
65
0
27
32
5
144
0
0
0
0
0
126
9
0
174
97
0
1070
0
17
0
104
56
0
256
53
0
0
659
0
47
0
29
0
3
9
5
5
234
164
21
598
19
221
8
0
693
352
0
0
0
14
59
1016
0
263
39
0
10
3
0
0
330
0
41
0
0
5
67
0
11
0
163
0
17
0
75
0
0
2
0
0
3
37
20
0
247
698
0
49
216
0
189
0
0
0
0
0
68
11
71
1769
72
0
50
43
327
0
0
0
0
1
68
1197
5
0
19
173
104
0
46
0
22
5
10
58
0
27
5349
0
0
0
0
0
619
0
0
0
1
0
0
0
0
446
0
17
55
0
61
0
0
35
4081
0
12
0
0
60
0
0
397
2
0
377
0
8
0
2
0
0
168
65
0
0
0
183
34
0
0
18
10
510
0
0
0
0
0
0
0
65
0
0
0
1488
1058
0
10
2
0
50
0
132
26
150
8
0
42
86
0
726
273
0
60
0
0
2746
20
0
113
0
1
8
0
434
1
197
2774
0
0
0
0
1
3
12
1
80
5019
210
0
14
0
0
5
0
40
0
36
6
94
150
811
724
0
1
106
0
11
0
316
940
4
5
0
0
58
0
3
0
8
0
65
18
0
72
5
0
0
1
70
0
0
0
8
0
0
1
515
0
45
20
0
7
22
0
1
1
0
834
1
86
5
0
0
0
0
0
771
186
410
45
0
3
1685
473
0
0
784
0
0
0
17
0
0
0
43
116
60
72
0
105
4
2
14
9
466
67
37
23
0
1
0
0
39
0
148
14
0
1
0
0
0
0
0
1170
3
21
149
3
18
0
0
215
92
26
0
0
0
0
0
83
112
0
0
5
0
2
7
0
282
102
0
0
82
809
69
12
18
0
0
25
0
1
3
0
52
0
0
8
6
0
198
0
48
15
86
88
0
0
15
100
228
27
0
0
6
0
725
521
2582
0
0
5
50
25
6
0
0
1268
1
0
0
0
1
0
0
0
0
14
0
0
0
115
0
8
13
1
36
0
342
1205
0
0
0
0
0
0
4
1
67
559
85
0
2
0
66
0
20
689
86
308
0
20
16
0
2
13
0
0
0
0
1
0
42
0
8
84
0
41
44
0
0
0
0
6
0
0
0
229
5
0
1
0
0
0
0
0
21
13
151
762
0
1
115
652
0
0
4
0
421
0
8
8
113
0
74
0
8
0
276
12
0
0
1
0
0
15
114
0
54
66
439
0
0
12
109
34
0
15
1284
0
103
0
141
971
55
0
13
12
0
0
1323
247
12
0
228
1
114
0
0
6
0
0
0
498
44
223
352
15
27
409
0
54
101
119
0
0
106
0
23
0
4
3342
2
40
28
0
51
50
0
2
0
46
0
323
0
26
0
181
212
170
0
18
0
4
0
0
7
0
654
6
0
1
0
0
0
29
0
141
0
0
0
2
0
0
8
3
0
29
0
89
72
2
139
7
96
136
0
55
48
0
219
49
98
0
1144
0
99
0
22
31
0
0
344
0
738
114
132
49
9
0
0
0
1
0
20
0
0
9
49
0
1050
126
0
0
506
0
0
0
4
0
0
0
0
0
3
0
0
10
2
95
15
124
0
0
0
0
257
6
6
0
184
0
105
20
0
0
381
1
0
3
0
0
0
42
0
63
0
228
1295
0
272
0
24
4
1
0
48
619
55
74
118
117
157
3
36
0
49
0
216
0
546
47
0
116
0
196
230
0
125
0
77
0
0
648
115
75
0
53
10
0
140
44
0
0
0
0
0
56
0
54
0
163
72
0
0
370
309
0
0
275
0
4
0
20
0
0
101
79
104
3327
281
72
45
0
0
0
0
20
0
71
0
43
48
83
320
0
6
57
37
1
13
37
0
0
176
134
0
25
99
0
0
0
0
7
3
0
0
17
116
29
0
659
1319
944
17
363
610
0
124
11
26
480
29
10
59
42
0
124
0
0
20
74
0
0
2
80
96
0
1
0
431
4
1641
93
22
34
25
0
0
555
460
33
0
0
0
38
74
0
88
16
0
38
234
0
93
24
0
0
0
23
245
290
70
0
0
337
0
0
0
0
0
11
1363
0
0
0
0
10
1
0
0
177
5
0
0
579
14
0
7
61
45
517
148
0
0
0
0
26
18
0
1
2
1
0
0
56
0
0
90
6
0
2
26
0
23
0
2
0
2
100
0
12
0
44
0
186
45
0
20
0
2
52
18
972
21
165
0
77
40
0
3
2
20
3
11
0
247
94
0
57
9
0
0
88
0
39
779
0
0
0
0
0
0
8
7241
12
0
104
0
55
2
4
0
3
20
16
0
0
0
95
8
8
0
54
38
18
0
740
0
1
0
85
13
981
384
2
0
0
5
19
3664
0
0
7
1725
43
0
0
0
1
0
0
0
181
133
0
24
0
0
31
0
24
0
0
13
75
0
22
27
23
8
377
58
0
236
75
0
0
155
0
8
0
106
0
415
0
0
0
0
2
0
0
284
0
0
855
13
0
2
80
0
0
0
0
0
8
0
14
0
0
39
1154
0
0
283
0
0
2639
8
198
166
3
0
6
0
0
114
0
165
165
0
56
7
0
63
789
1135
0
0
6
0
3
12
0
52
0
0
0
0
1327
137
50
253
13
0
256
237
0
0
6
2
0
0
206
3
52
0
14
0
94
0
0
3
0
4
0
0
2
22
0
0
19
0
9
0
0
1382
21
0
34
0
0
0
58
0
0
5
0
0
3
0
2
0
364
126
274
8
20
78
0
0
0
0
8
0
9
130
5
0
0
13
173
42
0
304
18
0
350
67
0
294
35
0
2
0
3
0
0
14
57
3
42
0
12
0
22
0
14
1
0
2
0
86
0
42
539
499
9
0
0
0
0
8
5
0
369
756
12
0
0
7
33
3
0
0
953
4
0
374
78
0
83
0
0
49
0
59
235
0
0
45
0
0
0
0
0
1
100
0
0
11
93
0
2
2
0
83
0
176
0
1
12
43
102
13
0
0
180
16
959
18
422
6
493
0
372
4
1
26
0
21
17
1038
756
0
0
30
17
0
0
1595
0
0
110
7
10
0
18
0
0
0
54
0
0
16
108
302
0
0
22
84
99
0
55
0
0
0
0
0
0
2
5
49
4
0
0
1
13
0
0
0
0
288
0
0
26
65
438
18
13
24
92
0
35
28
96
7
1
73
304
44
0
24
0
24
424
33
239
0
0
17
0
7
84
11
0
8863
57
1
2342
74
0
0
48
221
0
252
0
0
0
114
0
0
0
0
201
0
1
0
1
0
77
0
0
0
168
0
0
170
14
32
0
19
0
0
11
0
1
0
83
0
0
40
0
18
12
0
19
0
19
53
0
0
0
52
3
383
46
47
253
118
13
0
6
1
0
23
0
0
7
7
53
0
6
580
0
0
106
0
623
0
80
0
115
405
15
0
0
0
45
1179
0
0
0
0
3
0
0
0
0
0
64
84
12
0
15
45
94
101
0
802
216
0
14
150
298
0
46
10
48
784
0
3
0
0
0
6
120
0
21
0
0
8
47
0
0
0
0
10
6
0
54
0
3
0
0
0
11
0
0
38
0
354
137
5
0
367
17
0
20
0
31
0
0
0
9
0
0
0
9
0
9
0
1343
280
0
0
749
0
8
76
367
9
0
5
79
0
0
0
0
0
91
382
0
122
27
48
39
0
905
21
0
13
2
0
6
0
4
1708
3
60
2032
0
0
8
0
0
901
73
0
0
0
1075
0
145
0
137
237
55
240
0
0
57
0
25
0
0
2
880
0
3
138
18
0
34
0
71
6
0
22
0
47
0
5
619
1102
44
0
0
125
17
0
217
8
3
0
0
0
0
0
2
476
0
97
1
0
259
34
0
0
0
452
0
12
32
277
8
0
0
10
0
365
0
0
0
301
4
0
0
0
277
0
264
0
0
67
0
0
0
0
0
1032
0
0
0
5
35
0
7
0
0
0
0
41
9
0
0
0
0
0
466
203
0
14
1
0
61
0
2
8
0
237
95
597
11
16
87
0
0
25
0
106
123
0
1
136
13
81
35
750
1
1189
0
405
129
8
0
0
2
0
23
15
123
125
0
78
0
3376
0
0
0
12
10
29
123
0
0
0
2
0
184
82
0
0
0
0
0
648
385
14
14
1718
0
0
0
135
2
0
8
21
147
0
29
65
3
0
0
0
0
427
343
166
27
1605
0
0
35
264
50
0
0
16
790
31
3
0
0
0
0
2
449
0
441
0
1
20
705
2
104
0
0
1
11
68
0
0
18
0
2951
0
13
129
0
0
88
34
7
0
2
28
0
0
3
0
0
2
1
4
0
0
8
10
0
0
83
0
167
11
0
0
406
0
0
0
243
2
0
0
285
255
0
85
350
55
0
0
44
62
0
21
359
0
0
0
328
0
0
0
0
0
3
4
3039
20
60
41
191
5
0
0
0
2
0
446
4
37
0
178
0
4
89
4
95
0
18
15
0
1
0
0
0
0
0
0
0
8
2
13
0
6
0
31
53
0
5
4
0
0
0
0
0
0
4
0
19
248
0
0
0
270
0
0
5
0
0
5
0
0
23
105
0
1753
170
57
13
0
42
0
136
0
0
0
668
29
100
0
0
3
0
35
0
0
5
678
0
0
6
14
2
106
0
0
443
64
19
0
9
62
35
0
0
0
1242
122
0
0
13
0
0
0
0
0
616
1
116
1084
173
465
14
0
0
29
29
44
0
0
0
2196
225
511
129
3
0
160
90
72
30
3
0
0
2
165
307
0
0
132
602
0
162
918
0
0
0
36
0
0
300
69
426
229
47
0
0
33
904
12
0
12
104
5
0
10
1
93
112
0
0
28
68
0
5
14
0
60
2
0
328
85
8
0
648
0
0
4
47
28
0
0
369
0
100
0
43
450
0
0
30
0
0
573
0
1
0
0
83
0
326
0
62
0
0
0
0
428
6
28
119
360
23
57
22
65
0
0
11
45
32
6
24
10
300
18
20
223
951
157
0
171
1
168
30
446
60
6
0
0
57
14
55
0
12
539
86
188
0
59
10
2
0
0
0
0
813
0
86
384
10
280
2
27
3
0
7
4
64
11
60
0
662
0
0
0
0
25
165
0
1
0
60
0
1
0
1007
86
17
35
0
0
0
0
67
5
238
479
0
0
0
35
0
4
3
179
0
0
63
5
0
19
0
3
0
53
105
1
44
162
0
217
0
14
20
188
0
299
0
16
0
0
24
0
3
25
14
279
168
0
0
5
0
0
24
0
371
0
119
0
0
473
7
50
0
0
36
0
15
84
114
32
10
92
1682
0
363
24
0
58
871
5
1
1
1
6
0
15
234
5
0
0
20
2
0
24
3
4
36
0
21
0
0
5
1
0
0
98
3
1
488
0
0
30
365
0
0
7
5
541
0
101
7
14
0
7
0
902
0
1
0
0
70
0
342
0
1
23
0
2269
4
0
49
27
3
0
1
0
203
165
70
120
1
0
0
18
20
0
1
0
0
1
0
38
0
0
0
40
0
10
0
3
16
0
0
105
5
13
8
0
2095
78
54
3
180
118
0
503
3
957
0
0
764
781
435
194
27
0
0
0
10
0
1042
0
0
0
45
0
0
0
14
0
0
0
16
0
6
0
0
81
1
18
577
0
1
0
0
0
1
278
4
0
104
65
15
0
0
0
0
232
3
376
0
0
1
0
0
0
0
205
12
0
0
94
19
487
0
11
860
67
0
5
67
0
40
0
11
3
0
0
284
64
0
32
28
1189
25
0
162
0
0
15
14
0
6
0
3
0
0
0
0
109
64
0
0
0
66
67
846
0
0
0
17
0
0
0
0
0
30
0
0
7
2
245
2
1
0
0
267
23
0
0
745
0
0
263
0
47
2
0
23
22
0
0
0
0
10
237
0
0
0
7
4
2
0
1
258
466
0
4
0
3
0
0
112
0
0
0
38
0
0
0
4
0
17
0
0
14
3
0
0
0
19
0
0
0
9
7
63
7
0
0
0
0
7
9
0
147
0
0
0
270
0
0
237
6
13
9
0
0
6
0
33
37
8
0
401
12
47
0
0
94
0
76
0
0
4
55
657
0
21
0
5
245
0
36
32
0
19
0
3
2
63
127
739
0
0
0
5
0
0
0
3
30
0
71
0
6
0
0
0
1
0
0
1
506
0
317
57
0
0
4
13
7
0
79
0
0
0
0
3
11
892
360
9
52
6
1
165
2
2
0
91
0
0
19
0
8
0
0
0
20
0
0
3
3
0
47
3
0
0
23
25
0
26
2
0
0
0
0
5
0
0
0
0
27
0
160
5
18
102
0
0
0
0
0
11
0
0
0
26
17
0
773
87
0
0
0
45
19
0
20
96
4
47
348
3
0
0
112
0
33
1
27
2
0
0
0
34
109
68
87
42
0
2
0
0
804
0
119
0
0
1
120
37
0
2317
378
5898
110
15
70
69
309
1233
0
6
0
1
8
0
0
5
0
0
46
42
245
0
36
18
9
206
119
2
0
450
0
20
0
129
0
1124
0
0
25
0
0
430
400
8
33
22
1909
1
143
0
0
1
11
20
75
0
0
107
631
5
44
3672
0
75
0
3
0
0
1
0
0
27
0
5
132
0
0
33
9
23
0
1
0
52
52
1
1
0
0
0
9
0
8
825
25
0
0
0
18
1362
0
97
3
304
51
0
15
0
1
11
0
0
1299
0
0
56
0
36
50
0
0
0
1
10
7
80
0
0
306
10
142
0
70
15
0
37
0
6
0
0
0
0
83
8
288
0
18
0
0
77
0
2
0
23
0
122
0
0
0
0
0
0
0
44
0
475
3
61
1
0
3
0
0
0
57
6
1
0
0
0
0
0
7
258
2
0
56
5
46
0
3321
7
0
101
0
47
0
8
13
3
1
60
69
0
0
84
0
8
0
0
0
0
28
168
0
2
0
11
21
5
0
326
0
2
455
0
0
314
32
18
3
0
18
47
0
0
51
0
7
0
0
0
74
4
222
1
0
88
7
12
0
5
5
1
0
0
0
2
0
0
3
0
90
0
0
0
1
318
242
20
0
0
10
0
14
0
27
0
0
60
0
0
46
4
83
377
443
0
189
0
365
49
2
253
110
139
0
0
1
1350
1800
0
130
25
0
28
1
384
0
0
53
0
0
0
0
11
0
0
0
0
0
48
0
219
0
0
49
0
284
13
0
0
0
0
31
2155
74
258
0
245
180
0
1
40
0
0
10
466
0
12
1191
196
168
1321
3
206
216
0
23
0
0
0
0
0
0
50
0
1
0
14
18
5
494
0
2
18
14
1
0
3
17
0
0
0
0
4
353
0
17
93
14
8
0
66
7
1296
0
0
0
4
89
0
0
368
21
5
0
2
69
63
0
0
104
415
0
829
757
0
92
66
2
414
0
882
0
0
1
0
423
350
0
0
0
758
283
0
0
127
66
17
23
0
1
1
0
115
164
0
0
0
67
0
31
0
0
70
0
72
4
0
25
328
0
0
0
0
1
7
8
0
11
138
0
260
5
197
0
5116
56
0
388
2
0
3
24
102
109
6
0
103
1467
119
138
3067
0
0
15
0
160
2
5
283
58
0
0
345
165
0
0
2
0
0
50
7
48
1030
16
5
1
14
267
1
211
62
0
7
65
209
0
2106
2219
0
0
302
322
95
0
0
0
20
0
137
0
0
45
98
0
0
1
0
5
3
7
0
1
1286
1809
0
522
432
3
569
39
5
102
0
53
100
7
1021
0
675
79
37
0
1069
0
0
259
8
515
21
0
95
103
0
63
32
1744
19
322
5
42
0
25
119
90
619
15
65
0
36
0
91
0
0
0
0
0
0
10
0
0
3
23
0
2
19
5
0
5
0
0
1
91
76
4
0
0
246
0
0
656
3
0
0
0
408
0
0
5
11
197
0
2
0
47
0
4
6
1195
3
202
0
0
0
0
0
0
76
0
0
0
12
0
15
38
90
0
27
2
141
14
171
5
1
6
0
0
1
4
0
15
47
0
17
64
0
1
9
0
113
2
24
14
94
0
5
0
64
0
0
1421
0
0
4
13
44
0
745
1206
100
125
28
3
179
3
6
107
58
878
0
110
0
2
258
2
0
14
23
271
0
34
0
0
0
0
1
10
2274
0
41
34
0
0
0
0
6
0
0
55
579
70
5
1
5
0
13
3
7
0
2
3011
51
67
153
0
85
0
19
136
0
9
0
0
0
1
0
32
79
16
31
351
56
165
11
0
1
297
693
4
0
4
8
1947
271
5
7
0
0
0
27
104
4113
100
2
421
0
1
7
350
49
0
3
0
77
226
0
4
0
0
6
24
8
0
1387
190
6
0
0
0
153
7
0
61
85
0
0
32
350
786
0
4332
37
148
0
590
0
8
0
848
9
132
0
3
0
12
0
1
0
229
34
1
1
61
0
3
1846
44
0
0
0
0
1636
0
384
0
7
62
0
307
11
58
2054
1
471
9
106
0
6
106
0
0
0
532
499
0
0
0
180
0
0
0
87
14
0
3
0
0
6
0
0
9
8
0
0
741
0
370
6
0
0
0
38
0
0
13
0
0
5
0
41
0
0
27
63
69
0
315
40
0
0
96
0
14
0
0
0
65
0
3
0
0
92
0
0
349
57
0
7
0
10
249
0
163
0
2
0
0
388
0
0
0
650
5
0
15
2
27
0
54
2098
0
0
0
172
94
9
27
0
10
0
17
0
8
2
0
15
77
67
0
0
0
0
0
11
0
0
9
1
0
232
0
18
0
29
9
4
5
0
3
0
37
0
42
0
0
22
7
19
74
0
0
0
0
115
4
6
2
0
0
2
0
12
0
0
935
17
0
0
150
572
25
0
16
66
57
33
0
47
92
3
0
53
0
0
11
4
0
8
0
305
0
34
0
0
0
5
54
37
33
199
187
0
1
31
400
0
0
3
0
0
0
1225
165
0
298
3
143
0
0
14
3
0
0
0
0
1
12
0
0
0
0
473
34
9
0
0
37
1
1
6
5
93
0
5
23
2
2
0
125
13
113
0
138
17
97
0
0
16
81
55
620
22
0
0
0
0
33
0
0
0
0
1
0
117
0
4
5
8
13
0
12
2
0
0
0
0
23
0
0
26
3
57
0
54
0
160
25
21
115
0
0
36
0
35
1
0
0
108
12
186
109
0
16
406
36
0
2
27
454
3
0
11
0
451
0
2
0
4
27
6
34
2
1
7
0
0
0
62
8
40
0
0
445
0
0
45
4
0
0
126
0
0
2
0
0
52
58
10
0
0
0
0
38
0
380
0
6
40
0
330
64
18
0
0
464
6
275
220
0
0
121
0
4
0
308
603
178
2
0
0
12
2
2
46
4
0
0
3
0
0
0
4
0
192
0
1
110
0
49
0
4
0
96
3
0
0
17
43
0
0
33
0
0
0
0
0
3
0
0
4
2
3226
71
265
0
0
0
5
0
102
0
0
10
601
0
5
0
98
65
13
0
0
72
0
14
4
1144
0
4
9
0
0
250
157
0
0
0
1
222
0
41
333
5
0
25
52
12
0
0
1
3
575
193
0
0
0
83
0
0
0
0
0
3
8
7
27
0
44
0
8
354
41
0
0
2
5
25
34
0
15
13
195
31
217
0
11
0
0
78
0
2
1
0
0
0
0
0
0
9818
310
5
0
0
231
3033
4
4
0
3
375
31
0
925
71
0
0
850
3
0
29
0
1
0
297
0
2
4
0
0
0
0
0
0
0
460
2
0
4496
0
0
0
0
0
3
6
0
0
28
0
22
445
0
0
5
123
75
0
157
0
2
1
0
29
0
75
0
0
0
840
0
87
0
0
12
128
4
31
15
103
0
19
21
46
3
0
0
0
3
0
0
46
177
0
0
0
4
0
12
0
0
845
0
0
0
984
106
92
0
32
0
137
1
0
40
511
0
0
0
9
4
462
0
0
158
0
8
2
0
26
4
0
0
111
10
60
0
0
51
0
33
1
0
154
0
53
318
82
17
0
12
329
14
9
82
0
0
0
58
143
0
108
0
153
113
0
0
61
62
70
0
0
0
57
243
393
8
1930
0
14
0
924
0
495
225
0
5
0
183
0
0
121
14
25
50
2
31
0
0
0
20
0
0
183
173
302
0
0
1177
14
70
0
76
184
222
520
0
0
0
3130
0
309
0
0
143
2
2
0
0
0
0
3
0
0
8
7240
11
20
0
0
106
0
186
2348
101
0
180
49
290
0
0
0
0
35
0
0
2
194
0
107
116
196
0
150
0
64
0
455
0
0
2
173
329
304
37
744
6
0
0
353
92
0
423
0
443
1
0
5
76
3
3
0
0
0
0
120
13
9
312
0
59
2
0
0
189
0
2
0
3
0
0
0
4
17
1
155
41
4
273
6
0
5
2009
615
7
423
0
0
56
0
70
164
0
54
230
8
284
18
18
13
53
0
0
414
13
0
555
1
0
87
160
12
0
0
2
341
0
66
1
530
215
35
0
5
0
7
7
402
5
198
2
73
12
10
0
591
236
0
545
2
4
8
0
30
8
13
268
191
659
0
477
0
0
0
0
0
37
114
4
564
8
161
456
123
9
60
10
0
1
0
93
0
2
0
1
0
0
221
0
207
350
0
0
0
46
0
73
2
0
3
0
5
0
0
90
29
538
0
19
0
0
1802
4
0
1467
0
46
137
0
49
0
0
4
4
10
172
383
13
120
100
138
0
70
24
0
0
0
32
0
0
143
0
167
34
6074
0
7
556
143
24
0
87
0
0
16
0
230
856
168
23
85
15
22
3
0
8
31
13
151
157
10
34
20
0
0
0
0
335
53
79
0
0
0
0
0
1
3
2
201
2
23
0
0
0
0
1
71
0
0
10
5
0
501
70
0
0
0
0
94
0
0
560
199
8
88
6
2
447
49
0
0
43
0
0
1
0
0
0
105
459
56
36
0
531
3
0
10
41
0
830
0
89
0
4
0
6
0
39
1
21
313
13
0
10
0
0
1358
255
98
1
11
0
3
12
41
2617
0
0
0
0
26
3
21
0
0
39
0
191
621
466
0
24
986
892
210
43
0
0
0
30
7
12
0
40
4
10
0
33
1
7
0
0
37
0
5
44
0
91
4
225
86
117
39
213
0
2862
11
6009
24
33
13
0
119
0
149
203
1289
39
2
1
5
17
0
0
509
13
81
36
80
174
0
227
0
280
966
182
60
65
0
2
0
194
309
0
3
3
623
0
158
3
0
20
0
1
0
0
85
138
0
0
23
0
30
175
57
0
3
0
0
28
0
0
544
829
67
197
0
12
78
285
43
237
101
0
33
27
10
0
27
19
41
0
232
3
0
0
0
0
0
0
446
0
663
1036
121
0
405
175
10
0
291
6
0
0
0
0
0
0
1
39
0
0
139
7
0
164
1
5
321
390
545
0
0
0
436
432
226
49
0
398
76
5
121
26
31
0
8
395
16
264
2
0
3
73
87
31
165
8
212
0
0
0
0
13
0
0
5
58
0
12
0
0
0
0
248
5
0
2
8
27
2
10
69
4
0
0
3
122
0
64
32
22
0
0
0
0
65
0
1
5
0
84
10
0
0
0
643
363
651
70
0
6
0
477
0
0
13
141
20
0
16
13
0
0
0
41
47
94
21
9
0
17
3
29
0
121
45
5
0
4
0
97
2
0
0
80
13
0
379
2
0
58
30
0
0
70
6
63
180
65
590
0
0
0
17
22
220
0
561
0
2253
16
7
131
0
391
0
115
7
242
311
0
349
382
0
0
0
0
3
1
0
231
185
0
23
44
0
8
0
33
0
0
0
443
132
153
359
44
364
682
210
0
0
16
1
41
75
0
4
0
0
9
21
0
3
2019
0
16
44
82
2
0
0
0
15
0
49
0
3
472
1
23
0
1139
66
461
0
125
0
0
2
0
51
1
134
0
9
0
0
23
60
0
2
0
9
1522
0
122
7
0
0
0
1
0
0
0
103
119
0
10
443
6
68
78
82
0
14
2
2158
253
8
90
0
9
0
0
0
6
0
674
7
67
65
39
0
3
0
12
0
7
20
12
2
0
0
0
0
50
0
67
0
0
1
0
387
0
0
3
15
0
0
0
0
0
0
0
874
81
365
3919
1972
0
7
0
167
0
0
0
53
294
1
558
0
0
0
0
445
3
22
2
592
30
8
612
13
2
102
304
33
22
0
0
5
0
0
0
0
0
0
87
0
0
0
0
0
0
0
14
80
9
96
55
0
0
0
0
0
0
197
411
0
0
0
0
0
0
90
157
0
0
0
0
0
0
0
7
7
0
0
0
0
0
5
6
32
30
0
0
0
0
0
1361
287
0
572
1
0
0
55
178
182
2092
35
72
0
2
0
0
46
0
14
0
0
0
0
0
0
140
7
0
0
1
0
0
0
1
0
67
0
152
57
0
0
0
2
9
13
1
0
578
0
0
0
36
92
477
28
66
1
75
0
0
6
3
0
158
20
0
0
63
7
0
2
0
0
0
39
0
5
1
0
0
0
1
4
0
0
644
43
540
0
0
0
0
0
0
0
0
0
0
0
0
14
0
0
0
0
0
0
0
0
0
0
8
3
270
0
0
1
0
1777
37
123
28
211
110
235
455
26
2716
10541
204
0
13
14
0
0
0
318
187
60
0
0
0
150
0
0
0
66
0
0
30
13
52
44
0
0
0
0
11
10
0
0
4
4190
1
88
1
0
0
0
5
27
0
3
10
0
0
0
0
159
133
0
0
2
0
131
17
3
8
3
0
0
0
0
0
0
0
0
0
118
51
0
1
301
476
144
221
2479
0
0
16
3
0
0
0
5
2
1
0
203
15
0
0
0
2
7
0
0
0
0
0
18
6
0
0
4
164
31
115
18
30
302
0
278
535
15
0
0
0
0
0
0
0
0
55
0
75
0
0
0
0
0
0
0
0
0
0
0
0
217
25
864
2
2049
4367
265
0
0
15
6
0
71
0
0
0
309
64
0
0
57
586
48
20
0
11
4
191
0
0
0
0
0
0
2
0
0
0
0
0
0
0
0
0
0
2
0
0
12
0
0
9
46
0
4
0
103
0
0
209
0
3932
136
23
14
0
122
0
0
31
3
0
0
0
0
4
0
0
1
0
0
179
204
0
780
1
32
0
0
0
1
0
0
0
0
0
432
579
0
0
18
1
0
0
0
0
3
20
0
0
0
0
6
21
0
0
3
0
1
0
0
0
0
0
0
0
0
28
0
0
0
0
0
0
0
0
0
0
0
0
0
0
0
0
0
0
0
0
0
0
0
0
0
0
0
0
