BitC_12_2
0
0
17
1671
29
146
37
0
0
1
0
215
45
387
2
0
530
3
0
179
1044
104
0
2
0
526
0
19
0
8
30
8
0
155
2444
92
0
0
14
0
3
0
2
14
0
2147
0
177
1
230
2
181
0
660
0
12
486
74
1
891
3
3
0
2
13
30
1
461
23
12
1580
441
50
30
27
1
1356
4
11
0
0
0
0
9
1182
0
143
244
23
20
607
0
333
1
0
729
12
1
230
0
23
1
7
673
85
9
5
0
0
539
0
0
51
0
2
0
0
150
170
535
14
14
1
177
56
377
291
0
1397
34
0
1
3
87
2
0
6
153
33
0
28
2
13
2
529
129
20
23
59
9
32
4
318
1
0
873
5
0
19
301
1
0
0
0
178
63
83
174
0
0
0
2
87
0
0
108
89
2
0
59
309
624
2
91
35
364
229
1
102
0
0
355
282
36
0
93
0
1
5
36
44
26
4
44
20
0
0
102
39
45
0
3
15
0
0
4
78
11
2
23
415
0
24
333
0
6
3
189
28
99
0
0
79
378
805
0
874
24
0
0
0
1
14
353
0
36
89
456
5
5
149
331
15
0
275
44
0
0
0
8
162
564
204
2109
112
0
0
0
280
65
2
614
0
0
78
4
0
0
1032
150
633
137
0
1250
0
829
1
0
0
207
0
0
0
0
0
0
125
0
136
0
0
18
0
29
348
0
274
8
2793
0
0
2
0
1
0
177
0
138
293
2
68
0
517
95
2
102
42
24
0
33
424
339
124
0
0
255
42
11
0
0
928
237
90
511
0
16
203
39
177
0
1037
0
62
33
52
19
708
282
48
0
14
3
0
581
0
0
1
156
221
4000
131
840
22
5
0
0
14
11
0
298
0
146
0
1
1739
0
119
55
56
0
257
0
0
146
401
34
86
0
346
88
71
0
0
1
0
108
21
0
3
0
0
113
15
2664
12
118
0
336
0
0
929
157
11
0
72
0
12
1306
91
3
134
17
24
7
44
1
183
0
0
0
4
0
684
871
0
10
1057
194
96
1
0
0
21
8
7
5
0
0
0
0
15
20
0
0
0
35
100
0
437
0
26
0
379
0
1
0
9
0
387
167
520
50
202
996
430
29
1
0
12
0
93
146
89
89
0
95
0
14
0
0
201
0
672
54
74
348
25
1
57
1
26
0
2
415
6
323
37
0
22
0
840
150
0
556
0
84
14
18
12
64
73
91
834
0
8
128
396
158
88
0
2
2
51
0
263
178
1
0
127
0
1
0
13
1
1
2
10
0
0
0
0
831
0
216
0
133
0
1
0
328
445
38
3
227
5
258
53
48
0
38
0
93
4
1370
10
44
2
19
0
3224
0
16
0
242
0
963
213
11
7
3
167
1
0
0
3
259
2
0
0
0
1085
0
162
268
7
0
135
9
60
19
1
10
0
10
0
7
26
0
0
6
8
0
0
68
0
44
172
108
400
102
868
2
0
2
0
0
0
5
0
155
565
386
4
348
19
150
6
0
656
40
3
130
0
1
206
1
395
116
5
1
0
0
164
0
4
6
224
0
1
0
0
351
20
459
8
27
0
1
2
2
64
69
31
526
0
27
121
2246
12
8
3
4
32
0
103
0
15
6
98
58
0
195
3
12
0
0
41
17
144
0
132
1266
23
28
31
968
866
1
0
411
447
14
8
3
743
2
0
0
2
239
247
6
20
29
28
0
63
0
41
38
164
0
212
3
345
0
0
3
0
0
0
683
655
0
0
203
4201
1
211
39
185
158
121
77
0
0
242
5
8
40
3
7
781
0
0
707
125
66
39
81
126
240
9
82
38
0
0
3
638
0
92
0
0
158
4
2
0
0
28
0
0
0
12
0
47
20
0
7
0
271
80
740
27
29
0
381
2
2
1
0
23
2
240
26
0
0
0
0
3
4
26
42
4
4
0
20
11
253
121
0
17
7
11
0
1
331
2
377
931
372
8
437
92
429
140
3
27
193
0
151
88
3
499
16
142
64
248
2
4
311
0
7
15
18
165
491
6
0
0
1
0
0
791
499
12
5
2
0
1937
2
0
1210
10
49
0
63
1
0
540
76
190
334
97
4
0
4
0
0
97
758
406
1
0
12
4
415
52
0
22
37
0
38
61
137
26
0
163
1
0
387
10
0
0
0
202
4
147
319
56
87
280
3
70
0
1
35
241
302
253
37
4
151
43
0
1557
223
0
56
0
285
0
0
29
281
0
42
0
1
2
1
0
0
1
196
109
104
8
0
17
36
17
0
0
569
52
15
129
0
6
2
0
12
33
1
1116
73
238
683
2
125
0
0
292
0
1752
61
9
0
656
384
407
106
930
0
80
0
0
2568
0
0
0
0
114
0
0
1
0
16
447
466
564
62
2
0
0
109
45
8
1
1
0
84
916
549
73
24
0
0
46
157
16
0
0
0
35
0
1032
362
1500
1041
0
0
0
0
0
109
0
0
2
185
50
98
0
9
810
424
0
289
836
99
60
54
133
0
0
154
8
0
26
0
0
0
9
0
42
37
13
0
0
0
1
1084
349
0
0
11
26
68
1
0
0
0
78
26
0
177
7
0
52
2
224
616
0
371
85
18
8
4
14
0
0
0
0
357
771
107
175
106
96
323
209
101
231
5
36
133
63
96
0
0
12
0
4
2067
6
593
0
0
227
65
0
5
278
119
82
284
0
110
142
0
11
7
2
0
40
0
0
469
315
103
6
0
590
0
0
3
108
12
1211
859
0
24
1971
17
170
87
88
54
656
245
0
0
25
0
357
19
482
0
553
0
310
0
263
410
21
2
532
0
0
81
0
257
453
0
0
5
553
0
407
0
0
9
85
0
209
0
0
9
0
0
0
1
18
2
109
16
133
1
365
261
37
303
538
0
0
1724
4
0
0
86
36
123
0
110
0
11
0
203
32
0
4
223
0
4448
0
0
0
14
6
153
74
203
50
0
189
2
50
0
5
82
181
35
1
4
97
0
170
1015
209
0
0
2
2
1653
61
13
43
16
12
18
4
24
0
0
4
719
0
482
10
1
25
12
0
30
3
240
0
59
123
1
76
5
301
0
0
0
206
5
2
1
61
2
0
7
55
5
0
112
1
233
1
0
5
15
0
1880
0
7
2831
18
713
0
146
9
42
0
0
0
165
100
0
0
9
37
20
0
0
9
0
0
51
0
248
0
0
7
14
209
8
0
0
1
93
786
234
0
1
0
152
0
0
734
481
43
95
3850
0
57
160
14
76
27
314
0
9
79
2008
30
16
42
36
147
0
0
379
33
12
161
17
476
7
247
222
93
0
52
0
40
4
0
0
1
262
0
25
0
1281
3
42
529
59
54
1
0
0
3
40
1
194
0
1
258
44
0
0
0
1
35
0
325
0
6
32
0
42
0
0
6
0
0
42
0
0
23
0
0
0
0
0
0
1
358
7
473
5
200
82
69
0
0
95
0
1647
41
0
0
0
0
19
5
563
76
304
0
609
17
314
422
0
0
0
992
0
102
317
2548
3517
0
0
0
47
2
8
0
5
66
0
4
915
458
1057
17
4
193
0
23
0
166
261
92
693
0
875
0
151
19
47
101
0
14
3
0
0
0
0
0
616
263
0
650
92
0
0
8
176
348
298
22
387
3052
0
367
0
113
323
119
240
373
0
25
4
228
58
0
3
224
38
37
0
0
45
126
374
0
3
1
57
301
0
693
0
3
53
3
2
566
3145
0
186
0
0
3
333
0
467
0
53
3
0
1000
38
11
13
0
2
1
6
399
1
1
3
10
0
0
9
143
18
5
0
5
20
0
0
4
104
0
7
12
0
48
33
65
0
0
0
0
50
0
3
0
2
108
312
14
585
1956
81
567
128
3109
0
46
1
169
15
0
788
1
124
58
0
1
2
0
639
44
0
57
135
0
79
18
0
0
0
48
0
0
1489
207
0
0
286
1889
250
3
0
35
1
76
0
1728
0
500
13
0
25
0
68
0
0
0
0
34
0
0
0
2
12
533
96
11
0
107
17
70
26
1
38
82
1
162
0
128
3481
1113
1
232
3
0
0
854
44
0
0
0
0
16
575
25
0
0
13
4
0
0
0
1
8
88
0
0
128
156
1018
1041
139
385
0
0
18
17
30
0
0
0
0
181
74
2
528
56
1232
35
0
0
84
46
12
110
0
4
215
188
0
0
55
0
5
0
273
0
0
19
0
30
71
0
29
10
0
33
301
0
0
0
0
26
715
28
5
9
89
0
364
53
454
0
31
1322
319
0
0
3222
253
375
2240
36
0
14
0
0
1
2
67
1
27
1
0
167
761
5
0
1
0
0
0
27
53
139
0
0
23
9
13
0
183
720
146
351
275
25
0
0
2
331
4
0
1
36
18
2
36
3
0
3
7
38
25
94
35
0
0
0
0
0
0
0
156
2
4
0
61
0
40
0
1
49
248
0
28
2
421
0
552
0
0
23
0
0
0
0
0
738
5
4
13
47
3
171
223
22
0
14
0
0
0
0
163
1
527
367
713
150
0
82
53
6
0
17
202
66
0
7
0
1657
6
14
0
44
1
20
2
79
2
0
0
248
5
245
107
88
288
7
0
0
5
0
2
64
259
155
0
15
0
50
18
0
0
79
2
28
1
0
100
32
28
61
87
749
5
0
127
0
392
0
1
0
57
21
96
102
216
0
1543
27
1
0
58
0
1
1
181
1122
14
1
46
1
7
6
0
12
0
20
194
4
6
1187
250
5
896
0
47
19
0
0
332
0
80
0
0
10
10
14
0
1
10
1368
0
144
303
9
0
1762
57
2
0
1
19
5
6
771
41
134
0
0
2
1
0
0
1
152
0
0
37
1
8
2
0
2
19
0
0
0
2577
0
10
0
12
145
436
262
2697
1
1422
13
3
8
10
6
40
812
0
371
635
1
22
165
0
460
0
0
7
750
0
69
87
0
0
1735
0
64
179
0
0
55
265
1
5
203
295
0
539
0
705
0
3266
17
0
143
0
21
79
393
17
488
11
10
0
1009
143
130
15
1367
3
88
16
646
173
0
152
0
112
132
218
0
0
3
1
37
102
0
13
1537
255
1293
397
0
0
0
2
16
81
0
218
116
8
487
500
0
63
102
36
0
2
0
0
778
0
106
0
150
6
3
0
0
6
0
0
1146
577
0
0
93
1
12
0
63
15
273
35
1
0
221
165
0
10
0
0
1
0
1401
451
4
0
844
22
231
124
43
98
0
2
21
0
20
1
0
11
17
7
56
133
0
0
94
410
0
0
100
0
0
0
510
372
64
0
0
442
2
229
345
4
0
65
0
0
1
64
171
10
0
0
0
12
15
45
0
0
0
112
6
0
1
0
7
0
330
65
36
0
0
142
2015
9
154
0
42
0
55
14
1
635
3
0
12
137
68
4
1
0
12
145
0
16
0
144
0
500
0
1
51
19
2
2
0
4
2
0
7
66
14
0
37
0
0
18
38
17
0
0
247
0
1
0
65
12
7897
0
29
131
176
0
57
6
0
0
0
225
72
456
2
166
0
1
156
3
0
32
0
135
1009
0
158
0
139
0
1157
0
356
115
0
0
0
2
0
0
1
0
5
0
14
0
0
11
389
388
48
0
0
343
25
1
299
625
19
245
25
0
935
129
0
50
0
1
0
299
8
206
0
33
3
0
3
658
393
0
370
45
23
0
0
115
343
0
263
0
0
453
9
186
93
0
89
6
0
153
169
11
7
13
0
0
0
3
188
300
297
0
11
0
83
0
4
109
0
72
46
0
508
105
19
30
74
0
2
1010
84
0
189
0
74
317
30
31
1727
198
0
0
13
302
63
0
6
34
2
0
0
0
44
130
0
73
4
0
0
0
0
295
5
158
4
0
16
13
202
0
0
0
0
220
305
35
32
4
0
176
0
0
0
10
304
2379
1
12
1097
29
112
142
0
157
0
0
4
506
24
0
8
52
104
12
0
0
2
0
0
1004
1
0
917
1
59
13
1627
154
0
0
199
1823
51
915
248
0
39
28
363
0
39
47
11
21
0
0
0
184
0
0
1605
0
1944
0
0
18
5
9
0
135
212
0
335
45
63
0
56
422
3230
6
16
107
15
488
92
0
12
0
181
0
0
0
343
299
1
446
5
27
8
161
0
60
366
534
57
94
121
0
196
10
688
437
4
1073
1
363
139
170
166
11
0
33
0
0
34
111
10
0
162
0
3
23
12
3
2
2884
235
122
287
88
94
4
0
19
21
0
811
0
21
0
1
7
2318
0
92
165
1
512
0
14
229
20
22
538
3
0
212
0
0
0
0
27
0
0
0
25
252
47
0
22
2
0
163
1
1
0
626
131
653
225
10
1217
30
0
0
124
28
0
0
0
7
45
108
5
0
8
0
0
0
17
5
75
841
95
173
6
53
5
3161
0
0
1
124
0
16
207
0
76
7
85
69
0
706
243
21
474
76
0
0
324
728
358
184
1
0
96
1
0
0
0
968
5
1664
236
171
198
260
0
3
0
0
36
1
211
0
0
150
106
7
104
5
398
21
0
24
215
0
109
0
72
14
167
59
0
829
37
0
34
7137
1
59
737
397
332
190
199
1186
45
834
0
656
1496
1
111
31
5
0
0
113
0
116
77
1935
0
12
184
98
0
1733
138
71
0
0
0
2
1512
5
8
516
0
463
0
29
9
0
602
59
0
0
956
47
0
0
3
0
114
0
123
0
952
8
135
56
701
0
1
135
1085
0
12
7
69
138
61
0
59
253
128
0
2
144
46
196
0
2
9
35
0
48
191
0
131
0
0
0
0
0
6
0
0
13
0
0
1
0
23
0
2
902
16
0
0
2363
0
0
3
1
0
63
2
65
2
2
76
0
0
2
6
0
0
118
45
0
0
1
115
0
1
0
148
46
1
0
0
250
2
0
4
12
0
0
1
2
6
0
0
0
0
79
0
0
26
831
0
0
14
1
0
204
14
282
9
1
7
0
47
0
0
0
75
0
122
0
1
18
1
25
0
41
0
0
353
29
0
262
26
0
1335
69
8
0
34
223
0
0
10
0
0
26
17
70
0
149
26
0
0
1127
426
9
4
172
0
6
39
0
32
34
0
23
0
0
0
5
473
0
2
0
0
845
0
215
18
6
0
0
75
585
320
117
0
0
0
0
0
0
7
0
0
186
2
0
94
0
0
1
0
0
54
1677
49
6
0
27
3
0
0
0
2
0
0
0
0
0
0
0
0
9
1
0
11
32
0
0
0
84
0
50
0
0
0
0
0
0
0
26
1
0
0
0
0
0
148
0
0
2
18
241
2
0
1
0
0
0
9
0
0
4
0
0
0
0
0
9
0
10
0
0
0
3
0
0
0
0
0
0
0
0
0
0
0
2
0
0
1
0
2
0
949
0
0
0
31
0
0
0
0
724
0
0
110
32
0
8
26
0
0
0
0
0
0
0
89
54
0
0
2
9
295
72
0
26
0
4
0
0
0
0
0
0
0
0
0
36
0
0
0
644
0
0
0
0
0
0
0
0
38
0
90
0
30
2
20
0
1
0
0
150
0
0
1
0
10
1
0
0
0
58
6
0
8
0
6
71
0
0
0
11
34
0
58
0
0
2
125
0
14
0
306
0
0
3
0
2
1
0
1
0
68
1
0
0
0
313
0
0
712
318
1
0
21
72
0
0
0
0
0
88
0
0
82
2
83
2
0
0
0
8
1
0
0
2
2
64
0
0
440
0
7
0
0
0
24
0
0
0
0
0
0
0
5
0
3
1
0
5
81
0
32
0
0
134
2
0
0
0
6
210
0
0
9
0
0
0
0
0
2
8
0
0
14
0
0
48
7
0
0
1
57
1
0
0
53
0
0
25
0
0
0
22
0
0
2
0
0
0
0
2
0
0
0
0
0
0
0
2
0
2
0
0
0
0
85
7
0
69
7
3
0
0
0
24
0
0
0
1
0
0
0
0
0
0
0
1
0
0
0
65
1
54
0
0
0
0
83
0
0
0
76
0
0
0
0
0
4
0
3
0
2
4
0
0
2
0
0
0
0
0
0
0
3
0
641
0
0
0
0
0
0
0
0
0
1
0
27
44
0
0
3
0
6
355
0
0
0
0
0
0
3
2
0
0
0
0
0
18
0
335
128
0
0
0
0
0
1
0
0
289
1
0
0
0
0
2
0
0
0
718
25
0
587
0
0
47
0
0
0
0
0
0
0
0
0
0
0
0
4
1
19
0
1
0
1
0
0
1
0
0
0
109
0
0
0
80
18
0
109
0
46
0
0
0
0
0
5
0
0
0
0
0
0
8
4
0
0
0
67
0
2
143
0
1
1
2
0
0
0
0
0
0
0
55
0
2
0
0
84
0
0
0
0
83
0
0
0
0
0
0
0
0
0
0
106
4
0
0
0
237
446
0
0
0
1
8
0
0
0
0
0
0
0
0
3
0
46
2
0
10
0
35
61
1
12
1248
0
0
0
0
358
0
33
0
0
0
0
0
2
0
0
0
199
0
10
0
0
16
0
107
0
0
0
4
4
0
0
0
0
0
0
18
0
12
0
0
0
249
0
0
0
0
0
1
0
0
1363
0
122
7
0
0
0
0
0
0
0
130
0
0
225
0
0
94
15
564
0
0
0
0
2
57
0
0
2
0
316
3
0
0
0
0
1
0
0
2
59
6
0
0
2
0
0
11
0
1
4
36
861
0
0
17
18
962
0
377
0
0
0
102
0
0
5
0
19
0
0
0
0
59
0
0
2
61
0
0
2
0
0
0
1
29
0
0
0
0
20
0
31
1
0
16
0
18
0
0
0
0
0
429
0
0
0
232
0
0
11
0
0
3
0
0
0
1
44
0
0
0
0
62
518
174
0
0
0
0
0
0
0
0
391
2
21
0
0
0
2
0
642
0
294
0
2
8
0
0
4
0
0
1
0
1701
1
0
0
0
0
0
50
0
0
0
28
0
73
3
2
19
1
622
0
0
0
63
0
0
0
0
0
5
0
4
6
0
0
1
1
157
0
0
0
0
562
1
0
0
150
0
1
0
38
274
0
27
2
0
0
0
0
0
0
0
500
0
28
0
0
0
0
0
133
122
0
0
38
0
395
0
3
3
0
2
0
0
43
1
0
0
0
64
8
0
1
0
0
3
1
0
0
48
19
0
0
635
3
138
51
4
2
1
0
0
0
0
0
0
107
1
0
0
20
0
0
0
2
0
0
0
0
0
0
1097
0
8
0
1
0
0
1600
83
15
2
2
1
0
0
15
18
0
30
0
3
0
1
1
0
0
0
1
0
0
0
149
0
0
0
0
641
16
0
0
1
5
0
1
0
0
0
8
7
3
0
0
0
0
123
0
138
8
0
3
0
0
1143
43
0
0
64
152
0
115
39
0
0
43
0
0
0
0
13
26
22
0
0
0
0
0
0
0
0
0
0
1
0
0
164
82
1
646
9
0
0
0
0
58
0
0
0
0
0
0
0
1
0
17
124
7
183
0
0
0
3
1
0
0
0
199
0
0
0
83
0
0
2
0
0
0
0
2
0
0
0
0
2
22
53
0
2
0
0
0
0
146
0
607
0
0
0
0
0
0
0
469
0
0
88
4
0
0
6
0
0
524
0
0
5
0
0
0
0
0
35
83
0
58
0
0
0
3
19
55
0
0
0
0
0
0
0
0
240
227
12
0
183
0
0
0
0
0
1
10
70
827
0
0
0
0
0
0
128
0
2
2
0
0
2
43
0
0
0
0
0
0
0
31
2
0
3
0
140
0
0
0
0
9
9
0
0
0
0
7
0
1
157
0
0
0
7
0
0
9
0
0
0
0
0
19
0
0
0
0
10
0
3
0
2
0
1
0
0
80
0
0
19
33
0
0
0
76
0
1
9
0
0
153
0
0
0
8
207
10
0
0
12
0
4
8
0
6
20
0
0
0
60
0
111
0
0
38
0
166
1
582
117
0
0
1
4
43
0
0
0
0
12
0
0
0
2
0
0
5
0
9
192
340
0
10
0
1
3
0
9
0
0
0
5
0
0
0
0
7
3
498
36
397
0
0
0
76
0
0
7
0
15
6
0
297
494
0
0
0
0
0
1
309
0
20
17
1
1
0
0
19
0
0
0
55
2
0
0
4
0
6
0
26
5
0
0
218
0
0
0
0
7
1
1
3
0
0
1
0
0
0
0
0
0
0
0
11
5
0
0
0
30
128
4
1
0
132
0
0
201
0
0
2
0
296
0
0
0
0
95
644
0
621
0
0
0
0
0
0
0
11
0
6
0
0
2
0
0
0
54
0
10
0
0
1
0
0
0
30
2
68
0
0
0
0
318
0
0
74
0
1
12
17
0
391
44
0
1
0
0
0
0
0
2
346
0
0
0
45
36
0
0
0
1
78
274
10
0
17
18
6
0
1431
7
23
0
1
75
0
284
446
35
166
0
1
15
0
389
0
0
4
0
0
0
0
0
0
0
606
1
0
0
0
6
1
0
0
3
0
106
526
0
6
1
0
0
72
0
0
165
33
0
0
8
0
2
77
0
0
0
0
0
0
0
0
2
0
3
0
13
259
12
11
0
1
0
0
0
20
36
0
1
0
55
16
0
0
6
0
0
0
0
0
0
0
80
270
0
0
0
0
0
0
0
90
201
0
37
73
0
1
0
212
2
0
0
27
0
30
0
128
0
0
0
243
0
0
0
0
0
0
0
0
0
0
0
0
0
3445
112
1
0
2
0
0
0
0
65
199
345
0
0
187
1
11
0
0
0
0
0
1
0
177
1
15
30
68
2
0
28
0
558
0
4
0
0
0
761
2
26
0
1
1074
56
0
0
0
0
0
0
0
276
7
0
103
0
0
1
124
0
1
37
0
0
2
3
0
0
45
0
11
25
1
0
0
0
0
0
140
0
1146
42
0
0
2
0
0
108
815
0
0
0
0
1234
0
0
72
0
0
1
378
0
677
517
2
1
5
0
2
0
0
0
0
0
0
2
1059
0
1
1
31
0
0
0
0
0
2
0
1
2
26
0
394
13
0
0
2
1
8
0
0
0
1
14
208
3
0
0
0
82
0
0
0
0
22
0
4
18
1
0
11
0
2
0
756
2
0
4
0
72
0
252
0
9
0
57
0
0
1
85
1
0
0
0
110
0
31
0
0
0
307
0
0
0
0
0
0
1
320
15
0
331
0
4
264
0
0
1162
0
0
28
6
0
3
0
0
0
0
0
0
0
0
4
0
1
0
0
0
0
2
0
0
0
0
209
0
0
0
111
0
2
0
0
0
3
0
0
0
0
0
13
1
0
0
0
0
0
4
229
0
11
0
0
612
0
0
0
0
153
0
0
0
0
0
4
316
0
3
0
0
0
8
879
15
38
1
439
0
1
7
0
0
0
8
2
34
0
22
0
0
0
0
0
12
0
242
0
0
17
0
0
0
0
0
749
16
1139
0
2
0
0
73
79
0
0
61
580
0
0
0
14
0
0
2
0
0
0
11
0
787
5
11
4
4346
0
6
18
0
0
0
0
0
0
0
0
28
0
50
0
158
0
42
133
0
0
1
49
0
0
0
86
2
0
63
20
0
152
0
0
0
9
0
0
0
2
97
239
0
0
2
0
17
0
0
0
0
0
11
0
16
0
30
0
0
0
0
0
0
21
1
0
0
0
0
15
368
0
0
0
0
0
0
0
0
0
0
11
0
0
0
0
74
0
0
0
0
0
21
1
1
0
1
0
0
0
0
0
0
0
0
0
0
0
0
8
15
0
0
0
0
4
0
0
0
0
0
0
0
0
0
14
0
0
0
0
123
800
0
0
0
5
2
0
0
0
0
0
0
0
0
0
0
0
0
1
0
47
0
311
0
256
0
0
147
0
0
118
0
1
0
0
0
0
885
4
32
0
0
0
1
0
6
0
0
296
0
57
0
0
0
0
0
0
0
589
0
0
0
0
1
0
0
0
0
0
3
0
0
0
0
0
0
5
0
0
0
0
0
0
0
0
0
140
0
1
0
0
0
0
23
0
0
0
0
0
181
0
1123
0
0
0
0
0
0
0
0
0
0
0
30
0
0
0
1
162
0
307
0
0
0
0
0
0
365
1
0
79
0
0
0
4651
1
0
0
0
2
0
120
21
9
99
0
0
16
0
2
145
97
1
0
0
87
0
1
0
0
0
403
0
0
0
0
1
0
297
0
11
0
0
0
405
2
0
24
0
187
0
1305
0
9
0
75
11
0
0
2
3
0
0
0
1
0
0
0
0
0
0
0
1
0
2
0
0
0
2
0
0
376
0
158
0
0
7
2
0
0
0
0
0
137
2
0
0
2
0
0
0
0
0
0
2
1
0
0
0
2
0
0
0
0
0
0
49
1
0
0
1
1
0
265
0
0
0
0
0
0
0
0
0
0
0
0
0
0
0
1
3
1
0
2
2
0
0
0
0
0
0
0
0
0
0
0
0
0
1
0
0
0
6
0
3
0
0
3
0
0
0
0
1
0
0
0
0
0
0
0
0
3
0
1
0
36
0
1
23
0
0
0
14
0
0
0
0
117
345
0
6
0
0
0
35
0
0
174
0
2
0
0
0
0
0
0
0
0
0
0
0
0
152
0
0
0
0
0
0
4
0
206
0
0
25
57
12
0
0
0
0
0
10
0
0
3
0
0
22
0
0
0
0
0
0
737
0
0
0
0
0
0
14
0
10
0
0
0
0
2
0
0
0
0
0
0
306
5
34
0
2
0
0
4
140
0
0
0
0
0
0
0
363
0
0
0
0
0
687
2
3
314
81
0
0
0
1
0
0
11
3
0
0
0
0
0
0
2
0
337
0
0
0
1
0
0
207
0
0
0
0
1
0
2
0
0
26
0
227
0
0
1
256
2
0
0
0
0
0
40
210
1
0
4
0
0
0
0
0
21
0
0
0
0
1
27
0
0
1
0
0
0
0
0
0
0
0
0
1
2761
70
70
0
31
0
0
59
3
0
8
4
19
488
13
0
0
0
4
2
3
0
0
0
0
0
0
14
256
1
1
134
0
673
58
181
1
0
0
0
1
23
0
0
281
6
3
104
5
54
0
0
156
90
55
426
0
2
0
132
8
0
6
14
0
0
18
0
47
85
0
108
0
3
0
51
0
4
0
0
86
0
0
0
596
0
29
0
0
9
3
1
73
0
97
70
265
0
27
0
0
0
0
0
247
19
69
8
31
0
11
0
23
0
5
224
7
1
0
68
0
133
1
1094
131
0
0
1
59
0
0
0
0
0
0
0
0
208
0
229
0
554
1
1
0
0
0
12
30
0
0
0
0
0
0
0
0
76
113
14
0
0
365
0
0
10
0
0
19
0
0
382
0
11
0
0
0
0
6
114
0
0
216
0
10
0
69
0
10
0
83
0
0
35
0
0
317
99
1
1
0
11
0
0
15
0
0
6
0
0
492
0
0
0
0
0
11
0
1
2
0
0
275
587
0
1
188
0
230
1
107
6
38
0
43
0
0
7
316
1
87
2
0
14
236
0
0
0
27
8
32
0
9
0
0
0
0
0
0
265
0
0
0
0
0
0
0
0
0
91
0
0
2
0
0
1
4
0
1667
9
285
0
2
0
1
21
62
0
414
8
0
0
10
0
0
74
0
2874
66
545
0
0
164
43
46
7
11
0
1439
0
233
168
187
0
267
0
43
714
400
1
0
0
0
875
0
1568
0
0
1
0
8
52
11
1
0
0
0
100
3
9
28
20
91
322
2
533
0
7
0
207
45
7
0
134
68
2
349
0
23
19
0
2
0
35
0
0
0
0
0
263
0
0
5
1124
0
0
1
39
0
46
112
35
9
0
48
94
0
0
6
2
0
0
0
6
0
4
1
0
28
0
0
0
433
34
23
0
51
0
0
0
495
0
0
100
6
9
0
0
202
73
5
73
0
0
3
0
213
1
29
1
1
0
0
0
0
3
27
0
201
88
15
0
4
221
134
0
0
160
9
73
0
22
0
268
4
0
31
0
0
0
18
516
0
72
1
8
781
36
37
7
34
0
2690
30
0
13
2
12
451
0
0
75
61
287
0
67
570
0
0
17
45
54
0
236
1
0
0
2
0
0
12
96
0
0
115
0
65
8
0
30
2
0
0
0
0
102
0
59
94
0
1
0
0
0
0
0
575
11
420
833
558
6
2
26
5
0
13
0
0
0
840
784
0
217
0
1
1
807
0
0
99
0
0
0
19
0
10
2
4
0
178
0
42
0
13
0
0
77
0
0
66
3
93
435
19
0
0
38
320
298
6
0
0
0
0
0
445
28
0
1123
0
0
0
42
13
321
7
0
0
0
37
24
201
534
0
0
0
0
0
60
0
0
0
0
0
0
9
0
1064
0
38
152
0
0
0
0
55
185
0
0
0
0
27
0
8
609
2
0
0
0
25
2
25
0
17
0
1
1
53
27
0
0
0
0
625
0
0
88
0
0
0
0
43
0
85
70
0
0
0
0
1
162
0
0
0
1
277
9
0
39
0
10
1
16
73
0
65
0
1
0
0
28
0
7
262
0
3
1
0
0
0
76
0
92
33
1
0
0
130
14
0
3
0
244
137
12
0
0
0
1
0
204
7
2
9
7
3
0
0
0
0
0
117
0
8
1
0
0
0
1
1317
0
46
1
0
0
20
0
2
0
0
686
0
0
0
75
0
71
0
5
0
0
149
0
0
2
0
0
1
2
1
97
0
0
0
473
0
9
3
0
90
0
778
0
0
0
0
1161
93
0
102
34
0
0
6
5
204
0
30
15
0
0
0
0
0
12
10
14
677
116
50
0
1
14
0
18
0
0
273
771
0
68
0
0
0
8
0
9
178
0
0
60
0
236
49
56
0
0
157
320
7
33
0
749
0
16
0
0
0
0
0
7
200
577
77
24
9
0
0
0
1
155
54
0
0
0
413
1
0
50
0
0
98
45
0
157
8
0
498
3
0
61
0
0
0
1
0
916
0
4
0
7
0
1
0
37
0
1
400
0
0
0
1
0
0
32
0
121
30
14
0
0
1
0
0
0
667
178
1
10
35
179
0
21
25
0
0
0
4
1
0
0
6
0
0
0
2
19
0
0
147
9
23
2
0
12
0
1
0
0
0
10
0
0
1
6
0
5
20
3
0
0
0
1
0
0
0
79
5
0
0
6
0
0
0
0
0
11
78
0
0
6
1
630
0
0
13
50
3
22
0
0
0
0
0
0
0
0
4
7
0
14
25
1
0
0
32
0
121
2
0
1
343
55
1
0
5
62
23
0
0
31
633
1
38
0
83
17
1075
176
431
0
3
432
12
0
414
0
0
4
41
0
7
38
0
0
101
0
0
0
7
1
0
54
0
0
0
0
16
0
0
0
0
0
74
99
46
14
0
0
15
166
0
76
162
0
0
0
0
6
0
0
46
1
59
0
0
25
69
309
0
0
0
0
0
1
28
21
1245
0
16
16
6
0
0
0
0
0
28
578
1
0
0
0
0
0
82
87
4
32
0
535
136
0
0
1
221
1970
0
271
0
0
24
200
47
0
4
13
0
0
10
25
3
0
15
0
0
7
0
7
262
142
315
0
0
140
11
1
0
21
0
0
40
0
0
0
5
75
30
0
0
0
2
11
327
0
1
0
3
0
1
268
0
0
187
393
634
548
1
0
103
3
31
0
10
0
138
6
0
0
0
0
4
0
6
1
0
0
45
11
262
0
6
0
42
7
1
892
0
1933
0
0
0
67
59
31
0
529
0
0
42
67
423
20
1
608
26
24
0
43
17
467
12
2
0
0
0
9
781
0
99
0
27
14
5
0
19
156
0
116
9
557
294
13
5
0
19
0
0
3
0
429
294
301
21
70
0
112
0
63
0
5
135
85
0
0
0
216
0
1
0
31
9
102
0
680
0
0
3
0
13
63
0
187
55
11
7
350
120
71
24
10
1
200
0
0
0
288
0
0
35
0
0
0
94
0
0
2
0
0
0
33
789
23
1
462
244
0
539
0
0
0
0
0
307
94
0
91
11
0
0
0
0
0
28
16
31
0
59
0
0
0
1
7
0
277
0
0
345
0
0
0
25
0
1
0
19
34
1
0
0
1
106
0
0
317
0
6
0
13
0
0
49
0
52
0
4
87
0
3
2
9
0
375
15
183
0
0
459
159
0
52
22
0
0
0
0
32
14
3
0
0
0
0
34
3
63
0
74
1
26
13
34
0
22
0
0
4
0
15
41
7
99
734
542
35
101
0
6
0
24
0
151
2
0
0
0
598
7
16
213
61
396
203
0
0
9
0
118
0
18
0
0
382
46
8
0
85
27
0
2
0
78
77
147
0
0
0
0
73
1
0
0
345
32
0
9
63
0
138
0
30
14
8
0
21
2
0
168
305
0
22
0
68
0
1
0
3
0
231
0
0
0
3
0
0
0
4
0
5
0
0
0
15
509
159
285
1
0
0
0
58
63
0
0
0
0
0
143
112
0
0
0
36
0
0
0
0
21
3
0
0
0
0
6
0
0
10
0
1
19
30
13
3
0
0
8
88
20
0
29
0
168
0
0
0
0
3
108
1
205
0
128
2
115
15
1
541
322
191
0
0
20
0
0
0
40
0
9
12
3
1
27
55
11
2
8
197
1
43
0
35
778
0
0
0
24
8
16
57
25
49
47
18
7
0
1
15
0
418
2
0
0
17
0
0
17
0
0
78
26
97
3
6
0
0
0
37
70
6
143
0
0
165
1
560
0
0
5
505
0
0
23
0
0
0
35
0
0
236
2
0
0
0
0
19
0
0
0
0
0
2254
9
44
0
0
0
0
177
13
110
112
111
846
79
0
39
0
297
32
0
394
0
115
0
44
1
114
0
53
0
0
0
0
1
8
2
0
2
32
0
0
0
0
115
20
11
314
1
0
0
115
0
0
0
1
19
0
160
1006
0
186
0
0
35
68
17
0
0
23
8
0
0
0
130
0
0
0
57
0
1
0
1
1
0
5
105
49
74
0
6
454
0
0
3
6
1
618
0
0
1
92
0
237
73
9
0
10
1
2
0
0
0
0
219
31
399
0
154
0
0
13
837
7
36
0
0
13
0
11
0
0
0
0
247
0
2
53
1
0
0
0
0
5
1
2
62
0
0
30
0
491
0
0
0
0
303
0
162
65
0
0
3
0
0
0
411
0
0
0
0
0
0
0
1
0
27
2
0
0
3
0
168
3
0
58
0
31
25
2
49
0
0
0
0
0
59
0
0
0
0
0
0
1
2
8
0
422
0
0
734
0
0
0
95
0
0
10
360
26
153
0
14
46
0
0
1
0
2
0
4
69
4
4
0
0
0
1
0
0
0
6
0
1259
1
18
232
2
0
0
0
15
0
1
267
0
0
642
0
0
0
0
185
2
0
0
0
5
2
34
13
0
3
2
5
0
0
356
0
69
0
1
30
0
0
0
53
3
8
13
47
204
2
19
2
108
9
0
9
0
0
0
0
0
0
0
0
503
1
0
0
0
3
57
0
0
3
241
0
0
0
0
180
3
0
0
0
194
498
0
22
0
0
35
85
40
215
1
1
0
0
19
0
2
386
6
78
28
0
356
298
0
0
0
10
0
2
1
32
319
0
0
0
0
0
1
121
2
1
0
0
0
335
9
0
232
231
80
124
0
14
5
6
8
11
0
74
132
0
51
35
110
432
1
0
325
0
12
1
0
0
0
465
0
666
1
85
522
12
68
0
0
0
1
11
0
30
0
0
0
35
1954
0
393
142
3
0
15
0
69
0
1
0
0
1
0
226
3
0
0
0
0
0
51
0
11
47
0
827
0
1
0
1
110
29
0
97
0
0
1
0
0
0
0
0
0
0
123
0
67
0
19
9
107
94
1
76
0
0
0
0
5
0
47
1
1
41
58
0
0
64
0
0
0
0
2
4
1
170
70
0
21
86
0
0
71
622
0
0
0
3
0
0
11
453
35
8
0
0
0
1
0
8
85
567
0
212
25
311
11
1
0
0
2
0
1
235
1254
0
0
0
0
0
182
355
42
3
0
1
1
18
274
0
6648
0
2
669
340
0
0
0
0
0
0
10
36
0
0
7
0
0
164
0
0
81
31
0
368
0
196
0
73
0
1
0
0
0
0
216
1545
0
264
0
214
30
94
418
0
0
0
0
86
162
0
33
158
11
1
7
6
285
142
0
0
0
51
2
0
0
0
0
0
0
12
0
0
13
1
6
4
0
0
913
1
0
0
340
1
37
0
127
0
0
12
954
0
0
0
333
115
1
0
0
2
0
21
246
1125
0
0
73
0
402
6
5184
0
0
331
0
0
0
2
0
0
0
10
0
106
0
401
167
0
15
9
31
0
100
1
85
553
2105
4
140
421
0
0
0
37
0
56
6
0
1
0
0
0
256
0
6
0
0
3
49
0
0
59
15
18
7
13
65
78
0
3
1
0
0
451
3
277
23
12
0
1
0
376
0
2
136
0
0
0
0
1031
1
49
0
0
81
0
0
0
0
68
0
17
0
211
1
0
19
0
10
0
0
1
108
0
1
231
193
0
1
10
23
88
3
1
0
1
63
0
40
0
0
3
13
0
0
417
107
0
11
527
18
77
361
149
0
2
0
0
0
1
0
288
152
0
3
0
0
19
200
8
0
19
3
1280
2
2
0
0
176
83
58
0
506
17
0
1
137
3
0
0
1
0
9
267
72
79
9
306
0
0
0
0
0
0
389
0
9
139
307
6
2
74
0
0
2
337
129
192
0
1
0
0
114
0
2
421
0
0
1
272
0
0
0
6
2
852
601
0
1
15
133
0
0
0
0
0
8
587
479
1
272
0
9
0
1
53
0
4
0
0
0
16
6
0
0
0
0
10
73
0
0
0
0
57
0
0
0
1
0
7
1111
58
0
0
133
0
220
95
24
0
78
18
0
0
0
0
139
18
0
12
210
677
0
0
0
0
0
0
0
0
0
0
4
0
46
0
773
0
0
0
449
0
0
47
0
18
0
0
0
0
0
251
203
2
521
0
0
31
0
8
0
0
0
0
31
0
0
2
5
0
2
648
30
1
63
0
0
0
16
0
120
45
0
8
362
1
0
0
149
1
0
8
10
1
491
4
0
364
16
1
0
0
0
4
0
0
5
22
1
0
0
0
0
0
0
0
0
0
0
6
175
0
0
7
0
0
4
1
0
0
74
16
11
0
436
0
2
770
0
40
0
0
37
1
0
0
34
12
0
5
687
0
45
0
0
70
3
0
145
0
273
0
0
1
7
476
0
0
0
0
0
62
170
12
2
0
0
40
192
397
2
30
6
0
21
13
4
0
39
61
0
2
23
10
0
0
0
102
0
0
0
1
22
0
181
0
0
25
23
1123
61
17
131
0
0
71
677
1
0
710
0
0
0
36
48
0
0
28
0
0
6
16
0
40
0
22
0
1
0
15
0
0
1
0
519
0
1
0
16
0
0
21
16
0
0
0
0
35
0
8
0
2
61
23
3
0
0
399
0
60
25
0
0
46
0
1
0
22
60
2
3
3
17
0
243
0
0
1
132
805
0
0
91
0
66
0
0
0
0
462
1
0
0
2
32
38
7
42
25
1
355
0
0
0
166
122
33
0
21
26
1
22
0
0
39
0
2
0
69
322
0
0
0
109
3
703
0
0
191
0
0
0
0
3
2
0
3
5
12
588
0
16
4
0
327
4
0
0
65
0
0
0
0
434
0
540
794
116
103
0
0
75
1471
0
0
0
24
0
0
2
0
78
0
236
14
0
118
427
0
1
2
0
7
0
145
2
0
80
0
0
425
0
8
0
34
410
0
0
0
75
1
0
40
271
0
0
0
0
203
283
30
12
0
0
0
2
1
1
0
0
37
0
0
10
11
13
460
182
0
2
111
0
0
0
0
0
0
0
0
0
835
7
68
0
2172
0
521
0
0
0
192
3
0
0
1
12
27
15
95
35
17
59
0
77
0
74
8
3
0
0
0
91
2
0
206
7
131
0
0
0
0
11
27
226
0
0
0
0
0
1026
0
108
102
56
56
83
5
10
0
121
17
0
141
0
0
0
0
73
0
0
6
3
49
0
0
4
22
0
0
7
0
277
0
0
0
14
0
0
0
0
399
0
0
0
65
0
9
35
0
6
1
87
0
0
0
200
0
0
4
227
26
26
46
0
5
312
0
1
362
0
0
0
218
0
0
11
59
0
0
0
0
0
118
28
528
47
0
0
0
0
122
0
25
0
283
92
0
338
2
203
90
30
12
145
1
0
40
195
0
432
0
14
0
46
0
1
0
0
511
0
0
0
22
0
992
0
18
0
10
0
35
0
6
3
69
0
3
83
0
0
1
3
204
0
10
209
1
0
2
242
59
85
27
0
1
0
11
62
83
0
0
68
2
3
0
3
0
0
207
1
0
27
5
33
0
0
0
0
136
0
56
0
24
41
19
0
0
0
8
1
77
0
53
1
6
0
0
59
0
54
191
0
209
101
0
31
0
57
49
1
19
0
25
2
116
27
20
1
7
186
8
16
0
9
0
55
228
779
46
0
0
0
0
0
230
213
1
31
2
84
0
37
1
0
0
0
28
0
37
0
16
19
55
11
0
4
44
92
0
99
0
0
0
21
10
0
0
0
1
0
99
118
0
63
31
1162
9
305
0
23
25
0
0
0
0
18
0
0
0
0
0
4
36
2
0
0
13
5
110
0
83
15
296
18
0
1250
33
84
5
1
0
0
1
1
329
0
63
29
6
0
19
0
0
0
26
1
15
0
0
1
49
72
713
17
11
56
0
4
15
10
0
0
186
0
0
40
250
1
0
0
334
0
445
0
0
0
13
106
13
0
115
65
0
5
1
0
0
447
4
34
522
255
0
54
0
0
69
30
500
189
0
0
0
13
1
98
78
49
15
4
0
2
0
96
685
0
3
24
20
0
0
0
0
188
0
546
627
217
2
0
445
0
760
0
1
5784
0
0
0
0
33
8
16
0
0
32
0
116
87
0
220
17
121
5
0
322
0
3
173
364
2
0
1
96
1
152
0
0
0
0
2
0
0
0
0
0
30
0
0
0
49
0
122
0
0
174
0
317
65
0
40
0
6
104
0
0
57
20
1923
0
0
0
405
210
3
0
41
6
0
724
25
137
0
0
0
0
4
104
12
0
11
0
2
0
5
0
1878
7
0
0
1
76
7
1
0
0
0
3
13
0
4
156
0
4
32
0
3
0
668
0
80
111
0
0
1
0
0
215
0
0
4
0
43
0
486
1
2
0
1899
36
85
0
0
0
51
51
32
0
7
0
7
0
2
298
28
758
2
0
0
210
15
0
107
122
0
114
0
0
0
0
0
43
106
17
2579
311
0
0
0
0
205
0
0
0
264
0
0
531
25
0
5161
34
243
58
1
3
0
0
0
78
35
27
0
2
80
144
27
4
1
214
0
7
51
10
3
3
0
0
0
25
0
0
1
1
0
443
0
3
0
0
0
0
17
1
0
0
61
0
775
0
1
0
0
586
1
1
0
16
0
47
0
101
184
0
0
0
0
0
0
0
0
0
0
0
0
0
0
0
0
0
0
7
0
0
0
0
285
0
1
0
0
0
17
10
1
3
1
90
26
0
632
2
0
0
0
0
2
3
0
0
0
119
1
1
0
0
3
2
54
132
1
0
0
0
1
10
4
5
0
33
127
26
0
0
0
315
0
0
16
67
0
0
15
34
0
0
99
27
7
5
0
0
774
166
0
1
110
0
42
0
78
49
0
0
76
14
639
93
0
29
2
0
0
4
0
277
0
1
0
0
0
0
0
0
0
145
19
101
1
1
0
0
3
2
15
236
0
9
45
389
0
0
178
0
0
0
226
1
0
2
142
2
0
0
0
0
377
0
0
2
0
399
0
0
0
6
0
3
4
0
0
0
0
4
0
3
0
59
0
774
0
0
378
16
0
98
0
91
295
9
57
0
1
13
0
793
0
0
0
0
32
12
1
14
0
0
0
24
1
0
0
0
227
237
144
1
29
1
44
0
3
0
0
0
0
0
1187
9
4
19
0
0
0
0
0
0
33
1
0
176
52
231
110
2
52
0
0
0
31
0
389
0
1
183
0
0
0
2
0
2
0
0
244
0
0
0
0
0
576
0
4
0
1
348
0
0
0
8
3
0
18
0
2
0
81
82
0
0
7
268
0
0
1
0
170
39
158
2
20
11
3135
0
0
143
0
1
0
0
0
4
1
1
55
7
0
3
0
0
230
1
0
20
1094
0
132
45
60
1
0
134
3
0
16
0
137
573
0
40
0
0
0
2
1
0
2
7
185
0
0
0
0
0
0
0
124
19
205
0
0
0
21
13
855
0
33
0
0
0
2
2
0
0
0
0
556
154
0
0
0
0
1
0
41
145
0
240
0
0
0
10
0
5
8
0
0
0
0
164
1
91
31
0
87
50
0
683
0
0
15
0
113
0
180
1
55
24
0
0
0
8
0
0
3
0
6
0
0
0
0
22
5
86
590
0
213
0
474
0
250
3
1
9
5
21
225
0
127
69
17
0
3
66
1
5
0
0
27
33
36
17
4
0
5
0
1
0
12
0
0
63
1
0
358
0
1
1
1
0
0
0
0
0
19
2
30
3190
127
0
24
0
1
0
44
0
2
0
0
0
0
21
0
0
0
0
4
48
229
10
10
0
11
0
236
0
0
0
1
0
0
0
6
0
0
7
109
270
0
883
0
18
137
776
253
4
0
0
0
7
88
179
0
0
0
0
0
57
0
0
0
0
0
50
90
26
2113
0
0
30
96
419
0
0
9
2
100
0
63
0
524
1
0
23
1
0
0
13
0
125
9
249
17
137
0
275
2174
233
0
13
1
5
0
0
5
0
44
0
0
0
75
0
94
0
0
1
540
211
33
0
0
0
0
0
2
42
0
26
87
0
0
4
539
19
32
7
3
0
0
0
930
0
38
0
9
511
0
0
2343
0
135
2
199
0
0
5
0
0
1487
0
971
0
0
0
650
0
1
0
141
0
32
868
0
2
2
9
1027
0
0
0
80
0
0
1
0
0
0
79
0
0
19
29
49
3
0
0
115
291
7
1
0
0
2
0
0
190
2
2276
0
0
5
9
0
0
1
11
0
0
0
774
0
479
0
0
283
0
0
0
5
19
92
0
0
10
0
223
0
5
0
90
4
91
0
169
0
0
0
0
0
0
0
23
0
0
73
0
19
2
618
0
0
0
73
7
4
79
3
0
14
0
43
26
0
3
0
0
4
394
12
2
0
0
2
0
0
0
0
0
119
133
0
79
162
10
0
99
0
134
0
31
0
20
0
0
0
0
29
0
0
3
25
1
22
302
0
0
3
30
98
7
8
0
449
8
26
0
0
0
0
0
16
8
274
0
0
0
0
74
0
0
8
0
18
14
0
1
0
23
4
0
978
27
0
91
116
1
0
26
39
0
1436
964
18
64
21
438
75
0
0
21
0
22
317
0
65
0
0
1
12
0
0
0
2
0
3
34
0
0
0
4
0
0
0
0
0
0
1
176
0
24
4
19
0
0
0
0
0
0
0
0
0
214
0
1381
4
2
8
0
271
1
0
0
0
0
0
0
13
0
0
246
0
0
2
0
0
81
0
401
46
0
0
29
0
0
2
11
0
0
3
1
0
0
65
4
0
0
0
4
16
28
2
8
0
40
2
0
52
3
0
1
28
10
0
0
0
0
32
161
0
20
0
0
0
52
1
0
5
0
117
0
6
259
0
0
0
6
0
1
261
0
2
2
1
0
0
0
535
847
0
19
0
0
26
196
0
0
0
0
29
233
0
208
561
0
0
0
1
0
65
0
0
4
5
0
0
39
0
22
1
509
0
0
0
1
186
0
0
0
0
0
0
0
247
32
1
0
28
0
86
0
0
358
0
0
83
10
193
78
2
0
91
1
0
1
55
22
2
4
0
11
27
99
0
0
0
0
1
0
1
0
0
128
2
0
25
53
0
0
43
0
154
44
32
0
0
0
0
3
0
487
1
118
1
30
0
0
184
0
0
0
0
251
2
24
16
86
2
816
2
0
74
150
115
118
90
0
1
112
0
772
0
43
4
62
3
0
50
76
0
0
168
0
125
5
0
0
1
0
0
10
1
130
0
3
0
3
3
9
0
0
285
0
3
107
0
224
49
0
343
1196
0
0
1
0
1
565
135
0
0
1
0
0
0
0
0
293
47
0
0
6
0
379
0
90
9
0
0
28
0
0
0
107
0
71
33
2
0
3
201
1
462
0
68
1480
1644
6
46
0
0
12
72
12
0
349
31
28
3
0
23
93
20
0
292
0
0
101
0
2
0
0
7
0
9
2
0
0
3
50
0
3
0
17
0
8
0
65
0
95
0
13
196
0
2
120
2
0
2
16
102
1
4
0
0
0
86
0
1
4
6
1
0
0
0
25
45
169
15
2
0
0
0
2
0
0
848
0
0
0
0
459
1
0
0
25
0
0
6
0
99
0
14
0
2
0
13
24
7
0
0
388
58
0
3
0
0
0
0
5
100
39
0
999
0
41
124
0
0
47
0
25
29
0
0
0
1
0
5
0
17
1
36
69
5
0
11
81
0
8
0
0
0
0
94
0
0
1
0
43
0
0
18
78
0
119
0
6
30
0
479
0
0
0
235
42
19
0
0
2
0
9
1
275
0
400
66
0
45
58
23
338
0
20
71
16
0
0
247
34
0
194
10
0
195
0
3
0
1826
0
6
0
22
0
0
3
0
221
17
0
0
187
0
0
0
27
438
0
0
0
0
203
1
0
30
2
0
0
0
0
0
48
0
6
230
0
0
318
0
0
166
0
793
0
216
16
0
0
18
2
71
231
0
52
50
0
2
261
47
3
0
0
0
0
0
183
77
2
0
0
43
330
53
8
906
0
0
0
0
4
1417
2
78
123
1
16
151
4
587
56
1
0
81
148
0
0
0
0
0
0
0
76
425
121
904
5
905
223
194
3
110
0
2
0
0
0
190
0
4
0
284
14
0
0
0
42
21
0
0
4
39
1146
221
39
0
0
9
106
0
0
0
0
0
0
14
0
293
109
0
0
0
17
24
10
4
0
0
4
0
1
214
1
8
27
16
0
32
0
2
278
0
869
0
4
65
18
624
3
3
18
0
4
0
0
0
0
0
0
1
20
538
0
30
3
0
2
10
0
0
27
90
14
0
0
3
0
4
0
70
37
16
69
57
124
2
1
2
0
1
0
163
33
158
0
0
55
0
69
0
223
0
461
35
0
0
0
12
20
16
18
0
2300
19
3
0
3
0
0
9
317
4
0
0
0
26
214
2
1
25
5
488
1
613
404
9
71
281
52
3
81
16
66
0
291
543
132
11
394
0
0
3
204
7
3
0
1
209
197
638
1804
0
107
0
501
0
0
0
1
0
0
0
26
0
0
0
2282
247
90
0
372
175
2
14
32
0
883
2
0
0
2
0
12
21
33
0
0
414
0
27
2
38
0
0
227
629
0
19
3
0
606
1
404
0
0
126
45
18
22
0
0
0
0
0
0
2
23
124
14
0
0
6
322
853
0
4
4
22
8
45
3
508
0
0
103
0
0
0
0
0
0
282
0
0
0
5
62
0
0
0
1035
0
67
109
106
70
0
0
141
0
0
0
52
0
53
0
11
0
774
2169
4
201
2
4
1
187
93
121
3
175
0
0
1
0
54
0
2
0
0
1
1
1
43
22
130
31
47
137
15
6146
526
31
0
48
0
0
0
0
0
0
38
0
0
0
0
45
117
36
2
1
14
20
0
115
25
467
0
16
3
17
0
14
0
4
0
2
7
187
0
14
0
10
343
0
0
0
5
0
310
636
0
0
0
214
4
40
281
59
363
253
0
67
0
110
0
0
1
0
44
0
72
0
0
337
0
0
0
0
0
0
0
2
517
11
32
257
0
6
8
0
260
0
0
1
0
14
0
0
22
2
0
0
82
70
135
0
0
546
1
0
225
0
0
0
0
0
0
1
0
44
0
1
0
6
0
55
0
0
0
0
0
0
0
1
0
72
2
0
1
3
14
0
31
2
0
0
0
0
4
0
482
4
0
160
0
0
35
2
0
4
358
0
0
189
0
0
0
0
0
1
193
7
32
0
162
58
1
2
11
0
0
0
0
0
0
20
0
0
0
28
0
0
89
54
47
1
2
280
495
0
0
5
0
385
0
3
0
49
106
796
0
0
27
0
0
0
30
7
11
0
0
0
0
0
152
0
0
339
0
220
0
196
1
17
40
14
33
472
2
744
9
0
0
0
115
0
0
113
0
34
0
0
5
0
485
1
0
8
0
0
4
0
29
0
0
374
0
0
0
0
0
0
2
102
63
34
0
0
29
2538
414
0
14
0
0
0
2
0
0
2
1
27
19
18
51
1268
0
0
0
515
0
11
0
0
0
0
476
185
2
11
0
124
0
0
7
115
2
0
0
1
4
106
0
0
7
0
0
8
0
6
0
0
585
6
43
0
2
0
0
2
1
0
0
9
0
0
0
0
29
2
0
122
0
0
0
0
0
0
0
0
0
0
0
0
1493
0
0
0
40
0
54
34
70
0
0
8297
0
0
0
133
6
0
1
0
0
0
0
0
0
0
171
1
0
0
15
0
0
0
0
0
0
0
0
0
0
46
0
0
0
2
1
1433
16
38
0
5
0
0
2
0
0
1966
449
174
73
5
0
0
80
0
86
22
280
329
22
435
360
375
0
153
76
0
8
0
0
4
0
0
270
0
0
0
3
18
15
301
0
263
2
114
0
0
0
0
10
44
6
0
0
2
54
13
20
7
75
0
2
26
20
0
0
0
0
0
2
0
0
0
0
0
0
0
0
83
30
0
0
0
1015
0
0
0
1692
139
0
153
0
0
0
0
0
314
0
0
605
7
0
377
0
0
56
24
0
0
0
0
0
258
0
0
1
1
0
0
355
184
0
0
1
0
1
4
0
0
0
68
1
0
1
27
0
0
0
1
498
1
0
301
0
0
0
173
0
2
118
0
0
38
0
0
0
0
95
0
1
0
47
4
0
0
8
0
0
39
1
0
0
0
1
57
0
40
0
1
1
0
585
0
728
0
0
6
0
0
0
0
0
150
408
0
0
0
20
0
147
1
0
0
40
65
4
2
0
200
0
0
123
33
0
0
4
0
0
1124
0
0
0
789
0
0
8
57
0
73
1264
3
0
0
7
0
2
0
0
0
0
0
94
62
0
0
0
0
0
0
1
3
0
0
426
0
44
0
21
4
0
0
0
0
0
0
0
0
0
0
0
2
0
0
0
0
0
1
340
0
62
0
0
0
51
0
2
3
786
0
1724
0
465
0
2
0
0
0
17
0
3
0
0
0
0
0
0
11
0
0
0
0
612
13
0
0
206
2
1
0
0
0
1
0
3
0
0
49
0
165
38
1
0
0
11
0
30
0
1
3
49
0
0
0
1
0
1
0
0
0
0
0
0
0
0
0
15
3
29
184
14
0
0
0
0
4
0
0
2
403
0
0
0
19
19
0
9
0
0
0
0
0
78
3
0
0
0
0
1057
144
0
181
1
0
0
0
0
0
1
0
30
359
11
137
0
3
0
338
470
0
8
110
0
1
0
0
0
1
1121
0
0
0
1
2
872
0
312
11
0
6
0
374
2
0
0
2
0
232
0
0
0
0
0
0
16
0
0
2
357
146
0
0
3
756
3
4
161
0
745
2
0
0
0
2
0
2
23
0
0
0
0
0
0
0
0
0
75
0
34
0
27
556
1
696
0
10
0
0
4
12
0
0
4007
0
0
0
0
0
0
0
0
0
22
0
2
0
0
0
317
1
182
0
0
9
0
377
93
0
358
0
0
472
0
13
1
0
0
0
831
0
0
0
0
0
0
1231
25
0
25
13
0
0
0
0
0
44
0
66
0
1
7
0
125
4
1
166
0
0
0
0
0
0
0
0
6
244
3
0
0
0
0
0
0
0
0
15
104
0
0
0
0
275
0
0
1
4
0
133
0
0
0
0
0
0
4
0
0
0
0
0
0
6
369
2124
184
0
0
0
0
220
0
0
3
0
0
0
0
0
0
49
0
152
9
0
0
51
0
0
0
0
979
0
0
170
0
0
11
85
0
0
61
3
7
1
13
500
255
18
4
0
23
0
41
0
14
0
10
1
103
0
430
0
0
262
2
258
211
30
0
3
0
268
3
0
198
71
0
225
0
0
0
42
0
462
0
0
0
0
0
743
1012
585
0
0
2
0
0
0
457
123
106
0
206
4
0
1
14
67
4
0
49
0
6
43
24
0
9
59
14
0
0
0
99
14
45
564
50
60
127
0
0
8
124
0
80
0
0
38
0
16
2
0
91
5
0
1
0
2
38
0
50
1217
0
0
1618
0
0
81
1468
0
10
53
0
0
4
16
2
0
0
0
0
2
0
1
30
19
2413
201
0
497
4
87
686
12
0
35
1
0
0
8
0
89
8
62
13
0
0
23
126
406
0
0
587
0
22
0
40
0
63
114
99
11
0
55
0
171
0
1
0
0
96
0
15
37
202
48
0
9
182
16
157
323
53
0
1
100
471
3715
0
0
21304
68
238
0
3
1
0
133
211
0
36
28
341
0
0
0
325
0
233
0
1
1459
8
121
1500
0
0
11
957
0
8
60
127
130
185
405
0
3
272
90
18
0
95
20
0
108
650
0
1
0
122
0
0
0
0
0
0
11
0
0
11
374
28
292
119
178
751
0
19
127
0
33
1
668
1
183
8
256
0
1
0
84
0
1186
485
2683
1
0
99
139
0
169
91
0
0
2
13
0
637
1
67
0
85
404
16
1
0
8
270
0
0
7
157
0
136
0
2
10
0
17
43
0
192
0
468
25
3
96
22
0
703
0
707
2
156
0
1
0
6
268
252
17
0
3
581
0
397
0
0
243
267
22
0
1
79
174
0
151
0
6
0
147
92
0
0
3125
0
1
299
9
68
65
154
2
7
38
18
7
128
0
65
91
2
113
645
139
74
8
510
81
2
480
9
0
135
0
4
27
24
6
0
109
65
652
14
0
0
0
0
599
146
337
146
510
3
33
2
0
0
55
358
50
1
0
51
24
0
5
33
159
709
4
7
214
0
182
11
66
33
0
0
29
16
300
0
1
58
3
13
210
25
0
50
0
94
14
3
1
0
18
19
220
0
0
0
0
9
12
10
297
11
0
0
29
7
0
0
126
1908
11
1
0
0
54
569
49
123
2074
228
22
0
0
40
28
0
300
5
95
69
44
22
4
0
5
294
29
0
22
8
0
213
0
4577
0
77
34
0
1
89
4
0
0
36
0
7
75
18
0
239
5
3
9
3
17
197
0
0
43
469
0
0
46
37
2
0
296
569
0
4
21
1
0
0
663
19
14
0
6
0
0
0
171
49
209
0
42
1
3
7
2647
0
1
2
11
510
4
0
0
0
14
160
0
151
122
0
0
566
738
0
0
10
10
0
0
24
0
1284
62
432
596
0
4
0
687
0
0
0
20
13
5
144
0
0
73
0
1
12
327
176
147
251
128
0
1
2
0
149
0
0
326
57
0
149
0
1
0
392
395
1201
264
6
273
12
7
643
1
0
0
21
0
325
191
86
25
493
23
0
230
2
0
34
0
1039
0
24
55
222
39
318
4
0
2949
1
0
0
35
0
0
965
0
104
338
352
1
98
0
106
30
2
66
4
99
3169
0
0
0
448
0
211
12
133
0
21
67
3
74
0
4
0
0
0
832
0
96
1
0
0
6
44
161
563
0
5
0
0
0
0
4
0
0
766
510
4
0
16
0
0
112
1
0
11
0
0
0
76
8
527
176
0
12
0
24
109
148
21
0
0
78
1
0
7
4
1784
18
2
0
314
10
0
422
0
104
0
2391
219
3
12
2
0
281
0
0
0
23
50
64
0
0
123
159
27
0
137
145
1
0
0
2192
18
11
53
331
19
57
1
86
0
74
0
0
0
0
110
192
0
444
178
0
11
0
0
0
256
466
1
90
0
1
132
146
70
0
161
1
117
74
75
0
14
15
0
6
6
0
0
0
2207
30
4
0
0
0
0
847
79
152
104
0
2
18
43
9
120
5
0
4
1
0
0
0
515
0
1
27
3
47
113
432
0
0
151
0
1389
9
197
0
72
0
68
15
170
0
98
31
107
1
5
0
817
156
36
0
526
381
0
203
0
24
0
0
0
1
423
64
0
376
0
2
60
1
1
0
691
52
1
3
0
69
537
90
0
0
1
29
0
0
2
146
7
0
0
6
5
68
0
1
0
268
0
4
0
895
0
22
7
17
0
0
6
382
0
0
249
0
0
0
0
0
25
20
2
5
26
0
0
20
0
1
11
3
0
2
66
25
600
0
5
4
11
14
2
3
0
0
0
6
7
0
19
19
0
0
1
0
0
0
0
22
0
1
35
0
0
77
0
0
1
0
19
0
4
4
8
24
9
0
0
3
0
10
1005
0
1
0
0
25
18
43
17
0
0
86
195
2
1014
179
5
121
5
79
1
132
11
9
91
2015
9
0
0
122
0
0
692
10
153
0
2
38
0
64
295
2
329
4
141
5
0
69
55
28
0
0
34
1071
15
3
80
20
0
925
6
570
1885
0
0
122
47
0
4
37
272
25
20
66
705
16
101
32
1
122
223
216
10
0
0
419
1
1
1
3
0
2
0
0
8
0
31
63
9
214
18
55
0
5
106
44
43
0
0
15
623
6
127
0
36
7
0
15
292
1
81
3
0
0
5
661
0
0
562
1
2
16
0
0
41
12
1169
0
461
0
119
237
36
0
1
0
2
0
1289
0
0
5
0
527
0
0
911
287
8
0
77
5
23
249
70
4
34
133
0
5
274
20
1
0
0
0
0
27
177
0
90
160
0
0
264
1544
54
1738
0
14
0
568
3
173
6
0
10
9
14
1
0
0
0
18
0
52
20
148
0
444
58
300
789
138
428
0
0
1184
0
0
0
5
203
314
1
0
0
4
4
0
0
0
0
0
0
0
1
7
15
67
83
89
2
9
1
122
0
0
0
0
8
0
39
0
85
0
2
0
7
0
0
13
248
3
0
0
1
1
1156
145
0
0
0
2
119
0
1
0
443
0
1
36
420
0
782
14
0
7
0
57
0
27
0
0
0
0
10
65
23
3
0
28
9
2
141
0
45
0
2
1
5
348
9
0
28
0
0
53
0
94
120
394
0
0
0
51
405
0
11
0
0
3
0
67
0
2
164
0
0
0
0
0
174
0
4
203
152
35
0
59
99
199
1
3
10
252
25
122
0
2
0
0
9
75
62
487
0
3
0
0
22
0
0
0
0
0
0
0
0
186
27
0
1
35
200
0
18
9
2
8
0
119
0
214
0
141
83
0
5
7
0
0
0
0
22
0
0
5
63
51
0
2
31
165
5
43
1
50
1
0
0
0
1
0
2
18
0
2
6
0
0
0
35
0
7
8
0
0
46
0
12
0
5
2
108
17
0
307
0
0
33
2
11
0
11
0
2
0
3
4
7
0
13
59
0
1
2
40
92
94
233
0
0
28
0
25
0
2074
0
95
75
817
0
0
1156
348
0
0
0
601
0
0
2
30
2
0
0
18
0
111
0
14
405
66
543
0
1
3171
72
0
12
0
42
21
0
0
439
0
1302
0
0
271
0
28
0
3
329
0
0
72
0
196
2
5
15
75
10
27
0
0
312
80
1
0
163
4
138
4
87
21
235
3
1
0
0
0
2
0
251
0
0
314
414
2
0
491
0
0
0
1
0
0
0
519
9
264
13
172
563
9
127
0
127
1
24
483
2
0
19
31
9
0
226
0
37
5
1
6
611
0
3079
0
509
37
3
457
0
0
267
0
245
601
0
7
110
321
85
49
0
0
0
31
229
0
3
0
14
209
6
0
0
0
8
454
0
63
897
55
398
67
17
867
29
7
3
150
954
0
0
545
399
89
0
463
267
67
0
1
0
0
1193
1297
359
13
209
0
74
11
1
0
575
4
48
0
234
119
0
24
9
10
378
111
52
108
0
2
73
9
2
0
0
226
0
60
328
23
0
0
0
42
263
1
41
0
1
376
0
690
54
4
0
0
818
0
136
499
10
0
68
466
149
309
71
1
0
0
966
0
1108
34
0
0
0
0
1321
0
911
67
1488
44
383
245
164
0
222
1
0
0
0
11
101
130
153
0
14
22
15
338
0
0
403
20
0
1
72
124
29
190
0
0
10
1833
0
0
6
10
30
0
277
255
8
32
101
1
77
19
0
0
3
81
288
0
0
0
0
59
0
14
10
45
0
241
0
12
0
1
0
0
13
0
98
6
8
0
65
0
68
0
2
72
28
13
31
11
750
0
3
0
0
102
129
31
570
7
0
0
189
2
19
0
232
209
2
0
202
59
1
100
93
196
4
88
1
0
1
0
4
7
173
512
25
8
1
217
289
6
69
0
16
24
175
186
311
441
1409
0
196
165
0
0
0
38
43
0
277
0
71
226
81
0
71
0
114
521
866
431
0
997
920
0
0
0
0
245
0
0
0
153
2
0
0
0
0
0
2
0
3
61
1938
55
53
12
41
1585
2
1421
0
0
174
0
4
3
0
0
342
17
6
301
1468
0
24
3
0
196
162
2
0
15
0
1
38
0
79
0
129
25
230
17
0
16
413
129
0
0
219
13
0
0
0
0
66
0
8
0
2
0
1070
549
57
197
46
0
6
0
0
29
21
554
12
232
269
0
71
71
33
64
0
53
0
0
0
25
0
259
47
10
40
36
20
57
0
0
0
0
0
0
37
65
690
0
2
0
0
0
0
0
0
27
8
31
0
508
7
140
89
0
2
78
1407
13
61
19
1
1
2
0
60
46
18
1
697
0
799
180
18
0
131
39
81
13
8
1
126
17
139
442
0
0
0
545
0
0
0
3
81
2
32
134
0
0
4
0
150
21
0
755
0
3028
0
92
368
15
0
549
6
2
0
135
0
0
0
0
181
0
288
102
0
180
23
1
20
546
167
34
0
0
7
43
0
0
0
18
278
3
0
4
4
44
0
0
141
179
10
0
41
0
40
0
1
1
2
901
0
20
0
2
0
21
0
37
0
396
0
0
203
7
161
0
0
0
187
0
35
2
32
67
0
1167
47
4
3
0
0
0
0
0
69
192
27
0
14
0
0
9
133
0
16
23
0
1
14
0
105
446
2061
21
270
0
14
22
0
57
0
16
2
1553
1
44
117
0
2221
0
0
3
108
1
140
36
0
15
3
1
87
18
0
6
2
58
0
0
0
25
1
0
0
0
288
273
9
410
248
0
636
0
0
0
54
222
4
8
62
0
39
4
34
180
188
1069
0
0
9
0
32
1306
184
3
129
1417
37
64
0
1728
206
9
0
0
629
94
1059
1
0
7
0
78
0
913
2
89
344
0
11
265
134
0
7
80
1003
2
1
19
19
1
4
269
5
8
5
6
0
472
92
1
1
82
11
2
0
0
0
74
0
1
225
105
33
0
659
0
0
108
38
0
1
0
8
0
706
0
663
0
75
0
406
29
254
6
28
0
1
0
2
0
0
0
0
5
44
1
993
0
36
0
7
103
49
1
5
2
236
37
33
73
1
0
0
172
454
0
0
80
0
3
0
5
0
878
0
104
531
0
25
57
304
0
0
0
0
154
13
9
0
17
0
0
2
0
0
7
92
150
30
5
29
18
0
0
2
5
71
5
0
3
69
110
91
2
0
94
0
0
0
36
0
0
67
9
45
113
0
6
0
287
0
2
0
0
3
100
24
1
0
242
36
180
5
380
11
8
13
1
53
239
0
0
3
0
236
73
11
118
286
1
51
162
0
0
0
0
114
0
11
24
0
0
444
0
63
9
15
2
60
143
0
780
1
281
16
0
2416
17
329
0
391
0
0
710
190
10
0
15
173
4
64
6
0
146
84
2626
26
2
0
0
0
2
620
2325
48
64
5
484
0
422
113
1
0
649
0
81
11
10
446
98
294
53
172
3
6
73
566
36
0
0
0
0
2
266
0
54
26
0
34
0
149
41
253
391
13
60
0
149
1
248
3028
118
3
474
144
35
8
0
54
10
496
18
0
12
15
0
5
0
176
0
11
0
4
75
13
0
0
14
1
191
0
17
0
356
0
343
1
441
0
0
13
16
0
0
0
382
3421
45
71
29
586
4
459
54
252
1428
5
72
0
42
112
72
0
34
0
20
0
2
4
39
458
13
1
0
0
0
220
52
155
0
63
959
675
15
0
0
0
34
237
0
117
1
426
190
103
25
454
24
41
0
3
506
1
0
0
0
72
0
0
0
104
0
0
14
759
0
0
2
304
525
205
24
216
29
1211
0
113
12
0
15
37
5
4
0
34
272
10
0
0
315
0
771
0
32
0
0
2241
0
0
21
17
0
6
0
136
197
64
0
38
0
0
63
75
0
2307
1516
1
364
80
1
0
0
125
330
52
0
0
0
68
2
1171
13
150
66
0
119
0
502
23
26
146
0
8
0
12
1096
0
21
0
0
31
1596
60
16
283
0
0
2
0
3
0
74
234
0
14
100
0
0
0
6
475
0
16
105
102
340
0
0
6
4
8
738
91
0
120
28
1
21
0
0
0
481
98
5
355
2
686
23
2
360
229
0
0
3
339
0
100
0
0
0
0
367
2
1
21
0
0
0
0
12
22
89
39
633
0
1
1
65
0
0
4
382
0
0
0
1
0
0
228
0
0
0
0
31
0
0
0
2
1158
5
21
0
41
1
0
1
702
0
1
662
0
0
0
265
35
531
15
1
2
28
114
47
0
110
565
2
0
0
52
2
0
3
1
2378
0
18
68
39
0
0
0
15
8
168
30
72
313
609
0
0
443
305
0
0
0
29
226
0
159
0
59
177
12
35
12
0
16
8
12
0
152
0
3
0
1
94
42
27
122
0
122
685
19
0
183
0
97
0
316
143
200
0
0
90
570
0
68
2
8
0
271
0
0
0
11
333
6
0
104
102
474
24
53
2
200
0
10
539
139
0
0
0
254
144
741
111
0
37
1
11
0
0
13
1
1
0
0
0
191
15
0
0
0
585
54
0
21
2
2
7
558
24
0
2
0
226
1127
53
1491
0
0
0
0
0
186
0
0
84
14
211
0
2
21
0
0
0
139
354
0
2
856
0
5
2
3
11
0
22
4
0
7
1
9
17
72
2
54
101
0
12
0
1
2
189
0
278
553
0
96
3
65
3
27
0
109
0
61
64
1
184
17
0
51
0
3
55
157
1
2
90
0
0
0
164
0
7
0
764
168
30
331
0
0
0
3
221
69
24
104
7
0
4
7
3
0
155
631
1
562
5
89
8
46
5
0
107
259
4
0
0
142
34
19
0
48
297
95
1
236
114
0
0
1
5
157
642
331
0
6
364
0
494
0
0
0
4
315
36
384
0
1
0
0
0
0
72
0
0
0
129
0
0
0
94
4
0
185
0
0
0
1914
0
42
269
0
162
0
7
0
0
91
0
18
1
73
61
362
0
272
0
171
0
0
0
0
1
0
45
0
0
0
20
0
0
1
12
0
318
117
1154
0
13
2
108
3
1140
0
27
1
1
0
166
3
150
0
0
256
0
55
4
0
2
3
331
178
107
40
116
37
0
0
6
1
40
0
13
92
144
31
0
2
5
1
62
47
19
356
3
246
0
11
113
0
965
0
136
0
0
539
1
106
39
417
0
11
0
18
59
1853
100
14
25
0
0
0
1
0
73
258
126
2
538
160
143
2
261
107
31
86
0
12162
11
41
7
243
273
185
2538
0
201
18
14
39
25
0
278
14
0
289
41
1
245
102
16
228
0
0
6
534
0
22
60
24
76
7
1
2
0
0
0
1
65
44
88
0
657
0
0
0
0
56
337
23
38
2412
4
3826
2
0
65
2
1
4
5
0
0
0
291
202
15
0
25
281
582
2
60
163
269
0
186
0
0
2088
29
0
1
0
0
5
2
0
166
0
0
70
1432
14
246
11
0
569
553
1049
87
86
0
105
405
2
1
18
28
717
0
0
512
40
0
1
0
0
1
106
20
505
0
7
33
0
16
4
2391
219
0
0
2
5
262
11
0
0
28
0
0
1
28
85
1184
34
259
355
0
0
0
136
0
0
0
9
0
230
0
0
220
362
91
0
440
531
76
56
25
4564
1
0
0
0
1514
0
0
0
17
0
1
0
1
10
87
25
0
12
1
445
2
0
89
757
0
811
21
22
11
0
0
9
65
16
5
0
6
0
1
20
0
0
0
209
172
30
0
125
335
0
0
222
36
0
105
220
11
5
27
0
0
0
0
308
701
0
0
3
344
33
0
453
0
2142
48
0
0
262
0
2
74
48
0
124
34
64
1007
117
0
0
45
0
1
0
0
90
2
1
122
0
3
2
229
0
72
7
0
7
0
54
20
98
42
1
0
81
0
28
0
2
1
14
3093
13
13
7
24
0
145
0
2
62
25
37
85
573
0
0
18
38
57
183
0
92
36
0
3
989
87
65
50
0
11
0
0
0
0
15
8
56
0
14
0
0
39
139
347
32
0
1
128
174
182
6
214
8
47
2
0
98
0
0
6
0
2
0
9
22
0
74
20
0
0
0
0
0
342
2
185
3
0
0
57
4
252
11
1034
44
146
0
6
106
1
0
0
1
0
108
0
11
8
0
0
0
12
738
0
1
0
0
703
0
0
76
0
429
171
1
657
2
7
1670
0
150
14
0
0
11
0
12
5
33
9
3
5
135
800
120
96
720
0
24
100
379
8
861
96
5
3
192
499
34
1917
4
32
31
0
0
0
35
186
299
3
351
267
2
2
0
242
0
0
0
12
7
1592
20
0
0
15
650
140
5
20
0
1
1
178
0
693
212
39
22
176
0
106
0
5
1
5
801
533
1120
1
492
0
101
83
117
0
0
3
0
0
0
593
0
73
114
1
13
2284
63
154
48
162
18
0
18
22
2035
1
2
0
97
0
120
755
87
0
91
1
308
2
16
0
530
289
8
0
7
96
320
0
5
0
29
34
0
0
43
0
0
0
0
0
318
0
1569
0
0
45
2017
3
64
3
1
13
0
126
0
5
5
495
4
0
361
160
84
126
0
4335
157
20
1
0
0
29
0
0
138
0
0
0
63
41
0
542
0
2
16
7
0
48
0
848
20
70
409
144
458
0
156
0
103
0
645
27
374
1
0
0
0
4
399
21
0
6
399
27
213
0
324
222
199
95
43
15
0
21
0
15
0
0
0
130
0
0
335
0
16
65
412
55
0
0
5
18
0
0
0
65
346
8
0
461
135
145
0
0
0
129
2
0
87
207
6
0
0
183
0
3
35
0
2
123
23
1
3
46
3
408
0
97
3
0
4
0
0
76
0
19
0
59
221
1
0
318
0
183
0
120
1
0
22
6
84
260
433
0
2
4
90
0
0
65
0
386
121
3043
0
15
16
58
110
86
0
4
0
99
20
0
5
0
1
0
7
0
0
253
50
0
4566
1392
11
0
0
0
388
0
69
0
762
77
0
2
1640
347
0
1
4
190
21
0
0
37
20
0
180
1620
0
554
0
2
232
654
113
26
0
0
0
511
1417
1
81
0
299
0
0
0
2642
574
0
0
0
1036
105
3
286
0
0
0
2
6
90
443
0
177
0
1
0
0
6
0
37
44
0
45
1
53
0
0
45
16
21
0
298
0
72
0
59
2
7
1123
3
0
0
41
42
1
229
2198
2
135
36
16
247
26
0
0
40
0
45
401
0
38
4
0
0
3
136
154
312
0
0
59
177
149
35
0
125
61
416
4
0
134
48
29
1
41
13
53
156
0
112
0
42
4607
544
151
0
125
1
312
114
0
0
160
202
21
21
22
12
2
3
0
1
0
2
0
19
621
105
89
1
0
1
0
83
24
965
0
2
0
0
0
0
55
1225
0
28
20
0
84
0
0
335
192
0
0
5
0
39
381
54
37
8
122
0
1
105
0
0
27
0
18
154
21
0
0
458
0
0
1
0
519
0
8
158
0
0
71
19
214
0
8
2
102
0
49
0
1
0
2
466
1
0
161
35
41
1
716
0
41
0
145
25
8
3
10
7
2
804
41
0
3
2
0
34
0
0
313
22
63
183
0
3357
24
8
256
1
12
0
0
106
73
49
1
88
0
0
80
536
4
83
17
19
164
48
0
2
63
0
0
0
243
1076
1
25
135
131
175
0
0
0
0
60
9
1658
0
45
0
14
371
61
28
246
4
51
0
18
0
0
29
2
0
1
182
89
0
9
1463
1
0
0
0
39
198
7
0
288
0
24
39
297
321
4
136
0
32
337
35
274
0
0
4
73
0
2
1
207
5
519
602
0
14
0
4
25
9
66
0
0
164
50
115
0
0
76
18
723
2
0
100
0
1
2
0
320
20
279
6
0
0
1
24
1
473
416
0
2
39
49
232
87
0
0
8
67
0
12
1
854
13
202
0
108
0
2
0
2
0
532
268
24
2
39
0
2
318
0
0
51
0
5
0
3
0
95
0
0
13
1
0
1295
283
11
552
3
0
0
835
0
8
0
56
0
0
14
0
22
0
272
522
6
0
1570
0
0
0
48
263
5
113
19
0
1
1
0
329
36
14
3
0
57
0
0
0
7
0
78
14
0
1
0
0
0
0
5191
0
4
2
329
0
29
0
1
1120
99
93
4062
126
0
392
0
6
23
73
56
0
405
0
261
0
0
266
2
103
0
0
9
475
64
0
0
25
177
430
336
34
0
0
129
0
0
0
34
9
15
0
17
0
4
65
18
146
125
0
0
0
29
125
31
1413
0
21
0
47
1
1133
80
48
29
1006
0
164
32
1
77
366
3
0
4
57
39
68
0
0
2
0
47
338
18
32
21
12
831
10
0
265
24
237
22
2
452
0
32
2
43
486
17
39
5
455
0
41
5853
3
0
0
119
0
109
166
1
74
119
798
489
0
0
74
0
6
30
222
30
15
0
28
140
0
0
25
4
0
0
0
0
0
2668
0
0
0
745
0
68
0
65
1607
0
0
13
2
17
1
0
6
72
99
307
0
0
119
187
97
390
264
43
0
91
0
84
653
9
184
0
25
862
0
97
25
0
0
350
3
353
101
4
0
39
0
5
1
0
1
316
0
0
147
199
0
4
0
68
0
123
22
87
1
0
755
0
249
0
960
195
0
13
478
0
83
20
8
1
280
0
39
125
810
1
0
2
5
12
183
0
12
0
423
0
0
0
0
298
0
1440
4
6
56
0
0
0
128
0
41
0
93
0
3
92
0
31
0
7614
3
12
4
0
0
0
104
0
0
1
50
0
4
1
2
524
0
414
101
123
0
0
116
27
0
2
0
0
5
1
218
147
10
0
262
4
0
249
0
516
0
0
146
0
1
44
193
0
449
1
4
0
0
0
0
0
223
0
7
0
0
214
10
0
824
0
0
4
28
38
4
2
0
393
3
8
0
26
8
0
0
24
270
1
38
112
1
91
0
0
670
1990
0
0
0
0
170
0
174
27
51
0
0
2
0
372
34
19
11
0
233
0
10
127
38
33
4
0
42
0
3
126
10
1
156
721
0
167
0
0
8
77
0
12
0
21
95
9
172
0
29
0
0
0
8
492
0
144
0
0
6
177
0
0
47
32
0
318
74
0
79
0
0
41
11
1
69
103
0
0
1
1
11
3
106
0
0
1
54
0
867
0
31
1
136
0
77
30
509
2
1
29
0
663
17
12
46
0
0
8
4
714
0
1
29
1
14
138
32
293
70
0
0
300
0
28
0
731
1725
2064
0
17
12
208
113
0
8
0
153
18
28
2
96
49
1400
131
367
151
1057
394
0
0
19
3
68
258
0
136
0
9
30
0
4229
0
14
4
35
67
0
4
317
0
41
1
8
0
0
0
230
0
20
1
0
0
8
21
10
0
357
6
104
0
328
6
2
6
2
113
0
9
0
5
87
1
377
229
0
14
2237
23
13
2
0
0
0
350
8
0
0
41
4
4
0
0
60
658
168
0
0
0
0
146
0
4
0
0
8
0
19
25
1
0
0
330
12
0
0
4
575
681
296
757
0
5
156
0
0
0
111
848
164
7
1
87
2
0
18
75
0
7
0
0
6
0
0
1
0
0
0
0
5379
1
75
47
3
30
11
494
389
612
0
0
0
250
0
34
94
0
0
0
68
186
16
0
1
54
1
519
118
5
8
14
0
0
136
11
0
14
0
19
4
1
8
1264
128
6
165
35
18
170
1044
4
33
0
1
12
2
323
49
577
1241
0
0
21
23
235
0
6
0
93
94
23
201
13
311
0
0
77
1
1389
5
0
0
3
5
0
11
2
57
45
0
47
0
226
239
32
325
0
30
4
71
96
2592
510
0
0
243
2
49
0
1229
1
0
1672
0
0
1
0
0
1
1
0
492
0
3
364
0
0
0
8
6
3
30
0
0
257
0
87
92
6
0
0
662
24
2216
4
43
0
161
422
0
0
169
46
0
25
0
0
98
0
98
0
0
261
2801
13
37
95
723
0
2
3212
0
0
777
701
2
263
71
2152
7
0
0
263
11
209
7
0
591
0
43
0
0
0
3409
958
7
4
163
4
392
1650
43
0
1952
1
0
11
1
92
0
1
588
0
0
31
280
244
0
565
14
421
11
18
2
0
54
0
801
231
169
0
0
13
0
911
4
0
959
335
0
0
42
3
164
1
596
107
117
217
0
0
1277
333
100
99
0
0
216
417
254
0
0
182
65
0
3
0
0
149
0
2
1
1052
293
0
0
1
1
4
328
54
0
101
6
0
35
184
1
75
526
0
0
44
44
58
0
59
0
350
25
46
3
99
1
0
0
14
238
2
665
157
1
0
218
115
96
72
11
26
0
180
5
43
19
0
13
0
0
0
0
0
0
1646
562
32
3
0
0
1
1333
85
35
34
28
3
666
0
0
5
0
258
190
167
24
1
157
256
92
0
47
48
0
2
0
2
0
0
40
642
155
0
7
145
9
57
1
0
4
8
122
2300
0
0
0
19
38
0
74
0
4
15
9
0
330
2559
673
0
242
1
10
0
4
0
6
0
552
14
457
153
380
0
222
2
580
1
530
3
8
88
19
35
428
520
515
516
0
748
0
24
0
30
289
40
383
19
162
13
83
2
0
25
14
31
161
52
2
219
62
0
1097
51
31
554
68
468
159
1234
53
428
47
0
0
1
0
8
31
891
0
29
353
0
272
1
1
63
271
400
0
2
0
0
22
0
40
96
1472
0
5
288
662
0
784
86
0
349
1842
101
50
226
18
0
957
3
1793
108
37
164
90
0
1
0
0
9
0
0
5
3
0
0
0
55
0
35
0
0
13
145
0
2
0
16
2
29
0
0
398
1
0
0
371
28
0
0
187
569
1
133
0
395
78
21
62
699
296
10
47
0
0
0
64
255
32
4
2
0
4
0
0
1
0
0
114
238
30
0
2629
0
4
0
50
5
186
0
0
131
0
211
96
35
0
0
0
787
62
0
17
0
0
140
396
0
5
115
0
327
0
219
3
1170
973
3
1
9
330
0
23
95
0
141
202
12
375
50
1
0
3
0
85
97
353
0
14
0
3
99
1
2191
35
0
0
51
0
1
3
0
160
422
15
1031
125
1785
36
54
220
460
841
11
2
27
3
16
87
2
438
2
0
0
0
8
1
12
17
0
0
13
1
0
3
206
98
0
0
0
39
2
34
8
181
9
1
0
113
11
1051
24
109
14
232
0
62
283
0
73
18
226
0
336
115
468
0
201
117
1
0
2
11
172
12
146
38
20
8
171
178
2
864
956
288
0
0
274
3
0
315
0
39
0
74
0
1
0
0
64
10
3
0
536
289
22
4
329
6
0
202
208
0
0
1
61
1
19
22
0
2922
201
3
51
111
20
0
0
62
22
329
245
20
2
90
25
80
0
0
46
3
5
0
43
0
0
0
46
12
0
38
0
29
6
178
192
0
1
20
0
1242
55
0
0
194
0
0
5
50
960
162
0
0
392
4
0
0
0
303
966
25
0
171
0
0
34
49
36
61
0
673
314
236
0
0
11
12
6
5
53
108
25
4
0
25
1
0
2261
0
0
33
12
892
42
1
0
2
3827
1362
243
115
0
20
0
1
79
0
4
94
145
516
819
2
790
3
383
0
0
0
5
74
0
2
0
0
0
74
0
94
1
278
3
13
3
75
1
187
12
80
0
0
0
784
194
0
1
0
0
0
23
19
1
93
0
158
1
290
201
5
0
2
0
0
4
51
0
215
646
0
2
0
1776
9
0
0
5
138
1
41
2
14
96
0
13
201
10
0
17
0
57
830
0
16
288
5
4
0
81
0
1
4
48
1
0
171
0
7
0
0
234
2
31
1
0
0
5
0
776
0
0
1
0
604
0
221
17
0
81
133
0
0
275
0
15
1
0
304
2
0
63
0
2
24
16
0
3
0
2562
5
8
0
0
24
0
219
42
4
7
75
18
25
87
76
0
0
0
0
453
162
0
1
0
0
89
70
44
27
0
15
235
1458
0
0
0
205
30
0
557
723
0
0
255
29
0
0
5
853
11
17
108
38
2
43
0
3
0
0
2
5
23
30
6
0
500
313
486
53
1
126
1
1523
0
7
0
5
202
47
1008
35
0
3
39
247
0
0
230
3
12
0
9
41
172
16
71
1
0
67
531
0
0
738
27
725
0
0
1
0
92
10
399
0
23
2
0
0
0
1072
397
0
79
216
14
67
617
553
71
113
22
0
5
0
0
204
0
69
115
185
14
254
129
138
0
0
0
0
5
22
18
48
0
1
252
0
73
129
0
629
0
4
232
219
10
887
1236
6
13
19
127
0
643
0
2
0
464
0
0
70
0
0
1161
2
31
44
0
1185
0
0
0
868
74
321
221
221
6
324
231
0
291
16
3
95
151
8
133
0
0
22
0
16
894
4
6
0
0
0
0
0
178
8
0
14
42
67
35
754
52
0
0
0
833
206
56
14
3325
0
1
107
0
6
0
81
0
46
0
6
8
0
4
354
15
143
197
28
1
0
13
13
1
109
292
2
838
0
2
0
4
12
0
3
22
906
0
23
39
19
2
11
0
129
5
52
19
4
1
192
0
123
233
0
0
217
458
5
0
2722
30
12
2
57
0
460
0
2
0
0
1173
0
0
3
0
215
0
10
9
0
2
20
0
158
59
0
250
106
14
0
16
92
0
85
0
0
99
0
0
0
233
0
33
35
0
342
78
146
257
19
9
274
0
2
1038
4
17
0
0
0
439
21
0
132
0
85
44
21
275
0
40
95
68
126
0
505
1
0
275
0
0
0
470
77
0
122
70
0
0
7
652
0
221
0
0
5
0
15
0
0
33
0
42
211
0
22
0
0
65
24
729
143
0
0
0
93
19
101
0
120
57
0
0
18
2
2
0
4
25
0
21
37
0
0
0
0
940
0
13
38
6
0
0
1
169
173
2190
0
0
57
21
3
30
396
74
2
34
98
73
10
0
12
0
18
79
242
0
0
34
1
0
2
13
13
2
0
0
30
0
0
0
24
17
125
88
0
66
154
22
2
2
145
16
1
97
0
0
291
0
1
125
0
1122
1
64
7
5
2
0
0
0
14
0
5
4
0
3
5902
13
135
3
0
0
37
162
95
1923
0
7
37
6
0
183
85
0
1985
1
106
6
3
58
0
1
170
0
0
5
0
17
172
10
1417
0
0
1320
20
0
1753
2
2
172
258
13
0
1
696
1
371
823
3
7
3
1088
92
66
0
53
34
0
0
1
0
130
4067
343
0
1089
0
84
172
0
0
68
2
136
189
20
0
171
43
168
28
14
845
142
1
1
296
526
0
45
0
0
0
86
78
108
34
68
2
13
0
7
23
0
6
0
0
171
0
613
0
141
0
34
0
86
2359
0
116
1
50
17
0
10
72
12
9
28
236
0
0
1
0
0
152
0
0
1
0
8
50
19
46
913
1
0
2
4
0
1
206
3
3
0
31
0
222
0
0
0
15
0
49
83
0
0
0
122
133
0
0
0
0
12
0
0
41
70
0
60
5
494
65
0
29
0
1
340
0
0
11
0
6
0
55
0
22
0
0
0
49
74
73
1
3
0
0
32
0
191
0
41
32
141
688
2
0
0
0
7
0
0
0
0
0
58
53
0
1
2
186
0
37
0
72
161
5
15
36
9
0
19
18
0
1
0
0
0
0
24
0
76
0
0
759
123
69
41
52
0
324
71
2
180
35
265
152
61
0
0
5
12
0
7
1871
3
0
256
0
0
0
171
58
4
1
84
0
0
0
52
1
0
0
148
0
0
2
3
0
7
209
0
484
14
0
17
318
0
11
8
73
0
57
3
0
0
1
88
89
2
0
372
4
0
0
0
0
2
0
0
142
9
0
0
0
1
16
352
0
0
0
21
1
0
54
616
38
0
2
0
0
0
0
14
18
46
0
21
68
15
0
0
146
53
2
0
0
0
0
0
35
0
7
0
104
0
0
0
891
0
123
28
0
58
0
0
0
0
113
134
0
0
0
1
14
105
0
35
4
3
240
9
151
0
3
16
355
1168
0
3
3
7
159
7
23
0
1794
0
0
1
3
75
0
36
0
4
203
0
114
26
5
3
14
1
407
4
28
753
26
0
0
46
0
13
78
139
0
0
15
0
453
11
2
0
3
0
8
0
0
4
30
230
2
0
53
4
1
100
0
1
161
0
0
1
184
3228
0
0
0
0
32
2
11
0
75
136
9
269
3
2
0
9
319
95
14
54
62
1504
383
0
0
0
2
41
179
0
0
24
0
224
3
519
2
32
0
0
0
563
91
0
73
197
6
1
794
38
54
0
243
1
29
0
0
23
13
0
0
629
22
0
0
14
0
27
92
19
0
0
0
206
210
15
0
0
27
2
116
0
7
0
27
141
0
4
0
0
15
0
0
0
709
0
51
0
15
7
0
0
0
8
40
131
0
0
1
26
0
74
98
0
312
212
1
0
9
0
9
0
28
19
0
0
0
1931
14
0
345
0
0
136
0
1
15
172
21
0
229
11
194
0
13
8
8
38
146
0
0
0
0
0
29
0
3
1
16
35
86
19
0
1
0
0
17
263
97
11
0
0
156
91
3
36
87
241
73
0
32
53
62
0
6
115
12
837
0
177
4
0
0
0
0
8
2
12
0
119
5
0
3
1
47
190
3
283
0
104
853
85
1
5
2
1
6
140
0
0
0
127
0
42
2
40
0
81
1
0
0
221
24
88
1
0
0
273
7
66
0
13
37
115
0
52
0
641
0
17
11
0
2
25
0
66
499
4
0
0
185
10
27
74
0
0
0
3
0
0
23
83
1062
273
14
0
89
59
74
525
0
7
0
0
0
1177
0
90
0
273
0
73
155
0
0
0
75
352
134
17
5
12
0
24
2461
0
118
14
1
54
13
22
70
0
1
1
1003
11
0
277
71
0
1130
2
8
31
1
69
53
561
43
2
284
0
0
0
8
802
4
56
6
103
3
2
0
0
1
0
67
93
0
16
122
2
0
63
866
0
0
175
1
1
0
5
0
0
125
0
575
0
0
0
0
40
20
2
1
157
11
706
196
64
239
3
90
1
392
0
0
329
42
0
0
0
308
0
11
13
187
0
41
0
8
0
213
0
0
14
0
2
117
0
0
4
132
117
0
195
32
1
25
2
0
62
0
107
34
227
0
2
34
601
0
16
0
0
249
40
0
0
603
134
20
4
0
1
12
3
2
310
0
12
0
83
0
12
0
12
1
0
196
0
11
2
559
0
0
19
0
0
4879
7
79
0
1
0
0
34
164
32
0
433
11
199
0
0
117
0
0
114
11
117
0
4
25
778
350
60
0
1774
0
110
84
0
10
0
6
8
308
55
31
101
0
0
1
108
0
0
71
1
7
0
17
20
12
0
464
3
201
0
430
117
19
254
899
104
0
0
12
0
3
1021
22
162
71
0
0
12
15
32
0
3
48
63
145
273
0
40
0
0
84
47
18
11
0
459
11
492
1
23
0
52
1
31
52
117
0
108
47
0
10
3
0
2
0
59
148
85
2
9
0
74
22
0
0
3
416
0
16
27
0
0
368
0
655
801
5
0
1298
5
0
127
21
13
216
0
109
0
16
168
0
0
146
0
72
25
0
4
26
8
554
18
0
2
35
143
1
0
0
0
4
145
166
10
0
31
181
279
12
15
542
169
1
0
0
162
113
0
0
97
53
232
1
3
0
38
0
1163
424
0
0
10
1
196
0
0
0
0
0
93
13
0
0
0
0
0
23
631
3
0
9
0
13
0
154
0
0
120
0
15
0
175
16
0
0
82
1
484
357
57
334
96
0
156
0
0
45
0
15
0
0
83
0
0
7
0
1
0
1804
0
0
1
24
1264
0
366
0
24
0
0
54
52
76
86
73
0
203
9
3
0
5
213
105
25
10
0
33
16
4
0
0
564
164
128
33
1322
603
4
10
0
0
0
201
42
0
168
647
359
68
5
6
69
479
3
19
5
380
0
184
0
321
59
51
0
1
0
4
689
4
82
43
209
50
255
41
61
0
11
0
5
0
0
8
127
143
1
0
155
0
0
0
326
0
17
126
1515
73
0
358
1
0
7
0
146
0
0
0
0
120
2
8
1
27
63
15
27
0
0
0
137
0
60
2
0
0
33
19
2
0
0
137
0
1
0
3518
32
4
0
0
67
111
209
112
573
0
0
1015
0
0
573
0
0
0
11
703
153
0
9
725
97
2
0
0
0
0
12
1164
2
4
29
9
0
698
0
0
0
1434
53
238
0
183
0
617
0
17
10
0
0
0
21
1
2
0
1
175
18
0
1201
0
0
1
21
4
0
812
6
4
0
0
76
0
0
92
250
0
98
20
9
21
187
787
38
0
0
2131
71
0
637
2195
0
387
604
12
2
0
0
2
7
167
0
1
0
0
0
0
0
0
0
15
15
16
0
0
50
0
734
23
0
69
0
89
28
1
0
443
6
0
14
0
11
2
0
41
494
297
0
12
81
79
43
14873
139
20
51
1088
562
0
9
1
0
75
1
0
77
0
759
1412
0
1
0
50
138
75
180
223
11
0
0
0
970
81
0
0
46
0
1
5
672
15
76
13
0
0
228
0
24
741
66
0
46
0
0
20
321
0
8
124
493
0
4
693
165
0
0
1526
0
0
146
0
7
0
0
7
0
4
0
241
50
167
0
406
176
0
0
27
191
99
0
48
0
0
44
0
902
60
429
26
1
5
0
0
18
0
0
0
141
998
437
726
0
25
18
0
178
2
18
0
9
32
368
89
0
5
332
10
319
0
0
47
0
0
0
1
1
473
65
37
3
0
783
6
0
0
57
10
75
212
0
5
55
8
1
147
0
36
0
0
0
16
0
56
86
0
276
0
0
0
22
0
97
3
463
0
55
571
2
0
0
81
0
27
433
30
0
0
0
0
71
11
67
47
1
0
3568
82
1
8
0
0
988
0
0
7
263
1
24
10
50
1
0
0
378
0
0
13
6
0
85
0
2
0
280
62
0
761
68
0
473
0
26
0
0
452
0
0
2602
72
0
0
0
123
175
0
23
13
0
674
0
114
11
8
0
6
0
0
6
0
3
251
1
4
27
0
31
4
0
323
4
0
0
0
11
8
0
1
0
0
0
3
0
0
0
106
17
66
124
5
0
93
0
70
0
0
0
23
0
5
0
0
180
4
56
65
3
9
28
0
200
0
0
168
0
310
0
464
712
0
13
16
0
1
100
0
92
14
0
3
118
0
470
0
0
20
30
356
40
628
239
0
51
0
251
200
0
1
167
18
17
4
456
4
0
117
20
379
94
396
0
2193
68
271
1
0
400
0
120
106
4
0
0
0
62
40
47
0
0
1
166
0
0
1
284
0
0
0
1
348
256
217
185
81
1
5
0
30
2
3
3
15
0
35
396
0
162
0
0
0
528
3
14
0
305
0
192
0
13
21
252
0
8
2
16
0
31
26
108
0
191
0
119
0
0
1
0
41
0
167
0
132
0
41
0
0
0
0
0
0
0
0
356
46
61
2
0
97
45
0
13
12
0
0
43
44
292
592
1
57
4
412
0
113
0
19
842
53
3
108
2
330
35
0
282
1239
18
987
1
266
11
0
16
0
3
24
0
1
6279
0
387
0
56
0
142
0
55
239
184
0
58
524
0
462
0
0
0
114
0
0
4
25
0
0
71
0
22
0
1170
1
0
12
0
16
94
0
0
584
18
48
0
53
7
0
1010
0
0
137
173
0
366
0
1
0
0
52
1237
594
0
0
0
0
58
0
2
0
583
396
22
4
46
0
33
18
0
186
0
179
252
2
0
1
100
363
0
0
0
0
48
0
21
0
0
1
0
0
6
52
0
0
12
42
26
0
2
0
0
0
1
86
3
2
0
0
48
72
144
1303
82
3
299
0
0
0
2
1
0
0
1
49
0
114
0
1
0
0
1
0
0
0
10
0
150
0
0
0
6
13
6
17
4
395
466
148
13
34
37
0
1
9
0
80
5
10
1
0
5
0
2
51
0
1
1185
0
0
0
0
2
72
0
976
67
13
593
0
0
73
0
564
7
0
0
0
0
58
91
0
191
213
435
430
0
0
0
2
0
14
170
0
242
397
5
45
1
48
937
0
24
21
45
13
62
293
26
110
3273
744
0
0
12
60
1
0
11
186
1741
9
0
7
1061
0
1
0
1
13
56
201
240
899
259
1
0
22
0
609
0
0
80
526
0
0
2
120
659
0
396
226
0
492
7
0
6
298
58
153
102
0
309
53
160
0
68
312
1071
0
0
11
0
12
0
0
179
3
1
2
55
647
0
11
224
95
10
0
0
201
6
22
0
0
0
19
315
2
0
9
0
0
0
0
0
82
84
232
174
245
0
58
0
0
57
451
94
47
3
162
20
3
3
55
268
0
1169
9
0
99
0
0
70
0
1
0
0
0
0
117
1
2
0
27
0
0
527
2
1607
0
0
0
0
29
0
2
0
653
1
1
0
4
0
0
328
0
0
0
0
77
14
0
12
72
0
0
266
0
38
0
160
14
0
0
30
130
65
180
433
0
0
200
0
0
1
293
7
2
266
0
49
0
0
0
0
313
144
164
1024
1
1
7
33
233
22
19
3
3
36
1
32
0
73
1
350
0
2
103
0
0
37
4
107
377
0
142
3
3
352
0
506
12
29
405
0
1000
920
0
0
36
0
0
2
0
523
0
167
2442
200
35
27
182
3
9
0
25
33
0
0
1
113
186
57
111
0
205
573
23
22
5
2539
6
0
5
263
0
165
125
466
3
27
1
123
307
0
0
773
9
18
0
1
1510
10
1
554
11
321
120
0
121
0
46
128
562
15
0
12
440
0
1
7
0
0
0
363
0
1442
2
0
169
0
0
43
11
109
35
107
423
0
0
43
63
0
0
0
21
0
128
57
0
0
55
0
2
34
0
400
643
0
158
9
38
0
11
0
20
0
31
0
0
0
0
98
0
396
1
10
0
318
0
0
0
0
105
6
796
2
60
98
90
0
0
0
25
1
0
0
0
75
0
32
0
20
126
0
5
14
28
0
7
8
0
66
14
21
84
0
615
106
232
0
0
213
26
39
133
0
753
68
0
0
83
25
0
227
35
120
12
0
0
2
656
247
52
7
1518
13
0
81
29
11
0
51
30
580
325
150
1481
561
0
63
47
0
572
52
0
0
0
77
177
0
3
294
211
0
208
0
416
0
0
19
0
0
290
36
1658
1
91
0
91
4
78
2
1
13
545
67
13
63
119
29
7
0
0
57
9
0
46
5
83
844
0
156
0
39
0
836
577
117
17
120
0
152
1
91
0
4
18
2
0
5
37
29
3
751
42
0
0
166
65
22
0
0
0
55
380
0
77
0
54
0
1388
44
35
5
0
3
0
47
32
0
61
69
136
6
0
0
2185
0
22
278
0
275
1
41
0
5
0
121
0
86
0
105
42
414
67
0
0
0
650
0
12
1021
0
18
1
0
0
9
20
0
20
28
12
4
0
15
4
65
0
0
57
6
0
101
19
287
644
3
0
0
41
29
4
662
157
21
66
236
0
0
33
58
0
0
36
351
12
427
0
51
673
74
0
18
221
176
507
1
11
0
145
128
4
89
147
236
16
0
19
0
22
1
0
11
2
5
8
307
159
145
4
316
2
136
0
221
211
0
14
1
43
143
336
277
0
0
45
314
186
0
0
196
37
0
0
0
0
660
1
0
31
2445
0
0
4
7
38
1
710
2
10
0
51
42
57
0
130
246
0
0
452
0
7
2
119
0
5
1
0
49
0
0
48
3
1
51
0
32
216
0
33
2
18
0
0
287
0
7
424
255
0
0
13
35
62
0
23
738
0
201
60
37
331
0
307
48
0
4822
39
55
0
2
0
1
104
10
10
110
38
0
43
0
0
3
80
8
13
36
75
523
473
3061
172
22
1510
0
6
1
386
16
0
0
397
0
23
174
6
64
64
0
4
100
86
0
0
0
305
0
8
171
2408
2
0
1
0
3
1
19
40
1
1
395
183
0
0
4
0
34
5
37
0
1
510
248
0
0
593
187
1
0
19
0
0
77
0
0
62
4
24
0
127
302
384
3
0
0
0
16
61
0
0
198
2
201
0
0
0
2
0
4
0
1
0
63
5
509
209
3
0
854
13
0
0
8
0
7
0
1
366
14
0
0
23
0
8
1337
444
0
114
313
0
166
0
185
17
129
27
137
0
111
9
0
0
0
139
0
0
42
118
0
11
0
102
484
5
13
0
0
13
0
0
0
1
1
107
1
0
111
257
0
0
0
0
27
0
2123
141
0
256
74
23
0
0
34
79
4
0
0
411
19
1
0
25
6
0
0
0
154
8
1
66
2
13
21
0
0
0
0
84
42
47
0
0
0
0
403
0
0
442
112
0
16
0
77
42
0
0
95
0
45
14
0
10
0
3
253
0
0
0
0
13
1025
5
0
1
0
0
0
30
328
7
222
24
7
15
42
0
0
282
237
0
96
0
172
584
8
734
0
17
16
0
0
0
58
0
496
0
1
1346
0
0
3
1
210
133
0
0
0
0
14
0
37
3
250
216
56
19
354
12
281
5
0
1790
0
19
0
0
0
82
52
590
0
0
133
0
18
0
16
0
0
0
7
0
0
0
1
22
1
94
0
148
36
319
0
44
33
0
40
0
0
432
0
0
204
3
0
0
0
14
0
0
1
5
0
85
4
30
1
106
15
37
0
22
4
0
9
0
2
1
137
502
0
0
0
38
6
0
3
16
0
30
128
0
55
0
14
97
0
572
0
46
0
66
0
0
0
80
10
0
0
0
2
14
0
0
0
11
22
0
0
68
0
46
0
76
0
0
1
0
0
16
373
0
315
149
0
2
0
0
2500
61
48
52
0
2
184
1180
6
0
1
0
4
50
9
7
5068
1
21
0
488
0
1648
45
692
326
0
50
35
15
157
3
5
49
63
68
476
94
0
8
3
0
1378
1
0
0
77
0
0
0
0
2
1
2
0
7
2
0
0
1
2
9
68
111
2
182
296
1317
128
11
0
189
8
0
40
2
0
0
0
0
0
71
0
26
0
27
0
43
2
0
50
90
0
0
7
0
0
3
0
14
67
71
563
1
238
196
22
0
53
0
4
2
5
0
265
15
24
0
0
0
8
31
0
8
26
334
0
65
0
79
192
0
77
40
44
111
9
0
4
0
0
0
3
0
12
0
0
3
120
30
0
0
12
0
1
576
0
2
145
54
0
47
0
77
396
5
19
193
563
410
0
61
0
0
0
25
11
87
495
0
0
24
468
1
0
0
0
0
19
0
0
1101
2
12
16
229
2
1
3
16
186
0
15
391
144
293
178
3
110
0
1
3
17
80
53
2
4
41
3725
506
5
0
179
23
92
6
1
974
0
15
0
3671
0
2
100
438
63
4
587
0
39
675
0
0
0
12
0
0
58
22
0
0
37
1
0
2
0
77
70
277
75
6
0
0
0
0
29
1572
21
0
0
38
27
3
15
223
11
0
14
0
0
0
1
14
0
631
0
0
6
0
44
4
0
473
0
2
0
0
0
1
1
2
1
0
67
179
20
149
9
68
1
98
47
23
98
0
147
357
0
0
0
17
676
17
27
14
150
146
1183
0
1
0
0
0
9
163
0
0
8
0
197
4
270
0
59
1
31
65
0
0
72
9
7
11
0
30
11
28
200
0
884
9
1144
8
1
159
2
68
0
0
53
0
0
405
49
6
212
6
1
1851
17
0
0
421
0
0
25
48
0
46
59
0
0
1123
0
122
2
17
7
9
16
158
194
205
0
238
4
317
189
253
0
0
32
22
202
0
0
0
1362
0
66
1
12
19
615
0
64
0
247
0
358
0
325
7
37
51
6
0
3513
0
10
4
2289
4
0
13
0
0
0
6
2
189
9
0
0
53
5
43
124
0
46
712
97
0
97
163
27
0
1
0
79
2137
9
7
1064
0
1
14
0
0
0
8
500
0
2
9
0
0
24
29
0
93
0
0
8
87
563
44
0
534
415
0
200
36
0
48
490
118
0
0
77
13
534
27
0
184
3
546
134
0
41
12
0
3490
18
19
31
0
5
0
0
24
18
240
0
0
128
4
34
0
0
66
370
0
6
200
26
0
0
0
0
0
219
132
0
1392
0
6
15
0
0
90
9
11
164
0
233
68
492
319
0
0
1
8
126
216
20
57
0
108
0
0
30
51
194
0
0
61
0
0
81
2
1
0
8
0
0
129
0
0
0
0
0
26
56
0
12
5
6
109
0
257
1
231
36
28
249
8
0
383
0
0
0
3
0
1675
0
18
1
0
16
304
0
88
1
5
3
6
0
0
25
0
0
0
1
24
0
13
1
74
0
0
24
58
0
19
272
0
2296
96
0
3
0
479
0
80
262
0
0
0
20
0
0
1
0
0
25
0
0
0
0
0
0
86
1
6
11
0
944
0
117
0
315
198
0
0
0
181
3195
216
0
0
38
7
35
3
27
17
0
2
38
0
87
2
199
72
168
0
41
22
0
4
1
372
0
7
8
0
0
0
1
1
19
68
37
47
18
17
172
0
80
0
138
3
113
0
0
0
177
0
0
478
2
0
0
18
267
92
0
1
1
945
26
12
4
267
45
0
150
55
74
12
4
391
32
0
0
6
54
1
114
58
0
3
9
166
6
3
5
84
6
0
0
0
193
138
815
0
29
0
36
2
0
0
1446
1
177
3302
193
1
1
112
954
0
13
9
1
29
0
217
2197
21
453
0
971
140
4
91
2
229
104
21
18
10
4
9
36
0
41
0
0
0
3
117
79
92
6
164
153
308
19
0
45
8
25
26
364
0
3
23
207
5
2
0
24
529
0
0
18
0
1
29
0
0
10
0
0
0
0
2
0
1
68
0
0
0
1
0
0
17
115
19
586
0
64
0
0
3
2
102
0
5
740
2
0
0
0
10
55
4
0
1010
0
15
266
0
273
32
0
15
19
16
11
0
55
21
0
0
276
196
0
340
279
312
0
12
0
0
0
17
0
0
0
0
0
1
2
0
965
242
0
1893
0
1
1
0
0
73
67
16
28
345
0
2
9
33
50
0
53
17
5
0
0
0
4
0
138
548
436
123
0
31
1289
655
11
0
0
186
26
0
129
116
0
67
4
0
141
0
494
9
0
1
0
0
184
255
56
75
0
5
4
5
57
31
3
0
0
3
166
8
0
1
0
0
0
0
6
1
0
8
31
0
4
1
0
2
5
1
0
90
0
0
0
164
0
5
59
0
0
290
111
10
56
93
1
1
3
0
3
2
9
0
592
7
9
21
9
0
66
0
7
0
12
0
0
8
47
10
0
304
0
21
16
0
14
112
0
1
0
0
2
0
9
71
0
0
12
7
42
3
0
0
0
86
9
2
182
5
0
264
0
1418
176
137
3
1
58
0
126
0
0
5
254
2
292
28
24
4
0
0
0
112
0
0
0
0
6
2
56
0
65
0
1
0
64
31
0
0
27
13
25
7
0
127
42
27
35
234
1
1
0
0
3
2
273
1
94
200
0
0
129
119
0
211
4
54
36
2
0
1
163
0
1
10
25
0
1989
0
119
4
0
0
1
2
0
0
63
0
60
12
36
3
33
0
0
0
34
406
27
0
0
5
1
68
0
45
1074
1
157
57
26
3
0
1
7
0
45
0
22
56
2
67
103
0
29
1
1
0
1
0
89
145
1
2
61
171
0
7
0
623
110
62
0
0
12
0
1
2841
8
330
10
24
2
1
13
90
17
21
2
0
0
0
0
309
8723
3
1
0
25
26
148
0
3
0
0
0
0
13
3
13
55
22
24
14
0
0
255
13
1
15
3
88
61
14
3
0
6
45
113
0
6
39
1
522
0
75
818
4013
25
285
27
4
151
21
375
0
7
23
0
34
219
70
194
16
1
2
2744
29
0
58
13
5
4
0
0
0
60
1
87
37
0
2
5
3543
0
2
162
209
1
36
0
604
5
0
0
31
0
6
0
7
218
3
0
0
38
0
2979
0
0
557
0
80
74
0
896
282
4
4
1
0
0
60
0
129
8
57
68
6
355
0
0
20
0
1
21
0
29
201
0
31
439
0
16
0
73
1
0
4
53
0
29
0
0
1
7
70
0
1
2
0
0
284
67
0
63
0
328
451
178
0
0
2
25
76
0
0
13
4
28
3
0
6
0
1
11
0
0
87
0
1
4
45
32
0
86
66
43
0
5
1
0
44
15
13
0
8
0
45
1
0
0
10
86
1
0
20
0
30
14
262
0
3
0
0
338
97
54
56
0
324
39
41
242
52
4
0
3
19
133
20
22
13
6
2311
874
0
0
55
57
26
57
0
8
0
0
0
0
48
0
0
0
0
0
1
1
177
5
178
10
30
151
3
0
0
294
0
0
11
0
57
4
5
0
9
0
0
0
148
150
0
164
0
146
0
302
95
10
0
0
1
0
0
34
0
0
32
0
0
2
1
0
0
0
0
0
0
9
13
0
372
211
40
0
0
109
0
20
2
0
127
134
10
0
127
1
196
0
257
103
1
86
0
82
1
2
70
34
2
9
185
714
0
317
29
0
0
0
630
107
5
31
0
20
0
0
0
12
1209
0
7
299
0
137
0
82
0
12
0
126
0
857
4
4
1
22
0
365
196
0
222
0
0
33
41
3
0
1612
0
1
11
117
82
26
563
256
387
801
755
38
0
17
21
51
23
0
4
0
65
1
61
0
0
1
3
131
0
0
0
0
0
0
27
1293
187
2
129
7
1
62
682
74
28
0
8
55
9
0
1
9
425
5
0
7
0
3
0
197
0
0
75
0
23
527
12
0
157
525
0
1067
15
36
2
89
0
267
36
0
14
91
14
130
0
31
1
0
0
155
10
0
175
140
0
1045
3
48
0
211
128
0
519
95
0
0
892
0
31
2
78
0
0
4
11
12
260
214
50
471
24
375
14
1
417
437
0
0
0
14
123
1569
0
244
82
0
27
2
0
0
237
2
34
1
0
11
160
0
17
0
284
0
27
0
94
0
0
1
0
0
9
50
33
0
372
810
0
69
331
1
294
0
0
1
3
5
34
13
87
1612
75
0
68
23
226
0
0
0
0
0
188
898
14
1
24
218
80
0
68
0
32
5
8
63
0
27
3232
0
0
0
1
0
448
0
0
0
15
0
0
0
0
285
0
86
93
0
57
1
11
20
3102
18
31
0
0
105
2
3
479
0
0
335
2
14
0
1
0
0
279
64
0
0
0
134
21
1
0
22
13
360
0
0
0
0
0
0
5
96
0
0
0
966
2044
0
9
11
0
85
2
323
23
184
19
0
55
350
0
634
267
0
107
0
0
3038
8
0
196
0
0
15
0
691
4
224
2179
0
7
0
0
0
4
50
2
107
5520
255
0
3
0
0
5
0
81
0
45
15
69
176
889
426
0
0
205
2
24
0
380
905
2
23
0
0
36
2
12
0
10
1
107
5
0
128
6
0
0
14
124
0
0
0
13
0
0
14
532
1
69
47
0
8
101
0
6
2
0
855
10
181
22
0
11
0
0
0
1242
133
470
93
0
3
1517
623
0
1
982
0
0
0
29
0
0
0
56
124
49
99
0
254
4
0
27
24
446
72
51
31
0
4
0
3
35
0
155
31
0
13
0
0
0
0
0
816
3
19
161
22
32
1
0
244
192
35
0
0
0
0
4
154
178
0
0
12
0
6
16
1
453
93
0
0
194
696
85
37
40
0
1
29
0
3
0
3
81
2
0
21
11
1
282
0
38
44
60
189
0
0
20
112
193
54
0
0
4
0
845
433
2422
0
0
4
81
48
13
0
0
928
0
0
0
0
3
0
0
0
0
21
0
5
0
69
0
36
10
0
72
0
253
766
0
0
0
0
6
0
1
0
143
481
93
16
0
0
106
0
23
608
77
384
0
26
26
0
3
13
3
0
0
0
19
0
67
0
2
178
0
47
113
0
0
0
0
9
1
0
4
190
6
0
2
0
4
0
0
0
48
23
138
535
1
0
270
1457
3
6
21
0
642
5
22
43
150
0
156
0
13
0
265
12
0
0
8
0
5
49
202
4
100
100
560
0
0
39
143
48
0
28
1019
0
175
1
282
944
116
0
22
17
0
0
1058
470
6
0
192
0
102
0
0
11
0
0
0
627
45
194
711
30
50
218
0
65
79
186
0
0
105
0
20
0
5
2621
0
41
27
0
96
54
5
4
0
63
0
251
0
43
0
224
174
184
0
67
0
1
0
4
12
0
569
12
3
2
0
0
0
35
0
230
0
0
0
4
0
0
3
18
0
42
5
165
104
1
126
10
98
96
0
120
48
0
177
55
159
1
1283
0
183
0
47
68
0
0
182
2
776
113
173
60
39
0
0
0
0
0
45
1
1
6
50
0
733
160
0
1
395
0
0
0
16
0
6
0
0
0
3
4
0
21
0
140
29
194
0
0
1
1
181
0
5
0
175
0
220
29
0
0
326
0
0
14
0
0
0
16
1
70
0
180
918
0
413
0
77
1
2
2
72
994
124
131
141
105
105
17
94
0
77
0
318
0
346
23
0
140
0
328
157
0
154
0
127
0
0
838
199
42
0
81
24
0
267
96
0
0
1
0
0
141
0
114
0
128
120
0
0
610
388
0
0
426
0
21
1
40
0
2
192
76
69
1941
466
113
85
0
0
3
0
16
2
181
0
31
95
135
371
0
21
211
86
0
26
54
0
0
185
80
0
49
147
0
1
1
1
2
19
0
0
18
202
72
0
548
1690
922
12
357
1265
0
128
6
26
509
28
33
112
48
0
129
0
0
46
161
0
0
2
173
119
0
3
0
431
15
2839
148
58
129
52
0
0
697
264
86
9
2
0
66
74
0
100
23
0
81
287
7
118
68
0
0
0
59
522
313
152
0
0
594
1
0
0
2
0
35
1037
0
5
0
0
36
29
0
0
210
4
0
0
576
14
0
10
83
51
810
151
0
0
0
0
12
34
0
0
0
0
5
0
57
2
0
127
0
0
2
65
0
46
0
5
0
1
167
0
9
0
80
0
347
80
0
67
0
2
63
34
785
35
75
0
115
113
0
3
0
64
13
22
0
421
87
1
88
20
0
0
101
0
49
867
0
0
0
0
0
0
15
5723
16
0
175
0
126
17
5
0
2
30
8
0
0
0
123
22
33
0
90
25
38
0
856
2
7
0
50
37
1425
249
2
1
0
10
28
3175
0
0
5
1600
80
2
0
3
3
0
0
8
150
107
0
33
0
0
84
0
35
0
0
35
176
0
13
17
31
8
355
90
2
276
106
0
0
231
1
7
0
145
0
420
0
2
0
0
14
3
0
442
0
0
666
10
1
0
64
0
0
0
0
0
28
0
44
1
0
63
1010
0
0
350
0
0
3784
17
361
142
10
1
7
0
0
202
0
230
114
0
70
7
0
48
1430
1047
0
0
21
2
0
11
5
94
1
0
0
0
654
367
101
261
15
0
346
146
0
0
3
12
0
0
182
0
86
2
16
0
171
0
0
9
0
14
0
0
0
48
3
0
75
0
11
0
0
1122
45
0
46
0
0
4
99
0
0
22
0
0
0
0
5
0
288
152
296
15
8
108
10
0
0
1
6
0
16
117
11
11
2
18
199
46
0
309
26
4
404
118
2
317
38
0
3
0
1
0
0
22
92
2
54
0
25
0
22
3
38
0
0
0
0
177
1
44
455
334
19
0
0
2
0
42
4
0
699
676
25
0
0
2
24
8
1
0
1367
5
0
316
100
0
117
0
1
76
0
115
235
3
0
73
0
0
2
0
0
0
152
3
0
25
111
0
15
14
0
96
1
197
0
5
36
64
107
16
0
0
227
51
1377
28
304
4
363
0
349
6
1
62
0
28
14
1596
595
0
6
103
39
0
2
1070
0
0
205
10
21
0
14
0
0
0
82
0
0
14
147
392
0
0
41
130
153
0
43
0
0
0
3
0
0
0
14
124
8
8
0
4
12
0
0
1
0
526
0
0
47
95
294
25
41
29
94
2
74
51
73
25
3
59
262
74
1
60
0
38
452
40
265
0
0
9
2
15
162
41
0
6534
84
4
2906
139
3
0
51
181
0
291
0
0
2
86
0
0
0
0
169
0
3
0
11
0
109
3
0
0
195
1
0
218
5
43
0
22
1
0
15
0
9
0
206
5
0
59
0
18
35
0
68
0
34
110
0
0
0
153
3
518
102
71
324
76
31
0
14
0
0
54
1
0
8
20
111
0
3
439
1
0
182
2
503
2
170
0
124
490
16
0
0
1
69
1840
0
0
2
0
6
0
0
0
1
0
92
115
25
0
25
41
71
175
0
916
305
0
29
199
263
0
46
11
121
825
0
10
0
0
0
1
191
10
21
0
0
22
31
0
2
9
0
42
20
1
100
0
2
0
0
2
21
0
0
81
2
462
227
5
0
510
35
0
17
4
64
0
1
0
7
0
0
0
40
0
5
0
1508
298
0
0
652
0
18
166
906
35
1
8
142
1
0
1
0
3
121
368
4
126
20
59
41
0
519
27
7
7
0
0
1
0
28
1378
2
60
1341
3
0
6
0
0
1411
127
0
0
8
791
0
284
0
109
191
38
160
0
0
152
0
43
2
0
5
1034
1
2
120
37
0
59
1
68
10
0
58
0
61
0
17
633
623
32
0
0
143
17
0
155
26
14
0
0
0
0
0
13
371
0
213
1
0
406
35
0
0
0
263
4
21
55
173
9
0
0
16
0
595
0
2
0
210
7
0
1
0
246
0
486
0
0
136
0
0
1
0
0
890
1
0
0
11
44
0
27
0
0
0
0
36
11
0
8
0
0
3
434
292
0
14
7
0
110
1
1
7
3
164
106
409
17
30
94
0
0
49
9
161
156
0
3
142
47
67
35
547
9
811
0
396
165
3
0
0
2
1
45
39
110
66
0
129
0
2623
0
0
0
16
29
43
87
1
0
0
8
0
267
148
0
0
0
0
0
385
396
80
32
1056
0
0
0
145
1
0
3
41
160
0
17
60
14
0
2
0
0
709
372
258
18
1624
1
0
66
231
67
2
0
42
577
50
2
1
0
1
1
8
787
0
674
0
7
19
562
5
118
0
1
5
19
95
0
2
26
3
2870
1
23
155
1
0
80
58
10
4
6
37
0
4
2
2
0
6
0
3
0
0
0
9
0
0
148
0
277
29
0
0
284
0
0
2
350
1
0
0
244
365
13
140
240
65
0
0
70
61
0
72
511
0
0
2
498
2
4
0
0
2
10
9
2044
69
69
51
274
15
0
0
0
0
0
485
1
67
0
122
0
3
113
0
103
0
47
7
0
0
0
2
0
0
1
0
0
21
4
16
0
4
4
29
65
0
7
14
0
0
0
1
0
1
21
0
21
395
1
0
1
449
0
0
8
0
0
14
0
5
26
91
0
1460
118
84
13
0
113
0
344
1
0
1
475
76
108
0
2
2
2
26
0
0
1
563
4
0
12
67
1
251
0
0
329
176
27
0
5
89
78
1
0
0
1364
60
0
0
26
2
0
0
0
0
440
2
93
1329
300
435
24
0
0
31
44
53
0
0
0
2098
164
425
306
3
0
120
118
157
25
28
0
0
10
162
317
0
0
87
715
0
194
716
0
1
0
95
0
3
355
193
299
160
33
2
0
70
603
36
0
10
152
3
0
15
1
109
187
0
0
48
66
1
16
25
1
162
1
8
333
128
14
1
382
0
1
17
52
28
0
4
367
0
106
1
37
558
0
0
74
0
0
362
0
2
0
4
179
0
303
0
72
0
0
0
1
758
19
64
186
288
36
69
9
79
1
2
21
42
69
8
35
14
370
40
57
160
764
255
0
272
1
148
60
290
131
4
0
0
84
17
79
0
26
662
124
287
0
67
40
5
0
0
0
12
758
0
97
318
59
384
0
36
6
0
0
26
59
9
89
0
585
1
0
0
0
73
241
0
2
0
75
0
3
0
789
90
18
31
0
5
0
0
93
12
297
379
0
0
0
53
0
13
2
265
3
0
106
4
0
24
0
6
0
76
148
0
37
154
0
369
0
22
17
331
0
432
0
31
0
0
45
3
5
35
61
344
202
0
0
3
0
1
40
0
531
0
153
1
4
485
34
82
2
0
65
0
34
134
136
17
23
134
1129
0
371
26
1
99
739
19
4
0
2
8
2
24
312
0
0
0
8
3
0
19
13
17
49
0
20
0
0
5
0
0
1
103
7
0
332
0
0
39
639
3
0
0
34
337
0
191
18
5
0
28
0
986
0
0
0
0
179
0
704
0
14
28
0
2611
2
0
55
96
0
0
5
1
161
163
106
81
10
0
0
27
37
3
1
0
1
4
0
67
0
0
0
30
0
18
0
15
15
2
0
112
12
13
4
0
3184
162
31
0
157
204
3
492
10
1029
0
0
725
951
253
307
55
0
0
0
21
0
829
0
0
0
72
0
0
4
11
0
0
0
48
0
1
0
0
56
0
5
628
0
1
0
0
0
5
320
13
1
175
89
30
0
0
0
0
188
2
696
0
0
0
0
0
0
0
285
16
0
0
200
27
400
0
43
795
142
0
0
111
1
36
2
11
12
0
0
229
155
0
26
68
1473
14
1
259
1
0
39
15
0
5
0
0
0
1
2
0
220
61
2
0
0
128
138
524
0
0
0
26
0
0
0
3
0
65
0
2
25
15
232
6
3
0
0
453
27
0
8
1018
0
0
206
0
82
6
0
69
38
0
0
0
0
23
270
0
0
0
3
10
5
0
15
276
341
0
8
0
0
0
0
130
0
1
1
68
2
0
0
13
0
11
0
0
14
26
0
0
1
22
0
1
0
19
7
43
7
1
0
0
0
22
1
0
204
0
0
0
185
0
0
279
3
2
29
0
0
13
0
86
58
5
0
274
37
60
0
0
121
2
70
33
0
4
49
602
2
24
8
10
262
0
41
19
0
4
0
4
4
54
249
728
0
0
0
7
0
0
0
20
33
0
75
0
17
2
0
0
2
0
0
8
1129
0
337
79
0
0
1
18
12
2
129
3
0
0
0
11
6
779
477
5
70
6
6
136
1
0
0
99
3
3
41
1
16
0
0
0
22
1
0
1
20
0
90
14
4
11
32
62
0
53
3
0
0
2
0
7
0
0
0
0
37
0
98
5
34
62
3
0
0
0
0
5
0
0
0
19
8
0
617
62
0
0
0
120
48
0
17
170
19
54
260
7
0
1
95
0
36
0
38
5
1
5
0
59
108
74
150
21
0
10
0
0
541
0
97
0
0
3
165
61
0
2152
307
3814
119
37
41
129
587
1289
0
8
0
13
9
0
2
5
0
0
97
57
170
0
56
42
7
216
228
2
0
519
0
37
0
167
2
880
9
0
58
0
0
363
324
14
55
27
2197
16
141
0
0
3
15
40
92
10
0
59
682
4
21
2365
0
81
0
5
0
0
1
5
0
21
2
3
148
1
1
60
9
25
1
0
0
25
73
5
3
0
0
0
9
0
3
575
68
1
0
0
47
1075
0
185
8
260
48
0
34
5
4
20
1
0
1360
0
0
66
0
85
110
0
0
0
5
11
11
84
1
0
225
10
81
0
71
28
0
55
1
3
0
0
0
0
80
9
216
3
53
0
0
78
0
5
0
33
0
202
0
0
0
0
0
0
0
33
0
582
4
74
4
0
10
0
0
5
72
0
12
0
0
0
0
1
5
198
3
0
83
6
71
0
6919
6
0
98
0
117
3
14
11
9
1
41
60
0
0
94
0
12
0
0
0
0
35
146
0
12
0
17
34
0
0
321
10
0
308
0
0
168
34
12
1
6
29
48
0
0
74
0
15
0
0
0
117
6
228
0
0
75
18
19
0
1
19
3
6
0
0
2
0
0
1
1
126
3
3
0
9
233
181
31
0
0
6
0
32
0
21
0
0
87
0
0
63
6
50
273
638
4
355
0
495
55
0
373
127
201
0
0
0
1073
2060
5
86
14
0
38
3
239
0
0
47
3
0
0
0
5
0
0
0
0
0
78
0
191
0
0
72
0
247
22
0
3
0
0
25
1728
180
392
0
248
329
0
3
25
0
0
32
350
0
12
1124
298
162
1535
1
169
247
0
46
0
0
1
0
0
1
57
0
1
0
10
9
0
363
0
1
35
30
7
0
6
43
1
0
0
0
23
397
0
62
108
12
48
0
79
21
1152
0
0
0
3
73
0
1
272
30
2
0
0
79
106
2
0
105
363
0
1442
959
0
157
150
2
265
0
802
0
0
4
0
372
314
0
0
2
593
272
0
0
80
43
22
20
0
7
4
0
148
349
1
0
0
102
0
43
0
0
122
0
156
3
0
77
204
0
0
0
5
0
28
5
1
31
227
0
373
1
272
0
5045
91
2
219
10
0
38
31
99
86
16
0
106
2345
60
146
2030
0
0
27
2
335
5
15
397
66
0
0
392
272
0
0
0
5
0
115
4
75
817
25
18
0
40
528
6
258
40
3
21
94
211
0
1930
3411
0
0
417
681
111
0
0
1
13
0
294
4
0
94
119
1
0
9
0
0
4
23
0
3
1859
2014
1
1123
499
0
746
40
11
131
0
32
189
2
939
2
770
101
93
1
930
0
0
231
6
952
19
0
160
116
0
106
16
1835
22
482
19
57
0
16
173
106
1004
31
130
1
48
0
99
0
0
0
0
0
0
47
0
7
0
40
0
1
24
6
0
1
0
0
2
99
182
1
0
0
242
0
0
699
4
0
0
9
581
0
0
10
13
145
3
1
0
61
0
3
5
1135
20
145
0
0
2
0
0
0
108
16
2
0
13
0
11
43
72
1
19
8
427
3
110
2
2
3
0
7
10
12
0
39
101
0
33
64
0
14
37
0
224
2
46
43
158
4
6
0
129
0
0
1848
8
0
3
9
72
1
566
2090
116
150
67
0
353
17
4
137
66
649
0
218
0
0
160
21
0
17
63
204
0
33
0
3
2
0
0
19
3086
0
62
41
0
1
4
0
12
0
2
83
684
36
22
13
15
0
17
3
17
2
0
3471
135
97
116
0
120
0
40
269
0
21
1
0
0
0
0
46
44
29
63
471
83
173
24
0
19
214
587
0
7
7
5
1389
286
9
2
0
0
0
30
155
2226
107
6
510
1
10
3
708
42
0
0
0
136
235
0
17
0
0
9
32
33
0
1431
356
9
0
2
1
168
7
0
53
64
0
1
36
558
456
0
2807
34
195
0
501
2
41
0
1275
12
131
0
9
0
30
0
1
0
325
88
5
2
32
1
15
1086
58
0
0
0
0
1353
0
348
0
30
146
1
217
8
81
3300
6
300
44
176
0
42
102
0
0
0
651
396
0
0
0
184
0
0
2
170
29
0
1
0
0
9
3
2
8
24
0
0
597
0
516
16
0
0
0
71
1
0
26
0
0
4
0
55
0
1
23
150
83
0
342
28
0
0
101
0
82
0
0
0
85
1
16
0
0
186
0
0
214
17
0
20
0
63
178
0
212
0
8
0
0
470
0
0
0
538
21
0
49
16
49
0
74
1409
0
0
0
202
89
12
60
0
33
0
21
0
10
0
0
26
101
41
1
0
0
0
0
20
0
0
16
2
3
389
0
29
0
32
14
0
6
0
4
0
108
3
37
0
0
22
20
19
76
0
1
0
3
125
3
12
16
2
1
3
0
18
13
0
887
19
2
2
286
482
61
0
11
89
99
43
0
42
58
9
0
101
2
0
32
11
0
7
0
381
0
42
0
1
0
2
100
97
46
234
272
0
0
38
217
5
0
4
4
0
1
1074
100
0
361
11
187
0
0
26
16
0
1
0
0
0
5
0
0
0
0
640
22
8
0
0
39
0
1
10
0
222
2
7
64
12
2
13
136
13
242
0
238
24
131
0
0
8
59
115
1423
14
0
0
0
0
95
0
0
0
4
9
0
142
0
18
9
5
15
0
0
10
0
0
0
0
26
1
0
23
1
70
1
66
0
194
62
53
112
0
0
81
0
60
3
0
0
88
20
205
141
0
65
306
39
0
3
51
464
2
0
20
0
604
0
6
0
25
48
43
24
8
4
23
0
0
9
79
6
59
0
4
573
4
0
21
11
1
0
168
1
0
0
0
0
74
125
31
0
0
0
1
52
0
344
1
29
84
11
273
143
27
0
0
281
17
195
485
0
0
114
0
16
0
334
413
203
5
0
0
12
3
3
29
11
0
0
2
0
1
3
19
0
201
0
4
83
0
84
2
4
0
111
10
0
1
12
55
0
0
59
0
2
0
0
0
9
0
0
2
0
2052
114
302
1
1
0
3
0
63
0
0
28
456
0
10
0
299
51
31
5
0
77
4
12
31
1223
1
1
24
12
1
183
249
0
0
0
0
328
8
67
172
5
0
33
60
1
0
5
0
21
617
187
0
0
4
175
3
5
0
0
0
23
33
3
41
3
44
0
9
542
42
0
9
8
3
38
14
0
33
44
258
50
318
1
19
1
6
108
0
9
7
2
0
0
0
0
0
7049
190
1
2
0
323
2102
1
5
0
1
393
47
0
1200
48
0
0
772
1
0
22
5
1
0
235
2
4
0
0
0
2
0
1
0
0
598
0
0
4589
4
5
0
0
0
0
22
0
0
32
0
42
840
0
0
36
133
124
0
252
2
13
2
0
41
0
177
0
1
0
687
3
103
0
0
21
210
16
35
42
263
0
3
32
72
10
4
0
0
3
0
0
65
227
0
0
0
4
0
20
0
0
706
0
0
0
694
146
131
1
70
1
318
3
7
92
412
0
3
0
23
14
349
0
0
110
0
4
0
0
38
6
1
0
122
10
66
0
0
90
1
45
0
0
175
0
82
350
79
49
0
23
426
21
12
153
0
0
0
74
90
0
118
2
134
194
1
0
90
97
89
0
0
0
73
350
606
32
1396
0
27
1
1097
3
425
397
0
11
0
241
1
0
129
5
81
35
0
85
0
0
0
47
0
1
246
214
261
0
0
1603
19
66
0
174
190
276
611
0
0
0
3640
0
593
1
1
251
3
1
0
1
0
0
9
0
0
6
6168
48
55
2
0
137
1
220
1721
158
0
159
55
457
0
0
0
0
98
0
0
4
86
1
172
145
328
0
150
4
129
0
619
0
0
2
108
451
278
14
482
5
1
1
399
115
0
720
0
271
1
0
18
75
0
8
0
0
0
0
159
22
7
274
0
98
3
1
0
89
0
4
2
7
0
0
2
14
46
0
117
35
19
196
7
2
0
1968
335
13
414
0
0
105
3
38
236
0
70
611
12
364
46
18
5
106
0
0
416
1
0
699
6
0
229
114
17
0
0
3
576
0
114
7
298
442
74
0
4
0
27
1
315
5
94
2
150
24
12
1
867
226
0
375
5
2
1
3
26
38
14
221
278
464
2
398
2
4
0
0
0
93
99
32
640
19
178
394
168
9
93
19
5
2
0
63
0
5
0
0
3
0
170
0
423
350
0
0
2
32
0
116
14
0
7
0
9
0
0
85
41
1325
0
4
0
0
1342
5
1
1822
5
83
225
0
24
0
1
4
2
11
320
562
36
152
155
287
0
60
84
2
2
6
65
0
0
167
0
67
45
4553
1
9
686
336
22
0
88
0
0
20
1
167
396
173
30
126
20
31
5
4
23
22
30
133
363
4
56
45
0
1
4
0
327
45
101
0
3
0
0
2
0
8
4
162
5
66
0
0
0
0
0
63
1
0
17
16
0
291
72
1
0
1
0
173
0
0
700
367
12
112
5
4
427
87
0
0
62
0
0
6
0
8
0
304
463
78
82
0
780
1
0
12
60
0
916
11
75
0
5
0
12
1
58
6
37
270
13
0
12
2
0
988
259
87
1
19
0
1
13
78
3368
0
0
0
1
29
11
76
0
1
104
0
362
1068
708
0
47
715
928
292
23
0
0
0
39
21
12
0
15
19
10
1
30
0
4
0
0
73
0
9
79
0
156
15
383
145
198
53
177
0
3127
64
4362
18
63
3
8
189
0
154
130
751
56
5
5
9
54
0
0
353
23
146
24
107
217
0
323
4
496
710
131
100
185
0
12
0
271
541
2
6
4
173
2
368
15
0
53
1
8
0
1
200
112
0
0
65
5
51
179
82
0
0
0
1
51
0
0
733
644
171
175
2
16
102
355
86
364
133
0
52
47
28
0
49
33
47
0
203
9
0
0
0
1
0
3
205
1
929
760
151
0
523
207
6
2
243
3
1
0
0
0
0
0
9
26
0
8
159
27
0
202
12
2
377
284
499
0
0
0
583
385
395
86
1
419
156
15
198
38
24
0
39
777
56
382
0
0
1
167
147
88
236
36
294
2
0
0
0
9
0
0
6
53
0
20
6
0
0
0
207
13
0
5
16
88
3
70
54
14
0
0
5
145
0
69
77
37
0
1
2
1
123
0
6
16
0
154
9
0
0
10
601
451
428
66
4
7
3
659
0
0
8
196
21
0
25
19
0
0
0
75
25
112
52
15
0
8
4
45
1
160
100
29
0
8
0
91
1
0
0
49
47
0
720
7
0
121
40
2
0
107
18
57
241
68
1194
0
0
2
42
51
294
0
619
0
1707
62
3
179
0
557
0
143
29
373
485
1
945
969
0
0
0
0
0
11
0
287
93
6
53
131
0
22
0
58
3
0
0
322
201
200
394
83
559
686
268
0
2
30
1
68
99
0
1
0
8
6
27
0
7
1432
1
21
87
175
5
0
0
0
22
16
151
0
0
379
2
5
0
657
142
309
0
56
0
0
0
0
47
1
176
0
10
0
0
59
67
0
5
0
12
1055
0
154
1
0
0
2
3
0
0
0
169
232
6
7
530
9
86
151
186
0
24
1
1582
164
31
130
0
8
0
0
0
6
0
465
3
74
78
28
0
8
0
26
0
8
20
21
11
1
0
0
0
107
0
121
0
0
0
0
553
0
0
2
57
0
0
0
4
0
0
0
1113
105
333
3266
1488
0
8
0
142
3
0
0
65
365
14
482
0
0
0
0
438
13
53
2
466
68
14
481
28
5
200
250
35
50
0
0
0
0
0
0
0
0
2
106
4
0
0
0
0
0
0
52
90
28
264
86
0
4
2
0
0
0
296
225
0
0
0
0
0
0
140
136
0
0
0
0
6
0
0
2
10
0
0
0
2
0
4
14
97
54
0
0
0
0
0
1683
408
0
511
19
0
5
28
121
277
1548
55
88
0
2
0
0
81
0
19
3
1
0
0
0
0
256
13
0
0
0
0
0
0
1
11
78
0
128
99
1
0
0
1
17
31
0
0
650
0
0
1
52
85
542
16
50
13
45
0
0
16
0
0
89
35
0
1
127
17
0
2
0
1
1
57
1
30
12
0
0
0
0
0
0
0
595
53
556
0
0
0
0
0
0
0
0
0
0
0
0
14
0
0
0
0
2
0
4
0
3
1
36
7
261
0
0
0
0
2957
50
188
26
281
107
219
258
54
3144
7098
276
0
22
17
0
0
0
653
137
64
0
0
0
103
0
0
0
133
0
0
38
15
129
96
0
0
1
0
10
18
0
0
13
4273
9
76
0
0
0
0
19
37
0
4
23
0
1
2
0
296
126
0
0
4
0
112
22
0
8
10
0
0
0
0
0
0
0
0
4
108
46
0
0
546
556
139
218
1879
0
3
4
2
2
2
0
3
4
0
0
163
15
0
0
1
7
20
0
0
0
0
0
29
19
0
0
1
251
56
240
26
38
665
0
544
669
14
0
0
0
0
0
0
0
0
20
0
49
0
0
2
0
1
0
0
0
0
0
0
0
273
47
1404
2
2175
3304
275
0
0
13
19
0
146
0
0
0
537
133
0
0
142
568
141
25
0
4
3
157
0
1
0
0
0
1
1
0
0
0
0
0
0
0
0
0
0
0
0
0
67
2
0
10
77
0
3
0
218
0
0
372
2
3198
216
63
36
0
84
0
0
55
0
0
0
0
0
7
0
0
10
0
2
506
458
0
1314
16
24
0
0
0
4
0
0
0
0
0
695
443
0
0
31
4
0
0
0
0
13
66
0
0
0
0
2
38
0
0
15
0
5
0
0
0
0
0
0
0
0
59
0
0
0
0
0
0
1
0
0
0
1
0
0
0
0
0
1
0
0
0
0
0
0
0
0
0
0
0
