BitC_45_1
2
0
20
1881
17
221
18
0
1
0
0
269
24
507
0
0
941
6
0
191
566
76
0
2
0
1011
0
82
3
8
25
6
0
56
5636
45
0
0
9
1
9
0
0
4
4
1184
0
196
47
124
0
204
0
1835
0
21
210
92
0
730
38
4
0
0
14
25
1
2709
62
9
2409
381
78
37
69
0
1251
3
15
0
1
0
2
36
1130
0
104
283
18
14
476
1
1416
0
0
1241
19
0
2639
0
23
2
9
806
85
1
0
0
0
288
0
0
94
0
5
0
0
221
123
937
29
0
0
275
78
303
182
0
1474
57
0
5
1
180
2
0
3
213
14
0
14
3
13
0
506
87
7
23
38
40
5
0
379
4
5
968
1
1
34
834
0
0
2
0
175
39
55
315
0
0
0
7
58
0
0
154
77
0
0
98
272
669
0
104
80
562
327
5
182
0
0
550
137
34
0
176
0
0
5
60
46
12
3
33
15
27
5
109
30
146
0
9
109
0
0
7
94
7
0
36
1093
0
30
279
0
8
5
312
13
127
2
0
85
368
402
0
324
36
1
0
0
0
9
332
0
12
145
319
5
16
220
261
88
0
203
114
2
0
0
5
136
205
104
1891
138
0
0
0
105
83
1
488
1
0
35
4
0
0
1077
156
1497
91
0
2347
0
689
2
0
0
190
0
0
0
1
0
0
121
0
335
0
0
3
0
62
356
0
264
5
4015
0
0
1
2
0
0
149
0
258
221
0
82
0
337
79
0
52
13
18
0
43
636
810
153
0
0
312
12
9
0
0
647
312
89
406
0
9
124
49
81
0
869
0
81
36
33
5
1173
295
11
0
14
2
0
784
1
1
0
118
68
3683
188
1682
24
495
0
0
5
7
0
290
0
304
0
10
3461
0
79
73
44
0
359
2
0
290
572
1080
144
0
195
106
60
0
0
0
1
135
16
0
2
0
0
144
7
2303
6
62
0
186
0
0
965
184
7
0
111
0
17
2193
137
0
76
29
53
8
61
1
311
0
0
0
29
0
2280
1960
0
61
1714
218
79
0
0
0
41
0
0
5
0
1
0
0
4
55
0
0
0
21
96
0
898
0
162
0
215
0
1
0
1
0
533
269
498
64
86
716
458
93
0
0
17
0
35
338
86
91
0
107
0
11
0
0
3269
0
402
113
34
187
22
0
117
2
30
0
6
443
16
683
11
0
39
0
216
154
0
506
0
32
12
31
18
142
41
65
1118
0
15
103
485
300
33
0
1
0
40
0
162
124
0
0
31
0
4
0
33
0
0
6
7
0
1
0
0
126
0
358
2
269
0
0
0
711
344
45
0
353
2
400
46
35
0
17
0
234
2
1105
8
27
8
5
0
47358
0
11
0
327
0
977
169
1
1
15
190
2
0
0
2
412
0
1
0
0
1561
2
243
91
8
0
173
15
43
50
0
19
0
48
0
23
38
0
0
1
78
5
0
44
2
74
176
78
300
222
535
2
0
3
0
2
0
2
0
301
603
242
85
162
18
560
8
0
553
3
0
216
0
2
194
0
299
179
5
4
0
0
391
0
2
6
419
0
0
0
1
490
9
386
9
9
0
0
0
1
80
22
24
908
0
352
197
1577
17
14
1
1
24
2
52
0
13
10
181
36
2
68
13
6
0
0
31
12
182
0
91
1907
56
88
143
3205
1397
9
0
1688
269
15
7
4
609
0
0
0
3
289
251
6
2
33
52
0
58
0
18
38
472
0
99
2
335
0
0
0
3
0
0
703
426
0
0
608
6405
0
242
8
226
49
210
91
0
0
203
8
4
189
1
21
875
0
0
459
102
49
86
57
245
351
15
39
48
0
0
0
1690
0
49
1
0
435
9
0
0
2
341
24
0
3
14
0
185
22
0
22
0
354
63
2224
85
25
0
452
2
21
0
0
48
0
156
43
1
1
0
0
0
0
24
35
4
2
0
16
16
377
168
0
3
3
7
0
1
486
1
525
1444
442
673
460
200
296
99
6
20
359
0
160
64
4
1081
6
218
112
325
2
0
400
1
3
39
2
48
706
13
0
0
1
0
0
676
660
7
0
0
2
1255
0
0
2413
12
15
0
298
0
0
1042
87
264
339
74
1
0
1
0
0
143
150
248
0
0
15
2
536
11
1
14
52
0
62
33
56
49
0
266
2
0
542
1
0
0
0
89
0
443
501
42
56
144
9
45
0
3
51
282
256
222
56
5
105
15
0
1772
376
0
151
0
150
0
0
55
202
0
88
0
3
1
4
2
0
0
211
96
14
0
0
2
40
68
0
0
1048
54
15
399
5
3
0
0
4
5
0
1334
43
497
531
1
101
2
0
3237
0
1614
36
1
0
2261
627
480
137
1808
0
106
0
0
2547
0
0
1
0
81
0
0
0
0
8
399
1355
482
78
0
0
0
85
76
23
2
0
0
86
979
348
233
13
0
0
58
138
10
0
0
0
30
0
1139
500
1313
510
0
2
0
1
0
110
0
1
5
346
58
116
0
28
310
616
0
174
798
666
173
11
66
0
0
264
10
0
54
0
0
1
2
0
33
47
3
0
0
0
0
1094
765
0
0
5
160
61
0
0
0
0
69
25
0
416
0
1
46
1
122
613
0
592
123
25
10
2
106
0
0
0
0
608
476
146
436
309
132
364
823
211
164
4
23
34
25
65
0
0
0
0
9
1727
3
1238
0
0
162
41
1
15
400
134
145
587
2
52
54
0
2
5
15
0
19
0
0
681
286
34
1
0
1043
0
0
0
116
15
2911
862
0
74
2083
8
344
31
143
57
401
268
0
0
58
0
945
39
882
0
479
3
194
0
241
360
31
0
722
0
0
105
0
155
435
0
0
2
340
0
154
0
0
10
109
0
199
0
0
25
0
0
2
2
15
0
112
11
59
0
438
632
11
260
484
0
0
1485
2
0
0
670
40
54
0
126
0
8
0
315
57
0
0
245
0
1329
0
0
0
21
5
150
59
289
59
0
118
4
16
0
33
64
539
99
1
0
138
0
244
730
152
1
0
2
2
2358
29
14
5
25
25
24
5
14
0
0
4
1950
0
639
20
0
27
21
26
207
0
550
0
100
334
0
109
4
449
0
0
0
1266
1
0
6
10
4
0
0
117
9
0
131
1
537
12
0
77
8
0
1598
1
20
2215
11
495
0
208
7
56
4
0
0
126
315
0
0
12
128
24
0
0
2
0
3
38
0
206
0
0
3
11
76
5
0
0
2
102
572
401
0
0
0
185
0
0
947
368
30
62
7187
7
43
222
4
74
35
132
0
7
40
1918
11
26
75
37
142
0
3
328
50
15
88
9
1759
88
172
342
135
0
13
0
52
2
1
5
0
234
1
16
0
2001
2
40
594
94
65
0
0
0
1
59
0
205
0
0
318
15
0
7
4
0
11
0
685
0
13
61
0
61
0
0
8
0
0
33
0
0
29
0
0
0
1
0
0
0
183
1
367
0
37
64
113
2
0
112
2
2026
61
0
0
0
2
13
9
360
38
739
0
1143
17
400
644
0
0
0
1405
0
142
547
1950
4477
0
0
0
20
0
23
0
0
10
0
0
998
260
1659
15
18
235
0
21
0
185
1115
119
1330
0
1377
1
157
7
69
47
0
3
0
0
0
0
0
0
465
333
0
128
45
0
0
0
244
571
612
37
198
4127
5
454
0
178
228
69
364
1514
0
9
3
183
52
0
7
290
110
65
2
1
27
146
1034
0
5
0
31
263
1
1064
0
0
19
6
3
348
4577
0
192
0
0
1
275
0
480
0
69
4
3
1430
51
6
29
0
5
6
13
480
2
0
0
8
0
0
5
217
39
14
0
3
5
0
2
3
260
0
2
25
0
50
234
91
0
0
0
0
68
0
10
0
2
115
736
12
824
1398
130
533
241
5179
0
53
3
183
14
0
533
1
327
14
0
0
6
0
427
66
0
23
352
0
91
6
5
0
0
43
0
0
1180
258
0
0
430
832
394
5
0
41
0
41
0
1190
0
513
10
0
34
0
36
0
0
0
0
63
0
0
0
0
16
1010
100
16
0
85
10
102
39
8
38
263
6
107
0
42
3685
964
0
296
1
0
1
210
49
0
0
0
3
23
633
46
0
1
5
0
0
1
0
0
72
25
0
0
183
160
3888
5654
218
523
0
0
28
18
8
0
0
0
0
50
146
0
424
43
1326
69
0
0
115
48
2
139
1
0
96
422
0
1
69
0
1
0
265
0
0
22
0
52
149
1
32
9
0
30
412
1
4
0
0
32
299
4
9
2
117
1
286
75
702
0
70
1429
212
0
0
2529
211
154
3161
18
0
11
1
0
2
4
67
0
20
28
0
49
1335
0
0
0
0
0
0
19
96
211
0
1
77
29
8
0
299
331
164
263
289
49
1
0
7
327
0
0
4
83
4
8
15
14
0
0
4
22
17
129
15
0
0
0
0
0
0
0
55
2
1
0
125
0
32
0
2
40
271
1
31
2
548
0
416
12
3
39
0
0
0
0
0
884
6
5
6
34
0
409
388
8
0
244
0
0
0
0
291
1
490
602
349
240
0
92
62
11
3
23
225
186
0
8
0
1760
0
14
0
52
2
34
2
55
25
0
0
212
3
289
165
730
494
2
0
2
4
4
9
99
376
119
0
19
0
58
49
0
0
181
0
11
1
0
255
30
12
87
248
957
13
0
131
0
165
0
0
1
54
16
280
82
43
0
1542
56
0
0
150
0
1
7
262
2586
16
0
7
0
8
5
0
1
0
21
376
5
15
1191
257
4
788
0
38
31
0
0
226
0
62
0
1
6
1
22
0
0
8
1131
0
70
619
1
0
2528
331
0
0
0
6
5
5
453
12
30
0
0
0
0
2
0
1
347
0
0
52
0
4
8
0
5
25
0
0
0
410
0
2
0
11
41
868
205
5515
18
747
58
5
3
30
12
53
595
0
1103
1493
0
39
148
6
488
0
0
9
762
0
63
59
0
0
1301
0
48
70
0
0
53
131
0
16
303
216
0
515
0
388
1
987
22
0
266
0
28
75
116
12
428
9
2
0
2400
208
113
12
3141
1
56
3
1098
79
0
79
0
183
217
164
0
1
4
0
19
120
0
10
1639
465
2520
345
0
0
0
0
19
82
0
154
127
32
811
350
0
38
43
86
0
3
7
0
691
0
69
0
144
4
25
0
0
8
0
0
1619
123
0
0
98
16
18
0
56
13
619
15
4
0
195
69
0
14
2
0
0
0
866
731
4
0
501
42
227
150
86
31
0
10
9
0
11
2
0
9
29
8
61
8
0
0
96
290
0
0
362
0
0
12
404
300
114
0
0
294
0
137
272
1
0
171
0
0
1
185
294
3
0
0
0
21
24
138
4
0
0
222
3
0
0
0
10
0
485
45
42
0
0
13
3684
5
191
0
24
0
96
7
1
1655
2
0
14
181
135
0
4
0
12
110
3
36
0
64
0
771
0
4
648
5
1
4
0
4
0
0
20
106
11
0
40
0
0
24
43
6
0
0
405
1
1
0
330
20
12653
0
27
33
198
0
28
3
0
0
0
326
89
1026
2
316
0
0
47
2
0
15
0
76
1679
2
90
0
140
0
1373
7
628
136
1
17
0
0
0
0
4
0
3
0
9
0
0
5
294
839
130
0
0
474
15
1
283
418
18
236
30
0
2523
94
0
61
0
0
0
497
23
193
0
36
5
0
0
739
392
0
2332
33
39
4
0
116
96
0
632
0
0
1047
46
401
77
2
325
6
0
81
93
13
7
27
0
0
0
1
231
373
138
0
16
0
37
0
0
18
0
67
16
0
340
84
40
1
34
0
5
2685
231
0
20
2
56
607
14
65
1267
101
0
0
5
530
123
0
6
15
6
0
0
0
127
206
0
178
4
0
0
0
4
278
9
172
1
0
9
127
236
0
1
0
0
269
596
11
44
0
0
165
0
0
0
20
251
2322
1
3
1003
21
119
127
0
131
1
1
9
772
8
0
25
291
104
30
1
0
10
0
1
1209
0
1
1363
12
25
24
3360
69
0
0
196
2158
188
1495
240
1
102
7
415
2
62
57
35
7
0
0
0
97
0
0
1667
0
3349
2
0
20
0
34
0
192
91
0
336
211
62
0
202
306
4777
20
29
144
11
447
154
0
36
1
186
0
2
0
411
271
0
199
1
10
23
219
0
78
721
129
77
47
124
0
114
11
1802
677
4
892
0
336
346
423
218
15
0
3
0
0
44
85
12
0
168
0
8
15
70
3
0
2253
177
232
379
68
65
3
0
46
74
0
750
0
7
2
0
0
1441
0
131
156
0
887
0
23
291
37
48
323
0
0
308
0
1
0
0
8
0
0
0
18
223
51
0
207
1
0
166
6
0
0
443
92
1110
171
6
1626
32
0
2
107
8
0
0
0
10
39
91
5
0
11
0
0
0
23
8
66
833
53
154
0
85
3
3229
0
0
1
123
0
11
113
0
52
14
62
39
0
546
258
72
373
75
0
0
291
356
1026
68
1
0
94
0
0
0
0
1138
4
1804
440
560
214
532
0
2
0
0
51
0
660
2
0
186
60
7
166
0
361
11
0
28
80
0
172
0
57
12
487
43
0
1619
61
0
38
3539
9
72
848
866
283
149
195
825
11
303
0
591
2373
1
147
42
3
0
0
136
0
81
160
1519
0
13
322
176
0
1219
363
55
0
0
0
0
1870
1
12
995
0
558
0
19
6
0
980
35
0
0
678
21
0
0
0
0
162
1
189
1
762
5
216
68
773
0
3
121
511
0
6
20
32
62
71
6
81
454
134
0
0
495
25
172
0
0
2
74
3
26
200
0
121
1
0
0
0
0
0
0
0
34
0
0
1
7
34
0
2
801
11
0
4
1786
0
0
1
1
0
66
0
72
0
10
42
0
0
25
177
4
0
64
78
0
0
0
306
0
0
0
116
5
5
0
0
687
2
0
10
5
0
0
1
0
6
2
2
0
0
26
2
0
15
459
0
0
47
0
0
280
7
574
9
1
9
0
53
0
0
0
47
0
195
0
0
4
0
6
0
18
0
0
374
39
5
359
50
0
1453
12
8
0
63
360
0
0
14
0
0
44
17
41
0
38
21
0
2
1122
662
12
5
145
0
2
42
0
21
37
0
41
0
0
0
0
441
0
5
0
0
1089
0
180
5
2
0
0
81
399
208
23
0
0
3
0
0
0
6
0
0
61
2
0
230
0
0
0
0
0
44
2117
80
2
1
39
0
0
0
0
0
0
0
0
0
0
0
0
0
10
0
0
4
50
0
0
0
54
3
78
0
0
0
0
0
0
0
19
0
0
0
0
0
0
112
0
0
33
17
210
9
0
0
0
0
0
15
0
0
6
0
0
0
0
0
9
0
12
0
0
0
7
0
0
0
0
0
0
2
0
0
0
0
0
0
0
3
4
0
0
1966
0
0
0
21
2
1
0
0
612
0
2
542
90
0
33
43
0
0
0
0
1
0
0
83
22
0
0
0
9
427
45
0
43
0
0
0
0
0
0
0
0
3
0
0
46
0
0
0
357
0
7
2
0
0
0
0
0
29
0
90
0
58
0
64
0
1
0
0
77
0
16
0
0
24
15
0
0
0
115
0
0
14
0
7
97
0
0
0
8
108
0
49
0
7
2
219
0
2
0
148
0
0
4
0
6
0
0
0
0
76
0
0
0
0
326
0
2
2736
318
0
0
111
20
0
0
0
0
0
88
0
0
81
0
84
6
0
0
0
8
0
0
0
0
0
74
0
0
439
0
0
0
0
1
7
0
6
0
0
0
0
0
1
0
4
0
0
1
26
0
52
0
0
124
0
0
0
0
0
226
0
0
15
0
0
0
0
0
0
9
0
0
14
0
0
135
1
3
0
0
75
3
0
0
62
0
0
17
0
0
0
8
1
0
2
0
0
0
0
0
0
0
0
2
1
1
0
0
0
5
0
0
0
0
349
24
0
13
19
12
0
0
0
42
0
0
0
5
0
0
0
0
0
0
0
0
0
0
0
73
0
87
0
0
0
0
46
0
0
0
165
0
3
1
0
0
1
0
1
0
0
21
0
0
0
0
0
0
1
0
0
0
3
0
564
1
0
0
0
0
0
0
0
0
0
0
13
17
0
0
7
0
13
291
0
0
0
0
0
0
2
3
0
0
0
0
1
8
0
207
176
0
0
0
0
0
0
0
0
181
1
0
0
0
0
1
0
0
0
702
24
0
882
0
0
71
0
0
0
0
0
0
0
0
0
1
0
0
1
0
13
0
9
0
0
0
0
0
0
0
0
114
0
0
0
54
6
0
81
0
41
0
0
0
0
0
5
0
0
0
0
0
0
21
2
1
0
0
74
0
3
37
0
0
0
14
0
0
0
0
0
0
0
280
0
0
1
0
42
0
0
0
0
155
0
0
0
0
0
0
0
0
0
0
49
8
0
0
0
277
293
0
0
0
1
8
0
0
0
0
0
2
0
0
15
0
93
1
0
39
0
107
62
0
8
3084
0
0
0
0
472
0
8
0
0
0
0
0
2
0
0
0
216
4
7
0
0
35
0
94
0
0
0
0
2
0
0
0
0
0
0
25
0
7
1
0
0
320
0
0
0
0
0
0
0
0
1553
0
35
0
0
0
0
0
0
0
0
47
0
0
194
0
0
74
17
564
0
0
0
3
0
15
0
0
1
0
387
4
0
0
0
0
0
0
0
0
81
3
0
0
2
0
0
6
0
0
3
51
958
0
0
34
36
623
0
327
0
0
0
45
0
0
7
2
14
0
0
0
0
50
6
1
0
14
0
0
0
0
0
0
0
9
0
0
0
0
43
0
41
0
0
20
1
3
0
0
4
0
0
1293
0
0
0
668
0
0
6
0
0
5
0
0
0
0
4
0
0
0
0
49
1653
125
0
0
0
0
0
0
0
0
452
0
69
0
0
0
0
0
531
0
112
0
0
6
0
2
8
0
0
1
0
1487
0
0
0
0
0
0
83
0
0
0
109
0
30
0
0
184
0
469
0
0
0
78
0
0
0
1
0
3
0
0
3
1
0
0
0
117
0
0
0
0
410
0
0
0
239
0
0
2
72
206
0
23
0
0
0
0
0
0
0
0
316
0
43
0
0
0
0
0
174
171
0
0
36
0
323
0
0
9
0
8
0
0
100
2
0
0
0
46
8
0
0
0
2
11
0
0
0
34
18
0
1
695
0
211
28
3
0
0
0
0
0
0
0
2
88
0
0
0
7
0
0
0
0
0
0
0
0
0
0
962
0
1
0
0
0
0
1828
279
24
0
0
0
0
0
11
14
0
6
0
3
0
1
0
0
0
0
1
0
0
0
21
2
0
0
0
806
21
0
0
1
0
1
5
0
0
0
11
4
5
0
0
6
0
52
0
177
1
0
5
0
0
1050
25
0
0
95
271
0
174
42
0
1
43
0
1
0
2
1
11
44
1
0
0
0
0
0
0
0
0
0
0
0
0
290
68
0
1257
6
0
0
0
0
39
0
0
0
0
0
0
0
2
0
11
111
22
175
0
0
0
1
0
0
0
0
104
0
0
0
61
0
0
0
0
0
0
1
1
0
2
0
0
2
18
22
0
0
0
0
0
0
65
0
362
0
0
0
0
2
0
25
697
0
0
333
4
0
0
20
0
0
585
0
0
10
0
0
0
2
0
62
95
7
52
0
0
0
1
7
42
0
0
0
0
0
0
0
0
943
312
17
1
108
0
0
0
0
1
6
4
26
1332
0
0
0
0
0
0
340
0
0
0
0
2
2
71
0
0
0
0
0
0
0
81
0
0
0
0
151
1
0
0
0
20
6
0
0
0
0
7
0
0
92
1
0
0
0
0
0
5
0
3
0
2
0
2
0
0
0
0
2
0
7
0
0
0
1
0
1
70
0
0
11
85
0
0
0
215
0
0
17
0
0
76
0
0
0
7
180
15
1
0
11
0
6
5
0
4
61
1
0
0
61
0
91
1
0
20
0
145
0
688
76
0
0
1
6
50
0
0
0
0
53
0
0
0
0
0
0
6
0
19
392
438
0
5
0
2
121
0
7
0
0
1
6
0
0
0
0
3
0
444
47
205
0
0
0
73
0
0
1
0
13
3
0
333
783
0
0
0
0
0
11
312
0
29
24
0
0
0
0
6
0
0
0
732
1
2
0
19
0
7
0
24
2
0
0
155
0
0
0
0
17
0
1
1
0
0
1
0
0
0
0
0
0
0
0
22
10
0
0
0
31
91
0
0
0
108
0
0
124
0
0
1
0
123
3
0
0
0
125
468
0
843
0
0
0
0
0
0
0
5
0
1
0
0
0
0
0
0
84
7
12
0
0
0
0
0
1
30
5
78
0
0
0
0
340
0
0
165
0
1
57
51
0
613
114
0
0
0
0
0
0
0
0
519
0
0
0
59
21
0
0
0
0
60
288
2
0
8
17
10
0
891
4
17
0
0
150
0
132
345
25
89
0
0
12
0
262
0
0
0
0
0
0
0
0
0
0
255
0
5
0
0
7
0
0
0
0
1
35
1150
0
6
0
0
0
56
0
0
171
26
0
0
2
0
0
206
0
0
0
0
0
0
0
0
0
1
3
0
7
279
19
17
0
0
0
0
0
7
52
0
0
0
46
39
0
0
2
0
0
0
0
0
0
0
154
293
0
0
0
0
0
0
0
104
391
0
27
73
0
0
0
152
0
0
0
28
1
9
1
80
5
4
0
109
0
0
0
0
1
0
0
0
0
0
0
0
0
4691
179
1
0
0
0
0
0
0
43
191
639
0
0
437
0
17
0
0
0
0
0
0
0
291
1
12
103
90
1
0
10
1
702
0
0
0
0
0
1145
2
50
0
0
1490
16
0
0
0
0
0
0
0
226
4
0
42
0
0
0
168
0
0
37
0
0
2
1
0
0
83
0
11
60
1
0
0
0
0
0
4
0
1518
8
0
0
12
0
1
84
495
0
0
4
0
1409
0
0
44
4
0
0
515
0
941
533
3
0
258
0
0
0
0
0
0
0
0
2
316
0
0
0
26
0
0
0
0
0
0
0
0
0
15
0
350
10
0
0
3
0
6
1
0
0
3
12
267
5
0
0
0
50
0
0
0
0
34
0
1
32
0
0
22
0
0
0
718
1
0
0
0
32
0
379
0
4
0
81
0
0
2
54
0
0
0
0
61
0
133
0
0
0
519
0
0
0
0
0
0
0
291
16
0
145
2
2
228
0
0
1426
0
1
10
10
0
2
0
0
0
0
0
0
0
0
12
0
0
1
0
2
1
3
0
0
0
0
172
0
0
0
78
0
0
0
0
0
6
0
0
0
0
0
18
0
0
0
0
0
0
1
263
0
3
0
0
323
0
0
0
0
164
2
0
1
1
0
5
385
0
2
0
0
0
11
746
44
16
0
830
0
1
16
0
0
1
7
1
96
1
2
0
0
0
1
0
3
0
411
0
0
14
3
0
0
0
0
650
41
2537
0
14
0
0
23
41
0
0
63
634
0
36
0
24
0
0
0
0
0
5
11
0
1070
3
22
0
4672
0
1
31
0
0
2
0
0
0
2
0
19
0
49
0
73
0
65
48
0
0
0
45
0
0
0
122
0
0
73
24
0
258
0
0
0
5
0
0
0
16
62
592
0
0
0
0
13
0
0
0
0
0
5
0
10
0
8
0
2
0
0
0
0
16
0
0
0
1
0
39
233
0
0
0
0
0
0
0
0
0
0
12
0
0
0
0
15
0
1
0
0
0
76
1
0
0
0
0
1
0
2
0
0
0
0
0
0
0
0
5
9
0
0
0
0
2
0
0
0
0
0
0
0
0
0
3
0
0
0
0
66
739
0
0
0
2
0
0
0
0
0
0
0
0
0
0
0
0
0
20
0
72
0
465
0
83
0
0
164
0
0
31
0
0
0
0
0
0
564
0
19
0
0
0
0
0
1
0
0
264
0
95
2
0
0
0
0
0
0
614
0
0
0
0
2
0
0
0
0
0
9
0
0
0
0
0
0
12
0
0
0
0
0
0
0
0
0
292
0
0
0
0
0
0
15
0
0
0
0
0
202
0
1821
1
0
0
0
0
2
0
0
0
0
0
101
0
0
0
0
76
0
452
0
0
0
0
0
0
332
0
0
36
0
0
0
9671
0
0
0
0
0
0
130
37
0
285
0
0
5
0
3
212
311
0
0
0
239
0
0
0
0
0
235
0
0
0
0
0
0
154
0
28
0
0
0
398
0
0
4
0
137
0
1462
0
14
0
80
10
1
0
0
2
0
0
2
0
0
0
0
0
0
0
0
0
0
0
1
2
0
2
0
0
421
0
593
0
0
2
5
0
0
0
0
0
156
1
0
0
0
0
0
0
0
0
0
8
0
0
0
0
0
0
0
0
0
0
0
60
1
0
0
0
0
0
247
0
0
0
0
0
3
0
0
0
0
0
0
0
0
0
0
19
0
0
0
1
0
0
0
0
0
0
0
0
0
0
0
0
0
0
0
0
0
2
0
9
0
0
0
0
0
0
0
0
0
0
0
0
0
0
0
0
4
0
0
0
17
0
0
71
0
0
0
3
0
0
0
0
166
257
0
3
0
0
0
54
0
0
78
0
8
0
1
0
0
0
0
0
0
0
0
0
0
218
0
0
0
0
0
0
2
0
465
0
0
10
43
34
0
0
0
0
0
7
0
0
0
0
0
31
0
0
0
0
0
0
467
0
0
0
0
0
0
17
0
5
0
0
0
2
0
0
0
0
0
0
0
86
7
17
0
0
0
0
2
193
0
0
0
0
0
0
0
316
0
0
0
0
0
1144
0
0
447
104
0
0
0
3
0
0
12
0
0
0
0
0
0
0
0
0
591
0
0
0
0
0
0
147
0
0
0
0
0
0
3
0
0
56
0
338
0
1
0
182
2
0
1
0
0
0
22
134
0
0
3
0
0
0
0
0
9
0
0
0
0
0
13
0
0
0
0
0
0
0
0
0
0
0
0
0
1283
88
70
0
50
0
0
126
2
0
8
1
5
689
8
0
0
2
5
1
0
0
0
0
0
0
0
11
309
21
0
160
0
494
76
203
0
0
0
0
0
12
0
6
188
4
0
103
5
65
0
0
278
166
50
529
0
0
0
77
13
0
9
5
0
0
41
0
27
84
0
130
0
2
0
50
3
2
0
0
95
0
0
0
845
9
119
0
0
4
1
0
36
0
287
42
356
0
26
0
2
0
0
0
222
12
72
18
37
1
21
0
38
0
0
303
7
0
0
52
0
55
2
909
56
0
0
0
55
1
8
5
3
1
0
0
0
76
0
164
0
1066
0
0
0
1
0
16
69
0
0
0
3
2
0
0
0
115
173
18
0
0
826
0
4
1
0
0
26
0
0
693
0
19
0
2
0
1
24
112
0
0
180
0
6
0
599
1
7
0
101
0
0
12
0
0
528
60
1
1
0
7
0
0
5
0
0
7
0
1
823
0
0
1
6
0
0
0
8
10
0
0
531
680
0
2
222
0
197
4
29
4
57
0
56
0
0
8
414
10
101
0
0
5
600
0
0
0
14
0
69
0
4
0
0
0
0
0
0
478
0
0
0
0
0
0
0
0
0
79
0
0
0
0
0
0
0
0
2064
4
1687
0
3
0
0
24
8
0
532
4
0
0
7
0
0
51
0
1773
27
280
0
1
212
37
58
5
27
0
1414
0
377
287
224
0
114
0
91
1457
715
0
0
2
0
1034
0
1329
0
0
0
0
3
22
19
0
0
0
0
141
1
26
7
15
72
251
0
700
1
15
0
248
25
3
0
219
38
2
836
0
14
27
0
9
0
62
0
0
0
0
0
474
1
1
4
1733
0
0
8
61
0
40
95
17
10
0
26
175
0
0
2
0
0
0
0
8
0
3
1
0
14
0
0
0
371
16
38
0
56
0
0
0
824
0
1
164
0
17
0
0
117
40
3
32
0
0
0
0
456
7
16
0
0
0
1
0
0
3
3
0
110
378
32
0
10
54
95
0
0
64
22
92
1
25
0
202
9
0
41
0
0
0
25
1875
0
42
0
37
1052
50
24
3
54
0
4257
23
0
10
3
4
477
0
0
107
117
279
0
155
338
0
0
16
17
70
6
409
6
0
0
0
0
0
10
120
0
0
244
0
41
8
0
81
0
0
0
0
0
99
0
22
98
0
2
0
0
0
0
0
735
9
815
535
268
29
0
40
15
0
4
0
0
0
1801
393
0
192
2
1
0
774
0
0
88
1
0
0
67
0
2
0
22
0
170
0
83
2
12
0
0
77
0
0
108
1
172
706
30
0
0
43
345
263
12
0
0
0
0
0
502
14
0
623
0
0
0
84
2
1058
3
0
2
0
137
23
252
1738
2
0
0
0
0
114
0
0
0
0
0
0
29
0
1520
0
20
266
0
0
0
0
91
258
0
0
0
0
7
0
12
166
0
0
0
0
6
0
28
0
24
0
0
0
124
24
0
0
0
0
721
0
0
67
0
0
0
0
38
0
135
76
0
0
0
0
2
204
0
0
0
0
305
15
0
26
0
20
3
69
38
0
58
0
0
0
3
27
0
3
256
0
0
8
0
2
0
109
0
212
34
6
0
0
93
20
0
1
0
283
141
1
0
0
1
0
0
615
6
0
8
7
1
0
0
0
0
0
167
0
5
5
0
0
2
0
1023
0
33
0
0
0
23
0
1
0
0
515
0
0
0
34
0
71
0
3
1
0
154
1
0
5
0
0
0
1
0
81
0
0
0
421
0
2
6
0
131
0
1521
0
0
0
0
1207
117
6
209
28
0
0
6
3
694
0
47
8
1
1
0
0
1
32
5
26
799
69
137
3
0
16
0
15
0
0
231
591
0
4
0
0
0
22
0
4
80
0
0
49
0
336
30
115
0
0
381
192
10
56
0
908
0
10
0
0
0
0
1
9
201
360
17
58
3
0
0
0
0
146
41
0
0
0
465
0
0
71
0
0
81
25
0
366
4
1
223
3
0
27
0
0
0
0
0
809
0
5
0
9
0
0
0
44
0
0
371
0
0
0
0
0
3
61
0
57
44
15
2
0
24
0
0
1
393
139
5
13
43
163
0
20
7
0
1
4
3
0
0
3
7
0
0
0
0
18
0
0
146
14
4
0
2
10
0
0
0
0
0
16
0
0
0
14
0
5
25
4
0
0
0
0
0
2
0
97
0
0
9
4
0
0
0
0
0
17
160
0
0
19
0
971
0
1
29
79
17
15
0
0
0
0
0
0
0
0
3
2
0
6
29
0
0
0
19
0
106
1
0
0
368
29
0
0
3
25
11
0
0
8
649
1
65
0
101
55
1163
115
744
0
8
363
35
2
282
0
0
10
44
0
9
33
0
0
127
0
3
1
8
0
0
23
2
0
0
0
11
0
0
0
0
0
83
250
71
15
0
0
7
29
0
73
232
0
0
0
0
9
1
0
34
0
53
0
0
58
66
544
4
1
2
0
0
0
16
8
1798
0
36
25
3
0
0
0
0
0
33
481
0
0
0
0
0
0
55
265
2
24
0
280
377
0
0
0
151
2307
0
391
1
0
35
211
30
0
3
32
0
3
0
47
4
0
16
0
1
1
0
2
93
93
433
2
0
125
1
3
0
10
0
0
119
0
0
0
44
74
22
0
8
0
0
4
464
0
1
0
2
1
0
468
0
0
266
47
871
542
0
0
178
2
43
0
6
0
170
1
0
0
0
0
7
0
7
0
0
0
49
26
163
0
1
0
20
9
6
642
0
814
0
0
0
107
47
18
0
1408
0
0
85
60
810
51
4
494
22
49
0
72
5
378
9
0
0
0
2
13
1163
0
50
0
28
54
0
0
28
117
0
154
4
953
297
0
4
0
37
0
4
10
0
319
225
2119
23
57
0
65
0
144
0
0
187
256
0
0
0
250
0
0
0
59
9
108
0
1468
0
3
3
0
9
63
0
94
56
19
5
471
151
101
16
12
2
122
0
0
0
93
0
1
54
3
0
0
256
0
0
1
0
0
0
33
1280
29
5
676
358
0
730
0
0
0
3
0
804
83
0
437
1
0
2
0
0
0
76
9
27
0
76
0
1
0
4
5
0
334
0
0
330
0
0
0
31
0
0
0
21
22
0
0
0
0
127
0
0
521
1
0
0
0
0
0
38
0
66
0
3
5
0
42
1
5
0
514
88
254
0
0
1400
145
0
226
37
0
0
0
0
21
0
3
0
0
0
0
50
3
51
0
108
3
15
18
28
0
29
1
0
9
0
23
61
0
117
1304
415
37
81
0
3
0
20
0
383
0
0
4
0
657
0
79
374
128
534
344
0
0
9
0
192
0
31
0
0
462
60
2
0
143
21
0
2
0
67
31
323
4
0
0
0
10
0
0
0
252
30
0
2
67
0
137
1
53
8
3
0
50
0
0
198
256
0
22
0
124
0
0
0
8
1
136
0
0
1
0
0
0
1
0
0
3
0
0
2
26
958
176
255
3
0
0
0
48
26
0
0
0
0
0
51
26
1
0
2
23
0
0
0
0
75
6
0
0
0
0
4
0
0
80
1
0
13
27
6
0
0
2
21
49
32
1
19
0
215
0
0
0
0
0
194
0
433
1
335
1
174
16
5
356
260
133
0
0
69
0
0
0
11
0
13
16
4
16
17
72
19
1
8
97
0
32
0
42
1036
6
0
0
16
11
18
64
10
45
42
64
37
2
1
15
0
525
0
3
0
6
1
0
1
0
0
4
38
59
6
11
0
0
0
17
28
17
279
1
0
407
0
366
0
0
11
170
0
0
26
0
0
0
25
0
0
238
0
0
0
0
1
32
0
0
0
0
0
4073
11
32
2
0
0
5
68
29
91
107
101
859
151
0
59
0
259
61
0
771
0
16
0
48
1
268
0
120
2
0
0
0
0
8
0
3
2
131
0
0
0
0
248
30
17
284
0
0
0
269
0
0
0
0
43
0
145
823
1
272
0
0
32
68
30
0
0
20
9
0
0
0
114
0
0
0
71
0
5
0
0
0
0
3
83
89
83
0
4
372
0
0
4
20
0
826
0
2
2
99
0
179
324
14
0
21
0
0
0
1
0
0
597
80
403
0
183
0
0
3
1042
3
25
0
2
7
0
4
0
0
0
0
722
2
0
38
0
1
0
0
0
9
3
1
78
3
3
57
0
875
0
0
0
0
353
0
181
20
0
0
9
0
0
0
278
0
0
0
4
0
0
0
0
0
11
3
0
0
2
1
525
22
0
115
0
28
36
0
47
1
0
0
0
0
29
0
0
0
0
0
0
0
1
21
7
416
0
4
1343
0
2
0
57
0
0
1
541
32
87
0
79
60
0
0
0
0
12
0
1
287
0
5
0
0
0
0
0
0
0
9
0
2492
0
21
218
1
0
2
1
3
0
0
306
0
0
441
0
0
2
0
63
8
0
0
0
0
2
79
16
0
8
4
2
0
0
941
0
116
10
0
110
0
0
0
99
9
7
12
25
294
3
10
15
104
12
0
28
0
0
0
0
0
2
0
0
718
0
0
0
0
0
23
0
3
0
401
0
2
0
0
264
1
0
0
0
128
536
0
10
0
0
87
168
95
190
0
0
0
1
10
0
2
634
8
89
54
0
61
469
0
4
1
9
2
0
0
23
1563
0
0
0
0
1
0
130
5
0
0
0
0
418
17
0
170
614
115
64
0
27
2
10
28
18
0
64
163
2
69
38
158
428
0
0
494
0
9
0
2
0
1
434
0
1040
0
170
878
9
38
0
0
0
6
20
3
30
0
0
0
56
3659
0
315
139
2
0
25
0
212
0
0
0
0
0
0
950
1
0
0
0
0
0
29
0
9
25
0
1428
0
2
0
0
150
81
0
137
1
0
0
0
0
0
0
0
0
0
36
0
95
1
17
48
280
142
0
57
0
0
0
0
5
0
64
1
0
11
158
0
0
259
0
0
0
0
5
0
2
392
31
0
38
47
0
0
67
650
0
0
0
10
1
0
18
713
24
43
0
0
0
7
0
10
90
552
0
277
27
411
4
0
5
0
1
0
0
28
903
2
0
0
0
0
167
393
27
3
2
0
0
20
303
0
4875
1
0
441
373
0
0
0
0
0
0
7
16
0
0
25
1
0
120
0
0
267
28
1
214
0
281
1
78
0
0
0
0
0
0
484
2446
0
396
0
117
35
153
684
0
0
0
0
84
189
0
16
286
14
4
6
12
125
165
0
0
0
51
0
0
0
0
0
0
0
31
1
0
16
0
6
1
0
0
735
2
0
0
599
1
7
0
123
0
0
36
1177
0
0
0
30
253
0
0
0
3
0
101
220
1518
0
0
82
0
311
0
7698
0
3
369
0
0
0
0
0
0
0
6
0
278
0
436
364
0
65
9
45
0
78
1
171
1004
3913
0
253
609
0
0
0
27
0
48
4
0
0
1
0
3
412
0
6
0
0
12
42
0
0
71
15
24
5
5
29
120
11
2
0
0
9
455
0
353
67
5
0
0
0
702
0
0
171
0
0
0
0
1215
0
32
3
0
98
0
0
0
0
136
0
13
0
325
3
0
11
0
17
6
0
7
62
0
3
488
205
0
2
6
28
128
5
0
5
0
64
0
11
0
0
4
20
0
0
292
227
0
21
872
7
158
415
263
2
0
0
0
0
3
1
369
252
0
0
0
0
13
404
7
0
21
0
454
0
2
0
0
218
258
78
0
211
18
0
1
59
3
0
0
4
0
4
154
65
18
10
222
0
0
0
0
0
0
456
0
7
167
196
6
0
86
0
0
0
361
131
60
0
5
0
1
113
0
4
569
0
0
0
493
2
0
0
3
0
1316
1495
0
9
25
508
0
0
0
2
0
8
528
324
0
328
0
21
0
0
75
0
5
0
1
0
29
8
0
0
0
0
0
184
1
0
0
0
92
0
0
0
0
0
5
2184
93
0
1
444
0
128
59
5
0
15
8
0
0
0
0
67
34
0
11
152
899
0
0
0
0
0
0
0
0
0
0
4
0
35
0
804
0
0
0
521
1
0
59
0
17
0
0
0
0
0
343
156
6
518
0
0
45
0
5
0
0
0
0
3
0
0
1
0
0
0
1192
21
5
146
0
0
0
6
0
77
36
0
27
217
6
0
0
151
0
0
4
4
2
765
2
0
344
2
2
0
0
0
3
0
0
1
15
1
0
0
0
0
0
1
0
0
0
0
6
161
0
0
1
0
1
12
0
0
2
109
10
17
2
1123
0
3
1406
0
49
0
1
55
0
0
0
21
25
0
11
1023
0
95
0
0
79
0
0
73
0
449
0
0
3
16
349
0
0
0
0
0
59
245
12
0
0
0
48
551
858
6
44
10
0
13
15
2
0
16
17
0
7
20
14
1
0
0
171
0
0
0
7
11
0
281
0
0
3
19
1432
15
22
75
0
0
103
1466
0
0
1128
0
4
0
55
32
0
0
34
0
0
5
7
0
17
0
22
0
0
0
22
1
1
0
0
829
0
6
0
38
0
0
34
5
0
0
0
0
12
0
21
0
0
68
16
0
0
1
172
0
104
25
0
0
31
0
0
0
15
61
0
0
0
35
0
815
0
0
4
289
1006
0
0
103
0
33
0
0
0
0
526
0
0
0
1
54
18
10
41
38
0
396
0
0
0
241
116
51
1
15
12
0
11
0
1
64
0
0
0
2
204
0
0
0
33
1
1372
0
5
150
0
0
3
0
4
0
0
5
5
10
386
0
20
2
0
336
1
0
0
89
0
0
0
0
305
0
272
591
181
86
0
0
52
1862
0
0
0
32
0
0
2
0
121
0
177
26
0
243
1094
0
1
0
2
6
0
110
4
0
217
0
0
366
0
12
0
44
1192
0
0
268
583
0
0
77
134
0
0
0
0
139
268
30
24
0
0
0
3
0
12
0
0
27
0
0
3
18
18
507
799
0
0
125
0
0
0
0
1
0
0
0
0
730
2
124
0
2226
0
817
2
0
0
137
0
1
0
4
10
65
31
84
55
29
80
0
152
0
58
52
1
0
1
0
214
2
0
202
4
228
0
0
0
0
14
34
147
0
1
4
0
3
2801
0
79
302
69
29
88
7
8
0
177
12
0
266
1
0
0
0
94
0
0
1
3
29
0
0
1
24
0
0
4
0
225
0
0
0
2
0
0
0
0
157
0
0
0
71
0
4
38
0
3
0
148
0
0
0
233
0
0
3
462
42
26
44
1
6
121
0
1
356
0
1
0
268
0
0
5
52
0
0
0
0
0
284
9
179
50
0
2
0
0
298
0
23
0
195
190
0
346
3
102
103
39
3
52
0
0
49
173
0
659
0
14
0
83
0
1
0
0
505
0
0
0
33
0
1144
0
15
0
6
0
15
0
13
0
207
0
7
79
1
0
5
0
251
0
4
279
0
0
1
147
80
41
33
0
0
0
22
128
100
0
1
26
0
0
0
0
0
0
159
0
7
14
35
45
0
0
0
0
299
2
12
0
61
84
18
0
0
0
4
0
75
2
56
0
4
0
0
317
0
53
156
0
220
313
0
34
0
123
72
0
13
0
13
6
117
37
39
0
4
492
16
50
0
2
0
87
453
899
79
0
0
0
0
0
140
341
0
68
4
179
0
40
0
0
0
0
42
0
57
0
22
12
174
15
0
20
57
39
0
111
0
0
0
21
9
0
0
0
6
1
123
65
0
262
53
1544
2
124
0
33
8
0
1
0
0
18
0
0
0
0
0
1
103
6
0
0
5
16
216
0
26
10
354
31
1
8440
49
218
4
0
0
0
5
0
800
0
78
88
8
0
5
7
5
0
18
0
13
2
0
4
83
98
1011
14
2
3
0
5
15
25
0
7
231
0
0
55
265
0
0
0
355
0
439
1
0
0
20
102
14
0
105
79
2
1
0
1
0
587
2
29
1029
380
0
149
2
0
63
8
679
105
0
0
2
1
0
105
156
96
29
10
0
2
0
89
730
0
2
29
6
1
0
0
0
46
0
668
447
484
0
0
252
0
1410
0
0
4781
1
0
0
0
61
7
7
0
0
48
0
167
67
0
408
41
364
19
0
341
0
0
89
394
4
0
0
96
14
333
0
0
7
0
9
0
0
0
4
0
33
0
0
0
75
0
334
2
0
256
0
346
25
0
28
0
9
244
0
0
68
6
1848
0
0
0
834
463
8
0
63
4
0
439
73
112
0
2
0
1
16
74
17
1
16
0
2
0
3
0
2408
10
0
1
0
61
9
0
0
0
0
0
14
0
7
143
0
8
89
0
0
0
485
0
88
235
0
2
0
0
0
204
0
0
25
0
55
0
432
0
0
0
2585
9
10
0
0
0
25
128
26
0
5
0
30
1
6
451
75
726
0
0
0
667
21
0
179
333
0
176
0
1
0
0
0
13
78
5
1379
366
1
0
0
0
410
2
0
0
187
0
2
867
18
0
5334
33
368
29
0
1
0
0
0
52
12
8
0
0
132
50
17
4
0
473
0
0
33
18
0
0
1
0
0
9
0
0
0
1
2
1005
0
21
1
0
0
0
18
1
0
0
55
0
879
0
3
0
2
446
2
0
0
16
0
13
1
86
224
0
0
0
0
0
0
0
0
0
0
0
0
0
0
0
0
0
0
16
0
0
0
0
355
0
2
0
0
0
24
7
0
12
0
111
10
1
287
1
0
0
0
0
0
0
1
0
0
134
0
0
0
0
5
0
32
227
0
0
0
0
0
22
5
2
0
38
59
53
0
0
1
684
4
0
15
161
4
0
12
25
0
0
73
24
8
3
0
0
1120
223
0
0
176
0
37
0
96
95
0
0
152
16
665
70
0
33
0
0
0
13
0
389
0
0
0
0
0
1
0
2
0
220
15
87
0
0
0
0
7
0
40
373
0
7
78
769
0
0
118
0
0
0
399
0
0
3
85
1
0
0
0
0
152
0
0
0
0
318
0
0
0
8
0
1
1
0
0
0
2
0
0
0
0
77
0
939
2
2
423
21
0
78
0
68
210
22
33
0
0
20
0
538
0
0
0
0
42
11
6
18
0
2
0
40
0
0
1
0
191
233
379
0
40
0
47
0
1
0
0
0
0
0
2673
2
3
11
0
0
0
0
0
0
24
0
0
241
4
368
270
0
105
0
0
0
25
0
471
0
2
391
0
0
1
0
0
0
0
0
578
0
1
0
0
0
886
0
5
0
0
789
0
0
0
25
0
0
1
0
3
0
96
78
0
0
2
389
0
0
3
0
429
16
114
0
29
2
3541
0
0
65
0
1
0
0
0
6
0
2
13
7
0
3
2
0
235
0
0
8
1124
0
196
55
101
0
0
110
1
0
31
0
231
249
0
27
0
0
0
9
0
0
0
12
197
0
0
0
1
0
0
0
95
11
207
0
0
0
7
32
523
0
16
0
0
0
6
11
0
1
0
0
263
96
0
0
0
0
3
0
144
285
3
427
0
0
0
3
1
0
13
0
2
0
0
189
0
96
53
0
49
18
0
280
0
0
11
0
86
1
480
0
49
28
0
0
0
55
0
0
1
0
6
0
0
0
0
35
3
44
679
2
283
0
230
0
350
0
0
1
8
49
723
4
176
134
1
0
6
30
0
8
0
0
14
90
37
15
2
3
0
0
6
0
4
0
0
58
0
0
581
0
0
1
4
0
0
0
0
0
15
1
26
5411
136
0
47
0
0
0
56
0
0
0
0
0
0
14
0
0
0
0
5
48
409
51
13
0
12
1
124
0
0
0
2
0
0
0
0
0
0
16
118
372
0
2066
0
25
97
1210
83
8
0
5
0
0
92
355
0
0
0
0
0
59
0
0
0
1
0
38
179
68
4443
0
0
53
441
785
0
0
8
0
56
0
75
0
465
0
0
37
1
0
0
13
1
122
0
284
5
166
0
111
2007
101
0
10
9
2
3
0
3
0
28
0
0
0
11
0
53
0
0
0
405
393
43
0
0
0
0
0
6
234
0
17
86
0
3
0
725
8
88
23
3
0
0
1
812
0
30
0
21
380
0
0
4016
0
123
1
315
0
0
10
0
0
1553
0
1367
0
0
0
376
0
2
0
182
0
80
1393
9
5
9
7
1131
0
0
0
139
0
0
0
0
0
0
51
0
0
15
92
33
3
2
0
95
103
2
0
0
0
4
0
0
328
6
2799
0
0
17
0
0
0
0
15
0
0
0
1189
0
699
0
0
574
0
0
0
12
5
154
0
0
12
0
365
0
2
0
49
3
114
2
191
0
0
0
0
3
0
0
18
0
0
66
0
50
0
797
0
0
0
62
15
0
125
1
0
15
0
61
8
0
1
0
0
0
172
15
14
0
0
3
0
0
0
0
0
69
151
0
100
307
14
0
113
0
96
0
27
0
9
0
0
0
0
8
0
0
1
32
0
33
458
0
0
2
21
45
16
27
1
1290
3
41
0
3
0
0
0
3
20
280
0
0
0
0
47
0
0
11
0
33
29
0
0
0
27
9
0
1519
57
0
64
164
2
0
16
95
0
2392
1153
35
95
59
322
131
0
0
81
0
54
1485
0
209
0
0
7
6
0
2
0
2
0
0
11
1
0
0
0
6
0
0
0
0
1
0
224
0
21
2
18
0
0
0
0
0
2
0
1
0
303
0
1087
8
2
4
0
345
0
0
0
0
0
0
0
23
0
0
191
0
5
1
0
2
151
0
471
71
0
0
38
0
0
7
79
0
0
5
0
0
0
134
2
0
0
0
7
19
57
1
0
0
38
1
0
91
14
0
0
10
14
0
0
0
1
38
143
0
44
0
0
0
19
0
0
5
0
76
0
4
173
0
0
0
3
0
0
273
0
3
0
0
0
0
0
366
2013
0
19
0
1
26
321
0
0
1
0
32
164
0
244
378
0
0
5
0
0
61
0
0
9
3
0
0
76
0
65
2
277
0
1
0
0
177
0
0
7
0
0
0
0
269
76
0
0
58
2
58
0
0
449
0
0
32
1
170
116
5
0
15
0
0
2
47
21
2
2
0
3
5
304
0
1
0
0
0
0
1
1
0
92
0
0
17
88
0
0
27
0
326
55
47
0
0
1
0
8
0
1083
1
142
1
17
0
0
276
0
0
0
0
174
0
29
1
212
0
1525
0
0
43
186
296
57
14
0
4
278
0
354
0
37
7
46
5
0
38
130
0
0
257
0
269
1
0
0
0
0
0
20
10
138
0
9
0
13
0
22
0
0
431
0
0
77
1
258
59
0
152
952
2
0
0
0
0
1395
118
0
0
0
0
2
0
0
0
325
53
0
0
0
0
1164
0
50
0
0
10
16
0
0
0
144
0
102
47
4
0
1
251
0
179
0
43
509
1678
1
149
0
0
18
10
5
0
269
13
63
0
2
18
100
25
0
150
0
0
189
0
0
1
0
5
0
6
6
0
0
9
25
0
5
4
19
0
14
0
85
0
162
2
10
101
0
2
257
3
0
0
8
193
0
0
0
0
0
73
1
0
2
0
0
1
1
0
22
35
366
14
14
0
0
0
1
0
0
1170
0
0
0
0
424
0
0
0
12
0
0
5
0
157
0
9
0
0
0
4
20
11
0
0
725
45
0
3
0
0
0
0
7
85
46
0
660
0
38
128
0
0
58
0
9
12
0
0
0
0
0
6
0
19
4
19
63
0
0
62
226
0
3
0
0
1
0
75
0
0
0
0
69
1
0
46
178
0
195
0
4
33
1
261
1
0
2
63
21
6
0
0
0
0
5
0
208
0
676
27
0
119
66
15
175
0
13
104
7
0
0
159
35
0
210
4
0
422
0
3
0
1729
0
0
2
145
0
0
0
0
195
32
2
0
386
0
0
0
38
279
0
0
0
0
127
0
0
20
0
0
0
0
0
0
140
0
6
275
0
0
616
0
0
414
0
533
0
123
27
0
0
3
1
267
400
0
21
50
0
3
186
56
33
0
0
0
0
0
407
30
0
0
0
32
731
56
12
1273
7
0
0
0
0
381
0
123
242
2
4
249
5
279
94
1
0
90
263
0
0
0
0
0
0
0
211
375
121
671
9
883
255
138
4
168
0
0
0
0
0
188
16
4
0
317
17
0
2
0
52
23
0
2
15
95
1475
107
51
0
0
5
159
0
0
1
0
0
0
7
0
551
93
0
0
0
8
48
10
10
0
0
3
0
0
291
0
16
26
20
0
34
0
1
210
4
1899
0
0
27
19
840
7
1
46
0
0
0
0
0
0
0
0
3
11
675
0
33
0
0
7
5
0
0
28
211
7
0
0
0
0
0
0
111
11
34
63
25
211
7
0
0
0
0
0
565
35
61
0
0
51
0
85
0
180
1
721
19
0
0
0
18
20
51
38
0
1952
4
0
0
0
0
0
6
742
0
0
0
0
10
142
1
0
20
7
229
3
617
493
21
72
304
23
2
32
69
140
0
549
794
118
8
178
0
0
0
218
5
1
2
0
516
142
1320
3480
0
143
0
644
0
0
0
4
0
0
0
41
0
0
0
3103
437
79
0
360
75
1
0
184
3
1064
0
0
0
0
0
16
12
42
0
0
182
2
121
0
181
0
0
359
1320
0
25
56
0
549
3
328
0
0
160
16
32
26
0
0
0
0
0
0
2
10
91
19
0
0
4
162
1039
0
0
5
41
3
93
0
291
0
0
95
1
0
0
0
1
0
383
0
0
0
4
153
0
0
0
507
0
60
176
48
154
0
0
98
0
0
0
22
0
35
0
17
1
968
3958
7
319
0
29
1
285
33
111
1
144
0
0
4
0
19
0
0
0
0
1
9
0
74
14
81
53
67
33
1
217
723
31
0
105
0
0
0
0
0
0
39
0
0
0
0
46
85
69
19
0
1
6
0
180
9
592
0
10
6
4
2
47
0
0
0
0
2
76
0
13
0
1
222
0
0
0
40
0
732
1367
0
0
0
227
0
17
152
84
462
145
0
132
1
355
2
0
1
0
75
2
116
0
0
306
0
0
0
0
0
0
0
2
757
10
23
197
1
22
2
1
463
0
0
3
0
29
0
0
30
2
0
0
207
41
75
0
0
529
1
0
224
0
1
0
0
0
0
0
1
54
0
0
2
6
0
66
0
0
0
0
0
1
0
2
2
132
0
0
0
2
0
0
24
1
1
0
0
0
2
1
455
14
0
181
0
0
58
0
0
3
320
0
0
355
0
0
1
0
0
1
184
2
35
2
105
401
0
0
22
0
0
0
0
0
1
36
0
0
0
64
0
2
66
13
52
0
0
302
804
0
0
2
0
777
0
2
0
36
90
1337
0
0
23
0
0
0
4
3
8
0
0
0
0
0
209
12
0
1206
0
112
0
242
0
16
96
6
36
561
0
1427
33
2
0
0
313
0
0
149
0
27
0
0
6
0
595
6
0
10
0
0
2
0
35
0
0
239
0
0
1
0
0
0
1
117
100
37
0
0
19
8983
451
0
42
0
0
0
3
0
0
0
17
24
27
40
79
5073
3
0
0
942
0
12
0
0
0
0
142
385
5
4
0
186
0
2
8
151
0
0
0
0
1
172
0
0
1
0
0
10
0
7
0
0
665
5
189
0
0
0
0
0
1
0
0
0
0
0
0
0
59
9
0
120
0
0
1
0
1
0
0
0
0
0
0
0
1774
0
0
0
42
0
74
62
41
0
4
16207
0
3
1
93
6
0
0
0
0
0
0
0
0
0
219
0
0
0
12
0
0
0
0
0
0
0
0
0
0
25
0
0
0
17
2
1463
6
52
0
18
0
0
0
0
0
3429
493
497
82
15
0
0
102
0
122
5
88
468
26
304
261
371
0
76
66
1
2
0
0
9
0
0
205
0
0
0
0
26
9
297
0
247
7
191
3
0
0
1
13
60
2
2
0
3
25
7
52
2
36
0
4
33
22
0
0
0
0
0
1
0
0
0
0
0
0
0
2
140
66
0
0
0
1456
0
0
1
4093
162
1
267
0
1
0
0
3
265
0
0
550
7
0
449
1
0
122
22
0
0
0
0
0
241
0
0
9
2
0
0
375
89
0
0
0
0
0
1
0
0
0
1
0
0
0
12
0
0
0
1
383
2
0
298
5
1
0
149
0
0
183
1
0
59
0
0
0
1
97
0
0
0
35
1
0
0
11
0
0
26
2
0
0
0
7
39
0
13
0
0
0
0
789
0
816
0
0
8
0
0
0
0
0
178
200
0
0
0
7
0
105
0
0
0
61
108
7
1
0
230
0
0
201
40
0
0
10
0
0
1335
0
0
0
1027
0
0
0
72
0
74
548
2
0
0
0
0
0
0
0
0
0
0
89
75
0
0
0
0
0
0
0
0
0
0
361
0
56
0
6
0
0
0
0
0
0
0
0
0
1
0
0
3
0
0
0
0
0
0
160
0
83
0
0
0
174
0
0
0
452
0
1731
0
464
0
0
0
0
0
40
0
11
0
0
0
0
0
0
8
0
0
0
0
933
12
0
0
244
0
0
0
0
0
0
1
7
0
0
33
0
429
33
0
0
0
3
0
101
0
0
0
39
0
0
0
2
0
0
0
0
0
0
0
0
0
0
0
3
0
19
226
20
0
0
0
0
3
0
0
0
770
0
0
0
20
16
0
2
0
1
0
0
0
70
0
0
0
0
0
1760
111
0
155
0
0
0
0
0
0
0
0
24
273
23
82
0
1
0
1020
553
0
11
117
0
1
0
0
2
0
157
3
0
0
0
6
759
0
413
25
0
30
0
241
0
0
0
0
0
470
0
0
0
0
0
0
48
0
0
0
646
145
0
0
0
1195
1
10
440
0
1490
3
0
0
0
0
0
1
25
0
0
0
0
3
0
0
0
0
76
0
105
0
38
420
1
319
0
45
0
0
0
17
0
0
4030
0
0
0
0
0
0
0
0
0
65
0
0
3
0
0
644
0
324
0
0
15
0
240
268
0
166
0
0
307
0
12
0
0
0
0
229
0
0
0
0
0
0
1023
45
0
30
1
0
0
0
0
0
86
0
63
0
9
11
0
254
5
4
229
0
0
1
0
4
0
0
0
21
203
4
0
0
0
1
0
0
0
0
4
140
0
0
0
0
94
0
0
0
3
0
314
0
0
0
0
0
0
0
0
0
0
0
2
0
3
232
4386
109
1
0
0
0
343
0
1
2
0
0
0
0
0
0
71
0
179
28
0
0
69
0
0
0
0
1805
0
0
244
0
0
11
71
0
2
127
8
15
0
1
434
241
19
5
0
29
1
14
0
5
0
29
0
129
0
515
0
0
498
2
384
183
23
0
3
0
142
4
0
166
17
0
674
1
0
0
59
1
285
0
2
0
0
0
398
1498
487
6
0
0
0
0
2
631
211
180
0
256
3
0
0
20
157
0
0
24
0
5
13
19
0
9
58
12
0
0
0
94
15
60
1052
103
71
296
0
0
1
285
0
135
1
0
24
1
4
0
3
87
3
1
10
1
4
19
0
51
1418
0
0
1310
0
0
61
1700
1
25
106
0
0
0
10
9
0
0
0
0
0
0
2
26
37
11215
266
0
380
1
52
579
32
0
56
0
0
0
10
0
66
7
93
40
0
0
66
208
240
0
0
673
0
11
0
109
0
79
97
70
25
0
45
0
106
0
0
0
0
99
0
22
20
464
75
1
17
175
20
86
486
57
0
0
201
647
6160
0
0
4934
106
320
0
3
0
0
221
302
0
51
13
145
0
2
1
721
0
196
0
4
3262
18
136
581
0
0
3
280
0
10
89
236
40
182
460
0
0
162
57
23
0
199
12
0
65
485
0
3
3
311
0
0
0
3
0
0
11
0
0
8
424
16
707
155
665
940
0
15
371
0
49
0
781
0
203
3
170
0
6
0
62
0
679
453
4453
2
0
86
50
0
53
53
0
1
0
52
0
958
6
76
0
97
359
15
9
0
3
75
0
0
2
337
0
171
0
1
9
0
17
31
1
263
0
550
32
0
136
27
0
647
0
509
1
196
0
0
0
25
170
201
23
0
1
823
0
286
0
0
225
229
45
0
2
90
145
1
221
0
5
0
140
143
0
0
8429
0
0
697
8
27
48
332
4
11
53
28
10
214
0
61
89
1
88
335
102
91
10
379
84
3
689
9
0
102
0
11
15
12
4
0
279
55
860
18
0
0
0
0
153
169
198
129
541
3
44
0
0
0
76
119
78
0
3
65
37
0
7
24
213
396
0
0
301
0
113
12
38
37
0
0
6
7
322
0
0
72
0
3
218
29
0
80
0
88
31
25
0
0
65
30
122
0
0
0
0
0
11
15
574
23
0
0
9
0
0
0
149
2253
9
0
0
0
65
633
40
175
1634
530
10
2
0
38
35
0
417
8
130
70
62
33
12
0
26
365
59
0
68
4
0
473
0
9051
3
74
24
0
0
177
12
0
0
60
0
3
43
26
0
382
7
2
9
2
6
351
0
0
191
218
0
0
38
52
0
0
315
380
0
0
9
0
0
0
1187
0
15
0
2
0
0
0
177
42
551
0
41
0
3
12
2580
0
2
6
64
600
1
0
0
0
2
260
0
61
51
0
0
947
463
0
0
24
8
0
0
28
0
1314
85
292
1115
0
3
0
849
0
0
0
17
12
16
132
0
2
151
0
0
5
98
139
260
142
60
0
0
2
2
63
1
0
349
54
2
141
0
0
0
868
312
423
570
4
280
33
2
881
0
0
0
42
0
178
163
36
25
189
24
0
206
0
0
35
0
1233
0
3
62
125
137
71
7
0
2918
0
0
1
100
0
0
1303
1
157
299
352
0
338
0
72
9
0
80
4
40
7347
0
2
0
882
0
250
9
97
0
38
140
2
73
1
4
0
0
0
708
0
69
0
0
0
0
138
206
309
0
1
0
0
0
0
1
0
0
586
770
0
0
10
0
0
155
0
0
8
0
0
0
96
7
540
138
0
20
0
22
185
201
10
2
0
36
0
0
5
6
2531
22
0
0
578
3
1
303
0
330
0
2055
106
0
6
0
0
716
0
0
0
21
51
145
0
0
47
219
88
0
57
166
0
0
0
3289
16
1
104
112
6
72
0
62
0
100
7
0
2
0
81
22
0
942
271
0
9
0
1
0
87
1189
4
50
0
1
218
145
7
0
200
0
40
59
134
0
7
16
0
4
2
3
0
0
2165
68
8
0
0
0
1
775
131
278
103
0
1
42
34
22
214
6
4
0
0
0
0
0
270
0
0
9
9
56
93
526
6
0
371
0
1564
2
292
0
103
1
23
11
426
0
183
26
234
5
1
0
957
188
46
0
3006
419
0
466
0
25
0
3
0
1
396
84
0
419
1
1
46
0
1
0
882
87
0
1
0
140
140
36
0
0
0
31
0
0
7
157
3
0
0
4
0
66
0
0
1
295
9
11
0
1509
0
17
3
20
0
1
4
360
0
0
352
0
0
0
0
0
30
22
1
1
103
0
0
11
1
0
0
5
0
0
89
36
402
0
0
1
23
19
0
0
0
0
0
0
7
1
5
20
0
0
1
0
1
0
0
13
0
1
23
0
0
67
0
0
5
0
36
1
7
0
5
37
23
0
0
3
1
6
3504
0
0
0
0
11
15
92
26
0
0
231
86
0
2672
166
19
109
9
83
0
224
39
2
154
3040
4
0
1
17
0
13
1000
16
229
0
117
48
0
27
256
0
215
2
72
28
0
46
80
37
0
0
81
1419
7
4
76
5
0
613
3
597
4220
0
0
169
57
0
10
69
452
23
57
88
327
5
130
23
3
202
200
131
2
0
1
601
0
3
0
0
0
4
0
0
6
0
34
58
21
228
11
38
0
1
46
36
59
8
0
53
600
7
43
0
7
3
0
16
431
0
165
3
0
0
1
1216
0
0
787
2
3
12
0
0
44
8
1117
0
547
2
129
426
38
0
4
0
0
0
954
0
0
7
0
730
1
0
1790
176
0
0
92
1
13
382
25
11
64
194
0
6
319
16
0
0
1
0
0
20
180
0
81
59
0
0
374
2020
33
2767
0
12
0
548
4
151
0
2
16
21
15
2
0
0
0
14
0
47
98
100
0
322
144
518
440
156
627
0
0
1648
0
0
0
0
308
349
4
0
1
3
0
0
0
0
0
0
0
0
1
3
45
174
88
29
0
0
1
125
0
0
3
0
6
0
16
0
108
0
7
3
2
7
0
23
270
4
0
0
1
2
1428
340
0
0
0
1
108
0
4
0
517
0
2
48
127
0
450
8
0
10
0
74
0
19
0
0
0
0
6
100
32
0
0
7
10
0
306
0
34
0
0
0
5
283
5
1
20
0
0
36
0
104
47
750
0
0
0
86
1143
0
11
3
0
0
0
80
0
2
332
0
1
0
0
0
139
0
0
133
193
85
0
78
175
254
3
1
22
801
14
584
0
0
0
0
4
109
253
656
0
1
2
0
8
0
0
0
0
3
0
2
0
234
47
0
4
43
320
0
23
20
1
1
2
47
0
149
0
145
83
0
10
12
0
0
0
0
42
0
0
5
0
89
0
4
50
175
8
24
0
42
0
0
0
0
0
0
0
26
0
2
15
0
7
0
40
0
8
3
1
0
76
0
19
0
11
9
131
1
0
403
4
1
25
3
25
0
9
0
5
0
2
1
5
0
5
37
0
0
0
15
231
129
295
0
0
18
0
35
0
1464
1
162
195
820
3
0
1642
467
0
0
0
553
0
0
4
57
0
0
0
27
0
184
0
4
292
50
476
0
6
4370
157
0
9
0
41
27
0
6
770
0
326
0
2
157
0
33
0
8
409
0
1
68
0
175
2
6
10
140
16
19
0
0
323
221
3
0
325
1
372
6
95
26
570
2
0
0
0
0
0
0
190
0
0
459
335
0
4
1028
0
0
1
0
0
0
0
435
2
233
29
156
560
21
224
0
211
0
13
426
0
0
26
15
2
0
93
0
28
1
3
1
536
0
2779
0
794
51
0
800
0
0
244
0
321
720
0
16
178
303
60
110
0
0
0
23
262
0
0
0
8
193
13
0
0
0
13
241
0
52
1956
24
336
61
8
1270
75
14
5
65
389
0
0
316
750
84
0
503
492
142
0
0
3
0
1016
1517
307
10
294
0
37
0
0
0
360
3
14
0
237
31
0
11
23
7
287
208
635
117
0
0
68
11
2
0
0
249
0
21
459
12
0
0
0
41
360
0
18
0
0
289
0
463
30
8
0
0
1383
0
353
587
29
0
39
676
134
395
68
1
2
0
1035
0
703
11
0
1
1
5
1719
0
898
117
1286
83
1399
77
66
0
141
1
0
0
1
13
49
397
308
0
43
135
31
556
1
0
206
25
0
0
41
159
69
102
0
0
23
1612
0
1
24
6
6
0
291
166
5
66
137
1
234
18
0
0
14
14
137
0
1
1
0
34
0
12
0
50
0
405
0
22
0
0
0
1
7
0
206
2
2
0
40
0
27
0
4
2
7
6
65
23
566
0
6
0
0
163
118
40
882
17
0
0
196
1
33
0
373
312
39
0
53
50
0
112
85
258
0
182
1
0
0
1
3
2
39
629
56
11
1
291
333
0
91
0
9
22
517
198
521
341
1080
0
636
157
3
0
0
61
28
0
173
0
52
500
56
0
46
0
144
274
1126
351
0
375
849
0
5
0
0
238
0
3
0
72
14
0
1
0
0
0
7
1
1
32
1809
81
18
16
6
2067
3
1258
0
1
269
0
8
1
0
0
546
25
1
402
2739
0
75
0
0
176
83
6
5
29
0
0
90
0
49
0
63
44
154
10
0
9
942
182
0
0
254
4
0
0
0
0
71
0
3
1
0
0
380
478
26
289
41
0
26
0
0
42
22
399
7
107
272
0
152
21
55
20
0
48
0
0
0
58
0
620
51
33
5
34
36
36
0
0
1
1
0
0
24
89
917
0
0
0
0
0
2
0
0
24
21
134
0
927
11
166
74
0
4
39
1455
177
122
101
1
0
0
0
107
19
5
0
1287
0
1191
198
0
1
331
12
58
34
1
2
127
29
110
608
0
0
0
600
0
0
0
0
79
2
22
48
0
0
4
0
284
46
0
316
0
1530
1
98
151
23
0
213
2
0
0
186
0
2
0
0
278
0
334
303
0
188
24
0
73
1068
398
41
0
0
3
34
0
0
0
9
96
2
2
1
5
47
0
0
158
100
8
0
57
0
24
0
0
6
2
1506
0
11
0
0
0
20
0
23
0
397
0
0
41
10
124
0
6
0
256
0
21
1
35
86
1
1357
88
6
8
0
0
0
0
1
71
232
62
0
19
0
0
6
250
0
25
11
1
0
52
1
77
385
691
33
255
1
16
26
0
80
0
25
9
2790
0
50
260
0
1726
0
0
10
193
0
87
75
0
19
1
11
130
5
1
4
0
2103
0
0
0
53
0
4
0
0
828
342
3
275
131
0
845
1
1
1
35
152
4
1
99
0
36
7
75
329
144
1382
0
0
3
2
14
940
284
9
193
803
43
141
0
2053
280
7
0
0
979
97
970
0
0
0
0
137
0
608
18
109
1729
0
1
326
50
0
15
35
1587
0
0
27
105
2
5
418
6
6
3
21
0
707
72
0
0
188
8
3
11
0
0
56
22
4
146
82
45
0
678
0
0
138
53
1
0
0
10
0
930
0
909
0
107
0
229
58
325
1
43
0
0
0
3
0
0
0
0
11
144
1
1129
0
85
0
3
112
110
0
13
8
286
14
15
47
0
0
0
173
237
1
0
94
0
10
0
1
0
1028
0
440
1210
3
43
46
217
0
0
0
0
102
5
10
0
4
0
0
0
0
0
12
159
142
35
3
18
5
0
0
0
20
52
5
0
5
71
72
71
0
0
162
0
0
0
48
0
5
39
5
16
124
0
14
0
200
0
0
0
0
0
76
33
0
0
462
21
309
8
1766
12
20
12
4
49
502
0
0
5
0
668
150
43
107
561
1
55
345
0
0
0
0
132
0
17
63
0
0
270
0
35
11
13
3
124
105
0
1640
0
211
28
0
3604
11
68
2
284
0
0
1027
200
15
0
19
54
1
23
6
0
60
161
4176
146
0
0
0
1
4
1097
4416
13
1179
2
710
0
261
247
0
0
664
0
53
6
9
289
101
224
109
115
0
1
44
468
28
0
0
0
0
7
217
0
31
33
0
12
0
197
51
507
80
14
69
1
251
2
201
6932
31
2
540
137
21
25
1
53
5
321
11
0
7
135
0
0
0
233
0
9
0
2
163
2
0
0
86
0
96
0
17
0
326
0
424
0
976
0
0
6
7
4
2
0
354
7534
68
141
49
909
0
879
4
345
1470
6
34
0
23
54
43
0
28
0
26
0
0
22
50
273
11
3
0
0
0
377
77
130
0
45
1772
582
12
0
0
3
135
173
0
231
0
150
192
169
21
257
18
49
0
2
583
2
0
0
1
10
0
0
0
124
0
0
7
725
0
0
1
446
381
483
25
655
22
3294
0
288
7
0
31
38
13
14
0
68
342
3
0
0
675
0
1060
3
33
0
1
3164
0
0
0
14
3
11
0
162
158
143
0
39
0
0
43
78
0
1223
839
1
424
128
0
0
0
89
307
45
0
1
0
136
7
1323
31
178
81
16
237
0
333
26
38
88
0
15
0
2
1365
0
62
0
0
39
2674
45
6
225
0
0
1
0
4
0
123
376
1
12
15
0
0
0
29
577
0
19
93
62
467
1
0
1
1
2
1340
296
0
46
35
1
40
0
0
0
1305
94
13
525
2
571
37
0
394
233
0
0
4
657
0
163
0
1
0
0
728
0
0
19
1
0
0
0
13
4
134
55
135
0
3
1
127
0
0
0
168
0
0
0
0
0
0
391
0
0
0
0
34
0
0
0
0
2670
1
216
0
26
0
0
2
367
0
2
1161
0
0
0
243
68
617
33
0
4
37
177
78
0
52
394
2
0
0
170
0
0
2
2
2894
0
14
50
29
0
0
0
46
3
98
16
33
301
568
0
0
401
120
2
1
0
64
213
0
119
0
47
215
11
99
10
0
21
13
5
0
245
0
0
0
0
81
79
29
194
0
144
1324
51
0
178
0
189
0
709
32
291
0
1
81
787
0
216
2
7
0
512
0
0
0
76
443
1
0
238
96
536
24
6
2
166
0
12
2643
220
2
0
0
46
44
1010
85
0
29
1
34
0
0
12
0
0
0
0
0
94
7
0
0
0
740
94
0
17
5
2
6
488
22
1
6
0
146
1436
37
2394
0
0
0
0
0
262
1
0
21
26
320
0
0
35
0
0
0
303
139
0
0
1076
0
16
1
0
11
0
16
0
0
4
1
4
51
92
1
168
152
0
14
0
0
1
142
0
262
1282
0
118
5
41
6
22
0
91
1
62
24
2
187
10
0
21
0
3
72
95
4
0
103
0
0
0
117
0
2
0
878
193
34
414
0
1
0
7
403
51
16
206
11
0
0
7
0
0
256
443
0
479
27
151
13
6
6
0
298
57
4
0
1
139
29
19
0
295
333
139
1
430
190
0
0
3
3
182
1114
669
0
10
575
0
395
0
0
0
8
838
12
262
0
0
0
0
0
0
39
0
0
0
198
0
1
0
91
0
0
86
0
0
0
2008
0
34
712
0
330
0
2
0
0
136
0
38
2
115
76
295
0
249
0
98
0
2
0
0
0
0
18
0
4
0
69
0
0
0
19
1
376
114
1058
0
33
6
159
8
51
0
22
1
0
0
125
1
186
0
0
1030
0
45
2
0
2
13
576
176
186
73
96
14
0
0
2
0
30
0
12
326
199
119
0
2
1
3
216
75
50
911
6
138
0
20
174
0
1531
0
104
0
0
1140
0
70
65
591
0
13
0
33
11
1484
69
1
22
0
0
0
0
0
62
220
97
2
533
430
280
0
413
167
73
90
0
11116
3
37
4
336
375
170
3148
0
548
23
22
41
38
0
663
13
0
315
24
0
352
59
8
437
0
0
7
883
0
48
35
69
283
11
4
0
0
1
0
0
57
68
115
0
601
0
0
0
1
46
528
11
24
2179
2
9213
1
0
25
0
3
1
28
1
0
0
250
374
14
0
24
578
1140
0
78
127
341
0
138
0
1
920
30
0
0
1
1
3
0
0
353
0
1
115
2224
21
336
28
0
520
537
1691
84
43
0
276
902
5
0
8
81
1272
0
0
476
51
0
2
0
0
2
117
9
1146
0
1
26
6
3
4
2550
124
0
0
6
0
192
7
0
0
118
0
0
2
25
102
946
39
273
597
0
0
0
258
0
0
1
3
0
89
1
0
605
58
61
0
418
631
73
73
34
2913
1
2
0
0
1394
0
0
0
17
0
0
0
1
36
125
13
0
0
0
979
15
0
79
1431
0
814
18
14
8
0
0
9
195
29
3
0
10
0
0
14
0
0
0
108
188
38
0
129
610
0
0
133
48
0
142
846
26
5
71
0
1
1
0
135
534
0
0
3
211
63
0
890
1
3739
106
0
0
433
0
19
64
28
0
402
38
74
1902
5
0
0
53
0
1
0
0
61
0
1
253
0
6
3
166
0
46
10
0
2
0
44
26
54
45
0
0
4
0
71
1
3
0
3
2523
9
3
10
12
0
521
0
0
100
4
20
190
418
0
0
47
29
109
195
0
246
35
0
10
319
150
146
78
0
22
0
0
0
0
6
4
93
3
10
0
0
31
113
631
7
0
3
147
269
126
4
210
6
65
7
0
144
0
0
18
2
0
0
44
18
0
223
9
0
0
4
0
0
359
0
129
8
0
0
127
14
246
26
1011
123
186
0
1
139
8
0
0
0
0
57
0
32
6
0
0
0
43
614
0
0
0
0
928
0
0
90
0
249
203
0
335
0
15
1778
0
150
13
0
0
16
0
4
0
24
6
0
15
288
945
169
133
1054
0
22
327
667
4
781
132
2
3
283
500
17
2678
5
39
25
0
0
0
72
200
529
8
268
351
2
0
0
255
0
0
0
28
2
1220
16
0
0
13
286
96
6
4
0
1
1
408
0
1459
387
17
8
175
0
60
0
4
0
0
1007
715
1474
1
816
0
190
142
167
0
0
30
0
11
0
819
0
47
173
0
25
1475
90
86
91
242
21
0
54
69
2683
1
2
0
106
0
201
1143
110
4
99
1
441
7
13
0
343
357
6
0
9
85
570
0
1
0
7
33
0
0
34
0
0
0
0
0
208
0
4233
0
0
116
2511
0
18
1
3
9
0
85
0
0
4
477
4
0
297
157
127
59
0
5602
254
11
4
0
0
82
0
0
115
0
0
0
119
36
5
319
0
3
5
14
0
33
0
511
8
92
633
63
292
0
207
0
173
0
331
26
332
0
0
0
0
14
716
33
0
82
268
31
244
0
269
155
212
153
84
3
0
8
0
8
0
0
0
164
0
0
396
0
11
43
727
18
0
0
3
39
0
0
0
65
746
5
0
693
249
92
0
0
0
123
0
0
171
265
5
0
0
252
0
5
28
0
0
81
19
0
3
53
8
218
0
111
1
0
4
0
0
79
0
14
0
90
180
3
1
692
0
541
0
87
1
0
10
14
29
167
431
0
2
2
40
0
0
69
0
400
148
5283
0
21
0
54
174
25
0
1
0
93
50
0
2
0
0
0
5
0
1
293
24
0
5487
1462
2
0
0
1
392
0
231
0
710
89
0
23
1585
215
0
0
7
482
8
0
0
57
41
0
294
2665
0
523
0
0
543
464
333
30
0
1
0
1352
1818
1
113
0
266
0
0
0
1902
216
0
0
0
1175
180
2
112
0
0
0
1
10
82
819
0
190
0
0
0
6
7
0
14
36
0
23
1
24
0
0
16
9
14
0
212
0
19
0
114
2
4
1632
0
0
1
64
22
2
268
1654
1
104
31
5
719
33
0
0
140
2
28
590
0
12
3
0
0
2
131
115
1235
0
0
109
349
185
83
0
125
126
460
10
0
58
30
31
0
27
13
114
94
0
369
2
33
3746
388
177
0
230
3
605
60
0
0
226
281
3
29
11
26
2
8
0
0
3
0
0
34
879
117
63
0
0
5
0
55
18
1695
0
0
0
0
1
0
90
1949
0
26
21
1
206
0
0
414
495
0
0
2
0
31
278
76
57
17
69
1
0
197
0
0
53
0
12
107
65
0
1
420
8
0
2
0
328
0
23
106
0
0
45
15
78
0
17
4
117
0
66
3
0
0
0
195
0
0
200
58
14
0
317
0
16
0
192
24
65
4
2
12
3
798
33
0
9
1
0
11
0
0
161
4
177
499
0
1578
10
25
351
0
6
0
0
247
10
53
1
54
0
0
100
475
7
96
6
4
193
32
0
1
123
0
0
0
340
3225
0
26
174
140
141
0
0
0
0
48
21
3372
0
33
0
9
395
76
36
182
2
48
0
69
0
0
8
1
0
0
422
167
3
11
1922
1
0
0
0
39
350
3
0
213
0
6
13
208
283
9
118
0
31
148
31
87
2
0
1
61
0
1
0
347
3
617
474
0
15
0
1
33
9
168
0
0
202
92
108
0
0
230
43
881
3
6
89
0
6
0
0
178
8
197
9
0
0
0
66
2
968
772
0
2
31
126
157
39
0
0
22
104
0
36
5
718
11
121
0
69
0
0
0
0
0
481
80
13
2
42
0
0
299
0
0
79
0
0
0
9
0
71
0
0
60
3
0
723
185
3
1018
5
0
0
768
0
16
1
122
1
1
15
0
39
0
374
422
3
1
2159
0
0
0
75
808
0
141
28
0
0
0
0
789
55
11
1
1
39
0
0
0
8
0
151
26
0
0
0
0
1
0
3187
0
13
0
384
0
66
0
0
1824
119
100
5510
160
0
298
0
9
10
54
59
0
204
0
919
0
0
797
0
142
0
0
28
199
70
0
0
17
212
505
462
14
0
0
53
0
0
0
4
1
14
0
20
0
3
52
25
348
77
0
0
0
13
231
40
3095
0
30
0
65
0
1190
133
42
13
1092
0
268
24
0
144
7580
0
0
27
88
39
88
0
0
0
0
78
1030
18
15
12
6
2210
0
3
489
41
186
7
0
344
0
35
0
21
607
51
41
0
510
0
27
4985
6
0
0
182
0
67
212
1
148
307
762
565
0
0
58
0
1
39
324
44
5
0
19
134
10
0
19
6
0
0
1
0
0
3907
0
0
0
706
0
59
0
31
1171
0
0
8
7
14
1
0
9
94
172
185
0
3
144
235
130
610
323
91
0
133
0
89
420
1
261
0
132
455
0
48
74
0
0
589
17
119
154
4
0
21
0
4
0
0
0
669
0
0
58
620
0
11
0
322
0
122
18
73
2
0
788
0
274
0
875
191
0
4
717
0
88
35
7
0
504
0
58
99
581
0
0
0
1
21
203
0
13
0
1141
1
0
1
0
2061
0
1671
0
2
112
0
0
0
509
0
75
0
44
0
0
153
0
50
0
10835
1
2
7
0
0
0
109
0
0
1
58
0
6
0
1
314
0
710
11
89
0
0
481
8
0
3
0
0
12
0
139
31
13
0
185
7
0
363
0
283
0
1
89
0
0
45
127
0
99
9
6
0
0
0
0
0
227
0
9
0
0
141
24
0
1067
0
0
0
28
64
3
6
0
359
4
3
0
32
8
0
0
41
483
0
28
424
1
64
0
0
687
4096
0
0
0
0
200
0
169
5
114
0
0
0
0
300
21
11
2
0
136
0
0
99
39
45
0
0
81
0
2
225
6
0
222
1144
2
177
0
0
2
47
2
8
0
17
74
35
352
0
73
0
0
0
6
623
0
516
0
0
2
119
0
0
6
27
0
592
36
0
45
0
0
60
18
0
78
204
0
0
7
0
4
3
225
0
0
8
14
1
793
0
19
0
319
0
86
17
358
3
1
33
0
531
2
19
27
0
0
138
1
993
0
0
14
1
3
86
44
248
74
0
0
245
0
23
0
799
961
2358
0
5
29
382
144
0
6
0
64
9
29
1
42
76
692
347
833
130
2010
200
0
0
19
0
55
43
0
251
3
12
43
2
24556
0
30
1
24
80
0
1
338
0
38
1
16
0
0
0
335
0
10
0
0
0
12
24
8
0
540
15
48
0
444
6
6
9
1
234
0
10
0
16
12
2
555
78
0
7
1898
34
37
1
0
0
1
435
2
0
0
33
5
2
0
1
98
2772
285
0
0
0
0
109
0
1
0
0
3
0
14
31
4
0
0
371
5
0
0
6
482
978
277
701
0
1
130
0
0
0
249
950
285
17
0
33
0
0
4
164
0
2
0
0
1
0
0
0
0
0
0
0
8449
0
69
93
1
36
25
364
453
287
0
0
0
285
0
69
113
0
0
0
106
500
10
0
0
82
0
91
209
3
7
7
0
0
51
8
0
13
0
15
0
0
2
676
127
3
299
78
19
122
1334
11
78
0
0
30
6
177
66
1475
1537
0
2
11
8
151
0
8
0
85
62
4
324
5
266
0
0
68
2
1251
5
0
0
3
5
1
18
1
32
49
0
155
1
173
573
72
296
0
27
6
63
52
3958
670
0
0
288
9
65
0
1584
0
0
3189
2
1
1
0
0
30
2
0
251
0
0
591
0
0
0
26
3
6
23
0
0
316
0
109
190
13
0
0
785
21
3591
16
79
0
106
649
0
0
288
41
7
30
0
0
138
1
53
0
0
332
3006
7
37
106
1048
0
6
3632
0
0
1028
402
0
250
36
3154
2
0
0
388
19
108
1
0
492
1
46
0
0
0
3759
628
1
6
180
0
192
1472
19
0
3966
0
0
11
0
95
0
4
494
0
0
19
341
126
0
878
8
473
37
6
8
2
27
0
445
132
217
0
0
6
0
1558
7
0
1034
521
0
0
72
6
91
0
927
124
107
274
0
0
1974
453
68
162
1
0
360
138
315
0
0
176
103
0
0
4
0
74
0
11
2
1363
163
0
0
7
3
9
688
94
0
87
12
0
56
77
1
68
528
0
2
75
62
46
2
57
0
567
9
85
0
48
3
0
0
30
155
0
617
126
4
2
138
82
36
166
6
32
2
166
2
189
24
0
16
0
0
0
0
0
0
2163
847
34
2
0
0
0
1581
31
47
23
19
1
741
0
0
3
0
174
84
565
17
0
123
277
252
0
47
110
0
2
0
3
0
0
25
768
158
0
0
66
26
120
7
0
1
9
40
2445
0
0
0
9
109
1
83
3
0
30
4
0
308
2241
1023
0
434
1
41
0
0
0
0
0
1137
28
598
360
459
15
207
0
607
1
496
1
21
39
15
14
372
593
848
813
0
646
0
9
3
28
37
32
254
26
247
19
145
7
0
43
21
23
124
39
0
260
169
0
560
11
10
757
35
789
199
752
97
1014
24
0
0
3
0
7
91
685
0
36
330
0
157
0
0
91
534
178
0
0
0
0
5
0
56
152
1787
0
1
467
628
0
978
141
0
111
2157
126
50
71
7
0
5539
0
1236
162
26
256
55
0
0
0
0
47
0
0
8
11
0
0
0
79
1
41
0
0
29
173
0
1
0
14
0
29
0
0
452
8
0
0
260
12
2
2
83
376
0
71
0
487
94
29
54
776
571
11
37
0
0
0
41
160
83
8
2
0
10
0
0
0
0
0
159
219
24
0
2528
0
9
0
65
12
222
0
0
56
0
179
130
35
0
0
0
464
39
0
24
0
0
72
227
0
0
231
0
218
0
259
2
717
1932
2
0
47
479
0
19
205
0
115
284
12
514
105
0
0
0
0
127
212
390
0
4
0
6
40
0
3347
51
5
0
53
0
2
5
0
127
583
33
1116
315
1592
40
122
301
754
1027
13
0
17
11
17
95
0
708
8
0
0
0
0
0
6
13
0
0
2
3
1
0
604
174
0
31
0
95
2
12
11
205
17
5
0
148
26
540
58
73
5
143
0
67
632
0
201
4
168
0
201
122
200
0
473
59
0
0
2
8
243
13
229
25
16
16
226
208
1
1477
2186
211
0
0
347
5
0
237
0
77
0
141
0
0
0
19
55
30
3
0
1022
339
39
16
211
10
0
418
268
1
0
0
82
5
31
24
0
3449
308
0
124
171
69
0
0
57
23
379
472
23
1
309
20
85
2
0
35
1
0
0
37
0
0
0
38
62
6
91
0
19
10
171
100
0
1
29
5
2605
140
0
0
208
0
0
1
82
426
251
1
0
258
11
1
0
0
315
16839
42
0
190
0
2
61
21
36
152
0
1407
771
213
0
2
28
13
1
18
67
136
20
2
0
18
2
0
2430
0
0
52
26
1160
78
2
3
1
4834
1204
337
77
0
5
0
0
114
0
5
337
86
699
1353
2
911
14
575
0
0
0
0
328
0
1
0
0
0
59
0
99
0
266
3
40
0
101
0
283
5
61
1
0
0
1435
121
0
0
0
0
1
11
73
5
70
0
230
6
374
506
10
0
8
0
0
11
81
0
325
389
0
0
0
3156
8
0
5
12
161
13
38
2
16
93
0
5
136
12
0
56
0
131
491
0
12
773
1
0
0
171
0
0
4
145
0
1
295
0
6
0
0
419
1
21
3
2
0
3
0
1866
0
0
1
0
847
0
201
18
0
115
192
1
0
222
0
11
5
0
476
0
0
53
5
0
41
47
0
5
0
3023
2
20
0
0
41
0
322
45
9
17
102
39
21
109
61
0
0
0
3
307
143
0
3
0
0
114
35
32
59
0
1
299
2490
1
0
0
113
140
0
519
665
0
4
376
23
0
3
10
590
4
12
170
61
0
36
0
9
2
0
0
0
28
7
12
0
212
230
453
101
0
222
0
1147
0
4
0
3
379
59
1806
34
0
2
74
479
0
0
81
6
51
0
10
22
108
14
590
0
0
66
781
0
0
1087
25
1162
0
0
1
0
115
2
568
0
13
0
2
0
0
948
366
0
58
137
2
36
505
1172
46
67
14
0
2
0
0
135
0
144
21
418
9
120
194
147
0
0
0
0
14
20
7
179
0
0
392
0
18
152
0
551
0
2
1008
189
26
949
1027
2
19
7
101
1
327
0
0
0
474
0
0
52
0
1
1662
0
29
104
0
1383
0
0
2
2127
106
375
246
259
4
202
239
0
250
22
12
23
298
11
48
0
0
27
0
15
575
8
3
0
0
2
0
0
155
20
0
15
45
61
113
820
14
1
0
0
582
475
50
4
3631
0
0
73
0
3
1
30
0
95
0
23
2
0
7
673
16
74
237
155
0
0
10
15
0
216
390
9
1289
1
0
0
0
1
0
2
50
839
0
10
36
27
0
15
0
172
26
109
18
0
3
251
1
90
322
0
0
493
401
13
0
2429
7
24
11
55
0
253
0
3
0
0
327
0
0
0
0
326
0
29
11
0
0
30
2
174
3
0
218
70
4
1
9
158
0
40
2
0
54
0
0
0
242
1
23
19
0
335
37
174
345
17
11
184
0
4
426
0
11
0
0
0
667
25
0
242
0
59
79
13
152
0
19
58
85
118
0
273
4
0
229
0
0
1
679
33
0
344
148
0
2
5
408
4
351
0
0
6
0
25
0
0
6
0
20
416
0
15
1
0
43
21
386
193
0
0
0
91
18
121
0
73
91
0
2
20
4
0
0
1
30
0
13
39
0
0
0
0
1539
1
0
17
3
0
0
1
128
239
7109
1
0
91
23
9
17
747
227
0
27
87
42
21
0
19
0
21
46
197
0
0
25
1
0
0
144
3
1
0
0
10
5
0
0
6
16
121
326
0
74
420
17
0
0
48
7
0
134
0
0
451
0
3
303
0
1052
0
102
3
0
7
0
0
2
43
0
4
0
0
0
7063
4
111
0
0
0
56
122
92
961
0
9
37
5
0
82
159
0
1120
2
271
1
2
58
0
0
244
0
0
10
0
3
114
6
514
0
0
2057
43
0
2849
0
0
568
494
16
0
0
1044
1
227
1351
2
11
8
1941
167
78
3
49
20
0
0
3
0
107
1553
197
0
2169
0
104
160
0
0
27
0
218
399
1
0
347
113
188
8
0
743
207
0
0
374
1169
0
102
0
0
0
134
108
84
43
53
1
17
0
4
9
0
0
0
0
307
0
528
0
169
0
4
0
206
3817
0
168
1
45
22
4
10
121
28
4
39
39
0
0
0
1
0
114
0
0
0
4
17
55
12
97
488
0
0
0
4
0
0
220
1
2
0
38
0
565
0
0
0
6
0
41
29
0
0
0
395
221
0
0
0
0
48
0
4
95
54
0
49
2
199
57
2
47
0
0
260
0
0
12
0
0
0
58
4
21
0
0
0
10
95
51
3
10
0
0
45
0
198
0
85
17
77
908
2
0
1
0
8
0
0
3
0
0
43
84
0
0
4
136
0
15
0
240
34
1
35
64
2
0
27
39
0
4
0
1
0
0
59
5
113
0
0
1473
157
54
79
24
0
185
51
9
251
52
126
131
43
0
0
17
29
0
2
3101
5
0
171
0
4
0
131
34
1
0
77
0
0
0
60
0
0
7
214
0
0
2
1
0
40
234
0
687
29
0
18
730
0
9
16
91
0
119
1
2
0
2
30
63
2
0
579
3
0
0
0
0
0
0
0
191
27
0
0
0
9
25
476
1
0
0
18
3
0
79
909
33
0
1
0
0
0
0
15
22
94
0
42
38
7
0
0
84
48
3
0
0
0
0
0
145
0
14
0
73
0
0
0
1350
0
188
14
11
107
0
0
0
0
95
161
0
0
0
0
32
47
0
36
3
15
326
26
149
4
1
19
207
2531
0
0
0
14
168
25
13
0
609
0
0
0
24
189
0
27
3
0
393
0
141
58
3
0
4
0
440
5
11
404
20
0
0
46
0
23
103
238
0
0
56
0
585
23
1
0
0
0
6
0
0
0
81
424
0
0
151
11
0
120
0
8
199
0
1
0
324
7546
0
0
1
0
23
0
3
0
31
104
16
237
6
0
0
24
198
66
27
40
36
941
359
0
0
0
6
116
509
0
0
23
0
289
11
504
0
99
0
0
0
597
417
0
130
235
7
0
418
14
160
2
180
4
21
0
0
9
3
0
0
475
20
0
0
38
0
42
76
13
3
1
0
235
320
10
0
1
28
6
138
5
5
0
66
323
0
0
0
0
18
0
0
0
425
0
18
0
34
4
0
0
0
6
30
68
1
0
0
44
0
52
245
0
528
179
11
0
3
0
16
0
18
28
2
0
0
1806
10
1
236
0
0
170
0
0
65
68
9
0
319
54
249
0
12
3
13
96
164
0
0
0
0
0
36
0
2
4
5
28
74
15
0
0
0
1
28
149
106
9
0
0
76
159
0
23
311
219
60
0
108
1399
57
0
1
71
13
740
0
210
4
0
0
0
0
10
6
21
2
43
2
0
3
0
44
74
0
164
0
131
684
98
0
6
8
1
20
250
3
0
0
376
0
22
4
20
1
222
0
0
0
296
72
39
0
0
4
319
1
18
0
4
47
370
0
55
0
388
0
15
22
0
1
47
0
62
721
0
0
0
335
26
30
95
0
0
0
7
0
0
20
142
805
235
31
0
112
43
210
572
1
10
0
0
0
1145
0
273
0
301
0
67
160
0
0
2
41
606
211
13
1
0
0
13
3193
0
197
9
0
41
22
19
114
0
0
1
1252
17
0
899
122
0
1083
1
13
20
0
41
94
658
44
7
449
0
1
0
0
897
33
26
7
92
10
2
0
0
0
2
93
111
0
17
181
3
0
73
451
0
0
300
4
0
0
18
0
0
586
0
1565
4
4
2
0
37
19
1
3
107
11
1549
159
72
255
1
57
1
518
2
1
522
32
0
0
1
239
0
4
2
716
0
63
0
8
1
170
0
18
13
0
0
159
0
0
3
481
126
2
273
39
0
12
0
3
51
0
203
5
255
0
2
22
695
0
27
0
0
77
24
0
0
521
202
9
3
0
0
13
0
2
345
0
0
0
81
0
5
2
32
0
1
185
0
9
16
493
0
0
4
1
3
3500
3
169
0
0
0
0
28
120
138
0
620
2
196
1
0
268
0
0
177
19
137
0
2
17
672
317
65
0
4277
0
56
232
0
54
0
4
11
519
60
19
151
0
0
4
65
0
0
39
2
0
0
23
47
7
0
1013
28
555
0
298
151
41
400
579
51
0
0
50
0
0
601
30
256
62
0
0
4
1
19
0
0
110
1
70
261
0
45
2
0
121
22
22
36
0
361
5
1201
0
44
0
21
0
8
34
132
0
197
70
9
24
1
1
3
0
86
187
188
2
17
0
67
12
0
0
3
883
0
13
34
0
0
234
0
427
1450
1
1
672
17
0
336
22
7
280
0
112
0
24
641
0
2
83
0
39
25
0
10
45
1
511
29
0
0
44
74
0
0
0
0
2
373
251
8
0
41
286
305
15
10
696
295
0
0
0
300
55
0
0
114
93
317
0
6
0
95
0
1882
248
0
0
9
1
189
0
0
0
0
0
99
7
0
1
0
0
2
43
558
18
0
11
0
29
0
235
0
0
239
0
16
2
126
6
0
0
479
0
337
717
66
545
148
0
294
0
0
91
0
6
3
0
45
0
0
6
0
2
0
2386
0
0
0
11
1075
0
329
0
16
0
0
6
44
102
100
56
0
80
18
7
0
4
491
30
73
4
0
12
22
2
0
0
948
441
211
272
1566
980
3
17
0
0
0
169
33
1
222
902
732
194
0
8
101
699
1
12
2
350
0
318
0
751
91
364
0
22
0
2
261
2
62
55
145
70
328
11
47
0
0
0
6
0
0
10
30
605
0
0
130
0
1
0
645
0
42
128
1733
78
7
397
1
0
1
0
161
0
1
0
3
204
6
14
0
26
51
26
82
0
0
0
289
0
73
8
2
1
18
7
2
0
0
317
0
0
0
7185
41
0
0
3
51
201
185
88
497
0
0
1541
0
0
1138
3
0
0
10
1032
25
0
1
381
162
1
0
0
0
0
30
1280
1
0
26
28
0
824
0
0
0
2923
32
187
0
187
2
495
0
5
9
0
0
7
20
2
3
0
3
337
7
0
1910
0
0
6
10
0
0
1476
13
0
0
7
168
0
0
106
632
1
109
14
16
34
457
752
83
0
0
2859
105
0
330
3045
1
1014
551
11
2
0
0
0
12
226
2
0
0
0
0
6
0
0
0
8
19
19
0
0
39
0
693
10
0
47
0
144
49
0
0
686
4
0
24
0
4
6
0
30
1216
270
0
28
136
89
20
3371
200
20
57
1806
774
0
3
3
0
67
0
0
124
0
799
2533
0
9
1
53
216
120
159
230
20
0
0
0
1319
36
0
0
25
1
4
17
876
43
154
6
1
0
260
0
20
1291
44
0
58
0
0
20
527
0
10
143
415
0
21
834
68
0
0
1811
0
0
407
0
1
0
2
15
0
0
2
366
25
271
0
215
302
0
0
33
174
82
0
168
0
0
23
0
782
49
214
19
0
4
0
0
51
0
0
0
29
1215
1125
664
0
17
50
0
201
0
20
0
10
13
247
136
0
5
238
25
391
0
16
84
0
0
0
1
1
578
80
76
0
0
750
6
1
0
68
9
100
197
0
3
122
1
0
47
0
18
8
0
0
29
0
14
44
0
366
0
0
0
18
0
77
4
929
0
38
559
1
0
0
262
0
47
519
43
0
0
0
0
47
6
127
47
0
8
5647
116
0
2
0
0
1247
0
0
6
324
0
21
10
10
0
0
2
296
0
0
0
1
0
19
0
11
0
476
74
0
1710
230
0
374
0
19
0
0
481
0
0
7147
220
0
0
0
166
168
0
60
5
0
954
1
14
6
7
0
6
0
2
8
0
5
672
1
0
10
0
35
1
0
1039
0
0
6
0
17
13
0
0
0
0
0
2
0
0
0
88
6
158
246
5
0
102
0
87
2
0
0
28
0
6
0
0
434
5
28
63
89
4
27
0
174
0
3
61
0
592
0
344
544
0
11
15
0
0
72
1
128
4
0
1
97
6
628
0
0
91
24
387
51
712
429
0
53
0
252
404
0
1
74
18
20
2
752
9
0
134
19
307
51
241
0
3560
90
147
1
0
1223
0
214
122
14
0
0
0
53
32
58
0
0
0
185
0
0
3
253
1
0
0
0
499
309
236
208
36
0
4
0
24
0
10
0
17
0
52
414
0
78
0
0
0
1088
0
40
0
264
0
374
0
17
25
407
0
39
0
68
3
29
66
132
0
448
0
284
0
0
0
0
37
0
200
2
152
0
9
0
0
0
0
0
2
0
0
339
62
64
0
0
58
72
0
2758
5
0
0
28
14
306
962
0
121
22
426
0
128
0
20
993
35
8
81
0
718
62
1
290
1809
23
997
1
808
2
0
11
0
11
21
0
1
5049
0
528
0
38
1
259
0
54
286
115
0
206
615
0
971
2
0
0
54
0
0
2
22
0
0
78
0
35
0
1304
0
0
43
0
9
388
0
0
827
19
34
0
100
16
0
2235
0
4
148
262
0
477
0
14
0
0
29
2061
378
0
0
0
0
47
4
0
0
1019
501
62
8
46
0
36
35
0
451
0
334
165
0
0
0
118
230
0
0
0
0
73
0
60
0
4
0
0
0
0
7
0
3
7
45
18
0
3
0
0
0
0
7
0
5
0
0
55
122
182
448
80
9
93
1
0
0
8
1
0
2
0
28
0
266
2
0
0
0
2
0
0
0
5
0
232
0
3
2
8
25
14
142
6
457
515
198
21
70
97
0
5
2
0
60
4
6
0
0
2
0
0
43
0
1
2574
0
0
0
0
2
76
0
2696
32
17
383
0
0
19
0
280
4
0
10
0
0
32
90
0
204
264
1378
667
0
0
0
0
0
10
147
0
229
319
2
58
0
52
475
0
32
10
73
18
50
406
24
121
5283
1094
0
0
11
127
0
0
10
238
1823
20
0
4
630
1
0
0
3
48
70
184
340
1023
223
5
0
31
0
1479
0
0
173
379
0
0
1
230
842
0
555
206
0
603
1
0
9
168
52
151
73
0
177
41
131
0
59
309
1770
0
0
21
0
8
0
0
152
2
1
41
44
448
0
8
271
119
10
0
0
346
5
97
0
0
0
11
215
0
0
227
0
0
0
0
0
173
273
404
430
198
0
72
8
0
56
887
99
170
4
125
27
0
2
17
84
0
1283
28
0
227
0
0
36
0
2
2
0
0
0
115
1
2
10
1
0
3
669
2
843
0
0
1
0
40
0
1
0
531
0
0
0
10
0
0
548
0
0
0
0
138
44
0
6
52
0
0
395
0
58
0
950
29
0
0
17
130
144
257
489
0
0
431
0
0
18
161
14
1
224
0
89
0
0
0
1
937
210
246
801
6
1
11
46
262
14
13
1
7
38
0
77
0
123
3
313
1
0
89
0
0
82
0
57
795
0
309
0
1
302
0
804
13
74
1049
3
1265
1907
1
6
25
1
0
2
4
535
1
414
2687
317
21
38
275
36
14
0
43
65
2
0
6
248
253
126
166
0
161
584
17
9
3
2188
0
0
3
749
0
166
54
762
1
76
5
290
352
2
1
855
17
31
0
0
2199
21
0
339
10
348
158
0
270
0
45
186
696
22
2
2
591
0
0
2
0
0
0
249
0
4948
7
0
283
0
0
39
20
75
24
140
103
0
0
25
370
1
0
0
44
0
116
21
0
0
71
0
5
38
0
398
550
0
100
0
77
0
13
0
28
0
47
0
0
0
0
123
0
219
1
14
0
585
0
0
0
2
50
8
720
0
166
178
78
0
0
0
30
4
0
0
0
136
0
64
0
70
199
0
28
1
46
0
6
0
0
30
15
57
254
2
464
171
317
0
0
589
20
21
110
0
547
85
0
0
58
49
0
105
40
36
36
0
0
0
1426
224
60
4
858
12
0
84
18
37
0
32
12
526
470
168
3719
517
0
15
43
0
376
22
0
1
0
67
94
0
7
164
183
0
178
0
299
0
0
29
0
0
751
75
1502
0
72
0
165
2
102
0
0
10
750
97
12
131
85
136
7
0
0
96
5
0
39
16
51
703
0
332
0
22
0
795
948
766
12
123
0
162
1
263
0
0
6
23
0
4
59
19
4
1120
27
0
1
82
71
10
0
0
2
134
293
0
135
1
64
0
2467
76
21
1
0
0
0
34
61
0
17
99
113
5
7
0
2130
0
7
155
0
428
0
15
2
5
0
132
0
127
0
116
33
154
58
0
0
0
345
0
37
1396
0
29
3
0
0
3
25
0
38
104
9
2
2
20
2
40
0
0
126
1
0
123
24
395
945
10
2
0
85
25
1
791
169
16
52
769
0
0
51
86
0
0
79
182
9
975
0
22
846
264
0
17
206
220
306
0
10
0
228
147
0
63
119
376
5
0
11
0
19
6
0
11
2
3
18
612
174
59
11
392
0
224
0
111
506
0
19
1
55
51
326
204
0
0
33
176
220
0
0
61
28
1
0
0
0
867
0
0
16
1368
0
0
0
10
37
1
1428
2
1
0
36
159
36
0
21
400
0
0
330
0
2
0
109
9
3
1
4
29
0
0
97
4
0
62
0
23
201
0
7
0
5
0
0
308
0
4
476
214
0
0
5
73
19
0
66
1855
0
127
66
25
177
0
683
44
0
6819
31
82
0
0
0
2
160
22
10
107
25
0
97
0
0
0
108
14
9
33
54
576
474
4081
139
32
905
0
8
0
72
40
0
1
467
0
29
132
2
39
114
0
0
141
46
0
0
0
537
0
22
301
5622
0
0
0
0
0
10
74
92
2
0
344
133
0
0
8
0
57
2
88
0
0
895
228
0
0
608
60
0
0
23
0
0
78
0
0
171
1
20
0
69
350
398
2
0
0
0
11
121
1
0
143
0
178
2
0
1
0
0
0
0
0
0
44
10
318
448
8
0
676
25
0
0
21
0
8
0
15
616
17
0
0
10
0
6
3128
892
0
196
296
0
159
2
139
16
134
9
222
0
191
12
0
1
0
132
0
0
87
128
0
5
0
205
270
16
28
0
0
14
0
0
0
0
1
183
2
0
207
255
0
0
0
0
71
0
2408
118
0
384
63
54
0
1
52
75
4
0
0
226
15
2
0
22
25
0
0
0
306
1
0
108
0
15
17
0
3
0
0
154
44
22
0
0
0
0
900
1
0
715
152
0
17
0
222
89
1
0
105
0
23
20
0
19
0
0
229
0
0
0
0
5
1626
6
0
0
0
0
0
33
568
3
281
41
7
10
49
0
0
392
217
2
103
0
74
452
12
1435
1
52
10
0
0
0
11
0
783
2
1
1576
2
0
5
0
149
208
0
0
0
0
12
0
74
2
330
354
68
40
400
12
273
0
0
2983
0
7
0
7
1
51
88
668
0
0
83
0
2
0
45
0
0
0
6
0
0
0
2
27
2
1
0
123
47
465
0
15
14
1
42
0
0
227
0
0
182
1
0
0
1
24
0
0
10
1
0
155
0
101
1
300
15
38
0
19
4
0
30
0
10
3
191
393
0
0
0
32
15
0
6
21
0
2
306
0
33
0
26
111
0
787
0
44
0
94
0
0
0
3
28
0
0
0
0
11
0
0
0
11
7
0
0
26
0
36
0
122
0
5
1
0
0
8
452
0
581
145
0
7
0
0
8534
148
100
15
1
0
142
1017
9
1
10
0
7
72
14
2
9031
4
31
0
234
0
937
24
560
347
1
111
21
23
93
3
1
75
86
26
257
207
0
16
5
1
624
1
7
0
102
0
0
1
0
3
0
0
0
21
1
2
0
0
0
4
83
126
0
252
676
942
130
20
2
220
17
0
34
2
0
0
0
0
0
21
0
94
0
29
0
34
0
1
48
118
0
0
9
0
0
4
0
18
18
58
1369
0
385
218
15
0
37
1
0
0
21
0
358
22
43
2
0
0
1
72
0
3
32
135
0
35
0
39
305
0
82
44
40
190
4
0
5
0
0
0
2
0
24
0
0
13
206
48
0
0
2
0
2
785
0
0
105
137
0
48
0
110
428
7
27
57
390
478
0
45
0
0
0
19
23
99
276
0
0
26
447
0
0
0
0
0
30
0
0
833
13
6
19
212
0
0
4
19
484
0
18
97
187
457
326
6
89
0
0
5
7
126
96
10
3
37
6972
427
4
0
151
12
215
3
0
1348
0
31
0
0
2
6
49
457
48
5
194
0
66
867
0
0
0
71
0
0
54
4
0
0
36
3
0
0
0
99
24
533
88
13
0
0
0
0
16
2076
22
0
0
42
24
0
22
380
7
0
19
0
0
0
5
18
0
422
0
0
12
1
70
1
0
568
0
3
1
0
0
3
0
2
0
0
144
521
49
121
4
17
3
151
35
47
181
1
194
587
0
0
0
20
792
24
81
14
156
156
1764
0
0
0
0
0
17
103
0
0
5
0
188
2
108
0
34
0
12
96
1
0
23
10
2
4
0
56
14
18
130
0
688
25
2337
10
0
217
2
103
0
1
77
0
0
408
72
4
450
17
6
1042
25
0
0
242
0
1
25
108
0
59
65
0
0
892
0
76
32
22
15
18
23
105
229
289
0
1191
1
470
274
302
0
0
30
90
242
0
0
0
1533
0
107
1
18
26
958
0
61
0
195
0
345
0
470
16
46
89
0
0
6652
0
45
2
2672
14
0
4
0
0
0
2
0
168
17
0
0
115
0
16
193
0
49
1224
114
1
112
140
38
0
4
0
55
1356
22
1
2337
0
2
0
0
0
2
15
443
0
3
8
0
1
38
20
0
92
0
0
7
206
1087
18
0
537
451
0
320
33
0
108
349
66
0
0
99
48
280
23
1
166
0
999
415
0
41
6
0
2526
25
29
36
0
1
1
0
27
11
411
0
0
42
6
32
0
0
68
484
0
7
355
94
0
0
0
0
0
355
120
0
1249
1
25
12
0
0
60
10
10
206
0
125
102
775
197
0
0
0
11
193
188
6
37
0
85
0
1
56
136
336
0
0
47
0
0
98
3
7
1
15
0
0
106
0
0
0
0
8
60
22
0
2
15
30
116
0
410
0
1248
33
26
247
24
0
612
0
0
0
0
0
1790
0
49
0
0
16
411
1
50
0
3
21
3
4
0
10
0
0
0
0
25
0
17
0
0
0
0
90
72
0
19
74
0
4804
255
0
1
0
997
0
41
478
0
0
0
30
0
0
4
0
0
69
0
0
0
0
0
0
101
0
2
8
0
2198
0
88
0
243
251
0
2
0
308
1882
127
0
0
60
47
28
2
26
32
0
2
53
0
89
1
154
56
91
0
39
26
0
1
2
330
0
4
10
0
3
0
5
0
65
111
38
38
12
11
146
0
65
2
203
13
285
0
0
2
146
0
0
403
1
0
0
17
323
106
3
1
0
1371
110
36
1
712
55
0
70
23
25
16
13
275
16
0
0
10
70
0
100
110
0
7
13
385
22
4
8
429
7
0
0
0
361
383
1556
0
14
0
21
4
0
0
1549
0
172
4474
189
2
0
179
1319
0
20
13
0
46
0
603
4953
44
368
0
1315
134
1
78
3
187
241
30
8
27
3
7
14
2
61
0
0
0
5
308
155
166
3
54
286
424
17
0
17
25
10
26
595
1
2
6
139
15
0
0
27
352
0
1
11
0
0
62
0
0
6
0
1
0
0
0
0
0
35
0
0
0
1
0
0
11
342
9
1061
1
72
0
0
6
1
124
0
4
1081
2
0
0
0
4
144
4
0
1440
0
17
382
0
275
27
0
53
60
9
21
0
93
10
0
0
406
304
2
340
136
329
0
13
0
0
0
12
0
0
0
0
0
0
6
0
1069
418
0
18842
0
6
1
0
0
145
68
35
114
283
0
0
19
11
45
0
57
42
68
0
1
0
1
0
152
580
975
141
0
28
1290
412
14
4
0
175
40
0
113
175
1
80
16
0
133
0
237
2
8
0
0
0
191
87
84
97
0
4
4
1
45
61
1
2
0
4
381
22
0
1
0
0
0
0
12
0
0
20
31
0
8
0
0
0
1
1
1
207
0
0
1
227
0
2
56
0
0
553
95
13
35
63
1
2
7
0
12
3
37
0
535
3
2
30
8
0
79
0
4
0
7
0
0
25
41
15
0
281
1
15
21
0
16
74
0
0
0
0
3
0
10
47
0
0
18
5
34
5
0
1
0
71
33
1
387
2
0
287
0
749
353
151
1
0
36
3
223
0
0
10
316
3
520
8
54
6
0
0
0
58
0
0
0
0
6
0
48
1
99
0
0
0
32
9
0
0
46
10
32
5
0
74
72
25
75
168
4
1
0
0
0
6
473
0
146
517
0
1
71
153
0
131
9
27
12
2
0
2
188
0
3
2
49
0
2884
0
154
2
0
0
0
0
0
0
69
0
18
16
20
3
47
0
0
0
50
614
9
0
0
2
7
80
0
57
820
3
208
67
31
7
0
4
12
0
57
0
35
149
1
52
90
0
10
10
0
0
1
0
72
15
0
1
108
224
0
9
0
353
136
94
0
0
33
0
0
4141
3
1050
39
18
2
0
7
54
26
30
0
0
0
0
0
726
14261
0
0
1
45
36
41
0
1
0
9
0
0
14
3
12
122
12
33
12
0
0
161
8
13
12
1
92
25
5
2
0
6
56
322
0
2
60
7
635
0
19
713
2060
28
193
35
2
202
40
565
0
9
62
0
28
363
127
232
10
0
0
2298
21
0
142
15
6
9
0
0
2
112
0
103
34
0
0
1
5273
0
1
164
223
0
22
0
245
1
0
0
18
0
1
0
27
297
0
0
0
16
0
2713
0
5
788
0
221
87
0
962
494
8
5
0
0
0
66
0
140
6
73
55
14
409
0
0
21
0
0
71
0
23
254
1
99
559
0
16
0
76
0
0
27
23
0
46
0
0
1
7
162
0
9
8
0
0
250
42
0
81
0
455
245
265
0
0
0
37
76
2
6
10
0
42
0
0
39
2
0
15
0
0
133
0
0
2
15
19
0
52
54
13
0
5
5
0
92
17
18
0
23
0
13
0
0
0
15
117
0
0
39
6
22
13
155
0
5
0
0
1076
107
45
36
0
136
57
29
228
105
5
0
5
35
254
9
35
9
2
2530
449
0
0
73
85
66
56
0
2
0
0
2
0
49
0
0
0
0
0
4
0
204
2
519
24
96
135
1
0
0
1012
0
0
8
0
71
7
6
1
14
0
0
0
95
832
0
219
0
190
0
353
64
15
0
0
0
0
0
53
0
0
22
0
0
3
0
0
0
0
0
0
0
12
33
0
764
454
13
1
0
284
0
25
3
0
566
66
6
0
36
0
209
0
179
46
0
344
0
70
3
2
98
77
7
7
120
539
0
365
30
0
0
0
653
64
3
48
0
17
0
0
0
1
1659
2
74
136
0
203
0
150
0
14
0
127
0
972
3
10
0
12
0
175
320
0
305
0
0
27
31
1
1
2135
0
0
5
94
56
10
455
288
445
778
514
89
0
4
25
27
25
0
6
0
88
1
103
0
0
5
1
264
0
0
0
0
0
0
42
956
346
0
370
13
1
13
496
73
21
7
2
40
1
0
0
9
575
4
0
0
0
1
0
151
0
0
99
14
15
621
27
0
19
233
0
1085
17
60
4
108
1
409
48
0
6
188
3
177
0
101
4
0
0
296
2
0
176
209
0
1303
4
35
0
286
320
0
889
83
2
0
1242
0
25
1
252
0
0
37
25
2
267
214
44
679
14
1139
14
0
296
691
0
0
0
3
1014
2414
0
351
107
0
55
2
0
0
142
6
27
0
0
32
116
0
26
0
282
0
27
0
29
0
0
1
0
0
21
68
22
0
411
926
0
124
145
0
334
0
0
0
0
5
83
7
70
1463
24
0
36
19
122
0
0
0
0
0
365
2066
8
0
35
122
398
0
95
0
15
17
18
47
0
42
5292
0
0
0
0
6
420
0
0
0
11
0
0
0
0
218
0
79
33
3
39
1
15
23
3773
5
34
0
0
161
0
0
860
0
0
411
0
6
0
3
0
0
219
81
0
1
0
77
7
0
2
26
24
527
0
1
0
0
0
0
2
78
0
0
0
693
2967
0
5
17
0
89
1
428
12
202
51
0
128
572
0
1046
272
0
147
0
0
4671
20
0
156
0
2
9
0
776
2
161
4858
0
0
0
0
0
4
54
0
174
8572
492
0
0
0
0
1
0
154
0
66
31
54
218
997
193
0
0
128
0
25
0
841
1144
0
48
0
0
74
2
5
0
8
0
110
19
0
291
12
0
0
32
190
0
0
0
19
0
0
50
793
0
127
58
0
7
153
4
19
1
0
436
12
243
59
0
8
0
0
0
1839
73
219
152
0
11
1925
608
0
0
1300
0
0
0
10
0
4
0
38
290
62
40
0
357
1
0
7
33
676
121
106
13
0
5
0
6
22
0
212
124
0
21
0
0
1
0
0
802
3
15
163
31
77
0
0
132
178
16
0
0
3
0
1
179
119
0
0
26
0
9
8
0
856
114
0
0
311
727
142
46
49
0
0
36
0
0
10
1
170
1
0
36
23
1
451
0
9
54
106
364
0
0
59
211
181
40
0
0
21
0
2224
105
1611
0
1
7
128
41
14
0
0
1034
1
0
4
0
0
0
0
0
0
11
2
20
0
60
0
64
6
0
120
0
269
744
0
1
0
0
3
0
1
0
171
543
80
138
6
0
452
0
55
356
17
1030
3
14
22
0
12
17
3
0
0
0
18
2
93
0
1
634
1
42
137
0
0
0
0
2
0
0
13
245
2
0
3
0
0
0
0
0
91
0
739
993
1
3
190
1936
0
11
34
0
1073
6
16
59
260
0
107
0
19
0
402
50
0
0
0
0
7
143
703
1
226
172
501
0
0
46
618
31
0
29
631
0
152
0
490
1553
245
0
40
7
0
2
1994
1375
12
0
247
0
62
0
0
2
0
0
0
487
35
126
546
61
45
111
0
42
149
95
0
0
87
0
35
0
4
2791
0
65
45
2
228
29
3
3
2
85
0
227
0
83
0
471
268
221
0
64
0
1
1
0
7
0
371
12
7
0
0
0
0
66
0
275
0
1
0
6
0
0
3
2
0
59
1
263
142
0
235
13
62
210
0
137
41
0
48
27
152
0
2224
0
327
0
5
47
0
0
123
1
1471
194
507
153
44
0
0
0
0
0
62
2
0
8
98
0
584
255
0
0
567
0
0
0
12
0
5
0
2
0
5
16
1
9
0
256
6
386
0
0
2
1
167
0
2
0
278
0
421
68
0
0
329
0
0
31
0
0
0
10
0
89
0
102
2465
0
290
0
117
1
3
0
29
1163
231
167
213
98
68
31
157
0
24
0
431
0
428
11
0
343
1
262
140
2
78
0
115
0
0
827
89
54
0
360
48
0
265
71
0
0
0
0
0
207
0
190
0
67
137
0
0
932
513
0
0
382
1
35
0
118
0
0
432
40
36
2217
587
79
96
0
0
7
0
21
1
101
0
41
100
139
260
3
23
185
95
0
45
86
0
1
246
147
2
51
114
0
2
0
3
9
30
0
0
49
163
68
0
660
1887
2625
45
288
1714
0
139
9
8
229
65
14
151
42
0
124
0
0
117
291
0
5
5
104
216
0
2
0
167
32
2528
193
43
136
22
0
0
671
84
84
5
2
7
97
38
0
178
28
0
55
302
0
191
76
0
0
0
10
1015
274
177
0
0
337
0
0
0
0
0
31
831
0
2
0
0
66
23
0
0
157
0
2
0
1006
17
0
4
140
90
1137
372
0
0
0
0
14
87
0
0
0
0
8
0
64
0
0
66
0
0
6
43
0
52
0
4
0
2
193
0
9
0
96
0
253
161
0
54
0
1
32
70
1195
9
14
0
160
85
4
10
0
98
9
8
0
229
119
1
62
14
0
0
118
0
9
271
0
0
0
0
0
1
37
10877
13
0
140
0
121
4
8
0
0
17
17
0
0
0
151
37
57
0
28
6
47
0
693
1
5
0
42
28
963
90
13
0
0
9
13
16794
0
0
4
1245
217
3
0
5
2
0
0
3
126
78
0
19
0
3
72
0
21
0
0
46
255
0
0
5
5
12
185
107
15
415
176
0
0
142
0
5
1
76
0
278
0
1
0
4
4
2
0
947
0
0
528
23
0
0
41
0
1
0
0
0
26
0
63
1
0
55
1846
0
0
379
0
0
7141
4
553
138
12
3
15
1
0
182
0
194
40
0
106
3
0
41
1567
1470
1
0
28
0
1
36
4
131
1
0
0
0
608
557
59
316
37
0
235
83
0
1
4
1
0
0
123
2
122
2
2
0
112
0
0
21
0
42
3
0
0
46
0
0
83
0
19
0
0
1079
21
2
47
0
0
15
129
0
0
12
2
0
0
0
31
0
368
28
932
21
0
110
6
1
0
0
1
0
14
45
8
7
0
21
81
38
0
188
100
0
808
292
0
690
43
2
4
0
5
1
0
6
113
5
77
0
61
0
8
0
28
3
0
0
0
225
1
29
380
257
26
0
0
0
0
36
11
1
433
468
42
0
0
13
166
5
0
0
2336
26
1
474
287
1
148
0
0
213
1
70
540
0
0
157
0
0
2
0
0
0
175
1
0
35
129
0
7
10
0
136
1
229
0
5
34
31
202
24
0
0
181
97
2401
30
311
2
174
0
375
13
1
175
0
68
5
2537
488
0
1
99
68
0
0
1321
0
0
396
14
17
0
17
0
0
0
43
0
0
34
99
802
0
0
35
269
48
0
165
0
0
0
0
0
0
1
18
110
20
5
0
2
36
7
0
0
0
632
0
0
26
180
142
39
21
10
146
1
267
81
210
36
1
27
288
61
3
63
0
95
1074
43
204
0
0
8
0
20
191
55
0
12791
64
4
4528
123
0
0
50
362
0
205
0
0
5
59
0
0
0
1
262
0
6
0
10
0
149
10
0
0
130
0
0
423
13
74
0
27
0
0
42
0
15
0
350
15
0
23
2
13
20
2
42
0
64
63
0
3
0
172
5
1235
203
147
486
132
71
0
6
0
0
96
0
0
6
16
91
0
8
537
0
1
111
6
476
0
90
0
88
694
20
1
0
0
37
5707
0
0
0
0
0
0
0
0
1
0
60
104
9
1
21
29
60
94
0
896
321
0
40
288
233
0
34
8
291
770
0
11
0
0
0
0
191
0
70
2
0
16
52
0
1
5
0
40
22
0
144
0
0
0
0
4
18
0
0
130
2
449
198
14
0
786
7
0
17
0
208
0
0
0
5
0
0
0
120
0
18
0
1189
118
0
0
1028
0
40
250
1461
38
0
18
247
0
0
0
0
4
56
1029
0
131
35
114
42
0
526
64
17
1
0
0
2
0
30
1086
5
83
2818
2
0
5
0
1
1276
336
0
0
255
838
0
661
0
40
95
208
49
0
0
164
0
26
2
0
11
1067
0
3
30
31
1
62
1
53
13
0
68
0
88
0
43
634
235
27
1
0
307
12
0
479
36
13
0
0
0
0
0
26
185
0
224
8
0
427
61
0
0
0
174
2
1
29
124
6
1
0
21
0
803
0
0
0
128
12
0
0
0
202
0
872
0
0
279
0
0
6
1
0
1007
1
0
0
6
82
0
85
0
0
0
0
93
85
0
3
0
0
2
544
147
0
7
3
0
76
0
1
6
3
197
58
511
40
42
451
0
0
92
11
281
330
4
0
77
62
175
48
453
3
449
0
679
280
14
0
0
6
0
34
11
74
36
0
58
0
3184
0
0
1
10
61
29
155
0
0
0
14
0
496
198
0
0
0
1
0
263
212
122
33
844
1
0
0
231
3
0
4
51
44
0
27
82
29
0
1
0
0
1354
586
834
5
1760
0
12
47
242
94
0
0
71
301
39
6
0
0
0
0
17
743
0
455
0
16
46
511
3
231
0
0
2
5
140
0
1
24
4
4521
0
115
88
2
0
45
31
5
1
6
45
0
21
5
0
2
1
1
5
0
0
2
6
0
0
238
0
232
58
0
1
412
0
0
0
1050
7
0
0
363
203
3
143
285
69
0
3
125
40
0
58
571
0
8
8
686
0
8
0
0
0
18
7
4268
43
209
52
470
11
0
0
0
0
0
510
7
119
0
159
0
1
349
4
174
0
89
8
3
0
0
9
0
0
0
0
1
20
3
8
0
3
0
31
164
0
19
5
0
0
0
3
0
3
37
0
40
538
0
2
1
311
0
0
13
0
0
12
0
10
59
140
2
1686
215
61
15
0
80
0
553
0
0
0
264
58
148
0
0
0
2
63
0
0
4
966
9
0
12
417
7
246
1
0
324
175
44
0
16
9
35
0
0
0
995
97
0
0
21
0
0
0
0
0
446
3
141
1557
372
667
12
0
0
72
46
123
0
0
0
4870
180
248
450
3
0
113
89
123
45
46
0
0
11
355
314
0
4
88
796
0
235
612
0
1
0
193
0
1
639
182
347
247
69
0
1
76
405
54
0
12
77
0
0
17
4
73
236
0
0
21
137
0
11
45
1
307
0
14
198
225
10
2
166
0
0
27
41
34
0
0
368
0
116
0
26
737
0
0
86
1
0
281
5
0
0
4
296
0
362
0
32
0
0
0
0
1123
10
89
172
388
262
54
11
151
0
6
27
57
192
9
32
28
434
40
110
178
1883
177
0
128
0
78
131
183
265
0
0
0
164
15
59
0
13
1083
181
305
0
78
75
7
0
2
0
8
852
0
221
245
102
585
2
30
15
0
0
45
52
19
237
0
586
0
0
0
0
72
540
0
1
1
63
0
1
3
739
175
29
105
0
5
0
0
89
8
208
166
0
0
1
57
0
3
0
475
2
0
86
5
0
2
0
10
0
55
62
1
42
111
0
443
1
73
10
265
0
733
0
40
0
0
82
7
3
27
99
464
128
0
0
0
1
0
45
0
805
0
138
0
0
611
31
59
3
0
34
0
37
367
297
79
17
103
827
0
349
52
0
140
1006
23
14
0
2
13
1
4
374
0
0
0
26
5
0
49
44
22
67
0
47
0
0
6
0
0
0
619
13
2
393
0
0
42
1094
0
3
0
15
217
0
360
28
4
0
12
0
1697
0
0
0
0
102
0
1655
0
7
22
0
4623
0
0
136
110
8
0
8
3
253
52
109
226
10
3
0
29
52
6
0
2
0
3
0
46
3
0
0
23
0
21
0
30
24
2
0
197
58
43
3
0
6438
83
14
1
355
216
3
905
12
903
0
0
560
1252
105
450
51
0
0
0
21
0
1132
0
0
0
46
0
0
8
9
0
0
0
53
0
0
0
0
145
1
3
480
0
0
1
0
0
0
682
8
1
226
54
11
0
0
0
0
76
0
681
0
0
3
0
0
1
0
293
16
0
2
343
18
302
0
64
2620
126
0
0
67
0
35
0
8
17
0
0
176
179
0
17
31
1231
4
0
502
4
0
17
6
0
3
1
0
0
0
2
0
489
20
1
0
1
162
104
860
0
0
0
25
0
0
0
0
0
219
0
0
21
18
225
14
6
0
0
875
19
0
0
1887
0
1
294
0
71
9
0
156
33
0
1
0
0
22
93
1
0
0
1
4
7
0
22
175
288
0
3
0
1
1
0
42
0
0
0
81
2
0
0
11
0
43
0
0
19
42
0
0
0
26
0
1
0
20
6
15
2
0
0
1
0
39
9
0
52
1
0
0
124
0
0
393
6
2
32
0
0
14
0
178
56
3
0
249
31
223
0
0
168
3
32
34
0
0
28
253
0
11
7
10
181
0
85
23
0
5
0
9
2
74
178
392
0
0
1
8
0
0
0
26
17
0
74
0
11
0
0
0
0
0
0
7
2601
0
190
166
0
0
1
12
13
0
177
0
0
0
0
1
12
442
573
17
111
13
16
113
0
3
0
200
0
0
73
3
10
0
0
0
29
1
0
0
14
0
68
17
1
12
104
90
0
78
5
0
0
0
0
3
0
0
0
0
24
0
124
8
12
54
0
2
0
0
0
6
0
0
0
24
0
0
374
40
0
0
0
164
70
0
29
176
22
104
528
16
0
0
36
0
36
0
23
2
0
0
0
33
81
33
184
42
0
1
0
8
625
1
135
0
0
4
81
79
0
3752
565
3044
125
32
23
112
458
1147
0
2
0
1
9
0
1
8
0
0
21
103
351
0
161
42
23
408
192
4
0
258
1
97
0
55
0
1089
11
0
38
0
0
158
456
14
61
18
3794
18
42
0
0
0
11
112
85
0
1
31
878
9
22
2254
0
48
0
7
0
0
1
0
0
21
12
3
157
0
0
69
8
5
0
0
0
11
159
7
0
0
0
0
25
0
14
729
35
2
0
0
87
882
0
366
5
187
22
0
13
3
6
23
0
0
1485
0
0
102
0
20
154
2
0
0
6
10
11
73
1
0
240
6
92
0
87
26
0
152
0
8
0
1
0
0
54
10
227
3
43
0
0
46
0
2
1
19
0
314
0
1
0
0
0
0
0
23
0
526
3
118
0
0
5
0
0
3
54
1
19
0
0
0
0
1
10
108
1
0
49
5
73
0
4089
10
0
109
0
256
8
48
5
6
1
19
85
0
0
63
0
15
0
1
0
2
34
61
0
6
2
5
24
0
0
911
7
0
433
0
0
76
25
18
5
0
64
125
0
0
86
0
17
0
0
0
155
1
178
1
0
135
41
12
0
7
16
4
3
0
0
0
1
0
2
0
185
0
8
0
6
473
181
17
0
0
12
0
53
0
12
0
0
73
0
0
66
24
34
428
531
5
185
0
668
106
0
310
134
358
0
2
1
607
3202
16
83
25
5
52
5
203
0
0
62
15
0
0
0
12
0
0
0
0
0
52
0
179
0
0
57
0
750
2
0
13
0
0
20
2627
330
882
0
238
311
3
0
80
0
0
40
581
0
15
1480
295
177
2103
4
173
261
0
38
3
0
4
0
0
0
39
0
1
0
13
15
0
399
0
2
19
62
13
2
33
23
0
0
0
0
56
257
0
44
218
3
38
0
36
0
2806
0
0
0
1
66
0
4
122
32
14
0
0
165
153
0
0
115
1015
0
2173
810
0
233
125
2
384
0
882
0
0
4
0
333
191
0
0
1
275
420
0
0
32
62
12
21
0
4
8
0
208
478
0
0
0
109
0
52
0
0
112
0
362
5
0
243
132
0
0
0
9
1
30
5
1
47
231
0
300
4
242
0
6400
200
11
135
16
0
76
59
206
155
13
0
208
5285
45
32
2727
0
0
28
0
368
0
37
247
38
0
0
243
368
0
0
4
0
0
82
5
36
935
37
12
0
22
1003
5
330
38
2
43
57
435
0
1470
3965
0
0
277
1349
213
0
0
0
11
0
1072
6
0
99
91
0
1
2
4
0
8
36
0
14
2770
1326
0
2011
1180
0
469
19
16
118
0
4
281
9
788
4
390
37
195
0
3317
0
0
271
1
956
14
0
167
75
1
63
24
2988
65
772
14
41
0
17
238
139
3330
26
73
0
19
0
131
0
0
0
0
0
0
47
0
12
6
87
0
0
55
2
0
7
0
0
1
57
197
3
0
0
352
0
0
1377
0
0
0
9
750
0
0
4
6
216
2
0
0
34
0
0
5
1034
34
382
0
0
10
0
0
0
65
14
2
0
5
0
33
48
174
0
16
3
165
5
27
7
2
8
0
9
17
13
0
39
127
0
44
108
0
16
24
0
414
5
77
75
230
6
8
0
328
0
0
562
4
0
3
2
260
0
673
2089
64
228
200
0
491
13
67
194
94
611
0
347
0
3
23
22
0
96
45
170
0
55
1
0
4
0
0
22
5060
0
79
13
0
0
0
0
8
0
0
84
666
45
30
12
52
0
5
2
12
4
0
5465
42
102
75
0
257
0
65
659
0
84
0
0
0
0
0
76
22
34
172
475
138
93
19
0
15
239
685
0
2
0
0
1313
443
5
3
0
0
0
12
303
950
125
3
1715
0
37
53
1048
15
0
3
0
138
577
2
5
0
0
10
19
36
0
429
375
24
0
0
0
646
29
0
59
101
0
2
56
858
101
0
3178
51
108
0
664
0
37
0
1104
5
189
0
8
0
39
0
2
0
382
90
1
0
13
0
87
961
58
0
0
0
0
1127
0
372
1
36
42
0
258
26
78
3814
7
487
40
73
0
20
86
0
0
0
565
569
0
0
0
52
0
0
0
62
28
0
4
0
0
10
4
0
2
1
0
0
1237
0
313
15
0
1
0
66
0
0
85
0
0
4
0
38
0
0
7
229
139
0
415
31
0
0
36
1
149
0
1
0
135
0
5
0
0
356
1
0
407
11
0
39
0
42
74
2
113
0
11
0
1
267
0
0
0
1182
39
0
186
23
144
0
98
2478
0
0
0
257
48
3
58
0
15
0
40
1
19
3
0
8
495
69
7
0
0
0
0
30
0
0
9
6
1
845
0
43
0
17
14
6
17
0
8
0
346
2
66
0
0
21
23
9
83
0
0
3
2
142
6
15
18
0
7
0
2
67
12
0
590
52
0
0
280
389
86
0
6
61
144
66
0
25
36
5
0
184
0
0
28
7
0
10
0
458
0
31
0
13
0
2
140
22
113
261
253
0
0
69
302
4
0
6
3
1
0
1572
44
0
306
3
628
0
0
49
20
0
0
0
0
0
1
0
0
0
0
467
50
3
0
0
33
1
7
23
0
211
0
15
109
11
4
7
216
13
320
0
310
23
253
1
1
3
186
468
1582
3
0
0
0
0
116
0
0
0
4
16
0
53
0
25
13
9
11
0
3
13
1
0
0
0
44
0
0
52
0
106
2
64
0
195
19
56
76
0
0
52
0
87
0
0
0
122
26
279
249
1
78
893
43
0
0
134
427
31
0
13
0
1015
0
1
0
8
108
43
59
15
7
25
0
0
2
120
12
52
0
3
1294
4
0
12
32
0
0
266
0
0
0
0
0
66
128
61
0
0
1
0
81
0
342
0
29
94
9
220
194
44
0
0
175
8
142
312
0
0
133
0
45
2
347
606
573
8
0
0
6
5
1
41
23
0
0
3
0
0
14
15
0
371
4
127
92
0
133
0
4
0
169
25
0
2
5
40
0
0
63
0
3
0
0
0
2
0
0
3
5
1828
117
325
0
0
0
12
0
56
0
0
50
474
0
18
0
232
49
229
2
0
49
3
9
68
1515
0
0
32
27
2
166
373
0
0
0
0
401
1
54
138
7
0
40
81
0
0
1
0
25
949
58
1
0
0
308
0
1
1
0
0
26
32
13
24
0
37
0
0
463
58
0
17
4
4
45
41
0
32
56
211
81
244
0
14
0
2
212
0
3
1
1
0
0
0
0
0
10757
108
0
0
0
526
2319
3
4
0
4
421
25
0
873
27
0
0
745
1
0
53
4
2
1
353
1
0
3
0
1
0
0
9
0
1
412
4
3
1316
0
2
0
0
0
0
26
0
0
40
0
89
2266
0
0
28
105
85
0
452
5
16
13
0
44
0
438
0
0
0
2254
1
154
0
0
7
270
47
53
28
832
0
3
26
119
25
8
0
0
2
4
0
55
334
0
0
0
0
0
9
1
0
1132
0
2
0
832
86
255
1
161
0
639
1
6
117
427
1
18
0
13
17
456
0
0
126
0
11
4
0
55
5
0
0
403
16
117
0
0
73
0
72
0
1
59
0
425
205
41
21
0
12
472
15
10
187
0
0
0
271
53
0
92
0
260
161
6
0
80
75
222
0
0
0
180
487
899
56
2230
0
15
0
1566
7
219
412
0
4
0
544
0
0
22
13
103
44
0
124
0
0
0
5
0
0
489
241
278
1
0
1060
10
54
0
152
268
507
1615
0
1
0
3461
0
584
0
0
199
8
20
0
4
0
1
7
0
0
15
22828
86
80
4
0
183
1
315
4461
197
0
95
45
262
0
1
0
0
129
1
0
8
45
1
221
105
620
0
160
0
76
0
1107
0
2
3
38
310
182
26
341
3
3
15
210
75
0
686
0
123
0
0
11
17
0
5
0
0
2
0
197
20
9
220
0
159
4
0
2
58
1
0
0
12
0
0
0
11
82
0
243
53
47
115
2
6
0
1447
79
7
774
0
0
55
4
29
204
0
36
871
4
192
75
27
0
162
0
0
648
0
0
1004
4
0
159
39
5
0
0
0
1031
9
63
18
96
984
166
0
0
0
70
3
184
0
256
0
97
6
7
0
1002
165
0
122
9
7
6
1
23
30
10
135
187
266
0
416
0
10
0
0
0
67
123
19
378
11
124
522
252
32
58
29
7
10
0
101
0
0
0
0
2
0
139
0
779
525
0
0
0
18
0
117
9
0
8
0
2
0
0
214
114
3822
0
18
0
0
1598
0
2
1481
1
250
306
0
40
0
0
5
5
19
465
610
92
118
174
109
0
251
78
1
0
2
23
0
0
166
0
45
50
9144
0
16
713
142
22
0
133
3
0
41
0
79
130
157
31
246
40
27
5
0
5
4
32
95
245
3
91
41
0
0
10
0
488
115
76
0
2
0
0
0
0
10
21
316
6
102
0
0
0
0
0
115
11
1
14
13
0
316
67
0
0
0
0
102
0
0
526
162
16
303
0
9
1061
111
0
0
67
0
0
10
0
0
0
1074
1155
77
182
0
659
0
1
7
45
0
772
11
52
0
4
0
5
0
169
6
50
382
24
0
56
2
0
1158
188
23
0
11
0
0
18
73
6945
0
0
0
7
20
23
115
0
0
308
0
275
567
584
0
32
367
827
392
39
0
0
0
14
0
1
1
34
15
26
0
55
0
22
0
1
187
0
64
295
0
267
17
438
132
272
18
183
0
3388
30
4650
81
27
5
0
174
0
83
79
151
117
2
14
12
82
0
0
362
44
107
22
65
544
0
359
7
497
740
47
291
721
0
20
0
70
453
0
1
2
195
2
350
4
0
116
0
7
2
0
153
74
0
0
87
3
49
172
23
0
1
0
0
22
0
0
1278
1293
264
179
3
5
130
471
123
298
3
0
104
14
13
0
57
32
47
4
151
15
0
0
1
2
0
2
200
0
996
1159
165
0
723
104
31
2
422
1
0
0
2
0
1
0
3
49
0
5
316
15
0
240
24
0
470
331
560
0
0
0
2627
372
395
134
0
517
262
8
240
73
34
0
28
281
100
1672
3
0
2
92
201
34
92
30
494
1
0
0
0
6
0
1
12
49
0
44
9
0
0
0
489
4
0
6
29
41
1
43
82
8
0
0
0
64
0
36
50
16
1
2
0
4
167
0
0
8
0
106
16
3
0
9
774
881
231
16
0
7
6
957
0
0
1
298
26
0
20
16
0
0
0
64
91
869
70
36
0
8
22
53
0
263
105
19
0
4
0
87
8
0
0
99
50
1
1121
10
0
74
24
3
1
111
12
91
312
55
672
0
0
5
146
68
577
0
1149
0
487
39
9
138
0
1032
1
194
35
564
421
0
1248
1707
0
0
0
0
0
6
0
101
76
9
82
277
1
18
0
154
5
0
0
463
206
425
581
113
474
877
639
0
3
29
0
42
296
2
4
0
2
16
22
0
0
1609
6
18
126
228
10
0
2
0
48
11
207
0
0
336
2
2
0
381
249
535
0
12
0
0
1
0
15
0
524
0
20
0
0
50
42
0
2
0
22
505
0
227
1
0
0
1
6
0
0
0
8
449
1
7
793
20
45
122
237
1
19
2
706
173
40
116
0
21
0
0
0
12
0
256
11
103
81
22
0
14
0
17
0
9
25
6
3
5
0
0
1
78
0
168
0
0
0
0
677
0
0
3
39
0
0
0
5
2
0
0
1385
168
331
3680
1083
0
6
0
259
0
2
0
21
417
25
224
0
1
0
0
122
67
55
6
970
129
24
456
22
19
134
164
47
69
0
0
0
0
0
0
0
0
1
60
2
0
0
0
0
0
0
43
124
72
457
125
0
4
0
0
0
0
236
210
0
0
0
0
0
0
276
149
0
0
0
0
16
0
0
1
13
0
0
0
2
0
2
1
141
98
0
0
0
0
0
1793
576
0
276
10
0
5
61
129
275
2310
7
38
0
0
0
0
147
0
11
0
2
0
0
1
0
621
18
0
0
0
0
0
0
0
5
85
0
68
81
0
0
0
2
17
32
0
0
458
0
0
0
60
118
396
28
27
16
55
0
0
11
0
0
62
22
0
3
94
4
0
0
0
0
2
95
1
16
3
0
0
0
1
0
0
0
576
61
655
0
0
0
0
0
0
0
0
0
0
0
0
16
0
0
0
0
0
0
0
0
0
0
59
6
294
0
0
0
0
3266
31
33
15
150
47
36
26
37
2515
11530
34
0
17
17
0
0
0
386
118
100
0
0
0
12
0
0
0
95
0
0
57
8
170
201
0
0
0
0
47
20
0
2
9
2808
3
43
0
0
0
0
6
12
0
1
16
0
0
0
0
672
311
1
0
6
0
40
5
5
23
64
0
0
0
0
0
0
0
0
0
46
34
0
2
461
836
92
769
3186
0
0
6
4
0
1
0
17
0
1
0
122
10
0
0
0
2
4
0
0
0
0
0
29
14
0
0
3
254
88
207
28
66
937
0
625
854
8
0
0
0
0
0
0
0
0
12
0
37
0
0
0
0
2
0
0
0
0
0
0
0
368
35
1516
6
3087
4163
164
0
0
49
40
0
137
0
0
0
935
190
0
0
129
96
87
16
0
4
6
365
0
0
0
0
0
2
0
0
0
0
0
0
0
0
0
0
0
0
0
0
269
1
0
32
165
0
6
0
343
0
0
260
0
1923
104
29
19
0
28
0
0
30
2
0
0
0
0
14
0
0
15
0
0
696
680
2
2170
6
38
1
3
0
0
1
0
1
0
0
821
872
0
0
49
2
0
0
0
0
12
36
0
0
0
1
1
71
0
0
11
0
2
0
0
0
0
0
0
0
0
23
1
0
4
0
0
0
0
0
0
0
0
0
0
0
0
0
0
0
0
0
0
3
0
0
2
0
0
0
