MB_2
0
0
21
1807
10
169
60
0
2
0
0
230
5
359
1
0
564
15
0
153
708
106
1
6
0
388
0
30
1
11
40
6
0
168
1027
70
0
0
14
0
5
0
0
0
1
1741
0
148
2
190
0
184
0
629
0
6
522
62
0
719
5
2
0
2
13
32
0
192
23
15
1531
509
56
38
46
0
1185
10
13
0
0
0
0
26
1043
0
185
287
20
15
447
0
367
0
0
675
7
3
125
0
22
3
2
583
78
5
0
0
0
526
0
0
40
2
7
2
0
163
141
481
12
1
0
179
46
213
172
0
1358
40
0
4
1
99
0
0
7
141
19
0
30
7
11
0
581
186
25
22
51
32
33
0
238
3
4
889
0
0
40
265
5
0
0
0
173
49
63
140
0
0
0
4
71
0
0
72
92
8
0
42
292
485
0
68
63
376
175
12
91
1
0
315
275
27
0
123
0
1
5
46
51
14
8
36
29
0
2
35
55
36
0
0
24
0
2
9
81
10
0
28
291
2
27
329
0
4
0
153
29
133
0
0
63
262
1065
5
1043
38
0
0
0
0
22
328
0
23
84
296
5
2
150
352
26
0
613
45
0
0
0
17
195
337
160
1463
114
0
0
0
265
64
3
454
0
0
71
0
0
0
969
168
789
87
0
1308
0
808
0
0
0
170
0
0
0
0
0
0
130
3
101
0
0
28
0
18
376
0
224
7
2332
0
0
0
0
0
0
188
0
141
240
0
89
0
721
120
0
78
36
26
0
20
427
373
109
2
0
188
24
12
0
0
729
196
83
457
0
12
173
44
212
0
774
0
41
36
52
48
673
181
34
0
10
5
1
556
1
0
0
118
122
3690
97
755
10
2
0
0
9
5
0
306
0
191
0
0
1390
0
80
53
47
0
221
0
2
104
311
37
89
0
358
63
93
0
0
0
3
73
18
0
4
0
4
105
8
2754
4
75
0
262
0
0
715
154
5
0
124
0
14
1294
70
2
92
46
10
16
64
0
240
0
0
0
3
0
472
883
0
15
1205
217
89
0
2
0
32
5
4
12
0
0
0
0
9
16
0
0
2
21
140
0
285
0
28
1
292
0
3
2
0
0
418
94
520
57
229
832
349
16
2
0
15
0
70
149
70
73
0
111
0
19
0
0
66
0
549
51
74
337
28
0
46
0
15
0
2
341
10
253
20
0
25
0
787
131
0
425
0
51
8
30
18
79
89
112
787
0
11
109
426
103
81
0
1
0
60
0
136
182
1
0
94
1
3
1
12
2
0
5
10
0
0
0
0
597
2
170
0
142
0
0
0
379
454
40
8
197
3
267
65
73
0
54
0
92
1
971
17
19
1
6
0
2229
0
12
0
286
0
700
138
5
0
3
196
0
0
0
2
259
0
0
0
0
1058
0
175
202
7
0
155
15
61
26
0
9
1
22
0
13
24
0
0
1
19
0
0
49
1
33
212
74
436
105
591
9
0
9
0
0
0
5
3
165
462
371
2
295
14
174
0
0
707
38
0
119
0
3
152
3
337
100
5
1
0
0
136
0
7
3
224
0
0
0
0
333
24
332
14
40
1
0
0
0
79
119
24
396
2
47
131
1270
0
11
0
3
30
1
130
0
20
10
76
38
0
244
4
2
0
0
27
22
138
0
148
1215
22
48
66
576
609
0
0
264
386
18
8
9
542
0
0
2
3
186
213
0
18
28
28
0
59
0
37
39
128
0
225
8
285
0
0
1
0
0
0
973
478
0
0
257
3652
2
165
20
143
148
80
100
0
0
163
1
2
57
0
6
782
0
0
525
178
35
44
98
212
238
17
25
64
0
0
3
677
0
128
2
0
171
4
3
0
0
14
3
0
0
18
0
87
8
0
20
0
283
99
429
26
19
0
388
0
0
1
0
36
0
181
38
2
0
0
0
0
6
18
54
5
4
0
6
8
236
134
1
19
0
2
0
0
361
3
404
799
279
1
473
101
350
147
2
21
100
0
126
49
3
497
4
120
51
227
0
0
232
2
5
21
6
104
451
5
0
0
0
0
0
903
396
8
0
0
2
2064
2
0
958
5
41
0
55
5
0
403
75
175
425
127
8
0
6
0
0
73
421
294
1
0
11
1
433
49
0
4
34
0
28
110
91
31
0
149
3
0
448
11
0
0
0
189
0
150
196
68
53
277
12
99
0
7
9
237
229
151
29
0
168
38
0
1753
255
0
92
0
249
1
0
34
335
0
41
0
1
6
0
0
0
0
171
117
73
0
0
14
39
43
0
0
494
45
28
144
1
21
0
0
11
16
1
1000
86
223
562
5
67
0
0
60
0
2067
34
6
4
467
300
396
66
780
0
99
0
0
2150
0
0
0
0
132
0
0
0
0
23
404
325
424
77
0
2
0
111
46
9
2
0
0
65
712
454
50
18
0
0
26
124
13
0
0
0
48
0
1089
291
1087
653
0
0
1
0
0
103
0
0
9
177
42
65
0
15
793
403
0
221
624
63
62
42
108
0
0
145
4
0
27
0
2
2
4
0
52
39
7
0
3
0
0
913
361
0
0
2
4
84
0
0
0
0
69
26
1
162
5
0
40
2
227
636
0
341
122
7
10
1
6
0
0
0
0
361
690
86
121
90
125
359
373
95
232
2
26
124
25
76
0
0
3
0
9
1626
10
729
0
0
149
78
0
2
207
85
127
248
1
134
57
3
5
5
9
0
31
0
0
414
257
75
0
0
587
0
0
0
163
33
840
697
0
34
1804
26
139
58
108
60
413
206
0
0
19
0
414
14
337
0
353
0
286
0
258
408
24
0
528
1
0
105
0
205
516
0
0
0
469
0
426
0
0
11
85
0
175
0
0
11
0
0
0
1
15
0
76
20
108
0
236
236
40
326
477
0
0
1459
5
0
0
135
46
102
0
97
0
7
0
253
36
0
6
218
1
4932
1
0
0
34
1
231
76
213
83
0
169
0
41
0
28
58
168
52
1
1
79
0
141
766
170
0
0
2
8
2654
59
10
61
9
12
35
2
13
0
0
4
521
1
284
12
0
44
15
2
30
0
293
0
62
137
0
106
5
353
0
0
0
69
3
4
0
45
1
0
1
52
5
1
190
0
200
3
0
7
37
0
1934
0
4
2213
17
808
0
123
12
42
0
0
0
114
80
0
0
11
26
4
5
0
3
0
0
50
0
293
0
0
0
29
142
10
1
0
4
72
624
289
0
0
0
172
0
0
679
326
25
130
3278
2
65
151
19
47
53
386
0
7
54
1431
32
18
43
37
107
0
0
345
34
17
200
22
338
21
199
189
71
0
31
0
32
0
1
1
0
296
2
54
0
1398
0
43
494
46
42
0
0
0
4
20
0
204
0
0
203
43
0
2
0
0
32
0
185
0
20
25
0
59
0
0
16
0
0
44
2
0
24
0
0
0
0
0
0
3
335
10
385
8
213
124
55
0
0
127
1
1641
33
0
0
0
0
20
4
447
62
239
0
509
16
223
352
2
0
0
799
0
127
318
1636
2365
0
0
0
66
1
9
0
0
83
0
0
889
288
740
7
3
214
0
14
0
190
219
50
727
0
879
0
116
13
49
70
0
14
2
0
2
0
0
0
534
239
0
1158
72
0
0
6
143
279
291
45
447
2747
0
308
0
126
393
180
247
246
0
21
2
204
83
0
2
214
24
36
0
0
28
142
349
0
3
0
81
230
0
532
0
1
33
2
0
458
4064
0
174
0
0
3
271
0
421
0
58
1
0
905
51
6
34
0
2
1
18
398
3
8
0
12
1
0
34
135
24
12
0
7
19
0
0
6
118
0
16
4
0
46
32
43
0
0
0
0
70
0
7
0
3
114
410
16
641
1772
87
423
119
2613
0
48
1
135
16
0
532
2
141
34
0
3
6
0
672
38
1
30
99
0
69
0
3
0
0
25
0
0
1171
163
5
0
206
1485
316
2
0
22
0
51
0
1789
0
515
9
0
17
0
49
0
0
0
0
66
0
0
0
2
4
464
91
14
0
106
30
58
16
2
36
91
3
143
0
118
2722
868
0
259
3
0
0
523
30
0
2
0
0
14
543
36
0
0
15
0
0
0
0
0
14
97
0
0
140
151
887
851
80
307
2
0
33
14
21
0
0
0
0
154
64
0
460
43
1556
36
0
0
74
92
3
104
0
0
190
210
0
0
55
0
4
0
259
0
0
22
0
26
92
0
24
15
0
28
197
0
0
0
0
40
477
21
1
3
96
0
355
59
147
0
58
1054
255
0
2
2633
463
459
2137
17
0
2
0
0
1
0
87
0
23
6
0
204
776
1
0
0
0
0
0
34
42
142
0
0
26
9
19
0
229
497
163
186
240
33
0
0
0
209
3
0
5
48
16
3
22
5
0
0
15
32
31
62
25
0
0
0
4
0
0
0
93
0
0
0
39
0
23
0
1
80
216
0
6
0
420
0
381
2
0
29
0
0
0
0
0
691
1
1
16
57
0
290
189
12
0
11
0
0
0
0
109
1
422
435
543
234
0
63
28
1
3
10
227
78
0
14
0
1165
1
19
0
66
0
21
3
91
2
0
0
255
5
292
89
31
281
4
0
2
20
0
6
81
263
145
0
15
0
55
14
0
0
155
0
32
0
0
101
10
11
42
105
885
6
0
124
0
328
0
0
0
67
14
81
120
143
0
1733
25
0
0
67
0
0
3
186
698
20
2
33
2
4
19
0
18
0
40
231
9
8
1297
288
11
883
0
47
30
0
0
269
0
69
0
0
7
11
11
0
0
10
1514
0
155
220
15
0
1175
35
0
0
0
11
8
18
770
33
107
0
0
0
0
0
0
9
86
0
0
37
1
4
1
0
12
8
0
0
0
2323
0
12
0
21
120
371
298
1908
1
722
6
0
5
18
2
15
677
1
372
502
0
19
199
0
374
3
0
8
678
0
40
76
0
0
2225
0
42
167
0
0
84
294
1
0
181
292
0
331
4
514
0
2558
29
0
131
3
41
70
320
21
523
7
5
0
1010
139
172
18
1640
0
143
31
484
160
0
122
0
140
179
197
0
2
1
6
56
75
0
15
1504
314
1223
355
0
0
0
0
14
152
0
242
130
4
482
408
0
72
78
35
0
0
0
0
677
0
113
0
155
2
0
0
2
16
0
0
1141
544
0
1
90
1
19
0
81
9
216
26
5
0
187
256
0
28
0
0
0
1
1388
321
10
0
561
19
174
143
54
95
0
16
46
0
5
0
0
2
9
0
60
85
0
0
118
379
0
0
133
0
0
0
492
405
82
0
0
240
0
549
259
7
0
113
0
0
1
68
231
6
0
0
0
13
14
49
2
3
0
141
9
0
1
0
20
0
303
67
28
0
0
59
1646
0
166
0
91
0
27
10
1
408
5
0
13
125
62
7
9
0
18
105
0
8
0
127
0
408
0
0
35
20
3
4
0
11
2
0
11
70
17
0
39
0
0
18
43
8
0
1
249
0
1
0
33
4
5055
0
24
79
208
0
30
1
1
0
0
215
87
418
2
142
0
0
177
7
0
21
0
118
697
0
217
0
149
0
952
7
201
95
0
2
0
0
0
0
5
0
11
0
15
0
2
13
293
324
22
0
0
291
25
0
309
428
15
231
18
0
666
91
0
60
0
0
0
494
16
237
0
42
15
0
7
594
412
0
302
48
21
0
0
128
261
0
202
0
0
527
10
272
72
0
101
1
0
155
139
14
16
13
0
0
0
4
157
240
277
0
6
0
62
0
0
165
0
83
34
0
416
108
10
35
93
0
9
803
63
0
249
0
66
330
35
50
1496
118
0
0
12
291
109
0
7
13
6
1
0
0
76
157
0
41
0
0
0
0
2
280
0
186
3
0
28
9
185
0
0
0
0
146
214
23
47
0
0
175
0
1
0
4
659
1955
5
5
1908
23
91
147
0
152
0
0
2
417
18
0
19
88
72
25
0
0
2
0
2
1102
0
0
879
4
76
35
1511
167
0
0
148
1941
40
919
179
0
42
12
318
0
50
62
12
2
0
0
0
80
1
7
1759
0
1772
0
0
25
0
14
0
119
167
0
215
30
55
0
67
332
3030
13
36
104
3
361
92
0
8
0
155
2
0
0
263
330
0
428
0
27
15
173
0
75
382
378
65
85
102
0
118
6
662
442
15
884
0
334
162
200
149
5
0
16
0
0
43
109
11
2
125
0
5
47
17
0
2
2195
174
107
297
76
88
6
0
1
24
0
795
0
22
0
0
5
1614
0
95
200
0
562
0
11
141
30
15
487
2
0
231
0
0
0
0
33
0
0
0
21
252
38
0
16
0
0
219
0
0
0
650
109
510
292
1
1460
57
0
0
137
34
0
0
0
3
33
58
3
0
8
0
0
0
13
6
91
836
89
274
5
71
0
2455
0
3
8
69
0
16
213
0
80
17
60
59
0
530
279
18
574
93
0
0
353
528
321
226
1
0
91
0
0
0
0
917
9
1552
203
128
237
241
0
2
0
0
37
0
247
0
3
183
141
7
97
10
457
25
0
13
118
0
59
0
95
6
107
37
0
703
42
0
60
6529
0
51
554
322
250
193
200
1133
40
725
0
449
1188
0
119
15
3
0
0
191
0
135
77
1716
0
16
176
129
0
1181
104
49
0
2
0
0
1169
6
8
703
0
518
2
55
12
0
474
45
0
0
919
23
0
0
2
0
98
0
86
2
780
12
116
60
578
0
7
87
1163
0
6
7
43
127
47
0
76
293
149
0
0
129
37
175
0
0
21
25
0
55
216
0
132
1
0
0
0
0
4
0
0
12
0
0
1
0
24
0
2
734
12
0
1
2089
0
0
0
2
0
75
0
47
0
0
77
0
0
1
7
2
0
96
67
0
0
1
109
0
0
0
118
27
0
0
0
366
0
0
1
26
0
0
0
1
8
0
2
0
0
49
0
0
28
544
0
0
31
0
1
205
26
297
8
1
11
0
51
0
0
0
61
0
132
0
0
7
0
17
0
46
0
2
342
25
0
267
11
0
930
65
3
0
39
197
0
0
20
0
0
39
23
56
0
80
6
0
5
797
406
18
1
113
0
1
64
0
30
26
0
18
0
0
0
2
466
0
3
0
0
964
0
199
18
2
0
0
80
426
243
72
0
0
1
0
0
0
4
0
0
103
0
0
89
0
0
0
0
0
54
1837
60
2
3
42
0
0
0
0
0
0
0
0
0
0
0
0
0
1
0
0
11
54
0
1
0
50
2
32
0
0
0
0
0
0
0
25
0
0
0
0
0
0
108
0
0
4
17
252
1
0
0
0
0
0
5
0
0
3
0
0
0
0
0
6
0
11
2
0
0
2
0
0
0
0
0
0
4
0
0
0
0
2
0
0
2
5
0
0
662
0
0
0
46
0
0
0
0
686
0
1
70
59
0
6
24
0
1
0
0
0
0
0
53
57
0
0
1
13
279
71
0
51
0
2
0
0
0
0
0
0
0
0
0
22
0
1
0
436
0
3
1
0
0
0
0
0
57
0
47
0
15
0
19
0
2
0
0
100
0
0
1
0
13
6
0
0
0
85
5
0
11
0
12
89
0
0
0
14
38
0
77
0
2
0
124
0
12
0
179
0
0
7
0
8
0
0
0
0
113
0
0
0
0
349
0
3
764
312
1
0
25
61
0
0
0
0
0
119
1
0
84
0
75
0
0
0
0
8
0
0
0
5
0
68
0
0
359
0
4
0
0
0
27
0
6
0
0
1
0
0
1
0
2
0
0
4
65
3
54
0
0
169
5
0
0
0
0
154
0
0
4
0
0
0
0
0
0
4
0
0
18
0
0
45
4
1
0
0
55
0
0
0
48
0
0
14
0
0
0
15
0
0
0
0
0
0
0
0
0
0
0
0
0
1
0
0
0
3
0
0
0
0
58
15
0
59
20
4
0
0
0
28
0
0
0
1
0
0
0
0
0
0
0
0
0
0
0
109
0
46
0
0
0
0
134
0
0
0
132
0
2
0
0
0
14
5
0
0
6
13
0
0
0
0
0
0
4
0
0
0
10
0
570
0
1
0
0
0
0
0
0
2
0
0
16
41
0
0
8
0
11
295
0
0
0
0
0
0
1
1
0
0
0
0
0
20
0
338
104
0
0
0
0
0
0
0
0
204
2
0
0
0
0
1
0
0
0
601
12
0
493
0
0
65
0
0
0
0
0
0
0
0
0
2
0
0
11
7
11
0
4
0
0
0
0
0
5
0
0
135
0
0
0
62
11
0
133
0
38
0
0
0
0
0
11
3
0
0
0
0
0
3
0
0
0
0
52
0
0
125
0
0
0
4
0
0
0
0
0
0
0
51
0
0
2
0
71
0
0
0
0
90
0
0
0
0
0
0
0
0
0
0
125
1
0
0
0
259
471
0
0
0
0
5
0
0
0
0
0
0
0
0
8
0
28
0
0
10
0
22
64
4
13
1047
0
0
0
0
291
0
36
0
0
0
0
0
4
0
0
0
213
1
12
0
0
10
0
87
0
0
0
2
4
0
0
0
0
0
0
6
0
21
0
0
0
179
0
0
0
0
0
1
0
0
809
0
86
0
0
0
0
0
0
0
0
87
0
0
194
0
0
81
10
476
0
0
0
1
0
75
0
0
2
0
192
2
0
0
0
0
0
1
0
4
44
13
0
0
1
0
0
9
0
0
10
29
682
0
0
11
17
666
0
296
0
0
0
71
0
0
4
0
25
0
0
0
0
28
0
0
2
60
0
0
0
0
0
0
0
20
0
0
0
0
19
0
45
0
2
9
0
35
0
0
1
0
0
324
1
0
0
104
0
0
12
0
0
4
0
0
0
0
30
0
0
0
0
45
470
181
0
0
0
0
0
0
0
0
437
0
22
0
0
0
0
0
511
0
273
0
0
9
0
0
6
0
0
9
0
1330
0
0
0
0
0
0
54
0
0
0
38
0
48
0
0
22
0
651
0
0
0
81
0
0
0
0
0
1
0
0
1
0
0
0
0
158
0
0
0
0
511
0
3
0
138
0
7
0
46
191
0
22
0
0
0
0
0
0
0
0
408
0
14
0
0
0
0
0
97
107
0
0
57
0
260
0
1
6
0
1
0
0
24
0
0
2
0
62
15
0
2
0
0
4
0
1
0
27
27
0
0
578
0
128
37
0
0
0
0
0
0
0
0
2
82
0
0
0
20
0
0
0
0
0
0
0
0
0
0
1472
0
1
5
0
0
0
1536
64
7
5
0
0
0
0
1
19
0
31
0
6
0
5
0
2
0
2
0
0
0
0
109
0
0
0
0
601
7
0
0
1
3
0
9
0
0
0
29
10
1
0
1
0
0
139
0
125
0
0
9
0
0
897
51
0
0
60
166
0
117
26
0
0
21
0
0
0
5
10
15
21
0
0
0
0
0
0
0
0
0
0
0
0
0
145
71
0
594
7
0
0
0
0
35
0
0
0
0
0
0
0
0
0
20
81
7
162
0
0
0
2
0
0
0
0
130
0
0
0
66
0
0
0
0
0
0
0
2
0
0
0
0
0
28
61
0
0
0
0
0
0
84
0
443
0
0
1
0
0
0
0
470
0
0
101
1
0
0
9
0
0
484
0
0
6
0
0
0
0
0
29
54
0
67
0
0
0
4
9
56
1
0
1
0
0
0
0
0
260
177
16
0
153
0
0
0
0
0
2
4
43
914
1
0
0
0
0
0
145
0
1
0
0
0
2
43
0
0
1
0
0
0
0
46
0
0
0
0
97
0
0
0
0
9
1
0
0
1
0
6
0
0
153
0
0
0
2
0
0
7
0
0
0
0
0
9
0
0
0
0
8
0
0
0
0
0
0
2
0
63
0
0
17
28
0
0
0
86
0
0
16
0
0
90
0
0
0
7
149
4
0
0
7
0
11
5
0
4
31
0
0
0
51
0
114
1
0
57
0
179
0
368
119
0
1
13
0
26
0
0
0
0
18
0
2
0
2
0
0
5
0
20
210
335
1
1
0
0
4
0
13
0
0
0
6
0
0
0
0
10
0
440
52
276
0
0
0
83
0
0
0
2
2
5
0
238
482
0
0
0
0
0
11
183
0
19
17
0
0
0
0
11
0
0
0
44
0
5
0
0
0
8
0
19
2
0
2
228
0
0
7
0
10
0
0
0
0
0
1
0
0
1
0
0
0
0
0
10
12
0
0
0
55
102
2
0
0
111
0
0
193
0
0
3
0
218
0
0
1
0
74
634
0
545
0
0
0
0
0
0
0
5
0
3
0
0
0
0
0
0
63
1
10
0
0
2
0
0
0
34
1
82
0
0
0
0
307
0
0
62
0
0
15
16
0
325
76
0
0
0
0
0
0
0
0
365
0
0
0
28
64
0
0
0
0
59
227
7
0
4
13
33
0
1079
6
13
0
0
73
0
251
307
21
116
0
2
29
0
241
0
0
17
0
0
0
0
0
0
0
408
0
1
0
0
0
0
0
0
4
0
137
429
0
0
0
0
0
49
0
0
180
29
0
0
9
0
0
58
0
0
0
0
0
0
0
0
3
0
2
0
13
258
14
9
0
0
0
0
3
20
25
0
0
0
43
15
0
0
12
0
0
0
0
0
5
0
100
324
4
0
0
0
0
0
0
73
152
0
34
62
0
0
0
161
0
0
0
22
0
10
0
119
3
0
0
201
0
0
0
0
0
0
0
0
0
0
0
1
0
2643
122
0
0
0
0
0
0
0
70
146
319
0
0
170
0
22
0
0
0
0
0
0
3
178
0
8
29
74
2
0
21
1
570
0
0
0
0
0
829
0
24
0
0
1267
34
0
0
0
0
0
0
0
265
4
0
78
0
0
0
200
0
0
17
0
0
0
3
0
0
48
1
9
28
0
0
0
0
0
0
87
0
1066
36
0
0
0
0
0
71
594
0
0
6
1
1079
0
0
78
0
0
0
349
0
747
403
0
0
0
0
0
0
0
0
0
0
0
4
693
0
2
0
44
0
0
0
0
0
0
0
0
0
24
0
239
35
3
0
1
0
9
0
0
0
0
8
195
2
0
2
0
71
0
0
3
0
24
0
0
25
0
0
11
0
0
0
605
0
0
0
0
58
0
299
1
3
0
54
0
0
1
96
0
0
0
0
103
3
21
0
0
0
239
0
0
0
0
1
0
0
337
21
0
413
9
2
198
0
0
919
0
0
22
6
0
0
0
0
0
0
0
0
0
0
3
0
0
0
0
0
0
3
0
0
1
0
157
0
0
1
126
0
0
0
0
0
2
0
0
0
0
0
3
0
0
0
0
0
0
0
224
0
14
0
0
763
0
0
0
0
124
0
0
0
0
0
1
338
0
2
0
0
0
0
706
9
32
3
339
0
0
18
0
0
0
3
0
59
0
13
0
0
0
0
0
14
0
236
0
0
14
1
2
3
0
0
554
18
990
0
5
0
0
73
50
0
0
68
572
0
0
0
7
0
0
1
0
0
3
15
0
745
6
8
3
4706
0
6
16
0
0
0
0
0
0
0
0
36
0
57
0
142
0
63
86
0
0
0
23
0
0
0
92
2
0
46
27
2
151
0
0
0
17
0
0
0
0
97
275
0
0
2
0
8
0
0
0
3
0
8
0
13
0
21
0
0
0
0
0
0
8
0
0
0
0
0
29
297
0
0
0
2
0
0
0
0
0
0
11
0
0
0
0
39
0
1
0
0
0
25
2
0
0
0
0
0
0
0
0
0
0
0
0
0
0
0
20
16
0
0
0
0
0
0
0
0
0
0
0
0
2
0
11
0
0
0
0
75
908
0
0
0
5
0
0
0
0
0
0
0
0
0
0
0
0
0
2
0
66
0
341
0
190
0
0
109
0
0
89
0
0
0
2
0
0
783
0
56
0
0
0
1
0
2
0
0
287
0
56
0
0
0
0
0
0
0
478
0
0
0
0
0
0
0
0
0
0
5
0
0
0
0
0
0
11
0
0
0
0
0
0
0
0
0
115
0
0
0
0
0
2
14
0
0
0
0
0
63
0
1178
0
0
0
0
0
1
0
0
0
0
0
42
0
0
0
0
165
0
443
0
0
0
0
0
0
363
0
0
130
0
0
0
3879
0
0
0
0
2
0
146
26
6
93
0
0
20
0
2
182
93
0
3
0
87
0
0
0
0
0
396
0
0
1
0
3
0
284
0
16
0
0
0
465
0
0
18
0
173
0
1239
0
19
0
93
19
0
0
0
0
2
0
1
0
0
0
0
0
0
2
0
1
0
0
0
0
0
0
0
0
423
0
141
0
0
1
5
0
0
0
0
0
98
1
0
0
0
0
0
0
0
0
0
14
0
0
0
0
0
0
0
0
0
0
0
49
0
0
0
0
0
0
311
0
0
2
0
0
0
0
0
0
0
0
0
0
0
0
0
6
2
0
0
4
0
0
0
0
0
0
0
0
0
0
0
0
0
0
0
0
1
0
0
6
0
0
0
0
1
0
0
0
0
0
0
0
0
0
0
0
0
0
0
0
28
0
0
34
1
0
0
4
0
0
0
0
162
411
0
4
0
0
0
56
0
0
164
0
0
0
0
0
0
0
0
0
0
0
0
0
0
195
0
0
0
0
0
0
0
0
160
0
0
20
60
6
0
0
0
0
0
7
0
0
0
0
0
35
0
0
0
0
0
0
537
0
0
0
0
0
0
13
0
5
0
0
0
3
0
0
0
0
0
0
0
259
10
29
0
0
0
0
0
137
0
0
0
0
0
0
1
407
0
0
0
0
0
770
2
0
285
108
0
0
0
0
0
0
3
0
0
0
0
0
0
0
0
0
395
0
0
0
0
0
0
176
0
0
0
0
0
0
1
0
0
32
0
159
0
0
0
222
1
0
0
0
0
0
43
178
0
2
1
0
0
0
0
0
17
0
0
0
0
1
19
0
0
0
0
0
0
0
0
0
0
0
0
0
2333
51
78
0
27
0
0
49
6
0
11
4
13
531
16
0
0
1
2
4
0
0
0
0
0
0
0
14
221
3
0
151
0
503
68
125
0
0
0
0
0
3
0
0
232
19
5
110
3
48
0
0
138
57
84
481
0
0
0
150
0
0
5
9
0
0
14
0
28
89
0
156
1
2
0
39
0
5
0
0
105
0
0
0
543
0
34
0
0
4
4
0
75
0
107
69
234
0
25
0
0
0
0
0
201
28
84
11
37
0
20
0
37
0
1
212
16
1
0
36
0
114
2
936
100
0
0
0
70
3
1
0
0
0
1
0
0
234
0
268
0
463
0
0
0
0
0
13
25
0
0
0
1
0
0
0
0
67
76
21
0
0
377
0
1
3
0
0
14
0
0
351
0
9
0
0
0
0
10
97
0
1
172
0
36
0
86
0
6
0
122
0
0
38
0
0
323
89
0
1
0
7
0
0
32
0
0
2
0
1
417
0
0
5
0
0
7
0
1
9
0
0
257
469
0
0
196
0
254
0
75
8
50
0
38
0
0
3
300
5
113
0
8
5
190
0
0
0
27
6
32
0
7
0
0
0
0
0
0
250
0
0
0
0
0
0
0
0
0
98
0
0
0
0
0
0
3
0
1355
12
272
0
0
0
0
25
43
0
201
11
0
0
22
0
0
87
0
2364
40
541
0
3
113
61
52
4
5
0
1331
0
195
199
167
0
163
0
31
599
406
0
0
2
3
716
0
1344
0
0
0
0
10
63
9
2
0
0
0
147
3
15
34
11
122
221
0
384
0
8
0
123
46
8
1
126
78
0
320
0
19
31
0
8
0
70
0
0
0
0
0
250
1
3
1
849
2
0
5
43
0
80
71
27
13
0
52
71
0
0
1
3
0
1
0
4
0
1
5
0
18
0
0
0
450
38
22
0
76
0
0
0
600
0
0
112
0
16
0
0
168
58
1
41
0
0
0
0
220
3
17
1
0
0
2
0
0
2
20
0
132
94
10
0
9
223
151
0
0
83
13
71
0
5
0
172
10
0
25
0
0
0
23
339
0
53
0
22
769
37
26
7
22
0
2560
19
0
8
6
5
420
0
0
57
63
220
0
75
510
2
0
17
23
55
1
231
2
0
0
0
0
0
3
79
0
0
121
0
59
3
0
37
0
0
0
0
0
88
0
34
98
0
0
0
0
0
0
0
485
15
451
672
363
19
0
17
16
0
15
0
0
0
689
680
0
266
0
4
0
663
1
0
78
3
0
0
19
0
0
0
0
0
173
0
34
0
3
0
0
119
1
0
56
6
61
319
16
0
0
28
224
227
1
0
0
0
0
0
396
24
0
752
0
0
0
25
1
225
1
0
6
0
89
27
130
402
0
0
1
0
0
70
0
0
0
0
0
0
6
0
819
0
35
115
0
0
0
0
55
206
0
0
0
2
19
0
10
416
0
0
1
2
13
0
33
0
38
0
1
0
42
20
1
0
0
0
591
0
0
102
0
0
0
0
18
0
72
51
0
0
0
0
5
129
0
0
1
0
246
11
0
33
0
22
4
22
69
0
65
0
0
0
0
28
0
1
261
0
0
2
0
0
1
68
0
74
22
1
0
0
141
7
0
1
2
288
140
3
0
0
0
0
0
187
6
0
0
25
0
0
2
0
0
0
104
0
5
0
0
0
0
0
988
0
37
0
0
0
8
0
0
0
0
763
0
0
0
51
0
72
0
1
0
0
183
0
2
0
0
0
0
0
0
93
0
3
0
401
0
1
7
0
93
0
573
0
0
0
0
1122
97
0
83
14
0
0
6
6
133
0
27
18
0
2
0
0
0
2
4
32
759
67
50
0
0
9
0
13
0
0
172
761
0
70
0
0
0
3
0
20
157
0
0
59
0
190
51
28
0
0
162
272
11
27
0
500
0
16
0
0
0
0
2
12
150
400
79
24
7
0
0
0
0
164
58
0
0
0
361
2
0
25
0
0
94
26
0
168
6
0
405
2
0
57
1
0
0
0
0
953
0
2
0
2
0
0
0
45
0
0
295
0
0
0
0
0
0
24
0
120
47
14
1
0
0
0
0
0
525
146
4
17
12
159
0
11
23
0
0
2
0
0
0
1
2
0
0
1
2
16
0
0
142
16
11
0
0
10
0
2
0
0
0
1
0
0
0
24
0
16
10
4
0
0
5
0
0
0
0
79
1
0
3
3
0
0
0
0
0
13
98
0
3
11
0
490
0
0
23
81
5
40
0
0
0
0
0
0
0
0
9
4
0
10
5
0
0
0
16
0
111
1
0
0
314
59
2
0
4
37
14
0
0
27
559
0
52
0
76
24
894
106
417
0
10
367
16
0
473
0
0
5
28
0
5
54
0
0
105
0
3
0
10
7
0
30
0
0
0
0
18
0
0
0
0
0
35
142
49
2
0
2
6
170
0
111
132
0
0
0
0
7
0
0
52
0
65
2
0
34
48
403
4
0
5
0
0
0
27
38
1283
0
13
26
14
0
0
0
2
0
24
475
0
0
0
0
0
0
70
63
2
29
0
397
114
0
2
0
237
2025
0
195
0
0
30
235
32
0
8
14
1
2
7
39
1
0
21
0
0
7
0
10
210
124
270
5
0
165
3
0
0
20
1
0
77
0
0
0
0
59
36
0
3
0
0
15
287
0
4
0
1
2
0
222
0
0
133
268
642
578
0
0
113
1
43
0
5
0
131
1
0
0
0
0
13
0
8
0
0
0
30
2
199
0
12
0
50
18
1
648
0
1177
0
1
0
109
78
25
0
445
0
1
15
54
341
48
4
502
24
25
0
36
7
507
17
0
0
0
0
12
556
0
75
0
19
29
0
0
31
133
0
115
8
392
236
9
3
0
14
0
0
5
0
323
244
221
14
58
0
118
0
49
0
0
141
62
0
0
0
144
0
0
0
20
9
81
0
670
0
0
4
0
10
53
0
193
31
16
9
333
112
78
24
13
0
218
0
0
0
252
0
0
43
2
0
0
89
0
0
7
0
0
0
42
702
30
0
305
191
0
497
1
0
0
2
0
267
65
0
91
24
0
0
0
0
0
58
31
18
1
59
0
0
0
4
5
0
252
0
0
443
0
0
0
21
0
0
0
14
26
0
0
0
0
107
0
0
300
0
0
0
5
2
0
52
0
93
0
1
91
0
7
1
1
0
445
33
195
0
0
436
107
1
59
16
0
0
0
0
25
12
2
0
0
0
0
40
5
24
0
70
0
23
26
28
0
44
0
0
4
0
11
48
19
63
680
482
35
84
0
0
0
36
0
135
0
0
1
0
716
5
6
172
65
369
154
0
0
15
0
104
0
17
0
0
299
34
6
0
104
21
0
2
0
64
58
119
1
0
0
0
52
0
0
0
366
52
0
5
49
0
133
0
18
18
2
0
37
1
0
153
258
0
23
0
34
0
0
0
4
0
178
0
0
0
0
0
0
0
0
0
4
0
0
1
17
456
207
211
0
0
0
0
70
47
0
0
0
0
0
109
61
0
0
0
28
0
0
2
0
10
0
0
0
0
0
5
0
0
9
0
1
29
18
9
10
0
0
9
64
10
0
20
0
164
1
0
0
0
0
93
0
88
0
157
1
94
10
0
490
311
188
0
0
8
0
0
0
49
0
8
22
6
9
15
38
13
0
11
178
0
47
0
25
716
0
0
0
20
14
7
39
36
49
20
26
5
0
2
18
0
331
0
0
0
12
0
4
9
0
0
67
24
87
10
16
0
0
0
13
46
9
160
0
0
244
0
370
1
0
13
481
0
0
17
0
0
0
38
0
0
178
0
0
0
0
0
34
0
2
0
0
0
1176
2
55
0
0
0
1
124
17
75
95
140
686
77
0
33
0
187
37
0
332
0
197
0
34
2
115
0
84
0
0
0
0
0
14
0
0
2
63
0
0
0
0
173
23
25
272
0
0
0
113
0
3
0
0
21
0
201
1039
0
174
0
0
43
76
13
0
0
29
4
0
0
0
141
0
0
0
56
1
1
0
0
0
0
2
98
63
60
0
15
440
2
0
6
2
0
585
0
0
0
98
0
249
53
10
0
10
2
0
0
2
0
0
153
25
387
0
74
3
0
12
720
3
29
0
0
19
0
8
0
0
0
0
240
0
5
44
2
0
0
0
0
13
2
2
54
0
0
20
0
469
0
0
0
0
227
0
123
57
0
0
3
0
0
0
401
0
0
0
3
0
0
0
0
0
39
0
0
2
3
0
105
14
0
40
0
21
23
0
33
0
0
0
0
0
47
0
0
0
0
0
2
0
3
16
0
326
0
3
550
0
1
0
43
0
0
9
240
12
147
0
8
35
0
0
0
0
6
0
7
24
4
6
0
0
0
0
0
0
0
1
0
460
0
27
162
2
0
0
0
19
0
0
227
0
0
495
0
0
1
0
147
4
0
0
0
0
0
27
19
1
2
3
2
0
0
397
0
59
0
2
40
0
0
0
58
8
11
14
53
160
0
15
0
89
18
0
9
0
0
0
0
0
0
1
1
377
5
0
0
0
0
62
0
1
0
149
0
0
0
0
171
11
0
0
0
208
377
0
9
0
0
21
71
39
207
1
0
0
0
15
0
0
395
0
89
24
0
270
275
0
1
6
16
1
0
0
39
225
0
0
0
0
2
0
77
1
2
0
0
0
265
30
0
160
284
64
134
0
20
1
12
20
17
0
78
103
2
59
66
102
338
0
0
206
0
14
0
0
0
0
461
0
516
0
115
477
5
43
0
0
0
1
16
3
32
0
0
0
35
1958
0
311
159
10
0
19
0
53
0
0
4
0
0
0
295
0
0
0
0
0
0
53
0
15
61
0
684
0
1
0
0
84
45
0
82
1
0
0
0
0
0
0
1
0
0
121
0
97
1
20
12
154
74
0
100
0
0
0
0
3
0
51
1
0
28
30
0
0
90
0
0
0
0
9
7
0
140
103
0
22
88
0
0
83
462
0
0
0
3
2
0
6
373
75
9
0
0
0
3
0
13
79
415
0
212
23
384
8
1
0
0
5
0
0
154
795
0
0
0
1
0
185
337
54
0
0
2
0
18
198
0
5543
0
4
474
349
3
0
0
0
8
2
12
13
0
0
13
0
0
187
0
0
59
41
0
339
0
161
0
85
0
0
0
0
0
0
232
1175
0
312
0
192
31
96
463
0
0
0
0
53
164
0
55
183
16
4
4
8
305
134
0
0
0
36
0
1
0
0
0
0
0
21
0
0
19
0
12
0
0
0
597
2
0
0
218
2
14
0
100
0
0
33
950
0
0
0
222
118
0
0
3
3
0
16
218
905
0
0
78
0
255
1
4187
1
6
290
0
0
1
0
2
0
0
21
0
79
0
332
233
0
38
1
31
0
75
1
81
498
2038
0
117
235
0
0
0
30
2
86
1
0
0
0
0
0
207
0
9
0
0
3
55
0
0
60
17
18
6
8
37
69
4
0
0
0
5
288
3
306
29
18
0
0
0
320
0
0
97
0
0
0
0
977
0
68
0
0
72
0
3
4
0
90
0
14
0
186
0
0
18
0
31
8
0
7
70
1
1
168
147
0
4
2
11
77
1
0
0
0
62
0
62
0
0
4
34
0
0
394
44
0
23
434
14
65
374
133
0
0
2
0
1
3
0
289
133
0
0
0
0
12
154
3
0
15
5
1037
3
1
0
0
183
49
53
0
393
21
0
1
121
1
0
0
2
0
11
199
43
74
8
212
0
0
0
0
0
0
390
0
1
164
218
13
0
78
0
0
1
211
107
146
0
4
0
4
133
1
1
378
0
0
5
250
0
0
0
2
0
634
690
0
9
7
170
0
0
1
0
0
10
532
440
0
246
0
11
0
0
48
0
10
0
3
2
35
6
0
0
0
0
2
100
2
0
0
0
66
0
0
0
5
0
7
1043
66
0
0
112
0
197
107
6
0
60
15
0
0
0
0
150
11
0
6
191
481
3
0
3
0
1
0
0
0
0
0
16
0
59
0
985
0
0
0
352
0
0
71
0
15
0
0
0
0
0
184
145
4
349
0
0
45
0
2
0
0
0
0
17
0
0
0
0
0
0
674
38
4
82
0
0
2
19
0
83
41
0
4
343
1
0
0
120
0
0
1
6
2
709
3
0
275
6
0
0
0
0
3
0
0
1
30
0
0
0
0
0
0
0
0
0
0
0
4
178
0
0
11
0
0
8
0
0
0
55
24
18
0
355
0
3
640
0
65
1
8
42
5
0
0
35
14
0
6
545
1
59
0
0
62
3
0
153
0
203
0
0
0
16
475
0
0
0
0
0
44
122
4
0
0
0
36
137
218
0
39
6
0
14
7
3
0
46
30
0
0
20
1
0
0
0
96
0
0
0
5
38
0
206
0
0
17
34
815
35
14
62
0
0
83
632
0
5
455
0
0
1
31
59
0
0
24
0
0
4
14
0
48
0
23
0
0
0
25
0
0
0
0
396
0
0
0
3
0
0
9
8
0
0
0
0
33
0
10
0
3
69
23
0
0
2
306
0
66
32
0
0
40
0
0
0
23
97
3
2
0
29
0
218
0
0
0
123
670
1
0
79
0
94
0
0
0
0
469
0
0
0
0
31
25
13
41
36
0
389
0
0
0
146
78
24
1
11
44
3
21
0
0
73
0
0
0
36
253
0
0
1
86
0
566
0
0
180
0
0
0
0
1
2
0
9
9
6
514
0
25
0
3
422
4
0
0
54
0
0
0
0
465
0
436
582
147
80
0
0
55
1256
0
0
1
11
0
0
1
1
65
0
146
4
0
118
411
0
0
0
2
2
0
197
1
0
90
0
1
457
0
17
0
35
326
0
0
1
62
4
0
44
199
0
0
0
0
220
302
20
17
0
0
0
4
0
0
0
0
34
0
0
3
8
1
405
104
3
2
62
0
0
0
0
0
0
0
2
0
750
3
103
0
2159
0
581
1
0
0
196
0
0
1
1
26
43
9
86
36
27
33
0
61
0
53
4
1
0
0
0
66
7
0
266
5
99
0
0
2
0
22
20
165
0
1
0
0
0
1271
0
79
60
65
108
84
7
3
0
100
17
0
116
0
0
0
0
39
0
0
1
4
35
0
0
1
33
2
0
8
0
307
0
0
0
4
0
0
3
0
397
0
0
0
50
0
9
40
0
5
0
111
0
0
0
197
0
0
4
263
31
24
50
0
3
239
0
0
362
0
0
0
173
0
6
2
34
0
0
0
0
0
136
25
493
50
0
0
0
0
163
0
23
1
254
92
1
314
4
187
57
36
15
93
0
0
22
179
0
319
0
14
0
48
0
3
0
0
460
0
0
0
24
0
876
0
6
0
10
0
30
0
9
1
90
0
6
59
0
0
0
0
142
0
12
289
1
0
4
165
89
112
32
0
0
0
19
69
77
0
0
29
0
1
0
1
0
0
188
1
1
18
13
26
0
0
0
0
146
1
61
0
31
58
9
0
0
0
10
0
75
0
58
0
6
0
0
95
0
42
141
0
179
94
0
22
0
50
75
0
21
0
15
1
97
27
28
0
6
175
16
23
0
5
0
61
225
591
44
0
0
0
1
0
144
255
1
17
3
110
0
29
0
0
0
1
28
0
42
0
18
15
35
14
0
3
37
105
0
111
0
0
0
21
10
0
0
0
1
0
106
79
0
56
28
1004
8
218
0
22
16
0
2
0
2
18
0
0
0
0
0
6
45
6
0
0
21
14
76
1
113
17
258
21
0
614
29
118
0
0
0
0
5
2
267
0
25
23
7
0
8
1
0
0
28
0
28
0
0
1
87
77
594
15
6
30
0
6
33
14
0
0
143
0
0
35
252
0
0
0
480
0
419
3
0
0
13
68
4
0
62
47
2
1
0
0
0
363
8
31
428
318
0
44
0
0
54
57
481
157
0
0
0
8
0
81
95
96
9
0
0
2
0
97
631
0
4
49
36
0
0
0
0
151
0
409
448
202
0
0
302
0
325
0
0
4513
2
0
0
0
38
13
11
0
4
40
0
103
51
0
285
19
103
2
0
192
0
0
145
306
1
0
0
93
7
140
0
0
0
1
1
0
0
0
3
0
14
0
0
0
49
0
94
0
0
158
0
292
76
0
44
0
3
114
0
0
63
8
1160
0
0
0
319
257
5
0
36
10
0
817
36
173
0
0
0
0
4
132
9
5
14
0
1
0
5
0
1871
10
0
1
0
56
11
0
0
0
0
0
18
0
7
141
0
2
24
0
1
0
497
0
78
81
0
0
1
0
0
172
0
0
13
0
54
0
337
0
0
0
1541
34
76
0
0
0
35
55
33
0
11
0
11
1
10
312
13
567
0
0
0
194
16
0
140
88
0
92
0
0
0
0
0
30
71
14
2446
179
0
0
0
0
210
1
0
0
215
4
0
634
7
0
4255
73
163
48
0
1
2
0
0
92
19
18
0
0
37
127
31
7
0
147
0
2
48
5
0
0
2
0
0
20
0
1
0
0
4
357
0
8
0
0
0
0
22
2
0
0
60
0
533
0
0
0
0
571
1
0
0
20
0
37
0
120
202
0
0
0
0
0
0
0
0
0
0
0
0
0
0
0
0
0
0
13
0
0
0
0
222
0
5
0
0
0
14
3
2
4
1
79
7
2
480
3
0
0
0
0
0
0
0
0
0
122
0
0
0
0
0
0
87
114
0
0
0
0
0
14
1
7
0
38
132
51
0
2
1
263
0
0
24
49
0
0
44
28
0
0
76
25
3
0
0
0
488
110
0
0
106
0
25
0
55
38
0
0
87
19
605
72
0
44
0
0
0
10
0
273
0
0
0
0
0
0
0
0
0
172
5
57
0
0
0
0
0
0
32
222
0
2
42
298
0
0
108
0
0
0
199
0
0
3
55
3
0
0
0
0
185
0
0
6
0
432
0
0
0
9
0
1
3
0
0
0
0
4
0
0
0
50
0
528
6
0
298
13
0
83
0
81
175
15
32
0
0
22
0
711
0
0
0
0
32
4
3
17
0
5
0
15
0
0
3
0
205
237
101
0
35
0
47
0
0
0
0
0
0
0
1027
5
4
5
0
0
4
0
0
0
38
0
0
177
38
233
102
0
22
0
0
0
17
0
361
0
2
153
0
0
0
0
0
0
0
3
170
0
0
0
0
0
598
2
2
0
0
283
0
0
0
14
0
0
29
0
2
0
131
81
0
0
13
269
0
0
2
0
177
42
153
0
28
3
3380
0
0
140
0
1
1
0
0
1
0
0
63
10
0
2
0
0
306
0
0
26
655
0
142
46
52
0
0
177
4
0
8
0
46
298
0
62
0
0
0
4
0
0
2
4
143
0
0
0
1
0
0
0
57
12
174
0
0
0
21
14
657
0
20
0
0
0
0
1
0
0
0
0
542
146
0
0
0
0
2
1
58
126
0
235
0
1
0
7
0
4
11
0
0
0
0
131
0
82
47
0
80
42
0
505
0
0
16
0
104
0
151
0
35
27
2
0
0
16
0
0
6
0
3
0
0
0
0
25
4
76
399
0
241
0
356
0
268
0
0
4
6
9
265
7
122
41
13
0
7
48
0
2
0
0
29
39
54
4
6
0
1
0
3
0
8
0
0
45
0
0
326
0
0
2
3
0
0
1
0
0
23
3
22
2546
136
0
22
0
2
1
42
0
1
0
0
1
0
8
0
0
0
0
5
46
199
5
6
0
9
0
163
0
2
0
2
0
0
0
0
0
0
3
48
324
0
652
0
31
112
591
210
11
0
0
0
1
122
161
0
0
0
0
0
95
0
0
0
0
0
58
77
42
2138
0
0
12
58
352
0
0
4
2
85
0
88
1
472
0
0
28
2
0
0
8
0
177
4
210
27
135
0
217
1580
261
0
6
4
15
0
0
2
0
24
1
0
0
82
0
84
0
0
2
378
179
53
0
0
2
0
0
7
50
0
42
66
0
1
0
417
18
21
2
4
0
0
0
587
0
33
0
3
495
0
0
1967
2
132
0
209
0
1
0
0
0
1568
0
802
0
0
0
518
0
0
0
130
0
22
756
0
0
3
20
938
0
0
0
50
0
0
3
0
0
0
66
0
0
15
31
15
1
0
0
86
178
0
0
0
0
2
0
0
90
7
1754
0
0
11
4
0
0
0
3
0
0
0
758
0
580
0
0
256
1
0
0
1
31
61
0
0
12
0
222
0
9
0
54
4
81
0
165
0
0
0
0
0
0
0
37
0
0
108
0
3
3
723
0
0
0
41
11
0
98
0
0
6
0
55
8
0
0
0
0
0
182
15
1
1
0
1
0
0
0
1
0
95
139
0
75
185
18
0
65
0
118
0
23
0
20
0
0
0
0
12
0
0
5
43
3
20
264
0
0
1
12
80
10
12
0
495
10
18
0
0
0
0
0
5
7
309
1
0
0
0
84
0
0
6
0
14
16
0
3
0
27
5
0
931
38
0
81
84
0
0
21
40
0
1229
735
50
90
39
396
60
0
0
33
0
30
247
0
56
0
0
6
1
0
1
0
5
0
0
54
0
0
0
0
1
0
0
1
0
1
0
133
0
12
0
36
0
0
0
0
0
0
0
0
0
174
0
699
12
2
4
0
191
0
0
0
0
0
0
0
13
0
0
188
0
11
1
0
0
87
0
343
51
0
0
36
0
0
0
22
0
0
0
0
0
0
65
5
0
0
0
5
13
24
0
0
0
30
3
0
74
5
0
2
39
19
0
0
0
0
17
175
0
45
0
0
0
63
0
0
3
0
101
2
5
211
0
0
0
12
0
0
264
0
0
0
0
1
0
0
417
807
0
35
0
0
41
211
0
0
0
0
44
181
0
212
387
0
0
3
0
0
64
0
0
0
3
0
0
58
2
21
2
241
0
0
0
0
181
0
0
2
0
0
0
0
230
32
1
0
21
0
106
0
0
349
0
0
58
6
185
102
6
0
56
0
0
1
56
23
0
5
0
22
22
52
0
0
0
0
0
0
0
0
0
133
0
0
12
70
0
0
12
0
107
50
21
0
0
0
0
2
0
373
0
77
1
22
0
0
152
0
0
6
0
331
0
21
10
86
3
974
0
0
54
152
176
97
124
0
0
126
0
644
0
57
4
58
5
0
30
66
0
0
198
0
98
0
1
0
0
0
0
5
1
98
0
7
0
5
1
12
0
0
285
0
3
117
0
265
30
0
479
800
4
0
0
0
0
516
194
0
0
0
0
0
0
0
0
263
35
0
0
0
0
411
0
88
1
0
20
30
0
0
0
123
0
51
61
3
0
1
111
1
319
0
38
1388
1930
14
43
0
0
4
48
9
0
240
23
68
1
0
23
64
16
0
260
0
0
58
0
2
1
0
6
0
3
3
0
0
9
16
0
0
0
17
0
10
0
54
0
118
0
10
175
0
0
129
3
0
0
9
81
0
0
0
0
0
100
0
0
9
2
0
0
0
0
22
52
174
16
8
0
0
0
0
0
0
869
0
0
0
0
436
0
1
0
16
0
0
4
0
103
0
11
0
0
0
8
25
8
0
0
358
66
0
0
0
0
0
3
6
69
52
0
783
0
76
139
0
0
51
0
8
18
0
0
0
0
0
2
0
16
0
33
33
2
0
15
49
0
3
0
0
0
0
69
2
0
2
0
47
0
0
22
56
0
125
0
12
22
2
388
1
0
0
307
50
24
1
0
0
0
27
0
175
0
453
59
0
49
39
26
272
0
30
73
10
0
5
255
19
0
136
8
0
139
0
10
0
1400
0
1
0
15
0
0
0
0
174
10
0
0
122
0
0
0
37
390
0
0
0
0
123
0
0
23
0
0
0
0
0
0
33
0
3
158
0
0
267
0
1
126
0
574
0
160
15
0
0
11
6
86
188
0
42
78
0
1
198
34
13
0
0
0
0
0
241
84
0
0
0
42
312
60
5
829
3
0
0
0
8
1055
0
70
116
0
10
136
3
575
60
0
0
94
168
0
0
0
1
0
0
0
48
390
86
729
10
707
242
176
4
91
0
0
2
0
0
178
0
10
0
261
22
0
4
1
22
31
0
0
7
56
972
177
37
0
0
4
109
2
0
0
0
0
0
16
0
241
96
0
2
0
24
12
3
2
0
0
2
0
3
140
1
13
37
27
0
52
0
6
245
0
797
0
0
53
3
768
4
0
11
0
6
0
0
0
0
0
0
0
39
372
0
29
5
0
2
7
0
0
19
104
7
0
0
4
0
4
0
79
32
12
53
64
178
10
0
0
0
0
0
152
39
144
0
0
39
0
78
0
140
0
433
15
0
0
0
16
31
29
26
0
2019
10
0
0
0
2
0
14
373
2
0
0
0
19
246
0
0
40
9
438
1
509
399
12
45
213
52
3
52
27
56
0
286
556
84
8
348
1
0
0
132
0
3
1
0
182
156
602
1691
0
83
0
366
0
0
0
0
0
0
0
33
0
0
0
1753
232
60
0
313
147
0
1
44
0
671
0
0
0
0
0
23
36
19
0
0
260
0
41
0
25
0
0
277
494
0
22
6
0
499
0
330
0
0
134
43
9
19
0
0
0
0
0
0
0
29
130
24
0
0
2
291
877
0
4
5
27
2
41
1
616
0
0
84
3
0
0
0
1
0
285
0
0
0
0
87
0
0
0
638
0
90
95
86
45
0
0
121
0
0
1
40
0
26
0
5
0
635
1640
6
241
0
15
0
173
84
89
0
158
0
0
0
0
60
0
0
0
0
0
0
0
36
41
79
41
60
118
8
5146
325
45
0
35
0
0
0
2
0
1
22
2
0
0
0
43
118
15
0
3
7
18
0
96
53
326
0
12
6
14
0
28
0
3
0
0
0
114
0
4
0
8
304
0
0
0
20
0
263
504
0
0
0
235
0
67
243
58
275
195
0
89
0
85
1
0
0
0
38
0
77
0
0
313
0
0
0
2
0
3
0
0
453
3
25
227
0
3
10
0
263
0
0
0
0
18
0
0
21
0
0
0
63
77
147
0
0
419
0
0
235
0
0
0
0
0
0
0
1
48
0
0
0
4
0
75
0
0
0
0
0
0
0
3
0
93
0
0
5
0
5
0
45
0
0
0
0
0
10
0
452
4
0
126
0
3
20
4
0
1
210
0
0
170
0
0
0
0
0
4
231
4
27
0
144
88
3
0
22
0
0
0
0
0
0
22
0
1
0
24
0
0
102
70
31
0
0
259
462
0
0
5
0
274
0
3
0
28
122
715
0
0
46
0
0
2
25
7
14
0
0
0
0
0
156
5
0
343
0
175
0
178
0
7
44
9
7
506
0
558
13
2
0
0
145
0
0
86
0
20
0
0
6
0
520
2
0
5
0
2
0
1
36
0
0
349
0
0
0
0
0
2
0
54
69
26
0
0
22
1469
389
0
21
0
0
0
4
0
0
2
8
24
14
20
59
1061
0
0
0
435
0
12
0
0
0
0
376
188
4
3
0
115
0
0
5
121
0
0
0
0
4
87
0
0
3
0
0
17
0
2
0
0
599
12
58
0
0
0
0
5
0
0
0
13
3
0
0
0
28
10
0
156
0
0
1
0
0
0
0
0
0
0
0
0
1878
0
0
0
52
0
38
81
55
0
1
7468
0
0
0
128
3
0
0
0
0
0
0
0
0
0
176
0
0
0
23
0
0
0
0
0
0
0
0
0
0
67
0
0
0
10
3
1416
13
19
0
3
0
0
0
0
0
1564
475
158
99
14
4
0
64
0
92
24
253
327
21
342
285
276
0
193
55
0
8
0
0
2
0
0
280
0
0
0
0
19
18
317
0
272
6
75
0
0
0
0
16
70
9
0
0
2
47
18
35
9
65
2
2
23
24
0
0
2
0
0
0
2
0
0
0
0
0
0
0
116
38
0
0
0
837
0
0
0
1475
173
0
279
0
0
0
0
11
197
0
0
578
4
0
401
0
0
30
23
0
0
0
0
4
248
0
0
0
1
0
0
386
157
0
0
0
0
0
7
0
0
0
62
3
0
0
38
0
0
0
3
307
0
0
267
0
1
0
137
0
4
107
0
0
42
0
0
0
0
134
0
0
0
37
1
0
1
4
0
0
35
3
0
0
0
5
36
1
48
0
0
0
0
511
0
709
0
0
10
0
0
0
0
0
142
366
0
1
0
16
0
199
0
0
0
41
69
0
0
0
207
0
0
155
53
0
0
0
0
0
949
0
0
0
509
0
0
3
49
0
61
939
0
0
0
7
0
7
0
0
0
0
0
76
72
0
0
0
0
0
0
0
0
0
0
361
0
42
0
36
0
0
0
0
0
0
0
0
0
0
0
0
10
0
0
0
0
0
0
280
0
74
0
0
0
60
0
0
0
588
0
1416
0
459
0
0
0
0
0
20
0
7
0
0
0
0
0
0
23
0
0
5
0
587
14
0
0
204
0
0
0
0
0
0
0
0
0
3
62
0
213
40
0
0
0
6
0
30
0
0
6
41
0
0
0
0
0
0
0
0
0
0
0
0
0
0
0
3
0
35
174
13
0
0
0
0
8
0
0
0
463
0
0
0
14
5
0
9
0
0
0
0
0
61
0
0
0
0
1
657
101
0
182
0
0
0
0
0
0
1
0
47
360
15
81
0
3
0
291
480
0
16
131
0
1
0
0
0
0
1204
0
0
0
0
1
650
0
337
8
0
2
0
443
2
0
0
0
0
221
0
0
0
0
0
0
14
0
0
0
349
109
0
0
0
796
0
9
132
0
969
2
0
5
0
0
0
0
13
0
0
0
0
2
0
0
0
0
98
0
67
0
25
436
0
615
0
18
0
0
0
22
0
0
3895
0
0
0
0
0
0
0
0
0
30
0
0
0
0
0
307
0
222
0
0
12
0
245
99
0
359
0
0
358
0
4
0
0
0
0
1488
0
0
0
0
0
0
1104
33
0
15
7
0
2
0
0
0
55
1
95
0
5
4
0
200
0
0
132
0
0
0
0
2
0
0
0
26
293
3
0
0
0
0
0
0
0
0
3
76
0
1
0
0
195
0
0
0
5
0
131
0
0
0
0
1
0
0
0
0
0
0
1
0
5
478
2114
143
0
0
0
0
218
0
0
1
0
0
0
0
0
0
37
0
135
16
0
0
58
4
0
0
0
825
0
0
134
0
0
9
69
0
0
71
0
9
0
4
461
197
27
7
0
29
0
40
0
29
0
10
1
149
0
510
0
0
224
3
253
168
54
0
3
4
184
5
0
187
57
0
207
0
0
0
15
0
423
0
0
0
0
0
747
916
407
5
0
0
0
0
0
333
136
90
0
278
2
0
3
3
39
0
0
31
0
9
35
29
0
4
52
7
0
0
0
117
21
41
396
71
68
66
0
0
3
54
0
62
0
0
41
0
18
0
1
103
8
0
5
2
1
26
0
42
1342
1
0
1314
0
0
66
1764
2
14
37
3
0
0
8
2
1
0
0
0
0
0
2
60
24
4253
227
0
456
6
99
612
12
0
35
0
0
0
10
0
65
7
65
21
0
0
29
146
274
4
0
460
0
25
0
30
0
44
111
95
15
0
38
0
198
0
0
0
0
76
0
15
20
159
35
1
10
187
8
155
204
61
0
0
100
861
3494
0
0
9163
70
263
1
0
0
0
123
197
0
47
8
282
0
0
0
311
0
147
0
3
1242
6
63
1246
0
0
0
803
0
13
61
116
82
186
412
0
1
218
85
20
0
117
16
0
146
623
0
1
0
152
0
0
0
2
0
0
10
0
0
7
342
22
317
55
141
505
4
9
89
0
39
1
555
0
122
2
263
0
3
0
65
0
1021
447
2546
0
1
113
110
0
130
106
0
1
2
13
0
650
2
77
0
81
389
8
0
0
4
178
0
0
7
122
0
117
0
3
13
0
13
34
0
267
0
588
25
0
73
13
0
606
1
525
0
132
0
0
2
12
250
219
8
0
5
603
0
481
0
0
218
296
20
0
0
76
90
0
173
0
8
0
134
86
0
0
1956
0
0
300
9
94
50
171
8
9
27
10
6
144
0
57
83
1
154
568
116
50
7
450
65
9
448
12
0
65
0
3
21
30
8
0
100
72
547
24
1
0
0
0
537
112
206
161
482
0
41
0
0
0
59
258
30
0
2
44
30
0
6
31
204
587
0
3
165
0
179
20
79
43
0
4
11
17
252
0
0
94
0
7
158
33
0
22
0
146
42
13
0
0
20
21
226
0
0
0
0
6
19
11
228
12
0
0
27
6
0
0
129
1483
4
0
0
0
72
422
43
130
1661
226
22
11
0
36
19
0
156
6
104
88
20
19
9
0
9
271
25
0
18
9
0
208
0
4185
6
78
20
0
0
84
8
0
0
43
0
18
64
17
0
150
0
0
12
1
30
175
0
0
31
365
0
0
28
41
0
0
246
472
0
3
21
1
0
0
688
7
15
0
5
0
0
0
152
41
125
0
43
1
1
13
2173
0
1
3
14
355
14
0
0
0
15
131
0
83
118
0
0
563
654
2
0
11
8
0
1
27
0
1221
69
432
543
0
0
0
615
0
1
0
8
15
0
114
0
3
85
0
2
5
262
128
132
309
110
0
0
0
1
82
0
0
219
58
0
135
0
0
0
311
349
638
264
2
194
27
2
520
0
0
0
27
0
182
184
98
22
367
11
0
240
0
0
34
0
777
0
15
64
186
42
219
15
0
2531
0
0
0
39
0
0
1020
0
123
289
365
0
51
1
90
19
0
62
2
92
3547
0
4
0
457
0
154
20
122
0
32
66
4
49
0
0
0
0
0
680
0
98
0
0
0
1
59
195
431
0
6
0
0
0
0
0
0
0
538
487
0
0
25
0
0
91
0
0
5
0
0
0
76
9
368
204
0
7
0
29
83
118
29
2
0
72
0
0
6
8
2065
16
0
0
227
6
4
291
0
76
0
1741
289
0
21
0
0
279
0
0
0
39
40
52
0
0
135
122
24
0
114
131
0
0
0
2795
16
2
61
252
5
39
1
30
0
82
3
0
0
0
93
128
0
356
179
0
13
0
0
0
258
404
0
87
0
0
124
126
55
3
147
0
143
147
105
0
4
24
0
12
6
6
0
3
1789
37
11
0
0
0
0
733
76
160
81
0
1
24
33
15
122
12
0
2
0
0
0
0
638
0
0
12
13
63
98
454
2
0
199
0
1058
6
205
0
77
0
61
14
116
2
81
40
104
3
9
0
947
158
41
0
564
381
0
216
0
17
0
0
0
0
380
30
0
315
0
1
70
0
0
3
456
49
0
8
0
75
341
91
3
0
0
27
0
0
8
127
9
0
0
9
1
74
0
0
0
197
2
0
1
831
0
40
11
14
0
0
10
407
0
0
283
0
0
0
0
0
23
13
1
1
18
0
0
10
0
0
9
7
0
0
54
5
511
2
8
0
4
13
0
0
0
0
0
4
10
3
23
22
0
0
3
0
2
0
0
12
0
1
19
0
0
77
0
0
9
0
23
0
5
5
0
21
1
0
0
0
0
4
897
0
0
0
0
26
19
26
4
0
0
82
118
0
535
149
2
98
8
85
1
162
4
11
80
1627
15
0
0
78
0
0
630
6
171
0
6
44
0
54
264
5
233
12
165
13
0
57
55
34
0
0
38
1033
10
4
71
19
0
1144
5
412
1645
0
0
130
54
0
10
14
255
22
8
67
629
17
95
28
0
130
238
228
6
0
0
388
0
0
0
0
1
1
0
0
10
0
17
87
11
211
12
29
0
5
82
44
45
0
0
14
485
9
77
0
34
8
0
7
248
0
71
0
0
0
1
721
0
0
529
0
0
32
0
0
55
15
981
0
451
1
82
264
37
0
0
0
0
0
1009
0
0
2
0
579
0
0
667
304
3
0
60
5
25
183
46
7
19
151
2
8
257
9
0
0
5
0
0
20
116
0
95
158
0
0
198
1402
34
1022
0
0
0
584
5
156
9
2
21
22
2
0
0
0
0
14
0
38
24
159
0
419
47
299
717
176
329
5
0
897
0
0
0
2
190
274
3
0
0
1
0
0
0
0
0
0
0
0
0
14
30
38
83
69
0
6
0
82
0
0
0
0
2
0
57
0
92
3
10
0
1
2
0
22
194
17
0
0
4
1
921
138
0
0
0
0
112
0
1
0
364
0
0
64
446
0
845
25
2
17
0
49
0
8
0
0
0
0
15
68
20
0
0
29
2
0
160
0
32
0
3
0
2
374
10
0
29
0
2
37
0
102
79
457
0
0
0
41
340
0
13
0
0
1
0
64
0
4
120
0
0
0
0
0
139
0
3
130
122
71
0
29
87
107
5
3
12
291
15
99
0
0
0
0
6
65
71
339
0
3
1
0
18
0
0
2
0
0
0
0
0
179
53
0
1
33
203
0
34
8
0
3
1
97
0
170
0
117
59
0
5
7
0
0
0
0
16
0
0
4
119
49
0
5
24
185
2
24
0
53
7
0
0
0
0
0
0
25
0
3
11
3
0
0
26
0
2
0
0
0
45
0
17
0
10
3
162
16
0
305
0
2
32
1
7
0
6
0
4
0
5
1
4
0
9
57
0
2
0
26
124
103
178
1
0
15
0
46
2
1402
0
79
84
693
2
0
1131
225
0
0
0
491
0
2
4
23
0
0
2
21
0
144
0
8
409
75
386
0
5
3052
57
0
15
0
33
24
0
3
468
0
649
0
0
329
0
10
0
4
252
0
0
73
1
200
9
4
11
82
1
11
0
1
286
118
2
0
165
4
173
1
59
19
172
0
3
0
0
0
1
0
198
0
0
368
344
0
2
422
0
0
0
9
0
0
0
273
4
255
9
169
646
11
128
0
149
3
29
567
1
0
27
29
7
0
179
0
32
5
1
2
506
0
3025
0
414
27
2
476
0
0
202
0
165
657
0
6
201
297
91
63
0
0
0
46
199
0
2
0
14
223
8
0
0
0
15
303
0
53
696
61
372
48
17
728
42
4
8
142
774
0
0
426
323
69
0
305
215
84
0
0
10
1
798
962
283
9
167
0
53
6
0
0
468
3
17
0
201
67
0
36
11
22
354
87
25
108
0
4
119
4
1
0
0
176
2
81
265
18
0
2
0
38
280
2
27
0
0
422
0
473
26
0
0
0
621
0
120
322
18
0
48
455
121
183
72
2
2
0
463
0
971
44
0
0
0
2
930
0
652
92
1416
62
247
255
121
0
185
3
0
9
0
27
124
135
100
0
11
26
12
364
0
0
354
18
0
0
68
113
64
111
0
0
16
1579
0
1
7
0
24
0
230
213
5
23
105
0
87
23
0
0
3
86
227
0
0
0
0
116
0
4
6
26
0
359
0
16
0
0
0
0
20
0
80
0
9
3
59
0
52
0
2
92
7
11
58
15
112
0
3
0
0
97
109
29
463
5
0
0
126
0
5
0
232
149
0
0
166
75
0
105
70
157
3
121
0
0
0
0
0
9
172
536
27
14
5
198
242
0
92
0
14
17
135
208
382
484
1426
0
180
126
1
3
0
35
28
0
254
0
71
195
90
0
61
0
89
436
772
337
0
868
902
0
3
0
0
167
0
0
3
104
1
0
1
2
0
0
5
1
2
60
1779
68
59
19
14
1043
1
1214
0
0
131
0
12
1
0
0
301
11
5
257
1296
0
29
5
0
158
185
0
0
12
0
0
23
0
53
0
84
15
211
13
0
9
325
75
0
0
117
16
0
0
0
0
75
0
1
3
0
0
861
723
31
161
44
0
14
0
0
30
14
469
5
237
218
0
98
38
38
59
0
56
0
0
0
23
0
203
40
27
26
23
15
62
0
0
0
0
0
0
37
50
665
0
2
0
2
5
0
0
0
25
17
35
0
423
5
105
73
0
2
96
1274
17
72
38
0
0
0
0
64
17
9
0
850
0
649
108
6
0
167
41
66
8
3
4
149
17
132
429
0
0
0
529
0
0
0
0
132
2
34
85
0
0
13
0
183
28
0
592
0
1497
0
111
421
6
0
520
0
0
0
103
0
0
0
0
69
0
370
72
0
170
28
1
25
606
218
22
0
0
13
45
0
0
0
26
122
2
1
0
6
36
0
0
139
114
14
0
15
0
32
0
0
7
0
826
0
10
0
0
0
20
0
17
0
403
0
0
161
7
177
0
3
0
181
0
51
0
32
103
1
1123
67
2
3
0
0
0
0
0
72
182
19
1
26
0
0
4
118
0
12
19
0
0
19
0
102
431
1209
29
249
0
3
16
0
61
0
17
0
1404
0
53
117
0
2342
0
0
9
96
0
117
44
0
11
4
0
82
8
0
5
0
20
0
0
0
27
0
0
0
2
319
222
7
541
185
1
569
0
2
0
36
205
0
14
69
0
37
5
54
121
181
666
0
0
4
0
17
869
217
8
151
1098
46
87
0
1334
177
13
0
0
423
69
871
0
0
0
0
85
0
920
10
120
144
0
15
233
83
0
9
127
1023
0
0
22
11
0
14
306
8
9
0
8
1
463
63
0
0
81
15
2
1
0
0
55
3
1
190
92
61
0
530
1
0
115
26
0
3
1
9
0
733
0
597
0
45
0
274
28
190
1
21
0
0
0
1
0
0
0
0
14
39
3
1082
0
43
0
2
63
39
0
18
2
160
25
17
50
0
0
0
142
366
0
0
67
0
6
0
0
0
811
2
67
510
3
18
49
416
0
0
0
0
180
6
6
0
24
0
0
0
0
0
3
82
117
36
1
20
21
1
0
0
0
40
6
0
3
75
98
98
0
0
100
0
0
0
43
0
4
47
18
34
151
1
12
0
289
0
0
1
0
2
91
21
1
0
229
25
193
7
314
15
23
10
10
27
335
0
0
1
0
254
52
17
83
337
5
26
197
0
0
0
0
124
0
21
30
0
0
475
1
62
10
12
7
59
112
0
499
0
292
29
0
1854
18
171
0
372
0
0
715
198
16
0
19
190
5
40
4
2
97
122
2060
40
0
0
0
0
3
607
1623
35
48
2
439
0
329
101
0
0
633
0
28
9
6
443
71
243
41
151
5
7
57
611
31
2
0
0
0
1
183
0
57
34
0
27
3
182
39
211
252
13
49
0
120
0
231
2409
108
0
291
117
67
17
0
52
8
317
17
0
5
6
0
0
2
158
0
6
0
6
84
12
0
0
29
2
219
0
20
0
285
0
275
0
292
0
0
11
16
0
0
0
279
2974
50
97
27
488
5
337
20
193
1109
13
92
0
31
91
45
1
34
0
25
0
0
15
47
524
12
0
1
2
0
193
64
110
0
43
780
725
13
0
0
5
45
219
0
118
0
326
249
129
25
419
20
41
0
0
459
0
0
0
0
38
0
0
0
65
0
0
14
557
0
0
0
290
452
202
18
190
36
782
0
115
0
0
11
62
4
4
0
23
192
28
0
0
271
0
727
0
27
0
0
2129
0
0
18
20
0
7
0
97
191
65
0
23
0
0
71
99
3
1733
1793
1
426
80
0
0
0
120
308
40
0
0
0
105
6
1206
13
180
56
0
113
0
405
26
25
151
4
11
0
11
971
0
24
0
0
17
1536
61
17
182
1
0
0
0
2
0
82
212
0
18
76
0
3
0
0
289
0
5
59
66
307
0
0
10
9
4
914
135
0
76
35
4
27
0
0
0
387
118
2
340
1
551
20
4
328
202
0
0
3
266
0
70
0
3
0
0
337
0
0
25
0
0
0
0
8
19
54
37
453
0
0
2
76
0
0
2
195
0
0
0
0
0
0
264
0
0
0
0
23
0
0
0
0
773
4
20
0
41
0
0
0
572
0
0
479
0
0
0
335
36
481
10
0
0
40
108
36
0
65
408
0
0
0
73
0
0
4
0
1927
0
12
92
40
0
0
0
21
2
83
23
61
214
615
0
0
279
306
1
2
0
25
189
3
100
3
51
152
7
70
18
0
17
7
12
1
158
0
11
0
1
86
65
18
117
0
146
676
31
0
139
0
67
0
329
73
181
0
1
76
506
0
71
5
0
0
297
0
0
0
19
267
2
0
91
83
400
14
42
1
158
0
13
407
111
1
1
0
150
134
592
77
0
34
1
9
0
0
7
0
0
0
0
0
228
27
0
0
0
543
39
0
23
0
3
4
566
14
1
8
1
245
809
76
1079
0
0
0
0
0
171
0
0
59
20
331
0
0
28
0
0
0
159
254
0
0
891
0
2
2
0
4
0
31
1
0
10
0
5
9
44
0
68
75
0
18
0
0
0
238
0
219
364
1
98
7
42
0
32
0
94
0
43
23
2
252
11
0
45
0
0
35
107
0
0
103
0
0
0
100
0
1
0
770
169
19
289
0
0
0
7
158
64
17
89
1
0
0
2
0
0
145
474
0
537
3
78
2
22
3
0
80
203
2
0
10
128
15
16
0
28
261
125
6
244
104
0
0
12
8
148
759
234
0
8
311
0
535
0
0
0
11
161
32
486
3
5
0
0
0
0
68
4
0
0
160
0
0
0
59
0
0
101
0
0
0
1742
0
53
174
0
161
0
10
0
0
123
0
31
4
103
99
374
0
264
0
125
0
2
0
0
2
0
31
0
6
0
13
0
0
0
18
0
257
102
1283
0
19
23
117
4
787
0
21
0
0
0
145
0
159
0
0
174
0
55
1
0
0
0
336
144
92
34
67
26
0
1
9
0
25
0
5
76
134
36
0
5
1
1
56
90
21
214
16
204
0
19
111
0
1318
0
89
0
0
427
0
138
18
371
0
19
0
49
46
1580
90
13
23
0
0
0
0
0
90
245
120
0
296
90
112
0
265
94
47
54
0
8393
12
40
6
186
281
153
2159
0
134
16
7
37
40
0
340
8
0
260
47
0
204
60
1
249
0
0
5
608
2
40
52
30
80
9
2
1
0
2
0
0
85
36
87
0
597
1
0
0
0
78
289
17
18
1953
2
4180
0
0
32
0
2
0
9
1
0
0
181
158
12
0
24
276
599
0
66
172
233
0
214
0
0
1742
25
0
0
0
0
9
0
0
155
0
1
53
1303
15
256
29
0
546
504
775
72
80
0
95
346
2
0
14
41
651
0
0
453
21
0
1
0
0
0
96
18
485
0
2
37
1
7
2
1641
182
0
0
1
7
293
17
0
0
85
0
0
0
34
76
1167
59
210
243
0
0
0
177
0
0
2
10
4
158
0
0
200
242
68
0
392
441
50
66
20
2793
7
0
0
2
1300
0
0
0
11
0
0
0
0
12
66
17
0
3
0
454
3
0
141
611
0
791
21
25
9
2
0
7
79
28
2
0
6
0
0
20
0
1
0
231
207
33
1
101
306
0
0
233
33
0
139
223
10
2
19
1
0
0
0
207
618
0
0
10
247
32
0
396
0
2241
58
0
1
254
0
3
71
35
0
90
35
45
900
105
0
0
21
3
5
0
0
75
10
0
124
0
2
1
168
0
74
7
0
7
3
48
18
101
35
0
0
71
0
46
0
2
0
2
2791
19
7
4
32
0
177
0
0
48
33
22
90
483
0
0
43
27
74
153
0
80
23
0
3
665
81
61
23
0
15
0
0
0
0
18
13
55
7
11
0
0
21
172
326
25
0
1
105
141
185
0
274
12
53
4
1
71
0
0
6
0
0
0
18
14
0
76
10
0
0
0
0
0
261
0
157
8
0
0
65
12
210
10
762
44
138
0
3
139
5
0
1
0
0
48
0
15
12
0
0
1
22
557
1
0
0
0
483
0
0
87
0
395
166
0
483
0
10
1215
0
84
5
0
0
6
0
8
10
25
5
2
3
146
758
86
91
555
0
14
81
301
13
595
98
1
5
177
395
29
1702
5
30
27
0
0
0
44
171
276
2
320
162
1
2
0
224
0
0
0
16
15
1352
25
0
0
26
529
108
4
11
0
2
0
124
0
665
247
39
18
204
0
137
0
9
0
7
640
425
1240
0
346
0
87
66
153
0
0
1
0
1
0
498
0
107
119
0
4
1678
75
112
53
130
16
2
25
13
1634
0
4
0
107
0
65
744
83
0
68
2
247
1
25
0
509
353
10
0
2
104
334
0
4
0
45
22
0
0
40
0
0
3
0
0
242
0
1311
0
0
29
1631
0
43
2
1
21
0
73
0
0
8
466
12
0
256
121
87
101
0
3714
150
25
3
1
0
36
1
0
53
0
0
0
57
38
0
433
0
6
10
12
0
46
1
631
10
75
454
136
585
0
205
0
152
0
529
9
340
0
0
0
0
11
272
21
0
3
548
29
185
0
300
211
280
76
69
8
0
18
1
9
0
0
0
107
0
0
355
0
9
65
386
36
1
0
2
31
0
0
0
80
317
10
0
387
124
109
0
0
0
135
2
0
75
247
7
0
0
150
0
10
26
1
4
75
10
0
2
51
6
410
0
85
2
0
4
0
1
72
0
13
0
48
133
4
0
282
0
129
0
156
1
0
43
8
86
225
286
0
0
0
78
0
0
55
0
340
118
2618
0
16
23
92
95
29
0
7
0
79
43
0
0
0
0
0
11
0
0
226
49
0
4255
1162
5
0
0
0
385
0
72
0
615
106
0
5
1161
357
0
0
12
191
24
1
0
56
3
1
193
1302
0
1002
0
0
213
672
131
30
0
0
0
504
1069
0
85
0
231
0
0
3
2422
419
0
0
0
702
79
0
213
2
0
0
0
3
72
511
0
196
0
0
0
0
5
0
33
32
0
37
3
44
0
0
54
19
14
0
166
0
44
0
50
2
5
1177
0
0
3
79
40
2
194
1936
0
120
19
7
246
37
0
0
51
1
24
434
0
15
2
1
0
0
102
156
206
0
0
106
274
147
46
0
88
48
325
10
0
178
40
44
0
20
19
88
130
0
118
8
32
3652
425
102
0
137
0
304
151
0
0
156
216
16
17
24
13
0
3
0
0
0
0
0
19
597
131
69
0
0
1
0
81
21
1253
0
0
0
0
1
0
64
1099
0
29
26
0
70
0
0
228
214
1
3
0
0
19
304
23
14
10
100
2
0
61
0
0
21
0
13
130
30
1
0
565
5
0
0
0
422
0
12
150
0
0
86
21
200
0
3
1
126
0
46
0
0
0
0
501
0
0
143
28
33
1
556
0
27
0
158
25
20
3
1
15
2
765
32
0
5
0
0
29
0
0
340
11
52
182
0
2175
36
9
145
2
4
0
0
157
28
49
0
45
5
6
78
359
0
102
12
16
170
40
0
1
106
0
0
0
197
953
0
12
152
69
150
1
0
0
0
68
7
1374
0
42
0
2
304
58
23
238
8
66
0
22
0
0
21
0
0
0
180
100
3
10
1152
2
0
0
0
37
145
7
0
224
0
21
48
248
261
5
127
0
22
349
38
187
0
0
8
61
0
1
0
275
5
286
483
0
11
0
4
17
10
64
0
0
124
42
101
0
0
103
16
740
1
0
105
0
11
0
0
224
29
253
4
0
0
0
21
0
461
383
0
0
38
81
286
68
0
0
11
80
0
29
5
745
15
159
0
95
0
0
0
0
0
512
178
21
5
40
0
0
215
0
0
44
0
2
0
6
0
173
0
1
17
2
0
1261
239
7
591
1
0
0
801
0
12
0
65
0
0
21
0
19
0
214
498
3
0
1162
0
0
2
48
277
2
127
17
0
0
0
0
311
17
24
5
0
37
0
0
0
5
0
74
16
0
0
0
0
0
0
2664
0
4
1
223
0
41
0
0
776
93
85
3897
131
0
404
1
3
19
41
47
0
340
0
233
0
0
210
0
52
0
0
9
368
61
0
0
18
206
526
309
33
0
0
134
1
0
0
8
3
14
0
8
0
5
64
22
120
91
0
0
0
13
123
22
1321
0
16
0
47
1
1007
106
64
37
872
0
147
50
0
96
205
3
0
24
60
25
65
0
0
0
0
33
302
20
18
27
15
565
11
0
175
21
242
16
0
595
1
37
0
39
402
2
43
7
315
0
30
5966
5
2
0
131
0
159
198
4
104
175
680
444
0
0
90
0
2
24
194
18
31
0
25
165
3
0
30
1
0
2
0
0
0
2988
0
0
0
571
0
52
1
74
1009
0
0
6
3
9
2
0
14
68
93
376
0
3
141
225
110
385
227
44
0
86
0
61
593
1
132
0
30
632
0
59
22
0
0
331
10
330
123
3
0
46
0
1
0
0
0
354
0
0
149
183
0
7
0
117
1
77
12
165
1
0
448
0
207
0
828
209
0
12
368
0
82
24
5
0
244
0
52
110
580
6
0
0
7
12
211
0
3
0
285
0
0
0
0
342
0
1344
0
13
32
0
0
0
85
0
36
0
126
0
0
118
0
23
0
6862
3
6
5
0
0
0
98
0
0
0
33
0
4
3
0
588
0
340
64
74
0
0
104
30
0
0
0
0
16
0
276
76
10
0
309
0
0
225
0
345
0
2
100
0
1
49
189
0
288
2
15
1
0
0
0
0
124
0
7
0
0
164
10
0
929
0
0
5
21
50
0
2
0
257
0
6
0
33
8
0
0
30
323
0
52
80
10
116
0
0
538
2344
0
0
0
0
206
0
163
12
29
0
0
8
0
266
15
23
11
0
229
0
2
121
34
41
5
0
24
0
8
119
7
0
109
830
1
166
0
0
4
67
0
12
0
11
106
11
139
2
34
0
0
0
10
424
0
97
0
0
2
105
0
0
34
31
0
297
61
0
48
0
0
50
8
3
98
90
0
0
6
5
1
10
103
0
0
4
34
0
739
0
18
0
101
0
62
35
390
4
3
24
0
574
16
10
37
0
0
5
13
735
0
0
15
0
14
165
43
270
90
0
0
210
0
28
0
691
1276
1945
1
15
23
268
102
0
9
0
108
43
51
7
100
65
1165
135
341
185
718
341
0
0
13
1
50
105
1
129
0
9
62
0
2057
0
4
1
23
53
0
1
293
0
57
1
12
0
0
0
241
0
33
0
1
0
9
17
10
0
279
10
84
0
335
5
6
3
3
74
0
14
1
17
64
0
336
210
0
22
1679
19
13
10
0
0
0
415
2
0
0
27
5
8
0
2
68
545
200
0
0
0
0
183
0
0
0
0
2
0
14
13
0
0
0
223
7
0
2
4
511
695
323
561
0
3
113
0
0
1
72
768
132
11
1
72
0
0
12
86
0
1
0
0
9
1
1
0
0
0
0
0
4967
0
66
49
4
42
21
459
390
503
0
0
0
273
0
31
103
0
0
0
43
207
12
0
2
52
0
363
126
7
4
16
0
2
154
9
0
14
0
27
5
0
18
1058
69
14
172
42
16
163
1012
6
11
0
0
22
0
263
24
579
1171
0
0
20
19
235
0
12
0
80
95
32
190
9
178
0
0
96
0
977
2
0
0
4
8
0
12
4
65
38
0
63
3
219
218
51
312
0
47
6
56
88
2347
372
4
0
237
4
57
0
1403
0
0
1462
3
0
5
0
0
5
5
0
456
0
0
400
0
0
0
12
9
2
10
0
0
227
0
100
112
16
0
0
496
53
2565
6
63
0
160
416
3
0
114
53
7
28
0
0
61
0
83
0
0
283
2395
9
28
100
646
3
3
2377
0
0
709
533
1
206
45
1620
4
0
0
263
7
164
0
0
509
0
43
0
0
0
2906
645
8
3
119
4
204
1714
18
0
1617
0
0
3
0
92
0
0
492
0
0
31
328
271
0
385
11
460
9
25
6
0
46
0
617
132
129
0
0
8
0
571
5
0
832
359
0
0
39
16
142
0
532
117
102
131
0
0
1143
243
67
102
3
0
169
389
207
0
0
135
103
1
0
0
0
140
0
3
6
800
192
0
0
1
0
2
368
34
0
164
18
0
42
168
1
71
504
0
0
42
69
77
2
87
0
315
19
34
0
100
2
1
0
29
265
0
659
153
0
2
181
108
61
66
27
28
3
181
0
22
35
0
7
0
0
0
0
1
0
1665
516
30
10
0
0
0
1371
74
34
16
30
1
702
0
0
0
0
224
115
147
13
0
91
187
108
1
22
18
0
7
0
0
0
0
31
453
120
0
2
173
21
85
0
0
7
2
85
1791
0
0
0
7
45
2
78
0
6
30
4
0
313
2049
742
0
145
0
17
0
6
2
2
0
490
7
523
158
392
0
262
0
418
0
532
0
12
40
19
18
365
507
567
539
0
548
0
23
2
20
211
32
361
28
197
23
64
13
0
33
21
50
105
46
0
205
74
0
924
38
14
477
49
507
135
993
37
483
32
0
0
6
2
7
34
807
0
25
302
0
207
0
0
39
227
348
0
0
0
0
10
0
31
66
1164
0
1
229
632
0
681
69
0
305
1524
73
34
169
25
0
363
0
2109
72
49
113
103
0
0
0
0
8
0
0
0
19
0
0
0
70
0
27
0
0
18
89
0
1
0
15
0
12
0
0
466
0
0
0
329
20
0
0
91
480
0
151
0
392
105
48
65
618
252
1
49
0
0
0
55
279
20
7
2
0
10
0
3
1
0
1
82
148
15
0
2225
0
0
0
69
17
191
0
0
125
0
151
94
41
0
0
0
850
37
0
6
0
0
179
211
2
0
102
0
232
0
191
0
997
908
4
0
19
280
0
27
93
0
158
218
11
300
40
0
0
1
0
69
166
332
0
7
0
7
99
0
1756
21
0
0
56
0
0
3
0
129
415
18
965
111
1860
43
33
197
451
606
9
1
21
16
15
96
0
350
5
0
0
0
10
1
7
4
2
0
9
0
0
5
211
112
0
4
0
24
3
38
14
147
12
0
0
131
21
804
15
78
10
214
0
52
223
0
79
24
193
0
307
161
259
0
170
162
0
0
10
6
144
8
115
39
33
14
117
235
0
631
806
173
0
0
208
4
0
272
0
53
0
62
0
0
0
0
31
27
3
0
557
299
9
0
287
15
0
186
185
0
0
0
88
0
17
30
0
2087
131
2
83
73
19
0
0
67
26
272
173
11
1
94
19
118
0
2
57
0
1
0
35
0
0
0
54
28
0
41
0
41
5
249
155
0
0
16
0
1336
62
0
1
161
10
0
3
44
641
111
0
0
253
6
0
0
0
309
506
29
0
169
0
2
24
42
40
48
0
577
303
124
0
0
8
21
1
9
46
75
48
0
0
20
2
0
2062
0
0
53
20
1107
46
3
1
0
3134
1197
206
95
0
15
0
0
82
2
1
65
126
378
800
0
769
6
231
0
0
0
2
58
0
0
0
0
0
48
0
91
0
386
5
11
0
59
0
224
12
72
0
0
3
764
147
0
0
0
0
0
12
17
3
86
1
144
11
181
244
6
0
2
0
0
0
33
0
197
324
0
0
0
1457
4
0
4
2
113
8
55
5
15
84
0
5
165
5
0
14
0
43
657
0
11
392
5
4
0
105
0
0
6
48
0
0
149
0
13
0
0
229
1
23
2
0
0
24
0
603
0
0
2
0
496
0
159
17
0
59
132
0
0
214
0
22
5
0
343
0
0
105
0
1
20
33
0
2
0
2167
1
4
0
0
20
0
209
19
2
1
111
20
21
75
41
0
0
1
0
259
146
0
0
0
0
122
58
33
22
4
45
235
1329
0
0
1
116
55
0
332
564
0
0
199
24
0
4
5
779
11
7
80
17
0
34
0
8
1
0
2
2
17
13
11
0
496
274
405
80
0
117
1
1399
0
10
0
5
179
51
1077
36
0
6
49
269
3
0
171
5
20
0
7
45
159
12
51
0
0
66
564
0
0
543
17
709
0
0
0
0
104
5
504
0
18
8
0
0
0
950
337
0
40
150
8
70
557
460
72
94
17
0
4
0
0
235
0
92
54
200
10
227
132
89
0
0
0
0
1
19
15
29
0
0
221
0
66
157
0
641
0
0
167
249
15
710
1537
7
16
31
76
0
576
0
0
0
540
0
0
41
0
3
1399
0
36
40
0
856
0
0
0
1097
94
290
231
192
4
233
205
0
297
25
6
93
96
16
76
0
0
10
0
10
650
24
5
0
2
0
0
0
177
19
0
20
49
57
24
578
52
0
0
0
609
189
52
12
3045
0
0
98
0
1
0
58
0
38
0
6
3
0
3
400
25
131
175
30
0
0
13
10
1
110
317
0
685
0
1
0
7
7
0
4
40
725
0
26
50
25
0
16
0
96
13
53
32
4
2
207
6
106
242
2
0
186
289
5
0
2441
20
18
0
38
4
497
0
0
0
0
1355
0
0
0
2
165
0
15
6
0
1
15
0
213
77
0
302
68
19
0
22
105
1
87
0
0
90
0
0
0
209
0
45
45
0
299
85
148
243
19
7
216
0
3
659
2
13
0
0
0
337
22
0
168
0
51
45
7
185
0
41
67
59
128
0
338
2
0
168
0
2
0
417
91
0
52
110
0
0
2
507
1
171
0
0
5
0
50
0
0
23
0
37
179
0
20
0
0
61
19
616
119
0
0
0
123
26
99
0
111
63
0
0
43
0
0
0
4
23
0
7
38
0
0
0
0
603
3
6
21
10
0
0
0
104
141
1555
0
0
104
4
9
20
301
73
4
23
58
54
1
0
25
0
18
90
214
0
0
27
0
0
0
16
16
0
0
0
23
0
0
0
17
10
117
96
0
60
127
25
0
2
114
20
0
81
0
0
209
0
0
115
0
728
0
65
7
4
10
0
0
0
5
0
15
0
0
3
6267
3
157
0
1
0
41
135
126
1515
6
3
16
6
0
164
95
0
1405
0
96
2
3
44
0
0
220
0
0
9
0
3
179
1
1147
0
0
1410
20
0
1365
0
0
190
237
2
0
0
652
0
189
787
2
5
0
846
98
62
0
54
32
0
0
5
0
134
2620
338
0
1022
0
96
132
0
0
32
0
138
195
8
0
165
34
128
22
3
992
162
2
0
242
364
0
48
0
0
0
73
73
80
24
40
3
15
1
5
7
0
4
0
0
118
1
502
0
101
0
14
0
60
2190
0
108
0
31
25
0
4
72
3
20
34
119
0
0
0
1
0
140
0
0
0
3
26
62
10
45
547
0
0
0
0
0
0
184
0
3
0
23
0
233
0
0
0
9
0
46
54
0
0
0
158
111
0
0
0
0
27
0
3
60
73
0
56
9
285
50
0
28
0
0
376
0
0
14
0
8
0
49
0
29
0
3
0
32
66
67
5
11
0
0
41
0
144
0
61
38
132
789
8
0
0
4
9
0
1
0
0
0
56
49
0
0
0
228
0
38
0
80
130
9
26
27
7
0
21
41
0
1
0
0
0
0
23
0
75
0
0
575
111
65
59
40
0
152
70
1
241
33
174
130
82
0
0
9
14
0
3
1705
5
1
290
0
0
0
136
39
0
0
89
0
0
0
38
0
0
1
121
0
0
0
4
0
4
200
0
478
33
0
14
280
0
12
14
63
0
37
4
0
0
0
83
114
3
0
270
6
0
0
0
0
0
1
0
157
8
0
0
0
9
21
336
0
0
0
6
5
0
45
643
34
0
1
0
0
0
0
7
24
22
0
26
47
26
0
0
91
50
6
0
0
0
0
0
45
0
4
0
70
0
0
0
607
0
114
23
4
62
0
3
0
2
123
130
0
0
0
2
13
94
0
37
3
5
194
37
164
0
1
25
261
995
0
5
1
0
124
5
28
0
1604
0
0
0
2
66
0
24
1
2
180
0
88
36
7
0
11
0
396
12
19
512
37
0
0
55
0
16
70
108
0
0
20
0
452
12
1
0
3
0
3
0
0
3
24
202
2
0
37
2
0
156
0
5
134
0
2
0
126
3411
0
0
0
0
35
0
18
0
84
114
13
607
1
2
0
12
187
96
11
52
46
1280
346
0
0
1
2
41
258
0
2
26
0
164
1
569
0
35
0
0
0
475
85
0
47
157
5
0
639
74
55
2
232
3
47
0
0
8
12
0
0
498
15
0
0
34
0
25
117
30
1
1
0
145
188
4
0
1
47
0
144
0
11
0
15
85
0
6
0
0
16
0
0
0
622
0
28
0
27
11
0
0
0
3
43
128
0
0
0
41
0
68
144
0
292
147
4
3
9
0
18
0
26
36
0
0
0
1969
8
0
295
0
0
132
0
0
18
170
14
0
179
33
266
0
16
0
5
66
161
0
0
1
0
0
35
6
1
3
9
23
128
10
0
0
0
2
12
236
129
7
0
0
100
101
0
52
65
295
48
0
15
16
80
0
2
92
10
700
0
152
14
0
0
3
0
5
0
27
4
61
1
2
0
0
37
179
1
199
0
107
597
86
0
4
3
2
10
160
0
0
0
169
0
35
3
66
0
101
0
0
0
227
25
73
0
3
3
235
0
22
0
9
33
89
0
48
0
579
0
4
21
0
1
19
0
81
436
1
0
0
137
34
33
122
0
0
0
9
0
0
29
97
757
234
16
0
87
64
43
494
0
4
0
0
0
1004
0
72
0
273
0
48
85
0
2
0
29
300
99
21
15
14
0
22
2236
0
117
12
0
49
18
10
64
0
0
0
965
7
0
218
48
0
1148
0
4
22
0
61
54
424
47
0
258
1
3
0
0
943
13
41
1
84
4
7
0
0
0
0
50
113
0
23
141
6
0
70
671
0
0
179
2
0
0
3
0
1
164
1
612
2
5
0
0
43
9
2
3
106
9
638
132
47
280
0
77
0
371
0
0
262
38
0
0
1
277
0
4
12
211
0
48
0
5
1
173
0
0
13
0
0
125
0
0
0
126
134
4
177
27
0
7
0
0
38
0
112
39
219
0
3
48
495
0
16
0
0
189
51
0
0
556
114
25
1
0
0
13
0
5
289
0
4
3
82
0
13
3
19
0
0
156
0
3
0
408
0
0
7
0
5
2453
6
64
0
0
0
0
48
191
44
0
374
11
136
0
0
145
0
0
58
11
124
0
11
39
647
315
48
0
2011
0
94
72
0
16
0
6
14
336
51
29
104
0
2
10
104
0
0
63
1
0
0
21
33
9
0
453
11
149
0
348
111
25
222
813
66
0
3
21
0
0
901
14
156
58
0
0
6
5
15
0
1
62
66
120
254
0
32
0
0
40
14
16
10
0
346
6
379
0
12
0
20
0
45
55
130
0
70
42
3
18
2
0
3
0
46
163
73
5
13
0
49
20
0
0
6
305
0
28
31
0
0
340
0
536
745
2
0
1398
1
0
167
23
14
149
0
104
0
20
118
0
0
99
0
50
11
0
5
37
5
386
29
2
0
32
119
0
0
0
3
5
147
142
7
0
25
159
265
11
11
521
178
0
0
0
203
114
0
0
109
50
200
0
9
0
41
0
1035
304
0
0
21
0
156
0
1
0
0
0
48
14
1
3
0
0
1
36
819
2
0
7
0
26
0
152
0
0
109
0
14
0
142
11
0
0
92
0
362
347
66
331
51
0
175
2
0
30
0
12
6
0
76
0
0
1
0
2
2
1504
0
0
0
28
771
0
308
0
28
0
0
18
39
106
60
52
0
120
13
7
0
12
161
125
32
18
0
19
12
4
0
0
615
213
68
33
1333
423
0
10
0
0
0
195
40
0
118
425
385
76
7
6
39
414
6
15
0
366
0
150
0
336
76
111
0
5
0
7
476
4
67
32
261
44
202
48
55
0
4
0
2
0
0
15
89
138
1
0
132
0
0
0
229
0
24
117
1234
70
0
462
0
0
17
0
162
0
0
2
0
149
4
1
0
18
82
31
32
0
0
0
106
0
68
8
5
0
14
18
6
3
0
144
0
2
0
3345
48
2
1
1
60
104
181
66
584
0
0
973
0
0
485
0
0
0
4
689
118
0
4
869
110
2
0
0
0
0
17
1379
2
0
14
8
2
877
0
0
0
1576
61
189
0
157
2
599
0
26
6
0
0
1
22
0
7
0
2
111
27
0
1220
0
0
1
17
0
4
697
9
0
0
0
87
0
0
102
268
0
104
18
9
13
233
635
30
6
0
1886
83
0
527
1723
0
280
589
23
0
1
0
0
7
252
1
0
0
0
0
4
0
0
0
32
16
17
1
3
63
0
676
35
0
57
0
72
23
0
0
402
7
0
19
0
7
1
0
35
552
246
0
18
73
65
39
6189
175
18
69
860
385
0
11
15
0
57
0
0
64
0
734
1184
0
1
0
45
149
89
171
217
4
2
0
0
772
70
0
5
62
1
0
13
546
22
114
5
0
0
232
0
24
717
55
0
50
0
0
15
301
0
11
112
338
0
10
631
209
0
0
1429
0
0
86
0
3
0
0
5
0
0
1
174
44
185
0
295
152
0
0
41
141
173
0
35
0
0
56
0
923
62
440
25
2
8
0
0
29
0
0
0
133
950
476
467
0
43
21
0
142
0
28
0
5
20
303
76
0
5
178
16
240
0
1
61
0
0
0
2
1
291
91
32
0
0
533
7
0
0
27
3
72
291
0
0
31
10
0
115
0
56
0
0
0
14
0
23
80
0
204
0
0
0
13
0
159
4
405
0
53
494
1
0
0
78
0
21
402
25
0
0
0
0
70
9
38
56
1
5
2789
66
0
2
0
0
897
0
0
2
208
0
17
11
49
4
0
0
352
0
0
4
0
0
101
0
5
0
189
61
0
601
92
0
527
0
34
1
0
405
0
1
2046
114
0
0
0
62
176
1
26
8
0
584
1
93
6
14
0
3
0
0
3
0
8
143
2
0
18
0
42
2
0
252
13
0
0
0
18
4
0
1
0
0
0
2
1
7
0
80
16
70
109
2
0
62
0
94
0
0
0
15
0
8
0
0
234
1
63
47
8
9
28
0
140
0
5
148
0
248
0
355
699
0
11
15
1
1
69
3
76
12
0
1
103
1
263
2
0
18
37
334
45
511
199
0
45
0
270
218
0
0
98
10
15
2
381
7
0
80
8
345
61
392
0
2001
47
206
3
0
427
0
153
97
12
0
0
0
62
53
75
0
1
0
133
0
0
3
306
0
0
0
0
262
210
163
125
61
0
2
0
40
3
2
0
18
0
37
282
0
106
0
0
0
481
0
23
0
197
0
170
0
13
16
277
0
10
1
23
4
17
33
154
0
173
0
89
0
0
0
0
43
2
162
0
102
0
32
0
0
0
0
0
3
0
0
207
36
53
1
0
74
33
0
6
3
0
0
24
39
286
726
0
64
4
414
3
82
0
23
692
36
13
57
6
370
30
0
199
1187
10
795
0
203
6
0
7
0
15
23
2
0
4590
0
385
0
56
0
100
0
67
214
157
0
59
527
0
310
0
0
0
69
1
0
3
18
0
0
72
0
32
0
1295
6
0
17
0
21
78
0
0
624
9
31
1
40
8
0
1017
0
0
127
173
0
260
0
5
0
0
61
1112
550
0
0
0
0
68
5
5
0
855
384
8
5
56
0
28
18
0
210
0
143
185
0
0
0
97
367
0
0
0
0
44
0
21
2
1
0
0
0
11
47
0
0
3
47
16
0
0
0
0
0
0
56
0
0
0
0
48
69
82
1126
60
29
285
0
2
0
13
0
0
3
0
43
0
86
0
0
1
0
0
0
0
0
5
0
115
2
9
0
1
43
2
5
2
406
393
100
7
35
36
0
1
5
0
48
6
16
0
1
3
0
1
57
0
0
2082
0
0
0
0
2
40
0
456
29
10
375
0
1
43
0
306
2
0
0
0
0
48
71
0
164
123
249
265
0
0
0
0
0
9
129
0
174
393
0
26
2
40
843
0
13
23
31
19
67
262
37
101
3068
684
0
0
7
86
0
0
12
182
1305
18
0
1
925
0
0
0
4
15
48
170
327
757
252
5
0
18
1
571
0
0
70
485
0
2
0
104
491
1
380
174
0
409
3
0
6
248
65
110
61
0
219
66
106
0
110
252
1067
0
0
8
0
6
0
0
187
13
4
12
60
490
0
7
168
81
11
0
0
388
13
40
0
0
0
15
292
0
0
23
0
0
0
0
0
61
69
220
152
159
0
59
0
0
75
378
99
52
3
151
16
1
2
66
172
2
337
39
0
65
0
0
66
0
0
0
0
1
0
114
0
0
2
18
0
0
456
2
1172
0
0
2
0
22
0
0
0
407
0
13
1
9
1
0
286
0
0
0
0
75
16
0
8
55
0
0
225
0
32
0
123
9
0
0
26
117
65
149
396
0
0
196
0
0
10
171
16
0
225
0
65
0
0
0
0
307
165
170
909
0
0
3
35
152
13
14
0
9
48
0
31
0
53
4
310
0
0
105
0
0
45
0
140
272
0
164
2
0
343
0
527
22
17
361
1
829
856
0
0
40
0
0
1
1
499
0
126
2081
170
28
11
168
0
18
0
30
25
0
0
12
107
223
58
81
0
158
537
16
17
3
1804
0
0
5
209
0
116
76
453
7
39
2
133
229
3
0
597
10
16
0
5
1544
3
0
633
6
321
98
0
102
1
62
129
483
9
0
9
409
0
0
1
0
0
0
302
0
1096
5
0
354
0
0
28
1
73
22
76
403
0
0
48
47
0
0
0
49
3
114
44
0
0
36
0
9
22
0
307
573
0
148
4
63
0
17
0
32
0
35
0
0
0
0
120
0
277
0
6
0
368
0
0
0
0
93
2
701
1
63
98
124
0
0
0
16
0
0
0
0
182
0
48
0
22
92
0
15
17
45
0
12
9
0
61
12
39
86
0
507
116
196
0
0
175
21
26
118
1
714
89
0
0
47
24
0
201
47
40
23
0
0
4
650
187
56
4
1384
13
0
114
21
28
1
36
27
609
260
137
898
485
0
23
36
0
447
72
0
1
0
58
191
4
2
296
234
1
180
1
464
0
0
26
0
0
328
24
1052
0
86
0
43
9
68
0
0
14
400
59
16
91
105
30
6
0
0
71
1
0
48
1
88
537
0
128
0
50
0
648
470
129
20
152
0
75
0
96
0
3
6
3
0
4
50
45
1
585
34
0
0
142
48
12
0
0
0
84
342
0
58
0
21
0
1253
44
40
3
0
0
0
53
26
0
40
68
147
4
3
0
1772
0
26
224
0
322
0
38
0
0
0
75
0
95
0
92
29
478
53
0
0
0
447
0
14
894
0
14
3
0
0
2
20
0
24
51
1
2
2
21
12
35
0
0
43
0
2
79
22
122
449
9
6
0
55
15
2
763
105
17
59
231
4
0
32
46
0
0
40
372
5
485
0
46
571
87
0
5
238
158
402
0
10
0
111
111
0
79
104
267
22
0
26
0
17
0
0
3
3
2
10
275
91
167
2
241
13
117
0
238
182
0
2
0
62
137
560
272
0
0
20
313
150
1
0
245
31
0
0
0
0
692
0
0
49
1453
0
0
0
4
42
1
724
0
2
0
37
55
51
0
125
223
0
0
410
0
4
3
133
0
1
2
4
39
1
3
61
3
0
67
1
29
191
0
30
0
19
0
0
211
0
4
400
227
2
0
3
46
64
0
19
621
0
167
44
36
346
0
239
65
0
3299
27
40
0
1
0
4
61
10
3
89
24
0
64
0
0
0
76
20
13
26
81
420
435
2842
139
9
1182
0
8
0
285
41
0
0
395
0
40
150
8
60
61
0
0
92
97
0
0
0
273
0
21
278
2375
0
0
2
0
0
0
13
68
0
4
344
150
0
0
2
0
30
1
44
0
0
427
225
0
0
522
125
0
0
39
0
0
81
0
0
53
0
11
0
122
210
365
1
0
0
0
10
63
0
0
198
0
142
0
0
0
0
0
3
0
0
0
50
20
532
187
4
0
782
25
0
0
14
0
3
0
5
393
33
0
0
21
0
2
1111
297
0
120
299
0
219
0
155
24
102
15
121
0
90
15
0
0
0
127
0
0
32
104
0
9
0
139
372
8
16
0
0
22
0
0
0
2
0
110
0
0
90
187
0
0
0
0
18
0
1780
151
0
219
77
33
0
0
36
84
9
0
0
319
36
0
0
14
4
0
0
0
118
0
4
89
0
10
11
0
2
0
0
70
88
31
0
0
0
1
440
2
0
316
82
2
6
0
53
41
1
0
87
0
22
24
0
6
0
0
249
0
0
0
0
11
867
4
0
2
0
0
0
42
357
7
247
37
8
23
44
0
0
265
225
0
52
0
113
414
4
696
0
30
14
1
0
0
38
0
382
0
0
1197
0
0
0
1
130
130
2
0
0
0
23
0
65
5
185
227
71
20
315
7
269
0
1
1528
0
9
0
2
0
68
64
463
0
0
109
0
31
0
31
0
0
0
6
0
0
0
5
24
7
130
0
120
65
234
0
63
33
0
40
0
0
377
0
0
210
6
0
0
0
29
0
0
12
5
0
97
0
52
8
222
13
42
0
42
3
0
22
0
2
1
149
701
0
0
0
27
1
0
2
15
1
42
142
0
82
0
12
98
0
431
0
44
0
68
0
0
1
69
11
3
0
0
1
18
0
0
0
17
21
0
1
67
0
34
0
51
0
0
0
0
0
4
363
0
340
89
0
1
0
0
3513
71
41
42
1
6
149
950
3
0
2
0
1
58
5
1
4353
0
31
1
386
0
1100
36
673
277
0
67
24
20
84
1
1
52
58
31
326
113
0
9
0
2
1205
8
0
0
86
0
1
0
0
1
0
0
2
19
0
8
0
0
0
6
46
111
0
216
274
964
103
34
0
127
8
0
44
1
0
0
0
0
0
46
0
22
0
28
0
23
0
0
61
102
0
0
11
0
4
0
0
10
81
67
364
0
222
118
30
0
39
0
2
0
7
0
307
15
17
0
0
0
4
32
0
7
24
240
0
24
0
58
188
0
57
40
44
108
1
0
3
0
0
0
3
0
29
0
0
4
139
32
1
0
7
0
0
439
0
0
133
62
0
59
0
55
349
8
23
159
430
371
0
64
0
0
0
28
10
109
362
0
0
30
514
0
0
0
0
0
25
0
0
743
0
19
23
191
1
0
3
28
188
3
12
244
156
290
195
2
88
0
0
3
10
90
36
2
4
38
3323
440
5
0
83
17
85
2
0
818
0
21
0
2818
0
3
78
323
60
2
588
0
42
531
0
0
0
7
0
0
65
15
0
0
51
7
0
4
0
63
74
293
109
11
0
0
0
0
19
1482
25
0
0
45
17
0
17
163
13
0
8
0
0
3
2
6
0
581
0
0
11
0
26
6
0
588
0
0
0
0
0
11
0
0
0
0
87
118
24
152
5
51
2
58
40
10
80
0
118
392
0
0
0
13
583
21
18
13
142
102
1183
0
0
0
0
0
8
110
0
0
11
0
151
4
217
0
39
0
35
72
0
0
77
12
5
9
0
33
12
22
184
0
845
14
1093
1
1
147
0
56
0
0
23
0
0
333
47
3
162
12
3
1553
10
0
0
352
0
4
26
53
0
37
74
0
1
850
0
132
8
19
3
11
15
105
128
118
0
189
8
227
206
223
0
1
56
35
207
0
0
0
992
0
54
3
18
6
623
1
38
0
208
0
342
0
301
4
26
45
7
0
3109
0
23
4
2004
6
0
12
0
0
0
2
6
127
11
0
2
42
1
37
172
0
47
831
113
2
101
138
37
0
2
0
51
1516
13
9
788
0
0
20
0
0
1
12
347
0
0
17
0
0
23
14
0
68
1
0
8
115
600
54
1
424
294
0
305
23
0
56
343
116
1
0
77
18
419
33
0
160
3
469
92
2
19
9
0
3136
22
22
36
0
5
0
0
38
10
190
0
0
128
0
62
0
0
53
226
0
6
79
52
0
0
0
0
0
200
135
0
1660
2
9
16
0
0
66
22
6
228
0
154
66
395
259
0
0
0
2
209
166
7
54
0
110
0
0
32
21
234
0
0
49
0
0
50
0
2
0
5
0
0
99
0
0
0
0
1
31
97
0
13
7
1
98
0
230
0
310
38
26
129
9
0
337
2
0
0
0
0
1573
0
14
0
0
25
274
0
86
0
1
8
7
1
0
30
0
3
0
0
23
0
4
0
50
0
0
32
84
0
14
226
1
2025
115
0
7
0
155
0
74
307
0
0
0
36
0
0
1
0
0
29
3
4
0
0
0
0
169
0
7
5
0
808
0
68
0
244
178
0
0
0
207
2657
117
0
0
49
19
21
0
34
23
0
3
38
0
62
0
179
72
129
0
20
22
0
3
0
244
1
18
5
0
0
0
1
2
17
80
37
38
14
23
182
0
64
0
123
1
90
0
0
1
150
0
0
436
1
0
0
13
265
95
0
0
1
1068
30
9
0
270
44
0
150
37
61
11
2
356
60
0
0
8
29
0
110
46
0
5
2
184
12
7
7
50
8
0
0
0
185
107
470
0
25
0
31
2
0
0
1373
2
162
2909
149
1
0
101
928
0
21
19
0
49
0
231
1704
25
581
0
680
132
0
119
5
172
132
23
21
17
5
3
25
1
43
0
1
0
3
106
46
61
9
110
181
292
12
0
39
11
23
11
487
0
3
16
198
3
0
0
27
469
0
0
5
0
0
17
0
0
6
0
0
0
0
0
0
0
39
0
0
1
3
0
0
21
83
28
716
0
56
0
0
9
6
89
2
2
876
6
0
0
3
6
55
9
0
539
0
10
233
0
257
32
0
56
12
10
17
0
50
23
0
0
260
131
4
376
278
402
0
15
0
0
0
1
0
0
0
0
0
0
9
0
647
209
1
1270
0
3
11
0
0
37
50
14
33
273
0
0
1
20
59
0
39
10
3
0
0
0
0
0
84
482
383
123
0
35
1098
633
19
0
0
180
47
0
93
94
0
53
11
1
136
0
481
8
9
0
0
0
196
186
55
53
0
4
7
3
51
65
2
2
2
4
209
7
0
0
0
1
0
0
5
6
0
11
52
0
4
0
0
8
8
3
0
75
0
2
1
186
0
5
40
0
0
261
97
9
25
80
0
0
1
0
13
5
12
0
549
0
7
28
10
0
59
0
0
0
12
0
0
12
29
6
0
180
0
16
17
0
3
123
0
0
0
0
2
0
11
33
0
0
10
13
57
13
0
0
0
88
6
3
138
6
0
293
0
1049
163
83
0
1
44
0
115
0
0
7
276
0
197
10
12
2
0
0
0
83
0
0
0
0
5
0
77
0
33
0
0
0
34
33
0
0
29
20
28
3
1
115
68
21
19
201
2
0
0
0
4
0
299
0
71
138
0
0
106
117
0
179
0
47
31
0
0
0
138
0
2
7
24
0
1783
0
123
1
0
5
1
2
0
0
55
0
53
25
44
5
38
0
0
0
32
374
16
1
0
3
3
43
0
61
849
0
75
50
31
0
0
5
2
0
50
0
28
52
2
56
139
0
22
2
0
0
0
0
80
72
4
0
65
124
0
17
0
683
118
68
0
0
24
0
0
2847
13
192
9
13
3
0
16
99
15
21
5
0
0
0
2
268
8234
0
0
0
17
110
149
0
3
0
5
2
0
8
4
6
115
21
14
14
0
1
262
2
0
25
1
50
41
21
8
0
13
40
80
0
2
15
8
443
0
60
718
3979
22
167
24
3
135
23
292
0
8
20
0
32
156
114
118
14
0
3
2723
32
0
80
7
6
1
0
0
3
44
0
79
42
0
0
3
3208
0
3
77
158
0
31
0
450
4
0
0
24
0
6
0
18
188
2
0
0
12
0
2766
0
5
564
0
96
110
0
960
293
3
3
2
0
0
57
2
194
17
63
65
5
298
0
0
9
0
0
14
0
46
266
0
30
455
0
15
0
80
0
0
19
64
0
36
0
0
0
7
74
0
0
1
0
0
276
69
3
52
0
306
396
206
0
0
0
24
75
0
3
12
6
23
3
0
7
0
0
21
0
0
82
0
0
0
33
26
0
90
51
22
0
2
5
0
21
18
18
0
11
0
28
1
0
0
5
97
0
0
23
0
21
11
190
0
9
0
0
435
58
50
24
0
222
14
15
164
61
0
0
7
18
129
19
26
9
7
2090
597
0
0
51
54
33
74
0
2
0
0
0
0
48
1
0
0
0
0
0
1
158
4
141
12
44
152
3
0
0
185
0
0
22
1
64
12
21
0
26
0
3
0
120
97
0
170
0
104
0
251
89
4
0
0
0
0
0
41
0
0
31
0
0
0
0
0
0
0
0
0
0
21
11
0
392
178
28
0
0
123
0
9
2
0
81
154
23
0
69
0
195
0
278
57
2
90
0
83
0
0
48
39
18
4
155
613
0
267
20
0
0
0
546
89
13
53
0
22
0
0
0
12
934
1
12
321
0
100
0
66
0
3
0
165
0
862
2
11
2
27
0
602
257
0
195
0
0
23
42
3
0
1700
0
0
8
146
103
13
557
207
228
953
685
29
0
14
14
53
20
0
11
0
87
0
55
0
0
4
3
121
0
0
0
0
0
0
33
843
240
1
109
10
0
58
591
60
43
0
9
60
17
0
1
36
378
4
0
1
0
0
0
185
0
0
109
3
27
546
12
0
104
403
0
553
13
47
1
139
0
418
25
0
3
94
4
112
0
40
0
0
0
111
12
0
164
133
0
1150
0
68
0
218
149
0
539
99
1
0
1009
0
17
5
100
0
0
13
17
6
324
182
56
358
13
370
19
1
340
218
0
0
0
23
67
1116
1
221
88
0
50
3
2
0
141
0
38
0
0
9
154
0
36
0
246
0
20
0
64
0
0
2
0
0
8
43
29
0
460
869
0
106
243
0
236
0
0
0
0
13
41
27
65
1508
85
0
92
5
305
0
2
0
0
2
212
719
6
0
27
149
71
0
76
0
30
3
14
95
0
16
2710
0
0
0
1
1
305
0
0
0
21
0
0
0
0
244
0
71
95
0
44
2
13
17
2393
13
42
0
0
73
0
1
388
0
0
200
2
6
0
3
0
0
153
86
0
0
0
153
18
0
0
17
14
398
0
0
0
0
0
0
2
154
0
0
0
890
2327
0
7
5
0
126
0
377
29
231
20
0
68
315
0
415
197
0
102
0
0
2642
8
1
163
0
0
7
0
622
1
181
1425
0
0
0
0
0
0
40
2
99
4532
195
0
6
0
0
0
0
70
0
49
15
71
113
753
841
0
0
273
1
19
0
354
431
0
33
0
0
43
2
6
0
22
0
89
19
0
109
4
2
0
12
111
0
0
0
5
0
0
13
663
0
61
33
0
5
76
0
7
2
0
830
9
181
18
0
12
0
0
0
1088
95
306
81
0
13
1185
568
0
0
1074
0
0
0
15
0
3
0
45
123
39
71
0
191
3
0
23
21
414
65
66
36
0
1
0
2
34
3
149
24
0
9
0
0
0
0
0
1704
2
23
183
20
50
0
0
186
137
20
0
0
3
0
0
128
131
1
0
19
0
1
7
0
346
109
0
0
131
748
103
18
55
0
1
19
0
0
3
1
78
0
0
5
13
0
251
0
36
64
79
138
0
0
27
109
146
55
0
0
11
0
634
329
2238
0
0
8
84
40
18
0
0
762
0
0
1
1
1
0
0
0
1
22
0
6
0
68
0
36
16
0
56
0
228
610
0
0
0
0
4
0
0
0
177
266
91
7
13
0
106
0
20
486
36
286
0
17
23
0
16
6
0
0
0
0
4
0
70
0
7
203
0
37
112
0
0
0
0
4
1
0
10
159
5
0
1
0
0
0
0
0
54
23
90
455
0
1
239
1525
0
2
12
0
589
4
8
40
160
0
160
2
21
0
246
20
0
0
4
0
7
35
166
2
86
105
302
0
0
45
174
48
0
19
872
0
192
0
253
789
96
0
30
10
0
0
843
375
14
0
241
3
90
0
0
8
0
0
0
562
34
156
709
30
72
200
0
54
55
165
0
0
93
0
29
0
2
2073
0
33
26
0
131
35
3
2
0
57
0
190
0
29
0
204
123
142
0
70
0
0
0
2
15
0
449
13
0
4
0
0
0
51
1
294
0
0
0
8
0
0
9
16
0
38
11
155
120
0
161
17
103
70
0
97
52
0
93
35
250
5
1109
0
223
0
25
80
0
0
202
1
668
191
100
76
9
0
0
0
0
0
45
0
0
5
51
0
573
182
0
1
348
0
0
0
17
0
1
0
1
0
2
9
0
20
0
185
12
164
0
0
0
2
125
1
6
0
140
0
207
48
0
0
143
0
0
2
0
0
0
27
0
81
0
137
756
0
388
0
63
0
1
0
79
1033
104
109
105
88
77
24
49
0
68
0
317
0
301
23
0
181
0
263
147
0
111
0
115
0
0
505
260
46
0
42
33
1
282
89
0
0
0
0
0
147
0
105
0
70
144
0
0
635
367
0
0
420
0
15
0
86
0
0
140
79
43
1663
419
57
101
0
0
0
0
11
8
172
0
29
92
130
252
0
26
153
70
0
20
41
0
1
163
77
1
42
129
0
6
0
0
7
24
0
0
27
125
97
0
527
1522
573
19
297
1338
0
107
5
21
512
33
47
113
61
0
138
0
0
65
179
0
4
1
154
126
0
3
0
440
14
2397
93
37
138
59
0
0
564
189
75
6
0
2
47
84
0
127
16
0
88
321
2
102
65
0
0
0
39
440
284
108
3
0
761
0
0
0
2
0
24
614
0
1
0
0
24
16
0
0
184
1
0
0
487
21
0
9
80
48
768
98
0
0
0
0
19
25
0
0
1
0
3
0
51
0
0
108
0
0
3
109
0
34
0
20
0
3
165
0
8
0
109
0
371
101
0
60
0
1
45
18
729
34
68
0
106
73
0
2
2
68
12
15
1
446
125
2
61
12
0
0
68
0
49
831
0
0
0
0
0
0
20
4639
19
0
136
0
110
7
5
0
4
23
13
0
0
0
111
33
22
0
214
28
50
0
661
1
3
0
41
30
1122
176
1
0
0
14
20
2328
0
0
7
1259
89
0
0
8
3
0
0
6
144
122
0
44
0
0
89
0
46
0
0
33
190
0
18
22
10
18
352
98
0
225
162
0
0
155
0
8
0
107
1
439
0
0
0
3
5
6
0
354
0
0
557
23
0
0
70
0
0
0
0
0
18
0
51
3
0
55
765
0
0
462
0
0
3405
16
385
95
28
1
13
1
4
222
0
228
68
0
40
5
0
45
1481
884
0
0
7
3
1
8
2
92
0
0
0
0
616
323
107
197
25
0
302
83
0
1
8
9
0
0
201
0
114
0
7
0
133
0
0
21
0
26
4
0
0
45
3
0
58
0
15
0
0
1034
29
0
44
1
0
6
99
0
0
12
0
0
0
0
4
1
215
138
306
24
7
117
4
0
0
1
5
0
12
93
8
8
0
22
141
44
0
278
29
5
347
98
0
286
26
0
2
0
0
0
0
10
96
7
41
0
35
0
20
0
11
0
0
8
0
181
1
22
385
283
23
0
0
0
0
33
4
0
482
513
48
0
0
3
13
11
0
0
1216
8
0
289
96
3
97
0
0
109
0
84
209
0
0
57
1
0
0
0
0
0
154
1
0
29
77
0
19
12
0
47
0
155
2
5
40
84
108
25
1
0
185
50
1206
25
212
5
448
0
325
23
0
45
0
36
9
925
473
0
1
81
76
0
0
874
0
0
155
14
9
0
12
0
0
0
83
0
0
10
121
286
0
0
39
118
95
0
73
0
0
0
5
0
0
0
21
170
12
3
0
5
15
0
0
0
0
495
1
0
28
93
315
27
34
31
62
0
57
81
60
27
5
37
230
108
2
79
0
57
369
23
224
0
0
14
0
16
168
22
0
6035
77
2
2565
103
0
0
71
192
0
171
0
0
6
87
0
0
0
1
196
0
0
0
12
0
107
6
0
0
199
0
0
202
22
78
0
39
0
0
22
0
9
0
245
3
0
47
1
14
6
0
97
0
49
111
0
0
1
177
1
531
110
61
321
57
45
0
8
0
0
71
0
0
4
33
64
0
9
392
0
0
171
2
391
0
121
0
131
393
6
0
0
0
108
1099
0
0
1
0
0
0
0
0
1
0
96
125
10
0
39
34
69
113
0
1013
287
0
15
160
208
0
39
7
137
519
0
9
0
0
0
3
184
7
21
0
0
22
38
0
2
3
0
36
33
1
116
0
0
0
0
2
28
1
0
63
0
366
263
6
0
500
34
1
28
3
69
0
0
0
0
0
0
0
36
0
6
0
1288
236
0
0
550
0
24
130
972
48
0
7
152
0
0
0
0
2
84
280
1
139
19
87
53
0
447
42
10
3
2
0
6
0
25
1286
1
49
1091
2
0
12
0
1
1002
109
0
0
6
712
0
145
0
116
142
33
131
0
0
114
0
25
3
0
9
961
0
6
66
31
0
66
0
78
14
0
66
0
38
0
24
509
556
13
0
0
102
4
0
141
14
17
0
0
0
0
0
11
237
0
172
3
0
398
32
0
0
0
205
4
15
34
118
7
0
0
23
1
544
0
1
0
180
8
0
6
0
235
0
411
0
0
146
0
0
3
0
0
643
2
0
0
10
47
0
29
0
0
2
0
23
5
0
4
0
0
2
363
316
0
16
11
0
139
4
3
2
0
230
96
407
23
41
158
0
0
69
9
175
176
0
6
120
36
70
62
437
0
636
0
453
161
8
0
0
2
0
48
44
108
44
0
104
0
2213
0
0
0
31
25
33
74
0
0
0
10
0
208
172
0
4
0
1
0
433
313
82
38
868
1
0
0
157
2
0
9
40
138
0
12
65
22
0
0
0
0
505
383
272
35
1560
0
12
65
172
46
2
0
72
432
32
3
0
0
0
2
8
909
0
549
0
4
17
422
4
112
0
0
6
22
86
0
1
27
0
2959
0
3
130
0
0
67
60
4
5
8
53
0
11
15
0
0
7
0
5
0
0
15
22
0
0
117
0
221
27
0
0
262
0
0
1
213
8
0
0
252
427
4
191
197
45
0
2
63
77
0
70
514
0
4
10
374
0
0
0
0
0
5
7
1962
50
67
50
178
11
0
0
0
6
0
480
8
74
0
134
0
0
98
0
121
0
36
6
3
0
0
3
0
0
0
0
0
21
0
10
0
3
1
17
54
2
4
10
0
0
0
0
0
0
32
0
29
417
1
1
0
385
0
0
4
0
0
18
0
4
22
60
5
1049
67
86
10
0
65
0
392
0
0
0
349
52
113
0
8
4
0
24
0
0
3
479
2
0
5
34
7
209
1
0
214
178
41
0
2
79
40
3
0
0
1198
88
0
0
21
0
0
0
0
0
410
2
77
909
330
294
27
0
6
40
34
29
0
0
1
2008
161
360
291
1
0
97
97
117
32
36
0
0
13
93
316
0
3
79
724
0
104
522
0
1
0
82
0
0
352
213
281
154
49
0
0
44
551
38
0
12
150
3
0
7
6
121
143
0
0
54
68
4
4
27
1
154
0
7
235
110
7
0
326
0
0
14
45
31
1
9
350
0
108
0
55
477
0
0
58
0
0
344
0
0
0
14
202
0
252
0
40
0
0
0
0
959
15
53
163
223
18
73
20
106
0
3
47
44
36
9
35
10
360
13
72
124
649
276
0
256
1
98
75
212
113
9
0
0
40
26
78
2
43
614
106
301
0
66
36
3
0
0
0
15
774
0
58
286
62
319
0
38
4
0
0
22
56
10
92
0
425
0
0
0
0
76
283
0
2
0
69
0
0
0
581
46
42
52
0
5
0
0
146
8
210
262
0
0
0
41
0
5
0
260
2
0
177
6
0
16
0
8
0
66
96
1
45
93
0
330
0
19
25
306
0
374
0
30
0
0
61
0
3
20
80
248
192
0
0
0
5
0
36
0
553
0
154
1
0
375
28
75
0
0
54
0
27
158
170
34
16
86
905
0
303
24
0
62
543
8
20
0
4
21
2
25
319
0
0
3
9
0
0
29
13
8
48
0
16
0
0
2
0
3
1
53
4
0
279
0
0
23
427
0
0
0
26
396
0
153
39
5
0
27
0
776
0
0
0
0
159
2
559
0
7
24
0
2236
1
0
74
88
0
0
2
0
134
106
72
115
15
0
0
29
14
2
10
0
4
1
0
127
0
0
0
21
0
11
2
19
16
2
0
135
15
10
5
0
3191
157
21
2
119
234
1
356
31
809
0
0
551
1064
246
283
44
0
0
0
24
0
606
0
0
0
73
0
0
10
17
0
0
0
34
0
1
0
0
54
0
10
749
0
0
0
0
0
0
236
22
1
178
56
18
0
0
0
0
152
2
541
0
0
1
0
0
0
0
343
32
0
0
177
23
271
0
37
554
150
0
2
128
7
20
0
10
14
0
0
122
135
0
22
57
1226
22
0
165
0
0
26
16
0
10
0
1
0
0
1
0
275
25
2
0
0
82
117
465
0
0
0
46
0
0
0
6
0
42
0
0
29
7
131
16
1
0
0
315
7
0
3
1085
0
0
179
0
83
2
0
72
25
0
0
0
0
19
267
0
0
0
8
8
1
0
11
251
277
0
3
0
2
1
0
127
0
0
2
76
0
0
0
9
0
17
0
1
10
23
0
0
0
27
0
2
0
24
2
67
3
1
0
0
0
48
3
0
181
0
0
0
217
0
0
238
2
4
14
0
0
16
0
118
28
6
0
173
31
94
0
0
100
4
116
43
0
4
25
463
4
14
9
12
193
0
43
19
0
0
0
19
3
63
210
514
0
0
0
1
0
3
0
15
21
0
95
0
13
1
0
0
3
0
0
7
1521
0
403
68
0
0
5
14
15
0
88
1
0
0
0
9
5
740
476
10
103
11
4
159
4
1
0
91
0
1
38
6
3
0
0
0
9
0
0
7
43
3
66
11
7
3
45
94
1
34
6
0
0
0
0
3
0
0
0
0
73
0
92
5
33
49
0
0
0
0
0
3
0
0
0
24
13
0
569
55
0
0
1
120
54
0
32
145
19
58
203
5
0
0
69
0
33
0
36
5
3
0
0
34
90
41
73
31
0
6
0
1
444
0
80
0
0
1
97
40
0
1858
275
2334
129
41
41
129
567
904
0
2
0
19
11
0
2
0
0
0
79
42
132
0
51
27
14
131
184
4
0
352
0
30
0
125
0
694
9
0
76
0
0
258
284
23
55
20
2052
18
146
0
0
7
15
35
105
0
0
62
587
3
43
1837
0
67
0
1
0
0
0
0
0
5
3
9
119
0
0
45
8
32
0
0
1
57
141
6
0
0
1
0
5
0
13
447
18
1
0
0
46
756
0
166
10
268
47
0
30
3
1
24
0
0
1448
0
1
61
1
80
128
0
0
0
9
27
18
60
1
0
282
6
67
1
51
19
0
65
1
1
2
2
0
0
79
5
163
1
49
0
0
113
0
1
0
36
0
169
0
0
0
0
0
0
0
18
0
593
9
78
4
0
12
3
0
3
123
0
12
0
0
0
1
5
8
190
16
0
85
6
65
0
5436
6
0
85
0
130
1
9
14
3
1
37
55
0
0
64
0
13
0
0
0
0
32
108
0
14
0
11
24
0
0
244
5
3
268
0
0
131
18
19
5
2
13
52
0
0
44
1
11
0
0
0
135
12
212
1
0
98
6
12
0
4
24
8
0
0
0
2
1
0
0
0
124
0
6
0
18
242
140
18
0
0
14
0
22
0
14
0
0
103
0
0
54
4
60
271
743
1
228
0
365
88
0
426
130
210
0
0
0
746
1671
6
79
17
4
52
6
209
0
0
42
4
0
0
0
6
3
0
0
0
0
78
0
131
0
0
35
0
237
22
0
0
0
0
39
1452
160
291
0
144
278
2
0
30
2
0
30
277
0
13
956
239
124
1489
0
145
282
0
33
0
0
0
0
0
0
47
0
0
0
15
33
2
254
1
3
11
16
9
1
4
39
0
0
0
0
25
317
0
60
116
22
40
0
87
9
674
0
0
0
6
90
0
1
229
22
1
0
0
84
93
0
0
93
276
0
1048
672
0
140
95
1
201
0
565
0
0
2
0
309
321
0
0
0
431
281
0
0
46
29
14
21
0
2
2
0
119
324
0
0
0
107
0
63
0
0
119
0
157
4
0
54
160
1
0
0
8
1
16
15
3
61
180
0
302
5
295
0
4517
149
6
180
13
0
41
31
91
87
25
0
118
2013
70
139
1907
0
0
23
0
255
0
20
485
56
0
0
410
198
0
0
2
4
0
64
7
67
536
9
19
0
45
642
9
236
36
0
22
84
135
0
1706
2575
1
0
363
520
101
0
0
3
25
0
292
10
0
67
93
0
0
2
1
0
11
31
0
5
1693
2149
0
768
515
0
467
48
27
88
0
11
115
9
792
0
605
136
86
0
740
0
0
134
1
991
31
0
115
101
0
99
15
1442
27
664
18
52
1
29
210
105
839
42
142
0
43
0
100
0
0
0
0
0
0
45
0
13
10
35
0
0
18
6
0
3
0
0
2
85
181
11
0
0
196
0
0
422
0
1
0
3
392
0
0
8
11
93
2
0
0
62
0
2
4
941
24
138
0
0
3
0
0
0
40
8
7
0
9
0
26
42
63
0
15
7
430
9
133
5
0
9
0
2
16
14
0
45
112
0
47
75
0
6
35
0
161
6
34
29
122
7
4
0
113
0
1
1259
2
0
8
10
48
0
497
2027
131
140
76
1
305
19
9
121
56
476
0
202
0
4
46
7
0
37
28
144
0
39
0
3
5
0
0
27
2681
0
51
39
0
0
7
0
28
0
0
68
638
48
22
11
14
0
8
5
27
2
2
3155
139
115
110
0
95
0
38
280
0
7
2
0
0
0
0
54
33
28
182
457
75
134
16
0
21
149
510
0
1
3
2
952
222
16
4
0
0
1
24
184
2028
105
8
497
0
19
5
855
30
0
0
0
91
248
0
5
1
0
14
21
29
0
1106
457
3
0
0
0
145
13
0
45
78
0
1
23
434
398
0
2465
35
122
0
556
4
22
0
1094
13
109
0
11
0
19
0
4
4
250
100
5
1
19
0
32
794
51
0
0
1
0
1074
0
201
0
13
129
0
186
18
56
2974
3
251
41
178
0
25
134
0
2
0
564
361
0
0
0
151
0
0
0
160
27
0
0
0
1
20
13
0
4
16
0
0
728
0
653
10
0
0
0
56
0
0
11
0
0
2
0
54
0
0
27
153
63
0
273
14
0
0
66
1
60
0
0
0
85
0
25
0
0
246
0
0
224
13
1
22
0
44
189
0
186
0
3
0
0
405
0
0
0
518
27
0
48
15
57
0
81
1425
0
0
0
132
112
5
59
0
19
0
19
0
8
0
0
8
109
41
0
0
0
0
0
22
0
0
9
3
0
273
0
31
0
50
7
0
6
0
4
0
78
1
37
0
0
9
29
11
76
0
1
0
1
100
1
17
15
0
4
0
0
21
23
0
643
22
0
0
292
465
56
0
9
98
116
27
0
37
51
7
0
98
0
0
39
19
0
5
0
299
0
50
0
7
0
6
84
66
46
207
261
0
0
53
244
2
0
1
2
0
4
1067
95
0
401
14
191
0
0
26
25
0
0
0
0
0
6
6
0
0
0
547
38
5
0
0
51
2
4
7
0
200
0
29
50
9
3
20
110
32
246
0
233
6
170
0
0
21
56
75
1395
7
0
0
0
3
61
0
0
0
1
5
0
137
0
15
12
3
19
0
7
13
0
0
0
0
32
0
0
13
0
72
0
58
0
326
56
81
53
0
0
79
0
73
0
0
0
107
5
207
165
0
72
316
30
0
2
45
327
7
0
11
0
576
0
9
0
15
24
44
56
8
2
21
0
0
0
70
13
50
0
7
536
1
0
32
12
2
0
153
0
0
2
0
0
87
95
27
0
0
1
0
43
0
404
0
8
114
4
149
180
51
0
2
185
16
172
619
0
0
93
0
25
0
436
320
202
3
0
0
15
3
3
29
16
0
0
0
0
0
3
7
0
139
0
1
134
0
75
0
0
0
113
8
0
2
8
57
0
0
61
0
3
0
0
0
10
0
0
2
0
1560
74
273
0
0
0
6
0
44
0
0
39
359
0
16
0
449
30
23
0
0
130
1
19
27
1082
0
3
15
18
0
203
223
0
0
0
0
443
4
77
132
5
0
26
68
3
0
4
0
3
489
155
0
0
0
177
1
0
1
0
0
14
33
15
54
2
51
0
13
508
63
0
15
9
12
41
18
0
32
45
157
26
301
1
24
0
6
115
0
9
2
0
0
0
0
0
0
6063
137
3
0
0
338
1916
4
8
0
4
390
47
0
1181
43
1
0
689
4
0
18
5
1
0
222
0
2
1
0
1
0
0
2
0
0
425
0
1
4776
3
0
0
0
0
1
23
0
1
26
0
55
968
0
0
25
91
182
0
267
4
6
12
0
35
0
150
0
0
5
565
0
85
0
0
16
226
9
63
25
179
0
8
19
73
16
1
0
0
9
1
0
40
170
0
0
0
1
0
5
1
0
541
0
0
0
628
148
131
0
49
0
403
1
8
190
314
0
6
0
18
23
318
0
0
83
0
0
0
0
72
4
0
0
110
6
60
0
0
94
0
52
3
1
107
0
62
332
105
46
0
21
510
14
28
194
0
0
0
43
84
0
93
0
145
176
2
0
93
66
105
0
0
0
77
358
560
29
1246
0
9
0
1137
5
371
497
0
4
0
220
1
0
73
7
82
32
0
85
0
0
0
53
1
0
390
252
229
0
0
1493
15
56
0
132
146
251
581
0
0
0
3185
0
596
1
0
251
6
3
0
0
0
0
12
0
0
8
4376
68
45
0
0
170
3
211
1390
125
0
224
78
298
0
2
3
1
97
0
0
9
67
1
138
87
241
0
120
6
99
0
466
1
0
2
72
265
291
12
244
1
0
8
302
81
0
674
0
185
3
0
9
69
0
11
1
0
3
0
111
13
8
255
0
108
6
0
2
69
0
6
0
7
0
0
0
1
43
0
118
39
25
130
0
2
0
1621
263
5
516
0
0
105
1
59
193
1
76
617
9
495
42
17
5
114
0
0
355
1
0
660
10
0
216
89
13
0
0
0
550
0
85
18
233
380
87
0
0
0
18
3
158
2
105
0
118
13
14
1
795
170
0
337
4
9
0
2
8
58
6
186
280
464
0
289
0
5
0
0
0
113
70
17
540
10
143
261
97
5
100
9
4
8
0
62
0
0
0
0
7
0
176
0
304
310
0
0
0
24
0
53
13
0
7
0
6
1
0
82
55
1279
0
8
0
0
981
0
0
1955
0
75
174
0
24
0
0
2
0
25
332
661
44
76
123
209
0
105
106
0
0
0
33
0
0
114
0
56
44
4125
1
13
683
282
26
0
126
0
0
16
0
133
259
124
60
103
15
34
10
0
28
14
33
121
405
3
61
37
0
0
4
0
310
38
67
0
0
0
0
0
0
15
13
131
11
86
0
0
0
0
0
42
7
0
9
17
0
284
68
0
0
0
0
194
0
0
518
346
17
106
2
1
391
137
0
0
60
0
0
3
0
5
0
207
446
65
107
1
749
3
0
6
92
0
710
13
67
0
16
0
9
4
45
1
25
193
33
0
3
0
0
783
141
63
3
20
0
1
13
52
3402
0
0
0
5
39
31
64
0
0
83
2
403
908
436
0
31
750
1120
272
42
0
0
0
36
33
17
0
23
16
28
0
23
0
15
0
1
59
0
2
64
0
150
15
211
122
185
33
194
0
2212
35
3786
23
97
2
0
257
0
173
91
602
77
11
3
4
62
0
0
219
34
143
29
88
225
0
388
6
448
450
158
110
170
0
3
0
251
379
2
6
5
164
4
354
7
0
44
3
2
0
0
219
95
0
0
30
5
70
166
78
0
0
0
0
67
0
0
539
490
129
107
7
26
119
347
78
386
70
0
38
17
54
0
49
34
39
0
198
28
0
0
0
3
0
0
204
0
846
705
92
0
556
245
15
0
212
6
0
0
1
0
0
1
15
29
0
1
98
14
0
220
7
0
347
156
529
2
0
0
428
384
354
123
0
367
204
14
209
34
33
0
21
583
64
309
1
0
3
140
120
113
145
6
266
2
0
0
0
12
0
0
3
58
0
18
12
0
0
0
172
10
0
10
9
45
0
79
50
23
0
0
8
122
0
74
63
27
0
3
0
1
113
0
3
16
0
119
5
0
0
0
522
458
423
39
1
15
5
536
0
0
10
115
46
0
26
14
0
2
0
97
27
95
64
18
0
5
14
49
0
140
95
16
0
11
0
112
5
0
0
50
66
0
781
6
0
97
21
3
0
87
8
56
227
89
847
0
0
1
24
42
344
0
597
0
1538
67
3
249
0
467
0
175
42
366
365
1
992
1021
0
0
0
0
0
11
0
269
84
7
57
123
1
9
1
55
13
0
0
186
177
273
328
70
576
740
303
0
1
24
0
60
69
0
2
0
4
15
26
0
12
1211
3
35
58
164
6
0
6
0
20
20
186
0
0
392
0
9
0
625
157
300
0
54
0
0
5
0
22
0
167
0
9
0
0
56
97
0
3
0
15
710
0
146
0
0
1
2
4
0
0
0
183
211
0
13
364
10
65
128
155
0
12
0
1241
147
29
97
0
10
0
0
0
11
0
288
8
43
84
15
0
17
0
32
0
18
21
6
5
3
0
0
4
86
0
83
0
0
2
0
652
0
0
4
36
0
0
0
9
8
0
0
822
73
251
2382
1082
0
17
0
163
2
1
0
58
269
22
368
0
0
0
0
369
34
58
6
415
66
23
324
32
1
181
218
33
63
0
0
2
0
0
0
0
0
0
79
6
0
0
0
0
0
0
49
62
34
313
98
0
3
0
0
0
0
312
278
0
0
0
0
0
0
126
96
0
1
0
0
9
0
0
6
17
0
0
0
0
0
7
20
67
69
0
0
0
0
0
1380
344
0
417
27
0
5
30
107
247
1148
45
58
0
1
0
0
69
3
32
1
0
0
0
0
0
244
10
0
0
0
0
0
0
0
25
118
0
107
91
0
0
0
0
10
37
0
2
532
0
0
0
44
71
471
41
35
13
43
0
0
23
0
0
64
34
0
1
151
4
0
7
0
0
0
72
0
19
7
0
0
0
0
3
0
0
312
54
456
0
0
0
0
0
0
0
0
0
0
0
0
15
0
0
0
1
0
0
0
0
0
1
34
9
222
0
0
0
0
2788
55
155
22
203
77
87
125
48
2563
6724
292
0
33
12
0
0
0
615
107
50
0
0
0
54
0
0
0
84
0
0
66
12
151
72
0
0
0
0
32
6
0
0
14
3287
5
49
0
0
0
0
12
43
0
11
19
0
0
0
0
122
65
0
0
0
0
94
29
4
15
5
0
0
0
0
0
0
0
0
0
97
60
0
1
505
596
108
182
1551
0
0
0
0
0
0
0
18
7
0
2
118
17
0
0
0
5
19
0
0
0
0
0
14
6
0
0
4
188
79
280
40
38
945
0
513
578
5
0
0
0
0
0
0
0
0
22
0
75
0
0
0
0
0
3
0
2
0
0
0
0
314
66
1095
5
2050
3016
219
0
0
27
43
0
153
0
0
0
674
176
0
0
146
311
102
17
0
0
2
119
0
0
0
0
0
0
0
0
0
0
0
0
0
0
0
0
0
0
0
0
38
0
0
16
53
0
4
0
191
0
0
331
0
2176
134
104
42
0
85
0
0
57
6
0
0
0
0
7
0
0
16
0
0
606
503
0
1410
9
26
0
0
0
0
0
0
0
0
0
544
407
1
0
34
8
0
0
2
0
27
31
0
0
0
0
5
45
0
0
13
0
0
0
0
0
0
0
0
0
0
38
0
0
0
0
0
0
0
2
0
0
0
0
0
0
0
0
0
0
0
3
0
3
0
0
0
0
0
0
