NIST_1
0
0
15
2362
28
195
10
0
1
2
0
235
8
514
0
0
784
10
0
256
587
132
2
6
0
627
0
37
6
3
22
9
0
78
1332
59
0
0
8
0
4
0
0
4
1
1975
0
172
0
174
0
171
0
972
0
26
335
73
0
899
3
4
0
0
25
22
1
437
22
10
1676
520
35
18
24
0
1263
0
8
0
0
0
0
10
899
0
95
236
15
16
438
0
660
0
0
766
6
1
132
0
21
0
4
572
87
3
3
0
0
350
0
0
32
0
3
0
0
165
183
684
12
2
0
125
63
320
212
0
1702
48
0
0
0
100
2
0
8
172
20
0
22
7
22
0
541
105
16
29
40
24
21
1
398
0
5
1118
0
1
24
274
2
0
3
0
134
32
51
240
0
0
0
4
53
0
0
82
70
2
0
84
301
478
0
97
64
361
278
3
94
0
0
317
200
29
0
99
0
2
0
61
40
14
0
33
24
0
4
69
37
67
0
0
16
0
0
0
102
18
0
29
378
0
28
175
0
2
3
184
13
116
1
0
80
350
879
0
1136
28
0
1
0
0
11
444
0
12
119
379
10
5
205
312
20
3
219
61
1
0
0
7
146
238
208
1437
101
0
0
0
256
71
7
375
0
0
43
8
0
0
1128
138
1326
74
0
1588
0
762
0
0
0
205
1
0
0
0
0
0
121
1
141
0
0
15
0
13
302
0
211
12
4011
0
0
0
3
0
0
201
0
199
219
0
81
0
478
100
0
118
12
13
0
9
483
355
120
4
0
186
22
22
0
0
715
270
82
464
0
11
331
34
109
0
838
0
65
33
35
37
1046
249
23
0
4
4
1
940
2
0
0
100
86
3629
147
1160
18
1
0
0
9
9
0
640
0
250
0
1
2017
0
88
42
39
0
296
0
1
224
704
65
244
0
390
53
43
0
1
0
1
99
12
0
6
0
1
112
7
2364
10
72
0
216
0
0
1291
226
8
0
149
0
18
2303
89
0
97
31
28
15
52
0
333
0
0
0
4
0
1084
1196
0
6
1917
207
91
0
1
0
12
3
1
16
0
1
0
0
19
32
0
0
2
46
170
0
352
0
24
0
408
0
1
0
1
0
278
177
458
43
118
1293
294
38
0
0
32
0
24
349
86
95
0
99
0
2
0
0
127
2
593
67
31
375
14
1
27
0
23
0
3
355
14
399
38
0
29
0
623
168
0
459
0
54
12
31
19
89
61
110
1111
0
8
168
493
123
55
0
0
0
55
0
138
227
2
0
103
0
0
5
20
0
0
12
13
0
0
2
0
742
0
182
0
166
0
0
0
379
379
22
3
232
3
238
41
51
0
43
0
149
10
1011
5
18
1
8
0
4086
0
11
0
306
0
922
137
0
1
2
153
1
0
0
0
383
0
0
0
0
1151
3
246
134
2
0
158
16
37
29
0
16
0
18
0
9
22
1
0
3
16
0
0
43
0
45
165
106
365
156
662
14
0
3
0
3
0
6
0
147
733
267
9
232
14
213
3
0
848
14
4
92
0
2
166
0
339
58
8
0
0
0
391
0
3
1
348
0
0
0
0
375
21
434
11
30
0
1
0
0
76
73
17
831
0
43
120
2380
2
8
0
8
17
2
78
1
15
7
75
59
3
145
1
9
0
0
37
18
132
0
115
1582
17
66
98
943
1031
0
0
172
302
8
10
2
477
0
0
0
0
191
251
2
28
11
41
0
52
0
29
38
150
0
139
4
531
0
0
0
0
0
0
1053
517
0
0
325
4172
2
251
19
181
104
115
83
0
0
191
3
4
94
1
11
1183
1
0
627
129
45
51
78
248
369
10
15
50
0
0
7
1162
0
109
0
0
171
6
0
0
0
12
4
0
0
3
0
63
17
0
12
0
419
89
611
32
14
0
569
1
0
7
0
40
1
223
26
2
0
1
0
0
1
24
45
4
3
0
4
4
274
175
0
7
2
3
0
0
292
2
433
1018
227
0
515
121
376
95
0
9
210
0
104
67
3
602
8
142
61
220
1
0
228
0
2
39
2
62
592
5
0
0
0
0
0
902
510
9
0
0
2
1769
1
2
1361
9
21
0
78
2
0
386
115
289
240
120
1
0
12
0
1
115
230
292
0
0
5
2
353
66
0
7
58
0
95
71
66
7
0
151
4
0
464
1
0
0
0
163
2
156
266
43
57
302
7
88
0
0
29
256
137
244
53
2
102
30
0
1475
235
0
76
1
209
0
0
19
198
0
70
0
3
1
0
0
0
0
180
55
32
3
0
14
26
35
0
0
668
77
12
180
2
8
0
0
24
20
0
1288
56
300
502
0
83
0
0
263
0
1940
44
2
1
903
367
436
150
1143
0
68
0
0
2031
0
0
0
2
136
0
0
1
0
11
484
423
650
46
0
7
0
87
34
27
3
0
0
94
707
398
63
25
0
0
70
173
22
0
0
0
52
0
1175
313
1061
541
0
0
1
3
0
126
0
0
4
220
62
93
0
13
772
516
0
210
928
118
50
17
76
0
1
193
4
0
17
0
1
1
10
0
40
26
7
1
0
0
0
803
510
0
0
3
19
45
0
0
0
0
67
30
0
162
4
2
69
1
180
889
0
385
83
4
10
2
22
1
0
0
0
333
618
82
80
137
109
224
305
104
237
5
23
55
50
59
0
0
4
0
5
2198
5
646
0
0
195
61
3
5
327
90
119
311
0
87
79
0
20
4
1
0
21
0
0
795
309
63
1
0
711
0
0
0
103
21
1620
1154
0
18
2585
36
176
88
130
48
411
289
0
0
27
0
543
18
308
0
509
0
263
0
276
557
28
0
767
0
0
96
0
188
543
0
0
5
244
0
275
0
0
3
76
0
310
0
0
5
0
0
1
2
12
0
105
7
67
0
236
267
22
371
537
0
0
1814
4
0
0
129
55
66
0
88
0
8
0
197
72
0
2
218
0
5386
0
0
0
18
8
156
106
227
36
0
204
1
20
0
14
96
253
46
0
1
98
0
255
783
204
0
0
4
12
3011
55
9
41
30
7
23
1
15
0
0
5
822
0
414
6
0
32
17
0
50
1
366
0
69
123
0
57
1
285
0
0
0
234
2
9
1
58
0
1
2
63
6
0
151
0
202
0
0
10
17
0
2204
1
5
1628
5
986
0
142
4
35
0
0
0
132
66
0
0
2
43
13
0
0
8
0
0
58
0
408
0
0
1
20
154
3
0
0
3
73
718
251
0
0
0
192
0
0
731
421
37
71
4766
0
31
199
7
74
35
428
0
8
38
1901
16
20
50
47
156
0
0
341
52
15
174
19
784
14
150
270
127
0
31
0
42
0
0
0
0
263
7
29
0
2014
2
26
462
52
24
0
1
0
3
14
0
176
0
0
155
22
0
3
0
2
29
0
193
0
12
35
0
61
0
0
11
0
0
29
0
0
18
0
0
0
0
0
0
0
318
7
589
3
73
63
63
1
0
121
0
1686
22
0
0
0
1
10
8
544
39
268
0
881
18
239
503
0
0
0
1043
0
159
285
2304
3149
0
0
0
38
0
10
0
0
19
0
5
959
376
631
7
5
325
0
16
0
226
286
107
1166
0
860
0
154
11
37
51
1
12
0
0
0
0
0
0
584
164
0
720
49
0
0
1
151
323
442
52
430
3029
1
456
0
147
376
124
429
221
0
14
7
212
83
0
3
267
58
57
2
0
18
107
477
0
2
0
61
377
0
1093
0
2
29
3
0
497
5533
0
177
0
0
1
305
0
695
0
42
0
1
1106
39
3
29
0
7
1
4
463
0
0
0
5
2
0
14
146
27
20
0
8
7
0
0
0
144
0
5
4
0
19
44
77
0
0
0
0
95
0
6
0
2
61
409
14
474
1611
200
613
162
3785
0
31
0
185
11
0
811
0
160
29
0
3
8
0
654
61
0
24
135
0
60
7
0
0
0
17
0
0
1299
226
1
0
299
2113
268
3
0
16
0
38
0
1628
0
650
12
0
16
0
47
0
0
0
0
29
0
0
0
0
1
634
74
9
0
121
32
71
35
9
33
88
9
115
0
161
3888
843
0
222
1
0
0
474
41
0
0
0
0
9
669
23
0
0
9
0
0
1
0
0
7
99
0
0
150
156
831
1560
102
346
0
0
27
13
10
0
0
0
0
166
50
0
507
23
1421
30
0
0
159
32
7
171
0
0
94
330
0
0
60
0
7
1
293
0
0
8
0
26
84
1
8
8
0
28
195
0
0
0
0
20
379
17
5
0
102
0
373
61
346
0
77
1496
218
0
0
2922
255
225
3650
19
0
9
2
0
0
2
50
0
15
5
0
182
1051
13
0
2
0
0
0
12
47
174
0
0
44
27
22
0
250
281
149
245
316
44
2
0
1
267
0
0
2
47
18
9
29
3
0
0
3
20
19
104
19
0
0
0
0
0
0
0
98
3
4
0
63
0
36
1
0
40
304
0
23
0
415
0
372
2
0
23
0
0
0
0
0
865
4
1
4
34
1
274
222
7
0
10
0
1
0
0
127
0
490
388
303
115
0
46
55
4
3
17
252
112
0
19
0
2313
2
22
0
45
9
38
0
61
7
0
0
184
2
241
143
61
204
1
0
0
7
0
1
71
263
97
0
21
0
54
24
0
0
126
0
49
0
0
94
17
12
65
88
831
6
0
134
0
248
0
0
0
76
17
72
92
58
0
2754
30
0
0
67
0
0
6
192
738
10
0
44
0
3
7
2
6
0
30
206
6
10
1352
268
13
590
0
35
22
0
0
207
0
95
0
2
8
5
24
0
0
2
1334
0
101
544
14
0
1523
48
0
0
0
3
7
24
610
27
43
1
0
0
0
0
0
4
86
0
0
51
0
9
2
0
13
27
0
0
0
1577
0
3
0
11
74
512
285
3712
6
1033
43
10
6
26
5
17
773
0
492
1195
0
15
110
0
531
0
0
5
660
0
52
93
0
0
1943
0
68
180
0
0
101
170
0
3
285
242
0
467
3
363
0
1091
23
0
146
4
24
88
301
20
336
12
2
0
1327
227
118
15
1975
2
93
35
951
78
0
104
0
93
150
220
2
3
1
5
23
130
0
17
1156
281
1003
204
4
0
0
0
30
51
0
311
110
11
704
423
0
63
50
60
0
0
2
0
657
0
76
0
196
12
5
0
0
9
0
0
1622
262
0
2
143
2
11
0
98
10
339
40
1
0
140
136
0
19
0
0
0
0
1091
345
11
0
636
33
446
126
61
45
1
5
23
0
13
0
5
8
8
11
47
64
0
0
82
350
0
0
171
0
0
0
391
493
42
0
0
309
0
213
248
0
0
76
0
0
0
74
322
5
0
0
0
12
10
63
0
1
0
132
5
0
0
0
10
0
283
38
15
0
0
25
2918
9
293
0
47
0
31
8
1
859
9
0
28
143
64
4
4
0
5
91
0
21
0
126
0
621
0
0
64
17
3
0
0
7
0
0
10
102
17
0
35
0
2
18
56
3
0
0
288
2
0
0
44
7
9589
0
34
44
217
0
36
3
0
0
0
292
52
609
2
232
0
0
106
3
0
23
0
153
991
1
137
0
150
0
814
2
306
125
0
2
0
0
0
0
6
0
5
0
11
0
1
8
271
233
30
0
0
276
21
0
391
512
18
215
33
0
1216
96
0
48
0
0
0
390
19
214
0
28
5
0
4
475
388
0
304
44
33
3
2
80
106
0
269
0
0
692
36
228
95
1
135
1
0
119
144
14
5
28
0
0
0
0
215
280
210
0
5
0
62
0
0
104
0
64
13
0
487
54
15
12
68
0
1
998
81
0
95
2
99
321
14
39
1441
130
0
2
9
396
89
0
11
32
4
0
1
0
69
128
0
50
1
0
1
0
0
214
4
167
4
0
18
12
183
0
4
0
0
294
225
42
34
2
0
164
0
0
0
10
460
1960
0
8
2089
18
64
211
0
102
0
0
5
693
24
0
19
89
54
26
0
0
2
0
1
1012
0
0
1065
8
30
21
3061
151
0
0
189
2024
54
1382
222
0
57
29
421
0
39
49
11
12
0
0
0
100
0
0
2510
0
2832
0
0
9
0
26
0
112
149
0
213
42
66
0
75
470
3894
8
20
51
19
533
120
0
6
0
110
0
0
0
229
369
0
254
1
15
27
172
0
85
410
229
29
99
165
0
336
15
1021
626
6
1370
0
307
207
217
182
4
2
8
0
0
27
90
7
0
122
0
4
15
5
1
0
2675
135
170
268
91
169
4
0
0
17
0
821
0
6
0
0
3
1916
0
106
134
0
1118
0
18
337
26
41
418
0
0
121
0
1
0
0
22
0
0
0
24
255
33
0
34
0
0
156
0
0
0
682
140
798
226
10
1186
33
0
0
87
9
0
0
0
1
50
113
5
0
11
0
0
0
19
8
66
897
43
168
2
85
3
3372
0
2
2
84
0
17
125
0
170
16
56
39
0
646
410
22
523
77
0
0
355
617
296
166
1
0
109
0
0
0
0
1108
4
2016
228
185
270
347
0
3
0
0
30
0
335
0
0
99
134
15
82
2
617
29
1
9
159
0
83
3
90
8
112
64
0
1015
37
0
32
8965
1
44
1250
520
342
252
224
713
17
544
0
669
1168
6
87
22
0
0
0
194
0
146
103
2055
0
7
186
174
0
1311
121
90
0
0
0
0
1712
2
7
699
0
471
1
29
5
0
703
33
2
2
844
20
0
0
0
0
109
0
104
5
1021
5
104
62
790
0
1
131
997
0
3
6
68
103
58
0
45
381
141
0
0
182
25
194
0
0
6
21
0
37
210
0
144
0
0
0
0
3
6
1
0
6
0
0
2
0
20
0
2
620
15
0
0
1509
0
0
1
2
0
39
1
37
0
2
65
0
0
1
11
3
0
122
88
0
0
0
283
0
0
0
128
31
0
0
0
357
0
0
0
13
0
0
0
0
10
0
1
0
0
44
0
0
25
559
0
0
29
2
0
284
9
414
10
0
3
0
66
0
0
0
66
0
257
0
0
9
1
8
0
29
0
0
420
36
0
444
21
0
1362
66
3
0
44
347
0
1
11
0
0
33
18
53
0
64
26
0
0
943
500
13
3
169
0
4
31
0
29
49
2
20
0
0
0
0
551
0
4
0
0
1199
0
189
15
0
0
0
93
750
240
39
0
0
4
0
0
0
9
0
0
77
0
0
104
0
0
0
0
0
83
2423
84
0
1
33
0
0
2
1
0
0
0
0
0
0
0
0
0
13
0
0
7
45
0
0
0
64
3
66
0
0
0
0
1
0
0
20
0
0
0
0
0
0
96
0
0
7
9
317
1
0
0
0
0
0
18
0
0
2
0
0
0
0
0
11
0
20
7
0
0
2
0
0
0
0
0
0
0
0
0
0
0
0
0
0
7
1
0
0
847
0
0
0
28
1
0
0
0
625
0
0
83
41
0
17
62
0
0
0
0
0
0
0
51
68
0
0
1
9
375
85
0
53
1
0
0
0
0
0
0
0
2
0
0
17
0
0
0
471
0
16
0
0
0
0
0
0
61
0
82
0
54
0
37
0
1
0
0
60
0
0
4
0
17
6
0
0
0
49
8
0
6
0
9
99
0
1
1
18
58
0
71
0
3
0
113
0
14
0
198
0
0
0
0
9
0
0
0
0
131
0
0
0
0
339
0
5
1050
230
1
0
23
32
1
0
0
0
0
82
0
0
72
0
61
1
0
0
0
3
0
0
0
9
0
48
0
0
267
0
2
0
0
1
12
0
2
0
0
0
0
0
1
0
9
0
0
7
28
0
39
0
0
194
5
0
0
0
0
206
0
0
9
0
0
0
0
0
3
4
0
0
20
0
1
125
3
0
0
0
40
2
0
0
55
0
2
19
0
0
0
12
0
0
3
0
0
0
0
0
0
0
0
0
0
0
0
0
0
2
0
0
0
0
130
27
0
46
3
11
0
0
0
36
0
0
0
0
0
0
0
0
0
0
0
0
0
0
0
60
0
27
0
0
0
0
93
0
0
0
368
0
2
0
0
0
16
0
0
0
6
26
0
0
0
0
0
0
2
0
0
0
3
0
777
0
2
0
0
0
0
0
0
0
0
1
12
17
0
0
11
0
11
263
0
0
0
0
2
0
9
0
0
0
0
0
0
21
1
255
126
0
0
0
0
0
0
0
0
411
0
0
0
0
0
0
0
1
0
468
24
0
711
0
0
40
0
0
0
0
0
0
0
0
0
2
0
0
3
1
10
0
4
0
0
3
0
0
0
0
0
76
0
0
0
52
15
0
133
2
27
0
0
0
0
0
5
0
0
0
0
0
0
13
3
0
0
0
74
0
5
86
0
0
0
2
0
0
0
0
0
0
1
120
0
0
0
0
47
0
0
0
0
137
0
0
0
0
0
0
0
0
0
0
79
7
0
0
0
329
421
0
0
0
1
9
0
0
0
0
0
0
0
0
10
0
48
1
0
30
0
53
55
2
1
2634
0
0
0
3
423
0
28
1
0
0
0
0
3
0
0
1
205
6
15
0
0
30
0
99
0
0
0
0
0
0
0
0
0
0
0
3
0
12
0
0
0
191
0
0
0
0
0
0
0
0
1118
0
138
1
0
0
0
0
0
0
0
88
1
0
319
0
0
126
9
614
0
0
0
1
0
50
0
0
2
0
379
0
0
0
0
0
0
0
0
9
39
12
0
0
0
0
0
0
0
0
1
54
723
0
0
19
26
862
0
460
0
0
0
37
0
0
5
1
20
0
0
0
0
65
0
7
1
30
0
2
0
0
0
0
0
45
0
0
0
0
14
0
23
0
0
19
0
9
0
0
0
0
0
642
0
0
0
174
0
0
6
0
0
0
0
0
0
0
28
0
0
0
0
65
816
140
0
0
0
0
0
0
0
0
440
0
34
0
0
0
0
0
426
0
136
0
0
8
0
0
10
0
0
9
0
1333
0
0
0
0
0
0
82
0
0
0
32
0
21
0
0
21
0
684
0
0
0
97
0
0
0
0
0
0
0
0
2
0
0
0
1
122
0
0
0
0
489
2
0
0
181
0
5
1
36
264
0
17
0
0
0
0
0
0
0
0
488
0
19
0
0
0
0
0
162
138
0
0
28
0
322
0
0
2
0
2
0
0
29
2
0
0
0
80
11
0
1
0
0
11
0
0
0
87
39
1
0
709
1
198
36
0
0
0
0
0
0
0
0
0
107
5
0
5
12
0
0
0
0
0
1
0
0
0
0
1193
0
10
2
0
0
0
1802
73
5
10
0
0
0
0
7
24
0
16
0
0
0
1
0
0
0
0
0
0
0
0
95
0
0
0
0
751
10
0
0
0
9
0
8
0
0
0
12
3
3
0
0
0
0
92
0
116
8
0
3
0
0
1217
45
0
0
84
289
1
109
13
0
0
52
0
0
0
0
7
22
28
0
0
0
0
0
0
0
0
0
0
0
0
0
195
133
0
1009
6
0
0
1
0
19
0
0
0
0
0
0
0
0
0
11
87
15
210
0
0
0
3
0
0
0
0
162
0
0
0
97
0
0
0
0
0
0
0
0
0
0
0
0
0
24
56
0
0
0
0
0
0
159
0
313
0
0
0
0
0
0
0
501
0
0
121
4
0
0
13
0
0
709
0
0
5
0
0
0
0
0
38
107
4
44
0
1
0
1
9
71
0
0
0
0
0
0
0
0
461
213
28
0
115
0
0
0
0
0
2
3
40
1313
0
0
0
0
0
0
269
0
0
1
0
0
4
32
0
0
2
0
0
0
0
53
0
0
0
0
182
0
0
0
0
7
3
0
0
0
0
5
0
0
90
0
0
0
0
0
0
13
2
0
0
0
0
4
0
0
0
0
8
0
0
0
0
0
0
0
1
61
0
0
10
60
0
0
0
88
0
0
8
0
0
117
0
0
0
10
212
1
0
0
7
0
4
1
1
7
32
0
0
0
87
3
122
0
1
34
0
109
0
512
64
0
0
8
1
39
0
0
0
0
17
0
1
0
0
0
0
0
0
6
258
594
2
1
0
0
9
0
4
0
0
0
2
0
0
0
2
7
2
317
62
260
0
0
0
87
0
0
6
0
4
10
0
312
676
0
0
0
0
0
5
454
0
17
12
0
3
0
0
13
0
0
0
73
2
2
0
0
0
1
1
16
16
0
1
215
0
0
0
0
9
0
0
0
0
0
3
0
0
0
0
0
0
0
1
11
4
0
0
0
25
163
8
0
0
118
0
0
105
0
0
2
0
192
0
0
0
0
58
595
0
867
0
0
0
0
0
0
0
0
0
2
0
0
0
0
0
0
81
0
15
0
0
1
0
0
0
49
2
60
0
0
0
0
554
0
0
87
0
2
14
21
0
365
43
0
0
0
0
0
0
0
0
519
0
0
0
45
81
0
0
2
0
56
196
2
0
4
11
18
0
1340
4
31
0
0
69
0
224
315
34
107
0
0
9
0
126
0
0
9
0
0
1
0
0
0
0
404
0
0
0
0
1
0
0
0
2
4
91
857
0
5
0
0
0
53
0
0
213
47
0
1
9
0
0
109
0
0
0
0
4
0
0
0
0
0
8
0
14
196
10
14
0
0
0
0
0
4
35
0
0
0
43
23
0
0
1
0
0
0
0
0
0
0
154
454
2
2
0
0
1
0
0
69
281
0
42
119
0
0
0
207
1
0
0
31
0
39
0
52
1
0
0
126
0
0
0
0
0
0
0
0
0
0
0
0
1
2889
156
10
0
0
0
0
0
0
99
220
309
0
0
263
0
16
0
0
0
0
0
0
2
240
0
11
13
81
0
0
19
0
793
0
1
0
0
0
938
2
34
0
0
1388
27
0
0
0
0
0
0
0
159
9
0
51
0
3
0
141
0
0
34
0
0
0
0
0
0
35
0
18
68
0
0
0
2
0
0
117
0
1384
50
0
0
0
0
0
87
455
0
0
0
0
1199
0
0
51
0
0
0
389
1
1104
364
0
0
6
0
0
0
0
0
0
0
0
0
538
0
0
0
50
0
0
0
0
0
0
0
0
0
31
0
445
9
0
0
3
0
3
0
0
0
0
6
295
3
0
0
0
45
0
0
4
0
30
0
0
27
0
0
13
0
0
0
866
0
2
2
0
71
0
228
0
7
0
69
0
0
6
54
0
4
0
0
78
0
17
0
0
0
386
0
0
0
0
0
0
0
227
10
3
275
0
0
250
0
0
1191
0
0
15
6
0
0
0
0
0
0
0
0
0
0
7
0
0
0
0
0
0
10
0
0
0
0
166
0
0
0
99
0
0
0
3
0
2
0
0
0
0
0
5
0
0
1
0
0
0
2
205
0
6
0
0
620
2
0
0
0
175
0
0
0
0
0
0
243
0
6
0
0
0
7
795
16
30
1
807
0
0
3
0
0
0
9
0
61
0
7
1
0
0
0
0
10
0
180
0
0
17
1
0
0
0
0
558
39
1708
0
0
2
1
93
106
0
0
32
764
0
0
0
21
0
0
0
0
0
1
38
0
1243
2
5
0
6636
0
1
22
0
0
0
0
0
0
0
0
18
0
51
0
174
0
24
135
0
0
0
44
0
1
0
113
3
0
49
20
0
210
0
0
0
8
0
0
0
0
90
375
0
2
0
0
14
0
0
0
0
0
6
0
19
0
16
0
2
0
0
0
0
17
0
0
0
0
0
25
239
0
0
0
1
0
1
0
0
0
0
11
0
1
1
0
27
0
1
0
0
0
29
2
0
0
0
0
0
0
0
0
0
0
0
0
2
0
0
6
14
0
0
0
0
1
0
1
0
0
0
0
0
1
0
5
0
0
0
0
53
938
0
1
0
2
0
0
0
0
2
0
0
0
0
0
0
0
0
3
0
100
0
369
0
196
0
1
106
0
0
82
0
0
0
0
0
0
870
0
25
0
0
0
0
0
0
0
0
344
0
69
1
0
0
2
0
0
0
271
0
0
0
0
0
0
0
0
0
0
8
0
0
0
1
0
0
9
0
0
0
0
0
0
0
0
0
171
0
0
0
0
0
0
16
0
0
0
0
0
213
0
1452
0
0
0
1
2
0
0
0
0
0
0
54
0
0
0
0
128
0
292
0
0
0
0
0
0
344
0
0
63
1
0
0
6757
0
0
0
0
3
0
130
18
5
49
0
0
16
0
7
92
108
0
0
0
70
0
0
0
0
0
281
0
0
2
0
0
0
271
0
13
0
1
0
436
0
0
18
0
182
0
1729
0
17
0
146
19
0
0
0
0
1
0
0
0
0
0
0
0
0
0
0
0
0
0
0
0
0
0
0
0
450
0
222
0
0
1
3
0
0
0
0
0
107
0
0
0
0
0
1
0
0
0
0
6
0
0
0
0
0
0
0
0
0
0
0
76
0
0
0
0
0
0
211
0
0
0
0
0
0
0
0
0
0
0
0
0
0
0
1
1
2
0
0
3
0
0
0
0
0
0
0
0
0
0
0
0
0
0
0
0
0
4
0
4
0
0
0
0
0
0
0
0
0
0
0
0
0
0
1
0
0
0
0
0
17
0
0
35
0
0
0
0
0
0
0
0
171
419
0
1
2
0
0
34
0
0
84
0
0
0
1
0
0
1
0
0
0
0
0
0
0
206
0
0
0
0
0
0
1
0
188
0
0
9
44
14
0
0
0
0
0
15
0
0
0
0
0
30
0
0
0
0
0
0
513
0
0
0
0
0
0
18
0
0
0
0
0
3
0
0
0
0
1
0
0
194
15
37
0
1
0
0
0
228
0
1
0
0
0
0
2
268
0
0
0
0
0
628
1
1
337
60
0
0
0
0
1
0
8
0
0
0
0
0
0
0
0
0
423
0
0
0
0
0
0
164
0
0
0
0
0
0
3
0
0
33
0
213
0
3
0
244
0
0
0
0
0
0
34
196
0
0
1
0
0
0
0
0
9
0
0
2
0
1
19
1
0
0
0
1
0
1
0
0
0
0
0
0
2079
28
83
0
30
0
0
49
8
0
15
7
2
589
16
2
0
4
2
0
1
0
0
0
0
1
0
2
205
4
0
192
0
694
77
165
0
0
0
0
0
20
0
0
333
7
0
99
7
82
1
0
200
166
79
728
2
0
0
129
6
0
6
15
1
0
8
0
38
107
0
99
0
1
0
60
0
3
0
0
113
0
0
0
663
0
31
0
0
6
1
0
77
1
162
33
304
0
28
0
1
0
0
1
205
17
78
19
39
0
10
0
35
0
5
226
6
0
0
93
0
79
5
858
81
0
0
0
84
2
2
3
2
0
0
0
2
197
0
168
3
828
0
0
0
0
0
13
29
0
0
0
2
0
0
1
0
115
110
13
0
0
523
0
1
2
0
0
34
0
0
552
0
17
0
0
0
0
14
95
0
0
156
0
21
0
71
0
3
0
83
0
0
9
0
0
521
122
0
4
0
11
1
0
18
0
0
1
0
0
650
0
0
2
1
0
2
0
1
10
0
0
445
486
0
3
272
0
242
0
41
4
49
0
31
0
0
3
280
1
91
0
0
4
377
0
0
0
25
5
53
0
3
0
0
0
0
0
0
311
0
0
0
1
0
0
0
0
1
76
0
0
0
0
0
0
2
0
2311
14
487
0
0
0
0
28
40
0
209
2
0
0
18
0
0
48
0
2694
36
532
0
0
111
45
62
6
2
0
1682
0
234
285
300
0
93
0
48
923
369
0
0
5
0
741
0
1267
0
2
0
4
2
78
10
1
0
0
0
97
4
16
20
10
108
219
2
554
0
3
0
207
60
2
0
191
54
0
536
0
32
34
0
6
2
110
0
0
0
1
1
349
0
0
4
1234
0
0
12
50
0
61
163
17
13
0
66
123
0
0
2
0
0
4
0
1
0
0
3
2
18
0
0
0
518
67
27
0
58
0
0
0
683
0
0
68
0
13
0
0
122
59
2
50
0
0
0
0
211
2
17
0
0
0
0
0
0
1
16
0
169
93
7
0
8
202
142
0
0
61
20
62
3
10
0
159
3
0
51
0
0
0
44
696
2
35
0
16
800
60
24
7
49
0
3417
10
0
12
0
6
519
0
0
65
76
240
0
94
388
4
0
17
15
37
2
236
2
0
0
1
0
0
8
74
0
0
158
0
50
11
0
53
0
0
0
0
0
86
0
47
122
0
0
0
0
0
0
0
503
16
647
607
332
12
0
21
10
0
17
0
0
0
918
954
0
236
0
0
0
699
0
0
92
5
0
0
21
0
8
1
8
0
134
0
29
1
13
0
0
91
0
0
66
2
83
570
38
0
0
27
245
235
1
0
0
0
0
0
454
29
0
561
0
0
0
48
5
416
5
0
6
0
80
18
91
380
3
0
0
0
0
50
0
0
0
0
2
0
28
0
750
0
38
169
0
0
0
0
46
233
0
0
0
0
21
0
13
214
1
0
0
0
21
3
40
0
28
0
0
0
87
22
0
0
1
1
975
0
0
88
0
0
0
0
33
0
67
39
0
0
0
0
1
130
0
0
2
0
222
15
0
36
0
21
2
51
31
0
75
0
0
0
0
82
0
2
308
0
4
4
0
0
2
85
0
90
26
4
0
0
177
10
0
3
0
322
170
2
0
0
0
0
0
224
10
0
2
8
1
0
0
0
0
0
117
0
6
0
0
0
2
0
1196
1
69
0
0
0
16
0
0
0
0
979
0
0
0
36
0
106
0
1
0
0
151
0
0
2
0
0
0
3
0
88
0
5
0
401
0
9
9
0
79
0
1132
0
0
0
0
1304
89
0
88
48
0
0
3
7
193
0
50
11
1
0
0
0
0
17
4
13
791
176
67
0
0
17
0
14
0
0
223
645
0
63
0
0
0
3
0
3
194
0
1
34
0
255
39
46
0
0
186
224
6
61
0
366
0
39
0
0
0
0
0
2
175
368
49
14
6
0
0
0
0
148
39
0
1
0
394
2
0
38
0
0
152
31
0
263
21
0
473
3
1
29
1
0
0
0
0
917
0
3
0
8
3
0
0
43
0
0
367
0
0
0
1
0
0
32
0
64
51
13
2
0
3
0
0
0
412
130
0
11
26
143
0
35
3
0
0
1
0
0
0
0
5
0
2
0
0
19
0
0
112
2
13
0
1
13
0
0
0
0
0
5
0
0
0
17
0
15
20
9
0
0
1
0
0
2
0
118
6
0
0
2
0
2
0
0
0
11
123
0
0
3
3
609
0
1
30
69
7
40
0
0
0
0
1
0
0
2
2
7
0
10
29
0
0
0
16
0
211
0
1
0
362
29
2
0
0
42
8
0
0
31
633
0
59
0
112
25
1612
200
496
1
10
313
13
0
431
0
0
8
35
0
2
26
0
0
99
0
7
0
11
0
0
20
0
0
0
0
15
0
0
0
0
0
63
164
56
6
0
0
17
88
0
74
153
0
0
0
0
12
0
0
68
2
62
1
0
29
52
289
8
3
2
1
0
0
30
19
1983
0
19
15
10
0
0
0
0
0
29
429
0
0
0
0
0
2
41
95
3
21
0
263
150
0
0
0
197
2922
0
247
0
0
17
228
33
0
3
21
0
1
8
29
0
0
8
0
0
0
0
5
239
173
352
0
0
125
3
3
0
6
1
0
54
0
0
0
3
57
24
0
5
0
0
3
296
0
0
0
8
0
3
381
0
0
213
324
1073
488
2
0
110
1
21
0
6
0
202
5
0
0
0
0
8
0
18
0
0
0
42
3
176
0
10
0
25
13
1
806
0
1031
0
0
2
93
35
45
2
1018
0
0
36
54
394
41
4
493
49
19
0
45
18
394
4
0
0
0
0
6
746
0
104
0
48
42
2
0
21
140
0
106
7
553
322
11
7
0
38
0
0
6
0
282
286
300
21
66
0
114
1
85
0
0
194
69
0
0
1
218
0
0
0
43
5
97
0
1041
0
1
6
1
10
53
0
178
37
19
2
269
113
86
12
7
0
242
0
0
0
144
0
0
35
6
0
0
135
0
0
5
0
0
0
32
984
23
2
581
248
0
571
0
0
0
1
0
364
54
0
169
11
0
0
0
0
0
63
22
39
0
83
0
0
0
2
4
0
292
0
2
874
0
0
0
15
0
1
0
39
28
2
0
0
0
118
0
0
374
2
2
0
0
0
0
43
0
74
0
3
43
0
22
5
7
0
486
41
254
0
0
573
118
2
82
16
0
0
0
0
49
5
7
0
0
1
0
23
3
105
0
103
4
26
18
18
1
21
0
0
1
0
12
26
21
86
927
558
24
92
0
2
0
17
0
284
0
0
1
0
770
7
6
254
65
514
367
0
0
5
0
91
0
12
0
0
203
24
6
0
134
13
0
4
0
80
51
102
0
0
0
0
35
0
0
0
253
34
2
8
49
0
80
2
30
8
1
0
32
0
0
202
236
0
12
0
116
3
0
0
1
0
209
0
0
4
0
0
0
0
0
0
0
0
0
0
6
461
161
137
2
0
0
0
74
50
0
0
0
0
0
91
82
0
0
1
23
0
0
0
0
15
6
0
0
0
0
4
0
0
13
0
1
18
18
10
7
0
1
21
65
5
0
17
0
192
0
0
0
0
0
143
0
153
4
127
1
95
13
0
557
275
285
0
0
24
0
2
0
49
0
6
12
3
1
11
28
15
2
5
241
0
42
0
29
923
0
0
0
29
1
18
57
13
51
34
35
15
0
9
15
0
357
3
1
0
11
0
0
2
0
0
44
13
82
2
6
0
0
0
10
25
6
158
2
0
501
0
485
0
0
10
770
0
0
13
0
0
0
28
0
0
168
0
0
0
0
0
22
0
0
0
0
0
1857
3
31
0
0
0
7
117
21
84
144
110
1090
90
0
41
0
258
29
0
308
0
90
0
53
0
121
0
77
0
0
0
0
0
7
0
3
1
142
0
0
0
0
146
23
12
244
0
0
0
229
0
0
0
3
17
0
82
1593
0
310
0
0
22
49
15
0
0
15
1
0
0
0
225
1
0
0
55
0
0
0
0
0
1
5
99
58
64
0
2
472
0
0
4
5
3
636
0
0
1
84
0
249
133
9
0
5
0
0
0
2
0
0
341
50
374
0
115
0
1
4
1036
7
23
0
0
14
0
6
0
0
0
0
320
0
2
56
1
0
0
0
0
4
0
0
132
1
0
19
0
724
0
0
0
1
274
0
136
34
0
0
10
0
0
0
511
0
0
0
0
0
0
2
0
0
22
0
0
0
3
0
182
6
0
80
0
21
15
0
40
0
0
0
0
0
34
0
1
0
0
0
5
0
3
29
0
369
0
0
773
0
0
0
39
4
0
0
338
9
110
0
7
66
0
0
0
0
2
0
3
53
3
6
0
0
0
0
0
0
0
0
0
1107
0
32
255
2
0
0
0
3
0
0
293
0
0
601
0
0
1
0
146
4
0
0
0
0
0
33
18
0
5
2
5
0
0
506
0
46
0
0
54
0
0
0
68
3
7
11
55
219
0
11
0
116
17
0
8
0
0
0
0
0
0
2
0
434
7
0
0
0
5
33
0
0
0
256
0
0
0
0
256
12
0
0
0
141
448
0
12
0
0
22
155
41
229
0
0
0
0
11
0
1
478
5
120
19
0
170
301
0
3
1
12
0
1
0
31
319
0
0
0
0
2
0
85
9
0
0
0
0
449
12
0
168
471
71
51
0
21
12
4
28
19
0
44
131
0
31
38
84
460
1
0
186
0
8
0
0
0
0
434
0
710
0
95
558
9
39
0
0
0
6
12
0
30
0
0
0
45
3158
0
429
136
6
0
19
0
81
0
1
0
0
0
0
495
4
0
0
0
0
0
48
0
28
41
0
1091
0
0
0
0
90
45
0
73
0
0
0
0
0
0
0
1
0
0
97
0
93
3
13
9
209
77
0
81
0
0
0
0
6
0
88
2
0
17
70
0
0
122
0
0
0
0
8
6
0
172
78
0
32
102
0
0
69
572
0
0
0
5
0
0
39
700
70
7
0
0
0
2
0
17
97
733
0
448
7
416
12
1
0
0
6
0
0
128
1001
0
0
0
0
2
201
348
34
5
1
2
0
15
206
0
6089
0
0
505
253
0
0
0
0
4
1
12
32
0
0
11
0
0
108
0
0
59
41
0
275
0
249
2
64
0
1
0
0
0
0
181
2078
0
347
0
184
15
116
507
0
0
0
0
60
210
0
31
230
5
0
3
5
221
225
0
0
0
52
0
0
0
1
0
0
0
23
0
0
3
0
10
0
0
0
720
0
0
0
331
2
4
0
78
0
0
10
1038
0
0
1
157
169
0
0
1
12
0
35
156
903
0
0
108
0
233
1
5818
0
2
246
0
0
0
0
0
0
0
5
0
95
0
426
294
0
36
5
39
0
108
0
127
621
2882
2
217
177
0
0
0
21
0
64
3
0
3
0
0
0
235
0
12
0
0
1
39
0
0
62
17
10
9
5
63
84
7
0
0
0
5
400
0
342
43
7
0
0
0
447
0
0
176
0
0
0
0
1127
0
51
0
0
98
0
0
0
0
71
0
11
0
249
0
0
23
0
16
1
0
11
116
1
0
138
204
0
4
3
27
89
8
0
0
0
50
0
73
0
0
6
8
0
0
278
68
0
17
582
22
126
325
231
0
0
0
0
0
0
0
348
217
0
0
0
0
13
250
12
0
12
5
798
9
9
0
0
197
66
82
0
580
26
0
0
94
1
0
0
1
0
0
169
51
30
4
290
0
0
0
0
0
0
474
0
10
118
181
13
0
46
0
0
4
147
84
84
0
0
0
3
104
0
0
481
0
0
2
310
0
0
0
0
0
778
793
0
4
18
246
0
0
0
0
0
9
490
469
0
272
0
19
0
0
38
0
2
0
0
2
9
3
0
0
0
0
5
97
6
0
0
0
75
0
0
0
0
1
11
1228
49
0
0
178
0
142
100
4
1
30
19
0
1
0
0
189
20
0
5
122
453
0
0
0
0
1
0
0
0
0
0
5
0
65
0
797
0
0
0
436
0
0
92
0
13
0
0
0
0
0
276
182
0
534
0
0
42
0
3
0
0
0
0
37
0
0
2
0
0
0
910
53
2
68
0
0
0
5
0
62
46
0
10
442
1
0
0
174
0
0
1
4
3
660
1
2
236
2
2
0
0
1
0
0
0
0
16
7
0
0
0
0
0
0
0
0
0
0
1
175
0
0
7
0
1
8
0
0
2
79
19
13
0
436
0
2
958
0
24
0
1
33
0
0
0
23
10
0
18
754
0
76
0
0
106
2
0
155
0
359
0
0
2
16
429
0
0
0
0
0
48
145
11
0
0
0
37
317
458
0
34
3
0
12
4
1
2
11
13
0
1
22
25
0
0
0
127
0
0
1
5
16
0
168
0
0
12
19
885
25
23
59
0
2
140
1095
0
0
833
0
0
0
23
64
0
0
36
0
0
2
16
0
24
0
10
0
0
0
19
3
0
0
0
540
0
2
0
23
0
0
17
10
0
0
0
0
41
0
10
0
2
48
15
2
0
0
399
0
96
12
1
0
36
0
0
0
20
82
2
2
0
30
0
356
0
0
2
124
824
0
0
65
0
74
0
0
0
0
335
0
0
0
0
60
21
2
36
30
0
303
0
0
0
240
102
32
0
13
15
0
18
0
0
88
0
4
1
23
249
0
0
0
51
0
707
0
4
267
0
0
1
0
1
0
0
9
3
8
431
0
23
3
0
350
3
0
0
53
0
0
0
0
279
0
459
508
128
80
0
0
47
1547
0
1
1
33
0
0
1
0
118
0
105
6
0
133
485
3
0
0
1
12
0
209
2
0
67
0
0
361
1
5
0
24
466
2
0
1
84
0
0
44
186
0
0
0
0
203
301
12
5
0
0
0
2
0
9
0
0
28
0
0
3
14
18
758
260
0
5
61
0
0
0
0
0
1
0
0
0
955
6
94
0
2176
0
671
0
0
0
150
0
1
0
9
7
48
21
78
39
20
27
0
70
0
54
3
0
0
0
0
88
6
0
194
3
133
0
0
0
0
14
48
289
0
1
1
0
0
2105
0
96
48
74
33
70
16
10
0
147
29
0
131
2
0
0
0
46
0
0
0
0
35
0
0
0
13
3
0
9
0
215
1
0
0
7
0
0
2
0
489
0
0
5
49
0
14
49
0
1
0
87
0
0
0
181
0
0
3
377
31
27
53
0
0
273
0
0
273
0
0
0
131
0
2
3
46
0
0
0
0
0
197
27
419
52
0
0
0
0
245
0
29
0
201
114
0
286
5
210
59
27
3
60
0
0
22
226
0
697
0
11
0
70
0
0
0
0
361
0
0
0
11
0
1102
0
9
0
6
0
21
0
1
2
125
0
3
75
4
0
1
0
160
0
8
334
1
0
0
203
33
66
33
0
0
0
2
79
85
0
0
49
0
0
0
0
0
0
196
0
0
8
12
38
0
0
0
0
208
0
24
0
17
53
5
0
0
0
1
0
49
0
28
0
10
0
0
109
0
39
179
0
195
112
0
55
0
42
77
1
18
0
16
1
100
19
19
1
4
248
9
25
0
4
0
100
428
713
59
0
0
0
0
0
126
162
0
23
0
101
2
26
0
0
0
0
22
0
115
0
17
28
82
7
0
16
41
99
0
118
0
0
0
9
13
0
0
0
0
0
140
51
0
62
24
1311
11
179
0
11
10
0
0
0
0
17
0
0
0
0
0
5
67
4
0
0
11
9
97
0
66
11
375
24
0
988
23
103
0
0
0
0
6
0
446
0
70
25
2
0
8
5
1
0
24
0
25
0
0
0
66
71
576
20
7
12
0
3
14
13
0
1
90
0
0
27
174
0
0
1
441
0
529
5
0
0
12
103
11
2
89
40
0
4
0
0
0
365
2
36
739
292
0
72
0
0
111
32
512
206
0
0
0
16
2
100
82
89
21
4
0
1
1
100
688
0
5
30
15
0
0
0
0
86
0
578
599
343
0
0
350
0
594
0
0
4638
2
0
0
0
19
5
10
0
0
25
0
172
59
0
395
18
85
15
2
286
0
0
182
293
1
0
0
71
11
208
0
1
0
1
5
0
0
0
0
0
33
0
0
0
43
0
307
3
0
135
0
474
41
0
33
0
23
96
3
0
66
17
1650
0
0
0
375
281
0
0
54
8
0
563
27
94
0
1
0
0
3
87
6
0
14
0
1
0
5
0
2507
4
0
0
0
56
1
0
0
0
0
0
21
0
5
165
0
3
58
0
0
0
499
0
60
119
0
2
0
0
0
284
0
0
8
0
47
0
343
0
1
0
2250
27
46
0
0
0
34
57
31
0
2
0
20
0
7
267
27
719
0
0
0
313
15
0
142
191
0
130
0
1
0
0
0
8
51
19
2916
190
0
0
0
2
284
0
0
0
177
3
0
1083
10
0
4498
45
354
32
0
1
0
0
0
82
13
27
0
0
87
93
36
7
0
274
0
3
41
18
1
0
0
0
0
14
0
0
1
0
1
597
0
23
0
1
0
0
21
4
0
0
91
1
666
0
5
0
0
784
2
3
0
23
0
10
0
160
239
0
0
0
0
2
0
0
0
0
0
2
0
0
0
0
0
0
0
32
0
0
0
0
346
0
2
0
0
0
21
4
0
2
0
112
20
1
382
0
0
0
0
0
0
0
1
0
0
131
0
0
0
0
3
0
39
111
0
0
0
0
0
8
0
4
0
35
94
37
0
0
3
474
1
0
11
101
0
0
12
25
0
0
152
25
3
0
0
0
657
137
0
0
117
0
32
0
116
21
0
0
86
23
883
69
0
43
0
0
0
12
0
259
0
0
0
0
0
0
0
0
0
167
10
68
0
3
0
0
1
0
17
302
0
8
58
456
0
0
132
0
0
0
245
0
0
1
126
5
0
0
0
0
200
1
0
1
0
469
0
0
0
4
0
1
0
0
0
0
0
0
0
0
0
57
0
751
2
6
343
12
0
98
0
110
164
15
90
0
0
12
0
927
0
0
0
0
44
12
1
7
0
0
0
30
1
0
1
0
174
222
130
1
24
0
48
0
0
0
0
0
0
0
1287
3
5
18
0
0
0
0
0
0
51
0
0
227
23
223
94
1
32
2
0
0
37
0
544
0
0
181
0
0
0
0
0
0
1
0
217
0
0
0
0
0
705
0
3
0
0
479
0
0
3
20
0
0
44
0
0
0
78
52
0
0
6
259
0
0
2
0
289
42
259
0
17
6
3883
0
0
108
0
1
0
0
0
4
0
0
112
14
0
3
0
0
313
0
0
2
1014
0
137
27
42
0
0
125
1
0
16
0
187
253
0
41
0
0
0
0
0
0
1
6
173
0
0
0
0
1
0
0
118
6
238
0
0
0
11
9
560
0
14
0
0
0
0
2
0
3
0
0
540
80
0
0
0
0
2
0
39
187
0
285
0
0
0
14
0
1
9
0
0
0
0
105
0
69
51
0
84
21
2
564
0
0
19
0
41
0
190
0
68
25
0
0
0
12
0
0
0
0
5
0
0
0
0
22
4
42
688
0
245
0
358
0
407
0
0
6
2
16
373
3
155
42
13
0
2
33
0
0
0
0
58
19
58
1
9
0
0
0
0
0
4
0
0
44
0
0
477
0
2
2
0
0
0
0
0
0
26
1
27
3915
96
0
25
0
3
0
70
0
1
0
0
0
0
12
0
0
0
0
2
46
315
11
14
0
8
0
180
0
1
0
0
0
0
0
1
0
0
8
97
215
0
806
0
28
107
936
171
12
0
0
0
3
165
116
0
0
0
0
0
103
0
0
0
1
0
33
85
37
3336
0
0
25
153
312
0
0
4
1
81
0
106
0
536
0
0
30
0
0
0
8
0
166
0
225
22
111
0
223
1975
140
0
5
3
19
0
0
6
0
29
0
0
0
83
0
50
0
0
4
651
286
58
0
0
2
0
3
9
100
0
34
107
0
0
0
823
13
23
4
3
0
5
0
752
0
41
0
5
345
0
0
2642
3
97
2
213
0
3
5
1
0
1628
0
1112
0
0
0
513
0
2
0
148
0
81
737
0
7
0
4
1153
0
0
0
77
0
0
10
0
0
1
62
0
0
20
26
34
7
8
0
83
153
1
0
0
0
0
0
2
145
2
2628
0
0
3
1
0
0
0
13
0
0
0
995
0
705
0
0
422
0
0
0
0
24
95
0
0
13
0
228
0
0
0
64
6
154
0
252
0
0
0
0
0
0
0
39
0
0
73
0
31
0
958
0
0
3
87
6
0
70
0
0
6
0
53
15
0
2
0
1
0
223
16
6
0
0
1
0
0
0
0
0
112
201
0
99
239
28
0
83
0
117
0
29
0
7
0
0
0
0
19
0
0
2
15
2
28
285
0
0
0
35
90
5
17
1
538
8
25
0
0
0
0
0
14
9
454
0
2
0
0
45
0
0
10
0
38
8
0
0
0
13
1
0
1091
25
0
93
118
0
0
25
66
0
2268
679
57
77
27
433
67
0
0
43
0
30
400
0
59
0
0
3
13
0
0
0
0
0
0
46
0
0
0
1
3
0
0
0
0
0
0
137
0
14
0
46
0
0
0
0
0
0
0
0
0
211
0
1341
14
4
9
0
259
0
0
0
0
0
0
0
24
0
0
296
0
5
2
0
2
75
0
650
44
2
0
57
0
1
4
23
0
1
1
0
0
0
102
4
0
1
0
3
21
30
0
11
0
39
2
0
70
11
0
0
27
23
0
0
1
0
29
126
0
42
1
0
0
20
0
0
4
0
94
2
6
234
0
0
0
8
0
2
407
0
0
0
0
0
1
0
398
1105
0
22
0
0
46
236
1
0
2
1
44
165
0
178
373
0
0
4
0
0
91
0
0
11
4
1
0
80
0
21
0
422
0
0
0
0
194
1
0
2
0
0
0
0
269
42
0
0
51
1
83
0
0
433
0
0
66
5
156
110
1
3
58
0
0
2
60
30
4
1
0
19
22
100
0
0
0
0
0
0
0
0
0
107
0
0
4
66
0
0
38
0
199
53
25
0
0
0
0
5
0
373
2
125
0
16
0
0
198
0
0
0
0
198
0
14
6
82
3
1233
0
1
98
127
203
97
52
0
0
125
0
695
0
51
10
56
2
0
39
127
0
0
311
0
231
1
0
0
0
0
0
20
2
118
0
4
0
13
0
11
0
0
354
0
0
105
1
256
48
0
523
1279
0
0
0
0
0
742
110
0
1
0
0
0
0
0
0
369
33
0
0
0
0
586
0
45
3
0
18
11
0
0
0
102
0
49
80
6
0
4
201
0
186
0
28
1120
2142
4
77
0
0
7
41
7
0
274
33
56
0
0
21
102
10
0
142
0
0
116
0
6
0
0
10
0
7
0
0
0
5
38
0
3
0
32
0
12
0
93
0
126
3
8
119
0
2
134
7
0
0
13
104
1
1
0
0
0
55
1
0
7
0
0
1
0
0
18
26
218
19
4
0
0
2
0
0
0
946
0
0
4
0
477
0
1
2
19
0
0
2
0
103
0
10
0
0
0
10
17
2
0
0
493
95
0
0
0
0
0
0
6
86
30
0
659
0
61
106
0
0
26
0
9
8
2
0
0
0
0
5
0
14
0
31
46
0
0
45
91
3
3
0
0
0
6
52
0
0
0
0
74
1
1
18
109
0
159
0
14
24
0
262
0
0
0
203
7
10
0
0
0
0
25
2
208
0
515
77
0
53
64
13
224
0
33
108
6
0
0
251
16
0
170
1
0
199
0
7
0
1481
0
0
0
17
0
0
0
0
165
14
0
0
183
0
0
0
36
412
0
0
0
1
180
0
0
22
0
0
0
0
0
0
80
0
9
257
0
0
634
2
0
169
0
707
0
121
28
0
0
8
1
124
302
0
70
62
0
0
265
52
12
0
0
0
0
0
299
57
2
0
0
32
408
43
7
1208
1
0
0
0
12
864
0
108
109
0
4
220
9
469
40
2
0
73
170
0
0
0
0
0
0
0
61
448
121
1032
15
971
207
317
2
90
2
3
0
0
0
237
0
4
0
380
20
0
4
0
32
28
0
0
6
94
1314
214
24
0
0
3
50
3
0
0
1
0
0
23
0
292
69
0
0
0
30
33
2
0
2
0
4
0
8
131
0
19
57
32
0
19
0
0
190
5
1410
0
0
34
18
833
3
2
28
0
5
0
0
0
0
0
0
0
27
410
0
25
0
0
4
2
0
0
29
124
6
0
0
0
0
0
0
76
30
16
31
82
172
5
0
0
0
0
0
138
47
113
0
0
62
0
85
0
142
0
499
26
0
0
0
2
27
18
23
0
2120
8
0
0
1
1
2
14
329
0
0
0
0
22
203
1
0
39
4
407
0
598
590
1
71
152
45
1
48
16
76
0
281
712
128
9
311
0
0
0
170
5
0
0
0
297
223
1221
2634
0
124
0
472
0
0
0
0
0
0
0
22
0
0
0
2315
296
98
0
359
177
9
4
67
0
973
0
0
1
0
0
16
25
18
0
0
295
1
127
1
30
0
0
307
794
0
28
12
0
552
2
230
0
1
152
44
11
27
0
0
3
0
0
0
1
31
106
20
0
0
3
179
1078
0
3
1
22
3
96
4
684
0
0
92
3
0
0
0
3
0
311
0
0
0
2
112
0
0
0
434
0
126
119
120
96
1
0
156
0
0
2
37
0
53
0
10
0
846
1416
8
232
0
13
0
253
58
138
0
167
0
0
3
0
34
0
0
0
0
0
1
0
32
9
66
27
92
115
14
7423
333
32
0
75
0
0
0
0
0
0
25
0
0
0
0
74
70
12
1
4
11
9
0
77
24
205
0
4
12
14
2
20
0
1
0
0
2
81
0
13
0
0
255
0
0
0
12
0
510
685
0
0
0
218
1
31
197
48
356
165
0
106
1
104
3
0
2
0
96
0
108
1
0
182
0
0
0
0
0
0
0
5
417
15
33
220
0
4
5
0
288
1
0
0
0
21
0
0
46
4
0
0
136
51
173
0
0
404
1
0
329
0
0
0
0
0
0
0
3
59
1
0
0
4
0
118
0
0
0
0
1
0
0
5
1
162
4
0
5
1
9
0
33
0
0
0
0
0
7
0
341
3
0
156
0
0
25
0
0
0
255
0
0
217
0
0
0
0
0
1
212
7
42
1
232
61
2
0
11
0
0
0
0
0
0
16
0
0
0
27
0
0
72
32
32
0
9
263
619
0
0
3
0
475
0
0
0
38
67
1090
0
0
45
0
0
7
15
8
19
0
0
0
0
0
146
4
0
526
0
118
0
435
0
8
44
2
50
471
0
824
9
3
0
0
239
0
0
102
0
12
0
0
3
0
708
3
0
2
2
0
4
1
35
0
0
312
0
0
0
0
0
1
2
62
57
22
0
0
10
2829
439
0
19
0
0
0
5
0
0
0
7
29
19
31
44
2191
0
0
0
628
0
4
0
0
0
0
294
201
1
7
0
169
0
0
1
96
1
0
0
0
4
68
0
0
9
0
0
6
0
2
0
1
647
9
74
0
0
1
0
6
0
0
0
0
1
0
0
0
25
4
0
108
0
0
0
0
0
0
0
0
0
0
0
0
1242
0
0
0
45
0
47
65
37
0
2
12793
0
0
0
72
4
0
0
0
0
0
0
0
0
0
142
0
0
0
32
0
0
0
0
0
0
0
0
0
0
55
0
0
3
6
7
1882
10
33
0
4
0
0
2
0
0
2077
498
239
47
12
0
0
49
0
143
8
225
284
24
243
287
162
0
130
47
0
9
0
0
1
0
2
126
0
0
0
2
25
7
233
0
267
3
97
0
0
0
0
34
61
4
0
0
0
32
9
19
8
44
0
4
41
14
0
1
0
0
0
0
1
0
1
0
1
0
1
0
72
27
0
0
1
1179
0
0
2
2132
216
0
275
0
0
0
0
5
220
0
0
592
7
0
298
0
0
52
15
0
0
0
0
0
295
0
0
1
5
0
0
269
99
0
0
0
0
3
9
0
0
0
26
5
0
0
56
0
0
0
7
305
0
0
299
1
0
0
126
0
5
104
0
0
55
0
0
2
0
59
0
0
0
13
6
0
0
5
0
0
17
6
0
0
0
7
26
0
24
0
0
0
0
748
0
815
0
0
7
1
0
0
0
0
116
335
0
0
0
17
0
142
0
0
0
40
52
2
1
0
238
0
0
138
39
0
0
2
0
0
1229
0
0
0
794
0
0
8
34
0
76
830
0
0
0
6
0
0
0
0
0
0
0
67
37
0
0
0
0
0
0
0
1
0
0
408
0
62
0
10
0
0
0
0
0
0
0
0
0
0
0
0
2
0
0
0
0
0
0
157
0
63
0
0
0
79
0
0
0
921
0
1504
0
488
0
0
0
0
0
19
0
1
1
0
0
0
0
0
9
0
0
0
0
630
11
0
0
169
0
0
0
0
0
0
0
5
2
0
37
0
222
55
0
0
0
15
0
37
2
0
5
63
0
0
0
4
0
0
0
0
0
0
0
0
0
0
0
1
0
12
199
34
0
0
0
0
2
0
0
0
628
0
1
0
14
24
0
5
0
0
0
0
0
39
2
0
0
0
0
663
111
0
176
0
0
0
0
0
2
0
0
22
348
14
74
0
0
0
676
542
0
6
194
0
2
0
0
0
0
676
1
0
0
0
8
703
0
271
5
0
5
0
491
0
0
0
0
0
330
0
0
0
0
0
0
16
0
1
0
292
79
0
0
0
1322
1
8
157
0
855
0
0
1
0
0
0
0
28
0
0
0
0
0
0
0
0
0
93
1
83
0
24
396
2
548
0
12
0
1
0
14
0
0
5733
0
0
0
0
0
0
0
1
0
43
0
0
1
0
0
391
0
355
0
0
22
0
356
128
0
287
0
0
450
0
8
0
0
0
0
707
0
0
0
0
0
0
1136
42
0
4
6
0
0
0
0
0
65
1
30
0
8
9
0
225
2
3
207
0
0
0
0
1
0
0
0
12
189
4
0
1
0
0
0
0
0
0
0
147
0
0
0
0
186
2
0
0
1
0
255
0
0
0
0
0
0
0
0
0
0
0
4
0
3
292
2633
93
0
0
0
0
220
0
0
0
0
0
0
0
0
0
67
0
130
22
0
0
109
0
0
0
0
1255
0
0
138
0
0
9
72
0
0
53
1
12
0
2
485
244
27
1
1
24
0
30
0
35
0
8
0
97
0
478
0
0
314
2
266
165
23
0
1
0
226
3
0
175
20
0
306
0
0
0
40
0
317
0
0
0
0
0
890
1338
654
7
0
0
0
0
0
651
93
131
0
211
3
0
1
11
106
0
0
40
0
5
16
39
0
8
61
5
0
1
0
97
2
101
520
66
74
175
0
0
0
205
0
126
0
0
47
0
20
0
0
56
4
0
1
1
3
12
0
27
1054
0
0
1423
5
0
70
2045
0
35
50
0
0
0
6
4
0
0
0
0
0
0
1
26
26
12852
277
0
457
0
90
629
28
0
38
0
0
0
2
0
73
9
88
12
1
0
50
239
343
1
0
523
3
37
0
82
0
65
85
100
9
0
56
0
120
0
0
0
0
74
0
14
21
317
34
0
8
256
21
112
194
56
0
0
112
718
4313
0
1
5565
68
490
0
6
0
0
202
233
0
55
15
308
0
0
0
435
0
174
0
0
1855
6
120
1811
0
0
2
628
0
11
69
176
50
199
457
0
1
189
62
22
0
240
15
0
90
500
0
1
4
257
0
0
0
2
0
0
9
0
0
10
363
12
414
78
341
680
0
14
90
2
28
2
616
0
95
1
136
0
3
0
72
0
1157
458
2581
0
2
62
92
0
86
137
0
0
0
24
0
944
3
119
0
50
353
13
0
0
6
92
0
0
1
127
0
96
0
0
5
1
28
23
0
236
0
468
30
0
133
31
0
780
0
632
0
153
0
0
1
6
146
131
17
0
0
739
0
443
0
0
201
245
14
0
1
165
101
0
197
0
12
0
116
60
0
0
3449
0
0
373
8
96
35
222
7
2
21
20
4
200
0
26
31
0
85
744
120
51
3
407
56
2
736
11
0
74
0
1
17
16
1
0
104
65
750
27
4
0
0
0
321
96
238
137
501
3
27
0
0
0
47
259
31
0
4
26
39
0
3
24
171
774
0
4
226
0
139
15
44
20
0
0
7
13
286
0
0
82
0
6
178
37
0
40
0
109
14
25
0
0
29
15
296
0
0
0
0
3
15
19
287
12
0
0
4
1
0
0
145
1660
6
0
0
0
48
768
49
142
1292
320
10
1
0
32
1
0
278
10
119
75
21
31
7
0
17
319
24
0
26
2
0
272
0
9484
2
37
28
0
0
128
1
0
0
31
0
5
73
11
0
200
0
2
11
2
4
319
0
0
42
271
0
0
34
41
0
0
312
499
0
1
25
0
0
2
818
12
9
2
7
0
0
0
71
54
239
0
62
0
1
6
2800
0
0
0
13
790
12
0
0
0
8
91
0
108
82
0
4
575
577
1
0
17
15
0
1
21
0
1168
48
397
1086
0
1
0
684
0
0
0
33
12
0
57
0
1
130
0
0
9
96
92
134
254
52
0
0
1
0
45
0
0
339
64
0
122
0
3
0
449
348
516
355
4
200
22
3
776
0
1
0
20
0
140
154
88
23
291
14
0
149
0
0
32
0
1177
0
5
85
218
57
129
9
0
2937
1
0
0
15
0
0
1224
0
90
326
343
0
105
0
60
26
0
39
9
111
5939
0
0
0
873
0
227
21
108
0
16
67
3
56
2
6
0
0
0
715
0
77
0
0
0
3
76
196
302
0
2
0
0
0
0
5
0
0
556
537
0
0
8
0
1
120
0
0
10
0
0
0
42
14
468
125
1
23
0
13
112
255
9
6
0
54
0
0
3
12
2140
7
2
0
225
3
0
325
0
69
0
2396
289
1
12
0
0
359
0
0
0
24
33
73
0
0
142
154
28
0
97
184
0
0
0
3168
13
3
96
170
5
75
0
76
0
83
4
1
0
0
80
88
0
405
190
0
10
0
0
0
179
405
2
46
0
0
122
123
10
0
129
3
88
116
65
0
6
18
0
4
6
3
0
0
1954
33
3
0
0
0
0
1058
141
189
66
0
1
37
33
21
146
9
1
4
0
0
0
0
313
0
0
8
11
46
74
642
2
0
304
0
1533
4
225
0
64
0
55
10
144
0
188
19
148
1
12
0
768
220
43
0
750
309
0
345
0
14
0
0
0
0
441
59
0
400
0
1
71
0
0
0
625
55
0
3
0
62
297
38
0
0
0
29
0
0
8
132
3
2
0
5
2
68
0
0
0
331
5
2
0
1101
0
23
12
9
0
0
15
392
0
0
368
0
0
0
0
0
32
12
3
0
44
0
0
16
0
0
8
4
0
1
75
46
612
1
2
0
12
11
0
6
0
0
0
4
7
0
19
10
0
0
3
0
1
0
0
21
0
3
26
0
0
60
0
0
7
0
29
0
8
4
2
22
25
0
0
1
0
6
1866
0
0
0
0
12
14
66
10
0
0
76
112
0
987
180
3
89
1
76
2
178
2
14
77
2697
12
0
0
38
0
0
711
8
211
0
2
37
0
42
160
0
308
14
80
5
0
59
113
30
0
0
47
1387
10
3
46
14
0
727
3
631
2290
0
0
99
30
0
9
22
347
8
26
54
575
7
92
24
1
108
231
203
5
0
0
649
3
0
0
0
2
4
0
0
2
0
29
53
12
196
23
55
0
4
72
57
67
0
0
14
460
11
111
0
34
4
0
3
375
1
96
4
0
0
1
731
0
0
481
1
5
28
0
0
42
7
1349
0
500
4
153
295
42
0
0
0
2
0
1520
0
0
5
1
543
1
0
835
199
4
0
73
1
21
211
42
12
29
174
0
4
323
16
0
0
6
0
0
34
133
0
71
84
0
0
247
1842
17
2019
0
18
0
554
7
154
1
2
32
27
9
1
0
0
0
30
0
41
16
94
0
346
107
289
644
161
588
2
0
1435
0
0
0
1
258
322
0
0
0
0
0
0
3
0
0
0
0
0
0
12
42
96
136
72
1
4
1
124
0
0
3
0
9
0
48
0
124
0
6
0
1
5
0
19
279
14
0
0
0
1
1195
185
0
0
0
0
111
0
6
0
380
0
0
75
319
0
790
28
0
8
0
87
0
17
0
0
0
0
8
73
43
0
0
18
8
0
227
0
57
0
1
0
2
476
5
0
14
0
0
32
0
149
61
455
0
0
0
58
451
0
14
0
0
0
0
77
0
2
214
0
2
0
0
1
113
0
1
154
194
52
0
95
98
187
0
2
3
608
10
201
0
0
0
0
7
131
117
486
0
1
0
0
13
0
0
1
0
1
0
1
0
294
26
0
3
37
239
0
8
11
1
0
3
140
0
112
0
111
86
0
11
2
0
0
0
0
17
0
0
13
50
59
0
0
20
170
12
22
0
44
1
0
0
0
0
0
0
27
0
3
8
0
2
0
39
0
3
11
0
1
50
0
23
0
13
0
209
3
0
410
0
2
40
0
12
0
2
0
0
0
2
2
5
0
13
71
0
0
0
43
123
83
221
3
0
32
0
25
0
1692
0
99
103
768
0
0
1752
370
0
0
0
478
0
0
6
31
0
0
0
25
0
79
0
12
389
55
479
0
5
3834
136
0
12
0
10
34
3
0
490
0
637
0
0
245
0
36
0
5
335
0
0
67
1
291
1
4
13
120
8
14
0
0
414
112
3
0
233
1
210
1
77
21
284
4
0
0
0
0
0
0
284
0
0
287
248
0
5
679
0
1
0
0
0
0
0
305
3
378
10
181
1078
8
156
0
174
0
10
609
0
0
10
18
2
0
79
0
31
0
0
1
561
0
3420
0
475
51
0
430
3
0
194
0
224
1145
0
22
166
256
65
49
2
0
0
17
180
0
6
0
18
265
8
0
0
0
7
431
1
39
1345
34
325
62
13
902
45
12
6
93
464
0
0
349
542
68
0
587
218
63
0
0
4
1
1117
1158
290
12
172
0
42
11
0
0
489
4
25
0
269
50
0
26
4
11
380
80
27
104
0
4
87
6
1
0
0
121
0
38
320
12
0
0
2
21
360
0
26
0
3
423
0
403
36
6
0
0
1106
0
221
425
10
0
68
548
122
294
81
1
4
0
682
0
1030
16
0
3
0
0
978
0
1016
60
1579
40
465
170
110
0
192
0
0
0
0
13
105
139
110
0
15
23
26
493
0
0
370
20
0
0
102
175
64
171
0
0
5
2238
0
5
7
4
14
0
305
236
6
43
100
0
103
15
0
0
2
30
184
0
0
0
0
58
0
1
6
31
0
496
0
13
0
0
1
0
25
0
102
2
1
0
55
0
41
0
0
42
14
6
77
17
516
0
3
0
0
153
156
25
455
12
0
0
211
0
20
0
328
114
0
0
152
60
0
127
79
272
1
114
0
0
0
0
0
8
158
598
40
15
3
216
400
3
41
0
14
18
300
197
480
379
959
0
334
277
2
3
0
52
45
0
145
0
102
194
102
0
68
0
151
499
739
408
0
693
1075
0
3
0
0
223
0
0
0
79
9
0
0
0
0
0
3
6
0
33
2177
103
104
2
25
1271
9
1732
0
0
174
0
6
0
2
0
342
29
5
254
2193
0
57
2
0
191
304
0
0
11
0
0
31
0
58
0
62
18
284
10
0
9
637
84
1
0
121
6
0
0
0
0
64
0
3
0
0
0
523
450
49
135
49
0
12
0
0
31
23
373
17
373
239
0
101
40
48
39
0
36
0
0
0
35
0
357
23
31
13
57
27
25
0
0
0
0
0
0
25
53
763
0
1
0
0
0
0
0
0
30
12
76
0
566
3
167
68
0
0
53
1286
23
119
53
1
0
2
0
63
22
7
0
919
0
825
149
6
0
181
25
92
13
2
0
136
22
170
493
0
0
0
710
0
0
0
1
110
0
11
73
0
0
7
0
277
47
0
417
0
2347
1
30
335
11
0
375
0
0
0
148
0
0
0
0
152
0
455
94
1
118
4
1
38
641
165
44
0
0
3
23
0
0
0
14
232
1
4
0
3
32
0
0
145
78
12
0
31
0
27
0
0
5
1
1404
0
17
0
1
0
16
0
35
0
584
2
0
105
7
236
0
2
0
153
0
58
0
25
92
0
1499
66
6
5
0
0
0
0
0
60
261
41
0
21
0
0
11
170
0
19
9
0
0
16
0
94
510
2253
19
154
1
9
14
0
63
0
5
8
2208
0
71
195
0
2028
0
0
2
62
0
152
17
0
11
1
3
86
8
0
8
1
39
0
0
0
57
0
0
0
0
582
228
4
415
206
1
623
0
0
0
58
130
3
14
71
0
30
3
74
153
170
1003
0
0
0
0
10
820
270
8
161
839
52
105
0
1586
214
19
0
0
793
55
827
2
0
1
0
63
0
1132
8
158
331
0
3
371
47
0
8
88
1108
0
0
15
31
0
3
301
1
8
2
18
0
518
67
0
0
130
6
2
0
0
0
62
1
0
98
52
33
0
755
0
0
91
54
1
4
0
7
0
1004
0
986
0
80
0
254
50
176
0
31
0
0
0
1
0
0
0
0
7
76
0
1034
0
55
0
5
125
73
0
10
0
183
32
22
92
0
0
0
131
401
0
0
38
0
6
0
0
0
849
0
109
672
1
31
45
339
0
0
0
0
190
7
11
0
7
0
0
0
0
0
5
117
83
10
0
30
10
1
7
0
12
40
2
1
3
89
56
53
0
0
96
0
0
0
38
0
0
36
16
32
85
0
1
0
226
0
0
0
0
3
74
16
5
0
358
24
282
8
445
13
11
11
6
42
307
0
0
1
0
383
108
30
91
355
0
39
246
0
0
0
0
167
1
20
31
0
0
517
0
37
1
12
2
56
116
0
910
0
354
26
0
2335
13
181
0
298
0
0
866
180
14
0
29
82
1
30
10
0
98
86
2960
53
0
0
0
0
7
952
3082
22
41
1
660
0
335
194
0
0
683
0
58
6
24
424
75
308
64
270
4
2
49
664
35
0
0
0
0
4
179
0
36
22
0
19
1
187
55
253
158
9
38
0
135
1
150
2948
62
0
560
114
49
21
0
32
11
416
9
0
3
7
0
0
0
382
0
10
0
4
75
8
0
0
25
0
143
0
20
0
324
0
297
0
228
0
0
4
11
0
6
0
343
5311
77
111
23
758
0
809
3
290
1247
8
107
0
37
56
37
0
58
0
31
0
1
8
34
634
10
3
0
0
0
334
52
133
0
40
1312
691
5
0
0
0
45
170
2
103
1
177
118
113
31
236
32
37
0
0
462
0
0
0
0
24
0
0
0
79
0
0
20
618
0
0
0
319
487
239
17
289
33
1061
0
102
5
0
17
43
4
24
0
18
262
4
0
0
318
0
1038
2
38
0
0
2400
0
0
15
4
0
6
0
96
182
137
0
25
0
0
68
86
2
1397
1313
0
344
134
2
0
0
111
343
44
0
0
0
89
3
1884
21
165
108
8
99
0
419
20
31
113
3
11
0
9
1284
0
15
0
0
18
1978
73
17
191
1
0
1
0
4
0
98
308
0
10
37
0
0
0
2
277
0
5
37
63
203
0
0
10
5
15
1074
73
0
57
33
0
32
0
0
0
488
88
7
266
2
684
35
0
316
246
0
0
9
467
0
162
0
0
0
0
485
0
1
29
0
0
0
0
1
14
110
52
354
0
0
0
134
0
0
5
190
0
0
0
0
0
0
432
0
0
0
0
18
0
0
0
0
950
3
28
0
43
0
0
0
490
0
0
741
0
0
0
313
30
628
12
0
0
58
165
34
0
68
395
0
0
0
51
0
0
8
8
3171
0
9
84
60
0
0
0
12
3
128
17
69
361
542
0
0
483
255
0
1
0
27
246
0
140
0
84
151
8
92
5
0
16
7
6
1
162
0
4
0
1
90
46
29
186
0
125
1036
26
0
187
0
135
0
413
33
224
0
0
55
841
0
57
7
2
0
286
0
0
0
41
254
2
0
60
56
328
12
7
6
195
0
14
524
204
0
0
0
152
94
707
142
0
34
4
14
0
0
0
4
0
0
0
0
132
20
0
0
2
861
44
0
20
7
6
0
607
9
0
4
0
148
1106
54
1478
0
0
0
0
0
289
0
0
26
13
333
0
0
33
0
0
0
297
304
0
0
713
0
7
0
2
4
0
11
0
0
3
0
4
15
101
2
104
105
0
20
0
0
0
116
0
220
498
0
81
11
32
4
11
0
138
0
81
27
1
186
15
0
30
0
2
52
93
1
0
126
0
0
0
132
0
1
0
1333
149
28
360
0
0
0
3
271
67
23
170
0
0
1
1
0
0
226
534
0
662
7
159
1
16
3
0
193
72
2
0
5
108
20
18
0
40
270
100
7
327
169
0
0
3
9
134
882
513
0
8
427
0
397
0
0
0
9
253
25
350
0
0
0
0
0
0
33
1
0
0
159
1
0
0
37
0
0
119
0
0
0
2155
0
65
174
0
279
1
8
0
0
76
0
11
2
108
69
482
0
210
0
87
0
0
0
0
0
0
38
0
2
0
41
0
0
0
16
0
374
105
1553
0
22
13
139
4
1131
0
9
0
0
0
177
0
101
0
1
135
0
37
1
0
0
2
397
177
104
32
91
29
0
1
3
0
51
2
5
132
101
26
0
4
0
7
95
107
24
375
6
128
0
18
90
0
1145
0
116
0
0
563
3
86
39
455
0
14
0
38
20
1915
80
4
24
0
0
0
0
0
54
299
85
1
478
210
160
0
402
86
60
81
0
10924
7
58
13
201
295
83
2950
0
268
19
25
23
35
0
360
15
0
212
36
2
266
57
0
285
0
0
12
911
0
34
43
29
52
9
2
0
0
4
0
0
146
39
152
2
730
0
0
0
1
56
478
15
33
1860
2
6588
0
3
67
0
2
0
7
0
0
0
250
223
9
0
48
221
788
0
59
169
272
0
227
0
0
2084
20
0
0
0
0
5
0
0
119
0
2
44
1786
32
318
32
0
460
740
1116
119
62
0
161
507
2
0
21
27
1080
0
0
544
17
0
0
0
0
1
95
7
762
0
3
71
1
10
3
2063
146
2
0
0
0
193
10
0
0
41
0
0
0
38
67
1026
48
241
472
0
0
0
161
0
0
2
8
1
176
0
0
384
101
55
0
513
547
53
83
26
3162
4
0
0
2
1629
0
0
0
16
0
2
0
1
15
90
8
0
7
0
450
8
0
138
1027
0
864
27
48
14
0
0
3
68
16
11
0
9
0
0
32
0
2
0
121
278
33
0
100
490
0
0
201
42
0
81
413
16
5
25
0
0
0
0
146
617
0
0
4
339
28
0
399
0
2736
42
0
0
339
0
2
87
40
0
219
21
63
1266
95
0
0
23
0
7
0
0
57
1
0
218
0
1
0
179
0
55
5
0
3
0
34
11
69
54
0
0
146
0
73
0
0
0
5
2239
8
3
11
17
0
131
0
0
121
17
32
145
514
0
0
50
18
59
148
0
164
21
0
10
287
194
99
47
0
6
0
0
0
0
17
16
115
0
14
0
0
45
99
550
7
0
3
152
260
142
5
185
3
60
0
0
60
0
0
2
0
0
0
27
21
0
112
9
0
0
0
0
0
329
0
124
11
0
0
104
9
248
32
1308
82
110
0
3
153
7
0
0
4
0
60
0
16
12
0
0
3
46
548
1
0
0
0
488
0
0
77
0
300
145
0
517
0
21
1901
0
170
6
0
0
19
0
9
1
19
7
1
4
193
1211
138
56
618
0
17
112
433
9
942
103
0
7
187
584
40
2342
17
32
21
0
0
0
55
197
523
4
277
295
0
0
0
287
0
0
0
19
8
1556
21
0
0
12
380
73
6
8
0
3
0
113
0
796
404
9
13
187
0
89
0
7
0
2
900
506
1092
0
342
0
129
115
161
2
0
12
0
4
0
608
2
116
115
0
8
1759
68
96
55
251
5
0
11
37
2148
0
0
0
87
0
110
1208
75
0
121
5
271
1
22
0
361
256
6
0
8
196
452
0
3
0
21
25
0
0
29
0
0
1
0
0
160
0
2151
0
0
34
1996
0
36
4
1
6
0
83
0
13
10
447
6
0
266
115
120
70
0
4907
235
12
3
0
0
21
0
0
111
0
0
0
128
40
0
336
0
0
5
6
0
98
0
1118
5
53
681
143
469
0
143
0
142
0
425
7
359
0
0
0
0
8
447
30
0
0
554
23
246
0
319
134
140
122
29
11
0
13
0
10
0
0
0
190
0
0
425
0
3
44
833
42
0
0
1
22
0
0
0
57
797
16
0
540
100
107
0
0
0
117
7
0
85
292
0
0
0
245
2
6
18
0
1
66
26
2
1
62
1
225
0
146
7
0
5
0
0
71
0
9
0
73
103
0
0
450
0
257
0
154
2
0
9
12
84
118
317
0
0
1
67
0
0
38
2
321
130
4448
0
16
12
87
166
38
2
1
0
47
45
0
0
0
0
0
3
2
0
286
46
0
6978
1420
5
0
1
0
505
0
106
0
605
97
0
4
1139
295
0
0
8
288
21
0
0
47
30
0
203
1998
0
1034
0
0
328
615
169
30
0
0
0
715
1171
1
66
0
316
0
0
0
2276
469
1
0
0
847
112
16
213
0
0
3
3
12
63
676
0
187
0
0
0
0
4
0
35
35
0
23
0
30
0
0
73
13
14
0
228
0
18
0
60
0
6
1131
0
0
0
69
45
1
294
1379
1
115
34
5
270
38
0
0
61
4
13
534
0
13
0
0
0
3
51
131
285
0
1
118
248
88
40
0
136
50
332
9
0
131
26
27
0
20
17
74
163
0
184
5
25
4023
350
127
0
125
1
416
100
0
0
141
231
8
46
13
20
0
1
0
0
1
2
3
12
638
163
36
0
0
0
0
56
20
1688
0
0
0
0
0
0
54
1338
0
17
23
0
115
0
0
345
237
0
0
4
0
20
197
25
38
11
77
1
0
64
0
0
28
0
13
86
22
0
0
442
7
0
2
1
371
0
14
141
0
0
84
30
78
0
7
6
54
0
44
1
0
0
0
250
2
0
161
77
17
3
296
0
47
0
158
13
18
3
8
12
5
861
29
0
6
2
0
42
0
0
193
2
77
177
0
2702
27
24
274
3
16
0
0
172
25
80
1
68
3
0
95
778
1
111
7
17
137
33
0
0
110
0
0
0
216
1539
0
15
171
106
269
0
0
1
0
54
6
2169
0
47
0
1
407
44
17
114
8
56
0
71
0
0
13
1
0
0
211
129
7
10
1570
0
1
0
0
34
297
2
0
194
0
16
41
207
338
3
122
0
22
354
64
150
1
0
0
70
0
7
0
233
0
263
501
0
4
0
0
24
11
104
0
0
163
71
136
0
0
121
30
857
1
3
129
0
8
0
1
245
10
212
3
0
0
0
27
3
627
569
0
8
51
125
171
60
0
0
13
96
1
20
7
655
14
119
0
62
4
0
0
9
0
398
263
10
3
60
0
0
185
0
0
45
3
0
0
9
0
100
0
0
18
5
0
919
287
6
539
0
0
0
575
0
5
0
62
2
0
22
0
17
0
258
522
6
0
1808
0
0
0
62
421
3
116
18
0
0
0
0
674
57
12
10
0
47
0
0
0
1
0
86
17
0
0
0
0
0
0
2812
0
20
4
309
0
24
0
0
880
81
128
6347
90
0
356
0
7
13
21
84
0
268
0
651
0
0
288
0
109
0
0
12
433
43
0
0
32
203
411
427
21
0
0
119
0
0
0
24
8
10
0
8
0
6
44
24
216
102
0
0
3
21
146
54
2130
0
29
0
38
2
956
77
58
23
843
0
115
26
0
129
269
6
1
9
98
60
68
0
0
0
0
49
397
12
19
8
14
881
3
1
296
18
129
5
0
586
0
25
0
31
576
15
37
4
297
0
30
6006
8
0
0
120
0
138
141
4
104
167
742
621
0
0
59
0
4
20
320
22
8
0
28
292
4
0
28
1
0
0
3
0
0
5060
0
0
0
882
0
32
0
35
862
0
0
7
3
15
0
0
17
57
72
307
1
2
85
181
100
506
254
37
0
123
0
67
510
4
159
0
36
810
0
77
28
0
0
331
10
349
112
0
0
25
0
6
0
0
0
445
0
0
285
140
0
10
0
123
0
131
13
53
7
0
585
0
274
0
854
131
0
7
672
0
72
17
2
0
327
0
35
115
571
0
0
0
3
26
297
0
6
0
724
1
0
0
1
380
0
1822
0
6
90
0
0
0
173
0
26
0
146
0
0
72
0
39
0
9941
0
2
3
0
0
0
76
0
0
1
48
0
3
2
2
416
0
483
34
85
0
0
278
55
0
4
0
0
6
0
260
61
3
0
199
0
0
306
3
285
0
0
141
0
0
51
117
0
220
3
4
0
0
0
0
0
208
0
8
0
0
294
6
0
868
0
0
8
16
58
1
2
0
239
5
5
0
44
2
0
0
32
348
0
24
138
0
85
1
1
584
3884
0
0
0
0
203
0
140
5
13
0
0
3
4
261
21
20
2
0
268
0
8
95
42
81
4
0
34
0
3
148
1
0
107
1421
0
145
0
0
5
68
0
9
3
8
97
15
205
0
44
0
0
1
4
720
0
246
0
0
0
53
0
0
22
24
0
298
37
0
33
0
0
52
20
0
53
134
0
0
10
0
2
2
100
0
0
2
31
0
782
0
15
0
222
0
69
15
341
5
0
23
0
731
17
10
62
0
0
1
5
778
0
0
10
0
10
153
38
262
67
0
0
223
0
24
0
652
842
2864
0
23
17
345
178
0
7
0
125
18
48
1
82
108
917
132
378
114
1091
331
0
0
16
1
102
45
0
178
0
11
17
0
4193
0
8
2
14
71
0
0
326
0
41
4
9
0
0
0
243
0
14
0
0
0
5
8
13
0
382
9
61
0
673
1
3
5
2
118
0
11
0
21
72
0
409
86
0
24
1281
21
23
4
0
0
0
407
3
0
0
32
5
8
0
1
40
1109
276
0
0
0
0
182
0
0
0
0
0
0
13
20
2
0
0
276
7
0
1
2
352
828
304
605
1
4
105
0
0
0
119
862
167
12
5
40
0
1
12
125
0
1
0
0
1
0
0
0
0
0
0
1
6657
0
66
50
1
33
13
407
415
341
0
0
0
389
0
41
120
0
0
0
72
211
26
0
2
66
0
367
197
3
6
14
0
1
69
7
0
7
0
17
4
0
7
1025
71
2
246
31
16
213
1354
3
24
0
0
18
3
236
51
943
1240
0
1
6
12
152
0
22
0
104
69
11
200
11
199
0
0
93
0
1417
2
0
0
5
5
0
14
2
29
33
0
92
0
263
389
46
168
0
22
11
59
56
3086
574
0
0
323
0
41
0
1231
0
0
2355
0
0
4
0
0
9
2
0
315
0
1
570
0
0
0
10
0
5
10
0
0
306
0
107
134
7
0
0
726
16
4214
3
45
0
139
603
0
0
117
29
5
36
0
0
68
1
121
0
0
287
2857
12
30
138
871
0
4
2491
4
2
712
679
0
186
64
2072
0
0
0
421
10
91
1
0
491
0
48
0
0
0
3389
484
17
8
120
3
291
1198
22
0
2641
0
0
10
0
106
0
2
686
0
0
30
252
224
0
561
2
309
7
20
9
0
60
0
429
136
181
0
0
7
0
633
9
0
961
407
0
0
46
12
88
0
770
93
184
201
0
0
1554
352
81
96
0
0
303
287
365
0
0
165
82
0
0
0
0
130
1
14
7
948
194
0
0
6
1
20
484
42
0
120
10
0
34
146
1
51
636
0
0
57
72
70
3
59
0
273
14
36
0
108
2
0
0
19
164
0
866
124
0
4
180
61
71
108
13
40
3
208
0
45
16
0
11
0
0
0
0
6
0
2323
576
64
2
0
0
0
1865
63
63
20
26
2
595
0
0
0
0
344
120
214
26
0
88
257
212
0
27
24
0
7
0
0
0
1
26
896
180
0
6
132
29
95
0
0
4
9
71
2227
0
0
0
18
55
5
89
0
4
15
7
0
272
2794
1226
0
287
0
19
0
3
0
7
0
616
19
673
239
480
0
179
0
800
4
560
0
8
28
19
39
232
788
847
994
0
325
0
13
4
22
142
34
444
28
144
20
51
10
0
28
29
10
158
51
0
250
75
0
832
21
7
685
64
490
122
565
48
617
11
0
0
0
0
7
53
762
0
30
453
0
198
0
0
48
350
227
0
0
0
0
7
0
25
81
1541
0
11
323
533
0
645
82
0
206
2468
67
42
125
12
0
543
0
1843
124
43
91
43
0
4
0
1
20
0
0
4
18
0
0
0
37
0
16
0
0
12
117
0
0
0
11
0
24
3
0
539
0
0
0
302
15
0
1
84
532
0
142
0
478
105
42
58
824
346
7
37
0
0
0
52
206
19
8
3
0
6
0
1
0
3
0
74
130
9
0
2909
0
0
0
37
13
120
0
0
138
0
147
109
42
0
0
0
676
32
0
7
0
0
137
240
0
0
187
0
314
0
296
0
953
1065
1
0
12
427
0
15
47
0
175
175
11
557
81
0
0
8
0
62
194
402
0
1
0
2
51
0
2322
61
0
0
50
0
0
6
0
141
579
10
1020
283
1611
32
74
229
802
820
9
0
18
7
12
133
0
463
6
0
0
0
8
2
5
8
0
0
18
2
0
1
183
134
0
3
0
39
0
39
8
134
13
1
0
149
17
766
14
78
4
151
1
45
270
2
147
23
192
0
460
104
445
0
227
100
0
0
0
17
126
15
126
29
15
10
207
176
0
483
1209
177
0
0
290
4
0
391
0
81
0
71
0
0
0
1
30
12
8
0
897
252
16
8
331
11
0
202
230
0
0
1
70
2
28
26
0
3214
250
4
107
105
23
0
0
82
25
466
317
25
2
126
19
108
0
0
21
0
2
0
50
0
0
0
51
27
0
30
0
17
4
156
118
0
2
11
3
1665
78
0
0
111
0
0
5
46
387
146
0
0
380
7
0
0
0
208
720
19
0
157
0
0
21
50
27
47
0
682
341
206
0
0
9
19
0
7
47
129
24
0
0
20
0
0
2812
0
0
20
7
730
68
7
0
1
5141
1326
197
154
0
8
0
0
86
0
5
123
91
566
1062
3
1136
2
379
0
0
0
1
166
0
1
0
0
0
63
0
79
0
458
8
8
0
60
3
164
10
59
2
0
0
792
64
0
0
0
0
0
29
27
2
81
0
197
8
168
436
11
0
0
0
0
5
55
0
248
459
0
0
0
2732
2
0
3
11
154
5
26
4
27
74
0
3
137
10
0
15
0
53
764
0
24
610
1
2
0
97
0
0
5
57
0
0
202
0
9
0
0
284
1
20
0
0
0
2
0
1125
0
0
0
2
902
0
159
5
0
89
130
0
0
199
0
21
2
0
393
0
0
63
0
1
7
37
0
3
0
3403
3
7
0
0
25
0
195
35
2
4
86
46
14
82
36
0
0
0
0
230
92
0
0
0
0
119
55
61
17
0
7
249
1635
0
0
0
148
25
0
430
860
0
0
120
26
0
0
8
966
2
7
115
55
0
45
0
9
0
0
1
0
24
13
9
0
431
209
409
55
0
149
3
2155
0
3
0
2
164
30
1259
44
0
0
30
484
2
0
100
3
15
3
13
21
163
18
72
1
0
59
450
0
0
1000
14
939
1
0
2
0
91
5
590
0
26
0
0
1
0
1216
532
0
29
190
5
77
919
744
87
92
13
0
3
0
0
158
0
84
47
255
11
212
196
150
0
0
0
0
1
12
6
49
0
0
271
0
70
129
0
614
1
0
241
171
13
919
2405
12
20
11
152
0
459
0
0
0
536
0
0
66
0
2
1334
0
20
44
0
1055
0
0
0
1731
84
505
302
226
3
293
104
0
326
26
2
97
244
18
57
0
0
22
0
4
380
26
10
0
0
0
0
0
203
24
0
16
35
50
74
838
53
0
0
0
683
351
66
4
3430
0
0
60
0
3
2
54
0
64
0
12
2
0
6
429
15
94
223
31
0
0
6
9
0
105
340
9
820
0
0
2
1
3
0
3
40
835
0
21
30
22
0
7
0
93
14
92
20
3
6
286
0
92
253
0
0
352
236
6
0
2534
26
22
3
50
1
363
0
4
0
0
877
1
1
0
0
374
0
12
15
0
0
32
0
215
70
0
253
79
14
0
19
143
0
36
0
0
56
0
0
0
269
0
30
36
0
279
36
115
388
29
15
292
0
0
603
1
2
1
0
0
543
15
0
152
0
64
52
20
183
1
23
73
53
155
0
285
7
0
142
3
0
0
623
85
0
130
98
0
0
3
454
2
167
0
0
5
0
41
0
0
12
0
20
165
0
13
0
0
61
36
817
133
0
0
0
119
9
68
0
88
40
0
0
18
0
0
0
2
23
0
13
26
0
0
0
0
883
0
2
39
14
0
0
2
90
258
3198
0
0
89
15
3
20
325
60
0
20
91
27
19
0
10
0
15
59
259
0
0
42
6
0
0
18
12
0
0
0
14
0
0
0
9
9
51
172
0
56
161
40
2
0
150
4
0
125
0
0
254
0
0
144
0
720
0
118
6
6
8
0
2
0
11
0
0
0
0
2
8380
7
135
0
0
0
37
107
128
1894
0
4
13
2
0
106
110
0
1289
5
90
4
2
49
0
0
246
0
0
3
0
2
151
5
1126
0
0
1925
31
0
2155
0
0
286
364
15
0
2
674
0
199
949
5
11
0
1316
138
56
0
16
15
0
0
3
0
121
2419
366
0
1590
0
100
199
0
0
11
0
280
232
8
0
144
84
185
13
5
914
141
0
0
229
610
0
67
1
0
0
150
48
107
38
52
1
21
0
8
17
0
2
0
0
177
0
498
0
128
0
5
0
63
3126
0
125
1
29
18
6
21
82
18
8
39
79
0
0
0
0
0
137
0
0
0
2
11
50
8
33
437
0
0
1
0
0
0
155
0
4
0
18
0
312
0
0
0
5
0
46
48
0
0
0
192
133
2
0
0
0
16
0
1
38
40
0
49
5
367
43
4
18
0
0
276
0
0
14
0
6
0
59
0
11
0
1
0
33
124
82
7
16
0
0
37
0
177
0
89
40
114
630
3
0
0
0
3
0
2
0
0
1
51
78
0
0
0
216
0
20
2
144
100
2
21
30
5
0
14
32
0
0
0
0
1
0
22
8
46
0
0
780
127
50
61
29
0
148
52
1
220
38
77
147
80
0
1
2
14
0
6
2334
0
0
319
0
5
0
133
54
11
0
49
0
0
0
34
6
0
1
145
0
0
0
3
0
2
257
0
715
21
0
31
406
0
9
8
44
0
65
2
0
0
2
66
83
0
0
390
1
1
0
0
0
0
0
0
164
25
0
0
0
3
19
435
0
0
0
7
1
5
81
743
15
0
3
0
0
3
0
11
37
32
0
37
45
17
0
0
67
75
6
0
0
0
0
0
47
0
4
0
81
0
0
0
1151
0
130
31
11
57
0
0
0
0
180
142
0
1
0
0
4
23
0
37
1
16
209
33
157
0
0
24
330
1170
1
4
4
11
127
10
38
0
1329
0
0
0
3
97
1
17
2
2
225
0
95
36
2
0
6
0
291
4
12
514
28
0
0
34
0
28
91
111
0
0
25
0
633
15
2
1
10
0
14
0
0
5
69
319
1
0
55
6
0
153
0
5
171
0
0
0
193
6500
0
0
0
0
21
0
32
0
60
93
17
469
3
11
2
8
158
118
4
69
25
1144
453
0
0
0
5
34
249
0
0
12
0
233
1
450
2
18
0
0
0
308
134
0
54
135
2
0
771
45
59
3
235
12
12
0
2
5
4
0
0
478
11
0
0
27
0
22
146
17
0
0
0
210
271
16
0
0
20
0
106
0
4
0
46
141
0
1
0
0
11
0
0
0
664
2
63
0
17
4
0
0
0
12
33
66
0
0
0
40
0
43
110
0
350
196
7
0
9
0
19
0
9
37
3
0
0
3171
5
0
232
0
0
76
0
2
68
125
16
0
276
40
215
2
14
3
3
87
135
0
0
0
1
0
71
1
2
1
8
38
45
5
0
0
0
0
16
203
127
0
0
0
100
85
0
46
82
230
74
0
19
38
53
0
0
79
17
853
0
167
8
1
0
0
0
8
1
10
0
81
1
0
2
0
31
128
4
212
0
70
568
39
1
5
3
1
12
164
0
0
0
176
0
41
3
23
0
138
0
0
0
285
40
67
0
0
0
394
1
24
0
2
48
151
0
59
0
383
0
16
16
0
4
19
0
85
603
1
0
2
188
23
26
92
0
0
0
4
0
0
13
119
931
268
13
0
103
72
50
433
0
6
1
0
0
1022
0
95
0
246
0
44
81
0
0
0
69
371
154
25
13
11
0
31
2926
0
148
5
0
46
24
25
56
0
0
0
1334
4
1
518
65
2
844
0
4
23
0
45
59
385
63
1
433
0
1
0
0
1246
3
18
2
89
3
1
0
0
0
0
99
88
0
16
137
2
0
49
528
0
0
175
0
0
0
4
0
0
318
0
1247
4
2
0
0
16
13
2
5
234
12
1141
120
49
247
1
65
1
531
0
0
520
44
0
1
1
246
0
0
5
334
1
69
0
11
0
180
0
0
11
0
0
75
2
0
0
101
85
3
176
25
0
5
1
1
50
0
144
15
207
0
4
36
742
2
23
0
0
205
41
0
0
695
184
22
1
1
0
16
0
1
271
0
2
0
84
0
20
0
20
0
3
154
1
11
1
439
1
0
16
0
0
3149
3
111
0
0
0
0
42
137
38
0
380
3
204
0
0
132
0
0
45
23
150
1
3
25
1019
283
52
0
4474
0
61
106
0
44
0
4
5
392
67
38
93
0
2
4
68
0
0
73
1
0
4
38
56
10
0
754
11
124
0
344
130
25
282
964
99
0
0
35
0
2
821
22
151
82
0
0
3
9
18
0
1
18
47
137
203
0
44
2
0
202
49
17
6
0
312
9
783
0
30
0
8
1
31
67
130
0
127
48
2
24
1
0
2
0
48
157
82
0
25
0
34
10
0
0
3
242
0
13
12
0
2
360
0
476
1103
6
0
730
3
0
141
32
7
196
0
173
0
19
143
2
0
122
0
86
25
0
3
60
7
438
10
4
0
58
99
0
0
0
0
2
180
96
9
0
12
230
269
5
24
589
200
0
0
0
313
75
0
0
93
83
191
0
4
0
27
1
1511
298
0
2
8
0
88
0
0
0
0
0
106
9
0
5
0
0
2
23
486
2
0
10
0
31
0
224
0
0
115
0
19
0
131
5
0
1
234
0
412
385
65
395
49
0
252
2
0
32
0
17
1
0
103
0
0
18
0
2
0
2114
0
0
0
18
1234
0
339
0
30
2
0
24
40
65
95
76
0
128
6
4
0
6
291
61
31
11
0
10
20
1
0
0
664
223
134
99
896
508
4
10
0
0
4
172
22
0
240
736
715
118
2
6
54
727
1
17
4
437
0
190
6
477
55
185
0
4
0
7
405
5
56
40
157
36
204
40
42
1
0
0
2
0
0
8
41
161
0
0
152
0
0
0
343
0
13
108
1428
72
0
448
0
0
6
0
176
0
0
0
1
111
2
5
0
17
81
12
27
0
0
0
139
0
71
4
1
0
20
18
0
0
0
136
0
4
0
5743
43
0
0
0
85
62
124
56
485
0
0
1490
0
1
703
0
0
0
14
738
73
0
2
502
80
0
0
0
0
0
7
2146
1
0
32
11
0
890
0
0
0
2733
31
267
0
141
4
770
0
11
7
0
0
3
16
0
3
0
2
227
33
0
1565
0
0
2
8
0
0
941
10
0
0
4
78
0
3
119
474
0
122
22
1
28
289
876
39
0
0
2703
90
0
698
2242
0
400
529
9
1
0
0
1
12
210
0
0
0
1
2
8
0
0
0
11
15
39
0
0
72
0
602
33
0
48
0
140
51
0
0
472
0
0
17
0
6
0
0
48
760
263
0
21
84
51
22
3648
192
18
35
1247
596
0
14
9
0
53
0
1
91
0
976
2080
0
5
0
53
228
96
158
309
13
0
2
0
1393
63
0
5
28
2
3
6
959
18
114
11
1
0
242
0
18
954
39
0
69
0
0
15
294
0
17
114
456
2
6
930
133
0
0
2032
0
0
119
0
6
0
1
4
0
0
2
236
22
138
0
198
253
0
0
31
138
93
0
38
0
0
49
0
604
64
269
15
0
4
0
4
34
0
0
0
80
1408
622
409
0
27
34
0
169
0
24
0
6
35
282
113
0
6
180
12
253
0
1
72
0
0
0
0
0
303
73
59
3
0
353
6
0
0
55
6
80
303
3
4
65
5
2
115
0
30
0
0
0
7
0
10
77
0
398
0
0
0
23
0
77
3
468
0
59
578
3
0
0
71
0
15
718
25
0
0
0
0
62
8
68
38
0
7
4335
76
0
0
0
0
1213
0
0
2
212
0
8
8
45
7
0
0
288
0
0
4
6
0
71
0
11
0
240
73
0
933
91
0
411
0
27
1
0
307
0
0
4190
125
0
0
0
142
121
0
7
4
1
644
2
35
2
5
0
3
0
4
1
0
1
258
3
0
18
0
43
1
0
479
0
0
5
0
4
2
0
0
0
0
0
3
0
7
0
69
4
173
116
4
0
89
0
101
0
0
0
16
0
2
3
0
314
8
79
34
4
6
27
0
167
0
0
108
0
390
0
427
789
0
8
11
0
0
48
1
81
10
1
1
140
1
419
1
0
23
22
418
53
694
270
0
27
0
203
298
0
0
115
13
10
0
508
4
3
138
12
399
51
319
0
2921
42
139
1
0
507
1
132
88
19
0
0
0
77
45
63
0
0
0
137
0
0
1
334
0
2
0
0
386
241
174
233
40
0
0
0
24
0
2
0
4
0
38
412
0
89
0
0
1
879
0
4
0
275
0
239
0
11
16
348
0
11
0
25
1
46
47
132
0
221
0
126
0
0
0
0
19
0
184
0
103
0
31
0
0
1
0
0
0
0
0
184
33
70
1
0
83
52
0
13
6
0
0
59
43
246
816
1
58
16
497
0
83
0
21
953
28
8
95
7
479
26
0
401
1264
17
1294
0
355
3
0
11
0
4
18
0
3
5789
0
511
0
54
0
167
2
63
236
169
0
52
606
0
425
0
0
0
83
0
0
3
23
0
0
96
0
23
0
1873
5
0
16
0
17
56
0
0
665
16
42
0
40
13
0
2016
0
0
196
167
0
318
0
3
2
0
37
1911
702
0
0
0
0
50
1
5
0
1143
562
25
12
49
0
39
10
0
270
0
172
162
0
0
0
124
337
1
1
0
1
52
0
32
0
0
0
0
0
2
19
0
0
9
28
17
0
0
2
1
0
0
29
0
2
1
0
47
156
123
1192
92
13
183
0
0
0
8
1
0
1
1
43
0
87
0
0
0
0
4
0
0
0
3
0
106
0
6
0
3
18
8
8
11
465
530
182
11
39
40
0
4
2
1
43
2
15
0
0
4
0
0
53
0
0
2599
0
1
0
0
0
39
0
650
59
14
283
0
0
40
0
297
7
0
0
0
0
22
68
0
140
183
563
326
0
0
0
0
0
13
54
0
222
255
0
40
1
85
681
0
20
34
54
16
69
327
19
119
3791
886
0
0
12
55
0
0
6
240
1875
8
2
2
1148
1
0
0
0
8
69
246
371
1098
349
1
0
27
0
752
0
0
88
477
0
3
2
219
777
0
551
215
0
425
4
0
14
149
80
113
54
0
184
49
103
0
65
290
1135
0
0
4
0
18
0
0
196
15
0
9
35
711
0
11
154
129
14
0
0
346
1
27
0
0
0
12
307
0
0
8
0
1
0
0
0
77
54
136
132
214
0
81
2
0
70
624
124
104
2
147
4
0
5
41
90
0
1378
23
2
124
0
0
22
0
6
0
0
0
0
137
0
0
2
16
0
0
384
0
743
0
0
0
0
53
0
0
0
495
0
4
0
12
0
1
250
0
0
0
0
78
13
0
10
70
0
0
404
0
28
0
114
26
0
0
27
113
74
176
508
0
0
292
0
0
11
101
9
1
323
0
66
0
0
0
0
342
106
186
961
0
0
6
21
210
3
31
2
10
59
0
39
0
96
7
356
0
0
95
0
0
35
0
103
384
0
194
8
0
204
0
826
27
14
487
1
1277
1580
0
1
21
0
0
1
0
663
0
233
2460
181
34
22
215
1
23
0
42
30
1
0
5
139
317
83
86
0
152
692
4
26
2
1737
1
0
0
344
0
129
78
699
0
22
1
177
255
0
0
798
12
36
0
1
1501
4
0
341
21
480
93
0
171
0
44
143
518
17
0
1
432
0
0
3
0
0
0
304
0
2066
3
0
277
0
0
15
7
85
36
77
557
0
1
48
70
2
0
0
66
0
80
28
0
0
63
0
1
28
0
359
543
0
104
10
71
0
11
0
19
0
34
0
0
0
0
70
0
191
5
12
0
675
0
2
3
0
65
6
769
0
83
113
125
0
0
0
23
1
1
0
0
135
0
45
0
29
112
0
17
12
37
0
4
7
0
44
5
19
175
0
639
110
269
0
0
270
13
17
136
0
692
60
0
0
31
37
0
121
33
55
12
0
0
2
789
255
63
0
1476
12
0
175
27
39
2
26
15
918
419
102
1486
522
0
39
36
5
437
56
0
0
0
89
159
0
1
204
174
1
121
0
521
0
0
17
0
0
387
66
740
0
90
0
64
4
106
0
1
19
729
64
7
75
101
59
3
0
0
81
7
0
26
1
94
530
0
122
0
22
0
764
900
170
11
170
0
107
0
85
0
5
5
5
0
0
49
41
5
578
25
0
0
107
107
26
0
0
1
89
207
0
94
0
27
0
1818
50
16
4
0
0
0
61
40
0
50
73
103
3
1
0
1732
0
10
239
0
314
1
38
0
1
0
119
0
127
0
97
15
365
37
0
0
2
418
0
17
1239
0
31
0
0
0
13
23
0
24
53
3
1
0
8
3
33
0
0
55
1
0
86
15
376
537
3
0
0
45
13
1
879
196
9
28
306
3
0
22
99
0
0
28
222
12
698
0
37
665
119
0
12
239
107
399
0
20
0
181
115
0
95
93
350
9
3
9
0
19
0
0
1
1
1
8
248
129
118
2
368
1
122
0
315
328
0
10
0
61
120
410
281
0
1
30
280
202
0
0
175
37
0
0
0
0
1022
0
0
25
1515
2
0
0
9
17
0
1011
4
4
0
34
79
54
0
177
275
0
0
434
0
4
4
114
0
6
0
4
48
0
6
77
0
0
63
0
32
182
0
14
4
13
0
0
234
0
13
351
215
0
0
0
33
23
0
17
954
0
195
75
50
357
0
406
61
0
5007
48
44
0
0
0
1
124
12
1
150
46
0
59
0
0
0
85
8
9
31
54
504
500
3164
179
20
1658
0
2
0
226
9
0
3
526
0
8
140
1
129
53
0
2
127
122
0
0
0
276
0
22
255
2591
1
0
0
0
2
13
19
71
0
10
158
81
0
0
8
0
59
2
63
0
0
389
229
0
0
592
108
0
0
25
0
1
40
0
0
98
3
11
0
74
302
408
0
0
0
0
7
53
3
0
234
0
101
1
0
2
3
0
2
0
9
0
63
18
355
330
5
0
1152
21
0
0
9
0
11
0
3
350
6
0
0
8
0
1
1382
555
0
106
276
0
163
0
139
14
68
34
96
0
159
5
0
0
0
131
0
0
33
80
0
2
0
120
220
10
6
0
0
10
0
0
0
0
0
128
0
0
236
197
0
0
0
0
14
0
1915
127
0
261
74
26
0
2
54
60
6
0
0
165
18
2
0
11
5
0
0
0
139
11
0
110
0
19
13
0
0
1
0
83
57
30
0
0
0
0
591
0
0
608
126
1
16
0
107
51
0
0
125
0
14
31
0
17
0
0
264
2
0
0
0
8
1228
10
0
0
0
0
0
34
438
2
271
22
9
27
73
0
0
293
236
0
52
0
64
539
7
917
0
20
6
0
0
0
31
0
504
0
0
1093
0
0
3
0
193
197
0
0
0
0
25
0
45
5
262
276
55
18
249
9
183
1
0
2363
0
5
0
1
0
37
65
638
0
1
106
1
18
0
22
0
0
0
8
0
0
0
0
29
13
93
0
167
41
303
0
35
21
0
32
0
0
266
0
0
286
0
0
0
4
12
0
0
15
1
0
79
0
46
2
217
23
20
0
24
2
0
22
0
0
1
154
844
0
0
0
32
8
0
5
23
0
33
199
0
67
0
18
93
0
753
0
29
0
92
0
0
0
38
26
0
0
0
3
9
0
0
0
13
8
0
0
25
0
25
0
87
0
0
0
1
0
11
430
0
475
172
0
0
0
0
6183
53
33
33
0
2
107
1166
12
0
1
0
3
61
9
3
8160
1
20
0
291
0
1124
39
687
368
2
127
25
18
123
5
2
71
107
25
488
140
0
3
2
0
886
3
2
5
150
0
0
0
0
4
0
0
1
6
1
0
0
0
0
6
59
124
0
331
267
873
117
33
4
115
6
0
22
1
0
0
0
1
0
35
0
36
0
26
0
41
0
0
40
133
0
0
6
0
0
2
0
6
51
60
691
0
323
196
10
0
53
1
1
0
11
0
298
23
35
0
0
0
8
52
0
2
25
204
0
37
0
89
177
0
87
20
60
94
2
0
9
0
0
0
0
0
7
0
0
3
93
30
0
0
11
0
3
567
0
0
129
84
0
65
0
95
463
7
32
131
512
329
0
41
0
0
0
22
13
77
277
0
0
43
579
0
0
0
0
0
18
0
0
880
4
4
11
209
0
1
9
4
253
0
4
186
141
246
201
1
77
0
0
1
9
106
39
0
1
19
5256
488
1
0
106
14
114
6
0
1342
0
26
0
5095
0
0
62
476
43
6
294
0
33
878
0
0
0
6
0
0
81
9
0
0
29
2
1
4
0
68
26
294
93
10
0
0
0
0
19
1797
14
0
0
63
25
0
21
224
9
0
13
0
0
4
1
17
0
622
0
0
2
0
33
1
0
579
0
0
0
0
0
4
0
0
1
0
164
100
47
180
2
17
0
80
32
18
166
0
129
501
0
0
0
10
718
29
21
12
156
106
1782
0
0
0
0
0
8
133
0
0
5
0
180
2
245
1
53
0
25
91
0
0
58
11
7
12
0
46
6
45
88
3
1094
13
1902
4
1
199
3
56
0
0
31
0
0
411
59
4
250
23
3
1725
8
0
0
378
0
1
4
85
0
45
47
0
0
626
0
131
5
16
7
10
35
132
208
239
0
302
1
369
237
327
0
0
12
49
286
2
0
0
1353
0
55
1
26
14
840
0
45
0
184
0
381
0
322
9
31
41
6
0
3436
0
20
9
2435
6
0
3
0
0
0
1
2
127
13
0
0
73
3
24
138
0
57
1070
134
0
103
142
40
0
4
0
48
1447
19
7
796
0
0
11
0
0
0
20
327
0
1
22
0
0
18
25
0
63
0
0
13
183
880
16
0
429
235
0
311
16
0
60
322
125
0
0
150
24
482
32
0
193
5
700
108
3
26
13
0
3772
31
22
30
2
4
0
0
42
9
252
0
0
98
2
60
0
0
33
361
0
4
120
41
0
0
0
0
0
231
251
0
1148
0
20
11
0
0
105
23
1
222
0
134
76
653
364
0
0
2
18
139
119
16
90
0
147
0
0
35
56
230
0
0
55
0
0
92
16
4
0
5
0
0
89
0
0
0
0
4
38
50
0
1
8
12
114
0
286
0
415
29
34
246
20
0
394
0
3
0
2
0
1531
0
17
0
0
25
313
0
100
0
0
1
8
1
0
13
0
0
2
0
10
0
16
0
86
0
0
48
69
0
10
116
0
2842
197
0
9
0
441
0
48
302
0
1
0
21
0
0
0
0
0
36
0
0
0
0
1
0
121
1
4
17
2
1177
0
92
0
171
215
0
0
0
257
2423
133
1
0
48
37
25
0
21
27
0
4
38
0
81
0
311
63
115
0
33
24
0
4
0
331
0
4
3
0
1
0
2
5
13
143
31
33
13
27
149
0
50
0
187
3
114
0
0
0
112
0
0
391
0
2
0
28
347
83
0
1
0
1408
55
12
0
383
43
0
118
26
34
13
8
372
20
1
0
10
55
0
85
76
0
8
7
428
11
3
6
83
6
0
0
0
319
168
983
1
15
0
29
6
0
0
1283
0
250
3969
187
0
0
134
1504
0
5
14
0
28
0
540
1638
33
620
0
770
157
0
73
7
220
110
12
14
24
3
2
11
0
22
0
0
0
7
183
105
111
1
81
168
286
20
0
31
16
14
11
556
0
1
19
197
8
0
0
22
351
0
0
17
0
0
43
0
0
12
0
0
0
0
1
0
0
37
0
0
0
4
0
0
6
160
6
982
0
53
0
0
7
6
98
0
1
1219
2
0
0
0
16
56
5
0
741
0
4
305
0
169
46
0
56
21
16
23
0
30
11
0
0
386
235
0
486
318
302
0
20
0
0
0
12
0
0
0
1
0
0
18
0
1024
332
0
2387
0
4
5
0
0
72
28
3
66
258
0
0
12
13
72
0
60
25
1
0
0
0
0
0
172
557
609
123
0
22
1286
569
22
0
0
232
43
2
76
104
0
92
13
0
101
0
357
12
3
0
1
0
266
111
61
82
0
7
0
1
36
42
0
1
0
6
272
16
0
1
0
1
0
1
8
1
0
15
41
0
2
0
1
2
1
2
0
74
0
2
0
171
2
3
35
0
0
325
82
11
25
62
1
0
3
0
10
3
10
0
523
5
2
25
13
0
77
0
4
0
18
0
0
21
44
6
0
241
2
19
21
0
15
96
0
0
0
0
9
0
8
71
0
0
2
11
37
7
0
1
0
132
7
4
150
4
0
295
0
672
365
90
0
0
44
1
164
0
0
3
251
3
424
21
26
0
0
0
0
43
0
0
0
0
8
4
44
1
42
0
0
0
37
29
0
2
50
16
29
9
0
73
47
21
30
255
3
2
0
0
3
9
308
0
78
214
0
2
90
127
0
107
7
30
42
0
0
0
129
0
4
2
21
0
2639
3
184
10
0
0
0
1
0
0
42
0
31
8
21
0
34
0
0
0
42
452
25
0
0
5
3
62
0
57
1089
0
83
42
64
0
0
1
2
0
40
0
10
59
3
62
97
0
22
9
0
0
0
0
62
49
5
0
81
236
0
9
0
602
306
52
0
0
19
0
0
2919
20
298
5
13
2
0
8
72
12
24
0
0
0
0
0
445
13527
1
0
0
42
41
73
1
12
0
3
1
0
20
2
14
111
12
16
9
0
0
256
5
11
28
5
48
38
3
6
0
5
32
97
0
1
14
12
825
0
81
788
5140
23
190
25
3
138
18
334
1
3
30
0
22
278
92
348
13
0
0
2628
23
0
126
16
0
7
2
0
0
41
0
112
39
0
0
0
5011
0
0
197
121
1
51
0
292
2
0
0
33
0
3
0
19
173
2
0
0
37
0
3169
0
6
938
0
148
69
0
937
393
7
0
0
0
0
72
0
249
9
54
78
9
334
0
0
21
0
0
29
0
30
311
0
51
724
0
17
0
45
0
0
26
27
0
44
2
0
4
1
69
0
0
0
0
0
404
41
0
70
0
406
258
182
0
2
0
36
42
0
3
14
3
37
0
0
12
6
3
40
1
0
113
0
0
0
10
15
0
80
36
14
1
9
3
0
37
13
16
0
16
0
27
0
0
0
5
126
0
0
27
5
28
8
199
0
2
0
0
415
86
39
32
0
80
17
17
207
93
4
0
7
34
148
10
41
3
4
2920
822
0
2
51
33
53
57
0
3
0
0
3
0
37
0
0
0
0
2
0
0
206
3
202
16
44
132
2
0
1
302
0
0
20
0
72
4
16
0
28
0
1
0
212
128
0
215
0
125
0
308
79
7
0
0
0
0
0
36
0
0
42
0
0
4
0
0
0
0
0
0
0
7
10
0
446
254
34
0
0
142
0
27
0
0
105
104
23
0
43
0
266
0
215
70
1
121
0
89
2
9
65
46
3
3
243
789
0
401
20
0
0
0
992
76
5
31
0
14
0
0
0
10
1472
0
8
225
0
171
0
81
0
6
0
135
1
805
1
4
0
18
0
270
254
0
307
0
0
21
28
2
0
1285
0
0
10
72
61
19
540
145
274
1197
722
42
0
12
29
20
10
0
3
0
65
3
55
0
0
6
5
122
0
0
0
0
0
0
42
791
228
0
175
15
0
45
666
33
45
1
5
42
2
0
1
7
437
4
0
5
0
2
0
195
0
0
111
2
17
546
15
0
34
418
0
577
18
33
3
96
1
397
50
0
10
112
10
124
0
55
0
0
0
157
5
0
214
188
0
1377
0
50
0
238
179
0
425
67
1
0
1113
0
25
0
150
0
0
15
23
9
283
166
33
557
4
565
11
2
365
297
0
0
0
7
140
1747
0
320
49
0
43
5
0
0
239
2
24
0
0
10
127
2
30
0
245
0
29
1
25
0
0
1
1
0
8
64
44
0
332
1242
0
147
232
0
180
0
0
0
0
2
78
8
70
2126
59
1
74
17
380
0
0
0
0
0
186
1348
9
0
21
160
159
0
93
0
19
9
25
33
0
38
5130
0
0
0
0
2
315
2
0
0
17
0
0
0
0
270
0
65
93
3
60
0
12
19
3813
9
20
0
0
115
0
2
613
0
0
227
4
6
0
1
0
0
125
53
0
0
0
172
18
0
3
10
38
544
0
1
0
0
0
0
2
52
0
0
0
918
2488
0
15
13
2
78
0
363
15
166
21
0
91
277
0
772
282
0
101
0
0
3907
14
0
183
0
0
13
0
556
0
305
2318
0
1
0
1
0
0
31
1
108
8912
314
0
6
0
1
2
0
108
0
33
18
71
159
826
520
0
0
151
2
20
0
521
600
2
30
0
0
60
2
5
0
16
0
83
24
0
164
8
0
0
14
157
0
0
0
22
0
0
7
656
0
74
47
0
9
107
0
5
4
0
733
4
166
30
0
2
0
0
0
1920
48
302
137
0
8
1699
477
0
0
1102
0
0
0
13
0
0
0
68
160
48
76
0
265
3
0
17
18
471
82
117
28
0
0
0
7
25
0
275
29
0
7
0
0
4
0
0
896
3
31
248
18
37
0
0
112
123
7
0
0
0
0
0
141
140
0
0
14
0
7
12
0
489
118
0
0
234
785
80
12
41
0
0
25
0
2
4
3
77
0
0
23
24
0
289
3
12
53
166
169
0
0
36
163
182
45
0
0
9
0
1052
335
2107
0
0
9
60
61
18
0
0
1162
0
0
2
1
3
0
2
0
0
20
1
6
0
96
0
43
12
0
47
0
268
922
0
0
0
0
1
0
0
0
183
394
52
6
5
0
153
0
33
713
48
463
0
15
36
0
2
8
2
0
0
0
10
1
85
0
8
170
0
66
77
0
0
0
0
11
0
0
8
263
0
0
4
0
0
0
0
1
76
16
199
717
0
2
214
1503
0
2
24
0
673
6
19
39
240
0
109
0
7
0
386
6
0
0
0
0
7
78
207
4
66
120
423
0
0
37
209
24
0
32
1212
0
113
0
203
1123
151
0
18
15
0
0
574
491
11
0
217
0
37
0
0
16
0
0
0
431
43
158
583
24
54
201
0
60
118
126
0
0
60
0
31
0
0
2585
0
26
19
0
182
27
7
0
2
58
0
268
0
15
0
263
247
251
0
72
0
6
0
0
4
1
439
13
3
10
0
0
0
29
0
359
0
0
0
9
0
0
7
23
0
31
1
250
124
1
176
16
105
120
0
69
53
0
42
37
214
3
1732
0
193
0
25
83
0
0
148
0
1091
238
173
116
23
0
0
0
0
0
27
0
0
2
90
0
678
218
0
0
487
0
0
0
3
0
2
1
0
0
2
11
0
17
0
141
0
220
0
0
2
3
117
1
5
0
157
0
253
37
0
0
178
0
0
10
0
0
0
20
0
53
0
90
1322
0
498
0
55
2
3
1
51
870
145
149
112
70
122
13
101
0
30
0
306
0
362
14
0
248
0
187
195
0
92
0
227
0
0
735
224
49
0
61
22
0
291
60
0
0
0
0
0
127
0
188
0
84
140
0
0
840
329
0
0
378
0
33
0
66
0
2
243
44
77
2399
599
74
68
0
0
3
0
20
0
158
0
21
57
161
289
0
18
158
56
0
41
75
0
1
240
49
1
29
92
0
1
0
0
15
19
0
0
23
96
71
0
573
1834
963
28
277
1406
0
82
3
13
335
38
48
101
51
0
69
0
0
30
169
0
0
3
120
205
0
8
0
226
5
3036
116
35
211
45
2
1
901
153
61
10
0
9
38
79
0
118
26
0
85
545
5
164
73
0
0
0
34
399
381
123
0
0
471
0
0
2
1
0
18
903
0
2
0
0
15
27
0
0
165
2
0
0
709
20
0
4
78
50
919
145
0
0
0
0
58
38
0
0
2
0
7
0
46
0
0
92
4
0
5
76
0
17
0
5
0
0
217
0
14
0
58
0
278
119
0
64
0
0
34
14
1001
15
66
0
128
46
3
3
0
56
14
10
0
334
136
0
65
17
0
0
97
0
32
586
0
0
0
0
0
0
16
9052
12
0
108
0
83
5
0
0
1
40
6
0
1
0
175
34
16
0
56
12
26
0
770
0
2
0
21
40
861
82
4
0
0
6
14
5843
0
0
3
1431
128
0
0
1
7
0
0
5
162
95
0
33
0
0
68
0
14
0
0
31
177
0
7
21
12
11
289
84
0
363
141
0
0
133
0
1
2
143
0
447
0
1
0
4
1
1
0
687
0
0
724
18
0
0
23
0
0
0
0
0
15
0
43
0
0
90
1222
0
0
202
0
0
4466
18
481
85
7
0
8
1
0
317
0
162
59
0
75
14
2
38
1458
1018
0
0
17
0
2
21
3
140
1
0
0
1
836
404
76
235
24
0
219
75
0
1
2
2
0
0
198
0
127
0
16
0
261
0
0
5
0
5
0
1
0
44
0
0
36
0
12
0
0
1907
25
0
35
0
0
12
78
0
0
6
3
0
0
0
18
0
326
71
466
13
5
100
3
0
0
0
8
0
12
76
7
3
0
17
75
48
0
304
61
5
467
165
0
499
27
0
5
0
0
0
0
10
74
7
50
0
35
0
14
0
16
2
0
0
0
111
0
31
410
356
11
0
0
0
0
20
10
1
357
754
24
0
2
5
25
11
0
0
1946
11
0
364
137
0
123
0
0
100
0
53
309
0
0
79
1
0
0
0
0
0
107
2
0
27
142
0
25
6
0
108
1
194
4
4
31
34
147
28
0
0
163
72
1950
23
364
4
383
0
320
14
0
75
0
32
14
1279
631
0
3
80
74
0
1
1230
0
0
251
17
28
0
26
0
0
0
63
0
0
27
98
449
0
0
48
235
54
1
150
0
0
0
1
0
0
0
8
135
19
4
0
5
18
0
0
0
0
424
0
0
44
113
289
29
33
38
149
0
96
60
122
49
5
31
489
92
4
45
0
66
418
34
202
0
0
12
2
11
126
15
0
11772
38
0
3972
96
1
0
105
286
0
144
0
0
1
130
0
0
0
4
205
2
0
0
5
0
92
5
0
0
221
0
0
269
23
39
1
47
0
0
39
0
9
0
339
7
0
50
0
16
7
1
50
0
22
50
0
2
0
123
5
873
167
44
461
150
44
1
9
0
0
61
0
0
5
9
90
0
11
516
0
0
98
8
522
0
149
0
150
984
28
0
0
0
84
1970
0
0
0
0
0
0
0
1
1
1
64
70
7
0
37
46
118
153
0
980
470
0
37
138
205
0
57
2
155
642
0
15
0
0
0
2
223
2
51
1
0
11
32
0
2
8
0
23
20
2
108
0
0
0
0
0
32
0
0
73
1
183
121
10
0
580
34
0
23
1
89
2
1
0
1
0
0
0
36
0
8
0
1098
242
0
0
1069
0
37
148
1088
15
0
23
208
0
0
0
0
0
96
441
5
107
11
85
33
0
478
48
4
9
0
0
8
0
11
1557
4
99
1748
8
0
6
0
0
932
235
0
0
8
926
0
321
0
111
148
52
84
0
0
125
0
30
0
0
6
924
0
1
69
27
0
70
0
69
17
0
50
0
35
0
21
620
442
18
0
0
133
11
0
223
20
14
0
0
0
0
0
7
199
0
171
12
2
460
49
0
0
0
206
3
6
40
82
4
0
0
15
0
661
0
1
0
198
2
0
3
0
247
0
458
0
0
123
0
0
3
2
0
678
0
1
0
17
104
0
47
0
0
0
0
49
16
0
2
2
2
6
500
190
0
4
0
0
121
0
2
0
0
334
151
418
9
49
132
0
0
91
4
252
367
0
3
113
50
177
51
475
6
636
0
701
205
6
0
0
3
0
44
30
105
64
0
93
0
3170
2
0
0
9
33
46
177
0
1
0
7
0
406
182
0
1
0
0
0
508
158
125
38
782
3
0
0
273
3
0
5
40
83
0
16
79
19
0
0
0
0
619
420
386
38
1740
0
5
62
224
58
0
0
59
317
57
6
0
0
0
0
16
1012
0
494
0
5
50
541
1
166
0
0
3
6
81
0
3
26
0
4261
3
9
96
0
0
57
39
9
6
2
29
0
10
13
2
1
1
0
6
0
0
7
6
0
0
212
0
179
32
0
0
369
0
0
0
332
8
0
0
232
241
11
94
243
68
0
1
100
93
0
87
513
0
1
4
391
0
7
0
0
0
3
6
3741
30
135
47
241
6
0
0
0
0
0
379
7
56
0
228
1
0
115
0
121
0
63
18
0
1
0
3
0
0
0
0
0
24
6
15
0
4
0
30
61
1
12
8
0
0
0
3
0
1
12
0
33
496
0
0
0
457
0
0
12
0
0
16
0
5
22
84
1
1597
142
49
20
0
83
0
449
0
0
0
394
45
83
0
3
1
3
77
0
0
5
961
7
0
13
41
5
240
0
2
337
191
37
0
15
35
51
0
0
0
944
133
2
0
15
0
0
2
0
0
504
1
142
1497
409
669
12
0
3
25
29
35
0
0
0
2819
260
409
279
6
0
102
79
164
51
38
0
0
7
128
421
0
0
62
705
0
96
560
0
0
0
119
0
0
466
154
422
201
46
0
0
77
493
73
0
15
177
4
0
14
1
71
122
0
0
24
78
1
4
39
2
243
2
1
128
129
4
0
231
0
0
16
66
19
0
2
601
0
151
1
62
577
0
0
63
0
0
239
0
0
0
9
168
0
419
1
42
0
0
0
0
1302
4
46
153
237
47
59
14
101
0
3
14
59
53
13
55
12
465
27
23
158
1043
251
0
193
0
97
106
180
157
4
0
0
150
26
76
0
19
1158
78
281
0
90
64
3
0
0
0
13
971
0
112
352
86
376
0
27
0
0
1
21
68
5
163
0
561
0
0
0
0
67
322
2
0
0
63
0
0
0
788
79
28
45
1
3
0
0
123
13
235
165
0
0
0
41
0
3
0
319
7
1
154
4
0
23
0
3
0
63
96
3
25
110
0
294
0
24
43
238
0
419
0
22
0
0
61
8
4
30
64
388
188
0
0
0
4
1
51
0
663
0
213
0
0
605
20
89
0
0
32
0
43
213
233
76
13
91
1062
0
389
22
0
74
536
17
8
0
2
8
2
16
337
0
0
0
19
2
0
31
48
11
79
0
33
0
3
2
0
0
1
118
6
0
393
0
0
37
533
0
0
0
13
197
0
169
20
1
0
12
0
1086
0
0
0
0
147
0
1026
0
5
31
0
3542
0
0
72
58
0
0
5
0
199
63
111
127
11
0
0
34
23
2
8
0
4
0
0
52
0
0
0
11
0
18
0
9
13
0
0
167
8
13
6
0
4614
96
32
4
198
163
1
666
11
866
0
0
635
1598
237
276
52
0
0
0
27
0
1013
0
0
0
69
0
2
14
17
2
0
0
34
0
8
0
0
112
0
4
478
0
0
1
0
0
8
327
17
0
171
62
11
2
0
2
0
142
4
530
0
0
0
0
0
0
0
241
10
0
0
256
23
305
0
41
1295
111
0
0
87
0
16
0
5
18
0
0
240
146
0
32
16
1500
4
0
248
0
0
26
9
0
3
0
0
0
0
1
1
302
14
0
4
0
110
99
873
0
0
0
24
0
0
0
0
0
63
0
0
16
8
201
4
7
0
0
462
16
0
2
1650
0
0
291
0
81
0
0
50
15
0
0
0
0
15
173
0
0
0
11
12
10
0
12
320
385
0
3
0
1
2
0
121
0
0
1
66
1
0
0
8
0
30
0
0
9
24
0
0
1
24
0
0
0
23
4
52
6
0
0
0
1
27
1
0
59
0
0
0
247
0
0
268
4
9
7
0
0
11
0
120
34
0
0
271
23
115
0
0
158
4
38
33
1
0
52
338
0
18
8
7
187
0
60
29
1
3
0
7
7
65
189
337
0
0
0
2
0
0
0
10
24
0
108
0
12
0
0
0
0
0
0
1
1877
0
331
122
0
0
1
26
15
0
159
0
0
0
0
9
2
880
537
2
87
10
5
87
1
0
0
135
0
2
40
1
7
0
0
0
13
0
0
3
14
0
65
10
0
12
39
70
0
38
5
0
0
0
0
8
0
0
0
0
41
0
152
3
14
99
0
0
0
0
0
3
0
0
0
24
5
0
692
77
0
0
1
103
50
0
39
240
21
65
382
3
0
1
48
0
64
0
17
1
0
0
0
42
125
24
111
18
0
5
0
1
557
0
80
0
0
3
104
65
0
3072
412
2190
156
34
38
158
471
1095
0
4
0
7
2
0
3
4
0
0
25
95
180
0
81
27
14
197
188
4
0
273
0
54
0
154
0
978
6
0
46
0
0
214
458
31
29
10
2483
5
107
0
0
6
17
52
101
2
0
45
938
3
35
1926
0
83
0
7
0
0
0
0
0
17
3
1
162
0
2
44
8
34
0
0
0
49
162
6
0
0
0
0
12
0
16
479
62
1
0
0
38
753
0
204
3
262
37
0
34
8
2
19
0
0
1915
0
0
92
0
51
183
3
0
0
10
15
15
65
1
0
308
14
129
0
123
12
0
102
1
0
0
3
0
0
51
12
187
8
59
0
0
74
0
5
0
26
0
135
0
0
0
0
0
0
0
18
0
548
4
84
0
0
5
0
0
0
104
0
10
0
0
0
0
0
12
260
11
0
65
6
82
0
7162
3
0
113
0
149
3
6
4
1
8
39
40
0
0
55
0
11
0
0
0
0
37
110
0
3
0
6
20
1
0
530
4
2
428
0
0
109
14
14
6
0
30
80
0
3
64
0
21
0
0
0
168
16
121
0
0
97
12
16
0
2
11
6
4
0
0
0
1
0
0
2
144
0
3
0
17
363
119
15
0
0
13
0
20
0
25
0
0
91
0
0
34
12
109
393
738
1
235
0
485
60
0
312
141
288
0
0
0
674
3312
8
108
24
10
43
0
249
0
0
79
10
0
0
0
6
3
0
0
0
0
48
0
119
0
0
27
0
291
15
0
0
0
0
33
2001
189
320
0
246
254
0
5
47
0
1
37
484
0
24
1524
277
187
1959
3
168
214
0
26
0
0
0
1
0
0
55
0
6
1
12
13
0
410
0
0
25
28
12
0
7
17
0
0
0
0
52
199
0
50
162
10
33
0
56
15
1629
0
0
0
1
59
0
6
163
30
16
2
0
96
110
0
0
82
527
0
1680
762
0
165
106
0
268
0
951
0
0
1
0
304
296
0
0
0
677
292
0
0
59
58
5
21
0
1
4
0
137
448
1
0
0
126
0
46
0
0
109
0
258
2
0
112
230
0
0
0
6
0
15
11
5
55
199
0
399
1
315
0
5634
184
13
156
1
0
12
43
188
124
8
2
112
1904
40
46
2514
0
0
14
0
330
3
8
302
39
0
0
401
257
0
0
1
0
1
34
11
51
795
9
10
0
50
594
3
280
33
0
22
35
260
0
1705
3306
0
0
241
725
157
0
1
2
17
0
437
1
0
79
108
1
0
6
0
0
8
36
0
2
2598
2148
0
913
1007
2
466
48
19
102
0
3
176
7
925
4
698
55
67
0
1328
0
0
198
8
1242
29
0
164
39
1
69
43
2380
42
576
24
65
0
16
172
96
1037
44
176
0
18
0
135
0
0
0
0
0
1
47
0
4
7
45
0
2
40
3
0
6
0
0
0
85
180
4
0
0
245
0
0
773
3
0
0
12
635
0
0
9
8
170
0
0
0
73
1
3
6
1067
22
259
0
0
0
0
0
0
70
12
5
0
10
0
10
66
119
0
31
6
228
11
116
6
0
2
0
3
11
9
0
22
73
0
20
44
0
2
15
0
209
0
42
39
214
6
19
0
238
0
0
1143
3
0
6
3
108
0
531
1881
68
166
65
2
364
20
16
168
68
729
0
310
0
2
33
4
0
49
46
182
0
80
0
0
8
0
0
18
4006
0
82
31
0
0
1
0
12
0
0
51
716
62
15
5
6
0
4
0
19
2
0
6040
91
108
86
0
156
0
36
330
0
25
5
0
0
2
0
71
12
18
124
423
102
172
34
0
8
203
740
0
4
1
5
1108
373
9
2
0
0
0
29
358
2148
100
6
916
0
21
2
964
37
0
1
0
94
405
0
11
0
0
8
15
17
0
1089
333
9
0
0
0
255
18
0
30
116
0
0
24
581
244
0
3472
64
117
0
842
0
42
0
906
18
114
0
5
0
26
0
2
0
419
41
3
0
44
0
25
1096
69
0
0
0
1
1170
0
433
4
27
84
0
330
18
66
3170
0
392
71
114
0
38
147
0
0
0
491
560
0
0
0
103
0
0
0
130
16
0
11
0
0
14
6
1
1
14
0
0
777
0
559
18
0
0
1
55
0
0
29
0
2
0
0
34
0
1
15
174
64
0
414
25
0
0
79
0
20
0
0
0
91
0
11
0
0
303
0
0
342
9
0
40
2
32
97
0
292
0
7
0
0
471
0
0
0
752
25
0
79
17
70
0
66
2179
0
0
0
162
59
5
38
0
9
0
19
1
11
4
0
20
146
67
4
0
0
0
0
12
0
0
16
13
0
541
0
33
1
13
13
3
10
0
4
0
168
2
38
0
0
23
18
18
51
0
0
1
2
156
0
6
14
0
3
0
1
20
18
0
1124
46
0
0
201
403
57
0
11
67
110
34
0
35
88
8
0
128
0
0
17
10
0
6
0
270
0
29
0
3
0
1
110
45
41
237
333
0
0
43
345
3
0
1
3
0
2
1356
78
0
438
7
270
0
0
30
20
0
0
0
0
0
12
0
0
0
0
480
49
5
0
0
39
0
6
12
0
173
0
22
51
3
4
4
188
17
213
0
271
12
274
0
0
3
105
65
1205
6
0
0
0
0
56
0
0
0
3
18
0
57
0
16
9
18
7
0
2
16
0
0
0
0
38
2
0
27
0
75
0
59
0
251
43
47
97
0
0
37
0
66
2
0
1
78
17
186
199
0
48
643
41
0
7
48
446
6
0
18
0
865
0
1
0
10
55
28
98
0
13
30
0
0
1
121
15
86
0
0
725
1
0
23
18
0
0
247
0
0
0
0
0
87
79
44
0
0
0
0
67
0
418
0
18
114
10
201
140
57
1
0
178
3
109
582
0
0
121
0
25
0
295
414
303
0
0
0
5
0
8
45
12
0
0
6
0
0
8
17
0
258
0
6
195
0
124
2
6
0
77
9
0
3
24
38
0
0
40
0
1
0
0
0
7
0
0
2
0
1887
160
287
0
0
0
6
0
95
0
1
25
473
0
7
0
221
33
50
5
0
55
1
8
31
1677
0
0
13
5
1
201
326
0
0
0
0
299
0
69
183
5
0
48
54
1
0
5
0
16
780
82
0
0
0
182
2
0
2
0
0
14
31
3
30
0
75
0
6
497
35
0
3
12
6
22
48
0
36
44
140
35
267
6
12
0
2
175
0
5
7
0
0
0
0
0
0
9909
189
4
0
0
496
2424
4
7
0
5
373
36
0
958
44
0
0
829
3
0
41
5
1
0
300
0
4
1
0
2
0
0
4
0
1
685
0
0
5643
0
1
0
0
0
0
13
0
0
43
0
56
1364
0
0
25
75
85
0
283
1
20
18
0
31
0
182
0
0
0
920
1
142
0
0
19
145
15
57
17
371
0
11
39
87
11
1
0
0
3
0
0
62
252
0
0
0
8
0
9
0
0
1088
0
0
0
972
126
138
3
92
0
345
0
5
108
467
0
0
0
19
11
363
0
0
126
0
13
0
1
42
7
0
0
245
12
77
1
0
92
0
35
0
3
110
1
88
264
102
17
0
15
742
28
25
179
0
0
0
115
92
0
78
0
202
134
4
0
71
68
110
0
0
0
113
356
612
26
1981
0
4
0
1471
8
484
527
0
4
0
214
1
0
103
9
58
53
0
66
0
0
0
22
0
0
479
219
210
0
0
1480
15
59
0
163
254
346
1248
0
0
0
4032
0
514
0
0
240
2
7
0
3
0
0
1
1
0
12
8999
43
26
0
0
112
3
244
2445
132
0
328
51
284
0
0
0
0
111
0
0
2
139
0
197
163
386
0
143
0
102
1
706
0
2
3
66
215
309
14
334
2
0
1
414
69
0
617
0
159
0
0
10
44
0
7
0
1
6
0
127
13
5
304
0
109
2
0
1
86
0
1
1
6
0
0
0
5
50
0
172
41
21
99
2
0
0
1826
179
13
729
0
0
131
0
59
225
0
64
687
17
276
95
14
4
86
0
0
512
2
0
745
4
0
187
67
16
0
0
0
634
0
55
13
180
460
75
0
1
0
23
2
226
5
198
1
160
9
7
0
1152
150
0
225
6
4
0
0
44
39
3
171
242
432
0
456
0
7
0
3
0
89
174
16
518
6
122
652
177
9
71
20
2
2
0
54
0
2
0
0
4
0
301
0
368
503
0
0
4
19
0
78
6
0
4
0
5
1
0
172
78
1132
0
19
0
0
1463
6
0
1709
0
88
118
0
37
0
0
4
4
24
415
637
67
140
116
123
0
103
92
3
0
3
15
0
0
177
0
67
68
7655
0
6
923
202
23
0
124
0
0
30
0
100
139
195
50
122
40
15
3
1
17
30
20
122
242
8
62
29
0
0
6
0
356
59
81
0
2
0
0
1
0
8
12
199
6
77
0
0
0
0
0
94
3
1
13
15
0
494
84
0
0
0
0
153
0
0
520
177
9
162
1
2
528
110
0
0
73
0
0
6
0
4
0
213
799
68
109
0
821
0
0
1
103
0
655
8
58
0
11
0
9
2
62
5
25
301
26
0
10
3
0
1085
208
82
0
17
0
0
30
63
4667
0
0
0
8
17
17
64
0
0
122
0
224
538
513
0
23
1019
928
266
45
0
0
0
38
23
17
0
32
14
15
0
46
0
11
0
3
61
0
6
131
0
105
22
250
149
166
19
231
0
3017
32
5354
63
62
1
4
202
0
191
89
413
79
16
3
3
67
0
0
282
26
142
34
136
255
0
369
10
374
679
120
136
278
0
1
0
151
449
3
4
1
195
2
387
3
0
57
1
4
0
0
238
112
0
0
34
1
41
171
30
0
0
0
0
24
0
0
466
859
155
131
4
11
110
362
60
446
36
0
39
32
19
0
47
15
36
1
211
13
0
0
0
0
0
10
165
0
951
885
155
0
692
187
13
6
324
1
0
0
0
0
0
0
5
47
0
2
232
16
0
259
4
0
422
156
491
0
0
0
379
324
412
130
0
369
215
6
234
26
18
0
24
367
55
386
8
0
10
162
196
50
173
19
338
7
0
0
0
16
0
2
14
54
0
24
10
0
0
1
215
8
0
7
13
60
0
45
59
8
0
0
1
108
0
86
52
28
0
4
0
1
102
0
7
11
0
131
6
0
0
2
611
578
592
29
5
15
5
737
0
0
1
224
57
0
33
10
0
0
0
72
65
126
52
25
0
4
12
48
0
193
85
14
0
4
0
104
3
0
0
66
37
0
830
3
0
106
35
3
0
109
11
45
255
80
852
0
0
0
46
26
615
0
979
0
1302
33
0
168
0
597
0
129
17
450
343
0
737
1066
0
0
0
0
0
8
0
147
71
0
50
121
0
18
0
62
11
0
0
371
184
389
308
87
392
1259
404
0
3
13
2
64
181
0
2
0
3
11
27
0
0
1251
0
25
76
166
17
0
1
0
20
21
193
0
0
585
0
3
0
434
133
536
0
29
0
0
1
0
39
0
195
0
10
0
0
47
45
0
3
0
17
804
0
183
1
0
0
0
0
0
0
0
281
214
0
4
463
7
111
120
204
1
23
5
880
215
23
117
0
7
0
0
1
25
0
218
3
81
57
9
0
10
0
36
0
10
13
6
6
0
0
0
0
91
0
100
0
0
0
0
842
0
0
1
39
0
0
0
1
1
0
0
772
89
285
3278
1519
0
2
0
254
4
1
0
78
391
16
386
0
3
0
0
185
42
36
8
698
68
25
455
14
6
155
245
44
53
0
0
0
0
0
0
0
0
0
73
8
0
0
0
0
0
0
31
84
42
270
95
0
0
0
0
0
0
218
258
0
0
0
0
0
0
161
140
1
0
0
0
15
0
0
4
12
0
0
0
0
0
15
6
88
52
0
0
0
0
0
1582
439
0
465
16
0
1
49
118
309
2065
14
85
0
2
0
0
73
2
18
1
0
0
0
0
0
282
19
0
0
0
0
0
0
0
10
138
0
61
53
0
0
0
0
6
30
1
0
433
0
0
0
42
115
419
13
34
10
75
0
0
39
0
0
58
9
0
0
97
11
0
7
0
0
0
87
1
15
11
0
0
0
4
0
0
0
445
56
670
0
0
0
0
0
0
0
0
0
0
0
0
14
0
0
0
1
0
0
0
0
0
0
41
3
471
0
0
0
0
2328
13
74
10
291
71
27
27
20
3825
13028
76
0
25
14
0
0
0
530
130
80
0
0
0
61
0
0
0
73
0
0
53
10
81
99
0
0
0
0
22
13
0
0
8
3075
13
61
0
0
0
0
10
15
0
1
30
2
1
0
0
241
148
0
0
0
1
107
7
5
10
7
0
0
0
0
0
0
0
0
0
111
33
0
0
473
942
42
209
2668
0
0
4
3
2
0
0
12
4
0
0
142
22
0
0
0
7
14
0
0
0
0
0
14
5
0
0
5
234
68
241
19
51
944
0
541
807
16
0
0
0
0
0
1
0
0
25
0
55
0
0
1
0
1
0
0
0
0
0
0
0
310
31
1471
4
2798
3891
210
0
0
25
33
0
155
0
0
0
610
146
0
0
121
262
107
26
1
9
4
163
0
0
0
0
0
1
0
0
0
0
0
0
0
0
0
0
0
0
0
0
18
0
0
18
66
0
0
0
206
0
0
276
0
2617
89
40
27
0
41
0
0
54
0
0
0
0
0
5
0
0
10
0
0
551
526
2
1833
5
29
0
0
0
0
0
0
0
0
0
737
656
0
0
20
5
0
0
0
0
18
24
0
0
0
0
4
48
0
0
3
0
0
0
0
0
0
0
0
0
0
35
0
1
0
0
0
1
1
0
0
0
0
0
0
0
0
0
0
0
0
0
0
1
0
0
0
0
0
0
