NIST_2
0
2
29
2595
36
241
20
0
0
0
0
300
9
575
2
0
803
9
3
187
677
126
0
1
0
582
0
59
3
12
26
6
0
104
1231
69
0
0
8
0
8
0
0
5
0
1939
0
199
0
235
0
220
0
1340
0
20
404
67
0
839
5
0
0
2
19
27
5
480
20
10
1761
633
59
29
66
0
1214
3
19
0
0
0
1
13
1279
1
136
259
21
29
490
0
654
1
0
979
2
0
181
0
15
0
5
717
108
9
0
0
0
354
1
0
69
0
12
0
0
190
176
634
11
0
0
148
80
383
225
0
1639
49
0
2
0
123
0
0
4
196
14
0
18
8
12
0
677
132
15
20
52
44
17
0
464
7
5
1211
1
0
23
338
2
0
0
0
183
32
42
244
0
0
0
7
44
0
0
123
136
1
0
105
312
501
0
74
88
479
261
17
80
0
0
327
291
40
0
149
0
0
0
73
57
16
5
44
33
3
2
80
59
54
0
4
16
0
0
5
115
13
1
36
483
0
39
264
0
2
9
242
29
129
1
0
61
331
843
0
1287
32
4
0
1
0
26
488
0
19
137
365
7
15
190
362
46
0
284
24
0
2
0
14
174
302
187
1697
130
0
0
0
278
103
0
333
0
0
62
13
0
0
1134
172
1263
78
0
2273
0
813
0
0
0
260
0
0
0
2
0
0
120
0
134
0
0
5
0
24
322
0
307
3
3715
0
0
0
0
0
0
173
0
203
231
1
98
0
624
129
0
160
12
24
0
19
538
442
101
0
0
256
31
13
0
0
656
235
71
480
0
7
299
38
139
0
700
0
58
31
42
54
1069
303
33
0
2
0
0
981
1
0
0
88
56
4576
156
1174
31
2
0
0
11
12
0
692
0
255
0
0
2187
0
82
57
47
0
358
0
0
249
761
50
219
0
347
89
53
0
0
0
6
93
23
0
3
0
0
117
10
2556
5
55
0
338
5
0
1162
246
6
0
168
1
15
2512
103
0
115
25
55
23
66
0
485
0
0
0
4
0
1420
1370
0
15
1966
261
129
0
1
0
28
4
1
9
0
0
0
0
14
25
0
0
0
33
161
0
349
0
32
0
437
0
0
0
4
0
381
191
512
60
136
1173
401
21
2
0
41
0
45
373
95
90
0
135
0
5
0
0
168
0
595
54
76
408
26
0
36
0
21
0
4
295
15
473
31
0
40
0
478
178
0
499
0
52
5
34
26
108
57
137
1160
0
7
158
658
194
65
0
0
1
55
0
151
248
0
0
135
1
5
0
14
1
0
9
5
0
0
1
0
637
0
166
0
249
0
0
0
379
374
60
2
302
1
349
65
57
0
69
0
142
0
1126
5
28
2
5
0
3944
0
11
0
405
0
808
160
5
5
6
188
0
0
0
0
437
0
0
0
0
1380
1
255
87
6
0
198
33
45
39
0
13
0
43
0
6
31
0
0
7
24
0
0
47
0
51
211
90
513
233
646
6
0
7
0
1
0
3
1
209
745
314
7
208
19
172
5
0
911
25
0
131
0
0
113
0
408
69
4
0
0
0
450
0
5
4
413
0
0
0
2
406
14
444
9
10
0
0
0
0
89
95
33
702
0
54
194
2404
9
14
0
2
48
0
75
0
19
7
90
73
3
230
5
6
0
0
61
29
152
0
108
1758
34
98
96
1117
1189
3
0
214
321
21
16
8
566
0
0
0
3
296
235
7
18
20
30
0
67
2
25
26
192
0
207
5
503
0
0
0
1
0
0
1125
460
0
0
364
5577
3
337
17
193
151
143
99
1
0
254
14
0
103
0
10
1134
0
0
630
173
56
33
104
286
320
19
42
58
0
0
3
1228
0
119
0
0
245
4
0
0
0
3
1
0
0
12
0
97
14
0
30
1
532
104
779
33
22
0
556
0
0
0
0
54
0
258
35
0
1
0
0
0
3
31
45
7
3
0
8
11
331
180
0
14
1
5
0
0
429
0
556
1499
225
1
550
115
271
115
5
18
183
0
114
73
1
790
4
170
68
265
2
2
247
0
2
19
7
59
687
11
0
0
0
0
0
972
484
7
0
0
1
1972
4
0
1493
9
11
0
71
0
0
505
116
301
330
137
0
0
4
0
0
138
249
288
0
0
2
0
460
45
0
14
44
0
94
74
80
33
0
188
4
0
496
10
3
0
0
133
0
212
390
55
55
299
7
69
0
3
66
311
154
308
70
3
121
38
0
1926
365
0
95
0
204
0
0
25
323
0
101
0
4
6
3
0
0
0
234
83
30
0
0
9
18
61
0
1
931
69
8
238
0
17
0
0
13
19
0
1586
63
304
462
1
88
1
0
372
0
2442
35
4
0
1004
437
567
138
1440
1
105
0
0
2420
0
0
0
0
214
0
0
3
0
4
529
510
686
68
0
1
0
101
37
27
3
0
0
126
844
387
64
18
0
0
55
139
13
0
0
0
55
0
1472
393
1088
618
0
0
0
0
0
151
0
0
8
231
80
91
0
13
866
596
0
184
978
128
50
24
127
0
0
213
3
0
25
0
0
0
16
0
60
47
8
1
0
0
0
802
648
0
0
1
13
68
0
0
0
0
59
32
0
244
6
2
80
5
214
1039
0
461
126
16
3
3
18
0
0
0
0
383
548
99
97
162
155
264
518
149
254
1
28
53
23
71
0
0
4
0
10
2571
16
762
0
0
157
67
5
19
331
117
162
378
0
101
37
2
17
3
14
0
30
0
1
745
322
49
3
0
921
0
0
0
116
21
1466
1229
0
41
2837
36
191
72
154
72
381
302
0
0
30
0
512
19
359
0
512
3
261
0
354
548
45
0
903
2
0
138
0
246
662
1
0
7
286
0
376
1
0
4
82
0
339
0
0
13
0
0
0
2
21
0
120
20
112
0
191
314
12
410
597
0
0
1835
0
0
0
239
55
52
0
89
0
3
0
269
80
0
4
246
0
6066
0
0
0
38
11
184
140
279
56
0
238
0
30
0
14
65
277
45
2
0
99
0
251
804
214
0
0
6
10
3706
64
9
46
10
18
36
0
6
0
0
1
858
0
446
15
0
29
6
0
62
2
451
0
78
130
0
83
1
335
0
0
0
245
0
3
4
62
0
0
5
103
4
0
196
0
295
1
0
11
38
0
2021
2
7
1825
19
1134
0
123
5
65
0
0
0
100
109
0
0
12
56
39
4
0
8
1
0
94
0
422
0
0
9
24
124
9
0
0
1
125
700
350
0
0
0
246
0
0
849
428
57
81
4843
4
67
258
12
102
56
488
0
10
46
1940
6
10
82
46
159
0
0
401
59
14
172
15
964
32
135
312
116
0
48
0
19
0
1
3
0
256
2
23
1
2140
0
48
500
67
51
0
0
0
4
33
0
165
0
0
193
19
0
4
0
2
19
0
295
0
17
63
0
106
0
0
12
0
0
22
0
0
31
1
0
0
0
1
0
4
302
5
594
5
91
74
88
2
0
130
0
2027
56
0
0
0
3
13
8
565
39
300
0
939
18
256
594
0
0
0
1030
0
170
380
2274
3104
0
0
0
50
0
10
0
0
29
0
0
1158
488
706
15
3
341
0
28
0
287
297
86
1382
0
1005
2
189
7
45
36
0
3
0
0
0
0
1
0
579
274
0
663
47
0
0
3
164
357
498
38
501
3505
2
478
0
157
401
169
416
201
0
12
5
255
101
0
0
225
47
52
0
4
25
160
481
0
8
0
53
367
0
930
0
1
35
8
6
476
7446
0
192
0
0
5
374
0
648
0
35
6
0
1237
39
8
37
1
2
6
10
476
3
2
0
16
1
0
16
184
21
8
0
9
10
0
3
1
160
0
6
11
0
35
28
70
0
0
2
0
123
0
5
0
3
79
560
18
601
2099
178
744
190
3865
0
38
1
154
18
0
695
0
151
18
0
4
6
0
691
80
0
32
146
0
92
5
0
0
0
34
0
0
1453
223
0
0
291
1999
381
0
0
39
0
39
0
1803
0
736
15
0
21
0
52
0
0
0
0
24
0
0
0
2
3
646
94
10
0
53
24
102
20
2
51
104
0
149
0
161
4000
863
0
305
2
0
0
374
55
0
1
0
0
11
729
29
0
0
9
0
0
3
0
0
15
86
0
0
227
199
1025
1785
150
379
0
0
43
18
13
0
0
0
0
131
47
0
536
30
1899
34
0
0
164
69
9
152
1
2
130
371
0
0
92
0
4
0
289
0
0
7
0
25
154
0
12
10
0
37
218
2
0
0
0
46
291
8
10
0
57
2
407
83
368
0
73
1359
212
0
0
3128
327
306
3743
38
0
2
2
0
0
4
92
0
20
8
0
154
1121
11
0
0
0
0
0
24
51
207
0
0
57
20
17
2
246
294
205
283
275
38
1
0
6
272
2
0
0
55
15
4
32
3
0
0
1
9
29
101
20
0
0
0
1
0
0
0
115
0
0
0
62
0
21
2
5
36
317
0
25
0
555
0
330
5
0
33
0
0
1
0
0
927
0
5
6
57
0
341
236
6
0
14
0
0
0
0
174
0
531
484
322
193
0
62
67
3
2
25
275
110
0
20
0
2159
0
27
0
73
8
39
0
90
3
0
0
184
16
312
188
74
220
6
0
0
17
1
0
105
321
165
0
39
0
58
28
0
0
156
0
25
0
0
134
25
2
84
132
1129
12
0
144
0
307
0
0
0
84
27
99
110
46
0
3070
29
0
0
68
0
1
2
230
764
15
1
20
5
5
13
0
10
0
28
207
9
5
1477
314
17
845
0
29
20
0
0
166
0
63
0
0
2
6
23
0
0
10
1335
0
92
489
17
0
1535
59
0
0
1
11
12
15
633
40
68
0
0
0
0
0
0
0
102
0
0
39
0
1
1
0
5
26
0
0
0
2121
0
2
0
18
71
469
330
3486
1
1097
44
5
7
21
3
40
851
2
548
1079
0
13
133
1
683
3
3
10
783
0
51
63
0
0
2160
0
52
139
0
0
137
220
0
14
348
273
0
434
0
386
0
1155
41
0
198
1
35
74
257
7
436
3
8
0
1371
228
171
11
2330
0
123
22
932
79
0
109
0
100
180
220
0
3
4
8
20
135
3
19
1083
353
1271
243
0
0
0
0
25
75
0
341
114
11
709
430
0
64
31
50
0
0
0
0
856
0
101
0
192
9
12
0
2
5
0
0
1896
325
0
4
149
3
7
0
93
20
436
42
0
0
137
153
0
25
0
0
0
0
1143
346
10
0
666
25
446
114
51
62
0
12
28
0
15
0
0
13
6
11
49
43
0
0
112
400
0
0
196
0
0
1
413
506
68
0
0
270
0
185
272
6
0
134
0
2
0
102
322
7
0
0
0
23
18
65
3
2
0
176
4
0
0
0
6
0
375
39
31
0
0
17
3413
3
269
0
63
0
38
5
2
866
10
0
13
173
68
0
11
0
11
121
0
32
0
154
0
590
0
2
113
27
4
1
0
2
2
0
8
144
16
0
54
0
0
23
90
8
0
0
283
0
3
0
40
8
9677
0
44
49
198
0
33
3
0
0
0
228
67
647
2
255
0
1
131
4
0
26
0
110
1010
0
167
0
139
0
888
5
380
119
0
0
0
1
0
0
4
0
12
0
10
0
1
9
266
382
44
0
0
470
10
0
454
440
32
228
35
0
1254
123
1
67
2
0
0
417
18
218
0
44
10
0
1
489
429
0
294
39
38
0
0
91
106
0
340
0
0
712
19
256
117
0
183
0
0
133
163
16
6
23
0
0
0
3
230
306
181
0
13
0
34
0
0
110
0
75
21
0
571
112
16
13
103
0
2
1281
86
0
91
1
100
381
28
34
1295
110
2
0
0
488
109
0
6
20
9
0
0
0
101
184
0
79
0
0
0
0
0
224
0
232
10
0
23
12
243
0
2
0
0
267
216
46
47
0
0
182
0
0
0
22
394
2005
2
0
2136
29
97
199
1
145
0
2
4
698
22
0
12
116
65
11
0
0
5
0
0
1183
0
4
1069
5
35
23
2262
174
0
0
200
2615
69
1540
254
0
51
30
448
1
37
49
27
23
3
0
1
76
0
0
2717
2
3083
1
0
27
0
17
0
94
141
0
181
53
57
0
108
509
3807
6
18
67
27
454
123
0
10
0
131
2
0
1
352
404
0
286
2
29
30
243
0
115
449
179
59
124
156
0
252
21
1111
583
10
1423
0
290
292
250
168
0
0
17
0
0
55
79
10
0
147
0
5
23
11
0
0
2798
111
173
328
90
128
10
0
6
25
0
1063
0
15
0
0
3
1876
0
152
147
3
1329
0
25
328
19
35
382
0
0
194
0
0
0
0
13
0
0
0
31
347
60
0
43
0
0
231
8
0
0
662
160
862
250
0
1366
41
0
0
102
22
0
0
0
2
39
91
10
0
16
0
0
0
12
25
58
980
53
233
7
99
1
3145
0
0
5
80
0
21
135
0
125
9
49
51
0
563
464
30
740
79
0
0
378
734
288
176
0
0
75
0
0
0
0
1134
4
2162
253
250
356
348
0
3
0
0
48
0
419
0
0
183
166
12
65
1
703
29
0
8
165
0
96
0
149
5
134
80
0
970
55
0
41
7588
0
79
1219
551
292
313
243
900
44
515
0
935
1396
3
81
30
3
0
0
239
0
185
107
1980
0
5
230
184
0
1173
175
77
0
0
0
0
1938
6
12
775
0
592
0
33
0
0
746
47
0
0
1017
22
0
0
5
0
94
1
106
2
1057
7
149
67
816
0
6
133
1060
0
16
15
89
82
52
0
36
408
177
0
2
211
21
225
0
0
18
47
0
47
208
0
157
0
0
0
3
0
0
0
0
16
0
0
0
0
34
0
0
712
21
0
0
1789
0
0
5
5
0
64
0
56
1
2
83
0
0
0
4
0
0
119
83
0
0
0
284
0
0
0
160
23
4
3
0
381
3
0
16
35
0
0
0
1
13
0
4
0
0
40
0
0
16
515
0
0
34
0
2
330
9
442
18
0
6
0
31
0
0
0
58
0
207
0
0
10
0
11
0
24
0
0
472
28
4
457
33
0
1178
46
4
3
64
403
0
0
24
0
0
51
19
28
0
91
37
0
2
782
507
21
4
161
0
20
47
0
42
43
0
31
0
0
0
0
688
0
0
0
0
1399
0
282
8
4
0
0
106
533
309
75
0
0
0
0
0
0
11
0
0
74
0
1
118
0
0
0
0
0
72
2593
66
7
0
58
0
0
0
0
0
0
0
0
0
0
0
0
0
11
0
0
15
60
0
0
0
68
3
64
0
0
0
0
0
1
0
17
0
0
0
0
0
0
63
0
0
2
18
275
0
0
0
0
0
0
8
0
0
2
0
0
0
0
0
8
0
27
3
0
0
14
0
0
0
0
0
0
0
0
0
0
0
0
0
0
1
1
0
0
798
0
0
0
40
3
0
0
2
742
1
0
117
52
0
12
65
0
1
0
0
0
0
0
72
58
0
0
0
15
400
76
0
53
3
4
0
0
0
0
0
0
6
0
0
26
0
0
0
451
0
8
0
0
0
0
0
0
68
0
102
0
53
0
30
0
2
0
0
54
0
3
0
0
14
1
0
0
0
87
6
0
14
0
15
114
1
0
0
15
82
0
58
0
2
0
146
0
10
0
168
0
0
4
0
11
0
0
0
0
116
0
0
0
0
439
0
13
1096
275
0
0
40
34
0
3
0
1
0
76
0
0
117
0
89
2
0
0
0
4
0
0
0
3
0
55
0
0
293
0
6
0
0
0
29
0
9
0
0
0
0
0
1
0
7
0
0
2
36
0
49
0
0
228
6
0
0
0
0
228
0
0
6
0
0
0
0
0
0
4
0
0
30
0
0
112
4
0
0
0
63
1
0
1
56
0
0
20
0
0
0
21
1
0
8
0
0
0
0
0
0
0
0
0
0
0
0
0
0
6
0
0
0
0
93
17
0
93
11
1
0
0
0
40
0
0
0
0
0
0
0
0
0
0
0
0
0
0
0
85
0
35
0
0
0
0
153
0
0
0
420
0
1
0
3
0
13
0
1
0
10
30
1
0
0
3
0
0
1
0
0
0
4
0
783
0
0
0
2
0
0
0
0
0
0
0
23
34
0
0
3
0
2
347
0
0
0
0
0
0
0
0
0
0
0
0
0
19
0
314
125
0
0
0
0
0
0
0
0
312
3
0
0
0
0
0
0
0
0
545
23
0
786
0
0
89
0
0
0
0
0
0
2
0
0
2
0
0
4
2
11
0
2
0
0
0
0
0
4
0
0
114
0
0
0
37
9
0
201
0
32
0
0
0
0
0
5
0
0
0
0
0
0
10
2
0
0
0
75
0
0
76
0
0
0
5
2
0
0
0
0
0
0
106
0
0
0
0
56
0
0
0
0
166
0
0
0
0
0
0
1
0
0
0
98
4
0
0
0
372
494
0
0
0
2
6
4
0
0
0
0
0
0
0
15
0
56
1
0
25
0
61
78
5
8
2851
0
0
0
0
417
0
36
0
0
0
0
0
4
0
0
1
272
3
5
0
0
19
0
144
0
0
0
0
0
0
0
0
0
0
0
0
0
13
0
0
0
207
0
0
0
0
0
0
0
0
1193
0
100
0
0
0
0
0
0
0
0
78
0
0
274
0
0
127
7
602
0
0
0
2
2
54
0
0
6
0
327
2
0
0
0
0
0
0
0
13
60
11
0
0
4
0
0
0
0
0
11
41
561
0
0
27
25
1014
0
408
0
0
0
24
0
0
2
1
31
0
0
0
0
42
0
0
0
41
0
0
0
0
0
0
0
21
0
0
0
0
31
0
10
0
3
13
0
23
0
0
0
0
0
659
0
0
0
191
0
0
13
0
0
4
0
0
0
0
25
0
2
0
0
60
900
200
0
0
0
0
0
0
0
0
400
0
36
0
0
0
0
0
400
0
147
0
0
19
0
0
6
0
0
13
0
1144
0
0
0
0
0
0
79
0
0
0
37
0
37
1
3
38
0
733
0
0
0
130
0
0
0
2
0
2
0
0
3
0
0
0
1
149
0
0
0
0
555
2
0
0
112
0
2
3
43
276
0
29
0
0
0
0
0
0
0
0
574
0
26
0
0
0
0
0
173
156
0
0
48
0
359
0
0
7
0
0
0
0
39
3
0
0
4
69
6
0
0
0
0
15
0
0
0
69
38
0
0
747
0
299
40
2
0
1
0
0
0
0
0
0
129
0
0
1
35
0
0
0
2
0
0
0
0
0
0
1243
0
3
6
0
0
0
1727
79
3
4
0
0
0
0
10
15
1
5
0
2
0
6
0
1
0
0
0
0
0
0
52
0
0
0
0
796
10
0
0
0
2
0
2
0
0
0
23
3
5
0
0
0
0
117
0
144
3
0
6
0
0
1280
51
0
0
90
308
0
141
39
0
0
24
0
0
0
1
8
13
20
0
0
0
0
0
0
0
0
0
0
0
0
0
235
149
0
1108
5
0
0
0
0
43
0
0
1
0
0
0
0
1
0
7
82
20
241
0
0
0
1
0
0
0
0
180
0
1
0
83
0
0
0
2
0
0
0
0
0
0
0
0
1
38
57
0
0
0
0
0
0
168
0
351
0
0
0
0
0
0
0
512
1
0
179
6
0
0
14
0
0
708
0
0
6
0
0
0
0
0
60
72
8
45
0
3
0
4
7
62
0
0
1
0
0
1
0
0
567
230
29
0
131
0
0
0
0
0
8
7
37
1642
0
0
0
0
0
0
275
0
0
0
3
0
0
46
2
0
4
1
0
0
0
62
0
0
0
0
135
0
0
0
0
8
1
0
0
0
0
2
0
0
125
0
0
0
0
0
0
11
0
0
0
0
0
0
0
0
0
0
9
0
3
0
3
0
0
0
0
81
0
0
5
49
0
0
0
94
0
0
14
0
0
130
0
0
0
8
197
4
0
0
4
0
14
2
2
3
43
0
2
4
83
0
134
1
0
43
0
141
0
484
73
0
0
14
0
42
0
0
0
0
26
0
0
0
1
3
0
2
0
8
250
739
0
4
0
2
8
0
15
0
0
0
4
0
0
1
0
12
0
394
60
273
0
0
0
85
0
0
2
0
10
7
0
382
665
0
0
0
0
0
3
431
0
20
5
0
0
0
0
30
0
0
0
113
1
2
0
2
0
6
0
20
4
0
0
228
0
0
0
0
11
0
0
0
1
0
1
0
0
0
0
0
0
0
0
31
8
0
0
0
37
190
4
0
0
119
0
0
132
0
0
1
0
188
0
0
0
0
42
633
0
917
0
0
0
0
0
0
0
10
0
5
0
0
0
0
0
0
91
0
20
0
0
2
0
0
0
48
3
44
0
0
0
0
510
0
0
83
0
0
22
27
0
309
60
0
0
0
0
0
0
0
0
573
0
0
0
25
52
0
0
1
0
51
261
6
0
4
25
9
0
1342
4
31
0
0
85
0
274
311
43
122
0
0
16
0
175
0
0
13
0
0
0
0
0
0
0
438
0
2
0
0
2
0
0
0
7
0
102
871
0
0
0
0
0
62
0
0
199
72
0
0
3
0
0
73
0
0
0
3
0
0
0
2
0
0
1
0
7
250
20
7
0
1
0
0
0
18
54
0
0
0
43
22
0
0
8
1
0
1
0
0
0
0
188
443
0
0
0
0
0
0
1
68
385
0
42
134
0
0
0
135
0
0
0
39
0
30
0
63
2
0
0
158
0
0
0
0
0
0
0
0
0
0
4
0
0
3027
133
6
0
0
0
0
0
0
104
256
351
0
0
294
0
27
2
0
1
0
0
0
0
233
1
16
15
93
0
0
10
0
866
1
3
0
0
0
1187
0
38
0
0
1599
35
0
0
0
0
0
0
0
211
7
0
73
0
1
0
196
0
0
26
0
0
1
1
0
0
53
0
8
75
0
0
0
0
0
0
109
0
1568
41
0
0
0
0
0
116
508
0
0
0
0
1083
0
0
48
0
0
1
427
0
1222
367
0
0
6
1
0
0
0
0
0
0
0
2
488
0
0
0
74
0
0
0
0
0
0
3
0
0
42
0
500
18
0
0
7
0
4
0
0
0
0
23
269
8
0
0
0
86
0
0
0
0
16
0
0
33
0
0
14
0
0
0
890
0
0
0
0
73
0
311
0
6
0
49
0
0
2
63
0
3
0
0
100
0
29
0
0
0
408
0
0
0
0
0
0
0
234
17
0
352
1
4
234
0
0
1223
0
3
11
8
0
0
0
0
0
0
0
0
0
0
3
0
0
0
0
0
0
17
0
0
0
0
143
0
0
0
132
0
0
0
0
0
5
0
0
0
0
0
10
0
0
0
0
0
0
1
296
3
11
0
0
639
0
0
0
0
183
0
0
0
0
0
0
332
0
6
0
0
0
11
693
16
20
1
877
0
0
4
0
0
0
3
0
84
0
10
0
0
0
0
0
17
0
182
0
0
20
4
0
0
0
0
585
61
1896
0
10
0
0
109
66
0
0
87
675
0
0
0
8
0
0
0
0
0
2
29
0
1295
0
12
2
6861
0
9
28
0
0
0
0
0
0
0
3
31
1
51
0
149
0
43
99
0
0
0
59
0
0
0
118
0
0
59
16
0
263
0
0
0
9
0
0
0
2
116
450
0
0
0
0
11
0
0
3
0
0
9
0
11
0
20
0
0
0
0
0
0
7
0
0
0
0
0
22
255
0
0
0
5
1
0
0
0
0
0
13
0
0
1
0
45
0
0
0
0
0
33
2
0
0
0
0
0
0
0
0
0
0
0
0
0
0
0
5
18
0
0
0
0
3
0
0
0
0
0
0
0
0
0
4
0
0
0
0
51
1470
0
0
0
5
0
0
0
0
0
0
0
0
0
0
0
0
0
1
0
119
0
355
0
146
0
0
113
0
0
44
0
0
0
0
0
0
880
0
13
0
0
0
3
0
3
0
0
342
0
107
0
0
0
0
0
0
0
323
0
0
0
0
0
0
0
0
0
0
2
0
0
0
0
0
0
8
0
0
0
0
0
0
0
0
0
185
0
0
0
0
0
1
9
0
0
0
0
0
155
0
1536
0
0
0
0
0
0
0
0
0
0
0
60
0
0
0
0
165
0
441
0
0
0
0
0
0
476
0
0
59
0
0
0
7309
0
0
0
0
2
0
92
22
2
71
0
0
15
0
11
114
186
0
0
0
63
1
0
0
0
0
293
0
0
0
0
5
0
252
0
33
0
0
0
561
0
0
9
0
188
0
1588
0
18
0
197
6
0
0
0
0
0
0
0
0
0
1
0
0
0
0
0
0
0
0
2
0
0
0
0
0
547
0
287
0
0
3
4
0
0
0
0
0
107
1
0
0
0
0
1
0
0
0
0
9
0
1
0
0
0
0
0
0
0
0
0
55
0
0
0
0
0
0
352
0
0
0
0
0
0
0
0
0
0
0
0
0
0
0
0
8
3
0
0
5
0
0
0
0
0
0
0
0
0
0
0
0
0
0
0
0
0
1
0
0
0
0
0
0
0
0
0
0
0
0
0
0
0
0
0
0
0
0
0
0
8
0
0
44
0
0
0
1
0
0
0
0
224
499
0
8
0
0
0
36
0
0
114
0
3
0
0
1
0
0
0
0
0
0
0
0
0
226
0
0
0
0
0
0
0
0
276
0
0
17
54
10
0
0
0
0
0
6
0
0
0
0
0
43
0
0
0
0
0
0
561
0
0
0
0
0
0
19
0
3
0
0
0
10
0
0
0
0
0
0
0
137
16
31
0
0
0
0
0
262
0
0
0
0
0
0
0
407
0
0
0
0
1
706
0
0
304
79
0
0
0
0
0
0
8
0
0
0
0
0
0
0
3
0
495
0
0
0
0
0
0
128
0
0
0
0
0
0
7
0
0
23
0
228
0
0
0
218
1
0
0
0
0
0
50
220
0
0
0
0
0
0
0
0
17
0
0
0
0
0
18
0
0
0
1
0
0
0
0
0
0
0
0
0
2102
35
84
0
53
0
0
59
10
2
24
4
16
591
11
1
0
1
0
4
1
0
0
0
0
0
0
11
199
10
0
252
0
663
96
185
0
0
0
0
0
24
0
0
295
30
1
108
3
69
0
0
217
124
93
693
0
0
0
112
5
0
6
6
0
1
54
0
19
130
0
183
0
1
0
104
0
15
0
2
143
1
0
1
780
0
28
0
0
11
2
1
61
0
183
54
367
0
41
0
0
0
0
1
213
20
122
18
44
0
26
0
19
0
2
295
13
0
0
80
0
73
6
874
94
0
0
0
106
0
4
1
2
0
0
0
0
157
0
179
0
867
0
0
0
0
0
29
42
0
0
0
1
0
0
0
0
116
186
12
0
0
579
0
0
0
0
0
38
0
0
575
0
23
0
2
0
8
8
79
0
0
187
0
19
0
83
1
11
0
120
0
0
6
0
0
479
111
0
3
0
10
0
0
22
0
0
6
0
0
741
0
0
1
6
0
2
2
0
5
0
0
440
553
0
2
249
0
328
1
51
6
35
0
60
0
0
13
338
10
78
0
1
13
391
0
0
0
26
0
49
0
14
0
0
0
0
0
0
379
0
0
0
0
0
0
0
0
0
103
0
0
1
0
0
2
3
0
2532
17
521
0
0
0
0
29
32
0
203
2
0
0
11
0
0
65
0
2695
26
697
0
0
132
54
55
3
2
0
1835
0
241
300
313
0
129
0
49
990
279
0
0
0
0
845
0
1474
0
0
0
0
0
78
9
0
0
0
0
169
1
31
19
28
114
282
0
653
0
7
0
235
52
7
0
194
84
0
490
0
30
40
0
9
2
98
0
0
0
0
0
444
0
2
3
1210
0
0
3
72
0
88
160
15
29
0
73
134
0
0
0
0
1
0
0
11
0
0
2
0
34
0
0
0
612
37
59
0
63
1
0
0
839
0
0
126
0
9
0
0
149
96
3
67
0
0
1
0
283
3
28
0
0
0
0
0
0
0
28
0
160
129
14
2
4
163
161
0
0
69
18
64
0
11
0
203
2
3
50
0
0
4
34
808
4
49
0
24
984
67
31
6
53
0
3414
13
0
1
5
7
517
0
0
96
80
278
2
120
373
2
0
17
19
62
3
326
3
0
0
0
0
0
5
72
0
0
180
0
58
19
0
64
0
0
0
0
0
73
0
42
88
0
0
0
0
0
0
0
450
7
761
661
205
17
0
18
27
0
23
0
0
0
1066
851
0
291
0
1
0
754
0
0
100
1
0
0
28
0
5
2
5
0
176
0
51
2
21
0
0
136
0
0
83
1
112
556
55
0
0
51
347
257
5
0
0
0
0
0
489
10
0
590
0
0
0
52
8
440
3
0
3
0
100
22
97
377
0
1
0
0
0
100
0
0
0
0
0
0
37
0
767
0
41
180
1
0
0
0
84
318
0
0
0
0
13
0
3
218
0
0
0
0
10
0
63
0
62
0
2
0
78
16
0
0
0
1
888
0
0
111
0
0
0
1
29
0
76
40
0
0
0
0
1
93
0
0
0
0
268
8
0
28
0
30
5
59
35
0
85
0
0
0
0
85
0
12
297
0
0
19
0
0
0
128
0
107
36
0
0
0
196
25
0
3
0
390
218
16
0
0
1
0
0
251
9
0
0
9
0
0
0
0
0
0
138
0
7
1
0
0
0
0
1039
0
83
0
0
0
23
0
0
0
0
1049
0
0
0
36
0
84
0
0
0
0
167
1
2
1
0
0
0
0
0
94
0
0
0
423
0
6
1
0
119
0
1161
0
0
0
0
1449
99
0
81
32
0
0
3
12
203
0
45
5
0
0
0
0
2
16
14
32
899
162
60
0
0
17
0
7
0
0
168
651
0
61
0
0
0
4
0
16
225
0
0
40
0
199
58
67
0
0
158
245
10
39
0
380
0
20
0
0
0
1
1
10
180
389
57
30
3
0
0
1
0
199
66
0
0
0
400
7
0
62
0
0
155
34
0
326
13
0
427
2
0
23
0
0
0
0
0
928
0
1
0
4
0
0
0
62
1
0
366
0
0
0
0
0
0
70
0
67
53
11
4
0
0
0
0
0
548
143
2
19
30
132
0
40
16
0
0
1
0
0
0
0
7
0
3
0
0
15
0
0
118
17
16
3
0
17
0
5
0
0
0
5
0
0
0
10
0
15
33
2
0
0
1
0
0
0
0
98
2
0
0
2
0
0
0
0
0
6
165
0
0
15
3
558
0
0
32
79
7
41
0
0
0
0
0
0
0
0
5
23
0
12
31
0
0
0
22
0
145
0
0
1
405
33
1
0
0
27
19
0
0
23
694
0
75
0
81
23
1678
172
595
0
1
256
30
0
544
0
0
6
40
0
10
48
0
0
144
0
1
0
18
0
0
16
0
0
0
0
12
0
0
0
0
0
42
184
55
12
0
0
5
71
0
111
216
0
0
0
0
13
0
0
65
0
62
5
0
30
65
262
4
0
1
2
0
0
47
21
2179
0
20
4
12
0
0
0
0
0
42
483
0
0
1
0
0
0
56
132
1
29
0
343
158
0
0
0
278
3163
0
239
0
1
30
189
29
0
15
27
0
1
14
38
5
0
7
0
1
7
0
18
149
138
355
5
0
141
4
8
0
10
0
1
86
0
0
0
3
48
21
0
7
0
0
8
374
0
0
0
3
2
1
450
0
0
228
365
1056
529
3
0
164
8
52
0
9
0
226
1
0
0
0
0
20
0
18
0
0
0
46
10
192
5
4
0
24
14
1
838
0
871
0
1
3
134
36
29
0
856
0
0
27
59
500
88
4
510
29
27
0
41
5
543
19
0
0
0
0
4
719
0
57
0
27
33
0
0
45
138
0
110
13
569
250
5
6
0
35
0
0
15
0
265
250
296
16
50
0
188
0
96
0
0
222
98
0
0
0
194
0
0
0
20
4
96
0
1052
0
1
2
0
15
75
0
250
33
32
7
332
128
121
7
13
1
274
0
0
0
123
0
0
67
3
0
2
140
0
0
9
0
0
0
19
1181
35
4
515
299
0
587
0
0
1
7
0
410
29
0
146
12
0
2
0
0
0
55
16
44
1
110
0
0
0
1
11
0
354
0
3
884
0
0
0
21
4
1
0
48
27
1
0
0
0
156
0
0
448
0
5
0
3
0
0
40
0
68
0
12
49
0
18
0
6
0
509
80
291
0
0
509
94
0
112
7
0
0
0
0
34
9
3
0
0
0
0
20
2
109
0
111
6
23
13
26
0
35
0
0
0
0
21
41
22
113
1066
516
25
94
0
0
0
27
0
294
1
0
3
0
841
9
15
282
69
525
343
0
0
4
0
109
0
22
0
0
273
37
17
0
131
26
0
4
0
112
69
118
0
0
0
2
21
0
0
0
288
26
0
0
49
0
122
1
29
13
0
0
25
0
0
140
264
0
14
0
64
1
0
0
9
0
266
0
0
1
0
0
0
0
0
0
0
0
0
3
20
472
191
165
2
0
0
0
84
54
0
0
0
0
0
57
68
0
0
3
26
0
0
0
0
12
11
0
0
0
0
7
0
0
19
0
4
32
18
6
10
0
0
14
63
6
0
23
0
261
0
0
0
0
0
159
0
213
0
129
3
119
7
3
545
326
315
0
0
24
0
0
0
53
0
19
7
7
12
11
48
10
0
17
205
0
25
0
32
886
0
0
0
18
7
13
56
27
72
18
28
16
0
1
12
0
343
0
0
0
10
0
0
1
0
0
53
15
111
3
7
0
0
0
14
30
19
224
0
0
508
0
381
0
0
13
654
0
0
18
1
0
0
35
0
0
244
0
0
0
0
0
30
0
0
0
0
0
1849
3
45
0
0
0
0
98
19
105
221
176
1023
152
1
53
0
255
41
0
295
0
127
0
50
0
213
0
102
2
0
0
3
1
5
0
1
2
142
0
0
0
0
177
24
23
348
0
0
0
191
0
0
0
0
31
0
116
1805
0
346
0
0
11
86
13
0
0
18
9
0
0
0
245
0
0
0
77
0
1
0
0
0
0
4
101
48
56
0
3
412
0
0
3
5
0
606
0
0
0
121
0
268
118
12
0
8
1
0
0
0
0
0
343
58
434
0
131
0
0
9
1023
2
19
0
0
12
0
12
0
0
0
1
388
2
4
35
0
0
0
0
0
7
5
0
149
1
0
17
0
768
0
0
0
0
304
0
161
35
0
0
8
0
0
0
598
2
0
0
0
0
0
0
0
0
41
0
0
0
12
0
181
14
0
96
0
25
33
0
50
0
0
0
0
0
51
0
0
0
0
0
0
0
4
14
1
357
0
2
589
0
0
0
28
2
0
1
395
23
107
0
4
78
0
0
0
0
5
0
12
48
0
2
0
0
0
0
0
1
0
4
0
1174
0
33
186
0
0
0
0
15
0
1
364
0
0
501
0
0
5
0
134
10
0
0
0
0
1
40
23
0
2
2
4
0
0
578
0
70
0
0
58
0
0
0
41
3
5
21
58
206
0
14
10
100
15
0
21
0
0
0
0
0
0
0
0
521
0
0
0
0
3
50
0
0
1
283
0
0
0
0
363
8
0
0
0
146
581
0
12
0
0
47
201
66
298
1
0
3
0
15
0
2
570
10
135
36
0
155
347
0
4
4
9
1
0
0
52
322
0
0
0
0
0
0
63
1
0
0
0
0
493
28
0
194
512
64
46
0
18
7
0
24
20
0
73
145
0
69
37
124
479
0
0
181
0
1
0
0
0
0
500
0
632
0
116
676
11
48
0
0
0
5
21
2
45
0
0
0
33
3069
0
495
183
4
0
26
0
115
0
0
0
0
0
0
578
6
0
0
0
0
0
44
0
15
48
0
1150
0
0
0
0
136
54
0
78
0
0
0
0
0
0
0
0
0
0
95
0
97
0
15
19
228
84
0
100
0
0
0
0
7
2
98
0
0
16
58
0
0
126
0
0
0
0
12
5
0
168
77
0
11
106
0
0
100
624
0
0
0
3
1
0
24
644
90
7
0
0
0
7
0
11
103
677
0
430
13
522
11
3
0
0
0
0
1
128
774
0
0
0
0
0
198
447
46
0
0
1
0
16
265
0
5852
0
1
477
296
0
0
0
0
0
0
18
37
0
0
22
2
0
167
0
0
77
50
1
255
0
233
0
69
0
2
0
0
0
0
251
2039
0
452
0
213
23
131
629
0
0
0
0
71
213
0
37
295
1
1
5
9
303
278
1
0
0
56
0
0
0
1
0
0
0
28
0
0
5
0
11
2
0
0
837
3
0
0
405
8
7
0
89
0
0
13
1146
0
0
0
194
175
0
0
0
7
0
28
176
1029
0
0
120
0
311
0
5718
0
10
337
0
0
0
0
0
0
0
10
0
193
0
396
299
0
46
5
57
0
91
0
140
680
2729
0
239
194
0
0
0
30
0
91
0
0
0
0
0
2
250
0
11
0
0
2
36
0
0
69
17
17
10
13
42
115
1
0
0
0
6
452
0
370
38
11
0
0
0
452
0
0
171
0
0
0
0
1323
0
70
0
0
139
0
0
1
0
110
0
12
0
255
0
0
26
0
28
5
0
8
92
5
1
194
245
0
0
11
20
79
2
0
3
0
61
0
43
0
0
1
35
0
0
333
43
0
21
541
9
128
351
243
0
0
1
0
0
2
0
425
162
0
0
0
0
15
336
13
0
11
3
697
2
4
0
0
196
119
79
0
553
18
0
0
102
10
0
0
1
0
5
177
82
20
10
172
0
0
0
0
0
0
525
0
10
161
200
8
0
66
0
0
6
188
104
80
3
0
0
12
126
1
0
595
0
0
0
369
0
0
0
3
0
817
1021
0
2
16
204
0
1
0
0
0
13
478
540
0
349
0
21
0
0
53
0
3
0
0
0
22
0
0
0
0
0
0
160
3
0
0
0
123
0
0
0
0
0
10
1350
92
0
0
215
0
176
111
6
0
44
32
0
2
0
0
172
14
0
12
143
566
0
0
0
0
2
0
0
0
0
0
9
0
63
0
1064
0
0
0
409
5
0
99
0
29
0
2
0
0
0
206
160
2
472
0
0
46
0
2
0
0
0
0
22
0
0
2
0
0
0
1032
56
3
81
0
0
0
12
0
71
49
0
11
450
0
0
0
178
0
0
2
7
1
831
5
0
269
4
0
0
0
0
4
0
0
0
20
2
0
0
1
0
0
2
0
0
0
0
0
210
0
0
9
0
1
8
0
0
0
82
15
9
0
503
0
8
912
0
41
0
2
48
0
0
0
54
5
0
9
891
0
91
0
0
91
0
0
203
0
378
0
0
0
10
515
0
0
0
0
0
58
133
13
4
0
0
39
325
432
1
18
10
0
9
8
2
0
12
25
0
0
13
16
3
0
0
154
0
0
0
4
33
0
199
0
0
15
43
976
31
25
38
0
0
166
1316
0
0
833
0
0
0
29
49
0
0
23
0
0
11
19
0
32
0
14
1
0
0
26
0
0
0
0
552
0
1
0
31
0
0
53
3
0
0
0
0
41
0
7
0
2
51
5
2
0
0
544
0
141
19
0
0
47
0
0
0
30
115
3
0
0
17
0
334
0
0
2
191
809
0
0
48
0
64
0
0
0
0
428
0
0
0
0
55
18
14
60
38
0
347
0
0
0
201
111
63
0
30
15
0
13
0
0
96
0
3
0
12
259
0
0
0
56
1
815
1
2
301
0
0
0
0
8
0
0
6
11
5
440
0
31
0
0
457
1
0
0
86
0
0
0
0
413
0
389
493
143
111
0
0
59
1530
0
1
1
31
0
0
2
0
148
0
124
6
0
114
512
0
0
0
0
2
0
231
5
0
92
0
0
455
0
13
0
51
588
0
0
3
87
0
0
45
205
0
0
0
0
225
333
20
11
0
1
0
9
0
8
0
0
18
0
0
2
9
8
704
227
0
1
85
0
0
0
0
0
0
0
0
0
1016
11
112
0
2382
0
744
0
0
3
169
0
1
0
0
7
72
21
80
32
25
46
0
82
0
89
1
9
0
0
0
79
8
0
261
3
162
0
0
0
0
5
26
264
0
8
1
0
0
2679
0
108
69
50
50
121
3
11
0
144
12
0
147
6
0
0
0
46
0
0
5
0
44
0
0
0
19
7
1
11
0
315
0
0
0
1
0
0
2
2
582
0
0
0
66
0
7
35
0
6
1
113
0
0
0
231
0
0
2
392
31
30
39
5
1
301
0
0
245
0
0
0
121
0
0
0
44
0
0
0
0
0
176
25
354
51
0
0
0
0
284
0
23
0
275
118
0
288
2
203
93
31
5
70
0
0
54
208
0
809
0
18
0
87
0
3
0
0
495
0
0
0
42
0
987
0
14
0
3
0
23
0
5
3
116
0
2
78
0
0
0
0
197
0
15
352
0
0
0
193
68
106
37
0
0
0
17
67
86
0
0
60
0
1
0
0
0
0
224
0
3
24
12
32
0
0
0
0
161
0
14
0
13
70
2
0
0
0
6
0
37
0
38
0
10
0
0
120
0
36
238
0
227
135
0
50
0
33
85
1
41
0
20
2
88
40
35
1
4
223
14
38
0
2
0
85
534
783
78
0
0
0
0
0
130
295
0
26
2
102
0
10
4
0
0
0
34
0
127
0
20
40
103
23
0
10
40
84
0
124
0
0
0
16
4
0
0
0
2
0
153
87
0
98
49
1372
6
176
0
18
15
0
0
0
0
24
0
0
0
0
0
7
54
8
1
0
22
13
112
0
61
23
421
24
0
926
46
89
0
0
0
0
5
0
389
0
78
59
7
0
10
0
0
0
29
0
24
0
0
0
81
80
721
22
6
4
0
3
25
21
0
4
88
0
0
31
206
0
0
0
531
1
436
2
0
0
28
121
14
0
108
49
0
3
0
2
0
492
1
30
836
314
0
82
0
0
98
43
570
177
0
0
0
21
0
126
114
109
14
0
0
11
0
114
804
0
1
35
28
0
0
0
0
95
0
502
582
363
0
0
343
0
481
0
0
4957
0
0
0
0
33
16
18
0
1
39
0
159
81
0
431
25
101
12
0
264
0
3
175
308
3
0
0
110
10
211
0
0
2
0
16
0
0
0
1
0
36
0
0
0
38
0
360
0
0
194
0
498
28
0
30
0
6
163
0
0
69
13
1455
0
0
0
356
256
3
0
65
4
0
548
47
93
1
0
0
0
11
124
14
4
5
2
3
0
9
0
2602
15
0
2
0
61
1
0
0
1
0
0
5
0
5
131
0
6
45
0
0
0
388
0
68
123
0
0
3
0
0
227
0
0
24
0
56
0
258
0
0
0
2394
35
49
0
0
1
47
55
40
0
12
0
3
4
2
396
32
701
3
0
0
347
19
0
157
149
0
154
0
1
0
0
0
19
37
23
3072
211
0
1
0
0
344
0
0
0
135
1
0
1088
15
0
4625
32
323
29
0
0
0
0
0
71
35
25
0
0
89
63
37
4
0
297
0
0
36
19
5
0
1
0
0
26
0
0
0
0
0
703
0
9
0
0
0
0
24
1
1
0
106
0
702
0
3
0
0
883
3
1
0
31
1
18
3
168
259
0
0
0
1
0
0
0
0
0
0
0
0
0
0
0
1
0
0
16
0
0
0
0
285
0
1
0
0
0
15
6
0
6
0
138
21
1
430
0
0
0
0
0
0
0
0
0
0
189
0
0
0
0
1
1
42
143
0
0
0
0
0
9
7
12
0
37
112
44
0
1
2
521
3
0
5
105
0
0
35
27
0
0
108
33
4
0
0
0
657
120
0
0
205
0
57
0
114
42
0
0
99
22
904
58
1
43
0
0
0
26
0
450
0
0
3
0
0
0
0
0
0
227
16
72
0
0
0
0
3
0
25
281
0
3
59
516
0
0
132
0
0
0
328
3
0
3
86
5
0
0
0
0
227
0
0
8
0
404
0
0
0
5
0
0
0
0
0
0
0
1
0
0
0
58
0
625
0
2
418
27
0
68
0
135
205
16
64
0
0
28
0
815
0
0
0
0
41
2
0
9
0
0
0
11
0
0
0
0
212
237
152
0
22
0
42
0
2
0
0
0
0
0
1414
2
5
9
0
0
0
0
0
0
52
0
0
231
23
260
113
2
23
0
0
0
29
0
579
0
0
180
0
0
0
0
0
0
0
0
214
0
0
0
2
0
855
5
2
0
0
559
0
0
3
16
0
0
29
0
1
0
91
63
4
0
8
248
0
0
1
0
278
38
181
0
27
2
4587
0
0
86
0
2
0
0
0
1
0
0
106
26
0
9
1
0
289
0
0
18
923
0
137
42
51
0
0
136
16
0
14
0
232
253
0
66
0
0
0
4
0
0
2
9
189
0
0
0
4
0
0
0
142
11
271
0
0
0
7
16
537
0
10
0
0
0
2
0
0
0
0
0
521
123
0
0
0
0
2
0
51
191
0
336
0
0
0
21
0
0
7
0
0
0
0
108
1
87
53
0
88
34
0
457
0
0
15
0
66
0
196
0
68
31
0
0
0
15
0
0
4
0
5
0
0
0
0
37
5
39
728
0
327
0
320
0
466
0
0
7
4
16
409
4
189
47
15
0
9
38
0
6
0
0
39
45
57
1
9
0
0
0
2
2
12
0
0
56
0
0
586
0
0
0
0
0
0
0
0
0
15
0
23
4252
108
0
37
0
2
0
61
0
4
0
0
0
0
17
0
0
0
0
2
45
277
19
3
0
8
0
208
0
1
0
0
0
0
0
6
0
0
11
107
266
0
809
0
18
93
903
109
14
1
0
0
1
248
125
0
0
0
0
0
124
1
0
0
0
1
57
105
49
3431
1
4
19
156
388
0
0
3
0
71
0
91
0
570
0
0
46
0
0
0
11
0
248
1
267
22
124
0
201
2119
168
0
17
11
9
1
0
5
0
15
0
0
0
47
0
45
0
0
1
682
347
76
0
0
1
0
0
9
76
0
38
94
0
2
0
785
13
37
15
5
0
0
0
842
0
37
0
11
405
0
0
2799
2
139
5
284
0
1
4
0
0
1834
0
1124
0
0
0
472
0
5
0
151
0
83
810
0
5
1
7
1159
0
0
0
89
0
0
10
0
0
0
80
0
0
34
26
20
12
1
0
66
181
0
0
0
0
0
0
0
143
10
2590
0
0
5
1
0
0
0
14
0
0
0
1149
0
880
0
0
374
0
0
3
7
35
76
0
0
31
0
224
0
6
0
37
4
138
0
265
0
0
0
0
0
0
0
20
1
0
127
0
21
0
930
0
0
0
122
10
0
135
4
0
7
0
60
13
0
0
0
0
0
155
21
8
0
0
0
0
0
0
0
0
75
164
0
99
328
12
0
75
0
174
0
21
0
16
0
0
0
0
27
0
0
12
52
0
34
358
0
0
0
30
75
8
25
0
628
7
27
0
1
0
0
0
11
27
457
1
0
0
0
64
0
0
19
0
38
21
0
0
3
43
3
0
1262
24
0
107
109
5
0
33
53
0
2284
785
58
70
39
491
89
0
0
61
0
22
463
0
54
0
0
4
11
0
0
0
2
0
0
58
0
0
1
1
5
0
0
0
0
0
0
133
0
32
0
43
0
0
0
0
0
0
0
0
0
231
0
1549
17
5
5
0
241
0
0
0
0
0
0
0
24
0
0
226
0
0
3
0
0
122
0
695
65
0
0
63
0
1
3
12
0
0
1
0
0
0
135
0
0
0
0
4
25
50
0
1
0
49
4
0
133
19
0
0
56
12
0
0
4
0
43
135
0
35
0
0
0
26
0
0
15
0
108
0
12
245
0
0
0
9
1
0
416
0
0
0
0
0
0
0
374
1121
0
23
0
0
40
358
0
0
0
0
58
165
0
200
361
0
0
0
0
0
98
0
0
3
6
1
1
99
0
18
3
497
0
0
0
0
231
1
0
5
0
0
1
0
324
28
0
0
47
0
72
0
0
435
0
0
60
2
184
145
10
0
45
0
0
3
85
28
1
12
0
5
19
116
0
0
0
0
0
0
0
0
0
136
0
0
14
92
0
0
41
0
252
88
24
1
0
0
0
2
0
354
0
125
0
14
0
5
194
0
0
1
0
300
0
32
5
79
0
1727
2
0
92
146
255
81
107
0
1
164
0
727
0
54
8
44
0
0
33
204
0
0
304
0
292
0
0
0
0
0
0
7
4
153
0
5
0
12
0
19
0
0
401
0
0
98
0
325
38
0
590
1296
6
0
0
0
0
889
145
0
0
0
3
0
0
0
0
375
53
0
0
6
0
731
0
34
5
0
21
17
0
0
0
158
0
56
108
6
0
8
266
1
197
0
73
1468
2318
8
83
0
0
18
40
15
0
283
19
64
1
0
20
78
13
0
182
0
0
78
0
0
0
0
7
0
6
1
0
0
2
21
0
7
0
20
0
19
0
83
0
127
1
7
145
0
4
201
3
0
4
18
97
1
0
1
0
0
104
0
0
5
1
0
0
0
0
16
44
268
5
2
2
0
0
4
0
0
1016
0
0
1
0
476
0
0
3
17
0
0
2
0
136
0
20
0
0
0
6
15
7
0
0
608
92
0
0
0
0
0
1
3
103
45
0
644
0
106
150
0
0
40
0
6
38
0
0
2
0
1
4
0
27
0
31
72
0
0
47
76
0
6
2
0
0
3
67
0
0
1
0
69
0
0
10
116
0
262
0
10
40
1
309
0
1
0
178
10
29
0
0
0
0
31
0
181
0
570
94
0
50
84
17
215
0
15
96
10
0
1
276
31
0
173
4
0
216
0
8
0
1513
0
0
0
23
1
0
0
0
218
42
1
0
187
0
0
0
43
461
0
0
0
0
222
0
0
46
0
0
0
0
0
0
144
0
20
244
1
0
789
0
0
180
0
580
0
114
30
0
1
6
2
157
318
0
79
56
0
5
249
47
15
0
0
0
0
0
406
61
4
0
0
38
366
39
7
1341
1
0
0
0
2
802
0
114
167
0
16
214
4
511
49
0
0
81
178
0
0
0
1
0
0
0
94
374
103
960
14
783
263
331
0
108
0
0
0
0
0
283
5
4
0
316
24
0
2
0
33
33
0
2
13
62
1185
203
37
0
0
1
69
0
0
0
0
1
0
27
0
324
102
0
0
0
36
31
2
7
0
0
3
1
0
123
0
10
71
24
0
37
0
3
195
1
1497
0
1
40
26
1005
5
0
34
0
9
0
0
0
0
0
0
0
45
476
0
30
0
1
0
0
0
0
62
128
17
0
0
0
0
5
0
64
19
22
51
73
147
7
0
0
0
0
0
228
57
97
0
0
79
0
115
0
194
0
546
51
0
0
0
11
37
13
34
0
2208
5
0
0
2
4
0
11
520
0
0
0
0
14
247
2
0
40
8
353
1
575
653
15
58
188
32
7
49
22
92
0
294
767
122
11
293
0
0
0
232
12
1
0
0
340
296
1336
2640
0
146
1
454
0
1
0
2
0
0
0
16
0
1
0
2516
312
91
0
356
205
1
16
72
2
1037
0
0
0
0
0
14
28
23
0
0
255
3
136
0
51
0
2
347
1007
0
25
4
0
585
0
283
0
0
216
20
13
43
2
0
0
0
0
0
0
17
109
35
0
0
0
164
1258
0
7
3
30
4
86
3
830
0
0
140
0
0
0
0
5
0
327
0
0
1
1
165
0
0
0
423
0
124
148
153
86
0
0
111
0
0
1
29
0
72
0
8
0
882
1727
4
284
2
7
0
288
54
121
0
197
0
0
0
0
39
0
1
0
0
0
3
0
57
39
101
32
97
99
8
7530
391
50
2
116
0
0
0
0
0
0
40
0
0
0
0
89
94
12
1
0
3
9
0
129
32
257
0
2
14
12
0
14
0
3
4
0
4
38
0
16
0
2
367
0
0
0
28
0
463
761
0
0
1
255
1
32
187
48
269
172
1
144
0
130
4
0
0
0
70
0
89
0
0
274
0
0
0
3
0
0
0
1
476
22
52
169
1
5
3
0
306
1
0
0
0
28
0
0
44
7
2
0
125
52
204
0
0
393
4
0
305
0
0
0
0
0
0
0
0
56
0
0
0
1
0
112
0
0
0
0
0
0
0
0
3
188
0
0
2
0
5
0
57
0
0
0
0
0
5
0
429
11
0
139
0
0
36
0
0
1
277
0
0
273
0
0
0
0
0
4
226
5
39
1
286
86
2
0
22
0
0
0
0
0
0
10
0
0
0
47
0
0
76
39
38
0
0
288
566
0
1
10
0
563
0
2
0
23
88
1188
0
0
68
0
0
2
10
6
21
0
0
0
0
0
173
4
0
608
0
147
0
426
0
18
55
6
65
561
0
751
9
1
0
0
286
0
0
106
0
20
0
0
7
0
915
3
0
9
0
0
1
0
49
0
0
354
0
0
1
0
0
0
1
54
52
35
0
0
19
3140
573
0
22
0
0
0
9
0
0
0
12
30
23
42
36
2409
0
0
0
612
0
11
0
0
0
0
292
184
2
5
0
145
0
0
6
141
0
0
0
0
5
97
0
0
3
0
0
7
0
0
0
0
711
6
83
0
0
0
0
0
0
0
0
4
3
0
0
0
50
1
0
107
0
0
2
0
0
0
0
0
1
0
0
0
1934
0
0
2
39
0
81
74
51
0
0
13383
0
2
0
92
4
0
0
0
0
0
0
0
0
0
132
0
0
0
25
0
0
0
0
0
0
0
0
0
0
63
0
0
0
7
1
2072
18
36
0
10
0
0
1
0
2
2164
574
263
78
16
0
0
71
0
178
15
207
352
19
312
287
123
0
159
24
0
7
0
0
10
0
1
188
0
0
0
0
20
28
317
0
266
7
137
1
0
0
0
37
56
1
0
0
6
55
18
52
12
51
0
0
36
24
0
0
0
0
0
0
0
0
0
0
1
0
0
0
115
38
0
0
0
1222
0
0
2
2209
226
0
303
0
0
0
0
6
225
0
0
607
9
0
381
0
0
66
20
0
0
0
0
1
266
0
0
1
5
0
0
257
85
0
0
0
0
0
11
0
0
0
23
1
0
0
69
0
0
0
0
263
0
1
288
8
0
0
159
0
3
114
0
0
47
0
0
0
0
91
0
0
0
26
7
0
3
6
0
0
21
2
0
0
0
3
30
0
25
0
0
0
0
618
0
1054
0
0
16
0
0
0
0
0
144
269
0
0
0
22
0
151
2
0
0
21
93
4
0
0
268
0
0
224
45
0
0
4
0
0
1085
0
0
0
675
0
0
0
47
0
36
823
0
0
0
6
0
0
0
0
0
0
0
87
50
0
0
0
0
0
1
0
0
0
0
378
0
73
0
22
0
0
0
0
0
0
0
0
0
0
0
0
0
0
0
0
0
0
0
160
0
80
0
0
0
66
0
0
0
682
0
1748
0
523
0
0
0
0
0
33
0
8
0
0
0
0
0
0
7
0
0
0
0
614
5
0
0
170
0
0
0
0
0
0
0
3
0
0
67
0
243
48
0
0
0
20
0
41
0
0
1
55
0
0
0
1
0
0
0
0
0
0
0
0
0
0
0
3
0
48
233
17
0
0
0
0
1
0
0
0
664
0
0
0
18
15
0
7
0
0
0
0
0
38
7
0
0
0
0
648
126
0
205
0
0
0
0
0
0
0
0
13
427
5
63
0
8
0
845
540
0
4
236
0
0
0
0
0
0
503
0
0
0
0
5
760
0
359
14
0
2
0
565
0
0
0
0
0
313
0
0
0
0
0
0
21
0
0
0
398
90
0
0
6
1400
0
18
211
0
1440
3
0
1
0
0
0
0
26
0
0
0
0
2
0
0
0
0
76
0
116
0
33
490
1
638
0
14
0
0
0
23
0
0
5709
0
0
0
0
0
0
0
0
0
60
0
0
3
0
0
433
0
405
1
0
14
0
277
157
0
323
0
0
507
0
8
0
0
0
0
974
0
0
0
0
0
0
1454
35
0
3
2
0
1
0
0
0
75
0
60
0
2
10
0
343
2
0
206
0
0
0
0
1
0
0
0
26
288
6
0
0
0
0
0
0
0
0
1
149
0
0
0
0
128
0
0
0
3
0
237
0
0
0
0
0
0
0
0
0
0
0
0
0
5
462
3218
71
0
0
0
0
253
0
0
0
0
0
0
0
0
0
54
0
188
18
0
0
63
1
0
0
0
1206
0
0
152
0
0
4
87
1
0
52
0
15
0
11
515
251
10
5
0
22
0
41
0
25
0
11
0
149
0
645
0
0
298
5
305
185
33
0
3
0
146
5
0
140
16
0
380
0
0
0
37
0
373
2
0
0
0
3
923
1514
463
4
0
0
0
0
0
651
132
168
0
281
2
0
0
7
119
0
1
32
0
6
21
37
0
2
43
17
0
0
0
97
19
104
585
53
83
160
0
0
3
184
0
154
1
0
27
0
21
0
0
122
1
0
0
0
2
24
0
24
1631
0
0
1565
1
0
69
2772
0
21
85
0
0
2
22
3
0
0
0
0
2
0
4
45
30
13811
242
0
435
1
99
713
21
4
28
0
0
0
8
0
115
12
95
10
0
0
52
268
290
0
0
594
2
23
0
85
0
65
111
108
4
0
85
0
127
0
0
0
0
102
0
18
20
331
48
0
7
251
15
118
190
48
0
0
116
837
5465
0
0
4109
70
456
0
1
0
1
220
269
0
52
13
324
0
0
0
555
0
160
0
5
1991
19
77
1722
0
0
2
531
0
20
91
194
50
192
498
0
4
221
75
17
0
260
19
0
103
609
0
3
2
271
0
0
0
1
0
0
6
0
0
5
345
20
532
101
320
620
1
18
132
0
58
2
590
1
126
9
123
0
12
0
94
0
1169
606
2825
1
0
86
85
1
80
127
0
0
2
18
0
1008
9
71
0
93
428
15
1
0
1
80
0
0
3
137
0
128
0
1
12
2
27
36
0
382
0
716
23
0
128
28
0
751
2
664
0
183
0
0
1
12
206
141
13
0
2
830
0
496
0
0
200
345
30
0
1
140
104
0
214
0
13
0
113
68
0
0
3671
0
2
455
19
113
64
281
2
7
30
14
25
243
0
33
47
0
83
847
107
67
12
529
59
7
679
12
0
87
0
4
31
9
0
0
140
46
719
40
6
0
0
0
315
182
228
153
571
5
27
0
0
0
66
226
50
0
1
48
62
0
13
25
177
605
0
2
224
0
131
15
59
23
0
0
15
15
391
0
0
145
0
4
183
39
0
49
0
156
33
23
0
0
46
20
273
0
0
0
0
4
19
25
310
21
0
0
11
0
0
0
139
1748
5
0
0
0
82
699
75
169
1514
386
22
3
0
47
13
0
244
7
84
116
27
31
7
0
10
400
59
0
17
3
0
282
0
8857
2
20
40
0
0
135
7
0
0
43
0
7
60
19
0
204
1
0
7
4
22
376
0
0
32
278
0
0
80
72
0
0
371
478
0
0
26
0
0
0
943
8
8
0
4
0
0
0
55
46
238
0
57
0
2
13
2509
0
2
4
28
738
6
0
0
0
4
150
0
104
68
0
4
732
623
1
0
31
9
0
2
14
0
1445
58
527
1011
0
2
0
702
0
0
0
12
7
4
85
0
0
141
0
0
14
111
100
176
308
41
0
0
1
0
58
0
0
357
54
0
152
0
0
0
485
328
465
327
3
188
15
2
776
0
0
0
51
0
151
141
61
30
295
13
0
191
0
0
39
0
1050
0
9
120
246
61
102
12
0
2889
0
0
0
34
0
0
1460
0
109
398
489
0
114
0
97
20
0
52
7
125
6821
0
0
0
844
0
181
20
159
0
46
95
6
98
0
0
0
0
0
709
0
104
0
0
0
3
107
212
300
0
2
0
0
0
0
3
0
0
574
564
0
0
13
0
0
174
0
0
4
0
0
0
74
14
557
137
0
16
0
21
146
229
19
2
0
57
0
0
5
7
2481
8
1
0
194
4
0
333
0
96
0
2127
349
0
34
0
0
369
0
0
0
49
31
93
0
0
150
145
27
1
131
164
0
0
0
3734
12
5
110
176
10
97
0
55
0
99
3
0
2
0
109
118
0
530
175
0
5
0
0
0
186
493
4
46
0
0
130
174
24
0
149
0
88
168
113
0
9
27
0
2
6
4
0
1
1946
47
10
0
0
0
0
1137
156
201
136
0
0
44
49
6
134
14
2
1
1
0
0
0
394
0
0
13
28
28
84
649
2
0
379
0
1587
0
228
1
111
0
51
11
182
0
175
30
159
3
11
0
941
264
46
1
991
373
0
317
0
8
0
2
0
0
464
70
0
370
0
5
32
0
1
0
553
93
0
5
0
92
220
37
2
0
2
31
0
0
7
126
2
0
0
7
0
61
0
0
0
287
15
5
0
1164
0
32
12
14
0
2
19
510
0
0
384
0
0
0
0
0
36
20
3
1
66
0
0
12
0
0
5
0
0
0
111
26
786
0
1
1
13
19
1
1
0
0
0
3
10
0
11
14
2
0
4
0
2
0
0
21
0
6
19
0
0
58
0
0
13
0
31
0
8
2
2
26
10
0
0
4
0
5
2040
0
0
0
0
20
23
62
18
0
0
117
81
0
973
199
17
110
4
55
0
167
2
22
101
2911
21
0
0
67
2
0
806
14
267
0
4
62
0
70
212
0
340
3
94
14
0
54
110
25
0
0
52
1545
9
9
66
10
0
944
8
559
2592
0
0
180
51
0
11
26
384
17
21
69
679
7
138
27
0
130
297
241
3
0
0
600
4
2
0
0
0
1
0
0
12
0
21
70
15
216
6
49
0
2
63
35
66
1
0
11
515
9
123
0
42
6
0
16
327
0
127
0
0
0
3
1049
0
0
624
0
1
27
0
0
40
14
1385
0
629
3
167
379
33
0
0
0
0
0
1321
0
0
11
0
606
0
0
1005
238
6
1
97
1
10
219
16
14
34
173
0
3
394
10
0
0
1
0
0
20
141
0
80
102
0
0
256
2055
26
2394
0
7
0
584
7
148
1
1
26
19
7
3
0
0
0
19
0
27
19
167
0
403
135
264
616
202
444
0
0
1347
0
0
0
4
248
330
5
0
0
1
0
0
0
0
0
0
0
0
0
6
47
98
113
46
0
6
0
114
0
0
1
0
3
0
32
0
105
0
14
0
0
4
0
20
247
12
0
0
0
0
1126
219
0
0
0
0
142
0
4
0
490
0
3
72
405
0
796
15
0
17
0
100
0
15
0
0
0
0
12
84
40
0
0
22
9
4
241
0
34
0
6
1
4
475
6
0
15
0
0
44
0
148
45
467
0
0
0
72
462
0
12
0
0
3
0
72
0
3
249
0
1
0
0
0
118
0
2
147
187
88
0
64
160
216
0
8
12
694
11
286
0
0
0
0
5
111
136
430
0
2
0
0
13
0
1
0
0
1
0
1
0
280
45
0
1
66
253
0
16
12
2
5
5
117
0
160
0
129
102
0
9
7
0
0
0
0
11
0
0
11
56
65
0
8
46
163
3
30
0
62
1
0
0
0
2
0
0
33
0
1
5
0
2
0
33
0
3
10
0
0
53
0
13
0
19
5
221
11
0
370
2
2
38
14
19
1
20
0
1
0
4
0
3
0
8
43
0
0
0
38
138
72
243
0
0
30
0
34
0
1296
0
118
118
794
4
0
1923
440
0
0
0
413
0
0
0
24
0
0
0
32
0
138
0
16
498
78
510
0
5
4169
104
0
17
0
42
40
0
7
630
0
440
0
0
324
0
23
0
1
438
0
0
91
0
283
5
0
13
122
3
25
0
0
331
148
2
0
208
3
165
0
79
18
291
8
3
0
0
0
2
0
353
0
0
364
316
2
3
650
0
1
0
2
0
0
0
195
3
349
19
269
1033
16
178
0
242
0
19
636
1
0
25
18
9
0
79
0
36
0
1
1
630
0
3882
0
477
55
0
592
0
0
163
0
210
1351
0
18
295
320
66
55
0
0
0
27
207
1
9
0
11
241
3
0
0
0
10
414
0
62
1236
45
417
49
16
962
48
25
10
84
507
0
0
324
406
86
0
583
232
131
0
0
9
0
859
1194
284
26
217
0
24
3
0
0
456
3
22
0
267
59
0
48
11
3
422
127
39
143
0
4
135
9
1
0
0
124
0
45
394
15
0
0
0
44
393
3
27
1
0
560
0
451
47
8
0
0
1121
0
253
411
22
0
67
689
131
316
83
3
1
0
654
0
1051
8
0
1
0
1
834
0
898
109
1767
73
487
151
90
0
255
1
0
0
1
10
125
141
116
0
26
33
28
509
1
0
381
29
0
0
90
161
105
159
0
0
18
2131
0
2
11
12
18
0
257
182
6
49
96
0
104
24
0
0
6
30
202
0
0
0
1
76
0
17
0
41
0
564
3
9
0
0
0
0
16
0
99
2
2
0
35
0
25
0
2
98
22
13
77
22
537
0
2
0
0
155
155
32
589
22
0
0
147
0
27
0
358
142
1
0
193
88
0
172
89
262
12
199
1
0
0
0
1
9
143
783
40
16
0
225
452
2
84
0
14
16
333
273
587
503
1251
0
295
225
3
2
0
62
29
0
165
0
108
189
103
0
92
0
114
402
779
373
0
558
1131
0
3
0
0
235
0
0
0
77
8
0
0
2
0
0
1
2
5
55
2521
120
74
15
18
1305
5
1758
0
0
199
0
18
3
0
0
402
32
8
306
2533
0
63
12
0
160
310
3
3
13
1
0
46
0
83
0
39
34
265
16
0
21
638
119
0
0
115
9
0
0
0
0
122
0
5
0
0
0
515
697
31
189
63
0
22
0
0
17
35
396
23
384
225
0
104
47
45
24
0
40
0
0
0
30
0
306
32
34
8
36
36
31
0
0
0
0
0
0
13
86
883
0
0
0
0
2
0
0
0
41
14
73
0
625
4
156
93
0
1
76
1449
21
87
49
0
0
1
0
55
8
5
0
1308
0
970
159
8
0
265
25
105
19
13
3
139
34
200
598
0
0
0
568
0
0
0
0
132
2
16
113
0
0
4
0
372
42
0
383
0
2449
2
95
368
11
0
421
2
0
0
127
0
0
0
0
172
0
445
77
0
143
4
8
55
825
313
39
0
0
2
51
0
0
0
14
295
0
1
5
13
47
0
0
127
84
13
0
58
0
34
0
0
5
2
1462
1
19
0
0
0
19
0
28
0
598
0
0
95
10
247
0
0
0
185
0
52
0
24
143
1
1495
84
10
10
0
0
0
0
0
83
231
31
0
12
0
0
11
165
0
33
12
0
0
27
0
127
523
2405
46
170
0
15
29
0
89
0
12
7
2669
1
87
203
0
2289
0
0
8
98
0
131
38
0
15
0
2
94
16
0
10
1
70
0
0
0
70
0
0
0
0
505
253
8
532
164
1
657
3
0
0
34
168
0
24
147
0
31
4
62
130
138
1106
0
0
0
0
20
764
318
17
208
1005
90
102
0
1782
198
9
0
0
671
82
813
0
0
1
0
124
0
1203
7
169
263
0
17
333
27
0
10
143
1213
0
0
25
34
0
9
324
8
16
0
10
0
516
68
0
0
193
13
3
0
1
0
53
2
1
136
110
37
0
690
2
0
94
75
1
5
0
17
0
1025
1
1059
0
89
0
275
56
236
1
32
0
0
0
4
0
0
0
2
12
68
0
1359
0
56
0
3
153
55
0
15
0
209
24
14
86
0
0
2
161
324
0
0
44
0
1
0
2
0
870
2
107
891
1
20
66
364
0
0
0
0
261
11
16
0
5
0
0
0
0
0
4
117
99
14
0
14
15
1
0
0
6
41
1
0
7
92
48
73
0
0
106
0
0
0
61
0
0
19
16
30
139
0
1
0
309
0
0
3
0
3
79
38
1
0
345
33
267
6
438
23
28
11
4
37
439
0
0
0
0
360
127
18
107
376
9
51
270
0
0
0
0
152
0
12
43
1
0
472
0
50
13
11
4
97
101
0
824
0
441
20
0
2790
11
140
1
402
0
0
1000
189
17
0
38
85
3
20
10
0
113
140
2781
58
0
0
0
0
10
996
3382
24
34
0
754
0
423
213
0
0
736
0
49
5
7
452
72
361
85
229
3
3
64
785
50
0
0
0
0
2
194
0
28
32
0
11
2
206
50
274
150
19
75
0
183
0
168
3223
59
1
540
134
58
28
0
45
13
400
11
0
8
20
0
0
0
415
3
13
0
5
108
9
0
0
37
0
138
0
20
0
345
0
314
0
226
0
0
9
36
2
2
0
392
5471
83
111
49
796
0
665
11
291
1221
6
125
0
21
47
46
0
50
0
40
0
2
7
53
626
23
3
0
0
0
232
38
142
0
65
1412
749
12
0
0
0
92
172
0
118
0
167
211
130
32
352
17
55
0
3
540
1
0
0
0
25
0
0
0
101
0
0
11
628
0
0
0
330
439
233
47
351
43
896
0
116
3
0
23
41
8
18
0
24
302
5
0
0
321
0
1038
3
40
0
0
2947
0
0
38
6
0
6
0
106
200
163
0
23
0
0
77
87
3
1510
1303
2
345
119
0
0
0
138
303
30
0
0
0
109
11
1758
28
199
83
4
136
0
332
30
39
97
6
15
0
1
1465
0
30
0
0
20
2107
94
18
201
0
0
3
0
2
2
110
333
0
14
41
0
0
2
11
330
0
7
28
89
184
0
0
4
8
6
1340
93
0
40
43
2
32
0
0
0
499
89
15
350
6
693
38
4
336
206
0
0
11
537
0
142
0
3
0
0
483
5
0
25
0
0
0
0
16
15
125
42
297
0
0
1
127
0
0
0
159
5
0
0
0
0
0
407
0
0
0
0
30
0
0
0
0
1210
6
21
0
44
0
0
0
538
0
2
729
0
0
0
349
31
752
14
0
1
57
194
51
0
73
445
0
0
0
101
0
0
6
2
2990
0
11
84
42
0
0
0
13
10
115
9
50
274
686
0
0
420
228
0
4
0
34
273
1
136
0
96
183
8
78
8
0
32
9
6
1
202
0
7
0
0
111
69
28
247
0
124
1075
53
0
206
0
134
0
442
32
295
0
0
59
875
0
79
12
2
0
327
0
0
0
44
315
2
0
89
109
406
21
11
10
196
0
16
669
192
0
0
0
185
64
681
128
0
33
2
23
0
0
14
0
1
0
0
0
202
19
0
0
0
890
57
0
24
7
0
0
680
10
0
3
0
136
1027
60
1409
1
0
0
0
0
256
0
0
35
10
346
0
0
30
0
0
0
271
281
0
0
821
0
6
2
3
11
0
15
2
0
9
0
7
16
68
0
133
113
0
13
0
0
0
166
0
251
605
0
94
13
29
2
17
0
117
0
42
26
2
229
11
0
58
0
0
47
89
1
0
173
0
0
0
162
0
4
0
1250
193
32
382
0
0
0
5
281
57
37
194
0
0
3
3
0
0
232
581
0
758
8
154
3
22
1
0
170
94
4
0
4
95
14
19
0
45
257
115
0
364
216
0
1
1
7
165
1037
525
0
10
517
0
459
0
0
0
6
277
46
440
0
1
0
0
0
0
84
0
0
0
233
0
0
0
74
0
0
76
0
0
0
2510
0
38
145
0
260
0
1
0
0
109
0
17
5
137
65
455
0
294
0
112
0
1
0
0
1
1
17
0
0
0
29
0
0
0
25
0
446
140
1914
0
44
11
203
8
1066
0
20
0
0
0
265
1
157
0
0
190
0
37
0
0
2
0
399
202
120
50
70
31
0
0
0
0
21
0
0
143
165
23
0
2
12
8
91
136
21
421
4
144
0
5
102
0
1028
0
122
0
0
526
0
85
43
511
0
5
0
43
8
1892
75
8
26
0
0
0
0
0
66
339
113
2
470
225
173
0
358
105
60
80
0
11059
8
53
6
304
296
82
3259
0
283
15
19
46
54
0
557
5
0
190
45
0
287
55
11
269
0
0
11
1046
0
42
32
22
84
13
2
2
0
1
0
0
106
42
155
0
622
0
0
3
0
92
440
32
25
2099
0
7472
2
0
51
0
11
0
7
0
0
0
237
236
19
0
22
319
804
0
34
136
241
0
202
0
4
1979
31
0
0
0
0
5
0
0
139
0
0
65
1877
18
387
69
0
479
832
1262
105
64
0
169
500
0
0
22
51
1050
0
0
550
34
0
6
0
0
0
117
13
896
0
2
67
4
12
8
2041
116
0
0
0
1
232
6
0
0
60
0
0
0
34
82
1184
53
280
459
0
0
0
294
0
0
0
12
1
168
0
0
451
95
74
0
487
560
74
94
27
3152
4
0
0
0
1598
0
0
0
24
0
0
0
0
21
120
26
0
6
0
622
13
0
139
1167
0
1003
17
23
14
0
0
9
96
20
11
0
14
0
0
46
0
1
0
127
358
55
0
124
579
0
0
153
65
0
70
494
27
3
31
0
0
0
0
95
464
0
0
5
367
27
0
455
0
3181
40
0
0
474
0
11
56
42
0
214
44
88
1401
118
0
0
38
0
4
0
0
79
5
0
250
0
2
1
127
0
60
7
0
11
2
22
22
92
43
0
0
116
0
111
0
2
1
5
2390
13
9
11
11
0
170
0
0
133
7
26
168
438
0
0
61
28
105
193
0
200
44
0
6
446
185
110
44
0
20
0
0
0
0
14
6
126
3
5
0
0
45
115
617
8
0
0
136
239
158
9
193
7
41
12
0
114
0
0
8
0
0
0
16
33
0
176
13
0
0
0
0
0
273
0
137
1
0
0
91
10
216
27
1306
88
96
0
7
185
3
0
0
0
0
66
0
23
6
0
0
4
54
645
2
0
0
0
518
0
0
70
0
335
213
0
470
2
10
1577
0
179
9
0
0
21
0
16
2
20
3
0
16
257
1298
139
96
636
0
33
131
443
14
740
94
2
11
205
785
42
2654
28
45
28
0
0
0
59
219
448
9
302
359
1
0
0
278
0
0
0
22
10
1357
23
0
0
3
381
107
14
3
0
4
1
167
0
847
365
7
13
195
0
142
0
13
1
1
704
553
1403
1
361
0
137
115
211
0
0
5
0
3
0
693
0
88
139
0
13
1550
64
128
114
238
22
4
21
29
2105
0
0
0
88
0
125
1203
61
0
124
1
294
1
22
0
310
283
12
0
5
218
406
0
1
0
20
59
0
0
31
0
0
0
0
0
173
0
2434
0
0
54
2250
0
50
5
0
7
0
91
0
1
9
560
12
1
315
159
111
69
0
5255
244
16
4
0
1
56
0
0
138
0
0
1
77
41
4
416
0
3
9
15
0
101
0
664
14
78
747
161
525
0
166
0
199
0
411
11
415
0
0
0
0
17
471
31
0
7
604
43
257
0
335
173
184
125
40
13
0
25
0
13
0
0
0
199
0
0
387
0
18
40
843
17
0
0
8
31
0
0
0
89
793
10
0
444
123
120
0
0
0
112
4
0
90
336
3
0
0
229
0
8
27
1
4
77
17
0
2
44
0
275
0
132
4
0
0
0
0
72
0
25
0
78
143
1
1
487
0
256
0
191
5
0
19
20
69
173
335
0
5
0
82
0
0
85
2
422
132
4701
0
17
13
87
124
33
0
8
0
85
48
0
0
0
0
0
2
0
0
364
35
0
6804
1604
1
0
0
0
487
0
152
0
688
88
0
4
1217
322
0
0
7
321
21
0
0
71
11
2
318
2101
0
1021
0
0
352
801
198
30
0
0
0
751
1352
1
126
0
261
0
0
0
2110
402
3
0
0
1065
108
4
171
0
0
5
0
11
59
851
0
218
0
0
0
0
2
0
17
32
0
48
2
38
0
0
61
7
14
0
195
2
39
0
98
6
1
1384
1
1
3
72
24
2
315
1732
1
73
40
4
328
53
0
0
49
8
13
464
0
6
2
0
0
4
61
167
318
0
2
158
375
145
42
0
119
72
373
10
0
127
47
38
0
14
17
147
158
0
187
9
21
3709
425
168
0
139
2
382
166
0
0
198
238
6
51
26
9
0
1
0
0
2
1
0
30
734
216
37
4
0
3
0
84
22
1914
0
3
0
0
2
0
62
1534
0
14
18
0
133
0
0
362
329
0
4
1
0
35
199
34
79
16
102
0
0
84
0
0
28
0
25
100
46
0
0
532
4
0
0
0
406
1
13
150
0
0
66
30
77
0
2
5
75
0
52
6
0
0
1
293
3
0
194
71
45
1
325
0
15
0
190
38
29
2
12
7
7
938
40
0
5
3
0
43
0
0
254
5
83
214
0
2271
24
27
336
0
5
0
0
206
11
59
0
70
2
3
159
600
2
172
7
17
150
43
0
0
109
0
0
0
279
1558
0
26
234
113
258
0
0
0
0
61
4
2028
0
44
0
4
475
40
33
183
5
57
0
90
0
0
10
2
0
0
260
162
2
15
1614
2
0
0
0
51
302
6
0
197
0
13
63
222
400
0
142
0
18
390
66
121
0
0
1
105
0
1
0
328
10
264
508
0
16
0
1
20
8
94
0
0
179
75
133
0
0
158
39
898
0
0
158
0
4
0
0
225
13
191
3
0
0
0
76
4
625
590
0
6
67
120
286
50
0
0
13
77
5
28
3
718
26
101
0
66
2
3
0
4
0
534
194
12
5
36
0
0
237
0
0
68
0
1
0
10
0
139
0
0
27
4
0
954
271
11
736
9
0
0
689
0
11
0
76
0
0
27
0
20
0
308
515
8
0
1898
0
0
3
73
549
0
124
29
0
1
0
0
656
50
23
4
0
17
0
0
0
17
0
111
24
0
0
0
0
0
0
2031
0
11
0
328
1
57
0
0
904
153
137
6224
119
0
391
1
7
11
22
68
0
292
0
644
0
0
240
0
130
0
0
20
303
53
0
0
45
237
638
385
31
0
0
218
0
0
0
48
2
7
0
13
0
3
75
17
260
68
0
0
0
31
171
31
2290
0
25
0
38
0
1101
104
55
27
887
0
190
18
0
103
373
1
0
12
132
56
110
0
0
0
0
77
422
13
13
18
17
763
7
7
366
22
198
6
0
822
0
36
0
28
534
16
46
7
302
0
12
6562
2
1
0
132
0
131
176
3
101
266
839
621
0
0
84
0
4
28
334
18
23
0
23
330
6
0
32
2
0
0
0
0
0
5389
0
0
0
730
0
59
0
53
811
0
0
0
3
5
0
0
16
65
103
353
1
2
105
220
137
639
261
63
0
113
0
69
563
1
174
0
45
694
1
55
37
0
0
375
21
290
141
5
0
11
0
7
0
0
0
484
0
0
164
176
0
15
0
143
0
134
21
86
4
0
471
0
314
2
979
168
0
7
538
3
101
25
10
0
371
0
63
125
802
5
0
0
8
12
400
1
14
0
780
1
0
0
0
518
0
1756
0
12
85
0
0
0
175
0
53
0
155
0
3
135
0
37
0
10960
3
4
1
0
0
0
103
0
0
0
36
0
1
1
0
533
0
467
22
69
0
0
278
61
0
2
0
0
11
0
315
45
1
0
244
2
0
248
0
287
0
0
125
0
0
30
159
0
163
6
9
0
0
0
0
0
175
0
7
0
0
368
15
0
976
0
0
1
15
58
2
1
0
201
4
0
0
40
7
0
0
23
387
0
42
183
0
102
2
0
499
4285
0
0
0
0
264
0
209
6
26
0
0
0
0
260
19
11
7
0
232
0
2
133
27
77
2
0
19
0
7
216
1
0
117
1541
0
151
0
0
6
59
1
16
0
2
108
25
223
0
42
0
0
0
6
685
0
195
0
0
0
66
0
0
13
22
0
348
38
0
47
0
0
75
22
0
92
142
0
0
12
0
1
3
119
0
1
12
51
2
893
0
21
0
185
0
82
17
336
2
5
35
0
671
20
6
69
0
0
13
1
891
0
0
33
0
10
213
45
262
87
0
0
274
0
20
0
780
868
3427
0
17
15
455
183
0
1
0
111
11
41
3
94
154
736
175
459
164
1091
270
0
0
21
2
90
75
0
142
0
17
22
1
4824
0
8
9
19
114
0
0
349
1
79
1
16
0
0
0
267
0
23
0
0
0
3
22
12
0
441
19
64
0
403
0
3
4
2
114
0
7
0
8
60
0
532
94
0
28
1318
10
14
3
0
0
0
531
3
0
0
31
2
11
0
1
58
1261
300
0
0
0
0
150
1
0
0
0
3
0
16
25
1
0
0
234
13
0
2
9
380
922
348
568
0
1
144
0
0
0
99
833
187
10
13
51
0
0
15
131
0
0
0
0
2
0
0
1
0
0
0
0
7274
0
40
54
4
48
21
531
466
321
0
0
0
429
0
52
150
2
0
0
65
348
24
0
0
81
0
218
188
9
2
13
0
1
60
7
0
12
0
9
13
0
5
897
77
8
232
39
38
202
1331
4
27
0
0
13
2
279
48
969
1424
0
0
13
22
181
1
13
0
120
86
12
261
11
217
0
0
110
2
1484
3
0
0
5
9
0
22
8
33
45
0
105
0
226
428
77
182
0
32
9
84
97
3226
657
3
2
352
4
78
0
1596
0
0
2371
0
0
0
0
0
7
1
0
366
0
2
666
0
0
0
26
1
6
23
0
0
236
0
114
163
14
0
2
660
11
5006
13
79
0
165
644
0
0
166
50
14
25
0
0
93
0
92
2
0
348
3154
14
27
132
998
0
4
2351
1
0
712
600
0
225
76
2258
6
0
0
485
10
117
0
0
501
0
52
0
0
0
3963
557
8
4
108
4
224
1539
39
0
2757
0
0
17
2
138
0
2
530
0
0
31
365
266
0
514
15
364
21
30
12
0
67
0
412
125
217
0
0
3
0
665
15
0
919
494
0
0
61
5
74
0
835
132
180
191
1
0
1617
357
52
112
1
0
276
293
347
0
0
144
94
0
0
3
0
122
0
7
5
934
190
0
0
3
9
15
579
52
0
131
7
0
39
96
0
54
733
0
0
63
54
66
3
91
0
397
15
38
0
98
0
0
0
42
162
0
774
155
0
5
189
100
61
127
19
23
1
226
1
64
28
0
2
0
0
0
0
4
0
2249
622
43
6
0
0
0
2271
70
77
23
22
0
744
0
0
7
0
301
129
314
31
0
88
220
224
0
27
19
0
4
0
1
0
0
32
919
252
0
6
171
38
147
3
0
5
10
57
2538
0
0
0
10
56
0
110
2
3
25
26
0
274
2507
1198
0
284
0
18
0
9
0
1
0
712
11
710
304
459
3
247
0
798
1
524
0
15
18
29
12
312
816
844
1025
0
419
0
21
3
23
100
31
404
19
244
27
76
13
0
43
27
41
168
51
0
339
105
0
719
20
9
649
56
703
197
739
68
655
31
0
0
2
2
12
58
877
0
22
482
0
189
0
0
39
407
181
0
0
0
0
12
0
44
85
1605
0
8
387
653
0
755
121
0
140
2587
61
47
127
16
2
601
0
2072
129
59
104
47
0
2
0
0
17
0
0
9
19
0
0
0
64
1
34
0
0
17
108
0
0
1
29
0
28
0
0
580
0
0
0
296
9
0
2
94
539
1
151
0
493
116
43
61
793
353
1
41
0
0
0
63
236
17
8
0
0
9
5
0
0
0
0
101
136
14
0
2865
0
7
0
63
6
154
0
0
152
2
168
144
53
0
0
0
879
63
0
4
0
0
134
245
0
0
207
0
254
0
294
1
1219
1368
1
0
18
494
0
27
115
0
191
334
13
524
71
0
0
4
0
86
256
359
0
8
0
10
84
0
2278
54
1
0
56
0
0
8
0
181
678
22
1294
322
1821
30
92
319
726
883
6
2
10
17
14
144
0
554
6
0
0
0
6
0
15
2
7
0
7
0
0
5
225
168
0
0
0
46
9
52
18
84
18
7
0
185
28
691
16
75
10
146
0
71
256
3
141
16
200
0
502
115
334
0
205
100
0
0
1
18
153
7
172
30
28
18
207
240
2
605
1216
178
0
0
297
8
2
373
0
62
0
84
0
0
0
0
46
6
8
0
929
294
14
5
361
17
0
246
300
0
0
0
70
1
21
35
0
3192
246
1
149
104
33
0
0
84
38
421
321
10
3
152
21
119
0
0
58
0
0
0
39
0
0
0
22
37
0
36
0
24
14
186
145
0
7
9
5
1885
71
0
0
171
1
0
3
51
429
161
0
0
299
7
0
0
0
225
702
43
0
118
0
4
23
64
42
90
0
892
354
147
1
3
19
14
1
9
48
88
30
0
0
28
0
0
2846
0
0
58
8
1103
90
7
5
0
4635
1191
240
129
0
11
0
0
116
0
4
101
129
523
1136
0
1096
4
407
0
0
0
2
207
0
0
0
0
0
62
0
127
0
550
6
16
0
92
4
181
8
48
2
0
0
915
74
0
0
0
0
0
45
52
1
84
0
203
7
196
497
3
0
1
0
0
5
88
0
235
223
0
0
0
2647
3
0
6
14
167
4
60
1
28
65
0
3
147
3
0
30
0
54
864
0
13
654
7
3
0
130
0
0
6
74
0
0
253
0
4
0
0
387
3
37
10
0
0
7
0
1203
0
0
0
0
960
0
172
21
0
100
145
0
0
202
1
19
3
0
459
0
0
73
2
2
23
45
2
7
0
3429
5
13
0
0
33
0
205
42
6
8
122
41
25
96
51
0
0
3
0
193
122
0
2
0
0
115
74
60
47
0
8
226
1963
0
0
0
102
57
0
405
821
0
0
215
29
0
3
11
1075
5
11
85
55
0
38
0
11
2
0
1
1
28
15
7
0
465
194
420
76
0
164
1
1968
0
6
0
2
173
77
1535
56
0
1
39
483
0
0
77
10
37
1
15
26
193
6
120
0
0
69
510
1
0
1143
27
1016
0
0
3
0
140
3
830
0
24
4
0
0
0
1316
549
0
36
164
2
98
832
842
97
100
21
0
0
0
0
240
0
155
25
298
22
206
238
145
4
0
1
0
4
14
14
54
0
0
350
0
48
174
0
723
0
0
293
236
16
845
2693
5
8
14
150
1
428
0
0
0
590
0
0
35
0
5
1779
0
27
50
0
1102
0
0
0
2013
84
498
334
224
2
222
151
0
338
39
3
105
264
23
66
0
0
16
0
11
480
11
4
1
0
1
0
0
189
8
0
26
46
91
87
763
51
0
2
0
560
384
49
8
3609
0
0
97
0
3
0
58
0
112
0
8
4
0
5
591
17
81
269
32
0
0
3
7
0
162
373
3
796
0
0
0
1
2
1
4
68
811
0
25
37
20
1
3
0
118
19
92
38
0
8
309
2
113
295
0
0
336
265
12
0
2769
20
20
2
65
1
391
0
0
0
0
848
0
0
0
0
277
0
26
19
0
0
42
2
278
67
0
318
92
16
0
15
156
1
36
1
0
55
0
0
0
279
0
29
51
0
300
38
111
335
26
15
244
0
0
503
0
11
0
3
0
545
37
0
204
0
66
61
10
152
0
26
77
88
193
0
279
2
0
245
0
1
0
587
57
0
123
88
0
0
7
441
4
202
0
0
2
0
61
0
0
7
0
31
181
0
11
0
0
48
26
987
138
0
0
0
91
20
93
0
112
64
0
2
36
3
0
0
3
20
0
7
48
0
0
0
0
958
3
1
29
2
0
0
0
71
306
3244
0
0
103
30
12
11
358
88
0
17
107
46
21
0
10
0
12
73
279
0
0
46
0
0
0
16
47
0
0
0
29
0
0
0
14
16
91
178
0
59
191
27
0
0
154
10
0
103
0
0
289
0
0
166
0
627
0
105
12
0
8
0
0
0
20
1
7
1
0
0
9438
4
212
0
0
0
45
112
203
1513
3
4
24
1
0
93
118
0
1374
5
102
6
1
84
0
0
356
0
0
8
0
1
154
3
867
0
0
2290
48
0
2052
0
0
267
453
15
0
0
797
0
188
1141
3
2
1
1446
116
82
0
42
22
0
0
5
0
135
1917
362
0
1791
0
138
202
0
0
17
0
204
276
9
0
162
65
190
9
8
1070
135
1
1
333
598
0
105
0
0
0
161
46
94
65
84
2
12
0
11
5
0
3
0
0
180
0
492
0
147
0
0
0
84
3495
0
140
2
43
29
0
18
90
20
3
47
92
0
0
0
0
0
117
0
0
0
1
18
82
5
45
501
0
0
1
0
0
0
196
0
0
0
20
0
353
0
0
0
9
0
30
51
0
0
1
245
164
0
0
0
0
27
0
1
44
47
0
51
11
385
100
2
35
0
0
304
0
0
16
0
2
0
42
0
20
0
0
0
14
91
48
8
7
0
0
23
0
175
0
83
41
119
807
0
1
0
0
8
0
2
0
0
0
41
55
0
0
1
244
0
33
0
158
68
7
26
30
6
0
25
42
0
4
0
0
0
0
22
10
103
0
3
928
119
61
50
35
0
129
72
3
315
37
108
121
60
3
0
7
13
0
2
2593
6
0
415
0
0
0
121
56
1
0
82
0
0
0
37
0
0
0
196
0
0
4
2
0
2
224
0
785
23
0
28
421
0
18
14
62
0
85
5
1
0
0
36
84
0
0
382
0
0
0
0
0
1
0
0
181
36
0
0
0
9
17
543
0
0
0
10
0
0
81
718
50
0
2
0
0
0
0
16
54
47
0
16
47
41
0
0
73
58
0
0
0
0
0
0
79
0
5
1
116
0
0
0
1288
0
132
30
1
84
0
0
0
0
156
152
0
0
0
0
4
26
0
26
3
11
250
21
146
2
3
24
366
1249
0
2
2
13
160
18
49
0
1119
0
0
0
1
105
0
16
1
0
237
0
120
58
6
0
2
0
346
12
21
521
23
0
0
55
0
34
78
160
0
0
24
0
705
22
3
0
4
0
19
0
0
4
78
291
0
0
53
1
0
185
0
5
156
0
2
0
262
6875
0
0
0
0
42
0
11
0
55
108
11
377
5
2
0
5
165
125
7
72
57
1305
480
0
0
3
4
60
362
0
0
17
0
197
3
613
0
47
0
0
0
329
169
0
47
177
11
0
687
43
75
11
204
9
28
0
0
21
2
0
0
478
7
0
0
20
0
19
131
30
0
0
0
200
306
15
0
0
55
4
110
0
13
0
61
145
0
7
0
0
18
0
0
1
717
0
43
0
16
8
0
0
0
9
18
61
0
0
0
53
0
42
114
0
292
200
8
0
11
0
20
0
30
43
1
0
0
3163
7
0
248
0
0
132
0
1
42
127
40
0
319
40
321
0
23
2
9
76
174
0
0
0
1
0
67
3
0
1
3
45
59
8
3
1
1
1
23
203
158
0
0
0
132
112
0
41
107
280
82
0
24
50
61
0
1
74
11
1005
0
225
7
0
0
0
0
12
1
14
3
74
8
0
1
0
26
122
2
173
0
102
523
71
0
5
4
1
4
175
0
0
0
233
0
28
0
31
0
149
0
0
0
316
50
89
0
1
0
377
0
27
0
8
25
181
0
75
3
379
0
13
9
0
0
37
0
74
753
2
0
0
162
29
33
126
0
0
0
8
0
0
18
148
887
234
17
0
149
52
57
534
1
1
0
0
0
1054
0
137
0
331
0
42
64
0
0
0
39
370
158
22
11
20
0
12
3179
0
191
9
0
34
21
33
59
0
0
1
1194
17
0
639
113
1
1035
0
2
16
0
54
66
490
63
2
424
0
3
0
2
1488
5
39
6
74
5
1
0
0
0
1
102
87
2
39
138
2
0
56
551
1
2
289
3
0
0
5
0
0
318
0
1466
1
2
0
0
30
18
0
8
212
14
1266
106
62
337
7
87
0
556
1
0
655
44
0
0
0
296
0
11
5
432
0
88
1
3
0
258
0
0
16
0
0
100
0
1
0
155
110
4
265
51
0
9
0
2
44
0
201
29
250
0
2
27
755
0
31
0
0
236
35
1
0
862
158
15
4
0
0
19
0
0
303
0
4
0
79
0
13
0
20
0
0
159
0
30
5
385
0
0
8
0
1
2190
3
141
0
0
0
0
60
161
59
0
508
7
190
0
0
149
0
0
46
21
189
0
5
31
913
344
64
0
4659
0
85
96
0
26
0
3
12
466
70
30
74
0
1
2
50
0
0
40
2
0
0
34
56
7
0
674
11
139
0
388
96
42
292
923
85
0
0
36
0
0
809
29
204
92
0
0
3
9
34
0
1
47
65
94
252
0
32
1
2
114
28
17
9
0
377
8
929
0
41
0
9
0
24
50
135
0
145
65
4
26
1
0
0
0
45
181
106
0
30
0
55
16
0
1
3
189
0
20
29
0
0
333
0
504
1006
2
2
894
4
0
162
36
9
210
0
153
0
26
189
1
0
91
0
101
28
0
12
39
0
449
38
0
0
26
118
2
0
0
0
7
197
155
9
0
42
310
328
6
21
971
248
0
0
5
387
75
0
0
120
106
188
2
3
0
46
0
1830
332
0
0
17
4
136
0
0
0
0
0
128
26
0
2
0
0
0
31
630
2
0
37
0
23
0
227
0
0
181
0
19
0
168
14
3
2
285
0
373
389
83
370
78
0
251
1
0
40
0
15
0
0
138
0
0
13
2
0
1
2148
0
0
0
24
1173
0
381
0
40
0
0
19
45
66
91
86
0
79
7
4
0
7
302
63
38
12
0
18
8
2
0
0
822
268
155
87
1274
539
6
14
0
0
0
173
31
0
277
592
862
156
5
3
40
766
3
14
6
404
0
241
1
576
99
156
0
15
0
5
332
0
41
54
235
60
248
80
57
0
3
0
2
0
0
4
35
175
0
0
143
0
4
2
405
0
12
139
1568
93
0
494
1
0
15
0
189
0
0
0
0
114
0
7
0
12
99
30
40
0
0
0
142
0
75
3
0
0
18
4
8
3
0
181
0
3
0
5948
65
3
0
1
93
91
174
67
493
0
0
1803
0
1
579
0
0
0
5
787
79
0
4
460
120
1
0
0
0
0
2
2118
2
0
34
21
0
1058
1
0
0
3148
51
306
0
167
1
766
0
5
9
0
0
1
20
0
7
4
4
251
29
0
1633
0
0
1
6
0
0
1192
8
0
0
3
69
0
0
156
421
0
176
22
6
27
382
852
32
0
0
3022
87
1
654
2184
0
439
691
22
2
1
0
0
16
244
1
0
0
0
0
0
0
0
0
6
10
65
0
0
77
0
649
29
0
76
0
154
51
0
0
494
8
0
26
0
12
0
0
49
1074
236
0
13
69
50
34
2733
207
18
56
1542
563
0
13
10
0
53
0
1
79
1
1138
2166
0
4
0
69
293
109
169
388
15
1
0
0
1354
90
0
1
33
3
3
14
973
28
163
12
1
0
309
0
24
1204
36
0
67
0
0
30
339
0
12
153
398
0
9
903
123
0
0
2151
0
0
213
0
5
0
0
11
0
0
2
334
45
210
0
178
210
0
0
48
159
101
0
53
0
0
34
0
833
63
307
37
0
11
0
0
28
0
0
0
62
1385
705
465
0
44
44
0
165
0
22
0
4
20
282
120
0
8
263
9
248
0
0
89
0
0
0
1
1
412
74
45
4
0
357
6
0
0
29
5
98
304
1
1
116
15
0
84
0
60
0
0
0
22
0
20
94
0
399
0
0
0
14
0
108
10
493
3
75
701
4
0
0
91
0
51
686
37
1
0
0
0
67
1
59
49
1
0
4649
104
0
0
0
0
1363
0
0
2
248
1
24
15
52
0
0
0
316
0
0
2
0
0
68
0
10
0
199
81
0
953
129
0
411
0
20
0
0
443
0
0
4215
170
0
0
0
159
193
0
32
1
1
721
0
35
3
10
0
1
0
1
4
0
8
304
3
0
14
0
68
0
0
498
8
0
3
0
6
13
0
3
0
0
0
1
0
3
0
76
11
132
174
4
0
75
0
131
0
0
0
22
0
20
0
0
326
2
72
47
11
12
49
0
149
0
0
79
0
326
0
342
859
0
7
17
1
0
84
2
117
8
0
1
169
3
434
0
0
35
29
483
45
697
280
0
32
0
255
437
0
0
103
11
27
2
545
6
0
172
20
385
28
370
0
2858
48
188
2
0
618
0
182
129
9
0
0
0
103
36
82
0
0
0
191
0
0
1
271
2
0
0
0
404
244
155
185
77
1
6
0
15
0
8
0
11
0
79
394
0
84
0
0
0
1021
0
12
0
237
0
260
0
17
33
446
0
19
5
32
2
45
62
116
0
288
0
113
0
0
0
0
45
5
186
0
97
0
37
0
0
5
0
0
0
0
3
294
30
63
0
0
77
76
0
11
9
0
0
48
33
259
884
1
58
11
478
0
154
0
20
1048
37
11
58
15
565
31
0
376
1474
11
1292
2
391
5
0
10
0
21
25
1
1
5089
0
591
0
47
0
139
0
47
293
166
0
79
802
0
465
0
0
0
96
0
0
0
17
0
0
78
3
27
0
2131
2
0
21
0
24
94
0
0
807
10
37
0
51
20
0
2200
0
0
159
155
0
267
0
4
0
0
81
2009
625
0
0
0
0
56
1
2
2
1357
583
30
1
42
0
45
18
0
288
0
211
177
1
0
0
115
358
0
0
0
0
62
0
20
3
3
1
0
0
2
31
1
0
17
45
16
0
5
0
0
0
0
16
0
0
0
0
72
185
140
941
75
13
216
0
3
0
9
0
0
0
0
56
0
85
0
0
0
1
1
0
0
0
5
0
102
0
2
0
0
34
4
16
17
473
634
206
12
41
53
1
1
2
0
53
3
11
0
0
7
0
3
41
0
0
3180
2
0
0
0
0
37
0
644
33
9
286
0
0
21
0
265
1
0
0
0
0
49
139
0
155
160
575
268
0
0
0
0
0
21
104
0
215
318
6
73
0
99
621
0
12
27
69
33
65
435
30
142
4474
908
0
0
10
78
0
0
13
261
2058
31
1
1
1215
2
0
0
8
14
47
247
359
1078
340
3
0
25
0
805
0
0
145
524
0
0
2
148
789
0
577
226
0
492
9
0
13
166
55
117
62
0
139
43
139
0
94
257
1459
0
0
13
0
24
0
0
199
12
1
4
43
709
0
19
135
131
17
1
0
444
0
50
0
0
0
23
335
0
0
8
0
0
0
0
0
98
81
146
242
206
0
70
2
0
86
570
125
105
7
146
15
1
0
57
123
0
1635
29
0
88
0
0
39
0
0
0
0
0
0
134
1
0
3
9
0
0
508
0
771
0
0
4
0
31
0
2
0
543
0
13
0
18
0
0
369
0
0
0
0
118
26
0
8
82
0
0
385
0
33
2
193
14
0
0
24
166
94
180
562
0
0
229
0
0
9
139
7
0
296
0
53
0
0
0
2
523
130
137
890
2
0
5
17
192
15
19
1
5
76
0
61
0
103
2
380
0
0
92
0
0
63
0
95
484
0
254
1
0
257
0
900
25
33
569
6
1146
1671
0
1
36
0
0
0
3
650
0
273
2465
234
32
48
205
3
8
0
44
38
9
0
5
202
358
110
116
0
187
815
9
21
0
1774
3
0
9
356
0
118
82
802
1
35
1
185
236
0
0
732
13
34
0
2
1922
11
0
403
7
463
95
0
199
0
79
147
553
9
0
4
481
0
0
9
0
0
0
263
0
2109
9
0
338
0
0
38
3
97
33
79
428
0
0
38
80
3
0
0
51
0
120
26
0
0
68
0
2
22
0
335
559
0
108
15
94
0
10
0
19
1
35
0
0
0
0
113
3
208
3
12
0
626
0
2
3
0
73
4
938
0
105
118
125
0
0
0
14
1
0
0
0
161
0
55
0
37
143
0
17
4
34
0
12
2
0
54
10
60
164
0
700
161
346
0
0
335
16
35
148
1
735
93
0
0
60
25
0
157
39
94
9
0
0
10
899
258
70
2
1494
15
0
187
27
41
0
28
15
1000
407
202
1803
531
0
19
49
0
467
75
2
0
0
75
168
0
0
196
228
1
176
0
635
0
0
28
0
0
450
81
847
0
88
0
53
4
119
0
0
5
766
82
7
90
101
64
0
0
0
82
7
0
48
2
76
485
0
170
0
36
0
895
787
220
10
189
0
112
1
114
0
2
5
6
0
3
67
41
4
561
62
0
0
124
97
3
0
0
0
114
277
0
91
0
24
0
1941
41
30
2
0
0
0
46
35
0
36
69
190
2
4
0
1963
0
14
166
0
389
2
28
1
0
0
146
0
145
0
105
18
486
44
0
0
0
477
0
18
1195
0
31
4
1
0
3
33
0
31
72
6
0
0
23
2
32
0
0
58
8
0
94
22
389
587
10
1
0
87
11
1
965
217
10
48
290
10
0
26
104
0
0
53
289
4
744
0
34
741
140
0
8
250
143
422
2
13
0
238
150
0
115
128
406
11
1
14
0
24
0
0
13
1
8
21
276
116
142
3
360
2
151
1
334
353
0
19
0
77
86
563
275
0
0
24
282
214
1
0
271
58
0
0
0
0
998
0
0
42
1414
0
0
0
19
37
0
1080
2
8
0
54
87
65
0
154
299
0
0
487
0
3
0
150
0
3
0
11
37
0
4
80
1
0
66
0
44
154
0
12
0
7
0
0
244
0
3
458
263
0
0
4
46
39
1
17
847
0
249
46
41
364
0
380
88
0
5478
26
62
0
1
0
2
136
16
5
174
24
0
94
0
0
4
77
9
6
39
59
432
543
3500
165
4
1767
0
8
0
189
25
0
3
558
0
16
154
6
96
89
0
0
158
152
2
0
0
302
0
9
299
3325
0
0
0
0
0
14
14
86
0
2
216
115
0
0
1
0
56
7
56
0
0
438
222
0
0
648
127
0
0
39
0
0
66
3
0
80
4
23
0
74
346
505
3
0
0
0
13
77
1
0
209
0
106
0
0
0
0
0
1
0
2
0
41
26
460
337
4
0
1092
53
0
0
12
0
4
0
3
502
10
1
0
21
0
6
1150
618
0
178
309
0
191
0
176
20
48
31
161
0
169
12
0
1
0
122
0
0
46
96
0
16
0
172
314
10
9
0
0
20
0
0
0
2
0
115
2
0
250
236
0
0
0
0
11
0
2020
127
0
331
54
31
0
3
47
91
9
0
0
186
19
0
0
21
5
0
0
0
116
2
0
92
0
19
15
0
6
0
0
87
76
43
0
0
0
0
795
0
0
585
126
0
17
0
135
44
0
0
111
0
18
26
0
16
0
2
213
0
4
0
0
18
1170
10
0
1
0
0
0
53
462
8
274
25
19
29
69
0
0
430
264
0
49
0
119
552
12
1025
8
37
15
0
0
0
23
0
559
0
0
1302
1
0
3
0
146
231
5
0
0
0
22
1
91
8
292
262
64
32
332
9
253
5
0
2727
0
1
0
0
0
58
73
591
0
0
87
0
11
0
45
0
0
0
14
0
0
5
0
35
9
105
0
173
76
281
0
60
19
0
28
0
0
369
0
0
227
2
0
2
0
20
0
0
1
3
0
117
0
65
5
342
9
27
0
21
3
0
18
0
0
0
165
850
0
0
0
41
13
0
9
14
0
20
225
0
76
0
8
115
0
711
0
24
1
93
0
0
0
23
30
0
0
0
0
5
0
0
0
18
14
0
0
20
0
36
0
119
0
2
0
0
0
10
452
0
559
156
0
3
0
0
7670
84
54
36
0
2
140
1166
9
0
0
0
1
116
10
8
7944
4
34
3
313
0
858
33
661
343
2
110
28
14
91
1
8
80
124
35
380
138
0
0
2
0
856
1
2
2
149
0
0
0
0
0
0
0
0
13
3
2
0
0
0
3
101
144
0
301
332
1040
122
32
0
132
21
0
37
1
0
0
0
0
0
46
0
47
0
32
0
38
0
0
68
100
0
0
7
0
0
0
0
7
65
98
650
0
387
168
21
0
62
0
1
2
15
0
366
28
25
0
0
0
7
38
0
7
21
157
0
34
0
94
217
0
58
35
65
128
8
0
6
0
0
0
0
0
22
0
0
2
144
35
0
0
12
0
0
579
0
0
143
96
0
63
0
100
448
5
16
116
495
372
0
44
0
0
0
20
36
81
350
0
0
41
677
0
0
0
0
0
20
0
0
952
6
18
20
179
2
2
13
14
359
0
5
131
169
292
234
2
76
0
0
0
12
140
60
8
5
42
5983
552
3
0
114
12
117
4
0
1388
0
24
0
5937
0
0
91
473
32
8
286
0
38
907
0
0
0
12
0
0
47
23
0
1
37
2
0
2
0
101
31
320
118
8
0
0
0
0
41
2188
22
0
2
66
40
0
31
300
1
0
22
0
0
3
0
17
0
638
0
1
16
0
42
6
0
666
0
1
0
0
0
13
0
0
0
0
155
127
46
161
8
31
3
71
30
26
199
0
220
516
0
0
0
22
808
16
30
12
130
98
1850
0
0
1
0
0
19
111
0
0
5
0
189
4
298
1
50
0
27
94
0
0
70
23
6
2
0
53
14
22
113
0
1179
14
2018
7
7
157
0
64
0
0
23
0
0
416
67
0
323
28
3
1654
38
0
1
371
0
4
12
79
0
56
46
0
0
759
0
90
6
30
11
3
32
126
149
283
0
345
0
337
240
404
1
0
37
34
308
0
0
0
1277
0
69
0
15
20
929
0
41
0
215
0
379
0
387
3
39
46
3
0
4219
0
20
1
2487
4
0
4
0
0
0
2
0
165
19
0
0
99
3
46
190
0
51
1023
166
0
124
160
65
0
6
0
70
1477
24
10
888
1
1
7
0
0
0
20
336
0
0
20
0
2
22
24
0
60
0
0
7
151
1082
47
0
574
261
0
430
21
0
79
270
127
0
0
84
18
411
18
0
177
2
764
133
5
44
11
0
3405
38
55
35
1
3
0
0
55
13
259
0
0
93
1
64
0
0
57
515
0
13
173
47
0
0
0
0
0
270
240
0
1368
0
29
10
0
0
95
24
15
302
0
130
76
622
430
0
0
0
8
219
153
7
68
0
131
0
0
41
53
297
0
0
51
0
0
122
5
1
0
6
0
0
104
0
0
0
0
0
48
59
0
3
6
13
129
0
353
0
608
32
23
291
15
0
461
1
0
0
0
0
1554
0
32
0
0
31
286
0
123
0
2
7
11
5
0
28
0
0
0
0
14
0
14
0
84
0
0
68
105
0
18
160
0
2893
181
0
2
0
444
0
55
415
0
0
0
41
0
0
0
0
0
44
0
0
0
0
0
0
175
1
8
24
0
1285
0
80
0
237
272
0
0
0
279
2237
138
0
0
47
34
31
0
25
22
0
9
41
0
94
0
259
51
117
0
28
30
0
1
0
307
0
7
6
1
1
0
5
7
20
90
51
34
8
26
164
0
62
0
202
4
114
0
0
1
173
0
0
426
3
1
0
30
321
98
0
0
0
1628
38
9
5
484
43
0
102
45
50
15
12
335
19
0
0
16
56
0
96
64
0
3
7
477
3
3
4
124
7
0
0
0
324
250
1009
1
19
0
29
15
0
0
1464
0
223
3919
210
3
0
136
1517
0
16
14
0
50
0
574
1868
42
788
0
769
158
1
89
1
267
130
27
7
17
8
6
17
2
48
0
0
2
2
172
119
127
5
82
218
310
10
0
38
21
16
19
761
0
3
8
157
15
1
0
47
287
0
0
20
1
0
25
0
2
11
0
0
0
0
6
0
0
45
0
0
0
6
0
0
11
180
12
951
0
86
0
0
7
4
133
0
2
1188
3
0
0
4
7
73
5
0
603
0
6
271
0
192
30
0
66
15
13
30
3
66
11
0
0
406
230
4
511
274
375
0
34
0
0
0
13
0
0
0
0
0
0
14
0
1127
424
0
1998
0
6
6
0
0
70
40
14
57
266
0
0
5
21
63
0
73
25
1
0
0
0
1
0
96
494
595
152
0
28
1238
681
16
0
0
229
72
0
108
169
0
112
24
2
109
0
340
3
1
0
0
0
209
105
69
99
0
10
5
4
43
58
5
4
0
2
352
32
0
4
0
0
1
3
20
1
0
6
40
1
10
1
2
2
8
1
0
95
0
0
0
218
4
7
35
0
0
396
95
20
36
87
3
1
5
0
11
5
34
0
577
2
11
31
14
0
100
0
11
0
14
0
0
27
41
26
0
236
0
19
23
0
5
109
0
0
0
0
7
0
4
53
0
0
13
6
66
5
0
1
0
160
4
10
167
8
0
311
0
679
382
78
0
0
56
0
179
0
0
3
266
4
424
13
34
2
0
0
0
58
0
0
0
0
9
3
64
0
43
2
0
0
48
29
0
0
43
17
16
7
0
38
61
30
36
270
0
0
0
0
0
7
374
0
129
227
0
1
84
171
0
121
16
36
52
0
3
0
181
0
0
5
37
0
2967
0
154
6
0
0
2
0
0
0
82
0
30
3
37
1
45
0
0
0
49
563
21
0
0
7
2
82
0
85
807
1
61
70
57
1
1
1
6
0
32
0
19
79
2
61
136
0
20
6
0
0
0
0
62
22
2
0
56
254
0
2
0
628
390
82
0
0
15
0
0
3876
14
305
10
13
1
1
8
90
23
32
1
0
0
0
0
398
14480
0
0
3
39
61
81
0
2
0
4
0
0
14
2
9
108
15
26
7
0
0
303
12
9
19
0
61
41
2
5
0
5
61
142
0
4
23
9
798
0
96
846
4629
31
209
23
4
158
20
383
2
1
33
0
33
245
129
363
24
0
2
3070
40
0
140
8
8
1
0
0
0
47
0
110
43
0
0
4
4909
1
2
170
196
0
22
0
238
4
0
0
28
0
5
0
31
195
1
2
0
24
0
3576
0
2
1030
0
141
83
0
1023
512
17
4
4
0
0
83
0
279
14
65
64
4
353
0
0
36
0
0
41
1
35
360
0
60
751
0
14
0
80
1
0
34
45
0
66
0
0
1
3
131
0
0
3
0
0
428
37
1
65
0
363
258
231
0
1
0
47
67
0
5
3
3
39
5
0
22
0
1
39
0
0
129
0
2
2
20
12
0
102
28
25
0
3
2
0
54
8
8
0
10
0
26
2
0
0
10
121
0
0
36
1
28
14
202
0
8
0
0
596
75
52
32
0
90
29
15
180
104
3
0
9
19
178
13
42
20
6
3095
736
0
0
63
65
34
62
1
0
0
0
1
0
44
0
0
0
0
1
0
0
209
6
238
18
41
123
2
0
0
341
1
0
28
0
83
16
13
0
53
0
4
0
182
154
0
214
0
119
0
382
62
3
0
0
0
0
0
44
0
0
33
0
0
1
0
0
0
0
0
0
0
6
26
0
534
258
19
0
0
129
0
16
4
0
98
82
46
0
51
0
304
0
274
76
4
136
0
83
1
0
68
67
6
7
207
701
0
402
46
0
0
0
1022
75
3
58
0
26
0
0
0
3
1695
3
21
322
0
175
0
131
0
11
0
165
0
923
2
11
0
13
1
382
335
0
284
0
0
22
32
1
0
1889
0
0
9
96
78
7
586
207
326
1273
775
46
0
12
23
37
29
0
2
0
64
0
97
0
0
4
5
131
1
0
0
0
0
0
36
868
248
0
223
15
0
42
657
32
21
1
1
53
6
0
0
9
352
2
0
0
1
1
0
170
0
0
107
5
31
715
26
0
33
340
0
541
9
29
8
105
0
355
59
0
3
125
10
139
0
97
0
0
0
130
11
0
270
238
0
1550
7
87
0
312
231
0
514
130
1
0
1353
0
33
1
131
0
0
24
22
7
303
123
54
588
9
775
21
8
304
335
1
0
0
9
219
1661
0
325
86
0
76
1
0
0
202
1
33
0
0
17
162
0
24
0
264
0
18
0
28
0
0
2
0
0
8
70
29
0
470
1340
0
139
230
0
197
0
0
0
0
2
58
11
120
1998
83
0
97
8
416
0
0
0
0
0
217
1437
10
0
40
137
148
0
88
0
22
9
30
40
0
55
4959
2
0
0
0
0
346
0
0
0
8
0
0
0
0
273
0
82
104
1
79
0
9
22
3955
8
45
0
0
127
0
0
702
0
0
280
3
9
0
2
0
0
158
60
0
0
0
139
9
0
0
15
24
605
3
0
0
0
0
0
2
109
0
0
0
859
2743
0
13
19
0
103
1
364
19
200
51
0
106
371
0
822
281
0
93
0
0
3897
10
0
133
0
1
8
0
706
2
325
2555
0
0
0
0
0
6
50
0
128
9322
318
0
4
0
0
1
0
131
0
29
48
52
136
932
397
0
0
170
1
24
0
566
651
2
47
0
0
64
5
12
0
31
0
90
19
0
181
18
0
2
17
185
0
0
0
25
0
0
16
836
0
53
45
0
4
118
0
16
2
0
742
14
175
39
0
5
0
0
0
1987
56
304
156
0
17
1769
572
0
0
1435
0
0
0
21
0
4
0
88
213
50
68
0
361
0
0
23
29
533
80
113
26
0
3
0
4
31
1
246
42
0
10
0
0
0
0
0
888
4
33
204
9
69
0
0
164
183
20
0
0
0
0
0
128
158
0
0
21
0
5
13
0
511
186
0
0
347
835
96
39
46
0
0
28
0
2
3
3
107
0
0
47
28
0
267
0
11
66
184
228
0
0
44
167
198
57
0
0
15
0
998
273
2240
0
0
0
79
75
15
2
0
1072
1
0
0
4
3
0
0
0
0
17
0
8
0
101
0
69
6
0
52
0
248
981
0
0
0
0
2
0
2
0
226
537
86
8
2
0
151
0
36
674
34
438
0
13
31
0
13
7
0
0
0
0
10
1
96
0
3
258
0
71
79
0
0
0
0
19
0
0
9
231
4
4
2
0
0
0
0
0
81
20
219
640
6
0
292
1789
0
5
26
0
833
14
16
47
298
0
149
1
6
0
404
7
0
0
5
0
4
82
253
1
99
103
537
0
0
34
210
52
0
20
1153
0
202
0
176
1081
217
0
22
28
0
0
512
564
3
0
190
4
68
1
0
16
0
0
0
390
51
145
622
41
85
213
0
48
99
122
0
0
56
0
24
1
3
2704
0
39
38
0
245
50
6
9
0
43
0
242
0
32
0
312
203
229
0
40
1
3
0
0
2
0
520
9
3
1
0
0
0
60
0
358
0
0
0
3
0
0
9
14
0
19
4
317
185
0
163
18
94
93
0
111
56
0
56
18
213
1
1737
0
237
0
25
80
0
0
140
0
1244
201
167
116
31
0
0
0
0
1
44
9
0
0
117
0
687
258
0
0
442
0
0
0
10
0
2
0
4
0
5
13
0
23
0
162
12
232
0
0
3
0
116
0
10
0
164
0
249
59
0
0
185
0
0
7
0
0
0
15
0
69
0
93
1426
0
396
0
80
0
2
0
78
791
176
132
112
62
93
26
88
0
31
0
271
0
347
28
0
328
0
239
172
0
77
0
169
0
0
730
272
43
0
106
28
0
398
86
0
0
0
0
0
179
0
223
0
64
149
0
0
1024
348
0
0
435
0
37
0
124
0
0
250
54
66
2477
604
88
120
2
0
2
0
19
7
171
0
16
69
197
254
0
23
207
87
0
30
38
0
0
175
71
0
38
86
0
3
0
0
23
41
0
0
28
118
90
0
743
2268
969
33
308
1496
0
132
14
6
317
72
57
120
62
0
117
0
0
58
180
0
2
5
145
245
0
3
0
213
12
3239
120
38
233
48
0
0
902
130
53
8
1
14
66
72
0
113
16
0
103
548
1
166
74
0
0
0
35
477
376
131
0
0
504
0
0
0
2
0
23
791
0
6
0
0
22
21
0
0
141
4
0
0
898
10
0
5
110
67
1110
172
0
0
0
0
53
48
0
0
4
0
3
0
74
0
0
84
3
0
3
105
0
38
0
4
0
3
257
0
5
0
79
0
359
122
0
56
0
0
24
12
1099
18
77
0
117
83
2
6
0
55
13
16
0
407
120
0
91
19
0
0
89
0
28
621
0
0
0
0
0
2
36
8751
10
0
135
1
97
6
12
0
2
27
7
0
0
0
148
39
42
0
84
13
31
0
818
0
6
0
43
32
905
92
6
0
0
4
13
8116
0
0
3
1375
126
0
0
9
5
0
0
3
195
140
0
36
0
0
71
0
22
0
0
31
227
0
17
13
13
6
314
101
0
411
168
0
0
112
0
5
0
149
0
487
0
1
0
0
2
7
0
786
0
0
727
18
0
2
24
0
0
0
0
0
16
0
58
0
0
78
1282
0
0
243
0
0
5696
3
582
63
12
2
13
1
0
343
0
182
56
0
95
9
0
46
1617
1045
0
0
22
4
2
25
10
107
0
1
0
1
837
491
74
244
24
0
243
82
0
0
0
2
0
0
224
0
140
0
12
0
261
4
0
13
0
2
4
1
0
55
2
3
54
0
27
0
0
1942
41
1
47
3
0
14
112
0
0
18
0
0
0
0
21
0
280
78
506
11
11
109
5
0
0
3
2
0
14
73
13
8
0
20
75
56
0
261
61
0
532
119
0
523
48
0
0
0
2
0
0
7
121
4
67
0
40
0
11
0
23
0
0
1
0
124
0
32
350
391
19
0
0
0
0
36
2
0
499
817
39
0
0
3
28
7
0
0
1975
15
0
427
139
0
135
0
0
153
0
50
286
0
0
120
0
0
0
0
2
0
182
5
0
44
121
0
26
15
0
106
2
186
5
1
40
41
128
32
0
0
171
76
2144
35
245
2
395
0
343
33
0
72
0
63
0
1081
596
0
5
85
95
0
0
1133
0
0
296
36
15
0
21
0
0
0
64
0
0
25
106
413
0
0
65
191
88
0
183
0
0
0
5
0
0
0
20
203
12
3
0
3
33
0
0
0
0
631
0
0
42
153
256
41
20
28
152
0
181
84
101
61
4
18
440
113
1
72
0
59
438
34
244
0
0
20
2
15
120
27
0
11952
62
3
4085
89
0
0
133
306
0
183
0
0
3
85
0
0
0
2
228
0
0
0
13
0
108
1
0
0
239
0
0
283
8
67
0
33
0
0
26
0
11
0
403
7
0
36
0
17
4
0
66
0
48
66
0
1
0
143
6
879
161
65
462
97
61
0
9
0
0
86
0
0
8
10
87
0
10
579
0
0
106
0
481
1
172
0
163
873
10
0
0
1
87
2116
0
0
0
0
0
0
0
0
0
0
99
102
13
6
21
40
144
131
0
1161
526
0
37
176
238
0
78
14
178
567
0
14
0
1
0
0
259
2
47
0
0
23
42
0
2
7
0
61
42
0
153
0
0
0
0
1
62
0
0
127
7
241
170
5
0
672
38
0
40
2
98
0
0
1
5
0
0
0
60
0
10
0
1244
256
0
0
947
0
25
146
1428
41
0
12
245
0
0
0
0
3
70
571
3
130
22
91
72
0
395
41
21
5
2
0
10
0
10
1847
3
105
1880
2
0
15
0
0
1134
228
0
0
7
957
0
370
0
155
92
64
107
0
0
105
0
20
6
0
4
967
0
6
60
46
0
112
0
65
19
0
54
0
62
0
38
622
511
27
0
0
140
7
0
168
35
9
0
0
0
0
0
18
187
0
273
9
0
642
42
0
0
0
191
3
7
47
123
19
0
0
25
0
885
0
5
0
183
6
0
7
0
307
0
597
0
0
178
0
1
0
0
0
711
0
0
0
14
105
0
63
0
0
0
0
64
16
0
9
0
0
5
486
225
0
6
3
0
144
0
0
4
0
360
154
464
14
40
160
0
0
121
4
264
339
3
3
130
46
150
66
462
17
528
0
722
214
13
0
0
13
0
51
32
101
41
0
85
0
3224
0
0
0
23
38
34
152
0
0
0
6
0
420
206
0
6
0
0
0
529
192
161
45
824
0
0
0
338
3
2
6
52
91
0
6
107
8
0
0
0
0
591
513
578
24
1940
1
1
89
187
44
0
0
74
337
36
5
0
0
0
0
14
1154
0
503
0
3
49
573
2
225
0
0
5
12
110
0
1
43
6
4720
0
11
121
0
0
52
52
9
2
2
53
0
11
9
2
0
6
0
3
0
0
6
17
0
0
197
0
285
43
0
0
396
0
0
0
360
4
0
0
231
378
6
131
295
89
0
3
95
78
0
113
500
0
3
3
427
0
5
0
0
0
12
13
3659
46
134
59
251
17
0
0
0
1
0
470
6
39
0
220
0
2
183
0
203
0
69
6
0
0
0
3
0
0
0
0
0
47
0
23
0
6
0
40
103
0
24
5
0
0
0
3
0
0
24
0
40
597
0
0
0
371
0
0
6
0
0
12
0
5
56
100
0
1493
148
91
30
0
98
0
575
0
0
0
374
46
81
0
6
1
1
51
0
0
9
1055
7
0
13
44
10
211
0
0
311
249
45
0
7
17
63
0
0
0
1034
115
0
0
23
0
0
0
0
0
505
4
143
1347
459
685
14
0
2
44
49
46
0
0
0
2853
270
395
321
2
0
101
54
202
35
65
0
0
22
102
411
0
0
94
704
0
136
511
0
0
0
122
0
2
515
264
381
258
47
0
0
53
452
71
0
18
233
3
0
3
2
70
184
0
0
51
103
0
7
51
0
261
0
12
160
180
9
1
261
0
0
34
103
38
0
4
601
0
172
0
55
640
0
0
71
0
0
271
1
0
0
21
217
0
359
0
38
0
1
0
2
1509
13
74
126
259
64
62
24
135
0
9
23
44
60
14
61
16
565
32
60
118
1112
278
0
218
1
66
139
146
212
5
0
0
135
40
59
0
36
1269
100
295
0
87
55
6
0
0
0
25
967
0
141
309
66
409
0
26
3
0
0
34
49
6
199
0
468
2
0
0
0
91
398
0
2
0
65
0
4
4
795
98
22
83
0
6
0
0
125
5
194
170
2
0
0
43
0
5
0
419
2
0
148
3
0
10
0
1
0
72
137
1
33
88
0
350
0
35
51
330
0
413
0
30
0
0
114
12
3
21
56
389
191
0
0
0
1
0
47
0
696
0
187
0
1
751
20
143
1
0
22
0
49
275
253
59
25
91
1032
1
401
16
0
80
483
21
12
2
1
5
3
5
325
0
0
0
24
2
0
19
51
17
74
0
34
0
0
7
2
0
3
130
22
0
404
0
0
26
514
0
0
0
37
176
0
187
18
1
0
17
0
1146
0
0
0
0
165
0
1200
0
3
30
0
3737
0
1
90
63
0
0
2
0
213
85
135
150
12
0
0
27
23
2
1
0
2
2
0
98
0
0
0
18
0
15
0
15
19
0
0
213
11
21
9
0
5676
129
26
1
216
204
0
681
6
1051
0
0
603
1825
229
326
56
0
0
0
16
0
1119
0
0
0
119
0
0
6
10
0
0
0
55
0
4
0
0
121
0
5
623
0
0
0
0
0
3
374
10
0
226
64
12
0
0
0
0
115
3
624
0
0
0
0
0
0
0
301
12
0
1
280
26
305
0
41
1204
114
0
0
66
0
41
0
4
20
0
0
201
151
0
11
28
1480
10
0
308
0
0
13
16
0
3
0
0
0
2
2
0
365
32
3
0
0
135
91
796
0
0
0
43
0
0
0
0
0
79
0
0
17
29
206
20
5
0
0
557
11
0
2
1924
0
0
243
0
97
4
0
103
28
0
0
0
0
28
216
0
0
0
8
11
12
0
21
300
365
0
5
0
9
2
0
83
0
0
0
83
1
0
0
3
0
25
0
0
10
21
0
0
1
28
0
0
0
24
5
46
4
0
0
0
0
34
7
0
57
0
0
0
196
0
1
287
10
14
27
0
0
16
0
183
42
2
0
212
20
76
0
0
158
1
48
55
0
0
52
317
0
27
3
10
238
0
76
28
0
15
0
14
7
98
213
301
0
0
0
7
0
0
0
22
34
0
132
0
14
2
0
0
1
0
0
1
2412
0
427
159
0
0
1
10
2
0
162
0
0
0
0
11
9
895
628
9
137
26
3
138
2
0
0
139
0
0
59
0
8
0
0
0
20
0
0
10
27
2
98
23
1
8
43
87
0
61
8
0
0
4
0
7
0
0
0
0
47
2
181
10
15
98
0
0
0
0
0
4
0
0
0
31
9
0
647
71
0
0
0
160
37
0
33
257
33
62
286
15
0
0
50
0
74
0
21
2
0
2
0
47
157
49
92
22
0
2
0
0
574
0
93
0
3
16
90
87
0
3119
388
2561
167
57
43
205
574
1044
0
0
0
10
9
0
6
5
0
0
29
101
159
2
74
60
24
217
181
2
0
336
0
59
0
137
0
1081
5
0
58
1
0
208
365
21
54
11
3018
11
91
0
0
1
12
51
97
5
0
61
960
3
28
1823
0
109
0
13
0
0
5
1
0
19
16
3
198
0
3
52
4
32
0
0
1
60
171
5
2
0
0
0
5
0
27
507
46
9
0
0
36
846
0
214
17
274
51
0
18
3
2
30
0
0
2299
0
0
97
0
101
188
0
0
0
17
23
12
98
1
0
355
23
96
0
141
34
0
121
0
4
0
1
0
0
48
0
234
12
71
0
0
65
0
5
0
23
0
205
0
0
0
0
1
0
0
16
0
558
5
116
0
0
10
1
0
6
74
1
15
0
0
0
0
1
5
267
6
0
87
6
124
0
7277
4
0
158
2
196
10
16
14
4
3
36
38
0
0
77
0
10
0
0
0
0
42
106
0
2
0
3
25
0
0
653
6
0
366
0
0
86
12
21
7
1
28
113
0
0
58
0
24
0
0
0
166
6
176
7
0
161
21
20
0
2
22
2
4
0
0
0
1
0
3
0
195
0
4
0
6
382
105
33
0
0
12
0
49
0
29
0
0
111
0
0
47
4
99
426
858
0
267
0
558
130
0
324
120
290
0
0
0
591
2669
4
85
20
2
55
0
226
0
0
122
8
0
0
0
4
6
0
0
0
0
43
0
133
0
0
33
0
323
5
0
0
0
0
31
2123
228
368
0
272
304
0
0
29
0
0
41
528
1
15
1576
293
206
2082
0
245
282
0
55
0
0
0
0
0
0
48
0
0
0
13
33
1
350
0
0
30
51
18
0
14
13
0
0
0
0
54
151
0
47
172
15
43
0
62
10
1237
0
0
0
2
71
0
0
200
17
10
0
0
119
129
0
0
80
666
0
1771
790
0
195
168
0
341
0
1041
0
0
6
0
233
249
0
0
0
653
330
0
0
41
51
3
24
0
5
9
0
184
492
0
0
0
128
0
79
0
0
150
0
315
4
0
129
188
1
0
0
3
7
20
21
2
64
186
1
429
5
403
0
5964
156
15
155
6
0
25
36
202
141
6
0
128
2095
43
64
2637
0
0
25
0
479
0
5
411
44
0
0
541
316
0
0
7
3
2
51
8
71
727
23
6
0
46
790
3
259
32
0
19
40
216
0
1692
3067
0
0
316
871
134
0
0
0
17
0
560
10
0
95
102
0
3
0
0
0
12
53
0
12
2722
2087
0
1162
1014
0
410
43
26
145
0
4
228
7
1038
4
535
83
100
0
1428
0
0
151
6
1310
30
0
157
76
0
106
35
2482
38
812
27
53
0
39
179
109
1276
32
194
0
25
0
111
0
0
0
0
0
0
66
1
10
2
54
0
2
24
0
0
5
0
0
3
99
226
11
0
0
306
0
0
832
0
0
0
6
671
0
0
2
5
164
2
0
0
65
0
4
13
1229
22
275
0
0
9
0
0
0
66
7
9
0
12
0
23
72
170
0
17
3
329
8
94
10
4
10
0
5
13
5
0
26
83
0
26
37
0
0
39
0
280
1
48
58
236
8
4
0
208
0
0
1357
2
0
6
11
127
0
522
2555
83
189
101
0
438
24
15
147
94
676
0
315
0
2
31
11
0
90
58
192
0
56
0
1
1
0
0
15
4591
0
81
14
0
0
2
1
28
0
0
84
757
48
41
15
27
0
14
6
8
1
0
6092
98
189
101
0
195
0
49
436
0
19
1
0
0
0
0
57
19
21
218
499
115
205
34
0
14
172
706
0
2
0
7
1035
338
15
2
0
0
0
17
361
1834
112
10
1004
0
28
2
1068
42
0
1
0
91
473
0
8
0
0
15
27
28
0
1101
449
2
0
0
0
233
5
0
42
124
0
0
32
630
193
0
3365
61
121
0
839
0
29
0
1089
18
103
0
8
0
17
0
5
0
371
64
4
0
18
0
35
1095
47
0
0
3
0
1084
0
281
0
34
74
0
311
24
81
3484
4
383
79
144
0
35
140
0
0
0
588
571
0
0
3
145
0
0
0
150
20
0
5
0
0
10
13
3
4
5
0
0
872
2
639
4
0
1
0
68
0
0
31
0
0
5
0
39
0
0
13
157
80
0
421
13
0
0
52
2
50
0
0
0
112
0
12
0
0
434
0
0
349
29
0
49
0
51
132
0
348
0
5
0
0
559
0
0
0
861
58
0
116
12
51
0
93
2174
0
0
0
172
76
3
69
0
21
0
37
2
19
0
0
6
146
81
4
0
0
0
0
37
0
5
7
4
0
513
0
38
0
34
11
0
11
0
13
0
141
4
80
0
0
24
21
14
82
0
0
0
1
213
5
10
31
1
0
0
0
10
14
0
1134
44
0
0
275
416
76
0
12
95
113
47
2
35
56
6
0
129
0
0
24
8
0
7
0
274
0
19
0
16
0
5
146
29
61
246
342
0
0
19
286
3
0
3
4
0
2
1441
76
0
441
5
319
0
0
60
32
0
0
0
0
0
2
1
0
0
0
417
54
10
0
0
74
4
6
8
0
226
0
16
65
4
9
13
222
24
247
0
368
8
284
2
3
13
106
100
1628
5
0
0
0
0
78
0
0
0
3
22
0
61
0
13
10
6
10
0
8
9
0
0
0
2
49
0
0
23
0
107
2
61
0
292
40
87
82
0
0
54
0
67
2
0
0
135
14
264
189
0
76
673
56
0
3
33
408
10
0
20
0
868
0
10
0
7
65
44
110
12
2
23
0
0
4
89
6
77
0
4
763
3
0
17
18
0
0
248
0
0
1
0
0
123
98
71
0
0
0
0
63
0
435
0
21
109
13
241
152
55
0
2
129
15
145
685
1
0
142
0
31
3
424
459
344
2
0
0
10
2
4
40
16
0
0
0
0
1
0
18
0
242
0
3
171
0
127
3
15
0
125
6
0
2
8
36
0
1
52
0
0
0
0
0
1
0
0
2
0
1581
124
313
0
0
0
6
0
67
0
0
36
525
0
8
0
243
36
61
0
0
79
8
10
50
1570
0
0
10
8
2
213
356
0
0
0
0
436
1
90
150
7
0
34
59
0
0
3
1
27
824
80
0
0
0
272
0
5
3
0
0
31
33
1
63
1
73
0
6
480
51
0
17
8
5
54
34
0
34
65
153
48
244
0
28
0
1
197
0
7
2
1
0
0
0
0
0
9902
178
1
0
3
587
2499
3
2
0
5
384
38
2
1149
28
0
0
798
2
0
26
11
0
5
297
0
2
5
0
0
0
0
3
0
0
662
0
0
6213
0
2
0
0
0
1
14
0
0
40
0
74
1624
0
0
45
90
129
0
390
4
25
25
0
42
0
180
0
0
3
1102
0
146
0
0
17
189
25
43
27
418
0
12
43
125
39
0
0
0
0
0
0
104
206
0
0
0
4
0
6
0
0
1068
0
0
0
827
106
148
1
100
0
550
0
4
118
438
0
4
0
19
31
411
0
0
123
0
5
1
3
43
14
0
0
261
13
107
0
0
132
0
32
3
1
100
1
83
282
118
14
0
17
986
30
17
246
0
0
0
113
103
0
53
0
245
154
3
0
91
63
109
0
2
0
159
415
692
24
1907
0
4
0
1831
3
515
601
0
5
0
285
0
0
80
12
72
31
0
93
0
0
0
20
0
1
530
249
244
0
0
1460
12
81
0
261
252
394
1328
0
0
0
3811
0
547
1
0
307
3
2
0
0
0
0
10
0
0
5
9295
62
43
0
0
172
5
210
2380
166
0
277
77
344
0
0
0
0
195
1
0
10
108
2
232
156
388
0
126
0
94
1
787
2
3
3
77
263
260
20
314
3
0
7
395
60
2
704
0
157
0
0
15
57
0
8
0
0
3
0
129
5
6
283
0
131
6
1
2
94
0
2
0
2
0
0
2
9
43
0
187
36
38
99
1
1
0
1739
136
11
865
0
0
128
0
62
182
0
67
679
28
344
85
21
3
120
0
0
478
2
0
922
14
0
190
29
15
0
0
9
621
3
53
9
125
461
102
0
0
0
42
2
180
7
181
3
157
3
6
0
1506
142
0
189
8
3
1
1
35
53
9
188
278
454
0
501
0
4
0
1
0
117
168
23
460
10
126
485
189
19
98
21
2
9
0
77
0
0
0
0
4
0
290
0
535
491
0
0
4
30
0
94
9
0
3
0
0
0
0
192
112
1495
0
16
0
0
1593
6
3
2157
0
103
154
0
36
0
0
12
9
19
437
717
89
132
179
81
0
98
130
0
0
2
26
0
0
217
0
59
93
8225
2
9
1223
241
33
2
115
0
0
19
0
102
167
170
35
145
28
24
5
1
31
24
50
129
382
1
98
38
0
0
8
0
335
54
92
0
0
0
0
0
1
13
11
215
19
109
0
0
0
0
0
113
5
1
18
17
1
428
94
0
0
0
0
114
0
0
657
211
16
218
0
3
551
153
0
0
89
1
0
8
1
3
0
246
949
69
135
0
726
3
0
1
94
0
660
12
52
0
7
0
14
0
88
6
34
244
37
0
18
0
0
1052
213
58
0
32
0
0
25
64
5741
0
0
0
14
21
29
78
0
0
128
0
381
625
562
0
37
1160
1103
376
34
0
0
0
16
49
13
0
42
17
40
0
48
0
14
0
0
103
0
6
139
0
215
22
276
181
214
47
279
0
2766
33
5116
55
71
8
3
250
0
160
81
475
78
14
6
3
71
1
0
258
44
143
34
190
280
0
408
14
433
559
138
186
316
0
4
0
133
503
4
1
7
448
12
357
16
0
99
2
14
0
0
263
120
0
0
40
2
52
142
30
0
0
0
0
60
0
0
610
638
159
156
3
17
137
352
65
458
17
0
66
17
36
0
63
19
55
2
233
21
0
0
0
2
0
3
179
0
1017
769
137
0
802
235
14
2
355
3
0
0
1
0
0
0
3
34
0
2
252
21
0
226
8
0
372
131
603
1
0
0
411
376
402
159
0
358
227
6
301
24
36
0
25
353
74
376
4
0
2
163
196
46
211
31
302
3
0
0
0
15
0
0
3
59
0
24
7
0
0
0
227
6
0
12
20
76
5
61
68
13
0
0
0
121
0
122
66
31
0
1
0
2
120
0
2
12
1
130
10
1
0
16
710
716
521
51
2
17
2
830
0
0
7
250
51
0
31
22
0
0
0
88
71
143
68
21
0
16
12
42
0
286
82
27
0
15
0
138
0
0
0
60
67
0
998
8
0
121
34
2
0
125
19
64
299
85
934
0
0
1
43
46
709
0
985
1
1177
51
2
198
1
691
0
213
28
480
359
0
1039
1363
0
0
0
0
0
11
0
142
47
2
102
129
0
16
0
68
8
0
0
291
232
440
384
69
458
1270
442
0
11
20
2
57
138
0
9
0
9
9
34
0
5
1497
1
26
69
262
8
0
0
0
45
23
291
0
0
676
1
3
0
504
104
506
0
24
3
0
0
0
42
0
218
0
18
0
0
67
45
0
7
0
34
710
0
200
5
0
2
1
7
0
0
0
287
288
0
8
448
9
85
158
241
0
22
0
845
160
23
104
0
7
0
0
2
12
0
210
7
72
84
15
0
8
0
30
0
30
15
8
3
1
0
0
4
88
0
107
0
0
0
0
1037
0
0
5
54
0
0
0
11
1
0
0
806
127
298
3212
1228
0
5
0
273
3
3
0
84
407
28
373
0
0
0
0
203
48
73
4
760
81
23
461
13
3
192
215
55
41
0
0
1
0
0
0
0
2
0
68
0
0
0
0
0
0
0
51
113
64
358
95
0
2
0
0
1
0
276
261
0
0
0
0
0
0
208
139
0
0
0
0
21
0
0
4
7
0
1
0
0
0
9
13
86
83
3
0
0
0
0
1700
495
1
500
20
0
0
58
113
269
2197
35
92
0
1
0
0
72
0
36
0
4
0
0
0
0
352
8
0
0
0
0
0
0
0
11
146
0
49
70
0
0
0
0
3
35
0
0
482
0
0
0
54
112
443
38
27
10
54
0
0
34
0
0
58
22
0
1
136
1
0
11
0
0
1
90
0
23
9
0
0
0
0
0
0
0
373
66
618
0
0
0
0
0
0
0
0
0
0
0
0
15
0
0
0
0
0
0
0
0
0
0
61
4
442
0
0
0
0
2644
7
73
7
202
77
38
18
19
3781
11498
53
0
30
28
2
0
0
604
134
96
0
0
0
92
0
0
0
89
0
0
70
10
123
113
0
1
0
0
34
6
0
0
9
3316
3
47
0
0
0
0
10
44
0
0
16
0
0
1
0
205
97
0
0
1
0
93
13
4
14
9
0
0
0
0
0
0
0
0
1
92
42
0
0
575
970
30
224
2810
0
0
2
6
1
1
0
22
2
0
0
193
24
0
0
0
14
14
0
0
0
0
0
13
14
0
0
4
290
120
300
31
72
1298
0
593
893
15
0
0
0
0
0
1
0
0
24
0
41
0
0
0
0
2
0
0
0
0
0
0
0
352
39
1405
10
2900
4034
179
0
0
35
33
0
146
0
0
0
930
176
0
0
165
200
51
5
0
12
1
108
0
0
0
0
0
0
0
0
0
0
0
0
0
0
0
0
0
0
0
0
43
0
0
12
84
0
1
0
244
0
0
371
0
1733
77
47
41
0
24
0
0
46
1
0
0
0
0
14
0
0
25
0
0
746
841
0
2201
9
26
0
0
0
0
0
0
0
0
0
828
709
0
0
38
0
0
0
0
0
21
18
0
0
0
0
11
50
0
0
21
0
0
0
0
0
0
0
0
0
0
28
0
0
1
0
0
0
2
0
0
0
0
0
0
0
0
0
0
0
0
0
0
2
0
0
0
0
0
0
