##BLOCKS= 4          
Plate:	Plate#1	1.1	PlateFormat	Endpoint	Fluorescence	Raw	FALSE	1						1	590	1	12	96	530	Automatic	590			6	Automatic			
	Temperature(¡C)	1	2	3	4	5	6	7	8	9	10	11	12		
	21.50	19.037	15.187	28.814	17.554	15.868	17.289	16.816	16.879	13.824	-0.004	0.197	0.095		
		21.964	20.376	18.809	18.65	18.508	16.504	20.16	17.421	15.916	-0.013	0.153	0.149		
		19.14	19.624	21.962	21.404	20.175	17.785	19.963	30.061	17.312	0.03	0.056	0.019		
		25.722	19.05	23.597	20.96	21.851	20.821	17.52	18.295	17.405	0.079	0.242	0.215		
		19.238	18.661	25.373	24.581	20.062	17.757	29.999	19.149	18.272	0.051	0.382	0.103		
		17.406	18.193	21.909	26.811	18.486	20.914	15.445	18.501	16.25	-0.044	0.017	0.078		
		0.159	0.158	0.012	0.069	-0.026	0.175	0.328	0.078	0.13	0.118	0.172	0.037		
		18.486	20.012	18.64	18.65	0.106	0.269	0.133	0.196	0.033	0.156	0.082	0		
		
	Temperature(¡C)	1	2	3	4	5	6	7	8	9	10	11	12		
		19.037	15.187	28.814	17.554	15.868	17.289	16.816	16.879	13.824	-0.004	0.197	0.095	
		21.964	20.376	18.809	18.65	18.508	16.504	20.16	17.421	15.916	-0.013	0.153	0.149	
		19.14	19.624	21.962	21.404	20.175	17.785	19.963	30.061	17.312	0.03	0.056	0.019	
		25.722	19.05	23.597	20.96	21.851	20.821	17.52	18.295	17.405	0.079	0.242	0.215	
		19.238	18.661	25.373	24.581	20.062	17.757	29.999	19.149	18.272	0.051	0.382	0.103	
		17.406	18.193	21.909	26.811	18.486	20.914	15.445	18.501	16.25	-0.044	0.017	0.078	
		0.159	0.158	0.012	0.069	-0.026	0.175	0.328	0.078	0.13	0.118	0.172	0.037	
		18.486	20.012	18.64	18.65	0.106	0.269	0.133	0.196	0.033	0.156	0.082	0	
~End
Group:	Standards	1
Sample	Concentration	Wells	BackConcCalc	Values	MeanValue	Std.Dev.	CV%

Smallest standard value:  

Largest standard value:  

~End
Group:	Controls	1
Sample	Wells	Sample#	Values	MeanValue

~End
Group:	Samples	1
Sample	Wells	Values	Outliers	Result	MeanResult	Std.Dev.	CV%

Outlier - Outside standard range  

~End
