24_BitA_28_1
1
0
2
1023
100
146
0
2
0
1
0
692
5
358
0
0
199
18
5
0
24
23
0
0
0
48
0
16
1
1
27
4
0
121
84
8
0
0
0
0
17
0
0
6
24
16
0
83
21
55
0
77
0
2362
0
12
1
40
0
88
1
5
2
1
140
4
0
1403
21
2
281
177
1
12
20
0
109
0
14
0
0
0
0
5
398
0
1
165
0
21
33
2
133
0
0
2840
3
0
4239
0
59
0
98
65
100
8
0
0
0
44
0
0
85
0
7
0
0
293
45
327
29
2
0
18
67
1169
89
0
97
35
0
13
0
98
0
0
12
317
3
0
10
0
2
0
1006
17
0
91
35
83
0
0
47
52
65
203
0
0
0
88
0
0
2
0
101
1
26
1056
0
0
1
0
0
4
0
23
40
0
0
85
32
2
0
1
589
240
286
36
23
1
0
17
1
171
0
156
0
4
3
29
1
0
3
30
62
0
4
24
28
15
0
10
11
0
0
3
759
117
0
78
637
0
64
81
0
4
24
349
8
137
9
0
4
278
73
0
345
3
0
0
0
0
43
1361
0
0
776
21
0
24
133
23
53
0
75
7
0
0
0
6
19
11
1
1383
181
0
0
0
9
42
0
10
0
0
28
39
0
0
152
13
2219
4
0
5519
0
363
0
0
0
76
0
0
0
27
0
0
69
0
139
0
0
78
0
5
35
0
456
43
47
0
0
0
0
0
0
3
0
262
9
0
51
0
670
20
0
61
0
1
0
7
831
518
15
0
0
175
23
1
0
0
72
7
14
382
0
0
6
13
1
1
41
0
38
64
7
12
1144
254
0
0
1
1
4
4930
0
0
0
12
0
4542
780
263
163
3
0
3
9
5
0
89
0
119
0
10
1490
0
35
5
15
2
155
0
0
621
2634
424
183
0
10
24
5
0
0
0
15
24
22
0
0
0
0
401
2
320
0
0
0
3
0
0
1603
151
0
0
110
0
1
474
35
2
80
0
147
3
79
1
465
0
0
0
18
1
2133
4740
0
87
332
194
14
0
0
0
31
0
0
6
0
0
0
0
7
1
0
0
0
53
133
0
245
0
109
0
47
0
0
1
4
0
96
36
115
31
17
83
979
0
0
0
13
0
1
163
3
9
0
18
0
13
0
0
1100
0
20
25
30
46
9
0
148
0
9
0
0
17
84
1092
2
0
74
0
6
21
0
133
0
3
5
1
13
214
0
270
103
0
9
22
2414
135
0
0
15
0
11
0
17
478
0
0
0
0
2
1
4
0
0
3
0
0
0
0
0
110
0
35
1
42
0
3
0
73
9
52
12
1345
0
146
38
159
0
9
0
281
1
87
95
16
4
5
0
6085
1
5
0
452
0
9
16
0
0
5
44
0
0
0
8
131
0
0
0
0
2341
0
305
2
16
0
341
65
8
7
0
0
4
66
0
15
6
0
3
0
17
0
0
2
0
67
259
219
74
202
9
0
0
0
0
0
0
2
0
52
230
5
33
11
3
141
0
0
61
4
0
246
0
0
5
0
39
4
5
4
4
0
645
0
5
0
736
0
0
0
0
556
1
64
0
0
0
0
0
0
15
47
62
151
0
155
760
2254
3
3
2
0
30
12
1
3
22
88
95
0
0
18
59
17
0
0
132
16
166
0
2
1902
39
169
245
526
442
0
0
15
141
7
2
56
124
0
0
1
0
163
91
16
2
45
1
0
58
0
16
37
1581
0
35
31
133
0
0
0
0
0
1
2900
56
1
0
799
5216
5
65
0
157
3
394
85
0
0
380
4
4
158
3
64
87
1
0
354
11
34
4
1
259
263
42
28
0
3
0
0
1958
0
69
0
0
275
0
0
0
0
3
14
0
3
8
1
613
78
0
431
0
727
29
1238
117
10
0
41
4
0
1
0
42
0
30
39
0
0
2
0
5
0
9
176
15
5
0
18
6
131
74
3
8
0
9
0
0
193
16
260
3991
8
30
563
339
9
18
27
62
39
0
44
23
0
150
6
84
27
103
9
3
70
4
18
206
0
0
1310
25
0
0
0
0
0
398
2
7
0
0
0
956
4
0
1679
7
2
0
317
0
7
157
43
56
43
76
0
0
4
1
0
832
1
182
0
0
3
5
206
35
0
5
5
0
16
44
9
18
0
33
0
0
230
1
0
0
0
4
0
238
998
30
21
5
3
0
3
15
221
31
2
120
149
0
8
2
0
498
413
1
89
0
1
0
0
20
393
0
477
0
4
10
0
1
0
4
283
4
0
0
0
0
11
121
0
1
6373
65
2
895
6
13
0
0
0
4
0
337
24
96
59
0
2
0
0
221
0
1384
1
2
2
1000
406
176
111
1995
0
30
0
2
1432
0
0
0
0
2462
0
0
0
0
0
27
950
619
122
0
2
0
0
3
29
0
0
0
2
111
79
6
0
0
0
15
133
2
0
4
0
4
0
797
35
107
55
3
0
0
0
0
179
0
0
4
825
5
2
0
12
69
204
0
4
866
94
6
0
2
0
0
532
0
0
94
0
2
2
16
0
43
130
1
0
1
0
0
111
1066
0
0
0
16
60
2
0
0
1
25
1
0
924
0
2
183
2
0
355
0
507
116
0
0
0
299
0
0
0
0
221
12
44
8
67
78
47
710
11
365
0
19
0
1
11
0
0
2
0
49
1928
15
116
0
0
6
5
3
116
396
132
568
2587
4
8
4
0
41
0
36
0
2
0
0
258
112
0
0
0
336
0
0
0
144
42
1147
703
0
99
160
8
112
0
10
97
36
244
0
0
14
0
73
12
37
0
495
1
42
0
391
27
333
0
1368
0
0
56
0
36
1838
0
0
0
14
0
132
0
0
6
54
0
23
0
0
13
0
0
2
0
3
0
0
0
94
0
41
58
0
128
550
0
0
99
5
0
0
788
105
3
0
10
0
15
0
35
44
0
0
44
0
1894
0
1
2
8
12
30
20
168
98
0
13
0
2
0
10
44
10
8
0
0
10
0
138
101
0
0
0
0
21
559
4
11
7
20
9
12
6
0
0
0
26
872
0
21
4
0
0
64
0
87
1
354
0
21
310
0
9
12
84
0
0
0
360
1
7
3
0
0
0
7
215
3
0
105
0
110
0
0
21
1
0
390
0
114
170
0
329
0
195
4
74
6
0
0
13
10
0
0
34
23
0
6
0
3
3
0
4
0
58
0
2
4
139
6
12
0
0
0
45
402
101
0
0
0
131
0
0
534
499
0
24
1313
0
4
279
2
335
231
514
0
12
5
665
0
16
29
6
92
0
0
350
50
8
56
2
5957
249
2
599
158
0
5
0
42
11
10
0
0
12
6
25
0
2896
0
43
205
43
26
0
0
0
1
27
0
103
0
0
415
1
2
0
0
4
0
0
88
0
42
275
0
66
0
0
32
0
0
2
0
0
22
0
0
0
0
0
1
0
101
7
9
0
2
114
33
2
0
61
0
757
104
0
0
0
26
28
38
939
5
1050
0
2018
14
665
110
0
0
0
260
0
232
82
71
126
0
0
0
80
0
33
0
0
0
0
2
847
142
34
7
36
41
0
140
0
19
238
37
5032
0
193
0
278
24
334
2
0
6
0
0
0
0
0
0
145
233
0
180
5
0
0
0
23
77
578
17
755
1339
1
7
0
61
108
102
837
8
0
9
71
232
16
0
0
1
38
36
0
0
31
88
275
0
0
0
150
116
0
2309
0
0
0
6
9
3
1485
0
70
0
0
0
44
0
183
1
1
3
1
781
16
9
76
0
65
2
5
363
18
5
0
24
0
0
6
167
11
47
0
6
1
0
0
0
10
2
0
6
0
30
8
52
0
5
0
0
175
0
26
0
6
14
245
42
216
1456
4
84
4
1030
0
5
3
140
3
0
32
0
214
0
0
17
6
0
184
303
3
4
118
0
9
0
0
0
0
0
0
0
626
517
0
0
42
23
1342
0
0
56
0
0
3
38
0
33
1
3
27
0
0
0
0
0
0
143
0
0
0
0
2
1246
60
50
0
8
0
56
8
8
232
93
0
44
0
13
1632
2
0
268
1
0
2
1
23
0
0
0
0
9
104
27
0
0
0
0
0
0
0
0
30
533
0
0
169
188
210
3059
7
23
0
0
11
0
0
1
0
0
0
34
11
0
4
1
1143
20
0
0
303
50
2
135
0
2
0
349
0
1
91
0
0
0
0
0
0
0
0
3
1818
0
4
6
0
6
6
0
0
0
0
128
1
3
0
8
7
0
41
135
162
4
93
70
170
0
0
186
22
78
4544
19
0
0
0
0
0
10
74
5
3
4
1
0
961
5
0
1
0
0
0
18
25
433
0
2
3
4
0
1
211
11
142
141
88
2
0
0
2
34
8
0
0
75
22
4
15
3
0
0
2
0
34
14
7
0
0
0
4
0
0
0
21
5
0
0
5
0
1
0
0
8
47
0
29
0
193
0
0
3
0
11
0
0
0
2
0
193
0
1
0
41
0
1275
66
0
0
13
0
0
0
0
580
1
145
81
2
87
0
50
28
33
9
1
87
196
0
7
0
995
0
42
0
20
4
28
0
41
12
0
0
28
27
64
855
16
356
2
0
0
5
4
3
50
946
30
0
24
0
81
1
0
0
232
0
76
0
0
394
283
0
349
23
5075
228
0
56
1
53
0
2
0
43
67
50
388
4
0
207
20
1
2
57
0
0
12
37
109
11
0
0
8
4
31
0
0
0
0
542
13
6
2003
528
2
327
0
69
0
0
0
49
0
2
0
0
3
0
59
0
0
40
177
0
7
276
5
0
75
5
0
0
0
7
4
14
30
5
3
2
0
0
0
1
4
0
25
0
0
19
0
20
9
2
13
9
0
0
0
446
0
0
0
5
0
22
274
848
21
667
14
5
38
50
1
2
45
1
131
493
0
42
41
4
12
0
0
3
64
0
90
7
0
0
297
0
40
0
0
0
1352
38
0
12
80
78
1
244
2
44
0
77
3
2
508
1
23
40
16
8
40
99
4
0
247
423
136
0
2590
6
6
8
1053
0
0
5
0
120
11
9
0
24
4
33
5
914
0
4
31
120
398
35
0
0
0
0
22
13
0
91
5
19
124
73
0
51
2
14
0
3
0
0
1
0
20
0
76
7
2
0
0
0
0
0
2069
519
0
6
158
7
14
0
29
33
2207
65
0
0
2
3
2
99
0
2
0
0
68
56
0
0
49
102
1072
37
1
3
0
74
9
5
20
0
1
11
37
5
196
4
0
0
143
52
0
0
13
0
0
0
14
22
111
0
0
63
0
48
134
2
5
492
0
0
6
158
791
4
0
0
2
81
9
92
0
16
0
600
0
0
0
1
4
0
354
13
69
0
0
19
9997
0
347
0
0
0
72
1
15
479
10
0
53
103
222
7
2
2
20
15
0
19
0
5
0
29
0
0
134
7
0
0
0
2
1
0
8
108
2
0
77
0
0
22
123
12
0
0
60
3
1
0
163
22
6459
1
103
0
3
0
1
9
0
0
0
85
2
571
9
1132
0
0
7
0
0
12
0
24
1300
0
7
0
7
0
51
23
737
10
0
3
1
2
0
0
27
0
27
0
0
0
0
4
6
58
52
0
0
106
5
0
190
19
10
28
32
1
133
38
1
14
0
0
0
123
51
69
3
165
0
0
5
31
32
2
69
0
170
5
0
11
3
0
2504
0
0
482
17
58
31
0
188
0
0
22
167
19
5
119
0
0
1
2
142
97
3
0
9
0
2
0
0
11
0
55
4
7
328
7
186
0
3
0
24
1006
243
0
2
0
12
171
10
51
132
25
0
0
0
1889
83
0
35
0
19
0
0
0
132
50
0
23
0
0
0
0
3
6
0
67
0
0
1
7
341
0
13
0
0
1468
261
89
5
0
0
6
0
0
0
34
154
148
0
2
709
1
64
21
0
40
0
0
0
469
0
0
0
367
11
121
1
0
3
0
0
1332
5
0
678
66
10
215
306
108
1
0
56
784
127
9206
209
0
193
2
278
0
9
8
30
18
0
0
3
25
0
0
497
2
4780
4
5
150
0
18
0
31
42
4
18
24
2
0
105
222
824
0
17
43
7
37
210
0
0
0
118
0
0
0
25
781
1
53
0
1
209
457
0
362
1161
3
36
267
42
0
18
1
1833
298
0
468
0
9
692
97
14
6
0
6
0
0
222
10
11
0
301
0
14
18
26
0
0
766
0
26
196
147
136
16
0
3
10
0
1944
0
4
0
0
2
145
0
192
19
0
4574
0
13
254
1
13
112
0
0
68
0
0
0
0
6
0
0
2
4
98
0
0
603
2
5
81
1
0
0
193
3
529
156
5
357
58
0
0
26
0
1
0
0
3
3
105
57
0
18
0
0
0
77
12
17
142
0
216
0
427
1
414
0
1
9
7
0
17
14
4
0
5
39
1
0
33
171
85
82
34
0
0
79
10
720
18
0
0
10
0
0
0
0
179
18
1519
49
435
476
446
0
12
0
0
110
0
5329
0
0
326
58
25
17
24
312
21
1
18
5
0
2
0
245
18
66
78
0
551
199
0
0
150
6
7
362
246
3
42
14
31
35
62
0
1191
360
0
6
4
0
0
0
74
0
291
78
56
0
20
345
216
0
16
158
8
0
1
2
0
541
4
2
900
0
101
1
5
0
0
221
152
0
0
397
1
0
0
0
0
171
1
43
2
216
15
48
327
106
0
25
126
216
2
7
84
37
0
31
8
185
424
161
0
0
399
7
89
2
0
0
94
0
22
6
0
61
0
0
0
1
0
0
0
8
4
0
0
4
0
38
0
4
125
0
0
0
1510
0
0
0
0
0
74
0
2
5
6
41
0
0
0
154
6
0
3
17
0
0
1
598
0
0
0
205
0
0
0
0
506
0
1
8
15
0
0
0
0
11
0
8
2
0
16
0
0
14
183
0
0
5
0
1
150
1
939
16
6
15
0
30
0
0
0
5
1
236
0
0
0
0
6
0
8
0
1
177
14
0
287
4
1
68
6
0
0
215
723
0
0
9
0
0
14
1
0
0
9
23
0
17
33
2388
125
0
112
0
22
20
0
151
10
1
9
0
1
0
0
310
0
0
0
0
1545
3
287
0
0
2
1
565
4
31
15
0
0
1
0
0
0
1
0
0
0
0
0
12
0
0
0
0
0
30
782
83
8
4
88
0
0
0
0
0
0
0
0
0
0
0
0
0
4
0
5
3
123
1
0
0
35
0
36
0
0
0
0
2
0
0
41
0
1
0
0
3
0
4
0
0
18
5
20
3
0
0
0
0
0
5
0
0
0
0
0
0
0
0
53
0
9
5
0
0
11
0
0
0
0
3
0
0
0
0
2
0
0
0
0
1
37
1
0
96
0
0
0
2
0
0
2
0
37
0
3
98
12
0
12
113
0
0
2
0
0
0
0
40
19
0
0
4
12
1593
5
0
135
5
0
0
0
0
0
0
0
5
0
0
24
0
0
0
40
0
7
0
0
0
0
0
0
41
0
12
0
240
0
158
0
7
0
0
1
2
0
1
0
6
5
0
0
0
478
0
0
56
0
18
147
0
0
0
14
309
1
220
0
32
0
7
4
7
3
4
0
0
4
0
4
0
0
0
0
23
0
0
0
1
429
0
1
779
16
0
2
55
0
0
0
0
0
0
138
0
0
109
0
72
0
2
0
0
0
0
3
0
0
0
0
0
0
25
0
2
0
0
0
120
0
38
0
2
0
0
0
0
0
13
0
0
1
0
0
21
0
0
154
24
0
0
0
0
35
0
4
0
0
0
0
0
0
0
31
0
0
46
0
0
247
0
0
0
0
23
0
0
0
28
0
0
44
0
0
0
20
0
3
0
0
0
0
0
0
0
0
0
0
0
0
0
0
0
4
0
0
0
0
32
10
0
8
1
24
0
0
0
4
0
0
0
0
0
0
0
0
3
0
1
0
0
0
0
406
0
0
0
0
0
0
124
0
0
0
309
0
7
0
0
0
0
0
0
0
3
47
14
0
0
0
0
3
11
0
0
0
0
3
468
4
4
0
0
0
0
0
0
0
0
0
12
1
0
0
0
0
12
59
0
0
0
1
0
0
2
1
2
0
0
0
0
5
0
199
111
0
0
0
0
0
0
0
0
162
0
0
0
0
0
4
0
0
0
36
54
0
512
0
0
96
0
0
1
0
0
0
0
1
0
5
0
0
28
0
19
0
0
2
0
0
0
0
1
0
0
7
0
0
0
18
3
0
353
0
0
0
0
0
0
2
0
0
0
0
0
0
0
22
0
0
2
0
22
0
0
4
0
2
0
4
5
0
0
0
0
0
0
261
0
0
0
0
3
0
0
0
0
174
0
0
0
0
0
0
0
0
0
0
0
6
0
0
0
84
163
0
0
0
0
13
0
0
0
3
0
0
0
0
13
0
105
4
0
4
0
3
111
0
0
6545
0
0
0
0
11
0
3
0
0
3
0
0
35
0
0
0
114
6
5
0
0
70
0
49
0
0
0
2
0
2
0
0
0
0
0
2
0
0
0
0
0
31
0
0
0
0
0
0
0
0
187
0
55
1
4
0
0
5
0
0
0
20
0
0
105
0
0
8
2
28
0
0
0
5
0
27
0
0
19
0
189
0
0
0
0
0
0
0
0
32
24
0
0
0
1
0
0
0
0
0
16
30
192
0
0
34
36
161
0
17
0
0
1
29
0
0
0
2
9
0
0
0
0
44
8
0
0
0
0
0
0
0
0
0
0
13
0
0
0
0
5
0
52
0
0
15
2
0
1
0
5
0
0
672
0
0
0
13
0
0
3
0
0
28
0
4
0
0
2
1
2
0
0
8
1415
68
2
1
0
0
0
0
0
0
226
0
131
0
0
0
0
0
14
0
1
0
0
1
0
0
0
0
0
2
0
44
0
8
0
0
0
0
34
0
0
0
101
0
6
0
0
34
0
174
0
0
0
497
0
2
0
0
0
3
0
0
5
0
0
0
3
31
0
1
0
0
35
6
0
0
16
0
0
0
19
5
0
30
0
0
0
0
0
0
1
0
29
0
121
0
0
0
0
0
256
12
0
0
24
0
65
0
0
29
0
0
0
0
34
0
0
0
0
24
1
0
0
0
1
36
0
0
0
44
2
0
0
82
0
881
108
0
0
0
0
0
0
0
0
0
137
0
0
0
5
0
0
0
1
0
0
0
0
0
0
322
0
0
0
3
0
0
254
167
16
0
0
0
0
0
34
3
0
1
0
19
0
5
0
0
0
0
4
0
0
0
4
0
0
0
0
431
14
1
0
0
6
3
2
0
0
0
24
0
8
0
0
0
0
118
0
110
0
0
16
0
0
55
7
0
0
106
80
2
615
4
0
1
13
3
0
1
0
0
8
125
0
5
0
0
0
0
0
4
0
0
0
0
0
155
111
0
305
2
0
0
0
0
1
0
0
3
0
0
0
0
4
0
0
0
33
541
0
0
0
3
2
0
0
0
8
0
0
0
38
4
0
0
0
0
0
0
0
0
0
0
0
0
29
0
0
0
0
0
0
0
209
0
132
0
0
0
0
0
0
0
281
0
0
447
1
0
0
11
0
2
406
4
0
14
0
0
0
0
0
286
18
0
23
0
0
0
0
1
0
0
0
0
0
4
0
0
0
1141
39
10
0
31
0
0
0
0
0
9
2
4
6866
1
0
0
1
0
0
1
0
0
0
0
0
8
0
0
0
2
0
0
0
0
344
0
3
0
0
35
1
0
0
3
2
0
0
0
0
6
0
0
0
18
2
0
0
0
0
0
55
0
0
0
0
0
3
0
0
0
0
36
0
5
0
0
0
0
0
0
72
0
0
5
98
0
0
0
92
1
1
9
0
0
20
9
0
0
6
13
3
0
0
0
0
15
9
2
0
218
0
0
0
22
0
12
1
0
0
0
19
0
141
0
0
3
0
0
3
0
0
0
0
58
0
0
0
44
3
0
19
3
19
288
244
1
0
0
6
4
0
15
0
2
0
7
0
1
0
0
26
0
21
149
8
0
0
0
39
0
0
8
0
9
22
0
397
718
0
0
0
0
0
21
136
0
0
0
0
0
0
0
2
0
0
0
368
0
0
0
6
0
8
0
0
7
0
0
221
0
0
1
0
42
0
1
0
1
2
0
0
0
0
0
0
0
1
0
41
14
0
0
0
0
1
0
0
0
7
0
0
9
0
0
0
0
18
0
0
0
0
0
44
0
724
0
4
0
0
0
0
0
7
1
0
5
0
0
0
0
0
54
0
33
0
0
0
0
0
0
14
0
1
0
1
0
0
273
0
0
177
0
0
59
9
0
196
8
0
0
0
0
0
0
0
0
29
0
0
0
44
17
0
0
0
0
10
47
0
0
1
48
4
0
92
1
53
0
0
213
0
13
9
46
0
0
0
5
2
14
0
0
0
0
0
0
0
0
0
0
40
0
0
1
0
8
0
0
0
0
0
21
1564
1
0
0
4
1
9
3
0
4
111
1
0
1
0
0
68
0
0
0
0
0
0
0
0
1
0
20
0
13
121
60
0
0
0
0
0
0
2
85
0
0
0
5
13
0
2
0
0
0
0
5
0
1
0
134
209
0
0
0
0
0
0
0
39
338
0
0
29
0
0
0
3
0
1
0
144
0
4
0
18
3
5
0
172
0
0
0
0
0
0
0
0
0
0
0
0
0
29
13
1
0
0
0
0
1
0
40
13
38
3
0
0
0
167
0
0
0
0
0
0
0
486
0
13
0
172
0
0
1
0
810
0
0
0
0
0
257
0
64
0
0
3202
4
0
0
0
0
0
0
0
9
0
2
2
0
2
2
940
0
0
5
2
0
5
0
0
0
150
0
4
167
0
0
0
0
0
0
33
0
286
1
0
0
0
0
2
13
38
0
0
0
8
10
2
0
0
0
2
0
248
0
202
27
0
0
71
4
0
0
0
0
0
1
0
1
8
1
0
0
82
0
0
0
0
0
2
0
2
0
144
0
603
2
0
0
0
0
0
0
0
0
0
3
51
0
0
0
0
34
0
0
0
0
7
0
0
48
0
0
4
0
0
0
376
0
0
0
0
27
0
426
0
0
0
21
0
0
1
63
0
4
0
0
6
0
256
0
0
0
401
0
0
0
2
0
0
0
29
5
0
51
0
13
5
0
1
90
0
4
11
3
0
0
0
0
0
0
0
0
2
0
24
0
0
0
0
1
0
44
0
0
1
0
9
0
0
0
379
0
2
0
0
0
0
0
0
0
0
0
2
0
0
0
0
0
0
0
99
0
47
2
0
69
0
0
0
0
64
0
0
0
0
0
0
105
0
1
0
0
0
0
43
4
0
0
1047
0
4
4
0
0
0
16
0
58
1
0
0
0
0
0
3
12
0
247
0
0
10
23
0
0
0
0
33
49
10585
0
2
0
5
5
23
0
0
10
650
0
0
0
13
0
0
0
0
0
4
12
0
952
0
134
0
7808
5
0
20
0
0
0
0
1
0
0
0
16
0
14
0
0
0
89
2
0
0
0
28
0
0
0
47
2
0
6
0
0
228
1
0
0
3
0
0
0
29
483
1064
0
0
0
0
34
0
0
0
0
0
7
0
4
0
0
0
0
0
1
1
0
0
0
0
0
2
0
43
19
0
0
0
1
0
0
0
3
0
6
44
0
0
0
0
3
0
6
0
0
0
24
2
0
0
0
0
0
4
0
0
0
0
0
0
0
0
0
5
9
2
0
0
0
0
0
0
0
0
0
0
0
0
0
0
0
0
0
3
0
3228
0
0
0
0
0
0
1
0
0
0
0
0
0
0
0
0
0
5
0
35
0
23
3
4
0
0
3
0
0
0
0
0
0
0
0
0
13
0
0
0
0
0
1
0
0
0
0
16
1
13
6
0
0
0
0
0
0
31
0
0
0
3
3
1
0
0
0
0
0
1
0
0
0
0
0
4
0
0
0
2
0
0
0
0
0
88
2
0
0
0
4
0
80
3
0
0
0
0
6
0
2425
0
0
0
0
1
1
0
2
0
0
0
155
0
0
0
0
4
0
265
0
0
0
0
0
0
903
0
0
0
0
0
0
34832
0
0
0
0
6
0
8
13
0
115
0
0
3
1
0
7
735
2
0
4
29
0
0
0
0
0
66
3
0
0
0
0
0
8
0
28
0
4
0
902
0
0
0
0
25
0
282
0
123
0
204
15
0
0
0
0
0
0
0
3
0
0
3
0
0
0
0
0
0
0
0
0
0
0
0
0
556
0
782
0
0
0
8
0
0
0
0
0
15
0
0
0
0
0
0
0
0
0
0
12
0
0
0
0
0
0
0
0
0
1
2
18
0
0
0
3
0
0
688
0
0
2
0
0
2
0
0
0
0
4
0
0
0
0
0
51
8
0
1
0
0
1
0
1
0
0
0
0
0
0
1
0
0
0
4
0
2
3
0
2
0
0
0
5
0
0
0
3
2
0
0
2
0
0
2
0
3
0
1
0
0
0
0
61
0
0
2
2
0
0
0
0
532
87
0
7
1
3
0
5
0
0
16
0
33
0
0
0
0
0
0
4
2
0
1
2
0
400
0
0
0
0
0
0
14
0
225
4
0
1
121
0
0
0
0
0
0
13
0
0
0
0
0
2
0
0
0
0
0
0
84
0
0
0
0
0
0
7
0
3
0
0
2
2
0
0
0
0
0
0
0
3
0
7
0
6
0
0
0
253
1
0
2
0
0
2
0
0
0
0
0
0
0
185
0
3
49
42
0
2
0
0
2
0
36
0
0
0
0
0
0
0
0
0
365
0
1
0
0
0
4
12
0
0
0
0
0
0
0
0
0
16
0
50
0
0
0
0
0
0
0
0
0
0
0
203
0
0
1
0
0
0
0
0
0
0
0
3
0
2
1
0
0
0
0
0
0
8
0
0
0
0
0
0
96
4
28
0
111
0
0
54
3
0
23
9
5
54
16
0
0
1
0
12
0
0
0
0
0
0
0
34
12
595
0
34
0
20
101
8
1
0
0
0
0
33
0
5
852
80
0
92
12
10
1
1
13
102
113
330
0
2
0
17
75
0
0
10
0
1
42
0
3
86
0
531
0
28
0
132
3
26
0
0
0
0
0
2
371
0
97
0
0
85
2
0
20
0
128
10
1230
0
109
0
3
0
0
1
1
18
83
33
18
0
7
0
10
0
0
77
0
0
0
7
0
4
22
67
1
0
0
0
382
23
3
6
3
0
0
0
0
10
0
14
0
1193
0
3
0
0
0
42
274
0
0
0
1
0
0
0
3
92
144
2
0
0
736
0
4
0
0
0
200
0
0
1599
0
5
0
0
0
9
34
0
0
0
36
5
62
0
29
0
29
0
8
0
0
0
0
0
1123
2
1
28
0
20
0
0
2
0
0
20
0
6
107
0
0
0
1
0
0
2
0
22
0
0
109
3
0
0
182
0
418
0
3
66
12
0
17
0
0
7
126
22
57
0
0
16
1328
0
0
0
0
0
60
0
18
0
0
0
2
0
0
131
0
0
0
2
0
0
0
0
3
14
0
0
0
0
1
0
0
0
745
0
2159
3
0
0
0
37
5
0
2
0
0
0
1
0
0
4
0
74
0
269
0
0
44
17
253
0
6
0
881
0
303
121
376
0
3
0
39
1892
100
3
3
10
0
107
0
221
0
0
0
0
3
58
6
6
0
0
0
113
5
96
0
7
48
23
0
100
4
26
0
143
10
0
0
321
25
0
256
0
1
4
0
190
0
94
0
0
2
0
0
958
0
0
1
402
0
0
7
38
0
0
100
0
27
0
0
5
0
0
2
14
0
0
0
81
0
0
0
0
6
0
1
1
94
0
266
0
18
8
0
0
494
0
0
283
0
10
0
0
23
155
37
102
0
0
2
0
241
0
17
0
4
0
0
0
0
1
5
0
7
55
40
0
41
7
52
0
0
25
4
29
0
11
0
0
3
0
96
0
0
0
90
1936
2
0
0
142
436
151
228
19
22
2
349
7
0
0
17
0
119
0
0
698
301
24
0
89
15
1
2
67
0
29
7
543
0
0
0
3
0
3
0
6
0
0
238
0
49
42
0
71
2
0
0
0
1
33
0
9
53
0
2
0
0
0
0
0
33
0
2930
10
7
32
0
161
14
0
3
0
0
3
78
40
0
95
0
0
0
109
0
0
170
0
0
0
29
0
0
1
0
0
114
0
64
4
6
1
0
178
0
0
80
0
337
1063
26
0
0
26
242
272
20
0
0
0
0
0
282
7
0
8
2
1
1
63
0
446
0
0
0
0
56
4
51
38
9
1
0
0
0
36
3
0
0
0
0
0
38
0
49
0
79
225
0
0
0
0
200
152
0
0
0
0
1
0
0
2
0
0
0
0
2
3
17
0
95
0
3
0
783
6
0
0
3
1
112
0
0
112
0
0
0
3
0
0
58
2
0
0
1
2
0
8
0
2
0
0
18
67
0
2
0
96
0
43
1
1
289
0
0
0
4
131
0
4
59
0
0
74
0
0
1
59
0
156
1
0
0
0
11
27
0
3
1
379
233
1
0
0
0
0
0
181
1
0
0
1
0
0
0
0
0
3
603
0
5
0
0
0
0
0
102
0
20
1
0
0
58
0
0
0
0
657
0
0
0
3
0
61
0
0
0
0
530
0
0
1
0
0
0
0
0
13
0
4
0
109
0
0
12
0
51
0
125
0
0
0
1
676
14
4
127
1
0
2
0
4
6
0
27
0
0
0
0
0
0
4
6
65
820
15
26
0
0
2
0
0
0
0
248
33
0
0
0
0
0
0
0
0
67
0
4
6
0
12
55
42
0
0
39
49
6
82
0
9
0
2
0
0
0
0
6
10
111
213
0
9
0
0
0
3
6
38
211
0
0
2
26
11
0
57
0
0
67
7
0
547
40
4
0
6
0
0
0
0
0
0
0
68
1
23
0
39
0
0
1
94
0
1
17
0
2
0
0
0
4
555
0
0
34
34
10
2
7
0
0
6
104
35
4
140
189
133
0
17
9
0
1
0
0
0
0
2
6
0
0
0
0
3
0
0
4
7
0
0
2
0
2
0
0
0
0
2
1
9
2
12
0
35
5
0
0
0
8
0
0
0
0
64
0
0
3
4
0
0
0
0
0
10
302
0
0
6
3
79
0
0
8
126
259
55
0
0
0
0
0
0
0
0
4
0
0
10
15
0
0
0
0
0
98
0
2
0
68
12
1
0
5
8
1
0
0
93
103
0
70
0
41
106
3098
10
380
0
19
27
64
8
912
0
0
8
45
0
10
78
0
0
10
0
11
3
10
0
0
0
0
0
0
0
6
0
0
0
0
1
16
43
136
13
0
0
7
0
0
6
65
0
0
0
0
9
2
0
17
0
4
5
0
121
18
287
16
2
3
0
0
0
11
0
260
0
4
29
3
0
0
0
0
1
113
73
0
0
3
0
0
0
7
58
3
9
0
21
330
0
0
0
1489
2749
0
8
1
1
15
106
2
0
10
0
0
0
132
3
0
0
1
0
0
4
0
26
0
62
22
5
0
18
0
20
0
27
2
0
86
0
0
0
2
18
4
0
12
0
0
5
221
0
0
0
7
2
1
335
0
0
39
46
1807
35
0
0
116
2
212
0
4
0
540
2
0
0
0
0
9
0
14
0
0
1
48
29
30
7
7
0
0
5
0
236
0
10
0
0
0
73
1
97
3
119
0
0
35
3
299
263
37
82
2
9
0
108
2
752
16
0
0
0
0
6
234
0
33
0
0
191
0
0
158
0
2
24
0
447
13
3
0
0
141
0
0
171
0
23
22
217
16
8
0
279
0
374
0
2
89
221
0
0
0
15
2
1
0
0
9
31
0
514
2
0
5
5
7
17
0
32
17
121
7
38
164
192
0
0
0
34
0
0
0
0
0
0
147
17
0
0
165
0
0
15
0
0
0
1
2698
0
2
99
291
2
11
0
0
0
1
0
607
0
1
569
11
0
2
0
0
0
38
3
188
0
54
0
0
0
3
0
3
40
0
2
1716
0
14
0
15
0
0
0
142
47
0
2
0
0
88
0
0
261
0
1
0
0
0
3
4
0
41
0
63
10
0
37
0
8
2
413
459
229
0
0
160
1
6
379
0
0
0
0
0
253
1
9
0
0
2
0
7
10
185
0
22
8
3
3
37
0
15
0
0
1
0
46
3
72
246
959
100
8
234
4
0
0
87
0
173
0
0
6
0
198
0
8
195
20
237
113
0
0
6
0
124
0
23
0
0
66
18
3
0
390
11
0
0
0
74
14
3
4
0
0
0
0
0
0
0
137
5
0
0
35
0
32
0
77
25
2
0
207
25
0
22
4
0
5
0
7
10
0
1
2
0
61
0
0
1
0
0
0
7
0
2
0
0
0
2
16
48
260
3
6
0
0
0
11
37
1
0
0
0
0
11
4
0
2
0
0
0
0
0
0
1
33
0
0
0
0
5
0
0
5
0
0
24
22
0
4
0
5
47
13
113
0
35
0
323
6
0
1
2
0
79
2
5
0
289
5
18
4
31
3
77
455
0
0
73
0
0
0
14
1
41
1
0
15
0
15
5
14
0
242
0
16
0
97
632
0
0
0
0
0
1
97
24
156
1
4
44
0
37
0
0
115
4
0
0
0
0
0
0
0
0
11
10
117
8
36
0
0
0
4
0
8
306
0
0
453
7
47
0
0
65
214
0
5
0
0
2
0
90
0
0
85
5
0
0
0
0
54
1
2
0
0
0
1955
0
210
2
0
0
7
6
5
22
30
292
383
410
0
14
0
471
77
0
274
0
75
0
58
0
1069
1
347
0
0
0
1
0
12
0
3
4
131
0
0
1
0
58
2
48
187
0
0
0
113
0
0
0
2
5
0
11
3064
0
775
0
1
0
44
14
0
0
0
3
1
0
0
289
0
0
0
21
0
0
0
0
0
0
0
1
720
14
2
0
105
0
2
1
15
0
26
0
0
4
131
2
24
331
21
0
0
0
0
0
1
0
0
266
547
241
0
431
0
0
7
383
0
13
0
0
19
0
69
0
0
0
0
516
0
0
1
0
0
0
0
0
0
4
0
639
0
1
6
3
794
0
0
0
0
92
3
21
0
0
0
12
0
0
0
169
0
0
0
0
1
0
0
0
0
0
0
0
0
1
2
531
1
0
250
0
6
50
0
9
0
0
0
0
0
29
0
0
0
0
0
1
0
0
11
4
29
0
1
302
0
3
0
55
3
0
0
1043
10
1
0
19
164
0
0
0
0
16
0
2
21
0
0
0
0
0
0
0
0
0
1
0
416
0
15
111
0
0
4
0
26
0
0
461
0
0
22
0
0
0
0
3
5
0
0
0
0
9
8
29
0
0
14
4
0
5
765
0
27
0
0
269
0
0
0
21
0
25
13
14
94
0
2
0
12
0
0
22
0
0
0
0
1
1
0
0
518
5
0
2
0
0
2
0
0
1
44
0
0
0
3
1090
8
2
0
0
14
362
0
42
2
0
98
209
84
133
0
0
1
1
9
0
14
107
2
224
111
0
5
213
0
2
0
0
0
25
0
30
224
0
2
0
0
0
1
16
5
0
1
0
0
353
48
0
9
381
3
2
0
73
22
19
12
1
1
10
23
0
192
13
54
86
0
0
0
0
2
0
0
0
0
474
0
159
0
86
746
26
4
0
0
0
0
1
2
154
0
0
5
75
480
0
146
136
5
0
63
0
205
0
0
2
0
0
0
861
1
0
0
0
0
0
39
0
40
217
0
419
0
0
0
0
231
49
0
23
0
0
0
0
0
0
0
1
0
0
4
0
209
0
83
37
1053
6
0
9
0
1
0
1
0
0
1
3
0
0
192
0
0
31
0
0
0
0
14
41
0
145
35
0
44
37
0
0
42
93
0
0
0
1
0
0
60
1082
64
7
0
4
1
7
3
42
3
607
0
1264
2
503
25
0
0
5
0
0
0
5
1
0
0
4
0
0
61
314
13
4
9
1
0
26
43
0
113
0
0
112
14
0
0
0
0
0
2
6
11
0
0
19
4
0
55
0
0
214
61
0
30
0
466
3
11
0
0
0
0
0
0
162
776
0
1466
0
21
37
369
1266
0
0
0
0
0
54
0
185
323
6
5
32
1
257
287
0
0
0
41
0
0
0
34
0
0
0
63
0
0
26
0
3
32
0
0
104
6
0
0
1711
8
2
0
10
0
0
10
459
0
0
0
6
331
0
0
3
9
1
14
108
178
0
0
58
0
107
0
4741
13
0
69
0
1
0
3
0
0
0
3
0
269
0
53
862
0
166
0
132
0
257
2
531
708
524
0
1089
9
0
0
0
24
7
620
0
0
1
0
0
0
66
0
6
0
0
0
21
0
0
72
106
5
2
1
0
2
16
0
3
3
3
133
5
457
6
5
0
0
0
157
4
0
5
2
0
0
0
827
0
224
4
0
168
0
1
0
0
251
1
69
0
174
0
0
68
0
7
20
0
4
76
0
0
409
1196
0
0
22
1
21
5
0
1
0
32
0
4
0
0
0
97
0
0
10
22
0
28
262
26
291
174
1452
0
0
0
0
0
0
0
788
346
0
0
0
0
23
230
5
0
11
0
10
0
0
0
0
145
228
179
0
104
23
0
0
42
0
0
0
14
0
17
5
1
0
10
29
0
0
1
0
1
0
943
0
2
235
26
0
0
8
0
0
6
5
33
1
4
0
0
0
3
2
0
1295
0
0
0
92
0
0
0
15
0
67
590
0
12
1
907
0
0
0
0
0
1
87
190
3
1236
0
67
2
2
6
0
3
0
0
0
16
0
0
0
0
0
12
218
10
0
0
0
10
0
0
0
0
0
57
1140
38
0
0
208
0
3
8
2
0
0
4
0
0
0
0
54
9
0
3
59
97
0
0
0
0
0
0
0
0
0
0
3
0
8
0
1650
1
0
0
400
0
0
57
0
10
0
0
0
0
0
16
0
6
81
0
0
148
0
5
0
0
0
0
2
0
0
1
4
0
0
656
7
39
36
5
0
0
0
0
2
5
0
29
63
7
0
0
70
0
0
4
11
0
1293
1
2
34
35
0
0
0
1
4
0
0
0
8
1
0
0
1
5
0
0
0
0
0
0
7
345
0
4
0
0
27
29
4
0
0
16
44
0
0
304
0
14
1494
0
0
0
0
7
0
0
0
47
0
0
3
138
0
322
0
0
135
6
0
98
0
188
0
0
0
67
45
0
0
0
0
0
60
33
1
0
9
0
55
1090
65
0
51
5
0
9
7
0
0
8
0
0
5
97
4
0
0
0
280
1
0
0
26
40
0
54
0
0
0
38
62
0
6
11
2
0
266
3956
0
6
1734
1
1
0
60
28
0
3
6
3
0
17
2
0
4
0
2
11
0
0
5
53
0
0
0
437
0
0
0
54
0
0
40
0
0
0
0
0
152
1
16
0
2
54
10
5
0
0
75
0
15
14
0
0
302
0
1
0
192
410
0
0
0
6
0
433
0
0
5
100
47
0
0
7
0
0
0
0
0
0
321
0
0
0
2
13
10
2
10
51
0
129
1
0
0
0
94
36
0
113
10
0
0
0
0
60
0
2
0
0
11
0
0
0
2
2
341
2
2
115
0
0
1
0
0
0
0
10
0
4
0
0
14
0
0
278
3
0
0
46
0
0
6
0
13
0
5
61
61
50
0
0
0
126
0
0
0
44
0
0
0
0
858
0
26
48
0
189
395
0
0
0
0
6
0
1537
9
0
85
0
0
460
0
3
0
8
491
1
0
0
266
11
0
57
5
0
0
0
0
59
47
73
1
0
0
0
5
0
10
0
0
7
0
1
0
67
53
770
198
0
2
30
0
0
0
0
0
1
0
0
0
233
3
158
3
913
0
193
0
5
0
32
0
2
2
9
2
652
7
28
8
15
16
0
133
2
5
11
0
0
4
0
89
0
0
30
0
11
0
0
0
0
19
56
5
0
0
0
0
6
5611
0
46
121
24
25
138
12
12
0
123
2
0
123
3
0
0
0
41
0
1
0
0
9
0
0
0
3
0
0
7
0
248
0
6
0
0
0
0
0
0
164
0
0
0
2
0
5
9
0
0
0
68
0
0
0
12
0
0
21
257
0
27
5
0
2
170
0
0
17
0
0
0
17
0
2
0
4
0
0
0
0
0
119
1
0
29
0
3
0
0
436
0
12
0
109
344
0
11
20
21
357
236
6
17
0
0
277
27
0
1014
2
0
0
105
0
9
0
0
40
0
0
0
6
0
653
0
37
2
0
0
5
0
0
0
172
0
25
8
0
0
0
1
21
0
8
291
0
0
2
64
3
27
67
0
0
0
3
10
270
0
0
4
0
4
0
0
0
0
154
0
0
1
40
65
2
0
0
0
75
0
0
0
105
65
9
0
0
0
17
0
3
0
3
0
29
0
0
293
0
17
512
0
367
890
0
126
0
22
42
0
80
0
0
1
49
18
54
0
1
765
20
235
0
0
1
27
2038
1044
120
0
0
1
3
0
1
279
1
12
40
215
3
45
0
0
0
0
0
0
245
0
207
42
164
5
0
56
170
3
3
80
0
0
0
61
0
0
0
0
22
0
154
17
0
57
53
89
11
5
0
2
0
0
0
1
2
16
0
0
1
0
0
2
20
23
0
0
0
2
12
0
22
0
223
50
0
1319
19
30
0
0
0
0
4
0
565
0
32
54
10
0
6
0
1
0
78
2
3
0
0
13
209
33
1167
16
5
0
0
0
3
13
0
6
4
0
0
4
42
0
0
0
639
0
137
5
0
0
67
95
7
0
118
95
0
6
0
4
0
75
3
20
1627
868
0
442
0
0
84
37
343
10
0
0
0
0
0
38
282
87
4
0
0
1
0
18
31
0
0
12
3
0
4
0
0
11
0
375
14
291
0
0
128
0
43
0
0
3277
0
0
0
0
44
6
1
0
0
11
5
23
16
0
718
19
241
35
0
75
0
0
109
119
7
0
0
122
46
122
0
0
4
0
14
0
0
0
0
0
11
0
0
1
18
0
1100
0
2
126
0
367
3
0
81
4
5
136
0
0
0
25
110
0
0
0
45
173
3
0
186
2
0
14
5
113
0
0
0
0
20
9
43
5
15
0
0
0
0
0
1704
19
2
0
0
5
1
0
2
0
0
0
0
0
13
18
0
94
242
0
3
0
7
0
194
34
0
0
1
0
0
38
0
0
3
0
76
0
6
0
2
0
1195
9
3
0
0
1
1
74
35
0
12
0
5
0
36
515
25
58
0
0
1
909
3
0
279
478
0
273
0
0
0
0
0
1
9
3
80
136
0
0
0
0
245
0
4
3
4
0
0
717
25
0
971
12
847
5
1
3
0
0
0
9
5
15
0
0
118
1
74
5
0
767
0
0
11
3
0
0
0
0
0
2
1
5
2
0
0
531
0
5
0
0
1
0
30
0
0
3
432
0
313
0
4
0
0
548
5
0
0
32
0
2
1
203
6
0
0
0
0
0
0
3
0
0
0
0
0
0
0
0
0
0
0
1
0
0
0
0
51
0
0
0
0
0
25
20
6
0
0
8
13
0
42
4
0
0
0
0
0
0
0
0
1
417
0
0
0
0
0
3
20
27
0
3
0
0
0
16
2
1
0
501
3
46
0
2
19
525
7
0
10
342
0
0
0
0
0
1
590
7
5
6
6
2
111
36
0
10
297
0
40
0
13
39
2
0
50
0
335
7
0
28
0
0
0
108
0
862
0
0
0
3
0
3
0
0
0
299
31
73
0
2
0
0
0
3
49
1596
0
1
72
1326
0
0
12
0
3
0
385
2
0
7
28
5
0
0
0
0
2
0
0
2
0
68
0
0
0
34
0
8
0
0
0
2
0
2
0
5
0
15
0
38
2
0
114
4
0
8
0
7
12
45
86
0
1
44
0
100
0
0
0
0
112
4
1
2
0
9
0
47
0
0
6
0
830
41
225
1
34
0
18
0
0
3
0
0
0
0
440
13
13
32
0
0
0
0
0
0
331
0
0
17
0
114
36
6
1
0
0
0
38
0
88
0
0
619
0
0
0
0
0
0
2
0
125
0
3
0
0
0
366
1
0
4
0
1384
0
0
2
57
2
0
6
0
9
4
71
19
4
0
1
118
0
0
0
0
143
5
57
0
15
3
3511
0
0
8
0
12
0
0
2
13
0
0
304
8
0
0
0
0
88
0
0
0
290
1
144
74
92
0
0
160
0
0
19
4
309
22
2
32
0
0
0
14
0
0
0
44
12
0
0
0
2
0
0
0
24
15
13
0
0
0
5
137
11
0
0
0
1
0
1
5
0
0
0
0
20
22
0
0
0
0
0
1
12
6
0
240
0
0
0
32
0
0
0
0
0
0
0
67
0
160
56
0
16
5
0
170
0
0
6
0
4
0
1385
0
0
65
0
0
0
21
0
0
0
0
44
0
0
0
0
33
39
3
664
0
276
0
8
0
478
0
0
0
6
6
180
9
200
11
14
0
28
0
0
7
0
0
92
150
14
19
3
0
7
0
12
0
10
0
0
4
0
0
1336
0
0
10
0
0
0
0
0
0
8
0
6
2264
15
0
0
0
0
0
291
0
0
0
5
0
0
93
0
2
0
2
18
143
44
121
6
0
123
0
67
0
1
0
0
0
1
0
0
0
0
24
69
40
0
418
0
26
7
682
0
7
0
0
1
8
1097
14
0
0
0
0
0
14
0
0
0
0
0
65
228
154
487
0
2
23
298
200
0
0
0
1
14
0
23
2
46
0
0
161
0
3
0
3
2
211
0
66
67
17
4
7
192
2
0
7
4
7
2
0
14
0
0
0
0
0
0
0
0
3
16
9
65
74
91
0
0
0
0
0
32
48
0
5
0
0
0
0
642
15
53
12
0
0
0
1
311
0
0
0
10
15
0
4
439
0
10
0
256
0
0
10
0
0
1804
0
57
0
0
0
42
0
8
0
22
0
692
215
3
1
0
28
967
0
0
0
61
0
0
38
2
0
0
43
0
0
0
45
0
23
13
5
6
70
2
0
0
0
0
0
0
856
11
904
0
0
8
2
0
0
0
15
0
0
0
419
0
1202
0
0
32
0
2
0
1
2
55
0
0
37
0
124
0
1
0
46
0
22
0
84
0
1
0
0
0
0
0
15
0
0
194
0
60
0
487
0
0
0
113
5
0
10
4
0
8
0
69
0
0
3
0
0
0
3
7
21
0
0
0
0
2
0
0
0
0
237
0
94
369
40
0
11
0
180
0
50
0
0
0
1
0
1
2
0
0
16
1
0
44
298
0
0
0
84
1
6
113
0
1445
5
37
0
1
0
0
1
62
78
50
13
0
0
0
58
2
0
55
0
169
29
0
1
2
13
39
0
1791
72
0
12
255
0
0
116
34
0
1598
442
24
22
260
115
84
0
0
236
0
65
563
0
70
0
2
5
4
4
0
2
0
0
3
4
1
0
0
0
1
0
0
0
0
0
0
7
0
31
0
5
0
1
0
0
0
0
0
0
0
25
0
507
13
13
0
0
97
0
0
0
0
0
0
0
8
2
0
18
0
2
9
0
1
7
0
109
392
0
0
161
0
0
106
39
0
0
2
0
0
0
321
0
3
0
0
1
27
34
0
0
0
20
0
0
462
53
0
0
165
11
0
0
0
0
8
5
0
29
0
0
0
5
0
1
0
0
216
5
9
33
0
0
0
13
0
0
504
2
0
0
0
2
0
0
10
974
0
2
0
0
27
372
0
0
0
0
44
33
2
245
12
0
0
6
0
1
90
0
0
23
2
0
0
46
4
133
8
302
0
0
3
0
203
0
0
24
0
0
0
0
61
15
0
0
8
3
10
0
0
130
0
0
2
2
15
60
1
0
2
0
0
65
25
16
0
2
0
1
8
394
4
2
0
3
0
0
3
0
0
32
0
0
10
279
0
0
2
2
344
164
20
0
0
0
1
11
0
604
2
45
1
0
0
0
5
0
0
0
0
62
0
37
0
164
5
10050
0
0
8
120
539
9
46
0
30
186
0
125
0
85
16
3
4
0
10
317
1
0
121
0
98
0
0
0
0
0
0
14
6
212
0
0
0
1
0
24
0
0
96
0
0
108
0
203
72
0
739
1319
0
0
0
0
0
94
75
4
0
0
2
0
2
0
0
144
3
0
0
0
0
779
0
2
1
0
338
1
0
0
0
30
0
20
43
30
0
75
64
0
7
0
147
182
747
21
192
0
1
6
35
19
0
23
0
161
0
0
7
40
5
0
32
0
0
164
0
1
14
2
0
0
1
0
0
0
1
4
0
13
0
4
0
3
0
5
0
128
8
1
9
0
1
109
23
1
0
1
38
0
0
5
0
1
54
1
0
5
0
0
0
0
0
6
7
1812
1
3
0
2
0
0
4
0
159
0
0
7
0
109
3
3
0
0
0
0
1
0
268
0
9
0
0
7
49
41
7
0
0
2886
303
0
0
0
0
0
0
32
205
9
0
57
0
284
20
0
0
13
0
17
15
0
0
3
2
0
59
0
4
2
5
49
0
0
72
40
0
4
0
0
0
3
0
0
0
3
0
10
0
0
5
57
0
596
0
0
26
4
17
0
0
0
4
3
10
0
0
0
0
13
8
4
0
46
37
0
339
122
22
41
0
55
167
11
0
0
5
6
0
72
4
4
51
0
11
0
3027
0
0
0
124
0
0
0
0
291
103
0
0
44
0
0
0
68
70
3
0
0
0
310
3
0
51
0
0
3
0
0
0
906
0
11
73
0
0
1385
0
43
411
1
11
1
4
69
0
0
1
2
555
55
0
113
36
0
3
21
275
1
0
0
0
0
2
289
4
0
0
0
1
253
4
6
1494
34
0
0
1
0
29
1
222
309
0
0
91
0
317
11
6
0
255
240
0
0
0
0
0
0
0
224
1
35
139
1
472
44
219
5
30
0
0
0
0
0
10
0
36
0
375
41
0
5
0
57
1
0
0
2
37
3789
67
46
0
0
1
51
0
1
4
0
0
0
4
0
281
21
0
0
0
13
66
28
1
0
0
3
0
2
19
2
46
225
21
0
10
0
11
24
8
739
0
0
6
28
359
0
4
32
0
0
3
0
0
0
0
0
0
6
32
0
159
0
0
0
39
0
0
70
150
41
0
0
2
0
0
0
12
1
16
16
92
138
23
1
0
0
0
0
164
0
36
0
0
305
0
438
0
90
0
1821
18
0
5
0
0
2
45
28
0
91
0
1
0
3
1
0
36
458
0
0
0
0
110
143
5
0
32
2
15
0
320
248
135
1
23
0
5
4
32
596
0
68
313
27
12
6
0
0
0
48
0
2
0
8
98
828
2057
539
0
146
0
27
0
0
0
0
0
0
0
24
0
0
0
598
568
69
0
248
59
1
0
120
5
783
0
0
0
0
0
0
12
27
0
0
66
2
318
14
295
0
0
82
1343
0
3
42
0
242
3
10
0
0
73
0
2
2
0
0
0
0
1
0
2
8
39
5
0
0
22
7
941
0
1
16
245
37
65
1
1264
0
0
3
2
0
0
0
0
0
46
0
0
0
2
396
0
0
0
6
0
43
57
50
382
1
1
193
0
0
0
0
3
198
0
45
0
66
295
56
653
0
42
0
121
3
266
0
6
0
0
0
0
18
0
0
0
0
0
4
0
73
13
0
0
389
82
2
6278
129
182
0
445
0
0
2
3
0
0
34
0
0
0
1
85
22
0
4
0
14
3
0
188
5
45
0
12
174
1
0
56
0
0
2
0
6
2
0
26
0
0
53
0
0
0
51
0
78
441
0
0
0
130
0
0
34
64
20
15
0
487
2
525
3
0
0
2
44
0
19
0
0
9
1
0
0
4
0
0
0
8
10
2
3
0
0
51
0
2
90
1
0
0
0
27
0
0
37
4
0
0
32
0
102
0
1
589
2
0
147
0
0
0
0
0
0
0
0
53
0
0
0
3
0
244
0
0
0
0
0
0
0
2
15
888
5
0
0
0
0
0
27
0
0
0
0
0
62
0
66
11
0
41
0
0
74
0
0
58
3
0
0
1577
0
0
2
0
1
26
268
0
54
0
544
111
2
0
66
0
0
0
0
0
1
9
0
1
0
82
0
7
52
0
6
0
0
204
6
0
0
13
0
213
0
3
0
124
1
658
0
0
80
0
0
1
6
3
75
0
0
0
0
0
74
5
3
684
0
14
0
150
0
1
44
0
63
1028
0
466
0
0
0
0
504
0
0
57
0
10
0
7
23
0
590
11
0
51
0
3
0
1
61
0
0
21
0
0
0
0
0
0
0
0
12
43
0
0
18
5554
467
0
23
3
0
4
50
0
2
0
194
4
7
182
3
5564
0
0
0
153
0
8
0
0
0
0
9
56
12
8
0
22
9
0
4
323
0
0
0
1
12
279
0
0
1
0
0
30
0
0
0
2
125
18
139
0
0
0
0
0
0
0
0
3
1
0
0
0
89
5
0
19
0
0
0
0
0
1
0
0
0
0
0
0
1889
0
1
0
35
0
69
69
3
0
3
30653
0
2
0
11
1
1
0
0
1
0
3
0
0
0
53
0
3
1
25
0
0
0
0
0
0
0
0
3
0
1
0
0
0
60
0
1002
27
12
0
24
0
0
0
0
0
428
487
353
22
23
0
0
247
0
221
0
10
85
35
50
14
5
0
21
16
0
18
0
0
7
0
0
2
0
0
0
0
108
0
14
14
38
0
111
1
0
0
0
122
20
0
0
0
2
71
11
65
0
5
0
16
10
59
0
0
0
0
0
3
0
0
0
0
8
0
0
0
11
142
0
0
2
258
0
0
2
650
84
0
1731
0
8
0
0
1
30
0
6
286
5
0
244
0
0
39
8
0
0
0
2
0
16
1
0
15
0
0
1
40
5
0
0
0
0
0
3
2
0
0
0
2
0
0
87
0
0
1
0
4
0
0
6
51
0
0
121
0
0
97
0
0
16
0
0
0
0
4
0
0
3
0
0
0
0
15
0
0
0
5
0
0
0
14
7
0
0
0
0
0
0
30
4
96
0
0
7
0
1
0
0
0
27
0
0
0
0
13
0
163
0
0
0
10
345
7
4
0
515
0
0
883
98
2
0
0
0
0
35
0
0
0
32
0
5
6
242
3
0
35
0
0
0
1
2
0
0
0
0
0
0
45
14
0
2
0
0
0
0
0
0
0
0
5
0
0
0
0
1
0
0
0
0
0
0
0
0
0
4
0
6
0
0
0
0
0
4
34
0
40
0
1
0
22
0
0
0
4
0
208
0
76
0
0
0
0
0
122
0
7
0
0
0
0
0
0
6
0
0
0
0
181
1
0
0
35
0
0
0
0
3
0
0
7
0
3
54
0
125
150
0
0
0
0
0
49
0
2
0
27
4
0
0
11
1
0
0
0
0
0
0
0
2
0
0
32
2
24
80
0
0
0
0
0
18
0
0
7
133
0
0
0
4
13
0
0
0
0
0
1
0
2
0
0
0
0
1
142
11
2
55
0
0
0
0
0
4
0
0
0
320
11
105
0
2
1
2269
131
0
4
230
0
0
0
0
0
3
1
7
0
0
0
22
38
0
3
15
0
33
0
144
0
0
0
0
0
955
0
0
0
0
0
0
32
0
0
0
85
3
0
0
0
3639
0
6
634
0
7988
1
0
1
0
0
0
0
25
0
0
0
0
28
0
2
0
0
101
4
492
0
3
17
4
61
0
44
0
0
0
2
0
0
389
4
0
0
0
1
1
0
0
0
9
0
0
16
0
0
450
0
543
1
0
7
0
17
46
0
6
0
0
101
0
2
0
0
0
0
59
0
0
0
0
0
0
1636
111
0
189
19
0
0
0
0
0
147
3
21
0
7
42
0
1147
0
0
43
0
0
1
0
5
0
0
0
120
166
52
0
0
0
0
0
0
0
0
14
301
1
0
0
0
0
0
0
0
4
0
737
0
0
0
0
0
0
0
1
0
0
0
8
0
1
277
9459
8
1
0
0
0
91
3
0
14
0
0
0
0
0
0
68
0
112
1
0
0
4
12
0
0
0
400
0
0
174
0
0
74
4
1
0
26
0
21
0
0
38
39
32
4
0
18
0
5
0
0
0
13
0
747
0
1152
0
0
98
0
37
0
14
0
1
2
8
0
0
44
2
0
523
3
0
0
23
0
10
0
1
0
1
4
22
498
40
18
0
4
0
0
0
4506
28
69
0
52
4
0
0
74
256
1
0
0
0
1
0
138
0
0
16
4
0
0
0
13
15
263
70
31
8
190
0
0
2
69
0
674
1
0
208
0
9
0
1
9
2
0
4
0
7
32
0
1
2851
0
0
147
20
0
16
5595
0
71
63
0
0
2
15
6
0
0
0
0
4
0
0
11
14
61240
140
1
89
0
1
95
61
0
5
0
0
0
3
0
40
20
186
46
0
0
364
212
1
0
0
150
3
2
0
243
0
36
114
109
2
0
314
0
11
0
0
0
0
10
0
3
0
635
31
0
11
312
17
2
9
39
0
0
95
137
8467
0
0
23954
30
1261
0
0
0
0
238
59
0
17
19
10
0
0
0
756
3
32
0
1
4228
3
17
36
0
0
14
15
0
80
258
1403
0
8
1281
0
3
6
6
48
0
803
47
2
42
29
0
19
30
1093
0
0
0
1
0
1
9
0
0
2
118
1
648
55
2076
51
0
94
297
0
46
0
41
5
3
0
8
0
6
0
10
0
381
690
3531
0
0
14
9
0
1
79
0
6
0
26
0
176
16
31
0
202
29
24
4
0
0
0
0
0
2
69
1
154
0
2
2
0
38
19
0
999
0
1500
41
5
77
35
0
17
0
28
0
686
0
1
0
3
34
7
39
0
8
3118
0
191
0
0
115
120
41
0
0
543
11
0
354
1
74
0
34
27
0
0
1614
0
0
279
149
76
22
210
0
12
372
49
4
374
0
0
16
0
5
837
13
116
2
173
35
9
41
5
0
70
0
3
6
0
1
0
90
4
81
84
1
0
4
0
9
458
15
101
93
11
51
0
0
0
42
20
62
0
3
16
16
0
15
1
539
48
0
0
169
0
14
7
23
2
1
5
0
8
218
2
0
246
2
3
20
41
0
5
0
402
16
25
0
0
126
6
48
0
0
0
0
0
12
10
71
50
0
0
0
2
0
0
868
225
2
0
0
0
28
161
96
14
123
877
4
0
0
9
0
0
37
23
12
18
165
182
19
0
23
317
19
0
28
1
2
89
0
2341
6
0
241
2
0
450
0
0
0
35
0
25
67
15
0
292
0
10
7
13
2
1259
0
0
70
16
0
0
5
21
0
0
21
184
0
0
1
0
0
0
2331
0
21
3
0
0
0
0
4
38
393
0
31
1
2
0
75
0
0
3
66
441
0
0
0
0
7
7
0
21
3
0
0
456
13
0
0
75
46
0
3
11
0
170
94
1042
1011
0
0
0
73
0
0
0
0
0
1
5
0
2
239
0
46
57
1
0
17
7
2
0
0
6
0
4
0
0
3
63
2
179
0
0
2
85
25
5
508
4
119
42
8
908
0
2
0
13
1
8
5
8
63
36
0
0
37
0
0
116
0
105
0
5
29
44
206
7
8
0
656
0
0
0
14
0
5
357
1
31
225
2115
0
624
0
54
1
0
232
33
15
6951
0
0
0
122
0
693
51
141
0
54
44
0
102
2
0
0
0
3
55
0
36
0
0
0
0
139
1016
4
6
0
0
0
0
0
5
0
0
53
172
0
0
9
0
0
349
0
0
8
0
3
0
9
4
320
2
0
23
0
2
915
84
3
3
0
2
2
0
22
38
3869
0
0
0
35
0
0
38
0
52
0
399
24
0
5
0
3
1000
0
0
0
26
32
853
0
0
24
238
31
0
6
18
0
0
0
8462
13
0
182
11
3
51
2
105
0
33
10
0
0
0
89
0
0
476
10
0
43
0
0
0
98
880
8
3
0
0
90
153
0
0
17
0
9
326
103
0
0
134
0
1
0
4
0
0
317
6
14
0
0
0
0
978
27
45
278
0
2
3
9
6
120
25
0
19
7
0
0
0
10
0
0
2
33
0
3
196
17
0
1609
0
63
0
114
0
99
0
6
0
268
0
479
1
248
0
3
0
582
296
6
0
4591
3
0
252
0
0
0
0
0
1
110
70
0
392
0
0
2
0
0
0
108
152
4
3
0
101
0
2
0
0
0
14
0
0
7
30
0
0
0
0
3
36
0
0
0
233
3
6
0
61
0
10
0
2
0
3
0
29
0
0
82
0
0
0
0
0
4
4
3
0
30
0
0
9
0
0
3
0
0
0
135
38
10
0
0
0
2
15
0
13
0
0
0
0
10
0
0
11
0
0
0
0
0
0
1
2
0
0
18
0
0
0
0
3
0
1
21
0
5
0
6
1
1
0
0
1
0
10
8065
0
0
0
0
2
35
11
57
0
0
540
0
0
1035
2
17
32
12
0
2
67
3
0
128
4606
29
0
0
0
1
1
1936
116
151
2
4
93
0
41
4
0
23
72
17
38
4
2
129
194
0
0
92
232
19
3
2
0
1
490
0
218
1033
0
0
969
51
0
14
28
1252
9
136
175
14
6
504
1
0
22
312
23
0
0
0
1191
6
0
0
0
2
0
2
0
48
0
1
8
49
27
27
8
0
0
0
87
39
0
0
18
18
1
26
0
38
6
0
0
23
0
447
0
0
0
1
5575
0
0
293
0
0
18
0
0
0
10
249
2
936
0
97
401
7
0
0
0
3
0
66
0
0
11
1
517
5
0
1133
38
0
0
105
0
7
42
0
19
94
52
0
18
320
1
1
0
0
0
0
4
23
0
64
4
0
0
85
853
3
1900
1
17
0
5
17
11
0
1
48
10
7
3
0
1
1
0
0
11
231
42
0
22
227
79
11
109
44
10
0
539
0
0
0
0
87
233
10
0
0
4
6
0
13
0
0
0
0
0
7
0
17
306
238
0
3
0
0
71
0
0
0
0
4
0
9
0
4
0
3
0
7
0
0
43
41
41
0
0
0
3
1008
492
0
0
0
0
17
0
9
0
60
0
3
4
101
0
114
4
0
14
0
8
0
143
0
0
0
0
28
11
21
0
0
0
4
1
543
0
33
0
3
0
0
31
4
0
35
0
3
34
0
47
0
541
0
0
0
21
181
0
25
0
0
1
0
21
0
0
55
9
22
0
0
0
5
0
4
13
22
798
0
84
1096
239
3
18
7
241
0
482
0
0
0
0
4
4
497
75
0
0
0
0
0
0
4
0
0
0
3
1
0
276
47
0
22
4
39
0
0
1
11
2
0
3
0
21
2
10
7
0
2
2
0
0
0
0
7
0
0
16
5
27
0
0
3
13
12
65
0
20
4
0
0
0
0
0
0
6
0
0
101
0
6
0
5
0
13
16
0
1
57
0
168
0
35
22
43
4
0
77
27
3
4
17
44
0
1
0
1
1
0
0
2
0
3
23
0
0
0
3
35
207
83
0
0
0
1
58
0
143
1
442
34
202
0
0
2339
707
0
0
0
92
2
0
3
16
2
0
0
6
0
189
0
5
197
5
74
0
8
17779
69
2
65
0
36
1
0
31
207
0
2
1
0
122
0
4
0
0
348
0
0
7
0
345
3
3
0
206
11
2
1
0
166
117
5
0
65
3
820
0
4
64
271
14
30
0
0
0
0
0
170
12
0
1144
24
0
2
613
0
0
8
7
0
0
0
2
15
164
0
130
832
51
305
2
247
2
2
761
3
4
10
28
0
0
1
0
8
0
0
7
769
0
1514
0
164
159
5
358
0
4
23
0
12
94
0
201
91
257
6
176
0
2
0
6
324
0
0
0
8
41
3
0
0
0
4
8
0
54
2934
4
164
8
32
4097
37
14
72
20
49
0
0
14
516
66
0
210
57
6
0
0
3
0
4
50
47
8
173
0
7
0
0
0
57
13
0
0
66
8
0
3
20
0
295
153
25
65
0
9
53
11
0
0
0
33
0
23
231
3
0
0
0
3
237
12
6
2
4
797
0
322
13
6
0
1
2465
0
392
496
37
0
10
502
50
105
16
2
23
0
133
0
112
0
0
0
0
20
54
1
338
152
31
12
1542
10
0
0
282
0
0
0
0
16
0
266
13
0
37
8
50
94
0
0
16
10
3
0
109
39
87
80
0
3
70
362
0
0
0
1
0
0
32
0
7
15
24
0
226
6
0
0
1
3
3
0
6
0
0
9
2
25
0
6
0
578
0
1
0
0
0
0
42
0
250
5
0
0
4
0
1
0
0
14
45
18
70
51
18
0
0
0
0
27
20
3
1719
31
0
0
0
0
63
0
139
9
1
0
43
12
0
283
26
234
64
109
2
0
0
0
2
3
9
880
3
3
1
34
743
0
89
0
0
3
1425
143
1258
53
118
0
163
203
0
3
0
110
1
0
14
0
27
177
75
0
108
0
132
32
200
10
0
10
283
1
12
0
0
14
0
2
0
5
0
0
0
2
2
0
7
0
0
2
675
39
5
2
9
317
34
243
0
3
162
0
56
0
0
0
415
41
9
64
8350
0
101
0
0
105
2745
15
3
40
0
0
75
0
8
0
0
39
6
91
0
85
2308
14
0
0
15
42
1
0
0
0
498
0
5
0
0
0
292
270
0
109
105
0
17
3
0
12
33
19
6
167
51
3
811
8
102
2
0
3
0
0
0
148
0
165
10
76
0
4
224
0
0
0
0
0
0
0
0
26
591
0
0
0
0
1
2
0
0
8
2
202
0
141
77
107
11
0
10
2
289
106
127
187
4
0
0
0
52
0
0
0
6020
0
879
11
0
0
214
4
14
69
0
0
76
15
212
107
0
0
0
39
0
0
0
4
79
11
0
8
0
0
4
0
784
5
0
184
0
1071
0
77
23
7
0
13
0
0
0
113
0
0
0
2
59
0
270
49
0
85
0
4
14
564
1438
26
0
0
5
1
0
0
0
9
325
0
4
3
8
71
1
0
66
3
123
0
222
0
9
0
1
3
0
2276
5
0
0
0
0
8
0
2
0
1236
0
0
4
57
66
0
2
0
24
0
145
0
3
10
0
326
91
16
9
4
0
0
0
0
5
15
11
0
13
0
0
11
627
0
85
158
0
4
93
6
16
224
976
33
17
0
188
80
0
202
0
2
2
1360
0
6
84
0
138
0
0
86
51
1
0
54
0
5
4
0
33
16
0
0
5
1376
0
0
0
109
0
6
0
0
390
81
0
359
0
5
276
4
2
1
34
80
0
71
265
0
20
30
54
142
10
69
3
0
14
0
0
22
310
30
451
75
207
924
0
1302
63
0
0
0
242
33
72
0
0
5
11
108
0
75
1
114
56
0
6
23
0
0
10
23
909
0
0
1
72
0
7
35
8
1
0
94
1
173
35
2
0
293
0
0
3
0
0
10
16
0
3
38
32
0
151
0
0
43
148
0
1
0
0
0
557
4
64
0
55
0
12
150
119
15
62
0
0
0
2
0
0
0
0
10
96
0
2473
0
54
0
32
431
291
0
16
3
183
15
0
15
0
0
0
136
69
0
0
30
0
97
0
22
0
77
0
315
998
0
2
11
33
0
0
0
0
36
12
6
0
22
0
0
0
0
2
2
149
7
0
2
60
1
0
1
0
22
0
1
0
28
17
1
5
1
0
16
0
0
0
34
0
3
35
0
2
50
0
0
0
15
1
0
0
0
9
36
21
0
0
199
9
1128
2
2972
15
26
20
2
201
177
1
0
2
0
517
1104
4
50
218
4
25
129
0
0
0
0
47
0
4
10
0
0
194
0
6
34
2
4
233
2
1
191
0
566
12
4
7870
12
6
1
95
0
0
4334
67
7
0
183
5
27
0
7
0
46
160
568
239
0
0
0
0
38
1594
2097
3
12
0
891
0
42
136
0
0
98
0
3
0
1
75
9
276
31
198
0
1
2
49
6
0
1
0
0
64
3
0
27
4
0
0
3
7
201
421
3
12
3
0
203
2
33
979
16
2
322
80
8
132
0
33
9
33
3
0
0
1
2
0
0
256
0
65
0
4
1307
4
0
0
115
0
3
0
125
0
39
0
229
0
148
0
0
3
5
9
0
0
5
6168
35
589
52
285
0
62
0
58
35
25
9
0
10
0
1
0
3
0
32
0
0
64
9
1120
5
2
0
0
0
132
92
2
0
33
952
512
64
0
3
4
59
10
0
65
2
3
373
35
4
135
72
28
0
0
256
1
0
3
2
0
0
0
0
22
0
0
117
73
0
0
2
170
34
521
32
801
196
32
0
853
0
0
61
6
15
1
0
12
94
0
0
3
21
0
108
6
42
0
0
3459
0
0
8
5
0
16
0
20
125
891
0
13
0
0
52
79
0
106
674
0
12
93
0
0
0
33
46
3
0
0
0
62
14
4280
20
165
65
2
31
0
21
5
23
7
0
28
0
0
2728
0
24
0
0
9
822
74
20
9
0
3
5
0
3
0
10
197
0
17
0
4
0
8
25
36
0
0
3
4
1
0
0
0
12
5
2141
35
4
0
82
0
0
0
0
0
730
201
22
33
11
73
2
0
57
164
0
0
11
4500
0
51
3
0
0
0
243
0
0
15
2
0
0
0
22
14
251
8
6
0
0
0
706
0
0
7
14
0
0
0
0
0
0
86
0
0
0
0
11
0
1
0
2
232
3
5
3
4
2
0
1
28
0
5
61
0
0
0
465
10
570
2
2
0
1
227
65
0
10
184
0
0
0
490
0
0
8
0
1490
0
0
12
9
0
0
0
3
1
0
2
5
1
345
0
0
41
3
0
0
0
120
430
17
7
0
128
24
9
174
19
0
34
11
12
0
622
0
0
0
2
195
128
5
265
0
43
1145
123
0
42
0
380
0
647
0
3
0
0
41
1632
0
65
2
0
0
43
0
0
0
109
6
0
9
71
40
30
16
0
0
60
0
8
170
114
1
0
0
1
0
20
148
0
18
0
4
0
0
3
0
0
0
0
0
43
7
0
0
0
169
16
0
55
0
4
0
102
51
1
0
4
3
209
5
397
0
0
0
0
0
704
0
0
3
90
51
0
0
3
0
0
0
302
10
0
0
110
0
3
0
0
49
0
29
0
0
22
5
0
1
74
12
253
732
0
6
0
1
2
113
0
94
825
0
9
16
0
33
4
0
645
0
4
0
2
257
21
0
20
1
3
4
27
4
0
144
3
5
0
28
0
0
0
616
247
13
47
1
0
1
0
114
1
87
512
0
0
0
0
0
8
131
2
2
116
42
0
25
4
12
0
464
3
3
0
0
3
19
0
0
79
456
160
0
421
209
0
3
2
45
258
4003
635
0
8
600
0
58
0
0
0
0
57
25
195
4
0
0
0
0
0
12
0
0
0
610
0
10
0
0
0
0
1
0
0
0
1272
0
50
8
0
57
0
15
0
0
14
0
6
0
267
3
269
0
40
0
9
0
0
0
0
9
1
0
0
15
0
207
0
0
0
24
0
986
23
1636
0
0
6
622
8
59
0
19
0
0
0
309
0
68
0
0
415
0
0
0
0
0
0
259
1918
1064
64
0
0
0
2
16
0
8
0
0
140
131
136
0
0
9
6
50
426
56
249
1
9
0
15
57
0
351
0
236
0
0
381
0
0
211
101
0
21
0
136
1
257
33
111
11
0
0
0
0
3
15
353
21
13
87
354
403
0
81
11
94
1
0
9283
0
100
17
226
17
26
1372
0
546
248
94
2
168
0
3766
0
0
5
10
0
203
48
0
157
0
0
7
603
0
14
2
91
118
5
4
0
0
1
0
0
49
6
63
2
606
2
0
0
0
25
526
16
50
89
0
21234
4
0
13
0
22
0
1
0
0
0
25
432
113
0
45
379
423
0
32
8
123
2
73
0
0
51
2
0
0
0
0
7
0
0
123
0
0
26
348
32
166
91
0
55
1377
3078
51
9
2
614
355
0
0
14
0
790
1
0
37
4
5
12
0
0
3
735
1
1097
0
13
45
0
15
0
261
9
0
0
0
5
25
10
3
0
69
0
0
2
31
16
145
88
258
1860
0
0
0
346
0
2
3
4
2
37
0
0
2158
4
238
0
1640
308
96
66
3
52
5
0
0
0
130
0
0
0
27
0
0
0
0
54
12
1
0
0
0
296
9
0
73
3810
0
361
0
0
33
0
0
0
554
24
22
0
46
0
0
28
0
2
0
10
651
8
2
50
473
0
0
19
2
0
132
826
4
4
13
0
1
1
0
2
1
0
1
0
29
10
0
83
0
8294
35
0
0
632
0
32
63
8
0
182
53
94
1919
44
0
0
32
0
9
0
0
3
3
0
1107
0
8
0
1
0
5
12
0
8
4
0
0
76
3
0
0
105
0
422
0
8
0
0
224
7
0
40
16
0
506
0
0
25
1
0
106
155
0
0
34
5
55
366
0
226
29
0
57
9
830
328
31
0
28
0
0
0
1
17
0
0
7
1
0
0
32
22
954
0
0
1
508
745
125
157
223
27
35
48
0
198
0
0
7
0
0
0
48
34
0
842
24
0
0
0
0
0
44
0
5
8
0
0
71
10
16
52
322
163
82
0
18
95
19
0
0
0
1
0
0
93
8
0
0
6
214
137
0
0
0
0
50
0
0
3
0
42
221
0
18
6
38
399
0
18
16
0
2
20
1
59
0
0
0
8
52
756
1356
61
35
39
0
2
374
360
5
416
142
10
0
30
1671
4
579
2
22
6
4
0
5
30
102
3
2
82
284
0
2
0
76
0
0
0
69
3
43
31
0
0
3
46
32
21
3
0
0
5
228
0
316
458
2
0
175
0
445
0
10
0
2
73
15
2276
0
14
2
154
124
1151
0
0
5
0
0
0
1045
0
7
157
0
21
26
68
29
44
317
4
0
16
58
1485
0
0
0
11
0
26
880
75
5
38
7
139
6
11
0
10
71
2
0
0
107
115
0
13
0
26
15
3
0
8
0
0
0
0
0
8
0
2673
0
0
8
1619
0
29
16
12
0
0
7
0
1
8
531
1
2
25
32
197
6
0
1994
129
3
0
1
3
174
0
0
53
0
2
0
75
1
1
28
0
23
1
17
0
8
0
59
0
11
1284
4
24
0
58
0
23
2
13
0
12
0
0
0
1
81
78
50
0
0
471
231
422
0
5
2
162
27
38
2
0
14
3
5
0
0
2
137
0
0
91
0
3
1
3604
2
0
0
0
12
0
0
0
1
32
19
0
69
53
8
0
0
0
11
0
0
161
133
1
0
0
47
0
24
5
0
0
10
107
0
0
11
6
39
0
58
6
0
0
0
0
71
1
6
0
114
27
0
0
320
0
120
0
235
49
0
17
7
4
83
42
0
1
0
15
2
0
10
3
179
87
9052
0
65
0
291
185
0
0
15
0
49
105
0
0
0
0
0
36
2
3
328
6
0
1795
72
0
0
0
6
227
0
435
0
502
31
0
1
1035
4
0
0
43
952
12
4
0
7
0
3
1876
867
0
2898
0
0
1221
18
1269
5
0
0
0
297
205
6
362
0
5
0
0
9
108
31
0
0
0
599
143
70
5
0
0
2
4
70
3
1086
12
25
0
0
0
2
0
0
46
27
0
179
0
5
0
8
91
1
1
0
9
0
17
0
270
30
4
4820
0
0
0
84
10
0
269
211
0
3
32
0
147
41
0
0
22
44
23
265
0
3
9
0
0
8
18
67
82
3
3
121
364
69
2
0
64
64
64
70
0
52
29
44
0
1
65
214
50
0
1151
0
13
52
103
228
0
132
0
464
15
0
0
412
92
0
125
5
5
0
3
0
2
0
0
0
45
412
164
8
0
0
1
0
71
46
5638
0
0
5
0
0
0
111
834
0
5
17
0
206
0
0
71
1042
2
8
0
0
33
83
28
428
0
56
9
3
90
0
0
136
0
0
1
67
4
0
380
2
2
6
0
7
0
107
5
0
0
8
55
0
0
76
28
23
0
0
6
0
0
0
138
0
0
116
18
54
4
20
0
21
0
259
6
23
0
0
14
9
1213
91
0
38
1
0
0
0
0
61
0
6
113
0
155
0
118
877
0
0
0
0
371
0
6
1
7
6
7
1299
34
0
240
0
25
30
33
0
2
596
2
0
0
21
284
0
94
676
173
663
1
0
0
0
43
2
572
0
25
0
2
201
25
0
18
25
68
0
881
0
0
0
0
0
0
230
534
11
23
240
6
0
0
0
39
196
3
0
2
0
4
82
5
236
3
87
0
6
167
10
0
0
0
6
38
0
0
0
762
6
29
39
0
46
0
0
0
41
181
0
0
194
96
478
0
1
890
286
525
5
42
292
0
0
0
0
19
0
72
15
0
0
2
125
5
254
1482
0
0
18
180
141
31
0
0
44
50
6
33
12
47
166
22
0
18
0
0
0
0
0
116
7
2
3
2
0
0
83
0
0
262
0
0
0
2
0
28
0
0
123
0
0
144
23
5
993
10
5
0
42
0
4
0
128
0
0
3
0
5
0
334
16
1
0
2408
0
0
3
25
242
0
25
12
0
1
0
0
346
88
6
0
0
1
0
0
0
44
0
134
40
0
3
0
0
0
0
3941
0
16
1
525
12
135
0
0
464
180
64
510
86
0
1368
0
7
0
7
2
0
13
0
934
1
0
25
0
71
0
0
16
4
19
0
0
5
689
1665
193
1
0
0
73
0
0
0
20
0
10
1
2
8
1
121
46
1228
2
0
0
0
84
161
55
799
0
53
0
43
5
995
56
93
0
317
0
12
8
0
270
578
1
0
253
374
113
282
0
0
2
0
33
404
12
116
0
15
95
13
3
965
52
21
0
0
2056
0
161
0
0
324
24
69
1
32
0
0
4281
5
0
0
6
0
39
27
0
343
413
368
326
0
0
7
0
6
50
761
38
2
0
1
609
12
0
1
7
6
0
0
0
0
1639
0
0
0
181
0
48
1
5
25
0
0
2
8
28
2
0
271
40
20
89
0
0
68
89
67
1977
31
250
0
77
0
2
20
0
5
5
45
158
0
1
23
0
0
2
20
3
27
8
0
0
0
0
0
0
0
313
0
0
0
270
0
12
0
1115
0
16
16
99
2
0
3
0
574
0
419
2
0
0
167
0
76
3
3
0
112
0
155
63
5219
0
0
2
2
0
1130
0
25
0
3702
0
0
0
0
3632
0
305
2
6
139
0
0
0
174
0
22
0
1
0
18
2
0
97
0
6124
0
0
10
0
0
3
0
0
0
0
4
0
12
0
0
48
0
125
1
16
0
0
657
357
0
1
0
0
17
0
109
0
0
0
101
2
0
11
0
12
0
0
4
3
0
95
2
0
4
2
0
0
0
0
0
0
45
0
0
0
0
111
27
0
53
0
0
7
6
97
0
0
0
8
2
3
0
7
17
0
0
32
321
0
2
65
0
43
7
0
118
11087
0
0
0
0
871
2
131
0
4
0
0
9
3
6
8
2
4
1
10
0
0
33
2
116
5
0
30
0
2
301
4
0
379
1743
0
88
0
2
33
25
0
15
1
1
613
36
59
0
0
0
0
0
7
1438
0
68
0
0
0
8
0
0
2
11
6
1777
3
0
65
0
0
255
155
0
209
181
0
0
57
0
13
0
616
0
0
2
1
0
246
0
1
0
1289
0
8
0
82
0
7
20
0
217
1
3
53
0
0
15
0
130
0
0
48
0
0
119
99
19
3
0
2
89
0
11
0
58
61
905
0
6
0
560
221
0
0
0
249
15
21
0
12
254
5
514
215
24
559
16
0
2
6
0
6
0
0
89
0
21
20
0
6603
7
29
8
15
295
0
0
60
0
218
3
11
1
0
0
200
0
2
0
0
0
15
8
3
1
325
61
18
0
37
4
11
5
0
4
0
4
0
9
4
0
1526
4
0
2
55
6
87
3
0
0
0
439
23
0
0
27
2
2
0
0
130
1409
648
0
0
0
0
36
6
0
0
0
30
0
5
11
0
0
2
68
25
0
2
15
39
1225
101
6
0
0
0
0
0
0
177
203
182
3
10
0
0
0
0
12
3
2
0
0
1
0
0
0
0
0
0
0
9031
0
7
36
2
46
8
600
80
59
0
1
0
150
0
117
185
2
0
0
117
2064
125
0
0
128
2
0
129
3
45
3
0
1
4
21
0
0
0
0
3
0
8
7
51
4
239
47
103
46
948
3
236
0
0
0
11
15
42
486
1199
0
3
12
2
29
2
110
0
53
123
0
114
5
9
0
0
71
0
1216
10
0
0
0
10
0
6
11
5
38
0
183
0
286
497
154
2
0
6
13
3
495
230
219
0
0
855
5
121
0
755
0
0
6132
0
4
3
0
0
65
5
0
144
5
0
488
0
0
0
181
5
20
7
2
0
82
1
38
569
67
0
2
333
8
2658
35
52
0
137
108
12
3
102
46
80
90
0
0
114
0
0
0
0
673
1907
0
15
206
4901
0
0
92
0
0
321
20
2
58
0
78
5
0
6
449
2
15
0
0
65
2
8
0
0
0
1196
9
7
45
70
11
15
59
10
7
828
3
0
6
0
43
0
3
104
0
0
17
476
123
0
230
5
48
11
15
22
0
14
0
41
4
46
0
0
0
0
207
2
1
52
396
0
0
23
3
10
0
344
6
28
162
0
0
1363
306
1
236
2
0
114
14
15
0
0
8
27
1
0
3
0
38
0
4
0
55
5
0
0
1
20
37
1263
38
0
75
15
0
11
0
1
4
2039
0
4
277
305
74
0
286
5
987
6
9
0
101
13
0
0
403
9
2
403
66
13
7
89
3
3
136
22
2
3
56
1
38
21
0
1
0
0
0
0
8
0
1543
435
44
24
0
0
0
3790
14
89
72
5
0
121
0
1
72
0
43
13
852
21
0
29
11
295
0
31
21
0
0
0
0
0
0
60
612
394
0
49
109
122
236
0
2
0
32
2
368
0
0
0
50
21
0
7
0
2
23
20
0
42
59
3336
1
712
0
18
0
0
1
16
0
509
16
222
2084
126
0
206
0
244
9
103
0
32
0
6
6
32
1333
2302
157
0
20
0
15
12
28
4
189
35
0
1439
22
12
20
0
56
27
17
18
4
0
400
67
0
22
0
0
108
4
1874
209
164
146
2288
5
0
0
0
2
23
57
127
0
50
61
0
11
0
0
1
489
0
0
0
1
0
5
0
13
90
270
0
13
1893
1
1
137
92
0
5
1622
3
1
0
2
1
290
0
445
638
44
12
13
0
4
0
2
24
0
0
3
15
0
0
2
41
0
69
1
0
14
90
1
0
2
31
0
61
0
3
1441
0
0
0
15
0
1
0
0
79
0
33
0
168
5
96
38
65
129
0
14
0
0
0
22
24
83
5
17
0
53
6
0
0
0
0
34
9
1
0
1759
0
13
0
97
23
490
0
0
23
0
188
82
129
0
0
0
16
21
0
3
0
4
7
3
0
0
160
0
40
0
154
1
44
996
1
0
55
787
0
4
347
0
91
525
22
1414
84
0
0
32
0
55
131
44
0
2
0
4
3
0
517
168
1
0
61
0
0
6
0
74
2649
94
881
239
1266
24
228
216
770
174
2
0
37
138
2
196
1
893
3
0
0
1
11
0
47
5
7
0
10
4
0
16
124
159
0
19
0
261
0
12
0
9
8
32
0
59
26
6
70
0
3
23
0
12
246
0
446
0
16
0
180
114
1
0
5
0
0
0
0
1
119
2
343
1
10
38
20
20
0
19
1505
26
0
0
187
2
0
36
0
173
0
46
0
0
0
0
27
3
37
0
781
25
38
1
23
6
1
114
308
0
0
0
418
0
97
6
0
1154
7
0
278
25
177
0
2
254
0
12
646
0
0
58
0
16
1
0
37
0
2
0
42
0
0
0
10
26
0
117
0
0
7
29
18
0
0
218
0
6577
274
1
1
49
0
0
6
73
146
85
0
0
9
49
0
0
0
6
268
37
0
39
0
2
17
7
9
18
0
1110
51
63
0
0
47
99
0
19
15
58
16
3
0
13
1
0
606
0
0
50
4
3550
186
0
2
1
1270
36
101
7
0
0
0
0
125
0
10
20
15
102
1163
15
611
10
412
1
0
1
0
2735
0
6
1
0
1
67
0
34
1
612
49
2
0
93
0
376
2
0
0
0
2
1332
11
0
0
0
0
0
2
142
1
119
0
209
10
4
673
3
2
17
2
0
21
447
0
728
5
0
0
0
558
8
0
0
0
395
20
5
2
102
13
0
12
2
0
1
6
0
0
625
0
1
788
1
1
0
226
0
0
0
174
0
0
413
0
1
0
0
121
0
12
6
0
0
0
0
9230
0
0
0
0
813
0
170
4
1
35
367
0
0
9
0
0
0
0
289
0
0
99
0
0
72
414
0
2
0
1677
17
42
0
0
18
0
514
176
4
13
102
93
26
58
0
0
0
8
0
14
11
3
0
0
0
20
29
157
56
0
1
98
554
0
0
0
8
366
0
145
248
0
0
33
30
1
35
31
670
0
0
18
252
0
3
0
24
0
0
0
0
7
6
1
2
2
2
38
200
0
66
0
952
0
0
0
2
66
35
317
49
0
0
20
849
6
0
2
53
30
1
27
1
12
21
276
0
0
32
117
0
0
1616
157
296
0
0
0
0
1
2
1665
2
12
4
0
0
0
587
62
1
4
50
20
216
24
2528
109
56
8
0
16
0
0
85
0
415
5
213
3
13
465
52
0
0
1
0
22
5
10
30
0
0
1157
0
1
207
6
584
0
0
557
264
11
103
254
0
3
4
270
0
31
0
0
0
109
0
0
60
0
5
2438
0
77
117
0
242
0
0
0
1530
92
181
80
96
0
0
79
0
62
20
20
0
264
36
11
0
0
17
0
3
68
10
2
5
0
15
0
0
26
9
0
24
20
35
347
25
0
0
0
0
7
467
16
1
655
0
1
59
0
2
0
2
0
377
2
46
0
0
8
1211
41
3
117
183
0
0
19
23
3
162
351
37
31
1
0
0
0
1
0
0
6
66
0
21
11
203
0
8
0
109
29
75
1
0
0
276
0
120
46
0
0
242
34
0
0
836
4
251
34
38
7
35
4
0
0
0
12
0
6
0
4
184
0
118
66
2
1
66
3
557
341
0
83
16
1
0
3
1170
0
11
0
0
37
0
2
2
88
0
4
8
0
238
6
19
322
115
24
34
0
0
9
13
0
2
7
0
173
71
0
798
0
39
29
101
5
0
44
13
144
38
0
23
1
0
74
0
0
0
929
13
0
311
392
0
0
3
28
3
29
0
0
4
0
76
1
0
5
0
6
120
0
0
0
0
4
2
476
7
0
0
0
24
0
43
0
91
32
0
5
12
4
0
0
12
53
1
8
43
0
0
1
0
198
2
6
14
0
0
0
0
22
1541
5865
0
0
230
35
21
0
178
11
0
1
22
22
171
1
33
6
4
197
6
0
0
9
3
0
0
116
121
2
0
2
18
6
0
0
2
35
103
314
0
3
36
33
0
0
32
3
0
39
0
0
76
0
0
28
8
12
7
33
1
0
14
0
0
0
2
2
2
6
0
0
3325
0
301
0
0
0
75
11
158
618
2
0
0
14
0
21
37
0
154
1
15
2
9
163
0
0
1568
4
0
3
0
0
3
1
1
0
0
2451
174
0
711
0
0
409
324
6
0
0
354
2
5
1091
10
6
7
6221
50
12
1
322
2
0
0
1
1
4
24
32
0
1487
0
163
1
2
0
3
0
1
391
0
0
59
154
99
0
0
106
31
2
0
129
166
0
106
1
0
0
336
50
169
6
42
0
3
1
58
8
0
11
0
0
118
0
70
0
12
1
0
0
94
7986
0
24
0
7
41
9
3
248
117
5
26
0
0
0
0
0
0
105
0
0
6
0
0
18
0
130
18
0
0
0
2
0
1
156
5
4
2
5
3
608
0
0
0
0
0
37
11
1
0
1
397
90
1
0
0
0
24
0
15
19
0
0
9
0
18
57
0
10
0
0
14
0
0
19
0
0
0
11
2
62
0
0
0
0
70
5
49
16
0
0
10
0
2
0
267
2
82
128
0
0
0
0
3
3
0
0
1
0
1
121
1
0
0
11
6
45
0
827
0
0
198
6
0
0
80
49
0
9
1
0
0
3
8
2
161
0
2
463
32
10
55
123
0
2
60
4
179
7
2
0
114
14
3
58
19
0
6
5240
8
0
37
1
0
1
60
27
1
0
15
1
0
0
19
0
0
0
424
0
0
0
2
0
1
3
1
1639
10
0
39
347
0
15
4
35
1
42
3
9
0
3
0
74
0
0
48
1
0
0
0
14
0
0
0
363
111
0
0
0
1
31
750
0
0
0
7
3
0
99
1001
81
0
5
0
0
0
0
33
64
98
0
101
9
10
0
0
8
15
2
0
2
0
0
0
456
0
0
0
28
0
0
0
681
0
44
7
0
177
2
0
0
0
217
55
0
0
0
0
5
3
0
20
0
26
64
121
65
0
15
5
92
478
0
22
6
5
154
236
10
0
43
0
0
0
4
304
0
10
0
2
70
0
249
30
22
0
0
0
44
49
3
16
0
0
0
15
0
271
20
424
0
0
47
0
635
45
0
0
4
1
0
0
0
4
558
483
3
0
13
22
0
495
0
4
5
0
0
0
189
22070
0
0
0
0
52
0
6
0
29
2
32
247
21
2
0
48
25
117
1
31
3
643
106
3
0
0
25
34
486
0
0
0
0
6
18
512
1
96
0
1
0
153
363
0
24
42
0
4
566
0
41
1
0
2
3
0
0
3
1
0
0
13
21
0
0
35
1
54
112
9
0
0
4
54
241
9
0
0
8
4
25
0
0
1
31
385
0
9
1
0
11
0
0
4
42
0
21
0
255
0
0
0
0
4
0
12
0
2
0
142
0
1
43
0
27
181
17
0
5
0
2
0
46
88
0
0
0
28
8
0
107
0
0
26
0
10
369
0
0
0
415
387
1049
0
31
0
16
185
12
4
4
0
0
0
1
2
0
0
17
124
7
2
0
1
0
5
12
19
91
0
0
0
0
213
0
0
311
99
3
0
63
56
30
0
2
2
0
166
0
3
1
0
1
0
0
23
8
41
0
12
4
0
0
0
4
16
0
0
0
24
21
9
1
3
16
0
114
381
0
0
0
111
0
5
0
1
2
392
1
0
0
231
141
48
0
1
0
157
0
0
0
9
48
44
0
311
0
1
0
4
12
0
0
105
0
23
419
0
0
0
16
60
10
84
0
1
0
0
0
0
8
524
3
43
16
0
508
28
42
9
0
3
0
3
0
80
0
6
0
302
0
3
108
0
0
0
0
401
28
2
3
29
0
20
2476
0
412
7
2
18
150
6
58
4
0
0
24
19
0
1488
95
0
274
2
3
6
0
8
129
513
28
3
107
0
4
0
0
1679
29
22
9
10
7
5
0
0
0
10
9
2
7
39
188
0
0
27
29
0
0
415
22
0
0
31
0
0
1469
0
2259
6
0
0
0
1
18
1
8
43
10
2429
15
70
26
19
1
0
1745
6
0
1171
10
0
0
4
30
2
0
0
2212
3
25
0
0
0
130
0
8
75
0
3
24
0
1
13
192
4
5
144
148
0
8
0
3
0
0
431
3
163
0
0
8
1187
0
19
2
0
60
4
0
0
611
143
3
6
0
0
77
0
6
112
0
0
0
22
0
0
0
41
0
0
54
0
58
0
4
0
0
22
0
0
2724
8
109
0
0
0
0
58
198
157
0
1040
50
113
1
0
38
0
0
24
5
66
0
0
9
876
37
181
0
4677
0
19
21
0
42
0
0
11
307
96
14
28
2
1
10
2
0
0
1
27
0
0
13
219
9
0
261
49
102
0
82
218
173
54
1
0
0
0
60
0
2
626
3
63
73
0
0
0
0
25
0
11
4
18
3
9
2
7
10
0
163
8
38
9
0
21
0
2499
0
85
0
4
0
6
5
12
0
395
368
2
153
3
6
0
0
83
45
258
5
63
0
80
0
0
4
0
1
0
1
13
0
0
20
0
19
1417
0
4
32
64
0
20
2
5
161
0
248
0
12
125
0
0
3
1
332
156
0
5
39
9
45
10
0
0
28
13
0
0
0
0
8
236
6
29
0
18
401
127
16
4
1491
445
6
0
5
1101
42
0
2
33
561
158
8
26
0
224
0
1203
35
0
0
42
1
22
0
0
0
0
0
103
0
0
10
0
0
0
12
897
13
0
173
0
94
0
103
0
0
466
0
11
1
54
30
0
0
2422
0
51
168
35
11
1
0
971
8
0
41
0
0
4
0
6
0
0
51
0
2
26
388
0
0
2
50
42
0
233
0
53
0
0
0
51
34
18
3
0
5
0
0
0
8
240
15
115
1
0
40
9
3
0
0
616
723
98
397
551
23
0
92
0
0
0
50
2
0
230
232
2537
315
0
4
11
437
0
73
5
20
0
202
7
1589
45
245
0
41
0
6
0
0
0
5
49
3
57
21
18
0
0
0
0
0
0
1
37
165
1
0
9
0
2
0
24
0
33
106
798
3
0
668
0
0
2
7
89
0
0
0
0
29
1
23
2
9
84
122
20
0
0
0
51
0
251
12
1
0
11
47
0
0
6
288
0
4
1
4045
21
0
0
0
62
17
13
16
18
0
0
8493
0
0
111
0
0
3
2
344
1
0
1
18
160
0
0
0
1
0
0
3563
2
2
9
129
0
329
0
0
0
6354
29
69
0
19
21
347
0
24
62
0
0
40
3
0
2
0
2
155
62
0
520
0
0
1
0
0
0
2469
15
4
0
9
149
0
1
109
198
0
381
5
64
96
341
136
48
0
0
1139
46
2
61
1095
0
1028
155
0
1
5
0
0
4
298
0
1
0
3
0
2
0
0
0
7
8
13
0
0
43
0
146
27
0
23
0
388
7
0
0
283
11
0
96
0
6
0
0
16
6754
190
0
26
12
44
0
15680
461
4
8
3396
33
0
13
13
0
18
0
0
80
0
944
916
0
16
0
58
193
19
56
439
0
0
0
1
497
71
0
1
2
24
5
7
1834
28
153
4
0
0
153
0
32
3697
0
0
37
0
0
45
127
0
8
219
31
0
9
543
5
0
0
1191
0
0
1327
0
8
0
0
3
0
0
0
90
5
411
0
48
985
0
0
0
58
48
1
8
0
0
8
0
12
19
40
113
0
0
0
2
65
0
0
0
2
821
3337
26
0
2
15
0
32
0
15
0
34
3
76
172
0
5
112
16
65
0
8
215
0
2
0
18
0
216
97
117
0
0
0
0
0
0
1
6
55
137
11
0
132
44
1
11
0
20
0
0
0
9
0
0
17
0
311
0
0
0
4
0
9
8
76
0
43
2229
5
0
0
121
0
160
354
39
3
1
1
0
23
0
54
117
0
3
7351
49
0
1
0
0
358
0
0
1
18
1
29
20
4
1
0
3
51
0
0
1
0
0
13
0
0
0
11
68
0
149
636
0
42
1
27
0
0
32
0
4
2723
922
1
0
0
387
12
0
22
6
0
323
2
0
29
20
0
2
4
3
1
0
0
219
5
4
6
0
6
0
0
1428
0
0
6
0
13
14
0
6
0
5
3
0
0
6
0
6
7
249
149
14
0
14
0
48
0
0
0
6
0
4
3
0
158
19
21
133
13
3
106
7
47
0
10
1
0
14
1
0
215
0
3
7
0
0
71
0
44
3
0
9
285
15
192
6
0
53
11
778
31
91
47
0
0
0
546
758
0
0
14
20
17
7
219
12
0
708
57
249
3
58
5
6453
84
5
0
0
220
0
659
25
30
0
0
0
1509
20
413
0
0
0
9
0
0
0
57
11
0
0
0
217
4
9
244
25
6
9
0
0
4
15
0
1
0
35
117
0
9
0
0
0
3162
0
5
1
43
0
674
0
0
2
745
0
34
1
62
1
142
301
8
0
218
0
173
0
0
1
0
78
6
744
0
90
0
6
0
0
0
0
0
0
0
0
66
0
6
2
0
19
225
0
109
19
0
0
54
0
57
1371
0
16
99
206
8
297
0
8
1575
40
14
0
6
442
9
0
55
85
8
2496
0
120
11
0
79
0
0
3
0
8
1259
3
828
0
11
1
56
1
2
177
36
0
40
940
0
694
0
0
0
21
0
0
9
3
0
0
38
0
10
0
561
0
0
3
0
15
11
0
0
460
4
2
0
26
14
0
2708
0
0
1
3
0
39
0
16
0
2
166
62
11
0
0
0
0
32
12
0
2
701
2043
73
5
45
0
36
4
0
507
0
569
16
0
0
0
71
16
0
0
0
1
30
0
17
0
15
2
0
0
0
0
0
0
25
5
12
0
30
0
0
0
0
0
7
1
0
0
332
964
10
5
33
35
104
0
0
0
19
0
0
0
2
11
0
28
4
0
0
0
0
0
0
4
0
1
54
0
7
0
2
54
19
22
4
96
128
230
59
26
310
2
18
0
1
7
0
7
0
0
1
0
3
9
0
1
11911
2
0
0
0
2
66
0
123
3
6
22
0
0
0
0
21
18
0
4
0
0
0
223
0
254
39
397
96
3
0
0
0
0
41
0
0
9
977
5
216
0
47
36
0
0
184
48
23
26
399
11
8
4601
545
0
4
39
97
0
0
6
193
584
2
0
1
102
0
0
0
15
14
0
169
545
162
560
12
6
9
3
439
0
0
47
98
0
0
9
19
916
0
1054
81
4
152
30
0
39
0
0
8
17
0
3
1
99
0
22
53
922
0
0
12
0
0
0
0
23
10
0
68
13
73
0
5
9
52
28
0
0
193
0
94
0
0
1
1
110
0
0
9
0
0
0
0
3
142
2
92
10
356
0
18
2
0
371
514
23
168
4
18
13
0
0
0
1
0
1873
8
0
77
0
0
0
0
1
0
0
0
0
55
1
0
22
4
0
0
12
0
22
0
0
7
1
29
0
2
0
95
0
24
0
35
1
0
386
0
0
0
0
162
19
0
32
4
0
3
141
0
59
0
209
166
0
0
17
276
56
2
613
0
0
14
0
0
47
6
28
0
126
0
40
0
0
0
0
300
11
14
32
24
0
5
14
107
5
3
6
0
140
0
124
0
22
0
45
2
1
36
0
0
205
2
92
28
0
1099
5
0
20
0
98
5
52
799
4
242
881
1
2
10
2
0
2
5
54
0
40
574
224
8
63
79
3
29
0
118
15
2
0
1
78
165
144
82
0
68
1282
0
56
0
552
0
2
1
402
0
7
25
4229
2
74
3
169
5
0
0
139
12
59
0
0
1245
2
0
887
0
88
5
0
116
0
17
47
34
37
4
1
288
0
0
0
0
4
0
5
0
2528
16
3
262
0
4
7
0
427
24
36
91
0
0
2
122
7
0
0
281
4
47
93
0
0
28
1
16
80
0
29
14
0
3
1
337
0
5
0
30
2
35
0
0
0
4
11
0
38
3
3
0
1203
0
3
0
0
3
1
2072
0
217
29
79
0
0
0
7
1
0
0
0
239
0
14
0
194
77
0
214
0
33
0
0
5
0
4
5
87
764
1
131
553
56
0
0
1371
0
16
150
2
149
112
0
0
25
117
0
18
517
111
140
0
0
47
1930
100
120
0
89
21
0
562
0
24
3
5
0
1209
23
837
1236
131
0
0
0
0
15
7
0
6
0
33
24
0
0
42
37
0
71
0
194
0
0
7
0
0
345
80
14
0
33
0
26
0
162
0
3
2
311
188
11
93
70
54
0
0
0
201
0
3
29
19
10
0
0
215
0
11
1
976
429
121
17
289
0
54
0
33
0
1
18
2
0
0
15
7
33
1191
15
0
0
0
18
0
0
0
0
92
9
0
213
0
18
0
3323
8
3
5
0
0
1
20
2
0
2
4
128
4
4
0
544
0
2
1
0
220
3
4
3
0
0
65
0
106
0
46
1
469
1
0
0
10
67
0
16
1729
0
15
0
0
0
14
8
0
13
576
0
0
0
0
0
28
0
0
31
1
0
73
28
794
97
27
6
0
289
9
0
1130
338
75
1
611
2
0
89
332
0
0
170
7
0
2428
0
1
118
177
0
3
29
0
27
0
29
0
219
62
0
14
334
1123
37
0
0
0
2
0
5
63
0
5
176
47
9
107
11
505
3
20
0
71
482
0
19
5
62
11
35
1
0
0
9
60
26
4
0
167
66
0
0
0
1
353
0
0
173
62
0
0
0
2
27
0
847
1
0
0
6
140
2
0
7
205
3
0
43
0
0
0
34
4
1
0
3
120
0
35
147
0
0
26
0
73
26
3
9
1
2
0
0
49
0
2
75
62
0
0
1
16
0
0
20
579
0
212
3
10
268
0
422
139
0
3772
1
148
0
0
0
8
454
102
4
36
41
0
282
0
0
3
23
0
0
126
2
224
155
514
30
6
1466
0
4
0
4
12
0
0
199
0
11
19
0
8
309
0
10
273
241
0
0
0
424
0
24
525
4662
2
0
0
0
6
15
10
20
0
13
15
10
0
0
1
0
319
16
166
0
3
45
5
0
0
259
65
0
0
43
0
0
25
0
0
19
0
12
0
7
15
26
0
0
0
0
0
282
13
0
11
0
1
0
0
5
0
0
0
0
13
0
2
3
4
1686
2
1
30
12
0
0
19
0
1
1
2
218
0
3
0
22
1
0
1050
585
0
350
23
0
54
0
22
52
20
22
21
0
319
0
0
3
0
41
0
0
117
21
0
0
0
144
1
134
19
0
0
0
2
0
2
0
4
10
0
0
359
23
0
0
0
0
0
0
1392
10
0
393
42
8
0
0
280
7
0
0
0
80
55
2
0
168
17
0
0
0
32
0
0
93
0
3
0
1
0
0
0
50
0
32
0
0
0
2
4563
0
0
49
62
3
72
0
346
188
0
0
2
3
2
3
1
54
0
0
58
21
0
0
0
13
130
159
0
0
0
0
0
21
689
12
17
14
9
26
93
0
0
505
57
0
2
0
6
140
3
307
24
16
1
0
0
0
3
0
53
0
2
165
0
0
4
11
1
1053
4
0
0
0
223
2
16
20
162
57
140
87
65
30
2
6
0
8879
0
0
1
8
0
4
17
62
0
0
0
3
7
0
19
0
0
0
6
0
0
0
0
11
45
392
0
37
2
28
0
15
0
0
12
0
0
74
0
0
105
0
0
6
0
39
0
0
13
5
0
366
0
140
21
1273
12
2
0
0
10
0
19
0
0
5
40
295
0
0
0
0
7
0
24
63
0
0
800
0
5
0
38
5
0
257
0
1
0
213
0
0
6
1
14
0
1
0
1
25
0
0
0
10
0
3
0
0
0
6
0
184
0
0
0
0
0
6
247
0
227
47
4
10
3
0
0
207
21
4
0
1
2
118
43
0
5
0
25
39
10
1
3058
8
5
0
8
0
2
8
290
47
0
979
0
4
2
3
6
51
11
12
27
137
4
10
23
0
9
0
0
0
53
0
0
2
0
1
0
0
0
30
5
13
0
0
0
12
194
139
0
43
19
73
219
38
10
32
0
0
39
0
0
0
2
2
0
3
0
39
0
34
0
23
0
0
55
67
0
0
2
0
0
10
0
80
50
4
835
0
1380
4
9
0
0
0
4
0
5
0
46
108
21
0
0
0
0
28
0
0
49
214
0
21
0
346
84
0
46
22
90
152
5
0
6
0
0
0
2
0
6
0
0
8
626
29
0
0
1
0
2
74
0
4
39
12
0
214
0
1
70
60
6
7
50
137
0
5
0
0
0
2
40
8
3
0
0
19
343
2
0
0
0
0
5
0
0
162
79
4
0
5
0
8
11
5
826
0
68
6
7
94
57
1
18
0
4
0
3
154
7
14
0
73
1617
55
3
2
7
3
426
15
0
2503
0
8
0
54673
2
0
8
485
1
6
38
0
24
2169
0
0
0
0
0
0
23
33
0
0
65
7
0
7
0
138
3
19
9
29
0
0
0
0
26
1684
0
0
0
381
14
6
30
489
0
0
3
0
0
18
0
145
0
8
0
0
22
0
6
10
0
230
2
0
0
1
0
3
0
0
0
0
273
64
0
41
7
3
0
16
2
47
197
0
212
802
0
0
1
22
1266
0
34
16
160
5
1923
0
0
0
2
0
2
2
0
0
0
0
113
13
260
0
12
0
7
110
0
0
14
15
20
2
0
161
14
0
11
0
105
12
3242
11
0
43
2
23
0
0
8
1
0
24
282
7
114
10
42
642
4
0
0
227
2
0
1
76
0
24
1
0
0
57
0
3
17
24
19
19
27
68
49
941
0
198
0
43
19
2286
0
1
7
52
70
2
0
0
92
0
33
1
6
97
933
0
33
0
12
0
100
1
183
12
2
9
0
0
1809
0
60
19
112
13
0
29
0
0
0
25
0
24
5
12
0
127
7
31
388
0
4
714
102
9
298
32
19
0
5
1
16
101
46
4
65
0
0
0
3
0
0
51
5
0
0
30
0
1
11
0
0
0
0
0
0
24
591
39
0
598
134
0
160
9
1
1027
3
27
1
0
344
146
0
106
4
26
4
1150
397
0
148
5
0
42
5
41
0
6
2
1
0
81
71
247
0
0
0
20
50
0
0
0
815
0
6
38
137
0
0
0
0
0
95
245
0
65
10
7
58
0
0
33
38
0
469
0
24
71
542
110
0
0
1
38
0
17
0
3
0
0
0
0
9
223
456
0
0
12
0
0
149
2
7
0
5
0
0
9
0
2
0
0
0
70
2
0
75
15
2
35
0
261
0
2422
0
50
82
41
0
382
14
0
0
0
0
2264
0
97
0
0
10
60
0
282
0
0
49
3
0
0
0
0
0
8
0
6
0
9
0
325
0
0
220
37
0
20
6
0
1618
71
0
1
0
212
0
8
1015
0
0
0
21
3
1
3
0
0
85
0
0
0
0
1
0
231
0
3
21
0
507
0
2
0
35
172
0
0
0
313
236
26
0
3
226
27
19
3
12
113
0
0
96
0
91
8
1492
2
17
0
30
128
0
2
4
38
0
0
21
7
0
0
4
11
10
434
291
10
1
146
13
0
5
1
309
0
334
0
0
0
27
0
0
87
10
6
0
208
160
176
0
4
0
4606
25
3
0
973
9
0
10
8
0
57
42
243
3
2
0
117
29
0
15
538
0
1
11
1672
2
2
11
128
5
0
0
0
239
816
656
0
0
0
3
96
1
0
439
0
160
4021
18
0
0
38
381
4
10
10
0
32
0
944
1660
40
608
0
38
1
24
4
23
814
70
39
36
21
5
10
0
40
84
2
0
1
9
81
79
230
0
4
81
39
19
0
3
3
25
7
2759
0
0
3
14
11
1
0
3
74
0
4
26
0
0
33
0
2
2
0
0
0
0
0
0
0
11
0
0
0
1
0
0
1
129
17
552
0
65
0
9
0
1
35
0
18
525
10
2
0
7
8
201
0
0
24
0
8
442
0
17
67
0
58
24
0
29
0
198
2
2
0
134
785
0
393
14
1015
0
39
0
0
0
2
0
1
0
4
0
0
44
0
59
1114
0
390
0
67
3
0
0
70
5
40
39
9
0
4
0
2
16
0
115
173
0
3
0
0
0
0
7
72
767
112
0
10
316
137
25
0
2
126
24
8
118
213
0
17
34
5
1
0
8
1
4
0
1
0
76
7
65
46
0
7
10
53
7
79
3
5
0
5
441
61
0
5
1
0
0
0
49
0
0
24
0
0
8
0
0
6
2
4
2
87
3
1
0
66
5
0
12
0
0
258
42
121
6
21
1
0
2
1
47
8
56
0
135
4
1
59
13
2
125
0
0
3
12
0
0
24
29
7
0
379
0
5
8
2
8
10
0
0
0
0
7
0
2
11
0
0
0
27
29
22
1
2
0
199
18
11
249
16
0
88
1
99
107
12
3
0
27
5
81
0
0
16
18
0
113
3
75
1
0
0
0
23
0
0
0
0
9
0
15
0
2
0
0
0
0
10
0
0
34
0
46
42
0
1
5
4
0
77
1
2
0
0
2
41
298
2
101
127
0
0
0
184
1
3
8
2
21
0
0
0
33
0
0
0
11
0
5796
0
22
26
0
0
2
3
0
0
100
0
2
10
38
5
71
0
0
0
32
462
2
0
0
6
2
173
0
140
537
0
1
189
154
2
0
0
4
0
36
0
29
43
8
6
67
0
2
0
15
0
0
0
13
1
3
0
93
245
0
0
0
326
40
42
0
0
4
0
0
813
5
147
129
38
6
0
0
5
14
56
0
0
1
0
0
265
7149
0
0
0
15
3
1
0
7
0
13
0
0
44
0
103
9
2
5
6
0
0
36
5
24
6
0
18
1
1
3
0
23
70
248
0
0
178
8
196
0
14
72
901
89
10
0
0
132
84
141
0
0
36
0
2
234
395
656
1
0
5
771
80
0
355
14
12
1
8
1
0
21
0
419
3
0
7
3
3626
0
3
323
92
0
179
0
21
2
0
3
9
0
0
0
143
7
0
0
0
6
0
961
0
3
753
0
101
11
0
2189
751
12
8
10
0
0
234
0
13
0
31
6
25
90
0
0
1
0
0
8
0
7
367
0
13
105
0
38
0
170
0
0
52
14
0
3
0
8
1
3
617
0
1
0
0
0
109
4
0
248
0
225
9
93
0
9
0
5
26
0
1
17
0
64
1
0
9
1
0
0
0
0
259
0
3
3
0
11
0
62
1
6
0
2
10
0
47
4
0
2
17
0
7
1
0
0
8
64
0
0
32
43
30
1
16
0
4
0
0
579
10
5
1
0
23
12
1
43
109
6
0
20
3
292
3
87
35
0
411
147
4
30
20
90
42
40
0
12
0
0
0
0
0
0
0
0
0
8
0
0
122
2
623
165
118
26
5
0
0
331
0
0
29
0
55
26
14
0
93
0
0
0
4
246
0
384
0
4
0
438
11
59
0
0
0
0
0
17
0
0
20
0
0
3
0
0
0
0
0
0
0
0
100
0
933
527
0
0
0
106
0
38
0
0
144
15
23
0
4
0
649
0
82
19
9
721
0
120
8
3
117
29
0
0
46
55
0
191
34
0
0
0
806
80
3
14
0
56
0
0
0
0
5803
3
29
1
0
312
0
344
0
22
0
613
0
303
2
1
0
0
0
7
1456
0
62
0
0
29
8
12
0
14506
0
0
0
8
62
4
285
12
311
136
42
62
0
0
266
0
36
0
0
0
2
2
74
0
0
0
20
66
0
1
0
2
0
1
186
201
165
0
401
0
0
0
39
11
3
2
0
12
0
0
0
0
67
3
0
0
0
0
0
0
0
0
0
19
23
1498
79
0
1
12
7
0
33
30
2
45
0
242
2
0
0
112
19
70
0
153
0
0
0
68
0
0
609
862
0
893
0
494
0
260
1270
0
156
120
1
0
1125
0
46
2
1207
0
0
398
375
3
191
5
3
176
5
7158
35
15
2
40
0
0
0
0
958
1588
3
307
263
0
102
11
0
2
0
0
5
0
26
32
83
2
52
0
95
0
8
0
5
0
0
0
4
0
27
79
3
0
713
607
0
67
98
0
23
0
0
0
0
8
10
12
192
281
48
0
2
0
734
1
1
0
0
1
31
3557
0
0
113
20
470
0
4
0
18
2
44
0
0
45
9814
0
0
0
0
11
12
0
0
0
26
0
0
4
0
299
0
61
11
0
19
12
1
12
1318
15
18
0
0
687
0
0
586
0
0
18
0
5
0
5
0
0
8
6
0
5
0
2
0
0
0
25
11
912
14
0
0
0
0
0
0
17
0
0
0
1
1846
0
3
89
3
10
0
648
8
59
117
4
105
270
0
142
45
0
44
4
0
542
9
0
18
0
0
5
0
223
0
135
653
0
0
0
0
9
0
109
0
164
11558
203
0
0
0
0
0
5
141
1
0
48
6
21
146
36
0
0
7
2
9
0
1027
32
0
74
0
0
128
16
4
0
31
0
21
0
0
775
50
0
0
158
425
0
4
0
6
0
0
95
289
0
116
38
0
0
321
0
4
0
0
975
29
108
110
0
2
0
0
0
1781
2
3
156
0
65
61
42
0
0
879
0
0
1
6
0
0
0
23
198
28
19
1
1114
0
0
3
52
620
21
144
7
0
8
0
6
5
0
834
61
0
42
0
3
4
0
0
190
2
8
19
2
193
0
0
17
40
2
0
0
7
0
7
25
51
0
0
67
0
54
3
0
457
165
0
0
567
1676
392
11
122
0
0
5
0
10
85
9
27
3
0
28
119
0
153
4
2
138
31
37
1
0
14
222
24
25
4
0
7
0
838
30
178
0
0
16
62
356
0
0
0
308
0
1
5
10
0
0
0
0
1
0
18
16
0
22
0
388
0
0
0
0
34
511
0
7
0
3
0
0
11
0
6
401
30
7
30
0
362
0
68
846
0
12
7
0
7
0
31
43
2
0
0
0
0
0
41
0
0
304
0
54
14
0
0
0
0
5
2
0
10
108
0
0
21
0
0
0
0
3
359
4
259
392
6
4
108
872
0
69
19
0
300
2
1
29
302
0
39
0
0
0
488
46
0
0
0
0
14
25
87
0
118
45
54
1
0
40
421
264
6
23
574
2
298
0
14
40
402
0
43
16
0
1
12
550
3
1
39
33
1
0
0
37
0
0
0
27
16
0
96
164
33
21
0
16
153
3
0
0
12
0
25
0
22
1156
0
12
31
10
576
7
0
0
3
44
0
103
0
6
0
23
3
60
0
2
0
1
0
0
2
0
26
2
4
2
2
3
0
48
0
747
0
6
0
0
0
0
44
8
3
0
0
18
59
0
51
34
74
4
2
142
67
0
19
2
619
5
927
0
463
0
0
41
0
0
16
0
1425
52
331
306
29
0
0
0
0
0
1
0
0
0
204
0
20
175
0
0
158
0
0
0
0
0
3
0
7
0
1
11
0
4
0
40
0
27
0
0
4
0
27
0
0
0
4
0
318
80
0
0
3
0
0
62
0
0
1
3
0
25
0
7
1443
0
5
0
30
3
0
6
14
95
65
373
72
1
32
20
44
0
2
0
80
0
113
0
0
251
0
12
41
0
1
0
109
1
0
96
29
14
0
12
0
0
56
11
0
0
0
0
0
49
0
122
3
7
80
0
1
904
36
0
0
47
0
94
5
147
0
0
283
7
2
700
415
229
209
4
0
12
0
30
7
106
0
1
42
221
5
1
92
32
0
0
140
32
0
0
62
16
0
19
1
0
5
0
7
56
58
0
0
56
19
70
0
928
3356
363
28
126
1794
0
27
2
0
2
27
69
89
2
0
24
0
0
214
298
0
4
14
472
2144
0
14
0
6
20
495
66
5
1172
5
9
0
2711
4
3
4
0
29
59
6
0
7
256
0
25
266
0
382
44
0
0
0
0
238
6
133
0
1
27
0
0
0
7
0
38
40
0
5
1
0
14
7
0
0
16
0
0
0
2072
0
0
0
31
17
423
101
0
0
0
0
72
160
0
2
8
0
25
0
41
0
0
9
0
0
0
107
0
5
0
2
0
6
790
0
20
0
24
0
50
595
0
12
0
0
0
2
600
11
0
0
537
114
11
24
2
8
0
2
0
912
41
0
23
13
0
0
19
0
5
24
0
0
0
0
1
0
9
2669
4
0
2
0
94
0
9
0
3
2
11
0
0
0
231
7
32
0
21
0
9
0
77
0
2
3
0
36
96
6
48
0
0
9
0
6363
0
0
1
74
505
0
4
4
3
0
0
2
0
0
0
0
0
8
14
0
10
0
0
50
332
0
0
1
6
0
86
52
5
352
88
0
0
4
1
0
3
3
1
119
4
3
0
4
4
0
0
1205
0
0
109
91
0
0
3
0
0
0
0
2
10
0
327
2
0
155
493
0
0
17
0
0
14216
4
1836
11
5
1
23
0
0
446
0
6
1
0
184
3
0
51
83
159
1
0
46
2
4
3
39
470
5
0
0
0
102
3113
15
9
30
0
22
6
0
0
0
0
1
0
70
0
215
5
15
0
90
0
0
49
0
4
7
0
0
15
2
0
0
0
69
4
0
4006
22
0
3
0
0
93
201
0
0
15
0
0
0
0
350
0
173
1
963
0
0
57
2
1
0
0
4
0
14
3
0
0
0
6
2
48
0
85
430
9
272
53
0
1598
7
0
29
0
0
0
0
2
0
11
425
0
73
0
1
0
0
1
0
0
0
15
0
2
46
71
16
0
0
0
0
20
1
0
51
319
18
4
0
0
439
15
0
0
2722
35
0
943
391
0
15
2
0
173
0
3
388
0
0
345
0
0
7
0
0
0
76
2
0
62
3
0
4
31
0
86
0
60
6
5
28
25
78
12
0
0
0
265
1151
5
49
4
139
0
81
3
0
62
0
104
2
45
60
0
5
111
417
0
6
177
0
0
171
63
8
0
27
0
0
0
0
0
0
99
29
240
0
0
43
346
12
0
1485
0
0
0
10
0
0
0
49
265
31
24
0
9
149
86
0
2
0
579
0
0
86
174
6
35
3
4
5
1
917
138
143
75
0
1
164
72
2
182
0
218
27
3
22
0
0
5
1
1
11
0
0
15195
1
0
1986
1
9
0
39
409
0
12
0
0
10
0
0
0
0
1
72
0
0
0
4
0
18
9
0
0
3
0
0
124
1
119
0
64
0
0
62
0
1
0
866
18
0
1
0
0
2
1
5
0
237
6
0
11
0
32
0
466
280
94
157
34
206
0
1
0
6
356
5
0
6
18
18
1
47
326
0
0
42
0
52
0
11
0
6
556
2
0
0
3
77
1076
0
0
0
0
0
0
0
0
6
2
3
50
0
11
97
0
48
4
0
345
710
3
222
8
36
0
163
0
1258
125
2
44
0
0
0
0
10
14
186
1
0
31
10
0
1
66
0
172
10
3
221
0
0
0
0
0
18
0
0
43
0
6
18
4
0
576
7
0
7
0
20
1
0
0
0
0
0
0
133
0
6
1
76
1
1
0
43
0
61
198
3307
116
0
79
586
0
0
1
0
0
3
1343
1
26
124
44
12
2
6
59
53
0
0
0
54
0
0
372
10
8
847
14
0
2
0
1
57
285
0
0
41
219
0
265
0
13
0
229
48
0
0
5
0
8
5
0
70
19
0
0
6
21
0
45
0
0
54
2
47
0
10
0
41
22
26
0
0
0
99
6
0
86
81
32
0
0
0
0
0
171
11
0
209
8
1
911
49
0
0
0
1
3
0
13
0
8
0
0
31
0
506
0
12
0
0
29
0
0
0
38
0
162
0
0
577
0
0
1
0
2
171
15
0
0
36
50
0
36
0
0
2
0
40
75
0
2
0
0
11
63
29
0
1
15
0
18
0
0
24
18
475
226
169
0
412
266
0
0
162
1
631
931
4
0
0
220
417
41
15
0
13
6
452
30
34
0
0
28
0
13
6
42
2
0
3
0
1135
0
0
0
4
84
180
229
0
0
0
5
1
1339
502
0
0
0
2
0
135
24
2430
27
45
3
0
0
649
1
0
10
78
3
0
0
27
10
0
0
0
3
195
444
1476
1
713
1
11
27
0
0
0
0
57
4
78
3
0
0
1
0
11
210
0
54
0
124
275
232
0
111
0
2
3
1
45
0
0
34
0
4852
0
10
90
0
0
3
55
10
6
0
6
1
2
28
0
0
1
0
5
0
0
7
49
0
0
29
0
366
73
0
0
87
3
0
0
405
28
0
0
9
148
3
95
126
624
0
0
63
7
0
21
7
0
4
10
12
0
14
0
0
0
82
5
1562
16
643
48
118
2
0
0
0
0
0
100
2
3
0
36
0
0
109
4
436
0
148
20
0
0
0
1
0
0
0
1
0
56
0
15
0
0
0
45
43
1
13
0
0
0
0
15
0
0
17
0
106
683
0
1
0
4
0
0
0
0
1
11
0
15
72
54
0
754
182
16
5
0
10
0
1215
3
0
0
52
10
3
3
0
0
0
96
0
0
0
1344
54
0
58
10
5
34
0
0
95
75
43
1
18
0
25
0
0
0
74
71
0
0
123
0
0
0
0
0
32
34
60
1270
928
1267
0
0
3
28
7
38
0
0
0
1389
87
403
354
5
0
3
14
245
30
46
0
0
13
9
61
3
4
17
114
0
3
9
0
0
0
57
0
0
551
102
107
98
38
0
0
31
17
27
0
14
93
7
0
0
3
0
29
0
0
2
188
3
14
10
0
139
0
17
13
419
0
3
48
0
0
212
202
17
3
0
93
0
74
0
24
49
0
0
147
0
0
65
3
0
0
61
497
0
2
0
3
0
0
0
0
455
0
109
15
66
89
18
48
271
0
14
0
4
255
20
19
33
438
7
29
43
1812
109
0
5
0
2
585
1
186
2
0
0
684
26
4
0
15
3690
30
304
3
61
142
0
0
0
1
31
424
0
36
6
66
455
0
7
21
3
16
6
61
133
473
0
20
0
0
0
0
53
57
0
3
0
41
0
2
27
738
35
18
42
1
55
0
0
22
1
13
3
0
0
0
53
0
21
4
986
2
6
8
6
0
22
0
7
0
158
123
0
0
18
1
120
0
111
46
167
0
427
0
5
0
0
337
12
0
6
25
196
109
0
0
0
0
0
13
0
821
0
10
2
1
251
3
116
18
0
3
3
11
374
177
415
5
42
538
0
359
0
0
10
99
82
23
0
0
0
0
0
100
0
0
0
71
5
0
39
184
20
47
0
348
0
0
14
0
0
0
458
12
0
63
0
0
10
73
0
3
0
10
8
0
41
8
0
0
12
0
196
0
5
0
0
62
2
1927
0
0
8
0
13872
3
5
208
8
2
0
25
0
169
12
373
39
37
3
0
30
5
0
7
7
0
3
0
204
0
0
0
12
0
19
0
20
15
0
0
367
11
25
0
0
10279
11
0
0
311
236
5
289
3
142
0
0
51
614
2
86
40
0
0
0
42
0
1706
4
0
0
16
0
0
6
3
0
0
1
257
0
2
0
0
584
0
2
272
0
0
0
0
0
1
39
37
0
76
4
0
0
0
0
0
9
15
177
0
0
0
0
0
0
0
625
30
0
0
851
5
142
0
59
1190
22
2
0
34
3
0
3
14
14
0
0
0
49
0
0
1
43
0
0
76
0
0
9
5
0
1
0
0
0
0
5
0
797
7
4
0
0
14
16
149
0
0
0
2
0
0
2
0
0
303
0
0
0
29
24
217
0
0
0
584
7
3
0
8265
0
0
153
0
47
7
4
88
14
0
0
0
0
77
25
1
0
0
0
11
30
0
67
17
1072
0
1
0
0
1
2
15
0
0
0
82
6
0
0
10
0
13
0
0
0
43
0
0
0
51
0
0
0
8
0
20
0
0
0
0
0
40
4
0
0
0
1
0
8
0
0
531
16
36
21
0
0
1
0
125
20
4
0
19
7
51
1
0
59
14
6
103
0
0
24
4
0
11
13
1
8
0
28
12
0
0
0
22
0
64
368
3
0
0
0
0
0
0
0
39
18
0
9
0
5
0
2
0
0
0
0
2
6570
0
33
251
0
0
0
7
14
0
23
5
1
0
1
0
0
34
189
27
45
26
0
37
6
0
0
99
0
0
94
0
0
0
0
0
15
0
4
0
11
0
9
13
2
0
97
21
0
4
25
0
0
0
0
32
0
0
0
0
1
0
143
0
5
11
0
4
0
0
0
3
0
0
0
63
0
0
146
15
0
0
0
168
1
0
63
10
17
537
26
0
0
0
0
0
133
0
0
4
0
9
0
53
7
12
6
44
0
0
0
0
14
0
8
0
0
1
31
216
0
389
451
815
173
157
19
338
511
299
0
8
3
0
22
0
0
66
2
0
0
279
19
0
215
231
3
39
77
0
0
11
0
47
0
17
0
470
27
0
10
0
0
14
58
37
2
5
3313
0
3
0
0
0
23
39
20
8
0
3
750
0
2
187
0
191
0
5
0
0
4
0
0
23
35
7
96
2
4
8
0
4
0
0
1
67
483
45
0
0
0
0
4
0
2
33
157
27
0
0
11
87
0
206
6
28
38
0
25
15
0
23
0
0
1802
0
0
50
0
49
575
5
2
0
37
29
2
48
7
0
150
26
46
0
13
10
0
153
0
1
0
0
0
0
4
0
238
23
184
0
0
199
0
0
0
8
0
43
0
0
0
0
0
0
0
1
0
63
1
172
0
0
20
0
0
142
13
0
150
0
0
0
0
0
9
106
2
0
34
8
151
0
18264
7
0
60
0
182
4
22
4
0
7
6
10
0
0
3
0
2
0
0
1
0
21
14
0
15
0
0
53
0
0
1118
7
0
137
0
0
6
0
0
3
0
17
58
0
0
76
0
6
0
0
0
29
0
10
6
0
38
18
14
0
1
28
0
2
0
0
0
0
0
2
15
194
0
1
0
0
68
10
16
0
0
0
0
27
0
0
0
0
162
0
0
19
237
131
30
9
2
15
0
150
539
0
31
47
55
0
0
0
89
2514
15
22
2
0
70
13
19
0
1
217
0
0
0
0
0
13
0
0
0
0
0
0
21
0
0
17
0
64
0
0
0
0
0
36
191
421
239
1
88
234
0
0
60
0
0
72
373
0
17
1824
103
132
450
0
156
118
0
74
3
0
3
0
0
2
4
0
0
0
22
5
0
125
0
3
11
19
14
0
8
3
1
0
0
0
102
1
0
12
40
15
8
0
0
0
1170
0
0
0
0
16
1
1
2
0
213
0
0
38
59
0
0
29
729
0
876
54
0
323
21
2
282
0
690
0
0
11
0
32
10
0
0
0
332
68
0
0
0
30
26
22
0
18
18
0
701
211
2
0
0
56
0
64
0
0
150
0
445
0
0
128
3
0
0
0
17
0
13
0
8
234
34
0
53
3
216
0
584
566
2
5
10
0
17
99
326
9
12
0
100
1878
5
3
467
0
0
8
0
2553
15
10
88
19
0
0
135
174
0
0
0
7
0
0
1
1
192
26
13
0
56
1531
3
133
3
10
9
11
120
0
69
831
0
0
40
836
455
0
0
0
6
0
765
1
0
64
111
0
0
0
5
0
36
163
1
1
2102
23
0
605
133
6
104
19
22
73
0
0
165
2
295
0
14
0
95
1
1077
0
0
49
8
1398
30
0
67
36
0
28
57
1652
206
440
137
0
0
23
174
28
287
3
103
0
3
0
32
3
0
0
0
0
0
4
0
55
8
142
0
0
372
0
0
9
0
0
2
10
161
2
0
0
21
0
0
435
9
0
0
0
1414
0
0
3
29
32
0
0
0
8
0
41
18
51
177
142
0
0
13
0
0
0
10
0
10
0
0
0
13
33
145
0
8
17
10
0
0
32
6
15
0
8
5
2
0
4
76
0
2
10
0
7
232
0
129
4
40
16
103
76
15
0
793
0
0
875
2
0
0
4
151
0
107
1010
30
72
513
0
593
10
179
93
92
268
0
1108
0
11
0
15
0
51
85
3
0
47
0
1
0
0
0
70
7599
0
234
33
0
1
0
0
0
0
0
13
768
70
83
70
15
0
5
0
3
0
0
3242
8
43
5
0
1138
0
302
232
0
194
3
1
0
0
0
465
0
9
276
198
29
14
109
0
17
19
178
0
3
0
6
137
241
4
0
1
0
0
0
1703
118
25
6
1006
0
136
0
250
12
0
4
0
105
569
0
0
0
4
33
37
35
0
7
17
0
0
0
2
1680
13
0
3
53
0
0
106
416
0
4
210
45
2
0
223
0
65
0
1902
9
25
0
31
0
43
0
64
1
923
9
2
0
2
0
86
377
160
0
0
0
0
16
0
0
0
11
4
0
127
86
11
1104
4
19
75
2
0
125
9
0
0
0
114
207
0
0
0
4
0
0
0
3
35
0
0
0
2
0
45
0
0
2
0
0
376
2
129
68
0
0
0
28
3
0
121
0
1
1
0
3
4
0
0
72
38
0
117
4
0
0
6
2
2
0
0
0
60
0
2
0
0
415
0
0
140
8
0
151
0
294
5
0
274
0
41
0
0
460
0
1
0
1612
64
0
1351
45
61
0
9
1240
0
0
0
37
2
0
32
0
0
0
9
0
19
4
0
0
211
45
7
0
0
0
0
99
0
3
31
3
11
709
0
7
0
10
30
2
103
0
12
0
86
0
157
0
0
7
39
0
37
0
0
1
6
45
0
23
83
0
9
0
0
37
71
0
917
32
0
0
92
76
84
0
7
59
39
18
0
31
5
46
0
117
0
0
0
0
0
2
0
4
0
2
0
41
0
2
223
0
101
38
81
0
0
0
95
2
0
8
0
0
0
1527
61
0
505
0
1357
0
0
0
199
0
0
0
0
0
1
0
0
5
0
25
134
7
0
0
7
12
19
0
1
331
0
8
397
1
15
1
67
20
303
0
479
22
680
0
0
0
299
24
3136
8
0
0
0
0
33
0
0
0
1
7
0
0
0
3
25
12
2
0
3
1
0
0
0
0
8
3
0
50
1
362
13
22
0
66
11
42
164
2
0
4
0
56
6
0
0
50
30
57
130
0
73
825
64
0
0
89
35
32
0
5
0
661
0
0
0
0
130
21
76
86
4
7
0
0
0
314
0
42
5
0
313
0
0
0
7
0
0
211
0
0
0
0
0
123
80
21
0
0
0
0
582
0
67
1
0
8
27
121
229
114
0
2
2
2
3
119
0
0
155
0
317
3
230
158
1966
6
0
0
28
0
0
13
38
0
0
1
0
0
4
3
1
34
0
9
301
0
24
0
18
0
33
0
0
2
0
8
0
1
0
0
2
0
0
0
0
0
0
3
3
48
3
237
0
0
1
41
0
3
0
0
33
112
0
1
0
82
32
123
23
1
0
0
0
280
849
0
2
1
11
2
1
479
0
0
0
0
330
0
68
13
22
0
0
93
0
0
15
5
40
367
0
0
0
7
543
6
1
14
0
0
26
44
9
11
0
10
0
6
50
8
0
7
0
0
1
23
1
48
64
23
218
81
1
24
0
0
435
0
0
0
0
0
0
0
0
0
24316
10
0
0
6
824
1584
19
2
0
26
14
103
0
108
0
0
1
86
0
0
35
0
2
4
142
0
3
0
0
0
0
0
0
0
0
128
0
0
1792
0
0
0
0
0
3
0
0
5
12
0
78
790
0
0
106
12
8
0
616
8
1
53
0
10
0
293
0
0
1
569
2
165
0
0
36
29
41
11
24
3431
1
3
38
484
58
0
0
0
0
1
0
292
24
0
0
0
25
0
1
0
0
106
0
0
0
95
0
208
0
924
0
1549
2
5
46
184
3
0
0
67
4
178
0
0
21
0
5
5
0
47
0
0
0
898
28
192
0
0
141
2
4
5
0
6
0
417
7
14
1
0
5
191
9
8
197
0
0
0
746
17
0
15
0
153
66
0
0
2
1
339
0
1
0
47
951
2
0
383
0
0
0
8138
13
279
1010
0
0
0
172
0
0
0
21
34
14
0
9
0
3
0
24
0
0
753
112
72
0
0
94
2
8
0
50
20
287
3839
0
0
0
237
0
148
0
0
21
5
28
0
2
1
0
5
0
0
2
10538
41
20
0
0
8
18
559
2099
7
0
23
48
41
0
1
2
0
269
1
0
6
12
0
83
89
263
0
62
0
32
1
1307
0
2
3
4
4
111
3
7
4
0
0
17
20
1
9
0
0
0
2
23
15
0
2
0
0
0
0
76
1
8
144
0
34
2
1
0
14
0
0
1
15
0
0
14
3
59
0
31
0
46
0
1
5
0
373
9
3
5146
0
0
314
3
3
21
0
57
161
87
37
405
7
1
267
0
0
48
0
0
626
56
0
1
0
42
0
0
4
201
8
0
101
0
190
32
0
0
0
169
14
0
0
143
0
65
0
4
0
3935
12
0
18
14
6
3
0
0
45
2
22
212
32
2
211
0
9
0
3
0
11
19
6
5
0
11
24
81
2
43
12
6
16
0
23
0
0
0
1
0
0
588
0
350
550
0
0
0
8
0
7
8
0
2
0
4
0
0
76
151
3289
0
5
0
0
366
21
16
1062
2
58
5
0
19
0
0
128
52
0
139
222
744
16
9
1
0
263
60
0
0
0
0
0
0
80
0
8
225
13829
0
2
212
15
33
0
32
0
0
29
0
1
3
35
35
71
16
0
21
2
0
6
195
0
145
0
147
0
0
0
13
0
59
25
262
0
0
0
0
1
0
7
35
60
19
32
0
0
0
3
1
626
24
0
71
37
0
5
73
0
0
0
0
2
0
0
855
12
6
811
0
2
250
80
0
0
189
0
0
6
0
0
0
500
3120
5
15
0
23
0
0
0
572
0
88
0
6
0
3
0
0
0
285
1
26
34
17
0
7
0
0
220
37
8
16
37
0
0
43
26
22512
0
0
0
7
3
41
114
0
0
700
0
161
247
38
0
62
2726
711
378
34
0
0
0
0
40
8
0
40
16
42
0
46
0
26
0
4
124
0
31
46
0
69
12
98
612
35
0
81
0
1379
8
165
38
48
12
0
206
0
12
11
4
31
58
2
0
130
0
0
3
58
105
10
930
325
0
55
18
157
132
6
153
565
0
1
1
17
237
2
6
3
694
3
460
33
0
55
27
7
6
0
16
266
0
0
16
1
12
22
1
0
0
0
0
51
0
0
68
31
60
92
14
59
50
199
22
255
0
2
234
4
2
0
99
12
6
0
14
5
0
1
0
0
0
11
70
4
272
173
108
0
1258
16
17
6
261
6
0
0
3
0
3
0
2
159
0
17
127
8
0
123
46
0
213
4
437
0
0
0
73
84
290
239
0
65
550
2
408
35
1
0
3
34
152
63
0
0
2
10
129
0
101
102
33
40
0
0
6
1
0
0
4
7
0
31
0
0
3
0
15
49
0
17
23
22
2
2
238
17
0
0
0
17
1
11
23
33
1
19
0
16
81
0
1
18
2
111
1
3
0
11
584
2521
344
1
0
14
9
631
0
0
0
1022
46
0
63
34
0
3
0
57
176
33
60
91
0
6
51
132
0
55
134
16
0
4
0
81
6
0
0
2
228
0
195
4
0
21
3
32
3
126
12
16
81
0
166
0
0
46
52
31
3130
0
483
3
23
36
1
6
0
368
0
56
35
82
26
1
258
697
0
1
0
0
0
19
0
11
0
5
498
31
0
0
0
16
0
0
0
0
123
775
48
29
251
2374
472
0
18
0
0
31
471
0
2
0
20
5
30
0
2
258
3
15
65
385
24
0
2
0
265
6
2016
0
0
196
0
0
1
26
168
99
0
3
0
0
0
1
12
0
24
0
99
0
6
14
1
0
22
0
65
29
0
87
3
0
0
0
4
0
0
0
404
808
2
0
153
5
1
214
3
0
3
13
302
28
13
43
0
23
0
0
1
23
0
0
10
8
12
0
0
6
0
74
0
3
0
4
0
0
0
0
0
13
0
39
0
0
0
0
3653
0
0
5
5
0
0
0
16
6
0
0
292
87
82
1990
11
2
6
0
738
68
16
0
8
57
58
3
0
1
0
0
61
71
61
33
116
468
25
81
0
134
66
21
200
68
0
0
0
0
0
0
0
0
0
0
2
0
0
0
0
0
0
20
20
194
429
115
0
6
0
0
3
0
87
19
0
0
0
0
0
0
47
22
0
0
0
0
13
0
2
12
0
0
0
0
0
0
67
44
11
46
2
0
0
1
0
109
970
0
17
1
0
0
4
6
75
807
0
3
0
1
0
1
63
0
299
20
1
0
0
0
0
280
136
0
0
13
0
0
0
0
3
299
0
0
1
4
0
0
0
0
226
0
3
22
0
0
0
31
27
112
143
7
26
13
0
0
4
0
0
6
4
0
0
37
1
0
0
0
0
10
336
0
26
4
3
0
0
3
0
0
0
6
24
70
0
0
0
0
0
0
0
0
0
0
0
0
0
0
0
0
0
0
0
0
0
0
0
70
4
1748
0
0
2
0
661
243
48
65
69
83
202
153
356
15641
44833
72
0
4
13
1
0
3
44
1
118
0
0
0
0
0
0
0
5
0
0
92
0
15
459
0
0
0
0
640
49
0
0
9
220
0
6
0
0
0
0
4
3
1
0
17
0
0
0
0
12
1
2
0
0
0
0
1
1
39
56
0
0
0
0
0
0
0
0
4
11
14
0
0
135
2181
6
419
9048
0
0
9
16
0
0
0
44
0
0
0
42
11
0
0
0
41
21
0
0
0
0
0
0
23
0
0
8
120
19
73
22
59
21
1
284
567
25
0
0
0
0
0
0
0
0
1
0
216
0
0
3
0
0
1
0
0
0
0
0
0
285
60
784
0
145
354
33
0
0
110
58
0
78
0
0
0
2414
403
0
0
14
2
142
52
0
6
4
8
0
0
0
0
0
0
4
0
0
0
0
0
0
0
0
0
0
1
2
0
97
0
0
4
42
0
1
0
155
0
0
252
1
372
377
15
107
0
44
1
0
22
10
3
0
0
0
47
0
0
38
0
3
515
2684
12
5098
1
2
0
5
0
1
3
0
5
0
0
1216
2515
2
0
43
0
0
0
0
0
75
0
0
0
0
7
8
117
0
0
22
0
0
0
0
0
0
0
0
0
0
1
0
0
6
0
0
8
0
0
0
0
0
0
0
0
0
0
0
0
0
1
0
0
0
0
0
0
0
0
