24_BitA_28_2
1
0
4
1644
85
310
16
0
0
1
0
542
13
473
0
2
664
4
6
9
309
48
2
9
0
464
0
87
5
2
53
0
0
123
922
38
0
0
7
2
7
0
1
6
1
749
0
209
10
190
0
120
0
1802
0
31
169
68
0
1058
4
9
0
0
44
13
0
1595
33
4
810
631
37
13
68
0
756
2
7
0
0
0
2
25
1378
1
12
272
24
24
382
0
940
2
0
2048
6
0
1471
0
20
0
44
624
109
0
1
0
0
201
0
0
91
0
4
0
4
689
123
700
20
1
0
238
73
1651
547
0
953
67
0
3
0
264
0
0
10
268
9
0
6
2
16
2
1035
94
18
41
54
82
5
0
44
21
8
937
4
3
4
406
2
0
1
0
219
25
32
386
0
0
0
1
7
0
0
98
61
0
0
80
294
316
0
50
346
276
456
33
85
0
0
199
24
91
0
240
0
1
1
50
28
5
2
41
50
0
5
52
14
35
0
5
15
0
0
20
352
55
0
68
649
0
30
113
0
3
14
250
3
168
2
0
16
498
194
0
589
7
4
1
0
0
26
1210
0
8
366
166
4
25
121
95
60
0
184
25
0
0
0
8
129
249
20
3447
149
0
0
0
101
53
0
143
2
0
21
5
0
0
644
115
2157
46
0
3778
0
921
0
0
0
136
0
0
0
16
0
0
56
2
294
0
0
24
0
20
231
0
512
62
1549
0
0
0
0
0
1
35
0
407
93
1
152
0
714
87
0
173
2
14
0
13
576
522
120
0
0
200
15
14
0
0
218
93
12
785
0
2
41
42
41
0
311
0
57
44
21
31
1679
457
20
0
1
3
0
1900
1
0
3
68
35
7457
396
714
88
9
1
5
9
15
3
359
0
166
2
0
2361
0
73
13
22
0
352
5
0
453
2391
286
250
0
130
88
13
0
0
0
4
137
26
2
0
0
0
274
4
1581
5
23
0
30
3
1
1538
283
1
0
113
0
10
1231
137
2
75
9
106
19
87
0
501
0
0
0
5
0
1374
1987
0
37
1477
381
156
0
0
0
33
2
4
2
0
2
1
0
24
12
0
0
0
44
204
0
498
0
96
1
529
0
0
7
11
0
334
36
282
149
56
781
1250
10
0
0
37
0
21
99
36
38
0
66
0
11
0
1
755
0
200
25
53
226
18
0
164
0
10
0
3
101
44
1003
17
0
90
0
65
371
0
449
0
43
12
8
32
178
23
159
626
0
10
154
1594
280
39
0
0
3
26
0
55
429
0
0
25
0
1
0
10
1
0
4
6
0
2
0
0
1102
0
183
1
278
0
0
0
242
295
115
0
562
5
392
83
104
0
54
0
267
10
769
30
18
2
3
0
5268
5
15
0
652
0
115
114
1
0
3
100
0
0
0
1
293
0
0
0
0
2384
0
288
4
1
1
412
53
37
13
0
12
0
59
0
18
31
0
0
5
15
0
0
22
0
54
305
168
61
130
386
1
1
2
0
0
2
7
0
214
919
26
23
71
10
186
10
0
284
19
0
176
0
0
63
0
435
35
8
3
5
0
1185
0
3
6
767
0
0
0
1
586
5
222
9
6
0
0
0
0
86
181
49
662
1
182
370
5208
15
13
3
4
32
10
25
2
34
28
164
11
5
13
21
5
0
0
101
24
300
0
23
2202
42
155
198
1303
1625
0
0
232
253
15
4
12
320
0
0
1
1
366
223
8
20
33
14
0
116
1
40
70
428
0
82
6
344
0
0
0
2
0
0
1275
120
0
3
548
8038
10
276
2
334
59
265
79
0
0
783
5
3
178
0
30
159
0
0
888
34
43
18
59
642
360
30
77
28
0
0
0
2184
0
121
0
0
368
2
0
0
0
26
5
0
0
11
0
232
82
0
106
0
703
119
1171
81
43
1
479
3
0
2
0
41
0
221
47
4
1
1
0
1
0
20
205
30
10
2
15
1
282
146
3
19
1
10
0
3
569
4
578
2770
132
33
748
208
20
115
15
38
160
0
114
91
3
681
11
204
110
426
1
2
216
0
6
96
0
17
1410
16
0
0
0
1
0
479
72
16
0
0
3
1610
1
0
1783
2
7
0
236
0
0
435
32
270
288
95
9
0
10
1
0
658
119
491
0
0
11
0
514
76
0
4
37
0
20
77
54
16
0
163
7
0
386
0
1
0
0
126
2
319
826
45
70
31
5
7
1
2
85
43
56
360
115
6
78
4
0
1708
563
6
121
0
173
0
0
36
507
0
255
0
6
13
5
0
0
3
260
38
4
6
0
24
29
82
0
4
2991
34
29
384
4
41
0
0
4
9
0
2022
44
369
266
0
49
0
1
729
0
1495
12
0
5
2608
582
195
64
2570
0
98
0
0
2378
0
0
0
0
705
0
0
0
0
2
252
1020
1212
69
3
0
0
25
22
96
0
2
0
71
650
211
152
6
0
0
28
184
2
0
0
0
2
0
1512
347
636
270
0
0
0
0
0
220
0
0
2
442
11
20
0
11
868
919
0
130
1611
104
34
4
20
0
0
366
0
0
71
0
6
3
11
0
64
102
12
0
1
0
0
622
1288
0
0
11
26
54
0
0
0
0
20
14
0
601
9
0
165
3
13
901
0
638
226
9
1
11
92
0
0
2
0
450
169
95
86
266
140
168
250
96
366
1
40
6
8
84
0
0
0
0
20
1513
31
210
0
0
35
83
3
26
650
261
247
880
0
37
40
0
68
0
37
0
6
0
0
1417
282
33
0
0
751
0
0
0
161
29
1748
1973
0
108
1804
28
231
16
68
96
176
336
0
0
43
0
337
36
281
0
487
1
140
1
665
398
131
0
924
3
2
145
0
224
1134
0
0
0
173
0
457
0
0
12
71
0
313
0
0
14
0
0
0
0
7
0
21
8
247
0
215
446
1
363
775
0
0
1234
1
0
0
565
117
16
0
72
0
11
0
163
32
0
4
132
2
3635
0
0
0
12
17
101
15
375
93
0
57
1
14
0
11
69
146
25
1
0
152
0
507
568
21
0
0
4
14
1589
6
0
30
14
12
36
1
5
0
0
6
1538
0
291
1
0
1
26
2
116
2
284
0
80
406
0
42
0
300
0
0
0
339
0
1
3
10
4
0
1
110
13
1
202
2
288
0
0
16
6
0
1613
0
33
1303
14
295
0
286
12
96
0
0
0
101
91
0
0
29
37
10
2
0
10
0
0
12
0
49
0
0
3
41
11
8
0
2
3
177
995
267
0
0
0
121
0
0
681
470
3
65
4607
1
58
522
7
192
111
838
0
9
26
1233
15
38
79
12
265
0
0
307
55
22
186
10
2408
97
86
738
203
0
21
0
30
2
6
2
0
199
2
23
0
2361
3
35
602
95
101
0
0
0
0
45
0
212
0
1
553
9
0
6
0
2
4
0
316
0
10
246
0
38
0
2
27
0
0
5
0
0
9
0
0
0
2
0
0
1
182
2
40
2
6
169
72
2
0
82
0
2086
88
0
0
1
5
17
18
1277
15
528
0
2132
30
899
471
0
0
0
1128
0
378
102
2844
2070
0
1
0
159
0
17
0
0
9
0
0
1540
588
352
4
7
233
0
34
0
30
655
111
3370
0
2186
0
297
19
156
7
0
7
0
4
0
0
0
0
381
465
0
602
17
0
1
0
162
363
660
82
1104
3943
7
127
0
315
360
136
971
237
0
9
23
452
34
0
0
24
54
67
0
0
21
114
812
2
15
0
56
328
0
1969
0
0
1
16
5
40
7704
0
237
0
0
6
305
3
222
0
25
4
0
1618
18
14
64
0
18
3
3
500
2
7
0
36
0
2
9
236
26
31
0
10
7
2
3
0
92
0
5
23
3
47
44
140
1
1
0
0
140
0
32
0
14
74
128
27
193
4366
10
433
138
2747
0
14
0
182
15
2
498
0
305
8
0
6
8
0
357
169
0
15
156
0
62
2
1
0
0
2
0
0
2207
471
1
3
297
117
564
0
0
41
1
1
0
138
0
84
2
0
19
0
6
0
0
0
0
78
0
0
0
0
24
1076
83
18
0
14
23
151
12
19
83
157
10
200
0
26
3682
96
1
536
3
0
0
105
119
0
0
0
0
4
451
25
0
0
19
0
0
1
0
0
24
296
0
0
384
216
940
3383
48
308
2
0
39
1
0
0
0
0
0
92
36
0
105
44
653
42
0
0
209
46
7
166
5
0
4
567
0
0
188
0
0
1
126
0
0
29
0
10
454
0
10
0
0
30
111
0
0
0
0
118
91
16
19
5
59
2
89
154
314
0
117
619
374
4
0
1624
171
123
5342
62
0
4
1
0
0
8
149
1
8
10
0
30
1755
10
0
0
0
0
2
16
67
467
0
0
54
4
3
5
260
90
262
323
439
3
3
1
1
175
7
0
0
124
22
9
76
5
0
0
6
1
24
131
18
3
0
0
0
0
0
0
66
2
0
0
17
0
6
0
0
80
79
0
18
0
427
0
23
2
0
20
2
0
0
0
2
905
2
0
1
35
0
727
176
2
0
34
0
0
0
2
515
0
778
296
63
40
0
129
58
9
4
11
370
207
0
17
0
1940
0
82
0
21
8
41
1
82
5
0
0
112
9
285
378
64
291
7
0
0
5
3
11
101
939
50
0
49
0
83
5
0
0
329
0
71
0
1
193
160
3
257
38
1836
74
0
179
0
185
0
1
0
82
76
106
227
4
0
459
50
0
0
22
0
0
3
208
430
8
0
14
1
8
8
0
0
0
11
396
12
13
1652
536
3
468
0
28
7
0
0
65
0
21
0
1
7
4
34
0
0
46
625
0
53
502
5
0
985
30
0
0
0
13
8
2
625
27
29
1
2
0
2
0
0
3
98
3
0
6
0
25
4
0
36
25
0
0
0
2700
0
2
0
6
8
195
287
1357
40
2006
31
2
35
44
2
24
555
1
686
1477
0
67
71
0
86
1
0
4
459
0
106
34
0
0
611
0
84
80
0
0
584
108
3
15
449
130
1
786
0
126
0
228
17
0
353
2
33
101
69
13
96
24
13
0
1098
467
93
12
805
6
111
32
1466
5
0
50
0
237
91
114
0
7
7
12
2
459
0
17
596
68
913
82
1
1
0
1
41
37
0
27
34
20
576
257
0
123
19
12
0
0
0
0
884
0
75
0
224
7
8
0
0
3
1
0
2408
162
0
7
186
4
11
0
94
11
802
64
0
0
29
75
0
35
0
2
0
2
248
337
2
0
851
38
849
209
38
12
0
52
22
0
11
0
0
20
12
8
184
12
0
0
136
255
0
0
87
0
5
0
179
38
112
0
6
330
0
99
453
0
0
242
0
1
5
266
577
5
0
0
0
41
24
119
2
8
0
459
4
0
0
0
12
0
426
21
31
0
0
46
6453
5
393
1
3
0
38
12
13
1372
11
0
58
375
212
3
6
0
21
63
0
27
0
50
0
387
0
0
106
21
5
0
0
3
4
0
20
271
27
0
72
0
1
38
40
4
0
0
240
2
0
0
138
32
17820
0
52
6
73
0
8
6
0
0
0
315
65
681
4
558
0
0
67
3
0
24
0
102
2675
0
10
0
15
0
313
16
602
70
0
4
4
0
0
0
10
0
11
0
4
0
0
10
184
272
104
0
0
321
2
0
99
144
43
150
111
0
817
112
0
43
1
0
0
403
66
144
0
52
0
0
17
177
192
3
445
10
59
5
2
119
5
0
1412
0
0
906
30
184
111
0
270
0
2
191
444
19
3
116
0
0
0
2
425
374
37
0
22
0
60
0
1
52
0
110
8
0
807
16
85
1
9
0
13
1741
180
0
11
0
115
453
12
86
669
68
0
0
0
1071
135
0
26
3
8
4
0
0
171
132
0
92
0
0
0
0
4
136
1
193
1
0
6
7
333
3
1
0
0
845
268
97
11
1
1
37
0
0
0
38
288
973
2
3
1534
26
41
133
0
136
0
2
14
914
5
0
6
306
40
59
0
0
3
0
0
1662
3
0
1040
14
33
44
1174
225
0
0
195
2096
196
3377
227
0
69
0
238
0
28
47
35
41
0
0
0
76
5
0
467
0
2833
0
0
27
0
18
0
63
67
0
80
27
91
3
157
1135
2560
3
19
106
27
380
241
0
9
0
262
1
2
0
114
386
0
298
0
6
84
589
0
278
795
22
87
308
163
0
220
15
1012
741
8
1933
0
101
425
229
105
5
0
14
0
0
89
42
24
0
294
0
6
37
36
6
0
2972
36
136
328
152
211
12
0
9
23
0
1603
1
11
0
0
0
902
0
181
117
1
2707
0
36
556
8
76
208
2
0
189
0
0
0
0
14
0
0
0
42
198
16
0
171
0
0
221
6
0
0
790
105
1502
228
11
767
75
0
0
80
3
0
0
0
0
18
112
10
0
21
0
0
1
68
22
25
497
5
130
1
113
1
2457
0
0
12
36
2
21
19
0
10
5
75
14
0
279
339
35
86
47
0
1
388
25
1493
17
0
0
86
0
0
0
0
1108
16
2699
292
466
446
723
0
3
2
0
108
0
1959
0
0
254
211
11
81
8
395
52
0
29
40
0
53
0
218
12
224
67
0
1157
105
0
16
2872
1
38
1813
756
88
206
148
515
29
147
0
2451
1642
0
6
2
0
0
0
167
1
269
286
695
0
17
576
264
0
346
336
58
0
0
0
0
2346
2
6
849
0
392
0
25
4
0
1008
91
3
0
672
14
0
0
1
0
322
0
150
1
1227
10
100
195
432
0
9
319
488
1
11
47
132
47
92
1
65
701
158
0
3
588
30
143
1
0
7
95
0
54
19
0
217
0
0
0
0
2
18
0
0
1
0
0
0
3
33
0
5
632
6
0
1
1692
0
0
4
2
0
69
0
28
1
4
97
0
0
5
67
4
0
47
42
0
0
0
430
0
0
0
330
11
0
0
0
227
0
0
10
27
0
0
0
0
28
0
4
2
0
13
0
0
29
386
3
0
31
1
3
463
8
542
11
8
5
0
48
1
0
0
12
0
297
0
0
2
0
4
0
16
0
0
371
42
0
586
30
0
613
41
0
0
128
980
0
0
10
0
0
37
15
18
0
43
43
5
13
536
1088
52
4
283
0
11
51
0
39
16
0
15
1
0
0
2
555
0
4
0
0
1678
0
422
0
0
0
0
273
79
308
50
3
0
1
0
0
0
10
0
0
24
0
0
80
0
0
0
0
0
102
2578
110
5
2
69
2
0
0
0
0
0
0
0
0
0
2
0
0
12
0
0
3
123
0
0
0
105
3
81
0
0
0
0
0
0
0
58
0
0
4
0
0
0
32
0
0
21
24
150
2
0
3
0
0
0
5
0
0
6
0
0
0
0
0
43
0
16
2
0
0
23
0
0
0
0
2
0
0
0
1
0
0
0
0
0
5
2
1
0
678
0
0
0
13
0
0
0
1
479
0
0
194
80
0
5
148
0
0
0
0
2
0
0
58
49
0
0
0
22
717
48
0
93
0
1
0
0
0
0
0
0
13
0
0
48
0
3
0
308
0
21
0
0
0
0
0
0
63
0
90
0
139
0
70
0
10
0
0
22
0
1
4
0
14
21
1
0
0
188
1
0
39
0
19
132
0
0
0
22
216
1
71
0
5
1
59
0
22
0
55
0
0
8
0
12
0
0
0
0
55
0
0
0
0
970
0
5
1275
143
3
0
140
37
0
0
0
0
0
168
0
0
145
0
107
10
0
0
2
5
0
0
0
0
0
32
0
0
192
1
0
0
0
0
65
0
30
0
0
0
0
0
3
0
12
0
0
5
50
0
28
1
0
133
19
0
0
0
0
255
2
0
0
0
1
0
0
0
0
34
0
1
60
0
0
236
7
0
0
0
53
0
0
0
54
0
0
42
0
0
0
13
0
0
3
0
0
0
0
0
0
2
0
0
0
0
0
0
0
9
0
0
0
0
241
23
0
16
21
5
0
0
0
18
0
0
0
0
0
0
0
1
0
0
0
0
0
0
0
196
0
32
0
0
0
0
174
0
0
1
310
0
7
0
0
0
10
0
2
0
5
46
6
0
2
0
0
0
5
1
0
0
7
0
1018
0
2
0
0
0
0
0
0
0
0
0
20
8
0
0
8
0
25
207
0
0
0
0
0
0
6
4
0
0
0
0
0
6
0
181
241
0
0
0
0
0
0
0
0
328
0
0
0
0
2
1
0
0
0
338
52
0
1276
0
0
120
0
0
0
0
0
0
0
1
1
3
3
0
4
0
25
0
0
0
0
0
1
0
0
0
0
90
0
0
0
58
15
0
424
0
14
0
0
0
0
2
5
0
2
0
0
0
0
33
1
0
0
0
173
0
0
21
2
2
0
2
0
0
0
0
0
0
0
285
0
0
0
0
11
0
0
0
0
175
0
0
0
0
0
0
0
0
0
0
19
5
0
0
0
445
289
0
0
0
2
5
0
0
0
0
0
0
0
0
12
0
102
1
0
17
0
20
126
0
1
8853
0
0
0
0
125
0
29
0
0
0
0
0
29
2
0
4
279
3
2
0
0
59
0
214
0
0
0
1
0
0
0
0
0
0
0
40
0
7
1
0
0
155
0
0
0
0
0
0
0
0
913
0
148
2
0
0
0
0
0
0
0
56
0
0
314
0
0
87
10
402
0
0
0
14
1
53
0
0
11
0
308
0
0
0
0
3
0
0
1
23
24
11
1
0
1
0
0
2
0
0
13
117
554
0
0
32
36
946
0
144
2
0
0
30
0
0
3
0
25
0
0
0
0
87
8
0
1
10
0
0
0
0
0
0
0
12
1
0
0
0
16
0
52
0
0
7
0
5
0
0
0
0
0
1304
1
0
0
192
2
0
9
0
0
23
0
0
0
1
5
0
0
1
0
62
1583
143
0
0
0
2
0
0
0
0
425
0
57
0
0
0
0
0
329
0
123
0
0
13
0
0
1
3
0
0
0
373
0
0
0
0
0
0
106
0
0
0
85
0
12
0
0
40
0
622
0
0
0
256
0
0
0
0
0
5
0
0
2
1
2
0
1
132
0
0
0
2
222
2
0
2
101
1
1
0
48
143
0
51
0
0
0
0
0
3
1
0
455
0
51
0
0
0
0
0
259
140
0
0
69
0
309
0
0
20
0
1
0
0
18
3
0
0
0
58
4
1
2
0
1
35
0
0
0
133
10
0
0
591
0
455
93
2
0
0
0
0
0
0
0
0
147
2
0
2
19
0
0
1
2
0
0
0
0
0
0
995
0
6
6
0
0
0
1135
146
22
3
0
0
0
0
17
15
0
1
0
6
0
4
0
2
0
0
2
0
0
0
24
0
0
0
0
814
20
0
0
4
7
0
6
0
0
1
20
0
1
0
0
0
0
277
0
215
0
0
12
0
0
980
29
2
0
156
441
0
594
22
0
0
54
2
2
0
7
0
33
68
0
3
1
0
0
0
0
0
0
1
0
0
0
365
109
0
1140
11
0
0
0
0
27
3
0
1
0
0
0
0
3
0
10
51
27
559
0
0
0
0
0
0
0
0
87
0
0
0
88
0
0
0
0
0
0
0
1
0
0
0
0
1
45
2
0
0
0
0
0
0
273
0
281
0
0
0
0
0
0
0
456
0
0
356
0
0
0
22
0
0
1191
0
0
33
0
0
0
3
0
184
76
10
11
0
1
0
2
10
49
0
0
0
0
0
0
0
0
983
255
19
0
86
0
0
0
0
0
8
3
11
3968
0
0
0
0
0
0
211
0
0
0
0
0
6
20
3
0
1
0
0
0
1
153
0
0
0
0
114
0
0
0
2
14
4
0
0
1
0
0
0
0
103
1
0
0
0
0
0
27
0
0
1
1
3
1
0
1
3
0
28
0
4
0
0
0
1
0
0
96
0
0
4
104
0
0
0
141
0
0
37
0
2
77
3
0
0
24
127
9
0
0
7
0
12
5
3
0
91
2
0
0
22
3
94
2
0
6
1
87
0
333
28
0
0
6
0
26
0
0
0
0
80
1
2
0
20
0
0
13
0
28
367
268
2
2
0
11
5
0
11
0
0
0
13
0
0
0
1
22
0
246
171
89
1
0
0
58
0
0
5
0
16
11
0
588
933
0
0
0
0
0
30
606
0
10
6
0
2
0
0
72
0
0
0
176
0
0
0
3
0
18
0
15
13
0
0
291
0
1
0
0
28
1
2
0
0
2
4
0
0
0
0
0
0
0
0
55
4
0
0
0
6
4
6
0
1
48
0
0
56
0
1
0
0
184
0
0
0
0
41
334
0
1650
0
0
0
0
0
0
0
8
0
4
0
0
0
0
0
0
129
0
26
0
2
0
0
0
0
80
0
17
0
0
0
0
710
0
0
131
0
0
45
18
0
545
52
2
0
0
0
0
0
0
0
236
0
0
0
77
22
0
0
0
0
66
158
5
0
11
35
13
0
1250
4
67
0
0
207
0
138
145
103
81
0
2
18
0
59
0
0
14
0
0
0
0
0
0
0
129
0
2
0
0
6
3
0
0
0
3
38
1521
0
5
2
2
0
31
9
0
97
96
2
0
1
0
0
113
0
0
0
0
0
0
0
0
6
0
11
0
8
288
23
3
0
0
1
0
0
10
44
0
0
0
21
33
0
0
0
0
1
0
0
0
1
0
167
524
0
0
0
0
0
0
0
97
615
0
2
142
0
0
0
68
0
0
0
51
0
48
0
33
13
0
0
117
0
0
1
0
1
0
0
0
0
0
0
0
2
1070
113
0
0
0
5
1
0
0
140
160
309
0
0
312
0
69
0
0
0
0
0
0
0
451
0
50
19
130
0
0
11
2
1231
0
3
0
0
0
1160
1
54
0
0
2195
42
0
0
0
0
0
0
0
67
15
0
32
0
0
0
312
2
0
24
0
0
4
1
0
0
134
0
20
175
0
2
0
0
0
0
62
1
1327
17
0
0
0
0
0
135
318
0
0
2
4
412
0
0
13
0
0
0
558
0
981
301
0
1
40
2
1
0
0
0
0
0
0
2
134
0
0
0
97
0
0
0
0
0
2
2
0
0
136
0
1698
8
2
0
5
0
0
0
0
0
0
12
233
1
0
0
0
129
0
0
0
0
13
0
0
67
0
2
16
0
0
0
942
0
0
2
0
87
0
383
0
1
0
37
0
0
0
105
0
8
0
0
35
0
106
0
0
0
675
0
0
0
0
0
0
0
174
23
0
410
1
7
71
0
0
762
0
3
8
1
0
0
0
0
0
0
0
0
0
0
18
0
0
3
0
0
1
32
0
0
0
1
98
0
0
0
651
0
1
0
0
0
10
0
0
0
0
0
13
0
0
0
0
0
0
17
359
0
12
0
0
402
0
0
0
0
169
4
0
0
1
0
0
258
0
10
0
0
0
9
254
18
7
0
990
3
0
4
1
0
0
3
0
38
1
0
1
1
2
0
0
26
0
258
0
0
62
6
1
0
0
0
368
33
3860
0
1
1
0
84
125
0
0
23
1062
0
4
0
13
0
0
0
0
0
3
24
0
1977
0
75
0
7296
0
3
34
0
0
0
0
0
0
0
0
40
0
48
0
4
0
53
48
0
1
0
80
0
0
0
125
0
0
47
0
0
321
2
0
0
15
0
3
0
23
270
847
0
0
0
0
24
0
0
0
0
0
14
0
6
1
5
0
0
0
0
0
3
3
0
0
0
0
0
37
72
0
0
0
2
0
0
0
0
2
0
24
0
0
0
0
63
0
1
0
0
0
52
6
0
0
0
0
0
0
3
0
3
0
0
0
0
0
1
6
21
0
0
0
0
11
0
0
0
1
0
0
0
0
0
0
0
0
0
0
12
3569
0
0
0
0
0
0
0
0
0
0
0
0
0
1
0
0
0
5
0
65
0
150
0
67
0
0
61
0
0
7
0
0
0
0
0
0
160
0
5
0
0
0
1
2
4
0
0
154
0
81
0
0
0
3
0
0
0
247
0
0
0
0
0
0
0
0
1
0
2
1
0
0
0
0
0
6
0
0
0
0
0
0
8
0
0
254
0
0
0
0
0
0
30
0
0
0
0
0
77
3
1757
0
0
0
0
0
0
0
0
1
0
0
171
0
0
1
0
35
0
483
1
0
0
0
3
0
777
3
0
19
0
0
0
17559
0
2
0
0
7
0
93
17
0
106
0
0
4
0
1
68
192
0
0
0
68
0
0
1
0
0
223
0
0
0
1
2
0
77
0
45
0
0
3
981
0
0
0
0
110
0
1195
2
40
0
252
23
0
0
0
0
0
0
0
0
0
0
0
0
0
1
0
0
0
0
0
0
0
1
0
0
378
0
504
0
0
0
14
0
0
0
0
0
70
0
0
0
0
0
0
0
0
2
0
21
2
0
0
1
0
0
0
0
0
3
4
63
1
0
0
0
0
2
372
0
0
0
0
3
2
0
0
0
3
0
0
0
0
0
3
12
0
3
3
0
0
0
0
3
0
0
1
0
0
0
2
0
0
0
0
0
1
4
0
3
0
0
2
2
0
0
1
0
0
0
0
0
0
0
0
0
0
0
1
0
9
0
1
56
0
0
1
5
0
0
2
1
424
256
0
8
0
0
0
33
0
0
41
0
12
0
0
0
0
2
0
4
0
0
1
0
0
594
0
1
0
0
0
0
0
0
351
0
0
12
96
16
0
0
0
0
0
25
0
0
0
1
0
31
0
0
0
0
1
0
273
0
0
0
0
0
0
10
0
3
0
0
0
2
0
0
0
0
0
1
0
8
10
30
0
3
0
0
1
420
0
0
0
0
0
0
0
107
0
0
0
0
0
505
1
4
249
131
0
0
0
0
0
0
21
0
0
0
0
0
0
0
3
0
651
0
0
0
0
0
0
61
0
0
0
2
1
0
3
0
0
31
0
253
0
4
0
115
2
0
0
0
0
1
11
320
0
0
5
1
0
0
0
0
2
0
0
0
0
5
11
1
0
0
0
0
0
7
2
0
0
0
0
2
786
32
68
0
146
0
0
100
4
0
17
3
12
453
32
0
0
7
1
9
1
0
0
0
0
0
0
33
38
79
0
187
0
162
120
101
1
0
0
0
2
22
0
4
637
63
1
195
12
40
0
0
97
199
120
967
2
0
0
98
28
0
1
10
0
0
71
0
25
193
0
201
0
5
0
83
2
17
0
0
143
0
0
0
499
0
80
0
2
22
0
0
89
0
192
17
899
0
64
0
0
0
0
0
26
78
262
50
64
0
29
0
39
0
4
378
10
0
0
80
0
47
30
428
42
0
0
0
234
8
1
3
1
0
0
0
0
127
1
128
2
1149
0
0
0
0
0
20
120
0
0
2
4
0
0
0
1
175
282
16
0
0
1107
1
1
0
0
0
69
0
0
985
0
43
0
6
0
4
37
39
0
0
161
4
53
0
88
0
20
0
83
0
0
3
0
0
832
52
6
9
0
20
0
0
4
0
0
5
0
0
505
0
0
4
1
0
0
11
0
5
0
0
540
99
1
2
496
2
439
0
26
28
10
0
90
0
0
20
362
5
104
0
2
8
1361
0
0
0
16
0
78
0
4
0
0
0
0
0
0
322
0
0
0
0
1
0
0
0
0
80
0
0
0
0
0
0
0
0
2604
4
1917
0
0
0
0
62
11
0
79
3
0
0
17
0
0
10
0
1472
10
704
0
0
142
28
221
6
14
0
2410
0
481
352
383
2
21
2
84
1882
390
0
0
3
0
627
0
1453
0
0
0
0
13
88
10
2
0
0
0
163
4
93
3
19
124
138
2
608
3
4
0
278
57
0
0
456
87
1
723
0
14
28
1
61
0
132
0
0
0
1
0
550
1
6
8
1423
0
0
1
79
0
36
212
6
11
0
79
112
1
0
3
0
0
0
0
44
0
0
8
0
20
0
0
0
355
26
233
0
8
0
0
0
581
0
0
256
0
26
0
0
79
126
26
150
0
2
0
0
397
1
44
0
4
0
0
1
0
0
3
0
41
193
24
0
14
45
171
0
0
102
16
48
0
3
0
86
16
0
97
0
0
2
47
1683
0
26
0
71
1029
141
55
13
72
0
2157
9
0
7
17
7
479
0
7
240
275
238
0
193
224
0
0
51
15
42
5
496
7
0
4
2
0
0
1
60
0
0
272
0
71
20
0
98
0
0
0
0
0
80
0
16
146
0
8
0
0
0
0
0
378
9
1755
325
100
13
0
68
11
0
23
1
0
0
362
328
0
349
1
6
2
779
0
0
100
0
0
0
64
0
11
1
5
0
163
0
56
6
25
0
0
234
3
0
122
0
302
1280
42
0
0
73
577
350
15
0
0
0
0
0
638
7
0
192
0
0
0
62
3
788
7
0
0
0
64
51
100
294
9
3
0
0
0
73
2
0
0
0
0
0
44
0
586
0
155
425
1
0
0
0
92
369
0
0
0
0
10
0
10
57
3
0
0
1
9
0
39
1
43
1
2
0
233
22
0
0
0
12
683
0
0
150
0
0
0
4
11
0
78
28
0
0
0
0
0
78
0
0
0
2
123
31
0
3
0
93
0
91
7
0
149
0
1
0
0
216
0
4
242
0
3
28
0
0
1
144
0
183
8
1
0
0
98
21
0
4
0
411
288
27
0
0
0
2
0
378
13
0
3
1
1
0
0
0
0
0
308
0
5
0
0
0
0
0
443
0
29
0
0
0
16
0
0
0
0
1065
0
0
0
11
0
165
0
0
0
0
507
0
1
2
0
0
0
0
0
76
0
0
4
549
0
4
11
0
60
0
817
1
0
0
0
1559
61
8
199
14
0
0
1
7
172
0
57
5
1
0
0
0
2
26
8
74
801
104
98
0
0
4
0
3
0
0
340
432
0
7
0
0
0
0
2
20
227
0
0
36
2
78
86
99
0
0
153
114
18
66
0
179
1
45
0
0
0
0
0
24
327
416
15
44
3
0
0
1
3
205
141
2
0
0
334
4
0
88
0
0
117
32
0
784
42
2
71
1
0
14
0
0
0
0
0
473
3
12
0
26
0
0
0
96
0
0
128
0
2
0
0
0
2
133
0
20
71
28
6
0
6
0
0
2
509
182
12
80
72
191
0
46
12
0
0
1
0
0
0
8
20
0
4
0
0
14
0
1
79
21
12
0
4
3
0
2
0
0
0
1
0
0
0
34
0
32
22
8
0
0
8
0
0
4
0
189
0
0
0
7
0
2
0
0
0
19
299
0
1
8
6
516
0
1
15
144
88
32
0
0
0
0
0
0
0
0
1
8
0
41
12
0
0
0
7
0
175
1
2
0
478
10
2
0
1
17
10
0
0
103
1010
0
22
2
77
84
2681
74
796
0
10
76
70
0
1165
0
0
31
53
1
7
95
0
0
127
0
6
0
20
0
0
8
0
0
0
0
17
0
0
0
0
1
81
179
148
27
0
0
14
12
0
48
259
0
0
0
0
9
0
1
34
2
29
2
0
87
44
1147
8
1
5
0
0
0
79
20
1385
0
16
30
4
0
0
0
0
0
86
279
0
0
0
0
0
0
39
181
2
27
0
124
285
0
0
0
532
3367
0
197
1
0
26
217
17
0
21
17
0
0
82
52
0
0
11
0
2
2
0
62
46
278
264
5
0
49
1
9
0
43
0
0
158
0
0
0
1
67
30
5
19
0
0
14
479
0
0
0
7
0
0
514
0
0
220
352
1952
264
1
0
206
1
143
0
12
0
433
2
1
0
0
0
20
0
13
0
0
0
50
28
157
6
26
0
4
17
0
483
0
232
1
0
0
79
12
61
0
930
2
0
54
20
657
94
16
439
37
31
0
166
9
855
26
0
0
0
0
3
1040
0
41
0
35
72
0
0
133
55
0
46
10
1147
156
5
6
0
76
1
0
35
0
148
153
448
13
38
0
427
2
168
0
0
278
219
0
1
0
124
0
3
0
29
4
171
0
669
0
0
2
0
3
80
0
199
50
58
17
185
204
187
5
10
0
102
0
0
0
16
0
0
112
9
0
0
257
0
0
7
0
0
0
10
3850
22
0
424
435
3
488
0
0
0
1
0
658
4
6
438
3
2
2
0
0
0
70
32
131
0
294
0
0
0
2
2
0
361
0
1
1597
1
0
0
23
0
0
0
132
43
3
0
0
0
176
0
0
645
2
6
0
2
0
0
25
0
90
0
19
11
0
41
0
20
0
740
149
414
0
0
610
24
1
331
7
0
0
0
0
107
4
11
1
0
0
0
17
8
183
0
112
4
8
8
45
0
39
0
0
8
0
22
12
48
211
1473
416
39
205
0
4
0
39
0
603
1
0
2
0
785
5
60
980
68
711
448
2
0
0
0
276
0
48
0
0
353
39
0
0
224
23
0
1
0
124
31
86
2
0
0
4
7
0
0
0
289
28
1
10
58
0
60
1
63
6
5
0
100
2
0
169
96
0
16
0
51
16
0
0
1
0
238
0
0
2
0
0
0
1
0
0
0
0
0
4
14
347
396
53
9
0
0
0
58
50
0
0
0
0
0
25
33
0
0
0
11
1
0
1
0
12
14
0
0
0
0
5
0
0
51
0
0
23
54
3
3
0
2
44
24
30
0
50
0
454
5
0
0
1
2
202
0
270
0
408
1
99
17
12
22
342
529
0
0
90
0
0
0
65
0
21
11
0
18
15
41
8
6
12
419
1
21
0
60
1141
0
0
0
24
7
6
100
19
79
18
8
35
0
14
5
0
375
3
0
3
35
4
0
6
0
0
51
36
134
2
14
0
0
0
18
2
15
318
0
0
1242
0
292
0
0
39
580
0
0
36
0
0
0
51
0
0
221
5
0
0
0
0
43
0
0
0
0
0
6545
0
77
0
0
0
2
26
11
66
159
371
1159
273
0
44
1
518
74
0
359
0
85
0
78
2
506
0
168
2
0
0
0
0
13
2
1
4
198
0
0
0
0
197
11
52
394
0
0
0
479
0
0
0
0
4
0
69
3597
0
536
0
0
9
173
65
0
0
5
0
0
0
0
421
5
1
0
73
0
4
0
0
0
0
5
41
182
89
1
4
492
0
0
7
4
0
219
0
0
0
156
0
184
343
33
0
5
0
0
0
2
0
0
732
189
386
0
327
0
0
5
1213
0
26
4
0
38
0
44
0
0
0
0
717
0
0
10
0
0
0
0
0
7
3
0
1168
0
3
24
1
954
0
0
0
1
438
0
144
13
0
0
12
0
0
0
695
0
0
0
3
0
0
3
0
0
31
7
0
0
4
0
357
13
0
253
0
41
42
0
55
0
0
2
0
0
49
0
0
0
0
0
0
2
5
80
0
267
0
0
778
0
0
0
48
0
0
1
834
27
69
0
29
123
0
0
0
0
10
1
7
66
2
8
0
0
0
1
0
0
0
9
0
1030
0
44
169
0
0
0
0
16
0
0
1009
0
0
116
0
0
0
0
90
9
2
0
0
0
15
37
24
0
8
3
11
1
0
1021
0
89
2
0
119
0
0
0
54
2
7
25
54
316
0
15
0
92
11
0
33
2
0
0
0
0
1
0
0
757
6
0
8
0
0
17
0
0
8
300
0
0
1
0
660
11
0
0
0
72
815
0
42
0
0
91
172
112
359
0
0
0
1
16
0
3
481
13
185
84
0
61
646
1
0
2
6
8
2
0
75
315
0
0
0
0
1
0
125
7
0
0
0
0
705
44
0
111
838
23
23
0
37
12
6
29
7
0
39
88
0
162
48
154
536
0
0
60
0
14
0
1
0
0
601
0
512
0
128
1130
29
23
0
1
0
5
10
8
101
0
0
0
158
2952
0
587
209
0
0
34
0
171
0
0
1
0
1
0
1080
1
0
0
1
0
0
93
0
27
125
0
1670
0
0
2
0
217
35
0
112
0
0
0
0
0
0
1
1
0
0
25
1
157
6
35
52
639
36
1
40
0
0
0
0
1
0
114
4
0
3
97
0
0
122
0
0
0
0
19
43
0
217
91
0
92
101
0
0
116
330
0
0
1
7
2
0
45
1239
58
2
0
3
0
12
0
55
70
943
0
721
5
465
45
1
0
0
4
0
1
58
296
0
0
0
0
0
116
254
25
6
3
0
0
48
226
0
1157
0
4
299
186
0
0
0
0
2
0
14
20
0
0
26
2
0
154
0
0
140
61
0
141
0
491
3
79
0
0
0
0
0
0
419
2043
0
1082
0
136
27
319
1263
0
0
0
0
32
173
0
205
373
14
15
24
13
296
355
0
0
0
47
0
0
0
5
0
0
0
52
0
0
29
6
15
11
5
0
462
0
0
0
1317
1
5
0
68
4
0
9
1505
0
0
0
77
253
1
0
2
3
0
46
131
735
0
0
155
0
390
0
4466
1
4
244
0
0
0
1
0
0
0
2
0
161
1
341
657
0
120
4
92
0
150
1
368
1084
2027
0
911
132
0
0
0
12
1
360
2
0
3
0
0
3
307
0
9
0
0
1
36
0
0
106
90
19
11
3
4
97
15
8
0
1
6
495
2
326
24
6
0
0
0
526
0
0
83
0
0
0
1
2040
0
179
5
0
167
0
0
0
0
321
3
27
0
405
0
0
46
0
7
9
1
21
184
1
0
436
639
0
2
9
21
123
11
1
0
0
54
0
21
0
0
0
68
0
0
205
105
0
29
517
80
381
605
805
0
1
0
0
0
4
0
634
427
0
0
0
0
40
448
4
1
19
3
88
0
3
0
0
273
208
289
0
513
56
1
0
139
3
0
0
0
0
7
46
22
2
16
131
0
0
0
0
0
0
722
0
12
279
169
2
0
47
0
0
0
109
180
37
0
1
0
0
89
0
0
1245
0
0
2
308
0
0
0
5
0
568
1126
0
5
12
789
0
0
0
0
0
8
328
968
1
1350
0
53
0
0
71
0
0
0
0
0
16
7
0
1
0
0
12
270
1
0
0
0
62
0
0
0
0
0
24
1634
62
0
2
461
0
133
50
4
2
2
27
0
0
0
0
319
54
0
8
176
431
0
0
0
0
0
0
0
0
0
0
28
0
40
0
2289
0
0
0
560
3
0
97
0
23
0
2
0
0
0
190
61
7
498
0
0
103
0
7
0
0
0
0
34
0
0
3
2
0
2
1071
68
21
124
0
0
0
6
1
85
31
0
21
252
4
0
0
288
0
0
6
4
0
1088
8
0
223
9
1
0
0
0
2
0
0
0
15
1
0
0
8
0
0
0
0
0
0
0
8
361
0
0
1
0
0
20
0
0
0
34
13
1
0
779
0
2
2175
0
12
0
5
31
0
0
0
66
11
0
16
1169
0
246
0
0
184
0
0
181
0
415
0
0
7
33
323
0
0
0
0
0
73
128
8
0
1
0
50
846
441
0
45
10
2
10
12
0
0
2
4
0
7
44
26
0
0
0
355
1
0
0
7
63
0
225
0
1
12
27
735
4
42
37
1
0
143
3062
1
6
1913
0
3
2
82
90
0
0
26
0
0
8
8
0
33
0
13
3
0
0
5
9
0
0
0
1055
0
1
0
74
0
0
30
2
0
0
2
0
67
0
29
0
3
64
17
4
0
0
314
0
64
24
0
0
395
0
0
0
86
417
4
2
0
14
0
810
0
0
0
281
649
0
0
50
0
40
0
0
0
0
402
0
1
0
3
28
25
5
104
37
0
67
0
0
0
230
173
89
0
36
16
0
8
0
0
105
0
5
0
14
128
0
0
0
28
8
930
0
1
490
0
0
2
0
2
1
0
0
2
8
49
0
17
8
0
449
1
0
0
109
0
0
0
0
236
0
81
358
117
207
0
0
37
931
0
0
1
36
0
0
2
0
504
0
90
25
1
222
865
0
0
0
0
13
0
552
7
0
122
0
0
802
0
11
0
47
719
0
0
7
188
5
0
42
119
0
0
0
0
162
205
79
11
0
2
0
13
0
15
0
0
12
0
1
0
31
47
1112
508
0
7
91
0
0
0
0
0
0
0
0
0
1200
2
227
0
2366
0
658
1
0
0
158
0
0
0
10
7
272
62
54
44
11
54
0
147
0
54
16
5
0
3
0
137
0
0
122
3
197
0
0
0
0
22
82
162
0
1
0
0
2
5184
0
174
180
112
32
162
13
7
0
159
5
0
262
1
0
0
0
83
0
0
4
6
35
0
0
0
5
7
0
29
0
324
0
0
0
8
0
0
0
0
418
0
0
0
21
1
25
24
0
6
0
113
0
0
0
81
0
0
5
464
26
36
40
0
16
340
4
1
116
0
0
0
133
0
0
4
12
0
1
0
0
0
258
14
116
36
0
0
0
0
451
0
34
4
257
269
1
135
7
137
180
114
24
38
0
0
198
284
0
673
0
5
0
164
0
3
0
0
444
0
0
0
72
0
943
0
26
0
7
0
12
0
1
5
216
0
16
91
2
0
8
2
75
0
8
234
0
0
2
185
63
33
60
0
0
0
11
85
202
0
0
36
0
2
0
0
0
0
344
5
8
23
42
100
0
0
0
0
165
0
2
0
57
119
15
0
0
0
13
0
11
0
32
0
14
0
0
276
0
32
778
0
356
409
0
100
0
66
91
0
78
0
14
1
214
28
27
0
6
427
19
105
0
0
0
72
1250
1274
181
0
0
0
0
0
46
450
6
77
12
248
1
43
0
0
0
0
14
1
155
0
75
43
337
14
0
12
112
40
2
171
0
1
0
41
0
0
0
0
9
0
385
27
2
207
53
1392
13
82
0
2
7
0
0
0
3
16
0
2
1
0
0
2
65
17
5
0
2
14
65
0
55
6
371
43
1
2257
41
107
3
0
0
0
13
2
1063
0
192
39
9
1
6
6
0
0
83
0
7
0
0
9
222
103
1214
47
6
1
0
4
1
26
2
3
52
0
0
15
269
0
0
0
541
0
658
1
0
0
43
283
11
0
205
116
0
4
0
5
2
467
1
30
1449
773
0
265
0
0
143
39
797
65
1
0
0
7
0
89
293
166
2
7
0
10
0
56
547
0
2
43
9
0
1
0
0
62
0
930
227
441
0
0
296
0
214
0
1
4958
0
0
0
0
80
17
16
0
0
17
1
110
51
0
750
52
330
15
0
228
0
5
227
206
3
0
1
83
61
236
3
0
4
2
10
0
0
0
2
0
43
0
0
1
50
0
690
3
0
300
0
845
9
0
64
0
7
274
1
0
18
77
1294
0
0
0
373
552
4
0
151
5
2
206
23
88
0
0
0
1
23
122
55
4
21
1
1
0
6
1
2943
15
0
0
2
29
3
0
0
0
0
0
13
0
11
92
0
30
135
1
0
0
223
0
169
183
0
4
0
0
0
221
3
0
26
0
68
0
62
0
4
0
4856
38
23
0
0
0
7
121
51
0
8
0
21
0
4
642
57
422
1
0
0
978
10
0
267
339
0
268
0
0
0
0
0
4
68
8
297
153
1
0
0
2
623
0
2
0
22
10
0
1271
39
0
2318
32
1026
59
6
1
0
0
0
66
20
23
0
1
83
24
31
2
2
735
0
1
31
11
2
0
2
0
0
15
0
0
0
0
0
1062
0
14
0
0
0
0
26
0
0
0
257
2
532
5
3
0
0
1141
15
0
0
31
0
7
4
413
141
0
0
0
0
0
0
0
0
0
0
0
0
0
0
0
0
0
0
16
0
0
0
0
250
0
0
0
0
0
30
11
4
4
0
147
28
1
252
1
0
0
0
0
0
0
0
0
0
445
0
0
0
0
0
0
57
99
0
0
0
0
0
24
5
0
0
76
12
59
0
6
16
641
0
0
11
323
0
0
12
17
0
0
323
26
11
6
0
0
666
59
0
1
252
0
37
3
128
49
0
0
152
12
939
69
0
40
0
1
0
68
0
753
0
0
0
0
0
0
0
0
0
327
13
212
0
0
2
0
0
0
27
880
0
5
70
986
0
0
60
0
0
0
415
5
0
2
142
6
0
0
0
0
68
0
0
6
0
296
0
0
0
7
1
7
0
0
0
0
0
1
0
0
0
56
0
709
1
2
349
20
0
51
0
109
178
27
123
0
0
39
1
489
0
0
0
0
151
19
4
17
0
3
0
89
0
0
1
0
533
283
342
0
52
2
56
1
0
0
0
0
0
2
1713
7
15
27
0
0
1
0
1
0
192
0
0
159
1
372
111
2
25
0
0
0
108
0
635
0
2
286
0
0
0
2
0
0
0
0
490
0
3
0
0
0
1152
3
8
0
0
1047
0
0
2
63
4
0
34
0
11
0
105
63
1
0
2
226
0
0
7
0
317
37
137
2
20
3
3940
0
0
87
0
3
2
0
3
0
0
1
406
20
1
0
0
0
124
0
0
7
1790
0
224
43
89
0
0
118
1
0
47
2
587
202
0
24
0
0
0
14
3
0
2
21
238
0
0
0
0
0
0
0
118
22
112
0
2
0
11
59
153
0
1
0
0
3
0
6
0
16
0
0
266
51
0
0
0
0
0
0
66
157
0
530
0
0
0
14
0
0
12
0
0
0
0
83
0
256
73
0
135
29
0
229
0
0
29
0
66
0
704
0
33
57
0
0
0
15
0
0
6
0
22
0
0
0
0
34
13
14
1086
0
466
0
108
0
652
0
0
5
14
16
327
5
337
52
13
0
14
3
0
11
0
0
172
85
55
18
0
1
1
0
16
0
27
0
0
47
1
0
917
0
0
5
0
0
0
0
0
0
20
6
32
4788
143
3
2
0
4
0
156
0
0
1
0
0
0
43
0
0
0
0
11
67
230
46
18
0
32
0
423
0
1
0
1
0
0
0
1
0
0
47
132
178
0
708
0
48
68
1319
11
10
0
0
0
8
608
104
0
0
0
0
0
86
0
0
0
0
1
31
176
76
2284
0
0
55
357
572
0
0
1
0
59
0
136
2
392
0
2
116
0
0
0
13
0
226
0
227
27
103
0
114
1146
79
0
42
11
17
0
0
4
0
8
0
0
0
31
0
16
0
4
1
419
393
100
0
0
0
1
2
19
137
0
26
28
0
0
7
845
5
60
33
1
0
0
0
1037
0
18
0
13
276
0
1
2396
0
95
14
422
1
0
11
0
0
1163
0
500
0
0
0
219
0
2
0
150
0
343
877
0
6
1
20
1483
0
0
0
107
0
0
11
0
0
0
104
0
0
11
106
2
10
5
0
25
124
3
0
3
0
0
0
0
545
4
2579
0
0
7
4
0
0
0
30
0
0
0
1153
0
1274
0
0
90
0
0
0
6
8
187
0
0
47
0
346
0
3
0
30
7
167
0
325
0
4
0
0
0
0
1
55
0
0
231
0
60
2
927
0
0
0
167
4
0
112
1
0
9
0
126
15
0
0
0
0
0
79
32
14
0
0
0
0
0
0
0
0
3
248
0
110
483
43
0
116
0
438
0
44
0
15
0
0
0
0
6
0
0
14
35
0
77
394
0
0
0
112
17
5
65
0
1092
7
53
0
0
0
0
0
18
66
56
10
0
0
0
88
0
0
49
0
125
51
0
0
0
57
9
0
1749
55
1
41
314
8
0
50
68
0
3444
663
20
57
138
519
99
0
0
154
0
61
834
0
57
0
0
8
6
0
0
0
2
0
0
62
0
0
0
0
17
0
0
0
0
2
0
95
0
44
0
37
0
0
0
0
0
0
0
0
0
260
0
1385
15
11
12
0
316
0
0
0
0
0
0
0
42
0
0
126
0
11
7
0
1
124
0
491
245
0
0
132
1
0
11
78
1
0
3
0
0
1
267
0
0
0
1
7
83
102
0
0
0
79
3
0
162
15
0
0
170
33
0
0
0
0
24
50
1
32
0
0
0
3
0
0
0
0
193
4
10
203
0
0
0
45
0
0
593
1
0
0
1
0
0
0
100
1712
0
15
0
0
27
414
0
0
3
0
122
213
0
393
214
0
0
4
0
0
204
0
0
6
3
0
0
190
5
34
2
653
0
0
0
0
343
0
0
10
0
0
0
0
282
26
0
0
48
0
47
0
1
395
2
1
33
4
93
137
0
0
20
0
0
16
66
28
3
5
0
15
30
432
0
0
0
0
0
0
0
0
1
93
0
3
5
87
0
0
14
0
322
173
41
0
0
0
0
5
0
680
3
221
0
17
0
0
170
0
0
0
0
260
0
24
0
192
1
3165
0
0
51
205
375
25
57
0
3
387
0
367
0
116
8
56
1
0
30
251
0
0
378
0
292
0
0
0
0
0
0
37
7
333
0
8
0
14
0
17
0
0
384
0
0
106
0
295
87
0
335
1908
1
0
1
0
0
585
90
0
0
0
0
2
0
0
0
333
34
0
0
0
2
1113
0
16
3
0
55
3
0
0
0
65
0
103
58
22
0
27
292
0
75
0
109
1493
1090
8
229
0
0
6
45
19
0
156
4
66
3
0
18
113
22
0
194
0
0
218
0
1
0
0
0
2
4
0
0
0
2
9
0
5
1
13
0
32
0
20
0
184
7
18
39
0
8
207
31
0
0
17
107
1
0
3
0
0
98
4
0
28
0
0
2
0
0
17
50
1078
13
2
0
0
2
2
0
0
641
0
0
8
0
390
0
0
0
5
0
0
1
0
154
0
7
0
0
0
17
23
2
0
8
1375
204
0
2
0
0
0
4
44
146
58
1
356
0
173
90
0
0
35
1
11
23
0
0
0
5
0
59
0
16
0
68
87
0
0
78
98
0
1
0
0
0
3
38
0
0
0
0
72
0
0
12
189
0
249
0
16
79
1
192
0
0
1
78
8
11
0
0
0
0
13
2
175
0
336
181
0
141
85
34
139
0
41
109
9
0
0
20
28
0
151
5
0
295
0
7
0
1735
0
2
2
91
0
0
0
0
373
57
0
0
163
0
0
0
89
472
0
0
0
0
304
0
0
26
0
0
1
0
0
0
523
0
3
261
1
0
1252
0
32
388
0
238
1
123
45
0
0
1
11
402
532
1
163
79
0
3
215
125
0
0
0
0
0
0
578
26
0
1
0
22
566
46
8
1340
9
0
2
3
0
189
2
129
215
1
8
194
0
676
59
4
0
190
214
0
0
0
1
0
0
0
194
95
155
222
4
901
174
360
5
65
0
2
0
0
0
124
6
17
0
424
33
0
0
0
104
42
0
0
9
133
1912
146
70
0
0
1
316
0
0
0
0
0
0
3
0
476
118
0
0
0
41
73
19
4
0
0
0
0
6
198
0
35
122
22
0
30
0
8
145
3
1256
0
3
22
24
837
4
2
50
0
2
0
0
0
0
0
0
0
34
268
0
126
0
0
0
12
0
0
92
221
42
0
0
2
0
5
0
49
11
19
17
77
172
19
0
0
0
0
0
397
33
53
0
0
136
0
308
0
245
0
958
15
0
1
0
9
18
27
68
0
1041
1
18
0
8
0
1
13
428
0
2
0
0
71
252
2
0
41
10
148
3
615
881
39
15
144
0
18
56
27
312
0
186
864
115
9
28
0
0
0
231
0
0
8
7
412
624
2934
2226
0
324
1
265
0
0
0
0
2
2
0
53
1
0
3
2829
549
131
0
420
140
1
17
91
3
1274
0
0
1
0
0
8
32
19
0
0
142
0
187
11
130
0
0
363
1739
0
36
25
0
683
0
70
0
0
180
17
14
26
0
0
0
0
0
0
0
43
269
44
0
0
7
44
1025
0
8
7
71
17
249
0
1145
0
0
62
9
0
0
0
5
0
215
0
0
0
4
310
0
0
0
121
0
110
251
123
286
0
0
205
0
0
0
18
0
164
0
32
0
443
1411
10
670
3
28
3
248
14
210
0
96
0
0
2
4
97
0
0
2
0
3
3
0
87
18
21
32
208
220
22
7751
444
88
0
314
0
0
0
0
0
0
27
0
0
0
0
126
96
4
3
1
9
9
0
270
13
396
0
26
48
7
4
81
0
0
2
0
7
39
0
18
0
3
316
4
0
0
42
0
469
1251
0
0
0
506
0
2
133
38
220
103
0
374
0
188
6
0
2
0
131
0
78
0
5
97
0
0
0
0
0
0
0
9
322
11
34
53
1
25
7
0
297
0
0
0
0
37
0
3
63
13
0
0
154
29
380
0
0
722
0
0
464
0
1
0
1
0
2
0
1
62
2
0
0
7
2
225
0
0
0
0
0
0
0
0
4
444
0
0
2
1
3
0
46
2
4
0
0
0
16
3
226
10
0
189
0
0
42
0
0
14
200
0
0
1287
2
0
1
0
0
26
306
2
60
1
511
154
1
0
50
0
0
0
4
0
3
8
1
0
0
110
0
1
145
25
11
0
0
314
107
0
0
3
0
699
0
0
0
74
37
1535
1
0
81
0
0
0
4
2
36
0
0
0
0
1
316
3
0
909
0
55
0
324
0
32
46
2
98
664
0
830
17
0
0
0
669
0
0
130
0
29
0
0
5
0
815
9
0
23
0
1
6
3
67
0
0
191
0
0
0
0
0
1
0
19
64
50
0
0
10
5728
715
0
36
0
0
0
12
0
0
0
72
26
21
80
22
4274
0
5
0
682
1
4
0
0
0
0
150
73
2
11
0
102
2
0
18
257
0
0
0
0
7
170
0
0
4
0
0
13
0
1
0
0
228
33
152
0
0
1
0
3
0
0
0
1
1
0
1
0
107
4
0
120
1
0
1
0
6
0
0
0
0
0
0
0
2857
0
0
0
35
0
137
93
30
0
1
22116
0
0
0
98
7
0
0
0
0
4
0
0
0
0
111
0
0
2
30
0
0
0
0
0
0
0
0
0
0
7
0
0
0
27
5
2396
18
39
0
10
0
0
3
0
0
2491
513
538
46
13
0
0
146
0
341
12
60
443
16
204
147
42
0
119
48
2
9
0
0
4
0
3
45
0
0
0
0
80
7
253
4
306
0
236
0
0
0
0
71
54
0
0
0
5
79
10
82
10
18
0
10
47
33
1
0
0
0
0
0
0
0
1
0
3
0
0
0
39
42
0
0
3
1394
0
0
1
1902
291
0
612
0
1
0
0
8
235
0
0
1012
11
0
360
0
0
59
26
0
0
0
0
0
169
0
1
1
2
0
0
210
38
0
0
0
0
0
8
1
0
0
1
4
1
0
89
0
0
4
4
58
0
0
110
12
0
0
209
0
0
158
0
0
86
0
1
0
0
42
1
0
0
16
4
0
0
12
0
0
7
19
0
0
0
4
28
0
5
0
2
0
0
388
0
164
0
0
9
0
0
3
0
0
96
127
0
0
0
14
0
163
1
0
0
26
195
5
9
0
448
0
0
458
95
0
0
2
0
0
333
0
0
0
405
0
0
7
147
0
30
352
0
0
0
0
0
0
0
0
0
0
0
69
69
0
0
0
0
0
0
0
0
0
0
142
0
31
0
5
0
0
0
0
0
1
0
0
0
0
0
1
7
1
0
0
0
0
0
138
0
118
0
0
0
56
0
0
0
124
0
986
0
349
0
0
0
0
0
36
0
7
0
0
0
1
0
0
3
0
0
0
0
453
2
0
0
160
0
0
0
0
0
0
0
13
0
0
90
1
350
86
0
1
3
4
0
67
0
3
0
25
0
0
0
0
0
0
0
0
0
0
0
0
3
1
0
11
2
23
219
7
0
0
0
2
8
0
0
0
777
0
0
0
12
14
0
1
0
2
0
0
0
17
1
0
0
0
0
500
103
0
103
0
0
0
0
0
7
1
0
1
392
18
45
0
0
8
1827
450
1
4
226
2
0
0
0
0
0
12
0
2
0
0
5
809
0
85
3
1
29
0
498
0
0
0
0
0
610
0
0
0
0
0
0
17
0
0
0
85
41
0
0
2
3089
0
10
577
0
4482
0
0
0
0
0
0
0
17
0
0
1
0
7
0
0
0
0
73
0
199
0
5
201
0
351
0
16
2
0
0
25
0
0
3614
0
0
0
1
0
0
2
1
0
60
0
0
7
0
0
700
3
492
0
0
26
0
109
151
1
88
0
0
485
0
10
0
0
0
1
410
0
0
0
0
0
0
2291
55
0
58
5
0
6
0
0
2
109
0
37
2
3
17
0
303
3
0
224
1
3
0
0
0
0
0
3
67
228
23
0
0
0
0
0
0
0
1
3
207
0
0
0
2
15
0
0
0
8
0
294
0
0
0
0
0
0
0
1
1
0
0
2
0
10
279
6487
44
2
0
0
0
56
0
0
5
0
0
0
0
0
0
59
0
233
13
0
0
42
5
0
0
0
1130
0
0
165
0
0
43
29
0
1
91
0
16
0
1
493
212
47
9
0
13
0
15
0
14
0
30
0
271
0
1172
0
0
324
0
191
51
44
0
3
0
43
3
0
176
11
0
714
0
3
0
112
0
99
0
0
0
0
1
104
1680
308
24
0
2
0
0
0
2115
143
175
0
280
0
0
0
24
339
4
0
8
0
12
15
105
0
1
52
23
0
0
0
156
4
195
539
106
64
309
0
0
7
303
4
305
1
0
180
0
17
0
2
84
4
0
14
1
11
50
1
67
2898
0
0
993
3
0
41
4443
2
82
151
2
0
2
20
17
0
0
0
0
0
0
4
1
32
29918
264
0
488
0
86
527
41
0
27
0
0
0
5
0
112
24
148
29
0
0
239
354
80
0
0
898
1
10
0
209
0
87
111
189
1
0
135
2
91
0
0
0
0
91
0
19
3
503
33
0
9
468
11
78
74
57
0
2
158
587
8097
0
0
10780
123
1055
0
0
0
0
318
234
0
66
21
163
0
0
0
696
0
217
0
0
4536
5
43
783
0
0
9
70
0
62
226
674
49
66
919
0
2
141
47
75
0
405
63
0
61
253
0
4
19
886
0
0
0
1
0
0
4
0
0
6
330
9
439
101
943
523
16
47
350
0
100
4
633
0
84
14
27
0
13
0
118
0
867
937
2727
0
2
138
33
0
32
143
1
0
0
50
0
1084
6
152
0
147
261
24
2
0
3
16
0
0
1
324
0
180
0
4
7
2
30
27
0
765
0
1186
36
0
172
32
0
382
0
323
1
437
0
5
0
9
143
82
10
0
0
1732
0
402
0
0
208
200
85
0
3
489
59
7
394
0
35
0
121
97
1
0
2714
0
2
766
61
100
26
569
4
13
159
42
10
574
0
17
38
0
42
1061
45
110
13
534
30
2
408
8
0
403
0
8
30
5
4
0
166
29
649
67
4
0
0
0
100
267
155
133
315
19
42
0
0
0
83
163
111
0
5
83
70
0
5
10
342
505
0
4
414
0
77
26
33
8
0
5
0
5
343
0
0
238
1
2
90
42
0
25
1
363
62
41
0
0
94
14
330
0
0
0
0
0
16
30
327
44
0
0
9
3
0
0
407
949
6
0
0
0
92
781
100
63
934
892
8
1
0
27
4
0
250
12
77
100
83
126
4
0
37
667
13
0
51
8
0
523
0
9079
10
17
86
0
0
344
1
0
0
49
0
36
108
6
0
461
0
7
2
6
7
1335
0
0
114
109
0
0
28
67
0
1
293
739
0
0
9
0
0
1
2090
1
15
0
5
0
0
0
27
92
417
0
83
0
0
26
824
1
0
5
72
952
5
0
0
2
10
98
0
224
34
0
0
965
241
2
0
69
31
0
1
23
1
1050
78
964
1852
3
2
0
321
0
0
0
4
14
0
45
0
3
207
0
5
29
16
49
143
34
12
0
0
3
1
24
0
0
588
45
0
288
0
0
0
633
179
116
733
9
216
32
6
1226
0
0
0
1
0
138
74
41
33
108
17
0
156
0
0
46
0
803
0
1
104
174
104
17
15
0
2636
0
0
0
86
0
0
1081
0
102
476
1134
0
444
0
128
1
0
126
21
96
5937
1
6
1
838
0
309
49
230
0
49
53
3
152
0
3
0
0
0
611
0
60
0
0
0
1
201
400
112
0
4
0
0
1
0
5
0
0
329
629
2
0
14
0
1
310
0
0
8
0
0
0
57
11
926
22
0
36
0
5
413
282
18
6
0
19
3
0
7
19
4012
8
1
0
140
1
0
166
0
164
0
1684
48
0
22
0
0
969
0
1
0
61
33
366
0
0
279
391
85
0
59
75
0
0
0
3252
28
0
156
121
8
130
4
176
0
109
4
0
4
0
118
2
0
393
62
2
37
0
0
1
94
1192
5
22
0
0
87
323
5
0
122
2
65
360
126
0
2
33
0
2
7
3
0
1
1053
36
31
0
0
0
0
2395
176
167
275
2
1
70
21
4
226
29
0
10
2
0
0
0
176
0
0
8
35
14
79
570
3
0
473
0
677
10
327
0
79
0
45
6
222
0
318
17
168
1
19
0
1197
199
38
0
2661
176
0
651
0
6
0
0
0
0
714
140
0
558
0
5
31
3
0
0
943
136
0
2
0
162
81
18
0
0
7
37
0
0
9
143
2
0
0
2
0
65
0
0
0
558
7
9
0
639
1
15
3
15
0
0
5
122
0
0
338
0
0
0
0
0
62
18
3
2
59
0
2
18
0
0
11
3
0
0
217
52
127
0
2
0
16
19
1
5
0
0
0
0
12
6
1
19
0
0
2
0
0
0
0
38
0
0
34
0
0
17
1
0
6
0
27
0
2
0
22
14
14
0
0
2
0
16
4495
0
0
0
1
7
23
30
22
0
0
223
23
1
1729
53
6
56
9
52
0
185
2
1
232
3876
11
0
0
9
5
1
1740
28
297
0
10
79
0
93
158
0
213
40
111
44
0
32
245
106
0
0
128
1141
17
0
51
6
0
731
10
624
2755
0
0
367
96
0
11
11
692
31
41
120
108
10
242
6
2
115
358
142
0
0
0
1318
4
0
0
0
0
4
0
0
24
0
63
49
40
68
9
58
0
11
21
115
144
2
0
11
224
16
130
0
39
12
0
0
194
0
258
4
2
0
7
2467
0
0
928
0
0
25
0
0
66
10
1659
0
1263
2
146
413
34
0
0
0
0
0
1232
1
0
2
1
911
0
0
2035
94
6
0
161
0
22
321
4
19
64
190
0
11
425
14
0
0
3
0
0
19
136
0
129
46
0
0
312
2701
16
5272
0
16
0
144
13
95
1
0
40
9
11
6
0
2
0
7
0
60
93
142
0
242
295
333
203
186
378
3
0
997
0
0
0
8
376
436
8
0
0
7
2
0
0
0
0
0
0
0
0
0
81
252
182
38
4
2
1
264
0
0
0
3
1
0
49
0
25
0
16
0
8
0
3
33
136
8
0
0
1
0
922
486
0
0
0
0
114
0
9
0
426
0
8
49
354
0
355
18
0
22
0
69
0
75
0
1
0
0
35
79
70
0
0
12
25
0
377
0
89
0
4
0
0
230
12
0
17
2
0
57
0
148
23
609
0
0
0
79
633
0
22
0
0
1
0
221
0
2
306
0
2
1
0
0
103
0
1
111
108
250
0
126
534
221
3
15
16
1146
21
704
0
0
0
0
13
21
255
478
0
2
0
0
10
0
0
0
0
0
0
6
0
401
38
0
7
54
154
0
2
5
3
3
0
57
0
88
2
115
46
0
7
15
0
0
0
0
16
0
0
23
21
86
0
8
23
77
9
53
0
59
2
0
0
0
0
0
0
26
0
0
15
0
0
0
16
0
12
29
0
3
95
0
78
0
30
3
160
14
0
485
11
0
43
3
39
0
8
0
9
0
4
0
19
0
13
32
0
0
2
22
164
164
164
0
0
26
0
55
1
720
0
277
173
633
0
0
2165
1175
0
0
0
225
0
0
2
57
4
0
0
32
0
206
0
15
654
19
369
0
3
7391
85
0
44
0
58
6
0
9
608
0
144
0
0
152
0
21
0
7
805
0
0
39
0
441
9
2
12
237
25
18
1
0
500
221
6
0
209
0
410
0
49
40
380
12
15
0
0
1
0
0
767
15
3
594
113
0
16
1209
0
1
2
6
0
4
0
106
18
461
10
127
1771
20
389
0
437
2
5
1026
2
0
12
65
2
1
20
0
31
0
0
4
888
0
2682
2
540
87
3
682
0
0
88
0
144
198
0
61
109
459
33
123
1
0
0
18
346
0
2
0
21
130
5
0
0
0
4
150
0
125
3312
36
524
53
9
2009
62
8
23
86
185
0
0
297
721
174
0
706
240
19
0
1
5
8
239
686
179
47
279
0
9
3
0
0
206
2
3
0
198
47
0
25
39
20
460
187
61
160
0
1
40
24
0
1
0
173
1
28
456
14
0
1
4
53
452
1
35
0
4
881
0
529
32
6
0
0
2337
0
612
1160
33
0
35
1011
119
220
61
15
13
0
759
0
642
7
0
1
0
6
446
4
1011
144
1036
44
1361
45
51
1
409
0
0
2
0
25
6
213
164
0
29
40
51
390
0
0
176
34
0
0
121
183
100
177
0
0
24
1433
0
0
2
6
4
0
156
8
10
21
40
0
219
18
0
0
19
1
60
0
0
0
0
48
0
24
1
38
0
904
0
13
0
0
2
1
34
0
262
7
10
0
12
0
0
0
0
57
23
9
77
49
252
0
2
0
0
107
142
16
1371
58
0
0
39
0
27
0
269
115
10
0
160
36
0
326
112
245
18
241
0
0
0
0
2
25
109
1241
42
4
0
256
807
0
160
0
19
3
751
273
1065
272
531
1
417
414
0
2
1
69
18
0
116
0
138
279
131
0
77
0
240
242
895
112
0
92
998
0
4
5
0
162
0
2
3
49
7
0
0
4
0
0
2
0
0
29
643
176
51
9
18
1687
29
1732
2
0
342
0
25
8
2
0
713
41
5
321
4592
0
154
1
0
220
1015
5
4
25
1
0
57
0
90
0
7
46
17
52
0
25
1732
63
0
0
63
41
0
0
0
0
286
3
23
0
0
0
233
906
16
333
90
0
19
0
0
39
92
278
8
373
221
0
302
28
127
11
0
22
0
0
0
53
0
589
25
61
5
30
124
32
0
0
0
0
0
0
5
74
961
0
1
0
0
0
0
0
0
33
6
119
0
584
20
275
70
0
5
39
1046
74
178
155
0
0
1
0
151
2
0
0
2549
0
1218
85
9
0
366
40
62
30
0
0
142
60
348
359
0
0
3
181
0
1
1
0
124
1
1
28
0
0
4
0
504
38
0
214
0
3122
1
91
21
19
0
140
0
0
0
204
0
0
0
0
234
1
659
121
0
220
3
11
28
397
601
80
0
0
12
11
1
0
0
33
651
0
1
5
19
71
0
0
128
29
50
0
110
0
48
0
0
10
0
2260
0
8
0
0
0
14
0
15
0
1039
0
3
40
13
221
0
8
0
251
0
71
0
15
12
0
1141
101
13
6
0
0
0
1
0
28
136
33
0
20
0
0
10
450
0
50
42
1
3
50
1
93
475
2125
88
85
1
46
50
0
191
0
33
5
3423
0
25
180
0
875
0
0
30
79
0
79
69
1
15
1
0
99
33
0
0
5
499
0
0
0
101
0
0
0
0
669
248
4
471
15
1
957
2
3
2
213
171
0
48
196
0
36
10
107
312
157
1210
0
0
11
0
8
513
245
38
386
570
195
416
0
2103
235
9
0
0
655
111
619
0
0
10
3
201
0
770
15
214
448
0
15
200
11
0
19
87
1111
1
0
20
56
0
15
280
4
13
5
52
2
732
70
1
1
185
4
6
3
0
0
29
24
11
65
95
56
0
479
0
0
149
154
3
1
0
5
0
1072
0
175
0
151
0
113
147
426
3
67
0
0
0
5
0
0
0
5
21
144
0
2224
0
106
1
8
254
125
0
27
6
366
22
5
56
3
0
0
358
161
0
0
78
0
24
0
7
0
527
0
331
1359
9
11
8
91
0
0
0
0
178
18
25
0
36
0
0
0
0
0
9
194
58
19
3
64
4
0
2
1
20
12
8
0
17
143
15
96
0
0
82
0
0
0
64
0
0
39
7
10
100
0
12
0
233
0
0
2
0
1
78
51
2
0
313
48
607
9
1475
19
15
24
16
68
270
0
0
11
0
613
309
49
90
409
10
62
347
0
0
0
0
94
0
23
51
5
0
449
0
48
40
4
16
197
55
0
934
0
817
48
0
7350
12
21
3
649
0
0
2703
237
15
0
48
42
9
10
3
0
123
46
3158
170
0
0
0
1
6
2027
3897
11
98
12
1035
0
148
223
1
0
500
0
30
3
10
112
46
548
146
285
2
5
22
59
41
2
2
0
2
21
127
0
44
20
0
1
0
133
115
414
6
15
37
1
362
1
151
2674
62
3
729
183
68
86
0
58
17
206
26
0
11
3
1
0
0
648
0
60
0
4
331
12
0
0
43
2
62
0
96
0
340
0
364
0
1342
0
0
4
11
5
7
0
170
7079
188
408
73
362
0
394
0
210
425
23
60
0
27
14
47
0
30
0
22
1
2
27
58
779
34
6
1
0
0
367
72
65
0
73
1835
1141
27
0
0
0
130
54
0
129
0
20
383
200
47
380
53
25
0
1
657
0
0
0
0
6
0
0
1
77
0
0
40
433
0
0
8
315
255
780
59
755
85
864
0
373
0
0
38
58
21
8
0
21
270
1
2
0
194
0
777
1
43
4
0
4025
0
0
21
11
0
13
0
169
174
392
0
37
0
0
78
103
0
830
1072
0
197
203
0
0
0
31
283
35
0
0
0
219
20
4396
8
372
89
2
97
0
181
19
41
115
4
27
0
0
3646
2
57
0
0
22
2226
68
33
68
0
0
1
2
3
0
121
470
0
28
13
0
1
0
22
298
0
6
16
42
53
0
0
0
1
8
1645
145
0
17
94
2
41
0
0
0
887
167
13
229
2
448
44
0
148
271
0
0
9
1201
0
325
0
5
0
0
402
2
0
35
2
0
0
0
20
36
358
59
80
0
0
7
309
0
0
5
86
2
0
0
4
0
0
440
2
0
0
0
33
0
0
0
0
1531
8
6
1
25
0
2
4
269
0
8
540
0
0
0
378
30
996
17
0
1
56
202
49
3
39
487
2
0
0
194
0
0
35
0
2444
0
3
51
16
0
1
0
14
2
69
16
39
79
621
0
0
318
89
0
0
1
94
321
8
68
0
183
185
12
52
17
0
90
11
9
1
440
0
0
0
4
141
159
27
416
0
149
1695
89
0
130
0
242
0
794
4
71
0
2
95
1306
0
118
3
0
0
147
0
0
0
68
133
1
0
141
132
307
37
3
16
202
0
21
440
263
0
0
0
67
33
514
79
0
53
0
24
0
0
7
0
0
0
0
0
142
15
0
1
0
429
53
0
50
10
0
3
240
40
8
5
0
35
1340
84
1182
0
0
0
0
0
797
0
0
3
48
159
0
0
12
0
0
0
556
123
0
0
596
0
22
2
0
28
0
15
0
0
30
3
3
29
80
4
247
275
0
36
0
0
10
198
0
319
1878
0
89
16
13
7
3
0
328
0
13
6
0
317
31
0
30
0
4
23
105
1
0
190
0
0
0
91
0
0
0
999
426
68
345
0
0
0
4
271
4
54
584
0
0
4
1
0
1
505
48
0
672
25
128
16
0
13
0
428
19
2
0
0
72
29
4
0
138
354
119
3
478
256
0
0
2
15
201
1682
869
0
12
988
0
230
0
0
0
10
272
42
290
0
0
2
0
0
0
26
5
0
0
471
0
0
0
29
2
0
55
0
0
0
1302
0
49
161
0
75
0
16
1
0
40
0
14
1
211
71
676
1
175
0
49
0
3
0
0
5
0
10
0
10
0
156
1
0
0
18
0
853
104
2787
0
33
35
403
26
727
0
54
0
0
0
329
0
132
0
0
444
0
20
0
0
0
4
644
541
542
95
6
14
0
3
14
3
46
0
8
284
151
92
0
0
8
12
178
167
50
569
11
44
0
15
107
0
1133
0
513
0
0
857
3
14
149
475
0
19
0
59
7
1117
83
17
24
0
0
0
0
0
54
665
46
7
608
558
364
0
345
104
204
20
0
12251
5
113
1
411
196
117
2895
0
511
196
66
32
152
0
1162
2
0
110
60
0
283
245
5
313
0
0
22
1510
0
45
21
68
177
15
2
0
0
0
0
0
69
37
65
6
1439
0
0
1
2
51
591
31
57
742
0
16582
2
0
49
1
7
1
1
0
2
0
236
904
65
0
83
451
890
0
78
106
368
0
303
0
0
1469
37
0
0
0
2
12
2
0
280
0
0
78
1585
18
286
95
1
366
1134
2453
184
48
0
428
796
2
0
17
39
1381
0
0
336
13
0
11
0
0
0
351
9
1606
0
12
101
0
10
9
1565
75
0
0
2
14
162
10
0
0
108
2
4
3
69
119
977
108
299
2071
0
0
0
412
0
0
0
8
3
101
0
0
939
24
143
0
1285
726
137
131
14
1858
9
0
1
0
1069
0
0
0
40
0
0
0
0
33
110
14
2
5
0
713
2
0
146
2717
0
784
3
5
51
0
0
4
197
53
23
0
18
0
0
46
0
1
0
54
489
35
0
154
730
0
0
91
27
0
136
973
20
2
44
0
0
0
0
12
151
0
0
7
211
40
0
409
0
6036
71
1
0
611
0
15
109
26
0
210
107
94
1895
125
0
0
65
0
15
0
0
46
15
0
632
0
13
4
22
0
33
16
0
8
0
15
0
70
18
1
0
275
0
192
0
4
0
1
1530
17
7
14
11
0
434
2
0
205
10
16
141
256
0
0
43
14
103
404
0
328
38
0
21
131
368
309
36
0
42
0
0
0
0
27
0
24
0
15
0
0
89
76
1058
10
0
0
233
758
193
39
280
5
71
22
0
174
0
0
16
0
0
0
60
30
0
343
48
0
0
0
0
2
230
1
63
3
0
0
304
28
184
35
1729
161
136
0
15
236
11
0
0
0
0
47
1
74
14
0
0
3
100
395
0
0
0
3
285
0
0
24
2
215
299
0
201
7
22
1519
0
155
20
0
0
25
1
26
1
3
0
2
31
496
2392
149
98
347
0
26
416
758
4
913
150
5
12
199
982
22
2124
6
29
30
0
0
0
63
233
448
8
311
525
1
0
0
221
0
0
0
41
17
565
26
0
0
14
127
130
8
20
0
2
4
200
0
186
635
5
3
267
0
146
0
12
0
0
630
287
1777
0
230
0
215
149
377
0
0
8
0
3
0
1419
0
27
148
1
20
408
117
96
105
697
19
0
24
51
2715
1
0
0
69
0
100
1940
114
3
114
4
319
2
41
0
121
163
11
0
3
257
340
0
18
0
110
109
0
2
35
0
0
0
0
0
113
0
4486
0
0
33
3060
0
36
6
0
1
0
115
0
3
15
547
3
0
159
160
422
45
4
5774
594
12
2
0
2
89
3
0
185
0
0
1
131
16
1
210
0
1
7
10
0
71
0
295
7
62
1294
100
420
0
198
0
102
0
92
3
247
0
0
0
0
17
534
70
0
5
1233
65
843
0
124
22
186
61
46
4
1
47
0
17
0
0
0
247
0
0
278
0
32
38
1520
5
3
0
18
49
0
0
0
22
437
23
0
363
133
69
1
0
0
114
3
0
139
256
8
0
0
253
3
17
10
0
0
69
66
2
2
60
8
143
0
136
10
0
0
0
0
123
0
35
0
122
178
4
0
819
0
609
0
278
17
0
37
19
30
96
342
0
3
1
27
1
0
76
1
648
168
5453
0
23
3
212
322
13
2
6
0
58
90
0
0
0
0
0
12
0
3
449
20
0
4692
933
2
0
1
0
538
0
329
0
1087
132
0
0
2552
51
0
0
36
780
7
3
0
46
17
2
685
1836
0
2461
0
0
989
140
630
18
0
0
0
1412
1435
2
212
0
90
0
1
1
862
146
0
0
0
2301
190
20
67
0
0
10
2
26
28
1510
17
126
0
0
0
0
0
0
53
64
0
60
1
5
0
0
96
5
3
0
45
1
27
0
208
11
0
2371
8
2
3
113
19
0
442
917
0
35
72
9
486
56
0
0
106
15
15
511
0
2
4
0
0
1
34
114
507
0
0
158
597
245
24
0
205
101
231
35
0
240
17
33
0
6
17
202
230
0
411
0
29
1559
670
272
0
209
1
747
84
0
0
268
317
1
164
8
13
0
1
0
1
1
3
2
51
660
262
23
0
0
7
0
50
45
2922
1
0
3
0
0
0
91
1399
0
7
25
0
186
0
0
443
664
0
11
2
0
74
138
20
190
6
144
3
5
96
0
0
89
0
0
74
87
0
0
727
13
0
11
0
124
0
43
141
0
1
33
40
30
2
45
7
75
0
15
2
0
0
1
246
3
0
275
116
68
1
153
0
33
0
316
22
26
9
18
20
6
1613
91
0
12
10
0
4
0
0
230
0
129
342
0
1099
1
73
553
7
4
0
0
453
9
43
2
46
3
3
394
408
4
306
10
27
207
53
0
0
277
0
0
0
191
1794
0
48
384
229
421
0
0
0
0
83
6
2031
0
48
0
2
481
81
7
91
6
72
0
311
0
0
5
0
0
1
418
304
11
25
1290
6
0
1
0
89
442
8
0
53
0
1
166
119
520
2
143
0
21
424
58
28
0
0
4
74
0
0
0
426
12
113
181
0
23
0
0
16
18
244
0
0
317
159
291
1
0
421
136
696
1
6
239
0
7
0
1
88
8
171
10
0
0
1
73
4
990
716
0
6
49
303
306
80
0
2
25
132
0
76
16
599
63
43
0
88
4
0
0
3
0
419
142
22
0
10
0
0
287
0
0
196
1
0
0
11
0
24
0
3
72
0
0
367
138
5
935
1
0
0
355
0
8
0
130
0
0
18
0
13
0
535
229
2
1
3279
0
0
1
74
773
0
125
43
0
5
2
0
920
103
26
10
0
8
0
0
0
13
0
346
24
0
0
0
0
0
0
8026
0
26
1
1953
6
109
0
1
1077
200
105
6140
144
0
1120
0
10
0
19
63
1
147
0
1229
0
0
209
0
245
0
1
38
175
63
1
0
25
252
1004
325
10
0
0
318
0
0
0
72
0
5
0
9
1
0
150
41
701
17
0
0
0
118
121
72
2986
0
66
0
77
21
1313
48
57
6
826
0
218
36
0
171
779
16
0
39
297
105
162
0
0
0
0
81
1166
18
54
16
17
844
9
4
1039
76
117
11
0
931
0
54
2
13
802
39
75
0
233
0
6
3440
17
0
0
95
0
77
191
0
257
357
976
742
0
0
42
3
6
57
1017
46
1
0
14
527
6
0
23
5
0
0
2
0
0
4924
0
0
0
1016
0
48
0
34
313
0
0
4
2
8
3
0
63
39
91
222
0
3
93
186
170
1022
205
147
0
133
0
17
141
1
149
0
81
412
0
22
55
0
0
62
9
24
50
2
0
14
0
3
0
0
0
621
0
0
4
452
0
23
0
379
0
112
25
52
1
0
113
0
1674
1
1038
42
0
14
401
0
196
12
4
0
394
0
89
89
3233
2
0
0
2
13
1417
0
22
0
2529
4
0
0
0
1432
0
1237
0
12
195
0
0
0
294
0
53
0
58
0
9
135
0
97
0
15646
2
1
15
0
0
0
82
0
0
1
21
0
1
0
1
280
0
516
0
41
0
2
391
301
0
5
0
0
13
0
253
8
2
0
300
3
0
117
0
53
0
0
51
1
0
63
34
0
41
5
7
0
0
0
0
0
285
0
0
1
0
446
17
0
411
2
0
3
21
84
0
0
0
89
3
0
0
29
15
0
1
47
129
1
22
153
0
168
6
0
602
7931
0
0
0
0
605
0
39
4
2
0
0
3
6
209
38
2
10
7
72
0
1
80
39
153
2
2
49
0
30
458
2
0
177
1379
0
176
0
1
34
48
0
23
0
8
455
67
184
0
55
1
0
0
12
1562
0
251
0
0
4
18
0
0
4
31
0
710
15
0
47
0
0
159
46
0
144
265
0
0
27
0
6
7
299
0
0
13
1
0
816
0
12
0
1163
0
74
4
406
0
5
47
0
710
0
11
36
0
0
17
4
650
3
0
24
0
1
152
106
172
133
0
0
303
0
46
3
520
442
1048
2
22
10
592
262
0
2
0
155
21
71
4
36
215
162
367
454
165
1852
133
0
0
35
0
33
9
2
265
0
25
24
0
14113
0
23
1
8
172
0
0
396
0
207
8
9
0
0
0
486
0
23
0
0
0
6
20
27
0
711
35
27
0
172
9
11
3
3
113
0
3
0
14
60
1
874
40
0
32
779
20
72
0
0
0
0
538
2
3
2
44
7
8
0
0
173
1971
731
0
1
0
0
52
0
2
2
0
33
0
11
35
3
0
0
244
15
0
3
14
116
1018
541
135
5
11
37
0
0
4
227
844
336
14
6
28
0
0
4
84
0
5
0
0
0
0
0
3
0
0
1
2
11654
0
55
112
0
76
13
707
368
253
0
0
0
433
0
128
188
0
0
0
168
794
49
0
1
123
0
10
257
0
13
15
0
0
13
23
0
16
0
4
8
0
13
412
76
3
362
40
56
171
1323
7
109
0
0
12
9
150
160
1272
1855
0
9
30
4
71
1
69
0
133
75
0
315
12
180
0
0
128
4
3845
19
0
1
1
19
0
21
4
24
67
0
249
0
398
675
113
59
0
31
17
39
205
2223
1009
0
0
677
5
129
0
1644
0
0
4541
0
0
0
0
0
25
24
0
213
0
7
409
0
0
0
98
16
18
1
0
0
163
0
137
438
24
0
0
1269
3
6724
11
74
1
240
175
0
0
242
75
17
72
0
0
120
0
6
0
0
657
6395
17
47
261
2839
0
3
759
0
0
575
97
1
436
12
1637
7
1
0
588
0
51
0
1
348
0
26
0
0
0
2993
145
14
16
134
1
149
1467
51
0
2563
1
0
11
3
183
0
0
500
0
0
63
653
167
0
720
6
221
25
6
14
0
87
0
179
35
186
0
0
0
0
821
0
0
493
367
0
0
72
11
30
0
1088
86
113
304
0
0
1779
846
15
183
2
0
430
131
279
0
1
23
117
1
0
6
0
106
0
6
4
740
52
0
0
1
18
12
917
244
0
220
18
0
42
34
4
4
1481
0
1
181
222
62
0
136
0
763
8
61
0
170
4
0
0
118
59
0
939
117
1
6
318
35
51
163
22
19
7
112
0
63
35
0
7
1
0
0
1
0
0
2177
752
60
21
0
0
0
1875
31
76
90
41
1
569
0
0
8
0
288
69
767
19
0
112
99
413
0
77
139
0
3
0
0
0
3
33
1132
358
0
35
168
69
338
5
0
11
26
36
2368
0
0
0
91
68
1
49
1
2
28
11
0
210
1301
1190
0
759
0
17
0
1
0
23
0
911
11
705
792
372
0
220
0
1078
1
422
4
34
1
16
27
208
1585
753
1024
0
399
0
13
4
35
8
105
249
6
362
40
29
14
0
80
50
59
58
32
0
423
152
0
64
4
1
478
24
1484
417
476
134
1465
12
0
0
0
2
12
74
874
0
63
586
0
204
0
0
23
900
20
0
1
0
0
6
0
37
204
1389
0
6
1005
161
0
466
141
0
19
3609
41
19
21
0
0
1281
0
839
498
38
141
33
0
12
0
0
11
0
0
5
141
0
2
0
71
0
43
0
0
17
237
0
0
3
66
0
75
0
0
822
1
0
1
185
12
0
0
46
346
1
167
0
347
34
69
86
628
569
0
97
0
0
0
63
120
39
12
14
3
38
1
0
0
0
0
161
60
11
0
2278
0
19
0
99
11
497
0
0
141
1
297
101
112
0
0
0
42
55
0
0
0
2
55
144
0
0
366
0
195
0
353
0
498
2216
0
0
39
895
0
5
359
0
313
517
28
1876
116
0
0
10
0
88
238
373
0
6
0
2
45
0
881
172
0
0
87
0
1
9
0
175
1063
38
1973
651
1810
50
295
349
1001
1062
4
5
43
29
14
154
0
902
7
0
0
0
25
0
25
5
4
0
19
8
0
15
362
232
0
7
0
189
2
80
10
56
10
15
0
123
34
97
32
43
5
63
0
93
241
1
416
4
186
0
768
187
120
4
64
2
0
0
0
11
167
16
289
3
45
29
127
283
14
399
1860
190
0
2
363
25
2
59
0
260
0
120
0
0
0
0
70
15
22
0
1306
252
28
21
121
5
0
348
359
0
0
0
197
0
73
8
0
3428
40
1
226
94
135
0
0
282
16
66
769
17
1
187
2
146
1
0
38
0
0
0
74
3
0
0
42
49
0
154
0
16
17
89
130
0
0
87
0
4010
161
0
0
230
0
0
4
126
260
242
0
0
133
34
0
0
0
209
1170
53
0
140
0
4
24
30
56
48
0
1742
289
228
0
0
48
30
0
40
50
115
42
3
0
20
0
0
1956
0
0
92
10
2100
155
0
3
0
3246
541
179
60
0
6
0
0
96
0
19
123
111
335
1478
5
1238
8
584
0
0
0
3
854
0
1
0
0
0
133
0
132
2
767
21
9
0
133
2
329
5
5
2
0
4
1675
83
0
0
0
0
0
11
81
5
70
6
262
8
154
926
1
0
10
0
0
9
186
0
539
39
0
0
0
2177
20
0
3
14
375
11
9
1
59
34
0
7
45
8
0
26
1
63
1180
0
15
1263
4
1
0
247
1
1
0
197
0
0
502
0
9
0
1
402
1
35
15
0
2
1
0
3240
0
0
0
1
1124
0
242
6
2
156
278
1
0
142
0
5
2
0
489
0
0
66
2
2
43
126
0
3
0
2924
40
38
0
0
49
0
525
172
1
36
167
72
24
24
7
0
0
3
3
98
7
0
0
0
0
38
88
75
39
0
0
332
916
2
2
0
44
153
0
638
965
0
3
150
39
0
5
24
1264
0
9
94
221
3
61
0
18
3
0
1
1
35
8
9
0
57
52
302
152
0
323
2
1876
0
0
2
2
159
53
1398
80
0
3
52
615
6
2
23
19
30
4
17
3
115
13
220
3
0
195
507
0
0
1865
66
1094
0
0
2
0
51
5
1432
0
47
5
0
0
0
1580
262
0
41
135
8
188
395
1447
103
136
17
2
10
1
0
175
0
295
18
419
18
114
446
263
0
0
0
0
30
18
19
42
0
0
777
0
10
263
0
709
0
0
655
547
18
502
479
7
12
3
267
1
223
0
0
0
363
0
0
94
0
1
2619
0
99
108
0
1074
0
1
0
2772
153
445
368
324
6
72
184
0
326
39
16
26
516
21
23
0
0
24
0
5
241
11
10
2
0
5
0
0
176
33
0
50
48
113
201
89
13
0
0
0
266
448
71
2
3181
0
3
98
0
1
0
22
0
224
0
34
8
0
14
1341
21
42
342
227
0
0
16
20
2
264
404
14
678
7
1
0
0
2
0
0
38
608
0
19
46
78
0
16
0
185
37
95
14
0
8
417
0
290
262
0
0
637
216
2
0
3245
0
57
4
76
3
207
3
4
0
0
425
0
5
0
0
515
0
33
27
0
0
50
2
192
255
0
274
140
17
0
15
485
0
35
0
0
44
0
0
0
499
0
51
26
0
391
30
104
332
95
29
178
0
4
261
2
2
1
0
0
695
85
0
267
0
86
86
46
122
0
60
71
128
140
0
176
5
0
283
0
0
2
950
50
0
390
119
0
1
7
321
4
240
0
1
0
0
81
0
0
16
0
47
258
0
5
0
0
14
19
1916
120
0
3
0
55
4
99
0
136
57
0
1
48
1
0
0
1
30
0
13
48
0
0
0
1
799
4
9
34
5
0
0
0
121
818
6231
0
0
173
66
20
16
437
37
1
7
102
16
62
0
9
0
1
143
77
0
0
122
0
2
0
87
134
0
0
2
49
2
0
0
5
16
123
226
0
35
107
38
0
0
120
3
0
103
0
0
273
0
2
35
0
314
0
81
11
5
21
0
0
0
7
0
1
4
0
0
5821
1
260
0
0
1
67
107
268
1148
0
0
11
10
0
56
106
0
616
4
165
11
5
262
0
0
708
1
0
6
0
2
100
9
56
0
2
1787
59
0
1397
0
0
392
457
31
0
0
1262
0
91
1609
4
12
5
3759
127
85
0
392
45
0
0
5
0
9
337
204
0
2357
0
226
14
0
0
21
0
75
643
2
2
174
435
288
0
7
770
148
8
0
268
491
0
149
0
0
0
389
109
240
24
138
2
12
0
41
9
1
8
0
0
184
0
368
0
131
0
2
0
88
6173
0
138
3
25
83
0
5
192
45
11
56
31
0
0
2
0
0
175
0
0
1
7
6
73
2
130
159
0
0
0
4
0
0
318
4
0
0
30
0
679
0
0
0
10
0
63
79
2
0
5
429
333
0
0
0
2
35
0
2
50
4
0
59
0
234
69
0
19
0
0
192
0
0
24
1
0
0
68
0
31
0
2
0
4
109
86
11
27
2
3
40
0
78
0
170
25
141
569
0
0
0
0
6
0
5
0
2
3
16
100
2
1
0
108
0
36
0
427
21
3
55
42
6
0
21
43
0
10
0
0
0
0
26
2
135
0
0
1102
197
36
74
73
0
24
108
1
419
38
16
9
112
2
2
30
48
0
23
5351
3
0
69
0
2
0
111
22
1
0
111
0
0
0
43
1
0
3
352
0
0
0
8
0
7
71
0
1169
15
0
66
588
0
23
6
69
0
130
3
0
0
4
17
154
0
0
294
0
0
0
0
2
1
7
0
474
51
0
0
0
4
46
644
0
0
0
9
5
1
143
1124
74
0
0
0
0
1
0
37
59
112
0
45
30
14
0
0
63
54
16
0
0
0
0
0
189
0
2
3
62
0
0
0
1950
0
93
11
4
198
0
0
0
1
361
179
2
0
0
0
18
18
0
38
1
37
229
64
172
0
10
14
471
877
0
12
7
14
346
75
3
0
360
0
0
0
3
218
4
21
0
1
303
0
264
17
12
0
5
0
278
17
24
213
1
0
0
48
0
68
38
220
0
0
29
0
1041
49
2
0
0
0
20
0
1
0
190
585
0
0
61
18
1
369
0
6
83
0
0
0
636
13268
0
0
0
0
68
0
14
0
61
23
24
374
21
3
5
18
75
179
18
45
25
1913
340
0
0
0
2
79
162
0
0
10
0
138
7
1054
0
95
0
0
0
221
373
0
52
266
0
2
545
31
76
2
18
17
16
0
0
10
12
0
0
200
30
0
0
42
2
55
111
27
0
4
0
214
499
18
0
2
37
5
13
0
4
0
57
248
0
4
0
0
13
0
0
3
349
0
29
0
72
0
0
0
0
13
9
37
0
1
0
102
0
19
154
0
261
302
14
0
8
0
7
0
46
52
0
0
0
237
12
0
304
0
1
49
0
1
151
30
8
0
705
144
508
0
75
0
17
167
117
0
0
0
0
0
38
0
1
4
28
72
28
4
0
0
0
7
20
97
152
2
0
0
67
207
5
21
284
296
54
0
63
175
89
0
9
38
1
705
0
29
17
0
0
0
0
54
3
20
1
47
1
2
3
0
9
110
5
57
0
83
326
48
0
1
20
4
55
378
0
0
0
275
0
12
0
8
0
248
0
0
0
445
120
131
3
0
5
549
3
6
0
12
62
176
0
159
0
116
0
23
10
0
4
81
3
103
820
5
0
0
180
40
6
106
0
0
0
12
0
0
20
279
383
251
25
0
313
82
100
75
0
7
0
0
4
635
0
62
0
240
0
27
188
0
0
0
2
661
128
0
2
28
0
29
3366
0
243
12
2
49
55
43
86
0
0
0
746
19
0
1518
135
0
1025
1
4
18
0
55
85
677
39
3
461
0
3
0
0
1901
18
36
5
32
6
1
0
0
0
2
41
15
5
44
203
0
3
54
239
0
0
454
6
0
0
17
0
0
1003
0
3524
9
0
1
0
31
34
0
9
172
11
2574
99
106
167
16
35
2
1538
1
2
982
56
0
0
4
214
0
1
0
1406
0
39
0
10
0
275
0
6
13
0
0
189
1
1
0
353
81
4
149
104
0
8
2
7
10
0
379
32
343
0
4
11
1087
0
45
0
0
220
41
0
0
1039
401
32
4
0
1
44
0
0
259
0
2
1
149
0
5
0
27
0
0
70
0
53
2
220
0
3
26
0
3
6963
12
185
0
0
0
0
47
293
119
0
546
5
388
0
0
136
0
0
114
18
270
0
0
28
1284
333
203
0
5317
0
112
140
0
51
0
5
13
434
120
9
61
0
2
8
11
0
0
18
3
0
0
66
115
42
0
731
41
219
0
296
137
104
223
43
14
0
0
47
0
0
676
41
170
207
0
0
3
0
34
3
11
30
24
40
93
0
27
7
0
122
16
54
50
0
232
3
3524
0
87
0
11
0
20
46
73
0
451
185
6
37
3
2
5
0
113
229
258
13
56
0
88
5
4
3
3
130
0
0
31
0
0
232
0
125
1677
2
3
234
25
0
165
6
2
397
0
190
0
11
389
0
0
71
0
175
81
0
8
94
10
286
11
0
0
36
46
0
0
0
0
6
264
99
8
0
21
614
292
14
23
2688
417
1
0
6
614
79
0
1
117
256
316
0
11
0
97
3
1531
233
0
0
54
1
108
0
0
0
0
0
158
13
0
7
0
0
0
61
740
14
0
110
0
71
0
277
0
0
594
1
48
0
187
22
0
0
990
0
313
434
89
115
52
0
479
2
0
120
0
0
1
2
75
0
0
22
0
4
37
1701
0
0
0
34
1126
0
677
0
67
0
0
2
133
61
150
50
0
38
4
4
0
21
523
15
48
6
0
32
36
1
0
1
697
542
194
349
1553
216
0
90
0
2
0
207
17
0
211
1055
1749
329
1
11
34
765
0
45
8
343
0
421
0
1203
75
190
0
17
0
8
30
0
18
6
83
13
469
26
65
0
2
0
4
0
0
4
90
265
0
9
101
0
0
0
251
0
20
235
1274
55
0
810
2
0
11
0
173
1
0
0
3
80
3
42
0
12
132
37
59
1
1
2
179
0
173
7
0
0
8
20
4
4
0
268
0
0
0
6731
63
3
0
1
125
133
218
32
186
0
0
3976
0
0
399
0
4
0
4
1109
18
1
2
188
220
1
0
0
0
0
10
3099
2
0
10
46
0
846
0
0
0
3998
33
254
0
108
6
1262
0
29
19
0
0
17
14
2
3
0
2
445
19
0
2072
0
0
1
4
2
0
2004
20
2
0
0
163
0
0
199
608
1
197
37
46
81
356
568
87
4
0
2598
131
0
347
2350
0
1047
682
3
0
5
1
0
15
254
0
0
0
0
0
1
0
0
0
32
11
55
1
0
70
0
406
22
0
47
0
349
19
1
0
423
5
0
34
1
20
0
0
68
3053
268
1
24
69
92
9
7336
359
27
12
3045
529
1
18
9
0
49
0
0
162
0
1377
2741
0
6
0
78
469
46
268
474
6
0
0
0
571
176
0
2
21
4
4
9
2262
25
373
20
0
0
343
0
14
2275
4
0
100
0
0
49
565
0
22
295
265
0
3
1264
68
2
0
2783
0
0
503
0
9
2
0
6
0
0
3
321
3
340
0
100
978
0
0
18
339
105
2
77
1
0
16
0
298
25
120
95
0
1
0
0
57
0
0
2
1
1704
1503
329
0
31
9
0
117
1
24
0
34
29
125
175
0
8
161
31
265
0
10
142
0
2
0
4
2
718
161
124
4
1
53
9
0
0
19
15
123
280
2
10
194
15
0
94
0
50
0
0
0
25
0
9
46
0
731
0
4
0
20
1
42
10
517
0
88
1473
9
1
0
230
0
64
722
59
0
0
1
0
55
6
74
119
2
2
6673
308
0
2
0
0
1453
0
0
1
201
1
20
38
62
1
0
0
314
0
0
5
2
0
64
0
10
0
201
89
0
1087
326
0
143
0
44
0
0
240
0
0
4270
361
0
0
0
267
175
1
107
5
0
867
2
2
10
16
0
23
1
1
7
0
14
491
7
2
8
0
47
3
0
815
5
1
12
0
32
22
0
0
0
0
0
2
0
10
0
82
9
284
263
4
0
39
0
211
0
0
0
24
0
8
0
0
212
3
59
121
13
8
82
1
212
1
4
43
0
374
2
60
1077
0
5
6
0
0
112
1
206
6
0
1
387
22
869
0
0
97
12
872
62
737
246
0
41
0
494
852
0
0
84
20
17
2
675
12
0
427
38
424
49
420
0
4573
128
80
3
0
704
0
368
70
17
0
0
0
508
30
150
0
2
1
163
0
1
1
224
4
0
0
0
706
42
56
257
59
2
5
4
8
3
8
0
14
0
90
451
0
34
0
0
1
2195
1
15
0
312
0
453
0
2
5
1250
0
47
4
71
0
79
146
32
0
437
2
388
0
0
0
0
114
0
557
0
215
0
28
2
0
0
0
2
2
0
0
213
0
73
0
0
56
143
0
125
22
0
0
84
13
199
1470
0
72
17
522
2
165
0
6
2057
45
17
26
7
673
34
0
628
1192
23
3276
2
385
20
0
40
0
14
12
4
6
3475
0
941
0
48
6
266
0
126
294
86
0
92
844
0
847
0
0
0
141
0
0
2
21
0
0
108
0
43
0
2343
12
1
22
0
11
92
0
0
785
27
29
0
38
13
0
3684
0
0
22
156
3
199
0
5
1
0
128
1645
194
0
0
0
0
62
1
4
3
889
896
76
13
88
0
47
23
0
680
0
541
141
0
0
0
225
155
0
4
0
2
57
2
33
0
2
0
0
0
1
11
0
0
12
4
14
0
17
2
0
0
0
3
1
1
0
0
92
481
97
73
114
20
232
0
0
0
7
3
0
1
2
14
0
64
1
0
2
0
0
0
0
5
1
0
98
0
8
0
2
88
8
15
13
661
418
628
36
72
207
1
0
3
0
53
6
18
0
0
3
0
0
12
0
0
3863
0
1
0
0
4
80
0
516
35
13
162
0
0
10
0
233
13
1
0
0
0
26
159
0
251
387
1852
310
0
0
0
0
0
20
55
0
104
377
12
133
0
71
256
0
17
101
75
17
23
470
4
20
6111
1156
0
5
14
150
0
0
12
316
2390
20
0
4
875
1
2
0
12
35
9
373
709
938
629
7
2
34
0
763
0
4
308
350
0
0
2
92
1060
0
1353
182
0
543
10
0
21
39
18
76
34
0
35
8
225
0
108
231
2060
0
0
19
0
5
2
2
245
14
3
34
84
367
0
23
96
144
20
0
1
202
0
101
0
0
0
3
225
2
0
40
0
0
0
0
0
186
51
224
291
566
0
112
0
0
176
947
162
177
2
86
21
0
12
1
16
0
2519
17
0
134
0
0
0
0
12
0
0
0
0
217
7
0
16
11
0
0
518
5
205
0
0
4
0
49
0
4
0
570
0
9
0
15
0
2
620
0
1
0
0
149
41
0
52
34
0
0
327
0
67
0
335
64
0
0
22
404
149
129
664
0
0
34
0
0
39
56
36
0
484
0
105
0
0
0
1
511
144
70
306
3
0
4
21
171
29
26
4
2
115
0
81
0
119
3
318
0
0
193
0
0
130
2
106
118
0
788
2
0
94
0
533
27
93
927
9
1178
2525
1
8
8
0
1
2
4
444
0
281
1651
330
24
79
268
6
41
0
128
43
8
0
0
383
406
221
159
0
297
1555
9
70
1
1104
4
0
6
744
0
63
89
1569
0
53
4
368
70
0
1
752
20
54
0
3
2633
8
0
404
8
563
61
1
374
0
15
263
481
18
7
0
533
0
0
7
0
4
0
80
0
3049
4
0
555
0
0
6
9
318
58
107
950
0
0
20
188
0
0
0
167
0
105
97
0
0
128
0
20
89
0
246
118
0
45
23
192
0
8
0
40
0
77
0
0
0
0
79
0
124
3
5
0
1478
0
1
4
0
27
7
2289
0
174
151
201
0
0
3
9
3
0
0
1
201
0
26
0
94
128
0
77
1
46
0
1
6
0
26
19
63
461
0
849
335
275
0
0
859
8
30
275
0
484
115
0
0
45
82
0
59
114
137
49
0
0
27
1644
211
174
0
637
33
1
429
7
13
0
23
10
1294
266
646
3344
646
0
7
24
1
201
73
0
3
0
100
83
1
0
170
136
0
289
0
920
0
0
21
0
0
347
236
308
0
153
0
79
0
261
0
1
14
790
169
11
148
169
52
11
0
0
234
6
0
74
4
39
136
0
313
0
83
2
1103
1109
180
15
404
0
122
0
163
0
7
13
26
0
14
6
19
7
1064
113
1
0
21
48
4
0
0
0
155
98
0
223
0
44
0
2240
21
23
5
0
1
1
71
25
3
22
51
225
3
2
0
1615
0
14
79
0
499
3
10
1
1
0
113
0
181
0
67
9
741
28
0
0
7
248
0
37
1961
0
33
1
0
0
9
38
0
41
141
5
0
0
8
9
61
0
0
56
2
0
123
71
956
684
9
5
0
275
33
3
1368
514
29
44
769
1
0
60
316
0
0
151
96
4
1567
0
34
444
266
0
10
173
100
245
2
30
3
367
86
0
34
483
974
53
0
15
0
3
1
0
14
5
12
50
340
151
167
2
504
4
113
0
339
606
0
15
6
83
91
81
62
0
0
32
257
217
0
0
329
29
0
0
0
0
787
0
0
32
529
2
0
0
4
51
3
1562
9
7
0
19
171
48
4
75
437
0
0
358
0
0
1
159
0
8
0
2
97
0
6
222
0
0
53
0
131
134
0
7
0
3
0
0
229
2
7
397
312
0
2
21
50
2
0
29
1552
0
354
43
62
474
0
495
81
0
10876
13
214
0
0
0
2
302
43
7
251
55
0
220
0
0
0
55
9
17
55
1
438
586
1805
125
18
1176
0
16
0
137
18
3
1
280
0
28
185
0
76
193
0
5
286
281
0
0
0
798
0
34
220
6632
0
0
0
0
9
29
29
92
0
20
118
77
0
0
0
0
146
8
89
0
0
304
64
2
2
510
199
0
0
38
0
0
45
0
0
56
1
46
0
37
69
232
21
0
0
0
6
141
3
0
103
1
41
0
0
5
0
0
0
0
10
0
35
9
14
860
4
0
178
16
0
0
16
0
12
0
15
574
11
5
0
38
0
10
1638
1299
0
253
252
0
143
0
135
25
82
29
60
0
237
3
0
4
0
118
0
0
89
55
0
7
0
216
68
42
33
0
0
14
0
0
0
2
2
46
0
0
466
119
0
0
0
1
1
0
2713
30
0
882
55
38
0
1
137
44
11
0
0
82
88
0
0
24
29
0
0
1
125
7
0
174
0
1
5
1
0
0
0
184
34
14
0
0
0
2
1429
0
0
478
162
3
44
0
426
113
1
0
54
0
8
19
0
27
0
0
191
5
0
0
0
10
807
51
0
0
0
0
0
51
830
7
196
23
12
37
97
0
0
399
269
0
14
0
47
747
16
1342
16
34
8
0
0
0
13
0
473
0
1
532
1
0
3
0
24
654
0
0
0
0
99
0
59
6
307
367
135
51
260
42
140
4
0
4879
0
3
0
8
0
23
76
485
0
0
9
0
12
0
39
0
1
0
6
0
0
0
1
64
9
156
0
237
36
163
0
30
12
0
26
0
0
257
0
0
226
0
0
1
0
16
0
0
19
0
0
273
0
109
2
489
16
13
0
15
11
0
40
0
4
5
162
657
0
0
1
11
18
0
10
57
0
2
298
0
13
0
39
74
0
459
0
26
0
175
0
0
1
1
14
1
0
2
2
17
0
0
0
2
0
0
3
2
0
31
0
164
1
0
0
0
0
12
291
0
644
103
0
8
1
0
21343
171
86
6
0
0
58
658
34
0
5
0
7
116
24
0
10681
5
25
0
105
0
206
40
490
210
1
244
4
16
38
1
11
96
45
4
265
246
0
16
4
4
217
2
1
0
167
0
1
2
0
0
0
0
0
16
3
2
0
0
0
11
212
229
0
102
379
652
135
87
3
187
5
0
45
2
0
0
0
3
0
14
0
69
0
64
0
41
0
3
57
208
0
0
7
0
0
3
0
18
67
71
1434
1
836
79
27
0
14
0
9
2
3
0
286
60
37
0
1
0
3
50
0
7
33
178
0
79
0
170
156
0
57
27
58
121
20
0
12
0
0
0
7
0
3
0
0
9
390
53
0
0
6
0
4
631
0
3
133
83
0
113
0
9
330
20
20
73
472
435
0
13
0
0
1
13
29
49
120
0
0
16
675
0
1
0
0
0
16
0
0
1488
20
16
2
44
0
8
25
12
668
0
22
40
104
338
138
3
80
0
2
0
35
203
85
2
1
88
8121
468
4
0
68
6
389
13
1
2785
0
35
0
19658
0
3
36
712
5
3
172
0
32
1217
0
0
0
14
0
0
72
21
0
0
73
3
0
8
0
219
6
162
85
7
0
0
0
0
12
2373
5
0
2
252
39
0
24
543
2
0
16
0
0
3
0
74
0
274
0
0
21
0
7
21
0
813
0
1
0
0
1
5
0
1
0
0
422
102
1
147
3
15
1
58
59
61
329
0
223
738
0
0
0
40
2188
16
43
16
150
92
2471
0
0
1
0
0
21
41
0
0
5
0
294
6
438
0
28
3
33
124
0
0
68
40
10
4
0
86
11
11
25
0
306
19
3178
6
0
108
1
20
0
0
56
0
0
266
126
5
79
15
19
1769
4
0
0
533
2
2
9
143
0
98
32
0
2
352
0
32
7
19
10
9
43
166
205
613
0
513
0
269
247
1159
2
0
19
88
278
0
0
0
842
0
83
1
27
64
1289
0
79
0
101
0
373
0
484
2
44
66
0
0
5795
3
44
1
2090
27
0
8
0
0
0
7
0
118
17
0
2
162
4
69
387
0
17
1226
188
5
206
114
41
0
6
0
39
1004
35
10
793
0
4
4
1
0
0
43
138
0
2
10
0
1
12
11
0
49
0
0
10
85
1239
66
0
668
258
0
487
33
0
299
90
78
0
0
114
71
111
73
0
93
0
1141
361
0
71
7
0
1113
53
58
4
0
11
0
0
101
37
401
0
0
4
17
72
0
0
52
1370
0
6
179
141
0
0
0
0
0
314
399
0
730
4
21
51
0
0
98
43
3
499
0
70
107
1146
211
0
1
1
30
91
65
1
102
0
71
0
0
42
76
499
0
0
94
2
1
178
0
3
0
25
0
0
51
0
0
0
0
2
110
9
0
19
19
4
181
0
479
0
1371
21
59
487
43
0
586
15
0
0
0
0
2077
2
77
0
0
19
372
0
233
0
0
18
8
6
0
22
0
0
0
0
22
2
14
0
309
0
0
119
75
1
35
103
0
2884
322
0
1
0
666
0
22
841
0
2
0
63
0
0
0
0
1
36
0
6
0
0
0
0
206
0
2
27
0
1711
0
74
0
62
394
0
0
0
329
994
70
0
0
164
49
30
0
61
68
0
3
94
0
96
2
945
26
84
1
27
71
0
3
0
229
0
12
21
0
1
0
3
6
22
236
134
46
0
73
77
0
42
1
366
2
235
0
0
0
67
0
0
407
7
3
0
131
423
160
0
2
3
3640
57
7
1
745
68
0
50
25
8
23
39
1053
6
0
0
36
112
0
55
251
0
3
31
836
7
3
8
192
13
0
0
0
342
451
1239
1
11
1
25
23
0
0
1636
0
295
3399
261
1
1
193
1484
4
16
19
0
87
0
588
3763
30
887
0
432
94
0
35
23
539
232
47
26
6
9
17
4
8
73
0
0
0
25
179
179
265
4
9
230
193
32
0
13
2
18
12
1315
0
0
17
74
3
0
0
28
150
0
4
37
0
0
21
3
0
1
0
0
3
0
0
0
1
31
0
0
0
6
0
0
7
93
35
1410
0
78
0
3
4
5
90
0
12
1600
6
0
0
4
5
198
7
0
387
0
18
695
1
78
61
0
50
39
2
13
0
148
26
0
0
572
543
5
727
93
761
0
11
0
0
1
12
0
0
0
2
0
0
21
0
271
996
0
1991
0
11
4
0
0
164
64
26
62
72
0
0
7
9
43
0
79
42
1
0
0
0
0
0
58
561
1229
188
0
8
1107
221
32
3
0
312
61
9
173
424
0
132
53
1
65
0
102
12
18
0
0
0
190
62
97
47
0
11
17
10
39
69
6
2
0
5
525
13
2
11
0
0
1
0
17
0
0
4
16
0
3
0
4
10
0
3
0
156
0
1
0
203
3
0
53
1
3
441
91
26
19
57
1
2
2
0
17
8
20
0
578
8
13
23
17
0
98
2
7
0
11
3
0
13
82
16
0
468
0
29
29
0
6
86
0
0
0
1
5
0
28
82
0
2
28
14
44
15
0
1
0
181
16
8
265
12
0
274
0
152
82
105
0
0
58
3
129
0
2
16
169
0
471
26
76
4
0
0
0
25
0
0
0
0
12
1
52
0
32
0
4
0
21
39
0
0
114
5
45
18
0
12
54
14
6
237
0
1
0
0
2
27
726
6
261
295
1
4
31
199
0
50
4
17
77
0
1
0
119
0
2
0
18
0
4004
0
158
9
0
0
2
5
0
0
94
0
10
11
38
1
66
0
0
0
31
683
24
2
0
1
8
170
0
170
829
2
19
87
91
2
0
0
16
0
64
0
41
58
4
29
126
0
10
15
4
0
0
0
41
2
1
7
88
413
0
1
0
421
77
69
0
0
32
0
0
4604
14
354
40
27
3
0
5
33
16
75
0
0
0
0
0
520
18573
4
0
5
88
49
27
0
13
0
6
0
0
30
6
28
60
16
10
17
0
0
91
12
8
10
0
13
22
9
0
0
7
42
320
0
0
106
10
698
0
67
433
1788
66
134
2
0
144
33
397
0
1
59
0
7
500
215
657
23
2
4
2586
39
0
333
10
20
8
3
0
0
83
0
276
41
0
3
9
6163
0
2
358
254
2
84
0
84
4
0
0
34
0
0
0
57
175
0
0
0
19
0
2337
0
27
1487
0
233
41
0
1976
680
8
5
11
0
0
187
0
26
3
78
86
18
448
0
0
27
0
0
72
1
36
418
0
42
712
0
35
0
178
0
0
50
37
2
40
0
0
0
9
278
0
0
9
0
0
445
24
2
195
0
432
70
152
0
4
0
57
87
0
1
20
3
100
0
0
3
5
7
22
0
0
191
0
0
4
7
21
0
39
15
38
0
5
3
0
87
17
26
0
23
0
46
1
0
0
12
79
0
0
49
16
19
13
188
0
9
0
0
553
62
60
11
0
55
31
12
218
124
5
0
1
12
414
15
98
9
0
2049
358
0
8
57
132
58
83
0
6
0
0
0
0
35
0
0
0
0
3
2
1
256
1
448
38
117
154
4
0
0
687
0
0
32
0
140
24
19
1
124
0
0
1
46
450
0
416
0
98
0
198
68
30
0
0
0
0
0
59
0
0
56
4
0
5
0
0
0
1
0
0
0
5
60
0
887
382
1
0
0
366
0
35
0
0
171
58
12
2
11
0
459
0
202
56
1
400
0
162
9
3
121
86
2
8
133
649
0
885
65
0
0
0
1475
89
3
29
0
47
0
0
0
4
5405
0
37
70
0
517
0
345
0
24
0
346
0
838
0
12
0
0
0
84
618
0
125
0
0
33
10
5
0
4172
0
0
0
26
115
1
656
194
556
1112
470
98
0
6
74
14
34
0
0
0
78
1
150
0
0
4
21
186
0
0
0
0
0
0
110
1362
340
0
402
18
0
25
516
54
15
6
1
70
1
0
0
2
316
9
0
1
0
4
1
34
0
0
97
8
58
919
60
1
11
159
0
178
47
64
9
70
0
416
15
0
0
140
12
166
0
140
4
0
0
182
3
0
517
492
0
1869
0
225
0
454
594
0
371
245
2
0
1361
0
75
2
421
0
0
125
75
2
238
49
39
674
27
2748
29
9
70
229
0
0
0
8
647
2638
4
741
122
0
87
11
0
0
113
0
35
0
1
15
204
3
41
0
324
0
34
0
21
0
0
0
0
1
19
129
29
0
828
997
0
135
275
0
107
1
0
0
0
18
45
25
132
1365
122
0
11
2
497
0
0
0
1
0
53
2580
9
0
105
106
326
0
92
0
23
2
56
22
0
61
6983
4
0
0
2
1
194
0
0
0
19
0
0
0
0
490
0
138
87
0
74
2
5
22
3975
11
31
0
0
293
0
0
619
0
0
210
0
6
0
15
0
0
89
34
0
0
0
34
1
0
0
42
46
982
1
0
0
0
0
0
2
93
0
0
0
265
1834
0
15
47
3
81
2
745
6
169
95
0
158
830
0
683
259
0
69
0
0
5309
20
0
169
0
7
18
0
445
1
397
2572
0
0
0
0
0
9
105
1
334
17905
554
0
0
0
0
0
3
168
0
12
46
41
129
639
203
0
0
56
0
22
0
1173
329
2
111
0
0
81
10
37
0
19
0
130
5
0
478
43
0
0
48
370
0
0
0
16
0
0
64
382
0
155
67
0
9
229
3
3
4
0
1182
22
210
72
0
3
0
0
0
2158
7
167
124
0
26
903
243
0
0
1975
0
0
0
21
0
0
0
136
303
85
46
0
1010
0
0
19
30
870
91
57
31
0
9
0
6
13
0
667
50
0
27
1
0
0
0
0
917
3
26
42
2
130
0
0
56
196
29
0
0
2
0
2
253
220
0
1
59
0
13
34
0
783
257
0
0
661
1047
176
13
75
0
0
22
0
5
23
4
172
0
0
43
63
0
392
0
0
70
180
172
0
0
80
329
174
85
2
0
21
0
1560
168
837
0
1
13
162
94
5
0
0
628
2
0
0
0
2
0
0
0
0
1
5
11
0
66
0
206
11
0
34
0
153
1442
0
3
0
0
0
0
4
0
105
935
54
17
9
0
411
0
69
1100
21
60
4
10
42
0
60
30
3
0
0
0
7
0
61
0
9
567
0
121
73
0
0
0
0
0
1
0
10
244
1
0
2
0
0
0
0
0
384
5
413
880
4
8
367
1847
0
25
40
0
710
5
19
80
557
0
117
0
2
0
693
25
0
0
1
0
26
119
219
0
148
223
476
0
0
57
446
134
1
48
1448
0
278
0
118
640
459
0
37
22
0
0
155
811
3
0
205
10
20
1
0
19
0
0
0
268
30
85
294
99
73
166
0
33
289
48
0
0
25
0
76
4
12
3401
0
91
53
0
423
32
2
0
9
54
0
281
0
32
0
336
24
296
0
36
0
0
0
0
3
0
273
15
3
10
0
0
0
48
0
440
0
10
0
3
0
0
53
10
0
19
1
257
161
4
124
61
187
51
0
99
79
0
27
7
395
0
700
0
288
0
4
64
0
0
107
0
1897
58
414
289
48
0
0
0
0
0
11
1
0
0
200
0
129
425
0
0
498
0
0
0
0
0
5
0
3
0
4
22
0
16
0
190
4
185
0
0
3
3
71
0
1
0
66
0
379
75
0
0
129
0
0
19
0
0
0
1
0
160
0
23
1754
0
166
0
121
2
3
0
21
544
257
262
200
46
77
24
207
0
13
0
244
0
185
13
0
395
2
187
347
0
13
0
189
0
0
437
42
14
0
132
4
2
34
40
0
0
0
0
0
114
0
216
0
37
260
0
0
1141
458
0
0
329
0
102
0
174
0
0
451
19
6
2070
949
134
185
0
0
15
0
52
0
261
2
27
143
297
111
1
90
182
46
0
142
93
0
1
226
106
0
73
30
0
0
0
2
25
83
0
0
99
137
84
0
936
3092
956
28
291
1968
0
107
2
1
47
48
67
141
23
2
134
0
0
134
503
0
8
14
284
703
2
18
1
106
25
1588
107
49
604
12
5
0
1913
38
61
15
0
4
86
47
0
96
59
0
65
488
1
546
61
0
0
0
4
561
43
203
0
0
175
0
0
0
4
0
49
494
0
10
0
0
57
41
0
0
76
0
0
0
1392
6
0
7
90
75
1584
207
0
0
0
0
64
89
0
2
6
0
19
0
88
0
0
54
0
0
9
151
0
47
1
0
0
3
426
0
22
0
74
0
266
230
0
29
0
0
4
10
1214
3
13
0
354
66
2
20
1
51
10
14
0
813
127
0
122
21
0
0
69
0
21
275
0
0
0
0
0
0
19
10394
5
0
81
0
99
12
6
0
0
19
18
0
0
0
302
50
82
0
33
33
40
1
484
0
6
0
5
27
547
16
13
0
0
10
4
6809
0
0
7
606
273
7
0
0
0
0
0
9
64
61
0
19
0
16
53
0
23
0
0
80
307
0
0
7
5
1
246
120
1
661
80
0
0
93
1
7
0
13
0
361
0
3
0
3
18
1
0
1728
0
0
383
58
0
3
6
0
0
0
0
0
17
0
93
5
0
234
1794
0
0
188
0
0
11716
40
1509
32
16
5
28
12
0
664
0
97
16
2
124
3
0
119
882
1013
3
0
50
2
3
31
24
278
6
2
0
0
442
1988
52
73
46
0
141
16
0
0
6
5
0
0
295
0
215
5
47
0
138
0
0
37
0
3
0
1
0
64
0
0
48
0
39
2
0
2460
23
0
15
0
0
24
171
0
0
21
1
0
0
0
84
0
233
25
1265
1
3
160
9
0
0
0
1
0
10
40
2
10
0
26
17
43
0
295
156
7
548
184
0
1028
34
0
10
1
0
0
0
8
21
8
160
0
21
0
8
0
30
7
0
0
0
96
1
13
195
255
20
0
0
0
0
32
9
0
355
908
26
0
0
6
150
13
0
0
2353
44
0
898
493
0
77
0
0
79
0
92
545
0
0
237
3
0
4
0
0
0
161
6
0
119
43
0
28
21
0
143
2
236
7
7
79
9
199
31
0
0
86
249
2235
32
443
6
351
0
248
21
0
92
0
86
2
856
414
1
13
155
188
0
0
776
0
0
414
59
26
0
40
0
0
0
30
0
0
61
44
372
0
0
90
464
52
2
663
0
0
0
8
0
0
1
37
202
21
10
0
13
68
8
0
8
1
1229
0
0
92
382
116
75
48
30
139
3
468
134
332
32
0
15
385
102
5
136
0
88
396
18
206
0
0
14
3
30
105
10
0
22614
43
1
5803
41
2
0
71
432
0
122
0
0
6
14
0
5
0
1
277
0
0
0
16
3
62
25
0
0
151
0
0
309
6
120
0
62
0
0
55
0
16
0
688
26
0
14
0
5
5
0
8
0
130
26
0
0
2
63
4
1530
171
89
570
83
110
0
12
3
1
196
0
0
9
19
104
0
22
629
0
0
141
0
455
7
181
0
24
1614
8
0
0
7
141
2221
0
0
0
3
0
1
0
0
2
0
38
147
4
1
67
26
175
118
0
830
685
0
104
117
172
0
220
16
481
624
0
18
1
0
0
0
79
5
131
3
0
25
41
0
2
19
0
63
12
0
285
0
0
0
0
1
32
0
0
150
0
129
89
14
0
941
17
0
26
3
168
0
0
0
1
0
0
0
111
0
29
0
615
137
1
0
461
0
90
423
2227
77
0
34
314
0
0
0
0
0
59
1337
5
85
65
140
101
0
96
64
27
11
1
0
10
1
16
1139
15
42
2008
11
0
12
0
2
916
416
0
0
24
775
0
671
0
71
11
170
282
0
0
24
0
33
1
0
29
328
0
1
37
61
2
90
3
1
46
2
31
2
15
0
56
503
383
5
0
0
245
7
0
245
75
30
0
0
0
0
0
57
80
0
484
14
1
977
92
0
0
0
47
5
12
28
51
16
0
0
59
5
1259
0
5
0
40
26
0
1
0
212
0
602
0
0
346
0
4
0
0
0
763
4
0
0
21
165
0
80
0
0
0
0
179
88
0
8
0
0
12
498
92
0
6
6
0
71
0
2
15
2
416
316
265
9
165
285
0
0
144
6
535
761
2
2
56
91
389
65
185
4
227
0
682
190
23
0
0
19
0
26
30
99
25
0
83
0
3397
0
0
0
31
96
71
332
0
0
0
3
0
1103
578
0
3
0
6
0
251
54
746
16
389
3
1
0
439
2
0
10
56
67
1
6
40
30
0
1
3
0
676
465
1328
10
1700
0
3
76
85
57
1
0
140
68
118
14
0
0
0
0
11
611
0
690
0
25
159
794
0
345
0
0
10
8
111
0
0
65
3
4883
4
18
138
1
0
10
62
23
8
1
49
0
4
25
1
0
7
0
7
0
0
3
29
0
0
241
0
316
87
0
0
372
0
0
3
512
6
0
0
163
304
9
68
305
263
0
4
127
80
0
37
212
1
0
6
206
0
16
11
0
2
45
1
4036
37
291
96
383
8
0
0
0
1
0
317
7
30
0
222
0
1
241
7
622
0
164
23
0
0
1
3
0
1
0
0
1
82
2
34
0
3
0
55
105
0
16
0
0
0
0
4
0
0
13
0
66
823
7
0
0
109
0
0
2
0
2
25
0
17
90
199
6
1849
418
58
4
0
115
1
635
0
0
0
146
55
43
0
7
5
0
131
0
0
5
1619
21
0
13
63
12
313
0
0
426
232
35
0
34
0
79
2
0
0
443
194
0
1
73
0
0
0
0
0
334
14
114
2923
851
976
21
0
5
49
42
110
0
0
0
4569
202
584
554
0
0
76
86
260
53
106
0
0
12
73
253
0
0
79
311
0
145
237
0
0
0
98
0
0
688
138
337
138
62
0
0
71
169
57
0
21
279
5
0
7
4
34
238
0
0
24
118
1
6
38
3
473
0
9
106
311
1
0
68
0
0
100
168
11
2
0
831
0
179
0
49
431
0
0
99
0
0
174
0
0
0
11
430
0
469
0
12
0
0
0
0
1842
18
73
66
340
63
141
43
204
0
23
41
30
189
24
67
26
431
18
68
101
1716
196
0
61
0
15
345
57
346
6
1
2
882
49
34
0
23
2797
87
315
0
129
84
4
0
0
0
44
969
1
74
86
167
753
1
23
24
0
6
37
221
19
395
0
345
0
0
0
1
89
110
0
5
0
105
0
3
5
1017
92
49
159
2
13
0
0
80
4
107
32
0
0
0
19
0
20
1
499
0
0
94
4
0
43
0
12
0
159
252
2
20
44
0
285
0
66
61
186
2
560
0
43
0
3
236
7
1
18
36
453
149
0
0
0
2
0
38
0
1180
0
66
1
0
940
23
195
7
0
16
0
76
391
289
179
23
50
684
0
460
8
0
43
396
39
20
0
0
5
0
0
335
0
0
0
58
2
0
76
115
21
71
0
142
0
0
22
0
0
0
315
21
1
363
0
1
39
463
0
0
0
25
31
0
189
17
3
0
25
0
1087
0
0
0
0
223
0
2116
0
10
31
0
6848
0
3
221
65
0
0
14
0
327
40
232
143
19
2
0
82
14
2
20
2
0
0
0
138
1
0
0
17
4
12
0
19
24
0
0
406
21
26
26
0
9446
52
12
3
462
177
4
598
25
663
0
2
525
2047
27
269
109
4
0
0
38
0
1660
0
0
0
62
0
0
10
6
0
0
0
128
0
2
0
0
280
2
2
423
0
0
0
0
0
7
280
23
1
177
1
2
0
0
0
0
45
22
381
0
0
0
0
0
0
0
545
47
0
2
578
14
397
0
51
2891
156
0
1
31
4
17
0
20
18
0
0
30
142
0
23
5
709
1
0
387
6
0
42
11
0
6
0
0
0
1
0
0
856
26
4
0
0
169
38
755
0
4
0
34
0
0
0
2
0
161
0
1
3
20
160
48
12
0
0
987
17
0
1
3638
0
0
230
0
200
3
0
161
30
0
0
0
1
37
99
0
0
0
8
21
27
0
19
371
945
0
9
0
2
1
0
81
0
0
0
92
6
1
0
19
1
39
0
0
12
40
0
0
0
24
0
5
0
38
7
31
9
0
0
0
0
28
11
0
12
0
0
0
99
0
0
409
28
34
33
0
0
8
0
279
16
12
0
198
17
127
1
2
177
12
19
110
0
2
45
37
0
17
18
12
117
0
68
63
0
1
0
12
3
96
376
104
0
0
0
2
0
0
0
42
12
0
13
0
13
0
0
0
0
0
0
3
5005
0
206
393
0
0
3
8
11
0
163
6
0
0
0
1
4
164
920
16
133
32
29
97
1
0
0
256
0
0
80
0
10
0
0
0
47
0
1
3
36
1
81
17
0
5
108
41
1
66
16
0
0
0
0
10
1
0
0
0
24
0
196
2
11
72
0
3
0
0
0
25
0
0
0
64
0
0
337
62
0
0
0
173
17
0
86
66
57
304
98
1
0
0
5
0
125
1
1
6
0
3
1
82
124
58
40
28
0
0
0
1
191
0
120
0
4
15
126
240
1
2888
528
2920
202
76
10
246
596
911
0
5
0
0
9
0
5
16
0
0
7
227
252
1
159
114
16
181
284
2
0
225
0
125
0
104
0
1013
38
0
68
0
0
127
372
40
37
14
4031
7
51
0
0
0
9
130
84
6
0
46
1247
2
10
1343
0
241
0
22
0
0
5
0
0
25
16
12
326
0
0
25
2
23
0
0
1
99
402
20
1
1
0
0
13
0
18
438
207
9
0
0
46
434
0
195
13
179
39
0
68
11
1
5
1
0
1615
0
0
186
0
117
420
3
1
0
27
40
10
148
2
0
336
50
99
2
94
21
0
229
0
8
0
0
0
0
24
10
482
14
143
0
0
81
0
0
0
27
0
238
0
0
0
2
1
0
0
12
0
359
3
248
2
0
21
0
0
24
41
7
34
0
3
0
0
3
8
299
4
0
54
7
81
0
14396
14
0
124
0
302
18
26
4
1
3
42
59
0
0
55
0
11
0
0
0
1
70
118
0
16
0
2
50
0
2
952
19
1
235
0
0
17
8
5
8
0
32
123
0
0
136
0
19
0
0
0
189
10
128
0
2
166
29
47
0
1
31
12
0
0
0
1
2
0
0
4
235
0
0
0
21
299
120
9
0
0
3
0
77
0
10
0
0
109
0
0
32
29
250
376
137
12
152
0
627
194
0
221
127
254
0
2
0
349
3020
11
130
18
0
89
2
172
0
0
221
0
0
0
0
1
2
0
0
0
0
58
0
115
0
0
40
0
276
0
0
0
0
0
67
1834
465
548
0
300
298
5
1
32
1
3
93
802
0
39
2485
298
349
1254
0
311
122
0
54
0
0
4
0
0
1
41
0
1
0
30
19
0
535
0
7
44
39
29
4
12
17
0
0
0
0
68
50
0
83
145
11
29
0
45
9
1393
0
0
0
1
79
0
7
41
15
56
0
0
107
169
0
0
74
856
0
2407
863
0
212
114
2
395
1
2311
0
0
4
0
206
44
1
0
0
1449
376
0
0
21
53
12
28
0
8
10
0
462
367
0
0
0
161
0
69
0
0
197
0
663
10
0
340
119
0
0
0
23
0
49
9
4
157
228
0
49
6
546
0
3935
467
7
82
4
0
42
93
307
69
35
0
143
4222
44
4
2092
0
0
10
0
1542
5
13
380
24
0
0
355
320
0
4
4
8
0
19
3
79
668
32
40
0
123
1145
7
332
11
6
25
5
331
0
659
2805
0
0
160
1649
394
0
2
2
22
0
958
12
0
111
181
0
1
6
3
0
26
101
0
14
5248
454
0
2321
1078
2
297
75
40
131
2
0
226
10
1229
1
120
22
192
0
1467
0
0
203
6
806
28
0
454
50
8
102
63
2662
111
1035
70
29
0
21
158
86
1612
5
151
1
10
0
119
0
0
0
0
1
1
77
0
13
4
78
0
3
236
0
0
6
0
0
5
45
226
10
0
0
197
0
0
1075
13
0
0
3
2002
0
0
7
43
193
0
0
0
106
0
16
10
511
64
199
0
0
1
0
0
0
76
2
14
0
12
0
32
90
308
0
28
0
16
15
26
45
1
12
0
4
13
19
0
25
121
0
28
51
0
14
108
0
397
4
117
86
378
17
19
0
564
0
0
1641
7
0
1
16
191
0
341
2512
107
206
304
3
651
22
64
189
149
1308
0
680
0
9
1
12
0
108
73
110
0
97
0
1
0
0
0
24
7910
0
204
63
0
0
1
0
3
0
0
94
1124
119
42
19
37
0
20
0
5
1
0
8201
74
145
90
0
456
1
143
808
0
110
3
1
0
0
0
205
13
26
285
302
124
20
57
0
26
99
667
0
7
0
7
491
517
3
0
2
0
0
10
766
1118
112
2
1167
0
24
1
729
39
0
0
0
166
869
0
22
1
0
54
12
71
0
73
129
7
1
0
0
1114
24
0
10
135
0
0
93
863
29
0
2073
94
31
0
511
0
120
2
1385
26
208
0
26
2
39
0
12
0
1838
55
11
0
2
0
78
989
98
0
2
0
0
350
0
107
0
38
54
1
282
31
78
3310
8
181
76
33
0
105
63
0
0
0
274
635
0
0
0
115
0
0
0
8
36
0
3
0
4
9
18
1
2
4
0
0
651
2
338
29
0
0
0
60
0
0
81
0
0
1
0
18
0
0
2
210
153
0
566
23
0
0
64
4
33
0
0
0
320
0
11
0
0
344
0
0
325
41
0
67
0
86
62
0
322
0
19
0
0
661
0
0
0
1286
96
0
809
33
105
0
31
1077
0
0
0
150
28
0
42
0
19
0
14
0
37
4
0
4
359
94
7
0
0
0
2
83
0
0
25
1
2
1057
0
45
0
42
64
7
22
2
16
0
248
16
115
0
0
26
81
2
86
0
0
0
1
242
2
21
45
0
6
0
0
31
37
0
2906
83
0
0
285
173
82
0
14
101
104
39
0
40
55
19
0
229
0
0
21
6
0
6
0
97
0
28
0
14
0
7
372
2
94
238
79
0
0
27
358
0
0
19
10
0
2
1640
81
0
1019
5
455
0
0
22
44
1
16
0
0
3
3
0
0
0
0
170
146
19
0
0
55
0
7
5
0
550
0
4
170
8
3
5
231
47
300
0
679
36
529
0
0
4
271
130
2068
11
0
0
0
1
99
0
0
0
11
21
0
8
0
22
15
8
31
0
3
6
0
0
3
0
56
6
0
39
0
155
0
58
0
252
31
73
195
0
0
31
0
78
11
0
0
158
41
185
195
1
103
893
46
0
12
68
309
11
0
43
0
1215
0
0
0
28
142
21
108
32
1
8
4
0
9
235
17
113
0
2
894
1
0
7
21
0
0
224
1
2
0
0
0
126
124
20
0
0
0
1
183
0
324
0
17
80
62
172
271
133
1
2
40
16
33
337
0
0
216
0
114
2
673
512
825
4
0
0
22
4
2
37
23
0
0
0
0
0
10
15
0
240
0
21
202
0
32
5
5
0
142
7
0
3
12
22
0
0
16
0
1
0
0
0
0
1
0
1
4
399
18
495
0
0
0
24
0
25
0
0
68
537
0
14
0
178
28
383
5
0
23
11
7
112
2245
0
0
13
8
0
18
445
0
0
0
0
512
7
97
66
16
0
24
90
1
0
22
15
71
1050
21
0
0
0
364
0
12
1
0
0
40
46
16
71
0
72
0
14
491
46
0
11
7
6
5
31
0
58
82
110
69
217
4
29
2
6
277
0
1
2
1
0
0
0
0
0
15645
89
6
2
0
1030
2753
2
2
0
5
113
56
0
509
13
0
0
682
1
0
68
13
0
0
277
3
4
0
0
0
0
0
2
0
0
729
2
0
3491
2
3
0
0
0
4
6
0
5
34
1
25
567
0
0
66
53
47
0
530
6
18
39
0
63
0
345
0
1
0
1639
3
261
0
0
82
178
45
74
28
967
0
0
65
268
42
0
0
0
3
0
0
135
208
0
0
1
6
0
3
2
0
898
0
0
0
835
15
213
1
483
0
1054
1
1
95
349
1
8
0
40
36
305
0
1
84
0
21
0
0
62
0
0
0
560
43
151
0
0
184
1
16
5
0
52
0
249
211
29
1
0
11
435
38
16
238
1
0
0
372
41
0
46
0
267
244
4
0
87
51
278
0
0
0
159
868
595
9
1638
0
6
0
3627
8
1044
824
0
2
0
410
7
0
28
50
73
29
0
69
0
0
0
33
0
1
727
279
211
0
0
465
3
27
0
147
128
490
2978
0
0
0
1870
0
340
0
0
217
7
13
0
4
0
0
9
0
0
21
12428
70
36
0
0
76
4
395
2993
94
0
157
102
436
0
1
0
0
165
2
1
7
122
1
270
158
532
0
88
0
96
5
1753
0
1
0
39
157
141
22
160
4
0
0
242
45
0
364
0
12
2
0
34
38
1
5
0
0
1
0
175
12
16
378
0
138
1
1
2
44
0
10
0
25
1
2
3
7
79
0
157
29
49
20
0
3
0
979
17
6
2156
0
0
225
0
48
128
0
101
562
51
190
300
17
2
328
0
0
703
0
0
1456
29
0
118
23
30
0
0
3
631
1
12
69
35
355
130
0
0
0
132
13
91
13
135
5
218
0
27
0
5028
131
0
117
10
6
3
0
9
47
5
122
330
158
0
710
0
13
0
1
0
49
72
19
93
9
59
243
534
8
69
16
14
14
0
62
0
1
0
0
0
0
804
0
793
832
0
2
6
14
0
65
16
0
11
0
7
0
0
322
153
4812
0
18
0
0
1149
23
1
2052
2
191
142
0
35
0
0
58
26
18
413
576
235
69
71
45
0
149
94
0
0
3
11
0
0
249
0
66
186
14363
5
7
219
156
34
0
165
2
0
31
0
15
21
258
98
111
43
12
9
0
11
40
93
20
202
5
202
6
3
1
3
0
218
73
235
0
0
0
0
0
3
2
17
208
15
94
0
2
0
6
0
284
11
1
22
33
0
212
123
0
0
3
0
82
0
0
866
46
5
756
0
5
588
247
0
0
157
0
0
4
0
2
0
606
2739
88
29
0
462
0
0
0
346
0
602
2
80
2
8
1
1
1
180
9
37
229
38
0
35
3
1
680
299
3
11
82
0
0
58
69
12426
0
2
0
6
6
61
116
0
0
520
0
499
553
686
0
29
1685
997
633
172
0
0
0
7
59
18
0
151
18
56
0
58
0
30
0
4
201
0
35
82
0
127
11
275
717
207
0
202
0
2616
34
2368
153
57
10
3
214
0
91
36
86
100
7
1
0
136
0
0
135
58
129
14
605
517
0
334
7
384
507
45
250
454
0
15
0
53
447
2
5
0
927
6
404
32
0
25
8
19
0
0
20
353
0
0
42
14
60
217
18
0
0
0
0
68
0
0
492
587
115
397
8
28
163
568
75
390
0
0
153
19
9
0
158
17
8
0
151
9
0
0
0
0
0
20
241
0
1194
781
247
0
1547
96
17
5
445
13
1
0
2
0
0
0
5
127
1
9
386
22
0
566
39
0
537
54
735
1
0
0
431
210
505
275
0
358
526
9
506
30
26
0
19
213
60
500
5
0
7
59
193
49
260
69
195
31
0
0
2
1
0
0
12
47
0
30
1
0
0
1
127
15
0
10
14
40
2
15
157
6
0
0
0
99
0
56
30
71
3
4
0
3
195
0
10
17
0
211
19
4
0
7
671
1617
848
47
0
12
3
937
0
0
9
874
57
0
39
27
0
0
0
58
295
199
138
57
0
25
39
110
0
239
112
13
0
8
0
128
5
0
0
11
103
0
974
14
0
67
2
12
7
169
8
30
336
17
1038
0
0
9
97
59
1478
0
1313
0
287
65
6
44
0
902
0
224
54
115
305
0
688
1246
0
2
0
0
0
21
0
34
14
16
174
56
0
20
0
56
2
0
0
20
268
557
280
126
370
2444
663
1
15
34
4
85
374
0
2
0
9
29
34
0
4
953
0
41
141
262
19
0
11
0
87
21
593
0
0
495
5
1
0
92
205
484
0
12
0
0
0
0
33
0
72
0
37
0
0
54
19
0
7
0
61
525
0
268
8
0
1
0
5
1
0
0
515
570
2
3
525
11
14
298
65
0
8
4
387
148
36
160
0
17
0
0
1
19
0
73
15
68
77
11
0
14
0
81
0
11
26
16
7
0
0
0
0
120
0
168
0
0
0
0
1730
0
0
0
36
0
0
0
10
11
0
0
762
103
347
4024
384
0
8
0
599
2
1
0
110
367
17
94
0
1
0
0
73
123
57
10
582
194
44
349
8
46
170
161
103
111
0
0
0
0
0
0
0
0
4
0
1
0
0
0
0
0
0
54
127
165
291
108
0
4
0
0
0
1
246
151
0
0
0
0
0
0
255
90
0
0
0
0
32
0
1
4
7
0
0
0
0
0
22
24
56
95
0
0
0
0
0
1049
526
0
287
11
0
8
76
58
258
3000
0
13
1
2
0
0
126
0
55
5
2
0
0
0
0
363
23
0
0
0
0
0
0
0
5
375
0
21
14
1
0
0
0
9
136
0
2
232
0
0
0
52
111
371
79
26
45
59
0
0
4
0
0
28
15
0
0
130
2
0
7
0
0
0
120
1
51
9
0
0
0
0
0
0
0
81
43
590
0
0
0
0
0
0
0
0
0
0
0
0
7
0
0
0
0
0
0
0
0
0
0
103
6
1827
0
0
1
0
2569
84
48
29
83
53
73
53
112
6749
25429
50
0
21
46
0
0
0
262
51
120
0
0
0
16
0
0
0
41
0
2
68
8
61
216
0
1
0
0
126
39
0
0
2
1447
4
18
0
0
0
1
23
33
0
1
26
0
0
0
0
109
35
4
0
0
0
34
9
14
12
39
0
0
0
0
0
3
0
0
3
41
27
0
0
538
1384
21
506
5739
0
0
11
8
5
0
0
34
7
0
0
193
31
0
0
0
19
22
0
0
0
0
0
4
20
0
0
2
361
128
234
21
88
1386
0
476
879
39
0
0
0
0
0
1
0
0
16
0
260
0
0
6
0
5
2
0
0
0
0
0
0
484
32
1352
1
2612
4434
110
2
0
77
39
0
128
5
0
0
1335
252
0
0
147
12
176
56
0
6
2
134
1
0
0
0
0
5
2
0
0
0
0
0
0
0
1
0
0
0
0
0
81
3
0
14
126
0
0
0
224
0
2
427
2
2077
141
54
83
0
30
0
0
43
8
2
2
0
1
21
0
0
59
0
0
720
1010
12
2887
3
57
0
0
0
2
0
0
0
0
0
1623
2891
1
0
71
2
0
0
0
0
45
16
0
0
0
0
6
105
0
0
18
1
1
0
0
0
0
0
0
0
0
25
0
0
0
0
0
0
0
0
0
0
0
0
0
0
0
1
0
0
0
0
3
4
0
0
0
0
0
0
