24_BitC_45_2
4
0
10
983
25
149
24
0
3
14
0
262
29
138
5
0
479
3
0
17
871
16
20
0
0
650
0
25
13
29
23
4
9
37
5114
60
0
0
5
0
19
0
6
3
14
1082
0
142
15
286
4
86
0
544
0
1
278
44
2
985
21
0
0
0
15
45
0
1866
47
4
1755
272
68
5
20
1
627
0
8
1
0
6
0
27
679
6
17
184
6
10
466
0
376
0
0
819
5
0
1441
0
11
0
25
477
88
5
2
3
0
436
0
0
36
0
0
1
4
188
90
610
14
7
0
206
78
278
127
0
1111
40
5
0
4
91
5
5
6
91
8
0
6
4
16
0
1057
117
22
10
40
35
17
4
66
0
10
832
2
8
0
630
0
0
2
0
106
54
51
170
0
0
2
0
130
0
0
209
58
3
0
90
498
615
0
128
47
82
238
9
97
2
0
649
60
24
0
131
0
2
0
70
57
124
0
12
28
0
8
72
16
27
2
12
31
0
0
0
72
30
5
32
259
0
0
166
0
3
3
117
13
65
0
0
80
416
581
0
273
18
0
0
0
0
13
301
3
25
40
178
4
2
75
132
20
0
258
105
0
0
0
3
137
575
788
1637
87
0
0
0
122
17
0
726
0
9
95
5
0
3
561
105
487
122
0
1408
5
494
2
0
0
114
0
0
2
55
0
0
28
0
136
0
0
0
1
89
269
0
144
27
2145
0
0
0
0
0
0
89
0
75
186
0
60
0
267
61
0
100
17
27
0
68
280
249
164
0
0
364
16
15
0
0
994
170
59
520
0
35
66
32
84
0
820
0
73
6
21
12
638
221
45
13
10
6
7
432
1
0
0
166
136
1009
125
441
23
145
9
0
3
12
0
78
0
237
0
0
1051
6
87
42
27
0
138
4
3
100
243
143
49
0
27
78
19
7
0
0
0
112
3
0
1
4
0
100
0
2453
10
126
0
14
0
3
621
105
8
0
63
0
17
291
81
0
137
0
27
42
30
3
131
8
0
0
18
2
438
684
0
55
881
142
63
0
0
0
13
3
6
7
0
0
0
3
1
7
0
0
0
14
177
0
383
3
88
0
161
0
0
6
82
0
267
91
418
49
175
637
323
23
0
0
17
9
154
58
82
136
0
81
0
3
0
3
706
0
507
23
88
118
0
0
48
0
12
0
0
732
29
417
36
0
19
0
784
199
0
412
5
65
27
4
15
73
32
41
477
2
23
59
330
143
65
0
0
0
6
0
301
100
4
5
21
0
6
0
46
0
0
3
0
0
0
3
0
844
0
306
0
169
0
0
0
433
279
29
6
148
0
204
4
15
0
8
3
83
0
771
11
11
5
13
0
9632
12
20
1
201
0
270
125
4
0
0
81
0
0
0
17
141
0
1
0
0
1716
0
85
135
6
3
96
9
91
25
4
7
0
6
0
26
39
0
0
1
24
2
2
67
3
25
82
53
81
42
640
0
0
0
2
0
0
3
5
142
587
61
4
157
10
139
7
0
111
21
3
149
0
0
217
13
124
169
6
0
0
0
131
0
4
4
286
0
3
2
6
332
2
339
0
1
0
0
9
17
163
42
9
254
0
132
136
787
77
10
0
5
9
7
89
0
18
5
97
76
0
12
0
0
0
5
52
20
63
5
113
1370
18
49
65
1253
1759
3
0
1394
352
13
22
0
720
0
0
0
0
614
327
0
0
16
30
0
65
1
10
26
346
0
121
0
262
0
0
0
10
6
0
302
639
0
0
197
2400
0
215
16
98
120
183
76
0
3
280
0
4
63
3
24
157
0
0
385
17
55
22
114
121
211
14
90
42
0
0
3
616
3
25
3
0
202
0
0
0
0
98
1
0
3
14
0
90
20
0
19
0
125
23
557
22
13
0
273
8
16
4
0
22
0
264
72
0
0
16
0
15
2
27
87
9
0
0
9
2
240
51
0
17
8
10
0
14
212
3
148
474
310
171
252
51
148
160
4
43
266
0
88
41
0
655
9
225
62
139
3
0
414
0
0
19
9
114
619
16
0
8
0
7
0
355
84
10
3
0
0
591
0
0
919
2
18
0
186
0
0
535
28
128
173
39
0
0
0
5
12
87
904
342
1
0
4
0
297
30
0
13
67
0
3
47
67
45
4
222
6
0
351
3
2
4
0
175
6
229
73
12
57
48
1
24
0
0
29
29
555
144
29
19
110
0
0
956
221
0
96
0
150
0
0
17
481
0
62
0
1
2
9
5
2
0
108
105
51
7
0
11
0
26
0
0
653
11
20
301
0
3
0
0
14
13
1
480
56
284
474
0
58
0
0
1861
0
931
38
12
0
977
396
126
44
1076
0
53
0
0
3565
7
0
0
0
45
0
0
1
4
39
217
451
310
60
0
6
0
30
74
7
1
2
1
48
877
216
158
59
3
0
44
87
10
3
8
0
6
0
1149
357
1208
1052
0
0
3
0
3
52
0
0
0
143
10
11
0
73
650
397
0
159
460
161
51
36
12
0
0
143
5
0
1
0
4
0
5
0
49
42
10
0
0
0
4
1113
289
0
0
1
81
94
4
0
0
1
82
28
0
191
0
2
58
0
28
348
0
379
104
2
4
4
78
0
0
0
3
166
527
90
807
155
33
299
248
111
134
0
20
95
42
94
0
0
0
0
3
884
24
477
5
0
62
70
0
9
184
117
156
344
5
113
118
0
6
0
16
0
21
7
5
223
130
38
0
6
425
0
0
0
238
29
1120
1969
0
49
1102
7
84
28
80
20
630
200
2
3
26
0
300
13
529
2
301
0
236
0
92
464
23
0
488
0
0
58
0
227
499
0
0
2
604
0
283
0
0
5
42
0
144
1
0
9
1
3
2
0
4
0
14
26
47
2
394
313
21
211
699
0
0
1718
0
0
0
168
10
126
0
288
0
0
0
194
18
0
0
120
0
1239
0
1
0
17
28
105
22
270
20
4
31
1
29
0
14
94
136
256
0
3
77
0
111
1017
25
0
0
0
1
960
9
0
20
4
20
11
0
2
0
1
13
769
0
489
40
0
4
20
0
25
11
174
0
63
99
0
57
16
230
0
0
0
869
5
0
2
62
11
0
2
53
0
0
84
5
289
1
0
26
15
0
1666
0
25
1369
14
189
0
108
7
26
0
0
0
177
179
6
0
2
30
45
0
6
6
0
2
17
0
135
0
0
6
8
107
18
0
2
6
79
1062
189
2
0
0
55
0
0
582
563
10
82
3983
15
89
121
22
65
30
196
3
13
97
1110
20
25
45
37
92
0
0
238
28
8
148
4
1327
20
214
181
121
0
17
0
60
0
2
0
1
205
0
221
0
837
12
27
713
66
40
5
0
0
2
24
0
162
0
0
270
53
2
0
2
0
4
0
389
2
15
8
0
6
0
0
0
0
0
16
0
0
5
0
0
3
0
0
0
2
287
4
42
0
16
55
69
0
0
101
1
1459
25
0
0
0
0
2
6
86
63
379
3
156
18
464
435
0
0
3
711
0
101
206
2386
2808
0
2
0
29
7
19
2
0
72
4
20
755
180
1226
8
10
75
0
14
0
11
472
103
578
0
2329
0
88
8
60
63
0
12
0
7
2
4
0
0
326
215
0
233
26
0
8
15
152
349
228
46
178
2365
2
85
0
118
194
52
237
742
8
0
4
252
88
0
11
95
32
22
5
0
21
58
355
0
6
0
9
224
0
537
0
1
15
0
0
49
2282
10
214
0
0
7
324
0
138
0
38
0
0
354
57
7
42
0
1
0
2
214
5
1
0
9
0
0
0
179
22
8
2
9
12
0
0
7
81
4
10
65
0
34
38
93
0
5
0
0
56
0
12
0
3
105
193
15
473
3388
11
364
138
1841
0
67
0
69
0
0
364
0
202
44
0
0
0
0
463
37
0
38
209
1
91
0
0
0
3
17
0
0
924
160
0
0
169
294
155
0
0
40
0
1
0
309
0
77
0
0
18
0
81
0
0
11
0
49
0
0
0
0
3
1461
91
6
0
42
29
61
18
15
44
72
11
73
14
7
3712
346
4
182
3
0
5
558
9
5
0
0
0
17
424
15
0
0
17
0
0
0
0
0
63
2
0
0
95
69
1685
1939
71
361
9
0
22
4
4
0
0
0
0
105
163
0
257
29
305
16
0
0
55
116
15
71
0
10
14
81
7
0
37
1
3
0
247
0
0
6
0
12
190
4
23
10
0
23
262
3
0
0
0
55
494
23
0
0
190
0
194
28
603
5
35
828
273
3
0
2509
79
427
1977
16
2
6
0
0
0
3
97
0
6
12
6
30
731
21
0
9
0
0
0
18
101
144
0
0
14
9
9
0
110
460
109
356
194
5
4
16
4
384
12
0
0
33
14
0
35
10
0
0
3
10
20
40
21
0
0
2
0
0
0
7
19
0
0
0
36
0
25
0
2
65
129
1
7
3
414
0
162
0
0
82
0
0
0
0
0
429
53
0
9
18
0
240
68
16
0
79
0
7
0
0
118
8
448
193
692
115
0
60
147
4
0
12
387
97
0
3
0
958
0
5
0
13
11
18
0
51
17
0
1
148
10
116
170
136
184
0
0
1
0
5
1
111
120
114
2
22
6
37
3
0
0
113
0
18
0
6
75
27
14
100
7
633
40
3
32
9
294
0
5
9
22
14
156
82
229
0
154
23
0
0
59
0
0
16
173
1723
9
0
17
5
0
2
0
3
0
4
146
4
17
674
184
0
572
0
16
9
0
0
180
0
15
0
0
6
17
14
0
0
29
685
0
68
269
0
0
714
137
0
0
4
16
18
0
173
4
87
0
0
3
0
0
0
9
137
0
0
6
0
9
0
0
6
20
0
2
0
1045
4
11
0
12
11
400
96
2271
4
510
8
9
18
31
3
59
474
0
400
525
0
13
195
0
73
0
0
4
572
0
49
33
0
0
709
0
49
51
0
0
39
124
0
8
164
185
1
461
0
511
0
885
15
0
240
0
18
59
237
1
424
0
5
0
1701
117
85
13
1330
2
81
7
670
92
0
134
0
115
79
174
4
0
0
0
14
107
0
4
465
156
1568
297
0
0
2
0
35
13
0
10
119
15
357
446
0
65
77
42
3
7
0
0
673
0
77
5
90
0
75
3
8
0
0
0
766
702
3
10
46
15
13
2
44
4
239
20
4
0
258
70
0
25
4
1
0
0
229
542
0
0
649
34
159
141
64
20
1
11
20
0
11
2
7
4
21
19
83
59
0
0
75
250
0
0
96
0
0
7
517
52
81
2
1
551
0
101
269
0
0
85
0
0
0
71
131
4
0
0
0
5
14
64
0
2
0
126
12
5
7
3
8
0
187
47
54
0
5
125
1753
0
61
0
0
0
65
2
4
633
6
0
31
159
92
0
0
0
18
50
0
8
0
77
0
410
0
0
145
13
12
16
0
7
0
0
8
48
8
3
38
0
0
36
15
10
0
0
202
0
18
0
68
10
4422
0
70
94
125
0
49
1
0
0
3
224
73
626
4
109
0
0
136
9
0
0
0
89
1709
0
23
5
32
0
1017
0
303
69
0
29
0
0
0
2
4
0
5
0
10
0
0
3
255
418
34
0
6
183
29
0
19
564
0
227
42
0
910
72
0
42
0
0
0
642
13
269
0
25
0
0
0
881
288
0
607
32
12
0
13
118
68
0
191
0
0
260
12
166
38
0
66
2
0
50
8
27
18
55
1
1
0
0
111
314
141
0
16
0
104
0
0
52
1
109
51
8
451
61
72
22
15
0
4
1092
152
0
159
4
42
266
23
29
1218
201
0
0
7
221
140
0
26
3
2
0
2
0
68
145
0
98
0
0
0
0
0
323
7
127
2
0
13
22
122
0
0
0
0
159
292
26
24
0
0
55
0
0
0
11
148
2019
0
5
311
35
57
110
0
162
0
11
0
400
0
0
7
51
63
43
0
0
4
2
5
1061
2
0
3469
7
109
37
4699
101
4
0
146
1208
136
1358
289
4
69
25
273
0
59
12
21
5
0
2
5
178
2
13
783
4
1722
0
5
33
0
20
0
163
214
0
493
69
108
0
48
239
2622
0
22
163
14
217
123
0
5
2
263
4
0
0
112
155
5
585
4
6
31
33
0
73
278
244
38
68
172
0
151
12
588
439
0
645
0
222
246
118
78
7
0
5
0
0
60
72
7
0
194
0
2
26
39
7
4
1707
251
88
251
11
89
0
5
18
34
4
296
0
8
4
0
5
1554
0
101
151
0
665
0
14
103
6
53
602
0
0
170
0
0
0
0
10
6
0
0
19
129
22
0
187
5
0
131
3
0
0
549
209
689
164
8
1769
12
0
0
82
30
0
0
0
0
13
40
2
0
12
0
0
0
26
2
11
699
32
127
15
53
8
2380
0
0
7
98
0
8
151
0
29
11
77
67
3
526
80
35
64
76
0
0
204
116
316
38
0
0
121
0
0
0
0
755
0
2028
633
177
128
516
0
10
0
4
27
0
207
0
0
211
70
8
180
7
214
4
16
23
41
0
169
0
43
5
345
16
0
672
42
0
10
2797
0
63
453
218
201
77
149
519
37
510
0
944
1922
12
36
24
3
0
0
50
0
77
90
1025
0
3
190
92
0
1031
170
23
0
0
0
0
963
0
10
2308
0
274
0
9
5
0
909
39
16
0
495
92
3
0
3
0
170
0
141
10
779
0
199
74
367
0
0
61
281
0
11
9
57
171
39
3
44
256
19
0
0
169
58
120
0
0
5
21
0
28
7
10
81
0
0
0
0
0
6
0
0
16
0
0
0
18
6
0
2
875
11
2
0
4295
0
0
1
7
0
59
0
81
0
0
23
4
3
13
748
0
0
139
35
0
0
0
82
0
0
0
169
40
1
0
0
268
2
0
0
9
0
0
0
0
0
13
2
13
3
80
0
0
17
193
0
0
3
5
5
214
13
268
0
20
0
0
5
10
0
0
8
5
99
0
0
71
6
10
0
27
0
0
188
45
0
170
2
0
816
22
9
0
62
91
0
0
9
5
0
23
51
37
0
113
19
0
9
1380
717
6
2
106
0
2
42
0
5
7
0
27
2
0
0
0
268
0
7
0
0
396
0
127
7
2
6
0
29
476
306
205
0
1
0
0
0
0
0
6
0
121
0
0
93
0
7
0
0
0
76
1108
67
2
9
32
0
4
0
0
0
4
2
0
0
0
4
0
0
3
1
0
8
30
0
2
6
86
0
65
0
0
0
8
11
10
0
5
0
2
4
0
0
0
149
0
0
17
23
96
3
0
0
0
0
0
11
2
2
0
0
0
0
0
0
9
0
26
0
0
0
7
0
0
0
4
0
0
0
0
0
0
0
2
0
0
0
0
0
0
1749
0
0
1
7
1
0
0
2
460
0
0
148
42
0
19
43
0
5
0
0
3
0
0
63
61
0
0
0
10
240
109
0
41
0
0
0
0
0
0
4
0
0
0
4
49
0
0
0
636
0
0
0
0
0
0
4
0
12
0
61
5
53
7
29
0
0
0
0
93
0
33
0
0
10
11
0
0
0
203
0
0
6
0
0
64
0
4
0
0
77
4
44
0
0
3
82
0
6
0
190
4
0
3
0
0
0
0
0
0
65
1
0
0
0
216
0
1
1223
171
3
0
49
30
0
0
1
0
0
345
0
0
32
3
102
15
0
0
0
2
0
0
0
0
3
60
0
0
404
2
1
0
0
2
10
0
4
0
0
0
0
0
1
5
0
0
0
7
88
1
39
0
0
88
0
2
0
0
0
163
0
0
0
0
0
0
0
6
0
12
0
0
9
0
0
44
0
0
0
0
48
0
0
0
24
0
0
18
4
1
3
7
0
3
11
0
0
0
4
0
0
0
0
0
5
5
0
0
2
5
0
0
3
0
98
1
1
35
17
0
0
2
4
52
0
0
0
9
0
3
6
0
0
0
4
3
0
0
0
79
0
155
9
0
0
0
84
0
0
0
63
0
5
2
4
0
52
0
0
0
6
17
0
0
6
0
2
0
4
0
0
0
3
0
649
0
0
0
0
0
0
0
0
0
0
0
24
3
0
0
11
0
4
380
0
0
0
0
2
0
2
0
0
8
1
0
0
10
13
316
191
0
0
0
5
0
0
0
0
146
1
3
0
2
0
0
0
0
6
621
28
0
618
0
0
45
4
3
0
0
0
0
0
5
3
0
8
0
0
6
16
0
5
0
8
0
0
0
1
0
0
95
0
0
5
94
44
0
80
0
29
0
0
0
0
0
5
0
0
1
5
0
0
14
0
4
0
5
64
6
5
164
0
0
0
2
0
3
0
0
0
0
0
112
0
2
6
2
66
0
0
0
0
63
6
0
0
0
0
3
0
0
0
0
62
18
0
0
0
128
234
0
0
0
0
10
3
0
0
6
1
2
1
0
10
2
41
11
0
16
0
62
27
9
3
1307
0
0
0
0
203
0
10
1
0
0
3
0
14
0
0
5
155
15
3
0
0
9
0
188
0
4
0
14
0
0
0
0
0
3
3
27
5
3
0
0
0
258
0
0
0
0
0
0
3
0
1846
4
66
3
0
0
0
0
0
0
0
90
0
0
187
0
0
96
33
444
0
3
0
0
4
31
2
0
5
0
344
15
0
3
0
5
0
0
0
1
38
25
0
0
15
0
0
8
0
0
8
80
785
0
4
7
15
426
0
222
5
0
4
86
0
0
0
8
21
4
0
0
0
54
6
0
0
23
0
0
0
0
0
0
0
7
2
0
0
0
19
0
19
6
0
15
3
0
0
0
7
0
0
558
5
0
0
286
2
0
2
0
0
9
0
0
10
0
24
2
0
0
0
32
687
128
5
0
5
2
0
4
0
2
337
2
36
7
0
0
3
6
457
0
175
0
0
0
0
0
9
4
4
0
0
1906
0
0
0
0
0
0
79
0
0
0
39
0
82
2
0
78
2
422
0
0
0
53
0
0
14
5
0
4
0
0
6
0
2
8
0
189
0
0
0
0
481
6
0
0
171
3
1
0
35
191
0
19
0
0
0
1
0
5
1
3
338
0
12
0
0
0
0
0
130
117
0
0
19
10
474
0
0
4
0
12
8
17
25
0
0
3
0
26
16
0
2
0
8
4
0
0
0
25
14
6
0
699
0
71
24
0
0
0
0
0
0
2
0
0
75
0
0
0
5
0
6
0
0
2
5
5
0
0
0
675
7
0
9
3
0
0
966
110
17
4
0
0
0
5
4
12
0
9
0
3
0
0
0
18
0
6
0
0
0
0
94
0
0
6
0
741
0
0
0
46
7
3
3
0
6
0
5
4
5
0
0
35
0
116
0
136
3
2
3
0
0
693
19
5
0
70
127
0
79
41
0
0
43
0
4
0
0
2
18
27
6
0
10
0
0
0
4
0
0
0
0
0
0
169
46
0
566
9
0
0
0
0
60
0
0
0
0
0
0
0
0
3
31
66
17
138
4
5
0
8
0
0
0
0
105
0
0
0
63
0
0
3
0
0
0
8
0
0
6
0
6
3
37
28
0
0
3
0
0
6
87
0
299
15
0
0
0
11
0
1
568
0
0
68
7
0
6
23
0
5
400
0
0
1
0
0
6
30
0
29
37
2
57
0
10
0
6
19
111
0
4
5
0
3
0
0
0
346
340
22
13
56
0
1
0
1
0
3
4
71
2005
0
0
0
0
0
2
132
0
0
1
0
4
4
47
1
0
0
0
0
1
3
81
0
2
6
0
78
2
0
0
0
5
13
0
0
0
0
16
0
0
132
8
0
0
8
0
1
1
0
0
0
0
0
9
0
0
0
0
4
0
2
0
0
0
0
0
3
22
0
0
13
37
0
3
0
114
0
9
20
0
3
132
0
0
1
2
213
9
4
0
15
8
3
6
0
0
29
0
10
0
52
3
60
0
0
47
0
113
0
341
122
0
0
0
0
64
0
0
0
0
17
0
0
4
6
0
0
1
0
18
236
90
3
0
0
0
9
0
19
1
4
1
6
0
0
1
0
15
0
453
24
239
0
2
0
44
0
6
0
0
16
16
0
480
304
2
0
0
0
0
7
244
0
4
49
0
0
0
0
10
0
0
0
88
7
2
0
0
0
8
0
12
24
5
0
117
2
2
0
0
8
0
2
0
0
0
4
0
0
0
0
0
0
0
0
7
6
6
0
0
50
17
5
0
0
98
0
0
270
0
3
0
0
151
5
0
0
2
73
600
0
554
0
0
0
9
0
0
2
0
0
0
0
0
0
2
0
0
86
4
0
5
0
0
0
0
0
19
10
20
0
0
0
0
214
0
0
161
0
12
62
22
0
356
99
6
4
0
0
4
0
0
0
217
0
0
0
34
17
0
0
0
0
48
207
0
5
5
19
16
0
1142
0
2
0
0
82
0
129
438
46
147
0
12
25
3
234
0
0
20
0
0
0
3
0
15
0
244
2
0
0
0
0
4
5
0
0
0
85
375
0
11
8
0
2
73
0
0
118
8
0
0
2
0
0
114
0
0
2
0
0
0
0
0
0
3
15
0
7
272
9
15
7
0
0
0
0
4
38
2
1
0
53
17
0
0
10
0
0
3
0
7
0
0
50
202
2
2
5
0
0
0
3
77
190
1
12
78
0
0
0
87
0
7
5
34
0
12
12
73
13
0
4
189
0
0
0
0
0
0
3
0
0
0
6
0
0
2795
99
0
0
0
0
0
0
0
34
192
478
0
0
227
1
3
0
1
0
0
0
0
0
215
11
4
38
61
0
0
17
0
466
4
0
0
4
0
714
5
46
0
2
1016
35
1
0
0
0
0
4
0
216
14
1
51
0
0
0
145
0
5
45
0
0
0
4
12
0
86
0
23
16
2
0
0
0
0
2
120
0
801
25
0
3
7
0
2
65
563
0
3
6
0
1222
0
2
113
5
0
0
342
0
456
361
2
0
70
1
0
0
0
0
0
0
9
0
713
5
3
0
34
0
0
0
0
3
0
3
0
0
37
0
573
8
0
0
4
0
0
3
0
0
0
3
208
13
0
1
0
8
1
0
0
0
37
0
0
15
0
4
14
0
0
0
609
0
0
0
0
62
1
235
0
4
0
31
0
3
1
78
3
4
0
6
43
5
249
0
0
0
408
0
0
0
0
0
0
0
416
2
0
123
3
9
172
0
0
968
0
4
10
2
0
50
0
0
0
0
0
0
0
0
6
0
0
0
0
0
2
4
0
3
7
6
323
0
0
0
126
0
0
4
0
2
9
0
0
0
0
0
7
0
0
0
3
0
0
5
337
0
4
0
0
182
0
5
0
2
77
9
0
0
5
0
4
382
0
3
0
0
0
8
550
3
22
0
235
0
0
8
0
0
2
7
8
19
3
4
0
0
0
0
0
9
0
265
1
0
26
0
1
0
0
7
664
46
1575
3
4
0
0
91
79
1
0
40
748
3
7
0
36
0
0
7
0
0
2
5
0
756
3
12
0
2716
0
5
9
0
0
0
8
3
0
0
4
9
0
34
0
33
2
85
88
0
0
0
108
0
0
0
96
1
0
14
5
0
80
0
0
0
18
0
8
0
68
28
284
0
4
0
0
12
2
0
3
0
5
5
6
27
0
37
0
0
0
0
0
15
17
0
0
2
0
10
43
505
4
0
0
3
4
5
3
0
2
3
9
4
0
0
0
50
2
0
0
0
0
26
6
0
0
4
5
3
0
0
0
0
0
4
3
7
0
0
7
16
0
10
0
0
11
0
2
0
5
3
0
0
0
0
0
0
0
0
3
107
793
6
0
0
3
0
0
6
8
0
0
0
0
0
0
0
0
0
1
0
99
0
277
0
197
0
0
97
4
0
108
0
0
0
0
0
0
342
0
17
0
0
0
0
0
0
0
0
299
0
38
0
0
0
2
0
0
0
473
0
0
3
0
0
1
0
9
2
0
21
6
0
0
0
0
0
20
2
0
0
0
0
0
0
5
0
86
5
0
12
0
2
9
21
5
0
2
0
0
191
0
1257
0
0
0
0
0
9
0
0
3
0
5
120
0
0
0
0
90
0
223
2
0
2
0
0
0
284
0
0
82
4
2
0
6945
0
0
0
4
0
0
74
36
9
80
0
0
3
0
4
156
110
3
0
3
88
10
0
4
0
0
264
0
0
12
4
4
1
455
5
31
0
0
0
378
6
0
4
0
88
0
794
3
13
0
45
4
0
0
2
5
2
3
0
0
0
3
3
0
0
4
0
2
0
0
6
0
0
0
0
0
793
0
191
0
2
0
5
0
0
6
4
0
197
0
0
0
3
0
0
0
0
0
0
0
0
8
0
10
3
1
0
0
2
23
11
39
5
0
0
0
3
0
224
0
1
0
0
6
15
0
0
0
0
11
7
5
0
0
15
5
44
3
5
0
0
0
0
0
3
0
0
0
0
5
0
0
0
8
0
0
0
0
0
0
13
0
3
0
0
0
0
10
4
5
0
0
2
0
0
2
0
4
0
0
52
0
0
26
2
10
5
14
0
0
6
9
114
193
5
77
17
0
0
117
0
0
69
0
11
0
0
4
9
0
0
6
1
6
0
0
0
244
11
27
0
24
0
0
14
3
227
6
0
35
107
34
0
0
0
11
1
6
2
0
0
8
0
25
0
7
6
9
0
7
630
0
0
0
0
0
7
19
0
62
4
0
4
2
0
0
0
0
0
9
0
124
3
11
2
50
0
6
11
152
0
0
4
0
0
0
7
186
2
0
5
0
3
731
8
39
285
105
0
0
0
0
0
4
6
8
0
0
0
0
3
0
12
0
251
10
0
3
0
0
4
198
6
0
0
0
0
0
6
5
8
73
0
301
0
5
0
406
4
0
3
8
0
0
6
128
8
5
32
0
0
0
0
0
23
2
0
13
0
4
25
0
2
0
0
0
2
0
11
0
0
0
0
1
1422
51
53
3
31
0
0
74
0
0
10
2
60
728
3
8
8
12
2
3
12
0
8
0
3
0
4
14
86
27
0
165
0
167
50
201
0
0
0
0
0
13
0
0
109
12
10
96
5
47
0
0
109
88
51
354
0
0
0
76
3
1
6
12
0
0
17
0
18
96
12
45
0
0
0
23
0
0
0
0
77
0
0
0
309
0
15
0
4
0
0
0
93
0
135
117
247
0
35
0
0
5
2
0
101
8
49
12
43
0
9
5
46
0
2
194
19
0
0
47
0
99
7
1207
18
0
2
0
71
0
0
3
0
0
0
5
0
164
5
89
0
476
0
4
0
0
0
15
39
2
6
0
4
3
0
0
7
82
81
15
0
0
313
3
12
5
0
0
3
0
0
523
0
5
4
9
0
0
17
77
0
0
169
0
1
0
141
0
10
0
102
0
0
31
2
3
172
25
3
3
0
0
0
0
9
0
0
5
0
0
303
0
0
0
0
0
11
0
0
0
0
0
305
197
0
2
227
4
132
0
59
1
45
0
38
0
0
11
355
7
73
0
0
3
453
0
0
0
40
0
29
0
0
0
0
3
0
0
0
158
0
0
3
1
5
0
0
0
0
66
0
5
0
0
4
0
0
0
1040
3
626
0
0
0
0
46
18
1
802
3
0
0
11
0
0
72
0
2629
28
240
0
0
143
50
22
5
5
0
1136
0
206
114
153
3
195
0
35
987
448
0
2
0
4
1423
0
1262
0
0
0
0
3
24
5
6
0
1
0
111
3
10
8
35
79
179
3
582
0
10
0
262
14
0
0
221
26
5
301
4
15
26
0
9
0
25
0
0
0
0
2
111
4
5
13
1001
3
0
7
23
0
49
104
26
15
0
147
112
3
0
7
0
0
0
0
0
0
0
5
0
0
0
4
0
65
27
91
0
11
0
0
0
281
5
0
81
0
17
0
0
176
19
9
30
0
4
0
0
248
4
22
0
0
0
0
2
0
0
4
0
83
133
10
0
2
37
130
0
0
77
20
44
0
12
0
161
2
0
21
0
0
0
22
770
0
113
0
16
435
21
28
6
43
0
2035
41
0
49
2
7
279
0
0
21
81
309
0
56
451
3
4
6
27
88
2
112
9
5
0
0
5
0
11
104
2
0
145
5
104
8
5
13
0
0
3
3
3
99
3
48
98
0
9
0
0
0
0
5
596
6
365
428
566
9
0
14
7
0
8
0
0
0
423
351
0
181
0
3
9
1887
0
0
45
0
0
0
50
0
4
0
7
11
244
0
27
0
9
0
0
151
0
0
93
4
134
730
13
0
0
37
227
270
3
0
4
8
0
2
154
28
1
825
0
0
0
15
0
498
2
0
0
0
27
27
201
1177
0
0
1
0
0
109
5
0
0
0
0
0
24
0
1236
3
20
147
0
0
0
0
20
207
8
12
0
0
12
0
4
271
0
0
0
2
19
7
6
0
8
0
11
0
78
49
0
0
4
79
467
4
0
46
0
0
0
0
2
0
54
59
6
0
0
0
12
288
0
0
0
2
205
32
3
34
0
10
0
49
87
0
31
0
0
0
0
32
3
3
78
2
4
5
0
0
0
70
0
99
23
0
0
3
78
5
0
0
0
276
104
7
0
0
4
0
0
235
6
5
1
4
1
0
0
0
0
0
126
0
7
15
0
0
6
3
858
0
18
5
0
0
5
0
0
0
0
167
0
5
0
30
0
11
0
0
0
0
165
3
0
0
0
2
10
0
0
34
0
3
0
386
3
7
0
1
65
0
735
0
0
0
0
590
100
8
130
0
0
5
0
5
202
5
35
20
5
0
0
0
1
10
3
29
402
52
64
0
0
5
0
12
0
2
195
506
0
70
0
3
0
16
0
32
264
0
0
64
14
215
24
66
0
0
251
396
10
18
3
777
0
11
0
0
0
0
0
10
106
476
77
60
9
0
0
0
6
112
21
0
0
5
336
2
0
67
3
0
53
36
0
209
11
0
428
0
0
70
0
3
4
0
0
621
0
0
0
11
1
0
0
0
0
0
389
0
2
0
0
0
0
49
0
72
33
11
0
0
12
0
0
0
520
125
4
20
18
114
0
31
6
0
0
4
6
0
0
0
49
0
1
0
0
14
0
3
145
10
0
0
0
21
1
0
0
0
0
2
0
0
1
18
0
22
9
2
0
0
0
0
0
0
0
19
5
0
3
0
0
0
5
0
0
15
84
0
0
16
3
769
0
4
22
49
10
0
0
0
7
8
0
0
0
0
2
5
0
9
6
0
0
0
63
0
82
0
0
0
479
46
0
0
0
33
16
0
0
21
582
0
13
0
39
20
1240
39
245
0
9
226
15
2
348
0
0
21
29
15
0
28
0
0
128
0
0
0
4
3
0
22
0
0
0
0
16
0
4
0
0
0
37
71
66
34
0
0
0
145
0
50
129
0
5
4
0
12
0
2
36
0
39
0
5
30
21
820
0
3
2
7
3
0
33
9
792
0
35
15
0
7
0
4
0
0
20
726
0
0
0
0
0
0
58
95
0
23
5
456
169
0
0
0
127
908
0
288
0
0
32
175
47
0
3
8
0
3
4
21
0
0
38
4
0
0
0
0
187
197
400
0
0
87
0
0
6
18
0
0
9
8
0
0
16
106
4
0
1
0
0
9
425
0
0
0
0
2
0
210
0
0
81
164
723
428
0
0
70
1
27
0
0
0
75
0
9
0
0
0
13
0
4
0
0
0
56
14
136
0
8
4
42
4
2
722
7
1472
2
0
0
67
15
10
0
736
0
0
28
50
354
53
4
764
34
9
3
20
6
138
19
0
0
0
0
29
522
0
38
4
35
14
0
0
32
53
0
151
0
560
529
0
5
1
12
3
4
16
0
315
260
423
31
104
0
76
0
61
0
0
95
114
0
0
4
238
0
0
0
42
18
129
6
319
5
0
4
0
4
51
0
93
54
22
11
365
81
40
61
0
0
43
0
0
0
199
0
0
35
0
2
1
151
1
0
0
4
0
0
23
1037
10
0
620
264
4
448
0
0
0
0
9
332
196
6
136
5
0
3
0
0
0
29
9
8
0
93
0
0
0
0
2
0
239
0
0
106
2
0
0
16
0
0
0
8
0
0
0
0
0
104
4
1
317
5
0
2
11
11
0
22
0
55
0
7
23
0
12
0
8
0
311
29
225
0
0
341
140
0
117
29
0
0
0
7
30
5
6
0
0
0
0
27
0
85
0
121
0
24
18
11
0
44
10
0
0
0
46
46
8
87
374
364
26
50
0
0
0
40
0
210
0
0
0
0
664
0
37
186
65
357
191
0
2
8
2
118
0
16
0
11
269
35
0
0
85
33
0
9
0
51
33
230
5
0
0
0
44
0
0
0
431
28
2
4
60
0
68
0
18
0
6
0
48
0
0
147
249
0
18
1
64
2
0
0
4
0
138
0
0
0
0
0
0
5
0
0
6
4
0
13
15
483
230
280
0
0
0
0
12
59
0
1
0
0
0
51
137
0
0
6
36
0
1
0
0
34
5
0
0
0
0
18
0
0
88
0
0
2
14
7
0
0
5
30
53
56
0
21
0
122
0
3
0
0
3
130
0
204
0
1402
0
130
15
2
62
266
307
0
2
17
0
0
0
23
0
12
18
0
5
41
61
27
0
6
167
0
38
0
27
668
0
0
4
16
4
4
88
4
26
37
4
10
0
11
27
0
480
6
10
4
4
13
4
42
0
0
64
33
51
0
4
0
0
0
56
72
0
103
0
0
135
3
502
0
0
24
213
0
0
29
0
0
5
16
0
0
296
0
2
5
0
7
13
5
0
0
0
0
8696
24
41
3
1
0
5
189
28
12
102
72
635
120
0
56
0
276
71
0
465
0
21
0
26
0
117
0
49
0
0
0
0
0
12
7
0
6
73
5
0
5
1
136
26
7
257
2
0
0
125
0
11
0
0
6
0
187
457
0
122
3
0
61
53
18
0
0
5
4
0
0
2
87
0
0
0
53
0
0
0
0
0
2
11
112
101
59
2
8
339
0
3
0
4
6
860
0
0
0
134
0
164
110
22
0
21
0
0
0
0
0
0
230
93
125
0
134
0
3
14
530
2
7
0
0
14
0
2
0
0
0
3
429
0
0
29
0
3
0
1
2
0
0
14
113
1
0
51
0
235
0
0
0
4
373
2
123
29
0
3
9
0
3
0
210
2
0
0
0
0
0
0
0
5
13
6
5
0
0
0
164
11
0
62
0
63
31
11
68
0
3
5
2
0
30
6
5
0
0
0
0
0
0
2
0
259
0
6
926
0
0
0
59
4
0
7
319
35
140
0
39
28
0
0
0
0
20
2
6
97
10
15
0
0
0
0
0
0
0
9
0
1516
3
26
179
2
0
5
0
13
0
0
257
0
9
305
0
0
0
0
221
1
0
0
0
3
0
32
23
0
0
0
11
10
3
312
0
62
0
5
5
0
0
0
32
13
14
19
28
162
0
18
0
88
0
0
8
0
0
0
0
0
3
0
0
336
0
0
0
0
6
29
0
0
0
228
0
0
0
0
157
0
0
0
0
262
341
0
8
11
0
57
76
88
173
0
0
3
0
10
0
0
386
19
23
15
0
367
276
0
0
10
6
10
0
0
19
346
0
0
0
0
0
0
129
11
0
0
0
0
303
38
7
136
293
135
99
4
8
4
0
24
4
3
86
96
1
67
35
95
540
0
0
330
0
7
6
0
0
0
306
2
581
0
81
523
3
53
0
1
2
14
0
0
32
0
0
0
67
1256
2
416
153
0
0
7
0
74
0
0
24
0
2
0
263
4
0
0
0
3
0
41
4
25
17
0
734
1
4
0
0
63
32
0
58
0
0
0
0
0
4
0
0
0
0
86
0
74
14
26
26
119
119
0
39
0
0
0
0
0
0
35
0
0
35
96
0
0
119
7
0
0
0
2
9
0
142
11
0
21
62
0
0
98
485
0
0
0
23
0
0
8
265
25
22
0
2
0
7
0
3
94
591
0
62
59
212
23
0
0
0
6
0
14
37
1057
5
0
0
0
0
109
123
30
5
0
2
0
22
277
0
654
0
0
450
292
0
6
0
11
0
0
6
13
0
0
15
5
0
158
0
2
56
32
0
545
0
94
3
65
0
0
1
0
0
0
289
1199
0
288
0
120
5
53
847
0
6
0
0
80
53
0
11
152
11
1
5
3
237
106
0
0
0
42
0
0
0
0
12
0
0
21
0
0
9
0
0
0
0
0
458
4
0
0
354
0
28
0
62
0
0
6
686
6
0
0
221
81
4
0
0
0
7
70
283
753
0
0
68
0
295
1
2698
0
5
358
3
0
0
0
0
0
0
10
0
55
0
495
236
0
12
5
14
0
82
0
66
584
1729
5
117
721
0
0
13
8
0
24
14
0
0
0
1
7
370
0
7
0
0
11
21
0
5
57
0
2
6
3
56
51
6
9
8
0
0
630
10
157
14
6
3
0
0
382
0
5
63
3
4
9
0
593
0
29
0
5
55
0
0
0
0
91
0
26
0
228
0
0
12
0
6
7
4
1
57
0
0
267
82
0
0
20
22
101
2
4
0
9
27
6
31
0
0
8
43
6
0
201
41
0
11
769
8
51
229
176
0
0
0
0
0
7
2
328
159
0
4
0
7
21
128
6
0
18
6
670
10
0
2
0
159
51
41
0
445
17
0
0
89
3
0
0
0
0
7
352
35
64
4
179
2
0
0
0
7
0
286
0
0
111
355
22
6
70
0
0
0
368
108
30
5
0
0
6
94
0
0
357
0
0
9
107
0
0
0
0
0
923
773
0
0
10
176
0
0
0
0
0
11
563
379
0
323
0
14
0
13
34
0
13
0
0
0
7
10
0
0
0
0
6
67
0
0
0
1
34
0
0
0
0
0
4
882
46
0
3
162
6
142
37
9
0
30
30
0
0
0
0
135
15
1
2
144
1042
3
0
6
0
0
0
0
4
0
0
15
2
30
4
1659
0
0
0
413
2
0
38
3
0
0
1
0
0
0
308
298
0
262
0
5
12
0
3
7
1
0
0
0
0
0
0
2
0
0
361
25
0
64
0
5
0
4
0
63
100
0
4
173
0
0
0
106
0
0
0
10
0
283
0
0
392
9
0
8
0
0
10
0
8
0
17
0
0
0
0
0
0
0
0
0
0
0
0
82
0
0
2
0
0
7
0
11
0
40
9
6
0
337
0
0
1281
5
20
0
3
38
0
4
0
18
15
1
14
517
0
57
0
0
49
0
0
83
0
256
0
0
6
11
245
11
0
0
0
0
42
151
23
0
0
0
33
146
494
0
36
0
1
12
7
0
0
16
7
0
4
26
8
0
0
0
113
3
0
0
7
44
0
208
0
4
32
5
1506
15
17
167
0
0
38
404
0
0
492
3
0
0
20
27
0
0
20
0
0
2
11
0
16
0
24
0
0
0
0
0
0
0
0
601
0
27
0
30
2
0
32
0
0
0
0
0
34
0
8
0
1
106
35
3
0
0
65
0
73
25
7
0
43
0
0
0
15
42
0
0
0
20
0
348
0
0
3
89
735
2
0
122
7
73
0
0
0
0
637
1
0
3
1
38
13
12
28
17
4
124
0
0
0
187
120
47
0
13
8
4
5
0
0
48
0
0
0
37
230
0
0
0
37
0
729
0
11
92
0
0
0
0
3
0
0
0
8
11
165
0
16
0
7
341
7
0
0
61
1
0
0
0
204
0
405
785
99
135
0
0
88
899
0
0
3
14
0
0
10
0
54
0
165
25
0
173
699
0
5
5
14
12
0
247
6
0
88
4
0
344
1
2
0
24
397
0
1
19
282
4
0
61
139
0
9
0
0
186
119
50
6
0
0
0
5
0
6
0
0
56
0
0
10
10
8
325
332
0
0
173
0
3
0
0
0
0
0
0
0
421
9
65
7
1266
0
227
0
2
0
118
0
0
4
0
15
21
13
106
24
28
41
0
77
0
64
7
0
0
0
0
104
6
0
182
8
106
0
0
0
0
11
28
131
0
4
0
0
31
911
0
121
256
80
74
66
5
0
0
124
20
0
146
0
0
0
0
75
0
0
8
3
66
0
4
3
32
0
2
0
0
209
3
0
0
10
0
2
2
0
55
0
0
0
63
0
8
94
0
4
0
75
0
0
7
93
0
3
9
189
18
37
56
0
0
250
0
5
239
1
0
0
196
0
0
25
47
0
3
0
0
0
103
33
684
26
0
0
2
0
221
8
5
0
145
31
8
342
17
67
77
31
4
94
0
0
46
178
0
259
0
22
0
36
3
0
0
0
178
0
0
0
7
0
815
0
9
0
15
0
49
0
6
0
88
0
7
155
0
0
0
2
82
0
3
82
0
0
0
144
39
57
30
0
2
0
13
156
60
0
0
25
0
7
0
5
0
0
224
0
0
33
28
50
0
0
0
0
185
0
38
1
44
58
24
0
0
0
0
0
135
2
44
0
4
0
0
249
0
56
193
0
115
221
1
42
0
68
29
0
23
0
11
6
97
37
15
0
10
195
25
39
0
0
0
34
208
651
42
0
0
0
0
0
203
247
3
38
12
147
0
48
0
0
0
0
144
0
28
0
35
5
43
17
0
5
44
52
0
249
0
0
0
15
11
0
0
0
5
8
162
67
1
151
13
1044
8
339
0
20
24
4
0
0
3
7
0
0
0
0
1
5
39
3
2
3
3
16
199
0
62
22
251
17
0
3705
20
151
0
0
0
0
8
0
498
0
67
92
0
0
11
0
0
6
5
0
32
0
0
0
69
38
458
11
2
37
6
16
21
20
0
4
137
0
7
26
209
0
0
2
529
0
413
0
0
0
21
102
0
0
51
42
3
0
0
0
2
582
3
34
433
224
0
69
10
0
63
0
422
72
0
0
7
0
0
92
76
78
15
2
0
0
0
161
594
0
0
21
0
1
0
0
3
106
0
601
611
195
0
0
954
0
765
0
0
1258
0
0
0
0
34
15
4
0
0
33
1
98
112
0
236
14
168
5
0
269
0
0
168
159
8
3
0
85
10
104
0
5
5
2
0
0
0
0
0
0
24
0
0
3
47
0
147
4
0
147
0
269
68
0
50
0
1
114
3
8
33
8
1719
0
4
0
761
273
8
2
44
0
0
392
14
75
0
0
0
0
19
225
17
0
4
4
0
0
12
0
1000
4
8
10
13
33
8
0
0
0
0
3
23
3
20
111
0
3
46
0
6
0
510
0
71
121
0
0
7
0
0
153
0
0
9
8
60
0
445
5
6
0
2283
30
19
0
0
0
30
30
4
0
5
0
42
10
3
424
13
599
0
0
0
366
21
0
225
147
0
121
0
0
0
4
8
14
143
0
181
378
0
3
4
0
163
0
2
0
190
7
0
347
14
0
4127
26
347
28
12
0
0
0
0
74
12
38
0
4
16
80
20
5
0
170
0
6
9
0
3
4
0
0
4
21
0
0
0
0
0
427
2
13
0
4
0
0
16
0
4
0
30
0
478
0
4
6
0
389
2
0
22
7
0
19
0
25
206
0
0
0
0
0
0
0
0
0
0
0
0
0
0
0
0
0
0
7
0
0
0
0
142
0
0
0
0
3
1
7
4
6
0
50
19
15
154
2
0
0
0
6
0
0
0
0
5
56
0
0
0
4
0
0
35
116
0
0
0
0
3
18
6
3
8
47
62
26
0
0
14
308
0
0
3
146
0
0
4
45
0
3
85
22
9
3
3
0
738
197
2
6
111
0
11
0
71
28
0
0
59
17
807
50
0
41
0
0
5
5
0
178
0
0
0
0
0
13
0
0
0
217
0
202
0
0
0
0
7
0
21
238
0
1
56
258
0
0
90
0
0
14
190
4
0
0
55
4
0
0
0
0
378
0
0
11
0
315
2
0
0
5
0
4
1
0
7
8
0
0
0
0
0
62
0
918
0
0
192
0
3
50
0
71
257
27
42
0
0
19
0
789
0
0
0
0
19
22
0
10
0
0
0
28
0
0
1
0
113
255
133
0
33
0
96
0
0
0
0
0
0
3
1312
2
2
9
0
0
0
0
1
0
20
0
0
283
27
293
156
0
104
4
0
0
22
0
221
0
5
659
0
1
0
0
0
0
0
0
471
3
56
1
0
0
594
3
5
0
10
373
0
3
19
21
0
3
1
0
6
0
108
76
2
4
3
238
5
0
5
0
178
16
97
0
18
1
2268
0
0
125
0
2
0
0
0
8
4
2
29
36
5
6
0
0
187
0
0
16
1520
0
139
68
54
0
0
232
8
0
9
0
16
627
3
17
0
6
0
0
8
0
0
2
86
0
0
0
0
0
0
0
121
11
11
0
0
0
4
26
722
0
10
0
0
0
0
9
0
0
0
0
489
121
0
0
0
0
0
0
67
104
0
438
0
2
0
8
1
12
15
0
3
0
0
291
0
179
73
0
111
25
0
694
0
4
0
0
124
0
441
8
47
21
2
9
0
4
0
1
4
0
9
0
0
0
0
6
4
69
425
0
168
0
563
0
220
0
0
5
16
15
363
1
63
80
5
0
6
12
0
0
0
0
26
113
26
12
6
0
0
0
0
0
4
0
1
46
0
1
261
19
6
0
0
0
0
0
0
4
29
4
9
2274
126
0
14
0
0
4
83
0
3
0
0
6
0
11
0
0
0
0
11
9
325
6
14
0
11
0
224
2
5
0
7
0
0
0
0
0
6
0
96
235
0
952
0
8
186
872
199
10
7
0
0
1
76
249
2
0
0
0
0
4
0
0
0
0
0
27
58
20
1645
0
11
32
313
505
0
0
3
6
54
0
40
0
622
0
0
34
0
0
0
14
8
188
0
233
6
60
0
140
1402
197
0
8
4
6
0
0
1
0
58
1
0
5
61
0
108
5
0
2
262
269
37
0
0
0
0
0
4
107
0
34
67
1
0
5
271
6
38
23
17
0
0
2
855
3
32
4
0
523
0
0
2355
3
108
0
192
0
0
26
0
0
1072
0
1175
0
0
0
501
0
0
0
124
0
69
1568
4
4
7
3
815
0
0
0
35
0
1
0
0
0
3
30
0
0
9
31
29
6
0
0
159
179
3
2
0
0
9
0
0
258
0
1667
0
0
8
8
0
0
0
11
0
0
3
594
0
306
6
0
155
0
5
0
3
9
49
0
0
6
0
176
0
4
0
59
10
82
0
176
0
3
0
0
0
0
0
32
0
0
19
0
34
4
228
0
0
0
51
4
0
54
5
0
0
0
19
33
5
0
0
0
0
406
8
2
3
0
0
0
0
0
0
0
99
159
0
67
168
15
0
58
0
117
0
28
0
25
0
0
0
0
26
4
0
0
5
3
26
379
0
0
0
30
75
9
11
0
570
8
16
0
0
0
0
0
13
9
93
0
0
0
0
81
0
0
1
4
33
42
0
0
0
11
5
0
688
31
0
79
48
6
0
34
42
5
1575
1893
12
84
39
214
78
0
0
25
0
13
760
0
54
0
0
0
5
0
0
0
9
0
0
16
0
0
0
0
5
0
0
2
0
0
0
187
11
18
0
5
0
0
0
9
0
0
0
0
0
292
0
504
11
5
0
0
224
0
0
5
0
0
6
0
25
3
0
92
3
4
7
0
7
69
0
249
84
0
0
46
0
0
4
32
0
4
0
0
0
3
46
0
0
0
0
5
28
21
0
3
2
31
5
0
54
6
0
2
17
18
1
0
0
0
41
83
0
26
0
0
6
28
0
0
3
0
63
0
5
112
0
0
0
0
0
0
127
0
3
0
0
0
0
0
353
817
0
8
0
2
12
198
0
0
0
0
45
222
0
121
506
3
0
0
0
6
131
0
0
10
1
3
0
38
0
32
12
220
1
3
2
0
154
0
7
0
4
0
0
0
210
64
0
1
15
0
38
0
3
386
4
0
34
1
258
45
0
7
31
0
0
0
16
23
0
0
3
11
31
127
0
0
1
0
1
0
0
0
2
27
0
0
17
50
0
0
0
0
124
47
36
0
0
0
0
4
0
843
0
88
0
42
0
0
129
0
0
0
0
123
0
29
9
135
0
582
2
0
39
189
57
74
10
0
9
222
0
323
0
26
4
51
0
0
36
74
0
0
101
0
97
6
3
3
0
0
0
6
1
122
0
0
2
3
3
0
2
5
302
0
3
61
0
137
15
0
296
162
4
2
0
0
0
609
90
0
0
0
0
0
0
0
13
118
55
0
0
0
0
344
0
123
16
0
58
9
0
0
0
109
0
65
17
0
0
13
169
4
494
0
77
753
458
1
60
0
0
2
28
13
0
174
57
20
0
0
10
96
19
0
214
3
0
141
0
45
0
0
1
0
9
0
5
0
32
21
0
17
0
4
0
9
2
41
0
76
0
40
91
0
3
181
0
0
14
6
114
0
0
2
0
0
6
0
0
12
3
0
4
0
0
31
35
344
8
10
0
0
0
7
0
0
569
4
0
3
0
339
0
4
6
7
0
0
16
0
27
0
12
0
3
3
19
5
12
0
6
450
37
0
8
0
0
0
0
16
40
81
0
592
0
59
47
0
0
38
2
30
20
0
0
4
0
0
3
0
21
0
52
73
6
0
16
65
0
0
0
0
2
0
77
0
8
1
0
67
10
2
44
112
7
76
0
2
11
0
161
3
3
0
142
70
0
0
0
0
0
8
2
275
0
301
68
0
108
54
10
80
0
21
50
18
0
0
60
17
0
112
15
2
542
0
0
0
1577
0
2
6
105
7
0
0
7
146
8
0
0
159
0
0
0
47
704
0
0
0
8
99
0
0
0
4
0
0
0
0
0
79
4
2
259
0
0
262
0
8
264
0
567
0
198
15
0
11
37
7
136
162
0
60
83
0
0
234
4
4
0
0
0
0
4
185
36
0
6
0
51
383
36
7
604
0
3
0
1
11
616
0
44
77
0
17
131
9
428
66
0
0
54
105
0
0
3
0
0
0
0
44
339
90
163
11
611
239
135
0
92
0
3
4
0
0
116
2
4
0
227
19
0
4
0
32
33
0
3
20
25
975
98
44
0
4
9
670
0
0
0
3
0
0
10
0
464
128
0
2
0
0
35
5
5
0
1
8
0
0
229
1
0
11
0
0
29
0
3
330
3
847
0
0
51
9
359
5
0
8
0
0
0
0
0
0
0
0
1
19
472
0
51
4
0
0
0
0
8
10
131
12
0
4
0
0
8
0
42
13
28
20
24
129
0
2
0
0
0
3
252
34
107
0
0
62
0
34
4
178
1
736
4
3
0
3
8
12
6
41
0
2225
18
4
0
0
3
0
24
326
8
0
0
0
36
160
0
0
15
6
613
0
592
684
33
97
233
23
9
18
190
58
0
172
322
84
0
113
0
0
0
153
0
7
0
7
224
56
633
533
0
125
0
493
0
0
1
0
0
2
0
33
2
0
6
2326
282
49
0
349
152
4
16
61
0
334
0
0
0
0
1
46
17
23
5
0
297
0
45
0
195
3
0
174
575
0
14
47
0
668
7
320
0
0
93
46
12
14
0
0
0
0
0
0
0
23
88
16
17
2
1
301
828
0
1
5
15
3
38
2
532
0
0
146
0
2
0
0
8
0
229
0
2
0
0
82
0
0
0
793
5
13
67
63
91
0
2
118
0
5
0
101
0
23
0
6
0
736
3034
5
502
5
44
4
84
134
79
0
122
0
0
0
0
11
0
0
0
0
0
0
0
23
35
55
39
41
105
6
4708
364
85
0
73
6
0
3
6
17
0
7
0
0
0
0
53
149
107
9
20
4
10
0
132
15
372
0
6
0
24
2
16
0
0
0
0
5
120
2
3
0
1
287
0
0
0
23
0
304
825
0
0
0
127
0
4
214
32
480
188
1
152
4
94
0
0
1
0
26
0
92
0
0
259
0
0
0
0
0
2
0
10
316
32
15
176
0
4
3
9
332
2
0
0
0
24
0
2
26
0
0
0
108
47
114
0
0
368
4
1
272
0
0
0
6
0
0
0
2
17
5
1
2
6
0
134
0
0
0
0
0
6
0
1
7
106
0
0
5
0
18
2
24
0
0
0
0
0
0
0
365
6
0
132
0
0
13
0
0
5
381
0
0
388
0
2
9
0
3
2
101
0
20
0
85
117
12
0
7
0
3
0
0
1
5
8
3
0
0
59
0
0
87
40
24
0
0
406
348
5
0
2
0
475
0
0
0
37
159
906
0
0
65
0
0
0
40
27
19
0
2
0
6
3
105
0
0
611
0
205
1
100
5
15
40
16
23
455
1
587
41
0
0
0
114
0
0
162
0
18
4
0
12
0
276
12
0
0
0
0
0
4
21
0
4
354
0
0
3
0
0
0
2
76
30
51
0
0
7
3593
385
0
42
0
0
0
0
0
0
2
0
13
7
21
58
2019
1
0
0
560
5
4
3
0
0
0
192
121
2
0
0
163
0
0
3
118
5
6
0
0
0
124
0
0
6
0
0
19
3
0
0
0
129
6
46
0
0
0
5
0
0
0
0
0
4
0
3
0
9
3
0
134
0
0
0
0
0
0
0
0
0
0
2
0
2612
0
0
3
40
0
54
32
32
0
3
11505
5
0
0
89
1
0
0
0
8
0
4
9
0
0
143
0
0
4
22
0
2
0
0
0
0
0
0
0
0
17
0
0
0
0
7
1119
13
21
0
7
0
0
2
7
7
2485
223
258
72
8
0
0
76
0
119
21
297
392
21
450
267
529
0
80
79
5
0
0
0
5
6
3
257
0
0
0
0
20
14
241
0
207
1
99
3
3
0
0
36
83
4
0
0
0
38
3
11
4
22
0
12
0
11
0
0
0
0
0
0
0
0
0
0
4
0
0
2
69
20
0
0
0
907
0
0
0
1343
72
0
207
0
0
0
0
0
318
4
4
838
9
17
340
0
0
63
13
0
3
7
0
3
84
7
0
4
3
0
0
299
140
0
0
0
3
0
7
3
7
0
29
1
0
4
19
3
0
0
2
357
6
4
179
0
6
0
141
3
4
150
5
0
44
0
0
3
0
104
2
0
14
77
8
0
6
7
0
9
42
6
0
0
0
3
35
4
37
4
1
0
0
683
0
119
0
0
3
0
0
0
0
0
228
414
0
0
0
4
0
110
0
0
0
40
148
0
0
0
159
3
0
177
17
0
2
3
15
3
695
0
2
0
1102
8
0
15
67
3
105
620
2
0
0
2
0
0
0
0
0
0
5
113
81
1
0
4
26
0
0
0
0
0
0
128
4
49
0
27
0
0
0
0
6
0
0
0
0
0
0
0
10
11
2
8
8
0
0
349
3
108
0
0
2
62
0
16
0
676
0
1256
0
327
0
1
0
4
0
36
1
14
4
0
6
0
0
0
18
19
3
5
0
487
20
0
0
206
13
0
0
0
0
0
0
0
0
0
30
0
153
25
11
6
6
9
0
30
0
8
3
14
9
0
0
3
6
7
0
0
0
0
0
0
0
5
2
61
0
19
107
44
0
0
5
1
6
5
0
0
536
0
0
7
21
28
2
8
0
0
0
0
6
72
0
2
0
3
0
1641
223
11
109
0
0
5
0
0
0
5
0
30
187
7
175
0
0
0
521
353
0
6
72
0
10
2
3
6
11
316
2
1
0
8
7
681
0
208
3
0
16
0
219
0
0
0
6
0
350
0
0
0
0
2
0
0
0
5
0
177
151
1
2
4
821
23
16
451
0
1730
3
0
0
0
0
0
1
18
2
0
4
0
0
0
0
7
0
39
8
71
0
16
675
7
452
0
12
0
4
19
10
0
0
2288
0
1
0
0
13
0
0
0
0
33
0
0
13
0
0
441
6
151
4
0
2
0
336
11
0
313
0
4
548
0
0
0
0
0
2
189
0
0
3
10
16
0
1118
24
0
286
59
0
1
0
0
0
43
0
37
1
0
12
3
83
5
2
272
0
0
0
12
0
0
0
0
36
163
5
0
0
2
4
0
0
0
0
65
81
0
0
0
0
183
0
2
0
0
0
82
1
0
0
0
0
0
18
7
6
0
12
37
2
0
326
2850
200
3
0
0
0
213
0
0
2
0
0
12
0
0
0
59
0
282
5
0
5
42
0
0
0
0
726
0
0
134
12
0
6
31
0
0
114
8
0
3
0
454
147
22
24
4
6
8
7
0
0
0
9
0
83
0
412
0
9
307
10
266
150
22
8
16
3
174
0
0
149
104
0
462
0
0
0
141
0
127
0
0
0
0
0
58
1117
447
0
0
3
0
2
3
323
47
79
6
260
5
2
7
14
136
3
0
25
0
4
10
7
0
4
40
12
0
2
0
48
22
66
442
71
53
85
0
0
0
238
0
95
19
0
34
0
20
0
0
82
0
4
7
6
0
24
11
44
421
0
0
1442
0
0
34
661
2
16
36
0
7
0
13
2
0
0
0
0
0
0
4
16
6
4710
208
10
434
19
104
754
19
6
49
0
0
5
0
4
38
7
33
11
0
2
66
88
136
0
7
545
4
14
0
25
0
59
46
82
0
0
21
0
94
0
0
0
0
61
0
16
30
125
35
0
6
117
12
134
239
43
0
0
135
364
5119
0
0
406320
43
352
4
1
2
0
117
189
4
27
19
159
0
0
0
270
2
183
0
0
1863
20
66
396
6
0
73
177
4
12
33
133
34
71
309
8
3
178
45
21
6
100
40
0
69
631
3
0
3
133
0
0
0
0
0
6
7
0
0
20
249
15
232
283
218
718
0
20
147
0
33
26
700
0
178
7
182
0
2
0
49
0
659
439
7086
0
0
199
39
0
126
66
0
0
2
12
5
569
7
56
3
56
343
4
4
7
12
404
0
0
4
236
0
166
0
8
3
0
33
25
4
175
0
376
25
0
79
25
0
254
2
475
3
85
0
0
0
11
503
325
27
0
6
693
6
222
0
0
255
247
16
0
0
15
112
22
170
0
12
0
186
114
0
7
2538
0
0
422
6
30
45
110
2
0
28
23
0
115
0
34
126
0
170
340
81
183
7
689
201
0
344
16
0
187
0
11
9
58
3
0
115
44
713
9
0
0
0
0
492
108
182
83
372
0
24
0
0
0
75
174
46
1
12
40
23
0
2
27
171
657
1
2
205
8
164
13
82
16
0
0
18
3
210
6
0
60
0
9
102
32
0
64
0
102
32
18
3
0
28
28
185
0
0
0
0
11
11
7
379
19
4
0
3
5
5
0
128
1393
8
1
0
0
27
399
64
62
1886
402
17
1
0
70
25
0
479
4
56
63
23
7
0
0
4
229
39
0
31
17
0
280
0
5512
8
55
5
0
0
100
0
4
0
40
0
9
22
14
0
142
0
0
14
0
21
204
0
0
62
400
3
0
17
28
3
0
184
737
0
0
4
6
0
0
737
12
8
10
1
0
5
0
254
46
240
0
24
0
21
9
1717
0
0
13
19
448
5
0
2
0
4
99
0
92
89
0
0
514
366
0
0
9
18
0
3
25
0
1225
49
55
331
3
8
0
691
0
0
3
20
14
3
125
0
0
92
0
4
16
183
144
90
27
130
0
2
0
9
36
6
0
208
15
0
181
0
0
0
704
310
496
314
3
240
17
0
606
0
0
0
4
0
49
110
43
15
293
65
0
203
2
0
28
0
730
0
16
25
78
60
297
5
0
4894
3
0
4
46
4
15
769
0
240
280
158
6
113
0
54
15
0
46
4
51
1891
0
0
0
279
0
227
15
65
0
25
56
3
62
0
0
0
4
0
503
0
82
2
0
0
0
72
110
434
0
3
0
0
6
0
2
0
0
587
318
0
0
18
0
0
50
0
0
12
0
0
0
43
6
586
125
0
3
2
29
176
155
50
11
0
59
6
0
18
5
2073
37
0
0
240
12
0
266
0
160
0
2161
30
0
19
0
0
346
0
0
2
26
45
63
0
0
54
192
15
2
76
61
0
0
0
1078
27
13
63
169
14
21
1
47
0
129
3
2
0
0
33
31
0
582
68
0
9
7
0
4
337
434
0
94
0
9
97
144
57
0
181
11
47
72
45
0
1
27
0
0
0
9
3
0
2152
37
25
0
0
0
0
669
53
202
97
0
6
28
35
4
104
15
0
0
0
0
0
0
735
0
0
10
10
82
105
348
2
0
275
13
974
9
242
0
72
0
49
0
129
0
114
45
70
4
16
0
1181
51
43
0
1572
366
0
172
4
13
0
19
5
2
224
74
0
294
0
0
58
0
0
0
811
32
2
14
4
82
545
23
0
0
3
27
0
0
15
194
5
0
0
7
0
100
0
0
0
229
2
0
0
798
0
15
5
24
0
0
5
74
6
0
132
0
0
0
0
0
59
18
5
0
50
0
0
0
0
1
7
0
0
0
53
14
136
0
0
1
15
11
2
7
0
4
7
5
25
0
7
19
0
0
0
0
0
2
0
24
0
0
37
0
0
86
0
0
4
0
34
1
0
4
21
20
8
0
0
26
0
7
1074
2
0
0
2
17
10
8
19
0
0
88
167
10
1145
293
4
54
11
95
11
69
6
0
106
1220
5
0
1
14
0
5
1103
8
182
0
8
35
0
62
227
1
140
4
61
6
1
90
54
8
2
0
64
594
2
5
126
22
0
756
0
446
1307
0
0
50
70
0
0
50
187
22
28
84
251
33
84
57
0
162
196
196
0
3
0
441
7
0
0
0
9
11
0
0
2
0
32
76
10
214
2
23
0
8
63
33
20
3
4
21
710
12
66
0
9
21
6
0
391
0
64
4
0
0
0
1359
0
0
513
0
0
3
7
5
23
6
1182
0
181
8
20
254
30
0
5
0
0
0
1164
0
0
0
0
499
1
0
869
461
2
0
59
0
17
310
41
4
21
158
0
0
229
17
0
0
1
0
0
38
105
0
94
123
0
0
390
926
49
2263
0
14
0
381
20
151
2
0
16
17
7
0
0
0
0
9
0
38
53
180
5
375
68
244
1135
95
930
0
0
931
0
0
0
1
130
251
0
0
8
0
58
0
0
0
0
0
0
0
0
7
45
37
65
46
3
4
5
133
0
0
0
0
18
0
53
0
49
0
0
5
0
0
0
26
298
44
0
4
2
0
1247
141
0
0
0
0
50
0
6
0
419
0
0
25
510
0
179
16
2
6
0
62
0
22
3
0
3
0
4
102
21
0
0
5
4
3
108
0
6
0
4
0
0
139
2
0
9
0
6
16
0
90
135
429
0
0
0
60
457
0
1
0
0
0
0
99
0
3
109
0
0
5
0
0
293
0
10
76
172
109
0
63
145
155
0
4
25
148
22
149
0
0
0
0
0
17
52
473
0
0
0
0
25
0
4
6
0
4
0
2
0
175
58
0
4
35
193
0
22
18
0
0
3
26
0
180
0
123
46
2
11
4
0
7
0
0
39
0
0
16
5
31
0
3
12
136
2
40
0
14
1
0
0
0
0
0
3
23
0
3
10
0
0
0
21
0
2
5
0
2
36
0
3
0
9
3
129
3
0
283
0
3
56
14
15
3
1
0
6
0
0
0
13
0
7
16
5
0
0
69
90
83
196
0
0
16
0
24
3
1898
1
55
147
1087
0
0
515
502
0
5
3
380
0
0
5
32
1
0
0
22
0
162
0
13
247
7
280
0
0
5070
53
0
12
3
27
0
0
4
358
0
1907
0
0
80
0
13
0
0
207
0
0
70
4
225
0
33
9
69
18
15
0
0
217
103
1
0
68
0
326
9
94
15
169
0
5
0
1
0
0
0
252
6
0
434
331
0
6
464
0
16
0
0
2
0
0
541
20
220
2
112
431
3
280
0
195
9
3
348
4
0
2
23
9
0
191
1
45
7
9
6
492
0
740
0
560
26
0
501
0
0
374
0
230
89
0
12
7
90
74
57
8
2
3
29
195
0
0
6
47
163
25
4
0
0
2
391
0
95
1502
116
76
44
5
1183
42
4
7
38
940
0
0
551
268
68
0
191
251
9
0
12
0
1
843
1004
463
12
173
0
50
4
5
0
334
49
42
3
154
57
0
19
14
3
333
159
244
94
0
0
27
11
0
2
0
268
0
30
265
11
5
0
8
0
288
0
27
2
36
296
0
477
42
0
0
10
719
1
205
585
42
0
39
302
76
322
41
3
0
0
1493
7
531
58
0
0
4
0
1131
0
723
54
1383
56
889
248
172
0
154
4
0
0
0
18
2
96
164
0
16
61
0
301
0
4
217
13
0
2
38
46
24
65
0
0
14
1823
0
0
53
4
12
0
234
27
11
12
80
10
119
25
0
0
1
67
215
0
0
0
0
156
2
7
17
33
0
156
5
32
0
0
0
0
0
0
166
0
9
4
69
0
75
0
0
62
0
10
11
9
487
0
0
3
0
111
56
23
576
12
0
4
125
2
14
8
219
262
8
0
112
40
0
84
84
155
0
70
7
0
0
0
6
0
82
334
43
5
5
151
255
2
72
0
0
30
132
162
194
412
327
0
120
94
0
0
0
27
37
0
292
0
63
216
82
0
72
3
86
518
724
165
0
639
552
0
0
0
0
327
0
0
16
156
16
6
0
0
0
0
2
4
9
32
311
116
27
11
5
1258
10
1098
0
4
155
0
8
0
4
0
315
21
0
646
2073
1
51
3
1
118
126
0
0
16
3
3
44
0
66
0
90
33
16
8
0
12
744
59
0
0
341
13
0
3
0
0
35
0
3
10
3
0
999
1675
34
137
60
0
7
0
0
28
48
628
4
62
340
0
90
20
27
93
0
81
0
0
0
20
0
293
36
14
2
12
54
75
0
7
0
8
0
5
73
23
438
0
4
3
2
0
0
0
3
37
22
100
8
1297
11
123
126
1
8
47
885
36
69
40
0
0
7
0
102
24
8
0
990
0
875
137
6
0
107
0
38
13
1
0
96
12
59
162
0
0
0
306
0
0
0
4
43
8
56
61
2
0
0
0
63
17
6
544
0
6023
0
117
15
25
0
342
3
0
0
134
0
0
2
2
228
0
339
107
9
233
21
0
39
376
202
23
0
0
0
50
0
0
0
6
210
3
16
15
4
63
3
0
146
134
13
0
36
0
35
2
0
0
0
1234
1
13
2
0
6
11
0
20
0
214
0
0
157
0
237
2
8
0
225
0
15
3
36
17
0
725
46
11
0
4
0
0
0
0
80
258
18
0
12
0
0
3
99
0
1
4
5
0
11
0
86
360
625
18
253
0
0
7
0
49
0
3
11
1034
0
32
251
0
3034
2
2
20
107
3
140
45
0
2
14
6
59
35
0
0
0
877
2
0
0
12
0
7
0
1
301
318
8
433
58
6
528
6
14
3
54
276
0
0
34
0
43
12
27
127
124
737
4
0
0
0
25
1510
115
25
130
1069
11
54
0
1782
155
0
0
3
629
63
854
27
0
18
3
152
0
406
10
48
440
0
2
215
190
0
8
29
620
31
4
36
28
6
8
275
4
1
19
1
11
381
99
1
0
86
0
6
0
0
0
59
15
3
208
58
9
0
683
0
0
75
22
0
0
0
10
6
304
0
186
5
76
2
212
33
311
2
107
0
0
2
0
0
0
0
0
3
57
0
714
3
49
0
0
88
45
0
7
5
160
27
12
21
0
0
13
174
313
0
3
87
0
0
2
0
5
641
0
157
481
0
13
39
157
6
0
0
0
125
21
20
6
3
0
0
0
0
5
9
131
125
99
0
35
8
2
12
0
0
81
6
2
4
38
111
48
0
3
98
0
0
3
38
0
0
98
4
13
116
0
0
0
243
0
5
2
0
7
71
21
0
0
113
62
232
23
472
0
9
9
8
52
534
0
0
5
0
425
86
26
82
245
0
37
177
0
1
0
0
44
0
23
13
0
0
180
0
67
5
11
3
58
123
3
530
2
246
9
0
1292
13
181
0
316
0
0
842
132
0
5
24
144
0
221
0
0
53
159
2045
70
0
9
0
0
2
519
2572
28
523
92
282
0
347
82
0
0
475
3
31
16
18
135
93
452
60
137
3
0
79
55
21
0
4
2
5
2
195
0
25
15
14
4
4
93
25
913
241
7
62
2
61
0
326
3024
13
0
355
156
34
39
0
59
3
314
7
0
3
0
0
4
0
101
0
7
3
12
126
9
3
3
34
0
259
0
14
1
243
4
283
6
1464
6
0
1
28
0
21
0
370
2448
59
129
45
242
0
208
28
180
749
0
25
0
26
114
34
13
34
0
20
0
0
14
71
225
5
0
0
0
0
205
36
84
0
38
868
410
4
0
5
0
20
148
0
127
0
476
656
139
32
813
16
14
0
0
488
0
0
2
9
34
0
0
8
63
0
0
16
418
0
0
2
274
423
373
21
269
14
4414
0
302
12
0
10
56
11
0
0
59
234
0
0
0
284
0
688
2
40
0
0
2088
0
0
11
9
0
8
0
123
125
84
0
68
0
0
54
49
0
3877
3708
0
429
54
0
10
13
97
117
32
0
8
3
64
11
1193
8
56
47
4
197
0
367
5
28
99
0
16
0
2
850
0
25
0
0
12
719
46
6
201
0
0
2
1
0
6
77
296
4
14
33
0
0
22
14
2039
0
27
146
54
532
3
0
10
4
8
544
122
0
65
39
0
14
0
0
0
393
142
22
262
5
821
34
1
560
164
0
0
0
305
4
69
0
3
7
0
447
0
2
19
0
0
3
0
11
11
51
27
697
0
0
2
88
0
0
0
314
0
0
4
3
0
1
150
2
0
0
0
28
0
0
0
4
1664
22
38
0
50
0
3
2
510
0
3
442
0
0
7
163
51
322
21
0
4
32
107
16
0
125
311
0
6
0
58
17
0
11
10
1719
4
10
29
41
0
0
0
15
7
134
8
44
132
490
2
0
234
146
0
0
0
40
177
0
74
0
37
291
23
21
19
0
5
0
23
0
112
6
7
0
0
77
25
44
197
0
93
645
49
4
160
0
112
0
422
137
156
0
0
57
552
5
123
0
16
2
163
0
0
5
33
303
7
0
70
57
336
20
35
0
144
0
12
902
185
0
3
0
271
114
807
29
1
55
0
5
0
0
3
0
3
0
0
0
146
29
0
0
0
255
24
0
17
0
1
0
130
20
0
8
1
175
1044
49
1025
3
0
5
0
0
288
0
3
53
12
358
0
0
28
3
0
0
114
274
0
0
774
4
0
0
0
14
0
42
1
0
12
0
7
14
47
3
51
73
0
12
0
0
0
142
0
416
567
0
96
14
79
0
16
0
96
0
19
50
0
126
3
0
39
0
7
74
76
0
0
63
11
0
0
40
0
10
0
557
93
42
261
0
0
3
12
189
54
14
97
10
0
9
0
0
0
222
90
2
461
29
47
5
27
9
0
130
164
6
5
0
142
27
4
8
36
81
181
0
156
85
4
0
0
9
85
773
378
0
8
430
0
305
0
0
0
8
407
52
173
1
0
0
0
0
0
8
4
0
0
88
0
0
0
110
4
0
145
0
0
2
390
0
14
1179
0
51
0
0
0
0
39
0
35
0
67
33
383
0
200
0
114
0
0
0
0
0
4
49
0
0
0
13
0
0
0
12
0
102
68
1024
0
12
8
65
4
1151
0
32
6
0
0
140
0
60
0
3
583
0
63
0
0
5
13
330
197
126
33
24
32
0
14
14
8
17
0
4
58
121
86
0
0
4
4
210
32
11
691
6
294
0
1
135
0
723
0
173
0
0
546
3
109
71
432
0
8
0
15
36
1749
92
13
52
0
0
0
1
0
68
259
141
4
467
150
170
0
278
108
59
37
0
6455
4
60
4
134
265
213
2208
0
290
6
35
27
19
0
389
4
0
434
23
0
120
122
7
199
0
0
10
233
0
35
21
54
162
9
5
0
0
0
0
6
51
79
27
29
785
3
0
0
9
44
330
27
19
4428
0
5218
0
0
13
0
0
16
11
3
0
0
351
231
13
3
13
434
844
9
96
82
242
11
110
5
6
1173
14
0
0
0
3
3
0
3
202
5
10
24
1224
9
151
19
5
436
348
1002
22
79
0
148
1300
0
0
5
29
750
0
0
363
17
3
9
0
0
0
150
22
446
1
0
88
7
7
7
1597
108
0
1
7
38
352
16
0
0
53
0
2
6
14
52
1043
38
121
364
0
0
0
74
0
2
25
0
0
120
0
0
364
350
213
0
223
479
54
77
9
4554
10
0
0
1
1178
5
0
6
16
1
0
0
3
31
231
17
0
0
0
263
12
0
98
650
0
399
17
18
5
0
0
1
138
12
1
0
6
0
0
9
0
0
0
104
410
13
3
115
187
0
0
165
38
0
64
274
12
2
8
6
0
6
0
281
656
4
0
8
179
31
0
567
0
2034
43
0
0
305
0
5
38
54
0
109
35
56
1658
161
0
0
72
5
0
0
11
84
0
0
164
0
0
5
232
0
84
6
2
0
0
62
15
46
39
3
0
86
0
42
1
0
0
0
5542
22
11
1
14
0
328
2
3
36
4
43
106
517
0
0
62
29
88
138
0
39
23
7
11
1402
160
21
23
0
6
0
0
0
2
19
5
38
0
0
0
0
28
97
384
16
0
0
129
195
454
0
127
1
7
5
0
130
0
0
1
0
0
0
35
15
0
107
5
0
4
0
4
0
318
12
179
0
0
4
65
5
315
0
873
39
313
0
15
40
3
4
0
0
2
114
9
37
6
0
0
7
16
509
0
4
0
0
844
0
0
58
8
485
107
0
484
5
28
1701
0
114
7
0
0
12
5
2
0
10
3
0
8
143
553
100
122
721
0
28
174
271
0
1032
20
0
13
110
196
20
331
3
70
14
0
0
0
67
166
263
7
397
188
0
0
0
178
9
0
0
21
0
1740
39
0
4
31
383
87
8
7
0
9
0
251
9
445
122
47
0
224
0
73
0
3
14
2
716
530
1313
5
957
0
143
102
188
0
0
14
8
1
0
400
0
42
99
0
14
1442
86
89
49
213
33
0
30
12
1635
0
10
0
87
0
80
805
43
0
22
0
301
0
30
0
1111
212
6
0
10
59
172
0
76
0
23
35
6
0
30
0
9
0
4
0
360
0
1820
0
0
49
4100
0
33
3
0
27
0
83
4
0
26
378
20
5
252
200
149
210
12
4176
119
18
0
0
9
26
0
0
51
0
0
7
34
38
2
585
4
0
16
9
1
7
0
427
6
68
236
101
637
0
187
0
59
0
492
22
251
0
0
1
7
10
333
15
0
40
275
20
135
2
213
61
316
122
61
4
0
22
2
5
0
0
0
97
0
0
424
2
18
9
316
28
0
0
4
25
0
4
0
25
392
11
0
444
211
197
0
0
0
99
0
0
95
52
2
3
0
204
0
0
37
0
2
128
17
0
14
28
5
380
0
17
7
0
5
0
0
65
0
18
0
57
245
0
0
289
3
225
0
40
5
0
30
25
36
111
631
0
3
0
44
0
0
63
1
431
88
2063
0
27
4
68
133
63
4
6
0
37
23
8
0
4
0
0
0
4
0
137
28
6
2930
1467
2
0
1
0
271
0
151
5
555
67
0
2
1064
96
7
4
17
479
5
9
0
51
12
0
281
2603
0
710
0
0
470
96
213
40
0
0
0
762
1110
1
78
0
249
0
0
0
1551
481
0
0
0
1055
71
0
141
0
0
0
0
0
106
378
2
84
0
0
0
4
0
0
1
47
0
18
0
59
4
0
64
5
21
0
336
4
55
3
67
6
9
1548
40
0
0
24
26
0
179
1857
1
129
62
17
337
40
10
3
35
7
6
281
0
41
5
0
5
5
115
177
372
8
0
45
170
168
8
1
180
77
313
0
0
69
12
18
8
22
10
92
168
3
425
9
60
4674
450
66
0
64
5
398
63
0
0
211
174
7
28
21
8
0
0
0
0
2
3
0
20
501
64
122
0
0
0
1
47
8
680
0
0
0
0
0
3
53
826
0
6
18
0
115
0
0
407
216
0
2
0
0
19
383
57
46
0
105
0
0
138
0
0
46
0
0
87
19
0
0
570
10
0
15
0
467
0
25
110
2
0
65
8
213
7
1
0
48
0
40
1
0
0
5
360
0
0
123
0
19
0
627
0
33
0
148
5
29
3
6
4
12
728
22
4
9
0
0
9
1
7
393
6
88
259
0
1966
23
35
138
1
11
2
2
80
102
50
6
11
0
28
116
259
4
123
12
6
137
32
1
0
191
0
0
0
219
1491
6
33
80
137
184
0
0
0
3
68
0
2233
0
54
0
3
422
74
47
85
15
52
0
26
6
0
10
0
17
0
176
64
4
3
1025
0
0
0
0
77
227
2
0
219
6
6
24
308
328
9
72
0
29
236
14
198
2
0
6
15
0
5
0
376
4
579
333
0
0
0
13
22
4
105
0
0
164
83
47
8
0
114
52
531
0
49
82
0
6
2
0
215
25
283
6
0
0
8
5
1
653
258
0
2
30
155
168
18
0
0
7
105
0
9
3
877
9
205
0
40
4
0
0
0
0
775
271
26
9
6
0
0
373
2
0
57
0
5
0
9
0
25
4
0
16
5
0
719
129
5
489
0
0
0
696
3
11
0
58
23
0
33
0
20
0
216
279
6
1
1308
0
0
4
23
221
2
196
5
0
19
11
0
333
28
11
12
0
58
0
0
2
6
0
87
6
3
0
0
0
0
0
84867
0
19
1
443
0
35
0
0
1110
96
31
4796
63
0
82
0
0
13
58
35
0
314
0
385
0
1
409
0
100
0
11
7
303
45
0
0
17
194
283
332
13
2
1
139
2
5
3
86
25
11
5
15
10
10
60
6
226
105
0
0
10
12
42
36
1833
0
29
0
71
0
432
50
28
40
911
3
127
18
0
74
2194
12
4
15
62
24
67
5
0
0
5
96
195
14
22
25
21
1054
0
8
213
24
314
9
0
443
0
44
0
37
439
116
31
15
502
0
17
7262
5
5
0
105
0
56
167
3
40
167
642
495
0
1
61
0
0
24
202
29
10
0
20
66
7
0
49
0
9
0
0
0
0
2736
0
0
0
770
6
71
7
70
1221
0
0
13
0
2
0
3
8
87
70
309
2
0
54
102
105
415
207
27
0
19
0
131
402
5
188
0
44
938
2
116
48
0
1
110
7
33
112
0
4
38
0
6
0
1
0
280
0
0
64
329
13
1
0
116
0
64
10
32
5
0
724
0
213
4
896
148
0
11
299
0
66
18
4
0
262
3
16
63
808
4
0
0
6
17
107
0
0
4
630
0
4
0
0
1382
0
1083
2
8
11
27
0
0
205
0
33
0
68
0
2
54
0
22
0
11298
0
21
8
0
0
0
69
0
0
2
85
0
0
0
2
291
0
479
71
51
0
0
116
5
0
5
0
0
3
0
171
83
1
0
255
3
0
205
0
421
5
0
150
0
7
10
186
0
469
14
17
4
0
0
0
0
135
0
0
0
0
210
0
0
534
0
2
0
31
38
0
2
1
414
5
12
0
14
0
0
0
23
216
0
36
122
0
23
1
0
754
3312
0
0
6
0
265
3
37
28
118
0
0
0
2
335
22
13
2
1
52
1
23
80
39
24
43
0
23
0
2
225
7
0
60
427
0
78
2
0
0
75
4
0
4
2
71
27
117
0
99
0
0
0
5
384
0
225
4
0
39
193
0
2
35
17
0
432
88
0
32
0
0
32
20
0
49
122
0
3
0
0
0
0
185
4
0
3
4
0
731
1
16
4
274
0
66
45
434
0
0
41
0
500
3
20
7
0
0
33
0
599
0
0
29
6
0
92
34
152
53
0
0
173
0
15
0
517
968
370
4
23
11
236
77
6
0
0
75
16
20
13
39
35
927
124
441
141
1445
289
0
0
1
0
49
195
0
284
0
11
46
0
9078
1
4
0
18
58
0
6
385
0
32
2
17
0
0
0
298
0
34
0
0
0
5
34
11
8
396
2
178
4
158
10
5
0
14
286
0
10
0
5
21
0
479
289
0
11
4370
33
19
0
0
0
6
232
8
0
3
15
20
8
0
3
44
889
216
7
0
0
0
41
0
18
0
0
22
0
22
11
0
0
0
281
3
0
0
9
334
399
199
784
0
8
78
3
2
0
96
964
120
16
9
120
0
0
32
49
0
60
2
0
3
0
0
7
0
0
0
0
8177
0
61
64
5
8
17
234
730
632
0
0
0
117
5
33
53
3
0
0
75
386
7
0
0
55
0
276
170
2
4
12
4
5
116
13
0
18
0
37
0
0
11
1073
159
3
209
54
33
270
807
0
105
0
1
36
0
201
165
666
1174
0
0
15
23
245
0
13
0
53
106
10
73
3
243
0
0
52
29
1185
3
0
0
0
13
0
28
0
46
37
0
50
0
205
164
46
190
12
61
2
68
152
2236
486
4
13
425
16
39
0
1621
0
0
3384
0
0
9
0
8
70
98
0
597
0
24
176
0
0
0
15
2
17
6
0
15
123
0
33
145
5
0
0
654
23
1077
10
0
1
159
98
0
0
193
40
0
20
0
0
106
0
28
0
0
116
2186
2
46
72
624
0
0
2974
9
7
554
95
5
355
21
1313
0
1
0
256
20
188
3
0
533
0
46
0
0
0
709
636
4
10
135
4
155
2582
21
16
1489
0
0
9
0
63
4
0
481
0
0
44
340
134
0
726
11
629
6
16
0
1
8
1
834
206
100
2
1
17
0
726
7
3
763
193
0
0
17
4
155
0
239
68
23
179
0
0
993
379
111
68
0
0
149
293
308
0
5
76
45
0
28
5
4
138
0
4
11
1161
263
3
0
1
0
6
198
190
0
259
8
0
31
171
0
34
515
0
0
39
118
5
9
32
0
195
8
50
0
94
0
0
0
22
185
0
385
108
0
13
140
157
75
92
19
17
4
63
7
68
12
0
0
0
0
5
0
0
0
839
419
35
0
0
0
0
980
168
21
35
24
7
534
0
0
29
0
183
192
454
4
0
97
336
136
0
67
117
0
4
0
0
0
0
58
428
68
0
12
96
25
82
13
34
0
13
63
2092
0
0
0
21
43
0
44
0
6
22
7
6
351
1743
293
0
182
0
5
0
0
5
7
0
688
13
347
328
245
0
96
0
353
0
373
0
16
104
27
13
271
529
247
397
8
841
2
12
0
18
199
11
295
62
356
14
108
10
0
18
35
50
60
74
5
126
107
0
205
20
12
712
28
304
237
2070
62
596
7
0
0
15
0
6
33
1130
0
46
250
0
225
0
0
49
271
125
0
0
0
0
57
0
25
41
1400
0
18
86
324
2
443
40
4
161
1141
72
66
206
2
0
4332
14
529
108
18
127
190
0
0
0
6
8
6
0
6
50
0
0
0
79
0
37
1
0
10
170
2
2
0
14
5
13
0
0
282
0
10
0
460
18
1
2
174
357
3
56
0
322
88
42
74
498
774
6
65
4
2
0
88
163
37
5
0
0
7
2
14
5
10
0
84
213
16
0
1939
0
12
0
31
29
124
0
0
136
8
116
167
32
1
0
0
143
17
0
35
0
0
128
391
0
0
147
0
220
0
146
7
1138
957
3
0
12
444
0
12
203
0
62
317
5
550
41
0
0
13
0
94
52
230
7
8
0
0
83
7
1666
29
6
0
23
2
4
19
0
129
744
42
886
107
948
38
62
161
311
791
0
5
23
28
35
67
2
443
1
0
0
0
10
4
0
3
0
0
5
0
0
2
390
95
4
6
0
51
16
65
0
187
23
8
0
244
14
619
0
40
8
129
0
41
293
2
70
12
156
0
249
152
271
0
117
23
8
0
0
10
200
0
195
30
20
10
85
177
34
1427
1097
247
0
1
218
17
0
64
0
74
3
36
0
0
0
0
77
11
8
4
799
209
25
15
205
3
0
176
207
0
2
4
53
0
37
0
0
2643
62
0
34
146
30
0
8
21
25
68
324
43
0
103
17
63
0
0
68
4
0
0
24
0
4
6
6
16
0
82
2
47
0
118
181
2
3
19
0
1660
50
1
3
120
0
1
7
56
535
125
0
0
342
5
2
0
0
293
4075
46
0
134
0
0
45
31
38
52
8
621
245
187
0
2
5
24
3
11
54
135
41
13
0
22
3
1
1860
0
0
16
37
1145
43
10
0
0
2737
930
194
120
3
7
0
0
76
0
3
155
108
375
715
0
683
5
379
0
0
0
0
237
0
6
7
1
0
20
0
70
4
128
3
0
0
59
0
166
8
41
0
0
0
915
118
0
0
0
0
3
15
36
8
45
0
130
0
280
329
2
0
0
0
0
14
34
0
216
771
1
0
0
1361
0
0
1
0
53
11
4
10
24
62
0
11
103
6
3
118
0
85
479
0
17
261
0
1
1
63
0
0
10
72
0
0
364
0
2
0
2
229
0
0
3
0
0
16
0
888
0
0
10
4
353
0
214
12
0
60
75
0
0
403
0
10
8
0
194
6
1
98
0
7
22
18
0
11
0
1530
4
9
0
4
20
0
234
19
2
10
133
10
5
16
8
0
0
0
0
415
21
0
1
6
0
15
27
28
9
0
7
250
595
0
3
0
167
78
0
629
512
0
13
159
7
6
0
1
613
4
8
88
50
3
4
0
7
0
0
11
9
38
5
9
0
141
307
368
107
3
129
8
1084
0
11
2
8
249
55
628
20
0
3
46
151
6
10
217
5
24
1
9
33
117
10
87
35
12
85
473
0
0
389
7
910
0
0
11
0
13
2
300
0
0
0
0
0
4
674
290
0
119
169
132
45
340
623
68
39
12
6
0
0
0
237
0
90
40
331
20
155
111
36
0
0
0
0
10
26
23
85
4
0
223
4
66
151
0
589
0
7
372
254
11
745
227
2
27
7
35
0
306
0
0
0
193
0
0
66
0
0
1341
4
28
48
4
1030
0
0
0
600
110
213
96
274
5
291
141
3
207
11
0
87
101
5
117
0
0
16
0
3
824
1
5
0
0
16
0
0
181
19
2
20
57
45
22
242
10
0
0
0
647
137
40
1
3125
0
18
125
0
16
0
115
12
75
3
6
3
0
0
306
14
96
229
83
9
0
0
0
19
73
243
1
889
0
23
0
0
12
5
0
26
1114
0
24
34
26
3
8
1
159
16
65
4
7
4
106
0
46
402
0
7
201
625
12
0
1954
30
5
6
5
4
216
0
0
1
0
616
0
14
0
0
105
0
15
8
0
5
10
4
94
95
0
288
65
8
10
26
130
5
71
0
5
64
0
0
0
288
0
28
18
0
374
46
179
176
11
10
155
4
11
726
2
23
3
12
0
263
18
0
167
0
54
57
15
208
0
39
96
46
93
4
227
2
0
214
6
4
0
419
58
0
210
135
4
3
0
693
6
238
0
0
0
0
4
0
0
56
0
56
358
0
2
0
0
15
41
448
113
0
3
0
54
18
113
0
57
103
6
16
62
0
0
0
0
8
0
6
55
0
0
9
7
912
0
70
43
2
0
0
5
183
97
2397
0
0
53
17
15
26
550
157
9
26
95
37
14
0
33
0
15
51
167
0
0
15
14
0
0
60
6
8
0
7
28
3
0
0
19
17
175
88
0
27
135
16
2
0
271
0
7
95
0
0
242
0
9
47
0
1369
1
56
0
5
3
5
5
6
7
0
0
23
0
0
2754
12
77
15
0
0
48
201
62
979
0
0
60
16
0
204
61
0
1586
0
162
13
1
37
1
0
159
4
0
8
0
15
94
7
183
0
0
1105
21
0
1856
0
3
229
293
11
4
10
683
2
298
837
0
6
0
510
161
66
2
20
9
0
2
2
0
14
5164
148
0
1383
0
89
25
0
0
45
0
44
235
24
3
233
68
156
8
17
644
108
4
0
241
577
14
46
0
0
0
46
70
124
16
28
6
17
0
15
19
0
8
0
0
141
0
514
0
113
2
39
3
77
2638
0
153
0
27
17
0
19
41
18
0
11
121
0
0
0
0
0
175
0
0
4
0
8
63
12
60
960
0
0
0
0
0
0
145
1
0
6
18
0
214
0
0
3
7
0
38
84
0
0
0
231
221
0
0
0
0
19
0
4
48
33
0
65
28
292
62
3
12
0
3
274
0
0
15
0
0
0
28
0
20
0
0
1
36
115
49
0
5
0
0
42
6
263
0
56
30
105
648
0
0
0
0
8
0
5
4
0
5
17
47
0
7
0
254
0
15
3
81
138
7
3
28
1
29
15
18
0
2
10
6
3
0
31
7
42
0
0
661
102
10
16
56
0
389
39
0
156
54
207
20
27
0
0
22
8
0
0
3239
1
0
44
0
3
0
125
8
0
8
89
0
0
0
63
0
8
13
75
0
0
0
0
3
12
155
0
171
13
0
31
293
0
11
17
136
4
44
0
6
0
4
69
26
12
0
422
0
2
0
0
0
2
0
4
196
20
4
0
0
3
5
108
8
0
0
5
0
0
72
799
45
0
0
0
0
0
0
7
12
31
0
26
11
4
0
3
122
62
0
0
0
0
0
0
79
0
0
0
138
0
3
5
771
0
86
0
7
96
0
3
0
0
62
239
0
0
2
0
25
54
0
56
7
6
348
23
73
5
9
20
220
1986
6
0
3
0
99
26
5
0
967
0
0
0
22
129
3
24
0
0
291
0
54
25
0
6
16
0
391
4
54
549
10
0
0
34
0
24
31
164
0
0
5
0
344
7
3
7
5
0
21
0
0
0
52
180
0
0
62
5
0
34
0
4
154
0
0
0
283
6414
0
1
0
0
30
1
6
0
31
88
16
145
4
0
0
23
308
30
5
39
66
1165
264
0
0
0
0
63
183
0
0
16
0
229
2
427
0
42
0
0
6
651
101
0
83
173
3
8
557
7
91
5
16
0
20
0
0
15
18
8
0
591
2
6
0
15
0
12
53
21
0
0
0
90
159
7
0
1
9
3
84
5
0
0
21
170
0
3
0
0
14
0
0
8
268
0
9
5
12
2
0
0
10
9
20
73
0
0
0
38
0
180
174
0
424
140
0
0
1
2
11
0
14
13
7
0
0
371
2
0
396
0
0
104
0
10
47
66
9
0
277
38
194
4
22
0
5
38
153
0
0
0
6
0
24
0
9
0
0
18
87
6
0
0
0
4
15
191
70
1
0
2
106
105
13
22
149
154
30
0
101
371
27
0
32
91
70
609
0
18
4
0
2
10
0
13
3
24
0
43
12
0
0
0
37
113
0
256
0
150
1221
128
0
3
10
29
2
143
0
0
0
111
0
34
0
31
0
54
0
0
3
174
27
27
21
0
4
257
7
52
0
10
48
154
6
56
0
424
0
5
19
0
7
16
0
7
471
2
0
0
305
45
11
22
0
0
0
6
2
0
14
122
780
317
7
0
71
38
67
225
0
11
0
2
2
921
0
90
3
243
1
73
207
7
0
0
7
448
101
25
0
9
10
26
2841
1
98
11
0
16
12
5
72
0
6
8
1105
3
4
229
366
0
1557
0
21
26
1
62
14
275
31
7
154
3
0
0
11
752
2
44
4
159
7
0
0
0
0
1
27
18
0
4
82
0
0
47
578
0
0
190
2
0
0
13
6
0
234
0
602
6
0
0
0
42
19
3
1
40
0
651
177
63
205
5
28
0
263
3
2
194
16
0
0
13
303
2
14
31
195
7
0
0
3
0
144
0
15
20
5
0
135
0
2
8
380
133
8
70
11
0
42
4
1
22
1
116
29
146
0
17
22
384
0
21
6
1
155
24
0
0
490
86
9
3
0
0
6
3
0
270
0
7
0
53
0
19
0
10
0
0
67
2
4
10
498
0
10
5
0
2
56906
7
62
0
0
0
5
24
171
85
1
312
0
259
0
7
131
0
0
147
3
61
0
0
17
531
346
47
0
1053
0
73
82
4
12
0
3
8
245
39
13
166
0
0
17
77
0
0
37
7
0
0
11
24
2
0
409
14
212
3
198
74
63
135
144
25
0
0
18
2
3
726
11
167
27
0
0
6
2
16
0
0
9
37
112
151
0
47
0
0
43
57
9
16
0
589
9
1216
6
32
0
8
2
46
41
114
1
147
63
10
14
27
0
0
0
32
140
134
5
24
0
34
12
0
0
4
483
0
0
47
0
0
219
0
445
808
0
0
873
8
0
151
2
3
110
0
108
0
13
157
0
7
114
1
30
25
0
7
45
3
722
3
0
0
46
122
0
0
0
0
8
189
156
5
0
15
121
301
5
7
330
158
7
0
1
208
75
2
2
95
52
244
4
3
0
48
0
1186
166
5
0
9
0
121
0
0
0
5
0
41
8
0
13
8
0
0
51
763
0
0
10
6
25
0
132
3
0
127
0
18
0
103
12
0
9
161
0
440
303
88
479
116
0
173
0
3
25
0
20
2
5
19
0
0
25
0
1
5
1207
0
1
0
40
1094
0
298
0
24
0
2
56
28
78
170
96
0
105
25
6
7
15
213
72
13
20
0
20
36
12
0
1
462
268
177
97
1542
599
0
69
0
0
0
267
64
0
59
1054
432
78
5
11
141
297
4
12
1
263
0
176
0
582
23
45
0
17
7
0
420
9
60
2
170
29
154
8
64
3
29
2
0
0
0
18
96
238
12
0
255
0
6
0
195
0
25
41
1176
25
0
354
0
1
23
4
97
0
0
1
2
120
2
0
0
18
50
24
61
1
0
0
130
0
59
0
25
0
22
3
2
1
0
194
0
2
0
3138
10
2
2
2
17
162
184
62
504
0
0
886
0
0
660
5
4
0
4
610
108
5
0
607
94
0
3
0
0
8
12
1006
5
0
19
9
2
386
9
3
0
1216
23
103
4
87
2
305
4
53
29
0
2
0
16
0
10
2
6
139
20
0
1747
0
0
0
20
2
0
699
6
6
0
5
79
0
0
84
376
5
51
30
18
25
158
630
119
0
0
1535
59
0
274
1853
0
269
586
10
0
2
0
6
7
170
0
0
2
10
0
7
0
2
13
17
7
27
7
4
25
12
567
13
0
38
0
78
1
0
3
441
2
0
14
0
2
10
0
5
436
242
0
6
50
86
52
259821
193
20
52
433
750
1
8
6
1
63
0
0
115
1
309
1582
0
3
0
53
121
32
220
153
8
0
0
0
1129
17
2
5
48
1
0
6
705
29
88
10
0
11
252
4
8
365
95
0
46
0
0
35
524
0
12
97
477
0
12
615
129
0
0
1802
4
2
230
0
0
0
4
4
0
0
0
153
5
64
0
289
231
0
0
43
218
79
5
83
1
0
23
0
636
36
285
14
0
8
0
0
15
0
0
0
36
1214
658
816
0
15
7
6
319
5
12
0
6
17
240
143
0
0
453
7
376
0
0
41
0
7
0
2
2
502
32
47
0
0
1054
5
0
4
124
5
62
280
0
0
52
4
0
161
0
4
0
0
0
2
0
61
65
0
241
0
4
0
5
5
175
7
489
0
17
361
7
0
0
119
0
24
366
16
4
0
0
3
66
3
31
33
0
0
4101
58
0
0
0
0
679
0
0
0
248
0
9
13
30
0
2
0
365
0
0
7
9
0
29
4
4
0
404
35
2
915
90
0
436
0
16
0
0
394
0
2
1726
172
0
0
0
86
142
5
51
17
8
629
0
52
8
0
0
3
0
0
3
0
5
553
3
41
27
2
5
0
4
383
0
0
0
0
3
9
0
0
0
0
0
10
0
4
0
51
12
50
193
0
0
72
9
55
0
0
0
5
0
3
6
0
145
4
11
47
34
7
13
2
194
9
0
174
4
309
2
253
384
0
4
27
0
0
49
4
59
10
0
0
76
0
1005
0
0
12
3
311
11
547
186
0
49
0
279
229
0
0
65
0
4
2
345
1
3
109
30
267
52
326
2
3925
67
292
0
0
381
0
290
16
11
0
0
0
31
36
25
6
3
4
106
1
0
3
259
6
0
0
5
406
204
75
152
38
0
6
0
48
0
8
1
6
0
18
310
0
196
0
5
0
586
4
19
0
328
0
178
0
7
2
208
0
13
6
21
0
28
32
51
0
240
3
139
0
0
2
23
43
0
117
0
142
0
28
2
0
0
1
0
1
0
0
240
8
61
0
0
141
34
2
421
1
0
2
56
27
277
744
0
88
2
261
5
70
0
0
661
14
23
89
7
363
35
2
159
1033
17
785
3
341
9
0
10
0
5
21
0
0
4438
0
596
1
64
3
140
0
102
157
77
0
69
363
0
625
4
7
0
83
3
0
1
5
0
0
107
0
31
0
778
4
0
31
0
20
136
0
0
602
10
7
1
72
3
0
1139
0
0
67
249
5
387
4
4
0
0
67
2432
481
0
0
0
0
43
6
5
0
312
244
51
6
25
2
15
18
1
238
0
244
222
0
0
0
89
337
8
0
0
2
8
7
41
0
1
0
0
0
11
41
0
4
31
8
8
0
11
6
1
4
0
57
14
3
0
0
33
83
117
649
52
9
195
0
0
0
11
10
0
3
1
6
2
176
0
0
1
0
2
3
0
8
0
3
86
0
3
0
26
5
0
62
0
477
313
165
7
52
103
0
0
5
0
28
2
6
0
0
1
19
4
12
0
7
1032
0
3
3
0
0
30
0
4249
40
4
544
1
0
64
0
611
17
0
14
2
6
26
51
0
220
247
818
397
0
0
0
0
5
12
70
0
148
106
7
53
0
44
1101
2
7
27
73
7
69
202
9
33
2832
546
0
9
13
45
4
0
12
89
1152
8
0
0
716
0
0
0
6
15
39
141
175
460
285
0
0
11
0
574
0
4
63
338
0
0
0
101
533
10
449
141
18
702
12
0
0
191
68
112
100
0
454
47
145
0
40
151
761
4
1
4
0
4
0
0
127
11
0
33
60
340
2
3
310
157
30
2
0
111
9
43
0
0
0
23
206
4
0
136
0
0
0
0
6
42
126
578
167
171
0
98
0
2
48
291
82
87
5
169
17
2
4
10
226
0
438
17
4
133
0
0
36
4
35
0
0
0
5
54
0
2
34
31
0
0
547
2
924
0
0
0
0
21
0
0
4
558
6
5
0
3
3
0
271
0
0
5
5
108
12
0
11
64
0
0
219
0
41
6
267
22
0
0
33
220
44
208
360
0
4
49
0
0
12
258
6
0
239
4
96
0
0
0
2
407
255
202
448
4
0
6
34
78
8
72
10
5
52
0
37
0
98
5
271
2
0
56
0
0
105
0
91
630
7
169
3
0
320
0
550
6
5
589
0
982
612
4
0
16
0
0
0
0
446
0
145
2921
225
18
18
329
9
11
0
26
27
0
0
11
160
104
24
63
10
116
527
16
29
0
2069
0
0
3
324
0
138
119
661
0
51
4
104
263
0
0
570
28
24
0
3
2009
3
0
1141
6
184
235
0
67
1
27
299
572
4
9
13
415
2
0
0
3
4
0
340
0
2288
0
0
112
0
1
35
11
69
2
88
232
6
0
39
74
2
0
0
39
0
31
23
2
0
35
0
4
22
0
316
958
0
114
3
64
0
15
0
10
0
45
0
0
5
0
110
4
892
0
12
0
301
4
0
0
0
29
10
412
2
51
114
98
0
2
4
4
6
0
1
0
60
0
61
0
18
131
0
14
11
48
3
5
0
0
34
6
39
124
0
606
56
179
0
0
367
23
18
76
4
454
60
0
0
102
23
0
178
95
26
4
3
0
2
756
157
35
0
1008
27
0
136
26
0
5
30
18
524
719
141
1835
347
0
26
82
0
390
22
0
5
0
28
71
9
4
312
180
3
183
7
150
8
0
13
0
0
296
71
1423
0
150
0
66
6
91
3
1
4
536
110
10
71
70
56
0
0
0
20
16
0
44
14
58
947
2
245
0
39
1
554
241
206
14
171
0
81
0
137
3
8
0
16
0
0
1
54
47
592
10
0
4
63
23
4
0
1
0
40
213
0
65
3
26
0
798
53
19
0
0
0
3
32
24
0
39
116
75
2
0
0
3499
0
16
263
0
279
0
7
2
0
5
103
0
89
0
37
40
348
89
0
0
5
379
0
5
1122
0
20
0
4
0
17
7
1
19
91
3
9
0
7
0
44
0
0
44
30
0
92
0
169
552
9
0
6
44
18
4
312
98
8
38
345
2
5
39
51
0
0
30
407
5
482
0
39
471
83
0
8
260
209
420
28
15
8
114
137
0
10
124
408
13
0
27
0
38
1
0
18
0
10
10
325
186
106
6
217
1
154
3
160
200
0
0
5
44
101
303
213
0
0
31
229
172
4
0
142
35
0
0
0
2
750
0
0
15
2213
2
0
4
0
62
4
704
0
0
0
54
88
30
0
46
203
3
0
452
0
0
0
112
4
16
0
0
26
0
0
61
0
0
51
0
23
203
0
39
0
0
0
0
283
0
5
315
480
4
0
4
38
10
3
49
1073
0
83
68
35
175
0
332
60
0
2950
39
53
0
0
0
3
90
10
10
128
27
0
52
0
3
0
44
10
2
30
7
550
391
2833
93
3
243
0
18
0
371
29
0
0
95
0
25
129
0
29
46
0
0
69
71
0
6
0
357
0
11
52
2675
3
1
0
6
0
0
42
39
0
0
358
199
0
0
3
0
16
16
66
0
0
520
268
0
0
656
260
0
0
13
0
0
69
3
0
104
0
18
0
178
50
316
6
0
0
0
23
99
0
2
63
9
200
0
0
5
0
0
0
9
0
0
68
0
43
257
2
0
369
12
0
6
22
0
3
0
4
338
35
3
0
11
0
2
1396
657
0
209
238
0
140
6
95
8
162
30
133
0
65
2
0
0
0
151
0
0
38
93
4
9
3
101
354
21
27
0
2
26
4
0
0
25
0
74
3
0
85
154
0
0
0
0
20
0
3014
212
0
338
88
17
0
7
31
57
6
0
0
890
20
3
0
5
21
0
0
0
116
2
0
23
0
0
21
12
0
0
0
123
64
14
0
0
4
0
262
8
7
443
111
0
17
1
105
47
0
3
42
0
87
9
0
12
0
0
276
5
0
0
0
5
832
21
0
0
0
0
0
61
373
4
133
15
0
18
87
0
2
71
267
0
101
0
114
332
35
1064
0
31
33
0
2
0
78
4
302
0
9
1300
4
0
7
0
32
133
0
0
0
5
19
0
35
5
401
196
32
12
389
4
351
3
0
3136
0
0
0
3
0
39
41
578
0
1
130
0
8
0
25
0
1
0
9
0
0
0
1
24
4
140
5
80
59
208
0
20
22
0
30
0
0
347
0
0
148
0
0
8
0
5
0
0
18
9
0
263
0
122
0
228
12
28
0
15
2
0
18
0
4
0
97
162
4
0
1
62
17
0
3
34
0
43
299
0
36
0
20
77
0
408
0
24
0
66
0
0
0
54
14
6
0
0
9
16
0
4
0
5
12
4
0
17
0
51
10
85
0
0
0
3
0
12
325
0
375
137
0
4
0
2
7499
143
47
12
3
0
128
985
5
1
2
0
13
53
21
2
6522
0
43
0
362
5
1306
27
262
114
0
148
38
12
129
0
6
53
15
56
344
202
8
9
0
5
1097
0
7
8
62
0
0
0
0
0
0
0
0
9
0
0
0
0
0
10
55
51
0
82
240
972
84
38
0
235
9
0
27
2
0
0
0
0
0
57
0
13
0
27
0
26
0
7
68
197
0
0
0
0
0
0
0
16
60
63
1125
0
246
175
25
0
36
0
0
0
16
0
285
26
5
0
1
0
3
26
0
7
46
274
0
8
0
45
150
0
57
69
58
101
3
0
0
0
1
0
1
0
7
0
0
3
107
17
0
0
8
0
0
493
0
0
121
51
0
19
0
14
327
4
27
152
725
488
7
78
0
0
0
30
24
81
344
0
0
42
264
0
0
0
5
0
7
0
0
936
17
4
0
436
0
6
0
22
422
0
4
227
83
356
94
3
59
0
3
6
16
140
30
10
0
72
5024
348
13
2
172
39
86
6
3
561
0
5
0
32141
0
0
22
258
103
0
484
0
53
277
0
0
0
39
0
0
45
9
0
0
19
0
0
2
5
38
103
312
86
5
0
0
0
0
13
1789
10
0
5
18
21
0
20
216
4
0
11
0
0
0
6
16
0
566
0
0
18
0
19
10
0
387
0
9
6
0
0
0
0
0
0
0
85
476
4
109
6
52
0
92
28
23
134
9
110
526
1
0
0
11
777
6
23
0
247
64
875
8
0
0
0
0
23
69
0
0
15
0
175
0
364
0
62
17
44
86
0
0
11
18
0
10
0
17
4
23
272
0
206
8
807
11
0
108
0
49
0
0
46
2
0
251
22
0
116
10
5
1406
19
1
0
308
0
0
19
28
2
72
51
0
0
852
0
141
13
35
4
3
29
77
147
225
0
250
0
307
185
155
0
11
35
61
155
0
6
0
1117
3
118
0
4
16
451
0
44
0
188
0
530
0
329
4
35
52
4
0
3165
0
22
0
2772
0
0
3
0
0
0
7
0
95
17
0
0
53
4
64
119
0
65
618
66
0
91
262
6
0
12
5
49
1945
23
8
1129
0
19
31
0
1
0
0
568
0
0
3
0
9
41
17
0
53
0
0
9
165
435
2
4
355
493
0
294
23
0
52
497
55
0
0
64
15
373
29
6
151
0
652
200
0
25
22
0
2723
24
15
20
0
7
0
0
17
4
122
2
3
41
2
22
0
0
88
386
0
8
140
32
3
0
0
0
0
274
143
0
2532
5
21
0
0
0
33
12
1
96
0
147
67
557
87
0
0
19
9
34
292
15
40
2
136
7
12
38
47
120
0
0
24
0
0
95
2
0
3
7
0
0
79
0
4
0
0
3
23
40
3
4
3
0
93
0
229
0
542
33
36
280
0
0
395
0
0
0
8
0
2705
3
19
6
0
12
207
0
28
3
0
4
4
0
0
7
0
0
0
0
30
0
17
0
94
3
0
97
21
0
5
195
0
2207
78
0
11
0
317
0
123
206
0
4
0
55
0
0
2
0
0
21
0
0
0
0
0
0
61
1
0
0
0
1102
0
124
0
274
158
0
0
0
130
3999
237
0
3
31
15
24
3
40
17
0
0
35
0
50
1
147
56
97
0
6
38
0
0
0
265
0
10
0
0
6
0
6
2
6
33
18
18
5
21
76
0
37
10
68
12
114
0
0
0
102
0
0
250
0
5
0
21
260
64
0
3
0
1250
21
7
3
352
42
0
199
52
9
23
0
816
29
0
0
9
35
3
106
87
0
0
4
86
10
3
9
170
2
0
0
0
159
209
692
8
18
0
20
4
0
0
2495
0
154
4064
98
3
1
102
490
0
2
22
0
19
0
132
4978
46
185
0
1086
108
0
168
10
164
71
34
11
6
11
3
19
2
7
2
0
2
4
187
134
75
1
154
182
277
12
0
21
4
0
4
227
0
4
11
153
0
0
0
33
642
0
0
6
1
0
52
6
3
5
8
0
1
0
0
4
2
89
0
0
0
4
0
0
18
124
6
844
0
44
0
0
0
4
61
0
0
820
0
0
0
0
2
48
0
0
1256
4
22
270
0
258
10
0
51
24
0
3
0
48
21
0
0
273
154
0
254
87
470
0
15
4
0
0
0
8
2
4
22
0
0
0
0
506
167
0
4834
0
10
0
6
2
62
33
0
52
215
0
0
23
5
18
0
41
17
3
3
6
0
0
0
105
336
625
191
0
16
986
167
6
0
1
73
14
0
164
129
0
64
5
0
62
0
315
18
17
2
0
0
167
127
122
19
0
0
0
1
97
36
0
8
0
7
118
6
2
4
0
2
0
0
12
0
2
7
21
6
7
0
0
8
0
14
5
94
0
9
0
94
0
2
38
0
0
186
90
25
41
86
0
0
6
0
19
1
17
0
401
2
0
20
19
0
59
0
1
0
12
0
0
8
13
0
0
298
0
4
2
0
0
74
9
4
0
0
0
0
10
43
0
3
3
1
42
12
0
0
6
67
14
9
162
6
2
125
3
813
67
172
21
4
16
51
101
0
0
11
157
8
294
10
33
8
0
0
5
105
0
0
0
0
7
15
37
0
10
3
6
0
11
23
0
0
40
4
16
0
0
168
39
20
58
129
3
2
8
0
0
17
155
2
82
375
0
0
86
78
0
214
7
36
8
0
4
0
138
0
4
4
18
0
1100
0
192
0
0
0
8
17
0
0
63
0
53
10
27
12
9
0
7
0
26
144
13
0
0
4
6
64
0
36
1171
5
132
30
52
0
0
0
2
0
47
0
55
83
3
75
70
0
18
12
0
0
0
0
83
103
2
17
47
102
0
12
0
345
39
62
0
0
25
0
0
2945
1
389
19
11
0
0
2
69
9
10
0
0
0
3
3
203
10591
0
0
4
38
8
43
0
0
0
8
0
0
14
0
0
70
15
0
2
0
0
118
2
7
15
0
39
31
9
8
1
3
56
155
0
2
24
22
478
0
8
472
1813
32
186
28
0
116
12
384
0
0
51
0
26
219
76
90
20
0
0
793
17
0
97
15
0
4
0
0
0
87
5
98
38
0
0
13
5508
0
0
153
122
0
9
0
611
5
0
0
10
0
0
0
19
183
0
0
0
14
0
1327
0
6
299
0
78
93
1
1051
243
0
7
3
0
6
97
0
27
0
28
56
0
332
0
0
16
3
2
36
5
38
135
0
14
314
0
27
0
106
0
0
7
56
4
47
4
0
0
5
96
0
0
10
0
0
197
95
0
23
0
462
312
193
0
13
0
19
73
0
6
21
3
38
2
2
9
0
0
14
0
0
166
0
0
0
41
11
0
18
26
17
0
2
0
0
30
29
4
2
11
0
17
0
0
0
4
97
0
0
13
0
2
2
156
0
7
0
0
287
68
42
32
0
280
50
27
174
40
4
1
4
0
99
3
33
1
0
1533
731
2
0
47
57
24
40
0
5
0
0
0
0
68
0
0
0
0
3
12
0
131
9
143
15
35
162
6
0
0
486
0
0
37
0
17
7
11
0
2
0
8
0
70
234
0
207
0
222
0
133
75
3
0
0
0
0
0
45
0
0
17
6
0
20
0
0
0
1
0
0
0
17
44
0
278
173
27
0
0
178
0
0
1
1
183
126
7
0
129
0
159
9
249
25
0
178
0
81
0
0
72
41
0
2
145
336
0
185
36
0
0
0
502
143
8
25
0
6
0
2
0
22
1110
0
0
83
1
233
0
114
0
0
0
77
0
475
11
5
0
25
0
120
300
0
106
0
0
17
22
9
0
2172
3
0
7
127
54
7
325
382
231
648
554
76
6
24
32
56
29
0
10
0
86
0
93
0
0
2
3
74
2
0
0
0
0
0
33
1225
208
4
166
17
3
36
596
35
65
2
11
47
0
0
0
0
431
3
0
18
0
4
7
56
0
0
57
3
42
495
6
0
74
455
10
1049
18
32
0
142
0
133
17
0
13
113
12
169
0
36
0
0
0
116
0
2
116
233
0
687
11
50
0
120
278
0
659
88
4
0
422
0
53
0
69
0
0
38
20
5
260
187
19
613
11
443
2
1
278
496
0
0
0
1
164
1160
2
158
36
0
17
2
0
0
237
4
30
0
24
10
60
0
11
0
306
0
41
11
56
0
0
0
1
0
15
50
43
6
678
515
0
48
545
2
397
4
0
0
8
0
40
6
36
1693
50
0
21
18
73
0
0
0
10
1
120
2311
4
4
20
175
124
0
74
0
20
7
9
77
0
42
4234
0
0
0
0
53
440
2
0
0
5
9
0
0
0
279
0
87
63
4
62
3
0
25
4751
4
18
3
0
51
0
4
349
0
0
366
5
11
0
0
0
0
279
80
0
0
0
80
17
0
6
7
12
437
0
0
0
0
2
0
4
97
0
0
0
831
1159
1
2
0
5
160
22
395
12
128
11
0
74
600
0
461
201
0
92
0
0
5190
25
0
235
0
0
16
0
204
0
68
2632
0
0
0
0
7
0
48
0
113
2999
302
0
0
0
3
0
0
49
0
46
13
74
167
680
117
0
0
142
5
16
6
310
1109
7
38
0
2
58
0
11
0
19
0
163
15
0
162
22
0
0
18
145
0
0
0
10
0
0
25
248
0
48
39
11
2
79
0
0
3
0
473
11
127
29
0
8
0
0
0
457
171
398
35
0
8
1162
398
0
0
837
4
0
0
0
0
2
0
57
98
74
80
0
230
5
0
13
19
471
34
9
42
2
7
0
5
61
0
128
55
2
12
0
0
0
0
0
621
4
6
64
14
91
0
0
179
73
53
0
0
5
0
0
129
127
8
0
13
0
11
11
0
383
60
0
0
167
463
72
1
16
4
0
34
0
9
0
1
123
2
0
38
16
0
227
0
51
43
60
147
1
4
17
104
113
27
0
2
12
0
1296
226
1208
0
0
0
47
38
2
0
0
673
0
0
0
0
0
0
0
0
0
0
0
14
0
63
0
42
14
0
112
0
185
870
0
0
0
0
2
0
2
3
147
206
80
37
1
3
275
1
36
298
19
539
7
6
25
0
11
9
0
0
0
3
8
0
8
8
0
242
2
57
102
6
7
0
0
0
6
0
12
158
2
0
0
0
0
0
0
8
100
2
210
607
0
5
176
1172
0
0
19
0
466
0
6
31
83
0
92
0
9
0
164
28
0
0
14
0
6
50
256
7
187
103
330
0
0
39
241
23
0
18
627
0
201
8
558
755
213
0
49
9
0
0
2074
793
11
0
188
0
80
3
5
29
0
0
0
595
18
100
531
37
13
161
2
42
63
180
0
0
92
1
31
0
0
3353
0
47
22
10
115
45
0
5
0
116
0
368
0
63
3
235
53
134
4
38
1
0
0
0
5
0
366
5
12
0
0
0
0
31
0
89
0
12
6
4
0
0
7
9
0
20
0
63
68
2
269
11
72
84
0
34
33
0
166
31
136
0
1111
3
242
5
11
68
2
1
83
0
612
13
195
64
19
0
1
0
0
0
35
1
0
20
106
3
641
149
0
0
385
0
0
0
2
0
4
0
15
0
1
4
0
21
0
206
0
269
0
0
0
0
261
0
0
0
287
6
202
55
0
0
357
2
4
11
3
0
0
22
0
70
0
176
1097
0
297
8
99
2
0
0
40
1062
108
37
129
120
81
26
125
0
85
0
516
0
359
13
0
86
0
245
122
0
112
0
64
4
0
758
34
17
0
68
13
0
51
59
0
3
0
4
0
121
4
78
0
135
70
3
3
634
293
3
0
298
0
36
0
43
0
0
177
48
0
1933
656
65
71
0
0
0
0
13
0
99
2
19
49
98
317
7
22
206
72
1
49
54
0
0
164
60
0
47
162
0
0
0
0
12
38
0
0
42
175
50
0
360
1579
1209
10
272
1427
8
151
0
30
330
23
27
149
37
0
107
3
0
75
325
0
0
0
87
146
0
10
0
339
20
1700
104
45
27
52
0
0
406
198
44
3
4
0
65
42
0
156
28
7
69
279
2
174
80
0
0
2
46
559
64
84
0
0
535
0
0
3
0
8
12
1112
0
8
0
1
35
46
0
0
127
4
0
0
675
22
0
15
82
27
787
184
0
0
0
0
2
38
0
11
0
0
12
0
63
0
0
77
0
0
0
35
5
12
0
2
1
0
122
0
8
0
61
1
356
64
4
65
0
0
28
29
500
21
52
0
177
113
0
4
0
102
20
4
0
315
36
2
89
5
0
0
94
0
17
766
0
0
0
0
0
0
17
6395
0
0
136
0
144
12
9
0
4
19
4
0
7
0
78
22
9
0
57
20
22
5
571
6
8
0
32
15
1509
283
6
0
3
4
5
4610
0
0
2
1492
129
3
0
6
7
0
0
7
113
32
0
14
0
6
68
0
51
0
3
84
177
0
10
5
12
10
265
163
6
201
51
8
0
201
0
2
0
6
7
362
1
0
0
3
7
4
3
460
0
0
439
50
0
0
60
0
0
2
0
0
6
0
30
17
8
73
989
1
0
234
0
0
4995
26
466
125
34
0
14
2
0
237
0
214
98
0
44
12
0
74
970
1075
0
0
10
8
10
106
7
52
0
7
0
0
534
272
63
260
39
4
227
59
3
2
15
7
0
0
194
2
38
0
31
0
83
0
0
6
0
6
0
11
0
54
0
0
92
5
10
5
0
1222
7
0
31
4
0
2
99
3
0
3
0
1
0
0
17
0
168
152
346
12
10
97
23
0
0
0
13
6
13
109
10
0
0
25
206
41
0
118
50
5
356
164
0
280
20
3
0
9
3
0
0
46
59
8
46
0
24
0
4
0
30
0
0
3
3
203
0
63
333
191
21
0
0
0
0
38
15
0
613
275
46
0
3
5
60
2
0
5
1237
8
0
260
165
0
47
1
0
49
0
157
196
7
0
85
2
0
0
10
0
0
276
2
0
27
18
0
5
0
0
116
0
112
0
8
25
38
82
30
0
0
227
76
745
28
428
1
171
0
485
9
0
91
0
35
13
2211
427
2
12
98
114
1
0
539
4
0
92
20
24
0
19
0
0
0
18
0
0
11
83
412
0
0
46
140
131
0
68
0
0
0
1
0
0
0
57
103
19
3
0
2
21
0
0
10
0
572
0
0
13
95
191
14
51
33
110
0
63
61
104
25
0
69
147
42
0
63
0
132
742
14
118
0
0
31
1
22
179
46
0
12534
122
3
5271
191
25
0
20
153
0
167
0
3
13
18
7
0
9
0
95
0
7
0
32
0
144
8
0
3
121
4
0
276
37
26
0
25
5
2
20
0
30
5
218
8
0
35
0
5
37
0
25
0
54
69
0
0
0
136
1
1060
59
159
273
95
12
0
20
0
0
68
0
0
14
8
100
0
6
325
0
0
129
0
668
16
177
0
33
432
16
2
0
0
41
1712
0
0
0
0
0
0
0
0
6
1
133
107
4
0
39
29
80
193
0
454
121
0
17
249
282
0
12
18
156
1698
0
13
0
0
0
1
39
54
34
0
0
27
43
0
0
1
0
45
8
6
66
0
0
17
0
0
4
4
0
45
0
920
139
6
0
448
42
2
28
5
57
0
4
0
1
0
0
0
97
1
21
4
974
83
0
0
681
0
24
248
2113
14
0
17
125
0
0
0
0
4
79
373
0
123
17
51
34
0
274
68
39
32
0
0
12
0
19
566
5
14
1703
0
0
1
0
0
1273
146
0
0
108
824
5
336
0
29
171
64
71
0
0
61
0
25
2
5
5
1017
0
5
96
7
0
24
0
28
14
3
75
0
23
0
20
580
428
40
0
3
185
11
0
182
30
4
0
4
0
0
0
11
496
0
184
3
0
217
30
0
4
0
218
5
11
46
160
11
11
0
28
0
645
5
0
0
79
2
0
0
0
175
8
456
3
0
114
0
4
0
3
0
550
0
0
0
10
32
0
42
0
0
5
0
62
48
0
10
0
0
5
473
124
0
11
0
0
66
0
13
1
0
142
239
289
8
41
132
0
1
22
8
204
168
19
0
48
27
56
31
376
11
659
0
355
178
8
0
0
5
2
42
16
26
52
0
132
0
3446
0
0
0
15
58
94
52
0
0
0
8
0
267
98
0
0
0
0
6
164
421
64
2
758
0
0
3
114
6
6
4
39
108
0
14
24
14
0
0
0
0
662
337
481
5
1808
0
0
94
262
38
0
0
52
298
21
5
0
0
21
0
7
399
0
485
0
6
59
493
0
123
0
5
23
15
153
0
0
49
0
3089
0
32
89
4
3
44
40
8
0
8
26
0
7
3
4
0
11
0
9
0
0
0
9
0
0
190
3
501
29
0
0
114
0
0
15
469
13
0
0
231
345
5
177
267
37
3
10
41
36
0
5
336
0
9
15
628
29
24
3
0
0
18
4
1813
49
107
61
352
22
0
0
5
0
0
490
0
71
0
101
0
0
193
7
110
0
59
11
0
1
2
5
0
0
0
0
5
10
0
13
0
0
0
11
70
2
3
21
0
0
0
0
0
0
57
0
35
194
0
0
2
256
0
0
3
0
3
16
0
13
31
119
0
1053
150
79
2
0
50
0
384
0
1
0
429
108
112
0
0
15
0
24
0
0
3
372
5
0
0
115
1
285
0
0
268
169
27
0
5
8
32
0
0
0
994
78
0
0
25
0
0
0
1
0
344
4
71
1218
301
637
41
0
7
36
58
102
0
4
0
2166
92
194
270
7
0
119
124
63
10
41
5
0
0
172
253
2
0
143
364
0
267
555
0
10
0
49
0
2
225
109
267
167
59
0
0
28
492
19
0
11
47
0
1
7
2
61
158
0
0
17
31
0
19
12
0
146
9
2
312
124
19
0
232
0
0
17
27
5
0
5
186
0
148
5
4
658
0
0
45
0
8
421
0
0
0
0
379
0
249
17
47
5
4
0
0
283
5
54
135
472
25
76
4
78
7
3
61
38
69
11
23
5
178
23
39
148
836
75
0
200
5
121
33
236
139
8
7
0
251
21
43
5
3
818
242
206
0
63
32
0
0
0
0
16
429
0
226
122
66
537
0
32
8
0
0
21
73
11
121
0
601
25
0
0
4
61
89
0
0
6
90
0
7
6
581
97
26
34
0
7
0
0
96
0
254
174
0
0
0
15
0
5
0
163
0
4
145
9
0
4
0
10
8
39
67
0
14
408
0
846
0
60
1
196
0
320
0
31
3
0
45
15
0
32
68
173
126
0
0
0
0
3
11
0
534
0
55
31
2
282
46
48
0
1
113
2
36
142
238
37
26
54
560
0
207
17
0
105
878
23
2
4
0
9
8
14
251
0
0
1
13
4
0
29
20
31
23
0
59
0
3
2
0
0
12
198
4
0
280
0
3
21
762
0
1
0
27
257
0
155
29
9
0
39
0
726
5
0
0
0
226
7
713
0
22
1
0
4492
4
0
89
194
2
0
0
6
141
161
96
152
2
28
4
56
17
0
0
0
0
4
0
90
10
3
0
16
0
7
0
11
46
0
0
132
5
15
1
0
4827
128
23
0
150
239
0
442
16
1101
0
6
326
882
169
241
46
0
0
0
19
0
482
0
2
0
59
0
0
3
15
0
0
0
21
2
0
0
2
41
0
15
1043
0
0
0
0
0
6
323
0
0
203
11
63
1
0
0
0
203
5
324
0
0
0
0
0
2
0
553
47
0
0
170
11
674
0
53
1934
140
0
6
138
3
64
0
0
7
0
0
130
95
6
33
45
1006
55
0
242
0
0
14
7
4
10
0
0
0
0
0
0
436
24
7
5
2
63
112
508
0
1
0
17
0
0
0
4
0
161
0
0
9
8
70
8
7
0
0
517
29
0
0
1659
10
0
146
0
83
10
0
82
6
4
0
0
0
18
143
0
0
0
4
8
0
0
6
230
550
0
5
0
8
1
4
85
0
0
0
75
3
0
0
5
4
0
0
2
2
30
0
0
7
11
0
0
0
11
0
12
5
0
0
0
0
14
0
0
159
3
0
0
276
4
0
309
0
5
36
0
0
10
2
71
46
0
0
235
22
79
1
0
125
0
60
26
0
5
12
420
0
12
8
7
280
0
51
16
0
4
0
4
15
65
223
626
0
0
0
4
0
0
3
21
15
3
37
0
21
0
0
5
0
0
0
0
2109
0
264
115
0
0
0
12
0
7
169
0
0
0
0
0
1
187
494
31
96
0
23
209
6
0
0
114
0
0
29
0
16
0
3
0
11
0
0
0
9
0
25
23
5
3
53
45
0
6
11
0
0
0
0
3
0
0
0
0
33
0
86
9
40
38
0
0
0
0
4
12
0
0
0
11
27
0
365
137
5
0
0
102
57
0
24
76
13
190
394
2
0
0
101
0
9
0
11
6
0
4
0
27
61
64
126
40
0
8
0
4
374
6
120
0
0
0
151
60
0
1920
236
5331
77
22
17
93
445
769
0
0
3
1
1
0
8
6
0
0
76
63
204
0
60
35
15
324
243
1
4
463
0
101
0
53
0
764
3
0
59
0
0
54
255
10
97
19
1538
15
143
0
0
6
56
73
37
94
0
48
408
7
14
3431
5
43
0
4
0
0
0
0
1
2
8
1
117
0
0
29
3
0
3
0
0
5
80
4
0
0
0
0
21
0
4
443
25
16
0
2
66
1604
0
174
3
198
18
0
7
5
19
7
3
0
1043
0
9
76
0
38
88
0
2
0
5
11
8
60
0
0
238
25
97
5
63
11
0
90
0
2
0
0
2
0
96
15
149
4
55
0
0
67
0
2
0
43
0
287
0
0
0
0
0
5
0
42
0
516
11
70
0
0
14
0
5
4
28
0
7
0
5
0
0
0
4
217
2
0
45
0
136
0
4201
0
0
83
0
106
14
10
3
4
0
17
99
0
0
43
0
5
0
0
0
8
32
70
0
2
0
2
33
0
0
278
5
4
278
0
0
202
33
16
0
3
47
74
0
0
103
0
17
0
0
0
68
4
325
2
0
48
30
0
0
5
30
3
0
0
0
4
0
0
1
0
124
0
2
0
21
227
152
4
0
0
12
6
26
0
14
0
0
31
0
0
24
6
19
200
134
0
298
0
513
15
0
294
135
142
0
0
0
850
3022
2
65
10
0
39
3
126
0
0
23
5
0
0
0
12
0
0
0
0
0
113
0
146
0
0
46
0
464
6
0
18
0
0
35
1726
239
315
0
119
319
1
5
33
0
17
29
180
0
5
1273
265
157
1345
6
181
164
0
11
0
4
11
2
0
15
73
0
3
0
16
27
2
407
0
13
22
33
8
0
1
29
0
6
4
0
74
577
0
62
114
9
34
5
40
7
2385
5
0
0
13
71
0
2
35
2
11
0
0
93
104
2
5
143
271
9
1348
1100
0
80
80
1
402
0
385
0
0
3
0
594
192
0
0
5
366
304
0
0
51
35
39
2
0
2
4
0
95
218
8
0
0
88
0
41
0
0
66
0
164
0
0
72
205
0
0
0
7
2
22
4
7
76
173
0
79
0
197
0
7380
121
0
260
6
0
71
61
103
49
11
7
101
5600
69
104
2292
0
0
32
3
197
0
5
624
15
0
0
140
117
3
0
0
0
3
141
2
89
552
2
24
4
25
482
11
278
53
6
22
91
291
0
1452
2725
0
0
369
762
101
7
2
2
4
0
214
2
2
24
120
5
3
0
0
4
0
41
0
3
1074
760
3
5432
426
9
1119
54
3
37
4
30
109
10
948
2
754
53
104
0
2152
0
0
313
4
336
7
0
130
151
0
88
47
1615
36
364
10
67
3
23
163
85
1894
23
65
0
48
0
90
3
0
0
0
0
3
58
3
0
0
67
0
0
104
12
0
0
0
0
7
109
305
1
0
0
303
0
0
909
0
6
0
7
836
0
0
6
8
114
4
0
1
29
0
0
14
663
15
243
0
0
0
0
0
0
86
3
3
0
22
0
29
29
117
0
16
3
49
2
104
8
9
18
0
8
3
21
0
33
85
0
23
160
0
6
56
0
153
6
59
21
80
0
6
0
68
4
0
337
2
0
4
24
73
4
368
1281
168
185
119
0
291
4
20
180
79
841
0
258
0
0
145
0
0
25
69
98
0
31
0
0
3
3
0
22
2533
5
48
16
0
0
6
0
11
0
0
28
485
9
2
5
4
0
9
1
21
9
0
3771
120
78
141
0
151
23
54
308
0
25
0
0
0
0
0
34
33
56
131
341
121
82
29
0
13
170
605
0
0
4
2
1002
192
8
18
0
0
9
24
109
531
115
0
402
0
17
31
618
29
2
1
0
57
230
2
1
1
0
15
9
23
0
258
373
14
0
1
8
329
36
0
14
81
0
0
37
487
312
0
2116
80
129
1
285
8
22
0
1478
0
122
0
16
5
10
0
2
0
398
108
2
2
22
0
89
561
94
2
2
39
0
943
0
284
0
11
26
9
163
23
76
3906
0
365
41
96
0
17
51
0
0
0
799
286
0
0
0
110
2
0
0
25
20
0
0
4
0
6
5
0
8
8
0
0
443
0
170
5
0
0
0
38
2
6
52
0
0
0
0
67
0
9
43
122
79
0
217
48
0
0
59
0
60
0
0
0
21
14
15
0
0
302
7
0
142
39
0
9
0
19
175
8
48
0
18
0
2
421
0
0
0
432
15
0
131
16
67
0
49
1484
0
0
0
167
37
3
83
0
21
0
17
0
7
5
0
26
186
48
0
0
0
0
0
15
0
0
7
5
0
390
0
20
0
48
17
0
0
0
5
5
210
6
54
2
0
5
8
14
83
0
4
0
0
146
0
18
15
0
1
0
0
55
20
0
586
24
0
0
178
380
41
0
5
88
30
50
0
73
10
2
0
72
0
0
67
6
0
5
0
274
0
53
0
2
0
0
62
20
35
208
37
0
0
71
318
6
0
8
0
0
0
901
142
0
356
13
186
0
0
13
7
0
5
0
0
1
0
5
0
0
0
499
12
10
0
4
60
4
0
12
0
236
0
9
62
18
9
2
168
20
275
0
276
9
145
0
0
32
73
191
1777
2
0
0
0
0
84
0
5
0
0
0
0
159
0
14
8
0
14
0
6
4
0
0
4
1
42
0
0
31
0
141
0
100
0
156
31
29
131
0
0
63
0
119
0
2
6
102
7
97
252
0
33
212
51
0
3
25
366
5
0
15
0
614
0
12
0
46
36
13
15
9
10
14
0
5
7
201
13
60
0
3
437
0
3
11
8
0
0
218
0
0
6
0
0
48
104
8
0
0
0
0
64
0
196
0
65
25
3
119
66
15
0
0
391
8
169
234
0
0
93
2
7
0
330
374
224
0
0
0
31
1
0
15
6
6
0
2
0
0
0
18
0
159
0
10
137
0
42
0
9
0
81
34
9
0
3
52
0
0
41
0
6
0
5
0
7
4
0
0
4
1655
29
387
4
0
6
4
0
63
0
0
40
472
0
20
0
619
29
124
0
0
6
0
13
71
834
0
0
8
6
7
56
130
1
3
0
4
455
6
14
146
9
0
33
66
2
0
1
0
65
603
168
3
0
0
180
4
0
1
0
1
8
16
0
34
0
92
5
23
570
41
0
1
4
4
37
2
0
30
49
260
82
128
4
10
0
3
52
0
8
0
0
0
0
0
0
0
8341
216
2
0
0
187
1585
1
8
0
5
319
46
0
851
56
0
0
561
5
0
19
9
0
0
292
0
4
0
0
0
3
6
3
0
0
475
0
4
992
0
0
0
2
0
4
9
0
0
7
0
59
864
0
0
23
104
98
0
195
4
4
12
0
32
0
375
0
0
0
767
0
70
5
0
8
269
16
35
23
855
0
0
40
101
14
11
0
0
7
3
0
58
192
0
0
6
5
0
0
0
0
524
3
0
2
613
140
153
3
97
0
340
4
0
102
330
4
15
0
25
23
237
0
0
42
0
0
0
0
81
2
0
2
245
1
78
0
0
33
4
39
0
0
133
3
109
247
2
58
0
0
245
28
11
87
2
8
0
73
38
0
113
0
137
207
0
0
101
114
81
0
0
3
76
215
581
5
1060
0
14
0
897
11
289
339
0
10
0
240
0
0
104
16
47
30
5
131
0
0
2
25
0
7
216
204
232
1
0
541
13
8
0
34
100
219
495
15
4
0
1730
0
322
10
3
189
5
0
2
0
0
0
3
0
0
21
11796
29
83
1
0
116
0
298
2330
129
0
18
69
155
7
0
0
4
82
0
0
6
95
0
90
66
448
0
92
0
84
1
502
0
0
10
66
415
194
31
326
0
1
2
420
55
0
541
0
218
8
10
0
24
0
0
3
0
0
0
111
17
5
220
0
77
0
7
4
61
6
4
0
5
5
6
2
1
57
0
262
48
24
200
1
0
0
1602
265
4
381
0
0
79
0
27
241
5
95
338
10
379
54
24
5
122
0
0
346
0
0
714
11
4
171
104
1
0
0
0
605
3
68
5
376
551
75
0
3
0
30
3
422
0
109
3
63
33
33
0
631
163
0
429
11
1
12
4
29
39
7
175
165
257
0
524
0
13
0
15
0
73
31
15
793
24
117
292
302
23
57
15
0
0
0
38
0
0
0
7
0
0
108
0
267
207
0
0
2
31
0
189
13
3
4
0
0
2
0
89
45
6784
0
6
5
0
632
3
0
1342
0
104
105
0
17
0
0
25
1
33
228
335
78
112
106
240
0
188
83
0
0
1
24
0
0
66
0
84
88
4923
0
35
101
137
21
7
139
0
0
9
5
159
416
115
19
87
7
49
8
22
0
11
16
31
147
2
52
16
7
9
7
0
293
50
26
0
1
0
0
8
0
10
5
148
0
68
2
0
0
0
0
37
9
4
5
17
0
243
13
4
0
2
0
239
6
0
1131
418
4
66
0
9
462
51
0
4
43
0
0
4
3
12
5
582
560
117
3
0
273
11
4
14
65
2
1039
1
169
3
23
0
21
9
159
6
37
261
34
0
5
2
2
630
244
59
6
2
0
0
3
89
5530
0
0
0
16
12
19
32
0
0
190
0
821
890
1109
0
27
491
559
319
103
0
0
0
42
14
5
0
27
15
13
4
34
0
11
0
0
173
0
85
99
0
62
12
406
81
226
25
129
6
2318
39
3852
68
92
9
4
56
0
108
96
499
24
0
4
12
71
0
0
315
27
132
33
94
267
0
310
0
478
575
143
128
139
0
0
0
202
598
2
4
3
203
7
286
5
0
28
1
6
6
0
42
63
3
0
56
0
34
175
54
0
6
0
8
54
0
0
1180
670
136
279
0
5
52
393
66
252
86
0
29
34
35
0
51
22
16
0
174
7
0
5
6
0
0
5
353
6
540
926
74
0
738
62
21
18
212
6
0
0
0
0
6
0
0
31
0
2
170
12
3
258
11
0
368
413
646
0
0
0
1176
176
419
107
0
423
136
28
149
25
25
0
42
371
56
583
0
0
0
77
58
156
122
19
335
15
0
0
1
3
3
3
7
74
0
8
25
0
0
0
205
13
0
5
20
113
7
7
80
9
0
3
6
190
0
62
41
27
0
0
4
0
105
8
3
19
0
178
19
0
0
3
775
835
274
95
0
8
5
472
0
0
0
211
22
3
31
6
2
0
0
58
55
547
40
18
0
14
11
28
8
195
141
8
0
5
5
78
2
0
1
17
26
0
523
5
0
95
16
1
0
76
0
46
271
65
736
0
0
8
78
51
310
0
718
0
933
32
40
111
0
379
0
118
45
76
474
0
1109
844
0
0
0
0
0
0
1
217
107
0
78
110
0
7
0
47
3
0
0
404
149
250
380
55
439
299
288
4
6
47
0
69
58
0
3
7
15
13
20
3
0
1284
4
8
168
141
3
0
5
0
23
13
126
5
7
157
0
18
0
1123
118
332
0
33
0
0
3
0
59
0
60
0
22
0
0
40
29
0
5
0
33
970
1
206
3
3
2
0
2
5
0
0
174
404
0
3
505
7
37
75
65
0
13
0
2898
170
29
111
0
31
0
0
4
11
0
634
16
53
81
34
0
8
0
16
0
12
38
7
9
0
0
0
0
66
0
144
0
9
1
0
397
0
0
0
40
0
2
0
0
0
0
3
521
38
463
4369
1115
0
6
0
91
2
5
0
49
213
6
309
0
6
0
0
476
14
28
7
503
94
29
344
11
0
160
211
17
27
0
0
0
0
4
0
0
0
0
9
0
0
0
0
0
0
0
16
71
51
224
87
0
0
0
0
0
3
197
169
0
0
0
0
0
0
135
117
0
1
0
4
29
0
4
6
14
3
0
0
0
0
1
13
90
65
5
0
0
0
0
1311
366
0
304
23
7
5
19
75
290
1414
21
40
0
2
0
0
108
0
32
0
6
0
0
0
2
242
40
0
0
0
0
0
0
0
0
22
0
111
91
0
0
0
0
11
22
0
0
762
0
6
0
42
87
339
8
87
17
34
4
0
0
0
0
162
13
0
11
102
0
0
5
0
0
2
91
0
12
15
0
0
0
0
0
5
3
877
27
360
0
0
0
0
0
0
1
6
0
0
0
0
35
4
0
0
0
1
0
0
0
1
0
22
20
196
0
0
8
0
3900
412
153
148
280
82
457
327
422
3820
18206
344
0
21
39
6
0
0
274
146
58
0
0
3
34
0
0
2
153
2
0
47
37
38
75
6
5
0
0
57
17
0
0
8
4643
1
60
1
0
5
0
5
7
0
0
16
0
15
0
1
436
219
7
4
0
2
106
28
0
7
13
0
0
0
0
0
0
0
0
0
58
41
5
0
185
271
163
281
3974
0
5
24
2
0
0
0
5
0
0
0
213
43
0
4
6
6
4
0
0
0
0
0
19
8
0
0
6
200
71
137
25
38
395
26
340
356
23
0
5
0
0
0
0
3
0
51
0
41
0
0
4
0
0
0
0
0
0
6
6
0
254
68
1060
0
4015
6401
427
0
0
21
4
0
107
2
0
0
632
187
0
0
84
258
821
403
0
14
1
197
4
5
0
0
1
0
16
0
6
0
9
0
0
5
0
0
0
0
0
0
370
15
0
21
86
12
0
0
200
6
0
215
17
5864
2685
93
38
0
450
4
0
55
0
4
2
0
0
8
0
0
21
0
0
430
328
0
631
6
34
0
2
0
5
14
10
8
0
0
422
252
19
5
27
4
0
3
0
4
14
64
0
0
5
0
14
35
0
0
9
0
5
3
0
0
0
0
0
0
0
24
0
0
1
7
0
0
2
0
8
5
0
0
0
0
0
3
4
0
0
2
3
8
0
6
0
0
3
0
