24_BitA_1_2
0
0
29
1500
42
219
24
0
0
9
0
258
22
405
0
0
413
1
0
126
887
66
0
2
0
607
0
31
10
5
14
1
0
152
2191
56
1
0
4
0
8
0
0
3
0
3398
0
201
0
233
0
100
0
477
0
6
728
83
0
1737
3
1
0
0
25
17
7
508
34
5
1441
710
77
8
28
0
1289
13
4
0
0
0
18
19
1344
0
42
196
49
18
594
0
627
4
0
907
15
5
67
0
34
0
1
644
161
0
2
0
0
998
0
0
31
0
7
1
0
116
178
908
5
8
0
179
87
907
827
0
1994
42
0
0
4
170
0
0
8
98
14
0
9
13
18
2
718
123
128
21
73
20
58
0
69
0
3
965
7
0
2
731
0
0
0
0
90
70
41
272
0
0
0
0
138
0
0
89
30
3
0
83
508
472
0
287
58
175
190
0
111
0
0
422
57
22
0
48
0
1
0
18
26
6
3
25
20
7
2
117
16
20
0
0
25
0
0
4
74
14
0
43
341
0
12
142
0
0
2
129
13
123
0
6
72
414
274
1
641
4
0
5
0
0
9
528
0
39
120
1336
13
10
107
255
14
0
629
36
0
2
0
26
181
1256
18
2445
90
1
1
0
293
17
4
668
0
4
23
5
0
5
839
124
863
80
0
1061
0
1181
0
0
0
139
4
0
0
0
0
0
128
0
212
0
0
6
0
25
306
0
349
10
4812
0
0
3
0
0
0
144
0
141
165
0
65
0
376
117
1
161
55
6
6
21
318
281
218
0
0
341
25
29
0
0
989
305
63
696
0
26
163
32
175
1
977
0
35
18
49
26
908
255
36
2
5
13
0
1297
2
0
0
134
262
6713
169
982
29
13
0
1
12
1
0
625
0
26
3
0
2419
0
120
29
23
0
250
2
0
157
791
74
137
0
772
78
33
0
0
0
2
213
15
0
3
0
0
76
6
2931
6
167
0
142
0
0
2013
315
8
0
73
0
3
1066
205
0
94
27
26
8
9
0
280
0
0
0
0
0
183
1207
0
3
1145
253
191
1
0
0
12
5
5
0
0
2
0
0
3
8
2
0
0
19
46
0
508
0
27
0
790
0
0
4
24
0
328
98
426
52
140
1744
635
29
1
0
23
0
41
86
62
105
0
88
0
10
0
3
39
1
989
34
48
521
3
1
18
0
4
0
12
475
6
401
24
0
27
0
681
402
1
687
0
96
11
40
10
49
57
91
840
0
6
145
581
174
143
0
2
0
37
2
214
216
0
0
110
1
0
0
11
2
0
1
4
1
0
3
0
1216
0
216
0
251
0
0
0
248
581
40
1
217
0
172
110
36
0
72
4
172
1
2023
6
14
4
7
0
2943
6
14
0
300
0
663
104
19
4
7
83
0
0
0
3
257
0
0
0
0
951
3
100
273
2
0
213
16
21
20
8
16
0
13
0
4
22
0
0
2
12
0
0
39
0
27
145
179
117
80
1463
15
0
1
0
0
0
9
0
159
827
101
8
171
0
132
0
0
547
21
0
65
0
0
250
3
404
106
9
2
4
0
411
0
4
8
226
0
0
0
0
273
4
521
5
14
0
0
0
0
73
192
27
668
0
31
95
4095
0
14
1
3
7
2
52
0
6
4
80
95
0
56
3
31
0
0
26
23
122
0
99
2031
3
51
30
609
572
0
0
189
484
17
135
0
899
1
0
0
5
134
144
4
14
44
66
0
32
0
68
75
87
0
128
0
284
0
1
0
0
0
0
548
542
0
0
194
4432
0
560
59
264
194
71
41
0
0
309
1
7
77
1
4
398
4
0
1031
31
81
22
80
277
275
9
70
21
0
0
0
819
0
260
0
0
132
28
2
0
6
7
2
0
0
28
0
26
12
0
9
0
355
138
275
31
26
0
566
0
0
3
0
6
0
173
34
0
0
3
0
1
0
14
50
3
2
0
7
4
117
142
0
11
0
0
0
0
449
3
218
599
334
0
496
75
174
164
2
19
280
0
102
125
0
820
0
223
72
157
0
0
282
2
8
12
13
119
847
9
1
0
3
0
0
680
327
2
2
0
0
1560
4
0
1159
0
97
0
38
0
0
364
34
277
224
69
8
0
28
0
0
209
1007
1029
0
0
4
1
390
38
2
8
37
0
34
67
77
8
0
299
6
0
406
7
0
0
0
356
0
101
209
32
82
121
7
28
0
5
35
70
305
385
26
4
158
17
0
976
238
0
31
0
392
0
0
19
227
0
30
0
2
4
0
0
0
0
127
91
47
0
0
36
59
9
0
0
485
19
22
49
4
10
0
0
56
23
3
2693
26
228
711
1
153
0
0
32
1
1406
33
1
1
1292
269
206
52
1200
0
48
0
0
2658
0
0
0
0
232
1
0
0
0
66
809
558
1181
30
0
0
0
40
15
36
3
0
0
88
1291
559
67
30
1
0
21
167
2
0
0
0
8
0
1534
414
2094
683
0
1
0
0
4
58
0
0
0
183
14
54
0
10
1781
592
0
343
1310
42
39
48
53
0
0
158
4
0
9
0
0
0
10
0
30
22
6
2
1
0
0
1316
553
0
0
6
3
64
0
2
0
0
80
39
0
189
5
0
70
7
121
846
0
434
57
3
0
1
9
0
0
0
0
300
829
47
113
134
123
212
87
193
176
0
17
157
40
65
0
0
0
0
7
1020
27
233
0
0
90
75
1
3
397
117
94
278
0
91
230
2
13
4
1
2
14
0
0
1797
334
124
0
0
428
0
0
0
94
8
1699
1752
3
15
3290
37
192
85
54
86
564
335
0
0
20
0
617
11
331
0
451
1
317
0
255
876
37
0
511
0
1
60
1
292
580
1
1
0
381
0
558
0
0
0
44
0
251
0
0
1
0
0
0
0
10
3
49
13
130
3
333
189
4
309
868
0
3
2534
8
3
0
89
62
49
0
72
0
10
2
91
20
0
6
377
0
4514
0
0
0
23
7
251
46
149
47
0
99
6
49
0
6
127
167
42
5
0
148
0
303
1151
41
0
0
4
8
801
6
3
73
9
9
23
0
10
3
0
12
718
0
790
6
0
10
5
0
64
0
177
0
25
191
0
32
0
327
0
2
0
66
1
4
0
101
3
0
1
48
16
2
89
5
256
6
0
5
9
0
2070
0
15
2668
2
521
0
108
12
68
0
0
0
160
108
0
1
12
29
22
3
0
0
0
0
33
2
90
2
0
0
7
117
5
0
0
0
145
1158
172
0
0
0
67
0
0
494
401
8
59
5604
4
40
249
25
103
42
1440
0
12
49
2304
43
6
49
69
386
1
0
221
85
18
249
12
651
16
228
202
61
0
35
1
21
0
2
3
0
275
0
25
0
1862
0
38
598
66
43
0
2
0
0
26
0
178
0
0
173
25
0
3
0
0
29
0
127
0
0
73
0
2
0
0
12
0
0
29
4
3
3
0
0
0
0
0
1
12
336
1
260
3
57
118
56
5
0
57
0
1460
28
0
0
0
1
10
12
1340
56
264
0
1385
30
166
606
0
0
0
1451
2
102
105
6460
4822
0
0
0
33
1
7
2
0
41
0
9
1385
398
503
6
0
216
0
5
0
72
311
74
1266
0
1369
0
95
15
37
117
1
10
0
0
0
0
1
0
543
189
0
2388
58
0
0
5
140
294
415
37
836
3195
4
491
0
212
266
172
365
233
0
27
3
171
72
0
2
175
22
61
0
0
28
103
469
0
2
0
15
308
0
1149
3
4
4
8
0
276
6734
0
272
0
0
7
286
0
323
0
22
0
1
1160
33
0
17
0
2
6
2
426
0
1
0
3
0
0
34
159
14
5
0
13
23
3
0
0
84
0
10
2
3
18
50
67
0
0
0
0
49
0
6
0
0
79
104
8
303
3358
45
456
259
2121
7
28
0
174
6
0
1177
0
185
45
0
2
3
3
554
72
0
12
125
0
74
0
1
0
0
59
1
0
2977
459
0
0
321
862
204
0
0
16
0
34
0
853
2
212
2
0
9
8
81
0
0
0
0
29
0
0
0
0
15
483
37
13
0
73
46
47
15
1
26
69
4
107
4
61
5222
721
0
307
6
0
1
1818
88
0
0
0
0
7
522
14
5
0
13
0
0
0
0
0
8
230
1
0
144
95
537
541
51
345
2
0
18
1
15
2
0
0
0
188
43
0
437
33
503
15
0
0
126
30
18
97
3
2
43
224
0
0
101
0
4
0
339
0
0
17
0
32
56
0
12
2
0
81
248
0
0
0
0
33
858
32
1
3
245
4
330
63
487
0
70
1583
300
1
0
3700
858
126
3732
80
0
12
0
0
1
0
63
0
4
0
0
159
1425
15
1
6
0
0
2
16
25
252
0
0
26
6
14
0
192
827
119
291
347
18
0
1
5
246
5
0
4
45
18
7
59
7
0
0
3
46
17
273
25
2
0
0
0
1
3
0
93
0
0
0
41
2
117
2
0
42
142
0
4
0
352
0
334
1
0
20
0
0
0
0
3
852
9
2
5
54
0
136
101
21
0
19
0
0
0
0
147
0
545
293
562
48
0
79
42
6
3
16
241
81
0
7
0
1769
4
38
0
6
10
25
1
42
0
0
0
322
3
285
115
47
165
45
0
3
2
0
0
46
320
96
0
31
0
45
8
0
0
146
1
24
0
0
48
24
8
62
22
655
10
1
167
3
576
0
9
2
61
29
41
126
314
0
852
63
2
0
24
0
0
18
193
493
10
6
76
0
4
3
0
0
0
18
184
24
6
1832
209
0
322
0
55
14
0
0
202
0
149
0
0
6
13
12
0
0
5
708
0
124
406
11
0
1722
31
3
0
0
5
9
0
1766
101
84
3
0
0
1
0
5
2
58
0
0
12
0
8
0
0
24
34
0
0
0
4791
0
3
0
7
40
409
615
2203
0
2451
13
7
13
6
0
19
1201
1
478
1143
8
19
86
0
180
3
2
3
554
0
13
83
0
1
1318
0
72
399
0
0
69
198
0
5
338
353
0
930
0
353
0
1595
12
0
118
0
19
74
531
20
172
1
6
0
2148
328
40
11
668
2
132
10
547
83
0
89
0
66
146
223
4
7
0
6
11
95
1
17
2324
54
508
255
0
0
0
5
36
101
0
60
123
14
677
565
0
128
82
27
0
0
2
0
848
0
76
0
234
21
0
0
3
7
0
0
1581
1070
0
4
117
5
10
0
91
8
284
21
0
0
232
417
0
20
0
0
1
0
330
317
7
0
1227
18
353
222
50
38
1
0
22
0
5
5
0
1
9
3
86
223
0
1
52
363
0
0
73
0
0
0
607
182
54
0
2
949
0
485
364
1
0
65
0
0
4
90
199
6
0
0
0
13
9
66
1
1
0
127
7
0
0
0
0
0
177
133
7
0
0
184
2279
1
231
3
8
0
18
8
0
696
0
0
31
178
99
2
0
0
7
153
3
27
0
221
0
728
0
10
3
45
2
0
0
9
0
0
2
101
11
0
31
0
0
16
16
13
0
0
419
1
13
0
64
6
16867
0
19
183
220
0
50
3
0
0
1
350
45
555
6
216
0
3
162
4
0
69
0
234
1186
0
59
0
133
0
1171
0
327
74
3
0
0
0
0
0
6
0
5
0
11
0
1
13
407
141
126
0
0
197
12
0
110
808
19
202
82
0
988
86
0
90
3
0
0
667
18
176
0
33
7
0
16
501
387
2
343
46
26
0
2
96
110
3
504
0
0
341
6
58
75
3
46
0
1
167
502
23
11
12
0
0
0
0
193
146
188
0
20
0
113
0
3
240
0
51
34
4
663
29
19
78
21
0
2
670
150
0
206
0
97
454
2
23
2247
168
0
0
8
249
80
0
9
3
3
2
0
0
61
50
0
31
4
0
0
0
4
241
2
137
0
0
24
7
206
0
0
0
0
333
264
27
12
0
0
83
0
0
0
7
1267
1752
6
5
3192
20
26
484
0
128
0
0
0
599
4
0
2
54
65
29
0
0
3
0
0
1172
0
0
856
2
86
7
2145
355
2
5
206
1750
44
2019
346
0
46
12
371
1
23
19
16
15
0
0
0
222
0
3
1140
0
1608
0
0
3
0
12
0
89
110
0
606
8
110
0
74
1068
3568
1
13
88
19
704
146
0
19
0
229
0
0
4
142
148
0
1151
0
37
17
461
0
45
366
542
44
94
246
0
643
7
619
442
2
2053
0
263
102
111
204
2
0
6
0
0
27
42
9
0
170
0
3
13
15
0
0
3294
105
97
173
51
149
3
0
0
8
0
798
1
16
0
0
1
2361
0
157
120
9
1068
0
13
301
23
16
808
0
0
106
0
0
0
0
17
0
0
0
42
176
34
2
15
0
1
135
4
0
0
1384
213
797
234
1
772
23
0
0
59
7
0
2
0
3
34
166
0
8
1
0
0
0
3
14
20
613
15
92
6
65
5
5473
0
0
8
71
0
9
123
0
178
0
41
51
0
760
232
11
160
71
2
0
527
377
1281
56
0
0
101
0
0
0
0
1935
1
2318
265
147
127
327
0
6
0
3
39
0
266
3
0
97
140
10
108
8
585
31
0
4
147
0
81
0
92
13
106
65
0
1491
22
0
36
11732
0
70
1546
406
527
571
240
571
67
870
0
890
1681
2
37
9
3
0
0
320
0
163
169
2047
0
15
169
225
0
1643
97
96
0
0
0
0
2521
0
3
642
0
494
2
42
4
0
1035
36
2
0
732
70
0
0
0
0
154
0
75
0
1421
3
61
61
700
0
3
113
786
0
8
10
123
171
61
0
17
338
113
0
2
202
36
156
0
0
11
17
0
47
64
0
154
0
0
0
0
0
21
0
0
32
0
0
0
0
5
0
0
703
22
0
0
2105
0
0
11
3
0
43
0
87
8
5
84
0
0
1
7
0
0
157
39
0
0
0
80
0
0
0
145
30
1
0
0
126
0
1
8
37
0
0
1
0
3
0
0
2
0
89
0
4
48
1509
0
1
14
0
0
214
12
179
5
6
9
0
48
0
0
0
57
0
130
0
0
0
1
13
0
29
0
0
336
36
2
487
19
0
1993
87
8
0
31
359
0
0
8
3
0
36
26
69
1
114
10
3
3
1901
309
11
0
202
0
2
25
0
12
28
0
10
0
0
0
0
514
0
5
2
0
826
0
247
13
3
2
2
51
918
349
147
0
0
2
0
0
0
1
0
0
152
0
0
72
0
0
0
0
3
105
2353
39
1
0
12
0
0
0
0
0
0
0
0
0
1
0
0
4
14
0
0
11
18
0
0
0
61
0
63
0
0
0
1
0
0
0
7
0
0
2
0
0
0
81
0
0
6
30
215
0
0
0
0
0
0
5
1
0
5
0
0
2
0
0
2
0
18
0
0
0
8
0
0
0
0
0
0
2
0
0
0
0
0
0
0
9
0
0
1
888
0
1
0
16
0
0
0
0
944
0
0
108
78
0
3
72
0
0
0
0
0
0
0
42
109
0
0
0
8
348
42
0
47
2
0
0
0
0
0
0
0
4
0
0
38
0
0
0
917
0
4
0
0
0
0
1
0
42
0
35
0
50
0
24
0
6
0
0
155
0
0
0
0
20
3
0
0
0
45
1
0
6
0
9
45
0
0
0
10
36
0
68
0
2
1
74
0
11
0
359
5
2
0
0
5
0
0
0
2
39
0
0
0
0
357
6
2
583
204
0
0
41
72
0
0
0
0
0
69
0
5
66
0
70
1
2
0
1
6
0
2
0
0
0
126
0
0
519
4
0
0
0
0
27
0
2
0
0
0
0
0
0
1
1
0
0
3
75
4
54
0
0
172
0
0
0
0
0
266
0
0
10
0
0
0
0
0
0
14
0
0
25
0
1
44
0
0
0
0
41
6
0
0
55
0
3
8
0
0
0
7
0
0
1
0
0
0
0
0
0
0
0
0
0
0
0
2
0
1
0
0
0
0
123
12
0
29
9
2
0
0
0
11
0
0
0
0
0
0
0
0
0
0
0
0
0
0
0
84
2
32
0
0
0
0
188
0
0
0
149
0
3
0
0
0
7
0
0
0
0
16
0
0
0
0
0
4
0
3
0
0
0
0
1424
0
0
2
0
0
0
0
0
0
0
0
24
30
1
0
2
0
10
337
0
0
0
2
0
4
4
0
0
0
0
0
0
8
0
242
190
0
0
0
0
0
0
0
3
634
0
2
1
0
2
0
0
0
0
461
20
0
727
0
0
52
0
0
2
0
0
0
0
0
0
1
0
0
1
4
27
0
8
0
0
1
0
0
0
0
0
127
0
2
0
64
7
0
111
0
83
0
0
0
0
0
7
0
0
0
0
0
0
8
0
0
0
0
119
0
13
370
0
0
0
6
2
0
0
0
0
6
0
65
0
0
2
0
122
0
0
4
0
67
0
0
0
0
0
0
0
0
0
1
54
4
0
0
0
351
494
0
0
0
2
20
0
0
0
0
1
0
3
0
4
0
73
3
0
27
0
45
64
0
0
3112
0
0
0
0
441
0
32
0
0
0
0
0
5
0
0
0
206
2
1
0
0
17
0
221
0
0
0
0
3
3
0
4
0
0
0
4
0
13
0
0
0
497
0
0
0
0
0
0
1
0
1315
0
108
0
0
0
0
0
0
1
0
104
1
0
349
0
0
114
22
937
0
0
0
3
0
58
1
0
13
0
445
2
0
0
0
0
2
0
0
4
23
10
2
0
8
0
0
0
0
0
11
56
1014
0
0
4
19
1513
0
536
0
0
1
91
0
0
4
0
30
0
0
0
0
32
0
0
0
43
0
0
0
0
0
0
0
6
0
1
0
0
24
0
26
0
0
7
0
15
0
0
0
0
0
785
0
0
0
179
0
0
16
0
0
3
0
3
0
0
56
1
0
0
0
125
956
191
0
0
0
0
0
2
0
0
376
1
13
0
0
0
2
0
764
0
476
0
0
6
0
2
5
0
0
4
0
2018
1
0
0
0
2
0
93
0
0
0
47
0
153
4
0
10
0
872
0
0
0
47
0
0
0
2
2
0
1
0
5
3
0
0
0
205
0
0
0
0
235
0
1
0
215
0
7
2
34
468
0
8
0
0
0
0
0
1
0
0
1334
2
13
0
0
0
1
0
196
188
0
1
28
0
429
0
0
0
0
2
0
0
10
4
0
0
0
44
17
0
4
0
3
5
0
0
0
104
15
0
0
709
1
144
40
0
0
0
0
0
0
0
2
0
124
2
0
0
25
0
0
0
0
0
0
0
0
0
0
1851
0
8
3
2
0
0
1643
61
1
3
0
0
0
4
5
27
0
16
0
0
0
0
0
6
0
0
0
0
0
0
171
0
0
2
0
1149
0
0
3
0
14
0
0
0
0
0
16
31
0
0
0
0
0
282
0
180
5
0
6
1
2
1532
83
0
0
89
308
0
165
34
0
0
54
0
0
0
0
9
31
35
4
0
1
2
0
0
0
0
0
0
0
0
0
201
67
0
1094
1
0
0
0
0
24
3
0
0
0
0
0
0
0
0
11
60
4
260
0
0
0
3
0
0
0
0
364
0
0
0
97
0
0
0
0
0
0
0
0
0
4
0
0
1
31
69
0
0
0
0
0
0
182
0
591
0
0
0
0
0
0
3
438
0
0
58
2
0
0
4
0
0
820
9
0
18
0
0
0
0
0
36
107
25
33
0
0
0
2
6
120
0
0
5
0
0
0
0
4
417
455
29
0
125
0
0
0
0
0
1
1
40
1333
0
0
0
0
0
0
286
0
1
0
0
0
0
14
0
0
0
0
0
0
1
48
0
0
0
0
211
1
0
0
0
3
13
0
8
0
0
29
0
0
149
0
0
0
3
1
0
15
0
0
4
7
0
6
0
0
0
0
15
0
3
0
0
0
0
0
0
78
0
0
6
31
0
0
0
47
0
0
14
0
0
99
0
0
0
8
340
3
0
0
16
0
6
0
2
5
8
0
0
0
71
0
150
0
0
46
0
79
0
713
69
1
0
7
4
77
0
1
0
0
22
0
0
0
5
2
0
3
0
20
189
272
0
0
0
3
7
0
11
0
0
0
6
0
0
0
0
11
0
475
62
425
0
0
0
102
0
0
7
2
11
2
0
345
501
0
0
0
0
0
7
687
0
28
18
0
0
3
0
98
0
0
0
10
0
2
2
0
0
4
0
17
4
0
0
225
0
0
0
0
6
0
0
0
0
0
4
0
4
1
0
0
0
0
2
2
15
0
0
0
24
57
4
0
2
133
3
0
209
3
0
4
2
603
0
0
0
0
46
860
0
1213
0
0
0
0
0
0
3
2
0
7
0
0
0
0
1
0
61
0
17
0
0
0
0
0
0
51
0
72
0
0
0
0
464
0
0
82
0
1
13
21
0
527
36
0
0
1
0
0
0
0
0
517
0
0
0
39
76
0
0
0
0
68
148
16
0
5
17
17
0
2737
4
24
0
1
74
0
113
475
51
139
0
3
36
0
249
0
0
35
0
0
0
1
1
0
0
739
0
0
3
0
10
0
0
0
2
1
195
797
0
0
0
0
2
33
0
0
150
60
0
0
7
0
3
79
1
0
0
0
0
0
0
0
0
0
1
1
11
349
1
19
0
2
0
0
1
7
15
0
3
0
54
6
0
0
0
0
0
0
0
0
0
0
107
492
0
0
0
0
0
0
0
111
255
0
32
80
0
0
0
90
0
0
0
40
0
105
0
75
5
0
0
129
1
0
0
0
2
1
0
0
0
0
0
0
0
3817
126
0
3
0
0
0
0
0
153
396
264
0
0
169
2
19
0
0
0
1
3
3
0
254
0
14
47
54
0
0
6
0
773
0
0
0
0
3
772
2
27
0
0
1134
78
0
1
0
0
3
0
0
213
6
3
98
0
2
0
87
0
0
26
4
0
1
3
0
0
26
0
28
128
0
0
0
3
0
0
155
0
1172
68
0
0
1
0
2
163
887
0
0
8
6
1506
0
0
31
0
0
0
398
0
831
302
0
3
8
2
0
0
0
0
0
0
0
0
941
0
0
0
41
0
0
0
0
0
0
0
0
0
34
0
1038
28
0
1
0
0
0
2
0
0
0
7
225
5
0
0
0
117
0
0
0
4
51
0
0
19
0
0
25
0
0
0
1512
4
1
1
0
55
0
197
0
6
0
77
4
0
1
55
0
4
0
0
42
4
11
2
0
0
380
0
0
0
0
0
0
0
234
14
0
508
0
0
399
0
0
1355
0
0
23
0
0
8
0
0
0
0
0
1
0
0
8
0
0
0
0
2
0
12
1
0
0
6
226
0
0
0
202
0
0
0
0
0
3
0
0
0
0
0
1
0
0
0
0
0
0
7
196
0
5
0
0
984
0
0
0
0
139
0
0
0
0
0
7
154
0
6
0
0
0
11
1052
3
50
6
522
0
0
1
0
0
0
4
0
8
0
5
0
0
0
0
0
41
0
190
0
0
29
0
0
0
0
0
985
42
1686
0
0
4
0
135
117
0
0
64
1075
0
0
0
7
0
0
0
0
0
0
31
0
1842
0
17
0
6608
4
1
17
0
0
0
0
1
0
0
3
38
0
51
4
69
0
19
157
0
0
2
16
0
0
0
141
3
0
58
17
0
104
0
0
0
13
0
4
0
12
157
212
0
0
0
0
8
0
0
0
0
0
5
0
24
0
42
0
0
0
3
0
0
27
0
0
0
0
0
13
108
0
2
0
6
0
1
0
0
0
0
1
0
0
0
1
131
0
1
0
0
0
5
1
0
0
2
0
0
0
0
0
1
0
4
1
0
0
0
8
12
0
0
0
0
3
0
0
2
3
0
0
0
0
0
15
0
2
0
0
120
959
0
0
2
7
0
0
0
0
1
0
0
0
0
0
0
0
0
0
0
134
0
643
0
313
0
0
123
1
0
154
0
0
0
0
1
0
1016
0
14
2
0
0
7
7
21
0
0
426
0
49
0
0
0
1
0
0
0
291
2
5
0
0
0
0
0
0
0
1
0
0
0
0
2
4
0
9
0
0
0
0
0
0
29
0
0
87
0
0
2
0
0
0
26
0
0
0
0
0
217
0
1116
0
0
0
0
2
0
3
0
0
0
0
100
0
0
0
0
51
0
179
0
0
0
0
0
0
503
0
0
40
4
0
0
6969
0
0
0
0
5
0
110
8
15
73
0
0
0
0
10
100
44
1
1
2
80
0
0
1
0
0
299
0
4
0
0
19
0
330
0
20
0
0
1
464
0
0
25
0
158
0
2036
0
10
0
163
9
0
0
0
0
2
0
0
4
0
0
0
0
0
0
1
0
0
4
0
1
0
0
0
0
229
0
172
0
2
0
6
0
0
0
0
0
99
0
0
0
0
0
4
0
0
1
0
12
0
1
0
0
0
0
0
0
1
0
1
85
0
0
0
0
0
0
160
2
5
0
2
0
0
0
1
0
0
0
0
5
0
0
3
2
9
0
4
12
0
0
0
0
0
0
0
0
1
0
0
0
0
0
0
0
0
0
0
0
0
0
0
7
0
0
0
5
0
0
0
4
0
0
0
0
0
0
0
0
39
0
6
25
0
0
0
19
0
0
0
0
225
341
0
19
1
0
1
46
2
0
119
0
6
0
0
4
0
0
0
0
0
0
0
0
0
159
0
7
0
0
0
0
0
0
302
0
0
7
42
21
0
0
0
0
2
6
0
0
0
0
2
48
0
0
1
0
0
0
716
0
4
0
0
0
0
17
0
10
0
0
0
0
0
0
0
0
0
5
0
339
9
50
1
13
0
0
2
156
0
0
0
0
0
0
3
295
0
0
0
0
0
477
0
1
205
44
0
0
0
2
0
0
2
0
0
0
0
0
0
0
5
0
395
0
0
0
0
0
0
149
0
0
1
0
0
0
8
5
0
12
0
548
0
0
0
335
3
0
0
0
1
0
32
170
0
0
18
0
0
0
0
0
41
0
4
0
0
0
36
0
1
3
0
0
0
0
0
0
0
0
0
8
3688
50
55
0
12
0
0
87
1
0
8
5
6
420
15
2
0
1
1
3
0
0
0
0
0
1
0
6
193
0
0
427
0
421
28
267
0
0
0
0
0
9
0
0
316
4
4
90
0
42
0
0
169
273
80
661
0
0
0
170
5
0
10
14
0
0
16
0
24
326
2
90
0
7
0
70
0
8
2
0
107
0
0
0
461
0
13
0
0
3
2
0
98
0
96
50
353
0
18
0
0
2
0
5
118
9
162
12
23
0
19
0
34
0
9
327
4
0
0
127
0
130
8
1408
136
0
0
0
134
0
5
2
0
0
0
0
1
262
0
410
0
792
0
3
0
0
0
13
16
0
0
0
0
1
0
0
0
136
81
18
6
0
817
0
0
3
0
0
25
0
0
352
0
1
0
0
2
0
15
105
0
0
170
0
13
0
50
0
5
3
102
0
0
25
0
0
354
201
1
4
0
8
0
0
14
0
0
8
0
3
575
0
0
0
0
0
4
1
0
11
0
0
374
539
0
7
407
0
382
0
132
12
88
0
23
0
0
11
317
0
87
0
0
10
347
0
0
0
39
1
63
0
0
0
0
0
0
0
4
153
0
0
0
0
0
1
0
0
0
41
0
1
0
0
0
0
0
0
2831
5
313
3
0
0
0
18
35
0
454
5
0
0
18
0
4
38
0
4299
62
639
0
0
152
43
68
3
11
0
2511
0
208
159
311
3
161
0
73
1060
430
0
0
0
1
989
0
2609
0
0
1
0
7
109
10
16
0
0
0
75
6
73
11
6
100
412
1
675
0
0
0
168
85
1
0
156
71
2
441
0
49
65
1
2
1
44
0
0
0
0
0
260
0
0
0
1533
0
0
6
26
3
50
160
22
0
0
148
138
0
0
0
0
0
0
0
7
0
0
0
0
26
0
0
2
432
102
42
0
22
0
0
0
336
0
0
57
0
37
0
0
198
77
7
105
0
0
0
0
142
1
46
0
0
0
0
0
0
0
6
0
196
66
5
0
3
249
83
0
0
391
10
48
0
16
0
281
5
0
21
0
0
0
13
833
0
40
0
13
797
61
11
6
30
0
3593
13
0
16
6
1
601
0
0
68
69
465
0
146
603
1
0
8
21
43
0
230
0
0
0
4
0
0
11
98
0
1
148
2
57
2
0
35
0
0
1
0
0
68
1
105
104
0
9
1
0
0
0
0
566
10
659
1475
474
21
0
13
10
0
10
0
0
0
538
747
0
206
0
0
0
683
0
0
46
0
0
0
36
0
7
0
0
3
131
0
13
0
20
0
0
49
3
0
20
0
75
655
39
0
1
41
380
191
0
0
3
0
5
0
638
37
0
664
0
0
0
35
2
338
8
0
0
0
22
15
150
344
2
2
0
0
0
38
0
0
0
0
0
0
22
2
1125
0
129
231
0
0
0
0
23
120
0
0
0
0
20
0
20
457
0
0
3
0
12
1
25
0
16
0
0
0
42
13
0
0
0
0
956
0
0
53
0
0
4
0
26
0
63
32
3
0
3
0
11
147
0
0
0
0
163
13
0
12
7
5
0
10
79
0
63
0
0
2
0
108
0
0
483
0
7
0
0
0
0
32
0
65
18
0
0
0
134
7
0
0
0
306
110
3
0
0
0
0
0
150
9
0
1
25
0
0
0
0
0
0
87
1
2
0
1
0
0
0
2644
2
52
0
2
2
6
0
0
0
0
633
0
0
0
114
0
107
0
0
0
0
172
2
0
0
0
0
0
1
0
155
0
0
0
1258
0
3
7
0
80
0
1053
0
0
3
8
1455
76
0
189
18
0
0
4
9
246
2
26
8
2
0
0
0
2
6
4
34
822
67
43
0
2
6
0
2
4
0
269
914
2
105
0
0
0
0
0
11
183
0
0
33
0
384
27
71
0
0
144
314
9
41
0
583
0
19
0
0
9
0
0
15
192
779
110
28
3
0
0
0
0
164
57
3
0
9
568
0
0
17
0
0
169
52
0
207
8
13
932
1
0
32
2
0
0
0
0
652
3
4
0
1
1
0
0
30
0
0
432
0
1
0
0
0
2
33
0
87
41
21
9
0
3
0
0
0
1094
145
8
16
20
145
0
11
3
0
0
0
1
0
0
0
11
0
0
0
0
40
0
0
289
5
15
0
0
11
0
10
0
0
0
2
0
0
2
23
0
9
25
11
0
0
0
5
0
0
0
154
0
0
0
2
0
1
0
0
0
13
93
0
0
2
5
790
0
8
29
85
14
13
0
0
0
0
0
0
0
0
2
14
0
4
37
0
0
0
10
0
240
0
0
5
820
37
0
0
0
50
27
2
0
84
868
0
20
0
108
17
1862
129
497
0
0
350
19
0
702
3
0
11
23
0
1
40
0
0
153
1
3
0
22
0
0
13
0
0
0
0
12
0
0
0
0
0
96
114
64
21
0
0
9
168
0
58
172
0
0
0
0
12
2
0
67
9
39
2
0
40
71
2654
0
0
7
0
0
0
62
24
1236
1
8
8
1
0
0
0
0
0
36
644
0
0
0
0
0
0
35
195
5
31
0
511
98
0
0
2
238
2954
0
289
0
2
4
294
17
0
20
15
0
0
29
21
0
0
21
0
3
2
1
12
397
142
453
6
0
75
1
3
0
6
0
0
38
0
0
0
1
50
37
4
20
0
0
14
282
0
4
0
2
0
0
380
0
0
239
396
934
491
5
0
72
0
27
0
1
0
189
0
3
2
0
0
16
0
5
3
0
2
44
16
292
2
5
0
46
2
0
1533
0
2065
0
0
0
116
23
20
0
1155
0
1
45
59
628
9
11
649
37
26
1
49
13
368
3
0
0
2
0
8
965
0
116
2
67
23
0
0
48
251
0
69
17
740
425
9
10
0
19
0
0
2
0
309
277
234
2
91
0
126
0
61
0
1
301
54
0
0
0
353
0
0
0
67
0
128
0
704
0
0
5
0
6
122
0
265
53
38
11
213
149
72
3
29
2
172
0
0
1
114
0
0
51
0
0
3
116
0
0
2
0
0
0
24
1488
12
1
471
135
0
856
0
0
0
3
3
372
100
3
187
22
3
0
0
0
0
28
27
56
0
224
0
2
0
0
13
0
432
0
0
474
2
0
0
11
0
5
0
51
56
1
0
0
0
106
0
0
576
0
8
0
18
0
0
61
0
56
4
3
59
0
11
0
3
0
606
20
300
1
0
480
173
0
51
39
0
0
0
3
38
0
3
0
0
0
0
24
2
99
0
89
0
35
22
23
0
12
0
0
0
0
4
41
14
99
751
1097
40
90
0
0
0
12
0
316
0
0
0
0
751
10
26
586
68
378
428
0
0
10
0
75
0
7
0
0
388
63
10
0
76
13
0
12
0
70
80
161
2
0
0
0
91
0
0
0
327
18
3
17
33
0
65
4
22
14
1
0
17
0
0
139
371
2
23
0
223
6
0
0
3
0
388
0
3
0
2
0
0
0
0
0
2
0
0
0
0
603
270
280
3
0
0
0
73
51
0
0
0
0
0
51
203
9
0
0
29
0
0
1
0
11
0
0
0
0
0
2
1
2
6
0
2
14
31
13
0
0
0
16
185
15
0
37
0
162
0
0
0
0
0
151
0
305
0
209
0
123
7
7
239
401
494
0
2
11
0
0
0
65
0
5
1
4
0
20
51
0
0
13
305
0
22
0
36
967
0
0
0
51
6
13
51
47
58
39
5
4
0
3
28
0
421
1
0
0
57
3
0
7
1
0
49
5
115
1
0
0
0
0
18
58
1
71
0
0
403
0
906
0
0
5
744
0
0
47
0
0
0
24
0
0
294
1
0
0
0
0
8
0
0
0
0
0
3626
3
32
0
0
0
4
214
3
137
217
78
1652
81
3
56
0
494
26
0
274
0
186
0
36
0
78
0
27
0
0
0
0
0
1
0
3
5
123
0
0
0
0
75
10
4
284
0
2
0
210
0
0
0
3
4
0
127
2910
0
304
0
0
22
78
12
0
0
8
0
2
0
0
207
0
0
0
38
0
0
0
0
0
0
6
175
48
123
0
4
464
0
2
7
3
0
1063
0
0
0
125
0
364
102
9
0
3
0
0
0
2
0
0
352
34
199
2
110
0
0
4
1457
0
9
0
0
16
0
4
1
0
0
0
170
0
6
101
0
0
0
0
0
3
5
1
819
3
0
20
0
566
0
0
0
0
488
0
217
21
0
0
5
0
0
0
1207
0
0
0
3
0
0
3
0
0
23
3
4
0
1
0
221
3
0
78
0
44
11
0
94
1
1
6
4
0
16
0
0
0
0
0
0
0
2
33
0
570
0
1
1316
0
0
0
63
2
0
7
242
13
207
0
5
48
0
0
0
0
7
0
2
38
6
5
0
0
0
1
0
1
1
1
1
1688
1
19
365
0
4
0
0
4
0
6
379
0
0
668
0
0
0
5
328
1
0
0
0
0
0
50
9
0
5
6
1
0
0
486
0
67
0
3
33
0
0
2
41
2
2
12
53
263
0
1
2
162
22
0
10
0
0
0
0
0
0
0
0
497
1
0
3
0
2
21
0
0
0
257
0
0
3
0
344
10
0
0
0
154
607
0
11
0
0
41
82
55
220
0
0
0
0
12
0
0
364
15
52
8
7
478
410
0
0
3
6
2
0
0
19
342
0
0
0
0
0
0
174
0
7
0
0
0
387
12
0
292
229
125
54
0
13
0
3
12
11
2
40
183
0
31
51
106
857
2
0
625
0
1
2
0
0
0
267
0
880
0
47
683
14
119
0
2
0
0
82
4
27
0
0
0
113
3217
0
385
122
0
0
14
0
56
0
0
0
0
0
0
343
7
3
0
0
0
0
74
0
21
34
0
1157
0
3
0
0
64
24
0
66
0
0
0
0
0
0
0
3
0
0
136
0
112
0
9
8
190
92
0
41
0
0
0
5
0
0
115
0
0
11
45
0
0
167
0
0
0
0
13
11
3
238
116
0
45
115
0
0
57
936
6
0
0
2
0
2
29
694
102
10
0
0
0
1
0
4
94
779
0
428
24
274
14
0
0
0
1
6
4
338
1716
0
0
0
0
0
175
183
46
0
5
1
0
27
277
0
5117
1
0
572
431
0
0
1
0
0
0
12
121
0
0
3
0
0
135
0
0
53
58
3
542
0
410
0
146
0
0
0
0
0
0
144
2280
0
214
1
231
15
108
437
0
0
0
1
100
75
0
88
177
7
0
7
2
333
241
0
0
0
36
0
0
0
0
0
0
0
6
0
0
10
0
2
1
6
0
967
0
0
0
381
4
7
0
170
0
0
6
1269
0
0
0
652
71
0
0
0
0
0
40
167
1121
0
0
100
0
316
5
4329
0
3
226
0
0
0
1
0
0
1
13
0
32
0
713
171
0
27
5
29
0
93
0
96
588
2964
0
171
365
0
7
0
20
0
126
2
0
0
1
0
0
285
0
4
0
0
0
37
0
0
56
6
13
4
3
133
64
0
2
0
0
1
215
3
135
34
4
0
0
0
408
0
0
199
0
0
0
0
1153
0
78
0
0
86
0
0
0
0
45
0
9
0
300
0
0
29
0
12
0
0
4
118
0
2
118
250
0
14
9
5
79
0
7
0
1
42
0
57
0
0
0
11
0
0
386
112
0
4
637
12
102
677
183
0
0
6
0
0
1
0
300
272
0
0
0
0
19
174
5
0
10
2
1235
0
0
0
0
183
69
145
0
749
10
0
0
293
2
0
0
2
0
7
237
51
52
4
509
0
0
0
0
0
0
461
0
8
130
276
7
0
42
0
0
5
195
142
110
0
4
0
1
166
0
3
892
0
0
0
153
0
0
0
0
0
1168
871
0
11
8
189
0
3
0
0
0
20
500
687
0
457
0
15
0
0
50
0
6
0
0
0
8
1
0
0
0
4
0
40
4
0
0
0
72
0
0
0
0
0
5
581
32
0
0
227
0
276
78
6
1
93
24
0
4
0
0
197
21
0
6
140
643
0
0
0
3
0
0
0
0
2
0
10
0
44
0
767
0
0
0
445
1
0
69
0
3
0
0
0
0
0
424
533
0
379
0
4
83
0
8
2
0
0
0
26
0
0
0
1
0
0
1013
53
13
45
0
0
0
14
0
100
79
0
8
635
0
0
0
208
0
0
0
6
3
766
3
0
397
5
0
0
2
0
1
0
0
0
22
0
0
0
0
0
2
0
0
0
0
0
0
170
0
0
23
3
0
4
0
0
0
49
17
5
0
510
0
9
1493
0
18
0
1
25
0
0
0
31
18
0
18
1406
0
64
0
0
91
0
0
163
0
165
0
0
0
7
410
1
0
0
0
0
33
169
18
0
0
0
43
308
626
0
15
6
0
6
6
0
0
17
27
0
0
30
37
0
0
0
141
0
5
0
0
25
0
118
0
0
19
21
830
159
33
117
0
0
52
920
0
0
1087
0
0
0
10
104
0
0
32
0
0
1
23
0
30
0
15
0
0
1
5
3
0
0
0
755
0
6
0
57
0
2
17
21
0
0
0
0
32
0
13
0
4
38
9
0
0
0
969
0
117
14
5
0
110
0
0
0
40
77
0
4
0
12
2
226
0
0
0
178
1079
0
0
71
0
144
0
0
0
0
474
0
0
0
5
46
16
12
46
25
0
129
0
0
0
501
66
50
0
31
7
4
29
0
0
55
0
2
0
75
426
0
0
0
103
0
809
0
3
310
3
0
0
0
5
0
2
3
9
13
364
0
14
56
5
355
14
0
0
72
0
0
0
0
442
0
1083
812
117
114
0
0
152
1759
0
0
0
56
0
0
0
0
85
0
198
17
0
122
679
0
0
0
1
6
0
209
0
0
80
0
1
279
0
10
0
45
606
2
0
0
59
0
0
26
209
3
0
0
0
249
364
29
20
0
0
0
2
0
8
1
2
25
0
0
2
5
23
982
199
0
1
104
0
0
0
0
0
0
0
1
0
467
4
128
0
3779
0
603
0
0
0
106
2
1
1
0
4
33
36
132
47
10
33
0
63
0
88
0
11
0
0
0
27
0
0
226
11
108
0
0
0
0
3
48
230
0
2
0
0
0
1340
0
156
19
142
102
68
9
5
0
147
39
0
207
0
0
0
0
97
0
0
9
7
47
0
0
0
20
0
0
22
0
346
0
1
0
25
0
0
5
0
353
0
0
0
67
0
14
60
0
6
6
109
0
2
0
349
0
0
4
401
25
25
70
0
1
433
1
0
428
0
0
0
170
0
0
3
65
0
0
0
0
0
152
12
961
39
0
0
0
0
172
0
8
0
221
42
0
317
0
150
63
7
25
145
0
0
39
449
0
508
0
14
0
50
0
2
0
0
607
0
0
0
41
0
1248
0
0
0
12
0
79
0
2
3
86
0
5
82
0
3
7
0
147
1
3
145
0
0
0
165
43
57
18
0
1
0
10
73
115
0
0
43
0
0
0
0
2
2
372
0
5
20
2
60
0
0
1
0
211
2
43
0
23
56
20
0
0
0
4
1
44
0
23
0
5
0
0
41
0
45
342
0
214
66
1
32
0
52
28
2
30
0
8
2
114
51
17
0
2
257
11
5
2
5
0
57
319
1131
29
0
0
0
0
0
265
156
4
22
0
65
0
17
0
0
0
0
37
0
39
0
23
16
105
0
0
3
23
212
0
70
0
0
0
18
3
0
0
0
5
0
139
40
0
112
7
1928
0
382
0
19
36
0
2
0
0
21
0
0
4
0
0
7
72
8
0
0
5
15
169
0
149
31
307
31
0
947
34
70
7
0
0
0
2
0
572
0
159
5
3
0
2
1
0
0
28
1
18
1
0
0
51
59
669
14
1
52
0
0
4
18
0
0
151
0
0
12
221
0
0
0
298
0
431
5
0
0
36
235
10
0
167
29
0
0
0
0
5
552
0
42
765
517
0
109
0
1
92
20
585
176
0
0
0
37
0
75
112
194
17
5
0
0
1
93
995
0
4
23
10
0
0
0
0
145
0
648
660
285
1
0
599
0
768
0
0
8376
0
0
0
0
28
13
12
0
0
26
0
216
46
0
457
23
77
0
0
346
0
0
161
193
3
0
0
41
4
197
4
2
0
0
7
0
0
0
6
0
20
0
0
0
58
0
186
0
0
355
0
638
102
0
54
0
0
97
0
0
118
61
3330
3
0
0
450
446
3
0
61
0
0
1148
14
97
0
0
0
0
6
103
10
0
15
1
0
0
1
0
3492
7
4
0
0
164
7
0
0
1
0
0
4
0
0
268
0
3
60
0
1
0
1081
0
58
162
0
0
0
0
0
270
0
0
16
0
38
0
448
0
0
0
3557
41
115
0
5
0
70
68
71
0
4
0
4
0
0
190
16
726
0
0
0
312
1
0
103
204
0
112
0
1
0
0
0
26
102
26
1191
140
0
2
0
0
290
1
0
0
244
11
0
717
33
0
4550
44
434
111
0
3
3
0
0
81
16
10
0
0
61
119
32
10
3
166
0
6
54
15
0
3
0
0
0
8
0
0
0
0
2
604
0
9
0
0
0
0
3
3
7
0
51
2
690
0
1
0
0
1230
0
0
0
14
0
39
0
160
173
0
0
0
0
0
0
0
0
0
0
0
0
0
0
0
1
0
0
11
0
0
0
0
247
0
1
0
0
0
13
1
5
11
0
177
20
0
607
0
0
0
0
0
0
4
0
0
0
76
0
0
0
0
0
0
45
90
0
0
0
0
0
13
4
8
0
18
100
33
0
3
7
366
0
0
14
88
0
0
23
43
0
0
128
14
2
1
1
0
758
215
0
4
111
0
39
0
172
32
0
0
56
16
863
45
0
13
0
2
0
2
0
373
0
0
0
0
1
0
0
0
0
226
3
115
0
4
0
0
0
0
2
290
0
9
72
374
0
0
145
0
0
2
119
0
0
0
300
2
0
0
0
0
541
0
0
0
0
548
0
3
0
2
0
0
0
0
1
0
0
3
0
1
0
50
0
1420
0
0
479
9
0
80
0
131
266
3
68
0
0
4
0
1111
0
0
0
0
48
10
0
14
0
0
0
25
0
0
2
0
217
301
211
0
18
0
63
0
0
4
0
5
0
2
940
0
6
12
3
0
0
0
0
0
76
0
0
296
45
288
87
3
30
0
0
0
43
0
687
0
4
261
0
0
0
0
0
0
0
0
256
0
0
0
0
0
545
0
13
4
0
399
0
0
0
14
1
0
31
0
0
0
54
38
0
0
8
300
0
0
0
0
225
38
223
0
27
8
3638
2
0
187
0
0
0
0
0
0
0
5
193
13
0
0
4
1
185
0
0
23
3336
0
126
36
37
0
0
110
0
0
24
5
717
705
2
23
0
0
0
4
0
0
1
1
225
0
0
0
4
0
0
0
94
9
312
0
0
0
11
3
1182
0
14
0
0
0
5
1
0
0
0
0
879
104
0
0
0
0
0
0
43
220
0
239
0
0
0
14
0
1
8
0
0
0
0
118
0
67
50
0
108
63
0
799
0
0
10
0
66
0
157
0
83
10
0
0
0
0
0
0
2
0
12
0
1
0
0
2
0
63
751
0
358
0
675
0
405
0
0
11
6
6
210
0
205
58
28
0
6
30
0
5
0
0
65
26
64
12
0
4
0
0
7
0
13
0
0
93
0
0
430
0
0
3
0
0
0
0
2
0
11
2
29
3753
122
1
48
0
0
0
74
4
3
0
0
0
0
3
2
0
0
0
3
16
435
10
26
0
3
0
419
0
4
0
1
0
0
1
0
0
0
10
128
137
0
808
0
27
144
1179
221
6
3
0
0
0
297
134
0
0
0
0
2
112
0
0
0
1
3
42
114
18
3356
1
0
4
141
296
0
0
8
0
195
0
108
0
831
0
0
45
2
0
0
4
0
91
0
156
28
175
0
765
2817
221
0
32
8
0
2
2
3
0
38
0
0
1
62
0
104
0
0
1
737
354
15
0
0
2
0
1
0
75
0
29
63
0
2
12
927
10
36
8
4
0
0
0
1495
0
60
0
0
591
0
0
2799
0
107
6
163
0
0
4
0
0
1091
0
1375
0
0
0
855
2
2
0
126
0
45
839
0
4
3
6
1127
0
0
0
71
0
0
10
0
0
0
72
0
0
15
19
75
3
0
2
101
343
4
0
0
0
0
2
2
199
0
3298
0
0
3
4
0
0
0
14
0
0
0
1305
0
712
0
0
231
0
0
0
0
5
168
0
0
23
0
211
0
4
0
89
14
114
3
234
0
0
0
0
0
0
0
73
0
0
162
0
14
9
701
0
0
0
36
7
0
87
1
0
18
0
95
24
0
2
0
0
0
444
21
6
0
0
0
3
0
0
0
0
146
131
0
42
108
7
1
91
0
75
0
21
0
13
0
3
1
0
31
0
0
4
44
0
8
231
0
4
0
49
64
7
12
0
437
0
14
0
0
0
0
0
4
6
220
3
0
0
0
79
2
0
15
0
22
14
0
5
0
24
4
0
793
17
0
122
74
0
0
16
49
0
2646
573
2
98
13
603
56
0
0
21
0
9
285
0
46
0
0
1
4
0
5
3
1
0
0
105
0
0
0
6
0
0
0
0
0
0
0
118
0
13
3
34
1
0
0
0
0
2
0
0
0
234
0
3989
3
2
7
2
331
1
0
0
0
0
0
0
10
0
0
415
0
4
0
0
2
111
0
753
60
0
0
33
0
1
3
27
0
0
0
2
0
0
108
13
2
0
0
6
18
18
0
6
0
53
0
0
46
6
0
6
62
24
0
4
0
0
71
184
0
13
0
0
0
29
3
0
1
0
232
2
0
356
0
0
0
15
0
0
552
0
0
0
2
1
0
0
490
1420
0
9
0
0
18
131
0
1
0
0
69
283
2
208
873
0
0
6
0
0
117
0
0
2
2
1
4
96
0
3
0
1174
0
0
0
0
301
4
0
0
0
0
0
0
302
63
0
0
60
0
119
0
0
408
0
2
154
0
157
74
0
0
118
0
0
2
55
15
0
4
0
25
42
51
0
0
0
0
0
0
3
0
0
94
0
1
26
62
0
0
40
0
162
37
11
0
0
0
0
0
6
549
5
122
0
10
0
0
336
0
0
1
0
201
0
21
0
52
4
761
0
0
24
130
95
86
48
2
5
158
3
1153
0
53
9
74
3
1
56
117
0
0
335
2
195
1
0
0
2
0
0
19
3
87
0
2
0
4
0
2
5
0
318
0
1
215
0
256
26
0
708
2362
11
0
0
0
0
597
84
0
0
0
3
0
0
0
0
332
47
0
0
0
1
530
0
63
3
0
12
6
1
0
0
69
0
80
54
3
0
1
200
0
323
0
35
1834
3670
21
96
0
0
6
106
8
0
487
20
17
0
4
28
113
15
0
490
4
0
81
0
0
0
0
1
0
4
0
0
0
5
61
0
0
0
3
0
8
0
1
0
127
0
20
166
0
7
92
3
2
16
7
71
2
0
0
0
0
94
0
0
10
4
0
0
0
0
31
93
149
9
3
4
0
0
1
3
0
562
0
0
1
0
554
0
0
1
17
0
0
0
0
80
0
8
0
0
0
15
1
4
0
3
343
65
0
1
0
0
0
0
16
82
31
0
1150
0
36
128
0
0
26
0
7
15
0
0
2
0
0
6
3
9
2
78
39
0
2
23
93
0
3
0
0
0
0
103
0
0
0
0
88
0
4
10
113
0
100
0
28
29
0
378
0
0
0
488
23
19
0
0
1
0
10
2
386
0
308
100
2
34
38
10
295
0
7
35
9
0
0
59
21
0
188
4
0
224
0
0
0
1644
0
0
1
6
0
0
1
0
262
13
0
0
280
0
0
0
34
1126
1
0
0
0
301
0
0
6
0
0
0
0
0
0
43
0
3
439
0
0
640
0
38
218
0
866
0
237
32
0
0
13
13
56
290
0
72
53
2
18
416
22
2
0
0
0
0
0
289
34
0
0
0
17
484
70
7
1060
1
0
0
0
16
2001
8
75
93
0
23
248
0
642
32
0
0
51
130
0
0
0
3
0
0
0
56
709
139
393
2
1580
133
289
0
80
0
3
0
0
0
304
0
19
0
401
11
0
3
0
40
45
0
0
3
70
1837
150
18
0
0
2
455
0
0
0
0
0
0
21
0
227
94
0
8
0
27
21
12
5
0
0
7
0
0
159
0
7
47
37
0
23
0
12
303
2
1350
0
3
39
29
731
5
0
20
0
14
0
0
4
0
2
0
0
22
479
0
13
1
0
0
3
0
0
40
80
21
0
0
3
0
2
0
15
61
26
49
74
84
2
0
0
0
0
0
132
43
108
0
0
30
0
116
0
125
3
557
44
1
0
0
16
43
16
25
1
2998
13
0
0
9
0
0
12
133
0
0
0
0
51
221
0
0
19
11
559
0
896
977
6
37
208
44
1
64
6
44
0
110
549
119
5
115
0
0
0
192
1
2
0
1
212
178
1264
1629
2
142
0
423
0
0
0
0
0
0
0
16
0
0
0
3032
254
82
0
694
283
0
10
25
0
1694
0
0
0
2
0
2
57
3
0
0
767
2
52
0
8
0
0
328
757
0
24
1
0
616
0
353
4
0
133
121
31
34
0
1
1
0
0
0
0
35
280
6
0
0
1
167
1055
0
1
0
6
1
80
1
1155
0
0
191
1
0
0
0
3
0
263
0
0
0
7
190
4
0
0
939
0
136
97
58
117
0
0
101
0
0
1
102
0
26
0
10
0
1074
1575
3
145
10
7
1
169
148
106
0
196
0
0
0
0
122
0
0
0
0
1
5
0
62
9
68
38
59
124
6
6517
582
13
0
45
0
0
0
0
0
0
17
1
0
0
0
77
76
25
3
0
3
8
0
105
3
965
0
2
8
21
0
11
2
11
0
0
4
133
0
16
0
1
232
0
3
0
2
0
450
713
0
0
0
541
0
34
240
36
570
454
4
135
0
124
8
0
0
0
60
0
79
0
0
257
1
0
0
0
0
0
0
5
624
24
26
368
0
0
5
0
307
3
0
0
0
23
0
0
30
2
0
0
255
34
850
0
0
836
0
0
423
0
0
3
0
0
0
0
0
28
1
1
0
0
2
152
0
0
0
0
0
0
0
1
6
123
1
0
1
3
10
0
21
0
0
0
0
0
10
0
1146
6
0
238
0
0
32
0
0
0
275
0
0
384
1
4
0
0
0
3
147
4
17
0
199
56
0
0
18
0
0
0
0
0
0
12
0
0
0
31
0
0
145
25
18
0
0
433
531
0
0
8
0
801
0
1
0
44
47
938
0
0
15
0
0
0
21
12
3
0
1
0
0
0
200
1
0
451
0
147
0
304
0
17
41
2
61
333
0
1112
8
4
0
0
235
2
3
131
0
18
0
0
3
0
559
7
0
3
0
0
0
0
42
0
0
452
0
0
0
0
0
1
9
82
77
22
0
0
17
2702
264
1
11
0
0
0
0
0
0
0
2
16
36
15
30
1658
4
0
0
409
1
2
0
0
0
0
652
121
2
9
0
165
0
4
0
81
0
0
0
0
6
56
2
0
2
0
0
0
0
9
0
0
261
10
76
0
0
0
0
0
0
0
0
1
0
5
3
0
39
4
0
112
4
0
0
0
0
0
0
0
0
0
1
0
1043
0
0
0
39
0
35
48
114
1
0
12485
0
1
0
113
9
0
1
0
4
0
2
0
5
0
221
0
0
0
11
0
0
2
0
0
0
0
0
1
0
86
0
0
0
5
4
1821
1
30
0
8
0
0
0
0
0
1596
431
179
56
4
0
0
36
0
163
83
178
390
12
317
292
357
3
251
54
0
25
0
0
0
0
0
119
0
0
0
0
22
15
359
0
205
0
95
0
0
2
0
15
20
4
0
0
0
44
8
15
7
98
0
0
19
17
0
0
0
0
0
0
0
0
0
0
2
0
0
0
41
6
0
0
0
1508
0
0
5
2354
157
0
175
0
3
0
0
0
265
0
2
1063
7
3
210
2
0
61
34
0
1
0
0
0
200
8
0
3
6
0
0
202
128
2
0
0
0
5
2
0
0
0
44
5
0
0
32
0
0
0
2
400
0
4
293
0
0
0
136
0
0
83
0
0
59
0
0
0
0
70
0
0
0
30
0
0
0
7
0
3
47
14
0
0
0
0
20
1
49
0
0
0
0
752
0
167
0
0
2
0
0
0
0
0
152
1016
0
1
0
11
0
109
0
0
0
30
53
3
0
0
215
0
0
126
26
0
0
3
0
0
1147
0
0
0
802
0
0
3
48
0
146
1244
0
0
1
9
0
0
0
0
0
0
0
78
57
5
0
0
1
2
0
0
0
0
0
789
0
51
0
20
4
0
0
0
0
0
0
0
0
0
0
1
0
0
3
0
0
0
0
215
0
77
0
0
0
38
0
5
0
1173
0
1699
0
382
0
0
0
0
2
12
0
5
0
0
0
0
5
0
12
0
2
0
0
620
33
0
1
123
0
2
1
0
0
0
0
2
0
0
50
1
211
22
0
0
0
14
5
29
0
0
6
18
0
0
0
0
0
0
0
0
0
5
0
0
1
4
1
16
0
2
157
20
0
0
0
1
6
0
0
0
551
0
0
0
13
23
0
10
0
2
0
0
1
31
0
0
0
0
0
1423
124
1
184
3
0
0
0
0
0
3
0
12
398
6
155
0
0
3
685
401
0
4
74
0
8
3
3
0
3
652
0
0
0
3
2
1100
0
224
4
0
7
0
418
0
2
0
0
0
235
0
0
0
0
0
0
1
0
0
0
114
146
0
1
8
1404
0
12
90
0
657
2
3
0
0
5
1
5
10
2
0
0
0
0
0
0
0
0
65
3
45
0
6
508
0
925
0
5
1
0
2
22
0
0
7267
0
0
0
0
0
0
1
0
4
24
0
0
5
0
0
291
0
200
3
0
10
0
605
105
0
265
0
0
476
0
3
0
0
0
0
1679
0
0
0
0
0
0
1287
18
3
48
38
0
0
0
0
0
36
5
27
0
0
5
0
59
8
0
146
0
0
0
2
0
0
0
0
9
107
2
1
0
0
0
0
0
1
0
38
94
1
0
0
0
267
0
0
0
0
0
66
0
0
0
0
0
0
1
0
2
2
0
16
0
0
244
2725
185
0
0
0
0
90
0
0
3
0
0
0
0
0
0
61
0
226
30
0
0
64
3
0
0
0
1245
0
0
69
0
0
8
26
0
0
49
0
8
0
26
780
229
15
11
0
20
0
21
0
40
0
22
0
83
0
417
0
0
330
1
336
149
27
4
4
0
290
5
0
239
72
0
302
0
0
0
47
0
267
1
0
0
0
8
412
1341
1074
5
1
6
0
1
0
1011
149
177
1
325
0
0
2
3
93
3
0
57
0
6
57
24
0
0
39
15
0
0
0
143
9
102
659
56
108
211
0
0
3
130
0
165
7
0
87
0
19
0
0
65
0
0
0
1
0
33
3
59
1427
0
0
1933
1
3
46
1347
1
22
60
0
1
0
3
13
0
0
0
0
0
0
2
20
34
6042
232
0
606
7
198
956
10
0
31
0
0
0
0
0
96
8
54
4
5
0
24
195
546
0
0
507
4
55
0
25
0
71
93
117
8
0
33
0
157
0
3
0
0
89
0
16
52
167
15
0
12
185
5
181
247
25
0
2
50
1704
5272
0
0
63998
43
380
4
0
0
0
117
322
0
44
23
242
0
0
0
284
0
232
0
0
3453
5
97
2678
0
0
18
1168
0
7
33
135
98
139
292
0
6
555
43
22
0
74
31
0
65
488
0
1
4
247
0
0
0
0
0
0
4
0
0
3
461
17
263
45
381
1005
0
24
59
0
20
0
1314
0
142
7
96
0
4
0
126
0
1436
421
1494
0
4
85
163
0
341
211
0
0
0
14
1
959
2
116
2
50
362
0
0
8
7
385
0
2
3
286
0
61
0
0
2
0
29
17
0
219
0
349
14
0
56
21
2
1731
0
1190
3
169
2
0
6
4
167
244
1
0
0
763
0
450
0
2
203
228
57
3
1
137
96
3
154
0
0
0
106
48
0
0
2806
0
0
445
8
125
41
278
2
7
36
8
6
132
2
34
27
0
228
781
130
34
0
864
44
0
736
3
0
228
0
7
15
33
3
0
56
81
1021
24
5
0
0
0
412
99
453
118
437
2
33
0
4
0
44
678
22
0
3
16
42
0
7
10
120
970
0
4
246
0
164
4
80
24
0
2
13
7
336
0
0
49
1
0
132
69
2
81
0
106
24
10
0
0
32
12
570
0
2
0
0
10
7
15
294
12
0
0
15
0
0
0
100
1556
3
0
0
0
49
1094
25
102
2279
140
35
1
0
30
2
0
283
7
77
62
12
30
3
0
5
341
14
0
1
7
0
431
0
6958
5
51
26
0
0
72
1
0
0
21
0
1
126
16
0
242
0
3
6
6
2
206
0
1
60
759
0
0
41
40
1
0
366
1271
0
0
48
1
0
0
775
19
5
0
11
0
0
0
71
13
318
2
40
0
0
3
3355
0
11
0
1
930
4
3
0
0
9
137
0
329
32
0
4
403
688
2
0
7
12
0
0
23
0
1120
17
859
1062
0
0
0
791
0
0
1
55
18
0
76
0
0
88
0
1
1
167
138
97
66
124
0
0
0
2
84
0
0
311
28
0
106
2
2
5
567
317
2032
326
0
167
5
3
1230
0
0
0
15
0
231
312
184
13
432
16
0
155
0
0
26
2
1446
0
11
37
357
11
254
10
0
5415
3
1
0
41
0
3
833
0
156
361
354
0
100
0
72
26
0
27
7
136
2718
2
0
0
849
0
149
26
130
1
10
40
0
147
0
2
0
0
0
1755
0
87
0
0
0
0
36
179
694
0
2
0
0
0
0
3
2
0
1143
698
6
0
8
0
0
141
0
0
1
0
0
0
54
3
332
84
0
18
0
26
72
284
22
5
0
119
0
0
3
0
2975
11
7
0
274
0
0
399
0
72
0
3922
103
2
13
0
0
290
0
0
0
24
34
48
0
0
214
148
48
0
261
91
0
0
0
1304
15
1
28
318
0
44
0
51
0
98
12
4
0
0
88
84
0
183
101
0
8
0
0
3
390
351
0
89
2
0
117
269
58
0
143
0
282
118
55
0
12
8
0
10
3
4
4
0
1754
16
3
0
0
0
0
2193
132
207
97
0
0
46
19
11
114
4
0
0
0
0
0
0
440
0
0
25
15
61
155
765
0
0
99
3
1880
7
215
0
56
0
119
29
132
1
145
27
61
3
16
0
757
103
9
0
583
441
0
287
0
8
2
0
0
0
903
87
0
516
0
0
92
0
0
2
1058
112
2
4
0
32
734
190
0
0
0
36
0
0
4
148
5
0
0
20
0
65
0
0
0
369
2
0
0
1171
1
38
5
8
0
0
16
257
0
0
431
0
0
0
0
0
82
24
0
0
33
0
0
13
0
0
22
2
0
4
110
34
390
0
4
0
3
8
1
0
0
0
0
7
6
0
23
9
0
0
0
0
2
0
3
25
0
0
54
0
0
62
0
0
2
0
37
0
0
1
10
19
0
0
0
3
0
7
1577
0
0
1
0
15
24
40
3
0
0
31
229
2
1277
141
2
33
1
86
0
141
0
12
124
2207
6
0
0
42
1
0
754
6
208
0
0
28
0
49
139
0
172
6
185
9
0
61
129
40
0
0
43
1161
32
4
55
31
0
898
14
674
2167
0
0
56
49
0
7
4
418
4
11
65
335
22
96
30
0
109
170
271
7
0
0
665
1
4
0
0
0
6
0
0
11
0
62
18
7
191
12
43
0
2
165
48
31
5
0
12
682
15
122
0
11
15
0
3
535
0
165
3
0
0
0
398
0
0
548
3
3
46
0
0
70
6
2037
0
677
0
73
332
37
0
0
0
4
0
2350
0
0
0
1
796
0
0
1168
410
5
0
136
0
26
239
61
8
26
203
1
3
317
34
0
0
0
0
0
18
42
0
95
138
0
0
178
2483
28
2472
0
9
0
503
5
197
0
0
23
14
37
2
0
0
0
24
0
27
30
148
0
396
73
327
814
125
611
0
0
1483
0
2
0
0
281
684
1
0
0
2
0
4
0
0
0
2
0
2
0
51
32
84
109
90
0
3
0
150
0
0
0
0
5
0
55
0
116
0
3
6
0
0
0
14
297
4
1
0
0
1
1864
185
0
0
0
0
106
0
2
0
646
0
0
37
394
0
444
23
4
11
0
184
0
21
0
0
0
0
5
89
24
0
0
29
10
2
221
0
89
0
0
1
0
514
6
0
17
0
0
45
0
113
137
265
0
0
0
70
615
0
7
0
0
4
0
177
0
5
226
0
0
4
0
0
148
0
9
270
222
59
0
94
121
145
0
1
5
409
1
109
0
2
0
0
9
34
86
957
0
0
0
0
14
0
1
0
0
0
0
0
0
314
14
0
3
55
113
0
11
10
1
4
2
309
0
111
0
235
95
0
18
2
0
0
0
0
30
0
0
7
21
83
0
3
33
190
3
33
0
53
0
0
0
0
0
0
0
48
0
2
3
0
2
0
29
0
3
20
0
0
42
2
15
0
12
0
91
24
0
606
0
0
35
4
10
0
3
0
0
0
3
6
24
0
34
67
0
0
0
62
122
50
167
0
0
9
0
31
0
1355
0
106
55
1225
0
0
1248
415
0
0
0
769
5
0
2
32
3
0
0
11
0
69
0
2
391
5
707
0
1
3855
130
0
7
0
23
23
0
0
421
0
2555
3
0
194
0
23
0
0
360
0
0
56
0
353
5
8
13
134
8
20
0
0
702
62
0
0
265
0
196
0
59
11
167
6
5
0
3
0
0
0
539
0
0
202
190
3
6
793
0
2
9
5
0
0
4
654
7
463
16
99
941
17
116
0
213
0
17
806
0
1
30
12
4
0
150
0
32
3
0
4
933
0
2064
0
619
28
0
281
0
0
265
0
242
513
0
0
33
353
94
25
1
0
0
13
188
0
3
0
20
168
4
0
0
0
8
612
0
78
1650
52
646
65
21
787
39
21
9
200
846
0
0
656
622
164
0
848
247
31
0
1
1
0
1785
1737
506
12
237
0
54
4
0
0
606
13
47
0
236
89
0
28
14
40
294
75
21
96
0
1
125
0
8
0
0
201
0
39
612
14
5
3
0
29
211
0
21
1
0
569
1
558
25
5
0
0
1318
1
243
909
6
0
84
374
97
365
40
13
3
0
781
0
1334
82
0
0
0
4
1667
0
1435
70
2389
45
201
251
307
0
227
3
0
0
0
7
70
82
216
0
23
8
24
475
0
0
525
30
0
0
78
205
35
237
0
0
7
2833
0
0
7
2
16
0
404
131
12
20
66
0
109
5
0
1
9
139
179
4
2
0
0
78
0
14
15
9
0
381
2
11
0
0
5
0
13
0
87
7
59
0
113
0
173
0
0
38
25
4
25
7
596
0
0
0
0
147
226
12
670
47
0
0
205
0
10
0
408
224
2
0
238
33
0
208
139
179
0
92
0
0
2
1
2
5
129
492
22
4
0
161
471
0
69
0
29
14
180
248
426
299
1175
0
245
534
0
0
0
45
28
0
301
0
174
140
62
0
63
0
141
618
902
443
0
1090
1421
0
2
0
0
275
0
2
4
98
25
0
0
3
0
0
0
4
0
38
1332
127
75
5
18
1926
2
2732
0
0
249
0
4
6
2
0
284
13
0
374
1844
0
39
5
0
169
539
0
4
3
0
0
40
0
91
0
120
6
118
13
0
3
706
141
0
0
101
45
1
0
0
0
91
0
4
0
0
0
950
398
17
149
25
0
1
0
0
27
91
552
6
401
230
0
74
80
51
135
0
47
0
0
2
30
0
489
17
15
17
53
29
59
0
0
0
0
0
5
13
50
735
0
3
0
0
0
0
0
0
50
13
10
0
846
6
98
122
0
0
137
1760
28
99
27
0
0
8
0
70
26
8
1
578
0
797
172
30
2
138
54
136
17
0
4
95
15
339
225
0
0
0
841
0
0
4
6
121
0
37
152
0
0
2
0
131
40
0
973
0
1985
0
68
130
8
0
771
5
0
0
307
0
0
0
0
126
0
332
54
0
226
25
6
26
321
110
42
2
0
0
27
0
0
0
15
308
4
0
10
7
27
0
0
192
122
5
0
38
0
25
0
0
1
0
1343
3
9
0
0
0
18
0
59
0
673
0
0
124
7
262
0
0
0
165
1
23
0
26
14
0
1470
61
2
0
1
0
0
3
0
92
313
33
0
10
0
0
8
233
0
7
13
2
0
15
1
105
560
2764
38
310
0
5
6
0
47
0
14
3
2809
3
55
230
2
1324
2
0
1
106
0
275
38
0
22
2
3
66
44
1
0
5
41
0
3
0
41
0
0
2
0
475
330
3
694
189
3
914
6
0
1
129
164
6
33
29
0
50
6
57
322
357
1797
0
0
4
0
18
1356
126
12
194
1519
83
95
0
1833
138
22
0
0
867
61
1176
2
0
11
0
88
0
1856
7
99
234
0
6
394
82
0
6
73
933
6
3
13
18
2
15
321
6
8
10
12
0
648
58
0
0
67
9
2
0
0
0
40
0
3
329
69
20
0
1404
0
0
49
41
0
11
5
15
3
649
0
474
0
53
0
445
29
377
2
45
0
0
2
4
0
0
2
0
5
69
3
1103
1
79
0
14
57
52
0
6
2
402
59
48
55
0
0
0
172
429
0
0
46
0
5
0
0
6
849
0
103
880
0
45
29
186
0
0
0
0
388
6
3
4
5
0
0
0
0
0
8
46
63
43
1
19
7
0
0
0
0
115
3
0
5
56
156
101
0
0
83
0
0
0
25
0
0
27
11
36
76
0
0
0
518
0
0
2
0
0
102
19
7
0
299
76
304
0
301
32
10
9
0
35
90
0
0
2
0
407
69
46
116
236
4
105
168
0
0
2
0
108
0
27
32
1
0
463
0
29
6
3
5
38
185
0
1018
0
435
6
0
3020
14
504
0
604
0
0
644
201
6
0
6
156
0
22
3
0
147
27
3338
25
0
0
0
0
0
1168
2683
23
155
13
601
0
226
125
1
0
642
0
123
11
3
397
59
324
141
222
7
0
47
358
25
0
0
0
0
2
362
0
38
23
0
13
0
149
54
183
266
13
80
0
124
0
172
1877
81
0
401
134
67
12
0
29
12
572
19
0
7
17
0
7
0
513
0
25
0
2
61
1
0
0
14
0
162
5
25
2
374
0
445
0
351
0
0
10
14
2
3
0
409
4151
120
90
26
452
0
1085
24
384
1745
3
130
0
50
144
51
3
38
2
17
0
0
5
24
478
8
0
0
0
0
460
9
132
0
50
1042
801
1
1
0
0
44
170
0
76
0
366
133
184
44
279
30
26
0
0
869
0
0
0
0
74
4
2
0
112
0
0
16
616
8
0
0
299
766
201
23
294
7
1453
0
120
11
0
19
46
14
13
0
29
309
10
0
0
506
0
1339
1
29
2
0
1613
0
0
10
8
0
12
0
108
132
121
0
45
0
1
75
152
0
3139
2808
20
670
108
0
0
3
137
337
53
0
0
0
82
9
1880
6
163
101
0
84
2
589
31
29
123
0
3
0
2
1435
0
18
0
0
17
1911
122
28
240
0
0
0
1
1
0
105
312
3
11
214
0
0
0
3
356
0
5
99
69
327
0
1
5
4
2
582
87
0
113
48
3
40
0
0
0
445
54
5
269
0
1243
31
4
306
289
0
0
8
610
2
146
0
2
0
0
211
1
0
22
0
5
0
0
1
26
108
55
767
0
0
0
110
0
0
0
614
0
0
0
1
0
0
476
1
0
2
0
12
0
0
0
3
679
12
27
0
62
0
0
0
948
0
0
1100
0
0
2
269
35
841
18
2
1
58
128
37
0
88
646
0
0
0
43
0
2
28
0
3295
0
30
79
76
0
0
0
21
2
395
17
52
325
706
1
0
419
317
1
0
1
15
260
0
84
0
92
327
2
15
8
2
52
3
6
0
116
0
0
0
0
109
81
13
199
0
153
1016
39
3
354
0
127
0
224
43
277
2
0
129
1004
3
67
2
0
0
143
0
0
1
18
537
0
0
59
103
578
15
41
2
319
0
46
329
272
0
0
0
149
179
873
36
0
47
0
13
0
0
10
0
0
0
0
0
159
9
0
0
3
376
35
8
26
3
1
3
273
22
2
0
2
433
1717
65
1563
0
0
0
2
0
326
0
2
30
10
547
0
0
17
0
0
0
313
586
0
0
1303
0
2
0
3
2
0
28
0
0
22
0
0
35
90
0
44
56
0
27
0
0
4
202
0
260
865
0
147
2
50
6
16
0
123
0
101
87
0
160
25
0
61
0
2
69
195
0
0
101
3
0
0
332
0
5
0
982
140
30
380
0
4
0
4
273
79
45
134
1
0
0
2
0
0
322
255
0
910
0
139
4
14
0
0
127
165
6
0
0
150
14
3
0
49
259
82
0
199
152
0
0
18
4
107
592
460
0
4
367
0
716
0
0
0
14
197
33
373
1
0
0
0
0
0
53
0
0
0
157
0
0
0
136
3
1
260
0
0
0
1530
0
16
305
0
68
0
4
0
0
46
0
32
2
71
37
627
0
186
0
157
0
0
0
0
0
1
51
1
8
0
44
0
0
0
15
0
336
116
1348
0
30
6
48
11
1143
0
37
0
0
3
215
0
99
0
0
154
0
80
0
0
0
14
542
186
146
68
32
37
0
2
3
0
34
0
7
65
103
9
0
6
0
5
141
108
27
202
10
172
0
1
71
0
2053
0
386
1
0
1148
0
76
27
473
0
5
0
7
24
1956
124
1
14
0
0
3
0
0
65
396
88
2
594
247
177
0
379
117
40
50
0
13833
11
61
2
216
451
117
3273
0
242
61
12
32
37
0
257
7
0
553
125
0
236
122
4
159
0
0
6
759
0
18
69
18
76
0
0
0
0
3
0
2
106
117
35
4
1669
0
0
1
1
33
326
22
35
2254
0
4376
3
0
131
0
4
10
0
0
0
0
577
296
19
0
60
145
884
3
49
106
243
2
283
0
0
4022
12
0
0
0
0
1
2
0
80
0
3
39
2432
6
196
21
0
359
648
723
160
41
0
110
705
1
0
11
24
916
0
0
839
47
0
1
2
0
0
153
32
696
0
4
67
0
19
1
3320
210
0
0
4
11
239
14
0
1
37
0
0
0
23
180
1413
22
144
598
0
0
0
169
0
0
0
7
0
206
2
0
304
284
39
0
862
656
62
77
20
8046
0
0
0
2
2457
0
0
5
13
0
0
0
0
12
221
24
0
8
0
360
4
5
145
1147
0
713
29
37
8
0
1
6
38
26
12
0
3
0
0
28
0
1
0
177
202
46
2
113
331
2
0
187
62
0
72
323
6
6
9
0
0
0
0
271
705
0
1
5
153
30
0
347
0
2676
40
0
0
258
0
0
71
90
0
107
24
80
1295
219
0
0
26
0
1
0
0
55
11
0
163
0
4
4
255
0
75
2
4
4
1
55
25
72
28
0
0
243
0
27
8
0
3
10
3467
1
2
0
51
0
97
0
0
129
13
39
24
626
0
0
33
21
19
180
0
141
23
0
4
677
87
114
36
0
4
0
0
0
0
7
6
44
0
22
0
0
68
87
483
35
0
0
104
250
133
4
121
0
20
1
0
74
1
0
12
0
0
3
21
16
0
134
12
0
0
0
0
0
361
0
252
8
0
0
137
23
302
15
1860
77
113
0
1
62
4
1
0
1
0
91
2
10
6
0
0
0
17
434
0
0
0
0
648
0
0
51
0
507
146
0
794
0
7
2872
1
200
5
0
0
13
0
5
5
33
0
0
0
122
1045
192
70
655
0
27
145
406
7
1378
56
0
18
194
302
40
1661
4
16
23
0
0
0
13
386
338
3
915
405
2
0
0
237
2
0
0
3
3
1780
17
0
1
45
395
207
1
10
0
11
0
53
0
242
374
4
11
231
0
88
0
9
1
3
1351
566
828
0
235
0
105
101
95
0
0
11
0
0
0
1083
0
147
66
0
13
1965
56
250
33
346
39
4
2
16
3369
0
4
0
140
0
272
1471
90
0
79
6
296
1
11
0
315
207
8
0
0
144
326
4
45
0
105
33
2
0
6
0
2
4
0
0
197
0
2827
1
0
37
2979
0
46
1
0
7
0
77
0
1
17
469
7
0
374
199
207
56
8
5467
447
42
7
2
0
36
0
0
171
0
0
0
90
47
0
354
0
0
8
7
0
230
0
1293
11
110
627
289
593
0
152
0
92
0
591
8
469
0
0
1
0
17
630
10
0
2
624
11
412
0
485
79
165
28
41
3
0
5
1
8
0
4
0
173
3
0
420
3
11
257
776
26
0
0
4
22
1
0
0
37
558
14
0
761
119
305
0
0
0
183
2
0
47
84
10
0
0
298
3
0
12
0
2
114
16
2
0
42
4
586
0
67
2
0
2
0
0
71
0
24
0
46
210
9
0
594
0
226
0
100
5
0
28
3
267
142
236
0
0
0
105
0
0
67
0
534
151
3479
0
7
5
82
131
72
0
3
0
68
22
0
0
0
3
0
0
0
0
232
51
6
6200
1988
3
0
0
2
324
0
111
0
646
94
0
0
2044
223
0
0
6
311
8
0
0
49
20
0
158
615
0
1808
0
0
419
244
174
30
0
5
3
960
1558
0
75
0
340
0
0
0
2617
704
0
2
0
1600
120
0
465
0
0
3
0
0
67
541
0
81
0
0
0
4
0
3
50
23
0
36
0
20
0
0
163
15
30
0
289
0
23
0
49
0
0
1115
4
1
0
30
31
0
287
1919
5
111
49
9
211
30
0
0
33
3
16
548
1
5
6
0
0
0
63
136
555
4
0
99
199
266
19
0
237
84
316
2
0
407
18
11
3
10
11
90
266
4
142
2
45
6904
808
154
1
90
3
483
127
0
0
84
246
16
53
8
4
0
3
3
0
1
16
0
32
530
139
34
0
0
1
0
41
6
1212
1
1
0
0
0
0
52
1249
0
12
26
0
19
0
0
637
119
0
0
0
0
38
434
33
63
9
171
0
0
81
0
3
17
0
24
94
8
0
0
661
3
1
7
0
768
0
10
168
0
0
122
16
133
0
9
15
32
0
61
0
0
0
1
285
0
0
323
49
25
0
606
0
15
0
190
20
8
3
12
8
10
1001
20
5
4
1
0
16
0
0
189
19
54
218
0
5973
63
5
243
2
21
3
0
146
42
31
0
79
3
0
100
1121
8
147
12
18
111
20
0
2
78
0
0
4
192
1673
1
25
140
153
214
0
0
0
1
39
0
2152
0
66
0
11
392
42
18
171
0
32
0
65
0
0
7
0
0
0
229
68
0
0
2017
0
0
0
0
46
275
7
0
204
0
26
57
239
441
1
74
0
6
540
43
314
0
0
2
53
1
0
0
143
9
480
864
0
4
0
0
24
4
102
0
3
254
80
140
0
2
52
17
698
1
4
92
0
11
2
0
464
13
348
0
3
0
0
13
3
564
320
0
3
21
104
286
51
0
0
9
143
0
14
2
1085
0
157
0
77
5
2
0
9
0
435
555
16
3
34
0
3
510
0
0
79
0
4
0
2
0
93
2
0
7
3
0
937
372
6
412
0
0
0
410
2
20
0
63
0
0
30
0
26
0
257
843
0
0
1845
0
0
2
49
298
4
90
20
0
3
0
0
762
58
19
1
0
44
0
0
0
1
0
69
5
0
0
0
0
0
0
10443
0
12
5
1306
1
23
0
0
1252
71
48
5635
55
3
879
0
2
19
38
39
0
339
2
538
0
0
575
0
116
0
5
13
653
38
2
1
31
177
430
478
47
0
0
304
5
0
0
71
9
9
0
3
0
17
90
11
227
185
0
0
5
34
97
48
2473
0
26
0
47
0
905
14
45
33
716
0
224
23
0
91
235
6
0
10
114
100
61
0
0
0
0
79
700
14
18
19
19
1682
8
3
366
24
373
38
1
349
0
13
0
29
509
9
54
6
453
0
40
4905
7
4
0
196
0
75
179
2
35
115
1220
608
0
0
56
0
3
38
424
19
24
0
4
297
0
0
54
5
0
0
2
0
0
5418
0
0
0
1173
0
63
0
36
1926
0
0
2
0
22
3
0
20
52
90
379
0
5
53
74
102
225
355
45
0
106
0
76
474
0
203
0
51
1317
0
117
17
0
3
167
3
133
26
0
0
37
0
1
0
0
1
319
0
0
68
132
6
1
0
77
0
121
23
32
3
0
1111
1
664
0
1175
144
0
29
626
0
63
7
7
1
338
0
33
178
1839
4
0
1
0
31
494
0
5
1
538
9
4
0
4
379
0
2096
3
1
86
0
0
0
113
0
31
0
195
0
2
94
0
21
0
8480
3
5
3
0
0
0
60
0
0
0
83
0
7
0
0
421
0
629
40
161
0
0
194
53
0
0
0
0
1
0
183
178
4
0
223
1
0
528
0
448
0
0
261
0
1
33
103
0
495
3
1
0
0
0
0
0
322
0
3
0
4
251
13
0
878
0
1
1
26
25
0
0
0
235
0
6
0
26
6
0
0
26
93
0
27
50
2
75
4
0
925
2751
0
0
1
0
186
0
55
12
26
0
0
4
0
591
59
9
14
0
210
4
11
104
48
26
23
0
29
0
2
200
4
0
85
605
0
192
0
0
11
106
0
4
2
4
63
2
232
0
16
0
0
0
9
566
0
208
0
0
5
105
0
0
82
25
0
241
27
0
42
0
0
44
3
0
50
94
0
0
3
2
1
7
89
1
0
0
5
4
1186
3
38
0
280
0
80
53
365
10
0
19
0
952
28
9
81
0
0
6
2
740
0
0
5
2
5
91
41
377
232
0
0
254
0
24
0
516
2592
1139
0
7
8
238
145
0
0
0
88
15
31
0
115
31
1686
70
211
180
1337
444
0
0
4
0
102
149
2
140
0
7
14
0
4087
0
5
0
7
79
0
1
326
0
19
0
11
0
0
0
402
0
36
0
0
0
1
40
6
0
396
6
78
2
523
0
0
2
8
162
0
1
0
16
127
0
264
252
0
19
2426
20
14
7
1
0
0
190
0
0
0
60
1
7
0
1
41
788
292
0
0
0
0
61
0
7
0
0
2
0
11
15
0
0
0
297
5
0
4
4
216
709
197
1104
0
4
155
0
0
0
75
1014
167
5
0
85
0
0
15
107
2
5
0
0
13
3
0
4
0
0
0
0
7962
4
89
54
0
33
14
564
602
777
0
0
0
375
0
29
80
0
0
3
88
87
4
0
0
77
0
655
120
6
0
33
0
0
74
6
0
11
1
10
10
0
17
1603
70
20
180
37
25
210
1193
1
25
0
1
14
4
387
28
760
1472
0
9
13
13
120
0
7
0
110
95
23
163
30
334
1
0
56
3
3309
11
0
0
0
5
3
12
0
13
13
0
61
0
273
340
28
198
0
42
12
80
58
2868
680
0
0
394
0
37
0
803
2
0
2609
4
0
4
0
0
1
11
0
394
2
9
304
0
0
0
9
1
2
24
0
4
241
0
128
107
4
0
0
1475
19
3627
4
45
0
203
210
4
0
113
45
3
20
0
1
98
0
64
3
0
333
5590
1
35
98
1002
0
3
4247
0
0
1003
364
0
283
26
3398
5
0
0
361
1
119
0
0
560
0
55
0
0
2
2423
1137
13
6
168
6
1289
1157
45
6
2056
0
0
9
0
63
0
0
954
0
0
33
209
107
0
710
7
178
15
13
2
0
135
0
862
308
278
0
0
9
1
1044
5
0
1501
187
0
0
9
3
75
0
635
113
85
287
2
0
1616
545
130
109
0
0
263
425
371
0
0
75
117
0
8
2
0
154
0
10
2
1648
315
0
0
7
1
14
382
120
0
231
13
0
47
220
0
21
543
0
0
28
78
46
0
41
0
253
8
19
2
141
1
0
0
75
359
0
1406
103
0
3
299
143
125
71
16
37
4
105
2
34
24
0
0
0
0
0
0
0
0
2658
516
38
0
0
0
0
881
129
30
27
41
0
789
0
0
0
0
442
307
136
25
0
136
341
241
0
63
66
0
6
0
0
0
3
25
712
148
0
6
88
7
45
2
0
8
12
94
2832
0
2
0
15
77
3
36
3
24
7
5
0
542
3649
1242
0
284
0
13
0
0
3
5
0
462
17
782
130
314
0
189
0
1347
0
749
8
11
76
24
52
264
652
246
1462
6
580
0
16
0
13
278
22
838
59
143
14
24
1
0
23
12
18
57
58
0
187
65
0
584
47
23
750
34
349
181
758
39
494
18
1
6
0
0
2
39
1574
2
27
603
0
147
0
0
50
317
293
0
0
0
0
26
0
37
83
1665
0
7
536
291
3
571
31
0
226
3794
154
38
280
8
0
510
0
1049
113
30
127
100
3
0
0
1
8
0
0
0
44
0
0
0
39
0
11
1
0
14
144
0
1
0
19
0
41
0
0
460
2
0
0
480
41
0
0
183
697
0
134
2
661
100
20
38
706
389
12
37
2
0
0
75
256
13
1
1
0
6
0
5
0
0
0
66
152
21
0
2928
0
2
0
28
0
194
0
0
266
0
163
94
31
0
0
0
337
22
3
25
2
3
124
475
0
0
146
0
281
0
517
1
1727
841
0
0
10
545
0
19
52
0
572
140
3
722
54
0
0
5
0
35
70
526
0
9
0
1
130
0
1519
49
1
0
24
0
5
11
0
152
396
2
986
216
1180
28
97
147
711
1181
9
2
20
2
17
58
0
399
7
0
0
0
12
1
5
3
1
0
10
2
0
0
199
95
0
3
0
26
6
100
2
299
11
4
0
324
9
1357
19
88
4
300
1
122
258
2
124
38
259
0
679
80
950
0
147
55
0
0
0
30
84
16
117
28
15
0
204
250
3
886
966
190
0
1
355
4
0
108
0
53
1
44
1
0
0
0
37
16
3
0
821
526
9
5
374
6
0
214
163
0
0
1
56
3
17
0
0
4121
128
2
34
121
23
0
0
78
12
261
529
9
4
119
13
97
0
0
24
0
0
0
70
3
0
0
63
19
0
46
0
62
0
95
200
0
3
26
0
1352
30
0
0
105
0
1
6
50
825
84
0
0
611
3
0
0
3
290
457
17
0
157
0
0
16
26
52
24
0
705
282
233
3
0
7
6
2
11
37
128
25
7
0
13
0
0
3055
0
0
8
7
550
39
15
2
0
6293
1303
130
125
0
2
0
0
43
0
1
124
175
640
982
0
1229
3
438
0
0
0
5
104
0
0
0
0
0
35
1
121
0
597
1
21
4
50
1
123
6
152
0
0
3
676
146
0
1
0
0
0
17
32
4
83
0
182
3
342
275
6
2
0
0
0
2
49
0
188
1020
0
0
0
2371
10
0
0
6
159
2
10
0
16
41
0
3
136
2
0
3
1
52
1689
0
23
412
7
0
0
75
0
0
0
37
0
0
148
0
10
0
0
287
0
25
6
0
3
3
0
1346
0
0
0
0
911
3
198
0
0
105
107
0
0
297
3
8
2
0
194
0
0
80
1
2
25
67
0
8
0
2805
0
13
0
0
57
0
297
61
3
7
24
24
4
19
10
0
2
3
4
531
26
0
0
0
0
54
99
60
12
0
110
374
972
0
0
1
241
35
1
551
1035
0
2
170
33
0
4
3
1304
7
9
176
26
11
68
0
1
7
0
8
6
31
10
22
0
318
285
342
42
4
175
2
2429
5
4
2
12
132
40
1634
80
0
5
24
504
0
0
189
0
17
6
6
44
257
4
78
5
1
96
367
0
0
851
3
1543
0
3
0
0
47
1
355
0
19
6
0
1
2
2181
650
0
85
315
48
131
1354
695
80
170
5
0
0
0
0
218
0
40
56
285
3
498
187
206
0
0
0
0
3
16
45
19
0
0
155
3
108
120
0
599
0
2
181
241
10
1119
1085
12
19
10
141
0
407
0
0
4
621
0
0
107
0
0
737
0
25
27
0
1000
0
0
0
1176
37
500
417
281
0
600
142
0
468
40
5
92
288
17
106
0
0
19
0
6
690
3
9
12
0
3
0
0
250
27
0
53
57
56
25
379
40
0
0
0
1048
254
55
0
4464
0
5
49
2
6
0
70
0
48
0
15
9
0
18
503
14
37
302
50
1
0
6
1
3
114
219
2
1390
4
5
0
11
4
0
0
13
621
0
8
19
39
1
6
0
87
0
53
12
0
1
311
2
150
466
0
0
199
326
7
0
2631
61
9
7
110
0
467
0
0
0
0
2409
0
0
0
0
468
0
8
12
0
1
15
17
85
32
2
385
80
5
0
18
54
0
47
3
4
62
0
0
0
409
0
14
38
0
279
69
134
285
13
7
233
0
1
1659
0
8
0
0
0
606
25
0
113
0
81
54
17
357
0
26
135
85
198
0
498
4
0
231
1
0
0
875
44
0
78
44
0
0
5
777
3
222
0
0
4
0
19
0
0
31
0
44
259
0
93
2
0
97
45
2218
163
0
0
0
43
13
87
0
52
19
0
0
16
0
0
0
0
10
0
14
32
0
6
0
0
1562
0
4
20
8
0
0
0
261
220
3306
0
0
75
13
5
21
461
54
0
17
23
60
7
0
27
0
4
99
266
1
0
54
0
0
0
13
43
2
0
0
16
0
0
0
11
11
57
67
0
46
124
3
0
1
248
13
0
64
0
0
195
1
3
101
0
1520
0
66
7
16
4
0
2
0
4
0
4
1
0
4
4479
23
110
5
2
0
20
106
88
5462
0
4
12
1
0
225
68
1
1007
9
189
11
0
117
0
0
179
0
0
3
0
2
139
2
499
0
0
861
18
0
1454
0
0
318
198
18
0
4
801
0
504
1341
10
9
2
1756
151
67
0
142
37
3
0
4
2
33
5661
497
0
1226
0
74
96
0
0
41
0
195
242
52
0
193
145
280
30
45
880
193
3
1
196
329
0
68
0
0
0
153
47
120
17
52
4
32
0
3
8
0
0
0
0
121
0
571
0
202
0
12
0
53
3136
7
154
9
32
29
0
41
74
12
23
28
262
0
0
0
0
0
125
0
0
5
0
37
85
13
50
1036
0
0
0
1
0
0
194
0
0
0
21
0
228
1
0
0
9
0
41
63
0
0
0
269
288
0
0
0
0
25
0
1
60
42
0
56
9
822
57
0
2
0
0
405
0
0
26
0
10
0
102
0
40
0
3
0
50
71
92
2
0
0
3
20
0
196
3
66
62
73
705
2
0
0
0
8
4
9
1
0
0
63
66
0
0
1
204
0
30
6
107
191
3
14
37
2
0
10
10
2
0
0
2
3
0
16
2
50
7
2
550
159
96
42
31
0
464
77
0
146
24
200
70
62
0
1
14
15
0
0
2055
2
2
49
0
0
0
125
77
2
3
63
0
4
0
29
0
0
1
133
0
0
0
0
0
0
355
0
961
18
0
51
602
0
13
18
56
0
49
3
0
0
4
85
54
4
0
680
1
0
0
0
0
12
0
2
186
25
0
0
0
6
15
181
0
1
0
7
0
0
34
428
44
0
7
0
0
0
0
10
9
57
0
20
26
25
0
0
117
108
0
0
0
0
0
0
24
0
0
0
72
0
0
2
1673
0
117
6
2
62
0
5
0
0
158
205
10
0
0
0
5
21
0
26
1
11
388
13
181
2
16
9
586
1056
1
0
0
20
151
7
14
0
1835
0
0
0
5
88
0
18
0
2
192
0
201
18
2
0
6
0
526
7
10
591
32
0
0
24
0
11
41
132
0
2
27
0
699
14
0
0
1
0
13
0
0
5
56
279
0
0
68
3
0
96
0
11
235
0
0
0
299
5234
0
0
0
0
29
0
22
0
69
185
20
1692
0
20
0
9
303
88
36
36
31
3006
613
0
0
0
3
30
61
0
0
12
0
406
7
428
0
26
0
0
0
447
132
0
39
195
2
0
994
77
54
0
114
15
18
0
0
24
15
0
0
952
16
2
3
26
0
26
88
20
0
0
0
305
302
31
0
0
33
0
56
0
4
0
33
144
0
0
0
0
1
0
0
0
977
0
30
0
7
19
0
1
0
5
112
87
0
1
0
39
0
97
92
0
377
214
4
0
7
0
5
0
15
17
2
1
5
1113
10
0
295
0
0
62
3
0
17
76
10
0
419
20
161
0
31
2
9
36
120
0
0
0
0
0
39
0
17
0
2
34
56
9
0
0
0
0
20
318
212
3
0
0
292
113
0
38
193
244
228
0
16
54
56
0
11
96
12
1241
0
77
3
0
3
0
0
13
0
7
2
250
4
0
0
0
24
239
0
349
0
97
1075
80
0
1
8
8
2
178
0
0
0
67
2
32
0
40
1
63
4
0
0
573
29
143
1
1
1
538
2
56
2
0
14
101
0
74
0
1140
0
27
9
0
0
26
0
57
663
0
0
0
278
0
24
146
0
2
0
0
0
0
3
134
1318
474
18
0
86
62
69
267
0
16
0
0
0
737
0
46
0
217
0
59
112
0
0
0
27
366
161
37
8
39
0
29
2863
2
89
19
2
57
12
40
27
0
0
10
1535
2
1
514
74
0
877
0
5
15
0
67
8
285
34
1
344
0
3
0
3
839
2
57
6
82
4
13
0
0
0
4
60
20
0
10
103
0
0
64
925
0
0
182
0
0
0
3
0
0
181
0
967
4
1
1
0
20
5
0
0
468
16
585
288
16
278
1
83
2
851
0
0
561
46
0
0
2
245
2
23
19
221
0
11
0
7
0
170
0
0
9
0
0
126
0
1
0
111
70
1
105
26
1
18
1
0
66
0
154
138
268
0
0
11
1047
2
10
3
0
266
22
0
0
1428
158
12
1
0
0
21
0
0
208
2
6
0
130
0
24
0
4
0
0
94
0
21
6
772
0
0
20
0
6
11723
6
99
1
0
0
0
35
160
56
0
287
2
277
0
0
138
0
0
71
10
113
0
3
14
1344
544
67
0
2963
0
164
79
0
45
0
15
9
213
55
42
205
0
0
3
64
0
0
133
2
0
0
38
46
30
0
833
18
180
0
531
89
4
219
518
41
0
0
21
0
0
1944
21
135
83
0
0
2
2
19
0
0
22
45
219
259
0
24
3
0
142
25
15
21
0
374
2
1004
0
48
0
16
0
73
118
105
3
192
45
2
16
1
3
0
0
66
169
87
0
27
0
33
4
0
0
2
288
0
12
33
0
6
601
0
648
1234
0
0
712
6
0
109
12
11
306
0
138
0
14
151
3
0
114
0
93
29
2
6
35
5
748
7
0
0
27
169
2
0
0
3
6
190
122
3
0
18
241
300
5
66
630
257
0
0
0
169
63
2
0
157
35
222
4
5
0
22
0
1075
758
0
0
34
0
109
0
0
0
0
0
136
28
0
3
0
0
0
24
466
4
0
25
0
22
0
105
0
0
133
0
15
0
238
9
0
0
108
0
473
353
46
413
80
0
279
0
0
102
0
48
0
0
129
0
0
0
0
0
0
1817
0
0
0
13
2501
0
558
0
49
0
0
29
38
58
115
107
0
186
22
4
0
17
277
79
22
9
0
21
7
3
1
0
331
215
181
73
1287
635
2
36
0
0
0
224
49
0
185
813
773
83
1
11
78
699
5
31
16
395
0
204
0
376
56
143
0
5
2
3
851
12
70
31
49
19
387
19
57
0
19
0
1
0
0
5
65
122
0
2
165
0
0
0
231
0
9
76
1720
95
0
398
0
1
9
0
188
0
0
0
2
163
0
6
0
4
84
16
20
0
2
0
147
0
67
2
6
0
14
30
0
60
0
63
0
4
4
5989
41
7
2
0
47
78
285
17
625
0
0
1354
0
0
742
0
0
0
9
702
160
0
7
1725
219
0
2
0
0
0
16
3093
0
0
25
8
0
588
0
0
0
1369
27
321
0
127
2
1314
0
30
1
0
0
0
14
2
7
0
0
392
15
0
1081
0
2
1
3
0
0
942
8
3
0
1
29
0
1
166
374
3
87
4
5
33
114
1220
27
0
0
2664
94
0
552
2688
0
673
814
13
0
0
0
0
23
123
1
0
3
0
0
3
0
0
3
8
38
60
10
0
90
0
814
19
0
14
2
35
55
3
0
632
5
0
7
0
2
0
0
40
344
295
0
9
194
150
62
45330
128
35
42
1426
932
0
25
14
0
79
0
0
78
0
1020
2278
1
0
0
69
296
59
174
364
15
0
0
0
641
559
0
3
37
0
0
5
1306
28
87
2
0
0
180
0
19
456
57
0
59
0
0
14
242
0
13
131
856
4
6
839
269
0
0
2677
0
3
123
0
11
0
0
10
0
0
7
295
19
153
0
352
195
0
0
35
364
148
5
38
0
0
22
0
527
55
231
26
1
1
2
0
35
0
0
0
113
2428
467
703
0
41
13
0
147
0
19
0
2
45
421
162
0
27
244
6
429
0
2
69
0
0
0
0
0
576
80
41
7
0
871
8
3
2
101
11
46
528
3
0
92
4
0
156
0
24
0
4
0
22
0
39
105
0
432
0
0
0
19
0
71
4
954
0
42
923
0
0
0
15
0
17
779
20
0
0
2
1
70
3
77
26
0
0
5736
187
0
0
0
0
1564
0
0
0
166
0
10
26
115
1
3
0
356
0
0
12
10
0
71
0
14
0
637
35
0
1415
78
0
168
0
28
0
0
262
0
2
2966
40
0
0
0
106
208
0
30
13
1
716
0
154
7
8
0
9
0
0
10
0
4
106
3
1
14
0
25
1
0
375
1
0
2
3
11
3
4
0
0
0
0
4
2
0
0
71
8
88
152
0
0
45
0
99
0
2
0
41
0
10
0
0
207
3
61
51
5
4
15
3
309
0
0
215
0
566
1
531
1329
0
7
13
3
0
84
3
142
10
0
4
130
0
536
0
2
48
9
401
35
903
298
0
83
0
264
235
0
3
193
14
12
7
423
2
0
55
16
611
76
505
0
3411
57
376
0
2
297
0
108
105
9
0
1
0
168
39
42
0
0
1
192
2
0
7
379
2
0
0
0
418
144
66
133
91
3
3
3
26
0
0
7
11
0
29
542
0
137
0
3
0
915
0
13
0
417
0
194
0
6
22
509
0
1
1
25
4
20
12
58
0
306
2
195
0
0
0
1
44
0
241
0
122
0
61
0
0
0
0
0
4
0
0
220
19
150
0
0
85
41
0
1
36
0
0
70
38
236
599
2
93
2
462
0
100
0
9
1386
56
1
107
0
340
20
2
253
1290
10
1903
0
258
18
0
7
1
12
29
0
0
8282
0
671
0
67
0
163
0
428
254
178
1
34
445
0
541
0
0
0
159
2
0
4
14
0
0
107
0
22
0
2114
0
0
4
0
7
139
0
0
418
8
44
0
20
6
0
1601
0
0
89
308
3
530
0
5
0
0
51
2511
1115
0
0
0
0
105
3
1
3
385
467
15
0
65
0
16
9
0
228
0
300
302
0
0
0
111
313
0
1
0
1
75
0
2
3
0
0
0
0
2
56
0
0
12
16
11
3
8
7
0
0
0
186
1
0
0
0
16
87
209
1856
107
13
357
2
2
1
10
0
0
0
0
30
0
66
1
0
1
0
2
0
1
1
3
0
134
3
10
0
1
38
2
8
5
881
334
367
8
19
56
0
3
10
0
115
6
7
5
0
14
0
0
3
0
0
882
6
2
3
0
2
47
0
845
37
24
585
0
0
91
0
728
6
0
0
0
3
13
56
0
116
301
263
649
0
0
0
0
0
3
54
0
228
169
0
54
0
47
931
0
38
35
64
8
30
178
5
63
2691
911
0
5
6
53
0
2
0
194
2985
3
1
4
1703
0
0
0
7
9
89
391
386
1080
370
3
0
36
0
816
1
0
73
454
0
1
0
211
864
3
800
241
0
487
0
0
5
387
192
177
37
0
428
41
147
0
236
246
1260
0
0
13
0
18
0
0
356
2
0
7
45
930
0
44
226
68
2
2
0
97
7
50
0
0
0
18
283
4
0
6
0
2
0
0
0
138
72
237
197
404
0
139
0
0
48
567
184
52
0
187
11
0
4
14
202
6
1397
11
0
201
0
0
44
0
3
0
0
0
0
99
3
0
0
24
0
0
421
0
1201
0
0
2
0
28
0
3
0
765
0
16
0
8
0
1
251
0
0
0
0
61
8
0
9
65
0
0
441
0
31
0
83
6
0
0
19
150
52
299
777
0
0
79
0
0
10
288
3
2
408
0
27
0
0
0
2
135
130
150
1138
8
0
0
28
107
9
37
3
8
70
0
25
0
77
4
512
0
1
176
0
0
16
1
71
221
0
227
2
0
172
3
821
16
8
295
0
1739
2081
0
0
16
0
3
2
0
841
0
263
2902
190
38
13
179
0
12
0
13
32
1
0
2
197
203
76
66
0
516
448
5
30
3
2356
0
0
0
329
1
84
52
430
0
14
0
245
512
0
5
1086
9
35
0
3
1200
1
1
382
11
461
117
0
183
0
31
155
772
8
1
6
420
0
0
18
0
0
0
359
0
1496
4
0
883
0
0
12
13
100
52
130
831
0
0
41
65
0
0
0
40
0
34
49
0
0
135
0
5
30
1
520
778
0
145
12
56
4
2
0
28
0
26
0
0
0
2
61
0
292
10
7
0
570
0
2
0
0
75
2
894
0
88
82
120
0
0
0
7
0
0
0
0
239
0
8
0
19
126
0
9
10
24
0
20
0
3
39
15
17
153
0
1139
121
308
0
0
279
16
18
163
0
570
28
0
0
54
17
0
127
38
84
14
0
0
1
632
205
61
4
1798
14
2
143
21
8
0
29
30
753
330
141
1769
658
0
55
39
1
461
94
4
0
0
82
248
0
0
262
132
0
179
0
1636
0
0
15
0
0
154
73
789
0
112
0
46
1
83
0
0
12
616
68
17
90
193
34
0
0
0
55
11
0
55
1
125
665
0
76
0
24
4
972
866
110
12
82
0
282
0
86
1
3
7
2
0
14
3
29
18
616
188
0
0
155
96
13
0
0
0
58
334
0
72
3
53
0
1348
58
15
7
0
0
0
62
53
0
46
136
63
9
2
0
2490
0
17
282
0
310
0
37
2
0
0
101
0
85
4
106
42
460
30
0
0
7
467
0
9
1414
0
13
3
0
0
0
18
0
11
48
4
1
2
13
18
35
0
0
62
3
0
145
26
912
685
2
0
0
23
34
0
1039
392
9
79
252
2
0
29
41
0
0
32
472
4
542
0
101
878
63
0
9
206
188
639
5
5
2
112
75
0
57
198
266
9
0
13
0
9
0
0
8
2
4
5
371
280
117
4
488
11
121
2
394
223
0
19
2
32
190
159
223
0
1
16
297
264
3
0
363
23
0
0
2
1
822
3
0
28
2900
0
0
0
8
49
0
1158
6
0
0
30
58
72
0
165
234
0
0
511
0
4
6
127
4
5
7
4
39
0
6
47
0
0
32
0
27
174
0
14
0
3
0
0
335
0
16
404
285
0
2
3
33
12
4
28
1240
2
388
89
51
528
0
451
38
0
7978
51
47
0
3
3
0
141
8
10
191
24
0
29
0
0
0
70
2
17
51
17
308
536
3490
267
18
2138
0
6
0
668
35
0
5
357
0
29
171
5
146
24
0
4
86
113
2
0
0
432
5
14
118
2510
1
0
1
0
6
1
9
73
0
10
266
138
0
0
1
0
49
2
45
0
0
582
288
0
0
492
70
0
0
10
0
1
84
0
0
69
0
19
5
73
155
311
0
0
0
0
5
51
0
0
225
0
221
2
5
2
0
0
1
0
17
0
163
12
86
306
4
0
1050
18
0
0
14
0
9
0
11
292
25
0
1
30
1
2
1952
589
0
195
202
1
115
0
152
18
130
39
87
0
118
2
0
1
0
168
0
0
57
81
0
6
0
49
467
9
1
0
0
26
0
0
0
7
4
81
1
0
151
286
0
0
3
0
0
0
3178
52
0
386
103
32
0
2
39
111
8
0
2
145
35
0
0
12
11
0
0
0
143
4
0
106
0
0
5
0
0
0
0
82
47
20
3
0
0
0
427
1
0
740
158
0
17
0
163
30
0
0
199
0
123
4
0
19
0
0
280
10
1
0
0
7
1704
3
0
5
0
0
3
39
361
4
249
23
0
19
107
0
0
290
221
0
20
0
146
1498
5
878
1
10
17
0
0
0
44
0
747
0
1
542
1
0
5
0
180
295
0
0
0
0
17
0
37
0
173
235
57
11
240
4
310
3
0
2781
0
9
0
6
0
33
45
742
0
0
208
2
20
0
32
0
0
0
13
0
1
0
2
32
4
74
0
352
58
302
0
138
11
0
31
0
0
224
0
0
294
0
0
1
0
6
0
0
2
3
0
44
2
22
0
91
20
42
0
34
1
0
24
0
7
4
158
1187
0
1
0
2
0
1
6
10
0
65
96
0
70
0
19
192
0
607
0
43
0
60
0
0
0
128
5
0
1
0
0
11
0
0
0
7
6
1
0
40
0
26
0
88
0
0
0
0
0
26
384
0
707
191
0
1
0
1
2945
71
56
13
0
0
252
1792
5
2
2
0
0
46
7
5
9060
3
13
0
550
0
2396
43
529
371
0
93
41
19
209
1
4
60
71
59
763
87
0
1
0
5
2075
0
8
3
136
0
0
3
0
2
1
0
3
2
2
0
0
0
0
2
91
136
0
178
362
1675
77
23
2
179
4
0
27
4
0
0
0
0
0
104
0
14
0
27
0
27
0
0
87
107
0
0
9
0
0
0
0
6
41
111
778
0
319
214
12
0
125
0
1
0
0
0
340
20
29
0
6
0
4
54
0
3
18
345
0
127
0
110
170
0
105
39
80
77
3
0
2
0
0
0
2
0
9
0
0
1
75
24
0
0
0
0
3
1011
0
1
116
69
2
51
0
54
493
3
13
247
785
353
6
35
0
0
1
89
6
101
470
0
0
20
702
0
0
0
0
0
18
0
1
2205
0
6
2
237
0
3
1
17
167
0
5
751
152
322
138
1
78
0
1
0
14
88
93
0
0
65
5541
602
6
0
165
23
84
0
0
1581
0
33
0
3364
0
0
70
433
41
0
518
0
28
717
0
0
0
21
0
0
109
21
0
0
33
1
0
2
0
126
59
445
146
4
2
0
0
0
30
1569
13
0
0
68
26
0
8
283
16
0
20
1
0
3
0
6
0
701
0
2
5
0
36
4
0
470
0
5
0
0
0
8
0
0
0
0
94
175
21
292
0
82
3
90
65
17
102
0
150
578
1
0
0
14
911
13
5
11
195
196
1618
0
0
0
0
0
14
123
0
0
16
2
246
0
349
0
44
2
53
49
0
0
163
10
4
3
0
54
0
36
180
0
458
3
1674
0
0
186
1
22
0
0
32
0
0
380
23
3
59
11
1
1877
16
1
1
476
0
4
9
58
0
47
51
0
0
684
0
157
0
22
6
8
34
133
183
163
0
326
2
479
230
432
0
1
30
26
353
0
0
1
1808
0
47
2
5
23
872
0
44
1
191
0
515
0
353
0
44
36
4
0
3502
0
6
0
3321
1
0
9
0
0
0
0
2
159
7
2
0
44
1
21
187
0
45
1060
103
0
78
160
37
0
1
0
26
2815
9
0
1169
0
2
24
0
0
0
23
541
0
1
1
0
0
46
33
0
57
0
0
16
129
789
18
0
389
582
0
173
41
2
64
764
161
0
0
43
9
894
18
0
244
0
814
141
0
10
5
0
5094
42
19
26
2
13
0
0
37
21
174
0
1
127
18
59
0
0
52
310
0
8
392
9
0
0
1
0
0
288
372
0
1076
0
2
2
0
0
166
6
7
169
0
310
45
823
419
0
0
2
10
62
137
13
165
0
184
0
0
14
43
143
0
0
29
0
1
55
0
1
0
0
0
0
142
0
0
0
0
0
30
31
0
7
0
0
159
0
275
0
155
9
23
680
13
0
309
2
0
0
8
0
1640
0
12
0
0
22
278
0
206
0
10
2
0
1
0
10
0
0
0
2
31
0
7
0
72
0
0
17
58
3
13
543
0
2670
84
0
0
0
1215
0
70
260
0
0
0
45
0
0
1
0
0
18
0
5
0
0
1
0
59
2
8
7
0
1169
0
97
2
270
213
0
0
0
150
3238
288
0
0
33
30
26
0
28
6
3
0
40
0
57
0
308
65
264
0
26
0
0
3
4
671
0
24
8
0
4
0
5
0
13
44
35
40
11
12
161
0
38
2
155
10
65
0
0
3
105
0
0
522
4
1
1
69
333
80
2
0
0
1790
32
3
0
296
66
2
245
41
43
7
8
642
30
0
0
7
109
2
97
49
0
2
11
262
3
7
2
71
0
0
0
0
177
112
790
0
24
0
19
7
0
0
1673
0
305
3693
225
0
0
159
1605
0
15
21
0
46
0
302
1571
11
700
0
1156
302
0
89
2
239
98
20
4
2
0
7
8
0
30
3
0
0
4
166
115
70
2
272
175
375
16
0
60
4
37
13
384
0
5
37
210
10
0
0
14
459
0
2
1
0
0
48
0
0
3
4
0
0
0
0
0
0
88
0
0
0
2
0
0
7
53
12
1136
0
37
0
0
8
3
73
0
3
1643
2
0
0
0
2
43
4
0
913
0
23
350
0
110
43
2
21
3
2
13
0
23
13
1
0
422
230
4
705
310
430
0
0
0
0
0
37
0
0
1
4
0
0
22
0
492
212
0
1705
0
1
2
0
0
107
36
2
70
326
0
0
33
4
89
0
23
6
0
0
0
0
0
0
270
1035
706
154
0
22
1174
286
23
0
0
284
21
6
87
300
0
92
23
1
55
0
720
0
3
0
0
0
280
263
62
62
0
0
2
0
40
61
4
0
3
6
152
5
0
1
0
2
0
0
4
5
0
0
45
0
0
0
0
0
2
1
0
38
1
0
0
181
4
26
43
2
0
292
74
7
23
59
0
0
12
0
0
2
12
0
506
0
2
8
5
0
97
0
0
0
9
0
0
7
15
3
0
459
0
14
42
0
9
113
0
0
0
0
0
0
11
132
0
0
21
1
20
1
0
0
0
153
19
0
116
0
0
533
0
956
91
134
0
3
99
4
120
1
0
24
149
1
362
15
27
1
0
3
0
71
0
0
0
0
7
5
27
0
68
0
0
1
74
9
0
0
31
7
21
2
0
77
39
20
51
274
2
0
0
0
2
1
295
3
95
264
0
0
112
105
0
231
5
100
72
3
0
5
126
0
0
1
17
0
2135
0
168
0
0
0
0
7
0
5
60
0
33
7
43
1
56
0
0
0
24
573
89
0
0
0
6
73
0
57
1622
2
105
39
10
0
0
2
4
0
34
2
29
42
5
91
62
0
9
2
0
2
0
0
38
111
5
1
71
319
0
0
0
818
69
52
0
0
7
0
0
3287
24
282
16
15
0
0
28
58
8
21
0
0
5
0
0
360
14948
0
0
0
44
82
83
0
1
0
3
0
0
9
6
5
72
21
14
2
0
0
309
17
0
28
0
42
25
14
20
0
6
27
126
0
0
43
4
994
0
75
988
5078
33
251
12
0
117
23
497
0
9
35
0
28
385
202
293
44
0
0
4878
24
0
58
2
6
0
0
0
0
63
0
48
63
0
0
1
5625
0
0
197
99
1
46
0
648
5
0
1
24
0
1
0
23
279
0
0
0
42
0
2661
1
9
1238
0
86
63
0
1012
406
4
4
3
0
0
122
0
86
8
22
119
9
321
0
0
28
1
0
24
3
83
229
0
29
823
0
22
3
84
0
2
12
61
0
90
0
0
0
3
127
0
0
8
1
2
625
105
4
79
0
560
495
176
0
0
2
58
60
0
6
12
2
63
8
0
13
4
1
12
1
0
69
1
0
0
17
17
0
17
69
56
0
9
0
0
16
8
6
0
14
1
35
1
0
0
14
108
0
0
38
6
24
20
428
0
7
0
3
248
123
62
14
0
262
39
33
316
70
0
0
5
29
95
13
25
1
3
3525
1546
0
0
64
12
47
61
0
0
0
0
0
0
70
0
0
0
0
0
4
0
305
13
193
18
33
185
3
0
0
219
0
0
26
1
113
0
4
0
47
0
0
0
201
246
0
123
0
178
0
144
155
9
0
0
0
0
0
27
0
0
55
1
0
0
1
0
0
0
0
0
0
12
17
0
319
286
67
0
0
190
0
19
8
3
82
127
8
0
162
0
274
0
128
27
0
114
0
89
7
2
101
45
6
11
245
1342
0
978
33
0
0
3
1325
158
1
47
0
31
0
0
0
5
2770
0
0
129
3
125
0
78
0
13
0
111
0
931
0
2
0
9
1
163
197
0
156
0
0
10
21
2
0
1257
3
1
23
87
77
10
742
173
293
1131
1289
16
0
7
21
55
15
1
0
0
54
0
72
0
0
0
9
85
1
0
0
3
0
3
29
2035
243
1
80
14
0
70
1259
48
54
0
7
66
62
0
1
4
561
0
0
0
1
0
0
223
0
0
77
0
19
352
11
0
106
636
1
875
3
21
10
44
0
656
38
0
16
45
14
248
0
33
0
0
4
117
3
3
234
178
0
1376
4
88
3
133
114
0
273
97
0
0
670
0
125
2
94
0
0
5
14
4
247
201
29
690
1
588
8
5
729
186
0
0
0
2
92
1760
1
337
63
0
21
3
0
0
411
3
29
0
0
4
123
0
26
0
200
0
35
0
67
0
0
2
0
3
3
75
25
0
347
874
0
58
439
0
168
0
0
0
0
3
45
32
82
2142
73
0
38
60
404
0
0
0
0
0
53
1494
3
0
42
210
180
0
100
0
10
5
15
55
0
36
5839
0
0
0
3
0
729
0
0
0
4
0
0
0
0
489
0
61
118
1
57
4
19
11
4654
4
31
0
0
125
0
0
306
0
0
450
0
3
0
5
0
0
314
97
0
0
0
105
20
0
0
0
8
735
2
1
0
0
0
0
1
75
0
0
4
1842
1692
0
23
15
0
117
7
285
30
204
33
0
52
302
0
883
261
0
97
0
0
4392
16
0
163
0
0
5
0
614
5
525
2678
0
0
0
0
1
0
23
9
164
12316
370
0
7
0
0
0
0
35
0
70
10
117
175
1048
1660
1
4
69
4
9
2
483
1134
2
19
1
0
41
2
37
0
6
3
140
23
0
94
10
4
0
4
173
0
0
0
11
0
0
7
354
0
81
29
0
19
102
0
4
5
0
1421
3
143
34
0
4
0
0
0
1272
174
491
53
0
3
2218
553
0
0
1203
0
0
0
24
0
0
0
165
90
53
84
3
309
5
0
14
6
665
83
38
19
0
2
0
0
55
2
250
16
0
25
0
0
2
0
0
3222
2
51
100
4
28
0
0
226
117
10
0
0
0
0
0
167
221
0
0
6
0
2
10
0
430
190
0
0
140
1160
75
12
29
0
0
28
0
1
4
0
58
2
0
50
10
0
347
0
42
17
132
160
0
0
40
156
252
56
3
0
0
0
1136
606
2621
0
0
5
53
11
10
0
2
1262
0
0
10
4
1
0
0
0
4
9
0
5
0
137
0
26
12
0
23
0
334
1407
0
0
0
0
6
0
0
1
104
1057
52
1
2
0
151
0
50
1063
123
36
0
39
23
7
12
7
0
0
0
0
7
0
43
0
16
152
0
78
88
2
0
0
0
3
1
0
2
267
3
2
0
0
0
0
0
4
95
28
167
799
0
2
222
1167
0
0
15
0
679
1
14
24
304
0
122
0
1
2
481
4
0
0
6
0
2
52
184
0
62
80
522
0
0
36
204
71
1
17
2649
0
156
0
233
1339
130
0
24
12
0
1
1094
381
13
0
324
8
78
0
0
2
0
0
0
651
44
197
543
17
43
320
0
55
199
137
0
0
71
0
21
0
1
4193
0
42
22
0
135
40
4
3
3
77
0
314
0
51
0
280
134
244
0
50
0
0
0
0
8
0
626
12
0
0
0
0
2
28
0
248
0
9
2
3
3
0
12
0
0
24
1
187
106
0
132
5
130
117
0
70
38
0
269
33
150
3
883
1
105
0
42
68
1
0
251
0
1117
58
223
66
11
0
1
0
0
0
33
3
0
5
85
0
693
243
0
0
666
0
0
0
9
2
0
0
2
0
2
5
0
25
0
191
23
179
0
0
0
0
153
1
7
0
178
0
269
28
0
0
540
0
0
13
0
0
0
22
0
142
0
139
1096
0
450
0
55
2
15
0
118
905
123
137
135
134
160
13
121
0
45
0
301
0
477
57
0
163
0
372
369
3
140
0
153
1
0
796
65
23
0
72
5
0
76
35
0
0
0
0
0
63
0
150
1
189
188
0
4
552
432
0
0
388
0
24
0
43
0
0
199
67
29
4015
397
103
81
0
0
10
0
8
0
167
0
33
79
158
721
2
17
186
41
0
33
53
0
0
208
144
0
71
93
0
4
1
0
6
19
0
0
27
113
49
0
971
2274
875
4
398
863
0
124
2
77
475
30
36
96
131
2
139
0
0
23
211
0
0
0
113
147
0
0
0
406
13
1979
114
35
84
43
0
0
1494
310
87
3
0
2
75
69
0
201
10
0
72
328
1
256
73
0
0
0
29
483
152
130
0
0
545
0
4
0
0
0
21
1808
0
2
0
3
1
25
0
0
220
3
0
0
761
10
0
9
113
79
819
220
0
0
0
0
38
34
0
4
2
0
5
0
73
0
0
118
6
0
8
59
0
27
0
1
0
0
138
0
10
0
16
0
230
71
0
44
0
0
28
16
1178
11
110
0
130
71
0
0
0
38
8
16
0
299
141
10
137
5
1
0
121
0
40
958
0
0
0
0
0
0
19
8508
32
0
124
1
58
2
4
0
6
14
4
0
0
0
148
18
28
0
80
79
33
2
930
0
0
2
68
11
1486
363
2
0
0
2
5
3506
0
0
11
1894
77
0
0
1
2
0
0
3
229
77
0
24
0
0
52
0
14
0
0
20
118
3
7
35
30
1
442
65
0
379
58
0
2
215
2
5
0
58
0
770
0
0
0
0
8
3
0
780
0
0
895
9
0
3
59
0
0
0
2
0
17
0
41
4
0
119
2020
0
0
450
0
0
3541
135
404
190
9
0
2
1
0
224
0
246
163
0
97
7
0
87
1058
1461
2
0
18
3
0
8
7
114
3
0
0
0
1077
351
71
324
41
2
249
104
0
0
4
12
0
0
239
0
60
0
18
1
423
0
0
8
0
0
0
2
2
57
2
0
47
0
18
0
0
1948
30
0
20
0
0
8
51
0
0
4
0
1
1
0
2
1
230
208
469
9
13
149
5
0
0
0
2
0
17
169
3
4
0
18
171
53
0
655
24
2
376
117
0
386
29
0
2
0
9
0
0
30
50
4
42
0
7
0
65
3
21
0
0
0
0
59
0
15
588
481
10
0
0
0
0
37
1
1
874
1076
5
0
0
0
18
10
0
0
1221
9
0
458
97
0
115
0
0
29
2
240
340
1
0
55
0
3
6
0
0
0
123
0
0
18
89
0
13
9
0
168
0
287
2
3
20
38
198
17
0
0
253
53
1175
25
489
6
596
0
373
13
0
55
0
45
11
1542
1374
0
9
28
24
0
0
1537
0
0
190
15
18
0
16
1
0
0
24
0
0
18
68
430
0
0
90
181
120
1
100
0
0
0
4
0
0
0
7
82
0
9
0
16
18
0
0
4
0
559
0
0
20
144
617
38
22
109
147
2
64
35
155
15
2
39
299
87
0
68
0
28
615
42
320
0
0
8
0
12
85
35
0
15409
94
0
3842
84
2
4
55
209
0
344
0
3
0
60
0
0
0
3
223
4
0
0
9
0
80
2
0
0
175
0
0
248
6
72
0
33
0
0
9
0
5
0
269
2
0
35
0
9
16
0
24
0
44
90
0
2
0
88
0
677
46
55
364
152
35
0
1
0
0
40
0
5
6
15
137
0
0
751
0
0
144
0
1123
5
198
3
34
792
28
0
0
0
98
1075
0
0
0
0
1
0
0
0
0
0
98
104
12
0
22
24
172
175
0
750
474
0
17
209
385
0
70
2
93
1386
0
17
0
0
0
5
133
41
52
2
0
2
43
0
3
12
0
17
3
5
122
0
0
0
0
0
9
0
0
43
1
270
127
0
0
459
24
0
38
0
41
0
0
0
5
0
0
0
65
0
11
0
1512
725
0
0
1275
0
17
244
614
16
0
12
99
0
0
0
0
0
199
761
1
72
17
89
69
0
654
29
8
23
0
2
7
2
11
1694
0
61
2235
0
0
0
1
0
1169
125
1
0
4
1086
0
369
0
187
215
38
1134
10
0
79
0
52
0
0
2
827
0
0
234
37
0
14
4
38
14
0
5
0
11
0
7
747
1211
43
0
0
151
13
0
237
42
4
0
0
0
0
0
7
482
0
123
10
0
459
40
0
0
0
508
1
14
54
257
9
0
0
18
1
631
0
1
2
370
14
0
4
0
264
3
387
0
0
93
0
0
0
0
0
1180
0
0
4
12
105
0
37
0
0
0
0
70
9
0
4
0
0
7
593
146
0
3
6
0
61
0
0
3
0
349
155
349
15
41
57
0
0
40
4
255
206
1
0
134
41
83
35
839
12
1071
0
670
187
5
0
0
0
0
35
41
122
180
0
136
4
4087
0
0
0
36
15
42
143
0
0
0
0
0
419
171
0
3
1
0
0
605
295
87
13
1296
0
0
0
221
13
0
5
26
282
9
62
43
5
0
0
2
0
633
305
239
70
1956
0
0
49
264
64
0
0
72
574
62
4
3
3
8
0
2
471
0
821
0
0
36
912
5
147
0
0
15
8
125
0
0
34
3
3521
0
9
151
0
0
68
49
12
4
5
16
0
3
12
0
2
0
0
4
3
0
5
19
0
0
154
1
277
12
0
1
491
0
0
0
296
6
0
1
351
295
18
93
341
155
5
0
67
78
1
33
588
0
1
4
492
6
12
1
1
0
3
1
3162
31
105
52
267
16
0
0
0
0
0
766
6
70
0
295
0
1
85
0
236
0
42
16
1
0
0
3
1
0
0
0
2
21
0
19
0
7
0
21
93
0
15
13
0
0
0
1
0
0
19
0
26
434
0
0
0
434
0
0
3
0
0
25
0
0
40
135
1
2366
286
66
9
2
162
0
204
0
0
0
625
49
98
0
0
5
0
74
0
0
6
948
1
0
7
34
8
391
0
0
486
195
17
0
5
20
87
0
0
0
1282
153
0
0
24
0
0
2
0
2
650
2
182
2577
384
480
19
0
0
48
41
90
0
0
0
3243
302
929
213
0
0
153
166
98
40
56
0
0
8
162
596
0
1
147
564
0
263
1092
0
0
0
52
0
0
480
103
343
225
38
0
0
51
941
30
0
14
255
3
0
27
1
145
223
0
0
33
80
0
6
32
3
195
5
5
252
80
16
0
481
0
0
5
69
9
0
5
768
0
230
0
41
563
0
0
48
0
0
581
0
0
0
6
103
0
569
0
68
0
0
0
0
825
35
41
107
501
37
105
6
122
0
9
20
28
72
3
89
9
417
11
45
235
1406
198
0
206
0
125
84
454
101
1
0
0
124
42
49
0
16
915
143
310
4
67
23
0
0
0
0
17
1202
0
47
212
83
554
0
22
3
2
0
9
156
5
70
0
928
9
0
0
0
66
149
0
0
0
106
0
3
0
1251
104
27
54
4
2
0
0
103
4
274
175
0
0
0
25
2
0
0
250
3
3
105
7
0
46
0
6
0
63
131
1
54
124
0
298
0
31
32
246
0
362
1
19
0
0
56
11
0
50
36
396
163
0
0
0
4
0
40
0
614
0
115
4
2
851
22
81
0
0
71
0
16
93
200
35
19
115
1276
0
512
2
0
112
1012
7
6
0
0
7
4
19
362
0
0
4
26
4
0
29
9
11
108
0
32
0
0
6
0
0
2
161
3
0
659
0
0
26
309
0
0
0
9
552
2
165
10
28
0
19
3
1387
0
0
0
0
153
0
662
0
9
21
0
3393
3
0
68
72
0
0
3
0
275
243
60
157
6
0
0
37
17
1
2
0
1
3
0
89
0
0
0
41
0
3
0
8
10
0
0
175
21
28
9
0
3519
113
78
7
179
95
6
429
9
1168
0
0
1097
1708
414
371
44
0
0
0
18
0
1390
0
0
0
79
0
0
6
17
0
0
0
31
0
1
0
0
96
0
2
540
0
0
0
0
0
0
320
10
0
142
35
9
1
4
0
0
217
11
347
0
0
0
3
0
0
0
381
55
0
0
229
20
619
0
23
1358
95
0
0
133
0
38
0
0
12
0
0
206
89
0
6
23
1367
24
0
289
0
0
43
11
0
6
0
0
0
0
0
0
134
66
0
0
0
145
77
1087
0
1
0
41
0
0
0
0
0
31
0
0
4
11
256
8
9
0
0
309
21
2
5
1557
0
0
283
0
70
5
0
49
23
0
3
0
0
6
372
0
0
0
21
7
2
0
4
312
557
0
7
0
1
4
0
136
0
0
0
58
0
0
0
5
0
27
0
0
0
21
0
0
0
29
0
0
0
14
7
94
3
0
0
0
0
6
4
4
146
0
0
0
208
0
0
312
10
20
8
0
0
5
0
61
53
13
0
577
12
98
3
0
158
0
73
42
0
0
46
541
4
5
7
13
368
0
37
54
0
7
0
4
3
60
211
695
0
0
0
6
0
0
0
2
13
0
50
0
22
0
0
0
0
0
0
12
1033
0
495
158
0
0
3
6
2
0
231
6
0
0
0
24
1
459
560
3
72
13
10
110
2
0
0
141
0
0
55
0
9
0
0
0
15
0
0
2
34
0
78
19
0
0
54
67
3
85
5
0
0
0
0
4
0
0
0
0
90
0
231
10
25
98
0
0
0
0
0
21
3
3
0
14
8
0
790
77
0
0
0
68
48
0
25
131
6
115
503
5
0
0
109
0
72
0
22
0
1
0
0
35
167
105
105
41
0
6
0
0
593
3
147
0
0
5
141
56
0
3679
574
6671
144
50
24
155
445
1731
0
0
0
7
8
2
0
4
0
0
50
85
242
0
30
31
24
197
186
4
0
528
0
34
0
125
3
1386
0
0
45
0
0
1528
713
9
50
54
2416
7
162
0
0
3
6
26
101
43
0
97
815
10
42
3247
1
146
0
4
0
0
1
0
0
16
2
0
220
0
1
69
5
20
0
0
0
122
108
4
0
0
0
0
4
0
15
822
87
0
2
0
17
588
0
173
19
405
55
0
49
4
11
15
0
0
978
0
0
98
0
53
124
0
0
0
8
16
9
98
2
0
402
8
148
0
127
30
0
100
0
0
0
0
0
0
113
6
367
3
25
0
0
51
0
2
0
62
0
179
0
0
0
0
0
0
0
18
0
642
1
131
0
0
10
4
0
12
79
6
4
0
0
0
0
0
0
275
0
0
90
17
53
0
7815
7
0
171
0
100
2
13
12
3
0
56
68
0
0
116
0
11
0
0
0
0
73
187
0
7
0
3
47
0
0
373
9
7
480
0
0
277
51
43
6
3
39
18
0
0
85
0
8
0
0
0
144
19
310
0
0
99
19
13
0
0
3
4
5
0
0
0
0
0
5
1
166
0
4
0
9
357
371
3
0
0
13
1
14
0
11
0
0
88
0
0
49
0
307
587
255
3
395
0
608
49
0
434
177
211
0
0
0
1229
3559
0
161
28
0
38
1
351
0
0
78
4
0
0
0
14
4
0
1
0
0
42
0
229
0
0
46
0
240
1
0
2
0
6
23
2994
162
348
1
446
176
0
2
22
0
4
31
503
0
11
1676
350
268
1450
0
404
140
0
18
0
1
8
0
0
0
63
0
2
1
5
18
3
731
0
6
38
14
12
8
8
18
0
2
0
0
47
422
0
49
210
25
26
1
84
13
1528
4
0
0
9
95
0
5
144
30
14
0
0
120
94
3
0
91
718
0
1312
1249
4
88
191
0
346
0
1693
0
0
1
0
585
402
0
0
0
3188
305
0
0
152
86
34
12
4
0
7
0
221
368
3
0
0
108
0
60
0
0
157
2
182
15
0
92
346
0
0
0
0
0
13
19
0
39
209
0
118
1
318
0
5504
207
7
257
12
0
11
32
156
134
13
0
131
1794
121
139
3467
0
0
17
0
511
3
0
505
27
0
1
371
202
0
0
0
7
0
89
14
58
1151
27
23
1
75
458
10
385
92
0
11
36
323
5
1648
3450
0
0
373
804
124
0
0
0
14
0
267
5
0
50
131
0
0
1
2
3
6
25
0
2
3415
2306
0
688
834
6
756
75
11
114
0
33
152
19
1457
7
800
75
51
1
1135
0
0
409
10
491
12
0
312
99
0
66
18
1934
26
416
22
51
5
22
163
87
1082
17
169
1
38
0
121
0
0
0
0
0
0
73
0
7
8
23
0
0
39
5
0
9
0
0
0
92
96
0
0
0
277
0
0
827
1
0
0
4
903
0
0
6
9
236
0
2
0
49
0
1
8
1204
7
258
0
0
1
0
0
0
124
5
0
2
2
0
13
72
183
0
33
0
93
24
226
11
1
5
0
2
1
8
0
35
97
0
28
96
0
3
15
0
157
1
51
45
220
5
8
0
114
0
1
4824
6
0
3
69
80
0
703
1524
146
237
51
1
301
11
5
213
128
1076
1
164
0
1
178
4
1
12
47
285
1
41
0
0
0
0
0
23
4368
0
68
59
0
0
2
0
7
0
0
54
1078
76
5
3
6
0
13
2
12
2
0
6819
124
112
133
0
98
0
42
235
0
21
3
0
0
0
0
45
59
28
61
394
81
96
25
0
5
273
1178
0
2
6
1
2067
308
8
1
0
0
0
29
188
6094
134
3
475
2
10
5
490
80
0
0
0
124
313
4
16
0
0
7
13
13
0
580
177
2
0
0
4
388
11
0
53
95
0
0
27
551
815
0
3929
35
104
1
554
3
23
0
1052
8
244
0
5
0
15
0
6
0
493
49
12
0
48
6
10
1726
53
0
0
3
0
1469
0
557
0
9
145
0
405
2
116
2756
2
545
32
67
0
23
230
0
0
0
673
668
0
4
0
549
1
0
1
30
21
0
4
0
0
14
2
0
22
6
1
0
1355
0
291
19
0
3
0
49
0
0
17
0
0
2
0
75
1
3
21
158
175
0
566
39
0
0
111
2
27
0
0
0
441
0
7
0
0
65
0
0
290
171
3
23
0
26
199
0
230
1
7
0
0
533
0
0
0
859
13
0
64
19
28
0
48
1184
0
0
0
259
205
5
42
1
27
2
28
0
7
1
0
10
94
81
0
0
0
0
0
17
0
5
16
3
2
371
0
25
0
18
8
0
0
0
5
0
89
0
45
0
0
28
15
7
86
0
0
0
0
214
4
10
4
0
0
0
0
26
10
0
4734
29
0
0
306
754
61
0
11
84
85
37
0
64
72
2
0
111
0
0
16
13
0
2
0
338
0
26
0
0
0
7
142
36
59
253
129
0
0
42
361
1
0
0
8
0
0
1277
130
0
456
3
181
0
0
10
8
0
1
0
0
9
1
0
0
0
0
679
49
10
3
0
79
0
1
17
0
263
0
20
49
1
3
5
225
12
90
0
289
17
134
0
6
15
110
49
998
16
0
0
0
0
86
0
0
0
1
7
0
87
0
16
4
11
25
0
12
1
4
0
4
1
26
9
0
19
0
10
0
68
0
335
12
53
175
0
0
53
0
62
0
0
0
148
7
147
218
0
51
585
47
0
1
37
506
0
0
13
0
906
1
1
0
19
55
9
30
1
5
12
0
0
4
103
12
60
0
0
602
0
0
45
15
0
0
204
0
3
1
0
0
70
72
23
0
0
0
3
65
0
598
0
16
93
4
344
81
30
0
3
348
11
222
279
0
0
171
0
16
1
806
686
342
1
0
0
25
2
4
80
9
0
0
1
0
0
0
4
0
212
0
29
145
0
48
0
5
0
99
12
0
4
80
42
0
0
18
0
1
0
2
0
0
0
0
0
1
2471
47
336
0
0
0
11
2
122
0
0
10
740
0
16
0
176
84
62
0
0
81
0
9
21
2420
0
0
25
2
0
138
424
1
2
0
0
298
2
51
231
4
0
46
48
2
0
0
0
6
880
241
0
0
0
98
0
5
1
0
0
36
40
5
46
0
83
0
22
716
57
3
1
8
2
19
22
0
25
50
239
67
367
0
14
0
4
215
1
13
5
0
0
1
4
0
0
12207
354
0
0
3
425
3623
3
0
0
2
601
38
0
965
50
0
0
991
3
0
39
6
0
6
403
0
6
0
0
0
0
0
0
2
0
721
0
0
5790
1
0
0
0
0
4
18
0
0
39
0
6
413
0
0
29
115
94
0
249
3
14
8
0
27
0
138
0
0
0
1146
2
150
2
0
8
169
12
21
27
194
4
8
57
51
4
0
0
0
2
0
0
54
249
0
0
0
0
0
3
0
0
1201
0
0
0
1454
150
112
0
81
0
231
1
1
75
434
0
7
0
13
10
449
0
0
139
0
11
0
0
68
6
0
0
217
18
57
0
0
119
0
48
0
4
220
0
61
311
20
26
0
7
287
27
13
126
0
0
0
72
134
0
88
0
176
158
1
2
77
122
138
0
0
1
71
515
650
11
2109
0
44
0
1461
1
1111
377
0
10
0
283
1
0
192
18
46
61
0
31
0
0
0
36
0
2
342
185
211
0
0
1004
20
61
0
132
143
327
870
0
0
0
3292
0
326
0
4
239
4
1
0
6
0
4
3
3
0
16
7901
27
23
0
0
102
0
273
2695
162
0
541
77
493
0
0
0
0
65
0
2
1
228
0
273
159
445
0
139
2
90
0
701
0
0
0
162
395
298
29
760
4
0
0
635
79
0
640
1
201
0
0
10
89
0
0
0
0
0
0
167
2
9
440
0
81
1
0
0
104
0
3
1
4
0
0
0
13
6
0
187
60
14
211
0
5
0
1677
455
5
896
0
2
112
0
106
298
0
114
350
16
237
45
14
6
82
0
0
575
5
0
780
0
3
130
209
35
0
0
1
536
2
98
8
369
283
60
0
0
0
17
3
624
12
120
0
194
13
11
0
1885
281
0
527
4
8
0
0
66
33
5
265
224
599
0
634
0
8
2
0
0
76
98
13
649
3
118
663
269
16
64
9
0
0
0
96
0
0
0
0
8
4
584
0
257
469
3
0
2
68
0
79
9
0
10
0
5
0
0
120
61
854
0
5
0
0
1342
4
0
1810
2
53
382
0
76
0
0
3
4
19
273
596
41
129
145
284
0
88
64
5
3
0
26
0
0
205
0
200
62
7190
0
10
262
353
16
0
129
3
0
14
1
203
831
247
45
52
18
42
7
3
12
45
15
128
126
7
54
14
0
6
8
0
383
78
156
0
0
0
0
0
0
16
7
271
0
57
3
0
0
0
0
96
5
1
14
4
0
997
72
0
0
0
0
184
0
0
355
175
8
136
0
0
626
90
0
0
151
1
0
9
4
4
0
136
894
88
9
3
610
3
3
2
106
0
1162
11
126
0
3
0
7
3
55
7
34
335
16
0
8
4
4
1216
472
148
0
35
0
0
32
79
4113
0
0
0
14
6
5
76
0
0
62
0
239
1223
631
0
23
1084
830
286
144
0
5
0
35
7
10
0
53
4
23
0
30
0
2
0
7
46
0
7
91
3
79
12
340
231
144
21
296
0
3483
34
6239
58
81
5
6
234
3
243
177
933
74
5
0
4
31
0
0
599
24
71
37
310
278
0
408
3
344
1072
277
72
109
0
3
0
286
359
0
5
3
166
4
230
3
0
46
1
21
0
0
70
340
0
0
22
2
49
322
85
3
2
3
0
20
1
0
702
1185
127
439
0
16
210
455
56
264
130
0
26
36
14
0
39
35
16
4
216
14
0
0
3
0
0
21
329
2
1208
1331
177
0
740
145
12
4
375
6
0
0
1
0
3
0
5
62
3
6
229
36
0
306
4
0
578
398
677
0
0
0
380
418
341
100
3
561
160
9
182
31
27
0
14
821
18
456
0
0
2
120
167
58
277
20
287
2
0
1
0
8
0
4
2
53
0
3
9
1
0
0
396
2
21
1
11
64
14
17
75
16
0
0
3
193
0
111
60
21
0
5
0
9
116
0
13
10
0
149
14
0
0
5
822
800
656
43
4
11
2
576
3
0
14
273
21
0
14
2
0
0
0
33
56
98
71
3
0
22
19
17
0
167
95
4
0
5
1
158
7
1
1
19
10
0
698
2
0
60
2
0
0
137
11
41
295
111
1415
0
0
4
26
24
395
0
841
0
1171
26
5
61
0
652
2
148
31
161
491
3
381
464
0
4
0
5
0
8
0
241
120
4
39
40
1
14
0
32
2
0
0
48
190
255
446
109
484
1228
384
0
7
38
0
63
106
0
5
3
0
27
20
0
4
2004
0
25
72
74
0
0
0
0
49
7
82
2
0
483
0
4
0
344
147
521
1
64
0
0
4
0
37
2
78
0
2
0
0
42
43
0
0
0
8
1885
0
260
8
0
9
2
0
0
0
0
140
160
0
13
462
0
126
201
43
0
32
4
2582
325
5
203
0
19
0
0
1
20
0
597
3
131
67
21
0
20
0
52
0
2
16
5
7
0
0
0
0
55
0
111
2
1
1
0
670
0
0
3
14
0
0
0
1
8
0
0
1465
142
385
5016
1930
0
16
0
274
2
1
0
205
316
38
452
0
0
0
0
377
25
48
0
540
64
32
684
25
7
200
476
48
18
0
0
4
0
0
0
0
0
0
46
2
2
0
0
0
0
0
23
200
25
137
50
0
3
0
0
0
0
281
417
0
0
0
0
0
0
136
170
0
1
0
0
2
0
0
0
5
0
0
0
0
0
4
15
34
49
0
0
0
0
4
1734
340
0
738
21
0
0
67
136
430
3452
7
42
1
6
0
0
94
0
29
2
2
0
3
1
0
200
5
0
0
0
0
0
0
0
10
181
0
177
75
1
2
4
0
20
18
0
0
789
0
0
8
52
125
525
41
63
8
107
0
0
5
0
0
112
25
1
0
111
14
0
17
0
0
0
47
3
15
11
0
0
0
0
2
0
0
790
58
945
0
0
0
0
0
0
0
0
0
0
0
0
14
0
0
0
0
3
0
0
0
0
2
52
4
446
0
0
0
0
2319
55
145
11
395
122
205
336
64
3833
13150
184
0
20
29
1
0
0
348
269
94
0
0
0
91
3
0
0
54
0
1
54
6
84
89
6
0
0
0
23
15
0
0
14
4343
10
81
0
0
0
0
21
32
0
0
18
0
0
0
0
233
277
0
0
0
0
140
18
3
6
15
0
0
0
0
0
2
0
1
0
120
50
0
2
519
758
168
296
3284
0
0
13
4
0
0
0
12
8
0
0
307
34
0
0
0
1
11
0
0
0
0
0
20
16
0
0
0
306
60
161
45
37
315
2
559
869
14
0
0
0
0
0
0
0
0
23
0
149
3
0
1
0
2
0
0
0
0
1
0
0
340
23
1130
4
3488
5726
295
0
0
25
16
0
81
0
0
8
476
78
0
0
146
564
237
93
0
3
0
294
0
3
0
0
0
3
4
0
0
0
0
0
0
0
0
0
0
0
0
0
32
0
0
9
67
2
0
0
183
0
0
344
1
6174
609
31
25
0
131
0
0
45
6
5
4
0
0
0
0
0
2
0
4
246
222
2
809
0
47
0
1
0
0
8
4
4
0
0
1181
1242
5
0
60
2
0
0
0
0
11
45
3
0
0
3
1
149
2
0
12
0
0
0
0
1
0
0
0
0
0
31
0
0
0
0
0
0
0
0
0
0
2
0
0
0
0
0
0
0
0
0
6
2
0
0
0
2
0
0
