24_NIST_1
0
0
10
1383
35
304
12
0
0
0
0
385
11
437
0
0
450
7
6
36
578
59
0
6
0
544
0
59
2
2
29
4
0
156
1018
54
0
0
8
2
0
0
0
7
0
2024
0
186
0
313
0
138
0
868
1
13
555
51
0
1077
2
2
0
8
27
18
0
519
30
14
1326
692
44
10
43
0
1085
4
17
0
0
0
6
13
1740
0
35
254
37
16
591
0
765
3
0
1127
11
2
183
1
27
0
3
663
166
3
0
0
0
473
0
0
37
0
8
0
0
252
186
776
6
1
0
193
86
1145
711
0
1637
61
0
0
5
152
0
0
5
174
15
0
8
17
10
0
813
154
83
27
53
34
11
0
78
9
5
1035
0
0
1
767
4
0
0
0
178
54
36
260
0
0
0
0
50
0
0
101
53
3
0
73
505
360
0
97
190
261
229
9
82
0
0
264
51
34
0
146
0
2
8
44
38
1
0
32
25
3
1
100
20
23
0
1
30
0
0
4
106
17
1
34
401
1
11
214
0
0
7
225
4
105
1
0
54
373
209
0
709
21
0
1
0
1
9
775
0
28
182
586
2
0
100
143
24
0
445
29
0
0
2
34
146
617
11
2547
97
0
0
0
168
38
7
468
0
0
43
9
0
0
754
159
1206
84
0
1796
0
1028
4
0
0
140
0
0
0
0
0
0
74
0
235
0
0
18
0
24
296
0
408
24
3391
0
0
0
0
0
0
93
0
258
95
0
116
0
556
108
0
254
21
18
0
27
430
333
147
0
0
261
20
11
0
0
487
192
8
901
0
12
113
33
103
0
582
0
58
57
35
32
1144
249
33
0
1
6
0
1465
4
0
0
79
134
7605
220
809
19
1
0
3
16
12
0
557
0
35
0
0
2305
0
99
13
19
0
285
0
0
283
1356
82
210
0
454
111
12
0
0
0
1
166
11
0
2
1
0
124
5
2240
2
58
0
86
3
0
1451
269
3
0
82
0
9
1357
127
0
92
31
36
19
55
0
381
0
0
0
2
0
415
1365
0
6
1616
286
133
0
0
0
18
1
0
0
0
0
0
0
7
3
0
0
0
34
120
0
427
0
30
2
706
0
2
0
1
0
362
75
343
76
92
1336
704
7
1
0
31
0
37
123
39
80
0
109
0
23
0
1
45
0
515
48
24
416
21
2
44
0
8
0
1
156
8
543
29
0
41
0
296
390
0
482
0
65
11
26
4
88
32
148
889
0
14
218
948
207
50
0
2
0
52
0
88
277
0
0
85
0
0
0
24
0
0
2
3
0
1
0
0
892
0
183
1
255
0
0
0
267
552
69
2
443
9
228
165
50
0
73
0
204
5
1443
13
20
8
10
0
2430
1
9
0
389
0
372
158
9
2
6
83
0
0
0
2
270
0
0
0
3
1316
2
177
56
15
0
260
31
44
12
0
13
0
20
0
8
44
0
0
8
13
0
0
22
3
53
203
105
100
130
705
0
0
3
0
0
0
2
0
132
960
54
27
118
9
79
0
0
587
28
0
106
0
1
126
2
449
64
11
0
1
0
707
0
2
3
418
1
0
0
2
325
15
362
11
14
0
0
1
0
63
275
28
655
0
101
213
4534
0
12
0
1
24
2
51
4
11
13
118
39
2
29
5
25
0
0
73
28
194
0
62
1782
16
79
51
792
395
0
0
183
506
20
32
14
614
5
0
1
1
201
195
3
20
31
25
0
52
0
72
85
175
0
125
3
299
0
0
0
0
2
0
923
340
0
0
292
6184
7
353
9
259
116
124
67
1
0
518
6
3
101
0
10
277
3
0
861
38
68
20
100
375
171
19
90
38
0
0
4
1262
0
262
0
0
162
0
0
0
0
6
7
0
0
2
2
90
18
0
28
0
555
113
386
32
28
0
499
0
0
0
0
42
0
211
52
0
0
0
0
1
0
29
93
9
1
0
8
12
145
199
0
12
1
4
0
0
484
0
333
1264
202
0
806
141
101
105
5
26
189
0
116
107
1
582
6
162
105
264
1
0
188
0
5
33
0
74
1018
8
0
0
1
0
0
668
191
11
0
0
0
1640
2
2
1078
0
24
0
66
0
0
385
41
311
295
99
3
0
4
0
0
326
463
645
0
0
0
0
381
71
0
9
55
0
35
88
73
9
0
283
1
0
395
3
0
0
0
224
0
154
285
44
82
56
6
13
0
1
62
83
128
309
72
3
112
6
0
1397
440
1
69
0
309
0
0
30
276
0
89
0
2
1
6
2
0
0
121
73
12
1
0
40
64
32
0
2
992
44
27
117
1
16
0
0
8
33
0
2593
30
269
507
1
63
0
0
47
0
1857
12
3
1
1626
363
215
105
1829
3
150
1
0
2183
0
0
0
0
472
0
0
4
1
9
669
589
1094
39
0
1
0
30
13
43
1
0
0
69
1087
334
79
6
0
0
2
203
5
0
0
0
10
0
1332
369
1119
384
0
0
0
0
0
168
0
0
6
213
20
31
0
10
1299
750
0
259
1380
52
46
13
27
0
0
206
4
0
48
0
0
0
6
0
38
24
24
0
0
0
0
815
737
0
0
3
7
59
0
0
0
0
67
48
0
250
10
0
122
3
46
1001
0
479
137
1
1
0
21
0
0
0
0
388
397
38
108
180
137
191
160
154
227
1
45
29
8
76
0
0
6
0
8
984
15
208
0
0
63
109
3
16
463
166
98
361
2
57
82
0
27
10
18
0
7
0
0
1786
350
75
1
0
555
0
0
0
189
18
1434
1518
0
24
2750
42
192
67
126
64
344
329
0
3
27
0
564
11
340
2
419
2
203
0
366
593
49
0
679
0
0
124
1
235
784
0
0
0
254
0
611
0
0
4
69
0
251
0
0
5
1
0
1
0
11
0
35
6
171
1
222
327
5
355
713
0
0
1571
2
0
0
180
78
33
0
55
0
2
0
107
27
0
0
218
0
5116
0
10
0
18
8
222
20
193
106
0
59
0
19
0
3
79
130
33
0
0
111
0
370
784
40
0
0
12
2
1416
10
5
45
8
21
39
1
9
0
0
3
843
0
487
5
0
12
23
0
98
3
197
0
54
197
0
52
0
325
0
0
0
98
3
5
0
25
2
0
1
73
11
1
151
0
188
2
0
1
23
0
1658
0
10
1918
18
424
0
136
14
70
0
0
0
142
108
0
1
24
18
17
0
0
0
1
0
47
0
126
0
0
0
20
45
11
0
0
1
163
870
169
0
0
0
87
0
0
559
393
3
51
5076
8
66
341
14
157
52
1037
0
3
29
1592
8
14
51
19
291
0
0
273
71
16
270
8
998
39
159
449
82
0
15
0
20
0
3
0
0
315
1
11
0
1824
4
44
572
67
39
0
0
0
3
25
0
212
0
0
303
25
0
0
0
0
23
0
136
0
1
125
0
24
0
1
9
0
0
3
0
0
10
0
0
0
0
0
1
1
272
11
138
3
21
180
77
3
0
114
1
1942
43
0
0
0
2
24
7
1353
34
319
0
1525
36
381
551
0
0
0
1180
0
176
97
4619
2893
0
0
0
89
0
12
0
2
21
0
1
1527
514
434
11
2
275
0
29
0
56
413
62
1873
0
1423
0
218
6
79
37
0
7
3
0
0
0
0
1
531
268
0
2013
35
0
0
1
112
358
481
48
1113
3263
9
317
0
205
293
159
488
302
0
22
6
319
69
0
0
60
47
42
0
2
27
108
729
0
3
0
47
358
1
1125
0
0
5
6
0
135
8581
2
311
0
0
4
303
0
365
0
20
8
5
1373
20
5
30
0
3
6
11
483
0
0
0
16
0
0
49
229
32
14
0
18
26
3
0
3
109
0
7
2
1
20
83
83
0
0
3
0
39
0
4
0
5
70
114
10
202
4484
45
509
226
2175
0
15
0
140
12
0
983
0
215
21
0
2
1
0
480
79
0
16
97
0
98
5
0
0
0
23
0
0
2951
402
0
0
252
378
356
0
0
18
0
18
0
478
0
136
6
0
15
0
31
0
0
0
0
56
0
0
0
0
12
712
73
22
0
30
22
40
13
4
24
92
6
192
0
40
4228
329
0
279
3
0
0
694
134
0
1
1
0
7
481
22
0
0
23
0
0
0
0
0
11
299
0
0
221
150
626
806
48
371
2
0
34
0
10
0
0
0
0
167
31
0
305
42
721
35
0
5
191
78
15
138
3
1
33
329
0
0
154
0
0
0
245
0
1
6
0
31
115
0
21
1
0
53
181
2
0
0
0
52
348
18
13
13
133
0
142
87
415
0
86
1177
325
1
0
2575
947
202
4328
79
0
8
0
0
0
4
70
1
10
9
0
86
1344
4
0
0
0
0
0
10
27
298
0
0
29
6
4
1
281
323
150
224
350
11
0
1
0
214
5
0
0
103
15
2
70
2
0
0
1
12
33
212
16
0
0
0
0
0
0
0
83
0
1
0
30
0
27
0
0
36
120
1
9
0
381
0
111
5
0
20
1
0
0
0
0
839
0
0
14
31
0
315
156
6
0
15
0
0
0
0
238
0
656
469
246
57
0
120
56
9
1
8
285
102
0
18
0
1326
0
36
0
4
3
28
1
70
2
0
0
223
0
292
171
35
186
19
0
0
0
0
8
66
572
97
0
30
0
73
8
0
0
193
0
52
0
0
98
61
13
112
53
972
15
0
187
0
417
0
0
1
67
34
92
165
42
0
605
56
0
0
25
0
0
7
224
278
11
3
21
1
7
14
0
1
0
7
215
8
9
1673
400
7
303
0
39
10
0
0
103
0
99
0
2
1
11
15
0
2
12
792
0
104
397
2
0
1338
32
0
0
2
9
12
6
1341
62
72
0
0
0
0
1
0
0
52
0
0
17
0
14
10
0
26
41
0
0
0
4501
0
0
0
14
31
341
473
1377
7
2515
33
6
22
34
0
21
918
6
610
1155
0
32
98
0
154
0
0
7
450
0
51
85
0
1
1257
3
59
165
0
0
206
189
0
5
418
287
0
837
0
221
0
808
18
0
136
1
36
72
296
8
201
23
7
0
1779
262
95
10
671
1
211
37
754
37
0
93
2
82
173
164
0
3
4
4
8
216
0
40
1591
83
632
83
0
0
0
2
33
151
0
65
93
2
608
421
0
120
28
12
0
2
0
0
901
0
52
0
211
19
0
0
0
4
0
0
1914
303
0
5
173
11
7
0
95
5
463
20
0
0
99
229
0
17
0
0
0
0
281
339
1
1
1091
24
490
228
33
33
1
6
31
0
15
0
0
5
22
8
134
82
0
0
71
278
0
0
97
0
0
0
315
159
73
0
0
532
0
325
388
3
0
161
0
1
3
121
299
13
0
0
0
17
9
76
5
2
0
207
2
0
0
0
7
0
259
90
20
0
0
54
3533
14
350
0
1
0
8
17
3
870
7
0
23
200
102
0
0
0
14
136
0
30
0
176
0
566
2
1
38
39
10
0
0
5
0
0
5
161
16
0
26
1
2
25
26
6
0
0
296
4
0
0
80
12
16219
0
29
36
164
0
36
2
0
0
0
360
79
579
0
317
0
0
143
0
0
37
0
139
1384
0
27
0
48
0
824
6
323
98
0
0
2
0
0
0
3
0
7
0
18
0
0
17
316
185
104
0
0
245
13
0
124
380
33
198
75
0
949
85
0
85
0
0
0
579
32
194
0
29
0
0
12
298
264
0
291
36
43
1
0
142
35
0
916
0
0
503
14
158
94
9
126
0
0
193
637
15
6
33
0
0
0
2
380
243
66
2
18
0
84
0
0
123
0
77
19
0
717
50
14
34
6
0
7
1077
122
0
72
1
127
508
6
64
1253
85
0
0
0
404
115
0
10
7
7
2
0
0
109
110
0
37
0
0
0
0
0
225
2
207
0
0
25
10
273
3
2
0
0
445
188
68
19
2
0
78
0
0
0
23
894
1449
1
7
2934
27
28
355
0
125
0
0
0
719
8
0
3
96
45
39
1
0
1
0
0
1096
0
0
690
1
42
21
1581
303
0
4
225
1790
70
2372
147
0
46
18
325
1
22
15
18
10
0
0
0
102
0
2
616
0
1743
0
0
7
0
8
0
108
108
0
259
11
119
0
78
1093
3293
3
11
103
11
579
203
0
16
0
256
0
0
0
133
256
4
674
0
11
48
700
0
83
586
132
65
179
175
0
496
7
780
570
0
1683
0
191
214
176
160
11
1
16
0
0
43
41
25
0
174
0
4
15
12
1
1
2944
81
90
256
123
177
9
0
0
8
0
1047
1
15
0
0
1
1572
1
182
164
0
1469
0
20
386
14
48
403
0
0
148
0
0
0
0
13
0
6
0
31
214
20
0
25
1
0
199
2
0
0
1065
137
924
231
2
802
61
0
0
91
7
0
0
0
1
18
128
3
0
9
0
0
0
22
15
25
624
9
95
0
100
1
3811
0
0
9
90
0
15
60
0
78
1
76
37
0
612
301
27
140
54
0
0
457
163
1222
71
2
0
111
0
0
2
0
1572
6
2711
267
223
320
409
0
5
0
0
57
0
628
0
0
198
191
16
76
11
394
27
1
8
94
0
57
0
135
13
188
52
0
1110
48
0
45
8431
3
35
1655
476
310
492
172
625
46
396
0
1584
1680
0
27
8
0
0
0
491
0
279
145
1219
0
5
290
246
0
1019
186
35
0
0
0
0
2559
6
1
716
0
578
0
39
8
0
784
46
0
1
726
15
0
0
6
0
137
0
97
0
1179
7
97
90
519
0
0
228
737
0
7
13
137
61
57
1
36
423
125
0
1
320
19
200
0
0
25
56
0
51
40
0
202
0
0
0
0
1
3
0
0
29
0
0
0
0
16
0
3
689
19
0
0
1695
0
0
3
3
0
64
0
24
5
12
116
0
0
0
23
2
0
92
16
0
0
0
183
0
0
0
173
7
1
0
0
164
1
0
11
22
0
0
0
0
4
0
5
0
0
21
5
0
45
926
3
0
30
0
3
294
13
299
17
4
5
0
54
0
0
0
26
0
142
0
0
0
4
12
0
36
0
0
354
57
3
556
10
0
1038
70
2
0
54
486
0
0
18
0
0
50
11
24
0
60
21
0
1
1026
437
13
2
224
0
6
29
0
11
21
0
23
0
0
1
0
570
0
4
0
0
1205
0
344
5
3
0
0
124
413
293
125
0
0
0
0
0
0
3
0
0
84
1
0
146
0
0
0
0
0
119
2656
64
3
2
34
0
0
0
0
0
0
0
0
0
0
0
0
0
16
0
0
8
57
0
0
0
94
0
61
0
1
0
0
0
0
0
22
0
0
0
0
0
0
76
0
0
13
19
213
2
0
0
0
0
0
0
0
0
5
0
0
0
0
0
8
0
15
0
0
0
4
0
0
0
0
0
0
0
0
0
0
0
0
0
0
5
0
0
0
708
0
0
0
33
1
0
2
0
649
0
0
135
86
0
2
103
0
0
0
0
1
0
1
48
95
0
0
0
12
536
53
0
71
2
0
0
0
0
0
0
0
7
0
0
37
0
0
0
643
0
1
0
0
0
0
0
0
29
0
65
0
58
0
30
0
2
0
0
53
0
2
1
0
11
3
0
0
0
70
3
0
14
0
14
103
0
0
0
25
64
0
47
0
2
1
76
0
10
0
195
0
0
2
0
2
0
0
0
0
26
1
0
0
0
599
0
4
727
175
0
0
69
57
0
0
0
0
0
79
0
0
93
0
101
4
1
0
0
7
0
0
0
1
0
65
0
0
318
2
0
0
0
0
35
0
7
0
0
0
0
0
3
0
8
0
0
6
71
0
64
0
0
197
7
0
0
0
0
246
2
0
11
0
0
0
0
0
0
5
0
0
45
0
0
128
6
0
0
0
37
3
0
0
57
0
0
35
0
0
0
2
0
4
2
0
0
0
0
0
0
0
0
0
0
0
0
0
0
3
0
0
0
0
146
22
0
22
12
5
0
0
0
20
0
0
0
0
0
0
0
0
0
0
0
0
0
0
0
116
0
33
0
0
0
0
187
0
0
0
250
0
15
0
0
0
7
0
2
0
1
22
3
0
0
0
0
3
0
0
0
0
2
0
1179
0
0
0
1
0
0
0
0
1
0
0
17
11
0
0
13
0
22
291
0
0
0
0
0
0
3
0
0
0
0
0
0
7
0
254
220
0
0
0
0
0
0
0
0
413
0
0
0
0
0
0
0
0
0
414
27
0
879
0
0
54
0
0
0
0
0
0
0
0
0
5
0
0
0
0
14
0
1
0
0
0
0
0
2
0
0
125
0
0
0
32
21
0
209
0
55
0
0
0
0
0
12
0
0
0
0
0
1
11
3
0
0
0
119
0
0
120
0
0
0
1
0
0
0
0
0
0
0
158
0
0
0
0
52
0
0
0
0
76
0
0
0
0
0
0
0
0
0
0
32
3
0
0
0
406
383
0
0
0
0
7
0
0
0
0
0
0
0
0
14
0
45
3
0
33
0
39
93
1
7
4442
0
0
0
1
342
0
36
1
0
0
0
0
4
0
0
0
275
6
1
0
0
22
0
181
0
0
0
1
0
0
0
0
0
0
4
3
0
25
0
0
0
243
0
0
0
0
0
0
0
2
795
0
130
1
0
2
0
0
0
0
0
98
0
0
249
0
0
115
12
634
0
0
0
7
0
72
0
1
6
0
392
1
0
0
0
0
0
0
0
10
33
16
2
0
1
0
0
0
0
0
4
65
606
0
0
19
29
1489
0
393
2
0
0
45
0
0
3
1
26
0
0
0
0
34
3
0
1
20
0
0
0
0
0
0
0
20
0
0
0
0
17
0
33
0
0
21
0
26
0
0
0
0
0
821
0
0
0
205
0
0
32
0
0
7
0
0
0
2
17
0
0
0
0
89
1147
187
0
0
0
1
0
0
0
0
428
0
26
0
0
0
0
0
529
0
272
0
0
23
0
1
7
0
0
0
0
873
0
0
0
0
0
0
85
0
0
0
42
0
68
1
0
18
0
811
0
0
0
118
0
0
0
0
0
3
0
0
4
0
0
0
0
144
0
0
0
0
271
0
0
1
150
0
3
1
33
233
5
27
0
0
0
0
0
0
0
0
916
0
27
0
0
0
0
0
195
156
0
0
38
0
345
0
0
2
0
1
0
0
17
7
0
0
0
42
8
2
1
0
0
15
0
0
0
80
21
0
0
569
0
211
33
3
0
1
0
0
0
0
0
0
128
1
2
2
21
0
0
0
0
0
0
0
0
0
0
1489
0
0
11
0
0
0
1286
102
15
20
0
0
0
0
5
20
0
11
0
0
0
0
0
4
0
0
0
0
0
0
86
0
0
0
0
792
7
0
0
1
5
0
11
0
0
0
23
5
5
0
0
0
0
366
0
133
1
0
12
1
0
1230
38
0
0
98
348
0
287
39
0
0
40
1
2
0
1
9
23
35
0
0
0
0
0
0
0
0
0
0
0
0
0
255
89
0
1114
6
0
0
0
0
32
0
1
0
0
0
0
0
0
4
10
42
10
363
0
0
0
3
0
0
0
0
229
0
0
0
53
0
1
0
0
0
0
0
0
0
0
0
0
0
28
37
0
0
0
0
0
0
148
0
450
0
0
0
0
1
0
0
368
0
0
154
4
0
0
9
0
0
735
0
0
21
0
0
0
0
0
63
88
3
15
0
0
0
2
7
87
0
0
2
0
0
0
0
0
669
289
20
0
112
0
0
0
0
1
3
7
14
1894
0
2
0
0
0
0
336
1
0
0
2
0
8
13
1
0
1
0
0
0
0
46
0
0
0
0
183
1
0
0
2
14
3
0
0
0
0
2
0
0
149
0
0
0
0
0
0
3
0
0
0
0
0
1
0
0
0
0
22
0
6
0
0
0
0
0
0
81
0
0
9
42
0
0
0
74
0
0
8
0
0
135
0
0
3
5
193
4
0
0
3
0
6
7
2
3
23
0
0
0
65
0
126
0
0
51
0
127
0
554
36
0
0
11
0
37
0
0
0
1
24
0
2
0
6
2
0
2
0
11
240
309
0
0
0
1
3
0
31
0
0
0
5
0
1
0
0
8
4
439
96
203
0
0
0
104
0
0
2
0
19
9
0
418
607
0
0
1
0
0
7
553
0
29
4
0
1
0
0
87
0
0
0
22
0
0
0
1
0
4
0
8
10
1
0
226
0
0
0
0
13
0
0
4
0
1
0
0
0
0
0
0
0
0
0
17
4
0
0
0
14
33
3
0
0
101
0
0
116
0
0
1
0
409
1
0
0
0
60
485
0
1307
0
0
0
0
0
0
0
9
0
0
0
0
0
0
0
0
61
1
23
0
0
0
0
0
0
81
2
42
0
0
0
0
617
0
0
91
0
0
25
7
0
451
54
0
0
0
0
0
0
0
0
336
0
0
0
20
61
0
0
0
1
93
155
3
0
6
14
7
0
1942
8
42
0
0
102
0
139
289
52
83
3
0
18
0
167
0
0
18
0
0
2
0
0
0
0
348
0
0
0
0
0
0
1
0
0
0
156
937
0
4
0
0
0
44
1
0
192
94
0
0
6
0
0
96
0
0
0
0
0
0
1
0
2
0
3
0
17
344
7
6
0
0
0
0
0
1
16
0
0
0
47
13
1
0
0
0
0
0
0
0
0
1
132
550
0
0
0
0
0
0
0
88
386
0
9
116
0
5
0
90
0
0
0
32
0
64
3
67
6
0
0
111
0
0
0
0
0
0
0
0
0
0
0
0
0
2542
139
0
0
0
0
0
0
0
252
311
222
0
0
305
0
15
0
0
0
1
0
0
0
340
0
17
29
119
0
0
11
0
922
0
0
0
0
0
1135
0
36
5
0
1780
62
0
0
0
0
0
0
1
162
13
3
63
0
0
0
194
0
0
16
0
0
0
0
0
0
55
0
12
135
0
0
0
0
0
0
76
0
1474
56
0
0
0
0
0
168
567
0
0
2
0
952
0
0
11
0
0
0
505
0
1071
314
1
0
2
1
0
0
0
0
0
0
0
2
461
0
0
0
59
0
2
0
0
0
0
4
0
0
64
0
1019
12
0
0
0
0
3
2
0
0
0
8
178
6
0
0
0
172
1
0
0
0
37
0
0
23
0
0
21
0
0
0
1198
0
0
0
0
92
2
233
1
2
0
70
0
0
5
78
0
10
0
0
41
0
36
0
0
0
453
0
0
0
0
0
0
0
248
9
0
633
2
4
201
0
0
1030
0
0
21
1
0
0
0
1
0
0
0
0
0
0
17
0
0
0
0
0
0
21
0
0
0
0
123
0
0
0
350
0
0
0
0
0
4
0
0
0
0
0
0
0
0
0
0
0
0
17
281
0
5
0
0
991
0
0
0
0
138
0
0
0
0
0
2
231
0
8
0
0
0
8
679
11
16
1
532
1
0
2
1
0
0
5
0
32
0
2
0
0
0
0
0
22
0
206
0
0
46
0
0
0
0
0
739
75
2004
0
0
0
0
157
75
0
0
43
881
0
0
0
13
0
0
0
0
0
8
38
0
1639
1
23
3
7240
0
12
20
0
0
0
0
0
0
0
0
25
2
70
0
21
0
35
94
0
0
0
26
0
0
0
143
0
0
75
17
0
180
3
0
0
14
0
0
0
5
146
383
0
0
0
0
16
0
0
0
0
0
9
0
35
0
18
0
0
0
0
0
0
5
0
0
0
0
2
22
92
0
0
0
2
0
0
0
0
0
0
13
0
0
0
0
87
0
0
0
0
0
22
1
0
0
0
1
0
0
0
0
0
0
0
0
0
0
0
13
11
0
0
0
0
3
0
0
0
0
0
0
0
1
0
13
0
0
0
0
54
1805
0
0
0
7
0
0
0
0
0
0
0
0
0
0
0
0
0
0
0
118
0
348
0
185
0
0
122
0
0
48
0
0
3
0
0
0
378
0
15
0
0
0
1
0
2
0
0
268
0
78
0
0
0
0
2
0
0
302
0
0
0
0
0
0
0
0
0
0
0
0
0
0
0
0
0
13
1
0
0
0
0
0
9
0
0
158
0
0
0
0
0
0
10
0
0
0
0
1
158
0
1369
0
0
0
0
0
0
0
0
0
0
0
109
0
0
0
1
60
0
391
0
0
0
0
0
0
531
0
0
37
0
0
0
8373
0
0
0
0
1
0
121
31
3
60
0
0
0
0
11
89
53
0
0
1
80
0
0
0
0
0
230
0
0
1
0
5
0
137
0
35
0
0
0
633
0
0
12
0
199
0
1519
0
19
0
215
17
0
0
0
0
1
0
0
0
0
0
0
0
0
0
0
0
0
0
0
0
0
1
0
1
375
0
237
0
0
1
2
0
0
0
0
0
87
8
0
0
0
0
0
0
0
0
0
33
0
0
0
0
0
0
0
3
0
0
4
60
0
0
0
0
0
0
255
0
0
1
0
0
0
0
0
0
0
0
0
0
0
0
0
5
2
0
0
1
0
0
1
0
0
0
0
0
0
0
0
0
0
0
0
0
0
3
0
0
0
0
0
0
0
0
0
0
0
0
0
0
3
0
0
0
5
0
0
0
22
0
0
41
0
0
0
5
0
0
0
0
276
328
0
7
2
0
0
15
0
0
68
0
2
0
0
0
0
0
0
0
0
0
0
0
0
269
0
0
0
0
0
0
4
0
292
0
0
15
29
30
0
0
0
0
0
4
0
0
0
0
0
44
0
0
0
0
0
0
492
0
0
0
0
0
0
16
0
0
0
0
0
2
0
0
0
3
0
6
0
102
17
31
0
0
0
0
0
250
0
0
0
0
0
0
2
266
0
0
0
0
0
492
0
0
210
71
0
3
0
0
0
0
17
0
0
0
0
0
0
0
0
0
532
0
0
0
0
0
0
96
0
0
1
0
0
0
10
0
0
17
0
402
0
1
0
225
1
0
0
0
0
0
29
244
0
0
0
0
0
0
0
0
9
0
0
0
0
0
21
0
0
0
0
0
0
0
0
0
0
0
0
1
1637
32
97
0
55
1
3
61
3
0
14
8
25
388
14
0
0
4
1
5
0
0
0
0
0
0
0
20
94
0
0
258
1
251
77
151
0
0
0
0
0
28
0
0
379
25
0
162
7
41
0
0
168
169
89
840
0
0
0
104
7
0
3
8
0
0
31
0
24
254
0
119
0
4
2
77
1
9
0
0
93
0
0
0
427
0
29
0
0
10
0
0
91
0
147
34
525
0
20
2
1
0
0
0
77
26
237
22
39
0
21
0
38
0
14
328
5
0
0
99
0
105
5
870
114
0
0
0
161
1
9
4
1
0
0
0
0
221
0
230
0
769
0
0
0
0
0
18
48
0
0
0
0
0
0
0
1
122
168
27
0
0
950
0
1
1
0
0
36
0
0
519
0
32
0
2
3
0
12
76
0
0
139
0
50
0
77
0
12
0
94
0
0
14
0
0
564
141
0
2
0
8
0
0
7
0
0
2
0
2
590
0
0
3
6
0
5
4
1
10
0
0
432
322
0
2
433
0
297
0
72
11
51
0
65
0
0
20
346
2
106
0
0
9
519
0
0
0
28
3
52
0
1
0
0
0
0
0
0
222
0
0
0
0
0
0
0
0
0
65
1
0
0
0
0
2
0
0
2742
6
565
1
1
0
0
31
18
0
186
3
0
0
1
0
0
29
0
2662
30
602
0
0
137
44
116
8
10
0
2367
1
323
254
298
0
86
0
56
1095
378
0
0
1
1
934
0
1703
0
0
0
0
7
108
9
4
0
0
0
118
14
60
8
3
111
229
0
629
1
14
0
133
93
3
0
243
59
0
347
0
19
40
0
6
0
74
0
0
0
0
0
394
4
0
2
1320
2
0
5
47
0
73
153
6
1
0
94
118
0
0
1
0
0
0
0
17
0
0
6
0
22
0
1
0
536
64
98
0
23
0
0
1
487
0
0
106
0
39
0
0
123
111
8
138
0
0
0
0
172
1
51
0
0
0
0
0
0
0
12
0
102
135
12
0
15
112
114
0
0
316
21
55
0
12
0
166
8
0
57
0
0
0
42
790
0
18
0
30
885
78
21
16
46
0
2840
17
0
16
5
7
560
0
0
117
121
304
0
144
367
0
0
29
4
28
2
342
1
0
0
0
0
0
2
94
2
0
215
0
69
14
0
70
0
0
0
0
0
72
0
61
88
0
3
0
0
0
0
0
461
8
810
811
204
14
0
15
14
0
23
0
0
0
436
483
0
237
0
1
0
572
0
1
107
0
0
0
33
0
8
0
0
0
164
0
41
1
10
0
0
108
0
0
52
0
134
693
45
0
0
22
424
224
2
0
0
0
0
0
690
18
0
375
0
0
0
41
3
467
9
0
0
0
43
23
93
262
6
0
0
0
0
32
0
0
0
0
0
0
29
0
769
0
120
213
0
0
0
0
40
234
0
0
0
1
13
0
23
249
0
0
0
0
27
3
48
0
36
0
4
0
119
13
0
0
5
0
799
0
0
131
2
0
0
0
8
0
82
41
0
0
0
0
1
99
0
0
0
0
177
30
0
20
0
21
4
43
11
0
99
2
0
1
0
154
0
10
335
0
1
12
0
0
0
88
0
89
22
2
0
1
86
14
0
3
0
315
157
8
0
0
0
1
0
216
14
0
0
8
3
0
1
0
0
0
141
0
6
0
0
0
0
0
1145
0
42
0
0
0
4
0
0
0
0
761
0
0
0
33
0
157
0
1
0
0
310
0
2
2
0
0
0
0
0
79
0
7
0
787
0
2
10
0
77
0
1017
0
0
0
0
1408
75
0
92
8
0
0
3
3
214
0
42
14
1
0
0
1
1
12
11
22
861
95
55
0
0
7
0
12
0
0
269
697
0
20
0
0
0
0
0
9
188
0
0
33
0
222
66
96
0
0
178
233
3
41
0
366
0
43
0
0
0
0
0
10
269
491
67
17
4
0
0
0
0
207
82
0
2
3
412
0
0
53
0
0
122
50
0
395
13
0
356
3
0
15
1
0
0
0
0
672
0
3
0
2
0
0
0
67
0
0
233
0
1
0
1
0
0
40
0
57
70
22
4
0
2
0
0
0
757
215
2
36
33
137
0
15
9
0
0
0
0
0
0
5
18
0
4
0
0
23
0
0
141
20
11
8
0
10
0
3
0
0
0
12
0
0
0
28
0
16
33
13
0
0
0
0
0
0
0
137
0
0
0
2
0
0
0
0
1
21
171
0
0
6
11
732
0
2
43
101
33
16
0
0
0
0
0
0
0
0
2
19
0
26
37
0
0
0
24
0
192
0
0
0
537
17
12
0
5
44
14
0
0
66
827
0
19
0
74
29
2126
78
567
0
4
206
31
1
1014
0
0
13
32
0
3
33
0
0
164
0
0
0
13
2
0
20
0
0
0
0
12
0
0
0
1
0
44
194
87
16
0
0
9
43
0
68
254
0
0
0
0
10
0
1
41
0
42
5
0
40
76
2031
0
0
2
0
0
0
58
29
1579
0
20
14
2
0
0
0
0
0
48
413
0
0
0
0
0
0
46
169
6
37
0
366
116
1
0
0
334
3448
0
269
1
0
16
246
15
0
30
16
0
5
32
27
5
0
10
0
0
6
1
27
159
175
363
1
0
78
1
0
0
17
0
0
84
0
0
0
0
63
13
3
9
0
0
15
312
0
0
0
9
0
0
447
0
0
277
484
1131
348
1
0
133
0
52
0
3
0
238
0
0
0
0
0
22
0
16
0
0
0
46
18
305
1
13
0
27
11
0
814
0
803
0
0
0
149
15
51
0
1037
1
0
34
58
489
49
4
475
48
26
0
72
9
595
5
0
0
0
0
5
966
0
79
0
34
32
0
0
49
197
0
84
16
668
193
27
3
0
25
0
0
13
0
198
173
246
3
66
0
200
0
88
0
1
312
64
0
0
0
181
0
1
0
35
2
96
0
691
0
0
7
1
14
52
0
265
41
25
11
224
169
121
6
12
0
107
0
0
0
93
0
0
101
3
0
0
149
0
0
3
0
0
0
23
1916
16
0
446
262
0
665
0
0
0
0
0
382
25
0
171
13
0
2
0
0
0
48
33
66
0
181
0
0
0
0
7
1
411
0
0
928
0
0
0
14
0
1
0
114
67
0
0
0
0
134
0
0
509
0
6
0
8
2
0
45
0
49
0
5
35
0
21
0
14
0
514
30
271
0
0
579
85
3
117
28
0
0
0
0
80
4
10
0
0
0
0
33
2
86
0
96
0
20
14
24
0
21
0
0
4
0
12
27
27
118
867
666
33
87
0
5
1
36
0
338
4
0
5
0
638
2
15
643
57
533
445
0
1
9
0
168
0
26
0
0
323
31
0
0
126
15
0
5
0
95
65
140
0
0
0
0
28
0
0
1
322
26
0
10
45
0
56
2
8
9
3
0
24
0
0
164
209
1
15
0
71
10
0
0
4
0
364
2
0
2
3
0
2
0
0
0
0
0
0
5
2
385
324
129
5
0
0
0
94
62
0
0
0
0
0
28
86
0
0
0
11
2
0
0
0
18
3
2
0
0
0
4
0
0
18
0
1
25
24
9
6
0
0
17
98
28
1
21
0
323
1
0
0
0
0
186
0
293
1
260
0
146
11
0
146
385
569
0
0
25
1
0
0
70
0
13
5
5
5
21
38
0
3
18
295
0
27
0
27
914
1
0
0
31
9
15
58
50
77
12
8
23
0
8
15
0
350
2
0
0
63
5
0
3
1
0
52
14
119
3
7
0
0
0
11
43
6
153
0
0
635
0
476
0
0
25
779
0
0
23
1
3
0
32
0
0
262
4
0
0
0
0
24
0
0
0
0
0
2534
0
66
0
0
0
1
78
10
103
191
210
1579
122
0
31
0
463
48
0
260
0
191
0
51
3
178
0
71
0
0
0
0
1
7
0
0
0
101
0
0
0
0
129
6
22
338
0
0
0
255
0
0
3
0
17
0
114
3771
0
416
0
0
3
123
29
0
0
5
4
0
0
0
291
0
0
0
43
0
0
0
0
0
0
3
114
47
82
0
6
515
0
0
8
6
0
516
0
0
0
165
0
251
147
16
0
1
0
0
0
1
0
0
478
84
238
0
164
0
0
7
1211
0
22
0
0
34
0
11
0
0
0
0
333
0
4
37
0
0
0
0
0
3
2
1
807
0
3
37
1
653
0
0
0
0
403
0
197
10
0
0
5
0
2
0
894
0
0
0
1
0
0
0
0
0
31
6
1
0
5
0
216
11
2
104
0
20
27
0
64
0
0
0
0
0
41
0
0
0
3
0
0
0
1
37
1
306
0
0
799
0
0
0
69
1
0
9
386
12
126
0
2
57
0
0
0
1
0
0
5
53
0
8
0
0
0
0
0
0
0
7
0
1079
0
42
226
1
0
0
0
6
0
2
689
0
0
362
0
0
0
0
202
4
0
0
0
1
0
46
28
0
5
14
5
0
0
679
0
79
0
4
54
0
0
0
59
5
9
26
36
286
0
19
0
96
9
0
22
0
0
0
0
0
0
0
0
495
6
0
3
0
2
26
0
0
2
284
0
0
0
1
387
11
1
0
0
108
678
0
16
2
0
46
126
78
342
0
0
0
0
10
0
1
468
6
103
21
0
208
516
0
1
0
8
1
0
0
37
262
0
0
0
0
0
0
147
2
2
0
0
0
404
22
0
190
523
34
12
3
15
2
1
9
11
0
47
97
0
55
47
137
564
0
0
210
0
9
0
0
0
0
368
0
557
0
130
772
13
47
0
0
0
0
61
1
39
0
0
0
110
3046
0
377
182
9
0
19
0
84
0
0
0
0
0
0
602
2
0
0
0
0
0
101
4
19
48
0
1199
0
0
0
0
77
30
0
71
0
0
0
0
0
0
1
1
0
0
115
0
102
0
19
20
343
79
0
66
4
0
0
0
0
0
145
0
0
8
42
0
0
131
0
0
0
0
10
42
0
166
168
1
48
98
0
0
76
564
0
0
0
13
0
0
22
822
50
0
0
0
0
10
0
24
92
993
0
456
7
320
19
1
0
0
0
0
1
200
869
0
0
0
0
0
164
244
41
4
0
0
0
23
301
0
3216
1
0
387
381
0
0
0
0
2
0
27
40
0
1
4
0
0
158
0
0
72
44
2
314
0
348
2
106
0
0
0
0
0
0
244
1918
0
442
0
157
24
167
609
0
0
0
0
57
160
0
135
249
13
1
3
17
339
233
0
1
0
68
0
0
0
2
0
0
0
33
0
0
5
1
16
4
0
0
918
3
0
0
445
5
14
0
157
0
0
28
1517
0
0
0
326
108
0
0
0
3
0
50
143
1014
0
0
152
0
412
2
4156
1
7
281
0
0
0
0
0
0
0
6
0
59
0
445
359
0
56
2
43
0
84
0
131
717
2353
0
415
201
1
1
0
24
0
164
0
0
1
0
0
1
260
0
15
0
2
0
21
0
0
92
35
6
1
8
38
66
3
11
0
0
4
228
0
196
54
6
0
0
0
497
0
0
158
0
0
0
0
1363
0
71
0
0
102
0
0
2
0
123
0
7
0
311
2
0
28
0
28
3
0
4
83
2
0
209
363
1
2
6
7
89
5
4
0
0
59
0
49
0
1
2
32
1
0
282
74
0
24
572
24
145
603
287
0
0
0
0
0
1
0
328
297
0
0
0
0
29
307
11
0
8
0
426
7
1
0
0
202
100
227
5
599
28
0
0
209
1
0
0
0
0
2
143
41
10
15
209
0
0
0
0
0
2
510
0
8
150
186
3
1
65
0
0
0
148
163
115
0
0
0
2
119
0
1
908
0
0
0
249
2
0
0
0
0
645
765
0
7
8
343
0
0
0
2
0
5
353
835
0
661
0
36
0
0
43
0
5
0
0
0
16
1
0
0
0
0
2
122
3
0
0
0
59
0
0
0
0
0
15
1054
39
0
0
311
0
191
80
9
0
5
31
1
0
0
0
308
20
0
5
141
537
0
0
1
0
0
0
0
2
0
0
18
0
31
0
1382
0
0
0
463
0
0
72
0
8
0
0
0
0
0
320
195
7
344
0
0
84
0
6
0
0
0
0
16
0
0
2
2
0
0
1058
60
19
82
0
0
0
13
0
137
54
0
12
503
0
0
0
270
0
0
6
5
1
940
1
0
340
2
3
0
1
0
1
0
0
2
13
0
0
0
0
0
0
0
0
0
0
0
0
296
0
0
12
0
0
9
0
0
0
53
6
4
0
576
0
1
1454
0
36
0
2
12
0
0
0
32
9
1
31
1156
0
100
0
0
125
0
0
191
0
270
0
0
0
12
463
0
0
0
0
0
47
115
13
0
4
0
44
427
388
1
12
2
3
15
10
1
1
12
19
0
3
26
17
0
0
0
176
0
0
0
1
21
0
160
0
0
20
37
865
46
19
43
0
0
80
1224
0
0
1212
0
0
3
38
114
0
0
19
0
0
13
19
0
27
0
20
2
0
0
6
2
0
0
0
719
0
4
0
55
0
0
18
7
0
0
1
0
64
0
12
0
2
38
3
3
0
0
540
0
126
31
9
0
158
0
0
0
50
207
2
0
0
16
0
410
0
0
0
167
900
0
0
51
0
87
0
0
0
0
403
0
0
0
8
45
15
4
76
43
0
108
0
0
0
395
105
68
0
22
15
1
11
0
0
84
0
0
0
49
271
0
0
2
82
3
852
0
0
357
0
0
0
0
0
0
0
9
4
8
159
0
34
29
0
395
5
0
0
134
0
0
0
0
359
0
437
461
108
162
0
0
59
1274
0
0
5
52
2
0
5
0
167
0
138
18
0
169
636
0
0
0
0
14
0
240
3
0
74
0
0
505
0
6
0
19
598
0
0
0
117
2
0
29
209
0
1
0
0
275
349
26
18
0
0
0
1
0
2
0
0
26
0
0
5
2
33
935
418
0
2
59
0
0
4
0
3
0
0
0
0
799
2
141
0
3111
0
705
0
0
0
156
0
2
1
0
6
85
38
92
38
24
60
0
76
0
68
0
5
0
2
0
112
0
0
207
8
210
0
0
0
0
11
32
176
0
4
3
0
4
2784
0
146
26
110
78
71
8
6
0
200
11
0
234
7
0
0
0
53
0
0
1
5
20
0
0
0
18
0
0
18
0
421
1
0
0
5
0
0
0
0
447
0
1
0
46
0
8
71
0
2
0
103
0
0
0
252
0
0
1
401
29
42
45
0
5
380
0
0
308
0
0
0
125
0
0
7
58
0
2
0
0
0
224
18
430
53
0
0
2
0
264
0
22
0
221
97
0
223
1
183
114
49
14
53
0
0
64
380
2
502
2
8
0
74
0
0
0
0
611
0
0
0
48
0
992
0
17
0
9
2
40
0
4
9
102
0
8
89
1
0
1
0
114
0
6
129
0
0
0
150
47
93
42
0
0
0
12
79
111
0
0
51
0
4
0
0
0
0
396
0
1
34
25
40
1
0
0
0
182
0
17
0
15
72
11
2
0
0
6
0
29
2
28
0
14
0
0
116
0
16
360
0
237
129
0
59
0
63
54
4
48
0
14
4
95
40
25
0
1
272
13
35
2
3
0
63
589
940
54
0
0
0
0
0
130
303
0
29
6
112
1
26
1
0
0
0
38
0
75
0
20
19
202
2
0
1
40
145
0
104
0
0
0
12
4
1
0
0
6
0
200
57
0
111
22
1802
16
167
0
8
18
0
0
0
0
9
1
0
0
0
0
3
75
0
1
0
4
15
128
0
104
23
308
25
0
905
34
100
0
0
0
0
7
0
560
0
223
10
8
0
15
3
1
0
72
0
18
2
0
3
106
78
817
20
6
13
0
1
8
12
0
1
80
0
0
23
279
0
0
0
487
0
524
4
0
0
28
224
11
0
144
72
0
2
0
0
0
375
2
21
851
662
0
125
2
0
86
23
635
83
0
0
0
28
3
57
211
188
4
7
0
1
0
88
859
0
1
38
12
0
0
0
0
95
0
802
351
360
0
0
347
0
412
0
0
6626
0
0
1
0
41
18
25
0
0
34
0
152
44
0
641
60
153
4
0
218
0
1
184
195
6
0
0
85
4
169
0
1
3
2
1
0
0
0
1
0
27
0
0
0
50
0
351
0
0
301
0
627
29
0
59
0
6
184
2
0
71
63
1999
0
0
3
383
480
3
0
48
1
0
760
16
129
0
0
0
0
5
125
14
4
8
0
4
0
4
0
3237
15
3
0
0
68
3
0
1
0
0
2
9
0
0
139
0
8
72
0
0
0
619
0
92
166
0
3
0
0
0
242
0
0
7
0
37
0
184
0
2
0
4325
36
58
0
1
0
20
74
75
0
2
0
8
0
2
320
21
470
0
0
0
488
7
0
128
168
0
147
0
0
0
0
0
12
82
14
676
157
0
0
0
0
429
0
3
0
135
8
0
1052
24
0
3676
42
466
109
2
6
0
0
0
78
17
10
0
2
54
77
25
9
2
314
0
0
18
22
0
0
2
0
0
23
0
0
0
0
0
611
0
9
0
0
0
0
38
7
0
0
121
1
736
0
3
0
0
1372
6
1
0
11
4
10
2
310
190
0
0
0
0
0
0
0
0
0
0
0
0
0
0
0
0
0
0
15
0
0
0
0
306
0
0
0
0
0
18
15
0
5
0
139
16
2
469
2
0
0
0
0
0
6
1
0
0
219
0
0
0
0
7
1
65
117
0
0
0
0
0
19
4
2
0
39
61
43
0
2
16
438
1
0
7
105
0
0
21
34
0
0
195
24
6
5
0
0
631
75
0
0
126
2
10
1
148
19
0
0
82
18
700
52
0
34
0
0
0
11
0
522
0
0
0
0
0
0
0
0
0
287
9
127
0
0
0
0
1
0
11
340
0
7
73
462
0
0
112
0
1
0
227
0
0
2
191
3
0
0
0
0
262
0
0
1
3
448
0
0
0
1
0
3
0
0
0
2
0
2
0
0
0
47
0
1020
2
0
369
19
0
64
0
80
229
9
63
0
0
28
0
835
0
0
0
0
41
7
0
10
0
1
1
41
4
0
3
0
334
293
273
0
24
0
54
0
0
0
0
0
0
3
1294
1
8
17
0
0
0
0
0
0
106
0
0
215
7
276
149
4
16
0
0
0
85
0
605
0
1
214
0
0
0
6
0
0
2
0
287
0
0
0
0
0
792
1
6
7
2
577
0
0
0
38
0
0
46
0
5
0
58
37
0
0
2
304
0
0
0
0
325
43
196
0
12
4
4054
0
0
129
0
0
3
0
0
1
0
0
268
28
0
0
0
0
155
0
0
23
2047
0
170
45
41
0
0
127
2
0
21
6
858
341
0
30
0
0
0
1
0
0
2
6
299
0
0
0
3
0
0
0
155
4
230
0
0
0
8
15
393
0
7
0
0
0
0
4
0
7
0
0
479
76
0
0
0
0
6
2
54
178
0
270
0
0
0
19
0
0
13
0
0
0
0
100
0
98
69
0
124
46
0
401
0
0
17
0
72
0
197
0
61
32
0
0
0
1
0
0
4
0
13
0
0
0
2
18
5
35
752
0
334
0
263
0
618
0
0
25
3
15
294
3
269
57
16
0
3
4
0
4
0
0
70
68
65
16
0
0
1
0
1
0
15
0
0
53
0
4
506
0
0
0
0
0
0
0
0
0
17
1
23
4203
115
0
20
0
0
3
106
0
0
0
0
0
0
19
0
0
0
0
6
40
308
20
15
0
7
0
400
0
7
0
3
0
0
0
1
0
0
7
112
219
0
729
0
31
77
1083
71
9
0
0
0
1
332
93
0
0
0
0
0
129
0
0
0
7
0
27
131
37
2827
0
2
13
233
351
0
0
7
1
89
3
105
0
623
0
0
75
1
0
0
4
0
191
0
239
57
144
0
365
1652
155
0
20
9
6
0
0
3
0
18
0
0
0
26
0
36
0
0
0
608
389
48
0
0
0
2
2
2
86
0
22
27
0
6
7
674
11
39
4
13
0
0
0
1124
0
25
0
7
362
0
0
2092
1
145
6
254
0
0
4
3
1
1165
0
972
0
0
0
444
0
0
0
122
0
90
750
0
2
0
4
1124
0
0
0
76
0
0
10
0
0
0
94
0
0
23
28
16
1
0
0
70
209
6
0
0
0
0
0
0
178
1
2546
0
1
3
5
0
0
0
12
0
0
0
1239
0
850
0
0
167
0
0
0
11
11
116
0
0
25
0
277
0
12
0
34
4
103
0
289
0
0
0
1
0
0
0
56
0
0
215
0
9
6
1020
0
0
0
71
17
0
109
0
0
7
0
159
27
0
4
0
0
0
189
10
19
0
0
0
0
0
0
0
0
50
184
0
57
230
18
0
96
0
201
0
34
0
10
0
0
0
0
15
0
1
1
31
0
30
294
0
0
0
51
62
10
17
0
590
7
22
0
0
1
0
0
1
14
165
2
0
0
0
63
0
0
24
0
36
15
0
0
0
31
4
0
1012
41
0
94
165
3
0
37
56
0
2707
496
4
108
27
562
63
0
0
21
0
48
390
0
43
0
0
3
2
0
0
0
0
0
0
81
0
0
0
0
10
0
0
0
0
0
0
117
0
29
1
31
0
0
0
0
0
0
0
0
0
252
0
3112
16
0
10
0
298
0
0
0
0
0
0
0
14
0
0
233
0
5
3
0
0
86
0
762
98
0
0
104
0
0
7
20
0
0
1
0
0
0
88
8
0
0
0
2
46
67
0
1
0
87
7
0
71
13
0
0
93
8
0
0
0
0
58
122
0
26
2
0
0
20
1
0
0
1
159
0
10
302
0
0
0
20
0
0
520
0
0
0
5
0
0
0
252
1359
0
19
0
0
17
189
0
3
0
0
70
245
0
275
405
0
0
6
0
1
107
0
0
4
6
0
1
103
0
0
1
926
0
0
0
2
323
0
0
0
0
0
0
0
307
40
0
0
43
0
88
0
0
480
0
0
102
5
144
106
0
0
49
0
0
5
87
17
0
2
0
20
53
131
3
0
0
0
0
0
6
0
0
106
0
0
15
90
0
0
15
0
234
105
27
0
0
0
0
6
0
587
0
208
0
13
0
0
188
1
0
0
0
287
0
24
0
92
2
1587
0
0
38
149
249
66
102
0
1
234
0
771
0
77
2
53
0
0
32
206
0
0
335
0
248
0
0
0
1
1
0
19
4
159
0
1
0
16
0
8
0
0
272
0
5
108
0
318
51
0
525
2538
2
2
0
0
0
676
47
0
0
0
8
1
0
0
1
315
52
0
0
1
0
598
0
59
5
0
5
8
0
0
0
95
0
92
49
6
0
3
219
0
164
0
57
1851
3013
7
114
0
0
12
74
7
0
271
11
45
0
0
56
103
21
1
323
0
0
87
0
0
5
0
5
0
4
0
0
0
2
21
0
5
0
10
2
20
0
7
0
126
4
6
86
0
4
142
10
0
4
16
77
0
1
4
0
0
100
0
0
24
2
0
0
0
0
18
67
288
9
4
0
0
0
0
0
0
671
0
1
1
0
447
0
1
0
10
0
0
3
0
98
0
10
0
0
1
19
14
3
0
5
653
111
0
2
0
0
0
0
7
81
28
0
566
0
112
128
1
0
48
2
18
18
0
0
0
0
0
18
0
4
0
46
52
0
0
42
110
0
2
0
0
0
0
52
0
0
1
0
51
0
0
3
128
0
160
0
37
38
3
332
0
0
4
257
12
16
0
0
0
0
26
1
221
0
341
144
0
78
47
9
187
0
7
42
9
0
2
45
20
0
192
3
0
245
0
4
0
1569
0
0
0
7
8
0
0
0
321
30
0
1
159
0
0
0
67
871
0
0
0
0
269
0
0
18
1
0
0
0
0
0
107
4
1
304
0
0
807
0
32
217
0
560
4
142
36
0
0
0
39
129
335
0
98
59
0
18
235
40
8
0
0
1
0
0
353
34
1
0
0
29
478
24
11
994
1
0
1
0
0
748
6
90
124
0
7
223
2
790
39
0
0
131
162
0
0
0
0
0
0
0
85
295
156
297
5
1250
160
281
1
77
0
0
0
0
0
225
0
12
3
346
27
0
1
0
46
34
0
0
7
84
1541
150
41
0
0
2
292
0
0
0
0
0
0
8
0
323
118
0
2
0
33
22
20
2
0
0
0
0
0
166
0
11
100
19
0
13
0
1
244
4
1283
0
0
47
16
880
2
1
21
0
0
0
0
0
0
0
0
0
35
359
0
32
0
2
1
3
0
0
52
127
29
0
0
5
0
2
0
18
37
19
34
93
112
2
0
0
0
0
0
213
51
85
0
0
38
0
203
0
165
0
669
28
0
0
0
9
47
23
55
0
2044
1
1
0
4
3
0
9
272
0
0
0
0
21
243
0
0
38
2
314
0
591
1049
6
42
202
12
5
57
13
103
0
133
733
110
10
61
0
0
0
182
4
7
0
0
308
289
1664
1930
0
203
6
318
0
0
0
0
0
0
0
28
0
0
3
2573
364
94
0
523
196
4
5
48
2
1356
1
0
2
0
0
7
39
11
0
0
410
0
95
0
20
0
3
349
985
0
28
5
0
540
0
173
0
0
166
60
25
29
0
0
0
0
0
0
1
33
293
41
0
0
3
126
1005
0
4
6
27
10
186
2
1059
0
0
127
4
0
0
0
3
0
274
0
0
0
6
125
0
0
0
400
0
115
112
59
121
0
0
156
0
0
0
71
0
56
2
21
0
787
1078
1
286
8
7
1
212
67
148
0
132
0
0
0
0
103
0
0
0
2
0
1
0
74
16
34
22
72
106
14
5754
387
35
0
124
0
0
0
0
0
0
42
0
0
0
0
74
76
9
0
4
4
9
0
103
15
653
0
15
21
8
0
33
0
2
1
0
6
104
0
9
0
0
303
0
0
0
12
0
399
852
0
0
0
502
0
11
178
32
356
273
0
236
0
161
13
0
0
0
85
0
48
0
0
256
4
2
0
1
0
0
0
3
523
7
45
159
0
1
15
0
290
0
0
0
0
24
0
0
43
3
0
0
183
37
797
0
0
870
0
0
358
0
0
0
1
0
0
0
9
50
0
0
3
0
0
148
0
0
0
0
0
0
0
1
1
165
0
0
0
0
1
0
33
1
3
0
0
0
16
0
548
4
0
173
0
0
38
3
0
4
189
0
0
552
0
0
0
5
0
10
222
0
39
1
322
88
0
0
38
0
0
0
0
2
0
11
0
0
0
50
0
0
137
26
27
0
2
345
353
0
0
2
0
634
0
0
0
22
52
1044
0
0
37
0
0
3
14
11
28
0
0
0
0
0
243
3
0
480
0
104
0
433
4
35
31
10
90
435
0
913
6
0
0
0
319
0
1
106
0
30
0
2
6
0
686
3
0
3
0
0
3
1
33
0
0
315
0
0
0
0
0
0
2
61
67
30
0
0
14
2454
334
0
16
0
0
0
11
0
0
0
25
8
23
29
29
2207
0
0
0
465
0
3
0
0
0
0
293
79
0
3
0
147
0
0
1
133
0
0
0
0
8
70
0
0
3
0
0
3
0
4
0
0
255
23
87
0
0
0
0
5
0
0
0
3
1
0
0
0
69
9
0
107
0
0
0
0
0
0
0
0
0
0
0
0
1736
0
0
0
32
0
68
54
70
0
0
13225
0
0
0
71
13
0
0
0
0
0
3
0
0
0
118
0
0
0
17
0
0
0
0
0
0
0
0
0
0
46
0
0
0
7
0
1980
10
46
0
5
0
0
1
0
0
1804
532
216
47
4
0
0
67
0
256
18
96
426
7
223
276
100
0
281
42
0
37
0
0
0
0
4
83
1
0
0
0
28
17
389
6
254
5
125
0
0
0
0
44
50
3
0
0
1
67
7
41
12
62
3
6
47
22
0
0
0
0
0
0
0
0
0
1
0
0
0
0
76
15
0
0
0
1323
0
0
6
2094
235
0
256
0
3
0
0
5
335
0
0
1059
5
0
251
0
0
28
25
0
0
0
0
0
186
0
0
1
0
0
0
230
76
0
0
0
0
2
0
0
0
0
24
2
0
0
72
0
0
0
8
251
0
0
196
3
1
0
138
0
4
109
0
0
49
0
0
0
0
82
0
2
4
20
2
0
4
8
0
0
34
12
0
0
0
8
21
0
19
0
0
0
0
534
0
196
0
0
5
0
0
0
0
0
152
460
0
0
0
25
0
105
0
0
0
29
59
0
0
0
205
0
0
252
46
0
0
3
0
0
735
0
0
0
452
0
0
2
40
0
55
732
0
1
0
2
0
0
0
0
0
0
0
90
52
0
0
0
0
0
0
0
0
0
0
489
0
50
0
16
1
0
0
0
0
0
0
0
0
0
0
0
5
0
0
0
0
0
0
186
0
64
0
0
0
60
0
0
0
582
0
1192
0
413
0
0
0
0
0
20
0
9
0
0
0
0
0
0
2
0
0
0
0
605
13
0
0
137
0
1
0
0
0
0
0
5
0
0
85
0
284
39
0
0
0
0
0
30
0
2
0
39
0
0
0
1
0
0
0
0
0
0
0
0
0
0
0
0
0
13
172
13
0
0
0
1
3
0
0
0
919
0
0
0
21
18
0
6
0
0
0
0
0
23
0
0
0
0
0
646
93
0
165
1
0
0
0
0
0
0
0
13
429
6
55
0
0
7
914
441
0
2
131
0
0
1
0
0
0
224
0
0
0
0
5
1034
0
157
0
0
9
0
425
0
0
0
0
0
256
0
0
0
0
0
0
13
0
0
0
160
81
0
0
1
1968
0
11
212
0
1573
0
0
0
0
0
0
0
12
0
0
0
0
1
0
0
0
0
80
0
91
0
4
318
1
696
0
7
0
0
0
19
0
0
5782
0
0
0
0
0
0
0
0
0
43
0
0
5
0
0
485
0
238
0
0
15
0
308
145
0
184
0
1
471
0
11
0
0
0
0
1575
0
0
0
0
0
0
1782
33
3
3
6
0
1
0
0
0
72
0
56
0
2
10
0
213
0
1
153
0
0
0
0
3
0
0
0
23
130
14
0
0
0
0
0
0
0
0
1
153
0
0
0
0
59
0
0
0
0
0
154
0
0
0
0
0
0
1
0
0
0
0
0
0
1
302
3568
91
0
0
0
0
72
0
0
0
0
0
0
0
0
0
87
0
181
13
0
0
54
1
0
0
0
1046
0
1
93
0
0
15
20
0
1
74
1
10
0
3
664
192
35
4
0
19
0
31
0
49
0
16
0
125
0
579
0
0
303
5
237
91
41
0
0
0
148
7
0
206
13
0
365
6
0
0
41
0
265
0
0
0
0
0
206
1488
643
9
0
0
0
0
0
1086
179
179
0
314
1
0
8
15
144
0
0
17
0
10
25
45
0
3
40
13
0
0
0
182
10
123
688
57
79
220
0
0
7
170
0
185
0
0
114
0
24
0
0
83
2
0
1
0
4
23
0
46
2271
0
0
1349
0
0
58
2544
0
42
53
0
0
3
4
8
0
0
0
2
3
0
1
13
21
9334
221
0
631
1
158
632
16
0
32
0
1
0
7
0
98
13
69
2
0
0
55
291
274
0
0
807
0
22
0
63
0
82
109
147
2
0
84
0
189
1
0
0
0
110
0
14
29
254
28
0
8
358
5
178
127
51
0
0
88
1502
6042
0
0
8528
69
475
0
0
0
0
195
318
0
70
24
316
0
0
0
386
0
218
0
0
3034
16
80
1909
0
0
2
396
0
28
67
286
73
77
469
0
2
344
43
41
0
190
51
2
65
540
0
0
3
363
0
0
1
1
0
2
2
0
0
0
420
24
358
40
450
587
0
24
130
0
47
0
820
0
118
5
40
0
2
0
98
2
1218
540
1350
0
0
105
84
0
129
178
0
0
0
31
0
1207
3
130
0
80
279
3
0
0
2
81
0
0
2
308
0
79
0
0
5
0
27
30
1
391
0
618
13
0
105
15
0
985
0
678
0
236
0
1
0
14
151
118
7
0
0
1120
0
479
0
0
162
244
29
0
0
290
58
0
246
0
22
0
101
56
0
0
2482
0
0
527
24
94
33
334
1
9
34
16
11
317
0
40
44
0
80
895
78
70
6
562
41
2
569
3
0
196
0
1
7
20
3
0
88
47
749
40
4
0
0
0
234
123
270
113
367
3
27
0
0
0
59
333
52
0
3
30
71
0
10
21
201
631
0
6
260
0
129
28
37
13
0
2
3
6
363
0
0
123
0
4
116
39
1
47
0
213
49
23
0
0
30
12
480
0
0
0
0
3
17
23
254
16
0
0
4
2
0
0
141
1067
2
0
3
0
61
811
47
112
1486
293
26
0
0
21
15
0
279
10
73
111
36
43
4
0
16
444
9
0
25
10
0
385
0
7934
0
23
42
0
0
149
0
0
0
30
0
24
127
10
0
290
3
0
5
0
3
451
0
0
69
293
0
0
32
49
0
0
311
944
0
0
14
2
0
0
1090
2
13
0
4
0
0
0
41
43
374
0
54
0
1
13
1998
0
0
3
16
960
13
0
0
0
10
78
0
238
45
0
0
560
579
0
0
21
11
0
2
22
0
1272
40
889
1131
0
0
0
614
0
0
1
22
12
0
67
0
0
167
0
0
7
71
99
191
54
41
0
0
0
0
30
0
0
366
37
0
194
0
1
2
573
236
668
362
1
202
33
7
1113
0
3
0
8
1
153
142
133
23
306
4
0
146
1
0
44
0
1071
0
5
62
279
34
72
16
0
3787
2
0
0
63
0
0
1121
0
165
303
583
0
132
0
90
7
0
61
15
83
4002
0
2
1
843
0
175
16
210
0
42
48
5
124
1
0
0
0
0
1004
0
73
0
0
0
7
95
272
276
0
7
0
0
0
0
2
0
0
605
628
2
0
15
0
0
176
0
0
8
0
0
0
57
10
515
50
0
40
0
3
149
235
7
13
0
66
1
0
20
7
3366
7
0
0
180
4
1
350
0
70
0
2357
89
0
23
0
0
437
0
2
0
22
39
93
0
0
308
181
66
3
121
108
0
0
0
1760
26
0
90
223
2
59
0
90
0
88
10
0
0
0
94
12
0
157
106
0
12
0
0
0
215
634
3
39
0
0
93
262
20
0
105
0
153
248
60
0
3
24
1
11
2
0
0
0
1136
37
14
3
0
0
0
2237
138
158
167
0
0
26
29
11
165
7
0
2
1
0
0
0
345
0
0
6
37
34
81
644
0
0
201
0
1361
7
228
0
48
0
97
25
170
0
223
35
98
1
15
0
999
160
29
0
1041
404
0
323
0
3
0
6
0
0
858
99
0
382
0
0
69
1
0
0
798
99
3
7
0
76
241
80
0
0
0
45
0
0
10
129
14
1
0
11
0
65
0
1
0
397
4
0
0
966
0
41
6
23
0
0
17
181
0
0
368
0
0
0
0
0
56
11
0
1
31
0
0
9
0
0
6
1
0
0
154
22
237
0
2
0
11
11
0
5
0
0
0
2
4
0
11
17
2
0
4
0
1
0
1
21
0
2
39
0
0
40
0
0
1
1
37
0
0
0
13
37
11
0
0
0
0
7
2183
1
0
0
0
16
23
28
15
0
0
93
73
0
1156
96
14
71
5
81
0
159
1
5
148
2399
4
0
0
15
0
0
993
12
201
0
0
59
0
87
176
0
192
6
142
14
0
47
153
48
0
0
77
1149
35
1
38
12
0
806
9
592
2592
0
0
133
55
0
5
9
470
25
12
57
271
10
129
22
0
154
210
205
1
0
0
859
1
0
0
0
0
0
0
0
15
0
52
33
4
154
16
56
0
0
65
79
92
2
0
21
439
8
114
0
24
9
0
2
384
0
172
3
0
0
2
894
0
0
591
0
1
50
0
0
78
3
1531
0
1034
0
75
399
27
0
0
0
0
0
1546
0
0
2
1
710
0
0
1240
212
5
0
138
6
20
253
22
11
35
189
0
9
325
14
0
0
4
0
0
20
70
0
98
91
0
0
317
2315
32
2737
0
6
0
291
1
95
4
1
37
8
17
5
0
2
0
20
0
47
39
142
0
354
116
296
571
162
413
1
0
1010
0
0
0
1
277
526
1
0
0
1
0
1
0
0
0
0
0
0
0
12
50
125
146
50
1
2
0
137
0
0
0
0
2
0
83
0
74
0
8
0
0
0
0
27
181
8
0
0
0
0
1347
267
0
1
0
0
108
0
0
0
467
1
0
50
359
0
488
25
0
7
0
103
0
37
0
0
0
0
17
111
42
0
0
15
4
0
234
0
125
0
0
0
0
395
7
0
14
0
0
39
0
136
52
354
0
0
0
90
589
0
11
0
0
3
0
191
0
8
300
0
1
0
0
0
112
0
8
222
163
62
0
73
220
144
2
5
11
708
10
262
0
0
0
0
2
50
120
580
0
3
0
0
12
0
0
0
0
2
0
6
0
257
24
0
4
52
105
0
5
3
0
2
1
182
0
109
0
141
66
0
6
3
0
0
0
0
32
0
0
3
18
73
0
2
15
141
3
23
0
73
4
0
0
0
0
0
0
24
0
0
17
0
0
0
36
0
7
13
0
0
44
0
17
0
18
14
143
16
0
553
0
1
44
10
13
0
4
0
1
0
1
1
16
0
21
42
0
0
0
38
155
88
183
0
0
25
0
38
0
855
0
165
100
880
0
0
1770
677
0
0
0
552
4
0
6
42
1
0
0
28
0
84
0
6
619
24
658
0
5
4668
152
0
26
0
50
17
0
8
468
0
689
0
0
210
3
17
0
6
537
0
0
39
0
351
4
3
6
130
14
20
0
0
542
119
0
0
208
0
220
1
37
28
239
1
14
0
0
0
0
0
632
1
0
318
201
0
2
901
0
4
0
14
0
2
0
244
4
390
9
89
1143
20
212
0
261
0
13
762
0
0
29
9
2
0
77
1
28
0
2
9
688
0
2829
0
512
41
2
383
0
0
181
0
184
403
0
14
55
391
63
43
0
1
0
35
180
0
0
0
23
275
7
0
0
0
4
325
0
58
1649
33
642
50
6
1060
40
11
4
148
516
0
0
429
553
166
0
696
195
31
0
0
1
3
776
1060
331
25
227
0
22
7
0
0
426
6
11
0
275
53
0
27
18
12
402
96
20
161
0
1
102
5
0
0
0
163
0
42
403
19
0
0
3
42
317
0
24
0
2
603
0
581
19
11
0
0
1588
0
254
899
15
0
56
683
98
269
61
16
6
0
575
0
874
24
0
0
0
1
791
0
1148
54
2136
43
263
93
161
0
289
0
0
2
1
14
31
147
176
0
22
32
16
434
0
0
329
25
0
0
125
191
66
240
0
0
6
2208
0
1
9
9
6
0
269
42
7
24
60
0
120
17
0
0
2
34
198
0
0
0
0
60
0
11
4
24
0
595
0
11
0
0
0
1
19
0
117
2
30
1
57
0
30
0
1
63
19
5
76
26
520
1
0
0
0
92
179
23
818
50
0
0
163
0
18
0
340
181
2
0
157
28
0
219
138
143
17
132
0
0
0
0
1
18
160
1019
25
12
1
223
501
0
101
0
20
16
389
265
673
286
998
0
284
450
0
3
0
44
32
0
211
0
117
181
128
0
44
0
120
442
783
269
0
382
1105
0
0
0
0
183
0
0
0
64
6
0
0
0
0
0
0
0
1
37
938
149
117
9
25
1623
3
2438
0
0
260
0
6
8
0
0
419
31
1
307
2384
0
45
13
0
149
665
3
2
9
0
0
31
0
77
0
44
14
82
4
0
14
903
93
0
1
95
38
0
0
0
0
104
0
4
0
0
0
397
652
32
188
42
2
7
0
0
31
89
394
10
389
172
0
110
43
88
25
0
35
0
0
0
19
0
510
15
25
7
47
43
51
0
0
0
0
0
0
10
67
757
0
0
0
0
2
0
0
0
48
16
33
0
501
12
137
101
0
9
82
1253
40
124
47
0
0
4
0
79
12
0
0
993
0
668
125
3
1
214
51
75
24
2
0
116
39
393
238
0
0
0
446
0
0
0
0
100
0
1
86
0
0
3
0
273
42
0
392
0
1640
0
50
91
17
0
401
1
0
0
179
0
0
0
0
133
0
546
36
0
160
2
8
29
270
288
44
0
0
2
17
0
0
0
10
413
0
0
1
13
43
0
0
166
68
27
0
54
0
20
0
1
5
0
1518
3
3
0
0
0
11
0
21
0
765
0
0
87
10
217
0
0
0
189
0
28
0
42
18
2
1282
51
9
8
2
0
0
0
3
63
241
56
0
28
0
0
16
298
0
12
24
6
0
15
0
110
503
2210
53
198
0
16
34
0
94
1
15
4
3157
1
53
175
0
1313
0
0
7
86
0
159
46
0
17
1
1
81
26
0
0
6
67
0
2
0
62
0
0
0
0
488
251
1
518
85
6
847
2
1
1
142
152
2
24
81
0
37
7
85
311
188
1584
0
0
1
0
17
738
151
13
235
970
103
202
0
1890
214
20
0
2
635
105
1035
1
0
3
1
105
0
1493
23
200
291
0
3
322
22
0
11
121
899
0
3
23
36
2
6
289
6
14
7
20
0
678
52
0
0
108
5
6
0
0
0
42
3
0
151
70
33
0
749
1
0
127
104
0
14
0
2
0
852
0
271
0
97
0
369
45
388
0
57
0
0
0
0
0
0
0
1
5
77
0
1372
0
82
0
5
122
55
0
12
3
257
39
10
60
0
0
0
193
231
0
0
42
0
9
0
0
0
864
0
124
910
3
25
32
132
0
0
0
0
353
23
8
0
12
0
0
1
0
0
4
113
58
36
4
19
15
1
3
0
1
59
6
0
10
83
31
89
0
0
103
1
0
0
39
0
1
19
10
14
77
0
3
0
400
0
0
0
0
1
63
19
3
0
319
67
306
2
384
45
20
6
11
56
154
0
0
3
0
417
114
25
89
255
0
51
226
0
0
0
0
84
0
41
35
0
0
502
0
35
6
13
9
56
103
2
994
1
412
21
0
4867
9
89
0
621
0
0
1128
252
13
0
23
78
5
22
1
0
128
40
3128
35
0
0
0
0
1
1207
2973
25
81
2
778
0
173
227
0
0
635
0
76
7
3
247
34
398
99
242
3
5
36
224
31
0
0
0
0
7
176
0
53
15
1
5
0
161
55
255
96
18
50
0
245
0
167
1596
83
0
522
178
104
31
1
65
4
306
17
0
10
0
0
0
0
687
0
23
0
12
165
15
0
0
48
2
104
1
50
0
344
0
355
0
589
0
0
14
16
1
2
1
298
4480
155
203
39
398
2
792
9
284
1058
11
160
0
32
40
72
3
32
0
8
0
0
12
51
698
20
5
1
0
0
329
49
91
0
86
1246
856
11
0
0
0
68
165
0
78
2
145
203
220
51
242
44
19
0
2
732
0
0
0
0
23
0
0
3
80
0
0
11
521
0
0
0
270
465
332
21
391
55
1137
0
158
0
0
15
47
18
11
0
17
304
9
0
0
305
0
1057
1
20
1
0
2214
0
0
16
12
0
10
0
115
137
209
0
33
0
0
76
103
0
1469
1777
4
459
130
0
0
0
57
314
57
0
0
0
142
11
1963
11
225
77
3
69
0
350
21
30
133
0
9
0
2
1975
0
19
0
0
8
2183
67
39
140
0
0
6
0
1
0
120
335
1
31
54
0
0
0
2
197
0
7
41
53
131
0
2
3
1
4
913
94
0
38
84
0
32
0
0
0
581
106
8
251
4
762
33
2
187
240
0
0
15
556
0
264
0
2
0
0
274
4
2
38
2
0
0
0
13
19
199
50
263
0
0
2
194
0
1
4
200
0
0
0
0
0
0
443
0
0
5
0
14
0
2
0
0
989
2
18
0
50
0
2
5
624
0
1
795
0
0
0
307
30
747
7
0
2
59
177
68
0
48
487
0
0
0
72
2
0
15
4
2565
1
7
66
62
0
0
0
7
1
169
15
37
179
641
0
0
425
172
0
0
0
39
215
4
68
0
150
208
6
23
9
0
74
3
12
3
224
0
6
0
4
137
123
21
245
0
168
1261
49
0
224
0
140
0
412
8
152
0
0
128
871
0
59
0
2
0
155
0
0
4
36
290
1
0
94
109
441
14
7
5
313
0
52
309
250
0
0
1
117
76
617
64
0
54
1
17
0
0
5
0
3
0
0
0
140
9
0
0
0
384
37
3
37
7
2
0
241
14
1
6
2
174
1123
54
1249
0
0
0
0
0
342
0
0
15
16
400
0
0
18
0
0
0
269
300
0
0
864
0
2
3
2
2
0
9
0
0
8
0
0
16
100
3
116
117
0
20
0
0
0
214
0
193
1087
0
112
7
31
2
20
0
193
0
55
26
3
215
15
0
50
0
3
65
108
3
0
179
0
0
0
180
0
3
0
1150
230
33
386
0
1
0
8
258
44
33
247
1
0
0
2
0
0
354
139
0
758
12
130
7
11
3
0
202
70
2
0
1
131
19
7
0
59
274
96
0
329
200
0
6
15
4
138
1033
533
1
3
510
0
409
0
0
0
7
169
40
416
0
0
0
0
0
0
46
2
0
0
286
0
0
0
81
0
0
115
0
0
0
1821
0
20
260
0
117
0
18
0
0
56
0
6
4
117
81
611
0
181
0
101
0
0
0
0
0
2
28
0
5
0
71
0
0
0
11
0
534
127
1865
0
20
26
170
38
1086
0
40
0
0
0
227
0
128
0
0
198
0
43
0
0
0
1
489
306
214
82
15
34
0
0
11
2
20
0
3
129
128
35
0
2
0
14
102
114
39
252
0
105
3
17
84
0
1770
0
387
0
0
929
0
71
40
556
0
17
0
21
13
1685
102
20
21
2
0
0
0
1
61
464
53
0
521
288
213
0
339
61
101
36
0
10479
7
57
9
256
355
103
2524
0
264
88
21
19
54
0
557
2
0
258
101
0
226
129
1
233
0
0
9
1114
0
33
42
42
88
12
8
0
0
0
0
0
107
53
81
0
1268
0
0
0
2
37
393
18
42
2063
2
7604
0
0
117
0
1
1
5
4
0
0
292
451
14
0
67
238
842
0
51
142
227
0
279
0
1
2366
23
0
0
1
0
11
0
0
148
0
0
69
1936
12
224
46
0
333
791
1192
152
67
0
151
762
0
0
25
28
966
0
0
544
18
0
8
2
0
0
199
11
991
0
0
84
1
9
1
2070
115
0
0
2
9
183
7
0
0
47
0
0
0
57
181
1248
32
157
930
0
0
0
217
0
0
3
8
1
171
0
0
532
61
76
0
964
605
63
97
10
4254
3
0
0
3
1951
0
0
0
18
0
0
0
0
9
206
8
0
11
1
543
6
0
113
1592
0
875
5
15
13
0
0
2
74
13
7
0
7
0
0
39
0
7
0
138
257
52
0
110
459
0
0
141
56
0
109
412
17
1
27
0
0
0
0
71
432
0
0
12
189
44
0
342
0
3482
58
0
0
401
0
6
57
31
0
93
58
81
1321
159
0
0
36
0
0
0
0
84
8
3
298
0
15
3
63
0
84
5
0
3
0
25
5
96
31
0
2
196
0
72
0
2
1
4
2497
8
13
16
21
0
241
0
0
156
5
29
72
410
0
0
59
18
76
264
0
224
32
0
7
507
153
196
21
0
13
0
0
0
0
23
12
66
5
23
0
0
55
99
604
7
0
0
123
406
132
5
194
1
41
10
0
104
0
0
10
0
0
0
28
28
0
161
16
0
0
0
0
0
309
0
135
4
0
0
159
9
227
23
1543
109
92
0
12
118
4
0
1
0
0
71
2
35
5
0
0
4
46
449
0
1
0
0
401
0
0
37
0
296
256
2
371
7
13
1943
0
202
16
0
0
10
1
11
0
20
3
0
5
272
1453
179
111
418
0
26
157
510
10
1139
82
2
6
231
512
38
1969
2
27
25
0
0
2
45
339
334
2
428
375
0
0
0
221
0
0
0
28
6
1137
17
0
0
27
208
139
3
12
0
6
0
60
0
247
494
21
20
242
0
128
0
3
0
3
866
507
1042
0
233
0
141
105
158
0
0
5
0
0
0
947
0
115
84
0
18
1042
70
181
40
409
8
0
16
26
2221
0
2
0
122
0
225
1524
85
0
123
3
240
8
40
0
229
236
15
0
2
215
348
0
6
0
90
91
0
0
22
0
0
0
0
0
178
0
3102
0
0
35
2907
0
47
7
5
0
0
117
0
4
4
438
9
0
248
201
241
48
1
5393
513
12
0
4
0
55
0
0
182
0
0
0
134
25
4
240
0
0
16
9
0
187
0
865
6
93
815
211
468
0
152
0
125
0
236
5
390
0
0
0
0
17
515
34
0
0
738
57
523
0
299
62
171
35
55
7
0
10
2
17
1
0
0
156
0
0
343
0
18
114
1112
6
0
0
9
21
0
0
0
34
635
9
0
535
139
194
0
0
0
144
4
0
81
195
13
0
0
321
1
2
15
0
0
81
22
1
0
33
1
367
0
95
9
0
0
0
0
106
0
28
0
84
130
0
0
677
0
321
0
184
4
0
39
21
113
140
204
0
0
0
49
0
0
102
0
574
134
3865
0
12
3
152
187
26
0
3
0
85
18
0
2
0
0
0
0
0
0
334
20
0
5202
1488
7
0
0
0
521
0
130
0
770
105
0
0
2015
150
0
0
12
334
5
0
0
38
8
2
276
826
0
1906
0
0
489
231
234
34
0
1
0
1112
1511
0
93
0
228
0
0
0
1820
333
0
0
0
1675
117
6
245
1
0
4
2
14
38
762
3
144
0
0
0
0
2
0
82
35
0
53
0
19
0
0
85
9
10
0
199
0
39
0
75
9
0
1327
0
1
0
44
26
0
304
1374
1
78
32
7
335
35
1
0
39
7
11
482
0
0
4
0
0
3
44
100
389
0
1
115
272
260
32
0
218
88
250
12
0
327
22
19
0
14
11
98
281
1
141
1
26
3361
865
186
0
180
0
496
118
0
0
182
245
8
57
14
6
0
3
0
0
0
0
0
38
543
211
21
0
0
0
0
50
15
1767
0
0
0
0
0
0
74
1248
0
9
23
0
34
0
0
446
281
0
5
0
0
41
241
49
104
2
149
2
0
63
0
0
36
0
6
79
19
0
0
632
5
0
7
2
364
1
21
202
0
0
54
30
80
0
15
4
59
0
45
1
0
0
0
388
0
0
316
91
49
1
258
0
23
0
239
51
12
6
21
15
7
1311
24
0
6
3
0
16
2
0
213
3
62
201
0
2555
22
22
273
0
13
0
2
201
18
25
1
67
0
2
134
596
7
151
7
22
153
34
0
2
94
0
0
0
252
1397
0
29
260
145
317
0
0
0
0
66
3
1735
0
41
0
9
457
50
5
160
6
50
0
88
0
0
14
0
0
0
271
153
3
21
1516
2
0
0
0
54
322
11
0
136
0
10
115
187
449
0
83
0
11
454
48
79
0
0
4
42
0
1
0
233
11
216
401
0
12
0
3
23
7
127
0
0
200
85
154
0
0
128
43
714
3
0
156
0
1
0
0
227
15
213
5
0
0
0
38
4
654
410
1
4
27
203
265
71
0
0
14
108
2
31
11
817
20
51
0
100
0
1
0
12
0
502
295
23
1
40
0
0
285
0
0
90
0
0
0
8
0
83
0
1
25
2
0
594
299
20
652
0
0
0
315
0
16
0
77
0
0
25
2
14
0
342
580
2
1
2001
0
0
1
57
395
0
119
34
0
3
0
0
754
58
18
11
0
23
0
0
0
12
0
177
12
0
1
0
0
0
0
4653
0
11
1
972
0
59
0
0
983
110
39
6649
67
0
1177
0
8
7
30
45
0
271
0
648
0
0
311
0
170
0
3
9
332
71
0
0
28
219
575
478
18
0
0
276
0
0
0
72
7
14
2
6
0
4
111
16
298
49
0
1
0
66
131
56
2342
0
30
0
78
0
1008
21
76
20
689
0
183
28
0
158
287
1
0
19
154
133
76
0
0
0
0
66
922
14
22
15
16
953
4
3
659
50
184
12
0
673
0
27
0
24
506
23
45
5
333
0
21
5195
6
7
0
141
0
87
194
0
120
224
937
621
0
0
36
1
3
38
597
32
10
0
11
470
4
0
43
0
1
0
0
0
0
5843
0
0
0
1022
0
27
0
25
1048
0
0
10
4
28
0
0
14
51
80
388
0
0
87
146
127
428
313
82
0
73
0
32
297
2
210
0
41
815
0
42
42
0
0
118
6
52
47
1
0
12
0
6
0
0
0
427
0
0
35
173
0
12
0
131
1
107
18
27
6
0
396
0
1020
0
1005
120
0
14
471
0
95
23
1
0
332
0
57
87
1883
4
0
0
6
22
817
0
9
0
778
3
0
0
0
572
0
1613
0
7
120
0
0
0
134
0
38
0
150
0
2
138
0
31
0
10108
1
5
9
0
0
0
101
0
0
0
29
0
1
0
0
532
0
492
20
88
0
0
243
119
0
1
0
0
2
0
242
45
1
0
241
0
0
273
0
194
0
0
125
0
3
34
57
0
129
5
3
0
0
0
0
0
298
0
0
0
1
261
12
0
754
0
0
1
26
46
0
5
0
129
2
0
0
30
7
0
0
32
109
0
27
80
3
148
0
0
734
3851
0
1
0
0
242
0
60
8
6
0
0
9
4
368
41
8
6
0
91
0
3
99
40
63
8
0
32
0
18
208
3
0
133
1102
0
180
0
0
19
60
4
3
0
3
197
19
168
0
46
0
0
0
9
758
0
170
0
0
3
46
0
0
11
8
0
372
29
0
23
0
0
73
17
1
76
185
0
0
12
0
4
13
155
0
0
3
6
0
1255
0
13
0
520
0
94
8
360
0
10
17
0
817
15
2
65
0
0
6
3
652
0
0
7
0
13
119
47
248
153
0
0
332
0
18
0
578
1069
1104
0
25
17
485
189
3
0
0
97
35
49
2
125
128
663
155
285
216
1246
270
0
0
5
2
69
37
0
187
0
14
21
1
4713
3
16
5
13
107
0
2
312
0
86
3
19
0
0
0
333
0
28
0
0
0
3
23
16
0
443
16
67
0
369
2
0
5
9
106
0
9
0
17
99
0
399
95
0
33
1520
21
29
5
0
0
0
333
1
3
0
48
0
2
0
0
97
1018
456
0
0
0
0
41
0
7
0
0
2
0
9
11
3
0
0
231
2
0
0
11
236
871
392
492
0
12
82
0
0
0
112
877
214
12
1
44
0
0
7
121
0
3
0
0
3
0
0
0
0
0
2
0
7893
3
67
59
6
57
12
715
547
616
0
0
0
466
0
60
130
2
0
0
80
217
18
0
1
95
0
198
134
1
2
16
0
0
33
19
0
17
0
17
4
0
15
808
83
7
275
38
18
192
1125
4
24
0
0
5
1
305
78
989
1506
0
15
17
16
142
0
12
0
113
69
2
268
15
252
0
0
96
3
3311
1
0
0
3
2
0
20
14
12
40
0
134
0
313
369
53
174
0
63
10
55
109
2646
819
0
0
444
0
50
0
1075
0
0
2656
1
1
3
0
0
9
14
0
266
0
1
374
0
0
0
20
4
3
13
0
0
152
0
92
196
12
0
0
1365
17
5863
7
60
0
250
199
0
0
169
43
8
13
0
0
111
0
38
0
0
487
6096
13
57
143
1338
0
6
1785
0
0
650
198
0
366
8
2398
3
0
0
570
3
95
0
0
431
0
38
0
2
0
2660
586
26
8
127
5
539
1753
31
0
2214
0
0
11
0
146
0
0
821
3
0
28
305
128
0
710
3
201
10
17
16
0
119
0
476
134
197
0
0
4
0
776
0
0
922
239
0
0
33
14
41
0
998
105
85
291
0
0
1442
535
50
117
0
0
278
259
310
0
0
60
126
0
0
0
0
128
0
14
6
1095
112
0
0
3
3
5
556
146
0
220
16
0
46
99
0
8
756
0
0
76
97
45
0
86
0
407
14
44
0
171
0
0
0
78
170
3
1232
121
2
6
252
68
82
72
21
38
1
79
1
30
22
0
3
0
0
2
0
0
1
2466
607
37
1
0
0
0
1161
50
54
30
49
0
682
0
0
7
0
365
128
321
19
0
131
193
303
0
60
55
0
8
0
0
0
5
24
967
184
0
8
114
24
175
3
0
5
16
51
2655
0
0
0
28
67
0
36
0
13
16
20
0
331
2458
975
0
581
0
16
0
2
0
7
0
621
18
724
212
335
1
239
0
1100
7
582
0
3
29
22
68
234
898
481
1159
0
464
0
11
0
18
69
51
483
27
205
35
24
11
0
46
24
33
70
40
0
347
104
0
225
27
6
552
37
705
220
747
47
653
11
0
0
0
0
4
82
1222
0
48
654
0
164
0
0
23
435
56
0
0
0
0
13
0
19
143
1441
0
12
611
199
0
474
81
0
67
3447
92
21
70
3
0
429
0
1072
176
29
89
56
0
0
0
0
13
0
0
0
83
0
0
0
53
2
26
0
0
19
161
0
2
0
45
0
57
0
0
552
5
0
1
326
16
0
0
62
650
0
209
0
476
62
46
53
542
459
4
56
0
0
0
42
211
25
6
5
1
8
2
0
0
0
2
82
86
20
0
2180
0
0
0
65
9
256
0
0
247
0
199
91
65
0
0
0
144
43
0
12
2
0
114
266
0
0
225
0
172
0
433
2
1055
1227
2
0
21
567
0
6
92
2
444
290
13
996
111
3
0
0
0
81
159
479
0
3
0
0
79
0
975
75
0
0
45
0
0
10
0
217
668
28
1344
418
1432
31
135
261
732
1014
5
1
34
8
19
95
0
470
3
0
0
0
13
1
15
5
0
0
9
2
0
1
227
112
0
1
0
81
1
79
16
162
13
5
0
192
11
547
22
57
7
131
0
110
187
0
192
16
255
0
894
132
480
0
86
13
0
0
1
8
137
4
119
17
25
23
139
383
4
581
1283
182
0
0
334
7
0
89
0
96
0
69
0
0
0
0
31
9
19
0
919
440
18
7
199
1
0
221
257
0
0
0
67
1
35
6
0
3485
107
5
72
93
36
0
0
149
10
157
488
7
0
158
10
157
0
0
39
0
0
0
30
0
0
0
27
44
0
35
0
24
7
111
152
0
3
28
0
1869
55
0
0
168
0
0
1
87
480
146
0
0
368
17
0
0
0
312
425
51
0
173
0
0
32
21
39
36
0
899
335
220
0
0
13
14
0
12
49
125
36
0
0
16
0
0
2437
0
0
22
10
958
91
1
3
0
4087
860
185
68
0
13
0
0
59
0
12
118
175
435
1111
4
1134
3
362
0
0
0
0
221
0
0
0
0
0
58
1
128
1
757
11
13
0
66
0
209
9
41
6
1
3
883
108
0
0
0
0
0
6
43
4
95
1
195
4
193
513
3
0
7
1
0
5
92
0
262
296
0
0
0
2254
18
0
0
10
185
9
12
5
24
41
0
2
111
4
0
27
0
61
1647
0
10
632
1
2
0
125
0
0
3
79
0
0
207
0
8
0
0
302
2
20
7
0
0
1
0
1432
0
0
0
0
915
3
187
10
0
125
178
2
0
235
0
14
9
0
251
0
0
96
0
0
21
77
0
7
0
2602
9
11
0
0
65
0
289
86
12
9
83
30
12
16
17
0
0
0
0
211
35
0
0
0
0
55
72
51
39
0
31
246
986
0
0
0
123
59
0
474
900
0
0
187
22
0
0
4
1373
2
9
82
52
0
65
0
5
0
0
0
1
29
14
11
0
163
154
361
84
0
246
6
1862
0
2
0
1
152
34
1516
58
0
2
43
476
2
0
63
9
26
19
14
18
191
19
122
0
0
152
458
0
0
1098
42
1203
0
0
0
0
59
4
783
1
26
14
0
0
0
2174
443
0
43
228
6
213
911
655
72
159
8
0
3
0
0
274
0
130
23
330
10
257
317
225
0
2
0
0
2
9
20
17
0
0
303
0
48
163
0
569
0
0
318
379
5
779
945
5
14
5
145
1
424
0
0
0
494
0
0
75
0
0
1336
0
39
36
0
962
0
0
0
1860
75
417
415
251
5
266
179
0
421
40
8
55
268
17
51
0
0
14
0
5
423
12
16
0
0
1
0
0
240
19
0
39
46
69
64
214
29
0
0
0
503
276
50
7
3561
0
0
77
0
1
0
41
0
73
0
20
7
0
10
738
19
68
321
106
0
0
11
3
6
139
322
2
987
0
0
0
7
2
0
1
40
606
0
19
29
47
0
8
0
110
11
61
11
0
0
402
0
281
282
0
0
343
252
3
0
3203
10
19
5
76
2
366
0
0
0
0
1320
0
0
0
0
457
0
10
15
0
0
29
3
215
87
0
337
82
12
0
6
156
0
40
2
0
40
0
0
0
342
0
34
28
0
292
59
114
289
34
23
189
0
4
847
0
10
0
0
0
532
29
0
137
0
59
55
9
184
0
37
75
107
210
0
331
6
0
250
0
0
0
769
53
0
132
55
0
0
2
512
1
175
0
0
5
0
73
0
0
16
0
27
258
0
25
0
0
43
36
2447
145
1
0
0
77
14
81
0
73
52
0
0
25
1
0
0
5
24
0
3
34
0
0
0
0
954
1
1
24
7
0
0
0
164
437
3214
0
0
84
28
11
8
399
86
0
23
85
51
14
0
15
0
7
99
224
3
0
66
0
0
0
34
67
0
0
0
16
1
1
0
6
8
95
163
0
35
94
17
0
2
139
3
0
117
0
0
307
0
1
86
0
751
0
97
8
3
4
0
0
0
8
0
4
2
0
0
5383
14
168
0
0
0
58
88
174
2333
0
1
11
3
0
104
121
0
1016
2
137
6
0
178
0
0
314
0
0
10
0
10
185
5
218
0
0
1357
45
0
1060
0
0
323
254
4
0
2
933
2
292
1223
6
9
1
2165
136
90
0
169
17
0
0
5
0
34
2256
404
0
1409
0
144
35
0
0
24
0
130
333
12
0
211
188
196
7
35
909
154
5
0
188
453
1
73
0
0
0
205
78
145
42
76
5
11
0
22
11
0
4
0
2
142
0
503
0
134
0
10
0
64
3636
0
220
3
56
50
0
15
134
12
9
51
84
0
0
1
0
0
156
0
0
0
0
10
58
9
52
468
0
0
0
1
0
0
266
6
0
0
22
0
302
0
0
0
13
0
53
95
0
0
1
368
236
2
0
0
0
27
0
1
38
15
0
43
4
432
49
0
21
0
0
323
0
0
26
0
1
0
68
0
41
0
0
0
19
46
101
0
3
1
0
18
0
179
0
93
49
104
700
0
0
0
0
10
0
9
0
0
0
41
73
0
2
1
188
0
29
0
188
75
1
21
40
3
3
4
30
0
4
0
0
0
0
18
5
68
0
0
712
158
70
55
49
0
104
79
1
230
38
82
49
59
0
0
15
16
0
5
3112
4
0
52
0
0
0
133
51
2
1
76
0
0
0
32
0
0
3
190
0
0
1
3
0
5
224
0
1031
28
0
53
539
0
6
15
70
0
69
1
0
0
1
28
142
3
0
399
5
1
0
0
1
1
0
1
260
34
0
0
0
0
27
274
0
1
0
16
0
0
99
621
55
0
0
0
0
0
0
15
28
82
0
21
57
21
0
0
84
98
1
0
0
0
0
0
61
0
6
0
104
0
0
0
1497
0
140
7
8
80
0
0
0
1
231
199
0
0
0
0
1
24
0
28
3
23
221
25
156
0
12
20
517
819
1
0
0
17
184
23
10
0
1180
0
0
0
3
155
0
15
2
3
196
0
231
57
8
2
6
0
400
11
11
412
1
0
0
44
0
24
83
163
0
0
18
0
809
24
0
0
5
0
15
0
0
2
68
330
1
0
47
11
0
135
0
0
154
0
0
0
289
7632
2
0
1
0
34
0
17
0
59
101
22
1075
4
3
0
13
154
159
6
35
49
2358
475
0
0
0
3
40
115
0
0
14
0
282
0
731
1
52
0
0
0
300
204
0
37
210
6
0
627
115
61
2
39
8
16
0
0
21
17
3
0
500
14
0
0
40
1
27
101
26
0
0
0
210
345
30
0
1
44
0
42
0
2
0
37
125
0
6
0
0
8
0
0
0
583
0
37
0
26
11
0
0
0
8
28
66
0
0
0
54
0
46
113
0
276
207
5
0
3
0
8
0
16
20
1
0
0
770
10
0
250
0
0
79
0
0
47
51
19
0
457
36
236
0
62
0
4
50
128
0
3
0
0
0
38
1
2
0
7
38
48
10
1
2
0
0
10
206
164
2
0
0
181
131
1
43
183
275
96
0
19
50
85
0
3
66
11
899
0
45
13
0
1
0
0
11
0
7
0
120
1
0
3
0
21
230
2
153
2
111
449
80
0
7
4
0
7
214
0
0
0
143
0
31
0
37
0
113
0
0
0
444
66
116
0
0
1
584
0
17
0
16
18
123
0
62
0
414
2
32
13
0
0
27
0
111
667
5
0
0
171
25
17
166
0
1
0
2
0
0
9
176
682
320
26
0
151
71
57
233
0
4
0
0
0
567
1
84
0
244
0
19
89
0
0
1
8
462
120
8
10
38
0
37
2713
0
140
15
0
60
22
58
81
0
0
0
1152
8
1
741
65
0
964
0
1
11
0
62
40
378
37
2
416
0
0
2
2
1080
12
40
3
61
11
6
0
0
0
1
30
32
0
15
164
2
0
46
549
0
0
227
4
0
0
11
2
0
355
0
1888
2
2
1
0
19
20
0
7
328
15
1176
136
48
213
8
54
1
1119
1
0
616
45
0
0
6
175
0
7
3
499
0
11
0
12
4
211
0
0
4
0
0
106
2
0
3
125
82
2
174
42
0
9
0
0
55
0
219
104
283
0
2
25
993
0
13
0
0
227
43
0
0
1354
200
28
1
0
6
20
0
0
191
0
10
0
155
0
21
2
27
0
2
86
0
26
5
353
2
0
17
0
5
5375
4
130
0
0
0
1
67
223
44
0
300
7
247
2
0
114
0
0
55
16
146
0
0
16
1163
484
74
0
3775
0
118
109
0
18
0
5
10
227
74
24
84
0
2
10
54
0
0
50
0
0
0
42
49
33
0
855
21
155
0
377
104
24
217
247
31
0
0
39
0
0
1092
24
119
140
0
0
4
5
27
0
1
63
45
96
150
0
38
2
0
101
14
11
19
0
365
4
1348
0
54
0
17
0
34
73
116
0
226
69
1
21
6
0
0
0
90
176
131
7
18
0
41
7
0
2
5
224
0
8
24
0
0
428
0
355
1279
0
0
459
13
0
115
7
12
313
0
156
0
10
216
0
0
70
0
101
28
0
9
47
10
409
12
0
0
42
103
0
0
0
0
5
208
141
8
0
8
428
284
9
31
1457
294
0
0
0
375
60
0
0
135
117
217
0
13
0
46
0
1139
437
0
0
38
0
181
1
0
0
0
0
112
28
1
3
0
0
0
38
495
5
0
38
0
26
0
184
0
0
224
1
13
4
209
11
0
0
306
0
392
320
50
227
78
0
320
0
0
82
0
8
0
0
97
0
0
2
0
1
9
1706
0
0
0
20
1476
0
643
0
55
3
0
12
27
44
96
80
0
82
5
4
0
7
310
48
25
0
0
18
48
1
0
0
489
311
157
134
1287
503
1
75
0
0
0
182
36
0
203
785
956
137
0
14
82
668
1
40
10
370
0
287
2
604
88
154
0
5
0
1
248
1
45
21
99
25
373
39
56
0
12
0
6
0
0
6
97
143
0
1
118
0
0
0
197
0
25
141
1532
95
0
622
0
0
16
0
191
1
6
0
2
157
0
11
0
5
105
13
36
0
3
0
134
2
94
1
2
1
14
41
0
23
3
126
1
3
0
5642
42
1
0
0
101
96
272
28
469
0
0
2217
0
0
482
0
0
0
5
882
88
0
3
916
141
0
0
0
0
0
8
2892
2
0
24
18
0
824
0
0
0
2261
37
298
0
113
2
1546
0
33
14
0
0
4
8
0
2
0
3
322
29
0
1674
0
6
3
8
2
0
1153
4
0
0
3
78
0
0
153
488
1
138
25
12
31
195
791
60
0
0
2271
95
0
382
2217
0
666
673
5
0
0
0
0
22
188
0
1
2
0
1
4
0
0
0
23
23
27
2
0
76
0
668
20
0
43
2
88
32
2
0
499
2
0
28
0
10
2
0
35
1131
306
0
14
144
67
49
5930
239
14
29
1813
657
0
5
28
0
87
0
0
104
0
1125
2184
0
1
0
60
299
96
211
376
15
0
0
0
525
427
0
0
32
0
0
10
1292
13
185
15
1
0
251
0
10
944
22
0
62
0
0
18
316
0
16
206
500
0
2
938
165
0
0
2265
0
0
172
0
7
0
0
5
0
0
0
232
13
232
0
173
402
0
0
18
331
144
1
34
0
0
40
0
529
43
231
41
0
1
2
3
37
0
0
0
24
1990
633
516
0
36
19
0
96
0
25
0
16
40
236
152
0
19
173
6
298
0
6
95
0
0
0
2
2
480
128
64
5
0
270
7
0
0
76
9
120
359
1
2
123
6
0
147
0
66
0
2
0
10
0
32
70
0
575
0
0
0
17
0
103
8
673
0
49
1155
0
0
0
76
0
41
628
23
0
0
2
0
59
7
51
62
0
2
5216
157
0
0
0
0
1415
0
0
6
150
0
20
11
85
0
0
0
337
0
0
6
1
0
60
0
11
1
332
79
0
999
119
0
152
0
25
0
0
287
0
0
3029
109
0
0
0
117
188
0
59
2
0
655
0
36
2
5
0
21
0
1
5
0
0
138
2
2
10
0
53
1
1
538
5
0
2
0
9
13
0
0
0
0
0
3
0
4
0
79
8
162
153
5
0
53
3
165
0
0
0
23
0
10
0
0
206
4
87
72
10
4
35
0
244
0
0
102
0
421
0
227
1248
0
4
11
0
0
101
1
173
9
2
0
166
2
513
0
0
32
17
428
43
817
254
2
40
0
276
432
0
1
134
3
13
1
464
1
0
114
17
555
58
488
0
3079
87
171
0
0
469
4
137
127
22
0
0
0
280
23
79
0
0
2
158
0
0
3
259
3
0
0
0
425
105
59
169
79
0
0
1
20
0
3
0
15
0
55
363
0
61
0
0
0
1075
5
12
2
298
0
254
0
4
9
801
0
16
2
35
2
36
31
57
0
435
0
257
0
0
0
0
77
0
396
0
138
0
23
0
0
0
0
0
0
0
0
216
1
134
5
0
48
57
0
8
16
0
0
71
19
219
816
0
106
13
430
8
129
0
12
1458
47
7
67
1
595
47
0
453
1342
25
2060
0
328
8
0
14
0
13
15
0
0
4465
0
672
0
99
2
134
0
181
319
133
0
90
696
0
583
0
0
0
142
0
0
2
14
7
0
103
0
45
0
2691
0
0
2
0
21
100
0
0
524
15
61
0
35
12
0
2249
0
0
65
192
0
266
0
1
0
0
86
2178
661
0
0
0
0
66
5
0
0
520
535
37
6
68
0
46
13
0
363
0
293
189
0
0
0
149
291
0
0
0
0
42
0
17
0
6
2
0
0
1
18
1
1
12
11
10
0
3
0
0
0
0
40
4
0
0
0
50
174
156
632
107
24
274
0
0
0
4
1
0
2
2
15
0
83
0
0
0
0
3
0
0
0
2
0
123
3
6
0
0
62
7
4
6
802
392
439
19
36
90
0
0
1
0
103
6
12
0
0
5
0
0
12
0
0
2011
0
1
0
0
4
43
0
459
64
15
335
0
1
41
0
524
6
0
0
0
0
30
129
0
159
310
540
442
0
0
0
0
0
12
95
0
107
328
1
47
0
41
432
0
22
46
59
13
38
239
10
70
3636
1026
0
0
5
86
0
0
5
233
2699
25
0
5
1304
1
0
0
9
10
45
330
564
1226
397
1
1
26
0
730
0
0
147
531
0
1
10
120
777
0
860
166
0
408
4
0
24
160
63
125
49
0
146
42
124
0
242
319
1677
0
0
14
0
23
0
0
308
8
0
10
59
578
0
18
166
119
10
1
0
157
4
66
0
0
0
17
296
6
0
7
0
0
0
0
0
127
66
179
257
325
0
78
0
0
92
677
143
95
2
120
17
0
2
10
102
0
1775
15
0
159
0
0
21
0
10
0
0
0
0
118
4
0
0
9
0
0
464
5
693
0
0
1
0
58
0
1
0
566
2
9
0
9
0
0
330
0
0
1
0
87
17
0
21
52
0
0
400
0
33
0
127
12
0
0
13
227
93
170
719
0
0
100
0
0
16
160
5
9
384
0
56
0
0
0
0
219
159
116
655
2
1
5
23
123
17
36
0
5
100
0
54
0
81
5
494
0
0
192
0
0
35
0
103
114
0
386
1
0
120
0
729
22
17
578
6
1098
2237
0
3
11
0
0
3
4
616
0
254
2026
248
29
40
193
7
20
0
28
30
1
0
4
275
258
108
126
0
366
920
10
36
0
1616
2
0
0
385
0
93
92
722
0
33
0
213
316
0
0
839
7
32
0
5
1898
6
0
312
5
514
119
0
246
1
30
162
590
12
1
6
386
0
0
3
0
4
0
174
2
1440
8
0
1258
0
0
20
9
148
51
90
853
0
0
29
94
0
0
0
82
0
102
67
0
0
135
0
10
54
0
407
423
0
97
18
55
0
5
0
20
10
68
0
0
0
0
70
0
166
4
11
0
800
0
0
0
0
59
5
1313
0
95
133
113
0
0
1
10
3
0
1
0
295
0
31
0
33
90
1
34
0
27
0
2
2
0
62
4
45
243
0
944
175
337
0
0
383
11
23
160
0
529
60
1
0
69
35
0
136
55
107
20
0
0
7
727
193
145
0
1337
14
0
281
9
11
5
45
29
935
314
281
1901
638
0
20
21
0
290
93
1
1
0
87
216
0
0
215
154
0
173
0
1475
0
0
14
0
0
232
104
521
0
112
0
49
5
129
0
0
9
683
131
7
97
143
42
6
0
0
172
9
0
92
0
60
321
0
151
0
53
2
923
876
132
10
149
0
191
0
67
0
10
4
4
0
10
16
40
9
690
134
0
0
78
76
7
0
1
0
107
194
0
104
0
56
0
1646
34
24
7
0
0
0
47
51
0
27
63
145
10
0
0
1887
2
8
123
0
357
1
18
3
6
0
127
0
187
0
85
13
695
21
0
0
0
354
0
28
1243
0
34
1
0
0
3
29
0
18
63
6
0
0
8
19
46
0
0
60
6
0
98
50
1030
650
7
1
0
70
16
2
1006
342
18
73
263
5
0
26
102
0
0
48
230
1
837
0
31
599
147
0
14
140
146
438
3
13
1
209
74
0
22
226
498
33
1
9
0
3
0
0
14
0
7
22
290
194
138
3
447
6
123
0
367
345
0
14
1
40
160
140
206
0
0
39
283
203
0
0
496
26
0
0
0
0
758
0
0
21
1300
2
0
0
6
35
4
1187
3
4
0
30
87
51
0
123
254
0
0
489
0
1
3
134
0
7
3
0
75
0
2
126
1
0
52
0
45
124
0
6
1
2
0
0
251
0
1
468
268
0
0
6
31
16
0
21
1174
0
397
69
54
581
0
319
65
0
8773
33
62
0
0
0
0
175
11
4
141
39
0
91
0
0
0
51
13
20
61
11
442
559
2545
171
14
1598
0
12
0
330
27
3
2
313
0
41
206
0
116
63
0
4
138
133
0
0
0
560
0
9
155
3572
0
0
0
0
1
15
19
81
0
5
189
112
0
0
2
0
81
1
61
0
0
365
167
0
0
492
59
0
0
20
2
0
48
0
0
97
3
15
0
42
109
294
3
0
0
0
14
67
0
3
180
0
138
0
0
7
0
0
2
0
7
0
96
5
71
496
4
0
495
19
0
0
23
0
4
0
22
405
14
3
0
33
0
4
1339
860
0
209
215
0
120
0
183
43
82
24
95
0
157
5
0
0
0
172
0
0
54
78
0
9
0
139
191
17
15
0
0
11
0
0
0
2
2
89
1
0
261
202
0
0
0
0
3
0
2455
35
0
535
75
35
0
1
60
76
10
0
0
136
30
5
2
8
13
2
0
0
128
4
2
132
0
4
19
0
0
0
0
97
44
20
0
0
0
0
687
0
0
670
145
1
19
0
171
63
0
1
143
3
62
27
0
17
0
0
205
6
0
0
0
1
1091
15
0
1
0
0
0
64
501
8
209
14
5
32
83
0
0
400
190
0
16
0
117
1167
11
973
0
26
7
0
0
0
38
0
632
0
0
787
1
0
1
0
92
478
5
0
0
0
31
1
62
6
205
318
67
30
263
22
237
0
0
3315
0
3
0
1
0
30
71
709
0
0
66
0
15
0
48
0
0
0
2
0
0
0
0
27
8
140
0
299
56
194
0
146
26
0
20
0
0
266
0
0
288
5
0
2
0
6
2
0
7
5
0
134
1
68
3
225
15
33
1
19
6
0
34
0
4
0
133
996
0
0
0
2
3
0
4
23
0
23
153
0
45
0
17
109
0
462
0
40
0
92
0
0
0
32
9
0
0
0
0
14
0
0
0
2
2
0
0
27
0
27
0
99
0
0
0
0
0
11
382
0
731
142
0
2
0
0
7120
122
61
6
0
0
154
1007
7
0
0
1
1
85
13
1
8240
3
25
0
317
0
1011
44
543
326
3
86
28
21
79
0
6
82
50
15
457
171
0
4
1
1
870
3
1
0
191
0
0
10
0
0
0
0
0
15
4
0
0
1
0
0
125
177
0
93
360
1249
61
47
0
146
10
0
22
1
0
0
0
0
0
60
0
50
0
35
0
35
0
0
61
106
0
0
9
0
1
3
0
7
56
102
917
0
419
111
14
0
68
4
1
0
3
0
325
26
28
0
3
0
5
32
0
6
24
199
0
144
0
109
185
0
68
55
74
93
28
0
2
0
0
0
4
0
12
0
0
13
175
34
0
0
4
0
5
651
0
0
146
78
0
78
0
50
444
8
20
126
589
397
2
38
0
0
0
49
15
88
253
0
0
24
792
0
0
0
0
0
18
0
0
1758
13
18
3
134
2
1
4
15
304
0
9
214
132
289
182
1
93
0
0
2
12
108
105
4
1
75
6019
556
4
0
104
17
144
2
1
1849
0
27
0
4416
0
1
37
507
26
5
282
0
34
773
0
0
0
17
0
0
87
12
0
0
51
8
0
5
0
196
21
336
111
7
0
2
0
0
26
1659
10
0
4
132
14
0
37
404
2
0
37
0
1
1
4
20
0
496
0
0
12
0
14
8
0
561
3
1
2
0
0
7
0
0
0
0
172
78
13
200
5
40
1
70
57
23
213
5
153
489
0
0
2
31
1287
5
28
15
127
130
1998
0
0
0
0
0
17
109
0
0
8
0
243
6
493
2
36
0
45
72
0
0
133
22
4
3
0
42
7
31
70
0
399
9
2055
4
0
156
2
13
0
0
43
0
0
295
61
1
80
14
3
2045
4
3
1
462
0
4
5
81
0
49
57
0
0
590
0
80
6
21
8
19
26
129
177
283
0
341
0
340
226
634
1
0
35
56
361
0
0
0
1062
1
54
3
14
37
1112
0
90
0
164
0
459
0
349
4
29
70
3
0
3893
0
22
3
2680
8
0
1
3
0
0
5
0
105
16
0
0
84
0
51
226
0
23
1111
150
0
111
119
39
0
9
4
39
1750
22
8
986
0
0
15
0
0
0
28
280
0
0
7
0
0
22
12
0
36
0
0
5
67
926
55
0
457
340
0
327
18
0
120
292
84
0
0
71
23
356
57
0
209
1
713
201
0
48
11
0
3076
36
25
15
1
6
0
0
74
17
212
0
0
41
11
63
0
0
27
453
0
2
299
55
0
0
0
0
0
319
354
0
1038
3
8
15
0
0
98
25
8
304
0
133
56
827
432
0
0
0
21
121
128
5
119
0
143
0
0
33
46
236
0
0
49
0
0
123
1
3
0
11
0
0
81
0
0
0
0
0
83
26
0
14
9
1
181
0
330
0
369
27
27
651
13
0
442
2
0
0
2
0
1640
0
48
0
0
20
374
0
211
0
2
13
8
0
0
11
0
1
0
0
26
0
11
0
129
0
0
51
75
0
21
306
0
2763
205
0
1
0
979
0
46
412
0
0
0
45
0
0
2
0
0
23
0
1
0
0
0
0
144
0
3
11
0
1107
0
83
0
212
290
0
0
1
204
2541
116
0
0
74
27
18
3
36
22
1
5
53
0
84
0
471
32
142
0
26
16
0
1
0
449
0
8
15
0
0
0
3
5
14
95
49
56
10
28
132
0
36
0
231
6
124
0
0
0
106
0
0
550
6
0
0
97
383
97
0
0
0
2454
44
8
0
401
75
0
129
28
27
20
4
723
21
0
0
6
77
0
95
73
0
5
11
409
4
4
13
91
10
2
0
0
248
223
812
4
22
0
35
12
0
3
1624
0
326
3221
223
0
0
183
1738
0
12
26
0
62
0
435
1748
20
948
0
709
246
3
40
18
372
152
26
13
0
4
9
6
4
30
0
0
2
3
173
93
120
0
85
195
251
22
0
25
2
28
5
710
0
3
25
136
5
4
0
26
254
0
0
12
0
0
33
0
0
7
0
0
0
0
0
0
0
68
0
0
0
2
0
0
7
70
18
1159
0
74
0
0
3
2
82
0
0
1369
7
0
0
7
3
96
6
0
532
0
19
425
0
141
59
0
52
21
0
7
0
93
8
0
0
449
302
4
720
183
413
0
15
0
0
0
18
0
0
0
0
0
0
11
0
364
417
0
1624
0
5
5
0
0
91
39
26
73
148
0
0
24
10
103
0
66
14
3
0
0
0
0
0
179
699
679
178
0
10
1023
250
4
0
0
246
44
3
85
305
0
115
38
5
64
0
363
4
2
0
2
0
223
147
83
76
0
8
0
5
52
54
4
0
0
4
359
4
0
4
0
0
0
0
5
1
0
15
38
0
13
0
2
5
0
1
0
74
0
0
0
205
3
6
52
1
0
345
78
12
37
18
0
0
2
0
9
2
9
0
575
7
8
2
8
0
69
0
3
0
8
3
0
17
40
9
0
326
2
14
38
2
5
110
0
0
0
0
3
0
18
95
0
0
19
7
33
12
0
1
0
169
7
8
155
10
0
406
0
314
95
111
0
2
83
0
131
0
0
3
197
2
403
34
34
3
0
0
0
50
0
0
0
0
10
2
40
0
38
0
1
0
52
19
0
6
42
2
72
7
0
40
44
8
29
260
3
0
0
0
5
5
469
2
111
233
0
0
53
145
0
109
2
46
72
1
0
0
140
0
1
3
24
1
2488
0
136
10
0
0
0
0
0
0
63
0
22
6
28
0
50
0
1
0
37
578
62
0
0
0
4
99
0
92
921
0
37
70
58
0
0
1
10
2
31
0
18
67
3
58
83
0
16
0
0
4
0
0
52
8
1
2
87
333
0
6
0
777
80
53
0
0
21
0
0
4507
27
252
7
15
2
0
3
72
26
26
2
0
0
1
0
395
15585
0
0
2
79
85
53
0
1
0
9
0
0
12
5
10
105
12
7
10
3
0
181
9
0
31
1
23
40
18
8
0
6
46
149
0
1
46
4
807
1
70
783
3442
44
186
4
8
137
12
449
0
3
56
0
21
347
258
368
19
0
3
4668
21
0
176
4
6
0
0
0
0
50
0
127
40
0
10
8
5264
0
9
213
205
0
46
1
224
2
0
0
26
0
0
0
22
242
2
0
0
35
2
2630
0
9
1580
0
110
54
0
1132
463
7
0
10
0
0
97
0
74
0
45
110
3
398
0
0
26
0
0
22
0
74
316
1
40
865
0
8
0
87
0
0
25
63
0
62
0
0
1
5
147
0
0
12
0
0
579
49
1
139
0
454
227
179
0
3
0
58
84
0
0
31
0
69
1
0
8
6
2
23
0
0
89
0
1
0
12
14
0
32
36
62
0
8
10
0
56
15
15
0
16
0
56
0
0
0
8
108
0
0
31
6
6
20
399
0
3
0
0
317
122
64
14
1
116
28
25
280
90
6
0
10
15
198
4
42
9
0
2814
792
0
0
39
33
60
71
0
6
0
0
2
0
37
7
0
0
0
0
0
0
299
4
197
16
49
211
7
0
0
253
0
0
31
0
122
11
5
0
74
0
0
0
85
235
0
244
0
121
0
148
107
29
0
1
0
1
0
59
0
0
28
0
0
6
0
0
0
0
0
0
0
5
20
0
460
321
24
0
0
221
0
21
9
2
87
90
4
0
62
0
390
0
197
68
2
172
0
116
1
3
84
58
8
6
211
1017
0
957
25
0
0
0
1428
66
8
14
0
13
0
0
0
4
3394
3
8
110
0
206
0
132
0
19
0
226
0
970
0
4
0
2
0
148
328
0
161
0
1
21
12
1
0
1745
0
0
11
95
107
6
640
189
381
1302
818
53
0
7
24
28
15
0
3
0
63
1
119
0
0
0
10
150
0
0
0
0
0
0
37
1686
270
3
121
23
0
38
889
46
34
3
0
59
17
0
0
9
348
5
0
0
0
10
0
109
0
0
90
4
36
505
19
0
39
354
0
414
23
55
6
74
0
666
24
0
4
121
9
228
0
53
0
0
0
79
4
0
306
283
0
1381
0
116
0
291
286
0
335
171
0
0
974
0
86
1
169
0
0
24
37
3
204
111
53
617
11
1039
17
4
276
128
0
0
1
16
228
2059
0
452
65
0
31
0
0
0
200
1
31
0
1
13
146
0
22
0
274
0
19
0
49
0
0
0
0
0
3
94
35
0
542
975
0
106
368
0
144
0
0
1
1
5
31
20
86
1877
101
0
26
10
434
0
0
0
0
4
76
1500
10
0
73
157
187
0
100
0
16
4
21
39
0
25
4881
9
0
0
2
0
462
1
0
0
10
0
0
0
0
421
0
72
119
0
31
3
8
13
4073
7
32
0
0
152
0
2
446
0
0
309
4
13
0
8
0
0
201
90
0
1
0
47
18
0
0
27
20
755
1
0
0
0
0
0
6
77
0
0
3
881
1761
0
22
19
1
76
0
367
30
235
40
0
104
434
0
795
270
0
100
0
3
4416
37
0
160
0
9
24
0
590
8
647
2342
0
0
0
0
1
0
45
3
172
13536
395
0
7
0
0
3
1
110
0
30
26
59
159
926
1149
0
0
90
2
13
0
719
482
0
24
0
0
46
3
23
0
10
0
81
12
0
201
24
0
0
9
264
0
0
0
15
0
0
19
404
0
104
33
0
4
120
0
5
5
0
1147
10
159
38
0
0
0
0
0
1442
84
286
136
0
19
1612
473
0
0
1504
0
0
0
15
0
2
0
186
127
45
78
0
451
2
0
26
21
603
104
49
36
0
5
0
6
25
1
368
24
0
6
0
0
0
0
0
2874
3
21
62
13
77
1
0
183
181
14
0
0
0
0
0
166
222
0
0
25
0
6
33
0
620
221
0
0
311
893
77
15
46
0
0
52
0
6
2
2
79
0
0
40
19
0
309
0
7
59
166
176
0
0
49
205
240
58
0
0
1
0
1087
366
1663
0
0
9
76
32
17
0
0
855
0
0
2
0
0
0
0
0
0
7
0
2
0
86
0
87
19
0
33
0
264
1206
0
2
0
0
1
0
0
0
103
876
70
1
8
0
218
0
61
920
44
25
0
10
32
0
20
13
3
0
0
0
11
0
34
0
10
310
0
99
125
0
0
0
0
3
4
0
5
218
3
1
3
0
0
0
0
0
185
17
179
674
0
0
293
1523
0
2
49
0
574
6
15
33
399
0
103
0
14
0
571
31
0
0
0
0
9
81
234
0
90
156
364
0
1
47
293
78
0
42
2000
0
179
0
137
1175
208
1
24
10
0
0
435
495
3
0
273
9
59
1
0
11
0
0
0
448
33
117
425
49
72
206
0
45
205
87
0
0
61
0
42
0
3
3453
0
68
41
0
258
45
4
2
3
67
0
233
0
28
0
291
50
269
0
37
0
0
0
8
1
0
530
22
3
1
0
0
0
51
0
363
0
4
0
0
0
0
30
22
0
30
1
291
138
1
130
15
97
69
0
92
63
0
94
19
277
0
738
0
147
0
21
56
0
0
153
0
1099
58
262
83
25
0
0
0
0
0
16
1
0
5
99
0
378
203
0
0
499
0
0
2
7
0
0
0
0
1
1
10
0
19
0
211
7
149
0
0
4
0
113
0
3
0
126
0
305
33
0
0
197
0
2
8
0
0
0
24
0
121
0
71
862
3
344
0
55
0
18
0
39
762
183
173
135
67
131
5
187
0
16
0
275
0
296
29
0
290
0
286
312
0
59
0
175
0
0
685
60
17
0
78
14
0
98
39
0
0
0
0
0
103
0
153
1
73
234
0
0
768
412
0
0
321
0
35
0
95
0
0
242
34
16
2648
634
170
126
0
0
7
0
13
2
254
0
20
103
208
456
2
53
156
47
0
54
64
0
0
174
94
0
47
65
0
1
0
1
25
29
0
0
47
148
50
1
859
2618
748
14
354
1250
0
113
4
20
189
34
67
101
68
2
165
0
0
53
243
0
0
7
162
301
4
6
1
215
15
1835
156
48
350
35
1
0
1612
103
58
11
0
1
65
66
0
136
15
0
69
366
6
296
55
0
0
1
20
430
100
118
0
0
491
0
0
0
4
0
15
967
0
3
0
0
24
40
0
0
188
0
0
1
814
22
0
6
91
57
960
149
0
0
0
0
37
35
0
0
0
0
8
0
84
0
0
113
2
0
5
110
0
42
0
5
0
2
201
2
11
0
54
2
207
106
0
47
0
2
10
17
1274
19
42
0
145
54
0
7
0
47
13
8
5
398
200
0
126
16
0
0
77
0
16
622
0
0
1
0
0
0
23
8027
14
0
106
1
77
5
2
0
0
30
14
0
0
0
220
40
31
0
65
74
39
0
687
0
4
0
22
20
948
103
7
0
0
11
7
3623
0
0
6
1115
139
2
7
0
3
0
0
6
165
67
2
29
0
0
42
0
16
0
0
44
151
0
2
20
21
5
304
90
0
537
96
0
0
104
2
0
0
23
1
770
0
0
0
1
8
1
0
1172
0
0
615
13
0
0
15
0
0
0
0
0
21
0
37
0
0
119
1639
0
0
369
0
0
4855
40
669
87
14
2
13
8
0
442
0
166
46
0
83
6
0
72
1111
1069
1
0
27
1
0
5
4
138
3
0
0
2
798
752
69
243
23
0
210
68
0
1
3
4
0
0
259
1
105
5
19
0
410
0
0
19
0
1
0
0
0
42
0
0
60
0
31
0
0
2040
27
3
23
0
0
19
68
0
0
26
0
2
0
0
10
0
194
116
673
3
11
135
1
0
0
5
7
0
20
60
12
10
0
15
54
42
0
557
53
4
436
119
0
565
27
0
3
2
1
0
0
15
69
2
98
0
21
0
22
0
38
0
0
1
0
63
0
13
325
345
20
1
0
6
0
17
6
0
744
961
8
0
0
1
29
4
0
0
1467
6
0
494
233
0
112
0
0
71
0
139
343
1
0
92
0
0
3
0
0
0
158
6
0
47
59
0
36
23
0
121
1
281
6
1
35
28
146
28
0
0
179
108
1869
21
406
5
490
0
260
6
0
101
0
66
10
1089
790
1
3
66
79
0
0
991
0
0
394
33
27
0
20
0
0
0
18
0
0
30
59
381
0
0
95
259
92
0
207
0
0
0
4
0
0
1
33
124
8
10
0
13
43
6
1
3
1
770
0
0
39
205
344
36
43
88
129
0
198
67
158
9
2
16
331
84
2
76
0
55
529
35
318
0
0
10
1
30
106
30
1
16669
64
5
4503
92
1
0
116
206
0
194
0
0
7
36
0
2
0
1
234
3
2
0
6
0
81
9
0
0
179
0
0
267
12
77
0
37
0
0
23
0
11
0
430
6
0
11
0
16
6
0
27
0
70
64
0
0
0
121
1
990
92
54
529
112
35
0
4
0
0
84
0
0
4
7
115
0
7
654
0
0
151
2
635
2
176
0
33
1056
11
0
0
2
125
960
0
0
1
3
2
0
0
0
1
0
48
129
7
1
25
35
181
163
0
820
575
3
45
147
266
0
106
11
193
732
0
14
0
2
0
2
144
5
78
0
0
8
42
0
11
14
0
39
8
1
180
0
0
0
0
0
27
0
0
95
0
189
104
2
0
704
47
2
45
4
129
0
0
0
6
0
0
0
64
0
21
0
1111
427
0
0
1057
0
28
261
1110
29
0
20
159
0
0
1
0
0
89
774
4
103
18
112
64
0
278
42
13
2
0
0
3
3
14
1842
2
36
1794
2
0
1
0
0
1101
236
0
0
6
1016
0
484
0
156
86
75
565
0
0
62
0
32
0
0
13
594
0
2
86
43
0
56
3
21
27
0
18
0
11
0
10
503
804
4
0
0
130
10
0
190
57
32
0
0
0
0
0
16
182
0
288
8
0
641
78
0
0
0
174
6
3
39
125
11
0
0
28
1
1114
3
1
0
138
17
0
4
0
237
0
520
0
0
158
0
0
1
0
0
1081
4
0
0
7
155
0
64
0
0
0
0
84
20
0
19
0
0
6
585
111
0
3
3
0
66
0
5
3
0
428
202
272
8
77
124
0
0
58
5
299
423
0
0
116
64
154
45
482
7
606
4
550
188
10
0
0
5
2
58
29
86
83
0
102
0
3381
0
0
0
29
29
38
224
0
0
0
0
0
553
410
0
2
0
1
0
430
143
239
7
833
0
0
0
309
8
0
4
45
144
0
14
37
17
0
0
0
0
615
433
481
29
1863
2
5
60
149
67
0
0
83
237
106
7
0
0
3
0
8
654
0
816
0
6
42
686
3
246
0
0
3
12
94
0
0
47
0
3842
2
10
120
0
0
30
63
7
3
1
47
0
14
19
3
0
7
0
5
0
0
7
18
0
0
159
0
329
38
0
0
440
0
0
0
329
2
0
0
269
328
28
99
345
141
0
3
120
62
0
28
566
0
3
2
305
0
11
0
0
0
10
6
3059
37
169
80
269
13
0
0
0
3
0
459
9
57
0
270
2
2
133
0
294
0
81
7
0
1
0
2
0
0
0
0
1
40
3
19
0
1
0
44
50
0
16
5
0
0
0
1
0
1
22
0
45
594
7
0
0
328
0
0
4
0
0
20
0
2
70
138
4
1875
203
72
19
0
117
0
332
2
0
0
326
45
52
0
0
11
0
82
0
0
5
1106
10
0
19
37
24
408
0
0
460
218
29
0
6
29
66
1
0
0
831
153
0
0
29
0
0
0
0
0
451
1
174
2648
467
564
5
0
1
46
39
86
0
0
0
3127
208
720
350
5
0
71
116
167
48
81
0
0
6
71
461
1
0
115
481
0
215
575
0
3
0
72
0
0
494
142
276
178
58
0
0
60
474
57
0
17
304
4
0
3
4
101
205
0
0
27
65
2
0
36
0
362
0
8
163
145
2
0
143
0
0
26
79
32
0
5
899
0
205
0
28
440
0
0
80
0
0
329
0
0
0
7
129
0
440
2
50
0
0
0
0
1619
17
63
113
330
85
106
20
153
0
6
27
21
108
12
122
17
517
23
56
111
1254
210
1
124
0
30
132
144
177
3
0
0
190
52
46
1
15
1444
74
354
0
135
53
4
0
0
2
8
1116
0
57
163
117
644
0
36
2
0
0
24
125
5
115
0
511
0
0
3
0
84
173
0
0
0
90
0
1
1
985
80
43
72
0
2
0
0
99
2
185
45
0
0
0
23
0
6
0
324
0
0
112
0
0
29
0
10
0
93
228
3
23
81
0
242
2
24
60
178
0
469
0
23
0
0
104
7
0
42
57
440
111
0
0
1
1
0
26
0
810
0
89
1
0
956
45
117
0
0
44
0
27
165
231
59
21
98
854
0
507
3
0
45
567
27
8
0
0
13
0
1
333
0
0
0
19
10
1
37
37
15
66
0
63
0
9
17
0
0
1
159
23
2
392
0
0
29
399
0
0
0
26
229
0
172
19
4
0
21
0
1196
0
0
0
0
167
0
1006
0
4
50
1
3661
0
1
76
77
0
0
0
1
255
122
98
135
17
0
0
36
11
4
0
0
0
0
0
121
3
0
0
14
0
18
1
18
9
0
0
191
23
21
5
0
4949
87
28
4
180
101
7
425
3
909
0
0
804
1865
202
301
64
0
0
0
29
0
1264
0
0
0
80
0
0
6
13
0
0
0
74
0
5
0
0
113
0
9
572
0
0
0
0
0
4
292
16
0
172
22
15
0
0
0
0
116
7
336
0
0
0
0
0
3
0
428
60
0
0
334
15
488
0
33
1690
145
0
0
80
2
21
0
4
26
0
0
82
137
0
2
11
1114
10
0
366
0
0
40
17
4
6
0
0
0
0
0
0
373
55
3
1
0
141
64
948
0
0
0
34
0
0
0
0
0
93
0
0
9
14
166
32
12
0
0
573
25
0
3
2242
0
0
291
0
134
0
0
77
36
0
0
0
0
18
221
0
0
0
7
16
3
0
13
388
535
0
13
0
0
0
0
108
3
0
1
110
0
0
0
13
0
24
0
0
6
14
0
0
1
41
0
1
0
30
4
73
6
0
0
0
0
16
3
0
54
0
0
0
158
0
0
337
2
5
17
0
0
15
0
144
25
15
0
343
15
73
4
0
194
4
44
85
0
1
44
252
0
17
9
13
256
0
62
38
0
2
0
11
4
86
252
280
0
0
0
2
0
0
0
15
32
0
34
0
21
0
0
0
0
0
0
12
2200
0
443
236
0
0
1
9
8
1
211
1
0
0
0
4
1
274
770
13
121
14
10
86
0
2
0
176
0
1
68
0
5
0
0
0
32
1
1
0
23
0
101
12
0
10
59
78
0
54
8
0
0
0
0
3
0
0
0
0
110
0
164
7
13
68
0
0
0
0
0
23
1
0
0
44
7
0
557
77
0
0
0
139
41
0
42
134
28
111
359
17
0
1
49
0
98
0
12
6
0
1
0
60
143
59
76
50
0
2
0
0
445
0
147
0
0
2
124
90
0
3192
542
4292
122
31
11
220
507
1196
0
1
0
7
5
0
3
5
0
0
36
125
207
0
99
37
17
181
203
0
0
420
0
38
0
111
0
984
6
0
83
0
0
840
460
16
47
34
2730
20
87
0
0
7
14
59
71
3
0
73
892
0
42
1788
0
152
0
6
0
0
6
0
0
18
15
3
289
0
2
62
6
34
0
0
0
138
204
11
5
0
0
0
11
0
24
680
146
6
0
2
34
451
0
172
18
347
38
0
83
5
3
9
0
0
1312
0
0
140
0
117
248
1
0
0
18
19
9
116
0
0
395
12
94
0
116
15
0
118
1
3
0
0
0
0
54
0
333
5
64
0
0
77
0
1
0
48
0
157
0
0
0
0
0
0
0
28
0
575
7
165
1
0
5
1
0
0
77
3
9
2
0
0
1
2
6
294
9
0
111
14
64
0
10646
15
0
116
0
165
4
17
2
5
0
44
59
0
0
75
0
20
0
3
0
0
41
129
0
3
0
10
43
1
0
512
5
0
303
0
0
81
24
18
6
0
19
25
0
0
91
0
20
0
0
0
194
13
177
0
0
120
23
23
0
0
17
11
2
0
0
1
0
0
0
0
152
0
2
0
11
314
166
4
0
0
10
0
32
0
8
1
0
102
0
0
28
6
204
505
291
5
249
0
584
76
2
325
146
219
0
0
0
588
2921
2
161
19
7
58
1
256
0
0
109
3
0
0
0
4
6
0
0
0
0
51
0
171
0
0
37
0
232
5
0
0
2
0
37
2483
233
457
0
366
228
2
1
11
2
0
30
518
0
20
1565
293
284
1631
0
296
121
0
35
0
0
0
0
0
0
20
0
4
0
21
14
0
467
0
1
18
24
16
6
13
18
0
0
0
0
50
165
0
81
205
16
44
0
59
13
1242
0
0
0
2
69
0
0
70
27
22
0
0
100
111
0
1
71
701
0
1728
1164
0
104
158
0
283
0
1686
0
0
6
0
348
183
4
0
0
2141
328
0
0
43
53
10
18
0
3
8
0
295
325
0
0
0
128
0
73
0
0
149
0
340
20
0
96
230
0
0
0
3
0
27
12
1
111
232
0
91
3
370
0
4239
239
9
152
14
0
19
68
191
120
12
0
128
2147
64
73
2429
0
0
25
0
899
0
8
358
24
0
0
348
226
0
0
0
5
0
74
5
75
737
24
27
0
91
741
12
328
33
2
14
35
253
0
1201
2567
0
0
284
1104
227
0
0
0
26
0
497
4
0
111
132
0
0
2
0
1
24
58
0
11
4070
1215
0
868
1054
1
511
77
3
143
0
2
155
6
1280
1
409
52
97
0
990
0
0
273
7
654
20
0
343
64
3
96
40
1942
52
636
41
52
0
18
140
64
1292
20
171
0
13
0
99
0
0
0
0
0
1
43
0
7
5
56
0
1
72
5
0
13
0
0
0
62
194
8
0
0
218
0
0
922
3
0
0
9
1264
0
0
3
11
193
1
0
0
99
0
5
9
899
21
205
0
0
4
0
0
0
106
4
3
0
4
0
21
59
186
0
33
5
61
11
101
12
2
9
0
3
9
13
0
43
134
0
38
57
0
5
40
0
226
1
65
64
330
2
4
0
280
0
0
3051
4
0
4
15
117
0
505
1937
116
180
95
1
355
21
39
179
102
1061
0
341
0
0
23
13
0
56
45
191
0
57
0
0
2
0
0
13
5219
0
70
37
0
0
6
0
0
0
0
111
969
119
20
12
17
0
16
4
11
0
0
7738
67
136
90
0
155
0
53
389
0
33
4
0
0
0
0
57
30
20
185
328
117
84
15
0
5
141
796
0
3
3
1
977
372
5
7
0
0
0
23
341
2980
137
5
659
0
5
0
709
37
0
7
0
118
434
3
10
0
0
16
8
49
3
214
225
5
4
0
0
486
1
0
50
92
0
0
38
561
199
2
2702
44
59
1
526
3
37
0
929
10
182
1
10
2
21
0
1
0
857
58
4
0
13
0
43
1164
47
0
1
2
1
717
0
373
0
20
113
0
345
12
109
2878
4
395
70
52
0
66
166
0
0
0
534
605
0
0
2
263
0
0
0
36
16
0
7
0
0
17
6
0
7
15
0
0
1095
0
321
19
0
0
0
66
0
0
27
0
1
1
0
36
0
0
10
141
134
0
526
28
0
0
66
1
27
1
0
0
516
0
6
0
0
105
0
0
260
104
0
38
0
41
120
0
238
0
15
0
0
591
0
0
0
1032
41
0
129
9
34
0
49
880
0
0
0
181
120
2
48
0
20
0
28
0
30
2
0
12
117
73
0
0
0
0
0
39
0
1
16
5
3
576
0
37
0
26
16
1
7
0
2
0
156
0
57
0
0
16
30
9
104
0
0
0
0
245
4
17
29
2
3
0
0
29
28
0
4055
56
0
0
266
399
74
0
5
86
102
43
0
30
78
20
0
132
0
0
12
4
0
3
0
258
0
55
0
5
0
3
258
14
75
243
95
1
0
51
339
0
0
4
2
1
3
1246
86
0
768
3
284
0
0
18
23
0
2
0
1
10
0
0
0
0
0
407
93
11
1
0
92
3
1
11
0
358
2
29
74
4
1
2
217
35
174
0
423
18
302
0
1
11
152
76
1424
13
0
0
3
0
44
0
0
0
11
16
0
28
0
12
1
11
27
0
1
2
0
0
6
0
32
0
0
22
0
62
0
59
0
329
36
52
147
0
0
39
0
72
0
0
0
141
11
173
203
0
41
602
80
0
9
55
438
9
0
25
0
961
0
0
0
11
51
28
76
14
5
13
0
0
6
102
12
93
1
1
627
2
3
18
15
0
0
214
0
0
0
0
0
118
132
21
0
0
0
0
77
0
556
0
25
79
16
226
125
78
0
1
182
19
109
397
0
0
141
0
51
0
674
497
422
7
0
0
12
2
2
75
19
0
0
4
0
0
2
22
0
201
0
25
146
0
35
3
12
0
102
8
0
5
51
30
0
0
35
0
0
0
0
0
1
0
0
0
0
1068
34
336
2
0
0
23
0
74
1
0
15
600
0
3
1
218
56
106
0
0
71
2
11
40
2288
0
3
8
12
0
109
383
0
0
0
0
372
5
85
145
15
0
57
55
1
0
5
3
4
859
115
0
0
1
223
4
8
6
0
0
24
37
5
59
0
52
0
13
806
53
0
5
7
4
32
10
0
35
64
172
32
302
1
9
0
10
323
0
5
5
0
0
0
0
0
0
12095
227
0
0
0
701
2793
4
8
0
11
358
56
0
814
35
0
0
753
5
0
24
8
0
0
310
4
0
0
0
3
0
0
0
1
0
744
0
0
5474
2
0
0
0
0
0
9
0
0
24
0
9
475
1
0
31
88
88
0
396
7
18
14
1
39
0
152
0
0
0
1286
11
248
0
3
23
129
12
25
32
340
3
0
71
90
11
1
0
0
1
2
0
94
233
0
0
0
8
0
5
0
0
1116
0
0
0
1007
85
105
0
160
0
460
0
1
129
294
1
7
0
29
44
327
0
0
85
0
12
2
0
59
5
1
0
311
30
74
0
0
153
0
41
4
2
124
0
115
339
27
14
0
11
431
18
38
201
0
0
0
151
67
0
45
0
196
169
0
0
69
82
128
0
0
0
111
613
616
16
1555
0
19
0
2110
6
1042
631
0
4
0
255
0
0
99
15
52
50
0
52
0
0
0
36
0
0
557
286
205
2
0
912
14
43
1
155
155
324
1533
0
0
0
2385
0
463
0
0
270
5
1
0
4
0
0
0
0
0
10
7011
37
26
0
0
131
0
293
2240
186
0
543
99
530
0
0
0
0
121
0
0
2
181
0
318
128
435
0
111
1
69
0
926
0
7
1
70
275
245
14
359
0
0
1
509
54
0
524
0
59
2
0
27
53
0
2
0
0
0
0
185
14
6
431
0
117
1
0
0
46
0
1
0
5
0
0
0
21
41
0
137
31
23
97
1
0
0
1350
98
6
1338
2
0
135
0
97
235
0
99
464
36
301
101
1
7
149
0
0
526
5
0
1015
5
0
155
66
33
0
0
4
577
1
42
39
117
294
104
0
0
0
45
12
275
9
67
3
225
3
19
0
3077
179
0
278
5
9
0
5
25
25
5
186
258
326
2
545
0
1
0
3
0
78
121
19
364
11
101
506
307
9
72
13
4
6
0
45
0
1
0
2
1
0
724
0
412
541
0
0
4
34
0
61
11
1
5
0
1
0
0
202
65
1531
0
6
2
0
1127
16
0
2128
1
109
258
0
46
0
0
15
3
23
328
563
61
68
95
117
0
92
115
1
0
2
14
0
0
202
0
97
93
8802
0
6
256
275
9
0
118
0
0
14
0
68
201
308
81
72
24
29
8
3
21
44
45
69
198
4
116
19
0
0
10
0
272
62
174
0
2
0
0
0
0
5
10
197
3
94
0
0
0
0
3
159
2
0
31
9
0
542
82
0
0
0
0
106
0
0
447
97
15
291
1
6
515
137
0
0
149
0
0
2
0
0
0
204
1292
80
27
0
626
0
1
12
155
0
778
30
113
0
3
0
10
1
82
4
16
242
25
1
33
0
0
830
270
43
1
65
0
3
42
56
5523
0
0
1
8
8
22
83
0
0
123
0
334
957
537
0
30
1486
880
356
112
0
0
3
22
39
4
0
52
20
32
0
50
1
14
0
7
93
0
12
123
0
89
13
273
360
177
13
283
0
2258
41
4373
45
86
9
10
397
0
193
84
327
84
3
0
0
70
3
0
293
29
129
28
435
335
0
540
2
280
591
162
106
185
0
5
0
195
401
2
10
2
217
3
367
14
0
44
7
15
0
0
81
435
2
0
25
1
61
253
53
0
0
0
0
48
0
0
622
707
127
241
5
25
211
417
62
308
10
0
60
20
9
0
110
32
15
3
228
7
0
0
0
1
0
12
261
0
1239
837
200
0
1001
137
4
0
388
6
0
0
0
0
0
0
6
87
0
5
225
21
0
433
9
0
539
102
584
0
0
0
382
404
535
117
0
418
240
10
240
21
28
0
14
533
23
483
2
0
1
122
153
55
228
27
281
7
0
0
0
0
0
0
7
44
0
8
7
1
0
0
213
4
0
3
3
51
8
33
62
17
0
0
3
137
0
121
78
41
2
0
0
1
142
0
4
17
0
174
11
0
0
10
706
1125
651
40
1
12
3
681
0
0
13
395
56
0
17
11
0
0
0
59
82
122
144
39
0
28
18
56
0
191
88
30
1
10
0
136
4
0
0
31
44
0
953
9
0
68
12
4
0
142
16
41
380
73
1405
1
1
1
31
15
814
0
888
0
565
59
4
64
0
715
0
184
25
143
404
0
567
751
0
0
0
0
0
13
0
91
42
11
78
42
0
31
0
62
3
0
0
23
211
284
409
93
388
1550
559
0
3
29
1
62
196
0
3
0
7
17
63
0
0
1559
0
33
76
150
10
0
5
0
49
16
212
0
0
475
0
1
0
185
178
524
0
18
0
0
1
0
47
3
93
0
18
0
0
54
38
0
2
0
27
992
0
246
3
2
5
0
11
3
0
0
239
288
0
11
550
7
67
263
57
0
10
4
1183
223
33
135
0
6
0
0
0
12
0
215
12
115
59
14
0
16
1
34
0
6
42
7
6
2
0
0
3
95
0
171
0
0
0
0
886
2
0
3
40
0
0
0
5
4
4
0
1114
128
377
3779
1115
3
11
0
382
5
3
1
222
340
11
208
0
0
0
0
189
54
30
4
477
88
16
467
16
15
197
291
46
41
0
0
5
0
0
0
0
0
3
13
1
0
0
0
0
0
0
31
147
63
189
81
0
0
0
0
0
0
297
225
0
0
0
0
0
0
142
124
0
0
0
3
17
0
0
0
9
0
0
0
0
0
12
4
63
59
0
0
0
0
0
1196
374
0
534
6
0
1
59
103
313
2775
5
27
0
1
0
0
99
1
28
1
2
0
0
0
0
312
6
0
0
1
0
0
0
0
13
277
0
72
37
0
0
0
1
29
51
0
0
442
0
0
0
86
132
418
31
24
31
82
0
0
5
0
0
41
19
0
1
99
2
0
5
0
0
0
71
3
32
13
0
0
0
0
1
0
0
366
60
730
0
0
0
0
0
0
0
0
0
0
0
0
15
1
0
0
4
1
0
0
0
0
0
77
6
698
0
0
0
0
2775
12
73
7
245
62
42
37
14
3736
12819
57
0
15
9
0
0
0
309
116
62
0
0
0
62
0
0
0
77
0
0
60
7
74
179
0
1
0
0
87
12
0
0
2
2832
11
50
0
0
0
0
21
71
0
2
31
0
1
2
0
142
97
0
0
0
0
76
9
9
4
12
0
0
0
0
0
0
0
0
1
69
18
0
0
559
915
51
314
3360
0
0
13
3
5
0
0
19
13
1
0
233
24
0
0
1
6
13
0
0
0
0
0
6
9
0
0
6
263
102
188
18
85
673
1
469
858
16
0
0
0
0
0
1
0
0
27
0
167
0
0
0
0
2
3
0
0
0
0
0
0
425
28
1085
5
3337
5031
163
0
0
22
31
0
94
0
0
0
728
161
0
0
158
131
86
15
0
5
7
145
3
0
0
0
0
0
1
0
0
0
0
0
0
0
0
0
0
0
0
0
25
0
0
21
67
0
2
0
189
3
0
399
1
3018
154
50
38
1
32
0
0
31
1
1
2
0
0
8
0
0
14
0
0
441
463
2
1371
7
46
2
0
0
0
0
0
0
0
0
1322
1717
0
0
63
9
0
0
0
0
23
33
0
0
0
0
9
153
0
0
10
2
0
0
0
0
0
0
0
0
0
32
0
0
0
0
0
0
0
0
0
0
0
0
0
0
0
0
0
0
0
0
0
0
0
0
0
0
0
0
