BitA_14_1
0
0
12
1269
18
147
22
3
1
2
0
181
11
311
0
0
455
10
2
144
395
70
0
1
0
426
0
33
1
4
30
4
0
84
1119
48
1
0
4
0
1
0
0
3
0
1126
0
111
0
140
0
132
0
571
0
16
214
49
0
551
0
6
0
1
17
14
0
375
11
18
1089
307
22
20
27
0
735
2
8
0
0
1
2
7
565
0
72
158
10
20
269
0
409
1
0
572
11
0
148
0
21
0
3
386
64
1
8
0
0
204
0
0
21
0
0
0
0
147
117
370
9
2
0
83
32
290
171
0
883
30
0
1
0
64
0
0
8
97
5
1
22
5
8
0
363
73
8
17
28
33
17
0
228
1
3
620
0
3
12
119
2
0
0
0
115
24
22
132
0
2
0
3
41
0
0
69
54
2
0
51
221
336
0
76
52
232
157
2
40
1
0
202
166
15
0
114
0
0
0
51
31
12
1
23
22
0
3
30
32
38
0
0
8
0
0
0
64
16
0
22
262
4
10
128
1
5
2
158
23
75
1
0
54
229
466
2
629
8
1
0
0
0
8
309
2
13
86
251
4
8
145
213
18
0
155
34
0
0
0
6
90
162
118
988
59
0
0
0
155
46
0
272
0
0
24
4
1
0
628
73
709
56
0
1077
0
525
0
0
0
123
0
0
0
0
0
0
51
0
73
0
0
2
0
9
185
0
153
11
1876
0
0
2
0
0
0
96
0
110
130
0
39
0
346
51
0
114
14
14
0
23
294
239
86
0
0
114
19
7
0
0
361
136
34
285
0
5
197
19
72
0
674
0
29
33
20
33
630
156
21
0
4
3
0
461
0
0
0
78
55
2540
97
612
13
6
0
0
10
8
0
338
0
162
0
0
1128
2
84
45
32
0
179
0
2
108
352
49
129
0
224
50
40
0
0
0
1
107
18
0
1
0
0
92
10
1370
7
37
1
164
1
0
635
119
1
0
45
0
12
1282
63
0
57
13
25
5
30
2
206
0
1
0
2
0
651
724
0
13
1054
138
76
0
0
0
15
3
2
3
0
0
0
3
16
17
0
0
0
19
98
0
233
0
18
0
230
0
0
0
2
0
251
117
306
34
93
659
263
16
0
0
27
0
21
194
60
39
0
84
0
7
0
0
249
0
329
35
31
273
14
7
37
0
19
0
7
186
4
212
20
0
30
0
309
102
0
293
2
34
13
13
10
57
24
95
589
0
5
130
336
103
42
0
0
0
35
0
90
145
0
0
57
0
2
2
6
0
0
0
13
0
0
0
0
944
0
125
0
141
0
0
0
249
228
20
0
153
4
166
34
21
0
31
0
79
2
634
3
10
3
4
0
2236
0
5
0
173
0
503
62
6
3
8
107
0
1
0
6
243
0
3
0
1
697
1
129
80
2
0
89
18
26
17
0
14
1
18
4
10
16
0
0
0
3
0
0
31
2
27
95
51
265
108
376
4
0
1
0
0
0
1
0
129
506
149
1
149
7
109
3
0
441
11
1
72
0
0
76
1
194
49
4
2
1
0
231
0
2
1
213
0
0
0
2
207
18
313
0
11
0
0
0
0
70
53
17
371
0
35
92
1569
0
4
0
2
21
0
68
1
8
5
59
45
1
92
4
5
0
2
33
10
86
0
60
952
12
31
51
676
635
1
0
212
201
11
4
3
334
0
0
0
0
152
172
4
9
15
19
0
48
0
33
26
111
0
89
8
307
0
1
0
0
0
0
626
271
0
0
199
2723
0
150
15
117
57
67
60
0
0
236
0
4
52
0
11
606
1
0
363
104
31
19
74
184
190
12
25
34
0
0
2
707
0
58
0
0
115
2
0
0
0
1
3
0
0
4
0
50
29
0
6
0
266
47
481
21
19
0
360
3
1
1
0
25
0
138
22
0
1
0
0
4
0
20
55
4
0
4
1
3
207
77
0
11
4
3
0
0
197
0
278
729
134
2
370
81
166
61
2
6
107
0
93
47
3
459
2
100
49
155
1
1
148
0
7
12
3
47
411
4
0
0
1
0
0
554
283
13
0
0
1
1019
0
0
695
14
11
0
45
0
0
275
56
150
185
57
0
0
3
0
0
81
197
188
0
0
0
1
228
30
0
1
35
0
51
36
57
19
0
116
1
0
268
2
0
0
0
109
0
124
223
27
68
161
7
49
0
4
26
171
101
186
33
2
78
24
1
1046
191
0
69
0
97
0
0
27
153
0
49
0
0
4
5
0
0
1
128
41
22
1
0
9
17
28
0
0
458
37
21
178
0
13
0
0
13
4
0
674
31
211
266
1
76
0
0
237
0
1237
26
0
0
557
263
295
89
761
0
50
1
0
1323
0
1
0
0
81
0
0
1
0
1
338
271
337
26
0
1
1
46
26
18
0
0
1
56
478
230
51
16
1
0
32
96
13
0
0
0
33
0
710
239
607
335
0
0
0
0
0
105
0
0
8
157
33
63
0
3
575
351
0
112
586
79
32
13
59
0
0
124
3
0
19
0
0
0
3
0
30
41
12
0
3
0
0
446
334
1
0
1
17
43
0
0
0
1
38
25
0
164
3
0
32
7
110
471
0
258
74
17
6
3
7
1
0
0
0
231
417
35
59
103
97
178
268
76
152
0
20
19
11
41
1
0
3
0
2
1359
14
431
0
0
111
37
0
9
187
62
105
197
0
55
46
0
10
3
10
0
18
0
2
357
226
50
2
0
464
1
0
0
74
20
852
645
0
10
1513
29
139
51
71
36
297
149
0
0
8
0
305
12
190
1
253
0
164
0
194
268
21
0
450
0
0
58
0
127
353
1
0
1
164
0
201
0
0
7
39
0
155
0
0
6
0
0
0
2
7
0
68
12
54
0
200
181
16
213
390
0
0
988
2
0
0
83
30
39
0
80
0
2
0
146
50
0
2
131
0
3185
0
0
0
4
3
111
64
153
27
0
149
0
20
0
12
43
157
33
1
0
56
0
159
479
141
0
0
1
6
1869
30
13
24
10
6
10
0
7
0
3
2
540
0
255
4
0
14
11
0
21
1
255
0
39
101
0
43
1
222
1
0
0
182
0
1
0
46
1
0
2
44
5
1
87
0
133
0
0
5
17
0
1180
0
4
1197
12
618
0
82
7
37
0
0
0
74
66
1
0
8
52
8
0
0
3
1
0
32
0
242
0
0
4
17
83
9
0
0
2
62
464
194
0
0
0
109
0
4
419
245
20
47
2712
1
23
126
8
61
32
233
0
11
35
1157
14
10
29
27
97
0
0
233
18
11
93
13
498
11
116
176
83
0
27
1
23
0
3
0
0
199
3
12
0
1173
1
19
295
52
35
0
0
0
0
7
0
122
0
0
139
15
0
0
3
0
9
0
176
0
4
25
0
48
0
1
6
0
0
11
0
0
24
0
0
0
0
0
0
2
215
3
340
0
68
76
59
0
0
82
5
993
25
0
0
0
5
11
2
322
27
192
0
500
15
192
267
0
0
0
594
0
120
188
1409
1950
0
0
0
20
2
10
0
0
25
0
5
579
277
449
10
4
161
0
15
0
128
164
50
728
0
567
0
101
6
24
30
0
1
0
0
0
0
0
0
287
175
0
282
32
0
0
5
99
221
261
29
290
2012
0
248
0
98
209
85
223
188
1
20
2
139
81
0
2
147
34
24
1
0
24
76
364
0
2
0
35
207
0
483
0
0
13
2
3
222
2999
1
139
0
0
0
243
0
412
0
31
3
0
608
25
1
18
0
5
4
9
300
0
1
0
1
0
0
9
120
13
14
0
8
4
0
0
0
108
0
7
7
0
21
23
56
1
0
0
0
53
0
9
0
6
51
288
12
350
1146
73
348
130
2121
1
22
1
117
8
0
509
0
94
17
0
2
4
1
417
38
0
23
73
0
45
2
0
0
0
14
0
0
920
152
3
0
155
1171
229
2
0
22
0
16
0
1003
0
386
6
0
7
0
30
0
0
0
0
36
0
0
0
0
11
364
52
13
0
49
10
56
15
4
11
51
4
79
0
85
2054
501
0
174
0
0
0
244
47
0
1
0
1
15
370
20
0
0
12
0
0
0
0
0
12
47
0
0
121
103
667
1037
75
241
1
2
17
8
1
0
0
0
0
81
36
0
256
27
962
17
0
0
82
45
0
85
2
0
63
197
0
0
49
0
2
0
212
0
0
3
0
11
80
0
3
5
0
19
161
1
0
0
2
30
277
11
7
5
66
0
262
34
268
0
41
783
168
0
0
1883
154
195
2172
22
0
19
1
1
0
0
44
0
14
5
0
78
642
8
0
0
0
0
0
8
44
130
0
0
29
11
7
1
164
175
82
174
220
17
0
0
0
160
0
0
0
28
8
7
17
4
0
0
2
30
11
63
16
0
1
0
3
0
0
0
85
2
0
0
31
0
13
3
2
34
169
0
20
0
270
0
268
2
0
16
0
0
0
0
0
568
2
1
1
34
2
164
135
5
0
5
0
0
0
0
117
0
335
264
210
92
0
42
48
2
10
6
150
73
0
9
0
1499
7
31
0
26
5
17
1
48
2
0
0
117
4
183
95
62
124
2
0
0
4
0
0
63
161
73
0
10
2
41
19
0
1
95
0
17
0
0
52
27
12
35
62
605
6
0
79
0
158
0
4
0
32
12
52
53
40
1
1461
16
0
1
52
0
0
1
115
552
15
1
23
5
1
6
0
6
0
10
139
4
4
851
178
9
412
0
16
11
1
0
135
0
56
0
0
1
8
9
0
0
7
819
0
54
241
8
0
913
29
0
0
1
10
5
12
400
18
33
0
0
1
0
0
0
0
75
0
0
28
0
5
0
1
5
12
0
0
0
1034
0
1
0
15
44
300
141
1718
13
655
30
3
2
12
2
12
431
1
309
593
0
9
79
0
411
1
0
4
396
0
30
44
0
0
1113
0
34
101
0
0
61
144
0
5
165
136
0
284
0
280
0
682
12
0
116
1
24
52
184
9
267
1
10
0
719
132
106
12
1163
5
46
21
482
69
0
81
0
57
99
176
0
0
4
2
16
62
0
10
704
190
731
127
0
1
0
1
11
51
0
200
68
7
403
237
0
35
19
34
0
1
0
0
401
0
49
0
114
9
2
0
1
4
0
0
907
141
0
6
63
3
8
0
57
10
207
16
0
0
99
74
1
15
0
0
0
0
697
214
5
1
472
25
235
61
18
51
0
3
8
1
9
1
1
2
12
8
48
52
0
0
55
249
0
0
119
0
0
1
248
271
48
0
0
180
0
107
183
1
0
64
0
0
0
55
168
6
0
0
2
7
10
34
0
2
0
86
0
0
0
0
8
0
192
15
22
0
0
58
1773
3
152
1
24
0
21
8
3
470
1
0
15
118
36
1
6
1
22
87
2
19
0
69
0
328
0
0
50
5
1
3
3
3
0
0
5
50
18
0
35
0
0
21
32
8
0
0
135
0
2
0
39
13
5991
0
15
48
156
0
13
1
2
0
0
162
50
310
1
146
0
3
66
7
0
15
0
96
700
0
73
0
89
0
434
2
243
69
0
1
0
0
0
0
2
0
6
1
4
1
0
1
202
223
20
0
0
213
15
0
233
277
18
107
16
0
753
68
0
34
0
0
0
228
18
138
0
22
2
0
0
282
283
0
245
25
22
2
1
54
51
0
221
0
0
442
15
139
84
0
110
2
0
81
90
12
12
14
0
0
0
1
132
143
107
0
17
0
20
0
0
46
0
57
18
1
288
47
9
15
40
0
3
745
74
0
53
0
64
257
19
16
799
72
0
0
0
242
50
0
3
13
3
2
0
0
54
84
0
41
0
0
0
0
1
137
1
113
0
0
10
16
153
0
0
0
0
153
132
21
23
0
0
89
0
0
0
13
155
1262
0
3
1057
16
48
82
0
81
0
0
8
391
12
0
13
90
39
17
0
0
3
0
0
641
0
0
566
6
23
20
1211
87
0
0
114
1310
43
770
153
0
11
20
226
0
23
15
16
14
0
0
0
150
0
0
1127
0
1411
1
0
10
0
13
1
46
77
1
73
39
61
0
68
349
2298
8
6
68
12
274
95
1
5
0
97
0
0
0
187
237
0
190
2
11
19
143
0
49
256
85
37
105
86
0
224
6
527
392
4
801
1
188
159
122
93
8
1
5
0
0
17
58
12
0
75
2
4
12
10
0
2
1639
102
102
185
71
107
2
0
2
12
0
570
1
12
0
0
1
1067
1
79
82
0
639
0
9
156
19
20
207
1
0
98
0
0
0
1
14
0
0
0
25
182
24
0
15
1
0
147
8
0
0
499
82
486
166
1
638
32
1
0
61
8
0
0
0
5
25
66
4
0
6
0
0
0
13
7
32
458
37
100
3
54
0
1988
0
0
5
47
0
12
93
0
74
2
34
29
0
409
229
25
355
41
0
0
205
388
227
102
2
0
61
0
0
0
0
621
3
1197
171
140
168
258
0
3
0
0
31
0
228
0
0
76
114
7
61
5
299
20
0
13
129
0
70
0
63
3
131
46
0
646
25
0
25
4259
1
40
802
303
192
141
80
516
8
323
0
412
748
1
72
22
3
0
0
102
0
112
81
1035
0
11
181
108
0
772
133
56
0
1
1
0
1002
2
3
360
0
345
0
31
4
0
479
33
1
0
519
6
0
0
2
0
112
0
61
2
640
6
110
39
478
0
1
110
730
0
3
10
54
83
34
1
32
227
97
0
0
140
24
130
0
0
5
21
0
18
112
0
96
0
0
1
0
0
3
0
0
8
0
0
0
0
15
0
4
514
15
0
1
1013
0
0
1
6
0
41
0
36
0
1
52
0
0
0
4
0
0
62
35
1
0
0
146
0
0
0
126
22
2
0
0
259
0
0
1
11
0
0
1
0
5
0
2
1
0
24
0
0
21
375
0
0
18
2
1
182
9
248
10
2
4
0
43
1
0
0
41
0
197
0
1
4
2
3
0
23
0
2
247
15
1
252
5
0
672
50
5
0
39
214
0
1
17
0
0
33
3
30
1
55
27
0
1
645
306
5
1
110
0
6
28
0
12
32
0
11
0
0
0
0
318
0
3
0
0
778
0
97
11
2
0
0
74
369
151
57
0
0
0
0
0
0
3
0
0
74
0
0
76
0
0
0
0
0
41
1367
51
0
0
24
0
0
0
0
0
0
0
0
0
0
0
0
0
3
0
0
4
26
0
1
0
36
0
33
0
0
3
0
1
2
0
18
0
0
0
0
0
0
56
0
0
3
9
154
0
1
0
0
0
0
4
0
0
1
0
0
0
0
0
13
0
13
0
0
0
7
0
1
0
0
0
0
0
0
0
0
0
0
0
0
4
0
0
0
510
0
0
0
3
1
0
0
1
383
0
0
73
22
0
11
22
0
0
1
0
0
0
1
35
36
0
0
0
5
216
44
0
20
2
0
0
0
0
0
0
0
0
0
0
24
1
0
0
315
0
5
0
0
0
0
0
0
36
0
56
0
18
0
26
0
3
0
0
25
0
1
0
0
18
6
0
0
0
33
4
0
9
0
3
86
0
0
0
13
33
1
39
0
3
0
98
0
6
0
130
0
0
2
0
5
0
0
0
2
70
0
0
0
0
236
0
1
555
176
0
4
28
21
0
1
0
0
0
56
0
0
55
0
32
0
0
0
0
5
0
0
0
1
0
41
2
0
204
0
1
0
0
0
13
0
0
0
0
0
0
0
2
0
5
0
0
8
20
1
21
0
0
112
0
0
0
0
0
124
0
0
5
0
0
0
0
0
0
8
0
0
13
0
0
54
3
0
0
0
31
0
0
0
33
0
0
14
0
0
0
5
0
1
1
0
0
0
0
0
0
2
0
0
0
2
0
0
0
3
0
0
0
0
73
11
0
48
12
0
0
0
0
19
0
0
0
0
0
0
1
0
0
0
0
0
0
0
0
41
0
18
0
0
0
0
71
0
0
0
216
0
2
0
0
0
5
1
2
0
5
8
2
0
0
0
0
1
0
0
0
0
2
0
367
0
0
0
0
0
0
0
0
1
0
0
13
10
0
0
2
0
8
179
0
0
0
0
0
0
2
0
0
0
2
0
0
10
0
169
83
0
0
0
1
0
0
0
1
169
0
1
0
0
0
1
0
0
0
319
8
0
444
0
1
53
0
0
1
0
0
0
0
1
0
1
1
0
3
4
11
0
0
0
0
0
0
0
0
0
0
72
0
3
1
32
9
0
98
0
23
0
0
0
0
0
5
0
0
0
0
0
0
7
7
0
0
0
56
0
0
51
2
0
0
4
0
0
0
0
0
0
0
52
2
0
0
0
35
0
0
0
0
108
0
0
0
0
0
0
0
0
0
0
47
8
0
0
0
197
221
0
0
0
4
4
1
0
1
0
0
0
0
0
7
0
29
0
0
14
0
54
37
0
4
1422
0
0
0
0
227
0
24
0
0
1
0
0
1
0
0
0
122
1
9
2
0
18
0
65
0
0
0
3
1
2
0
0
0
0
0
12
0
6
0
0
0
141
0
0
0
0
0
0
0
0
744
0
140
0
0
0
0
0
0
0
0
53
0
0
147
0
0
73
6
346
0
2
0
3
0
34
0
0
1
0
209
0
1
0
0
0
0
1
0
5
24
7
1
0
1
0
0
2
0
1
3
39
395
1
0
11
10
539
0
206
0
0
0
32
0
0
0
2
14
0
0
0
0
36
4
0
2
28
0
0
1
0
0
0
0
16
0
0
0
2
16
0
29
1
0
3
0
7
0
0
0
0
0
368
0
0
0
157
0
0
11
0
3
5
0
0
0
0
15
0
0
0
1
45
470
85
0
0
0
0
0
0
0
0
213
0
26
1
0
0
0
0
245
0
83
0
0
16
0
0
0
0
0
4
0
721
0
1
0
1
0
0
26
0
0
0
24
0
27
1
0
26
0
439
0
0
0
57
0
0
2
0
0
1
1
0
0
1
0
1
0
87
0
0
0
2
339
0
0
0
84
2
1
0
30
159
0
7
0
3
0
0
1
3
1
0
358
1
18
0
0
0
0
1
111
90
0
0
40
1
226
0
1
2
0
2
0
0
17
0
0
0
4
45
4
0
2
0
0
6
0
0
0
41
31
0
0
432
0
115
34
0
0
0
0
0
0
1
0
0
67
0
0
2
22
1
0
0
0
0
0
0
0
0
0
696
0
2
4
0
0
0
1095
49
5
1
2
0
0
0
3
10
0
13
0
1
0
0
0
2
0
0
0
0
0
0
56
0
0
1
0
384
4
0
0
0
9
0
6
0
0
1
9
5
3
0
0
0
0
86
0
86
4
0
4
0
0
653
33
0
0
44
129
0
88
35
0
0
24
0
0
0
0
2
17
22
0
0
0
0
0
0
0
0
0
0
0
0
0
138
71
0
579
0
0
0
0
0
18
0
0
1
0
0
0
0
2
0
13
78
12
114
0
0
0
3
0
0
0
0
117
0
0
1
51
1
0
0
0
0
1
0
0
0
2
1
0
0
28
30
0
0
0
0
3
0
129
1
198
0
0
0
0
1
0
0
320
0
1
78
4
0
0
6
0
0
428
0
0
2
0
1
0
0
0
43
32
3
22
2
5
0
1
5
45
0
0
0
0
0
3
1
0
240
178
16
0
67
0
0
0
0
0
5
4
38
802
0
1
0
0
0
2
124
1
0
0
0
0
2
26
0
0
3
0
0
0
0
37
0
0
0
0
101
0
0
0
0
5
5
0
0
0
0
4
0
0
82
0
0
2
1
0
0
10
0
0
0
0
0
5
0
0
0
0
7
0
1
2
0
0
0
0
1
60
0
0
7
42
0
1
0
48
0
0
4
0
1
94
0
1
0
6
90
7
0
0
11
0
10
3
1
0
17
1
0
0
50
0
65
2
0
13
0
91
0
264
81
0
1
5
0
29
0
0
0
1
23
2
0
0
2
0
0
5
0
13
161
346
0
1
0
0
5
0
5
0
0
0
1
0
0
0
0
5
0
265
33
170
1
0
0
48
0
0
2
0
20
4
0
178
445
2
0
0
0
0
10
257
0
14
8
1
1
0
0
10
0
2
1
55
0
1
0
0
0
7
0
11
5
0
0
135
0
0
0
0
13
0
0
0
0
0
2
0
0
0
0
0
0
1
0
10
6
0
0
1
21
63
2
0
0
58
0
4
90
0
0
0
0
125
0
0
0
0
35
313
0
523
0
0
0
0
0
0
2
3
0
6
0
0
0
0
0
0
65
1
8
0
0
2
0
0
0
37
2
32
2
0
1
0
282
0
0
67
0
0
9
15
0
243
33
0
0
0
0
0
0
0
0
330
0
0
0
14
17
0
0
0
0
58
122
4
0
4
16
14
0
704
2
22
0
0
62
0
147
165
22
62
0
0
9
0
106
0
0
4
0
0
0
0
0
0
0
219
0
2
0
0
0
0
0
0
3
2
82
435
0
6
0
0
0
34
2
0
117
33
0
0
2
0
0
60
0
0
0
0
0
0
0
0
3
0
3
0
10
156
2
8
0
1
2
0
0
3
33
0
0
0
31
11
0
0
1
0
0
0
0
0
0
0
84
223
0
0
1
0
0
0
0
47
204
0
22
57
0
2
0
125
0
0
0
16
0
32
5
47
4
0
0
87
0
0
0
1
0
0
0
0
0
0
0
0
0
1694
95
3
0
0
0
2
0
0
31
125
180
0
0
153
0
12
0
0
2
0
0
0
3
126
0
8
20
53
1
0
7
0
458
1
1
0
0
0
579
0
23
0
0
905
15
0
2
0
0
0
0
0
106
0
0
37
0
0
0
117
0
1
11
0
0
1
1
2
1
40
0
5
33
0
0
0
0
0
0
58
0
818
27
1
0
0
0
0
74
286
0
0
0
1
562
0
0
42
0
0
0
242
0
748
200
0
2
6
0
0
0
0
0
0
0
0
1
334
0
0
4
28
0
0
0
0
0
1
0
0
0
25
0
206
8
0
0
2
0
4
0
0
1
2
12
154
2
0
0
0
49
0
0
0
0
13
0
0
11
0
1
12
0
0
0
491
0
3
3
0
47
0
163
0
1
0
40
0
0
0
34
1
2
0
0
51
0
13
2
2
0
233
0
0
0
0
1
0
0
188
9
0
178
0
1
123
0
1
615
0
0
13
3
2
3
0
0
0
0
2
0
0
0
1
0
0
0
0
0
0
6
0
4
1
0
112
0
0
0
79
0
3
0
0
0
1
0
0
1
0
0
0
0
0
0
0
0
0
3
149
0
1
0
0
369
0
0
0
1
123
0
0
0
0
1
5
182
0
5
0
0
0
7
431
13
28
3
484
0
0
3
0
0
1
7
0
47
0
3
0
0
0
0
0
10
0
112
0
0
8
2
0
0
0
0
301
12
971
0
0
0
0
67
58
0
1
30
460
0
0
0
9
1
0
1
0
1
2
17
0
640
0
11
0
3552
1
3
19
2
0
1
0
0
0
0
1
16
0
31
0
89
0
17
79
1
0
0
17
0
0
0
44
3
0
53
13
0
139
2
0
0
3
0
0
0
2
61
266
0
0
0
0
8
0
0
0
0
0
5
0
4
0
12
0
0
0
0
0
0
12
0
0
0
0
0
19
157
0
0
0
6
0
0
0
1
0
0
5
1
1
0
0
34
0
3
0
0
0
15
1
0
1
1
0
0
0
0
0
1
0
0
0
0
0
0
3
6
0
0
0
2
3
0
0
0
0
1
0
0
1
0
2
0
0
0
0
46
626
0
0
0
3
0
0
0
0
0
0
0
2
0
0
0
0
0
0
0
41
0
231
1
132
0
1
81
0
0
40
0
0
1
0
1
0
540
0
17
0
0
0
0
0
1
0
0
140
0
31
0
0
0
0
0
0
0
205
0
0
0
0
2
0
0
0
0
0
6
0
0
0
0
0
0
6
0
1
0
0
0
0
1
0
1
127
0
0
0
0
0
1
10
0
0
1
0
0
141
0
890
0
0
0
1
0
0
0
0
0
0
0
32
0
0
0
1
134
0
230
0
0
0
0
0
0
220
0
0
23
0
0
0
3877
0
0
0
0
0
0
71
10
3
60
0
0
14
0
7
89
78
0
0
0
36
0
0
5
0
0
184
0
1
0
0
1
3
141
0
13
0
0
0
321
0
1
14
0
96
0
832
0
12
0
83
6
0
0
0
1
0
0
0
0
0
1
0
0
0
2
0
1
0
0
0
0
0
0
0
0
239
0
154
0
0
2
0
0
0
0
0
0
67
1
0
0
0
3
0
0
1
3
0
6
0
0
0
1
0
0
1
0
0
0
0
43
0
0
0
0
0
0
169
1
0
3
0
0
0
0
0
0
0
0
1
2
0
0
0
7
8
1
0
2
0
0
0
0
0
0
0
0
1
0
0
0
0
4
0
0
0
2
0
2
0
0
0
2
1
0
0
0
0
0
0
0
0
0
0
2
0
1
0
0
7
0
0
27
0
0
0
14
0
0
5
0
126
220
0
6
2
0
0
30
0
0
63
0
5
0
0
0
0
0
0
0
6
0
0
0
0
168
0
0
0
0
1
0
1
0
145
0
0
14
27
9
0
0
0
0
0
4
0
0
0
0
0
14
0
0
1
0
0
0
341
0
0
0
0
0
2
14
0
8
0
0
1
1
0
0
0
0
0
1
1
116
6
31
3
6
0
0
1
110
1
1
0
2
0
2
0
193
0
0
0
0
0
430
0
3
158
51
0
0
0
0
0
0
6
1
0
0
0
0
0
0
2
0
291
0
0
0
0
0
0
86
0
0
1
0
0
0
1
0
1
6
0
198
0
0
0
144
0
4
0
0
1
0
22
148
0
4
7
1
0
0
0
0
9
0
0
0
1
5
6
0
1
0
0
0
1
0
1
0
0
0
0
1
1065
32
45
0
33
0
0
27
1
0
7
2
20
328
3
0
0
0
0
3
0
0
0
0
0
0
0
11
143
2
0
150
0
454
51
107
2
0
0
0
0
9
2
0
274
7
2
73
7
37
3
0
146
94
53
424
0
1
0
78
6
0
8
8
0
0
16
0
19
75
0
73
2
1
1
57
6
3
0
0
77
0
0
0
371
0
21
0
1
4
1
0
70
0
91
40
208
0
13
0
0
0
0
2
122
12
62
10
22
0
5
0
24
0
5
136
7
2
0
49
0
49
7
510
67
0
0
1
72
1
1
0
0
0
0
0
0
89
0
150
0
451
0
1
0
0
0
8
22
0
1
0
0
0
0
0
0
108
87
17
0
0
345
0
0
2
0
0
15
0
0
342
0
13
0
0
0
1
7
49
0
0
149
1
19
0
36
0
7
0
49
0
0
12
0
0
361
78
0
1
0
5
0
0
7
0
0
9
0
1
370
0
0
5
0
0
5
1
0
7
0
0
212
311
0
0
139
0
146
0
37
4
30
0
20
0
0
2
221
6
47
1
1
2
259
0
0
0
11
0
34
0
3
0
1
0
0
0
0
221
0
0
0
1
1
1
0
0
0
65
0
0
1
0
0
2
3
0
1201
9
338
3
0
1
0
13
25
0
142
2
0
0
5
0
0
26
0
1753
32
321
1
0
93
28
53
4
0
0
943
0
158
174
180
1
88
2
17
557
244
2
0
0
3
502
0
816
0
0
0
0
5
60
8
0
0
0
0
89
2
22
3
19
60
128
2
389
0
4
0
131
34
3
0
102
48
0
353
0
20
26
0
2
1
52
0
0
0
0
0
247
0
0
3
900
0
0
4
43
0
40
69
28
8
0
59
71
0
0
6
3
0
0
0
6
0
5
0
0
21
0
0
0
319
25
10
0
52
0
0
0
447
0
2
56
0
12
1
0
85
51
4
38
0
0
0
0
184
3
28
0
3
0
0
0
1
2
6
0
86
79
5
0
4
103
102
0
0
40
16
48
0
12
0
97
8
0
17
0
0
0
18
454
0
20
0
25
544
33
20
2
46
0
1782
16
0
9
3
3
312
0
0
60
51
167
0
57
220
2
0
16
9
40
1
209
0
1
0
0
1
0
3
54
0
0
111
0
39
1
0
26
0
0
0
0
0
64
1
20
88
0
0
0
0
0
0
0
335
15
378
379
130
4
0
12
4
0
12
0
0
0
618
522
0
139
2
0
0
600
0
0
55
0
0
1
18
0
5
0
2
0
117
0
27
2
3
0
0
68
0
0
53
2
84
374
33
0
0
30
177
150
2
0
0
0
1
0
285
12
0
445
0
0
0
14
7
288
2
0
1
0
43
25
62
287
1
0
0
0
0
63
0
0
3
0
0
0
15
0
424
0
27
95
0
0
0
0
49
178
0
0
0
0
7
0
6
119
1
0
1
0
8
2
27
0
17
0
0
0
57
9
0
0
0
0
517
1
0
84
0
0
0
1
16
0
51
27
0
0
5
0
1
64
0
0
1
0
159
7
0
21
0
17
4
21
32
0
45
0
0
0
0
48
0
8
176
0
0
1
0
2
0
72
0
56
11
2
0
0
82
13
0
3
0
205
114
9
0
0
0
0
0
145
7
0
2
2
0
0
0
0
0
0
91
0
2
0
0
0
0
0
548
0
36
0
2
1
9
1
0
1
1
644
0
0
0
30
0
72
0
2
0
0
132
3
0
0
0
0
0
0
0
74
0
3
0
271
0
6
2
0
58
0
809
0
0
0
1
789
80
0
82
30
0
0
1
13
110
1
21
1
2
0
0
0
0
9
9
11
535
85
53
0
2
5
0
8
0
0
126
431
0
34
0
0
0
3
0
5
125
0
0
36
2
133
24
39
0
0
123
119
6
22
0
253
0
15
0
0
0
0
1
1
174
287
34
17
3
0
0
0
0
117
32
0
0
1
255
1
0
17
0
0
71
13
0
174
13
0
257
2
0
28
0
0
0
1
0
583
0
0
0
2
0
0
1
31
0
1
218
0
1
0
0
0
0
32
0
44
31
11
3
0
1
0
0
0
259
69
0
12
19
102
0
50
4
0
0
0
0
0
0
0
2
0
0
0
1
5
0
0
67
8
14
0
0
8
0
3
0
0
0
6
2
0
0
12
0
6
18
8
0
0
0
0
0
0
0
59
2
0
0
3
0
0
0
1
0
4
99
0
1
4
0
341
0
1
17
66
5
21
0
0
0
0
0
0
0
0
5
4
0
7
15
0
0
0
19
0
80
0
0
0
229
15
1
0
0
25
7
0
0
24
446
0
48
0
44
10
908
86
319
0
0
179
17
0
372
1
0
4
23
0
3
35
0
0
88
0
3
0
6
0
0
9
0
0
0
0
11
0
0
0
0
0
39
76
52
6
0
0
8
75
0
58
91
0
0
0
0
8
0
0
52
0
47
3
0
16
32
167
2
1
0
0
0
0
25
14
1243
0
8
8
2
0
0
0
0
0
26
282
0
0
0
0
0
2
36
62
0
14
0
158
129
0
1
0
136
1553
0
141
0
0
12
133
21
0
6
4
0
2
19
23
1
0
6
0
0
5
0
4
86
108
206
0
2
94
0
3
0
9
0
0
49
0
0
0
0
43
13
0
10
0
0
10
211
0
0
0
5
0
3
244
0
0
119
240
614
281
2
0
86
2
25
0
6
0
144
2
0
0
0
0
10
0
9
0
0
0
39
3
106
0
5
0
30
10
3
445
0
649
0
0
0
68
26
11
2
508
0
0
26
40
279
24
5
340
21
22
2
35
2
280
5
0
0
0
0
7
395
0
58
0
33
18
0
0
13
105
0
75
6
412
200
5
5
0
15
0
0
4
0
223
201
215
16
55
0
92
0
42
0
1
117
69
0
0
0
139
0
1
3
23
3
69
0
529
0
0
6
0
3
48
0
123
20
13
6
169
76
60
10
12
0
125
0
0
1
92
0
0
46
3
0
2
68
0
0
1
0
0
0
23
792
17
0
338
144
0
367
0
0
0
2
0
226
32
1
78
17
0
0
0
0
0
54
14
28
0
58
0
2
0
1
5
0
224
0
0
494
0
1
0
14
1
0
0
13
17
0
0
0
1
75
0
0
200
1
4
0
2
0
0
35
0
28
0
6
32
0
25
0
3
0
335
36
172
0
0
306
55
0
75
13
0
0
0
1
16
6
2
0
0
0
1
12
9
62
0
49
4
15
18
17
0
25
0
0
2
0
4
20
20
74
567
311
17
61
0
3
0
34
0
145
0
0
1
0
499
9
12
184
41
322
217
0
0
3
0
76
0
10
0
2
180
22
7
0
82
11
0
4
0
49
42
106
1
0
2
0
19
0
0
0
149
33
0
6
34
0
80
0
16
5
4
0
26
0
0
84
120
0
15
0
52
0
0
0
5
0
120
0
0
1
0
0
0
0
0
0
0
0
0
5
16
333
121
124
2
0
0
1
40
34
0
0
0
0
0
41
53
0
0
0
9
0
0
0
0
8
2
0
0
0
0
1
0
0
15
0
1
8
16
11
2
0
0
7
28
3
0
19
0
148
0
0
0
0
0
104
3
133
0
67
0
53
10
2
326
227
158
0
0
17
0
0
0
35
0
10
6
1
0
13
21
0
0
12
120
0
19
0
9
494
0
0
0
27
2
18
24
5
34
19
16
9
0
5
4
0
186
0
0
0
4
0
0
6
0
0
48
13
56
1
3
0
0
0
17
23
4
106
0
0
327
1
295
0
0
14
352
0
0
12
0
0
0
18
0
0
114
1
0
1
0
0
11
0
0
0
0
1
1294
2
42
0
0
0
0
55
9
59
115
81
655
60
0
20
0
192
18
0
192
0
58
0
30
1
96
0
41
0
0
0
0
0
9
1
0
0
80
0
1
0
2
101
14
13
172
0
0
0
118
0
0
0
0
6
0
62
881
0
185
0
0
16
57
9
0
0
4
5
0
0
0
134
0
0
0
39
0
6
0
0
0
2
2
89
35
44
0
6
343
0
0
1
0
0
355
0
1
2
88
0
146
74
6
0
5
1
0
0
0
0
0
199
35
274
0
95
0
0
6
536
1
25
1
1
10
1
14
0
0
0
0
228
0
3
31
0
0
0
0
0
4
6
2
69
3
1
27
0
411
0
0
0
0
191
0
87
17
0
0
6
0
0
0
275
0
0
0
1
0
1
0
0
0
34
0
0
0
4
0
129
7
0
47
1
18
14
0
27
0
0
0
0
0
25
0
1
0
0
0
5
0
5
12
0
204
0
1
394
0
0
0
38
0
0
2
303
11
54
0
4
30
0
0
0
0
4
0
4
28
2
11
0
0
0
0
0
0
0
3
0
704
0
30
133
0
0
0
0
5
0
0
191
0
0
344
0
0
2
0
90
1
0
0
0
0
5
21
16
0
1
4
4
0
0
290
0
39
0
3
33
0
0
0
38
4
4
11
39
141
0
8
1
92
7
0
8
0
0
0
0
0
0
0
0
307
3
0
0
0
1
24
0
0
0
182
0
0
0
0
165
4
0
2
0
123
317
0
8
0
0
26
83
45
143
1
0
0
0
18
0
1
249
6
76
21
0
91
217
0
0
1
5
1
0
0
40
183
0
0
0
0
1
0
60
2
1
0
0
0
293
10
1
115
302
32
36
0
12
6
3
12
10
0
46
81
0
46
25
88
296
0
0
110
0
3
0
0
0
1
286
0
374
0
60
370
18
16
0
0
0
0
7
0
26
2
0
0
27
1801
0
247
116
6
0
4
0
48
0
0
0
0
0
0
264
1
2
0
0
0
0
36
0
9
25
0
641
0
1
0
0
71
26
0
64
0
0
0
0
0
0
0
0
1
0
71
0
48
0
11
7
144
54
0
60
0
1
0
0
7
0
52
7
0
14
35
0
0
63
0
0
0
0
5
4
0
115
29
0
33
73
0
0
45
316
0
0
0
1
0
0
19
420
65
14
0
0
0
7
0
9
34
348
0
236
11
251
6
0
0
0
2
0
0
75
516
0
0
0
0
0
125
232
23
1
2
0
1
11
147
0
3612
0
0
370
167
0
0
0
1
0
0
5
24
1
0
2
1
0
101
0
2
59
29
0
165
0
142
3
38
0
0
0
0
0
2
153
1145
0
288
0
89
15
80
345
0
0
0
0
58
123
0
32
125
9
0
5
3
160
137
0
0
0
24
0
0
0
1
0
0
1
9
0
0
3
1
2
1
0
0
487
0
0
0
197
1
9
0
62
0
0
14
634
0
0
0
108
107
1
0
1
3
0
13
108
619
0
0
48
0
169
2
3229
0
1
148
0
0
0
3
0
0
0
3
0
85
0
259
174
0
15
2
14
0
64
0
90
363
1537
2
139
135
0
0
0
15
0
61
4
0
1
2
0
0
125
0
5
0
0
1
16
0
0
54
5
15
6
6
42
50
2
8
0
0
5
213
1
209
8
2
0
1
0
313
1
0
103
0
0
0
0
669
0
62
0
0
71
0
0
0
0
62
1
8
0
133
1
0
11
0
6
0
0
4
80
1
1
121
123
0
0
6
13
58
4
0
0
2
32
0
10
0
0
2
12
0
0
199
73
2
9
349
12
105
203
136
0
0
0
0
0
2
0
251
124
0
0
0
0
14
161
2
0
8
0
482
4
1
0
0
122
52
50
0
293
14
0
0
83
1
0
0
3
0
1
104
19
25
6
178
0
0
0
0
0
0
289
0
3
95
113
6
0
38
0
0
0
141
52
58
0
1
0
2
61
0
3
407
0
0
1
193
0
0
0
1
0
548
460
0
4
8
197
1
0
0
1
0
8
294
304
0
253
0
6
0
0
38
0
8
0
0
0
15
3
0
0
0
0
2
75
4
0
1
0
43
0
0
0
0
1
4
744
36
0
1
132
0
74
50
2
0
29
8
0
0
0
0
114
21
0
6
99
315
0
0
0
0
0
0
0
0
0
0
6
0
37
0
602
0
0
0
282
2
0
51
0
11
0
0
0
0
0
116
127
1
398
0
0
28
0
3
0
0
0
0
8
0
0
0
1
0
0
587
18
2
68
0
0
0
11
0
43
24
0
11
246
1
0
0
97
0
0
3
8
7
427
3
0
134
3
0
0
0
0
1
0
0
0
7
0
0
0
0
0
0
0
0
0
0
0
1
123
1
0
7
0
1
6
0
0
2
54
3
5
0
330
0
0
562
0
19
2
2
31
0
0
0
26
5
0
2
462
1
64
0
0
52
1
0
77
0
227
0
0
1
6
302
0
0
0
1
0
36
105
8
0
0
1
18
180
268
3
20
2
0
10
6
3
0
8
7
0
2
13
7
0
2
0
110
0
0
1
3
18
0
120
0
0
5
13
638
15
6
59
0
0
79
666
0
0
546
0
3
0
12
44
0
0
25
1
0
3
5
1
16
0
9
1
0
0
16
2
3
0
0
355
0
1
0
19
0
0
20
1
0
1
1
0
21
0
7
0
1
25
8
1
0
0
259
0
42
8
2
0
32
0
1
0
18
63
1
1
0
11
0
220
0
0
2
87
523
0
0
47
0
47
0
0
0
0
262
0
0
0
6
43
6
15
35
21
0
196
0
0
0
122
84
22
0
10
11
0
7
0
0
66
0
0
0
14
161
0
0
0
36
1
418
0
1
154
0
0
0
0
0
0
0
5
1
2
263
0
9
3
0
260
2
0
1
59
0
0
0
0
209
0
229
285
89
91
0
0
36
1005
1
0
0
11
0
0
1
0
74
0
62
4
0
124
327
3
0
0
0
4
0
93
0
0
49
0
0
333
0
9
0
39
345
1
0
1
40
0
0
33
98
0
0
0
0
151
142
19
4
0
0
0
3
1
7
0
0
29
0
0
4
2
13
416
141
1
0
49
1
0
0
0
0
0
0
1
0
603
8
83
0
1272
0
519
0
0
1
99
0
2
0
0
5
48
29
77
17
7
28
0
42
0
39
6
0
0
1
0
56
1
0
145
0
117
0
0
0
0
10
35
173
0
0
0
0
1
1269
2
71
38
43
20
56
9
4
0
101
19
0
124
1
0
0
0
40
0
0
3
6
25
0
0
0
17
3
0
9
0
158
0
0
1
5
0
0
0
5
293
0
0
0
42
0
9
19
1
3
3
66
0
0
0
135
0
0
0
225
23
28
8
0
3
204
0
0
184
0
0
0
102
0
0
1
22
0
0
0
1
0
113
8
257
32
0
0
0
0
139
0
25
0
123
61
2
181
2
109
41
15
8
32
1
0
14
121
0
358
0
11
0
52
0
1
0
0
282
0
0
0
21
0
668
0
13
2
5
0
15
0
1
0
90
0
2
46
0
0
0
0
119
0
11
206
2
0
0
157
29
45
21
1
0
0
12
70
44
0
0
16
1
0
0
0
0
0
129
0
1
14
5
21
0
0
0
0
138
0
14
0
8
40
5
0
0
2
2
0
21
1
29
0
2
0
0
59
0
16
156
0
134
86
0
23
0
25
46
1
16
0
11
0
57
12
11
0
1
128
6
21
2
1
0
42
262
438
45
0
0
0
0
0
103
143
3
23
5
76
0
15
0
0
0
0
27
0
73
0
19
14
68
5
0
2
29
46
0
95
0
0
0
22
11
0
0
0
1
0
78
51
0
42
12
822
4
112
0
16
9
0
0
0
1
8
0
0
0
0
0
0
35
10
0
0
18
3
68
1
28
5
269
21
2
776
7
74
0
0
0
0
3
0
253
0
67
35
1
2
11
2
0
0
8
0
6
1
2
1
86
75
430
18
1
7
1
4
11
15
0
0
84
0
1
20
129
0
1
2
283
3
307
4
0
0
20
73
12
1
43
35
0
4
0
0
0
266
1
26
429
211
0
52
0
0
58
15
335
106
0
0
0
10
1
58
74
64
9
4
0
3
1
54
480
0
2
24
7
0
1
0
0
33
0
380
308
212
0
0
161
0
342
0
0
2798
1
0
0
0
15
21
3
0
2
16
0
95
41
0
230
25
82
4
0
174
0
2
144
197
0
1
0
53
5
127
0
1
0
0
5
0
0
0
0
0
12
0
0
0
20
0
204
0
0
131
0
237
31
1
16
0
8
94
0
0
30
14
960
0
0
0
269
165
2
0
32
5
0
317
31
80
0
0
0
0
3
52
16
2
10
0
1
0
6
0
1370
6
0
1
2
27
2
0
0
0
0
0
3
1
7
78
2
2
27
1
0
0
252
0
50
74
0
0
0
1
0
173
0
0
16
0
27
1
231
0
0
0
1634
26
33
4
0
0
20
53
25
0
2
1
8
0
1
211
10
413
0
0
0
198
5
0
89
97
1
88
0
0
2
0
0
3
36
9
1642
140
0
0
0
0
164
0
0
0
142
8
0
679
12
0
2868
41
232
20
3
4
0
0
0
39
16
17
0
0
60
33
22
3
0
187
0
3
38
14
0
0
0
0
0
8
1
0
0
1
0
390
0
4
0
1
1
0
11
0
1
0
64
0
446
0
0
0
0
498
3
5
0
12
0
19
0
92
139
0
0
0
0
0
0
0
0
0
0
0
0
0
0
0
0
0
0
6
0
0
0
0
198
0
0
0
1
0
11
2
0
1
0
78
11
1
240
3
0
0
0
0
1
2
0
0
0
85
0
0
0
0
2
0
38
62
0
0
0
0
0
16
3
4
0
20
60
16
1
2
2
249
1
0
13
65
0
0
11
20
0
0
64
10
3
0
0
0
436
54
0
1
107
0
25
0
72
26
0
1
67
10
508
31
0
19
0
0
0
2
0
230
0
0
0
0
0
0
0
0
0
112
3
70
0
0
0
0
0
0
11
187
0
6
43
251
0
0
70
0
0
0
180
0
1
0
57
3
0
0
2
0
117
0
1
7
1
256
0
0
0
2
1
1
0
0
0
0
0
3
0
2
0
26
0
456
0
0
219
18
0
54
0
61
124
6
42
0
0
11
0
534
0
1
0
0
28
6
4
6
0
0
0
14
0
0
0
0
122
142
78
0
22
6
23
0
0
0
0
0
0
0
934
6
3
13
0
0
0
0
0
1
43
0
0
169
4
188
84
1
38
1
0
2
28
0
325
0
1
116
0
0
0
3
0
0
1
1
149
0
0
0
0
0
442
0
4
1
0
357
0
0
0
10
1
0
17
0
3
0
48
33
0
0
7
150
0
0
2
0
139
19
126
0
18
8
2381
0
0
59
0
0
1
0
0
2
0
0
42
7
0
2
0
0
142
0
0
5
574
0
78
32
39
0
0
83
6
0
15
0
155
131
0
22
0
0
0
0
3
0
0
7
121
0
0
0
0
0
0
0
64
6
102
0
0
0
7
18
317
0
3
0
0
0
1
0
0
1
0
0
313
70
1
0
0
0
3
0
20
122
0
207
0
0
0
6
0
0
15
0
2
0
0
67
2
63
22
0
68
25
0
311
0
0
6
0
34
0
140
1
39
19
0
0
0
11
0
1
1
0
1
0
0
0
0
21
4
22
443
0
165
0
184
0
241
0
0
7
9
16
203
2
88
31
11
0
2
32
0
3
0
0
26
27
38
4
2
0
1
0
2
0
2
0
0
40
0
2
322
0
2
1
0
0
0
0
0
0
7
0
35
2270
67
0
22
0
1
1
41
0
2
0
0
0
0
2
0
2
0
0
3
23
177
6
11
0
5
0
160
0
1
0
0
0
0
0
0
0
0
8
80
186
0
487
1
18
77
509
105
4
0
1
0
2
91
100
0
1
0
0
0
46
4
0
0
1
0
24
49
32
1719
0
0
15
103
290
0
0
2
1
47
2
63
0
324
0
0
26
3
0
0
7
0
113
1
172
10
104
0
127
1048
120
0
16
3
11
0
0
4
0
15
0
0
0
33
0
20
0
6
2
343
216
38
0
0
1
0
0
1
65
0
23
55
2
2
0
403
5
25
8
0
0
3
0
430
0
38
0
5
265
0
0
1595
1
69
3
163
0
0
7
4
0
965
0
636
0
0
0
316
0
0
0
93
0
66
610
1
3
8
3
654
0
0
0
42
0
0
1
0
0
0
49
0
2
14
35
8
7
5
0
53
103
1
0
1
0
1
0
0
114
0
1466
0
0
8
1
0
2
0
8
0
0
0
746
0
464
0
0
270
0
0
0
4
17
59
0
0
9
0
118
1
5
0
30
1
87
0
155
0
0
0
1
1
0
0
10
0
0
73
0
20
0
521
0
0
3
61
3
0
66
1
0
13
0
46
20
0
0
0
0
0
94
7
4
0
0
1
0
0
0
0
0
55
105
0
58
141
2
0
73
2
82
0
22
0
15
0
1
0
0
7
0
0
0
7
1
27
211
0
0
0
19
48
5
11
1
361
5
24
0
0
0
0
0
6
11
293
0
0
0
0
48
0
0
6
1
16
5
0
0
1
19
3
0
667
8
0
38
80
4
0
16
51
0
1360
471
20
58
23
277
31
0
0
33
0
26
247
0
41
0
0
3
13
1
0
0
1
0
3
29
0
0
0
1
1
0
0
0
0
0
0
83
0
14
0
21
0
0
0
2
1
0
0
0
0
161
0
839
9
5
11
0
214
0
0
0
0
0
0
0
9
0
0
133
0
3
1
0
0
62
0
364
58
0
0
21
0
0
3
19
0
0
0
0
0
0
102
2
0
0
0
1
10
30
0
1
0
36
1
0
37
8
0
0
25
8
0
1
0
0
20
95
0
18
0
0
0
11
0
0
7
2
81
2
1
169
0
0
0
13
0
0
235
0
1
0
0
0
0
0
257
636
0
28
0
1
32
223
0
2
1
0
19
107
0
126
265
0
0
0
2
0
58
1
1
6
6
1
0
41
0
19
0
400
0
0
0
2
146
0
0
1
0
0
0
0
170
24
0
0
32
1
53
0
0
224
3
0
34
4
104
59
0
0
20
0
0
0
33
9
0
2
0
4
10
90
0
0
2
0
0
0
0
0
0
96
0
0
11
30
0
0
34
0
117
60
13
0
0
0
0
4
0
226
0
69
0
16
0
0
116
1
0
0
0
177
0
18
3
71
2
718
0
0
41
103
160
36
45
0
4
109
0
391
0
43
7
42
2
0
14
119
0
0
152
0
169
1
0
0
0
0
0
17
2
110
0
4
0
7
0
9
0
0
215
0
0
62
0
169
20
0
249
708
0
1
0
0
0
508
94
4
0
0
2
0
0
0
0
221
15
0
0
3
0
437
0
31
3
0
13
6
0
0
0
77
0
47
32
2
0
1
154
0
165
0
39
844
1080
2
53
0
0
6
15
3
0
169
14
22
1
0
16
26
10
0
106
0
0
77
0
0
0
0
7
0
2
0
0
0
5
14
0
1
1
18
0
11
0
41
0
90
0
2
68
0
4
88
3
0
0
12
55
0
0
1
0
0
71
0
0
6
1
0
0
0
0
6
19
145
10
0
0
0
1
1
0
0
539
0
0
4
0
305
0
3
3
8
0
0
3
0
67
0
10
0
0
0
4
13
7
0
0
280
52
0
1
0
0
0
4
3
53
18
0
415
0
50
89
0
0
21
0
10
22
0
1
0
0
0
3
0
20
2
24
28
0
0
30
70
0
1
0
0
1
2
41
0
0
0
1
35
0
2
7
89
0
134
0
0
26
2
203
1
0
0
95
11
21
0
0
0
0
9
0
148
0
345
91
0
34
28
14
147
0
19
64
7
0
0
156
27
0
121
2
0
142
0
3
0
895
0
0
1
12
1
0
0
0
137
8
0
0
120
0
0
0
44
235
0
0
0
0
99
0
0
10
0
0
3
0
0
0
63
0
4
165
0
0
410
0
0
137
0
427
0
72
16
1
0
3
1
97
202
0
47
40
0
1
196
50
5
0
0
0
0
0
204
34
0
0
0
28
255
27
15
703
5
0
0
1
1
474
1
71
93
0
14
133
3
289
35
1
0
47
101
1
0
0
0
0
0
0
55
227
73
568
6
548
149
217
2
67
0
0
0
0
0
157
2
5
0
173
12
0
0
0
43
27
0
0
1
62
684
106
26
0
1
5
45
0
0
0
0
0
0
17
0
193
47
0
1
0
19
29
6
1
0
0
1
3
2
135
0
7
38
8
0
17
0
2
147
1
732
0
0
27
9
550
14
0
19
0
2
2
0
0
0
0
0
1
14
275
0
17
3
0
1
2
1
0
20
72
8
0
0
1
0
2
1
45
26
12
24
43
85
8
2
1
0
0
0
130
35
53
1
0
38
0
80
0
89
0
364
10
0
0
0
5
30
18
19
1
1244
2
4
0
1
0
0
7
227
0
1
0
0
23
143
0
0
15
4
233
0
385
372
4
30
152
15
4
14
14
65
0
178
400
52
3
211
0
0
1
137
2
0
0
0
158
181
691
1442
0
75
0
348
0
0
0
0
0
0
0
17
0
0
0
1414
179
50
0
197
105
4
5
38
0
625
0
0
0
0
0
8
24
8
0
0
200
1
67
2
17
0
0
196
604
2
18
6
0
337
1
169
0
1
100
14
19
23
0
0
0
0
0
0
0
16
74
34
0
0
5
107
557
0
3
6
15
3
91
1
354
0
0
61
1
0
0
0
0
0
228
0
0
0
4
72
1
0
0
251
0
69
94
87
48
0
1
59
0
0
0
27
0
35
1
7
0
494
974
10
163
2
19
1
168
32
61
0
104
0
0
3
0
40
0
0
0
0
0
1
0
49
11
56
29
48
66
11
4508
276
19
0
57
0
0
0
1
0
0
33
0
0
0
0
40
56
20
1
0
6
5
0
75
14
164
0
5
1
11
0
10
0
0
0
0
0
60
0
3
0
0
224
0
0
0
23
0
297
460
0
0
0
156
0
32
136
28
232
109
0
86
0
106
1
1
0
0
38
2
54
0
0
157
0
0
0
1
0
0
0
0
278
12
20
127
0
2
5
0
192
0
0
0
0
26
0
0
15
5
0
0
76
37
82
0
0
282
0
0
208
0
0
0
0
1
0
0
2
32
0
0
0
3
0
65
0
0
0
0
0
0
0
1
1
73
4
0
4
2
6
0
16
1
1
0
0
0
1
0
209
4
0
93
0
0
33
0
0
2
166
0
0
155
0
0
0
0
0
0
75
0
27
0
143
41
3
0
11
0
1
0
0
0
0
12
0
1
0
16
0
0
60
28
35
0
5
185
340
2
0
4
0
324
0
2
0
17
48
649
0
0
25
1
0
5
2
4
16
0
0
0
0
0
102
1
0
306
0
81
0
228
0
4
29
2
36
300
0
489
8
0
1
0
168
0
0
90
0
22
0
0
6
0
498
2
0
7
1
0
1
0
20
0
1
200
0
0
1
0
0
0
1
51
32
24
0
0
10
1842
334
0
12
0
0
0
2
0
0
0
0
19
10
22
32
1246
1
2
0
357
0
3
2
0
0
0
183
108
8
6
0
90
0
0
7
75
0
0
0
0
4
58
0
0
3
0
0
3
6
1
0
0
377
5
27
0
0
0
0
3
2
0
0
6
0
0
0
0
19
2
0
75
0
0
0
0
0
0
1
0
0
0
0
0
972
0
0
0
29
0
37
37
36
0
1
6864
0
0
0
63
5
0
0
0
0
4
0
1
0
0
71
0
0
0
19
0
2
0
0
0
0
0
0
0
0
29
0
2
0
5
5
964
6
16
1
1
0
0
1
0
0
1175
270
171
46
3
3
0
45
0
79
10
121
193
9
154
179
103
0
73
32
1
1
0
0
3
0
0
115
0
0
0
0
23
10
171
0
169
2
102
1
0
0
0
19
42
1
0
0
4
20
4
23
3
35
0
0
28
13
0
0
0
0
0
1
0
0
0
0
1
0
0
1
59
28
0
0
0
744
0
0
4
1212
111
0
199
0
0
1
0
3
156
0
0
330
5
0
226
0
0
53
13
0
0
2
0
0
173
0
0
0
1
0
0
172
76
0
0
2
0
0
3
0
0
0
8
1
0
0
30
0
0
0
0
141
0
0
157
2
0
0
106
0
1
76
0
0
44
0
0
0
0
41
3
0
0
12
4
1
0
4
0
0
20
2
0
0
0
4
22
0
14
0
0
0
0
326
0
514
0
0
7
1
0
0
0
0
60
193
1
0
0
10
0
111
0
0
0
26
51
7
1
0
139
0
0
74
32
0
0
1
0
0
619
0
0
0
541
2
0
1
33
0
43
599
0
0
0
5
0
0
0
0
1
0
0
60
37
0
0
0
2
0
0
0
0
0
0
216
0
48
0
10
0
0
0
0
0
0
0
0
1
0
0
3
4
0
0
0
1
0
0
125
1
55
2
2
0
40
0
1
0
457
0
893
0
278
0
0
0
0
0
11
0
3
0
0
2
0
0
0
11
3
0
0
0
397
2
0
0
110
0
0
0
0
3
0
0
3
0
0
39
0
154
31
0
0
3
2
0
32
0
1
1
37
0
0
1
0
0
0
0
0
0
0
0
0
0
0
0
10
2
21
115
9
0
0
0
0
2
0
0
0
350
0
0
0
16
9
0
3
0
0
0
0
0
29
1
0
0
0
1
406
92
1
130
0
0
0
0
1
0
0
0
12
238
9
50
0
0
0
419
370
0
3
127
0
0
3
0
0
2
319
0
1
2
1
1
644
1
193
4
0
15
0
272
0
0
0
0
1
197
0
0
0
0
0
0
11
0
0
0
242
41
0
0
1
712
1
11
119
3
678
1
0
1
0
0
2
0
15
0
0
0
0
2
0
0
0
0
52
0
74
0
6
292
0
374
0
12
1
0
0
15
0
0
3225
1
0
0
0
0
0
0
0
0
18
0
0
6
0
0
269
0
203
1
0
14
0
172
83
0
148
0
4
248
0
8
2
0
0
0
328
0
0
0
0
0
0
788
18
0
6
5
2
0
0
1
0
33
1
21
0
1
9
0
155
3
0
125
0
0
1
0
0
0
0
0
4
144
1
0
0
0
0
0
0
0
0
9
81
1
0
0
0
104
0
0
0
6
0
147
0
0
0
0
0
0
1
0
0
0
0
5
0
4
196
1721
78
0
0
0
0
126
0
2
1
0
1
0
0
0
0
38
0
100
17
1
2
41
0
0
0
0
817
0
0
113
0
0
4
44
1
0
44
0
4
0
3
344
147
15
6
0
17
0
29
0
17
0
10
0
84
0
355
1
0
211
2
175
111
14
1
0
2
115
2
2
125
18
0
191
0
0
0
24
0
237
0
0
0
0
0
469
742
351
1
0
0
0
0
0
378
95
101
0
156
0
0
1
9
60
0
0
27
0
2
8
28
0
0
29
12
0
0
0
64
4
55
367
35
39
79
0
0
5
162
0
78
3
0
20
0
9
1
0
50
2
0
1
0
1
16
0
21
754
3
0
889
2
0
32
1371
0
19
47
0
0
0
6
0
0
0
0
1
0
0
0
20
15
6495
146
0
311
3
58
405
18
0
32
0
0
0
3
0
45
13
85
20
0
1
54
136
181
1
0
337
3
14
0
49
0
48
89
60
7
0
54
2
92
0
0
0
1
53
0
12
11
209
21
0
6
176
23
97
154
29
0
0
61
334
2610
0
0
11337
36
267
0
2
0
0
128
151
0
30
6
255
0
1
0
301
0
137
0
1
1056
2
91
971
0
0
10
341
1
6
35
107
50
140
286
0
2
116
36
16
0
127
15
0
82
296
0
1
6
138
0
0
0
1
0
0
6
2
0
5
199
17
271
84
194
482
1
6
111
0
35
7
396
0
96
5
95
0
2
0
37
0
666
399
1501
0
0
44
71
0
59
60
0
0
0
10
0
586
4
45
0
70
290
15
1
0
0
69
0
0
4
103
0
61
0
0
5
0
19
26
0
169
0
317
16
0
95
16
0
498
0
318
0
117
0
2
0
8
102
93
5
0
2
431
0
242
0
0
137
182
16
0
5
97
81
1
123
1
8
0
85
39
0
0
1994
0
0
243
5
42
30
185
0
0
20
11
11
126
0
22
45
1
79
488
59
21
11
364
27
1
397
6
0
43
0
1
24
13
1
0
52
44
434
15
3
0
0
0
172
73
155
102
353
2
26
0
0
0
47
231
46
0
3
22
19
0
5
13
103
395
1
0
142
0
79
8
32
14
0
0
12
14
204
0
0
57
0
7
139
10
1
45
0
86
12
8
0
0
31
7
196
0
0
1
0
4
15
17
169
8
0
0
6
4
0
0
106
1102
7
1
0
0
44
403
40
107
837
215
12
4
0
24
10
0
211
7
82
58
22
24
6
0
6
214
29
0
20
4
2
171
1
4553
2
24
16
0
0
82
2
0
0
26
0
2
66
4
0
150
1
1
7
2
4
212
0
0
31
164
0
0
55
34
0
0
226
308
1
0
4
1
0
0
554
7
10
0
3
0
0
0
66
24
156
0
41
0
5
1
1472
0
1
4
15
491
1
0
0
0
8
89
0
51
46
0
0
413
372
0
0
11
7
0
0
32
0
741
32
250
632
0
0
0
441
0
0
0
7
8
4
31
0
0
70
0
2
6
84
59
122
186
37
0
2
0
0
33
0
0
223
35
0
113
0
0
0
296
199
342
236
1
121
11
3
416
0
0
0
18
0
82
94
42
24
196
10
0
128
0
0
28
0
661
0
6
59
166
30
77
8
0
1556
0
0
0
33
0
3
733
0
80
212
251
1
100
0
38
9
0
27
1
62
3397
0
0
0
409
0
115
10
74
0
18
44
3
61
0
3
0
2
0
456
0
80
0
0
0
0
54
139
180
0
0
0
0
0
0
4
0
0
334
310
0
1
3
0
0
81
0
0
2
0
0
0
42
9
304
70
0
12
0
8
84
181
14
0
0
27
0
0
7
7
1258
8
2
0
153
2
2
221
0
66
1
1390
145
0
17
0
0
282
0
0
0
17
26
64
0
0
109
114
36
0
65
81
0
0
0
2030
16
1
47
123
3
36
1
26
0
54
6
0
0
0
54
43
0
299
125
0
7
0
0
0
112
385
2
32
0
0
94
73
14
0
88
0
76
86
47
1
5
1
0
0
2
0
0
2
1203
36
7
0
0
0
0
631
90
88
65
0
0
19
19
8
93
7
0
1
0
0
0
0
220
0
0
6
10
18
56
363
5
0
201
0
850
3
140
0
63
0
45
5
132
2
114
26
70
3
7
0
477
113
26
0
492
214
0
206
0
10
0
2
0
0
268
56
0
273
0
3
20
0
0
0
458
53
0
3
0
65
169
18
0
0
0
19
0
0
0
115
2
0
0
4
2
44
0
0
0
189
1
0
1
595
0
13
2
19
0
1
3
223
0
0
202
0
0
0
0
0
29
9
0
1
38
0
0
7
0
0
4
1
0
0
52
15
294
0
0
0
0
20
0
4
0
0
0
1
3
0
9
5
0
0
2
0
2
0
0
14
0
3
14
0
0
28
0
0
2
0
11
0
4
0
0
24
3
0
0
0
0
2
1156
0
0
0
0
22
11
38
6
0
0
62
72
0
642
130
3
70
6
40
1
117
7
5
73
1672
7
0
0
28
0
0
436
8
141
0
12
19
0
31
139
0
207
6
68
10
0
34
70
20
0
0
21
911
5
1
31
25
0
514
4
341
1319
0
0
95
24
0
2
22
198
18
18
51
323
10
74
6
0
91
174
136
3
0
0
435
0
2
0
0
1
0
0
0
6
0
29
27
5
121
9
21
0
4
50
27
34
1
3
7
299
11
79
0
17
7
0
4
171
0
79
1
0
0
0
483
3
0
317
0
0
6
0
0
21
5
777
0
357
3
90
185
24
0
1
0
2
0
861
0
0
5
4
358
0
0
646
148
4
0
60
2
11
126
18
3
12
114
0
3
188
15
0
0
0
0
0
7
73
0
60
77
0
0
183
1105
15
1519
1
5
0
319
3
76
3
0
18
6
4
1
0
0
0
19
0
21
22
82
0
216
83
177
376
103
235
0
1
676
1
0
0
3
129
165
2
0
0
2
8
0
0
0
0
0
0
0
0
0
26
60
67
54
1
3
0
61
0
0
0
0
6
0
35
0
51
1
2
0
2
0
0
10
135
4
0
0
0
2
574
144
1
1
0
0
90
0
3
0
257
0
1
33
283
0
531
10
0
7
0
71
0
4
0
0
0
0
9
45
29
1
0
8
8
0
131
0
19
0
1
3
2
261
3
0
18
0
0
27
0
108
55
268
0
0
0
46
275
0
11
0
2
0
0
61
0
1
102
0
1
0
0
1
117
0
4
100
95
42
0
35
89
110
0
2
2
392
9
169
0
0
0
0
13
50
84
280
0
0
0
0
8
0
0
0
0
2
1
5
0
150
28
0
3
12
113
0
4
6
0
1
1
53
0
91
0
70
40
0
2
3
0
1
0
0
10
0
0
8
38
49
0
0
18
100
4
8
0
40
0
2
0
0
0
0
0
14
0
0
8
0
0
0
17
0
5
4
0
0
37
0
9
0
4
0
125
1
0
226
0
1
24
2
13
0
6
0
6
0
1
0
8
0
7
45
0
0
1
15
109
64
132
0
0
25
0
34
3
894
0
97
59
430
0
0
1001
251
0
0
0
224
1
0
2
25
2
0
1
13
0
95
0
6
245
41
310
0
3
2111
65
0
5
0
12
27
0
3
351
0
326
0
0
185
0
21
0
1
212
0
0
41
4
149
1
8
11
55
5
6
0
0
231
83
2
0
122
1
125
3
45
14
207
1
3
0
0
0
0
0
228
0
0
265
169
2
0
455
0
0
0
2
0
2
0
208
3
190
8
142
528
3
87
0
138
0
5
354
5
0
13
14
5
0
67
0
14
2
0
1
331
0
2141
0
309
30
2
321
0
0
134
0
135
628
0
14
128
199
37
36
0
0
0
20
151
0
4
0
7
158
3
1
0
1
8
236
0
39
755
20
298
31
1
567
44
11
7
58
291
1
0
268
302
53
0
375
205
56
0
1
5
3
618
725
193
5
112
0
13
5
0
0
264
0
9
0
151
38
0
21
13
6
260
66
41
77
0
1
73
5
3
0
0
123
0
32
178
7
0
0
3
26
207
0
24
0
1
315
0
272
18
0
0
0
673
0
134
241
10
0
29
375
96
159
47
3
5
0
502
0
585
12
0
0
2
2
654
1
609
44
969
28
350
79
85
0
157
3
0
0
0
8
63
104
105
2
17
14
20
262
3
0
201
29
0
0
44
96
54
106
0
0
12
1223
0
0
7
4
6
0
197
116
4
18
70
0
68
8
0
0
11
33
160
0
0
0
0
48
0
6
3
23
0
255
0
6
1
0
2
0
11
0
48
0
0
0
49
1
16
0
3
53
6
9
48
10
372
1
1
0
0
94
76
21
319
10
0
0
87
0
13
0
181
105
0
0
136
41
0
90
50
147
1
88
0
1
0
0
2
3
77
442
14
9
3
161
265
0
41
0
8
11
185
163
308
248
718
0
185
146
0
2
0
40
24
0
134
0
46
134
64
0
49
0
81
265
463
211
0
339
570
0
3
0
0
166
0
0
6
71
7
0
1
0
0
0
5
0
1
32
1471
60
32
5
31
839
1
897
0
0
143
0
6
0
0
0
248
18
4
177
1279
0
45
1
0
141
222
2
1
8
0
0
37
0
42
0
49
14
139
9
0
3
411
72
0
0
113
6
2
0
1
0
64
0
1
0
2
0
265
354
27
109
36
0
5
0
0
34
10
300
20
187
154
0
69
27
28
29
0
22
0
0
0
21
0
203
17
23
10
21
25
25
0
1
0
0
0
2
16
51
467
1
2
0
1
0
0
0
0
20
12
36
0
358
5
97
49
0
3
51
843
11
70
38
0
0
1
0
32
11
2
0
665
0
478
113
10
0
136
34
58
16
1
2
101
20
114
404
0
0
0
405
0
0
0
1
70
2
4
61
0
0
7
0
194
24
1
265
0
2941
0
53
195
15
6
268
0
0
2
138
0
0
0
0
99
0
254
72
0
113
9
4
30
509
143
28
0
0
0
31
0
0
0
6
165
0
0
8
3
23
0
0
81
44
8
0
20
0
19
0
0
1
3
722
0
10
0
0
0
11
0
31
0
322
0
0
97
10
156
1
1
0
145
0
23
1
6
66
0
818
48
3
4
0
0
0
0
0
49
189
31
0
19
0
0
12
97
0
16
19
0
2
19
2
57
263
1436
20
94
0
8
18
0
32
0
11
1
1260
0
36
101
0
1222
0
0
1
46
0
87
20
0
13
1
0
60
14
0
1
0
53
0
0
0
32
0
1
0
0
328
145
2
221
97
1
375
1
0
0
55
128
3
9
52
0
29
8
34
86
107
669
0
0
0
1
2
495
178
6
106
668
37
48
0
979
143
6
0
2
435
54
567
0
0
12
0
49
0
642
9
106
248
0
8
158
30
0
6
81
645
1
0
13
9
5
8
227
6
10
1
5
0
275
51
0
0
93
9
2
0
0
0
37
2
1
83
70
20
0
376
0
0
87
21
4
1
1
8
0
602
0
583
0
51
0
146
26
108
2
14
0
0
0
1
0
0
0
1
2
24
0
695
0
39
0
3
68
48
0
17
2
142
9
15
48
0
0
0
110
219
0
0
45
0
1
0
1
0
571
0
85
474
0
13
47
181
0
0
0
0
125
10
6
0
9
0
0
0
0
0
3
65
65
26
1
27
9
0
1
1
4
26
8
1
5
69
46
74
0
0
57
0
0
0
23
1
1
19
16
22
64
0
7
0
187
0
0
0
0
1
47
13
1
0
207
21
147
4
334
11
11
10
8
27
213
0
0
3
0
204
55
17
45
202
1
35
163
0
0
0
0
112
0
5
32
1
0
290
0
37
4
13
5
47
74
1
486
0
276
13
0
1783
9
94
0
203
0
0
525
122
2
2
13
70
5
29
4
0
72
81
1785
27
0
0
0
0
3
500
1722
18
40
19
395
0
244
134
0
0
396
1
37
3
3
222
38
228
54
138
0
2
28
358
29
0
1
0
6
3
137
1
22
11
3
10
0
139
31
179
89
9
54
0
109
0
126
1779
58
3
321
74
21
26
0
29
4
231
5
0
7
4
0
0
0
181
1
7
0
6
63
11
0
0
26
0
127
2
14
0
248
0
185
0
211
0
0
7
6
1
3
0
266
3056
62
78
15
492
0
407
5
170
757
3
69
0
21
44
27
1
31
0
27
0
2
4
26
349
10
1
0
0
0
121
27
83
0
22
845
409
8
1
3
2
36
92
1
77
0
133
106
69
22
217
20
26
0
2
298
0
0
0
0
13
0
0
0
54
0
0
8
490
0
0
0
190
342
172
20
185
27
661
0
83
4
0
13
31
1
6
0
14
178
5
0
0
224
0
580
2
14
0
0
1496
0
0
6
3
0
3
0
61
133
91
0
12
0
0
59
39
0
816
768
1
197
91
0
0
0
60
179
37
0
0
0
80
6
955
8
116
51
3
63
0
212
17
13
71
0
8
0
2
875
0
11
2
0
9
1280
49
17
109
0
0
0
0
2
0
62
177
2
11
15
0
0
0
2
246
0
3
36
32
167
1
0
6
2
7
713
68
0
43
32
0
23
0
4
0
341
55
2
233
0
462
16
1
179
147
0
0
7
287
0
101
0
1
0
0
300
0
0
13
0
0
0
0
12
10
61
36
215
0
0
1
71
0
0
4
105
0
0
0
0
0
0
243
1
0
0
0
14
0
0
0
0
777
2
9
0
21
0
0
0
313
0
1
410
0
0
1
203
17
393
13
0
3
27
101
26
0
40
226
0
0
0
49
0
1
7
0
1539
1
5
48
43
0
0
0
11
5
77
5
36
198
369
0
0
272
153
2
0
1
16
203
3
78
2
46
91
9
55
11
0
9
3
5
0
117
0
2
0
0
59
62
14
109
0
129
569
22
0
167
0
66
0
272
29
174
0
0
52
560
0
48
0
1
0
177
0
0
0
24
201
0
0
56
61
244
12
5
0
100
0
8
345
97
1
0
0
112
58
421
91
0
30
1
12
0
0
3
1
0
0
0
0
114
15
0
0
0
480
36
0
18
5
2
2
343
18
3
0
1
128
716
33
926
0
0
0
0
0
149
0
0
21
19
125
0
0
15
0
0
0
167
188
0
0
451
1
6
0
0
7
0
9
0
0
11
0
8
4
41
0
61
71
0
8
0
0
5
120
0
115
438
0
56
1
16
1
13
0
97
0
42
13
0
120
6
0
37
0
0
37
76
1
0
92
0
0
0
90
0
1
0
700
120
16
244
0
0
0
4
146
32
25
124
1
0
5
0
0
0
146
356
0
415
3
93
3
9
5
0
116
82
2
0
1
84
31
17
0
22
201
67
5
196
87
0
1
2
9
99
565
247
0
7
336
1
272
0
0
0
5
160
17
189
0
3
0
0
0
0
41
0
0
0
160
0
0
0
29
0
0
52
0
0
0
1308
0
24
122
0
171
0
4
0
0
67
0
7
2
72
38
240
0
140
0
71
0
0
0
0
1
0
13
0
2
0
19
1
0
0
15
0
221
108
1095
1
14
2
97
5
663
0
16
1
0
0
100
0
87
1
0
160
0
29
1
0
0
4
243
99
68
36
51
30
0
0
3
2
22
0
2
116
91
5
0
1
0
2
59
52
10
257
3
80
0
15
57
0
654
0
102
0
0
366
0
54
31
269
0
5
0
27
13
1185
41
1
18
0
0
0
0
0
26
197
76
1
317
140
102
2
210
63
34
53
2
6191
7
34
1
142
162
92
1610
1
181
8
18
17
30
0
260
2
0
131
39
0
177
87
5
223
0
0
9
610
0
21
28
23
45
7
2
3
0
2
1
0
58
24
79
2
349
0
0
1
0
35
307
20
40
1232
0
3764
6
0
32
0
6
1
4
0
0
1
167
159
31
0
25
191
452
3
29
108
152
0
164
0
1
1103
12
0
0
0
0
3
2
0
104
1
1
43
925
20
198
32
2
347
414
870
58
59
0
74
237
0
0
6
23
622
0
0
300
9
1
1
0
0
1
99
7
521
0
1
44
1
6
1
1178
99
0
0
0
6
148
7
3
0
37
0
0
0
15
37
728
18
144
234
0
0
0
116
0
0
1
4
0
147
2
0
232
126
46
0
269
390
48
48
16
1795
7
0
0
0
842
0
0
0
11
0
0
0
0
9
80
9
0
5
0
369
5
0
86
641
0
538
10
14
7
0
0
4
59
4
7
0
9
1
0
11
0
1
0
88
191
7
0
91
321
0
0
140
31
0
56
258
10
2
21
0
0
0
0
96
321
0
0
4
203
18
0
343
0
1851
41
0
0
234
0
8
51
26
0
134
22
50
752
77
0
0
21
0
0
0
0
37
5
0
165
0
2
4
69
0
31
5
0
8
0
15
8
42
36
0
0
65
0
44
0
3
0
3
1253
14
2
5
16
0
110
0
0
72
1
21
97
319
3
0
38
21
44
107
0
120
27
0
4
252
92
56
33
0
5
0
0
0
0
12
3
60
3
11
0
0
42
45
339
14
0
0
59
193
107
7
129
1
35
3
0
50
0
0
3
0
0
0
12
13
0
65
10
0
0
0
1
1
156
0
79
6
0
0
63
8
187
10
777
43
78
0
4
100
3
0
1
0
1
43
0
22
7
0
0
2
18
297
0
0
1
0
341
0
0
66
0
189
112
0
235
2
13
1030
0
123
3
0
1
16
0
4
7
17
3
0
4
118
856
89
64
376
0
11
109
272
8
423
63
1
2
144
437
36
1421
11
20
19
0
0
0
28
114
240
4
156
170
1
1
0
164
0
2
0
5
7
822
11
0
0
7
235
47
4
11
1
0
0
92
0
514
254
19
10
139
0
92
0
4
1
5
481
274
678
1
322
0
97
67
108
1
0
2
0
0
0
466
0
69
65
2
8
876
38
68
30
161
6
5
10
22
1210
0
0
0
59
0
75
761
49
0
47
4
203
6
17
0
214
169
8
0
3
76
262
0
10
0
19
22
0
0
28
0
2
0
0
0
108
0
1225
0
0
21
1168
0
27
3
2
2
0
52
0
4
15
369
5
0
193
82
76
49
4
2778
176
11
2
2
2
28
2
0
89
0
0
0
61
25
1
253
0
1
5
7
0
53
0
476
7
47
390
100
271
0
111
1
98
0
267
12
206
0
0
1
0
5
279
16
0
5
291
10
168
0
172
92
98
67
33
5
0
20
0
2
0
0
0
113
0
0
223
0
11
41
439
33
0
1
2
23
2
0
0
50
394
12
0
338
59
67
0
0
0
70
0
0
58
165
2
0
0
114
0
0
11
0
2
54
13
0
4
23
1
193
0
82
1
0
2
0
0
49
0
15
0
38
111
0
0
272
0
169
0
109
6
0
25
9
34
100
175
0
1
0
45
0
0
46
0
255
84
2411
1
8
4
66
97
25
0
7
0
39
13
0
0
0
0
0
3
0
0
157
23
1
3405
900
3
0
0
0
284
0
90
0
480
56
0
1
793
215
0
0
13
199
13
0
0
29
4
0
196
1058
0
590
0
0
220
347
99
11
0
0
0
475
781
0
70
0
138
0
0
0
1442
286
0
0
0
544
87
11
114
0
1
2
1
5
41
419
2
107
0
0
0
0
7
0
21
25
0
13
0
26
0
1
54
1
7
1
164
0
16
1
49
2
1
711
9
0
2
37
13
0
197
968
3
54
30
2
199
18
3
0
47
2
9
301
0
3
2
0
0
2
63
83
224
0
1
86
215
74
23
0
89
27
245
4
1
103
25
30
0
6
7
67
115
0
94
0
11
2153
294
92
0
94
0
314
62
0
0
119
123
7
22
23
16
0
5
0
0
1
1
0
24
373
98
30
0
0
1
0
50
14
1094
0
1
0
0
0
0
41
831
0
11
13
0
111
0
0
207
163
1
2
1
0
18
141
23
35
7
49
0
0
69
0
0
21
0
6
72
23
0
1
320
1
0
2
0
196
0
9
95
0
0
61
18
50
0
12
2
39
0
44
4
0
0
0
176
0
0
129
30
18
0
208
0
31
0
119
25
6
5
4
13
3
585
14
0
13
3
0
27
0
2
118
4
42
138
0
1384
18
10
166
4
7
0
1
113
9
55
0
33
0
2
86
383
8
87
7
10
95
23
0
1
82
0
0
0
126
967
0
26
114
66
135
0
0
0
0
33
1
1261
0
28
0
3
245
54
12
108
1
43
0
43
4
1
14
1
0
0
136
96
0
8
1006
2
0
0
0
29
156
1
0
127
2
7
41
155
235
0
88
0
11
194
38
59
0
0
4
55
0
0
0
180
4
182
275
0
13
0
1
27
5
69
0
2
113
33
91
0
0
81
28
500
0
2
75
0
6
2
0
161
9
185
0
0
0
1
27
0
399
300
0
2
32
72
127
30
0
0
7
71
2
20
5
402
17
80
0
60
3
1
0
5
0
332
163
5
0
22
0
0
141
0
0
40
0
0
0
8
0
55
1
1
19
0
1
712
179
3
372
0
0
0
400
0
8
0
46
0
1
18
0
11
1
181
314
3
0
1175
0
0
0
39
277
2
69
16
0
3
0
0
354
41
13
0
0
12
0
0
0
1
0
78
18
0
0
0
0
1
0
5234
0
15
1
208
0
27
0
0
628
81
73
3413
51
1
237
0
7
6
16
69
0
207
0
372
0
0
175
0
95
0
3
9
201
49
0
0
19
142
288
277
7
0
0
98
1
0
2
29
0
4
3
5
0
0
31
16
123
43
0
0
0
7
90
17
1193
0
23
0
37
0
707
57
36
10
603
0
94
14
0
46
287
0
0
12
70
25
57
2
0
2
3
53
287
21
11
7
6
485
1
0
201
34
85
4
0
404
0
11
0
26
317
6
16
6
194
0
19
3712
3
1
0
57
0
88
109
1
68
116
470
294
2
0
40
0
2
19
203
29
18
0
25
173
3
0
7
3
0
0
0
2
0
2392
0
0
0
536
1
35
0
20
465
0
0
4
1
7
0
0
5
23
57
204
0
0
54
111
63
354
125
33
0
77
0
36
371
3
123
0
32
434
0
36
21
0
0
222
8
187
73
2
0
8
0
4
1
0
0
287
1
0
132
132
2
13
0
83
0
76
15
46
2
0
373
0
238
0
587
87
0
13
326
0
32
19
5
0
189
0
22
74
436
1
0
0
3
9
210
0
9
0
450
3
0
2
0
275
0
1094
0
7
56
1
0
0
99
0
36
0
82
0
1
68
1
26
0
5405
5
7
9
0
0
1
49
0
0
0
30
0
2
2
1
275
0
291
16
58
0
0
151
39
0
0
0
0
2
0
146
32
1
0
144
2
0
163
0
175
0
0
80
0
0
22
81
0
127
7
2
0
0
0
0
0
126
0
1
1
0
201
18
0
532
0
0
2
10
30
1
1
0
139
6
2
1
33
7
0
1
5
242
3
13
76
2
64
0
0
363
2213
0
1
0
0
102
0
108
3
7
0
1
0
0
179
11
11
6
0
144
0
6
70
21
34
3
0
33
0
3
113
5
2
94
789
0
105
0
0
10
52
0
2
0
3
56
6
141
0
28
0
0
0
1
504
0
132
0
0
3
37
0
0
12
16
0
217
29
0
34
0
0
35
8
1
62
90
0
0
7
5
1
1
69
0
1
6
18
0
499
0
14
2
157
0
51
17
251
0
5
22
0
367
10
9
48
0
0
8
3
467
0
0
15
1
5
55
43
162
45
0
0
147
0
24
0
398
550
1674
0
16
11
262
93
0
2
0
81
10
28
3
63
59
530
122
269
91
667
222
0
0
12
0
61
31
0
121
0
12
16
0
3475
1
9
0
8
58
0
0
190
0
32
1
16
0
0
0
165
0
20
1
0
0
3
14
8
0
262
14
40
0
334
2
4
0
3
62
0
3
0
8
40
0
328
79
0
21
709
15
22
8
0
0
0
225
3
0
0
24
2
4
0
2
46
692
185
0
0
0
0
139
0
1
0
0
1
0
6
12
2
0
0
165
9
0
2
6
267
464
166
319
0
2
82
0
0
1
84
491
110
10
6
35
0
0
19
45
0
4
0
0
3
0
0
4
0
0
1
0
3750
0
24
27
5
14
6
264
260
251
0
1
0
242
0
35
86
0
1
0
76
188
19
0
0
54
1
211
116
7
5
9
0
3
53
7
1
10
0
8
2
0
4
611
73
10
150
20
14
119
749
2
22
0
0
15
2
165
73
471
653
1
3
10
18
141
0
18
0
74
51
9
139
6
131
0
0
85
1
966
11
0
0
4
2
0
10
1
16
19
0
54
0
187
226
39
164
3
27
9
37
55
1825
383
1
0
201
1
49
0
838
0
0
1289
0
1
1
1
0
3
13
0
237
0
7
370
1
0
0
3
2
2
15
0
0
170
0
73
84
4
0
0
472
12
2554
3
34
0
117
358
1
0
107
20
6
23
0
0
63
0
50
0
0
243
1968
13
26
97
475
0
8
1417
2
1
442
424
0
145
44
1172
4
0
0
249
1
75
2
0
321
0
24
0
0
0
2089
283
8
8
96
3
134
783
25
0
1785
1
0
8
0
51
0
2
409
3
0
24
179
144
0
376
5
168
17
15
9
0
43
0
236
129
145
0
0
0
0
386
6
0
618
289
0
0
47
9
52
0
516
77
99
141
0
1
898
277
37
71
0
0
192
178
202
0
0
125
53
0
1
2
0
79
0
14
3
439
118
0
0
1
3
4
314
34
0
100
2
0
33
73
3
44
458
1
0
38
28
45
2
43
2
218
16
16
1
75
0
0
0
14
119
0
417
83
0
1
133
54
47
79
8
25
0
160
2
20
24
0
3
0
0
0
0
2
0
1252
389
33
0
0
0
0
1065
49
47
28
25
2
390
0
0
2
0
153
90
179
21
2
62
150
132
0
49
21
0
3
0
0
0
0
21
585
104
0
5
85
9
61
0
2
2
2
39
1418
0
0
0
13
35
0
44
1
2
23
0
0
194
1606
595
0
171
0
8
0
0
0
2
0
392
5
371
155
256
0
123
1
481
1
313
0
7
12
13
21
191
412
519
466
1
222
0
13
1
14
84
25
222
26
99
12
42
2
0
28
11
26
66
36
0
158
72
0
502
25
6
327
39
350
108
345
33
368
10
0
0
2
0
12
31
474
0
24
268
0
145
0
1
30
265
119
1
0
0
0
10
0
18
61
908
0
4
204
370
0
516
79
0
104
1283
60
31
91
5
0
449
3
1141
141
32
89
30
1
2
0
4
21
0
0
1
11
0
0
1
26
1
20
0
0
11
97
2
0
2
9
2
19
0
0
315
0
0
0
176
9
0
0
66
274
0
78
0
274
74
16
42
519
198
5
32
0
0
1
43
140
17
7
1
0
7
5
1
0
0
0
75
90
12
0
1613
0
6
1
55
4
125
0
0
92
1
121
68
34
0
0
0
410
34
0
7
0
2
67
161
1
0
144
0
201
0
160
1
568
827
2
0
14
239
0
16
48
0
92
140
7
314
46
1
0
4
0
67
146
235
0
6
0
8
45
1
1161
37
1
0
23
0
1
2
0
116
332
11
566
186
1065
17
43
209
376
490
11
1
8
10
13
93
5
320
4
0
0
0
8
0
6
8
1
0
16
2
0
0
153
92
0
1
1
38
6
26
9
75
9
1
0
62
18
435
15
42
5
90
0
43
183
0
93
15
105
0
288
83
201
1
131
70
0
2
0
8
82
10
135
17
22
3
117
136
1
394
787
118
0
0
175
5
0
210
0
50
0
37
0
3
0
1
30
7
5
0
476
163
15
2
158
5
0
165
154
0
0
0
48
0
28
14
0
1789
143
0
73
62
25
0
0
54
14
258
199
20
0
84
23
85
0
0
17
0
1
0
17
0
2
0
25
13
0
33
0
5
0
94
101
0
0
17
2
1055
38
0
3
76
0
0
2
41
267
99
0
0
210
4
0
0
0
133
631
17
0
80
0
1
12
52
27
42
0
468
214
135
0
0
12
14
1
8
30
74
24
4
0
13
1
0
1620
0
0
24
12
515
33
3
0
0
2763
831
148
82
0
3
0
0
62
0
6
68
80
329
668
0
620
1
263
1
0
0
2
94
0
1
0
0
0
41
0
77
0
282
5
10
0
42
0
97
10
33
5
0
2
548
65
0
0
0
0
0
9
22
0
47
0
120
6
132
294
7
0
1
1
0
5
43
0
130
264
0
0
0
1476
8
1
1
2
97
7
30
2
8
24
0
7
74
4
1
19
0
42
526
0
16
380
0
1
0
75
0
0
0
44
1
0
153
0
3
1
1
224
0
23
4
0
0
3
1
607
0
2
0
0
539
0
127
2
0
39
116
0
0
135
0
8
4
0
230
0
0
57
0
1
22
41
0
2
0
2116
3
10
0
0
17
0
148
36
2
5
65
18
7
60
27
0
0
0
0
149
75
0
0
1
1
59
41
24
27
0
15
152
1058
0
0
0
78
23
0
350
671
0
0
104
19
1
1
10
556
5
8
66
35
1
38
2
2
3
0
2
2
13
7
5
0
302
123
263
39
0
98
1
1183
0
5
0
0
106
30
804
31
0
2
37
276
1
0
64
2
11
0
8
15
81
10
41
2
1
44
315
0
0
610
20
635
0
0
2
0
69
2
451
0
14
0
0
2
0
725
241
0
27
132
14
53
399
431
42
68
17
2
2
0
3
146
0
54
23
140
9
101
131
95
0
0
0
0
7
15
6
52
0
0
221
0
38
92
0
382
0
3
150
131
9
594
1358
10
16
13
103
0
351
0
1
0
386
0
0
41
0
0
808
1
28
39
0
716
0
0
0
1054
33
277
147
155
2
162
114
0
199
20
3
43
136
14
40
0
0
16
0
7
292
12
8
4
0
1
0
1
168
14
0
16
28
40
38
492
44
0
0
0
419
231
25
2
1968
0
2
39
0
2
0
30
0
53
0
4
6
0
7
246
15
64
139
8
1
0
6
2
0
60
197
0
453
1
0
0
3
5
0
2
29
505
0
13
21
19
0
10
0
91
10
63
16
1
2
162
0
58
177
0
0
244
200
2
0
1641
13
3
0
23
0
228
0
0
0
0
451
0
0
0
3
159
0
10
9
0
1
10
1
127
70
0
163
69
11
1
8
92
0
39
0
0
44
0
0
0
197
0
37
26
0
218
31
81
210
29
5
187
0
2
361
1
10
0
0
0
352
13
0
94
0
38
49
7
146
0
18
69
46
124
0
201
0
0
128
0
0
0
346
42
0
95
51
0
2
3
306
2
140
0
0
0
0
30
0
0
12
0
15
119
0
9
2
0
31
25
446
106
0
0
0
60
12
59
0
62
37
0
0
13
0
0
0
3
12
0
14
27
0
0
1
0
512
0
5
33
3
0
1
0
80
180
1815
0
0
77
12
2
9
246
58
0
17
57
25
4
0
7
0
7
34
163
1
0
33
1
0
0
17
24
0
0
2
15
0
0
1
12
5
55
83
0
39
143
15
0
0
97
9
0
81
0
1
171
2
2
95
0
496
0
67
6
2
9
0
1
2
5
1
0
3
0
0
5009
1
105
0
0
0
32
64
76
912
0
5
13
0
0
76
60
0
969
6
58
12
0
30
3
0
179
1
0
3
0
4
112
6
508
0
0
1110
21
0
1233
0
0
185
210
9
0
0
560
0
162
554
4
8
2
808
78
47
0
20
13
1
0
1
0
90
1151
230
0
891
0
109
104
0
0
36
2
137
207
1
0
116
46
62
4
2
535
104
0
2
187
357
1
54
0
0
0
89
45
71
38
43
0
22
0
9
12
0
2
0
0
112
1
318
0
77
0
3
2
56
1728
5
94
2
16
28
0
4
54
9
4
26
75
0
0
1
0
0
65
0
0
0
0
14
47
6
26
295
0
0
0
0
0
0
136
1
0
0
16
0
173
0
0
0
11
0
28
49
0
2
1
106
84
0
0
2
0
23
0
0
44
24
0
23
2
275
37
0
10
0
0
178
0
0
14
0
1
0
50
1
18
0
1
0
17
51
60
2
9
0
1
27
0
89
0
44
24
76
435
0
0
0
0
2
0
0
0
0
0
26
51
0
0
1
127
0
15
1
110
54
1
10
29
10
0
14
25
0
3
2
0
0
1
16
3
60
0
1
497
84
33
33
14
1
90
38
1
141
30
94
82
34
2
0
4
8
0
1
1491
2
0
223
0
0
0
100
39
1
3
46
1
0
0
18
0
0
2
112
2
0
1
0
0
3
143
0
482
19
0
12
237
0
5
5
48
0
42
1
0
0
1
36
83
3
0
264
3
0
0
0
0
0
0
0
124
7
0
0
0
6
14
303
1
0
0
8
4
0
34
453
31
0
0
0
0
0
0
13
31
44
0
9
29
20
0
0
56
52
0
3
0
0
0
0
31
0
1
0
57
0
0
1
757
0
101
21
9
44
0
4
0
1
84
107
0
0
0
0
10
26
0
19
2
16
179
18
90
3
0
17
226
626
0
1
0
4
109
9
21
0
797
0
0
0
1
67
1
22
0
1
171
4
85
36
3
1
2
1
203
5
26
342
15
0
0
22
0
19
65
105
1
0
13
0
339
11
0
0
3
0
7
0
2
4
53
219
0
0
29
5
0
70
0
2
94
0
0
1
189
3388
0
0
0
0
23
0
8
0
36
47
11
168
1
1
0
5
110
67
6
38
35
800
224
0
0
0
1
28
173
0
0
10
0
123
3
309
0
29
0
0
0
177
93
0
36
103
1
1
402
28
49
1
118
7
13
0
0
8
6
0
0
265
14
0
0
16
1
11
83
19
1
1
0
145
195
3
0
0
22
1
87
0
11
0
16
88
0
4
0
0
13
0
1
0
409
0
39
1
18
2
0
0
0
3
25
40
0
0
0
25
0
19
67
0
187
160
2
0
7
0
18
0
19
26
0
0
0
1746
13
0
200
0
0
64
0
3
19
94
10
0
207
37
142
0
10
1
6
35
90
0
0
0
0
0
34
2
0
0
7
21
28
4
0
0
0
1
4
122
79
3
0
0
66
45
0
23
68
161
32
0
11
39
51
0
5
44
8
558
0
131
16
0
0
0
0
5
0
8
0
42
3
0
0
0
13
101
3
200
0
62
386
23
0
7
2
3
4
110
0
0
0
132
0
18
0
17
0
71
0
0
0
186
17
22
0
0
1
223
1
30
0
7
26
80
0
47
0
225
0
19
8
0
0
22
0
53
399
1
0
0
115
5
30
62
3
0
0
7
0
0
7
91
548
142
10
0
90
39
50
305
0
1
0
0
1
613
0
63
0
176
0
28
80
0
1
0
20
253
90
8
6
4
0
26
1587
0
104
8
1
26
6
33
52
0
0
0
640
12
0
329
50
0
593
0
5
14
0
35
29
287
31
1
232
0
2
0
4
717
9
11
3
63
3
0
0
0
0
4
47
57
0
15
89
2
1
46
347
0
1
146
2
0
0
1
0
0
164
0
781
2
6
0
0
16
13
4
6
150
8
763
77
26
151
3
59
1
360
1
0
316
32
0
0
0
193
0
1
1
228
0
45
0
5
0
98
0
0
10
0
1
76
0
1
4
119
48
2
121
13
0
5
0
2
27
0
139
28
151
0
0
21
411
0
14
0
0
187
20
0
0
412
94
15
2
0
0
7
0
2
141
0
9
0
83
0
6
0
9
0
0
95
0
11
0
237
2
0
7
1
1
4344
11
58
0
0
0
0
24
121
23
0
294
9
175
0
0
93
0
0
44
18
121
0
2
27
582
217
54
0
2475
0
46
47
0
19
0
5
5
228
41
27
55
0
0
5
39
0
0
62
2
0
0
25
39
15
0
411
17
102
0
221
71
24
160
545
54
0
0
23
0
0
485
6
132
50
0
0
3
4
23
0
2
25
35
86
146
0
33
4
2
104
23
13
6
0
247
0
516
0
25
0
14
0
21
35
78
0
70
27
7
19
1
0
0
2
34
112
78
5
17
0
47
9
0
0
0
173
0
8
23
0
0
201
0
277
624
5
0
584
3
0
96
23
6
136
0
101
0
12
98
0
0
59
1
65
16
0
2
34
3
316
15
4
0
25
88
1
0
0
0
2
120
76
3
0
17
167
187
5
21
476
113
0
0
0
224
46
0
0
63
47
149
1
2
0
37
0
859
180
0
1
10
1
96
0
0
2
0
0
58
8
0
1
0
0
0
25
385
1
0
8
0
6
0
138
0
0
130
0
7
0
105
6
0
0
143
0
263
278
41
256
50
0
110
2
0
26
1
11
0
0
63
0
0
5
0
3
0
1139
0
0
0
15
620
0
216
0
15
0
0
10
24
64
62
48
0
56
1
2
0
2
171
38
27
7
0
6
9
5
0
0
432
154
83
46
662
303
5
10
0
0
2
141
14
0
135
486
394
82
2
2
19
391
0
9
1
247
0
138
2
289
54
100
0
4
0
8
178
2
30
36
119
20
159
31
31
0
3
0
4
0
0
5
46
135
0
2
98
0
0
0
217
0
14
61
861
53
1
263
0
2
4
0
117
0
0
0
2
62
4
6
0
10
51
7
19
0
0
2
106
0
54
0
4
0
10
5
3
1
0
107
0
0
0
3033
42
4
0
0
61
58
101
49
320
0
0
991
0
0
401
0
0
1
2
487
64
0
1
322
74
0
0
1
0
0
4
1146
3
4
22
10
0
551
0
0
0
1373
60
200
0
103
1
565
0
9
5
0
0
6
7
0
4
0
1
145
10
0
888
0
0
1
0
2
0
733
4
4
0
2
54
0
0
67
249
0
76
10
3
19
187
575
30
0
0
1543
62
0
464
1341
0
259
324
8
0
0
0
0
20
124
6
0
0
0
0
2
0
0
0
8
8
21
0
0
36
1
342
11
0
48
1
82
28
0
0
262
1
0
14
0
9
0
0
34
571
159
0
12
44
30
20
7939
116
6
23
778
363
0
5
2
0
63
0
0
46
0
684
1270
0
2
0
56
144
59
126
186
7
4
0
0
761
32
0
3
24
4
2
1
597
22
106
6
0
0
179
0
14
693
30
0
40
1
1
14
268
0
17
91
291
0
3
593
101
0
0
1083
0
0
127
0
3
0
0
6
1
1
0
141
10
105
0
127
200
0
0
28
108
56
0
42
0
0
38
0
464
35
157
13
0
6
0
0
18
0
0
0
36
869
401
315
0
23
14
0
97
1
15
0
3
14
165
66
0
3
138
10
171
0
3
50
0
1
0
0
1
245
50
36
1
0
254
6
0
0
37
3
61
177
0
1
66
2
0
69
0
18
0
0
0
8
0
19
59
2
215
0
0
0
12
0
64
3
316
0
38
408
0
0
0
39
0
13
370
41
0
0
2
0
36
1
50
27
2
2
2331
67
0
0
0
0
665
0
0
3
153
1
3
7
45
1
0
0
198
0
0
1
0
0
51
0
1
0
143
43
0
547
76
0
251
0
15
1
0
189
1
0
2250
82
0
0
0
140
90
0
20
4
0
446
1
21
2
2
0
1
0
2
5
0
1
202
3
1
11
0
36
0
0
323
1
0
2
0
0
1
0
0
0
0
0
1
0
1
0
47
1
90
101
0
0
64
0
92
0
0
0
9
0
15
0
0
163
1
34
50
4
10
33
0
109
1
0
70
0
283
1
233
509
0
5
6
1
0
64
0
57
1
0
1
104
1
330
0
0
32
12
313
32
462
141
0
31
0
148
196
0
1
66
8
21
2
328
0
0
108
10
216
29
219
0
1559
41
146
1
0
336
0
99
70
8
0
0
0
67
25
36
0
0
0
116
0
0
4
157
1
0
0
0
277
192
110
122
56
0
5
0
32
0
2
0
11
0
24
190
0
66
2
0
0
545
1
6
0
196
0
122
2
4
20
183
0
8
7
27
1
27
26
84
0
142
0
80
0
0
0
1
15
1
108
0
80
0
38
1
3
0
0
0
3
0
0
145
28
47
0
0
58
39
0
19
3
0
0
37
23
187
569
0
37
2
340
0
83
0
16
634
20
9
45
2
302
24
1
251
794
13
773
2
237
3
0
5
0
13
27
1
0
3041
0
272
0
31
2
82
0
35
182
127
0
54
345
0
316
0
0
0
43
1
0
0
13
0
0
57
0
15
0
1084
6
0
10
0
8
64
0
0
403
10
43
0
16
9
0
1147
0
0
100
127
1
179
2
1
0
0
35
1012
429
0
0
0
0
41
1
0
0
781
334
22
4
32
0
27
8
0
193
0
154
109
1
0
0
71
229
0
0
0
0
52
1
11
0
1
0
0
0
4
23
2
0
7
20
11
0
1
1
2
1
0
7
3
0
0
0
40
79
85
547
49
9
125
0
0
1
6
0
0
0
3
32
1
68
0
0
0
0
1
0
0
5
2
0
73
0
2
0
1
19
4
8
2
298
336
146
7
50
33
0
4
1
1
34
2
5
1
0
3
0
0
44
0
0
1553
0
0
0
0
4
28
0
432
21
11
214
0
0
39
0
198
8
0
1
1
0
24
84
0
106
184
426
185
0
0
0
0
0
11
62
0
135
152
4
39
0
49
419
0
14
16
17
13
31
215
12
90
2424
519
0
0
8
52
0
0
11
174
1092
16
1
1
688
0
0
0
3
6
30
119
237
711
230
1
0
14
0
438
0
0
77
240
0
0
1
144
479
0
359
111
0
247
7
0
8
97
41
47
39
0
122
34
86
0
31
209
799
0
0
11
0
10
1
0
125
3
5
6
24
396
0
8
107
68
18
0
0
227
1
39
0
0
0
12
162
0
0
3
0
1
0
0
0
59
39
113
132
113
0
41
2
0
45
364
82
59
2
80
7
0
0
48
76
2
879
27
0
66
0
0
16
0
2
0
0
0
0
97
1
0
2
15
0
0
316
4
486
0
0
2
0
26
0
1
0
376
3
4
0
2
1
0
202
0
2
0
0
66
11
0
9
38
0
0
183
0
27
0
115
11
0
0
13
101
72
120
325
0
0
158
0
0
7
104
2
1
235
0
40
0
0
0
0
253
82
102
554
0
1
3
21
134
12
25
3
6
26
0
24
0
78
1
249
0
0
83
0
0
28
1
66
224
0
192
1
0
125
0
475
11
17
353
3
752
951
0
0
10
0
0
1
5
373
0
153
1562
135
26
26
123
7
11
0
27
21
1
0
1
110
175
65
67
0
117
410
7
15
1
1047
1
0
1
212
0
78
68
431
1
19
1
110
151
0
1
446
6
14
0
0
975
6
0
236
3
321
90
0
188
0
34
118
343
13
2
4
298
0
0
7
0
0
0
214
0
1310
2
0
151
0
0
11
0
63
24
58
445
0
2
24
54
0
0
0
58
0
52
27
0
0
56
0
4
25
0
243
279
0
76
6
63
0
4
0
22
4
33
0
0
0
0
83
0
108
0
7
0
383
0
3
2
0
41
4
595
0
68
74
58
0
0
0
9
2
0
0
0
64
0
35
0
28
55
0
9
11
13
0
2
1
1
49
6
23
88
1
385
69
186
0
0
225
2
30
125
0
428
55
0
0
33
16
0
72
38
47
10
0
0
6
487
131
56
4
799
6
0
86
28
10
0
28
7
530
232
98
1111
332
0
26
28
3
308
35
2
0
0
54
91
0
0
151
107
0
107
0
304
0
0
8
0
0
208
50
458
0
59
0
41
3
64
0
0
11
390
33
13
53
76
34
4
0
0
44
13
0
35
9
64
320
0
96
0
17
1
487
506
148
5
100
0
90
0
66
0
0
1
4
0
2
19
17
10
398
16
0
0
68
58
5
0
1
0
64
165
0
66
0
21
0
1111
23
19
3
0
0
1
31
34
0
28
64
83
2
2
0
1035
0
7
157
0
282
6
19
0
3
3
112
0
117
0
81
16
223
25
0
0
0
270
0
13
720
0
14
1
0
0
6
19
0
25
27
10
0
0
19
4
27
0
1
39
1
0
57
14
231
379
9
0
0
38
23
0
544
116
8
35
168
2
4
17
55
0
0
26
184
9
438
0
26
331
85
0
4
196
108
268
5
10
0
156
89
0
47
87
240
8
0
12
0
18
1
0
3
1
3
7
225
110
94
5
182
7
89
0
188
182
0
8
1
30
99
286
174
0
0
36
165
128
0
0
120
18
0
0
0
1
541
0
0
27
968
1
0
0
6
19
2
671
5
0
0
22
43
33
0
103
175
0
0
348
0
4
0
75
1
5
4
4
22
2
1
45
2
0
32
2
38
122
0
1
2
13
0
0
162
0
5
270
176
0
0
1
30
16
0
18
580
0
131
33
32
209
0
222
54
0
3244
33
31
0
0
0
0
71
12
3
87
16
0
55
0
0
0
33
6
6
24
30
331
290
2112
86
16
1004
0
8
2
140
9
0
0
301
0
4
99
0
58
35
0
0
92
65
0
0
0
254
0
4
170
1767
0
0
0
0
0
4
14
41
0
2
94
89
0
0
4
0
40
4
67
0
0
249
125
0
0
379
214
0
0
20
0
0
30
0
0
45
0
17
0
51
227
246
4
0
0
0
5
43
1
1
151
3
69
0
0
1
1
0
0
0
2
0
39
16
231
184
6
1
565
18
0
0
5
0
5
0
14
272
5
1
0
6
0
6
828
360
0
104
158
0
121
0
91
13
62
33
70
0
78
3
0
2
0
58
0
0
24
49
0
3
0
99
137
4
7
1
0
3
0
1
0
4
0
100
0
0
152
134
0
0
0
2
16
0
1049
53
1
166
63
17
0
1
29
52
5
0
0
97
22
2
0
12
5
0
2
0
106
3
0
44
0
11
6
0
3
0
1
68
60
15
0
0
0
0
415
0
0
290
81
0
4
0
91
45
0
0
87
0
17
20
0
5
0
0
142
0
0
0
0
12
697
6
0
0
2
0
0
28
270
3
182
12
9
21
37
1
0
190
194
0
40
0
78
313
4
583
1
20
5
0
0
0
19
0
350
0
0
770
0
1
5
0
104
114
0
1
0
0
12
0
26
3
119
178
44
20
185
10
141
5
0
1359
0
4
0
2
0
25
44
322
0
0
53
0
5
0
29
0
1
0
5
0
0
0
3
22
3
65
0
121
43
199
0
23
24
0
28
0
0
204
0
0
148
7
0
3
2
13
0
0
8
4
0
68
0
26
0
179
16
15
0
10
4
0
14
0
5
3
115
308
0
0
2
20
7
0
6
16
0
17
139
0
26
0
8
58
0
343
0
12
0
52
0
0
1
27
3
1
0
2
2
3
0
0
0
6
8
3
1
9
0
25
1
51
0
0
0
0
0
7
266
0
347
73
0
0
0
2
3683
41
41
21
0
2
82
618
4
2
2
0
4
44
18
3
4106
0
18
0
149
0
553
27
361
183
1
67
30
15
101
0
3
29
59
9
279
83
0
10
2
1
498
1
1
0
58
0
0
0
0
1
0
0
1
8
3
0
0
0
0
7
37
98
0
145
177
566
58
28
1
77
4
0
21
1
0
0
0
0
0
21
0
23
0
24
0
21
0
0
40
63
1
0
0
0
0
1
0
4
29
53
415
0
172
141
11
0
32
1
0
0
7
0
167
13
7
0
0
0
4
37
0
8
7
127
0
36
0
62
104
0
47
40
28
82
1
0
1
0
0
0
0
0
9
0
0
4
77
24
0
0
8
0
2
365
0
0
83
67
0
55
0
55
290
5
22
92
388
190
0
37
0
0
2
10
9
40
180
0
0
16
446
0
0
0
0
0
14
1
2
515
6
4
7
111
3
1
4
11
177
0
8
86
83
217
126
6
51
0
1
0
4
73
40
0
2
32
3048
340
5
0
55
7
80
4
0
774
0
24
1
3116
0
0
42
281
42
2
195
0
34
441
0
0
0
17
0
0
34
5
0
0
23
0
0
2
0
64
26
164
75
4
0
0
0
0
25
1101
7
0
2
38
24
0
12
138
2
0
16
0
0
0
0
18
0
334
0
0
6
2
37
1
0
408
0
0
1
0
0
3
0
0
0
0
104
91
29
88
4
26
0
21
30
18
95
0
91
272
0
0
1
15
417
11
17
8
94
64
981
0
0
0
0
0
12
75
0
0
1
0
154
2
156
0
24
0
15
70
1
0
45
7
4
0
0
33
5
23
80
0
637
7
1011
3
2
117
4
39
1
0
15
0
0
255
45
2
173
11
2
1012
7
0
1
311
0
0
12
47
0
31
32
0
0
439
1
69
1
20
9
6
19
88
142
145
0
212
0
197
152
181
0
0
23
15
172
0
0
0
741
0
47
0
9
8
488
0
32
0
93
0
256
0
238
0
22
39
2
0
2167
0
2
6
1363
4
0
4
0
0
0
1
2
111
11
1
0
47
1
25
146
0
16
688
93
1
85
92
31
0
1
0
44
1061
16
1
602
0
1
8
0
0
0
10
195
0
0
3
0
0
25
13
0
55
0
0
5
85
557
23
0
314
154
0
191
25
0
56
228
76
0
0
68
13
289
26
0
149
5
428
62
2
20
9
0
1966
22
25
27
0
4
0
3
29
12
143
0
0
46
0
25
0
0
31
284
0
3
113
27
0
0
0
0
0
131
106
0
781
0
7
4
0
0
62
12
3
155
0
101
67
409
192
0
0
0
5
99
88
8
47
0
78
0
0
30
19
144
0
0
27
0
0
40
3
2
0
7
0
1
77
0
2
0
0
4
42
35
0
7
5
3
68
0
179
2
324
18
26
192
11
0
248
3
0
0
2
0
816
0
14
0
1
10
208
0
73
0
0
5
10
2
0
8
0
0
0
0
13
0
6
0
54
0
0
32
41
0
13
78
0
1672
88
0
2
0
277
0
27
261
0
0
0
26
0
0
0
0
0
20
0
2
0
0
0
0
64
0
0
6
4
712
1
59
0
128
166
0
0
0
131
1265
77
0
0
19
7
20
3
18
16
0
2
36
0
28
3
155
43
85
0
18
15
0
1
0
218
0
4
7
0
2
0
1
1
14
83
18
24
10
17
104
0
50
1
129
2
88
0
0
1
85
0
0
252
1
0
0
14
222
42
0
0
0
878
20
4
3
232
35
2
92
13
26
11
4
271
19
0
0
7
43
0
64
44
0
7
1
242
1
2
2
55
7
0
0
0
166
137
621
0
13
2
31
4
0
0
773
0
145
1912
135
0
2
78
806
0
6
9
0
18
0
305
1509
21
411
0
492
80
3
59
3
145
69
17
3
10
8
3
5
1
24
0
0
3
1
94
84
106
0
60
114
191
6
0
19
4
5
8
348
0
5
17
103
3
0
0
21
222
0
0
10
1
1
21
9
0
0
0
0
0
0
0
0
0
21
0
0
0
1
0
0
1
77
5
517
0
44
0
0
6
4
67
0
2
578
7
0
0
3
2
51
2
0
538
0
5
196
0
120
11
0
36
14
8
8
0
44
14
0
0
250
126
3
238
169
199
0
6
0
0
0
13
0
0
1
0
1
0
6
0
578
292
0
1178
0
3
0
0
0
63
31
10
24
177
0
0
9
11
29
0
45
10
4
0
0
0
0
0
101
390
362
80
0
16
670
324
19
0
0
133
43
0
63
86
0
49
6
2
66
0
250
5
2
0
0
0
137
77
37
34
0
2
3
3
29
21
3
0
0
4
199
8
0
3
0
0
0
0
4
1
0
4
20
0
5
0
0
0
2
2
1
66
0
0
0
94
4
6
27
0
0
222
56
6
13
39
0
0
0
0
12
0
8
0
334
4
2
11
9
1
56
1
7
0
5
0
0
6
20
8
0
135
0
13
17
0
11
70
0
0
0
0
2
0
4
29
0
0
4
7
21
6
0
0
0
72
3
5
79
3
0
177
0
438
193
56
0
1
21
3
83
0
0
4
171
3
229
10
19
0
0
0
0
37
0
0
0
0
11
1
43
1
35
0
0
0
35
21
0
0
28
8
20
3
2
24
45
25
15
131
1
0
0
0
2
1
250
1
81
129
0
0
45
95
0
74
11
29
14
0
0
0
104
0
0
3
22
0
1482
0
112
4
0
1
0
1
0
0
38
0
42
8
17
0
27
0
0
0
23
262
17
0
0
2
4
46
0
44
557
0
48
37
36
3
0
1
3
0
22
0
15
40
0
27
74
0
10
7
0
0
1
0
60
33
0
3
39
130
0
6
0
393
188
44
0
0
12
0
0
1886
15
183
7
12
0
0
2
38
5
8
0
0
0
0
0
210
7076
0
0
3
27
15
55
0
5
0
1
0
0
13
0
3
71
6
11
9
0
0
130
5
2
8
1
35
24
2
10
0
2
24
93
2
1
15
9
402
0
49
449
2577
14
147
7
0
94
7
211
0
2
22
0
24
157
48
231
14
0
0
1715
24
0
65
4
2
2
0
3
0
29
0
75
23
0
2
4
2735
0
0
122
80
0
26
0
205
1
0
0
12
0
2
0
26
130
1
0
0
13
0
1760
0
1
533
0
102
40
0
636
269
3
2
2
0
0
51
0
165
6
58
44
5
214
0
0
12
0
0
12
0
21
204
0
42
353
0
7
0
52
0
0
23
19
0
24
0
0
0
1
58
1
0
2
0
1
224
25
0
53
0
197
162
135
0
0
0
34
44
1
5
9
1
14
0
0
9
0
0
22
0
0
51
0
0
0
16
8
0
83
23
14
0
3
0
0
27
14
7
0
14
0
22
1
0
0
8
68
0
0
22
1
12
7
100
0
0
1
0
255
51
50
16
0
63
14
16
98
52
0
0
2
20
100
8
12
8
1
1724
449
0
0
30
37
22
27
0
3
0
0
2
0
27
0
0
0
0
0
0
0
115
0
119
13
44
119
2
0
0
175
0
0
19
0
48
10
8
5
26
0
1
0
131
108
0
165
0
113
0
217
47
5
0
0
0
0
0
15
0
0
24
0
0
1
0
0
0
0
0
0
0
2
9
0
330
169
18
0
0
91
0
13
0
0
65
57
16
0
34
1
173
0
121
39
0
87
4
40
7
2
51
45
5
5
132
472
0
205
22
0
0
0
434
40
3
32
0
23
0
0
0
5
878
0
8
151
0
89
2
86
0
4
0
85
0
494
1
3
0
11
0
198
172
0
173
0
0
9
12
4
0
912
0
1
5
68
36
6
351
124
202
612
371
37
0
8
13
16
10
0
2
0
44
1
60
0
0
0
5
64
1
0
0
0
0
0
28
494
140
0
119
9
2
30
430
39
31
0
1
48
3
0
0
2
226
6
0
2
2
3
0
103
0
0
59
3
16
315
12
0
20
283
0
466
8
25
2
65
2
196
24
0
0
111
2
84
0
49
0
0
0
76
5
1
112
119
0
825
2
42
0
180
96
0
321
56
0
0
750
0
23
1
77
0
0
13
7
0
177
94
35
321
13
388
10
3
235
228
2
0
0
9
144
1116
2
194
38
0
18
1
0
0
120
3
30
0
0
6
63
0
14
0
188
0
20
1
24
0
0
1
0
0
4
27
18
0
211
670
0
74
232
0
103
0
0
1
0
3
33
9
57
1074
23
0
36
5
248
0
0
0
1
1
123
742
6
0
16
106
101
0
51
0
12
5
23
21
2
31
2555
3
0
2
0
6
200
1
0
0
6
1
0
0
0
196
0
53
52
1
54
0
5
12
1929
9
28
0
0
54
0
0
418
0
4
153
2
15
0
0
0
0
121
46
1
0
1
86
4
0
0
15
8
299
1
0
0
0
0
1
0
39
0
0
0
568
1448
1
3
13
0
52
1
234
18
105
30
0
56
233
2
391
168
0
46
0
0
2039
10
0
96
0
2
6
1
433
1
187
1388
0
0
0
0
1
0
34
1
98
4890
155
0
7
0
0
1
0
74
0
21
20
35
76
524
174
0
1
100
2
8
1
300
354
1
24
1
0
45
1
8
0
8
0
54
17
0
73
14
0
0
9
104
0
0
0
14
0
0
6
468
0
63
18
0
8
88
0
4
0
0
592
6
124
21
0
2
0
0
0
971
30
236
58
0
7
908
307
0
0
756
0
0
0
14
0
1
0
37
91
35
44
0
206
7
0
5
28
334
39
74
13
0
3
0
3
19
1
151
32
0
3
0
0
0
0
0
358
0
15
125
18
23
0
0
93
111
4
1
0
1
0
0
79
112
0
0
11
0
3
5
0
394
90
0
0
155
370
69
13
19
2
0
25
0
6
3
2
65
0
0
9
14
0
185
0
6
44
78
145
0
0
28
87
114
32
0
0
7
0
633
215
1054
0
0
5
41
28
11
1
0
613
2
0
0
0
4
0
0
0
0
11
3
2
0
47
0
24
9
0
29
0
161
573
0
0
0
0
2
0
0
0
114
292
59
12
1
0
90
0
18
350
23
237
0
9
8
0
10
9
3
1
0
0
6
0
42
0
5
139
0
46
45
0
0
0
0
0
1
0
7
165
2
0
2
0
0
0
0
6
58
8
143
423
1
0
157
1040
0
0
11
0
459
4
9
29
145
0
65
1
8
0
175
5
0
0
1
0
13
47
152
4
75
80
291
0
0
23
152
27
0
24
619
0
97
2
162
636
121
0
8
6
0
0
324
360
3
0
143
1
46
0
0
15
0
0
0
287
17
96
415
26
35
119
0
34
41
76
0
0
54
0
27
1
1
1397
0
37
13
2
125
28
7
3
3
36
0
208
0
15
0
167
130
202
0
31
0
0
0
0
1
0
275
9
0
0
0
1
0
24
0
172
0
0
0
4
0
1
1
11
0
16
3
180
85
1
85
8
71
58
0
58
42
0
34
18
99
1
1103
0
136
0
13
47
0
0
93
3
652
149
119
75
20
0
0
0
0
0
22
4
0
4
53
0
363
167
0
0
237
1
0
0
3
2
2
0
0
1
1
5
0
15
0
122
10
145
0
0
1
0
65
0
2
0
91
0
198
17
0
0
129
0
0
4
0
0
0
12
0
66
0
69
800
0
254
0
62
0
1
2
25
548
103
102
84
49
51
10
67
0
22
0
229
0
186
18
0
139
0
154
95
0
40
0
125
0
0
465
145
16
0
54
12
0
214
38
0
3
1
2
1
87
0
85
0
53
99
0
0
501
228
0
0
271
0
14
0
57
1
1
142
37
32
1202
367
49
49
0
0
5
0
27
1
97
1
11
57
124
179
0
20
144
41
0
20
47
1
0
109
70
0
18
55
0
1
0
0
8
13
0
0
27
75
49
0
355
1321
586
12
175
879
0
78
7
2
200
36
37
86
28
0
65
1
0
30
108
0
4
1
73
129
0
2
0
167
9
1854
106
31
119
21
1
0
498
88
56
11
0
1
36
55
0
103
12
0
47
311
4
85
44
0
0
0
26
272
189
79
1
0
310
0
0
0
1
0
8
460
0
6
0
1
21
15
0
0
128
0
0
0
438
15
0
2
52
26
547
86
0
0
0
0
22
27
0
2
1
0
5
0
35
0
0
47
1
0
1
67
0
29
0
5
1
4
124
0
7
0
34
0
183
73
0
33
0
7
25
13
582
18
37
1
79
48
0
5
2
44
6
4
3
246
96
2
65
9
0
0
65
0
27
449
0
0
1
0
0
0
9
4925
6
0
81
0
42
4
3
0
1
12
5
0
0
0
69
12
23
0
42
6
22
0
447
0
4
1
37
21
526
44
0
0
0
9
7
3583
0
2
5
864
92
0
0
1
5
0
0
3
89
66
0
9
0
3
50
0
16
0
0
24
106
0
8
15
2
5
153
62
0
257
95
0
0
96
2
4
0
91
0
239
2
0
0
0
9
0
0
398
0
0
401
14
0
0
26
0
0
1
0
0
14
0
46
2
1
42
694
0
0
136
0
0
2856
6
251
67
15
4
7
1
0
214
0
105
50
0
51
6
0
33
910
729
5
0
14
1
0
15
1
74
1
0
1
1
379
254
63
133
19
0
132
79
0
0
2
4
0
1
134
0
79
3
10
0
107
0
0
12
1
10
0
0
0
40
0
0
34
0
16
0
0
859
13
0
23
0
0
12
65
0
1
11
2
0
0
0
4
1
183
74
279
6
4
75
1
0
0
0
5
0
8
44
5
2
0
16
66
19
0
210
59
5
305
106
0
286
24
0
1
0
4
0
1
3
59
2
40
0
28
0
9
0
14
3
0
5
0
70
0
19
226
202
15
0
0
0
0
23
2
0
369
425
31
0
0
3
16
3
0
0
1195
6
0
260
97
0
71
0
0
106
0
51
160
0
0
62
1
0
0
0
0
0
111
3
0
29
73
0
27
7
0
88
1
116
0
2
28
23
103
31
0
0
76
57
1069
11
245
2
284
0
205
10
0
38
0
25
8
836
348
1
7
62
39
0
1
690
0
1
167
15
15
0
18
0
0
0
53
0
0
11
64
261
0
0
35
167
81
0
66
0
0
0
5
0
0
1
6
113
13
7
0
6
14
3
0
3
1
320
0
0
17
69
109
19
20
16
87
3
97
39
98
36
2
14
247
64
1
50
0
29
264
21
139
0
0
11
1
15
85
19
1
6475
31
0
2184
77
1
0
67
130
0
119
0
0
3
48
0
1
1
1
155
0
1
0
7
0
82
7
0
1
110
0
0
137
5
35
0
31
0
1
17
0
11
1
236
6
0
36
0
14
5
0
24
0
37
52
0
1
0
99
0
583
94
46
298
65
29
0
5
0
0
56
2
0
6
8
46
1
8
264
0
0
100
4
324
1
133
0
79
586
7
0
2
0
49
1426
0
0
0
0
0
0
0
0
2
0
43
72
6
0
15
15
62
77
0
572
287
0
12
119
145
0
32
12
97
393
0
10
0
0
0
2
140
6
22
0
0
10
28
0
0
10
0
18
18
1
91
0
0
0
0
0
24
0
0
68
3
114
112
6
0
354
20
0
16
3
57
0
0
0
2
0
0
0
29
0
12
0
694
209
0
0
586
0
15
128
681
25
0
7
129
0
0
0
0
0
33
296
2
58
16
52
37
0
270
25
9
5
1
0
7
0
11
918
2
75
954
1
1
1
0
0
677
115
1
0
4
549
0
205
0
55
91
38
69
0
0
94
0
15
1
0
1
548
0
4
35
29
0
65
0
51
13
0
24
3
36
2
29
435
274
9
1
0
92
8
1
153
22
3
0
0
0
0
0
8
142
0
147
7
0
291
40
0
0
1
109
1
5
20
76
9
0
0
26
0
426
0
1
0
100
3
0
1
0
162
0
365
0
0
78
0
0
2
1
0
414
2
0
0
4
44
0
42
0
0
0
0
31
16
0
3
0
0
2
306
123
0
6
3
0
74
0
0
1
0
171
95
286
11
20
101
0
0
46
6
127
182
0
1
84
25
70
30
290
4
375
1
343
119
4
2
0
4
2
47
15
63
29
0
63
0
1708
0
0
2
9
20
38
98
0
1
0
13
0
229
101
0
4
0
0
0
270
100
92
13
422
0
0
0
190
2
0
3
37
64
0
3
60
13
0
0
1
0
428
247
273
15
1013
0
6
50
124
26
0
0
42
196
41
5
0
0
0
0
17
579
0
382
0
4
25
294
7
120
0
0
4
11
70
0
2
22
0
2501
0
16
91
0
0
39
33
9
0
1
24
0
12
7
1
0
0
1
9
0
0
6
25
0
0
148
1
163
27
0
0
237
1
0
0
238
7
0
0
140
149
6
81
150
50
0
0
64
47
0
68
339
0
3
4
266
0
8
0
0
0
15
6
1877
19
63
22
132
4
0
0
2
3
0
250
2
21
0
118
0
0
93
0
91
0
45
2
0
2
0
2
0
0
0
0
0
24
2
14
0
3
0
17
37
0
5
6
0
0
0
0
0
0
19
0
17
344
0
0
1
221
0
0
5
0
0
11
1
5
20
53
2
917
129
36
10
0
38
0
278
0
0
0
191
27
49
0
0
0
0
41
0
0
3
547
1
0
3
39
5
178
0
0
188
133
24
0
9
25
30
2
0
0
639
69
0
0
23
0
0
0
0
0
305
3
82
781
236
356
9
0
3
25
22
48
0
0
0
1664
142
211
250
3
0
66
62
109
24
51
0
0
7
68
239
0
0
52
415
0
127
423
0
0
0
89
0
0
288
136
240
116
25
0
0
46
293
25
0
7
84
3
0
5
1
66
117
0
0
38
50
1
1
23
4
149
1
0
97
100
12
0
147
0
0
29
48
36
0
0
312
1
82
0
27
404
0
0
36
2
0
173
0
0
2
13
122
0
219
2
35
0
0
0
0
902
8
38
113
147
43
70
6
72
0
5
17
34
66
13
27
7
244
12
33
83
636
134
0
144
0
56
91
133
86
0
0
0
85
27
35
0
22
707
73
185
0
46
35
0
0
0
0
15
515
0
92
266
51
265
0
12
2
0
1
22
38
9
111
0
325
1
0
0
0
49
235
0
4
1
33
0
2
0
520
56
21
43
0
6
0
0
88
2
134
94
0
0
0
21
0
8
0
183
0
0
92
3
0
18
0
1
0
42
106
1
19
70
0
198
2
18
21
166
0
230
2
12
0
0
44
1
5
10
44
220
118
0
0
1
0
0
42
0
480
0
108
0
0
400
7
80
0
0
16
0
31
149
145
46
4
57
553
0
232
12
0
59
334
21
3
0
2
12
0
5
213
0
0
1
9
4
0
23
27
8
31
0
32
2
0
9
0
1
2
73
12
0
213
0
0
31
325
0
1
1
14
141
0
107
22
3
0
12
0
750
0
0
0
0
96
0
688
0
0
17
0
1951
1
0
78
49
0
0
1
1
107
51
99
79
11
0
0
26
24
0
2
2
1
1
0
65
0
0
0
6
0
11
0
7
15
0
0
123
8
5
3
0
2713
58
21
4
114
98
3
387
11
548
0
0
316
951
124
198
26
0
0
0
14
0
659
0
1
0
57
0
0
2
4
0
0
0
27
0
4
0
2
57
0
3
315
0
0
0
0
0
0
216
12
0
93
48
10
0
1
0
0
84
0
347
0
0
1
0
0
0
1
136
20
0
2
154
10
197
0
27
766
91
0
3
67
6
17
0
2
10
0
0
115
104
1
17
20
797
6
1
203
0
0
20
13
0
0
0
0
0
1
0
1
158
22
2
0
0
112
64
401
0
0
0
13
0
0
1
1
1
41
0
0
15
11
141
7
8
0
0
336
6
0
0
948
0
0
145
0
65
3
0
51
17
0
0
0
0
15
108
0
0
0
10
8
2
0
11
191
173
0
4
0
2
0
1
58
0
0
0
32
0
0
0
1
0
14
0
0
5
8
0
0
3
19
1
0
0
13
1
26
3
0
0
0
0
21
3
0
49
0
0
0
162
0
0
171
0
9
8
0
0
6
0
69
29
1
0
114
11
58
0
0
99
3
35
23
0
1
19
181
0
18
6
6
154
0
33
24
0
1
0
4
5
39
137
153
0
0
0
5
0
0
0
10
11
0
53
0
26
0
0
0
0
0
0
3
1018
0
159
84
0
0
3
4
8
0
98
0
0
0
0
8
5
474
340
5
65
15
7
93
1
2
0
98
0
0
42
1
6
0
0
1
18
0
0
0
17
0
61
3
1
2
46
35
0
19
3
0
0
0
0
6
0
0
0
0
24
0
88
6
8
60
1
0
0
0
0
7
1
0
0
10
3
0
348
39
0
0
0
79
36
0
23
160
17
67
194
3
1
0
50
0
24
0
5
6
1
2
0
41
104
42
74
12
0
6
0
0
303
0
75
0
2
8
69
62
0
1661
246
1250
116
16
20
91
329
795
0
1
0
5
4
0
1
5
0
0
42
61
124
0
42
31
15
130
134
0
0
177
0
37
0
118
0
588
6
0
46
0
0
142
271
14
40
6
1608
8
59
0
1
2
14
19
58
3
0
37
593
2
16
1020
0
43
0
5
0
0
3
0
0
10
5
3
102
0
0
43
4
10
0
0
0
23
88
2
0
0
1
0
11
0
13
291
52
9
0
0
20
393
0
156
4
147
28
0
22
4
2
19
0
0
1040
0
1
57
0
42
97
0
0
0
8
21
17
64
0
2
203
13
65
0
60
28
0
61
0
1
0
2
0
0
30
3
138
1
34
0
0
35
0
4
0
15
0
152
0
0
0
0
0
0
0
15
0
291
2
67
0
0
9
0
0
8
64
1
16
0
0
0
2
0
4
141
4
0
53
1
47
0
4691
4
0
84
0
103
1
16
6
0
2
28
40
0
0
56
0
2
0
0
0
0
10
56
0
6
0
2
23
0
0
323
5
0
197
0
0
51
16
3
8
0
14
71
0
0
40
0
11
0
0
0
93
6
121
1
0
80
23
12
0
1
12
1
4
0
1
0
0
0
0
0
79
0
3
0
10
215
72
15
0
0
6
1
28
0
9
0
2
51
0
0
49
9
37
217
444
0
136
0
350
50
0
223
65
144
0
0
0
439
1528
1
70
20
1
41
0
106
0
0
44
4
0
0
0
2
1
0
0
0
0
44
0
97
0
0
23
0
214
5
0
0
2
0
17
1285
147
281
0
161
160
1
1
19
3
0
27
233
0
10
907
165
134
1066
1
145
122
0
21
1
0
11
0
1
0
32
0
1
0
12
10
2
283
1
4
23
15
10
0
5
20
0
0
2
0
33
135
0
39
91
8
22
0
32
11
754
0
0
0
11
54
0
2
124
14
4
0
0
48
79
0
0
54
340
0
1167
494
0
100
80
0
204
0
612
0
0
6
0
175
212
4
0
3
410
182
0
0
27
28
5
16
0
3
1
0
105
286
0
0
0
58
0
22
0
0
85
0
154
4
0
68
113
0
0
0
6
0
17
6
1
44
120
0
227
0
236
0
3063
96
2
93
6
0
23
29
142
64
13
0
97
1560
30
17
1314
0
0
9
2
222
5
4
185
37
0
0
242
139
0
0
0
3
1
31
10
46
436
10
7
0
19
558
5
178
23
1
18
31
142
0
935
1787
0
0
170
549
96
0
0
2
12
0
303
3
0
53
80
2
0
2
3
0
4
20
0
2
1534
1317
0
732
552
1
248
22
11
90
0
1
95
4
595
2
426
70
64
0
612
0
2
126
4
703
19
0
95
51
0
51
42
1225
27
391
18
46
0
8
105
60
671
22
104
0
20
0
70
0
0
0
0
0
0
29
0
3
4
31
0
0
27
1
0
7
0
0
1
53
77
3
0
0
188
0
0
420
1
0
0
3
576
0
0
2
4
108
0
0
0
38
0
2
4
673
8
108
0
0
2
0
0
0
65
6
2
0
3
0
5
45
89
0
19
1
159
2
77
4
5
11
0
4
4
6
0
26
44
0
16
23
0
2
26
0
173
4
47
28
117
7
8
0
137
0
0
617
1
0
4
3
63
0
350
1348
57
125
56
2
265
11
19
122
38
493
1
211
0
0
24
8
0
44
47
137
0
45
0
0
0
0
0
9
2404
0
37
17
0
0
5
0
8
0
0
34
448
36
15
1
6
0
8
0
15
3
0
2999
66
87
100
0
94
2
41
233
1
15
0
0
0
0
0
46
2
21
106
319
56
82
18
0
8
98
421
0
0
2
4
620
252
3
3
0
0
0
20
178
1050
73
1
480
1
23
2
557
42
0
4
0
81
278
2
11
0
0
14
11
24
0
632
233
4
1
0
2
128
13
0
26
76
2
1
21
404
117
0
1975
29
72
0
473
1
30
0
598
11
68
0
12
1
18
0
4
0
242
44
3
2
15
0
22
574
38
0
0
1
0
654
0
218
1
24
82
0
190
13
60
1900
3
188
28
63
0
29
64
0
0
0
341
303
0
0
0
99
0
0
0
64
8
0
5
0
0
11
0
1
1
13
0
0
432
2
346
10
0
1
0
67
0
0
19
0
1
2
0
22
0
0
7
112
74
0
230
15
0
0
65
2
29
0
1
0
67
0
2
0
0
199
0
0
173
12
0
27
0
39
98
0
205
0
7
1
0
353
0
0
0
441
35
0
100
4
50
1
50
1272
0
0
0
91
26
0
37
0
11
0
14
0
18
0
0
6
93
50
3
0
0
0
0
11
0
0
17
6
2
332
0
28
0
22
16
1
2
0
4
0
96
1
35
0
0
18
16
11
52
0
3
0
0
102
4
6
8
1
0
0
0
30
7
0
645
30
0
0
152
229
43
0
11
42
63
11
0
25
38
5
0
78
0
0
15
2
0
6
0
146
0
28
0
4
0
2
75
29
38
143
188
0
0
20
211
1
0
1
2
0
0
762
52
0
274
6
150
0
0
19
12
0
1
4
0
0
2
0
0
0
0
308
16
1
0
0
28
3
3
5
0
114
0
8
25
2
1
5
113
10
131
0
199
13
187
0
3
4
52
95
825
6
0
0
0
0
50
0
0
0
8
9
0
38
0
13
4
8
12
0
10
9
0
0
0
2
20
5
0
19
1
45
2
67
0
152
30
38
78
1
0
56
0
45
0
0
0
90
11
148
91
2
49
336
40
0
4
17
246
6
0
13
0
514
0
2
0
8
52
30
54
4
4
21
0
0
1
65
14
60
0
1
465
0
0
11
20
0
0
125
0
0
1
0
0
65
58
34
0
0
0
0
34
0
232
4
14
86
8
123
121
33
0
0
75
14
67
380
0
0
70
0
29
1
243
287
184
5
0
0
11
2
6
29
9
0
0
0
0
0
2
12
0
148
0
5
97
0
64
0
7
0
61
6
0
0
7
25
0
0
29
0
2
0
0
0
1
0
0
1
1
1061
72
222
0
1
0
1
0
38
0
0
22
238
0
8
0
141
37
54
0
1
45
1
13
21
804
0
2
7
14
0
119
200
0
0
0
1
252
0
40
76
6
0
19
34
0
0
7
0
14
565
88
0
0
0
153
0
1
2
0
0
9
24
1
38
0
44
0
5
347
29
0
4
6
1
20
19
0
26
32
108
28
157
0
5
0
3
120
2
4
3
0
0
0
0
0
0
5035
75
1
0
0
291
1277
1
1
0
2
227
28
0
646
13
0
0
464
0
0
15
7
1
0
203
0
3
0
0
0
0
0
2
1
0
408
0
1
3083
2
2
0
0
0
0
11
0
0
13
0
35
911
0
0
16
85
52
0
188
1
5
8
0
22
0
126
0
0
2
634
0
70
0
0
13
141
12
42
12
240
0
4
29
61
12
0
0
0
0
0
0
64
148
0
0
0
3
0
3
0
0
546
0
0
0
496
74
98
0
81
0
278
3
2
58
232
0
3
0
12
8
213
0
0
80
0
4
0
0
45
5
0
0
134
5
53
0
2
80
0
31
0
2
72
0
64
186
74
18
0
20
376
20
14
102
0
0
1
67
46
0
70
0
122
105
0
0
45
67
71
2
0
0
82
232
371
20
1053
0
3
1
902
2
279
306
0
4
0
176
0
0
47
3
38
23
2
57
0
0
0
13
0
0
325
155
115
0
0
832
6
29
0
136
115
180
728
0
0
0
2341
0
305
0
0
161
3
1
0
0
0
1
7
0
0
14
5301
29
27
0
0
67
0
165
1219
80
0
157
26
190
0
0
7
0
89
0
0
0
55
0
175
99
220
0
83
2
49
1
453
0
0
5
62
230
194
17
279
1
2
7
213
59
0
455
0
75
0
4
11
27
1
12
0
0
0
0
77
7
5
178
0
68
3
3
1
61
0
0
0
5
0
0
0
3
34
0
109
24
20
72
1
1
0
1074
110
8
414
0
1
93
3
39
180
0
54
445
14
196
62
8
3
70
0
0
356
1
0
444
3
0
150
55
15
0
0
1
413
5
44
6
81
299
65
0
0
0
29
3
147
4
101
1
103
7
3
0
704
113
0
173
7
3
1
2
15
43
2
112
153
236
0
291
0
8
2
0
0
45
77
6
258
7
71
349
95
15
53
10
0
3
0
56
0
0
3
1
4
0
172
0
259
301
0
0
1
18
0
76
5
0
6
0
1
0
0
117
62
1087
0
12
0
0
870
4
1
1142
0
68
101
0
21
0
0
0
11
17
227
395
30
72
67
107
0
42
41
5
2
0
17
0
0
94
0
50
43
3800
0
9
523
142
11
0
69
0
0
4
0
61
84
127
16
87
22
30
6
0
19
10
32
73
204
1
48
24
0
0
3
0
197
59
48
0
1
0
0
1
0
16
5
104
5
52
0
0
0
0
0
48
2
3
14
9
0
234
69
0
0
0
0
96
0
0
389
142
10
98
0
4
365
91
0
0
56
0
0
4
3
0
0
181
435
56
78
0
485
1
0
7
75
0
481
0
38
0
7
0
5
0
55
2
22
181
19
0
18
2
0
552
109
39
2
8
0
0
17
33
2932
0
0
0
7
14
18
56
0
0
83
0
203
383
378
0
16
706
647
233
16
0
0
0
15
21
10
1
37
10
15
0
20
0
6
0
5
55
0
8
51
0
95
10
200
83
117
20
115
0
1599
26
2798
48
70
1
6
120
0
127
49
252
63
3
0
1
24
0
0
180
16
75
19
101
152
0
247
6
259
342
52
71
174
0
6
0
68
264
6
5
1
247
3
218
5
0
53
1
0
0
0
141
57
2
0
36
3
38
104
27
0
0
0
0
29
0
0
309
430
73
90
0
3
83
232
54
275
9
0
30
28
16
0
47
20
18
0
168
10
0
0
0
4
0
3
84
0
601
529
129
2
438
126
15
3
199
2
0
0
1
0
0
0
7
42
1
2
174
20
0
160
10
2
284
93
360
0
0
0
334
198
287
80
0
253
152
1
165
23
14
0
18
219
46
257
1
0
4
96
122
47
121
13
207
0
1
0
0
15
0
1
6
40
0
9
3
0
0
0
133
4
0
8
5
32
0
33
43
2
0
0
5
78
0
50
28
30
4
1
0
1
73
0
3
11
0
91
11
4
0
0
357
421
373
33
1
8
0
432
0
0
4
147
26
0
30
10
0
0
0
46
28
83
62
8
0
8
14
20
0
101
62
17
0
3
0
58
5
1
0
46
38
0
551
7
0
42
18
0
2
83
10
51
163
84
553
0
0
2
27
41
374
0
575
0
884
24
9
108
0
457
3
103
25
250
258
0
572
791
0
0
0
3
0
3
1
102
49
0
44
108
2
6
0
42
1
0
0
161
129
209
224
73
236
666
289
0
1
4
4
52
106
0
5
1
4
2
9
0
1
728
1
20
49
123
3
0
0
0
21
9
160
0
1
358
4
3
0
262
95
334
0
30
0
0
0
0
32
0
156
0
13
0
0
28
48
0
3
0
20
460
0
124
2
0
0
1
5
0
0
0
182
247
2
3
291
7
43
98
116
0
8
0
475
90
14
96
0
6
0
0
3
8
0
148
7
42
60
9
0
7
0
17
0
5
20
8
4
2
0
0
1
63
0
78
0
0
0
0
461
0
0
1
26
0
1
0
4
1
0
0
503
70
163
1811
784
1
7
0
126
3
0
0
58
251
20
247
0
0
0
0
111
25
41
4
432
56
19
254
25
9
122
96
34
44
0
0
0
0
0
0
0
0
1
36
1
1
0
0
0
0
0
29
55
29
201
74
0
6
0
0
0
0
190
172
0
0
0
0
0
0
100
71
0
3
0
0
10
1
0
2
8
0
0
0
2
1
7
9
52
44
2
0
2
0
0
970
281
0
280
12
0
3
32
76
164
1210
19
52
0
2
0
0
70
0
14
1
0
0
0
0
0
180
11
0
0
0
0
0
0
0
10
69
0
54
39
0
0
2
2
14
26
1
0
321
0
0
0
27
59
286
17
19
12
35
0
0
14
0
0
34
5
0
0
56
5
0
2
0
0
0
58
0
28
5
0
0
0
0
0
0
0
282
22
429
0
0
0
3
0
0
1
0
0
0
0
0
3
1
0
0
0
0
0
0
0
0
1
30
9
294
0
0
0
0
1407
8
48
6
122
34
18
29
14
2093
5525
38
0
20
18
0
0
0
324
83
49
0
0
0
57
0
0
1
57
0
0
41
3
69
70
0
2
0
0
14
5
0
0
8
1848
5
29
0
0
0
0
25
22
0
2
18
0
0
0
0
143
72
0
0
0
0
66
6
5
9
10
0
0
0
0
0
0
1
0
1
43
22
0
0
329
473
44
154
1390
0
0
1
1
1
0
0
19
1
0
0
99
25
0
0
0
8
14
0
0
0
0
0
9
14
0
0
2
155
52
149
8
34
617
5
338
592
7
0
0
0
0
0
0
3
0
15
0
33
0
0
0
0
2
0
0
0
0
0
0
0
226
32
831
7
1537
1921
126
4
0
15
21
0
78
2
0
1
471
98
0
0
90
111
143
32
0
9
3
78
1
0
1
0
0
0
2
0
1
0
0
0
0
0
0
0
1
0
0
0
30
2
0
6
38
0
1
0
154
0
0
255
4
2384
161
36
21
0
39
0
0
52
4
0
0
0
0
4
0
0
7
0
0
398
380
0
1111
8
37
0
2
1
0
0
1
2
0
0
457
433
5
0
14
0
0
0
0
0
12
21
0
0
1
6
1
24
1
0
15
0
2
0
0
0
0
0
0
0
0
26
0
0
0
0
0
1
0
0
0
0
0
0
2
0
0
0
0
0
0
0
0
1
0
0
0
0
2
0
