BitB_5_2
0
0
24
2515
5
138
17
0
0
0
0
172
15
403
0
0
689
0
4
319
1178
70
3
0
0
568
0
23
2
10
20
7
0
111
2973
103
0
0
3
0
5
0
0
1
0
3038
0
192
0
153
0
144
0
607
0
13
371
44
0
1401
4
8
0
0
7
24
3
348
12
8
1896
418
56
12
9
0
1450
0
6
0
0
0
4
6
694
0
89
154
20
16
555
0
419
0
0
738
7
0
67
0
24
0
4
841
140
1
0
0
0
905
0
0
13
0
7
0
0
98
190
807
17
9
0
130
66
350
275
0
1829
16
0
1
2
115
0
0
0
122
18
0
18
9
81
0
438
112
23
28
55
23
74
2
238
4
0
989
0
0
15
313
2
0
3
0
132
85
92
209
0
0
0
0
147
0
0
107
76
0
0
81
358
505
0
186
13
243
159
1
103
0
0
354
246
38
0
68
0
1
0
23
55
29
6
14
10
0
0
102
27
26
0
4
24
0
0
2
53
12
0
22
228
0
19
229
0
2
0
106
10
59
0
0
90
423
709
0
926
31
0
0
0
0
0
446
0
15
123
870
6
3
139
319
10
0
433
46
0
0
0
39
136
956
330
2124
65
0
0
0
359
54
1
812
0
0
92
0
0
0
988
107
730
86
2
819
0
759
0
0
0
170
0
0
0
0
0
0
149
0
148
0
0
1
0
36
330
0
206
4
3483
0
0
0
0
0
0
298
0
48
418
0
52
0
314
110
0
150
52
2
0
19
412
267
180
0
0
428
49
19
0
0
1969
229
162
612
0
25
241
21
246
0
1631
0
58
31
18
29
664
363
32
0
8
3
0
646
5
0
0
246
441
3846
80
1118
19
26
0
0
14
15
0
349
0
175
0
0
2122
0
77
50
47
0
269
0
0
104
258
52
74
0
315
102
77
0
0
0
1
149
3
0
4
0
0
64
8
3175
7
262
0
312
0
0
1773
189
14
0
68
0
25
1341
131
0
123
28
15
11
16
0
244
0
0
0
0
0
387
1068
0
8
1008
155
129
0
0
0
17
2
2
10
0
0
1
0
15
7
0
0
0
20
91
0
693
0
18
0
552
0
0
0
1
0
312
185
620
34
249
1533
333
26
0
0
12
0
82
145
107
111
0
41
0
5
0
0
30
1
1136
33
65
202
7
0
27
0
20
0
0
798
3
396
40
0
21
0
1227
183
0
898
0
110
9
18
9
32
76
58
809
0
4
135
302
172
129
0
0
0
40
0
511
154
0
0
110
0
0
0
12
0
0
0
0
0
0
0
0
1241
0
247
0
187
0
0
0
239
431
21
0
162
6
146
47
39
0
31
0
142
1
1635
4
23
5
25
0
3388
0
7
0
243
0
1214
212
16
1
2
103
0
0
0
4
334
0
0
0
0
973
1
106
434
4
0
82
6
21
1
1
1
0
5
0
9
35
0
0
3
6
0
0
56
0
35
99
181
301
150
1478
6
0
11
0
0
0
10
0
160
522
263
0
224
5
384
0
0
738
27
0
83
0
4
393
0
368
95
11
0
4
0
73
0
4
1
179
0
0
0
0
425
9
467
7
22
0
0
0
0
46
57
37
505
0
29
71
2970
2
9
0
4
19
1
97
0
9
2
67
144
0
168
0
11
0
0
13
42
84
0
110
1816
7
38
18
609
877
0
0
123
463
5
35
2
857
0
0
3
7
128
240
0
16
23
132
0
52
0
48
42
63
0
183
3
303
0
0
0
0
0
0
534
620
0
0
161
3842
0
352
62
195
247
85
51
0
0
164
3
3
52
0
13
991
0
0
822
99
64
51
94
189
370
9
48
76
0
0
1
486
1
129
0
0
151
24
0
0
0
20
4
0
0
12
0
22
3
0
11
0
240
65
381
35
19
0
466
0
0
0
0
14
0
154
34
0
0
1
1
0
2
24
49
4
0
0
4
0
159
192
0
17
2
7
0
0
346
0
228
499
523
0
267
65
464
134
0
8
230
0
60
100
5
676
3
183
88
202
0
0
507
0
0
9
26
253
422
8
0
0
1
0
0
588
719
7
0
0
0
1684
0
0
1333
6
88
0
38
0
0
452
53
214
226
96
2
0
10
0
0
65
1444
726
0
0
14
5
444
25
1
25
47
0
31
74
88
27
0
183
0
0
532
3
0
0
0
285
0
79
230
21
86
299
2
89
0
0
14
209
503
342
16
0
98
31
0
844
184
0
27
1
436
0
0
24
277
0
19
0
0
0
2
0
0
0
170
109
103
0
0
29
19
11
0
2
255
26
26
68
1
15
0
0
20
26
0
1390
42
178
901
2
155
0
0
117
0
1429
22
14
0
760
309
260
69
1029
0
41
0
0
3385
0
0
3
0
85
0
0
9
1
50
500
489
640
38
0
0
0
93
32
10
0
0
0
88
1319
707
74
17
0
0
60
198
6
0
0
0
20
0
1478
380
2645
868
0
0
4
0
0
60
0
0
6
167
18
170
0
4
1342
398
0
442
1007
92
55
47
113
0
0
127
0
3
12
0
0
0
19
0
24
23
3
0
0
0
0
1433
400
0
0
4
2
59
0
0
0
0
68
31
0
163
10
0
64
1
361
591
0
449
76
24
3
4
17
0
0
0
0
269
1097
65
139
62
85
293
102
142
167
2
24
383
27
63
0
0
7
0
5
3389
4
352
0
0
250
63
0
0
292
110
75
234
2
277
171
2
2
18
2
0
53
0
0
629
246
215
0
0
605
0
0
0
60
6
1677
1095
0
17
3150
37
200
108
46
54
913
314
0
0
23
0
429
2
298
0
552
0
410
0
163
796
18
0
543
2
1
60
0
218
425
0
0
0
651
0
401
0
0
8
54
0
237
0
0
6
0
3
0
0
9
1
76
15
77
0
323
140
20
278
718
0
0
2939
0
0
0
53
67
106
0
136
0
3
1
145
14
0
1
286
0
4466
0
0
0
14
2
180
93
121
49
0
188
3
71
0
1
118
271
57
0
1
119
0
213
1262
166
0
0
0
3
892
44
1
82
5
8
17
0
17
0
0
2
496
0
717
8
0
44
1
0
26
0
140
0
38
114
0
45
0
253
0
0
0
244
2
3
2
115
2
0
1
36
10
1
112
0
225
0
0
4
28
0
2483
3
1
2992
9
1019
0
85
12
22
0
0
0
155
92
0
0
6
33
31
0
0
17
0
0
23
0
203
0
0
1
10
264
4
0
0
8
89
1063
210
0
0
0
122
0
0
698
322
18
76
5444
0
49
138
22
68
43
395
0
13
64
2462
35
12
38
58
214
0
0
355
63
1
181
15
376
12
287
139
85
0
32
0
19
0
2
0
0
264
0
23
0
1923
1
45
625
26
49
0
0
0
0
12
0
207
0
0
174
75
0
7
0
0
27
0
195
0
10
34
0
17
0
0
14
0
0
27
0
0
8
0
0
0
0
0
0
5
323
11
705
0
302
71
83
0
0
73
0
1550
26
0
0
0
0
16
11
375
58
226
0
552
11
283
581
0
0
0
1400
0
69
144
3514
5623
0
0
0
43
1
6
0
0
91
0
0
919
304
713
11
0
295
0
9
0
162
223
66
983
0
868
0
62
11
16
158
0
11
0
0
0
0
0
0
688
147
0
1559
51
0
0
10
101
272
315
29
503
2762
0
752
0
135
348
150
280
405
0
16
0
193
97
0
0
375
15
55
0
0
27
126
343
0
2
0
24
328
0
821
0
3
25
0
1
786
3913
0
229
0
0
4
364
0
555
0
71
2
0
910
15
5
11
0
1
2
11
413
0
0
0
12
0
4
14
122
24
5
0
6
27
0
5
0
70
0
5
11
0
27
39
83
0
0
2
0
25
0
3
0
4
90
185
10
825
2167
116
780
126
2975
0
40
0
170
11
0
865
0
129
38
0
2
1
0
647
51
0
38
145
0
65
0
0
0
0
45
0
0
1742
325
0
0
309
3014
185
0
0
23
0
76
0
2301
0
636
13
0
11
0
116
0
0
0
0
34
0
0
0
0
2
483
58
8
0
163
46
28
14
6
22
62
5
127
0
143
5216
1502
0
187
2
0
0
1359
38
0
0
0
1
14
485
15
1
0
7
0
0
0
0
0
5
93
0
0
108
120
746
626
96
360
0
0
18
33
32
0
0
0
0
216
55
0
595
41
1041
12
0
0
69
53
14
57
0
0
239
129
0
0
53
0
9
0
291
0
0
9
0
48
40
0
11
8
0
65
498
0
0
0
0
21
961
16
2
0
169
0
694
27
488
0
32
1976
282
0
0
4214
247
424
3198
38
0
7
0
0
0
0
60
3
12
2
0
206
1287
34
1
0
0
0
0
50
47
149
0
0
10
21
7
0
138
1074
102
425
240
12
0
0
6
322
0
0
2
29
24
1
23
7
0
0
0
46
19
105
36
0
0
0
0
0
0
0
146
0
0
0
36
0
45
0
2
51
410
0
3
0
398
0
866
5
0
12
0
0
0
0
0
638
0
1
27
34
4
121
198
7
0
33
0
0
0
0
166
0
563
234
906
118
0
45
81
1
3
3
189
77
0
7
0
2074
2
14
0
51
5
34
0
52
3
0
0
257
0
187
102
97
217
5
0
0
2
4
1
47
116
84
0
14
0
39
7
0
0
128
0
4
0
0
48
13
5
52
59
566
0
0
142
0
532
0
3
0
44
2
75
112
525
0
2183
37
0
0
31
0
0
3
202
877
5
1
39
0
0
5
0
10
3
16
172
22
5
1468
137
0
935
2
30
42
0
0
588
0
103
0
1
7
13
13
0
0
2
1122
0
92
416
15
0
2430
27
0
0
0
4
6
7
773
41
141
0
0
3
0
0
0
4
75
0
0
26
2
3
3
0
5
17
0
0
0
2998
0
7
0
25
45
466
331
4280
0
1880
18
0
14
8
10
14
1528
0
393
579
0
8
94
0
390
3
0
11
594
0
28
95
0
0
1837
0
110
400
0
0
28
213
0
4
217
407
0
643
0
672
0
2964
6
0
108
0
11
74
1004
17
463
0
18
0
1698
192
93
22
1309
0
98
6
667
96
0
149
0
58
128
148
0
0
3
3
48
61
1
19
1536
199
774
603
0
0
0
4
34
39
0
148
193
3
589
728
0
106
165
74
2
0
0
0
716
0
108
0
146
4
1
0
2
16
0
3
1125
1043
0
3
100
0
6
0
75
1
333
16
0
0
316
369
0
14
0
0
0
0
992
374
2
0
1103
9
237
125
36
110
0
0
20
0
5
0
0
7
13
2
61
233
0
0
51
298
0
0
84
0
0
5
828
336
40
0
0
592
0
348
415
0
0
70
0
0
0
37
186
12
0
0
0
4
10
61
0
3
0
86
13
0
0
0
8
0
226
39
23
0
0
282
1963
5
91
0
32
0
16
5
0
542
1
0
6
129
47
0
3
0
13
140
0
21
0
168
0
622
0
0
20
13
1
0
0
2
0
3
4
82
7
0
24
0
5
10
18
7
0
0
409
0
0
0
26
7
9410
0
15
153
181
0
88
3
0
0
0
289
65
621
2
127
0
0
235
3
0
48
0
204
907
3
123
0
228
0
1198
5
432
102
0
2
0
0
0
0
2
0
1
0
17
0
0
1
432
226
106
0
0
367
15
0
208
928
22
223
38
0
868
100
0
49
0
0
0
477
10
219
0
14
4
0
7
793
342
3
282
79
27
0
0
117
768
0
203
0
0
211
15
156
60
4
32
7
0
143
146
12
10
5
0
3
0
0
130
200
294
0
13
0
183
0
0
159
0
27
67
0
607
106
19
33
44
0
0
725
94
0
311
1
88
344
27
32
2382
222
0
0
12
229
76
0
1
26
0
5
0
0
38
91
0
27
1
0
0
0
0
225
7
92
1
0
26
14
173
0
3
0
0
180
325
37
12
0
0
289
0
0
0
8
599
2049
0
1
1956
33
86
419
0
137
0
0
2
618
21
0
8
24
79
18
0
0
3
0
4
1156
0
0
1322
4
109
2
1835
194
1
0
206
1797
33
1259
404
0
40
62
649
0
30
23
9
11
0
0
0
228
0
1
3024
0
2005
0
2
21
0
4
0
127
216
0
618
27
98
0
62
689
3402
2
16
48
3
772
166
0
6
0
220
2
0
0
240
190
0
1087
8
40
6
55
0
9
329
1291
44
59
144
0
280
4
780
432
1
1549
0
306
115
92
166
5
0
7
0
0
17
104
14
0
136
0
2
15
0
1
1
3180
171
133
197
62
159
3
0
0
15
0
662
0
19
0
0
0
3464
0
55
194
4
560
0
4
226
39
9
996
0
0
166
0
0
0
0
27
0
0
0
35
226
59
0
10
0
0
155
2
0
0
1153
175
846
211
0
1203
46
0
0
66
18
0
0
0
1
27
114
7
0
2
0
0
0
3
4
40
758
116
98
2
65
0
4679
0
0
2
53
0
5
274
0
153
2
27
82
0
871
202
5
286
48
0
0
321
1036
414
131
0
0
93
0
0
0
0
1580
0
1599
233
115
71
314
0
0
0
0
29
0
176
0
0
109
91
6
47
2
598
2
0
13
210
0
169
0
44
5
128
71
0
1281
48
1
13
10663
0
57
796
421
452
322
344
1064
56
1028
0
487
1524
0
91
13
6
0
0
103
0
90
92
3187
0
8
150
119
0
1894
94
119
0
0
0
0
1597
4
2
626
3
387
0
29
0
0
780
57
0
0
1222
81
0
0
3
0
119
0
68
0
1199
8
103
32
921
0
5
57
1261
0
10
3
48
237
51
0
39
286
156
0
0
98
44
148
0
0
12
24
0
39
161
0
136
0
0
0
0
0
3
0
0
24
0
0
0
0
10
0
5
804
21
0
0
2602
0
0
5
2
0
27
0
92
0
6
60
0
0
0
1
1
0
182
74
0
0
0
54
0
0
0
124
109
0
0
0
199
0
0
0
16
0
0
0
0
18
0
4
0
0
113
0
0
17
1134
0
0
17
0
11
141
19
214
10
0
9
0
44
0
0
0
67
0
297
0
0
13
0
7
0
36
0
0
225
38
0
321
20
0
2133
163
3
0
14
296
0
0
12
0
0
20
57
79
0
188
11
0
1
1836
245
7
0
178
0
3
45
0
20
17
0
19
0
0
0
2
550
0
4
0
0
728
0
128
19
2
0
0
28
873
382
254
0
0
2
0
0
0
0
0
0
230
6
0
79
0
0
0
0
0
79
1742
27
4
0
15
0
0
0
0
0
0
0
0
0
0
0
0
0
21
0
0
8
31
0
1
0
31
0
68
0
0
0
0
0
0
0
1
0
0
0
0
0
0
116
0
0
10
25
212
0
0
0
0
0
0
14
1
0
9
0
0
0
0
0
11
0
19
0
0
1
3
0
0
0
0
0
0
0
0
0
0
0
0
0
0
7
0
1
0
1221
0
0
0
34
0
0
0
0
1241
0
0
76
49
0
12
20
0
0
0
0
0
0
1
53
77
0
0
2
1
254
46
0
20
0
2
0
0
0
0
0
0
0
0
0
19
0
0
0
1035
0
11
0
0
0
0
0
0
84
0
70
0
24
0
10
0
0
0
0
285
0
0
0
0
13
0
0
0
0
78
2
0
12
0
2
56
2
0
0
9
23
0
38
0
4
2
146
0
7
0
414
0
0
4
0
4
0
0
0
0
125
0
1
0
0
256
0
1
699
241
0
0
19
49
0
0
0
0
0
106
0
0
45
3
54
4
0
0
0
0
0
0
0
3
0
64
0
1
460
0
0
0
0
1
18
0
1
0
0
0
1
0
5
0
0
0
0
9
87
0
23
0
0
220
5
0
0
0
0
220
0
0
13
0
0
0
0
0
0
0
0
0
6
0
0
38
5
0
0
0
57
0
0
0
38
0
0
5
0
0
0
7
1
0
1
0
0
0
0
0
0
0
0
0
0
0
0
0
0
5
0
0
0
0
68
7
0
64
13
3
0
0
0
24
0
0
0
0
0
0
0
0
0
0
0
0
0
0
0
77
0
46
0
0
2
0
151
0
0
0
110
0
0
2
0
0
23
0
8
0
9
8
0
0
0
0
0
0
0
0
0
0
8
0
911
0
1
0
0
0
0
0
0
0
0
0
22
68
0
0
16
0
1
341
0
0
0
0
0
0
0
0
0
0
0
0
0
5
0
328
152
0
0
0
0
0
0
0
0
499
0
0
0
0
3
0
2
0
0
619
20
0
631
0
0
40
0
0
0
0
0
0
0
0
0
0
0
0
2
1
19
0
6
0
0
0
0
0
0
0
0
122
0
0
0
69
24
0
139
0
82
0
0
0
0
0
5
0
0
0
0
3
0
15
3
0
0
0
81
0
0
309
0
0
0
2
0
0
0
0
0
0
0
46
0
0
0
0
187
0
0
0
0
77
0
0
0
0
0
0
0
0
0
0
137
10
0
0
0
219
552
0
0
0
3
15
0
0
0
0
0
0
0
0
7
0
42
0
0
12
0
15
101
5
6
1293
0
0
0
0
482
0
10
0
1
0
0
0
2
0
0
1
228
0
2
0
0
4
0
128
0
0
0
4
0
0
0
1
0
0
0
14
0
1
0
0
0
431
0
0
0
0
0
0
0
1
2266
0
145
0
0
0
0
0
0
0
0
115
0
0
355
0
0
129
18
745
0
0
0
7
0
28
0
0
17
0
441
4
0
0
0
0
0
0
0
6
29
10
0
0
0
0
0
0
0
0
3
55
1148
0
0
8
10
1083
0
619
1
0
0
111
0
0
3
3
17
0
2
0
0
19
1
0
3
52
0
0
0
0
0
0
0
25
0
0
0
0
14
0
24
0
6
22
0
17
0
0
2
0
0
601
0
0
0
153
0
0
8
0
0
3
0
0
0
0
73
0
0
0
0
80
613
162
0
0
0
0
0
0
0
0
407
0
12
0
0
0
0
0
908
0
543
0
0
10
0
0
3
0
0
10
0
2991
0
0
0
0
0
0
45
0
0
0
36
0
56
0
0
5
0
831
0
0
0
41
0
0
0
0
0
1
0
0
3
1
2
0
0
128
3
0
0
0
392
0
0
2
200
0
2
0
33
327
0
13
0
0
0
0
0
0
0
0
798
0
16
0
0
0
0
0
120
169
3
0
31
0
466
0
0
0
0
3
0
0
27
0
0
0
0
55
17
0
0
0
0
1
0
2
0
65
15
0
0
981
0
109
27
3
0
3
0
0
0
0
0
0
84
0
0
0
27
0
0
0
0
0
0
0
0
0
0
1309
0
5
2
0
0
0
1832
18
10
7
0
0
0
0
2
9
0
51
0
0
0
1
0
0
0
0
1
0
0
0
181
0
0
0
0
1046
0
0
0
0
14
0
4
0
0
2
4
18
0
0
0
0
0
115
0
210
14
0
1
0
0
1800
81
0
0
58
143
0
67
11
0
0
51
0
0
0
0
7
42
63
0
0
1
0
0
0
0
0
0
0
0
0
0
157
64
0
925
10
0
0
0
0
36
0
0
1
0
0
0
0
0
0
30
102
10
155
0
0
0
3
2
0
0
0
349
0
0
0
78
0
0
0
0
0
0
0
0
0
0
0
0
0
33
45
0
0
0
0
0
0
152
0
504
0
0
0
0
0
0
0
494
0
0
42
3
0
0
11
0
0
763
0
0
9
0
0
0
0
0
9
64
13
58
0
0
0
5
19
114
0
4
0
0
0
0
0
0
238
361
12
0
148
0
0
0
0
3
7
6
62
926
0
0
0
0
0
0
150
0
0
0
0
0
0
50
1
0
2
0
0
0
0
47
0
0
0
0
184
0
0
0
0
6
5
0
0
0
0
20
0
0
148
0
0
0
0
0
0
14
0
1
0
0
0
23
0
0
0
0
25
0
0
0
0
0
0
0
0
49
0
0
25
42
0
0
0
44
0
3
7
0
0
190
0
0
0
0
289
0
0
0
16
0
1
10
1
9
11
0
0
0
84
0
142
0
0
74
0
141
1
820
159
0
0
4
0
57
0
0
0
0
14
0
5
0
2
0
0
3
0
14
159
440
0
3
0
0
9
0
3
0
0
0
5
0
0
0
0
2
1
491
27
427
0
0
0
83
0
0
4
0
5
10
0
383
435
0
0
0
0
0
4
392
0
20
11
0
0
0
0
7
0
0
0
22
0
1
0
0
0
5
0
10
0
0
0
148
0
0
0
0
16
0
0
0
0
0
6
0
0
0
0
0
0
0
0
6
12
0
0
0
31
127
2
0
0
174
0
0
270
0
0
1
0
540
0
0
0
0
72
1310
0
917
0
0
2
0
0
0
0
11
0
14
0
0
0
0
0
0
66
0
5
0
0
3
0
0
0
19
2
41
0
0
0
0
395
0
0
77
0
0
4
27
0
339
47
0
0
0
0
0
0
0
0
557
0
0
0
72
93
0
0
0
0
71
171
12
0
0
4
8
0
2151
2
36
0
0
66
0
235
567
57
191
0
0
33
0
360
0
0
11
0
0
0
0
0
0
0
1101
0
0
0
0
2
3
0
0
3
3
148
678
0
2
0
0
0
64
0
0
169
50
0
0
9
0
0
57
0
0
0
0
0
0
0
0
0
0
2
0
17
258
0
24
0
0
0
0
0
18
14
0
0
0
30
7
0
0
8
0
0
0
0
0
0
0
139
327
0
0
0
0
0
0
0
127
171
0
42
38
0
0
0
420
0
0
0
27
0
49
4
77
0
0
0
174
0
0
0
0
4
0
0
0
0
0
0
0
0
3848
83
0
0
4
0
0
0
0
54
329
278
0
0
232
0
6
0
0
0
0
0
0
2
200
0
9
37
52
4
0
9
0
531
0
1
0
0
0
512
3
18
0
0
907
37
0
0
0
0
0
0
0
277
2
0
144
0
0
0
85
0
0
57
0
0
0
4
0
0
13
0
27
28
0
0
0
0
0
0
131
0
1229
73
0
0
0
0
0
139
1008
0
0
1
0
1464
0
0
124
0
0
0
185
0
584
381
6
5
6
0
0
0
0
0
0
0
0
1
1435
0
0
0
56
0
0
0
0
0
0
0
0
0
26
0
471
16
0
0
0
0
1
0
0
0
0
3
283
16
0
0
0
40
0
0
3
0
44
0
0
3
0
0
11
0
0
0
1294
0
0
6
0
45
0
225
0
6
0
74
0
0
0
59
0
2
0
0
51
0
5
0
0
0
316
0
0
0
0
0
0
0
248
9
0
271
0
1
431
0
0
1413
0
0
22
14
0
0
0
0
0
0
0
0
0
0
7
0
0
0
0
0
0
0
0
0
5
0
317
0
0
0
68
0
0
0
0
0
4
0
0
0
0
0
17
0
0
0
0
0
0
10
185
0
10
0
0
896
0
0
0
0
178
0
0
0
0
0
6
159
0
1
0
0
0
13
1145
25
91
6
494
0
0
9
0
0
0
2
0
7
0
15
0
0
0
0
0
6
0
179
0
0
15
0
0
0
0
0
976
18
1130
0
0
0
0
77
132
0
0
47
931
0
0
0
4
0
0
0
0
0
0
15
0
1277
4
9
0
4693
0
4
14
0
0
0
0
0
0
0
0
25
2
36
0
281
0
25
202
0
0
0
35
0
0
0
136
3
0
60
13
0
147
3
0
0
14
0
0
0
1
126
139
0
0
0
0
23
0
0
0
0
0
9
0
28
0
35
0
3
0
0
0
0
32
0
0
0
0
0
8
476
0
0
0
1
0
0
0
0
0
0
7
0
0
0
0
107
0
0
0
0
0
4
0
0
0
0
0
0
0
0
0
0
0
0
0
0
0
0
28
4
0
0
0
0
0
0
0
0
2
0
0
4
1
0
26
0
0
2
0
223
495
0
0
0
4
0
0
0
0
0
0
0
0
0
0
0
0
0
0
0
56
0
546
0
496
0
0
153
0
0
287
0
0
0
0
0
0
1356
0
33
0
0
0
0
0
0
0
0
566
0
53
0
0
0
0
0
0
0
401
0
0
0
0
0
0
0
0
0
0
1
0
0
0
0
0
0
4
0
0
0
0
0
0
0
0
0
57
0
0
0
0
0
0
16
0
0
0
0
0
106
0
1117
0
0
0
0
0
0
0
0
0
0
0
42
0
0
0
0
138
0
192
0
0
0
0
0
0
381
0
0
103
0
0
0
5327
2
0
0
0
5
0
100
13
18
61
0
0
7
0
8
115
54
2
0
0
101
0
0
0
0
0
333
0
0
0
0
3
0
497
0
23
0
0
0
331
0
0
56
0
171
0
1864
0
6
0
112
2
0
0
0
0
0
0
0
0
0
0
0
0
0
0
0
0
0
0
0
0
1
1
0
0
367
0
83
0
0
2
7
0
0
0
0
0
121
0
0
0
0
0
0
0
0
0
0
6
0
0
0
1
0
0
0
0
0
0
0
60
1
0
0
0
0
0
208
0
3
0
0
0
0
0
0
0
0
0
0
0
0
0
0
0
0
0
0
10
0
0
0
0
0
0
1
0
0
0
0
3
0
0
0
0
0
0
0
3
0
0
0
0
0
0
0
0
0
0
0
0
7
0
0
0
0
0
0
0
25
0
0
28
0
0
0
13
0
0
0
0
178
267
0
4
0
0
0
41
0
0
136
0
0
0
0
0
0
0
3
0
0
1
0
0
0
146
0
1
0
0
0
0
0
0
199
0
0
22
48
32
0
0
0
0
0
14
0
0
1
0
0
27
0
0
0
0
0
0
1020
0
0
0
0
0
0
11
0
0
0
0
0
3
0
0
0
0
0
0
0
534
4
39
0
0
0
0
0
115
0
0
0
0
0
0
0
322
0
0
0
0
0
436
0
0
278
58
0
0
0
0
0
0
5
0
0
0
0
0
0
0
0
0
443
0
0
0
0
0
0
206
0
0
0
0
0
0
15
0
0
27
0
446
0
0
0
355
0
0
0
0
0
0
34
149
0
0
5
0
0
0
0
0
17
0
0
0
0
0
28
3
0
0
0
0
0
0
0
0
0
0
0
0
5888
57
96
0
11
3
0
46
7
0
16
3
5
485
5
0
0
1
0
4
2
0
0
0
0
0
0
18
416
0
0
324
0
676
36
292
0
0
0
0
0
16
0
0
255
3
4
161
1
45
0
0
149
139
48
414
0
0
0
229
2
0
2
2
0
0
16
0
24
141
0
84
0
1
0
32
0
7
0
0
81
0
2
0
746
0
17
0
0
0
0
0
101
1
137
110
152
0
11
0
3
0
0
0
221
7
92
12
35
0
17
0
42
0
1
222
21
0
0
49
0
162
3
1688
199
0
0
3
70
0
1
0
1
0
0
0
0
204
0
226
0
665
0
0
0
0
0
14
15
0
0
0
0
0
0
0
0
44
53
17
0
0
593
0
0
4
0
0
8
0
0
376
0
7
0
0
0
0
8
93
0
0
167
0
6
0
44
2
15
0
80
0
0
22
0
0
274
187
0
0
0
4
0
0
8
0
0
0
0
0
592
0
0
0
0
0
18
1
0
6
0
0
250
863
0
1
309
0
299
0
67
20
112
0
32
0
0
3
215
0
75
0
0
1
189
0
0
0
47
7
31
0
0
0
0
0
0
0
0
163
0
0
0
0
0
3
0
0
0
54
0
0
2
0
0
3
1
0
2088
7
248
0
0
0
0
14
68
0
554
0
0
0
11
0
0
81
0
4052
100
803
0
0
130
46
52
9
4
0
1849
0
148
110
197
0
220
0
51
1029
354
0
3
0
0
956
0
2674
0
0
0
0
5
114
3
2
0
0
0
70
1
15
14
1
82
518
0
553
0
3
0
195
40
5
0
121
68
0
207
0
36
71
0
2
0
41
0
0
0
0
0
220
0
5
0
1165
0
0
3
23
0
51
164
52
6
0
107
108
0
0
4
0
0
0
0
0
0
0
3
0
19
4
0
0
432
44
38
0
49
0
0
0
370
0
0
30
0
10
0
0
233
49
0
62
0
0
0
0
175
0
39
0
11
0
0
0
0
1
10
0
375
72
2
5
3
409
108
0
0
132
4
69
0
21
0
221
1
0
16
0
0
0
15
497
0
40
1
4
568
36
13
16
24
0
3458
14
0
20
0
6
636
0
0
44
38
499
5
76
638
0
0
11
23
59
0
193
0
0
0
0
0
0
15
59
0
0
166
0
85
0
0
18
0
0
0
0
0
82
0
108
106
0
0
0
0
0
0
0
681
18
503
1472
847
8
0
22
7
0
0
0
0
0
647
1677
0
181
0
0
0
1006
0
0
51
0
0
0
41
0
5
0
1
0
132
0
19
0
17
0
0
51
0
0
56
2
36
656
24
0
0
26
318
193
0
0
0
0
0
0
389
33
0
900
0
0
0
12
4
243
1
0
5
0
57
10
185
484
1
0
0
0
0
45
0
0
0
0
3
0
13
0
1789
0
43
197
0
0
0
0
30
97
0
0
0
0
15
0
14
958
0
0
0
0
5
0
24
0
40
0
0
0
38
12
0
2
0
0
807
0
0
27
0
0
0
0
49
0
35
72
0
0
0
0
1
247
0
0
0
3
221
5
0
18
0
10
6
7
135
0
40
0
0
0
0
43
0
4
278
0
0
8
0
0
0
56
0
74
27
1
0
0
163
0
0
0
0
353
108
13
0
0
0
0
0
123
12
0
0
18
0
0
0
0
0
0
135
0
0
5
1
0
1
1
2641
0
68
0
0
0
8
0
0
0
0
976
0
0
0
145
0
85
1
0
0
0
129
0
0
8
0
0
0
1
0
141
0
0
0
789
0
10
0
0
99
0
928
0
0
0
3
1554
86
0
106
18
0
0
1
6
235
3
40
7
1
0
0
0
0
7
5
13
514
78
75
0
0
11
0
9
0
0
206
1024
0
89
0
0
0
2
0
2
233
0
0
40
0
381
40
43
0
0
168
350
7
41
0
788
0
15
0
0
0
0
0
5
162
581
72
27
8
0
0
1
0
125
46
0
0
0
477
0
0
52
0
0
147
34
1
76
6
1
1105
0
0
62
0
0
0
0
0
681
0
0
0
1
0
0
0
17
0
0
644
0
0
0
0
0
0
44
0
111
25
7
0
0
0
0
0
0
1026
185
0
8
2
166
0
24
10
0
0
0
3
0
0
0
6
0
0
0
0
28
0
0
212
2
30
0
0
23
0
4
0
0
0
9
0
0
0
9
0
4
16
7
0
0
0
0
0
0
0
114
1
0
1
5
0
0
0
0
0
6
78
0
0
7
1
806
2
5
24
75
0
23
0
0
0
0
0
0
0
0
3
2
0
21
22
0
0
0
25
0
176
1
0
0
519
37
3
0
1
65
15
0
0
39
752
0
20
2
172
6
1284
196
381
3
3
425
5
0
352
0
0
5
32
0
1
22
0
0
66
0
0
0
26
0
0
25
0
0
0
0
26
0
0
0
0
0
124
76
73
7
0
0
8
361
0
45
109
0
0
0
0
12
0
0
72
3
38
0
0
17
28
611
0
1
3
0
0
0
38
21
966
0
10
6
0
0
0
0
0
0
32
853
0
0
0
0
0
0
43
121
2
29
0
489
90
0
2
0
154
2573
0
393
0
0
26
229
21
2
7
6
0
0
5
20
1
0
29
0
0
0
0
3
484
167
409
3
0
96
5
0
4
15
0
0
11
0
0
1
5
65
14
0
3
0
0
3
304
0
2
0
2
0
2
318
0
0
193
373
975
557
5
0
29
0
26
0
10
0
120
0
0
0
0
0
14
0
2
0
0
0
30
6
224
3
11
0
57
4
2
1523
0
3545
0
0
0
73
47
12
1
616
0
0
31
87
511
12
0
637
34
8
0
19
3
379
8
0
0
0
0
6
766
0
88
0
59
14
0
0
15
278
0
100
8
673
509
1
0
0
26
0
0
0
0
328
292
317
1
98
0
100
0
25
0
0
95
42
0
0
0
264
0
0
0
22
7
39
0
816
0
0
3
0
2
77
0
262
42
5
13
236
153
69
20
30
0
183
0
0
0
291
0
0
35
0
0
0
85
0
0
2
0
0
0
68
868
23
0
520
168
0
716
0
0
0
0
0
362
154
0
158
16
0
0
0
0
0
23
20
23
0
77
0
0
0
2
1
0
334
3
1
348
0
0
1
13
0
0
0
14
30
2
0
0
0
68
0
0
466
0
0
0
20
0
0
44
0
54
0
7
77
0
11
2
10
0
487
20
340
0
0
398
202
0
21
63
0
0
0
0
51
13
1
0
0
0
0
17
1
86
0
97
0
31
18
27
0
8
0
0
4
0
10
48
25
85
578
696
51
74
0
2
0
6
0
166
0
0
0
0
669
2
4
260
70
286
242
0
0
12
0
86
0
10
0
0
421
52
11
0
54
21
0
6
0
64
101
135
1
0
0
0
158
0
0
0
399
38
0
12
43
2
91
0
21
11
0
0
13
0
0
147
546
0
22
0
154
2
0
0
7
2
332
0
0
4
0
0
1
0
0
0
2
0
0
6
3
550
123
401
0
0
0
0
49
26
0
0
0
0
0
116
169
3
0
0
20
1
0
0
0
4
0
0
0
0
0
5
0
0
13
0
0
10
19
15
1
0
1
4
129
11
0
11
0
107
0
0
0
0
0
96
0
193
0
138
0
96
7
0
593
445
308
0
0
8
0
0
0
41
0
8
23
7
1
21
79
1
0
2
258
0
40
2
24
749
0
0
0
15
7
8
69
18
42
42
8
12
2
2
27
0
456
0
0
0
13
0
0
2
0
0
62
10
114
0
0
0
1
0
45
132
3
100
0
0
144
0
1143
0
0
18
923
0
0
26
0
0
0
33
0
0
229
0
0
0
0
0
11
0
0
0
0
0
1881
12
18
4
0
0
3
281
3
68
170
79
858
63
0
82
0
305
23
0
358
0
235
0
19
0
68
0
60
0
0
0
0
0
3
0
6
1
26
0
0
0
0
75
12
7
267
0
0
0
95
0
0
0
0
20
0
134
1286
0
242
0
0
28
70
5
0
0
8
15
0
0
0
195
0
0
0
51
0
1
0
0
5
0
8
180
41
91
0
3
366
0
0
1
1
0
977
0
0
0
112
0
390
86
3
0
8
0
0
0
0
0
0
292
30
269
0
121
0
0
19
1255
1
11
0
0
13
0
4
0
0
0
0
178
0
3
65
0
0
0
0
0
4
0
11
112
0
0
21
0
449
0
0
0
0
431
0
137
38
0
0
1
0
4
0
514
0
0
0
0
0
0
1
0
0
35
0
0
0
8
0
153
8
0
58
0
29
27
0
59
0
0
0
0
0
26
0
0
0
0
0
4
0
7
22
0
637
0
2
1105
0
0
0
58
1
0
3
262
11
163
0
0
29
0
0
0
0
1
0
10
31
4
7
0
0
0
0
0
0
0
1
0
1575
0
24
547
0
0
0
1
11
0
0
188
0
0
672
0
0
5
0
466
3
0
0
0
0
4
36
2
3
1
0
4
0
0
325
0
26
0
0
19
0
0
0
42
4
4
5
62
170
0
1
4
140
13
0
5
0
0
0
0
0
0
0
0
490
4
0
0
0
0
37
0
0
0
280
0
0
0
0
207
5
0
0
0
162
571
0
10
0
0
32
39
55
171
0
0
0
0
7
0
0
423
9
43
17
1
697
354
0
0
0
1
2
3
0
16
332
0
0
0
0
0
0
164
1
0
0
0
0
353
7
0
216
86
151
85
0
3
2
0
20
11
0
82
201
0
18
31
124
643
0
0
498
0
4
0
0
0
0
510
0
1145
0
50
540
7
167
0
0
0
0
20
3
16
0
0
0
82
2530
0
311
100
1
0
11
0
36
0
0
4
0
0
0
256
0
0
0
0
0
0
42
0
10
39
0
765
0
1
0
0
45
30
0
122
0
0
0
0
0
0
0
0
0
0
196
0
68
0
9
7
75
139
0
37
0
0
0
0
6
0
73
2
0
27
50
0
0
143
0
0
0
0
4
4
0
225
38
0
26
95
0
0
28
973
0
0
0
8
1
0
9
453
95
0
0
0
0
6
0
10
131
647
0
249
40
280
6
2
0
0
0
0
0
371
2103
0
0
0
0
0
246
252
29
0
0
0
2
35
292
0
8279
0
0
714
318
0
0
0
1
2
0
8
69
0
0
2
0
0
184
0
0
55
71
0
640
0
256
3
86
0
0
0
0
0
1
139
2270
0
130
0
268
5
35
420
0
0
0
0
104
154
0
33
192
8
0
0
4
319
241
0
0
0
43
0
0
0
0
0
0
0
8
0
0
11
0
9
5
0
0
838
0
0
0
310
4
17
0
205
0
0
25
846
0
0
0
461
54
0
0
0
3
0
17
234
940
0
0
69
0
234
1
5267
2
3
191
0
0
0
5
0
0
0
9
0
119
4
694
97
0
4
8
10
0
92
3
67
396
2612
2
91
418
0
2
0
19
2
46
1
0
0
0
0
0
362
0
14
0
0
4
33
0
0
28
1
10
4
32
140
80
6
3
0
1
17
546
2
259
14
9
0
0
0
393
0
0
117
0
0
0
0
970
0
29
0
0
52
0
0
0
3
68
0
7
0
192
0
0
17
0
16
0
0
2
75
0
0
104
117
0
0
4
14
49
11
0
0
0
51
0
45
0
1
5
11
0
0
517
186
0
8
704
18
51
304
103
0
0
0
0
0
1
0
337
195
0
0
0
0
11
131
5
0
19
0
1996
2
0
0
0
172
82
37
0
556
21
0
0
200
2
0
0
2
0
4
287
33
75
2
486
0
0
0
0
0
4
434
0
0
81
344
8
3
42
0
0
0
309
184
222
0
0
0
4
152
0
8
522
0
0
0
129
0
0
0
0
0
1237
972
0
6
8
90
0
0
0
0
0
17
534
383
0
263
0
6
0
0
32
0
8
0
2
0
7
0
0
0
0
0
4
53
0
0
0
0
62
0
0
0
0
0
7
946
70
0
2
117
0
268
82
5
3
107
19
0
0
0
0
165
21
0
0
214
663
0
0
1
0
0
0
0
0
0
0
2
0
59
0
651
0
0
0
320
1
0
79
0
5
0
0
0
0
0
358
384
0
524
0
0
28
0
23
0
0
0
0
28
0
0
0
0
0
0
680
33
6
26
0
0
0
6
0
104
59
2
2
454
0
0
0
233
0
0
0
11
3
433
0
0
396
4
0
0
3
0
2
0
0
0
33
2
0
0
4
0
0
2
1
0
0
0
0
191
0
0
38
0
0
3
0
0
0
65
11
12
0
329
0
8
1080
0
12
0
1
55
0
0
0
35
12
0
1
837
0
39
0
0
70
7
0
138
0
182
0
1
0
7
503
0
0
2
0
0
57
147
12
0
3
0
41
188
624
0
7
9
0
10
6
3
0
32
45
0
0
18
18
0
0
1
158
0
0
0
5
19
0
116
0
0
34
12
1210
122
18
203
0
0
87
708
0
3
947
0
0
0
23
58
0
0
38
0
0
0
9
0
23
0
4
1
0
0
9
1
2
0
1
661
0
5
0
9
0
0
8
8
0
0
0
0
39
0
14
0
3
48
23
0
0
0
657
0
107
25
0
0
19
0
0
0
14
49
0
0
0
10
1
147
0
0
4
102
1030
0
0
107
0
137
0
0
0
0
717
0
0
0
0
38
17
1
30
5
0
264
0
0
0
233
89
45
0
20
11
0
49
0
0
27
0
5
0
94
376
0
0
0
150
0
933
0
0
251
0
0
0
0
0
0
0
4
6
4
800
0
10
11
3
288
8
0
0
43
0
1
0
0
374
0
1150
1053
122
83
0
0
97
1777
0
0
0
22
0
0
0
0
91
0
204
10
0
138
460
0
0
0
0
6
0
151
0
0
68
0
0
251
0
7
0
24
483
0
0
0
50
0
0
53
235
0
0
0
0
190
304
18
8
0
0
0
4
0
2
0
0
21
0
1
6
0
7
669
151
0
1
163
0
0
0
0
0
0
0
0
0
668
0
69
4
3563
0
495
5
0
0
130
0
0
0
0
9
9
31
123
25
18
45
0
78
0
127
3
6
0
0
0
54
5
0
251
7
70
0
0
0
0
7
24
239
0
4
2
0
0
571
0
104
49
87
80
36
10
2
0
142
40
0
193
0
0
0
0
55
0
0
10
3
18
0
0
1
34
2
0
7
0
261
0
0
0
16
0
0
0
0
326
0
0
0
81
0
3
34
0
10
0
131
0
0
0
327
0
0
0
252
45
11
45
0
0
379
0
0
314
0
0
0
273
0
0
1
102
0
0
0
0
0
110
10
932
39
0
0
0
0
169
0
12
0
248
34
0
390
1
186
73
4
24
170
0
0
20
317
0
467
0
21
0
30
0
0
0
0
745
0
0
0
9
0
1256
0
5
0
5
0
52
0
0
0
66
0
0
82
0
0
1
0
247
0
6
207
0
0
0
283
63
68
9
0
0
0
6
57
75
0
0
37
0
0
0
0
0
0
282
0
0
28
16
36
0
0
0
0
126
0
86
0
6
39
13
0
0
0
3
0
84
0
44
0
6
0
0
39
0
33
274
0
136
88
0
26
0
30
35
0
12
0
22
4
132
37
17
0
0
182
19
3
0
0
0
73
279
915
39
0
0
0
0
0
307
137
0
17
2
88
0
44
2
0
0
0
39
0
36
0
17
12
52
5
0
13
26
132
0
95
5
0
0
28
7
0
0
0
0
0
108
97
0
67
16
1524
5
481
0
35
32
0
0
0
0
18
0
0
4
0
0
7
53
3
3
0
18
2
197
0
85
44
407
51
6
750
22
59
4
0
0
0
5
0
331
0
32
18
5
0
14
0
0
0
8
0
19
0
0
0
74
57
553
20
5
113
0
0
29
6
0
0
107
0
0
16
154
0
0
0
270
0
389
8
0
0
11
77
17
0
74
27
0
6
0
0
0
508
3
58
591
295
0
32
2
0
90
14
536
144
0
0
0
53
1
82
57
59
17
6
0
1
0
174
936
0
0
9
11
0
0
0
0
146
0
538
1012
156
0
0
692
0
867
0
0
6200
0
0
0
0
34
5
13
0
0
38
0
157
50
0
210
24
40
0
0
454
0
0
156
287
0
0
0
58
2
201
1
0
1
2
5
0
0
0
2
0
10
0
0
0
28
0
88
0
0
226
0
424
121
0
56
0
6
98
0
0
148
17
2764
0
0
0
424
209
3
0
15
5
0
1252
19
134
0
0
0
0
5
91
15
1
16
0
0
0
12
0
2360
13
0
0
0
86
11
0
0
2
0
0
12
0
4
230
0
0
19
0
0
0
927
1
81
161
0
0
0
0
0
369
0
0
11
0
26
0
751
1
0
0
1537
40
98
0
0
0
47
68
42
0
4
0
7
0
3
246
12
1018
0
0
0
184
6
0
153
180
0
85
0
2
0
0
0
25
91
14
3669
260
0
0
0
0
181
0
0
0
473
3
0
544
10
3
4989
18
348
48
4
1
0
0
0
57
16
17
1
0
106
139
7
13
0
131
0
2
52
4
3
0
1
0
0
10
0
1
0
0
0
605
0
12
0
0
0
1
28
0
0
0
40
0
636
0
0
2
0
580
0
0
0
9
0
61
0
36
186
0
0
0
0
0
0
0
0
0
0
0
0
0
0
0
0
0
0
16
0
0
0
0
281
0
5
0
0
0
18
3
0
3
0
123
26
2
615
0
0
0
0
0
0
1
2
0
0
46
0
0
0
0
1
0
52
67
1
0
0
0
0
13
0
9
0
23
83
59
0
0
3
370
4
0
6
81
0
0
29
26
0
0
113
19
1
5
0
0
878
318
0
0
79
0
46
0
101
24
0
0
54
8
897
72
0
23
0
0
0
1
0
275
0
0
0
0
0
0
0
0
0
137
0
40
0
0
0
0
5
0
13
186
0
5
54
349
0
3
199
0
0
0
119
0
0
2
169
2
2
0
0
0
591
0
0
0
0
561
0
0
0
1
0
4
0
0
0
0
0
0
0
0
0
36
0
1232
0
0
446
14
0
125
0
119
388
3
58
0
1
13
0
1208
0
0
0
0
20
10
0
6
0
0
4
26
2
0
1
0
103
163
150
0
23
0
78
0
0
0
0
0
0
0
605
0
0
1
0
0
0
0
0
0
37
0
0
167
118
170
135
0
40
0
0
0
33
0
522
0
1
156
0
0
0
0
0
0
0
0
219
0
0
0
0
0
372
2
5
0
0
305
0
0
5
11
3
0
49
0
1
0
83
33
0
0
9
350
0
0
0
0
138
51
232
0
22
10
3077
1
0
198
0
0
0
0
0
3
0
0
74
15
0
3
1
0
378
0
0
11
1871
0
135
30
43
0
0
150
0
0
4
3
159
605
0
38
0
0
0
0
0
0
0
1
230
3
0
0
0
0
0
0
80
23
246
0
0
0
16
5
1549
0
39
0
0
0
0
5
0
3
0
0
1260
88
0
0
0
0
0
0
22
130
0
318
0
0
0
4
0
3
13
0
1
0
0
157
0
42
47
1
80
31
0
1062
0
0
12
0
97
0
136
0
73
35
0
0
0
10
0
0
3
0
5
0
0
0
0
10
0
85
771
1
298
0
693
0
195
0
0
4
12
11
287
2
120
44
25
0
10
47
0
4
0
0
34
21
46
2
6
0
0
0
2
0
3
0
0
78
0
0
468
0
0
0
0
0
0
0
0
0
14
1
36
3240
133
0
47
0
2
0
38
0
2
0
0
0
0
2
0
0
0
0
5
28
316
6
3
0
1
0
195
0
0
0
3
0
0
0
4
0
0
1
118
147
0
994
0
30
101
1084
342
1
0
0
0
1
116
178
0
0
0
0
0
82
0
0
0
0
0
32
60
34
2996
2
0
10
112
273
0
0
0
0
295
0
75
2
806
0
0
31
0
0
0
4
0
94
4
181
21
135
0
472
2841
260
2
7
6
17
0
0
0
0
78
0
0
0
121
0
136
0
0
0
902
220
22
0
0
0
0
0
8
74
0
21
115
5
4
1
766
17
27
2
5
0
0
0
1192
0
38
0
4
860
0
0
3395
1
98
1
140
0
0
6
0
0
1644
0
1053
0
0
0
896
0
0
0
90
1
27
1045
0
6
4
1
1623
0
0
0
87
0
0
0
0
0
0
81
0
0
24
20
29
0
7
0
90
479
3
0
0
0
0
0
0
175
0
2699
0
0
0
4
0
0
0
14
0
0
0
995
0
466
0
0
455
0
0
0
2
28
100
2
0
3
0
146
0
1
0
129
2
105
2
227
0
0
0
0
0
0
0
39
0
0
42
0
9
0
587
0
0
0
45
8
0
66
0
0
12
0
39
19
0
1
0
0
0
513
22
0
0
0
1
0
0
0
0
0
136
144
0
47
150
5
0
99
0
98
0
16
0
22
0
0
0
0
28
0
0
0
37
0
10
332
0
0
0
27
118
12
5
0
359
7
10
0
1
0
0
0
11
3
338
2
0
0
0
76
0
0
12
0
14
5
0
0
0
6
3
0
635
17
0
91
51
0
0
21
21
0
1599
843
18
75
20
627
57
0
0
6
0
22
260
0
47
0
0
0
4
0
0
0
0
0
3
94
3
0
0
0
0
0
0
0
0
0
0
118
0
4
0
51
0
0
0
0
0
0
0
0
0
297
0
2087
2
2
4
0
268
0
0
0
0
0
0
0
36
0
0
485
0
8
0
0
0
102
0
522
19
0
0
50
0
0
0
3
0
0
3
2
0
0
47
1
0
0
0
4
26
39
0
5
3
39
1
0
59
1
0
0
31
6
0
0
0
0
26
220
0
5
0
0
0
43
0
0
1
0
128
3
2
317
0
0
0
7
0
0
371
0
1
0
3
0
0
0
734
1147
0
3
0
0
19
120
0
0
0
0
41
223
0
134
883
0
0
0
0
0
77
0
0
10
3
2
0
70
0
14
4
663
0
0
0
0
205
0
0
1
0
0
0
0
270
60
0
0
46
0
148
0
0
264
0
0
146
2
171
29
16
0
120
0
0
0
54
12
1
1
0
2
17
62
0
2
0
0
0
0
7
0
0
125
0
0
14
77
0
0
26
0
160
22
37
0
0
0
0
0
0
526
0
81
0
11
0
0
249
0
0
0
0
231
0
8
27
55
1
395
0
0
58
100
77
193
80
0
2
97
0
945
0
28
0
69
0
1
67
59
0
0
157
0
93
0
0
0
1
0
0
7
0
73
0
0
0
7
0
3
0
0
321
0
10
122
0
242
18
0
608
1030
2
0
0
1
0
431
161
0
0
0
1
0
0
0
0
256
63
0
0
4
0
461
0
126
14
0
11
11
0
0
0
64
0
73
46
6
3
0
207
0
612
0
31
1774
2729
10
75
0
0
4
43
9
0
783
33
12
0
0
9
86
2
0
245
2
0
99
0
0
0
0
0
0
0
0
0
0
4
64
0
3
0
13
0
17
0
44
0
151
2
12
162
0
1
47
1
0
2
6
84
1
1
0
0
0
73
3
0
4
1
0
0
0
0
27
97
113
11
0
0
0
0
0
0
0
526
0
0
0
0
545
0
0
0
10
0
0
6
0
65
0
6
0
0
0
10
8
6
0
0
311
43
0
1
0
1
0
0
1
91
23
0
1459
0
29
118
0
1
27
0
15
13
0
0
0
0
0
3
0
7
0
48
39
2
0
11
61
0
5
0
0
0
0
129
0
0
1
0
24
0
3
13
92
0
63
0
12
16
0
323
0
0
0
378
34
17
0
0
0
0
32
0
614
0
372
85
0
39
29
9
383
0
13
66
10
0
0
133
23
0
182
6
0
171
0
4
0
2441
0
0
0
7
0
0
0
0
217
9
0
0
228
0
0
0
24
745
0
0
0
0
247
0
0
17
0
0
0
0
0
0
26
0
11
325
0
0
395
0
0
197
0
1162
1
304
20
0
0
8
7
28
219
0
49
39
0
0
333
29
0
0
0
0
0
0
165
26
0
0
0
6
434
41
3
972
0
0
0
0
22
2968
0
145
99
0
13
177
1
625
72
0
0
64
113
0
0
0
0
0
0
0
37
698
106
1072
6
877
204
268
0
43
0
6
0
0
0
245
0
6
0
397
19
0
3
0
24
48
0
0
0
19
1044
225
13
0
0
4
84
0
0
0
0
0
0
29
0
267
64
0
4
0
34
10
0
6
0
0
3
0
0
133
0
11
19
19
0
19
0
2
226
6
1170
0
0
60
9
585
3
0
11
0
5
0
0
0
0
2
0
0
10
579
0
21
10
2
3
1
0
0
27
40
23
0
0
12
0
0
0
44
39
19
79
67
97
1
1
0
0
0
0
120
31
196
0
0
48
0
85
0
115
0
408
28
0
0
0
6
52
38
11
0
3641
42
0
0
0
0
0
6
191
0
0
0
0
30
174
0
0
3
4
787
0
844
701
13
56
220
110
0
28
20
23
0
207
530
85
2
455
0
0
0
205
8
0
0
0
155
133
876
1786
0
102
0
537
0
0
0
0
0
0
0
5
0
0
0
2879
212
64
0
487
291
4
7
12
0
1199
0
0
0
0
0
4
11
7
0
0
633
0
9
0
18
0
0
278
492
0
10
1
0
720
1
349
0
1
136
78
10
33
0
0
0
0
0
0
0
8
160
9
0
0
1
394
1109
0
0
0
16
4
24
3
1007
0
0
188
0
0
0
0
0
0
286
0
0
0
0
64
0
0
0
1516
0
56
85
91
107
0
0
95
0
0
2
77
0
40
0
5
0
974
2372
7
116
3
4
0
165
80
111
0
172
0
0
0
0
33
0
0
0
0
0
0
0
41
14
137
32
55
133
2
6018
681
13
0
28
0
0
0
0
0
0
19
0
0
0
0
75
101
25
0
0
4
14
0
67
31
826
0
4
6
20
0
11
0
2
0
0
0
142
0
5
0
0
256
0
0
0
15
0
386
652
0
0
0
345
0
59
344
41
600
350
0
103
0
138
2
0
0
0
41
0
86
0
0
279
0
0
0
0
0
0
0
6
619
17
45
374
0
0
8
0
193
0
0
0
0
4
0
0
16
2
0
0
145
58
213
0
0
435
0
0
412
0
0
0
0
0
0
0
0
40
1
0
1
7
0
54
0
2
0
0
0
1
0
0
0
99
3
0
5
0
12
0
22
0
0
0
0
0
3
1
866
7
0
217
0
0
46
0
0
0
439
0
0
112
0
0
0
0
0
0
127
15
23
0
150
50
0
0
5
0
0
1
0
0
0
2
0
0
0
24
0
0
124
44
23
0
6
358
479
0
0
5
0
719
0
0
0
26
86
740
0
0
40
0
0
1
19
6
5
0
0
0
0
0
165
0
0
347
0
194
0
175
0
17
35
6
37
359
0
1023
4
0
0
0
176
0
0
131
0
17
0
0
1
0
582
0
0
1
0
6
0
4
21
0
0
432
0
0
1
0
0
5
3
105
32
25
0
0
12
2851
271
0
21
0
0
0
0
0
0
0
0
28
28
22
30
1389
0
0
0
502
0
1
0
0
0
0
775
277
2
4
0
112
0
0
4
96
0
0
0
0
1
42
0
0
3
0
0
6
0
0
0
0
633
7
12
0
0
0
0
5
0
0
0
9
0
0
0
0
13
4
0
107
0
0
0
0
0
0
0
0
0
0
0
0
1145
0
0
0
42
0
25
35
88
0
7
10015
0
1
0
121
4
0
0
0
0
0
0
0
0
0
141
0
0
0
25
0
0
0
0
0
0
0
0
0
0
106
0
0
0
2
3
1666
15
28
0
0
0
0
0
0
0
1776
341
159
38
1
0
1
24
0
121
44
414
337
13
368
246
698
3
118
78
0
1
0
0
1
0
0
279
0
0
0
0
21
4
287
0
214
4
132
2
0
2
0
7
51
11
0
0
0
25
3
4
9
57
0
4
17
10
0
0
0
0
0
0
5
0
0
0
0
0
0
0
68
23
0
0
0
1011
0
0
5
2360
132
0
117
0
0
0
0
3
274
0
0
519
14
0
262
0
0
67
17
0
0
0
0
0
235
0
0
0
1
0
0
229
291
0
0
0
2
0
3
0
0
1
117
0
0
0
30
0
0
0
1
582
1
0
428
3
0
2
133
0
3
66
0
0
15
0
0
0
0
75
0
0
0
18
3
0
0
16
0
0
44
6
0
0
0
1
41
0
79
0
0
0
0
1010
0
451
0
0
2
0
0
0
0
0
201
790
0
0
0
16
0
161
0
0
0
36
80
0
0
0
170
0
0
99
11
0
0
2
0
0
1745
0
0
0
1094
0
0
0
32
0
113
1948
3
0
0
0
0
0
0
0
0
0
0
84
45
0
0
0
0
0
0
0
2
0
0
644
0
66
0
27
0
0
0
0
0
0
0
0
0
0
0
0
2
1
0
0
0
0
0
335
0
69
0
0
0
23
0
0
0
1274
0
2511
0
312
0
0
0
0
0
5
0
0
0
0
0
0
0
0
14
0
0
0
0
584
9
0
0
144
0
0
0
0
0
0
0
0
0
0
43
0
166
20
0
0
0
11
0
11
0
0
5
40
0
0
0
0
0
0
0
0
0
0
0
0
0
1
0
3
0
25
168
64
0
0
0
0
0
0
0
3
321
0
0
0
1
13
0
2
3
1
0
0
0
72
0
0
0
0
0
1374
187
2
153
0
0
0
0
0
0
0
0
36
271
7
222
0
4
1
476
392
0
8
65
0
0
0
0
0
0
1334
0
0
0
0
3
1008
0
364
5
0
2
0
398
0
0
0
0
0
446
0
0
0
0
0
0
3
0
0
0
250
144
0
0
0
912
0
10
112
0
575
0
0
0
0
0
0
0
32
0
0
0
0
0
0
0
0
0
60
2
21
0
10
676
0
769
0
5
0
0
0
30
0
0
4509
0
0
0
0
3
0
0
0
0
7
0
0
0
0
0
269
0
137
0
0
14
0
616
117
0
368
0
0
438
0
8
0
0
0
0
1110
0
0
0
0
0
0
963
10
0
65
6
0
3
0
0
0
38
0
32
0
0
3
0
55
8
0
127
0
0
0
0
0
0
0
0
4
180
2
0
0
0
0
0
0
0
0
4
128
0
0
0
0
288
2
0
0
2
0
46
2
0
0
0
0
0
0
0
0
0
0
0
0
0
366
2487
207
0
0
0
0
143
0
0
0
0
0
0
0
0
0
41
0
146
14
0
0
103
0
0
0
0
1568
0
0
115
1
0
3
75
0
0
52
0
13
0
9
630
341
12
4
0
36
0
42
0
55
0
17
0
58
0
408
0
0
262
0
335
244
14
0
2
0
298
2
0
191
65
0
238
1
0
0
52
0
504
0
0
0
0
0
1079
984
871
5
0
0
0
0
0
540
110
175
0
233
1
0
3
1
99
0
0
75
0
0
69
11
0
3
47
6
0
0
0
54
11
81
474
42
98
127
0
0
8
174
0
78
4
0
33
0
12
0
3
48
3
0
0
1
8
18
0
63
614
0
0
1671
0
0
76
1185
0
15
64
1
0
0
4
6
0
0
0
0
3
0
5
15
22
2644
246
0
608
2
70
1011
18
0
41
0
0
0
6
0
34
1
15
14
0
0
7
153
632
0
0
465
0
31
0
26
0
45
69
73
8
0
36
0
199
0
0
0
0
49
2
21
60
121
22
0
13
147
14
140
327
18
0
0
83
905
5924
0
0
8279
44
377
0
0
0
0
91
286
0
30
10
331
0
0
0
334
0
220
0
0
2133
3
145
2022
0
0
1
2157
0
1
40
85
85
155
242
0
7
264
57
1
0
76
11
0
75
571
0
0
2
98
0
0
0
0
0
2
7
0
0
2
525
29
206
73
170
989
0
0
69
0
22
0
1055
0
199
2
237
0
2
0
129
0
1573
452
2243
0
0
105
205
1
383
145
0
0
1
6
3
633
4
84
0
40
561
6
0
0
7
484
0
0
4
66
0
115
0
0
0
0
16
10
0
134
0
479
28
0
48
18
0
1232
1
1409
0
170
0
0
0
16
249
378
6
0
0
545
0
446
0
0
232
269
34
0
1
106
257
1
120
0
5
0
150
40
0
0
4167
0
0
286
0
113
54
138
3
0
13
6
21
83
0
74
48
7
227
658
152
43
7
915
78
0
724
16
0
119
0
3
10
45
3
0
67
127
1102
4
5
0
0
0
711
87
459
79
544
0
19
0
0
0
35
550
27
0
3
41
58
0
6
29
96
1151
0
4
123
0
347
4
66
17
0
1
50
29
313
0
0
34
1
6
217
53
0
55
0
67
28
10
0
0
34
19
323
0
0
0
0
7
4
2
213
9
0
0
29
0
0
0
97
2221
5
0
0
0
27
860
36
122
3310
147
31
1
0
59
36
0
369
1
71
71
31
16
19
0
10
174
35
0
21
8
0
278
0
4592
4
173
19
0
0
54
4
0
0
21
0
2
81
17
0
150
0
0
18
0
8
135
0
0
38
832
0
0
40
67
0
0
299
974
0
2
20
0
0
0
557
43
4
0
7
0
0
3
162
32
289
0
34
0
0
9
4305
0
10
0
13
552
6
0
0
1
26
93
0
150
70
0
0
397
646
0
0
8
5
0
3
10
0
1220
25
594
715
0
3
0
669
0
0
0
22
7
0
136
0
0
86
0
0
7
349
144
83
155
212
0
0
0
0
163
0
0
303
36
0
111
0
2
3
537
329
2335
207
0
285
11
2
885
1
0
0
19
0
384
373
105
14
512
47
0
153
0
0
18
0
1522
0
26
70
230
26
564
5
0
6226
1
0
0
20
0
0
776
0
112
306
182
0
52
0
81
47
0
50
2
169
3301
0
4
2
487
0
95
16
92
0
10
55
4
110
0
3
0
0
0
1465
0
136
0
0
0
2
34
140
1073
0
5
0
0
0
0
2
0
0
1189
623
0
0
5
0
0
87
0
0
2
0
0
0
52
3
433
178
0
3
0
6
45
255
30
3
0
113
2
0
6
5
2141
9
2
0
208
6
0
339
0
71
0
3847
210
0
9
0
0
219
1
0
0
19
51
46
0
0
97
144
16
0
302
218
0
0
0
1655
29
10
34
341
8
45
0
43
0
180
6
0
0
0
106
430
0
394
213
0
0
0
0
0
495
321
0
105
0
0
114
101
78
0
162
0
222
73
39
0
14
6
0
20
6
3
0
0
3012
16
6
0
0
0
0
1218
72
151
53
0
0
41
23
12
120
7
0
0
1
0
0
0
548
0
0
17
9
99
97
652
0
0
107
0
1926
0
152
0
136
0
133
19
117
0
124
20
82
3
18
0
679
102
33
0
389
486
0
194
0
8
0
4
0
0
466
87
0
421
0
0
104
0
2
0
866
31
0
3
0
52
674
172
0
0
2
18
0
0
9
139
9
0
0
18
0
57
0
0
0
305
3
0
1
785
0
32
1
5
0
2
14
419
0
0
334
0
0
0
0
0
56
9
1
3
23
0
0
6
0
0
7
0
0
0
79
23
792
0
10
2
3
7
4
0
0
0
0
11
0
0
36
7
0
0
3
0
8
0
0
27
0
0
18
0
2
53
0
4
3
0
21
0
3
0
3
10
6
0
0
0
0
3
969
0
0
2
0
70
6
26
7
0
0
56
319
0
1205
117
0
76
13
41
0
92
1
14
92
2054
7
0
0
95
0
0
634
2
134
0
0
20
0
31
262
0
223
2
105
0
0
95
83
24
0
0
40
1306
24
6
41
40
0
961
9
570
1814
0
0
86
38
0
5
10
371
4
9
62
723
13
62
40
0
124
216
286
0
0
0
481
0
0
0
0
0
2
0
0
0
0
60
46
25
208
12
68
0
5
247
36
31
0
0
20
782
5
135
0
23
9
0
5
446
0
101
0
0
0
1
414
0
4
637
0
1
21
0
0
45
5
1963
0
443
0
96
263
15
0
2
0
1
0
1922
0
0
5
0
794
0
0
762
433
0
0
104
3
5
279
117
5
27
181
0
2
295
27
0
0
0
0
0
21
79
0
101
169
0
0
195
1835
33
2033
0
12
0
892
5
265
0
0
9
16
2
0
0
0
0
27
0
29
3
175
0
478
44
297
839
102
694
5
0
1997
0
0
0
0
183
500
2
0
0
2
0
0
0
10
0
0
0
0
0
45
24
61
61
126
0
0
0
119
0
0
0
0
4
0
44
0
156
0
4
0
3
1
0
20
296
8
0
0
0
0
1835
155
0
0
0
0
91
0
2
0
672
0
12
48
439
0
722
5
0
7
0
108
0
4
0
0
0
0
10
44
7
0
0
18
6
0
182
0
21
0
10
1
0
368
10
0
27
0
0
25
0
106
182
268
0
0
0
55
492
0
11
0
0
1
0
98
0
1
167
0
0
0
0
0
130
0
10
275
179
31
0
89
78
168
0
0
4
201
6
70
0
0
0
0
4
53
51
663
0
4
0
0
13
0
0
1
0
0
0
2
0
232
43
0
4
24
149
0
38
19
0
0
1
170
0
192
0
180
66
0
5
4
0
0
0
0
25
0
0
0
106
51
0
1
42
317
2
22
0
43
3
0
0
0
3
0
0
53
0
4
5
0
6
0
49
0
0
3
0
1
14
0
3
0
21
1
129
3
0
453
2
0
38
0
7
0
12
0
0
0
0
5
13
0
25
84
0
0
0
32
53
19
186
0
0
18
0
14
1
2157
0
81
73
890
0
0
1037
326
0
0
0
898
0
0
0
27
1
0
0
17
0
74
0
12
234
45
642
0
0
3588
76
2
7
0
30
35
0
0
312
0
2309
0
0
254
0
15
0
0
325
0
0
88
0
230
1
7
12
118
0
24
0
0
561
69
1
0
189
0
108
2
110
6
164
1
2
0
0
0
0
0
226
0
0
171
407
0
6
553
0
0
1
2
0
0
0
788
1
299
9
177
597
0
80
0
85
0
25
530
5
0
20
30
6
0
244
0
22
2
2
6
1031
0
2626
3
591
14
0
309
0
0
335
0
345
827
0
12
34
214
78
17
2
0
0
32
197
0
0
0
11
174
3
0
0
0
7
699
0
58
1235
55
360
63
25
763
34
24
3
267
948
0
0
530
512
53
0
625
270
75
0
1
6
0
1666
1642
683
18
104
0
107
13
3
0
767
1
73
0
227
78
0
15
2
12
345
78
22
68
0
3
83
0
1
0
0
236
0
25
614
20
0
0
0
14
175
0
24
0
3
491
0
505
36
6
0
0
1147
0
177
470
14
0
84
274
122
598
28
0
3
0
1031
0
1229
127
0
4
0
0
2261
0
1119
63
1854
50
140
397
280
2
214
4
0
3
0
6
116
52
145
0
11
13
15
435
0
0
538
14
3
0
68
154
46
237
0
0
3
2657
0
0
28
9
21
0
427
400
3
25
94
0
85
7
0
3
3
191
250
0
0
3
0
91
0
6
18
30
0
172
0
4
0
0
0
0
2
0
156
6
12
0
99
0
188
0
5
57
5
5
19
16
522
0
6
0
0
170
213
29
533
5
0
0
128
0
14
0
322
155
7
0
252
22
0
84
79
200
1
101
0
0
0
0
1
0
163
314
20
2
0
153
369
0
46
0
20
26
121
223
231
382
1731
0
276
244
0
0
0
33
53
0
321
0
107
129
51
0
59
0
106
771
903
730
0
2000
1394
0
3
0
0
221
0
0
0
104
11
0
0
0
0
0
0
2
0
38
2206
94
69
7
17
1616
0
2181
0
0
241
0
1
0
3
0
265
5
0
513
1774
0
39
4
0
186
264
0
0
5
0
0
36
0
51
0
113
9
256
8
0
6
491
136
0
0
158
21
0
0
0
0
93
0
2
0
0
0
2202
465
45
126
12
0
0
0
0
27
42
726
23
397
338
0
85
63
48
193
0
68
0
0
0
33
0
370
29
12
15
44
11
66
0
0
0
0
0
0
24
33
659
0
2
0
0
2
1
0
0
45
8
29
0
863
2
122
82
1
3
133
1562
10
18
24
0
1
11
0
42
45
14
0
429
0
1067
146
9
6
121
13
190
2
4
4
83
3
160
317
0
0
0
1204
0
0
0
3
105
1
37
178
0
0
2
0
83
15
0
1665
0
4770
5
99
348
18
0
1516
4
0
0
239
0
0
0
0
102
0
200
53
0
176
16
8
8
508
101
53
0
0
0
38
0
0
0
14
245
15
4
3
0
36
0
0
138
156
11
0
29
0
17
0
0
1
0
1160
5
2
0
0
0
6
0
67
0
572
0
0
159
6
267
0
0
0
183
0
22
2
44
34
0
1449
33
3
0
0
2
0
0
0
110
206
18
0
8
0
0
5
114
0
1
2
4
0
1
0
53
526
2675
27
345
1
1
14
0
58
0
8
6
1924
3
50
174
0
2188
0
0
3
54
0
262
11
0
18
0
0
72
1
0
4
1
10
0
1
0
5
0
0
0
0
362
354
3
534
425
7
833
2
4
0
63
183
1
11
30
0
21
3
71
185
335
1465
0
0
0
0
31
1730
210
10
125
1684
30
37
0
1966
136
20
0
0
1020
73
1496
0
0
4
0
55
0
1441
19
44
344
0
10
437
116
0
9
88
854
0
0
19
3
0
8
256
8
8
3
2
0
506
87
0
0
74
10
7
0
0
0
50
0
0
390
109
24
0
996
0
0
49
24
0
7
0
10
0
591
0
1117
0
85
0
480
16
237
1
41
0
2
0
3
0
0
0
0
0
64
0
1133
0
39
0
2
59
34
0
6
5
311
26
16
66
0
0
0
115
554
0
0
81
0
5
0
2
0
862
0
63
799
0
48
56
246
0
0
0
0
225
9
8
0
9
0
0
0
0
0
0
51
132
57
0
19
16
0
13
0
3
120
3
0
1
45
256
80
0
0
57
0
0
0
26
0
0
58
18
23
79
0
2
0
296
0
0
0
0
0
96
9
12
0
309
45
276
2
214
10
12
5
5
17
155
0
0
0
0
364
43
22
169
175
0
87
164
0
0
4
0
178
0
8
38
0
1
373
0
68
3
4
8
40
253
0
834
0
291
23
0
1607
10
794
0
418
0
0
461
113
9
0
5
289
1
56
5
0
137
46
2924
42
0
0
0
1
0
888
2659
47
81
4
571
4
415
82
0
0
926
0
77
6
13
620
90
262
61
186
4
1
76
642
32
0
0
0
0
3
489
0
15
18
0
18
0
170
33
244
444
18
102
3
85
2
222
3499
70
0
425
89
29
15
0
43
10
821
12
0
11
11
0
0
0
180
0
20
0
3
60
3
0
0
5
0
153
0
6
0
431
0
453
0
141
0
0
18
23
0
0
0
537
4435
70
41
19
566
0
653
52
370
2634
6
83
0
39
232
48
0
46
0
18
0
0
1
35
582
8
7
0
0
0
393
22
104
0
44
866
727
7
0
0
0
79
194
0
108
0
512
193
89
46
402
9
26
0
0
680
3
0
0
0
140
0
0
0
109
0
0
9
591
0
0
5
259
745
151
10
221
9
1672
0
81
20
0
14
29
3
7
0
31
304
28
0
0
461
0
1108
0
28
0
0
1848
0
0
8
11
0
5
0
113
161
45
0
59
0
0
101
92
5
4655
3541
0
614
58
0
1
0
178
286
43
0
0
0
35
7
1594
24
144
95
1
84
0
607
45
22
183
0
4
0
32
853
0
16
0
0
7
1460
74
5
464
0
0
0
0
6
0
90
176
0
0
192
0
0
0
3
312
1
15
122
70
476
0
0
9
5
13
614
87
0
189
21
0
27
0
0
0
454
87
0
246
0
1186
53
0
449
222
0
0
7
565
0
56
0
2
0
0
325
0
0
24
0
0
0
0
3
16
37
27
1198
0
0
1
35
0
0
2
786
0
0
0
0
0
0
267
0
0
0
0
7
0
0
0
0
726
6
42
0
133
0
0
0
1006
0
0
906
0
0
0
226
26
691
16
0
0
65
172
24
0
107
735
0
0
0
45
0
0
14
1
3512
0
14
55
30
0
0
0
13
3
248
23
55
489
656
0
0
300
388
0
0
1
7
255
0
193
0
118
198
15
11
6
0
16
1
6
0
116
0
0
0
8
44
55
14
97
0
178
701
20
0
240
0
134
3
175
106
312
0
0
97
773
0
53
1
5
0
241
0
0
0
12
485
1
3
107
75
583
6
59
5
190
0
21
622
161
0
0
0
241
274
740
120
0
30
3
24
0
0
10
0
10
0
0
0
168
11
0
0
0
597
42
0
18
1
0
0
625
15
0
4
0
552
1651
43
2013
0
0
0
0
0
183
0
0
34
4
480
0
0
8
0
0
0
173
502
0
0
1131
0
7
1
0
3
0
19
0
0
1
1
0
17
67
0
39
47
0
36
0
0
0
127
0
176
477
0
122
7
60
1
7
0
88
0
128
123
0
162
14
0
56
0
0
64
230
0
2
67
0
0
0
214
0
2
0
870
125
11
376
0
0
0
3
244
162
16
59
1
0
2
0
0
0
174
795
0
903
0
95
3
48
4
0
40
302
16
0
3
130
28
10
0
20
234
55
19
183
91
0
0
1
0
126
611
377
0
0
362
0
854
0
0
0
6
176
30
389
0
0
0
0
0
0
49
0
0
0
69
0
0
0
128
0
0
403
0
0
0
1854
0
22
447
0
155
0
6
0
0
33
0
19
5
68
69
554
0
230
0
103
0
2
0
0
0
0
38
0
0
0
16
0
0
0
3
0
397
192
1088
0
22
3
50
14
1274
0
43
0
0
0
202
0
109
0
0
202
0
102
0
0
2
1
546
140
102
37
101
37
0
0
0
0
54
0
5
43
79
13
0
2
0
0
136
118
30
379
9
296
0
3
105
0
1505
0
153
0
0
588
0
90
63
481
0
3
0
22
67
2492
69
8
9
0
0
0
0
0
68
255
114
0
536
191
111
0
327
90
16
89
0
17715
15
40
7
236
332
129
3839
0
278
13
2
25
10
0
129
22
0
596
36
0
268
101
4
224
0
0
4
483
0
23
68
28
36
13
0
0
0
4
0
0
143
74
69
0
1030
0
0
0
0
47
447
19
14
1603
0
2993
6
0
33
0
0
0
11
2
0
0
487
125
4
0
28
232
578
0
46
120
296
0
246
0
3
3575
21
0
0
0
0
16
1
0
117
0
2
49
2096
11
246
14
0
368
415
764
164
72
0
84
474
0
0
15
22
808
0
0
786
85
0
0
0
0
0
92
13
484
0
2
42
7
9
0
2833
239
0
0
3
1
239
0
0
0
25
0
0
0
33
114
1270
33
193
427
0
0
0
100
0
0
1
7
0
283
3
0
253
712
62
0
457
522
77
51
47
7318
7
0
0
2
2796
0
0
0
21
0
0
0
0
5
112
11
0
12
0
258
2
0
104
660
0
610
38
12
5
0
0
1
26
27
3
0
0
0
0
5
0
3
0
202
183
31
0
76
267
0
0
220
43
0
81
237
10
0
13
0
0
0
0
372
789
0
0
2
208
21
0
359
0
1962
11
0
0
169
0
3
73
86
0
152
16
64
1333
294
0
0
21
2
0
0
0
67
2
0
100
0
0
3
443
0
41
1
0
15
0
56
42
83
58
0
0
152
0
5
2
0
0
2
3102
9
4
8
39
0
111
0
0
59
23
44
54
725
0
0
35
21
37
111
0
121
28
0
2
1156
121
49
40
0
11
0
0
0
0
22
7
53
2
9
0
0
70
102
364
36
0
0
120
139
168
4
142
3
25
0
0
93
0
0
4
0
0
0
13
32
0
87
4
0
0
0
0
0
398
0
305
5
0
0
48
3
260
22
1329
22
206
0
5
42
0
0
0
0
0
254
0
3
0
0
0
0
6
758
2
0
0
0
873
0
0
93
0
611
134
0
1087
3
13
2659
0
182
13
0
0
25
0
1
2
22
0
1
0
106
659
187
76
955
0
28
83
395
6
1374
51
9
6
128
322
22
1971
16
38
43
0
0
0
29
257
354
1
605
362
4
0
0
242
1
0
0
12
5
2238
3
0
0
38
808
221
3
9
0
20
3
41
0
602
191
37
13
210
0
51
0
3
0
2
1257
791
741
0
361
0
77
78
50
0
0
1
0
3
0
681
1
198
118
0
4
2707
53
178
29
249
14
3
3
27
3388
0
2
0
139
0
129
639
82
0
116
2
281
6
19
0
442
315
4
0
12
75
263
0
1
0
37
11
0
0
47
0
0
0
0
0
223
0
2289
0
0
59
2644
0
45
0
0
14
0
122
0
7
15
593
2
0
437
120
70
141
0
4928
182
46
4
0
0
12
0
0
176
0
0
0
69
72
0
296
0
0
14
0
0
103
0
909
19
100
369
188
567
0
125
0
100
0
1315
8
567
0
0
0
0
3
648
16
0
3
730
19
211
0
624
134
180
74
37
19
0
9
0
8
0
0
0
158
0
0
415
0
6
156
423
59
0
0
4
13
0
0
2
41
465
8
0
757
96
315
0
0
0
134
9
0
55
193
4
0
0
184
0
5
25
11
0
112
9
3
0
56
0
578
0
72
3
0
5
0
2
42
0
17
0
31
149
1
0
347
0
160
0
100
0
0
26
7
127
297
323
0
1
1
177
0
0
56
0
325
156
3384
0
20
14
40
123
62
0
0
0
67
6
0
3
0
0
0
1
0
0
218
62
3
7993
1388
4
0
0
0
245
0
60
0
617
105
0
5
1795
362
0
0
2
246
10
0
0
71
13
2
183
1316
0
862
0
0
299
548
155
16
0
0
0
499
1413
0
52
0
366
0
0
2
2608
1050
0
0
0
1269
158
4
268
0
0
0
0
12
117
323
0
130
0
4
0
0
6
0
12
30
0
11
0
47
0
0
88
19
33
0
420
0
58
0
33
0
2
1097
8
0
1
41
32
0
286
2718
1
118
23
18
258
19
0
0
41
0
21
490
0
23
0
0
0
0
93
181
334
0
0
69
135
241
26
0
209
45
407
4
0
163
27
18
0
14
6
61
149
0
197
5
30
8380
543
123
0
97
0
365
152
0
0
57
180
16
23
16
13
0
2
0
0
0
1
0
8
408
120
51
0
0
0
0
56
13
834
0
0
0
0
0
4
58
1228
0
36
20
0
31
0
0
584
92
0
1
0
0
5
543
37
41
5
152
0
0
88
0
0
18
0
24
95
13
0
0
460
2
0
4
0
822
0
12
92
3
0
141
17
190
0
7
5
86
0
71
0
0
0
0
470
0
0
202
32
18
0
883
0
38
0
92
26
10
0
8
11
0
920
21
0
0
0
0
35
0
0
318
21
35
161
0
6395
43
8
227
2
22
0
0
186
84
108
0
79
0
0
58
898
5
106
18
16
149
33
0
0
53
0
0
0
200
1391
0
14
167
159
249
0
0
0
0
45
0
2134
0
66
0
9
337
50
31
177
3
42
0
56
0
0
31
4
0
0
171
66
4
3
2003
1
1
0
0
54
205
7
0
231
0
30
13
312
322
0
129
0
21
487
23
412
2
0
3
96
0
3
0
138
1
706
1135
0
5
0
0
16
4
78
0
1
194
54
102
0
0
41
9
751
0
0
94
0
1
0
0
526
27
514
0
0
0
0
18
1
521
441
0
1
56
62
266
45
0
0
6
92
0
6
11
1129
4
228
0
86
0
0
0
4
0
486
596
16
3
19
0
0
381
0
0
50
0
2
0
4
0
110
1
0
10
0
0
1468
385
8
423
0
0
0
585
0
1
0
25
1
0
37
0
33
0
195
777
10
0
1353
0
0
0
61
169
2
79
16
0
0
0
0
419
30
9
0
0
39
0
0
0
0
0
67
20
0
0
0
0
0
0
4555
0
9
3
463
0
35
0
0
1198
79
89
4354
64
0
264
0
4
16
38
29
0
233
0
323
0
0
342
0
70
0
0
7
685
47
0
0
38
217
423
393
50
0
3
174
0
0
0
24
32
9
0
8
0
9
85
14
177
186
0
0
0
9
74
32
2097
0
21
0
32
0
807
45
49
38
985
0
206
32
0
81
236
0
0
4
47
45
25
3
0
0
2
64
297
10
5
23
21
1078
5
4
131
10
463
18
0
335
0
28
0
32
329
14
25
6
512
0
44
4962
10
0
0
189
0
108
168
6
52
107
1293
607
0
0
38
0
0
7
272
13
36
0
8
148
5
0
35
0
0
0
0
0
0
3442
0
0
0
860
0
49
0
38
2759
0
0
13
0
4
0
0
13
43
90
313
0
7
81
129
90
237
328
21
0
70
0
91
655
4
226
0
18
1395
0
153
37
0
2
233
5
484
65
0
0
39
0
4
0
0
0
320
0
0
210
126
1
4
0
44
0
91
4
100
0
0
1548
0
272
0
1046
143
0
23
690
0
63
9
5
0
325
0
32
224
1143
5
0
0
0
19
179
0
7
0
389
0
0
0
3
324
0
2212
0
2
54
0
0
0
93
0
33
0
186
0
3
99
0
23
0
8380
0
13
2
0
0
0
77
0
0
0
78
0
0
0
1
429
0
511
101
133
0
0
125
16
0
0
0
0
0
0
112
248
1
0
258
2
0
423
0
795
0
0
187
0
0
33
187
0
979
4
10
0
0
0
0
0
282
0
14
0
0
244
14
3
829
0
0
1
20
12
1
4
0
284
4
4
3
40
6
0
0
24
186
0
62
47
4
49
1
0
936
1775
0
0
0
0
150
0
186
24
44
0
0
4
0
500
39
7
5
0
344
0
4
104
43
36
0
0
15
0
3
123
9
0
122
587
0
215
0
0
4
115
2
2
4
15
28
5
243
0
19
0
0
0
5
355
0
135
0
0
1
176
0
0
89
19
0
269
63
0
27
0
0
31
12
0
39
113
0
0
2
0
5
11
60
0
0
1
28
0
739
0
57
0
131
0
101
48
339
2
0
13
0
746
17
6
78
0
0
3
10
743
0
0
16
0
6
136
24
320
106
0
0
337
0
15
0
687
3674
2019
0
20
27
146
150
0
2
0
104
4
13
2
41
15
2114
99
244
108
1209
443
0
0
3
0
124
324
0
120
0
12
19
4
3446
0
1
2
36
52
0
0
404
0
28
0
10
0
0
0
282
0
2
0
0
0
3
44
8
0
289
11
109
0
365
2
4
5
3
116
0
11
0
7
132
0
206
388
0
6
2765
10
9
5
0
0
0
189
0
0
0
28
5
11
0
0
40
679
198
0
0
0
0
175
0
1
0
0
3
0
23
14
9
0
0
290
5
0
0
0
446
656
142
1375
0
0
253
0
0
0
67
868
168
11
0
174
0
0
40
108
0
0
0
0
1
2
0
0
0
0
0
0
7838
3
73
23
2
18
10
444
652
636
0
0
0
235
0
16
56
0
0
0
60
95
7
0
0
13
0
947
159
0
0
20
0
0
138
11
0
21
0
35
1
0
12
2148
111
4
162
43
27
204
1084
6
13
0
0
21
1
367
54
570
1194
3
0
5
19
194
0
0
0
125
68
53
90
10
360
0
0
117
1
1808
0
0
0
0
6
0
18
0
45
38
0
48
0
199
117
22
300
0
15
1
101
31
2127
445
0
3
271
0
36
0
857
0
0
2416
0
0
2
0
0
2
3
0
505
0
0
313
0
0
0
5
0
4
19
0
0
283
0
92
64
0
3
0
892
20
1763
5
28
0
125
433
3
0
122
51
0
25
0
0
106
2
78
0
0
231
3384
6
32
116
816
0
5
4894
0
0
1213
902
2
195
63
3397
0
0
0
206
2
193
0
0
591
0
26
0
0
0
4099
1416
11
1
204
6
737
1142
51
0
1609
0
0
17
0
45
0
0
792
0
0
32
185
231
0
592
15
291
24
11
4
0
22
0
846
377
265
0
0
4
0
1394
10
0
1363
370
0
0
20
6
264
0
557
100
97
264
0
0
1310
410
216
73
4
0
258
574
435
0
0
167
56
0
0
0
0
199
0
11
3
1495
452
1
2
0
0
11
232
67
0
193
5
0
30
268
0
41
525
0
0
42
58
45
4
55
0
156
14
18
0
61
0
0
0
9
476
0
633
112
0
0
218
147
120
97
34
62
0
215
0
33
23
0
18
0
0
0
0
0
0
1959
518
25
0
0
0
0
1618
171
20
42
27
4
809
0
0
1
0
378
342
116
20
0
150
326
202
0
43
29
0
10
0
0
0
2
46
784
114
0
4
83
0
11
0
0
1
0
110
2145
0
0
0
13
71
0
35
0
6
19
7
1
517
4047
1147
0
100
0
9
0
3
0
6
0
386
16
706
178
385
0
232
0
708
2
563
4
5
78
19
18
406
597
483
614
0
781
0
16
8
30
711
14
648
58
82
12
52
1
0
17
8
36
123
102
0
212
44
0
1911
68
32
731
34
225
189
1107
30
445
30
0
0
1
1
11
29
1166
0
21
513
0
271
0
0
103
244
940
0
0
0
0
7
0
39
62
1876
0
13
412
525
0
559
45
0
695
2431
125
44
516
25
0
614
0
1670
98
95
121
176
0
0
0
0
9
0
0
2
29
0
0
0
42
0
25
0
0
18
102
0
0
0
16
0
20
0
0
449
0
0
0
485
27
0
0
192
761
0
122
0
675
167
49
40
933
327
12
16
0
0
0
57
199
20
5
3
0
1
0
0
0
0
0
62
275
35
0
3546
0
1
0
35
2
152
0
0
176
0
100
74
33
0
0
0
917
37
0
5
0
1
168
568
0
0
105
0
508
0
482
4
1971
686
4
0
9
440
0
21
27
0
168
162
3
350
41
0
0
2
0
50
36
396
0
9
0
6
130
0
3747
6
0
0
28
0
2
2
0
106
426
9
815
90
1206
24
70
123
659
1055
4
0
9
5
21
55
0
375
0
0
0
0
2
0
1
1
0
0
8
0
0
3
218
80
0
0
0
11
3
52
6
320
7
0
0
232
10
2328
6
102
15
358
0
85
245
1
33
31
160
0
211
109
823
0
202
151
0
0
0
17
109
14
111
44
4
6
168
154
1
1203
775
229
2
0
417
6
0
274
0
41
0
35
0
0
0
0
22
14
10
2
888
416
7
0
590
7
0
142
164
0
0
0
26
3
8
12
0
3365
202
1
32
73
5
0
0
53
15
603
339
8
13
97
8
55
0
0
17
4
1
0
26
2
0
0
64
13
0
47
0
36
0
141
184
0
5
14
5
868
33
0
0
130
3
0
9
42
921
129
0
0
595
0
0
0
0
316
574
24
0
158
0
0
19
34
14
28
0
573
200
202
0
0
11
15
1
5
52
92
22
2
0
31
0
0
3409
0
0
21
23
602
29
7
0
0
5843
1423
160
196
0
7
0
0
44
0
1
143
141
678
911
0
1012
5
477
0
0
0
0
61
0
0
0
0
0
48
0
96
1
219
1
12
0
47
2
151
4
82
0
0
0
707
216
0
0
0
0
0
21
25
1
93
0
165
5
265
183
11
0
0
0
0
4
37
0
171
879
0
0
0
2261
5
0
7
14
100
8
21
5
1
67
0
4
144
2
0
9
0
57
1248
0
35
271
7
1
0
93
0
0
3
47
0
0
74
0
12
0
0
230
0
18
0
0
0
4
0
945
0
0
0
0
815
0
179
7
0
50
165
0
3
239
0
19
10
0
248
0
0
95
0
1
4
20
0
4
0
3185
2
6
3
0
28
0
207
31
6
8
69
7
14
64
27
0
0
0
0
712
129
0
0
1
0
104
78
52
31
0
37
267
1347
0
0
0
359
19
0
554
830
0
0
125
23
0
0
7
1141
20
17
160
9
0
42
0
0
2
0
0
5
26
12
16
0
534
431
328
20
0
105
7
2439
0
10
0
2
225
17
1072
66
0
6
26
381
0
0
324
1
22
0
3
50
213
8
83
3
0
78
358
0
0
738
7
922
0
0
0
0
92
6
242
0
26
1
0
0
0
1658
721
0
97
294
3
59
807
617
47
68
18
0
0
0
0
188
0
28
97
198
11
366
85
200
0
0
0
0
0
14
23
59
0
0
138
0
144
112
0
695
0
0
199
156
2
1300
1655
4
11
16
155
2
477
0
0
0
598
0
0
50
0
0
882
0
18
37
0
1023
0
0
0
447
57
420
435
328
4
555
129
0
249
26
0
182
151
19
113
0
0
15
0
4
915
11
14
1
0
2
0
0
208
13
0
31
65
71
22
934
36
0
0
0
1409
262
34
6
4289
0
0
70
0
0
0
104
2
25
0
20
10
1
9
337
4
91
218
11
0
0
11
1
4
133
203
0
1114
3
0
0
10
10
0
3
45
720
0
18
17
20
0
0
0
97
4
79
30
2
0
128
0
53
421
0
0
176
337
13
0
2138
60
11
0
68
0
446
0
0
0
0
1823
0
0
0
0
249
0
9
14
0
0
23
6
137
58
0
407
52
12
0
19
27
0
73
2
0
114
0
1
0
355
0
37
26
4
313
137
129
255
3
20
287
0
0
1572
1
36
0
0
0
465
13
0
93
0
66
43
1
274
0
28
155
65
191
0
564
0
0
254
0
0
0
756
52
0
75
55
0
0
0
893
0
149
0
0
0
0
21
0
0
67
0
67
158
0
26
0
0
81
33
659
120
1
0
0
83
23
46
0
69
46
0
0
22
0
0
0
1
12
0
11
45
0
0
0
0
1273
1
1
16
9
0
0
0
252
134
2967
0
0
46
12
10
15
453
71
0
44
102
58
4
0
22
0
11
60
218
0
0
22
0
0
0
23
2
0
0
0
21
0
0
3
9
10
54
62
0
20
145
11
0
0
283
22
0
93
0
0
194
0
0
145
0
1969
4
50
1
10
10
0
1
0
5
0
4
0
0
4
4961
9
118
0
0
0
11
113
74
3603
3
10
28
2
0
189
54
0
1666
0
157
11
0
54
0
0
158
0
0
0
0
8
188
3
1594
0
0
1054
14
0
2001
0
0
240
143
7
0
0
771
0
603
1055
3
2
0
1297
181
97
0
35
57
0
0
1
0
105
6635
656
0
1448
0
71
284
0
0
63
0
158
160
24
0
182
67
277
42
14
643
197
0
0
216
384
0
50
0
0
0
102
34
59
22
62
3
29
0
2
15
0
0
0
0
79
0
671
0
193
0
36
0
30
2963
0
159
1
17
4
0
18
38
1
3
32
288
0
0
0
0
0
172
0
2
0
0
41
61
30
14
1196
0
0
0
0
0
0
174
0
4
0
26
2
183
0
0
0
6
0
28
72
0
0
0
138
243
0
0
0
0
4
0
1
52
77
0
42
8
695
44
0
17
0
0
470
0
0
19
0
3
0
72
2
10
0
1
0
66
73
55
5
1
0
0
32
0
248
0
46
26
103
619
2
3
0
0
5
0
0
0
0
0
103
58
0
2
0
165
0
34
0
74
258
0
3
28
9
1
1
12
0
0
0
2
3
2
19
0
61
0
0
442
82
41
30
13
0
638
69
0
106
24
371
191
52
0
0
1
17
0
0
1506
9
0
173
0
1
0
151
56
0
0
61
0
0
0
30
0
0
9
69
0
0
3
0
0
2
199
0
658
10
0
26
548
0
6
14
60
0
22
0
2
0
0
117
74
4
0
598
5
0
0
0
0
0
0
0
109
8
0
0
0
1
4
144
0
0
0
14
0
0
41
515
15
0
3
0
2
0
0
10
12
36
0
12
52
12
0
0
160
74
5
0
0
0
0
0
12
0
2
0
98
0
0
0
1226
0
101
10
7
25
0
0
0
0
138
217
1
0
0
0
10
89
0
33
5
31
452
6
150
3
2
28
561
1867
0
0
2
24
154
7
10
0
1833
0
1
0
3
75
0
18
0
0
218
0
112
31
0
0
7
0
738
5
23
715
75
0
0
19
0
13
24
99
0
0
15
0
705
16
0
0
11
0
7
0
0
6
15
185
0
0
23
3
0
53
0
5
198
0
0
2
240
4047
0
0
0
0
21
4
37
0
86
193
6
787
1
0
0
5
382
76
18
80
55
2185
546
0
0
5
0
29
126
0
0
8
0
343
0
330
0
28
0
0
0
461
62
0
35
200
13
0
1092
53
52
0
327
11
13
0
0
9
8
1
0
1238
16
3
0
10
4
10
126
2
0
2
1
316
228
18
0
0
22
6
147
0
9
0
17
157
0
3
0
0
10
0
5
0
1124
3
67
0
9
7
0
0
0
7
101
135
0
0
0
11
0
205
118
0
362
193
4
0
3
2
8
0
12
23
0
0
0
2273
3
0
386
0
0
131
0
1
13
123
30
0
293
9
167
0
12
0
3
27
153
0
0
0
0
0
66
0
20
5
2
24
88
7
0
0
0
0
9
446
97
0
0
0
218
103
1
77
95
288
96
0
22
23
51
0
2
175
13
1392
0
191
4
0
0
0
0
9
0
7
0
134
8
0
1
0
24
263
1
309
0
70
1270
89
0
2
3
5
2
166
0
0
0
89
0
29
0
36
1
44
0
0
0
539
30
57
0
0
3
386
1
47
0
1
49
92
0
50
0
1200
0
25
1
0
1
3
0
56
572
0
0
0
254
8
37
69
0
0
0
6
0
0
10
82
1455
548
7
0
44
48
41
442
0
2
0
2
0
1055
0
35
0
232
0
49
77
0
0
0
86
311
147
72
14
8
0
14
2731
0
80
28
0
25
13
30
46
0
0
0
1605
6
0
296
53
1
919
0
1
32
0
71
18
395
49
3
301
0
0
0
1
863
0
67
1
144
0
8
0
3
0
1
102
73
0
6
124
0
1
68
957
0
1
130
0
0
0
1
3
0
72
0
368
8
3
0
0
26
2
1
0
223
10
424
364
26
334
1
174
2
405
0
1
631
41
0
0
3
320
0
8
18
119
0
15
0
11
0
144
0
0
11
1
0
61
0
0
2
72
110
0
164
8
0
34
0
1
100
0
67
61
123
0
0
22
891
0
9
0
0
265
32
0
0
738
179
18
0
1
0
9
0
1
274
0
3
0
50
0
12
0
3
0
0
167
0
3
0
946
0
0
19
1
3
5188
3
99
0
0
0
0
39
174
48
0
279
4
198
0
0
112
0
0
95
16
77
0
11
22
990
535
47
0
1873
0
111
84
0
17
0
0
12
234
32
67
187
0
0
1
129
0
0
142
0
0
0
22
27
9
0
829
4
221
0
778
129
4
306
1146
89
0
0
3
0
1
1625
4
109
26
0
0
3
15
24
0
0
38
54
236
284
0
40
0
0
76
32
23
9
0
426
1
593
0
18
0
21
0
81
90
79
0
84
38
3
18
0
0
0
0
59
185
64
0
16
0
45
24
0
0
2
280
0
12
26
0
0
527
0
1015
879
4
0
1085
1
0
87
11
11
339
0
137
0
13
88
0
0
142
4
78
15
0
0
18
2
855
6
0
1
31
188
0
0
0
0
3
153
130
3
0
29
136
237
1
30
263
189
0
0
0
202
87
0
0
96
36
241
0
2
0
25
0
1337
575
0
1
8
2
127
0
0
0
0
0
123
23
0
2
0
0
0
9
453
6
0
7
0
21
0
128
0
0
71
0
12
0
247
8
0
0
47
0
538
537
46
488
117
0
210
0
0
31
0
42
2
0
104
0
0
2
0
2
0
1798
0
0
0
3
2279
0
522
0
27
0
0
83
28
89
62
93
0
236
9
6
0
11
253
84
18
2
0
26
6
0
0
0
344
159
189
37
1227
751
0
10
0
0
0
236
47
0
202
783
334
40
5
9
56
666
5
10
2
454
0
221
0
270
44
48
0
2
1
1
1232
3
63
40
156
41
330
27
67
0
7
0
4
0
0
13
83
112
0
0
178
0
0
0
238
0
5
66
2080
84
0
249
0
0
5
0
177
0
4
0
6
153
0
1
0
15
68
18
28
0
0
0
129
0
44
4
3
0
18
15
0
1
0
55
0
1
0
5194
66
1
0
0
45
67
356
80
788
0
0
972
0
0
889
0
0
0
3
779
202
0
5
1279
113
2
0
0
0
0
9
2162
0
0
10
4
0
486
0
0
0
1245
46
374
0
187
0
766
0
11
11
0
0
0
16
0
0
0
0
208
6
0
963
0
0
3
16
1
0
743
0
0
0
0
38
0
0
92
247
0
75
8
4
18
135
1331
33
0
0
2899
65
0
921
2646
0
420
759
7
0
0
0
0
15
120
0
0
0
4
0
2
0
0
0
4
16
37
0
0
101
0
847
15
0
36
1
39
47
0
1
598
2
0
3
0
1
4
0
28
238
353
0
13
164
108
48
5937
128
40
66
1007
790
0
17
2
0
63
0
3
52
0
899
1491
0
3
4
46
190
48
146
301
13
0
0
0
1312
112
0
2
50
1
0
8
918
25
63
6
0
0
166
0
11
403
83
1
37
0
0
26
243
0
1
107
893
0
8
644
292
0
2
2811
2
0
90
0
1
0
0
8
4
0
0
252
72
121
0
509
167
0
0
10
183
150
0
43
0
0
17
0
642
78
319
15
0
1
0
0
23
0
0
0
233
1302
444
841
0
34
11
0
173
0
17
0
3
40
511
118
3
0
203
17
324
0
4
30
0
0
0
0
0
592
64
25
0
0
1405
0
0
0
99
0
72
439
0
6
58
0
0
167
0
31
0
0
0
10
0
24
169
0
247
0
0
0
15
0
88
2
656
0
64
580
3
0
0
68
0
12
571
30
0
0
0
0
92
13
69
32
1
1
5306
87
0
5
0
0
1540
0
2
7
192
0
21
11
86
3
0
0
334
0
0
4
6
0
109
0
27
0
442
31
0
1123
73
0
485
0
21
0
0
405
0
0
3284
31
0
0
0
119
159
0
16
5
0
708
0
194
13
6
0
6
0
0
5
0
0
159
0
0
24
0
10
0
0
305
1
0
0
0
13
2
0
0
0
0
0
0
1
2
2
68
4
51
98
0
0
80
0
92
0
0
0
45
0
5
0
0
316
5
40
56
5
4
16
0
255
0
0
213
0
476
0
741
965
0
7
13
0
0
64
1
102
7
0
4
112
1
550
0
0
19
14
296
31
795
209
0
65
0
170
167
0
3
142
11
18
0
427
1
0
44
14
606
39
418
0
3333
52
583
0
0
302
0
88
78
19
0
0
0
24
29
30
0
0
1
165
0
0
0
316
0
0
0
0
360
277
172
176
81
4
4
0
29
0
0
0
9
0
16
496
0
156
0
0
0
815
0
8
0
315
0
225
0
9
15
266
0
2
0
11
1
20
13
54
0
227
0
108
0
0
0
0
33
0
134
0
85
0
40
0
0
0
0
0
2
0
0
294
30
54
0
0
150
34
0
8
3
0
0
61
67
266
503
0
67
0
452
3
115
0
7
1188
45
10
181
3
268
8
0
229
1195
8
1301
3
270
15
0
12
0
7
26
0
2
10117
0
470
0
74
0
143
0
149
297
196
0
47
489
0
414
0
0
0
75
0
0
0
12
0
0
77
0
33
0
1360
4
0
26
0
5
105
0
0
443
2
58
0
39
11
0
875
0
0
161
231
0
510
0
1
1
0
46
1487
792
0
0
0
0
85
0
0
1
454
381
18
3
32
0
12
8
0
109
0
272
327
0
0
0
104
296
3
0
0
0
52
0
24
3
0
0
0
0
1
48
0
0
17
28
7
0
0
0
0
3
0
249
0
0
0
0
24
49
221
2204
80
4
234
0
1
0
0
0
3
0
0
33
0
38
0
0
0
0
0
0
2
0
7
0
137
2
3
1
4
18
7
6
4
569
379
167
9
15
46
0
2
10
0
118
4
5
0
0
17
1
0
56
0
0
784
0
0
0
0
1
21
0
1227
56
29
808
1
0
129
0
701
6
0
0
0
0
43
37
0
114
241
232
654
0
0
0
0
0
18
101
0
290
253
4
34
0
68
1428
1
35
14
32
9
43
212
22
159
3423
801
0
0
0
69
0
0
3
100
2592
9
0
3
1764
0
0
0
2
3
109
295
206
1116
270
1
0
18
0
811
0
0
68
355
0
3
5
187
872
0
452
372
0
512
2
0
8
480
103
206
113
0
543
50
157
0
93
225
875
0
0
8
0
6
0
0
239
5
0
3
49
977
0
6
217
74
6
2
0
127
5
5
0
0
0
50
275
1
0
4
0
0
0
0
0
68
92
185
157
301
0
123
0
0
30
462
127
72
2
191
10
0
4
28
342
0
794
18
0
174
0
0
58
0
1
0
0
0
0
55
0
7
0
10
0
0
478
1
1998
0
0
7
0
35
0
0
0
718
1
3
0
3
0
0
286
0
0
0
0
86
4
0
4
81
0
0
368
0
21
0
90
0
0
0
27
143
41
296
373
0
0
258
0
0
0
351
4
0
327
0
44
0
0
0
0
127
140
177
1537
0
4
5
16
128
20
25
0
16
44
0
50
0
65
3
359
0
0
91
0
0
27
0
87
454
0
80
0
0
294
0
536
3
17
225
0
1582
1031
1
0
17
0
0
0
1
822
0
181
2999
165
35
22
95
4
13
0
14
16
1
0
0
70
114
92
57
0
378
462
9
37
2
3667
4
0
2
242
0
127
69
324
1
8
9
105
390
0
4
959
5
13
0
3
1150
1
0
475
8
267
216
0
149
0
40
130
606
17
0
11
409
0
0
6
0
2
0
425
0
1510
2
0
298
0
0
30
8
91
51
117
608
0
0
38
77
0
0
0
19
0
48
16
0
0
91
0
1
31
0
416
1073
0
146
2
35
0
5
0
18
1
22
0
1
0
0
57
0
458
0
6
4
499
0
0
4
0
121
5
588
0
60
67
78
0
0
0
7
10
0
0
0
67
0
19
0
3
136
0
1
36
28
0
2
3
0
82
5
4
105
0
788
86
299
0
1
235
12
20
113
0
788
45
0
0
84
12
0
176
52
89
20
0
0
3
625
219
43
12
2155
16
0
64
32
26
0
45
14
770
304
75
1834
642
0
109
23
2
515
72
0
0
0
72
222
0
0
268
152
0
167
0
599
0
0
10
0
0
241
51
1493
0
126
0
46
1
44
0
0
22
602
60
12
50
266
41
7
0
0
24
7
0
61
0
161
877
0
97
0
43
0
887
869
157
16
171
0
194
0
70
0
2
1
6
0
7
15
30
7
642
28
0
0
211
112
41
0
0
0
28
506
0
30
0
30
0
997
104
23
0
0
0
0
24
51
0
58
96
129
0
2
0
3225
0
24
378
0
202
0
57
0
12
0
100
0
82
0
143
23
468
60
0
0
0
605
0
3
1500
0
17
2
0
0
3
12
0
16
30
30
3
0
22
0
18
0
0
32
4
0
105
27
328
613
7
0
0
11
19
0
1017
219
2
81
148
6
0
9
30
0
2
20
375
11
349
0
64
835
60
0
11
192
176
861
0
8
0
150
115
0
95
99
214
5
0
17
0
26
0
0
3
2
0
2
374
277
115
3
419
10
119
0
397
210
0
8
0
43
148
207
214
0
0
30
270
230
0
0
155
24
0
0
0
0
824
0
0
21
3894
0
0
0
7
42
0
945
1
4
0
46
91
33
0
133
203
0
0
500
0
19
0
111
0
2
0
1
63
0
0
39
3
0
36
0
3
259
0
23
0
19
0
0
342
0
6
470
389
5
0
0
32
51
0
22
958
0
211
96
48
470
0
356
23
0
3970
35
37
0
2
0
0
141
1
4
124
38
0
30
0
0
0
99
12
18
49
44
374
523
3781
221
18
2093
0
5
0
595
16
2
1
586
0
31
119
3
74
31
0
0
61
76
0
0
0
375
0
11
113
2387
2
0
3
0
0
0
7
35
0
3
473
141
0
0
2
0
20
2
59
0
0
705
370
0
0
659
139
0
1
13
0
0
198
0
0
76
0
13
0
152
303
500
5
0
0
0
10
46
0
0
296
0
280
0
0
0
0
0
3
0
2
0
106
8
394
194
2
0
1643
19
0
0
21
0
3
0
7
274
15
5
2
9
0
1
2345
432
0
205
272
0
138
0
153
21
147
72
88
0
92
8
0
0
0
135
0
0
19
198
0
9
0
63
650
6
4
0
0
14
0
0
0
2
0
122
0
0
116
286
0
0
0
0
19
0
4090
246
0
156
124
20
0
4
23
80
14
0
0
326
35
0
0
8
0
0
0
0
201
6
3
105
0
4
22
0
0
0
0
56
62
46
0
0
0
0
311
2
1
412
127
0
2
0
89
16
0
0
168
1
127
16
0
5
0
0
319
0
0
0
0
3
1614
0
0
3
0
0
0
24
296
3
232
29
7
7
74
1
0
179
217
0
48
0
132
855
9
623
0
36
18
0
0
0
79
0
471
0
0
708
0
1
0
0
198
159
0
0
0
0
12
0
26
0
200
169
34
14
280
0
275
0
0
2321
0
15
0
4
0
38
33
584
0
0
226
0
11
0
14
1
0
0
2
0
0
0
7
28
1
52
3
158
48
313
0
71
28
0
18
0
0
378
0
0
315
0
0
2
0
16
0
0
1
4
0
42
0
39
4
106
12
58
0
45
1
0
4
0
1
3
174
1070
0
0
0
21
7
0
4
2
0
76
79
0
107
0
1
173
0
836
0
63
2
53
0
0
0
130
15
0
0
0
0
0
0
0
0
13
6
0
2
36
0
34
5
75
0
0
1
0
0
9
544
0
452
236
0
0
0
0
1321
38
34
54
1
3
278
2043
0
0
3
0
0
38
3
0
7167
1
19
0
715
0
2847
33
627
481
4
49
86
15
189
0
0
39
75
110
776
67
0
11
2
3
2970
0
1
0
102
0
0
11
0
0
1
0
1
1
0
2
0
0
3
0
40
70
0
277
431
1574
86
15
0
251
17
0
28
3
0
0
0
0
0
90
0
13
0
18
0
32
0
0
43
67
0
0
4
0
0
2
0
7
37
93
801
0
193
246
15
0
56
1
0
0
18
0
275
23
26
0
0
0
10
37
0
0
16
471
0
19
0
84
146
0
139
36
57
88
2
1
9
0
0
0
0
0
21
0
0
0
59
25
0
0
10
0
0
807
0
0
141
31
0
57
0
110
610
1
21
228
971
324
0
50
0
0
0
34
5
80
589
0
0
15
571
0
0
0
0
0
25
0
0
1610
5
2
14
194
0
1
4
7
118
0
7
626
155
256
102
0
122
0
0
2
19
91
37
2
0
34
4787
659
3
0
185
25
52
3
0
1281
0
46
0
3930
8
0
81
365
47
6
755
0
17
721
0
0
0
51
0
0
85
6
0
0
26
5
0
3
0
38
91
374
105
4
0
0
0
0
41
1506
4
0
0
31
47
0
23
182
7
0
6
0
0
0
3
8
0
641
0
0
1
0
39
2
0
457
1
2
0
0
0
1
0
0
0
0
80
257
33
231
5
82
0
86
102
4
81
0
98
407
0
0
0
15
744
13
6
0
319
150
1127
0
0
0
0
0
7
271
0
0
15
0
313
1
243
0
41
0
32
47
0
0
92
2
9
10
0
21
3
28
263
0
800
9
1516
5
0
138
0
65
0
0
38
3
0
437
23
0
149
18
2
1562
2
0
0
420
3
0
22
46
0
60
60
0
0
1015
0
188
2
36
9
4
24
159
170
127
0
206
8
541
175
175
4
0
30
24
312
0
0
0
1966
0
67
0
4
11
478
0
50
0
152
0
494
0
214
0
21
29
17
0
3930
0
4
5
3413
0
0
1
0
0
0
0
0
163
16
0
0
41
1
39
156
0
69
632
75
0
36
135
40
0
0
0
64
2499
11
9
1315
0
0
43
0
0
0
4
832
0
0
11
0
0
17
36
0
43
0
0
20
134
686
31
0
372
535
0
210
24
0
25
954
173
0
0
62
16
1114
11
0
183
0
821
78
0
20
8
0
5431
30
4
36
0
1
0
0
23
5
244
0
0
273
0
24
0
0
46
296
0
4
205
18
0
0
0
0
1
295
212
0
1113
3
15
6
0
0
113
13
15
142
0
344
53
1020
349
0
0
0
4
105
198
36
88
0
240
0
0
32
19
118
0
0
42
0
0
55
4
0
0
10
0
0
160
0
0
0
0
7
18
63
0
2
0
1
108
0
233
0
92
14
2
197
0
0
280
0
7
0
0
0
1972
0
15
0
0
14
200
0
122
0
2
0
1
0
0
4
0
0
1
0
13
0
5
0
30
0
0
24
72
0
2
480
0
2696
83
0
1
0
458
0
115
158
0
0
0
19
0
0
0
0
0
21
0
0
0
0
0
0
81
0
1
2
0
877
0
93
0
277
209
0
0
0
127
3524
474
0
0
21
15
33
0
20
4
0
9
56
0
17
1
162
108
238
0
44
5
0
0
0
572
0
10
0
0
4
0
0
0
14
66
20
35
34
16
174
0
66
0
120
13
67
0
0
3
108
0
0
468
0
0
0
15
257
51
0
0
2
857
43
3
2
274
40
0
237
40
84
9
12
393
25
0
0
1
61
0
97
23
0
2
9
187
2
12
2
46
8
0
0
0
174
68
720
0
27
0
25
0
0
0
1643
0
259
4173
281
0
0
93
1327
0
5
10
0
39
0
255
1631
9
385
0
1016
173
3
162
8
180
48
20
8
3
0
7
5
0
34
0
0
0
6
170
82
72
4
367
123
424
6
0
57
10
17
8
289
0
0
29
313
7
0
0
15
584
0
0
5
0
0
50
0
0
1
0
0
0
0
0
0
0
143
0
0
0
0
3
0
2
82
6
713
0
49
0
0
2
5
84
0
1
955
2
0
0
0
0
39
7
0
853
0
15
215
0
199
26
0
30
15
7
8
0
30
11
0
0
332
204
3
496
437
369
0
18
0
0
0
19
0
0
0
0
0
0
5
0
963
149
0
2133
0
3
0
0
0
80
39
2
44
406
0
0
7
11
23
0
32
6
0
0
0
0
0
0
142
796
763
129
0
26
1265
443
12
0
0
247
8
1
114
83
0
63
13
6
58
0
835
9
1
0
2
0
438
251
56
90
0
8
0
0
46
40
0
5
0
3
148
1
1
3
3
0
2
0
1
8
0
0
46
0
0
0
1
0
2
1
0
66
0
0
0
144
7
10
43
0
0
220
105
8
48
86
0
0
1
0
5
3
1
0
442
0
3
17
4
0
91
0
1
0
8
1
0
0
19
5
0
419
0
15
28
0
9
117
0
0
0
0
0
0
3
52
0
0
18
1
32
5
0
0
0
85
11
3
96
4
0
385
0
2574
145
76
0
0
69
0
118
0
0
5
188
8
378
7
11
0
1
0
0
85
0
0
0
0
7
0
24
0
85
0
0
0
59
15
0
0
20
9
49
7
0
87
66
17
40
278
4
0
0
0
2
0
207
6
100
237
0
0
128
70
0
363
3
51
45
0
0
0
141
0
3
5
8
0
2798
0
120
0
0
0
0
3
0
0
66
0
36
1
15
0
19
0
0
0
27
620
38
0
0
0
8
78
0
40
1926
0
187
28
9
0
0
0
5
0
32
0
5
45
4
74
73
0
22
7
2
0
0
0
61
294
0
0
55
186
0
6
0
630
92
48
0
0
14
0
0
2129
11
253
2
11
1
0
15
59
12
5
2
0
0
0
5
423
12937
0
0
0
30
38
132
0
0
0
2
0
0
9
4
14
43
19
22
11
0
0
498
5
1
34
9
47
45
10
5
0
1
43
65
0
12
31
4
763
0
83
1221
6395
26
174
21
1
106
16
365
0
5
37
0
43
314
51
201
28
0
3
2212
15
0
16
22
0
0
0
0
2
20
0
54
67
0
1
0
4673
0
0
164
171
3
38
0
924
2
0
0
27
0
4
0
10
261
0
0
0
43
0
3335
0
3
528
0
76
66
0
1202
350
0
5
3
0
0
43
0
137
27
20
118
0
302
0
0
15
0
0
14
0
71
191
0
32
666
0
6
0
122
0
0
13
32
0
51
0
0
3
0
77
0
0
4
0
0
474
162
1
66
0
468
830
234
0
0
0
42
38
0
4
18
0
16
1
0
4
7
1
7
0
0
53
0
0
0
72
18
0
62
111
23
0
3
0
0
22
7
2
0
17
0
26
2
0
0
11
95
0
0
29
5
42
16
244
0
4
0
0
298
82
40
24
0
613
38
26
293
60
0
0
3
24
89
16
21
0
1
3934
1817
0
0
52
9
48
34
0
1
0
0
1
0
75
1
0
1
0
2
0
0
230
1
180
23
15
174
2
0
0
296
0
0
26
0
64
3
4
0
26
0
0
0
301
144
0
167
0
184
0
191
120
7
0
0
3
0
0
20
0
0
43
0
3
3
0
0
0
0
0
0
0
12
4
0
322
289
62
0
0
82
0
16
2
0
78
108
20
0
202
0
207
0
223
60
7
109
0
52
0
0
54
36
7
6
219
881
0
302
19
0
0
0
952
214
0
25
0
8
0
0
0
3
1502
0
0
189
0
121
0
62
0
6
0
90
0
1060
0
1
2
62
3
240
240
0
350
0
0
14
36
6
0
1162
0
0
16
81
74
11
623
143
283
1163
1212
34
0
15
4
58
14
0
2
0
82
0
51
0
0
0
5
99
0
0
0
0
0
0
14
1323
163
2
67
5
0
55
1013
73
34
1
15
38
8
0
0
19
779
10
0
0
0
4
0
266
0
0
77
3
25
475
6
0
264
824
0
1179
6
27
1
48
0
295
39
0
15
57
8
184
0
9
0
0
0
215
1
0
220
121
0
1380
1
35
0
176
105
0
334
82
2
0
880
0
75
2
93
0
0
2
11
10
338
243
24
776
19
317
15
0
803
492
0
0
0
8
52
1380
0
256
53
0
3
11
0
1
443
0
36
0
0
3
115
0
15
0
247
0
17
1
148
0
0
3
0
2
4
32
25
0
318
1008
0
33
350
0
265
0
0
0
0
0
71
32
59
2300
60
0
78
21
308
0
3
0
0
0
97
1450
45
0
11
234
156
0
64
0
31
8
2
91
0
42
5800
0
0
0
4
0
820
0
0
0
5
1
0
0
0
547
0
31
76
0
82
0
9
27
4667
7
7
0
0
87
0
0
525
0
0
406
3
23
0
5
0
0
279
122
0
1
0
270
50
0
0
15
10
509
0
0
0
0
0
0
0
89
0
0
0
1656
1419
0
11
9
0
79
0
191
18
180
7
0
47
173
0
834
272
0
82
0
0
3706
15
0
163
0
0
11
0
512
1
256
3308
0
0
0
0
2
0
38
0
100
5041
290
0
10
0
0
0
0
42
0
32
2
134
216
1108
908
0
0
172
0
12
0
372
1255
1
23
0
0
66
0
13
0
9
0
84
34
0
87
5
3
0
0
91
0
0
0
13
0
0
1
497
0
63
24
0
16
45
0
0
2
0
1170
9
169
16
0
0
0
0
0
1206
248
513
62
0
4
1912
695
0
0
886
0
0
0
11
0
0
0
112
143
83
115
0
202
3
0
11
14
496
80
47
26
0
0
0
3
49
0
146
26
0
14
0
5
0
0
0
1637
0
19
187
28
27
0
0
253
148
25
0
0
0
0
0
159
116
1
0
23
0
0
9
1
345
116
0
0
107
913
68
10
26
0
0
30
0
7
3
2
75
2
0
16
22
0
207
0
46
29
72
174
0
0
18
103
287
13
0
0
2
0
840
605
3343
0
0
3
50
32
24
0
0
1486
0
0
4
0
0
0
0
0
0
18
0
0
0
128
0
12
10
0
48
0
429
1264
0
0
0
0
7
0
1
0
100
718
57
2
0
0
98
0
27
797
141
473
0
13
10
0
2
4
0
0
0
0
8
0
71
0
5
103
0
48
81
0
0
0
0
5
0
0
1
262
1
0
1
0
0
0
0
0
31
29
165
787
0
1
193
825
0
4
21
0
614
4
4
13
95
0
84
2
15
0
252
10
0
0
4
0
1
44
180
7
84
95
535
0
0
39
173
26
1
18
1546
0
133
0
212
1097
88
1
22
32
0
0
1817
348
5
0
315
4
122
0
0
5
0
0
0
617
44
255
605
16
58
475
0
46
70
146
0
0
156
0
26
0
4
4156
0
50
34
0
81
51
3
1
1
60
0
414
0
40
0
231
265
228
0
46
0
6
0
0
12
0
806
14
0
0
0
0
0
47
0
160
0
0
0
1
0
0
0
14
0
44
3
146
77
4
184
11
111
134
0
75
55
0
322
81
119
0
1564
0
143
0
38
44
0
0
341
3
887
117
132
43
15
0
0
0
0
0
37
0
0
13
47
0
1241
179
0
0
561
0
0
0
11
0
0
0
1
0
0
3
0
14
0
135
19
171
0
0
0
5
315
0
13
0
201
0
275
14
3
0
536
0
0
13
0
0
0
35
0
52
2
302
1352
0
416
0
30
0
4
0
79
989
93
69
131
170
143
18
111
0
88
0
329
0
702
41
0
92
0
286
248
0
209
0
96
0
0
973
145
94
0
50
11
0
190
69
0
0
0
0
0
88
0
95
0
201
101
0
0
495
376
0
0
406
3
13
2
48
0
0
161
91
134
4022
409
108
51
0
0
3
0
10
2
102
0
46
81
128
397
0
12
126
36
0
17
21
0
0
210
151
0
53
216
0
0
0
2
2
18
0
0
16
172
48
0
802
1590
975
15
428
1038
0
141
6
50
597
32
32
100
48
0
157
2
0
39
144
0
0
0
134
82
2
2
3
676
4
2520
109
35
62
43
3
0
645
572
83
8
1
3
39
105
0
102
9
0
46
315
4
87
66
0
0
0
59
351
391
112
0
0
538
0
0
0
0
0
9
2001
0
2
0
0
11
29
0
0
228
0
0
0
779
15
0
3
90
57
694
196
0
0
0
0
28
53
0
0
0
0
0
0
59
0
0
124
0
0
3
63
0
11
0
4
0
0
141
0
5
0
47
0
285
45
0
49
0
2
84
25
1013
58
136
0
124
75
0
0
0
43
19
24
0
385
100
0
87
14
0
0
86
0
55
1181
0
0
0
0
1
0
8
8210
11
0
166
0
109
5
2
0
0
14
3
0
0
0
149
25
16
0
107
36
28
0
1050
0
2
0
99
24
1604
421
0
0
0
1
18
3644
0
0
8
2526
83
0
0
6
0
0
0
3
246
189
0
18
0
0
61
0
26
0
0
23
140
0
20
46
23
5
556
64
0
278
84
0
0
195
0
1
0
135
0
511
0
0
0
1
12
0
0
325
0
0
1028
21
0
0
115
0
0
0
0
0
11
0
47
0
0
47
1581
0
0
417
0
0
3653
17
214
203
1
0
2
0
4
157
0
237
230
0
77
15
1
89
1276
1303
0
0
9
1
1
22
9
73
0
0
0
0
1332
192
62
311
22
0
345
243
0
1
0
14
0
0
258
0
34
3
16
0
136
0
0
9
0
7
0
0
0
49
3
0
50
1
12
0
0
1630
23
0
36
0
0
0
48
0
0
3
0
0
0
0
2
0
393
217
309
12
11
116
2
0
0
0
11
0
16
172
10
2
0
13
331
33
0
401
20
4
352
91
0
321
33
0
2
0
6
0
0
23
79
0
51
2
22
0
25
0
19
3
0
0
0
103
3
54
700
492
9
0
0
0
0
26
17
0
647
979
20
0
0
37
20
8
0
0
1202
6
0
382
62
0
132
0
0
47
2
90
223
0
0
33
0
0
0
0
0
0
143
0
0
11
74
0
8
10
0
121
0
214
2
0
12
52
125
13
0
3
242
41
1255
19
511
0
607
0
500
20
0
40
0
37
6
1546
923
0
2
57
34
0
0
1727
1
0
132
10
37
0
7
0
0
0
57
0
0
24
148
375
0
0
36
143
135
5
79
0
0
0
1
0
0
0
9
95
5
0
0
4
21
0
0
0
0
492
0
0
16
72
485
9
34
29
104
0
56
43
107
8
2
49
330
91
2
44
0
52
520
42
287
0
0
14
0
7
139
31
0
9587
77
0
3239
137
0
0
45
239
0
384
0
0
0
173
0
0
0
0
216
0
2
0
10
0
110
3
0
0
190
0
0
202
11
60
0
15
0
0
14
0
11
0
177
0
0
70
0
13
10
0
12
0
13
93
0
0
0
111
1
469
51
44
339
162
20
0
4
0
0
27
0
0
2
7
110
0
10
780
0
0
105
3
754
1
182
0
144
513
16
0
0
1
56
1275
0
0
0
0
0
0
0
0
0
0
97
101
18
4
23
26
92
204
0
1016
299
0
12
162
393
0
22
13
84
1343
0
6
0
0
0
0
152
0
43
0
0
5
40
0
9
4
0
25
3
0
88
0
0
0
0
4
9
0
0
62
1
475
200
1
0
387
22
0
29
1
39
0
0
1
1
0
0
0
26
0
1
0
1842
419
0
0
808
0
19
138
618
18
0
2
77
0
0
0
0
2
117
423
6
141
11
65
59
0
1120
26
8
13
2
0
2
0
26
2182
8
85
2119
1
0
5
0
0
1356
48
1
0
1
1242
0
215
0
158
341
44
252
0
0
112
0
47
0
3
5
1268
0
1
115
29
2
52
0
131
0
0
25
0
41
0
12
813
1465
38
0
0
189
15
0
230
20
14
0
0
0
0
0
1
636
0
120
9
0
308
41
0
0
0
465
2
21
53
318
10
0
0
15
0
411
0
4
0
384
1
0
12
0
309
0
406
0
0
124
0
0
0
0
0
1293
0
0
0
1
64
0
18
0
0
0
3
46
9
0
4
0
0
0
504
324
0
3
3
0
72
0
3
0
0
234
148
666
9
4
86
0
0
40
2
121
126
0
2
192
33
70
38
850
3
1403
0
446
176
4
0
0
8
2
25
23
188
147
0
102
0
4338
0
0
0
20
15
18
115
0
0
0
8
0
222
103
0
0
0
0
0
626
565
58
16
1977
0
0
0
147
7
0
17
37
189
0
32
60
7
0
0
0
0
548
432
171
41
1962
0
5
75
261
34
0
0
41
943
38
1
0
0
6
0
4
549
0
518
0
3
9
982
0
91
0
0
9
18
168
0
1
21
0
3729
0
12
135
0
0
107
34
3
10
0
38
0
5
8
4
0
8
1
0
0
0
6
13
0
0
89
0
218
4
0
0
466
0
0
2
307
8
0
0
362
336
3
96
391
37
0
0
42
54
0
25
460
0
0
1
482
0
1
2
0
3
0
6
3213
49
64
39
252
12
0
0
0
3
0
683
1
47
0
170
3
0
92
0
111
0
49
16
0
0
0
0
0
0
0
0
0
23
0
23
0
2
0
33
54
0
11
17
0
0
0
3
0
0
29
0
26
317
3
4
0
366
0
0
4
0
0
16
0
1
29
150
5
2097
201
121
21
0
88
0
206
0
0
0
806
39
143
0
5
3
2
26
0
0
9
777
1
0
15
36
9
218
0
0
545
95
23
0
2
105
38
0
0
0
1635
100
0
0
10
0
0
0
0
0
696
0
160
1626
285
502
30
0
3
31
50
99
0
0
0
2741
233
632
183
3
0
164
172
103
25
7
0
0
4
221
410
0
0
199
792
0
290
1258
0
0
0
82
0
0
341
81
429
230
51
0
0
29
1025
39
0
21
138
2
0
14
2
122
170
0
0
35
59
0
9
12
1
88
0
4
440
73
18
0
913
0
0
1
46
24
0
0
355
0
131
0
60
651
0
0
39
0
0
635
0
0
3
6
73
0
474
0
93
0
0
0
3
519
5
55
153
360
23
44
8
60
0
0
22
52
43
1
82
21
413
31
59
246
1119
210
0
278
0
228
69
457
90
8
3
0
51
15
87
0
20
662
142
195
0
81
25
5
0
1
0
3
985
0
99
488
34
463
0
25
3
0
0
24
82
4
85
0
1032
2
0
0
0
39
203
0
2
0
84
0
0
1
1161
101
7
29
0
0
0
0
108
14
281
602
0
0
0
66
2
12
0
244
0
0
104
3
0
28
0
4
0
64
118
0
67
261
0
395
2
21
26
277
0
466
0
24
0
0
38
1
1
52
31
347
236
0
0
0
3
0
36
0
599
0
164
0
0
611
8
110
0
0
51
0
27
112
126
37
12
111
1935
0
477
27
0
83
1109
15
5
0
11
2
3
23
317
0
0
0
3
0
1
13
11
7
60
1
15
0
0
3
0
0
0
70
12
0
451
0
0
31
630
0
0
0
18
754
0
164
32
11
0
6
0
1184
0
0
0
0
142
0
510
0
6
19
5
3444
4
0
70
59
0
0
0
0
247
221
72
143
1
0
0
27
36
1
0
0
0
0
0
41
1
0
0
52
0
14
0
5
7
0
0
130
6
16
6
0
2833
137
41
2
196
144
2
594
14
1359
0
0
931
868
485
335
31
0
0
0
10
0
1062
0
0
0
113
0
0
6
8
0
0
0
20
0
4
0
0
63
0
6
793
0
0
0
0
0
0
319
8
1
129
82
35
0
0
1
0
273
3
608
0
0
0
0
0
0
0
280
27
0
0
135
27
704
0
44
934
95
0
0
148
3
47
0
6
7
0
0
299
87
0
40
49
1582
63
0
212
0
0
14
17
0
9
0
2
0
1
0
0
135
123
4
1
0
112
140
778
0
0
0
35
0
0
0
0
4
33
0
0
14
9
296
2
9
0
0
351
29
1
1
920
0
0
299
0
50
0
0
27
28
0
0
0
0
12
249
0
3
0
9
2
6
0
16
352
604
0
0
0
3
0
0
137
2
0
0
99
0
2
3
8
0
13
0
0
7
0
0
0
0
13
0
0
0
6
14
70
1
0
0
0
0
12
2
0
280
0
0
0
261
0
0
320
4
6
16
0
0
15
0
35
46
1
0
423
19
48
0
0
132
2
115
29
0
0
58
824
0
28
4
5
281
0
47
41
0
6
0
12
0
57
193
1248
0
0
0
6
0
0
0
11
44
0
91
0
13
0
0
0
0
0
0
4
716
0
381
61
0
0
0
27
3
0
107
4
0
0
1
2
3
935
384
3
44
1
3
167
2
3
0
139
0
1
20
0
8
0
0
0
26
0
0
0
6
0
44
4
0
9
26
43
0
48
7
0
0
0
0
3
0
0
0
0
49
0
187
2
44
111
0
0
0
0
0
12
0
0
0
25
15
0
1127
86
0
0
0
73
23
0
13
153
11
60
412
3
0
0
159
0
41
0
21
0
0
0
0
28
154
95
118
23
0
2
0
0
792
0
126
0
0
1
111
28
0
2563
405
6612
155
31
57
102
457
1533
0
9
0
9
3
0
0
4
0
0
98
54
235
0
54
24
11
241
159
3
0
618
0
26
0
174
0
1361
7
0
58
0
0
623
556
7
59
25
2315
12
198
0
0
0
23
24
125
0
0
130
800
0
60
4478
0
84
0
2
0
0
8
0
0
22
6
0
146
1
3
48
12
31
0
0
0
58
52
0
0
0
0
0
13
0
11
892
53
0
0
0
55
1603
0
156
4
320
70
0
19
4
6
21
0
0
1686
0
0
66
0
62
49
0
0
0
11
11
16
77
0
0
382
5
143
0
109
24
0
76
0
2
1
0
0
0
136
1
265
0
49
0
0
85
0
1
0
22
0
190
0
0
0
0
0
0
0
37
0
600
2
81
7
0
8
1
0
4
62
5
5
0
0
0
1
0
2
296
1
0
79
17
71
0
5521
5
0
138
0
76
0
2
16
0
2
65
76
0
0
97
0
0
0
0
0
0
30
171
0
9
0
10
28
0
0
319
8
0
437
0
0
433
38
25
7
4
27
60
0
0
79
0
11
0
0
0
108
13
255
0
0
83
3
10
0
2
11
5
1
0
0
2
0
0
6
0
98
0
0
0
0
399
294
48
0
0
11
0
16
0
33
0
0
79
0
1
68
4
102
458
732
1
340
0
502
46
0
458
145
176
0
0
0
1813
2740
2
107
14
4
34
3
278
0
0
66
2
0
0
0
11
1
0
0
0
0
55
0
251
0
0
54
0
257
12
0
0
0
0
50
2622
131
292
0
306
282
0
1
31
0
0
17
463
0
8
1415
318
204
1739
4
222
240
0
13
0
0
1
0
0
0
64
1
0
0
15
9
0
597
0
3
17
33
9
0
5
19
0
0
0
0
13
450
0
50
131
18
36
0
84
11
1463
0
0
0
17
110
1
5
437
14
4
0
0
83
63
0
0
106
472
0
1272
861
0
145
127
3
359
0
1182
0
0
2
0
613
459
2
0
0
953
464
0
0
112
55
29
14
0
3
3
0
123
244
0
0
0
81
0
44
0
0
112
0
99
1
0
30
383
0
0
0
8
0
32
11
0
43
202
0
327
1
261
0
6757
102
2
366
3
0
12
32
106
123
12
0
137
2060
151
170
3626
0
0
27
0
151
0
9
453
67
0
0
380
196
0
0
2
2
0
42
9
46
1232
16
8
0
34
324
6
311
69
0
13
113
272
0
2711
3120
0
0
586
462
132
0
0
0
11
0
132
2
0
61
140
0
5
4
0
0
6
12
0
0
1824
2372
0
796
523
0
835
60
1
111
0
95
163
6
1332
4
1112
78
40
0
1370
0
0
308
7
739
19
0
146
119
0
77
22
2202
34
360
16
55
0
21
196
117
712
21
152
0
54
0
115
0
0
0
0
1
0
50
0
3
2
19
0
6
18
3
0
15
0
0
8
92
109
6
0
0
360
0
0
845
4
0
0
9
589
0
0
10
12
168
0
0
0
64
0
0
11
1340
15
197
0
0
0
0
0
0
82
10
1
0
3
0
9
34
90
0
26
6
309
10
161
1
3
6
0
1
6
3
0
38
82
0
18
59
0
4
24
0
171
3
40
53
120
3
2
0
106
0
0
2048
0
0
11
19
43
0
921
1669
115
162
45
8
257
1
3
131
115
1064
0
127
0
0
350
2
0
8
44
221
0
14
0
0
2
0
0
16
3245
0
51
59
0
0
2
0
10
0
0
47
931
54
8
4
11
0
16
12
10
2
0
3537
127
89
155
0
61
0
24
195
0
19
0
0
0
0
0
34
67
23
39
522
67
198
19
0
17
354
941
0
0
11
6
2532
302
13
2
0
0
0
34
118
5177
149
3
432
0
1
14
459
65
0
2
0
104
273
0
9
0
0
8
30
35
0
1936
330
8
0
0
0
202
13
0
71
94
0
0
31
637
917
0
4308
42
268
0
670
0
14
0
1407
6
143
0
2
1
6
0
6
0
320
71
1
0
62
0
16
2082
80
0
0
0
0
2180
0
385
0
18
110
0
311
0
97
3185
1
411
15
238
2
22
127
0
0
0
837
566
0
0
0
209
0
0
0
116
16
0
2
0
0
12
5
3
13
8
0
0
841
0
541
27
0
2
0
54
0
0
25
0
0
9
0
60
1
2
35
86
110
0
397
37
0
0
102
0
34
0
0
0
110
0
5
0
0
109
0
0
374
53
0
12
0
12
288
0
186
0
3
0
1
521
0
0
0
753
5
0
29
10
24
0
83
2250
0
0
0
248
94
15
35
0
15
0
42
0
4
1
0
10
82
65
0
0
0
0
0
15
0
0
19
1
0
305
0
25
0
42
8
0
0
0
1
0
53
1
40
0
0
6
13
40
92
0
0
0
2
163
7
14
12
0
0
0
0
13
12
0
1017
27
0
0
271
684
41
0
8
95
58
47
0
25
73
4
0
39
0
0
27
3
0
12
0
458
0
36
0
0
0
0
82
75
45
213
255
0
0
34
464
1
0
3
5
0
2
1483
219
0
348
6
196
0
0
28
4
0
0
0
0
0
0
0
0
0
0
644
33
9
0
0
87
0
3
16
0
177
0
9
48
4
0
13
133
18
167
0
200
5
136
0
3
22
104
75
886
21
0
0
0
0
55
0
0
0
1
1
0
154
0
13
1
12
2
0
8
5
0
0
5
0
17
0
0
28
0
65
0
62
0
241
41
59
147
0
0
48
0
54
0
0
0
166
11
194
167
0
59
437
26
0
3
45
558
0
0
13
0
536
0
1
0
11
39
35
28
6
11
23
0
0
3
72
8
76
0
2
591
0
0
49
12
0
0
130
0
0
0
0
0
91
81
37
0
0
0
0
48
0
492
0
18
55
6
460
55
20
0
0
539
19
352
370
0
0
95
0
7
1
395
565
241
0
0
0
28
8
1
35
10
0
0
2
0
0
0
20
0
284
0
10
125
0
76
1
4
0
122
7
0
9
16
61
2
0
49
0
0
0
0
0
9
0
0
4
2
3943
104
348
0
0
0
0
0
120
0
0
30
605
2
10
3
454
76
24
0
0
113
5
14
10
1497
0
0
16
12
1
315
214
0
0
0
0
192
6
22
364
7
0
32
58
5
0
0
0
13
709
268
0
0
0
86
3
3
0
0
0
3
16
3
36
3
47
0
3
438
57
0
6
4
4
37
16
0
23
32
338
48
340
4
10
0
2
116
2
13
1
0
0
0
0
0
0
10400
387
0
1
0
340
3426
0
1
0
1
499
35
5
1289
53
0
0
1086
5
0
31
1
8
0
366
0
2
4
0
0
0
0
0
0
0
711
0
1
6072
0
0
0
3
0
0
20
0
0
16
0
26
656
0
0
31
136
88
0
194
0
3
2
0
46
0
82
0
0
1
779
0
87
0
0
7
109
10
25
16
109
0
11
46
44
5
0
0
0
6
1
0
75
222
0
0
0
3
0
11
2
0
928
0
0
0
1083
171
113
1
41
0
234
0
5
78
704
1
7
1
6
9
583
0
0
202
0
11
0
0
35
8
0
0
124
13
80
0
0
117
0
31
1
1
227
0
77
382
87
47
0
28
328
9
21
87
1
0
0
68
131
0
131
0
161
162
0
0
55
83
71
0
0
1
69
382
458
37
2218
0
16
0
1143
3
618
305
0
12
0
278
1
0
201
14
13
54
0
45
0
0
0
40
0
0
209
202
319
0
0
1712
16
75
0
104
228
294
514
0
0
0
4054
0
478
0
0
194
1
0
2
0
0
0
11
0
0
7
7657
25
35
0
0
124
2
199
2880
114
0
163
75
462
0
0
4
0
65
0
0
0
207
0
161
135
317
0
202
0
92
0
641
0
0
0
173
444
399
29
788
0
0
3
471
115
0
591
0
565
0
0
13
72
0
3
0
0
0
0
131
13
6
331
0
54
2
0
0
230
0
0
0
0
0
0
0
9
23
0
189
40
5
300
1
0
0
2496
772
17
534
0
0
118
0
103
179
1
109
400
7
360
35
14
0
77
0
0
419
2
0
736
9
0
134
194
7
0
0
4
520
0
107
3
657
294
48
0
0
0
15
3
476
1
226
7
105
18
16
0
784
274
0
647
1
0
1
0
18
25
21
273
251
731
0
578
0
7
0
1
0
53
110
13
817
21
229
433
150
15
112
11
1
6
0
103
0
0
2
0
7
0
232
0
255
446
0
0
10
49
0
115
7
0
4
0
2
0
0
107
42
786
0
23
0
0
2085
4
7
1735
2
51
150
0
29
0
0
3
0
34
262
529
40
141
124
270
0
112
38
0
0
0
64
0
0
224
0
161
27
6587
1
20
598
237
44
0
125
0
0
8
0
232
1172
223
17
90
9
35
5
0
19
20
9
168
207
15
37
26
0
0
7
0
330
68
107
0
6
0
0
0
0
10
0
212
13
40
0
0
0
0
0
49
3
0
19
11
0
551
58
0
0
0
0
179
0
0
885
417
4
71
2
4
573
67
0
0
61
0
0
7
0
2
0
134
444
94
45
0
857
4
0
10
56
0
1167
4
95
0
18
0
5
2
49
3
23
352
23
0
7
0
0
1748
342
105
1
14
0
0
6
57
3318
0
0
0
0
25
10
59
0
0
49
0
191
933
720
0
33
1150
1146
254
21
0
0
8
37
30
5
0
31
9
6
0
22
0
2
0
0
25
0
7
33
0
130
9
330
82
167
24
275
0
4277
36
6995
30
101
2
0
160
0
163
316
1557
42
0
1
16
47
0
0
641
6
110
44
107
213
0
273
0
484
1149
313
73
85
0
4
0
253
565
0
1
5
154
4
226
4
0
42
0
4
0
0
135
127
0
0
28
5
15
257
119
2
0
0
0
45
0
0
726
983
127
297
0
20
96
390
58
255
184
0
22
54
22
0
58
12
40
3
261
32
0
0
2
0
0
4
471
0
880
1208
131
0
459
235
5
3
296
2
0
0
0
0
0
0
1
48
1
2
137
10
0
236
3
0
419
530
728
0
0
0
488
531
269
69
0
614
84
10
162
39
32
0
24
689
39
386
4
0
2
129
136
71
293
16
277
4
0
0
0
23
0
1
0
49
0
4
3
0
0
0
314
0
0
1
19
53
0
25
62
11
0
0
7
239
0
57
70
32
0
0
0
0
114
0
7
6
0
137
16
0
0
7
803
532
717
106
2
0
2
597
0
0
3
145
12
0
14
10
0
0
5
54
23
165
24
5
0
13
4
24
0
106
61
14
0
7
0
119
3
0
0
107
29
0
657
1
0
118
30
6
0
125
1
61
208
81
1036
0
0
0
10
55
288
0
742
0
3016
27
7
146
0
473
0
159
27
311
432
0
575
542
0
0
0
0
0
6
0
360
246
4
54
70
0
4
0
39
6
0
0
567
176
193
453
36
477
885
211
0
2
20
4
82
40
0
1
0
2
6
25
0
2
2280
0
18
35
59
0
0
0
0
24
14
110
2
0
465
0
17
0
1246
103
472
1
167
0
0
0
0
95
0
136
0
12
0
0
27
54
0
4
0
10
2109
0
191
8
0
2
0
0
0
0
0
141
188
2
6
419
5
123
107
108
0
16
0
2595
315
11
136
0
6
0
0
0
9
0
732
5
113
95
18
0
4
0
28
0
11
28
8
1
1
0
0
0
67
0
103
0
0
1
0
429
0
0
0
26
0
0
0
0
4
2
0
1110
87
482
5204
2252
0
8
0
169
0
1
0
73
396
3
688
0
0
0
0
596
10
25
0
651
52
18
754
14
3
163
438
53
18
0
0
3
0
0
0
0
0
1
134
2
0
0
0
0
0
0
34
125
16
144
57
0
0
0
0
0
0
260
398
0
0
0
0
0
0
115
195
0
5
0
0
8
0
0
3
20
0
0
0
0
0
9
10
59
50
0
0
0
0
0
2001
271
0
797
12
1
1
44
189
316
2505
83
88
0
8
0
0
73
0
14
2
0
0
0
0
0
207
13
0
0
0
0
0
0
0
7
86
0
267
75
0
0
0
3
37
20
0
0
828
0
0
0
48
97
590
8
95
6
118
0
0
20
0
0
175
28
0
0
71
13
0
16
0
0
0
33
0
16
11
0
0
0
0
0
0
0
802
69
840
0
0
0
0
0
0
0
0
0
0
0
0
6
0
0
0
0
0
0
0
0
0
0
29
5
297
0
0
0
0
2671
88
168
49
414
188
394
769
92
3632
11951
435
0
20
23
0
0
0
651
252
92
0
0
0
135
0
0
0
70
0
0
30
7
80
50
0
0
0
0
17
3
0
0
17
5317
7
130
0
0
0
0
9
20
0
0
44
0
0
0
0
188
155
0
0
6
0
161
18
6
6
6
0
0
0
0
0
0
0
0
2
139
84
0
0
545
500
238
262
2628
0
0
9
1
0
0
0
0
2
0
0
211
9
0
0
0
7
17
7
0
0
0
0
21
7
0
0
0
345
25
182
29
23
445
0
448
697
9
1
0
0
0
0
0
0
0
63
0
36
0
0
1
0
0
0
0
0
0
0
0
0
364
38
1310
4
2536
4707
424
0
0
11
12
0
144
0
0
0
461
63
0
0
90
917
134
20
0
16
2
187
0
1
3
0
0
0
0
0
0
0
0
0
0
0
0
0
0
0
0
0
26
2
0
4
41
0
2
0
135
0
0
326
0
4930
164
56
19
0
93
0
0
56
9
0
0
0
0
7
0
0
8
0
0
256
291
0
990
5
48
0
0
0
0
0
0
0
0
0
632
602
0
0
8
4
0
0
0
0
19
57
0
0
2
0
1
64
0
0
11
0
0
0
0
0
0
0
0
0
0
47
0
0
0
0
0
0
0
0
0
0
0
0
0
0
0
0
0
0
0
0
0
2
0
0
0
0
0
0
