BitC_3_2
1
0
53
2235
20
170
35
0
0
0
0
211
27
366
0
0
524
4
0
217
1378
100
0
3
0
585
0
31
4
11
22
16
0
173
2499
117
0
0
17
0
0
0
5
5
0
2875
0
213
0
227
0
207
0
566
0
27
494
58
0
1091
5
0
0
0
6
49
5
374
33
18
2010
422
63
17
15
0
1520
20
10
0
0
0
12
12
992
0
188
258
29
23
692
0
381
2
1
583
27
5
96
0
55
1
13
791
166
6
2
0
0
673
0
0
41
0
7
0
0
157
168
697
6
16
0
190
83
346
248
0
1737
30
0
5
3
76
0
0
5
132
42
0
24
7
82
5
581
172
16
21
56
25
40
0
317
3
1
976
0
4
16
437
4
0
2
0
212
65
114
166
0
0
0
1
177
0
0
87
105
4
0
49
397
628
0
142
23
396
212
0
100
0
0
338
291
31
0
68
0
2
2
49
77
30
8
33
16
0
4
85
46
38
0
0
29
0
1
9
55
9
0
9
344
0
20
445
0
4
2
187
30
67
0
3
80
347
787
2
1232
64
7
0
0
0
8
378
0
49
108
612
4
7
137
372
20
1
603
82
0
0
0
19
180
909
301
2366
112
0
0
0
291
53
9
879
0
0
150
4
2
0
1215
195
638
162
0
1411
0
812
0
0
0
215
0
0
0
0
0
0
145
0
149
0
0
15
2
34
464
0
228
4
2587
0
0
3
0
0
0
202
0
136
413
0
83
0
463
154
0
134
45
23
0
42
513
428
127
0
0
368
33
11
0
0
1616
223
137
775
0
31
189
37
299
0
1277
0
72
36
55
26
524
330
70
0
5
3
0
590
0
0
0
332
463
4541
136
1043
13
44
0
4
21
15
0
335
0
196
0
3
2284
0
112
77
58
0
261
0
0
102
274
32
49
0
317
92
85
0
0
0
5
90
14
0
4
0
0
99
17
3193
17
224
0
387
0
0
1516
176
6
0
60
0
31
953
93
0
192
43
25
3
39
0
221
0
0
0
0
0
555
1004
0
16
949
212
124
0
0
0
24
5
0
10
0
0
1
0
18
20
0
0
0
15
87
0
528
0
35
0
377
3
3
0
12
0
388
159
827
52
313
1238
455
68
4
0
15
0
182
110
127
125
1
91
0
7
0
0
53
0
890
54
122
235
15
3
34
0
15
0
17
635
1
405
53
0
26
0
1503
168
0
653
0
76
16
23
20
60
150
155
863
0
25
133
375
148
131
0
0
0
63
0
443
135
0
0
169
0
0
0
15
0
0
0
18
0
0
0
0
927
0
230
0
142
0
0
0
400
497
52
0
287
1
254
82
52
0
47
0
82
1
1519
13
29
0
23
0
3201
1
25
2
249
0
1091
211
20
5
2
154
0
2
0
0
252
0
0
0
0
1344
2
177
455
8
2
128
7
92
46
2
12
7
7
0
8
50
0
0
12
16
0
1
81
0
41
150
189
458
113
1100
19
0
2
0
0
0
2
7
213
500
374
4
514
14
481
0
0
679
62
1
138
0
2
385
1
349
127
13
1
0
0
85
0
5
4
230
0
0
0
2
572
26
478
7
49
0
0
0
0
73
57
33
446
0
25
138
2677
0
7
2
3
33
4
174
0
3
5
91
105
3
245
0
4
0
0
22
14
174
0
175
1597
13
36
13
732
683
0
0
304
535
36
18
3
941
0
0
0
2
180
312
4
30
35
131
0
86
0
45
61
125
0
226
6
299
0
0
0
0
0
3
889
846
2
0
247
4967
5
256
56
163
223
126
110
4
0
168
2
5
48
1
11
867
0
0
845
169
86
117
272
205
310
16
46
87
0
0
3
518
0
88
0
0
212
25
2
0
0
13
9
0
3
42
0
61
16
0
6
0
223
105
550
41
16
0
452
1
7
6
0
14
0
262
31
0
3
0
0
6
1
5
56
14
1
0
22
4
218
215
0
7
1
5
0
0
263
5
314
635
479
3
287
108
582
196
1
25
196
0
163
94
0
601
6
137
67
232
0
0
381
0
2
22
4
229
462
8
0
0
0
0
0
679
635
11
1
0
0
2485
4
0
1239
0
69
0
70
4
0
563
122
269
301
113
5
0
7
0
0
60
1147
489
0
0
6
0
458
48
0
45
44
0
25
89
126
27
0
200
2
0
539
15
0
0
0
202
0
117
240
51
111
331
8
90
0
0
28
269
404
254
27
0
101
55
0
1468
265
2
67
1
354
0
0
20
395
0
41
0
3
2
2
0
0
0
194
186
160
9
0
20
27
5
0
0
425
63
21
107
0
2
0
0
22
32
2
1001
68
204
884
9
145
0
0
99
0
2327
94
7
0
579
365
363
82
904
0
60
1
0
3257
0
0
0
0
127
0
0
5
0
45
451
497
504
96
2
4
0
138
57
18
6
0
0
105
950
600
56
50
0
0
66
190
6
0
0
0
39
0
1216
432
2059
1128
0
0
1
0
0
90
0
0
4
193
60
104
0
7
1094
413
0
387
1049
92
76
80
153
0
0
232
7
5
30
0
0
0
10
0
36
42
5
0
0
0
0
1363
337
0
0
1
6
111
0
0
0
0
107
46
0
186
2
0
44
6
343
630
0
439
81
6
4
5
13
0
0
3
0
378
888
111
174
112
117
420
199
106
293
0
19
242
72
74
0
0
6
0
5
2895
10
582
0
0
257
88
4
4
282
111
102
285
0
276
159
0
8
17
7
0
91
0
0
461
336
226
8
2
501
0
0
0
155
4
1378
881
0
50
2360
33
268
133
65
28
836
355
0
0
13
0
430
13
404
0
719
0
496
0
293
592
38
0
563
0
0
118
0
246
473
0
0
1
818
0
633
0
0
4
41
0
234
0
0
6
0
0
0
0
23
0
78
30
79
0
453
156
56
314
549
0
1
2268
4
0
0
97
31
156
0
138
0
12
1
280
26
0
2
267
0
6119
0
0
0
37
5
182
106
258
50
0
235
0
125
1
9
124
236
30
0
0
158
0
175
1156
225
0
0
15
3
1289
86
7
77
17
19
14
4
28
0
0
1
657
0
543
9
0
48
13
0
40
0
238
0
34
134
1
96
2
322
0
0
0
188
6
3
0
100
0
0
3
78
5
0
152
0
222
1
0
16
35
0
2702
0
2
3115
22
936
0
164
21
32
0
0
0
186
109
0
0
6
59
15
0
0
19
0
0
57
0
262
0
0
21
21
359
2
0
0
4
118
931
291
0
0
0
177
0
0
804
519
48
125
4485
0
105
159
23
47
46
362
0
3
113
2694
23
16
35
46
157
0
0
502
36
9
198
44
289
10
330
132
85
0
68
0
46
0
1
0
0
422
0
17
0
1571
8
59
760
46
57
0
0
0
2
33
0
239
0
0
246
81
0
1
0
0
65
0
259
0
2
38
0
28
0
1
21
0
0
62
0
0
19
0
0
0
0
0
0
9
500
4
504
0
452
138
74
0
0
125
0
1976
52
0
0
0
1
11
18
494
128
368
0
557
16
378
480
0
0
0
1158
0
106
289
3043
4270
0
0
0
32
1
10
0
0
154
0
4
1231
528
1013
5
6
207
0
19
1
166
190
74
717
0
912
0
102
7
28
175
0
13
0
0
1
0
0
0
859
248
0
1662
108
0
1
11
171
360
318
39
417
3067
5
625
0
132
388
141
298
558
0
11
0
296
65
0
1
369
28
53
0
0
58
179
405
0
0
0
32
348
0
605
0
1
44
4
0
627
2654
0
247
0
0
5
368
0
458
0
68
4
6
1213
24
9
19
0
3
2
9
518
0
1
0
10
3
3
18
143
23
7
0
17
34
0
0
2
79
0
2
9
0
28
34
62
0
0
0
0
60
0
1
0
2
152
353
18
904
2378
113
691
126
3425
0
62
0
168
10
0
829
0
105
44
0
4
4
0
853
42
0
52
152
0
76
1
0
0
0
67
0
0
1547
297
4
0
285
2715
201
0
0
19
0
80
0
2138
2
620
7
0
27
2
120
0
1
0
0
57
0
0
0
3
13
557
68
11
0
177
35
51
20
0
29
54
0
150
0
138
4295
1640
0
242
6
0
0
1002
62
0
0
0
0
7
556
25
0
3
8
0
0
0
0
0
13
75
0
0
136
185
994
687
159
306
0
0
28
22
47
0
0
0
0
293
85
0
685
57
1618
39
0
0
59
102
8
115
0
0
410
180
0
0
48
0
5
0
276
0
0
8
0
40
86
5
12
13
0
53
371
0
0
0
0
35
956
27
4
2
152
0
578
53
626
0
44
1645
352
0
0
3926
285
782
2247
40
0
16
0
0
1
1
81
0
25
5
0
273
910
15
0
2
0
0
0
49
87
181
0
0
26
22
14
4
216
973
192
511
247
34
0
1
11
319
3
0
0
26
38
10
29
11
0
0
1
74
17
124
34
0
0
2
0
0
0
0
227
1
0
0
55
0
31
3
0
75
325
0
8
0
612
1
680
5
0
36
0
0
0
0
0
797
2
1
7
55
1
144
155
28
0
87
0
0
0
0
125
0
539
410
816
203
0
55
45
12
1
7
253
104
3
4
0
1622
1
10
0
61
3
25
0
55
0
1
0
323
10
216
105
80
304
9
0
1
5
1
4
90
196
191
0
18
0
58
23
0
0
100
0
11
1
0
83
14
8
36
65
896
5
0
97
0
605
0
0
0
71
13
117
133
503
0
1635
26
0
0
73
0
0
3
198
1065
18
0
33
4
2
14
0
32
0
44
196
8
8
1360
277
6
1206
0
43
18
0
1
589
0
81
0
0
6
19
6
0
0
6
1740
0
206
297
6
2
1868
31
0
0
4
6
10
17
902
38
211
1
1
2
0
0
0
7
141
0
0
48
0
1
5
0
13
24
0
0
0
3714
0
21
0
29
132
435
379
3103
3
1624
9
6
10
13
2
37
1159
0
357
487
0
7
233
0
405
2
3
21
886
0
57
125
0
0
2233
0
69
456
0
0
39
360
0
3
195
463
0
659
0
1013
0
4249
23
0
130
6
39
70
900
15
650
3
16
0
1338
142
133
19
1712
0
110
16
669
143
3
205
0
96
147
162
0
0
5
5
43
76
0
24
1748
284
1216
513
0
0
0
9
22
103
0
244
173
15
491
675
0
72
166
50
0
1
0
0
744
0
141
0
120
2
1
0
2
19
0
0
1161
1022
0
0
116
1
12
0
101
13
319
33
3
0
307
256
0
17
4
0
0
2
1777
462
8
0
1087
19
221
139
19
139
1
11
38
2
13
0
0
10
8
7
55
217
0
0
52
483
0
0
95
0
0
1
717
483
54
0
0
554
2
440
409
3
0
58
0
0
0
35
208
3
0
0
0
9
6
42
0
2
0
88
5
0
0
0
12
0
307
79
42
0
0
218
1970
2
123
0
61
0
34
19
1
494
1
0
19
156
51
0
4
0
24
141
3
19
0
165
0
500
0
5
37
22
1
1
1
10
0
2
14
73
13
0
29
2
2
19
31
17
2
0
310
0
6
0
47
7
7812
0
30
242
232
0
95
4
0
0
0
188
73
569
1
162
0
0
206
2
0
31
0
180
943
0
213
0
192
0
1231
3
357
134
0
1
0
0
0
0
1
0
14
0
6
0
0
8
556
314
57
0
0
317
37
1
341
881
11
242
31
0
831
119
0
77
0
0
0
456
5
337
0
14
7
0
9
1048
502
0
375
52
28
0
0
169
628
0
215
0
0
401
12
197
59
3
46
1
0
179
198
7
4
4
0
0
0
2
178
327
504
0
17
0
112
0
0
132
0
59
54
0
621
100
8
63
51
0
3
712
87
1
310
0
82
408
29
31
2548
226
0
0
8
347
86
0
4
47
13
0
1
0
35
123
0
71
0
0
0
0
0
354
0
204
0
0
40
14
186
0
0
0
0
168
297
33
42
2
0
266
0
0
0
9
672
2793
3
11
1493
23
118
274
0
210
3
0
3
681
30
0
26
42
108
11
1
0
6
3
2
1178
0
0
1466
16
152
7
1777
193
1
0
139
1856
42
1085
364
0
35
49
554
1
54
34
6
18
0
0
0
250
4
0
2589
0
2288
1
0
24
0
6
0
171
334
0
447
53
61
0
81
594
3710
9
41
125
9
555
94
0
13
0
197
0
0
0
327
271
7
1039
5
47
19
210
0
67
304
1236
60
86
104
0
241
10
682
449
4
1088
0
433
202
157
155
16
0
20
0
0
30
186
16
2
239
0
2
22
27
0
0
3076
296
145
237
74
163
4
0
1
28
0
701
0
14
0
0
10
3008
0
99
288
0
427
0
3
222
30
31
946
1
0
292
0
0
0
0
18
3
0
0
34
338
48
0
24
0
0
209
7
2
1
931
197
767
247
1
1538
30
0
0
116
43
3
0
0
6
42
127
9
0
11
0
0
0
7
6
90
1031
200
216
9
77
4
3754
0
0
9
68
0
5
314
0
94
14
58
120
0
741
234
30
424
99
0
0
371
928
315
243
0
0
96
0
0
0
0
1125
3
1847
255
102
120
270
0
4
3
0
46
0
187
1
0
176
88
8
82
7
580
17
0
15
223
0
116
0
41
19
114
66
0
1061
34
0
32
10937
1
35
711
388
342
285
282
1390
51
1365
0
703
1871
1
69
21
7
0
3
132
0
142
75
2531
0
21
169
124
0
2006
107
115
0
0
0
0
1623
9
13
647
0
443
0
54
6
0
594
51
1
0
1445
71
0
0
8
1
138
0
92
0
1146
4
159
28
774
0
4
89
1397
0
4
5
50
184
61
2
56
263
191
0
3
102
80
207
3
0
7
27
0
36
180
1
118
0
0
0
0
1
4
0
0
34
0
0
0
1
18
0
5
964
8
0
2
3985
0
0
3
3
0
74
0
109
1
1
81
0
0
0
4
0
0
118
93
0
0
0
72
0
0
0
183
67
1
0
0
400
2
0
2
10
0
0
0
0
11
0
2
1
0
146
0
0
29
1035
0
0
10
2
8
167
27
253
7
5
5
0
44
0
0
0
67
0
297
0
0
16
0
19
0
60
0
1
325
35
0
259
32
0
1691
83
10
0
28
186
0
0
22
0
0
41
32
138
0
173
17
0
1
1452
474
8
2
196
0
4
76
0
38
14
0
19
0
0
0
4
561
0
2
0
0
922
0
189
27
8
0
0
39
844
400
257
0
0
2
0
0
0
0
0
0
188
2
0
74
0
0
0
0
0
67
2001
65
2
2
42
1
0
0
0
3
0
0
0
0
0
0
0
0
19
0
0
18
49
0
0
0
66
1
89
0
0
0
0
0
0
1
20
0
0
0
0
0
0
176
0
0
5
18
321
0
2
0
0
0
0
9
0
0
12
0
0
0
0
0
13
2
22
0
0
0
5
0
0
2
0
0
0
1
0
0
2
0
0
3
0
6
1
0
0
1057
0
1
0
34
0
0
0
2
1114
0
0
76
31
0
27
24
0
1
0
0
0
0
0
94
88
0
0
0
7
286
56
0
44
0
3
0
0
0
0
0
0
0
1
0
29
0
0
0
912
0
1
0
0
0
0
0
0
58
0
78
0
18
0
26
0
0
0
0
205
0
0
0
0
10
3
0
0
0
71
3
0
13
0
16
116
0
0
0
4
28
0
62
0
1
0
146
0
5
0
357
0
0
5
0
9
0
0
1
0
90
0
0
0
4
334
0
1
927
421
0
3
36
78
0
0
0
0
2
103
0
0
66
0
88
0
0
0
0
4
0
0
1
4
0
89
0
0
590
0
5
0
0
0
26
0
0
0
0
0
0
0
0
0
5
0
0
6
85
0
50
0
0
210
0
0
0
0
0
158
0
0
12
0
0
0
0
0
2
7
0
0
14
0
1
63
0
0
0
0
82
1
0
0
52
0
0
6
0
0
0
15
0
0
0
0
0
0
0
0
0
0
0
0
0
0
0
0
0
4
0
0
0
0
44
14
0
50
5
5
0
0
0
37
0
0
0
0
0
0
0
0
0
0
0
0
0
0
0
98
0
75
0
0
0
0
158
0
0
4
108
0
2
0
0
0
24
0
1
0
1
9
0
0
0
0
0
0
0
0
0
0
1
0
761
0
3
0
0
0
0
0
0
0
0
0
29
58
0
0
15
0
8
452
0
0
0
0
0
0
3
5
0
0
0
0
3
10
0
435
147
0
0
0
1
0
0
0
0
287
1
0
0
0
0
5
0
0
0
821
24
0
748
0
0
50
1
0
2
0
0
0
0
0
0
0
0
0
3
0
42
0
2
0
0
0
3
0
0
0
0
121
0
0
0
98
11
0
137
0
68
0
0
0
0
1
4
0
0
0
0
0
0
10
1
0
0
0
61
0
0
248
0
0
0
4
0
0
0
0
0
0
0
40
0
0
0
0
127
0
0
0
0
46
0
0
0
0
0
0
0
0
0
0
215
9
0
0
0
206
627
1
0
0
3
13
0
0
0
0
0
0
0
0
4
0
60
2
0
20
0
39
70
0
5
999
0
0
0
0
395
0
18
0
0
0
0
0
0
0
0
0
226
0
5
1
0
3
0
102
0
0
0
5
0
0
0
0
0
0
0
9
0
13
0
0
0
387
0
0
0
0
0
0
0
0
1720
0
195
2
0
0
0
0
0
0
0
220
0
0
266
0
0
135
34
781
0
0
0
1
0
47
0
0
3
0
363
3
0
0
0
1
2
0
0
9
32
11
0
0
0
0
0
2
0
0
6
29
1196
0
0
6
11
1096
0
461
0
0
0
143
0
0
0
8
21
0
0
0
0
40
0
0
0
70
0
0
0
0
0
0
0
26
0
0
0
0
22
0
25
0
0
9
0
51
0
0
0
0
1
496
0
0
0
138
0
0
9
0
0
0
0
0
0
0
69
0
0
2
0
60
500
216
0
0
0
0
0
0
0
0
391
0
13
1
0
0
1
1
793
0
464
0
0
5
0
0
3
1
0
3
0
2724
0
0
0
0
0
0
67
0
0
0
35
0
58
0
0
22
0
765
0
0
0
56
0
0
0
0
0
1
0
0
6
7
0
0
0
211
0
2
0
0
516
0
0
0
157
0
1
1
42
275
0
36
0
0
0
0
0
0
4
0
581
0
14
0
0
0
0
0
130
161
0
0
71
0
398
2
4
0
0
3
0
0
28
2
0
0
0
44
9
0
0
0
0
13
0
0
0
48
25
0
0
768
3
96
60
0
0
0
0
0
0
0
0
0
106
1
0
3
41
0
0
0
1
0
0
0
0
0
0
1473
0
2
0
0
0
0
2101
58
15
8
2
0
0
0
11
6
0
101
0
0
0
3
0
0
0
0
0
0
0
0
174
0
0
0
0
787
4
0
0
0
9
0
2
0
0
0
5
4
0
0
0
0
0
139
0
222
9
0
4
0
0
1584
37
0
0
57
120
0
88
36
0
0
68
0
0
0
4
10
24
29
0
0
0
1
0
0
0
0
0
0
0
0
0
194
84
0
870
2
0
0
0
0
80
1
0
0
3
0
0
0
0
0
18
109
10
175
0
0
0
3
0
0
0
0
226
0
0
0
92
0
0
0
0
0
1
0
0
0
0
0
0
0
56
67
0
0
0
0
0
0
133
0
638
0
0
0
0
0
0
0
568
0
0
78
8
0
0
11
0
0
579
0
0
3
0
0
0
0
0
27
64
9
80
0
0
0
6
13
77
0
0
0
0
0
0
0
0
203
255
10
0
215
0
0
0
1
0
1
1
70
716
0
0
0
0
3
0
144
0
0
0
0
1
0
76
0
0
1
0
0
0
0
47
0
0
0
0
162
0
0
0
0
8
10
0
0
3
0
14
0
0
150
0
0
0
0
0
0
12
0
0
0
0
0
34
0
0
0
0
23
0
1
0
0
0
0
0
0
74
0
0
19
27
0
0
0
60
0
0
7
2
0
182
0
0
0
0
205
7
0
0
31
0
11
5
0
4
34
4
3
0
77
0
153
1
0
104
0
174
0
799
132
0
0
8
7
68
0
0
0
0
24
2
0
0
1
0
0
12
0
6
255
384
0
5
0
0
11
0
29
0
0
0
6
1
0
0
0
7
0
482
27
392
0
0
0
94
0
0
6
0
7
7
0
396
465
0
0
0
0
0
2
332
0
22
18
0
0
0
2
10
0
0
0
21
0
2
0
4
0
6
0
17
4
0
0
236
0
0
1
0
5
0
0
0
0
0
1
0
0
0
0
0
0
0
0
24
2
1
0
0
35
149
8
0
0
129
0
0
285
0
3
5
0
398
1
0
0
0
85
1069
0
665
0
0
0
0
0
0
0
0
1
2
0
0
1
0
0
0
74
0
9
0
0
5
0
0
0
31
1
55
0
0
0
0
323
0
0
95
0
0
7
19
0
418
51
0
0
0
0
0
0
0
0
412
0
0
0
49
48
0
0
0
0
122
275
0
0
1
22
22
0
1830
3
25
0
0
56
0
324
552
27
215
0
0
44
0
354
0
0
19
0
0
0
0
1
0
0
853
0
0
0
1
0
0
0
0
1
6
195
598
0
5
0
0
0
83
0
0
156
31
0
0
6
0
0
87
7
0
0
0
0
0
0
0
2
0
6
0
10
379
10
13
0
0
0
0
0
22
28
0
0
0
27
10
1
0
6
1
0
0
0
0
0
2
101
340
0
1
1
0
0
0
0
137
183
0
33
58
0
0
0
260
0
0
0
14
0
39
0
168
0
0
0
270
0
0
0
0
0
0
0
0
0
0
0
0
0
3550
140
1
0
0
0
0
0
0
70
243
366
0
3
166
0
12
0
0
0
0
0
0
0
168
0
10
38
67
0
0
26
2
569
1
5
0
0
0
716
0
32
0
0
1154
64
0
0
0
2
0
0
0
411
1
0
160
0
0
0
158
0
0
31
3
0
6
1
0
0
44
0
18
30
0
0
0
1
0
0
200
0
1205
50
0
0
0
0
0
145
1074
0
0
0
0
1540
0
0
101
0
0
0
366
1
656
529
2
4
6
0
0
0
0
0
0
0
0
1
1296
0
0
1
50
0
0
0
0
0
2
0
0
0
23
1
401
25
0
3
3
0
12
0
0
0
0
5
334
30
0
0
0
81
0
0
0
0
54
0
2
25
0
0
14
0
0
0
1014
0
1
0
0
46
0
259
0
1
0
82
0
0
0
70
0
2
1
0
73
0
25
0
0
0
317
1
0
0
0
0
0
0
262
32
0
425
7
5
298
0
0
1517
0
1
29
9
0
2
0
0
0
0
0
0
0
0
7
0
0
0
0
0
0
0
0
0
0
0
325
0
0
0
99
0
0
0
0
0
11
0
1
0
0
0
11
0
0
0
0
0
0
7
291
0
10
0
0
808
0
0
0
0
195
0
0
0
2
0
3
315
0
2
0
0
0
6
1059
14
73
9
327
0
0
12
0
0
0
5
0
15
0
30
4
0
0
0
0
21
0
258
0
0
28
0
1
0
0
0
1038
16
1150
0
0
2
0
70
118
0
0
80
735
0
0
0
3
0
0
0
0
0
1
8
0
1049
4
14
2
4820
0
8
12
0
0
0
0
0
0
0
2
39
0
71
0
237
0
39
165
0
0
0
49
0
0
0
73
2
0
57
16
0
123
3
0
0
13
0
0
0
4
99
237
0
0
0
0
15
0
0
0
0
0
9
0
12
0
36
0
4
0
0
0
0
55
0
0
0
0
0
26
580
0
0
0
5
0
0
0
0
0
0
4
0
0
0
1
85
0
0
0
0
0
22
0
0
0
0
0
0
0
3
0
0
0
3
0
0
0
0
5
31
1
0
0
0
3
0
0
0
0
0
0
0
2
0
26
0
0
0
0
168
776
0
0
0
1
0
0
0
0
0
0
0
0
0
0
0
0
0
2
0
58
1
521
0
428
0
0
153
0
1
223
0
0
0
0
0
0
1057
0
35
0
0
0
0
0
2
0
0
441
0
53
0
0
0
0
0
0
0
617
0
0
0
0
0
0
0
0
0
0
9
0
0
0
0
0
0
15
6
0
3
0
0
0
2
0
0
112
0
0
0
0
0
1
21
0
0
0
0
0
207
0
1293
0
0
0
0
0
1
0
0
0
0
0
44
7
1
0
0
227
0
250
0
0
0
0
0
0
482
1
0
112
0
0
0
5099
0
0
0
0
10
0
126
17
5
140
0
0
18
0
7
234
86
0
1
0
97
0
0
1
0
0
496
0
0
1
0
7
0
538
0
27
0
0
0
369
0
0
49
0
180
0
1763
0
26
0
112
10
0
0
0
0
0
0
0
0
0
0
0
0
0
0
0
0
0
0
0
0
0
5
0
0
506
0
147
0
0
2
2
0
0
0
0
0
187
4
0
0
0
0
0
1
0
0
0
6
0
0
0
0
0
0
0
0
4
0
0
80
0
0
0
1
0
0
363
0
0
4
0
0
0
0
2
0
0
0
0
5
0
0
0
3
4
0
2
11
0
0
0
0
0
0
0
0
0
0
0
0
0
0
0
0
1
0
0
0
0
0
0
0
2
0
0
0
0
0
0
0
0
0
0
0
0
0
0
0
26
0
0
28
0
0
0
11
0
0
0
0
168
400
0
16
0
0
0
28
0
0
209
0
0
4
0
0
0
0
0
1
5
0
0
0
0
296
0
0
0
0
0
0
0
0
220
0
0
30
58
27
0
0
0
0
0
6
1
0
0
0
0
35
0
0
0
0
0
0
1049
0
0
0
0
0
0
20
0
1
0
0
0
5
0
0
0
0
2
1
0
507
13
19
0
3
0
0
0
140
0
6
0
0
0
2
2
487
0
0
0
0
0
842
5
5
252
97
0
4
0
0
0
0
11
0
0
0
0
0
0
0
0
0
430
0
0
0
0
0
0
187
0
0
0
0
0
0
12
0
0
34
0
431
0
0
0
342
0
0
0
0
0
0
46
241
0
0
4
0
0
0
0
0
29
0
0
0
0
0
35
0
0
0
0
0
0
0
0
0
0
0
0
2
5133
59
68
0
10
0
0
71
1
0
19
5
11
580
4
0
0
3
0
0
0
0
1
0
0
0
0
11
479
1
0
180
0
770
40
179
0
0
0
0
0
8
0
0
285
10
3
94
3
42
0
0
162
55
72
400
3
0
0
250
3
0
13
15
0
0
32
0
45
69
1
153
3
0
0
66
0
0
0
0
90
0
0
0
780
0
20
0
0
3
1
0
99
0
89
98
160
0
42
0
0
0
0
0
308
21
50
12
38
0
15
0
28
0
0
221
19
1
0
66
0
132
0
1535
191
0
0
0
34
0
4
0
2
0
1
1
0
260
0
323
0
507
0
0
0
0
0
3
9
0
0
0
0
0
0
0
0
60
97
14
1
0
445
0
1
19
0
0
13
0
0
378
0
5
0
1
1
2
12
115
0
0
203
0
36
0
56
0
2
0
69
0
0
74
0
0
374
113
3
0
0
3
0
0
14
1
0
3
0
6
603
0
0
0
0
0
10
3
3
7
0
0
315
754
0
0
232
0
257
0
103
9
110
0
26
0
0
4
340
1
106
0
0
4
147
0
0
0
30
1
26
0
2
0
0
0
0
0
0
259
0
0
0
1
0
0
0
0
0
82
0
0
0
0
0
2
3
0
1880
13
298
0
0
0
0
27
86
0
455
4
0
0
11
0
0
92
0
3654
67
735
0
0
147
54
28
5
8
0
1657
0
153
125
180
0
282
0
14
833
505
0
0
4
3
1022
1
2324
0
2
0
0
1
85
8
0
2
0
0
102
3
19
34
27
98
443
0
614
0
5
0
223
36
4
0
89
70
0
252
0
38
54
0
0
0
42
0
0
0
0
0
206
0
2
1
1181
0
0
0
26
0
62
117
46
4
0
72
83
0
0
0
0
0
0
0
3
0
2
3
0
24
1
0
0
522
64
27
0
72
0
0
0
478
0
0
70
0
17
0
0
297
43
1
94
1
1
4
0
228
2
30
0
0
0
1
0
0
0
37
0
299
120
7
0
12
333
158
0
0
167
12
61
0
16
0
270
11
0
30
0
0
0
17
346
2
73
0
13
671
51
31
3
34
0
2500
18
0
24
3
4
485
0
0
56
38
273
0
77
680
0
0
15
50
132
0
241
1
0
0
0
0
0
11
96
0
0
121
0
146
13
0
36
0
0
0
0
0
127
0
107
95
0
0
0
0
0
0
0
632
4
491
1164
881
8
0
2
13
0
16
0
0
0
750
1222
0
258
0
0
0
869
0
3
61
6
0
0
33
0
8
0
9
0
223
0
37
1
11
0
0
79
0
0
71
0
50
468
32
1
0
25
305
340
2
0
0
0
4
0
451
52
2
1331
0
0
0
36
10
316
1
0
8
0
60
26
222
625
2
0
0
0
0
99
0
0
0
0
0
0
27
0
1446
0
48
130
3
0
0
0
48
161
0
0
0
0
38
0
19
918
0
0
0
2
30
0
20
0
28
0
0
0
40
11
0
0
0
4
609
0
0
57
0
0
0
1
63
0
91
82
0
0
0
0
8
216
0
0
0
0
362
16
0
43
0
18
8
9
96
0
66
0
0
0
0
31
0
5
349
0
0
6
0
0
0
52
0
94
52
0
0
0
190
9
0
0
0
484
136
4
0
0
0
0
0
195
9
0
2
18
3
0
0
0
0
0
117
0
6
3
0
0
0
0
2070
0
48
1
0
0
20
0
0
0
0
850
0
0
0
122
3
82
0
1
0
0
164
0
0
0
0
0
0
0
0
149
0
1
0
555
0
11
2
0
87
0
667
0
0
0
0
1481
142
0
116
32
0
0
2
6
175
0
75
10
0
2
0
0
0
1
8
18
713
72
58
1
0
15
0
10
0
0
319
975
0
105
0
0
0
13
0
11
198
0
0
95
2
293
41
62
0
0
177
482
6
49
0
982
0
13
0
0
0
0
1
7
254
596
111
50
12
0
0
0
1
196
76
1
0
4
420
4
0
40
0
0
160
26
0
142
6
2
820
3
0
75
0
0
0
0
0
879
0
2
0
4
0
1
0
19
0
0
480
0
0
0
0
0
0
36
0
175
30
6
7
0
2
0
0
0
837
166
9
8
15
257
0
13
8
0
0
0
0
0
0
0
5
0
0
0
0
27
0
0
204
10
29
0
0
15
0
4
0
0
0
3
0
0
1
9
0
10
20
11
0
0
0
0
0
1
0
85
0
0
0
4
0
0
0
0
0
8
84
0
0
9
0
780
0
2
28
66
0
30
0
0
0
1
0
0
0
0
4
10
0
18
11
0
0
0
26
0
113
0
0
4
382
73
2
0
4
58
31
0
0
35
656
0
47
0
97
12
1197
175
322
0
13
420
11
0
422
0
0
18
47
0
5
32
0
0
120
0
6
0
9
0
0
25
0
0
0
0
22
0
0
0
0
0
109
131
38
6
0
0
10
274
0
116
160
1
0
0
0
18
0
0
82
0
79
2
0
19
34
428
2
0
6
0
0
0
26
44
1083
0
10
10
5
0
0
0
0
0
35
728
0
0
0
0
0
0
67
101
0
44
0
729
88
0
0
3
210
2299
0
323
1
0
58
255
38
0
4
15
0
0
7
13
1
0
16
0
0
1
0
5
418
136
441
1
0
200
4
3
0
7
0
0
32
0
0
0
6
88
37
0
4
0
0
18
400
0
0
0
9
0
0
344
0
1
165
502
748
802
2
0
41
2
27
0
8
0
116
2
0
0
0
0
0
0
4
0
0
0
60
3
279
0
29
0
70
9
2
1274
5
2958
0
0
0
133
62
23
2
551
0
0
31
91
537
22
6
597
38
26
0
36
2
516
13
0
0
0
0
23
723
0
94
0
34
30
0
0
19
216
0
108
11
524
381
5
3
1
19
0
0
0
0
443
322
304
14
100
0
154
0
47
0
2
120
83
0
1
0
239
0
0
0
36
5
104
0
804
0
0
6
0
17
84
0
235
32
9
12
376
140
66
12
11
0
151
0
0
0
345
0
0
37
1
1
0
89
0
0
2
0
0
0
56
650
24
0
458
226
0
520
0
0
0
1
0
399
175
0
89
23
0
0
0
0
0
32
25
24
0
56
1
0
0
3
4
0
337
0
0
356
0
0
0
26
0
0
0
6
21
0
0
0
0
116
0
0
268
0
1
0
12
1
0
51
0
66
0
5
145
0
1
4
14
0
434
20
248
0
0
514
208
0
21
61
0
0
0
0
28
22
3
0
0
0
0
30
11
44
0
88
1
42
23
18
0
24
0
0
3
0
29
83
19
69
583
496
56
75
0
0
0
29
0
158
1
0
2
0
612
20
19
191
64
394
198
0
0
10
0
116
0
32
0
0
435
37
6
0
103
4
0
3
0
70
77
128
0
0
0
0
103
0
0
0
660
47
1
17
69
0
141
0
12
29
2
0
30
0
0
171
376
0
15
0
122
0
0
0
6
0
235
0
0
0
0
0
0
0
2
0
2
0
0
2
15
597
179
364
1
0
0
0
55
32
0
0
0
0
0
198
138
0
0
0
35
0
0
0
0
5
4
0
0
0
0
8
0
0
10
0
0
17
32
20
1
0
0
9
62
13
0
32
0
143
0
0
0
2
0
131
0
132
0
154
0
99
13
0
697
427
235
0
1
5
0
0
0
32
0
4
26
4
2
21
80
11
0
9
220
0
62
0
17
982
0
0
0
19
4
10
56
22
44
28
16
18
0
9
17
0
499
4
0
0
21
0
0
8
0
0
105
18
103
2
1
0
0
0
26
104
9
144
2
0
128
0
802
0
0
9
680
0
0
12
0
0
0
39
0
0
236
1
0
3
0
0
11
0
0
0
0
0
1683
6
56
0
0
0
1
240
13
81
129
110
833
65
0
86
0
284
25
0
481
0
164
0
28
1
115
0
77
1
0
0
0
0
3
0
0
0
26
0
0
0
0
153
33
16
378
0
0
0
80
0
0
0
4
21
0
205
917
0
186
0
0
55
55
16
0
0
30
15
0
0
0
151
0
0
0
69
0
0
2
0
0
5
14
144
73
94
0
3
416
0
0
3
3
2
859
0
0
0
107
0
291
54
9
0
6
0
0
0
2
0
0
210
18
368
0
151
1
0
13
1006
3
15
0
0
31
2
6
0
0
0
0
243
0
2
88
0
0
0
0
0
4
3
3
58
0
1
37
1
516
0
0
0
0
287
0
182
82
0
0
19
0
0
0
368
0
0
0
1
0
0
0
0
0
54
0
1
0
0
0
120
6
0
74
0
17
27
0
35
0
0
0
0
0
59
0
0
0
0
0
2
0
4
18
0
425
0
0
904
2
0
0
85
0
0
6
250
16
185
2
10
16
0
0
0
0
5
0
16
34
7
9
0
0
0
1
0
0
0
5
0
1505
0
25
344
0
0
0
0
13
0
0
237
0
0
642
0
3
5
0
311
9
0
0
0
0
1
69
10
0
0
4
1
0
0
433
0
56
0
0
30
0
0
0
46
11
6
2
59
172
0
20
6
148
14
0
7
0
0
0
0
0
0
0
0
506
2
0
0
0
7
92
0
0
2
259
0
0
0
0
224
4
0
0
0
312
470
0
29
3
0
36
99
57
181
0
0
0
0
19
0
0
475
11
68
27
0
631
243
3
0
0
22
1
0
0
24
288
0
0
0
0
1
0
188
0
8
0
0
0
372
9
0
249
125
132
130
0
18
3
0
7
27
0
97
157
0
46
63
147
526
0
0
373
0
7
3
0
0
0
542
1
864
0
63
514
9
149
0
0
0
2
21
5
10
0
0
0
52
1863
0
312
128
7
0
15
0
51
0
1
0
0
0
0
279
4
0
0
0
0
0
56
0
19
34
0
729
0
1
0
0
74
35
0
125
0
0
0
0
0
0
0
0
1
0
167
0
44
0
20
22
104
120
0
50
0
0
0
1
6
0
69
0
0
28
57
0
0
93
0
0
0
0
11
2
0
196
51
0
43
124
0
0
73
895
0
0
0
6
2
0
13
418
86
4
0
0
0
8
0
4
113
584
0
242
32
370
12
1
0
0
1
0
0
215
1702
0
0
0
0
0
228
454
61
2
0
1
0
18
328
0
8449
0
0
887
463
0
0
0
0
4
0
21
63
0
0
8
0
0
228
0
0
70
43
0
621
0
304
4
78
0
0
0
0
0
0
180
1682
0
230
0
251
27
69
464
0
0
0
0
97
179
0
44
195
12
0
0
5
402
146
0
0
0
43
0
0
3
1
0
0
0
18
0
0
7
0
17
0
0
3
977
0
0
0
406
1
39
0
101
0
0
45
951
0
0
0
430
111
2
0
1
8
0
13
269
1050
0
0
85
0
453
0
5174
0
1
353
0
0
0
0
0
0
0
6
0
86
0
507
112
0
5
0
29
0
90
0
49
455
2060
0
98
555
4
0
0
52
0
54
11
0
2
0
0
0
364
0
10
0
0
1
69
0
0
84
12
7
2
24
100
79
4
1
0
0
9
530
0
251
30
20
0
0
0
345
0
0
106
0
0
0
0
922
0
68
3
0
95
0
0
0
0
59
2
8
0
196
0
0
23
0
33
0
0
12
70
1
0
175
199
0
4
16
33
92
5
0
4
0
53
0
47
0
0
3
6
0
0
486
166
0
16
558
5
48
314
143
0
0
1
0
0
0
0
292
166
0
0
0
5
17
166
5
0
8
0
2033
5
0
0
0
260
74
21
0
598
9
0
0
151
6
0
0
0
0
3
437
74
135
11
435
0
0
0
0
0
0
526
0
0
136
419
10
1
107
0
0
0
400
128
293
0
6
0
3
135
0
4
469
0
0
1
186
0
0
0
1
0
867
717
0
7
5
72
0
0
0
0
0
35
563
508
0
290
0
10
0
0
33
0
11
0
3
0
9
2
0
0
0
0
11
101
0
0
2
0
44
1
0
0
1
0
8
1133
56
0
1
121
0
348
97
15
1
149
27
0
0
0
0
114
12
0
7
324
780
0
0
1
0
0
0
0
0
0
0
8
1
49
0
820
0
0
0
506
0
0
72
0
4
0
1
0
0
0
297
319
7
520
0
0
40
0
4
0
0
0
1
36
0
0
4
0
0
0
687
27
4
84
0
0
0
20
0
100
51
0
3
379
1
0
0
162
0
0
1
25
1
488
9
0
501
2
0
0
3
0
2
0
0
1
20
1
1
0
0
0
0
2
0
0
0
0
3
213
0
0
17
0
2
16
0
0
0
59
19
7
0
387
0
2
761
6
62
0
0
41
0
0
0
11
12
0
10
784
0
56
0
0
59
4
0
173
0
245
0
3
0
5
646
0
0
0
0
0
57
173
19
0
0
0
47
188
516
8
30
1
0
12
9
3
0
49
51
0
1
28
18
0
0
0
132
0
2
1
9
9
1
138
0
0
38
36
1395
99
7
242
0
0
63
660
2
0
780
0
0
0
33
71
0
0
34
1
0
1
33
0
47
0
26
0
0
0
29
0
0
0
0
496
0
8
1
33
0
0
12
1
0
0
0
0
27
0
6
0
0
59
24
3
0
0
482
0
65
35
1
0
35
0
0
0
17
52
2
0
0
10
0
227
0
0
7
88
923
0
1
146
0
97
0
0
1
0
699
0
0
0
3
39
13
16
36
26
0
405
0
0
0
211
131
40
0
21
7
0
30
0
0
47
0
5
0
140
358
0
0
0
105
0
740
0
2
218
0
0
0
0
0
0
0
3
11
6
704
0
12
11
0
457
1
0
0
77
0
0
0
0
520
0
896
893
174
111
0
1
64
1509
0
0
0
18
0
0
1
0
48
0
267
1
0
118
462
0
0
0
1
4
0
215
1
0
92
0
0
386
0
30
0
26
446
0
0
0
121
0
0
33
331
0
0
0
0
195
306
34
19
0
0
1
3
0
2
0
0
60
0
0
14
8
12
554
146
0
0
99
0
0
0
0
0
0
0
0
0
691
0
104
0
3124
0
498
0
0
0
191
0
4
0
0
24
29
29
105
24
19
70
0
73
0
85
1
0
0
2
0
58
0
0
272
24
141
0
0
0
0
11
24
265
0
0
0
0
0
757
0
139
109
49
99
92
1
14
0
113
39
0
202
2
0
0
0
80
0
0
13
1
70
0
0
1
54
6
0
6
0
306
0
0
0
16
0
0
0
0
444
1
0
0
54
4
9
43
0
1
0
119
1
0
0
249
0
0
0
219
39
30
58
0
2
340
0
0
499
0
0
0
290
0
2
1
96
0
0
0
0
0
125
36
809
75
0
0
0
0
153
0
26
0
303
36
1
444
3
221
126
19
23
173
0
0
20
257
0
397
0
21
0
62
0
4
0
0
588
0
0
0
22
0
1127
0
8
0
11
0
49
0
2
0
48
0
3
118
3
2
3
0
242
0
10
264
2
0
0
315
83
127
31
0
0
0
4
89
79
0
0
49
0
0
0
0
0
0
229
0
2
30
3
13
0
0
0
0
160
0
78
0
6
46
30
0
0
0
5
0
91
0
50
0
2
0
0
85
0
47
205
0
227
110
0
26
0
66
71
0
13
0
26
3
129
26
31
0
4
141
18
18
0
4
0
78
251
977
49
0
0
0
1
0
311
240
0
20
0
70
0
44
0
1
0
0
66
0
29
0
9
10
29
3
4
13
63
117
0
68
0
0
0
27
3
0
0
0
0
0
95
125
0
73
17
1178
9
420
0
23
23
0
0
0
1
13
0
0
6
0
0
7
27
3
0
0
23
9
150
0
103
13
407
49
0
1048
30
126
0
0
0
0
10
0
341
0
37
16
6
0
19
1
0
0
8
0
10
0
1
0
76
79
767
15
2
78
0
3
12
6
0
0
136
0
0
45
232
0
0
0
454
0
457
2
0
0
17
86
10
0
101
36
0
1
0
0
0
604
1
52
525
335
1
39
0
0
77
38
433
254
0
0
0
27
1
136
80
55
21
2
0
2
0
109
738
0
1
18
24
0
0
0
0
247
0
564
798
131
0
0
631
0
783
0
0
7213
1
0
0
0
43
22
11
0
1
58
0
123
93
0
165
13
80
1
1
379
0
3
161
364
4
0
0
124
7
187
0
0
0
0
7
0
0
1
2
0
16
0
0
0
35
0
84
0
0
214
1
300
106
0
57
0
9
105
0
0
95
17
2420
2
0
0
476
276
7
0
38
0
0
1216
16
181
0
0
0
0
7
127
12
5
19
0
0
0
13
0
1945
8
0
0
0
64
6
0
0
2
0
1
15
0
0
199
0
3
28
0
4
0
823
0
76
97
0
1
0
0
0
330
0
0
22
0
42
0
555
0
2
2
1753
37
100
0
0
0
62
27
29
1
4
0
18
0
4
381
31
928
0
0
0
176
7
0
160
169
0
123
0
0
0
0
0
31
69
20
3758
271
0
0
0
0
230
0
1
0
425
8
0
455
7
0
6609
46
205
70
4
1
0
0
0
101
23
23
0
0
91
189
21
18
0
175
0
19
61
9
5
0
0
1
0
27
0
0
0
0
2
405
0
11
0
0
0
0
38
3
0
0
36
0
671
0
1
0
0
698
1
0
0
17
0
68
0
64
159
0
0
0
0
0
0
0
0
0
0
0
0
0
0
0
1
0
0
19
0
0
0
0
322
0
0
0
0
0
20
9
0
3
0
104
20
0
771
0
0
0
0
0
0
0
0
0
0
83
2
0
0
0
0
0
47
110
0
0
0
0
0
22
0
1
0
28
178
63
0
0
2
327
7
0
14
86
0
0
24
34
0
0
87
38
8
0
4
0
879
286
0
0
103
0
33
0
108
15
0
0
71
17
913
85
0
36
0
0
1
2
0
328
0
0
0
0
0
0
0
0
0
187
22
109
0
0
0
0
0
0
27
187
0
8
54
367
0
0
185
0
0
0
190
1
0
1
126
6
0
0
0
0
512
0
0
1
0
443
0
0
0
3
0
3
2
0
0
0
0
0
0
2
0
31
0
930
0
0
403
2
0
104
0
90
382
8
56
0
7
15
0
1000
0
2
0
0
31
19
0
10
0
0
0
25
2
0
1
0
195
206
129
0
28
0
88
0
3
0
0
2
0
0
875
0
3
5
0
0
0
0
0
0
31
0
0
170
100
226
125
0
36
0
0
0
25
0
418
0
0
148
0
0
0
0
0
0
0
3
194
0
0
0
0
0
567
0
12
0
0
350
0
1
0
10
0
0
32
1
3
0
94
62
2
0
18
359
2
0
3
0
145
40
138
0
28
11
3124
0
0
157
1
0
0
0
0
0
0
0
69
19
0
2
0
0
362
0
0
11
1326
0
110
38
43
1
0
166
6
0
6
0
174
733
0
59
0
0
0
0
0
0
1
2
166
0
0
0
0
0
0
0
108
6
243
0
0
0
18
19
1277
0
38
0
0
0
0
6
0
6
0
0
1243
177
0
0
0
0
11
0
44
165
0
344
0
0
0
10
0
6
11
0
0
0
0
194
0
50
39
0
107
29
0
940
0
0
18
0
167
3
198
0
59
46
0
0
0
8
0
0
4
0
4
0
0
3
0
10
2
104
584
0
222
0
653
0
234
0
0
19
5
27
219
1
58
74
24
0
1
102
0
1
0
0
49
26
39
10
2
0
0
0
5
0
5
0
0
79
0
0
386
0
0
1
0
0
0
3
0
0
22
2
36
3053
159
0
32
0
3
1
79
0
0
0
0
0
0
9
0
0
0
0
4
36
304
6
18
0
9
0
229
0
2
0
1
0
0
0
0
0
0
1
98
273
0
1059
0
22
145
997
339
4
0
2
0
2
126
256
0
0
0
0
0
102
1
0
0
0
0
61
47
53
2210
0
0
25
164
440
0
0
0
3
172
0
88
2
706
0
0
30
0
1
3
4
0
259
0
241
25
109
0
325
2385
357
0
25
6
9
0
0
0
0
93
0
0
0
132
0
148
0
0
7
617
225
24
0
0
0
0
0
2
55
0
40
121
0
3
1
618
14
25
2
9
0
1
0
1204
0
61
0
3
767
2
0
2629
0
142
0
234
0
0
5
0
0
1789
0
997
0
0
0
861
0
1
0
113
0
38
992
2
1
7
7
1435
0
0
0
57
3
0
4
0
0
0
97
0
0
26
22
45
3
4
0
123
396
8
0
0
0
1
0
0
238
1
2408
0
0
3
3
0
0
0
13
0
0
0
777
0
545
0
0
343
0
0
0
6
22
86
0
0
1
0
214
0
11
0
125
2
121
0
194
0
1
0
0
0
0
0
31
0
0
75
0
13
0
531
0
0
3
63
3
0
63
2
0
15
0
53
20
0
3
0
0
0
556
35
13
0
0
2
0
0
0
0
1
145
150
0
72
178
6
2
180
0
84
3
15
0
26
0
1
0
0
32
0
0
1
41
1
20
272
0
0
0
42
124
7
7
0
488
0
20
0
0
0
0
0
4
14
380
2
0
0
0
124
0
0
6
0
30
15
0
0
0
29
6
0
1040
11
0
66
62
2
0
28
42
0
1381
1193
34
94
23
530
87
0
0
11
0
23
344
0
89
0
0
3
13
0
0
0
0
0
0
91
0
0
0
0
4
0
0
0
0
0
0
203
0
13
0
66
0
0
2
2
0
0
0
0
0
242
0
2063
16
2
5
0
306
0
0
0
0
0
0
0
24
0
0
319
0
6
6
0
2
85
0
389
38
3
0
25
0
0
3
11
0
0
1
0
0
0
33
0
0
0
0
2
32
23
0
3
0
36
5
0
59
9
0
0
35
18
0
0
1
0
27
139
3
20
0
0
0
94
0
0
3
0
138
1
5
269
0
0
0
7
0
0
310
0
0
0
0
0
0
0
653
1030
0
14
0
0
45
151
0
0
0
0
57
305
0
177
710
0
0
0
1
0
118
0
0
0
8
0
0
30
0
14
4
508
0
0
0
0
209
0
0
0
0
0
0
0
242
44
0
0
48
0
112
0
0
363
0
0
143
21
242
85
5
0
97
0
0
0
68
36
0
4
0
20
28
49
0
2
0
0
1
0
8
3
0
144
0
0
52
84
1
0
36
0
140
40
25
0
0
0
0
1
0
518
1
86
0
42
0
0
168
2
0
0
0
284
0
25
5
106
0
706
0
0
54
147
164
164
122
2
0
144
0
768
0
43
0
72
0
0
52
89
0
0
97
0
121
0
0
0
0
0
3
12
0
116
0
0
0
8
0
15
0
1
361
0
3
134
0
282
35
0
384
1217
6
0
0
0
6
447
187
0
0
0
0
0
0
0
0
296
91
0
0
5
0
419
0
103
9
0
17
34
0
0
0
118
0
61
71
0
0
10
247
0
815
0
56
2038
2130
14
55
0
0
8
83
9
0
544
64
22
0
0
31
75
8
0
247
0
0
132
0
0
1
0
3
0
9
0
0
0
9
38
0
11
7
9
0
8
0
55
0
136
0
14
258
0
0
132
6
0
5
22
138
0
0
2
0
0
73
2
0
10
0
0
1
0
0
44
79
136
10
1
0
0
0
0
0
0
845
0
0
3
1
538
0
0
0
17
0
0
7
1
69
0
7
0
0
0
17
7
6
1
0
412
62
0
1
0
0
0
0
2
79
71
0
1352
0
74
167
0
0
72
0
19
14
0
0
0
0
0
2
0
25
0
41
54
0
0
34
63
0
2
0
0
0
6
91
0
0
0
0
43
1
0
23
80
0
108
0
13
19
6
559
0
0
0
357
63
25
0
0
0
0
24
0
430
0
495
70
0
44
71
35
489
0
21
70
3
0
0
316
29
0
147
5
0
190
0
3
0
2476
0
0
0
1
0
0
0
0
231
4
0
0
238
0
0
0
30
629
0
0
0
0
232
0
0
18
0
0
1
3
0
0
25
0
16
185
0
0
346
0
2
202
0
1123
0
339
6
0
1
25
2
38
214
0
57
56
0
6
296
45
7
0
0
0
0
0
166
63
0
0
0
47
320
56
4
883
6
0
0
1
12
2521
0
128
108
0
8
193
8
672
70
1
0
97
167
0
3
0
0
0
0
0
61
538
105
1295
10
897
347
228
0
100
0
1
0
0
0
212
6
3
0
335
13
0
0
0
17
47
0
0
8
38
1159
233
59
0
0
2
84
0
0
0
0
0
0
17
4
306
120
0
2
0
9
8
14
7
0
0
1
0
0
211
1
18
37
26
0
20
0
2
343
0
936
0
0
77
11
724
1
0
15
0
11
0
0
0
0
0
5
0
23
647
0
10
2
0
2
4
0
0
43
93
16
0
0
7
0
0
0
97
51
17
85
43
132
1
0
0
0
0
1
119
33
188
0
0
71
0
81
0
195
1
486
31
0
0
0
13
36
9
32
0
3230
19
0
0
3
2
0
13
408
1
0
0
0
15
278
0
2
10
9
859
0
752
481
20
65
359
81
1
53
12
47
0
292
624
104
10
600
0
3
0
145
3
7
0
0
181
147
624
1721
0
75
2
527
0
1
0
0
0
0
0
14
0
0
0
2570
296
43
0
442
256
1
9
36
2
868
0
0
0
0
0
17
29
23
0
0
611
7
18
0
16
0
0
268
521
0
13
7
0
738
0
459
0
0
135
43
26
44
0
0
0
0
0
0
0
6
97
29
0
0
4
503
1068
0
5
3
17
3
23
14
767
0
0
164
2
0
0
0
0
0
336
0
0
0
0
76
0
0
0
1415
0
48
103
119
56
0
0
115
0
0
3
88
0
28
0
7
0
779
3010
5
215
6
7
0
211
125
98
0
193
0
0
3
0
67
0
3
0
0
0
1
0
74
29
101
44
55
93
13
5241
531
41
0
29
0
0
0
0
0
0
15
1
0
0
0
50
136
32
2
4
6
33
0
92
28
752
0
11
1
30
0
12
0
3
0
0
4
263
0
8
0
3
354
0
0
0
7
0
354
722
2
0
0
201
0
84
351
78
464
395
0
102
0
168
7
0
0
0
38
0
119
0
0
366
0
0
0
0
0
0
0
0
681
19
44
334
0
5
3
0
232
0
0
0
0
3
0
0
24
6
0
0
119
60
159
0
0
591
0
0
293
0
0
0
0
0
0
0
7
53
0
0
3
17
0
67
0
0
0
0
0
0
0
3
1
74
1
0
3
0
15
0
27
0
0
0
0
0
10
1
759
10
0
174
0
0
33
3
0
4
431
0
0
136
0
0
0
0
0
0
200
9
24
0
129
89
2
0
10
0
0
0
0
0
0
17
0
0
0
12
0
0
140
77
22
0
2
406
527
0
0
16
0
507
0
8
0
73
80
867
0
0
42
0
0
1
49
12
11
0
0
0
0
0
157
5
0
326
0
292
0
142
0
7
40
16
40
557
0
736
20
2
0
0
111
0
0
124
0
22
0
0
4
0
566
7
0
0
0
0
3
0
37
0
0
416
1
0
2
0
0
0
6
157
54
24
0
0
26
2374
387
0
17
0
0
0
7
0
0
0
3
42
28
30
63
1101
0
1
0
548
0
17
0
0
0
0
707
292
10
1
0
95
0
0
8
97
0
0
0
0
3
64
0
0
1
0
0
3
0
7
0
2
795
13
39
0
0
0
0
8
0
0
0
8
3
0
0
0
23
11
0
190
0
0
0
0
0
0
0
0
0
0
0
0
1912
2
0
0
77
0
50
50
75
0
2
9108
0
0
0
181
17
0
0
0
0
0
0
0
0
0
137
1
0
0
17
0
0
0
0
0
0
0
0
0
0
84
0
0
2
6
3
1809
11
7
0
6
0
0
3
0
0
1991
502
175
113
4
0
0
109
0
95
58
412
380
15
546
334
523
0
136
140
0
11
0
0
0
0
0
396
0
0
0
0
26
23
313
0
293
3
87
0
0
0
0
11
59
4
0
0
11
59
11
31
11
91
0
1
10
26
0
0
0
0
0
0
0
4
0
0
0
0
0
0
70
26
0
0
0
975
0
0
2
2232
154
0
193
0
2
0
0
7
361
0
0
760
2
0
445
0
0
61
24
0
0
0
0
0
229
0
0
1
4
0
0
366
389
0
0
0
0
0
11
2
0
0
151
7
0
0
25
2
0
0
1
679
0
0
385
2
0
1
178
0
0
96
0
0
31
0
0
0
0
138
1
0
0
59
12
0
1
6
0
0
49
6
0
2
0
5
65
0
100
0
0
0
0
745
0
904
0
0
6
0
0
0
0
0
257
571
0
0
0
23
0
149
0
1
0
48
81
2
2
0
237
0
0
139
46
0
0
3
0
0
1529
0
2
0
921
0
0
2
45
0
111
1906
0
0
0
7
0
0
0
0
0
0
0
110
54
0
0
6
1
0
1
0
0
0
0
630
0
92
0
50
0
0
0
0
1
0
0
0
0
0
0
0
2
0
0
1
0
0
0
428
0
86
0
0
1
53
0
2
0
1226
0
2083
0
455
0
0
0
0
0
11
0
12
2
0
0
0
0
0
17
0
0
0
2
635
13
0
0
260
0
0
0
0
0
0
0
3
0
3
50
0
179
19
0
0
1
13
0
28
0
4
5
59
0
0
0
3
0
0
0
0
0
0
1
0
0
0
0
7
0
53
175
29
0
0
0
0
0
0
0
0
367
0
0
0
17
15
0
7
0
3
0
0
0
107
0
0
0
0
0
1287
170
0
173
0
0
1
0
0
0
0
0
51
294
13
186
0
0
0
210
509
1
13
112
0
1
1
0
0
0
1709
0
0
0
0
4
1074
0
465
10
0
3
0
395
0
0
0
0
0
399
0
0
0
0
0
0
7
0
0
0
432
129
0
0
0
871
0
6
157
0
805
1
0
0
0
0
0
0
22
1
0
0
0
3
0
0
0
0
73
0
33
0
5
628
4
1030
0
7
0
0
0
16
0
0
4399
2
0
0
0
0
0
0
0
0
17
0
0
0
0
0
344
0
168
0
0
21
0
624
97
0
506
0
0
639
0
9
0
0
0
0
1501
0
0
0
0
0
0
1349
10
0
77
3
0
0
0
0
0
56
0
80
0
7
7
0
73
6
0
141
0
0
0
0
0
0
0
0
9
319
1
0
0
0
0
0
0
0
0
16
74
0
0
0
0
485
0
1
0
2
0
87
0
0
0
0
0
0
0
0
0
2
0
5
0
9
496
2399
296
3
0
0
0
253
0
0
3
0
0
0
0
0
0
48
0
152
16
0
0
103
0
0
0
0
1224
0
0
140
0
0
3
89
0
1
57
0
9
0
4
683
314
31
6
0
52
1
24
0
37
0
8
2
121
0
542
0
1
231
0
295
253
30
0
4
0
308
3
0
178
121
0
214
4
0
0
34
0
634
0
0
0
0
1
1140
1061
615
5
0
0
1
0
0
507
117
145
0
265
1
0
5
4
80
0
0
63
0
7
65
25
0
4
50
14
0
0
0
103
21
62
698
55
78
91
0
2
13
187
0
73
0
0
29
0
16
0
0
85
4
0
3
3
0
29
0
62
1152
0
0
1848
0
0
91
1642
0
5
84
2
0
0
9
3
0
0
0
0
5
0
5
36
27
1945
305
0
567
6
108
1191
14
0
55
6
0
0
4
0
52
9
20
7
0
0
15
119
506
0
0
478
6
32
0
33
0
62
125
110
10
0
43
0
237
0
0
0
0
96
0
21
45
161
61
0
2
190
9
207
382
61
0
0
102
728
4157
0
0
12240
107
243
0
0
0
0
138
214
0
31
29
444
2
0
0
283
0
219
0
3
1731
4
101
1590
0
0
5
2093
3
4
73
123
177
213
592
0
0
305
112
17
0
65
16
0
93
902
0
5
12
120
0
0
0
0
0
0
6
0
0
17
474
37
281
72
133
876
0
6
94
0
50
0
858
0
201
21
398
0
1
0
74
2
1326
556
3367
0
0
115
178
0
276
153
0
0
0
31
0
658
0
69
0
60
495
9
4
0
3
462
0
0
4
78
0
146
0
1
7
0
17
47
0
215
0
549
43
0
59
24
0
972
0
1296
0
132
0
1
0
24
442
377
18
0
0
567
0
593
0
0
310
342
25
0
1
104
209
0
166
0
8
0
178
56
0
0
4196
0
0
320
2
103
64
133
2
6
46
16
6
125
0
81
93
1
197
803
193
46
8
793
99
1
539
18
0
90
0
1
12
94
8
0
89
97
804
9
7
0
0
0
906
95
468
161
584
0
32
1
0
0
51
493
49
0
0
28
30
0
4
41
157
931
0
11
155
0
284
14
97
35
0
1
34
20
407
0
0
44
6
11
182
33
0
39
0
95
14
13
0
0
37
31
336
0
0
0
0
9
7
8
266
10
0
0
26
0
0
0
104
2314
5
0
0
0
52
731
44
131
3089
231
27
4
0
69
43
0
352
3
113
56
41
15
8
0
6
294
39
0
12
6
2
228
0
4039
2
448
21
1
0
77
8
0
0
23
0
14
103
19
0
167
0
4
23
0
21
166
0
0
34
667
0
0
33
49
0
0
323
793
0
1
40
1
0
0
716
37
18
2
39
0
0
0
226
37
247
0
43
0
6
14
3678
0
0
0
6
526
25
0
0
0
25
192
0
146
131
0
0
549
832
4
0
3
13
0
3
9
0
1666
60
555
613
0
0
0
838
0
0
0
17
14
2
184
0
3
69
0
0
3
433
160
126
261
193
0
0
2
2
174
0
0
313
53
0
130
0
2
0
442
454
1819
276
0
289
33
3
789
0
0
0
29
0
419
253
102
14
640
48
0
293
0
0
34
0
1165
0
53
83
196
42
557
33
0
5008
0
0
0
16
0
0
1107
0
159
323
327
1
97
0
106
17
0
91
10
100
2986
0
0
0
382
1
195
19
120
0
23
67
8
109
0
3
0
0
0
1262
0
136
0
0
0
3
55
147
824
0
4
0
0
2
0
0
0
0
951
610
3
0
11
0
0
85
0
0
4
2
0
0
84
6
584
231
0
2
0
46
79
152
31
2
0
68
0
0
5
5
2070
36
0
0
295
6
3
425
2
130
0
3278
247
2
20
0
0
300
0
0
0
29
33
43
0
0
104
156
22
0
171
210
0
0
0
1832
24
21
92
313
3
37
0
55
0
91
11
0
1
0
106
406
0
492
231
0
7
0
0
1
363
547
0
125
0
0
145
137
130
0
154
0
163
111
42
0
14
18
0
5
6
8
0
0
2972
35
12
0
0
0
0
823
84
147
118
0
0
34
58
27
123
2
0
0
1
0
0
0
716
0
0
21
8
74
122
554
0
0
139
1
1301
4
226
0
133
0
80
11
165
0
95
42
108
2
0
0
884
162
27
0
439
408
0
165
0
16
0
0
0
0
376
52
0
457
0
4
83
0
5
0
803
49
0
1
0
82
787
152
0
0
4
26
0
0
13
128
9
1
0
9
3
77
0
0
0
248
5
4
4
664
0
38
18
26
0
0
13
451
0
0
257
0
0
1
0
0
20
22
2
6
52
0
0
3
0
0
9
6
0
0
55
19
777
0
1
0
7
6
13
1
0
0
0
9
5
0
39
18
0
0
1
0
2
0
0
25
0
1
37
0
0
118
0
0
9
0
10
0
6
4
4
23
9
0
0
0
0
7
758
0
0
0
0
71
17
61
11
0
0
84
234
2
915
174
2
115
8
62
0
115
6
20
68
2025
8
0
0
114
2
0
924
5
163
0
2
30
0
62
351
2
292
1
191
6
0
74
58
27
0
0
44
1228
22
18
100
28
0
1194
9
533
2256
0
0
82
62
0
14
25
227
19
11
80
986
17
89
68
1
122
279
294
13
0
0
429
3
0
0
0
0
0
0
0
1
0
58
68
8
266
20
39
0
9
199
46
34
0
0
2
754
9
84
0
45
14
0
7
404
0
83
4
0
0
0
628
0
0
693
0
2
33
0
0
73
18
1481
0
393
2
127
334
35
0
0
0
1
1
1561
0
0
0
2
682
0
0
778
441
6
0
75
1
13
266
110
6
29
181
0
4
307
31
0
0
4
0
0
40
109
0
102
225
0
0
249
1391
55
1648
4
15
0
977
6
204
2
0
24
21
12
0
0
3
0
15
0
40
30
220
0
546
44
332
1109
202
542
0
0
1700
0
0
0
0
195
436
6
0
0
4
0
0
0
0
0
0
0
0
0
40
16
46
78
134
0
3
0
114
0
0
0
0
3
0
47
1
144
0
13
2
0
0
0
23
263
18
0
0
0
0
1498
162
0
0
0
0
114
0
1
0
510
1
13
53
658
0
1032
42
2
4
0
67
0
10
0
0
0
0
5
75
19
0
0
61
4
3
163
0
29
0
4
2
5
395
17
0
23
0
0
44
0
157
161
431
0
0
0
84
411
0
19
0
0
0
0
76
0
7
165
0
2
1
0
0
253
0
3
274
161
72
0
72
77
220
2
0
9
187
28
116
0
0
0
0
5
89
48
617
0
8
0
0
17
0
0
1
0
2
0
0
0
179
57
0
2
32
192
0
46
22
2
0
1
121
0
272
0
236
81
0
3
2
0
0
0
2
33
0
0
2
81
45
0
4
48
286
1
25
0
65
1
0
0
0
0
0
0
42
0
1
6
0
0
0
37
0
3
6
0
0
37
0
8
0
13
1
185
19
2
349
0
0
41
5
7
0
16
0
6
0
3
5
12
0
15
79
0
0
0
39
137
72
251
1
0
25
0
42
0
2517
0
100
76
856
2
0
1208
250
0
0
0
848
3
0
0
34
1
0
1
13
0
137
0
11
329
75
511
0
2
4186
133
0
11
2
38
30
0
1
421
0
2116
0
0
364
0
34
0
2
304
0
0
123
0
206
2
7
11
75
12
38
0
0
336
77
0
0
153
2
120
1
71
7
170
13
1
0
0
0
0
0
210
0
0
290
500
6
4
526
0
1
0
0
0
0
0
795
14
275
25
243
532
26
134
0
148
0
26
494
3
0
13
49
5
0
393
0
62
6
3
3
839
0
2860
0
691
28
0
463
0
0
371
0
230
603
0
5
112
285
125
57
0
0
0
37
284
0
1
0
24
243
4
0
0
0
6
669
0
71
1071
79
402
73
18
968
32
17
14
220
1331
0
0
644
464
63
0
668
244
64
3
2
1
1
1652
1595
527
32
215
0
120
13
0
0
881
10
100
0
288
97
0
34
5
15
489
150
52
150
0
1
70
0
1
0
0
287
0
80
562
27
2
0
1
32
269
0
23
0
4
439
0
666
35
14
0
0
974
0
200
595
9
0
90
335
213
444
81
3
2
0
957
0
1264
175
4
3
0
5
1930
0
1087
107
1540
62
204
390
318
0
185
2
0
4
0
19
151
92
162
0
18
26
7
421
0
0
494
12
0
0
78
130
47
222
3
0
18
2594
0
2
23
3
49
0
324
335
1
26
117
0
117
19
0
0
4
169
342
0
0
0
0
108
0
16
10
24
0
263
3
13
0
0
0
2
12
0
110
5
8
0
86
0
131
0
6
98
7
4
49
24
796
0
5
0
0
112
144
32
614
10
0
0
152
4
26
0
322
193
4
0
239
97
0
60
85
212
5
96
0
0
0
1
1
3
186
448
42
6
3
257
277
1
38
0
10
43
125
237
283
609
1987
0
166
190
0
0
0
36
51
0
405
0
80
226
68
0
99
0
68
649
1099
509
0
1617
1082
0
0
0
0
328
0
0
0
161
10
0
1
0
3
0
3
4
7
91
2043
66
67
12
35
1687
4
1560
0
0
208
1
18
10
3
0
286
24
3
414
1850
0
26
5
0
273
157
0
0
18
0
0
17
0
91
0
221
16
250
7
0
7
431
153
0
0
226
18
0
0
0
0
70
0
1
0
0
0
2380
910
80
189
41
0
20
0
2
39
21
841
12
233
301
0
121
79
28
205
0
70
0
0
0
22
0
237
60
15
47
46
21
78
0
0
0
0
0
0
40
71
772
0
1
0
0
2
0
0
0
39
16
64
0
680
8
129
104
0
2
145
1634
21
43
29
2
0
9
0
52
51
19
0
796
0
980
205
6
2
156
54
117
13
1
3
122
5
120
465
0
0
0
857
0
0
1
0
130
2
59
160
0
0
18
0
111
17
0
1399
0
3558
1
155
411
24
0
1196
2
0
0
178
0
0
2
0
182
0
274
112
0
264
31
2
42
610
175
22
0
1
4
50
0
0
1
24
308
8
2
8
4
23
0
0
121
152
8
0
23
0
29
0
0
1
2
947
0
23
0
0
0
24
0
42
0
485
0
0
250
9
192
0
6
0
183
0
31
6
34
42
2
1268
44
1
5
0
0
0
2
0
96
240
12
0
17
0
0
6
157
0
14
5
7
0
5
0
138
490
2031
17
448
2
2
11
0
40
0
22
4
1707
0
43
157
0
2983
0
0
13
93
0
186
43
0
13
0
0
74
13
0
5
0
19
0
0
0
34
0
0
0
0
321
386
10
706
410
2
808
2
5
0
37
260
1
11
35
0
41
7
35
147
300
1339
0
0
6
0
38
1622
170
3
145
1693
38
75
0
2050
193
10
0
0
830
139
1605
0
0
5
0
101
0
1190
10
28
293
0
7
298
249
3
11
57
1122
0
0
15
18
0
10
324
9
14
3
0
0
481
119
0
0
72
20
5
0
0
0
67
0
0
326
119
41
0
889
0
0
98
24
1
0
0
24
0
616
0
952
0
76
0
447
38
170
0
32
0
0
0
1
0
0
0
0
2
32
1
1163
0
65
0
6
88
53
0
19
3
264
43
28
76
2
0
0
171
585
0
0
88
0
0
0
0
0
957
0
96
577
0
40
77
428
0
0
0
0
162
24
15
0
23
0
0
0
0
0
1
58
142
51
3
36
9
0
0
0
4
117
6
2
5
57
147
77
0
0
96
0
0
0
32
0
0
122
14
19
143
1
3
0
268
0
0
0
0
4
132
26
0
0
291
38
300
18
303
7
21
12
4
38
186
0
0
0
0
282
79
27
127
285
0
51
251
0
0
0
0
153
0
10
37
0
0
537
0
83
6
18
3
33
224
1
705
0
262
7
0
2111
25
610
0
451
0
0
757
140
11
0
22
407
1
72
0
0
136
83
2863
31
0
0
0
0
0
694
2314
44
85
8
572
0
556
116
0
0
819
0
65
10
6
804
130
326
72
210
9
3
65
674
35
0
1
0
0
0
463
0
36
48
0
24
3
161
35
277
574
14
91
8
133
0
351
3251
96
1
522
140
45
18
0
61
12
654
32
0
8
8
0
1
0
210
0
12
0
3
87
13
0
0
21
0
220
0
19
0
367
2
371
0
374
0
0
13
28
2
0
3
471
3755
34
56
34
573
0
484
65
306
2256
5
88
0
28
195
45
0
60
0
22
2
0
14
45
536
11
3
1
0
0
295
46
139
0
60
922
835
7
0
0
0
58
328
0
92
0
547
381
107
33
605
25
67
0
1
625
0
1
0
0
190
0
1
0
86
0
0
3
864
0
0
2
245
688
229
18
199
11
1271
0
105
11
0
7
45
15
12
1
53
284
7
0
0
387
0
820
1
62
0
0
2860
0
0
20
8
0
1
0
86
256
48
0
35
0
0
77
94
0
4341
2940
0
508
102
0
0
0
166
296
56
0
0
0
59
11
1096
18
211
78
2
181
0
672
30
44
138
0
15
0
41
893
0
19
0
0
18
1446
59
16
441
0
0
1
0
4
0
82
185
0
18
165
3
0
0
7
374
0
9
176
139
418
0
1
7
2
20
874
122
0
216
20
0
25
0
0
0
554
78
0
362
0
916
34
5
515
281
0
0
2
453
0
76
0
3
0
0
426
1
1
24
1
0
2
0
7
14
71
41
1307
0
1
2
59
0
0
0
604
0
0
0
0
0
0
231
0
0
0
0
26
0
0
0
0
943
8
21
0
64
0
0
0
1058
0
1
724
0
0
0
373
27
695
22
0
0
59
166
47
0
136
861
1
0
0
50
0
0
18
0
3408
0
11
104
48
0
0
0
23
2
209
32
65
407
658
0
0
369
441
0
0
0
37
308
0
161
0
82
236
11
23
12
0
25
1
12
0
175
0
5
0
1
63
44
61
117
0
162
592
38
0
201
0
121
0
210
199
241
0
0
107
566
0
100
2
3
0
335
0
0
0
22
337
1
3
79
114
506
37
155
4
194
0
18
515
132
3
0
0
278
262
774
94
0
44
0
22
1
0
18
0
0
0
0
0
227
32
0
0
0
668
25
0
28
3
0
0
667
29
0
7
0
358
1300
62
1834
0
0
0
0
0
228
0
0
55
7
422
0
0
38
0
0
3
128
454
0
0
926
0
7
3
0
8
0
32
0
0
8
0
15
7
49
0
47
87
0
23
0
0
2
209
0
253
430
0
83
6
93
2
24
0
76
0
218
76
0
202
4
0
57
0
3
49
181
2
0
92
0
0
0
214
0
9
0
903
125
31
300
0
0
0
4
230
107
19
91
2
0
1
5
0
0
170
760
0
877
11
111
7
92
7
0
65
410
3
0
6
199
15
11
0
52
260
136
3
241
86
0
4
4
2
176
817
322
0
12
414
0
812
0
0
0
10
230
39
553
0
0
0
0
0
0
88
0
0
0
116
0
0
0
97
1
0
317
0
0
0
2173
0
26
252
0
151
0
5
0
0
68
0
29
0
101
82
423
0
346
0
183
0
0
0
0
3
2
59
0
8
0
11
0
0
0
12
3
341
139
1178
0
19
13
95
7
1228
0
26
0
0
0
234
2
145
0
0
228
1
80
3
0
1
1
450
179
98
63
131
47
0
1
3
1
38
0
9
92
163
32
0
3
0
4
99
92
18
298
11
369
0
14
164
0
1159
0
133
0
0
577
0
109
53
467
0
8
0
26
72
2533
135
5
35
0
0
0
1
0
99
339
142
5
461
130
112
0
282
159
37
170
0
15714
17
44
2
229
264
198
3140
0
237
14
6
44
51
0
233
12
0
398
25
0
250
108
2
247
1
0
8
551
0
36
63
24
91
12
6
0
0
2
0
0
99
122
121
0
920
0
0
0
0
59
365
21
45
2612
0
3472
4
0
42
0
0
0
14
2
0
0
395
190
8
0
20
246
630
1
69
199
324
0
242
0
0
2944
24
1
0
0
1
17
0
0
116
0
3
56
1370
25
300
19
0
630
607
856
158
145
0
167
359
0
0
19
35
711
0
0
671
51
0
0
0
0
2
93
18
466
0
0
39
1
10
7
2304
276
0
0
0
1
360
6
0
0
25
0
0
0
57
101
1345
27
290
361
0
0
0
45
0
0
1
10
2
244
1
0
191
683
74
0
436
618
87
55
25
5678
1
0
0
1
2125
0
0
0
13
0
0
0
1
11
105
23
0
11
0
352
0
0
135
615
0
976
13
37
9
0
0
2
42
19
4
0
9
0
0
9
0
0
0
187
181
24
0
105
338
0
0
274
37
0
122
186
3
1
21
0
0
0
0
385
796
0
0
0
322
40
0
439
0
2357
35
0
0
238
0
6
63
67
0
145
26
102
1030
244
0
0
25
0
0
0
0
110
4
0
81
0
7
3
343
1
54
7
0
6
0
75
32
93
58
0
0
71
0
17
0
2
0
14
4204
27
8
2
58
0
115
0
0
48
39
44
63
844
0
0
44
67
81
100
0
108
32
0
10
1283
89
49
62
0
11
0
0
0
0
22
12
43
3
9
0
0
59
127
383
42
0
5
113
176
179
6
219
3
15
3
0
94
0
0
1
0
0
0
16
21
0
81
16
0
1
0
0
0
435
0
288
3
0
0
60
4
333
13
1069
36
270
0
2
57
2
0
0
0
0
187
0
12
14
0
0
0
5
825
0
3
0
0
879
0
0
89
0
817
192
0
910
1
10
2133
0
152
4
0
0
3
1
3
1
24
4
2
4
136
696
193
124
968
2
46
93
430
13
1197
41
7
1
188
528
57
1962
11
45
69
0
0
0
26
262
424
9
532
321
3
2
0
302
2
0
0
12
2
1729
17
0
5
53
1107
152
11
16
0
9
2
141
1
859
169
80
51
255
0
101
0
17
4
5
1104
642
1270
0
362
1
84
58
122
0
0
0
0
0
0
602
0
155
167
3
15
3020
66
177
43
178
26
1
17
27
2552
0
0
0
135
0
177
581
134
0
95
6
278
3
25
0
558
420
16
0
2
84
335
0
7
0
54
22
2
0
59
0
0
3
3
0
388
0
1789
2
1
50
2450
0
66
5
0
30
0
130
0
1
6
549
12
0
435
159
74
164
2
4669
122
27
2
0
0
19
0
0
165
0
0
0
78
84
5
512
0
0
28
7
0
70
0
938
27
81
360
148
668
0
209
0
79
0
1037
11
497
0
0
0
0
3
483
22
0
8
462
20
193
0
521
242
240
87
83
25
0
18
2
11
0
0
0
104
0
0
378
0
21
82
468
84
0
0
1
27
0
0
0
67
440
19
0
595
145
216
0
0
0
121
6
0
74
191
11
0
0
166
0
0
55
0
8
138
33
2
0
68
3
440
0
79
3
0
3
0
0
60
0
25
0
54
184
0
0
221
0
209
0
131
0
0
19
6
128
360
575
0
0
7
116
0
0
77
4
394
153
3272
0
33
39
58
117
101
0
0
0
69
30
0
0
0
0
0
2
0
0
282
61
0
6209
1424
6
0
1
0
350
0
58
1
699
113
0
2
1844
484
0
0
6
251
24
0
0
53
9
0
191
1814
0
627
0
0
288
776
101
20
3
0
0
495
1391
0
95
0
416
0
0
0
2875
922
0
0
0
941
301
4
310
0
0
5
0
6
126
380
0
203
0
0
0
0
16
0
23
49
0
49
3
101
0
0
47
42
23
0
547
0
96
0
80
0
10
1274
2
0
0
60
34
0
299
2677
2
153
59
24
251
35
0
0
30
3
26
441
0
30
5
0
0
0
150
241
273
0
0
72
171
212
36
0
196
48
530
3
0
173
67
30
0
20
12
83
133
0
156
1
49
6093
640
187
0
146
1
348
214
0
0
107
185
30
14
15
3
0
0
0
0
0
2
0
21
641
135
95
0
0
6
0
110
16
831
0
0
0
0
0
0
99
1361
1
39
28
0
54
0
0
535
133
0
2
6
0
5
550
47
28
15
147
0
0
123
0
0
22
0
24
155
12
0
0
453
3
1
2
0
579
0
12
95
0
0
112
15
293
0
2
4
133
0
70
1
0
0
0
676
0
0
182
10
49
0
1014
0
37
0
117
27
13
2
3
25
5
1031
24
0
2
2
0
42
0
0
478
20
68
184
0
5047
14
14
197
1
14
0
0
234
41
139
0
93
0
2
78
679
7
112
23
23
201
50
0
0
78
0
0
0
225
975
0
25
94
171
182
0
0
0
0
39
6
2007
0
61
0
16
397
57
74
204
5
34
0
23
0
0
37
1
0
0
191
105
0
5
1728
0
0
0
0
50
186
10
2
328
0
43
15
411
391
4
111
0
31
436
51
440
1
0
3
79
0
0
0
338
4
739
930
0
10
0
1
25
7
93
0
0
163
57
108
3
0
65
22
783
0
0
92
0
17
0
0
447
17
462
0
0
0
0
10
3
552
399
0
10
37
68
398
77
0
0
6
90
0
11
1
1124
4
298
0
142
1
0
1
5
0
731
456
19
12
25
0
0
466
0
0
65
0
4
0
11
0
125
0
1
23
2
0
1824
276
18
617
2
0
0
976
0
27
0
50
1
0
35
0
10
0
223
590
5
0
1262
0
0
3
62
194
0
191
28
0
7
0
0
338
50
13
2
0
93
0
1
0
3
0
75
8
0
0
0
0
0
0
4633
0
7
3
290
0
39
0
0
1151
58
87
4320
121
2
510
0
9
19
33
42
0
377
0
277
0
0
370
0
84
0
0
19
585
56
0
0
24
246
457
389
50
0
0
148
0
0
0
17
42
5
0
14
0
2
89
12
107
155
0
0
0
10
70
29
1754
0
25
0
54
0
1182
106
35
49
1306
0
178
44
0
78
255
1
0
7
38
24
35
0
0
0
0
85
327
6
12
30
21
901
2
1
170
25
356
14
0
459
0
13
0
53
446
8
39
30
386
0
42
6753
6
1
0
197
0
136
204
2
81
181
1048
655
0
0
77
0
2
41
166
16
41
0
21
111
0
0
29
5
2
0
0
0
0
2881
0
0
0
750
0
96
0
74
2108
0
0
16
4
5
3
1
11
90
72
318
2
0
115
210
83
307
284
53
0
67
0
107
1065
10
190
0
24
1608
0
204
31
0
1
370
0
559
122
3
0
57
0
2
0
0
0
301
0
0
210
241
0
5
0
77
0
114
21
141
1
0
1218
2
220
2
1038
238
0
17
571
0
96
24
13
0
273
0
40
180
1153
1
0
0
4
9
131
0
6
0
375
0
0
1
0
304
0
1942
0
3
52
0
0
0
144
0
28
0
125
0
4
123
0
16
0
8997
0
18
2
0
0
0
99
0
0
1
46
0
4
1
1
776
0
436
169
112
0
0
133
37
0
0
0
0
6
0
229
206
7
0
343
3
0
255
0
729
0
0
133
0
1
40
291
0
830
8
17
0
0
0
0
0
235
0
4
0
0
240
4
0
953
0
0
4
29
40
3
8
0
453
4
9
0
29
10
0
0
45
297
0
66
55
0
67
0
0
832
2140
0
0
0
0
279
0
210
6
47
0
0
7
0
408
36
36
8
0
313
0
2
104
69
21
4
0
26
0
0
121
7
0
148
622
1
236
0
0
10
171
0
10
0
13
79
4
179
0
22
0
0
0
4
451
0
91
0
2
1
249
1
0
57
45
0
322
121
0
46
0
0
42
17
3
75
111
0
0
5
0
1
2
104
0
0
0
50
0
752
0
44
0
122
0
108
77
562
5
1
28
0
715
19
30
54
0
0
15
14
706
0
0
26
1
28
167
56
330
85
0
0
276
0
19
0
755
2693
2074
0
22
23
215
91
0
10
0
112
23
32
12
118
21
2072
125
504
186
1181
471
0
0
3
1
64
433
0
138
0
12
20
0
2759
2
10
4
20
57
0
0
396
0
39
0
14
0
0
0
280
0
28
0
0
0
0
33
3
5
273
4
102
0
347
7
1
4
1
189
0
7
0
18
88
0
385
341
0
16
3000
43
15
3
0
0
0
360
0
0
0
22
4
14
0
0
75
584
139
0
0
0
0
202
0
0
0
0
9
0
31
31
0
0
0
342
6
3
0
4
603
929
231
1273
0
0
209
0
0
0
98
1046
147
21
3
157
3
0
52
86
1
0
0
0
5
1
0
1
0
0
0
0
6391
0
90
38
1
19
23
582
501
820
0
2
3
213
0
14
75
0
0
0
39
203
4
0
0
31
0
934
124
6
0
19
1
0
232
7
0
16
0
39
3
0
17
1602
114
12
173
43
26
195
1187
2
15
0
0
22
0
402
43
671
1175
0
0
21
27
330
0
3
0
89
88
82
150
29
343
0
0
86
3
1430
4
0
0
4
6
0
20
0
69
65
0
60
0
232
151
37
364
0
51
0
77
90
2470
396
0
0
268
1
47
0
1463
0
0
2079
0
0
7
0
0
5
1
0
624
0
1
298
0
0
0
9
6
3
29
0
1
324
0
103
166
13
0
0
689
24
1654
6
75
0
197
473
1
0
165
99
3
30
0
0
136
2
94
0
0
190
3270
7
35
156
672
0
1
4121
0
0
1099
839
2
254
56
2708
1
0
0
290
23
221
8
0
840
0
18
2
2
0
3999
1443
25
1
183
5
561
1926
27
0
1579
0
0
10
1
51
1
0
749
0
0
45
280
417
0
574
24
391
16
31
16
0
41
0
1179
277
170
0
0
18
0
1260
2
0
1117
444
0
0
18
2
352
0
679
158
102
285
0
0
1281
329
152
97
0
0
186
655
339
0
0
229
97
0
0
1
0
201
0
12
6
1344
423
1
0
4
2
4
283
48
0
187
13
0
45
253
0
48
575
0
1
34
60
62
2
104
0
225
25
51
2
98
0
0
0
30
378
4
685
146
1
5
192
144
151
82
33
44
2
196
10
30
18
0
8
0
0
0
0
0
0
1678
667
21
4
0
0
0
1687
161
37
30
33
0
968
0
0
3
0
268
324
119
17
3
209
305
182
0
57
34
0
10
0
1
0
1
85
633
134
0
7
160
8
32
0
1
6
10
95
2239
0
0
0
11
66
1
92
0
13
9
10
0
476
3192
876
4
131
0
14
0
6
3
0
0
546
35
522
164
377
2
267
0
526
0
546
0
3
123
32
31
486
587
869
404
0
948
0
17
2
12
579
18
546
45
136
23
115
6
0
21
6
38
130
79
0
219
60
0
1661
76
39
730
65
439
198
1809
31
453
51
0
0
2
0
5
29
1062
0
35
440
1
328
0
0
106
294
698
0
0
0
0
22
0
37
75
2001
0
5
311
885
0
834
86
0
739
1721
107
102
363
58
0
706
1
2379
63
62
181
171
0
0
0
0
10
0
0
0
18
0
0
2
49
0
53
0
2
18
186
0
2
0
9
0
21
0
0
569
3
0
0
478
60
0
0
169
809
0
168
0
509
157
33
55
821
290
15
38
0
0
0
110
248
32
3
1
0
4
1
0
0
0
0
118
278
43
0
4001
0
2
0
47
8
153
0
0
134
0
203
114
47
0
0
0
972
60
0
30
0
0
186
545
7
0
90
0
448
0
351
1
1751
954
0
0
9
331
0
41
80
0
96
234
6
411
41
0
2
1
0
98
90
366
0
19
0
7
127
0
3193
13
1
0
45
0
3
2
0
153
551
7
1163
74
1916
19
37
200
540
877
7
2
9
7
45
95
0
509
8
0
0
0
9
1
19
8
4
1
8
0
0
1
193
113
0
3
0
27
8
44
17
228
12
6
0
186
12
1766
6
107
25
400
0
84
266
0
82
31
288
0
323
122
582
2
231
168
2
0
1
20
148
8
172
33
24
7
158
196
0
1019
926
234
0
0
330
13
0
493
0
45
0
49
0
0
0
0
82
21
10
0
848
334
8
1
447
20
0
214
213
0
0
0
65
0
24
20
0
3002
221
3
38
112
22
0
0
64
21
384
263
13
3
117
28
72
0
0
64
3
0
0
29
1
1
0
62
35
0
42
0
28
3
259
191
0
5
10
1
1246
53
0
0
223
2
0
0
54
1238
175
0
0
478
3
0
0
0
376
676
30
0
270
0
2
10
57
48
28
0
575
241
216
0
0
3
24
14
6
54
100
30
1
0
22
0
0
2713
0
0
33
22
972
35
5
0
0
4499
1777
191
173
0
8
0
3
76
0
3
135
181
504
804
2
895
1
393
0
0
0
4
66
0
0
0
0
0
65
0
98
1
272
9
3
0
74
0
292
17
101
1
0
1
930
182
3
0
0
0
0
23
16
2
97
0
170
3
257
237
4
0
5
0
0
1
42
0
240
1061
0
0
0
1893
17
0
7
6
101
2
27
2
18
116
0
14
224
0
0
23
0
53
829
0
28
338
11
2
0
118
0
0
4
47
0
0
102
0
10
0
0
247
6
23
2
0
0
5
0
894
0
0
1
0
654
0
222
26
0
62
109
0
0
323
0
29
8
0
285
0
0
233
0
0
17
11
0
10
0
2858
1
5
0
1
32
0
279
38
16
10
103
10
23
48
64
0
0
0
0
635
235
0
0
0
0
124
88
69
23
0
48
234
1507
0
0
0
290
17
0
562
658
0
0
192
17
0
1
3
1101
31
15
172
14
0
56
0
4
8
0
0
1
38
27
0
0
577
385
622
70
0
147
4
2183
0
4
0
1
280
32
952
33
0
10
39
299
0
0
411
2
15
0
13
31
200
4
66
0
2
54
538
1
0
744
10
797
0
0
0
0
106
4
319
0
25
2
1
0
0
1405
634
0
77
229
9
68
852
515
68
112
23
2
0
0
0
265
0
59
162
233
6
367
110
179
0
0
0
1
0
18
21
31
0
0
209
0
138
179
0
699
0
0
265
233
11
1077
1515
14
13
32
100
0
838
0
0
0
655
0
2
56
0
0
1486
1
15
30
0
1337
0
0
0
578
92
376
332
281
0
468
272
0
242
26
3
176
125
33
164
0
0
12
0
3
1040
15
7
0
0
0
0
0
224
9
0
29
75
71
15
969
80
0
0
0
1106
174
48
13
4161
0
0
125
1
15
0
89
0
25
0
7
16
0
4
313
3
173
220
36
0
2
17
5
0
128
325
0
843
0
5
0
6
3
0
0
28
1025
0
24
43
31
3
8
0
121
2
84
36
0
0
184
2
88
312
0
0
148
576
9
0
2590
94
5
1
60
4
425
0
2
6
0
1702
0
0
0
0
221
0
21
9
0
0
17
0
203
39
0
364
85
7
1
22
68
0
131
0
4
153
0
0
0
251
0
41
51
0
400
77
159
282
7
8
305
0
3
1440
7
31
0
2
0
407
23
0
124
0
75
58
12
299
0
21
100
81
151
0
552
2
0
307
0
2
0
563
91
0
106
94
0
4
1
854
0
208
0
0
7
0
25
0
0
47
0
85
189
0
12
0
0
73
45
652
113
0
0
0
100
28
99
0
89
65
0
0
31
0
0
0
3
16
0
13
52
0
0
0
0
1066
3
4
27
9
0
0
0
234
129
2425
0
0
88
13
3
69
394
110
0
42
89
100
8
2
28
1
16
63
231
0
0
25
3
0
0
17
13
0
0
0
13
0
0
1
20
12
142
78
0
61
146
29
0
2
179
31
0
104
0
0
297
0
2
139
0
1639
0
58
3
10
2
0
0
1
13
0
1
1
0
11
6736
10
137
0
0
0
30
169
74
2940
2
7
48
2
0
240
92
0
2724
4
131
9
2
60
0
2
181
0
0
10
0
14
206
6
1987
0
0
1356
8
0
2107
0
0
157
199
8
0
0
806
0
448
953
7
15
0
1023
144
88
0
52
27
0
0
1
0
189
6691
394
0
1372
0
77
243
0
0
85
0
115
262
33
0
196
42
221
18
19
929
196
1
0
322
481
0
44
0
0
0
105
50
85
27
84
2
24
0
8
18
0
3
0
0
125
1
716
0
175
0
39
0
75
3043
1
159
1
27
15
0
7
49
10
0
21
279
0
0
0
0
0
192
0
0
1
0
27
71
12
44
1268
0
0
2
2
0
0
167
0
1
0
26
0
166
0
0
0
31
0
28
90
0
0
0
99
184
0
1
0
0
10
0
0
71
62
2
79
9
573
76
0
11
0
0
435
0
0
30
0
0
0
55
0
28
0
1
0
64
48
82
3
14
0
0
37
0
234
0
65
40
117
769
8
0
1
0
5
0
3
0
0
0
98
67
2
2
0
222
0
60
0
80
194
3
17
49
22
0
21
21
0
0
0
0
0
1
13
6
99
0
0
634
85
79
35
63
0
444
101
0
144
43
435
190
46
1
0
7
14
0
0
1781
4
0
254
0
1
0
222
34
0
0
100
0
0
0
45
4
0
11
116
0
0
1
1
0
2
237
1
531
31
0
20
415
3
9
12
53
1
13
10
0
0
2
118
81
7
0
454
6
0
0
0
0
3
0
2
144
6
0
0
0
3
16
252
0
0
0
45
4
0
42
802
38
0
0
0
0
0
0
19
19
29
0
30
61
12
0
0
182
50
7
0
0
0
0
0
37
0
1
0
84
0
0
0
1051
0
107
25
9
29
0
0
0
0
141
163
0
0
0
0
19
167
0
45
17
5
345
17
184
3
2
23
367
1522
0
0
5
9
175
1
16
0
2292
0
0
0
7
77
0
15
1
0
207
0
106
11
0
0
29
0
642
2
30
857
75
0
0
70
1
10
74
149
0
0
11
0
497
9
0
0
12
0
11
0
0
4
35
211
2
0
46
3
0
74
0
1
156
0
3
0
217
3360
0
0
0
0
53
0
23
0
72
172
17
574
2
4
0
13
484
88
19
69
66
1893
426
0
0
1
4
49
188
0
0
25
0
274
8
531
0
47
0
0
0
795
80
0
81
224
39
0
1265
44
58
0
311
8
44
0
0
12
28
0
0
1010
16
0
0
13
1
27
138
18
0
1
0
248
227
27
0
0
36
0
227
0
9
0
9
129
0
4
0
0
36
0
1
0
871
0
41
1
31
7
0
5
1
1
101
138
0
0
0
40
1
170
137
0
430
213
3
0
7
0
15
2
21
28
1
0
0
2080
13
0
366
0
0
192
0
3
13
171
24
0
290
17
237
0
12
0
10
33
161
0
0
0
2
0
45
0
25
5
3
25
124
11
0
0
0
0
10
319
111
8
0
0
126
103
1
66
123
299
97
0
34
20
100
0
3
203
37
1056
0
215
2
0
0
0
2
13
0
30
4
152
8
0
0
1
69
237
4
420
0
110
989
91
0
10
1
0
2
187
0
0
0
112
0
42
3
59
4
57
0
0
0
451
17
76
2
0
1
303
5
73
0
3
43
122
3
38
1
876
0
20
20
0
0
38
0
85
466
3
0
0
210
9
60
82
0
0
0
10
0
0
32
74
1390
425
16
0
101
60
43
576
0
2
0
0
0
1225
0
46
0
277
0
103
100
0
0
0
87
410
161
45
17
8
2
26
3162
1
124
13
0
36
20
23
68
0
0
4
1272
6
0
217
31
0
1278
0
4
44
0
76
39
503
38
2
274
0
5
1
3
849
8
59
1
174
4
2
2
1
0
2
66
85
0
14
103
1
0
115
1140
0
0
163
0
0
0
8
0
0
127
0
324
12
4
4
0
60
13
1
6
152
10
562
318
50
395
3
106
0
291
0
0
447
45
0
0
0
355
0
23
12
149
0
26
0
9
0
249
0
2
2
0
0
106
0
0
0
137
159
0
226
29
0
24
0
0
76
0
123
67
285
0
3
42
663
1
9
0
0
255
37
0
0
864
104
44
9
1
0
9
0
1
381
0
4
0
68
0
7
0
13
1
0
206
0
13
3
760
0
2
11
0
0
4462
5
65
0
1
0
0
43
223
80
0
464
24
203
0
0
178
0
0
116
21
99
0
2
36
819
453
45
0
1380
0
137
112
0
29
0
11
4
345
53
49
165
0
0
8
174
0
0
162
3
0
0
41
29
9
0
581
9
198
0
683
134
11
268
951
102
0
0
6
0
0
1445
9
154
46
0
0
6
16
24
2
0
36
95
231
405
0
49
0
0
102
51
9
7
0
445
11
498
0
25
0
33
0
74
81
128
0
96
31
0
12
5
0
0
0
36
121
55
6
24
0
56
56
0
0
12
447
0
17
31
0
0
458
1
984
976
6
0
1802
1
0
162
21
27
228
1
118
0
23
113
0
0
145
0
39
39
0
12
18
4
623
17
0
1
57
170
0
0
0
1
2
202
179
7
0
44
124
382
8
27
355
177
4
0
0
237
172
0
0
127
55
264
0
5
0
33
0
1432
421
1
1
18
0
227
0
0
0
0
0
94
20
0
4
0
0
0
36
754
0
0
12
0
16
0
129
0
0
77
0
13
0
197
6
0
0
47
1
526
505
86
483
119
0
168
0
0
45
2
51
0
0
92
0
0
9
0
1
0
1875
0
0
0
28
1572
0
374
0
30
0
0
102
34
81
72
65
0
186
1
2
0
12
200
180
32
5
0
23
16
2
0
1
510
172
129
27
1422
503
3
1
0
0
0
243
48
0
233
759
312
52
6
6
53
597
1
15
2
426
0
255
0
308
61
41
0
7
0
5
1253
6
74
41
261
42
315
47
57
3
22
0
3
0
0
27
148
147
0
0
204
0
0
0
330
0
6
116
1827
76
0
418
0
0
13
0
156
0
1
0
9
132
2
3
0
33
61
26
23
0
1
0
150
0
60
2
0
0
11
18
1
3
1
122
0
0
0
3818
35
2
0
0
50
102
314
109
804
0
0
1079
0
0
708
0
0
0
9
751
135
0
5
1152
95
3
0
2
1
0
27
1517
9
0
29
8
0
726
0
0
0
1438
85
264
0
214
0
532
0
34
15
0
0
1
10
0
3
0
1
146
17
0
1156
0
0
0
13
1
0
792
4
2
0
1
89
0
1
91
254
0
95
21
9
5
168
1152
42
0
0
2801
84
0
808
2762
0
393
678
15
0
0
0
0
28
195
0
0
0
0
0
0
0
1
2
4
8
14
5
0
61
0
872
40
0
63
0
58
57
1
1
565
4
0
16
0
6
7
0
34
374
314
0
20
160
79
38
8317
175
31
100
1089
580
0
21
3
0
93
0
0
64
0
884
1331
0
0
0
52
171
69
177
225
10
2
0
0
1187
86
0
0
54
5
0
8
624
22
78
14
1
0
277
0
15
604
115
0
40
0
0
27
270
0
9
144
565
0
3
718
259
0
0
2181
0
0
148
0
8
0
0
2
0
0
0
313
74
174
0
554
160
0
0
39
184
124
3
57
0
0
61
0
915
54
478
10
1
10
2
0
27
0
0
0
266
965
576
914
0
41
14
1
181
4
44
0
7
38
530
110
0
0
377
10
336
0
2
48
0
2
0
0
0
541
74
35
0
0
1428
6
1
0
66
3
79
338
1
0
67
4
5
134
0
42
0
0
0
15
0
50
97
0
216
0
0
0
33
3
147
12
626
0
74
648
1
0
0
55
0
31
445
37
0
0
0
0
89
7
47
44
0
2
4802
84
0
3
0
0
1196
0
0
3
349
1
38
10
76
6
0
4
437
0
0
11
6
0
134
0
17
0
310
55
0
931
42
0
666
0
25
0
0
593
0
0
2512
61
0
0
0
95
174
1
27
48
0
740
0
124
15
7
0
11
0
0
8
0
5
189
1
0
28
0
25
1
0
270
5
0
0
0
16
5
0
3
0
0
0
2
0
3
0
127
15
36
99
1
3
81
0
113
0
0
0
24
0
11
0
0
259
1
63
58
6
4
23
0
212
0
1
263
0
333
0
704
796
0
3
22
0
2
104
0
87
2
0
5
143
6
545
0
0
24
37
350
38
651
171
2
55
0
325
188
0
0
204
2
28
10
396
5
0
83
4
528
77
480
0
2660
55
405
1
0
315
1
213
124
3
0
0
0
48
55
76
0
1
0
155
0
0
4
295
3
0
0
0
437
366
271
167
104
0
2
2
61
0
4
0
32
0
23
431
0
245
0
1
0
656
2
17
0
318
1
220
0
14
16
246
0
3
0
15
7
31
34
90
0
205
0
86
0
0
3
0
56
2
104
3
89
0
33
16
2
0
0
0
2
0
0
483
47
50
6
0
123
45
0
5
8
0
0
62
42
466
725
1
71
9
454
1
108
0
21
1044
47
10
170
1
297
48
0
182
1441
8
1276
1
232
11
0
8
0
11
20
2
0
9522
0
410
0
82
0
149
0
77
242
231
0
47
586
0
487
0
0
0
69
4
0
12
20
0
0
91
0
40
0
1187
19
0
13
0
19
119
1
0
670
23
59
0
42
10
0
940
0
0
159
180
0
453
0
2
1
0
58
1114
722
0
0
0
1
62
0
0
5
590
415
10
0
56
0
14
22
0
196
0
186
375
0
0
0
90
426
0
0
0
1
68
0
38
0
0
0
0
0
2
88
0
1
11
43
14
0
0
0
0
0
0
215
0
1
3
0
35
59
169
2078
88
28
335
0
0
0
1
0
0
3
1
34
3
138
1
0
0
0
0
0
0
2
12
0
195
1
1
0
0
15
6
16
3
522
436
135
4
23
44
0
0
3
0
77
5
18
2
0
15
0
0
78
0
0
1166
0
2
0
0
0
31
0
1010
66
21
775
0
0
114
0
636
8
3
0
0
0
57
87
0
175
256
323
513
0
0
0
0
0
13
203
0
280
407
3
49
0
28
1451
0
16
24
49
15
101
301
35
104
3863
974
0
2
4
68
0
0
4
143
2253
3
0
8
1235
0
0
0
0
9
63
227
271
1034
258
0
0
30
0
687
0
0
55
668
0
0
2
141
876
0
348
230
0
638
8
0
1
490
98
162
148
0
464
52
172
0
85
416
869
0
0
10
0
7
0
0
241
19
0
13
59
739
2
15
361
93
10
0
0
231
14
33
0
0
0
31
357
3
0
9
4
2
1
0
0
98
80
237
146
224
0
78
1
0
74
437
146
66
2
209
27
3
2
55
411
2
1061
16
0
133
0
0
114
0
2
0
0
0
0
77
0
0
1
30
0
0
527
1
2355
0
0
0
0
29
0
1
3
689
0
15
0
9
0
0
330
0
0
0
0
69
10
0
6
85
0
0
299
0
36
0
136
4
0
0
42
143
46
228
349
0
0
277
1
1
7
351
18
0
336
0
51
0
0
0
4
401
205
262
1227
1
4
4
43
180
21
33
2
1
56
0
54
0
77
2
508
0
0
87
0
0
53
1
81
338
0
146
14
0
441
0
405
9
8
281
1
1269
871
0
0
15
0
0
0
0
663
0
148
2936
155
32
33
104
3
16
0
13
9
0
0
13
91
173
48
55
0
238
523
20
12
0
3496
1
0
1
270
0
179
93
510
4
33
0
111
320
0
0
790
9
8
0
3
1560
3
0
785
25
273
216
0
129
0
59
176
670
9
0
25
508
0
0
5
0
0
0
442
0
1462
2
0
232
0
0
52
9
86
33
99
541
0
1
54
62
0
2
0
24
0
90
27
0
0
49
0
4
18
0
537
1020
0
145
5
39
0
7
0
22
1
36
0
0
0
0
93
0
848
0
12
0
442
0
0
0
0
227
3
741
0
47
82
95
0
0
0
43
0
0
0
0
100
0
73
0
18
193
0
5
30
39
2
14
0
1
89
9
19
65
0
704
104
194
0
0
294
39
17
109
0
971
90
0
0
98
25
0
229
59
87
6
0
0
4
681
204
68
4
2081
7
0
81
45
21
2
56
4
650
337
108
1731
646
0
107
37
1
701
55
0
0
0
71
197
0
2
378
293
0
236
0
493
0
0
34
0
0
392
47
2157
0
88
0
69
9
76
0
0
17
716
63
6
39
169
43
12
0
0
38
9
0
64
0
122
1150
3
141
0
48
0
963
628
135
21
142
0
159
0
71
0
5
1
10
0
2
37
59
10
929
30
0
0
243
65
53
0
0
0
58
453
0
83
2
40
0
1389
204
36
3
0
0
0
33
35
0
91
87
254
1
0
0
3168
0
13
398
0
227
1
49
5
0
0
107
0
113
0
114
50
642
90
1
0
0
839
0
7
1239
0
23
2
0
0
5
19
0
20
29
24
0
0
20
10
60
0
0
69
9
2
85
18
263
621
8
0
0
25
28
0
799
167
6
81
212
3
2
23
30
0
0
22
487
22
473
2
55
631
64
0
15
261
192
577
0
22
0
146
212
1
102
117
218
12
7
41
0
14
0
0
9
6
10
9
440
176
182
4
415
2
156
0
327
219
0
8
0
48
160
339
275
0
0
37
350
235
3
0
209
36
0
0
0
0
793
0
0
33
3281
0
0
0
15
30
0
823
3
1
0
34
54
32
0
126
271
0
0
607
0
7
0
132
0
5
1
2
38
0
2
27
2
0
43
0
26
304
0
42
0
7
0
0
291
0
2
565
278
2
0
5
30
64
1
14
866
0
227
100
43
342
0
315
30
0
4302
35
30
0
0
0
0
86
5
6
75
45
0
37
0
0
1
129
11
17
50
76
552
596
3761
241
17
1839
0
12
0
460
24
0
6
519
0
32
153
17
80
44
0
0
86
47
0
0
0
364
0
23
241
2671
2
0
3
0
2
2
18
65
1
5
576
206
0
0
9
0
26
6
63
0
0
612
355
0
0
757
240
0
0
36
0
0
143
1
0
68
2
25
0
156
399
499
4
0
0
0
20
81
0
0
285
2
232
0
0
0
0
0
1
0
0
0
67
9
715
179
1
0
1358
24
0
0
11
0
2
0
5
402
32
0
0
13
0
3
1991
344
0
184
315
0
294
0
162
19
193
27
179
0
96
7
0
0
0
165
0
0
51
158
0
13
0
112
668
6
6
2
0
22
0
0
0
9
4
124
0
0
58
245
0
0
0
5
20
0
3271
195
0
195
106
34
0
2
18
78
0
0
0
529
25
0
0
11
4
0
0
0
212
6
5
89
0
18
51
0
0
0
0
72
64
49
0
0
0
0
348
0
0
356
142
0
13
0
61
26
1
0
130
0
75
14
0
9
0
0
372
0
0
0
0
15
1247
2
0
5
0
0
0
45
295
3
280
35
2
25
66
0
0
258
236
0
79
0
189
642
15
702
3
52
12
0
0
0
71
0
436
0
0
1213
0
1
0
1
199
105
0
0
0
0
9
4
31
2
247
192
81
8
384
15
288
4
0
2307
0
13
0
2
0
79
57
661
0
0
151
0
19
0
16
0
0
0
6
0
0
0
1
21
3
99
1
136
45
316
0
41
24
1
38
0
0
487
0
0
264
6
2
0
2
19
0
0
4
5
0
110
0
44
0
117
17
67
0
20
4
0
4
0
5
5
159
618
0
0
0
19
3
0
10
4
0
71
91
0
107
0
5
109
0
665
0
79
0
74
0
0
0
224
8
0
0
0
0
12
0
0
0
7
33
0
0
84
0
32
0
81
0
0
0
0
0
13
435
0
323
169
2
0
0
0
1682
69
49
58
0
16
229
1699
5
0
1
0
2
49
4
15
6360
5
45
0
752
0
2359
66
986
461
1
73
40
26
152
0
7
39
91
92
535
84
0
5
0
2
2312
0
1
2
90
0
0
1
0
1
0
1
1
11
1
0
0
0
4
10
64
87
0
244
352
1587
129
11
0
196
3
1
42
3
0
0
0
0
0
49
0
36
0
21
0
39
0
0
59
92
0
0
4
0
0
0
0
5
79
76
561
0
224
236
42
0
44
0
0
0
16
0
332
56
21
0
1
0
7
28
0
13
43
367
0
47
0
126
206
0
105
75
75
134
4
0
8
0
0
0
7
0
21
0
0
2
67
52
0
0
4
0
3
673
0
0
163
59
1
47
0
87
461
11
25
235
848
434
0
67
0
0
3
34
10
125
742
0
0
19
602
0
0
0
0
0
25
0
0
1167
0
11
19
314
3
2
11
32
252
0
3
574
203
324
147
6
93
0
0
0
20
59
38
4
0
33
4068
739
4
0
130
28
79
1
0
919
0
22
0
3396
0
0
129
347
64
1
910
0
41
710
0
0
0
36
0
0
62
17
0
0
23
2
0
0
0
78
129
342
96
4
0
0
0
0
45
1568
22
0
1
10
34
0
19
184
13
0
4
0
0
1
1
21
0
680
0
0
11
0
29
5
0
534
0
1
0
0
0
0
0
3
0
0
69
220
21
136
0
142
0
59
38
18
92
0
117
428
0
1
0
9
688
17
24
3
228
143
1146
0
0
0
0
0
12
213
0
0
15
0
195
0
365
1
50
0
39
62
1
0
80
10
8
24
0
15
6
42
355
0
947
21
1167
13
3
144
3
91
0
0
35
1
0
394
38
5
233
16
0
1896
14
0
0
429
0
0
18
71
0
31
91
0
0
1254
0
197
2
22
18
3
14
140
162
189
0
212
3
462
207
240
0
0
41
30
229
0
0
0
1620
0
69
2
9
11
674
0
63
0
231
0
490
0
312
4
31
26
7
0
3475
0
12
0
2995
1
0
8
0
0
0
0
3
167
12
0
0
51
5
41
165
0
77
681
124
0
85
156
18
0
1
0
42
2392
3
3
1240
0
2
23
0
0
0
30
578
0
4
10
0
0
37
20
0
84
0
0
14
183
538
33
0
500
496
0
286
28
1
37
716
189
0
0
124
23
820
17
0
172
1
597
112
2
16
15
0
5459
14
12
38
0
0
0
0
30
12
207
0
0
233
1
49
0
0
59
315
0
11
202
36
2
0
0
0
0
307
188
0
1478
0
14
6
0
0
109
11
9
142
0
281
56
643
303
0
0
1
3
103
329
32
63
0
233
0
0
25
77
160
0
0
52
0
0
95
1
1
0
11
0
0
197
0
0
0
0
5
18
87
0
7
7
10
172
0
274
0
208
22
5
201
7
0
289
3
0
1
11
0
2401
0
10
0
0
18
265
0
89
0
3
8
7
0
0
10
0
0
0
0
15
0
2
0
48
0
0
32
60
0
7
393
0
2765
133
0
3
0
378
0
144
217
0
1
0
27
0
0
0
0
0
46
0
0
0
0
0
0
143
1
7
5
0
799
0
137
0
364
264
0
0
0
214
4630
360
0
1
34
16
30
1
31
8
0
10
63
1
49
0
228
139
238
1
58
5
0
0
0
410
0
6
4
0
8
0
3
0
17
55
23
44
21
31
153
0
87
0
128
14
82
0
0
3
258
0
0
504
0
4
0
19
303
103
0
0
0
983
33
6
9
299
64
0
260
55
91
22
2
386
55
0
0
10
36
0
120
45
0
0
4
173
4
4
5
42
1
2
0
0
185
148
694
0
26
0
22
4
0
0
2004
0
164
3771
211
1
0
120
957
0
8
10
0
33
0
237
2317
36
471
0
1191
138
1
181
6
247
77
40
20
10
8
9
32
1
46
0
0
0
0
141
92
107
4
323
135
439
14
0
53
3
37
30
335
0
0
30
346
9
3
0
27
677
0
2
8
0
1
44
0
0
11
2
0
0
0
0
0
0
97
0
0
0
1
0
0
20
96
7
761
0
42
0
0
9
2
136
0
1
974
4
0
0
1
9
33
4
0
844
0
23
257
0
317
48
0
51
15
10
9
2
55
26
0
0
285
186
0
358
354
419
0
10
0
1
0
12
0
0
0
2
0
0
15
0
869
232
0
1972
0
1
0
0
0
57
65
7
45
409
0
0
4
24
27
1
46
12
1
0
0
0
2
0
130
780
565
156
0
37
1714
623
17
1
0
197
42
0
183
101
0
87
12
0
114
0
681
14
2
0
0
0
324
394
71
93
0
9
4
2
76
72
0
1
0
4
163
4
0
2
0
0
0
0
5
3
0
3
45
0
3
0
0
4
16
0
0
75
0
3
0
159
1
4
25
0
3
281
147
12
68
111
4
0
4
0
12
4
12
0
550
2
6
19
15
0
65
0
1
0
8
0
0
13
23
11
0
271
0
13
13
0
2
109
0
0
0
0
0
0
3
63
0
0
18
5
36
7
0
0
0
75
14
0
130
4
0
393
0
2506
153
132
0
1
66
0
135
0
1
5
281
4
307
7
16
0
0
0
0
151
0
0
0
0
6
4
36
0
59
0
0
0
66
27
0
0
57
17
29
8
0
177
77
64
35
213
2
0
1
0
7
3
203
1
105
297
0
2
135
94
0
397
13
66
37
3
0
0
170
0
0
6
33
0
2577
0
152
2
0
0
0
0
0
0
98
0
56
7
65
1
38
0
0
0
24
425
28
0
0
11
3
56
0
50
1618
0
163
50
38
1
0
2
4
0
37
0
25
57
0
66
88
0
45
13
4
0
0
0
111
301
0
0
62
187
0
19
0
776
76
76
0
0
36
0
0
2747
13
303
15
7
2
0
11
82
16
6
5
0
0
0
0
334
11009
5
0
0
21
55
203
0
3
0
1
0
0
8
0
11
50
15
23
13
0
0
421
4
2
36
1
72
61
16
8
0
1
80
94
0
1
16
0
605
1
90
935
5992
38
281
33
3
185
18
390
0
0
33
1
36
386
47
124
21
0
0
2381
44
0
34
3
5
5
0
0
2
53
0
56
56
3
0
9
4724
0
0
174
157
0
16
0
967
9
0
0
28
0
8
0
6
273
0
0
0
35
0
3756
0
1
439
0
78
123
0
1083
292
3
9
1
0
0
65
0
140
6
38
79
4
344
0
0
15
0
0
26
0
42
237
0
26
405
0
14
0
76
0
0
4
50
0
44
0
0
1
5
72
0
0
3
0
0
334
105
0
82
0
428
831
194
0
0
1
52
33
3
3
9
3
30
6
0
8
1
0
15
0
0
62
0
2
0
89
63
0
57
81
43
0
4
1
0
31
11
11
3
9
0
27
0
0
0
7
104
0
0
29
1
49
13
274
0
12
0
1
478
51
59
39
0
549
42
30
299
62
3
0
10
19
137
23
36
8
10
2943
1544
0
0
47
31
47
67
1
1
0
0
4
0
101
1
0
0
0
0
1
0
204
6
164
33
38
175
2
0
0
344
0
2
11
0
64
0
12
0
27
0
5
0
257
159
0
211
0
121
0
219
129
8
0
0
0
0
0
36
0
0
39
0
0
2
0
0
0
0
2
1
0
7
17
0
461
255
73
0
0
87
0
13
5
0
81
99
11
1
193
0
202
2
287
67
2
97
0
108
1
3
51
33
3
8
279
651
0
243
30
0
0
0
681
177
5
39
0
18
2
0
0
28
1433
0
5
328
0
116
0
69
0
4
0
109
0
985
1
1
4
55
0
434
320
0
266
6
0
21
66
0
0
1792
0
0
13
119
62
12
671
205
377
1009
1072
27
0
27
8
97
19
0
0
0
110
7
50
0
0
4
2
115
0
0
0
0
0
0
28
1329
177
0
78
12
0
51
878
117
69
1
15
40
13
0
0
8
599
13
0
0
0
3
0
225
0
0
82
3
23
681
16
0
320
835
3
1107
13
32
1
136
1
349
61
0
18
78
1
169
0
22
0
0
0
141
20
0
183
119
0
1320
0
53
0
182
118
0
641
126
0
0
790
0
37
0
74
0
0
7
12
6
403
249
54
544
18
230
20
7
597
438
0
0
0
20
96
1636
1
218
92
0
17
7
0
0
331
6
48
0
0
7
116
0
18
0
279
0
35
0
238
0
0
8
0
0
10
31
20
0
415
1204
0
57
435
0
345
0
0
0
0
2
28
26
134
1994
91
0
99
24
241
0
0
0
0
0
200
1188
17
0
12
312
83
0
67
0
55
9
13
93
0
26
4384
0
0
0
2
0
602
0
0
0
9
1
0
0
0
417
0
81
128
0
76
2
14
20
4215
11
38
0
0
103
0
0
544
0
0
358
4
17
0
3
0
1
294
119
0
0
0
208
37
0
0
15
13
468
0
0
0
0
0
0
1
119
0
0
0
1384
2037
0
11
3
3
115
0
323
22
273
9
0
65
279
0
687
236
0
95
0
3
3575
11
0
217
0
2
1
0
686
0
204
2564
0
0
0
1
0
0
46
1
83
3999
190
0
13
0
0
0
0
56
0
56
14
87
296
1134
1024
1
0
288
0
23
0
479
1025
7
28
0
0
26
0
13
0
4
2
81
30
0
113
10
0
0
5
103
0
0
0
14
4
0
25
583
0
75
42
0
5
68
0
4
4
0
1046
2
182
11
0
9
0
0
0
1163
191
489
95
0
2
1663
829
0
0
853
0
0
0
29
0
3
2
56
152
77
111
0
287
0
0
16
15
581
42
67
51
0
5
0
1
49
0
144
24
0
6
0
0
8
0
0
1856
0
24
213
39
56
0
0
280
206
37
0
0
4
0
2
120
116
0
0
11
0
5
10
0
436
94
0
0
199
844
104
39
64
0
0
32
0
0
0
4
91
2
0
20
11
0
243
1
91
62
79
215
0
0
31
114
247
22
0
0
4
0
706
601
3493
0
2
5
68
44
18
0
0
1323
3
0
2
3
3
0
0
0
3
21
0
3
0
109
0
29
6
0
64
0
400
883
0
1
0
0
1
0
0
0
126
506
103
6
7
0
124
0
33
590
96
386
2
25
20
0
7
5
0
0
0
0
22
0
63
0
12
150
1
70
152
0
0
0
0
11
1
0
12
199
6
0
4
0
0
0
0
2
58
30
116
649
1
4
214
1167
0
5
23
0
708
1
10
56
135
0
150
0
11
0
258
23
0
0
16
0
5
46
162
3
143
123
619
0
0
33
130
51
0
32
1237
0
192
0
289
998
97
0
43
27
0
0
1448
443
6
0
222
0
132
2
0
20
0
0
0
782
35
281
872
31
44
376
0
51
47
261
0
0
161
0
17
0
0
3843
0
47
11
1
86
83
2
1
0
49
0
346
0
58
0
237
213
165
0
62
3
0
0
1
17
0
658
28
1
0
0
0
0
36
0
233
0
1
0
13
4
0
2
18
0
48
4
153
121
4
168
10
95
85
0
131
54
0
282
95
222
1
1457
0
210
0
51
60
0
0
252
9
653
159
143
68
19
0
0
0
3
0
40
0
0
11
59
0
1118
197
0
0
460
0
0
0
16
0
3
0
1
0
4
2
0
30
0
155
29
207
0
0
3
1
235
6
7
0
170
1
279
22
0
0
331
0
0
15
0
0
0
14
0
52
0
293
974
0
542
0
59
1
0
2
117
1309
96
99
167
154
157
18
63
0
117
0
411
0
537
34
1
106
0
345
210
5
202
0
99
0
0
897
200
80
0
58
27
0
246
115
0
0
0
0
0
147
0
140
0
156
122
0
0
642
440
0
0
447
0
27
0
55
0
0
187
90
71
3126
526
146
98
0
0
6
0
16
4
193
0
49
86
123
514
2
12
174
74
0
36
44
0
1
208
107
0
50
222
0
0
0
1
6
17
0
0
18
275
76
0
759
1784
912
21
408
1435
0
153
7
65
827
29
51
149
35
0
168
0
0
42
183
0
2
2
225
67
3
3
0
809
14
3824
167
44
76
46
0
0
656
447
123
5
2
14
37
108
3
101
16
0
73
299
0
97
74
0
0
0
67
637
462
148
0
0
811
0
0
0
0
0
21
1709
0
2
0
0
14
13
0
0
348
5
0
0
648
15
0
21
90
38
752
213
0
0
0
0
18
40
0
1
0
0
5
0
56
0
0
144
1
0
2
67
0
45
0
2
0
1
126
0
9
0
99
0
415
117
0
87
0
1
83
25
833
46
130
0
159
147
0
3
0
81
16
18
0
450
79
0
102
22
0
0
127
0
54
1215
0
0
0
0
0
0
19
6385
31
0
208
1
122
22
2
0
4
25
3
0
0
0
98
21
24
0
161
33
81
0
977
0
9
0
55
51
1840
357
1
0
0
6
17
2613
0
0
8
2364
68
1
0
11
9
0
0
1
194
144
0
40
0
0
103
0
49
0
0
19
207
0
26
21
9
5
545
111
0
268
139
2
0
282
0
2
0
140
0
646
3
0
0
0
11
4
0
300
0
0
862
12
0
0
134
0
1
0
0
0
15
0
44
0
1
53
1273
0
0
469
0
0
3992
11
276
152
17
4
9
4
0
213
0
222
232
1
62
0
0
78
1462
1200
0
0
19
0
0
22
0
103
1
0
0
1
1100
292
87
246
21
1
317
196
0
0
2
11
0
0
212
0
71
0
13
0
216
0
0
16
0
15
0
0
0
49
0
0
62
0
11
0
0
1210
38
0
56
0
0
1
115
0
0
14
0
1
0
0
6
0
349
249
284
15
1
97
2
0
0
0
4
0
8
111
14
4
0
24
346
84
0
349
40
5
355
126
0
292
68
0
5
0
1
0
0
47
86
0
52
0
24
0
35
0
16
0
0
0
0
166
0
52
644
438
23
0
0
0
0
42
11
0
758
840
21
0
0
23
27
14
0
0
1399
4
0
308
78
0
146
0
0
88
0
83
279
0
0
47
1
1
2
0
0
0
226
0
0
41
124
0
16
16
0
113
0
238
2
6
23
60
131
19
0
3
294
69
1234
23
345
7
532
0
498
11
1
56
0
42
13
1689
711
0
7
106
47
0
0
1409
0
0
240
5
15
0
20
0
0
0
111
0
0
8
192
471
0
0
48
139
139
10
50
0
0
0
6
0
0
0
26
158
9
7
0
5
17
0
0
1
0
566
0
0
38
75
378
15
32
26
112
0
66
46
90
24
7
84
249
109
0
68
0
48
439
44
313
0
0
12
3
12
244
30
0
8013
119
10
3736
209
2
0
40
224
1
370
0
0
0
157
0
0
0
0
211
0
3
0
7
0
168
3
0
5
281
0
0
230
10
69
2
43
0
0
9
0
21
0
229
4
0
63
0
15
44
0
57
4
36
141
0
0
0
216
3
461
107
88
327
96
33
1
8
0
0
55
0
0
8
23
122
0
3
688
1
0
229
2
496
1
187
0
152
375
19
0
0
0
63
1382
0
0
0
0
0
0
0
0
0
3
129
172
26
0
30
36
66
186
0
1133
300
0
12
196
335
0
31
21
112
1054
0
3
0
0
0
1
147
2
36
0
0
13
44
0
7
5
0
40
21
0
105
0
0
0
0
0
20
0
0
48
5
668
348
3
0
455
30
0
32
0
39
0
0
0
11
0
0
0
36
0
12
0
1813
284
0
0
612
0
16
127
1024
52
0
21
139
0
0
0
0
3
197
371
4
156
16
95
52
0
876
87
8
9
1
0
2
0
26
1766
1
57
1746
3
0
5
0
0
1571
118
1
0
4
1083
0
154
0
137
315
43
134
2
0
148
1
38
0
0
6
1526
0
9
153
39
0
51
0
123
9
0
60
0
42
0
24
780
1319
74
0
0
193
21
0
192
14
1
0
0
0
0
0
1
630
0
150
7
0
295
37
0
0
2
391
4
12
47
240
8
0
0
29
0
555
0
0
0
244
7
0
4
0
343
0
437
0
1
136
0
0
0
0
0
1147
0
0
0
8
65
0
29
0
0
0
0
36
5
0
8
0
0
1
482
365
0
17
4
0
156
0
3
11
7
259
167
714
19
29
101
0
0
74
5
146
147
2
5
183
23
52
69
713
2
1129
0
448
150
9
0
0
1
0
37
39
177
91
0
126
0
3605
0
0
0
34
18
43
84
1
0
0
6
0
192
154
0
6
0
0
0
543
586
31
21
1542
1
0
0
130
5
1
1
50
217
0
27
80
22
0
0
0
1
608
477
162
24
1861
0
1
85
171
53
0
0
69
758
50
5
0
0
0
2
1
631
0
647
0
5
19
730
7
112
0
0
8
11
158
0
5
55
0
3710
0
6
156
0
0
151
35
12
1
6
32
0
16
2
3
3
8
0
5
0
0
12
22
0
0
99
0
310
17
0
0
342
0
0
1
394
4
1
0
298
405
2
115
315
58
0
4
34
75
0
54
373
0
6
4
540
0
4
0
0
0
4
6
2480
59
52
67
306
11
0
0
0
1
0
636
0
74
2
98
5
3
165
0
113
0
45
4
0
0
0
8
0
0
0
0
0
29
2
21
0
4
0
25
55
0
16
18
0
0
0
3
0
3
24
0
14
381
2
1
1
473
0
0
2
0
0
26
0
10
36
77
0
1629
138
113
19
0
111
1
312
0
0
0
667
54
160
0
3
0
0
16
0
0
3
634
8
0
8
56
5
276
0
0
382
175
34
0
7
109
52
0
0
0
1722
90
0
0
25
0
0
3
0
0
495
5
90
1719
332
415
28
0
0
23
52
92
0
0
0
2194
185
438
307
10
0
129
165
117
17
12
0
0
14
215
359
0
0
164
884
1
280
1112
0
0
0
102
0
1
297
153
360
236
46
0
1
51
804
37
0
15
152
0
1
28
0
158
216
0
0
56
73
2
9
36
0
141
4
4
569
150
18
0
633
0
0
13
37
38
0
7
302
0
132
0
57
660
0
0
71
1
0
474
0
0
0
18
164
0
443
41
122
0
0
0
0
662
17
78
223
377
19
72
10
132
0
10
34
54
37
23
75
20
348
48
67
213
821
217
0
311
2
193
49
370
99
18
0
0
47
16
89
0
30
562
207
243
0
48
25
1
0
0
0
12
940
0
109
404
22
394
0
26
2
0
0
21
57
11
71
0
829
0
2
0
0
85
289
0
4
4
108
0
5
3
1031
137
20
22
0
0
0
0
95
10
335
553
0
0
0
71
0
7
0
265
2
0
137
2
0
28
0
14
0
73
151
3
48
236
0
432
3
16
33
383
0
440
0
29
0
0
45
9
3
34
61
337
213
0
0
2
1
0
36
0
568
0
163
1
0
492
30
67
1
1
70
0
49
174
184
25
22
111
1456
0
402
24
0
81
930
26
2
0
6
17
1
36
332
0
0
0
11
1
0
13
16
12
39
0
22
0
0
4
1
0
2
83
3
0
376
0
0
22
901
0
0
1
31
738
0
198
13
17
0
22
0
1086
0
0
0
1
188
0
659
0
11
12
1
3369
0
0
83
111
0
0
5
0
166
221
136
92
1
0
0
51
37
0
0
1
1
0
0
65
0
0
0
70
0
15
0
6
11
0
0
149
7
6
3
0
3726
215
29
2
126
273
0
587
17
1195
0
1
777
934
378
325
43
0
0
0
28
0
972
0
0
0
116
0
0
3
29
0
0
0
33
0
14
0
0
42
0
2
1109
0
0
0
0
0
8
344
18
2
201
107
27
0
0
0
0
188
6
835
0
0
0
0
0
0
0
364
25
0
0
196
22
643
0
61
739
131
0
0
165
5
69
1
7
2
1
0
224
128
0
29
63
1691
42
1
190
0
0
24
18
0
5
1
0
0
0
0
0
221
71
0
0
0
80
147
639
0
0
0
55
0
0
0
7
0
79
0
0
29
19
213
3
4
0
0
370
47
0
1
1027
0
0
259
0
107
2
0
58
39
2
0
0
0
19
257
1
0
0
8
5
2
0
8
372
511
0
0
0
3
0
0
155
0
0
6
63
0
0
0
13
0
9
0
1
17
14
0
0
3
20
5
0
0
16
5
74
0
2
0
0
0
24
2
0
282
0
0
0
283
0
0
287
3
3
20
0
0
35
0
75
60
10
0
358
45
67
0
0
110
0
135
33
0
1
28
843
0
4
7
4
273
0
43
29
0
4
0
3
6
59
323
1120
0
0
1
7
0
0
0
15
36
0
116
0
23
0
0
0
1
0
0
10
1124
0
462
62
0
0
1
12
6
0
122
2
0
0
0
7
4
899
571
6
104
4
9
194
5
0
0
95
0
0
19
3
6
0
0
0
19
0
0
0
12
0
65
6
0
6
52
57
0
24
1
0
0
0
0
2
0
0
0
0
79
0
182
3
72
66
0
1
0
0
1
12
0
0
0
20
28
0
1000
105
0
0
0
84
64
0
12
132
14
62
314
4
0
0
156
0
37
0
38
1
1
0
0
47
88
53
144
22
0
18
0
0
650
0
99
0
0
6
180
44
0
2191
344
5060
142
27
52
148
687
1549
0
0
0
19
18
0
3
4
0
0
104
62
210
0
40
18
23
207
210
0
0
580
0
49
0
171
0
1123
10
0
70
0
0
474
388
14
107
20
2300
17
231
0
0
7
28
33
85
11
0
95
735
3
57
4000
0
80
0
18
0
0
2
1
0
16
0
3
149
2
1
59
8
38
0
0
0
40
66
1
0
0
0
0
4
0
11
746
38
4
0
0
43
1338
0
164
8
386
75
0
17
9
7
21
0
0
1889
0
5
80
0
116
79
0
0
0
17
20
23
60
3
0
357
21
157
0
57
28
0
60
0
1
0
0
0
0
131
3
213
1
45
0
1
132
0
2
0
45
0
204
0
0
0
0
0
0
0
44
0
684
9
98
0
0
18
0
0
8
47
3
15
0
0
0
0
0
10
203
4
0
84
13
83
0
6710
5
0
119
0
93
5
7
22
3
2
63
67
0
0
81
0
13
0
0
0
0
31
174
0
7
2
10
40
0
0
237
6
1
308
0
0
410
56
27
8
0
43
46
0
0
61
0
19
0
1
3
143
14
290
0
0
88
17
20
0
2
17
5
1
0
0
5
0
0
4
0
124
0
0
0
7
307
302
45
0
3
21
0
18
0
33
0
0
81
0
0
66
3
68
356
850
0
371
0
588
73
0
479
153
232
2
0
1
1813
2701
6
117
9
0
54
4
242
0
0
70
13
0
0
0
13
2
0
0
0
0
121
0
164
0
0
64
0
337
17
0
0
0
0
24
2034
155
365
0
294
410
1
1
45
0
4
37
371
0
9
1468
355
216
2084
2
218
319
0
58
0
0
1
0
0
0
58
0
0
0
6
13
0
451
0
1
19
33
12
0
6
54
0
0
0
0
48
517
0
60
190
16
42
0
120
11
1380
0
0
0
10
95
0
5
323
37
7
0
0
79
124
0
0
169
366
0
1599
1257
0
148
109
6
378
0
978
0
0
0
0
531
425
2
0
0
745
471
0
0
107
59
52
27
0
10
7
0
139
338
2
0
0
88
0
68
0
0
144
0
128
3
0
36
270
0
0
0
2
0
20
31
1
67
205
0
354
2
275
0
6524
72
6
325
11
0
33
67
137
93
4
0
155
2351
118
212
2780
0
0
21
0
228
1
13
513
35
0
0
397
254
0
0
0
0
0
156
8
89
893
18
10
0
53
447
8
353
52
0
28
131
237
0
3362
3621
0
0
519
482
151
0
0
2
19
0
188
3
0
83
150
3
3
7
0
3
9
25
0
0
1527
2358
0
933
414
0
822
63
20
125
0
42
183
6
1082
0
1266
197
83
0
1024
0
0
259
9
1137
36
0
184
164
0
143
15
2165
28
467
16
113
2
19
294
128
993
62
189
0
65
0
146
0
0
0
0
0
0
50
0
8
1
37
0
0
21
8
0
9
0
0
0
106
198
6
0
0
310
0
1
703
2
1
0
3
621
0
0
5
10
163
0
0
0
47
0
2
1
1273
24
161
0
0
2
0
0
0
99
15
8
0
5
0
10
38
51
0
30
10
437
13
154
2
1
15
0
0
5
5
0
43
94
0
50
55
0
5
13
0
246
3
23
23
112
3
0
0
82
0
0
2694
0
0
12
6
81
5
713
2076
143
176
79
0
365
10
18
173
88
770
0
146
0
2
333
18
0
14
78
232
0
39
0
5
9
0
0
37
3196
1
52
49
0
0
1
0
23
0
0
107
829
44
13
34
14
0
18
5
16
1
0
3620
176
104
189
0
145
0
46
204
0
16
2
4
0
0
0
47
61
27
93
572
80
202
30
0
20
286
728
0
5
8
7
2083
304
18
0
0
0
0
23
145
3738
167
3
482
0
26
5
812
68
0
3
6
155
263
1
13
0
0
29
23
55
0
1820
409
6
3
0
1
244
28
0
72
97
0
0
26
694
800
0
3807
27
290
0
493
7
18
0
1744
19
155
0
4
0
23
7
3
0
334
79
2
2
66
0
23
1540
100
0
2
0
0
1791
0
474
0
21
123
0
240
12
85
4314
1
337
43
269
1
33
84
0
2
0
921
381
0
0
3
192
0
0
0
192
31
0
0
0
0
13
5
3
3
23
0
0
759
0
679
19
0
0
0
59
0
0
20
0
2
4
0
62
0
1
24
142
125
2
216
30
0
0
82
7
56
0
1
0
56
0
12
0
0
177
0
0
260
32
0
28
0
23
298
0
175
0
2
0
0
533
0
0
0
647
32
0
12
18
43
0
96
1904
0
0
0
222
110
8
49
0
22
0
19
0
7
0
0
31
83
36
1
0
0
0
0
12
0
1
8
6
0
333
0
42
0
35
10
0
9
0
7
0
77
2
50
0
0
30
17
28
90
0
1
0
0
129
2
21
16
2
2
0
0
30
4
0
729
21
0
0
332
689
47
0
16
109
124
62
0
35
58
6
0
92
0
0
34
13
0
13
0
427
0
50
0
3
0
9
78
129
42
236
279
0
0
89
347
0
0
4
1
0
0
1277
179
0
363
7
289
0
0
46
5
1
0
0
0
0
1
0
0
0
0
763
25
21
0
0
42
0
2
13
0
183
0
20
52
7
1
5
148
6
260
0
175
8
170
0
0
14
59
94
1624
23
0
0
0
0
71
2
0
0
6
10
0
220
0
5
9
3
17
0
8
10
0
0
0
0
26
3
0
16
0
63
1
76
0
284
71
63
139
0
0
81
0
80
1
0
0
99
16
201
166
0
79
444
40
0
2
61
504
9
0
19
0
572
0
3
0
29
22
30
28
1
1
18
0
0
0
70
18
82
0
0
548
2
2
30
5
3
0
111
0
0
3
0
0
93
111
27
0
0
0
0
29
0
441
0
32
61
7
372
152
34
0
0
379
15
339
454
0
0
97
0
19
0
370
455
191
0
0
0
21
2
5
39
7
0
0
0
0
0
2
15
0
192
0
5
85
0
95
0
23
0
93
21
0
3
18
70
0
2
74
0
0
0
0
0
2
0
2
1
2
2919
115
349
3
4
1
3
0
89
0
0
24
513
0
9
0
758
63
37
1
0
110
4
30
28
1310
0
0
7
4
2
228
240
0
0
0
0
433
1
77
310
9
0
30
70
4
0
0
3
15
636
274
3
0
2
120
5
0
0
1
0
13
26
7
40
0
56
0
11
551
75
0
6
4
3
65
9
0
49
43
289
23
295
0
3
0
2
106
0
15
7
1
0
0
0
0
0
8529
270
0
0
0
277
3006
3
5
0
0
361
72
0
1544
56
0
0
937
19
1
20
3
6
0
326
0
0
2
0
7
0
0
2
0
0
639
0
1
6382
2
0
0
0
0
4
38
0
0
18
0
40
915
0
0
22
204
146
0
228
0
4
14
0
39
0
164
0
1
1
625
0
74
0
0
22
210
2
42
65
187
0
18
28
65
8
1
0
0
6
0
0
69
260
0
0
0
0
0
20
0
0
749
0
3
0
815
189
133
0
73
2
335
1
7
136
547
0
9
0
15
19
449
0
0
160
0
8
2
0
65
21
0
0
105
15
88
0
0
112
0
72
0
3
212
0
57
468
111
92
0
20
430
9
16
148
0
0
0
77
125
0
149
3
148
177
2
0
115
130
51
0
0
0
73
420
610
55
1662
0
25
0
1041
13
398
591
0
9
0
241
6
0
191
5
59
53
2
78
0
0
0
61
0
0
213
261
274
0
2
2068
18
71
1
158
226
275
535
0
0
0
4253
0
771
0
0
261
6
1
0
3
0
0
1
0
1
15
6824
49
64
0
0
131
2
267
2330
129
0
150
67
520
0
0
4
0
72
0
0
0
131
3
151
99
318
0
230
1
174
1
613
0
2
2
129
541
429
21
717
12
0
6
566
116
0
622
0
504
3
0
15
125
3
10
0
1
3
0
172
25
2
330
0
82
0
0
0
178
3
1
0
14
0
0
0
16
43
0
123
45
23
221
2
1
0
3003
683
13
379
0
0
90
2
85
187
0
90
555
5
654
36
22
2
136
0
0
451
6
0
894
4
0
214
143
13
0
0
1
595
2
145
4
635
475
69
0
0
0
17
6
435
7
217
0
90
31
17
4
902
200
0
693
8
12
0
0
25
40
34
289
313
694
0
494
0
2
0
0
0
147
86
27
829
26
236
425
122
1
94
10
3
0
0
76
0
0
2
0
6
0
159
0
375
367
0
0
4
31
0
120
14
0
7
0
3
5
0
64
43
1368
0
6
0
0
1674
3
1
2069
2
78
224
0
24
0
0
1
1
23
387
565
34
176
192
359
0
62
63
1
0
1
79
0
0
154
0
152
52
5146
3
16
752
341
10
0
164
0
0
18
0
222
925
177
21
128
21
48
14
0
26
14
51
121
408
11
39
40
0
0
5
0
340
53
95
0
2
0
0
0
1
18
1
125
4
76
0
0
0
4
0
46
11
0
26
10
0
391
78
0
0
1
0
213
0
0
870
480
6
90
1
1
522
76
0
0
93
0
0
4
0
5
0
248
351
104
80
0
740
2
0
25
52
0
1086
9
100
0
9
0
13
1
65
0
23
384
38
0
13
0
0
1474
367
121
2
11
0
2
3
91
2933
0
0
0
6
36
12
81
0
0
48
1
513
1117
769
0
59
896
1300
283
50
0
0
0
46
9
9
0
16
16
31
0
21
0
8
0
0
63
0
5
65
1
158
20
422
152
257
40
332
0
4172
48
5791
17
88
3
3
291
0
210
247
1327
74
5
3
13
45
0
0
520
22
157
38
103
162
0
366
0
624
849
172
139
108
0
1
0
336
581
4
9
8
193
3
321
13
0
49
0
0
0
0
233
165
0
0
28
2
47
242
115
0
2
0
0
85
0
0
859
704
152
189
0
27
66
418
118
334
215
0
31
66
52
0
34
37
29
0
273
20
0
0
0
1
0
5
332
0
897
863
109
0
536
223
21
5
245
4
0
0
0
0
0
0
3
23
0
1
149
18
0
230
1
0
334
450
650
0
0
0
582
407
274
131
4
590
169
21
209
30
43
0
45
1050
55
387
3
0
0
152
115
70
246
46
350
0
0
0
0
9
1
0
4
81
0
11
13
1
0
0
191
5
0
10
14
140
12
61
49
10
0
0
17
158
0
59
86
23
1
3
1
0
103
0
6
29
2
113
9
7
0
6
669
597
569
71
2
13
0
657
0
0
10
156
18
0
36
16
0
0
0
82
36
113
67
8
0
13
12
55
0
182
86
18
0
3
0
116
4
0
0
69
46
0
654
10
0
76
34
4
0
92
12
73
375
75
1187
1
1
2
37
50
246
0
636
0
2863
73
5
237
0
592
0
164
28
364
452
0
1119
903
2
0
0
0
0
9
0
473
246
3
63
151
0
7
0
46
5
0
0
435
196
186
483
117
757
670
218
0
3
33
1
72
57
0
3
0
1
4
52
0
4
2007
2
20
70
199
7
0
1
0
11
13
114
0
0
370
6
11
0
1039
120
393
0
99
0
0
3
0
71
2
175
1
8
0
0
57
94
0
2
0
7
1640
0
177
7
0
0
3
3
0
0
0
165
243
5
9
528
1
139
127
162
2
61
0
2888
232
18
125
0
9
0
0
2
31
0
608
5
63
115
29
0
8
0
25
0
9
51
6
9
0
0
0
0
101
0
134
0
0
0
0
638
0
0
0
58
0
1
1
0
6
0
0
1300
112
386
4594
1964
8
10
0
140
6
1
0
67
393
19
692
0
0
0
1
841
15
53
4
480
77
21
620
36
6
170
293
50
42
0
0
3
0
1
0
0
0
3
182
3
0
0
0
0
0
0
41
98
29
246
111
0
1
0
0
0
0
364
316
0
0
0
0
0
0
176
184
0
0
0
0
6
0
0
5
11
0
0
0
0
0
11
7
113
69
0
0
0
4
0
2042
479
0
916
36
0
6
43
154
387
1920
61
69
0
4
0
0
72
0
34
0
0
0
1
0
0
237
6
0
0
0
0
0
0
0
23
82
0
166
96
0
0
0
0
20
25
2
0
873
0
0
0
45
114
714
19
78
6
69
0
0
16
0
0
169
24
0
0
157
17
0
4
0
0
0
43
0
24
14
0
0
0
0
9
0
0
761
36
523
0
0
0
0
0
0
0
0
0
0
0
0
3
0
0
0
0
0
0
0
0
0
0
29
0
183
0
0
0
0
3533
218
279
109
703
265
390
665
192
3777
8962
727
1
34
22
0
0
0
937
163
48
0
0
0
91
0
0
0
110
0
0
26
14
188
128
0
0
0
0
17
16
0
0
14
6335
10
149
0
0
0
0
12
50
0
3
30
0
0
0
0
298
114
1
0
1
0
129
19
6
5
5
0
0
0
0
0
0
0
0
0
179
73
0
0
474
532
277
279
2222
0
0
2
2
0
0
0
5
3
0
0
185
29
0
0
0
10
11
0
0
0
0
0
47
13
0
0
9
257
65
261
21
62
558
0
568
755
7
0
0
0
0
0
0
0
0
25
0
55
0
0
0
0
0
2
0
0
0
0
0
0
286
73
1605
8
2184
3834
403
0
0
12
31
0
166
0
0
0
565
145
0
0
149
1047
188
23
0
5
4
201
0
0
0
0
0
1
6
0
0
0
0
0
0
0
0
0
0
0
0
0
85
7
0
17
62
0
2
0
223
0
1
387
1
4132
167
78
24
2
176
0
0
37
1
4
0
0
0
16
0
0
5
0
0
372
419
1
1311
4
26
0
2
0
0
0
0
2
0
0
704
416
8
0
20
6
0
0
0
0
17
70
0
0
0
0
2
69
0
0
8
0
0
0
0
0
0
0
0
0
0
50
0
0
0
0
0
0
0
0
0
0
1
0
0
0
0
0
0
0
0
0
0
1
2
2
0
0
0
0
