BitC_6_1
0
0
26
1873
27
143
36
0
0
1
0
194
23
347
1
0
494
0
1
225
841
94
1
4
0
441
0
17
4
15
12
9
0
83
1840
76
1
0
6
0
4
0
0
1
0
2186
0
177
0
156
0
113
0
566
0
8
488
70
0
798
0
3
0
2
7
33
1
320
21
12
1426
368
37
11
21
0
1181
2
6
0
0
0
0
19
869
0
120
194
18
8
454
0
366
0
0
532
9
2
106
0
16
0
10
566
70
0
1
0
0
487
1
0
34
1
3
0
0
84
135
477
16
3
0
125
42
275
184
0
1357
31
0
0
0
84
0
0
3
131
26
0
18
12
16
1
482
128
16
22
26
24
32
0
266
1
2
877
0
0
27
236
1
0
2
0
141
56
58
183
0
0
1
1
102
0
0
99
81
1
0
57
320
503
0
138
29
292
166
3
69
0
0
328
210
14
0
75
0
0
1
31
46
10
5
26
18
2
0
88
34
35
0
0
12
0
0
2
39
18
0
19
302
0
13
233
0
8
3
198
20
81
0
0
57
313
733
4
862
44
0
0
0
0
12
293
0
18
83
503
0
6
116
317
15
0
373
42
0
0
0
11
119
474
207
1454
79
0
0
0
249
56
2
572
0
0
75
2
0
0
1065
137
658
101
0
1153
2
680
0
0
0
157
0
0
0
0
0
0
126
0
104
0
0
8
0
24
305
0
173
3
2767
0
0
0
0
0
1
158
0
159
216
1
52
0
374
91
0
116
35
15
0
27
363
315
101
0
0
233
19
17
0
0
872
250
76
439
0
9
218
28
154
0
896
0
58
11
29
29
658
200
47
0
8
2
1
509
0
0
0
127
187
2737
108
927
8
3
0
0
9
6
0
385
0
154
2
0
1916
0
67
35
40
0
202
0
0
131
340
35
57
0
286
95
50
0
0
0
4
139
9
0
0
0
0
75
18
2390
10
119
0
309
0
0
1031
150
11
0
54
0
13
1183
51
0
107
22
24
9
33
0
199
0
0
0
2
3
538
801
0
5
1098
196
79
0
0
0
9
5
1
10
0
0
0
0
6
26
0
0
0
16
106
0
373
0
20
0
307
0
1
3
5
0
339
148
533
26
203
1016
292
37
0
0
8
0
54
140
80
110
0
88
0
3
0
0
97
3
651
51
75
276
32
0
37
0
29
0
5
429
2
261
18
0
29
0
782
108
0
518
2
39
16
19
9
69
94
97
812
0
6
118
352
155
89
0
0
0
42
0
195
176
0
0
103
0
1
1
12
1
1
1
2
0
0
0
0
759
0
210
1
145
0
0
0
345
459
25
0
205
1
209
32
40
0
36
0
78
3
1100
5
13
4
13
0
2826
0
10
0
217
0
887
174
5
0
5
133
0
0
0
1
276
0
0
0
0
910
0
119
253
5
0
81
7
44
22
0
4
0
13
0
3
52
0
0
1
9
0
0
48
0
44
124
111
317
91
858
5
0
6
0
0
0
3
0
137
576
266
0
248
7
188
2
0
683
22
1
85
0
0
173
0
234
95
1
0
0
0
162
0
3
2
168
0
0
0
0
365
14
445
11
19
0
0
1
0
73
51
22
506
0
35
86
2032
2
5
2
3
36
0
92
0
9
5
87
56
4
172
6
14
0
0
34
14
97
1
130
1110
16
16
56
646
731
4
0
319
393
16
13
1
587
0
0
0
0
178
192
2
20
17
39
0
56
0
30
34
114
0
157
6
286
0
0
0
2
0
0
654
561
0
0
211
4009
1
216
41
145
148
65
59
0
0
184
2
2
33
0
5
770
0
0
609
112
62
37
81
148
205
15
50
52
0
0
9
623
0
89
0
0
166
7
0
0
0
10
3
0
3
10
0
61
15
0
4
0
247
57
479
33
17
0
348
4
0
0
0
25
0
193
18
0
0
3
0
1
0
16
42
4
1
0
13
5
188
150
0
8
1
6
0
0
266
0
271
658
267
1
321
78
347
138
0
6
191
0
114
60
4
492
5
117
51
180
0
2
293
1
0
13
8
126
443
2
0
0
1
0
0
722
491
7
0
0
2
1716
0
0
913
12
42
0
55
3
1
380
67
224
244
89
1
0
8
0
0
55
641
344
1
0
6
2
336
41
0
8
40
0
37
48
78
17
0
124
2
0
401
6
0
0
0
149
0
101
233
40
82
269
10
91
0
2
15
212
256
238
14
0
99
20
0
1314
213
0
55
0
224
0
0
13
204
1
25
0
5
3
2
0
0
0
142
128
85
2
0
12
19
15
0
0
373
41
13
70
2
7
2
0
16
11
0
1009
50
160
537
2
125
0
0
131
0
1605
65
3
2
545
308
336
73
807
0
64
0
0
2146
0
0
0
0
78
0
0
0
0
27
431
392
432
41
0
0
0
83
31
9
1
0
0
64
859
501
36
19
0
0
39
124
6
0
0
0
30
1
868
283
1440
823
0
0
0
0
0
98
0
0
2
145
37
78
0
9
804
397
0
275
732
99
47
33
117
0
0
144
6
0
12
0
0
0
14
0
33
27
4
0
1
0
0
932
365
0
0
0
28
47
0
0
0
0
73
40
0
149
3
0
48
4
228
571
0
296
52
17
7
3
8
2
0
0
0
307
727
97
130
104
79
278
220
108
233
0
20
131
37
55
0
0
3
0
4
1792
11
517
0
0
182
49
3
6
210
88
90
188
0
113
113
0
15
3
2
0
29
0
2
458
282
73
4
0
531
0
0
0
82
15
1160
805
0
14
2071
30
136
89
65
48
526
248
0
0
11
0
463
8
392
0
457
0
250
0
197
477
16
0
447
0
0
103
0
186
420
3
0
0
418
0
334
0
0
5
47
0
198
0
0
10
0
4
0
1
17
2
67
9
67
1
305
209
33
224
448
0
0
1766
0
1
0
121
24
85
0
110
0
3
0
219
34
0
6
205
0
4702
0
0
0
20
4
134
69
225
36
0
156
0
51
0
3
92
163
40
0
2
92
0
172
936
169
0
0
2
3
1621
42
3
41
16
12
23
1
18
0
0
2
591
0
416
13
0
31
9
0
20
0
256
0
35
93
2
73
4
226
0
0
0
185
0
3
0
57
2
0
1
58
4
0
142
0
205
2
0
2
26
0
1804
1
1
2275
7
772
0
113
1
28
0
0
0
120
134
0
1
6
48
16
0
0
5
0
1
38
0
239
0
0
9
14
211
7
0
0
0
73
612
209
0
0
0
141
0
0
634
304
35
76
3766
1
82
121
12
54
26
358
0
11
37
1793
26
20
42
37
103
0
0
309
33
11
155
10
412
9
159
154
88
0
38
0
26
0
2
0
0
273
0
28
3
1450
3
33
480
42
37
0
0
0
3
27
0
188
0
0
160
32
0
2
0
0
26
0
195
0
7
30
0
17
0
0
10
0
0
34
0
0
8
0
0
0
0
0
0
3
331
8
451
0
189
74
51
0
0
112
1
1528
20
0
0
0
0
3
3
467
80
244
0
510
15
279
481
0
0
0
874
1
87
231
2073
3440
0
0
0
36
0
3
1
0
59
0
6
858
341
759
8
7
214
0
14
0
187
197
49
708
0
691
0
83
8
28
97
0
2
0
2
1
1
0
0
543
202
0
862
72
0
0
2
165
283
261
18
349
2726
0
367
0
107
319
119
225
347
0
16
2
153
74
0
1
268
27
38
0
0
31
130
388
0
2
0
47
256
0
600
0
0
22
1
0
497
3238
0
186
0
0
3
322
0
439
0
45
9
1
866
41
1
24
0
5
6
7
365
0
2
0
13
0
0
14
158
16
11
0
9
17
0
2
0
94
1
3
6
0
35
29
63
0
0
0
0
45
0
2
0
3
83
277
8
482
1529
75
536
117
2939
0
47
0
124
9
0
725
0
89
40
0
1
2
0
571
21
0
26
108
0
75
6
0
0
0
39
0
0
1226
209
0
0
212
1886
227
0
0
6
0
70
0
1487
0
412
12
0
11
0
55
0
0
0
0
50
0
0
0
0
17
436
71
15
0
141
19
41
18
2
19
62
5
115
0
107
3309
1032
1
195
6
0
0
601
35
0
3
0
0
11
526
21
0
0
16
0
0
0
0
0
7
58
0
0
122
124
761
913
104
295
0
0
14
16
23
2
0
0
0
187
75
0
540
32
1117
40
0
0
80
51
2
109
2
0
178
190
0
0
56
0
4
0
239
0
0
14
0
27
51
0
10
8
1
31
245
0
0
0
0
30
611
14
1
2
105
0
322
46
452
0
44
1360
210
0
0
2985
253
300
2272
28
0
8
0
0
0
0
71
1
10
3
0
147
841
6
0
2
0
0
2
24
53
109
0
0
32
11
17
0
152
609
124
291
298
18
0
0
6
259
0
0
1
28
26
4
28
5
0
0
0
30
22
94
32
0
0
0
0
0
0
0
140
0
1
0
37
0
26
0
1
62
267
0
13
0
408
0
510
0
0
19
0
0
0
0
0
613
3
3
9
33
1
138
131
15
0
5
0
0
0
0
79
0
402
376
577
151
0
74
44
4
5
11
249
65
0
2
0
1606
1
15
0
29
3
28
1
56
0
0
0
230
0
195
76
76
170
5
0
0
2
0
1
62
183
118
0
22
0
26
24
1
0
86
0
8
0
0
102
14
11
35
58
707
7
0
123
0
345
0
0
0
40
18
79
105
240
0
1609
30
0
0
58
0
0
3
186
878
10
2
31
0
2
6
0
9
0
33
132
6
2
1092
175
5
687
0
35
25
0
0
263
0
89
0
0
2
6
16
0
1
5
1274
0
127
286
8
0
1621
34
0
0
0
7
9
6
611
44
73
0
0
0
0
0
0
4
72
0
0
52
0
11
0
0
8
20
0
0
0
2112
0
8
0
19
98
426
244
2797
2
1039
15
4
6
10
1
15
601
1
381
565
0
15
106
0
443
1
0
4
668
0
36
57
0
0
1770
0
53
176
0
0
47
190
0
7
208
286
1
453
0
563
0
2199
17
0
106
0
30
81
411
7
457
1
6
0
1128
105
104
11
1294
0
74
13
536
102
0
139
1
84
130
204
1
1
2
14
22
68
0
9
1498
230
854
264
0
0
0
2
13
61
0
175
118
12
458
427
0
33
70
54
0
1
0
0
635
0
117
0
127
2
0
0
1
8
0
0
1142
492
0
3
127
11
2
0
75
10
246
22
2
0
185
183
0
6
0
0
3
0
1213
364
9
0
743
11
165
105
37
62
1
3
25
0
11
0
1
10
12
4
60
122
0
0
59
323
0
0
128
0
0
0
459
391
45
0
0
384
0
277
296
4
0
68
0
0
1
43
161
8
0
0
0
4
12
32
1
1
0
80
5
1
0
0
3
0
231
43
12
0
0
110
1694
5
124
0
46
0
22
6
1
515
1
0
12
108
44
3
5
0
8
98
0
12
0
98
0
437
0
0
24
16
8
2
0
9
0
5
5
64
24
0
25
0
0
8
36
11
0
0
246
0
0
0
42
5
6781
0
37
95
188
0
47
0
1
0
5
183
75
391
2
136
0
0
129
0
0
35
0
90
856
0
143
0
137
0
882
0
247
90
0
0
0
0
0
0
1
0
2
0
16
0
0
7
300
307
40
1
0
298
34
0
244
593
8
191
16
0
845
105
0
46
0
0
0
363
7
178
0
18
5
0
4
605
340
1
260
46
27
1
0
86
331
0
224
0
0
389
6
160
78
1
87
3
0
137
140
7
19
4
0
0
0
0
135
228
278
0
9
0
59
0
0
102
0
41
22
0
428
82
4
34
41
0
1
740
105
0
162
1
60
322
15
35
1657
145
4
0
7
256
78
0
6
21
2
0
0
0
30
118
0
51
1
0
0
0
0
248
4
163
0
1
28
12
177
0
2
1
0
146
215
53
29
1
0
181
0
0
0
3
375
1842
0
5
1336
22
74
147
0
116
0
0
2
395
27
0
14
47
75
17
0
0
4
0
0
854
0
0
992
3
43
18
1782
105
0
0
136
1641
39
875
223
0
35
16
400
0
35
34
9
17
0
0
0
158
0
3
1957
0
1910
4
0
13
0
9
0
116
185
1
303
40
45
0
64
348
3080
8
30
78
12
432
77
0
9
0
129
0
0
1
271
267
1
453
4
21
9
138
0
48
293
505
44
69
98
0
210
3
641
409
6
1033
0
356
132
139
135
7
0
6
0
0
34
88
4
0
132
0
2
24
8
3
0
2391
156
100
204
60
121
3
0
10
22
0
574
0
16
0
0
3
2075
0
69
159
1
495
0
8
165
27
18
501
0
0
182
0
0
0
0
27
0
0
0
34
204
45
0
19
0
2
141
6
0
0
649
160
633
172
0
1036
17
0
1
99
32
0
0
0
0
39
98
5
0
2
0
0
0
6
6
56
945
93
189
2
38
0
3064
0
0
7
49
0
7
190
0
108
4
42
72
0
562
200
23
380
60
0
0
335
655
288
120
3
0
94
0
0
0
0
923
1
1469
195
131
135
247
2
0
0
0
32
0
179
0
0
121
77
8
90
2
476
15
0
10
167
0
95
0
61
2
101
43
0
820
22
0
55
8424
0
63
733
435
368
234
225
913
35
728
0
397
1214
0
65
17
7
2
1
109
2
115
70
1936
0
19
150
108
2
1451
93
76
0
0
1
0
1345
1
0
446
0
456
0
20
3
0
585
35
1
2
947
36
0
0
0
0
103
2
75
3
842
7
113
33
653
0
4
90
939
0
6
8
38
91
30
0
42
263
102
0
0
109
54
155
0
0
4
16
0
36
149
0
79
0
0
0
0
0
1
0
0
34
0
0
0
2
13
0
4
694
16
0
1
2108
0
0
2
0
0
47
0
52
3
3
40
0
0
1
3
3
0
83
52
0
0
0
100
0
0
0
97
26
1
0
0
286
0
0
1
12
0
0
0
0
8
0
0
0
0
61
3
0
21
647
0
0
14
0
3
147
12
235
3
5
3
0
53
0
0
0
54
0
128
0
0
9
0
10
0
36
0
0
263
15
0
251
15
0
1257
59
4
0
35
168
0
0
8
0
0
42
28
58
0
80
12
0
5
1031
333
16
0
151
0
7
27
0
14
20
0
18
0
0
0
0
438
0
2
0
1
795
0
145
21
6
0
1
53
588
210
133
0
0
8
0
0
0
0
0
0
161
0
0
90
0
0
0
0
0
48
1616
55
3
0
30
0
2
0
0
0
0
0
0
0
0
0
0
0
11
0
0
2
16
0
0
0
42
1
44
0
0
0
0
0
0
0
8
0
0
0
0
0
0
73
0
0
2
14
221
0
0
0
0
0
0
6
0
0
3
0
0
0
0
0
7
0
8
0
0
0
1
0
0
0
0
0
0
5
0
0
0
0
2
0
0
3
6
3
0
945
0
0
0
39
0
0
0
0
703
0
0
69
53
0
10
37
0
2
0
0
0
0
4
56
66
0
0
0
12
235
49
0
26
0
2
0
0
0
0
0
0
3
0
0
18
0
0
0
539
0
3
0
0
0
0
0
0
37
0
61
0
25
0
16
0
0
0
0
90
0
0
0
0
6
10
0
0
0
42
6
0
9
0
4
66
0
0
0
7
28
0
51
0
0
0
110
0
7
0
297
0
0
0
0
5
0
0
0
0
86
0
0
0
1
214
0
3
739
281
0
0
24
40
0
0
1
0
0
65
0
0
48
0
44
0
0
0
0
10
0
0
0
5
0
50
1
0
372
0
2
0
0
0
9
0
1
0
0
0
0
0
4
0
8
0
0
5
54
0
47
0
0
168
0
0
0
0
0
133
0
0
8
0
0
0
0
0
0
3
0
0
18
0
0
38
5
0
0
2
55
1
0
0
49
0
0
12
0
0
0
12
0
0
3
0
0
0
0
0
0
0
0
0
0
3
0
0
0
2
0
0
2
1
56
3
0
59
1
4
0
0
0
18
0
0
0
0
1
0
0
0
0
0
0
0
0
2
0
61
0
27
1
0
0
0
76
0
0
0
128
0
1
0
0
0
11
0
1
0
1
10
0
0
0
0
0
0
0
0
0
0
5
0
640
0
1
0
1
0
0
0
0
0
0
0
13
30
1
0
9
0
5
355
0
0
0
0
0
0
0
0
0
0
0
0
0
19
0
276
105
0
0
0
0
0
0
0
1
239
0
0
0
0
0
0
0
0
0
564
18
0
510
0
0
47
0
0
0
0
0
0
0
0
2
1
0
0
0
2
8
0
7
0
0
0
0
0
0
0
0
79
0
0
0
77
9
0
111
0
39
0
0
0
0
0
6
0
0
0
0
0
0
9
7
0
0
0
54
0
0
145
0
0
0
1
0
0
0
0
0
0
0
44
0
0
0
0
85
0
0
0
1
91
0
0
0
0
0
0
0
0
0
0
132
6
0
0
0
193
434
0
0
0
0
10
0
0
0
0
0
0
0
0
2
0
33
0
0
17
0
44
71
0
12
1138
0
0
0
0
389
0
19
0
0
0
0
0
2
0
0
0
166
1
2
0
0
5
0
118
0
0
0
0
0
0
0
0
0
0
0
2
0
5
0
0
0
263
0
4
0
0
0
0
0
0
1098
0
121
0
0
0
0
2
0
0
0
93
0
0
216
0
0
96
26
513
0
0
2
0
0
40
0
0
5
0
281
2
0
0
0
0
4
0
0
6
17
12
0
0
1
0
0
4
0
0
3
26
767
0
0
9
14
726
0
358
0
0
0
61
0
2
0
2
14
0
0
0
0
50
3
1
3
39
0
0
0
1
0
0
0
19
0
0
0
0
15
0
19
0
0
20
0
25
0
0
0
0
0
391
0
0
0
160
0
0
6
0
0
11
0
0
0
0
41
1
1
0
0
48
486
144
0
0
0
0
0
0
0
0
335
0
30
0
0
0
0
0
656
0
253
0
1
6
0
0
0
0
0
3
0
1740
0
0
0
0
0
0
58
0
0
0
30
0
60
2
0
16
0
685
0
0
0
46
0
0
0
3
0
0
0
0
4
0
0
0
0
105
0
0
0
0
477
0
0
0
144
0
7
0
37
267
0
21
0
0
0
0
0
0
0
0
590
0
16
0
0
0
0
1
133
124
0
0
20
0
298
0
1
2
0
0
0
0
15
0
0
0
0
57
6
0
0
0
0
1
0
0
0
61
20
0
0
599
1
115
34
0
0
0
0
0
0
0
0
0
75
4
0
0
18
0
0
0
0
0
0
0
0
0
0
1197
0
2
5
0
0
0
1468
74
10
5
3
0
0
0
6
10
0
27
0
3
0
0
0
0
0
0
2
0
0
0
144
0
0
0
0
710
7
0
1
4
5
0
7
0
0
0
6
3
3
0
0
0
0
99
0
114
0
0
3
0
0
1124
48
0
0
52
138
0
68
26
0
0
30
0
0
0
0
8
12
23
1
0
0
0
0
0
0
0
0
0
0
0
0
139
83
0
748
4
0
0
0
0
46
0
0
0
2
0
0
0
2
0
15
70
13
162
0
0
0
8
0
0
3
0
160
0
0
0
68
0
0
1
0
0
0
0
0
0
0
0
0
0
29
32
0
1
0
0
0
0
136
0
426
0
0
0
0
0
0
0
415
0
0
88
1
0
0
8
0
0
486
1
0
5
0
0
0
0
0
28
72
7
55
1
1
0
2
17
66
0
0
0
0
0
0
0
0
191
231
16
0
123
0
0
0
0
0
1
5
53
816
0
0
0
0
0
0
136
0
0
0
0
0
0
50
1
0
0
0
0
0
0
22
0
0
0
0
92
2
0
0
0
2
2
0
0
3
0
12
0
0
128
1
0
0
1
0
0
21
0
0
0
0
0
13
0
0
0
0
9
0
2
0
0
0
0
0
0
59
0
0
16
23
0
0
0
74
0
0
1
0
0
126
0
0
0
2
210
5
0
0
15
0
7
5
1
5
24
3
0
0
57
0
90
0
0
34
0
153
0
533
100
0
0
3
0
46
0
0
0
0
6
0
0
1
2
0
0
0
0
8
181
335
0
5
0
0
5
0
14
0
0
0
1
0
0
0
0
0
1
407
21
287
0
0
0
66
0
0
5
0
16
9
0
343
408
1
0
0
0
0
3
276
0
21
18
0
0
0
0
14
0
0
0
24
1
3
0
3
0
2
0
30
5
0
0
131
0
0
0
0
6
0
0
0
0
1
2
0
0
0
0
0
0
0
0
22
3
0
0
0
35
113
1
0
0
82
0
1
150
0
0
2
0
256
0
0
1
0
73
643
0
581
0
0
0
0
0
2
0
0
0
6
0
0
0
0
0
0
60
0
4
0
0
2
0
0
0
24
4
36
0
0
0
0
288
0
0
57
0
0
14
16
0
316
49
0
0
0
0
0
0
0
1
414
0
0
0
33
38
0
0
2
0
86
233
4
0
3
22
14
0
1242
2
16
0
0
68
0
224
387
17
134
0
0
14
0
252
0
0
6
2
0
0
0
0
0
0
586
0
2
0
0
0
0
0
0
0
0
107
415
0
2
0
0
0
54
0
0
121
18
0
0
2
0
0
45
0
0
0
0
0
0
0
0
0
0
5
0
4
298
6
10
0
0
0
0
0
21
15
0
0
0
51
5
2
0
6
0
0
0
0
0
2
0
121
333
0
0
0
0
0
0
0
77
199
0
34
51
1
0
0
227
0
0
0
13
0
25
0
70
2
0
0
150
0
0
0
0
0
0
0
0
0
1
0
0
0
3635
81
0
0
0
0
0
0
0
55
213
298
0
0
176
0
9
0
0
0
0
0
0
0
162
0
5
24
66
0
0
17
2
488
0
0
0
0
0
765
0
19
0
4
950
24
0
0
0
0
0
0
0
238
3
4
92
0
1
0
102
0
0
26
0
3
0
1
0
0
33
0
3
36
0
0
0
0
0
0
131
0
973
47
0
0
0
0
0
106
679
0
0
5
0
1348
0
0
67
0
0
0
301
0
637
343
1
0
8
2
1
0
0
0
0
0
0
5
878
0
2
0
64
0
0
0
0
0
0
0
0
0
23
0
322
16
0
0
5
0
8
0
0
0
0
16
189
7
0
0
0
63
0
0
0
0
20
0
0
10
2
0
13
0
2
0
653
0
0
0
0
58
0
212
0
16
0
60
0
0
0
66
0
0
0
0
68
0
18
2
0
0
203
0
0
2
0
0
0
0
250
10
0
255
0
2
290
0
0
999
1
0
15
10
0
0
0
0
0
0
0
0
0
0
6
0
0
0
0
0
0
8
0
0
0
0
217
0
0
0
65
0
0
0
0
0
5
0
1
0
0
0
7
0
0
1
0
0
0
1
226
2
3
0
0
715
2
0
0
0
141
0
0
0
0
0
5
257
0
1
0
0
0
10
846
5
31
1
396
0
0
7
0
0
0
5
0
23
1
3
0
0
0
0
0
9
0
194
0
0
17
0
0
0
0
0
719
13
1048
0
1
0
0
70
85
0
0
56
551
0
0
0
8
2
0
0
0
0
0
11
0
784
5
9
4
4454
0
6
18
0
0
0
0
0
0
0
0
30
0
36
0
157
0
38
131
0
0
0
25
0
0
0
85
0
0
35
28
0
131
0
0
2
11
0
0
0
7
68
198
0
0
0
0
10
0
0
0
0
0
4
0
16
0
22
0
0
0
0
0
0
13
0
0
0
0
0
19
329
0
0
0
1
0
0
0
0
0
0
7
0
1
1
0
65
0
0
0
0
0
20
2
0
0
0
0
0
0
0
0
0
0
0
0
0
0
0
10
6
0
0
0
0
0
0
0
0
0
0
0
0
3
0
7
0
0
0
0
109
728
0
0
0
3
0
0
0
0
1
0
0
0
0
0
0
0
0
0
0
56
0
362
0
229
0
0
99
0
0
116
0
0
0
0
0
0
872
0
33
0
0
2
0
0
1
0
0
328
0
52
0
0
1
0
0
1
0
389
0
0
1
0
0
0
0
1
0
0
5
0
0
0
0
0
0
9
0
0
0
0
0
0
1
0
0
112
0
0
0
0
0
0
23
0
1
0
0
0
183
0
1123
0
2
0
0
0
0
0
0
0
0
1
54
0
0
0
0
150
0
240
0
0
0
0
0
0
373
0
0
66
0
0
0
4345
0
0
0
0
8
0
106
18
9
80
0
0
5
0
5
91
68
0
0
0
84
1
0
0
0
0
350
0
0
0
0
4
0
316
0
10
0
0
0
329
1
0
20
0
169
0
1412
0
9
0
91
8
0
1
0
0
0
0
0
0
0
0
0
0
0
0
0
0
0
0
0
0
0
0
0
0
311
0
98
2
0
7
2
0
0
0
0
0
115
1
0
0
0
0
0
0
0
0
0
9
0
0
0
0
1
0
0
0
0
0
1
51
2
0
0
0
1
0
239
0
0
1
0
0
1
0
0
0
0
1
0
0
0
0
0
5
3
0
0
4
0
0
0
0
0
0
0
0
0
0
0
0
0
0
0
0
0
2
0
3
0
0
0
0
0
0
0
1
0
0
0
0
0
0
0
0
0
0
0
0
27
0
0
31
0
0
0
4
0
0
0
0
113
372
0
8
0
0
0
24
0
0
155
0
2
0
0
0
0
0
0
0
1
0
0
0
0
98
0
1
0
0
0
0
0
0
157
0
0
15
39
9
0
0
0
1
0
7
0
0
0
0
0
24
0
0
0
0
0
0
756
0
0
0
0
0
0
18
0
8
0
0
0
0
0
0
0
0
0
2
0
288
7
30
0
5
0
0
1
143
0
0
0
0
0
0
0
344
0
2
0
0
0
632
2
2
271
58
0
1
1
0
0
0
5
0
0
0
0
0
0
0
1
0
364
0
0
0
0
0
0
138
0
0
0
0
0
0
5
2
0
19
0
242
0
0
0
241
2
0
0
0
0
0
36
186
0
0
3
0
0
0
3
0
9
0
0
0
0
5
31
0
0
0
0
0
0
0
0
0
0
0
0
0
2800
53
65
0
16
0
0
40
4
0
16
7
16
425
3
1
0
6
1
0
5
0
0
0
0
0
1
17
268
4
0
174
0
585
39
158
0
0
0
0
0
4
0
1
220
12
3
109
2
47
0
0
152
101
42
456
0
0
0
158
4
0
7
6
0
0
10
0
36
77
0
82
0
5
0
42
0
2
0
0
69
0
2
1
557
0
19
0
0
4
0
0
56
0
132
64
196
0
13
0
0
0
0
0
200
25
49
5
20
0
18
0
30
0
1
194
14
1
0
54
0
113
0
1092
111
0
0
0
52
0
1
0
1
0
0
4
1
186
0
236
0
430
0
0
0
0
0
9
14
1
0
0
0
0
0
0
0
56
122
18
0
0
370
0
0
6
0
0
20
0
0
326
0
8
0
0
0
3
3
97
0
0
179
2
21
0
39
0
10
0
77
0
0
26
0
0
279
84
1
3
0
3
0
0
10
0
0
8
0
0
482
0
0
1
4
0
16
0
1
4
0
0
214
617
0
1
175
0
195
0
87
2
65
0
39
0
0
3
252
2
47
0
0
1
161
0
0
0
20
2
32
0
1
0
0
0
0
0
0
252
0
0
0
0
0
0
0
0
0
75
0
0
0
1
0
2
0
0
1461
14
283
0
0
0
0
13
49
1
346
6
0
2
3
0
0
63
1
2891
41
416
0
0
123
60
45
4
5
0
1339
0
154
173
177
0
206
0
29
592
310
0
0
0
0
775
1
1429
0
0
0
0
4
81
8
3
0
0
0
86
0
20
14
6
79
263
3
429
0
2
0
160
41
3
0
90
50
1
295
0
24
43
0
2
0
26
1
0
0
0
0
212
0
1
2
1020
2
0
7
29
0
64
88
24
1
0
63
106
0
0
8
2
2
0
0
7
0
1
7
0
25
0
0
0
344
30
25
0
35
0
1
0
514
0
0
53
0
8
0
0
180
56
1
45
0
1
0
0
217
1
12
0
0
0
0
0
0
0
22
0
176
85
6
1
1
247
104
2
0
122
7
42
0
15
0
222
4
0
18
0
0
0
13
433
0
37
0
12
628
28
19
5
35
0
2605
17
0
15
3
5
457
0
0
46
34
247
0
49
457
0
0
10
19
69
1
211
0
0
0
0
0
0
6
58
0
0
101
0
61
5
0
23
0
2
1
0
0
68
0
50
80
0
0
0
0
0
0
0
502
14
403
836
450
7
0
7
9
0
14
0
0
0
720
745
0
209
0
0
1
716
0
0
73
0
0
0
17
0
12
0
2
0
147
0
26
2
9
0
0
79
0
0
54
2
77
377
28
0
0
40
252
169
3
0
0
0
0
0
385
23
1
887
0
0
0
30
2
293
6
0
4
0
47
16
113
411
1
0
1
0
0
53
0
0
0
0
0
0
9
0
1007
0
31
122
0
0
0
0
22
140
0
0
0
0
16
0
12
488
0
0
0
0
14
0
21
0
28
0
0
0
45
18
0
0
0
0
600
0
0
57
0
0
0
0
31
0
59
69
0
0
0
0
4
140
0
0
0
0
217
10
0
34
1
8
2
15
79
0
43
1
0
0
0
20
0
0
271
0
0
5
2
0
0
49
0
78
39
3
0
0
164
7
0
1
0
250
120
4
0
0
0
0
0
152
7
0
2
6
0
0
0
2
0
0
115
1
3
0
0
0
0
0
1464
0
46
0
0
0
17
0
1
0
0
762
0
0
0
79
0
64
0
1
0
0
85
3
0
2
0
0
0
0
0
73
0
0
0
492
0
6
8
0
89
0
718
0
0
0
0
1100
93
0
82
33
0
0
0
0
152
0
35
14
1
0
0
0
0
5
4
11
565
70
48
0
0
19
0
9
0
0
193
681
0
73
0
0
0
5
0
9
141
0
0
37
2
291
21
40
0
0
152
254
1
31
0
640
0
12
0
0
0
0
1
3
176
493
56
22
9
0
0
0
0
123
45
0
0
1
383
0
0
30
0
0
138
18
0
139
4
0
535
3
0
39
0
0
0
0
0
726
0
0
0
2
0
0
0
28
0
0
363
0
0
0
0
0
0
20
0
93
21
5
1
0
1
0
0
1
561
122
2
7
28
135
0
10
8
0
0
0
0
0
0
0
1
0
0
0
1
18
0
0
135
2
17
0
0
8
0
2
0
0
0
8
0
0
0
10
0
5
33
6
0
0
1
0
0
0
0
83
0
0
0
1
0
1
0
0
0
4
71
0
0
6
0
558
0
1
20
51
5
27
0
0
0
0
0
0
0
0
4
2
0
11
17
0
1
0
27
0
113
0
0
1
347
39
0
0
2
34
27
0
0
15
552
3
32
0
95
15
1036
170
352
0
9
308
6
0
413
0
0
7
28
0
8
40
0
0
105
0
2
0
5
0
0
15
0
0
0
0
27
0
0
0
0
0
54
112
38
3
0
0
14
142
0
59
145
0
0
0
0
6
0
0
45
0
44
2
0
12
47
407
1
0
0
0
0
0
26
22
1307
0
7
9
5
0
0
0
0
0
26
505
0
0
0
0
0
0
36
78
2
17
0
367
98
0
0
0
137
1829
0
293
0
0
19
236
37
0
6
9
0
0
7
23
2
0
15
0
1
4
0
1
276
79
270
1
0
148
3
2
0
12
0
0
17
0
0
0
2
82
21
0
2
0
0
4
315
0
4
0
2
0
0
238
0
0
151
376
663
484
2
0
63
3
39
0
0
0
119
1
0
0
0
0
5
0
10
0
0
0
40
0
219
2
4
0
49
9
3
915
0
1802
0
0
0
76
64
12
0
543
0
0
28
43
342
17
0
431
28
15
0
19
7
316
12
1
0
0
0
7
569
0
97
0
22
31
0
0
11
202
0
106
4
476
326
1
1
0
7
0
0
4
0
287
240
210
9
60
0
105
0
52
0
0
124
46
0
0
0
285
0
0
0
38
12
99
0
663
0
0
7
0
9
57
0
180
40
9
9
226
118
86
17
16
0
158
0
1
0
218
0
0
23
0
0
0
89
0
0
2
0
0
0
27
604
25
0
417
175
0
573
0
0
0
3
0
268
100
0
81
6
0
0
0
0
0
26
28
26
0
50
0
0
0
0
7
0
252
0
1
359
0
0
0
16
1
0
0
12
25
0
0
0
0
105
0
0
299
0
1
0
7
0
0
39
0
58
0
2
62
0
17
0
4
0
347
32
195
0
0
416
117
0
36
28
0
0
0
0
20
6
7
0
0
0
0
27
1
71
0
80
4
23
24
14
0
18
0
0
1
0
14
41
13
66
648
519
32
44
0
1
0
16
0
171
1
0
0
0
563
2
8
176
41
342
218
0
0
8
0
76
0
7
0
0
305
27
4
0
60
17
0
2
0
79
34
120
0
0
0
2
83
0
0
0
292
41
0
2
46
0
105
0
17
11
4
0
13
0
0
135
275
0
21
0
72
2
0
0
0
0
220
1
2
3
0
0
2
0
0
0
1
3
0
3
12
450
128
245
3
0
0
0
61
26
0
0
0
0
0
98
112
0
0
1
27
0
0
0
0
12
5
0
0
0
0
4
0
0
10
1
1
13
20
8
4
0
1
7
63
8
0
24
0
120
0
0
0
0
0
106
0
151
0
126
2
86
4
2
499
246
213
0
0
13
0
0
0
54
0
1
9
5
2
18
46
10
0
11
181
0
31
0
27
670
0
0
0
11
8
23
32
20
54
30
21
9
0
0
17
0
341
0
0
0
9
0
0
11
1
0
68
33
102
3
5
0
0
0
35
42
6
106
0
0
200
0
590
0
0
6
583
0
0
6
0
0
0
14
0
0
199
0
0
0
0
0
20
0
0
0
0
0
1267
0
27
0
0
0
2
133
8
77
102
71
762
65
0
26
0
207
31
0
304
0
104
0
18
0
81
2
56
0
0
0
0
0
8
0
3
0
42
0
0
3
0
127
29
4
271
0
0
0
92
0
0
0
0
14
0
119
931
0
196
0
0
18
59
5
0
0
15
3
0
0
0
105
0
1
0
40
0
1
0
0
0
2
5
95
44
65
0
5
328
0
0
1
6
0
606
0
1
0
102
0
232
72
5
0
10
0
0
0
0
0
0
159
27
331
0
101
2
0
11
828
3
19
0
0
21
0
2
0
0
0
0
200
2
2
70
0
0
0
0
0
3
0
0
83
0
0
23
0
443
0
0
0
0
296
0
125
45
1
0
9
0
0
0
341
0
0
0
1
0
0
0
0
0
29
0
0
0
3
0
114
1
0
48
0
21
10
0
21
0
0
0
0
0
28
0
0
0
0
0
0
0
0
11
1
311
0
0
710
0
0
0
43
0
0
2
259
10
107
0
3
33
0
0
0
0
6
0
8
36
9
8
0
0
0
0
0
1
0
4
0
1267
0
16
249
0
0
0
0
2
0
0
215
0
0
564
0
0
0
0
167
4
0
0
0
0
0
17
7
0
3
5
3
0
0
384
0
37
0
2
36
0
0
0
53
8
2
3
58
142
0
9
4
106
14
0
1
0
0
0
0
0
0
0
0
363
0
0
0
0
4
45
0
0
0
160
0
0
2
0
171
6
0
0
0
169
395
0
7
0
0
31
66
45
194
0
0
0
0
7
0
3
346
5
53
15
0
297
246
0
1
3
13
1
2
3
35
275
0
0
0
0
3
0
91
0
0
0
0
0
332
4
1
168
219
75
82
0
9
3
1
20
9
0
63
124
0
30
34
106
344
0
0
309
0
2
1
0
0
0
347
0
677
0
78
476
8
66
0
0
0
0
13
1
24
1
0
0
37
1990
0
291
107
3
0
10
0
28
1
0
0
0
0
1
221
1
0
0
0
0
0
36
0
8
38
0
667
0
3
0
0
62
23
0
77
0
0
0
0
0
0
0
0
0
0
105
0
78
0
8
12
99
84
0
68
0
0
0
0
1
0
45
0
0
22
39
0
0
76
0
0
0
0
10
5
0
168
41
0
14
74
0
0
59
555
0
0
0
5
0
0
8
385
59
5
0
0
0
6
0
6
60
477
0
213
23
319
7
2
0
0
0
0
0
151
1067
0
0
0
0
0
150
317
28
0
0
0
0
17
208
0
6268
0
0
565
337
0
0
0
0
0
0
11
43
0
0
2
0
0
149
2
0
61
35
0
378
0
230
1
62
0
0
0
0
0
0
149
1564
0
227
0
180
15
90
397
0
0
0
0
81
138
0
31
152
7
0
1
5
257
173
0
0
0
39
0
0
0
0
0
0
0
17
0
0
8
1
2
0
0
0
686
0
1
0
256
0
20
0
85
0
0
17
807
0
0
0
298
107
0
0
0
0
0
27
151
877
0
0
59
0
270
3
4478
0
3
208
0
0
0
3
1
0
0
8
0
80
2
496
162
0
20
8
30
0
67
0
80
468
2088
2
77
306
0
1
0
22
0
41
9
0
2
0
0
0
224
0
5
0
0
2
42
0
0
56
6
9
2
6
83
47
1
3
0
3
3
340
0
212
26
7
0
0
0
363
0
0
144
0
0
0
0
773
0
43
0
0
58
0
0
0
0
56
0
8
0
235
0
0
19
0
13
0
0
8
70
4
0
117
154
0
1
4
37
63
3
0
6
0
29
0
32
0
0
3
12
0
0
300
82
0
24
486
12
46
290
115
0
0
0
0
0
0
0
290
124
0
0
0
0
19
183
11
0
9
0
1306
0
3
0
0
187
58
45
0
425
3
0
0
109
1
0
0
0
0
3
239
63
56
9
318
0
0
0
0
0
0
380
0
0
92
236
7
0
55
0
0
0
259
95
131
1
0
0
6
99
0
1
359
0
0
0
246
0
0
0
5
0
784
620
0
4
9
106
0
0
0
0
0
16
457
339
0
220
0
5
0
0
36
0
7
0
0
0
23
5
0
0
0
0
1
69
5
0
0
0
49
0
0
0
0
0
8
925
45
0
0
137
0
162
68
7
3
76
21
0
0
0
0
160
14
0
2
189
559
2
0
0
0
0
0
0
0
0
0
8
0
43
0
652
0
0
0
388
0
0
54
0
6
0
0
0
0
0
226
273
2
453
0
3
43
0
4
0
0
0
0
26
0
0
1
0
0
0
668
31
5
54
0
0
0
13
0
76
50
0
3
281
1
0
0
104
0
0
8
11
1
452
4
1
274
4
2
0
0
0
7
0
0
0
13
10
0
0
0
0
0
0
0
0
0
0
0
158
0
0
11
0
0
5
0
1
0
87
13
7
0
351
0
1
648
0
52
0
4
42
0
1
0
19
9
0
6
569
0
59
0
0
69
3
0
154
0
202
0
0
1
5
429
0
0
0
0
0
44
135
4
0
0
0
36
170
431
0
21
0
3
12
0
1
0
21
37
0
0
22
18
0
0
0
98
0
0
0
1
6
0
117
0
0
10
19
904
64
15
109
0
0
69
585
0
0
589
0
5
0
19
51
0
0
28
0
0
1
19
0
14
0
8
0
0
0
8
2
2
0
0
431
0
4
0
14
0
0
17
7
0
0
0
0
26
0
2
0
2
49
8
0
1
0
435
0
70
21
1
0
24
0
0
0
10
55
2
5
0
14
0
208
0
0
0
112
730
0
0
95
0
69
0
0
0
0
377
0
0
0
2
34
10
4
31
17
0
285
0
0
0
197
88
24
0
11
21
0
21
0
0
46
0
0
0
51
243
0
1
0
82
1
641
0
2
180
0
0
0
0
3
0
0
13
9
6
488
0
12
2
0
281
6
0
0
64
0
0
0
0
374
0
621
628
103
70
0
0
64
1490
0
0
1
20
0
0
1
0
63
0
151
7
0
85
352
0
0
0
0
6
0
109
1
0
88
1
0
305
0
4
0
31
428
0
0
1
81
0
0
36
205
1
0
0
0
183
252
22
8
0
0
0
5
0
3
0
0
38
0
0
4
11
11
524
158
0
2
68
0
0
0
0
1
0
0
0
0
711
5
79
0
2173
0
451
0
0
3
132
0
5
0
0
12
32
12
97
31
22
56
0
47
0
71
0
1
0
0
0
53
5
0
257
3
93
0
0
0
0
11
23
213
0
2
3
0
0
1007
0
88
55
57
47
66
6
1
0
93
20
0
112
2
0
0
0
51
0
0
2
0
32
0
0
0
23
2
2
9
0
283
0
0
0
4
2
1
0
1
297
0
1
0
64
0
0
33
0
1
0
106
0
0
0
228
0
0
0
180
28
20
51
0
2
297
0
0
343
0
0
0
153
0
1
1
64
0
0
0
0
0
100
20
527
46
0
0
0
0
186
0
14
1
177
59
1
312
1
197
57
14
8
91
0
0
21
199
0
375
0
9
0
32
0
4
0
0
469
0
0
0
24
0
808
0
9
0
6
0
35
0
2
3
58
0
1
70
3
0
0
0
179
0
7
190
2
0
0
177
36
68
17
0
0
0
9
70
73
0
0
44
0
2
0
2
0
0
212
0
1
11
13
18
1
0
0
0
123
0
34
0
12
51
18
0
0
0
3
0
61
0
36
0
3
0
0
65
0
37
159
0
162
78
0
20
0
41
42
0
12
0
26
1
63
30
29
0
4
131
8
20
0
3
0
50
252
654
31
0
0
0
0
0
171
177
3
18
1
77
0
20
0
1
0
0
46
0
46
0
11
12
66
15
0
13
19
74
0
89
0
0
0
10
12
3
0
0
4
2
77
81
0
65
25
1033
0
261
1
22
24
0
0
0
0
15
0
0
3
0
0
9
28
0
0
0
11
8
97
0
70
10
342
11
0
938
20
96
0
0
0
0
0
0
277
0
69
17
1
0
14
0
0
0
15
0
17
0
0
0
70
53
541
9
5
64
0
14
15
12
0
0
125
0
0
21
174
0
0
0
353
0
333
0
0
0
12
80
2
0
66
45
0
2
0
0
0
436
6
31
413
227
0
37
0
0
47
22
454
200
0
0
0
15
1
84
70
40
25
1
0
2
0
99
559
0
3
19
14
0
0
0
0
112
0
452
563
230
0
0
398
0
624
0
0
4194
0
0
0
0
14
5
2
0
0
31
0
99
61
0
198
16
59
0
0
271
0
1
134
273
4
0
0
83
5
128
0
1
0
0
8
0
0
0
0
0
20
0
0
0
37
0
99
0
0
122
0
250
57
0
64
0
6
103
0
0
73
9
1720
0
0
0
405
218
3
0
31
2
0
660
17
81
1
0
0
0
6
89
11
4
8
0
1
0
8
0
1741
9
0
0
0
56
9
0
0
0
0
1
15
0
0
169
0
1
33
0
6
0
615
0
55
101
0
0
0
0
0
197
0
0
15
0
35
0
369
0
2
0
1561
34
74
0
0
0
45
32
25
0
10
0
9
1
6
251
15
603
0
0
1
165
18
1
97
144
0
117
0
0
0
0
0
13
74
13
2622
213
0
0
0
0
206
0
0
0
270
4
0
566
10
3
4650
22
189
35
1
0
0
0
0
52
20
22
0
0
70
102
17
6
0
139
1
10
67
5
0
1
0
0
0
16
0
0
0
0
0
368
0
5
0
0
0
0
13
0
0
0
46
2
592
0
0
0
0
516
1
7
0
16
0
19
0
67
159
0
0
0
0
0
0
0
0
0
0
0
0
0
0
0
0
0
0
8
0
0
0
0
239
0
0
0
0
0
9
3
0
3
0
113
23
2
462
0
0
0
0
0
2
0
0
0
0
84
0
0
0
0
4
0
45
79
0
0
0
0
0
13
5
1
0
29
104
33
0
2
0
309
6
0
13
55
0
0
19
37
0
0
63
19
7
3
0
0
590
146
0
1
103
0
30
0
90
29
0
1
39
21
676
58
0
30
0
0
0
6
0
255
0
0
0
0
0
0
1
0
0
122
7
67
0
0
0
0
0
0
7
166
0
7
46
294
0
0
114
0
0
0
160
0
0
0
99
5
0
0
1
0
383
0
0
2
0
397
0
0
0
3
0
1
1
0
0
0
0
0
0
0
0
27
0
648
0
0
290
10
0
81
0
75
213
12
41
0
0
6
0
900
0
0
0
0
22
8
1
10
2
3
0
17
0
0
0
0
134
186
138
0
28
0
38
1
0
0
0
0
0
0
967
2
3
5
0
0
0
0
0
0
36
0
0
186
43
187
86
0
28
0
0
0
16
0
428
0
2
155
0
0
0
1
0
0
0
0
182
0
1
0
0
0
487
1
7
0
0
345
0
2
0
8
1
0
23
0
3
0
62
44
2
0
8
280
0
0
5
0
147
36
143
0
26
6
3072
0
0
82
0
2
4
0
0
0
0
1
57
13
0
6
1
0
226
0
0
11
1012
0
132
31
48
0
0
108
8
0
11
2
143
431
0
31
0
0
0
0
1
0
1
0
138
0
0
0
0
0
0
0
94
4
163
0
0
0
13
12
787
0
18
0
0
0
0
3
0
0
0
0
650
134
0
0
0
0
3
1
51
163
0
228
0
0
0
14
0
0
13
0
1
0
0
134
0
49
36
0
94
34
0
587
0
0
9
0
89
0
187
0
61
15
0
0
0
8
0
0
2
0
7
0
0
0
0
18
0
53
571
0
176
0
452
0
222
0
0
12
7
13
215
0
100
57
10
0
1
60
0
4
0
0
23
26
43
5
1
0
0
0
3
0
2
0
0
57
0
0
300
0
1
1
0
0
0
0
0
0
21
2
26
2719
97
0
33
1
0
0
47
0
0
0
0
0
0
6
0
0
0
0
5
37
234
7
3
0
5
0
177
0
0
0
4
0
0
0
1
0
0
5
78
247
0
689
0
7
116
703
198
7
0
0
0
1
95
131
0
0
0
0
0
51
0
0
0
2
0
28
55
30
2258
0
0
26
95
322
0
0
0
0
69
0
72
0
560
0
0
21
2
0
0
5
0
137
0
196
16
97
0
230
1940
191
0
14
5
8
0
0
2
0
48
0
0
0
88
0
100
0
1
4
466
209
14
0
0
2
0
1
0
36
0
23
95
0
1
4
570
16
31
2
6
0
0
0
755
0
42
0
2
416
0
0
2150
6
116
0
159
0
0
0
3
0
1364
0
980
0
0
3
575
0
0
0
86
0
30
709
0
2
1
14
965
0
0
0
67
0
0
1
0
0
0
64
0
0
21
28
32
1
1
0
83
270
2
0
0
0
3
0
0
143
3
2220
0
0
12
2
0
0
0
8
0
0
0
710
0
488
0
0
260
0
0
0
0
13
83
0
0
10
0
174
0
3
0
86
0
88
1
181
0
0
0
0
0
0
0
31
0
0
54
0
9
1
559
0
0
1
64
6
0
73
0
0
16
0
30
8
0
3
0
0
0
321
22
5
0
0
1
0
0
0
0
0
102
100
0
60
113
2
1
95
0
92
0
10
0
14
0
2
0
0
17
0
0
2
30
0
27
217
0
0
0
18
56
11
5
0
436
9
26
0
2
0
0
0
8
9
263
0
0
0
0
46
5
0
8
0
24
16
0
1
0
18
5
0
763
24
0
75
76
0
0
21
34
1
1534
739
23
75
23
373
67
0
0
12
0
26
257
0
44
0
0
3
4
0
0
0
0
0
3
47
1
0
0
0
0
0
0
0
0
0
0
134
0
12
1
33
0
0
0
0
0
0
0
0
0
192
0
1455
7
3
0
0
242
2
0
0
0
0
0
0
23
0
0
215
0
2
1
0
3
61
1
329
32
0
0
39
0
0
2
17
0
0
0
0
0
0
59
1
0
0
0
1
15
24
1
1
0
16
0
0
34
6
0
2
15
13
0
0
0
0
18
143
1
24
0
0
0
50
0
0
4
0
77
1
3
202
0
0
0
1
0
0
268
0
0
0
0
0
0
0
438
847
0
27
0
0
30
156
0
0
0
0
35
191
0
147
470
0
0
0
2
0
89
0
0
0
6
0
1
53
3
10
1
465
0
0
0
0
159
0
0
0
0
0
0
0
203
34
4
0
39
0
72
0
0
340
0
0
84
2
184
65
2
2
64
0
0
0
61
28
0
6
0
6
8
76
0
0
0
0
0
0
1
0
0
110
0
0
20
62
0
0
29
0
129
46
18
0
0
0
0
0
0
383
0
71
0
21
0
0
143
0
0
0
0
200
0
18
6
63
3
597
0
0
44
106
119
102
75
0
0
91
0
657
0
30
1
47
1
0
39
59
0
0
153
0
129
0
0
0
1
0
0
8
0
98
0
4
0
9
0
2
1
0
280
0
1
98
0
209
33
0
423
964
2
0
0
0
1
529
118
0
0
0
0
0
0
0
0
289
30
0
2
0
0
373
0
56
7
0
10
19
0
0
0
79
0
61
62
0
0
4
171
0
313
0
40
1251
1676
2
52
0
0
7
48
11
0
321
26
29
2
0
10
79
9
1
220
0
0
92
0
1
0
0
4
0
3
0
0
0
2
27
0
0
3
11
0
7
0
68
0
94
0
7
208
0
5
132
1
0
2
15
89
0
4
0
0
0
63
1
1
9
0
0
0
0
0
19
37
133
10
2
0
0
0
0
0
0
705
0
0
2
0
384
0
0
1
16
0
1
1
0
93
0
8
0
0
0
6
2
6
0
0
296
34
0
2
0
0
0
0
3
55
24
0
886
0
49
128
0
0
34
0
18
17
0
0
0
0
1
4
0
19
0
26
29
1
0
26
69
0
0
0
0
0
0
80
2
1
0
0
26
0
3
14
91
0
145
0
8
13
0
359
0
0
0
238
38
15
0
0
0
0
24
0
303
0
361
51
0
39
45
11
279
0
3
52
8
0
3
233
24
0
154
2
0
158
0
5
0
1557
0
2
0
9
0
0
0
0
167
1
0
0
168
0
2
0
38
400
0
0
0
0
177
2
0
20
0
0
0
0
0
0
52
0
8
226
0
0
367
0
0
138
0
794
0
190
11
0
0
12
5
67
180
0
35
43
0
1
198
26
5
0
0
0
0
0
195
45
2
0
0
30
278
36
12
814
2
0
0
1
6
1378
0
58
70
0
6
164
5
516
55
0
0
72
138
0
0
0
0
0
0
0
35
455
81
900
9
767
198
198
3
66
0
1
0
0
0
197
1
6
0
233
7
0
0
0
26
31
0
0
5
41
1013
153
35
0
0
1
73
0
0
0
0
0
0
17
0
202
84
0
3
0
16
9
0
5
0
0
2
0
9
155
0
6
18
17
0
11
0
1
218
0
799
0
0
41
13
628
1
0
13
0
5
0
0
1
0
0
0
3
23
404
0
18
0
0
0
2
0
1
15
69
13
0
0
1
1
2
0
58
17
21
50
57
154
3
0
0
0
0
0
130
50
118
0
0
49
0
45
0
109
0
375
12
0
0
0
10
26
23
13
0
2409
9
2
0
0
4
0
3
263
2
0
0
0
10
177
0
0
22
4
520
0
540
453
4
53
211
64
1
35
7
46
0
217
527
93
4
342
0
0
0
184
3
0
0
3
217
104
707
1515
0
53
0
443
0
0
0
0
0
0
0
17
0
0
0
1891
244
51
1
326
129
2
11
47
1
804
1
0
0
0
0
9
19
15
0
0
353
0
37
3
35
0
0
220
504
0
10
7
0
500
4
373
0
0
105
31
21
36
0
0
0
0
0
0
2
25
90
17
0
0
0
275
792
0
2
3
15
1
26
4
514
0
0
113
0
0
0
0
0
0
230
0
0
0
3
45
0
0
0
710
0
56
89
109
45
0
0
118
0
0
0
43
0
20
0
4
0
730
1768
3
167
2
8
0
149
69
66
0
164
0
0
1
0
47
0
0
1
0
0
0
0
51
16
87
38
36
99
10
5832
370
40
0
54
0
1
0
0
0
0
31
0
0
0
0
44
45
18
0
5
2
10
0
79
19
460
0
5
4
20
0
10
0
1
0
0
2
109
0
11
1
7
270
0
0
0
17
0
311
539
0
0
0
187
0
34
223
47
324
282
0
70
1
116
2
0
0
0
37
0
64
0
0
248
0
0
0
0
0
0
0
3
451
14
27
288
0
3
9
0
197
0
0
2
0
16
0
0
21
1
0
0
85
53
127
0
0
430
0
0
254
0
0
0
0
0
0
0
0
23
0
0
2
6
0
53
0
0
0
0
0
0
0
0
3
84
0
0
2
0
3
0
28
0
0
0
0
0
7
0
442
2
2
134
0
0
23
0
0
1
292
1
0
144
0
0
0
1
0
0
138
3
28
0
151
63
1
0
5
0
0
0
0
0
0
11
0
0
0
29
0
0
72
40
37
0
1
233
533
0
0
4
0
423
0
2
0
44
69
733
0
0
30
0
0
2
18
3
10
0
0
0
0
0
138
1
0
272
0
174
0
203
0
3
26
13
21
356
0
650
5
0
0
0
139
0
0
109
0
15
0
0
6
0
466
3
0
0
0
1
2
0
15
0
0
377
0
0
4
0
0
1
2
81
51
24
0
0
9
2062
309
0
21
0
0
0
3
0
0
3
5
28
16
16
48
1178
0
0
0
467
0
10
0
0
0
0
396
152
1
11
0
139
0
0
0
102
0
0
0
0
0
56
0
1
0
2
0
4
0
2
0
0
492
8
44
0
0
0
2
1
0
1
0
1
0
0
0
0
17
0
0
131
0
0
0
0
0
0
0
0
0
0
0
0
1262
0
2
0
47
0
44
48
57
0
4
7760
2
5
0
90
7
0
0
0
0
3
0
0
0
0
146
0
0
0
21
0
0
1
0
0
0
0
0
0
0
52
0
0
0
3
2
1381
7
21
0
0
0
0
0
0
0
1670
425
131
51
10
0
0
47
0
109
18
255
264
8
331
267
354
0
140
49
2
7
0
0
7
0
0
220
0
0
0
0
23
7
236
2
205
8
92
2
0
0
0
22
56
0
0
0
2
43
7
22
6
43
0
3
19
18
2
0
0
0
0
0
1
0
0
0
1
0
0
0
53
10
0
0
0
907
0
0
1
1823
128
0
174
0
0
1
0
6
245
0
0
466
11
0
258
0
0
55
14
0
0
0
0
0
184
0
0
2
2
0
0
304
172
0
0
0
0
0
3
0
0
2
43
1
0
0
33
0
0
0
6
449
0
0
290
3
0
0
122
0
2
82
0
0
25
0
0
0
0
97
0
0
0
33
11
0
3
6
0
0
20
1
0
1
0
2
41
0
45
0
0
0
0
586
0
690
0
0
6
0
0
0
0
0
142
390
0
0
0
8
0
131
0
0
0
21
64
0
0
0
184
0
0
113
25
0
0
1
0
0
1195
0
0
0
719
0
0
0
35
0
87
1035
0
0
0
2
3
0
0
0
0
0
0
80
48
0
0
0
0
0
0
0
0
0
0
420
0
50
0
16
0
0
0
0
0
0
0
0
0
0
0
0
2
0
0
0
0
0
0
235
0
59
0
0
0
45
0
0
0
874
0
1579
0
392
0
0
0
0
0
22
0
2
0
0
0
2
0
3
10
0
0
0
0
573
13
0
0
176
0
0
0
0
0
0
0
8
0
0
55
0
158
26
3
0
0
16
0
39
0
0
2
33
0
0
0
4
0
0
0
2
0
0
0
0
0
0
0
9
0
16
141
16
0
0
0
0
1
0
0
0
398
0
0
0
9
12
0
7
0
2
0
0
0
42
0
0
0
0
0
940
117
0
189
0
0
0
0
0
0
0
0
30
278
6
118
0
0
1
366
429
0
7
116
0
3
0
0
0
1
1138
1
3
0
0
5
813
0
309
6
0
4
0
380
0
0
0
0
0
234
0
0
0
0
0
0
7
0
1
0
263
106
0
0
0
737
0
6
100
0
681
0
0
1
0
0
2
2
18
2
0
0
0
1
0
0
0
0
79
0
31
0
9
575
0
687
0
9
4
0
0
5
0
0
4237
0
0
0
0
0
0
0
0
0
12
0
0
2
0
0
245
0
187
0
0
4
0
407
96
0
293
0
1
406
1
13
1
0
0
0
900
0
0
0
0
0
0
1021
20
0
17
11
2
1
0
0
0
39
0
44
0
1
3
0
140
3
1
128
0
0
0
0
4
0
0
0
7
186
7
0
0
0
0
0
0
0
0
5
60
0
0
0
0
310
0
0
0
2
0
106
0
0
0
0
0
0
1
0
0
0
0
5
0
5
290
1974
148
0
0
0
0
160
0
0
4
0
0
0
0
0
0
43
0
118
18
0
0
85
0
0
0
0
1006
0
0
116
0
0
6
61
0
0
45
0
5
0
10
451
187
10
0
1
28
1
22
0
23
0
10
0
82
0
417
7
0
221
2
240
196
10
1
0
0
193
3
0
144
64
0
207
1
0
0
36
0
426
1
0
0
0
0
876
951
539
2
0
0
0
0
0
389
126
112
0
233
3
0
3
3
53
0
0
33
0
3
40
24
0
3
40
11
0
0
1
89
8
38
453
31
74
83
0
2
0
129
0
89
4
0
25
0
14
0
3
63
0
0
0
1
1
26
0
53
795
0
0
1521
1
0
71
1203
0
11
46
0
0
0
19
3
0
0
0
0
1
0
3
32
24
3249
195
0
513
2
71
684
20
0
43
0
0
0
5
0
65
9
41
4
0
0
20
148
384
1
0
391
3
32
0
35
0
47
72
72
12
0
39
0
144
0
0
0
1
74
0
5
32
174
36
0
8
161
16
141
274
28
0
0
61
599
3578
0
0
22533
62
215
0
5
0
0
122
214
0
32
11
323
1
0
0
273
0
165
0
0
1259
10
59
1471
0
0
3
934
0
1
43
79
84
123
392
0
0
222
77
10
0
84
14
0
83
607
0
1
2
105
0
0
0
0
0
1
6
0
0
19
304
34
318
99
175
658
0
6
86
0
49
2
596
0
120
3
180
1
1
0
80
0
1104
432
2387
0
0
68
118
0
174
88
2
0
0
17
0
645
2
78
0
47
401
4
1
0
3
228
0
1
7
112
0
99
0
1
6
0
15
25
0
129
0
407
33
0
82
25
0
690
1
762
2
104
0
0
1
9
220
164
17
0
0
472
0
396
0
0
212
240
22
0
1
88
164
1
103
0
0
0
133
53
0
0
3161
0
2
257
10
72
23
183
0
2
18
14
1
107
0
44
44
8
112
581
110
40
7
477
68
2
475
7
0
78
0
1
12
34
4
0
75
71
586
10
2
0
0
0
578
67
250
119
411
2
20
0
0
0
37
282
35
0
2
34
22
0
4
13
131
655
0
7
151
0
160
5
68
12
0
0
20
8
295
0
0
52
2
5
174
31
0
49
2
73
18
11
0
0
16
26
217
0
0
0
0
6
7
11
229
11
0
0
14
0
0
0
114
1773
4
0
0
0
36
609
34
122
1898
192
14
2
0
34
25
0
281
4
87
48
22
17
8
0
4
245
25
0
18
6
0
226
0
4757
4
61
21
0
0
61
1
0
0
22
0
8
67
14
0
120
0
0
13
1
23
130
0
0
53
430
0
0
18
44
0
1
266
533
0
1
24
0
0
0
540
17
9
0
2
0
0
0
120
28
177
0
46
0
1
12
2711
0
4
1
6
468
14
0
0
0
8
97
0
106
86
0
2
430
571
2
0
13
7
0
3
17
0
1080
28
423
503
0
0
0
619
0
0
1
19
11
0
92
0
1
63
0
0
3
247
120
150
202
123
0
0
0
3
103
0
0
294
47
0
101
0
0
0
338
336
888
180
3
210
25
7
563
0
0
0
23
3
210
173
87
16
405
23
0
177
0
0
20
0
1002
0
6
54
177
21
259
7
0
3176
0
0
0
19
0
1
889
0
97
249
239
0
74
0
87
12
0
37
10
85
3600
0
2
0
529
0
146
20
112
0
20
54
3
66
0
2
0
0
0
841
0
73
0
0
0
2
37
136
525
0
3
0
1
0
0
0
0
0
673
564
3
0
18
0
0
80
0
0
1
0
0
0
62
10
418
162
0
9
1
23
86
173
19
0
0
75
0
0
5
3
1651
7
3
0
199
5
2
376
0
88
0
2273
154
0
3
0
0
234
0
0
0
9
40
49
0
0
82
128
28
0
119
138
0
0
0
1984
18
2
35
210
11
26
0
39
0
80
4
0
0
0
96
190
0
385
155
0
7
5
0
0
256
317
1
59
0
0
107
107
40
0
122
0
125
86
64
0
4
8
0
3
4
2
0
0
2048
30
3
0
0
0
0
808
104
147
70
0
4
17
24
6
79
5
0
0
0
0
0
0
468
0
0
6
7
55
68
488
2
0
149
0
1344
5
162
0
61
0
70
22
144
0
126
29
75
1
2
0
691
169
27
0
403
306
0
167
0
13
0
0
0
0
407
51
0
354
0
0
67
1
0
1
585
41
1
1
0
38
443
69
0
0
1
28
0
0
9
143
0
0
0
7
2
86
0
0
0
206
7
1
0
777
2
36
9
10
1
3
12
357
0
0
282
0
1
0
0
0
28
12
1
1
36
0
0
7
0
0
7
2
0
0
56
23
639
0
0
2
8
7
1
2
0
0
0
8
4
0
17
9
0
0
0
0
0
0
0
33
0
0
19
0
0
52
0
0
3
0
22
0
1
1
8
13
8
0
0
2
0
6
955
0
0
0
0
28
13
28
13
0
0
72
213
0
835
143
2
77
4
51
2
122
4
9
54
1793
5
0
0
97
0
0
643
15
177
0
2
33
0
30
214
1
242
7
104
8
0
56
56
24
0
0
28
1084
7
4
55
17
0
801
5
438
1844
0
0
67
23
0
3
25
208
20
12
43
616
10
71
41
1
114
204
208
7
0
0
405
0
0
0
0
0
0
0
0
4
0
34
52
7
187
13
37
1
0
91
38
32
1
0
10
558
7
89
0
23
7
0
7
301
0
65
2
0
0
0
478
0
0
392
0
1
16
0
0
60
8
1044
0
325
2
88
275
26
0
0
0
3
0
1150
0
0
3
1
481
1
0
763
257
1
0
56
1
16
218
54
10
26
161
0
3
275
18
0
0
2
0
0
22
93
0
65
108
0
0
195
1459
31
1608
0
2
0
656
6
110
1
2
18
26
7
0
0
5
0
16
0
42
8
135
0
375
61
233
761
118
390
0
0
1227
0
0
0
3
191
316
1
0
0
0
0
0
0
0
0
0
0
0
2
18
11
58
55
88
0
1
3
85
0
0
0
0
0
0
37
0
88
0
5
3
0
0
0
14
221
6
0
0
3
0
1083
114
0
0
0
1
77
0
4
0
458
0
0
58
350
0
731
16
0
5
0
102
0
5
0
0
0
0
8
64
13
0
0
23
7
0
126
0
34
0
1
0
1
376
6
0
18
0
0
29
0
126
93
353
0
0
0
63
333
0
9
0
0
0
0
50
0
3
138
0
1
1
0
0
151
0
3
178
142
35
0
57
65
138
0
2
10
244
13
95
0
0
0
1
6
63
53
502
0
3
0
0
7
0
0
1
0
0
0
0
0
163
26
0
2
22
169
0
24
7
0
3
2
116
0
151
0
128
62
0
4
1
0
0
0
0
31
0
0
9
99
55
0
7
37
206
1
18
0
37
2
0
0
0
0
0
0
21
0
0
2
0
2
0
31
0
1
5
0
0
56
0
6
0
14
2
137
4
0
289
2
2
30
2
15
0
8
0
1
0
1
1
11
0
8
56
0
0
0
35
75
59
212
1
0
17
0
23
0
1764
0
71
78
748
0
0
997
195
0
0
0
552
0
0
3
33
0
0
1
29
0
99
0
9
311
51
365
0
2
2803
99
0
21
0
23
19
0
1
308
0
970
3
0
218
0
20
0
0
276
0
0
76
0
167
3
3
13
67
2
19
0
0
314
78
2
0
168
4
136
0
69
9
186
5
3
0
0
0
0
0
179
0
2
258
304
3
0
474
0
0
0
5
0
0
0
450
5
257
4
122
546
12
106
0
118
0
12
383
3
0
11
30
6
0
207
0
30
6
3
2
531
0
2474
0
508
44
1
383
0
0
227
0
278
592
0
1
99
217
64
24
1
0
1
31
141
0
0
0
11
227
4
0
1
0
4
424
0
48
864
65
297
41
27
709
44
18
4
148
718
0
0
421
351
47
0
506
187
77
0
0
4
0
1205
1103
310
9
138
0
66
8
0
0
505
1
42
0
200
82
0
22
2
17
298
92
25
78
0
1
64
3
2
0
0
183
1
29
285
23
0
0
0
26
226
0
34
0
1
373
0
426
40
5
0
0
680
0
118
364
10
0
65
353
126
337
64
0
0
0
738
0
973
58
0
1
0
1
1217
0
793
50
1277
41
255
241
200
0
132
2
0
2
0
10
91
97
128
0
20
20
12
340
0
1
388
9
1
0
58
132
46
130
0
0
16
2001
0
0
11
1
21
0
261
304
2
33
90
0
78
11
0
0
9
94
214
2
0
0
0
65
0
9
6
23
0
270
0
8
0
0
2
0
13
0
76
0
1
0
68
0
62
0
8
72
10
5
40
19
579
0
8
0
0
95
112
26
477
4
0
0
109
0
7
0
282
148
1
0
148
49
0
93
54
183
0
110
0
0
0
4
0
5
165
414
33
6
0
132
252
0
33
0
23
30
146
137
274
409
1131
0
173
146
0
3
0
26
41
0
238
0
87
141
58
0
52
0
85
485
810
377
0
1045
998
0
1
0
0
194
0
0
1
140
15
0
0
0
0
0
5
2
1
40
1697
71
61
11
19
1151
1
1352
0
0
176
0
1
2
0
0
279
18
2
313
1367
0
31
2
0
150
167
2
0
6
0
0
35
0
67
0
121
14
214
4
0
9
377
118
0
0
153
13
0
0
0
0
54
0
3
1
0
0
1131
512
31
128
33
0
10
0
0
30
7
508
17
239
179
0
116
49
26
68
0
51
0
0
0
26
0
303
37
11
16
23
12
45
0
0
0
0
0
0
16
71
509
0
1
0
0
1
0
0
0
42
9
32
0
533
3
136
68
0
5
94
1373
12
54
17
0
0
5
0
46
28
13
0
578
0
699
154
3
1
106
36
101
11
2
0
88
15
101
392
0
2
0
647
0
0
0
2
85
1
34
98
0
0
4
0
149
20
0
656
0
3044
1
63
340
15
0
537
0
0
0
108
0
0
3
0
129
0
267
47
0
150
9
2
38
460
163
24
0
0
1
52
0
1
0
13
197
5
0
0
6
33
0
0
108
130
6
0
15
0
16
0
4
1
0
847
1
12
0
0
0
14
0
25
0
354
0
0
166
3
162
0
3
0
140
0
22
0
31
78
3
974
59
3
7
0
0
0
0
0
42
151
24
0
8
0
0
6
102
0
13
8
1
0
15
1
81
380
1834
19
242
1
8
14
0
50
0
11
11
1577
0
53
164
0
2053
0
0
7
77
0
124
22
0
11
1
1
76
21
0
9
0
24
0
0
0
15
0
0
0
0
316
234
9
413
240
0
627
2
1
0
43
172
3
14
37
0
41
5
45
136
202
941
0
0
1
0
26
1051
147
4
107
1298
23
80
0
1471
162
15
0
0
624
95
867
0
0
1
0
69
0
1035
9
65
297
0
4
234
143
0
7
101
851
0
0
20
10
0
4
246
9
3
4
4
0
350
87
0
0
78
5
0
0
1
0
56
0
1
193
80
35
0
688
0
0
82
33
1
0
3
11
0
593
0
680
0
62
0
301
19
173
0
19
0
0
0
0
0
0
0
0
3
25
2
741
0
30
0
8
67
46
0
21
5
197
15
14
53
1
0
0
130
371
0
2
54
0
2
0
0
0
833
0
77
547
0
12
46
274
0
0
0
0
178
15
9
0
16
0
0
0
0
0
2
70
126
42
1
17
12
0
0
0
3
96
5
0
1
59
122
64
0
0
91
0
0
0
20
1
0
30
15
19
111
0
7
0
296
0
2
0
0
2
76
12
1
0
264
19
217
3
295
5
19
17
4
34
173
2
0
3
0
264
58
13
94
217
2
49
152
0
0
0
0
109
2
10
35
1
0
372
0
52
8
21
5
36
120
0
673
0
232
15
0
1813
10
303
0
320
0
0
588
151
13
0
15
186
5
47
5
0
75
69
2410
16
0
0
0
0
0
614
2050
22
51
6
416
0
388
125
0
0
618
0
70
7
11
505
97
251
52
176
3
2
45
589
40
0
0
0
0
2
231
0
38
20
0
16
0
164
19
220
305
9
56
0
108
1
210
2442
80
0
402
100
40
9
0
29
7
438
14
0
9
11
0
0
0
190
0
7
0
2
63
3
0
0
13
0
170
0
32
0
278
0
284
1
307
0
0
14
14
2
1
0
346
3420
34
56
21
575
5
552
40
218
1562
5
76
0
36
110
34
1
19
0
17
0
0
4
21
378
10
1
0
0
1
208
40
134
0
48
948
530
6
0
0
0
46
192
0
63
0
391
174
101
22
266
17
45
0
0
516
0
0
0
0
75
0
0
0
88
0
0
10
585
0
0
3
218
525
152
22
175
24
1036
0
72
11
0
14
44
10
4
0
25
218
9
0
0
350
0
758
0
30
0
0
2037
0
0
2
3
0
1
0
91
164
84
0
34
0
0
37
72
9
2391
1376
3
431
96
0
2
0
118
314
48
0
0
0
68
0
1110
9
142
52
2
118
0
496
19
17
95
0
15
0
11
879
0
23
0
0
7
1532
50
9
255
1
0
1
0
1
0
67
181
0
19
81
0
0
0
0
327
0
9
100
90
326
0
0
10
5
14
793
90
0
95
37
1
18
0
0
0
457
86
4
260
1
641
31
0
325
211
0
0
4
306
0
87
0
1
0
0
355
0
0
13
0
0
0
0
5
13
60
36
728
0
1
2
49
0
0
0
339
0
0
1
0
0
0
250
0
0
0
0
10
0
0
0
0
878
7
21
1
62
0
0
0
662
0
1
612
0
0
1
302
25
472
21
0
0
29
122
24
0
105
440
0
0
0
41
3
0
6
1
2443
0
25
71
36
0
0
2
15
0
172
25
56
327
483
0
0
358
348
0
0
0
33
183
0
140
0
52
134
11
43
8
0
26
7
9
0
117
0
9
0
0
65
37
21
138
0
140
699
21
0
170
0
88
0
228
78
242
0
0
65
592
0
46
2
1
0
227
0
0
0
17
315
3
2
66
79
392
30
41
2
143
0
19
465
120
2
0
0
189
132
695
70
0
24
3
12
0
0
10
0
1
0
0
0
153
20
0
0
0
555
33
0
14
1
4
1
487
13
0
2
0
290
1019
52
1305
0
0
0
0
0
153
0
0
54
11
292
0
0
27
3
0
0
158
346
0
0
755
0
0
6
5
3
0
24
0
0
8
0
0
14
50
1
43
66
0
20
0
0
1
121
1
193
423
0
61
10
41
2
28
0
59
0
58
37
2
164
6
0
47
0
1
42
116
0
0
73
0
0
0
135
0
6
0
783
109
17
272
0
0
0
8
243
82
13
57
5
0
0
2
0
0
138
635
0
615
5
107
1
29
0
0
104
187
1
0
1
130
18
22
0
41
202
109
0
200
101
0
0
3
2
141
675
337
0
1
337
0
516
0
0
0
2
252
19
403
0
0
0
0
0
0
49
1
0
0
111
0
0
0
74
0
0
184
0
0
0
1855
0
23
232
0
139
0
5
0
0
70
0
16
3
69
55
334
0
236
0
106
0
0
0
0
0
0
36
0
2
0
13
0
0
1
12
0
259
137
1054
0
9
8
90
3
1046
0
27
0
0
0
145
0
104
0
0
179
0
42
1
0
4
0
314
132
80
31
96
29
0
0
5
0
28
0
0
84
103
17
0
5
2
0
62
68
14
285
11
224
0
6
108
0
878
0
133
0
0
540
0
112
38
337
0
2
0
19
24
1769
95
6
17
0
0
0
0
0
36
253
115
3
376
124
81
0
265
78
43
80
0
10615
5
29
0
206
287
132
2453
0
194
9
7
26
35
0
217
15
0
277
19
0
179
78
7
210
0
0
0
567
0
22
68
26
49
7
1
0
0
4
0
0
89
81
113
0
604
0
0
1
0
66
295
6
26
2161
0
3267
3
0
36
0
0
0
2
0
0
0
257
140
2
0
18
180
526
2
40
157
218
1
156
0
1
2323
18
0
0
0
0
4
0
0
102
0
8
42
1395
9
220
15
0
522
469
764
96
75
0
111
313
3
0
7
29
716
0
0
438
34
0
1
0
0
0
77
12
537
0
6
33
2
10
5
2036
142
0
2
0
10
232
5
0
0
34
4
0
0
30
67
1079
34
211
281
0
1
0
117
0
0
0
6
0
166
0
0
186
272
43
0
360
455
59
65
31
3988
2
0
0
1
1679
0
0
0
8
0
0
0
0
4
64
6
0
1
0
342
0
0
99
576
0
741
22
21
7
0
0
2
44
14
6
0
10
0
0
12
0
0
0
162
125
26
0
113
278
1
0
205
48
0
105
176
10
1
27
0
0
0
0
252
715
0
0
5
267
15
0
339
0
2174
46
0
0
204
0
7
50
65
0
102
9
66
830
116
0
0
35
0
0
0
0
80
1
0
77
0
4
8
216
0
55
4
0
15
0
32
23
94
45
0
0
63
0
20
0
0
0
8
2936
7
1
5
33
0
83
0
0
55
6
29
76
594
0
0
40
41
36
110
0
102
22
0
6
681
88
50
33
0
8
0
0
0
0
14
7
62
1
10
0
0
40
108
389
31
0
0
104
157
148
3
149
5
23
0
0
65
0
0
6
0
0
0
17
22
0
102
9
0
0
0
0
0
329
1
214
5
0
0
70
5
231
15
934
49
110
0
0
72
1
2
1
0
0
84
0
23
9
0
0
0
14
570
0
0
0
0
646
0
0
75
0
445
126
0
588
1
11
1729
0
143
3
0
0
10
0
3
4
28
6
0
6
114
754
102
82
668
0
18
80
370
4
910
51
0
13
147
379
31
1477
10
22
26
0
0
0
34
172
323
4
325
260
3
1
0
213
0
0
0
19
6
1399
4
0
0
19
559
88
3
14
0
6
0
115
0
567
231
23
10
159
0
65
0
7
0
6
767
457
949
0
364
0
86
84
107
0
0
3
0
2
0
472
0
114
112
2
2
2386
57
103
40
153
14
4
12
9
1893
0
4
0
95
0
110
693
85
0
61
3
271
3
10
0
423
234
10
0
4
86
297
0
7
0
26
27
0
0
31
0
0
0
0
0
257
2
1458
0
0
43
1806
0
49
1
1
17
0
83
0
0
4
474
5
0
310
119
51
92
1
3862
137
17
3
0
0
29
0
0
131
0
0
1
54
37
2
365
0
0
15
5
0
54
0
809
9
54
365
148
435
0
171
0
97
0
595
14
355
0
0
0
0
7
367
23
0
3
395
15
169
0
345
192
130
59
37
11
0
13
1
7
0
0
0
131
0
0
345
1
13
43
486
41
0
0
10
24
0
0
0
63
349
9
0
491
89
171
0
0
0
82
3
0
80
166
10
0
0
158
0
1
29
3
1
93
18
0
1
35
2
268
0
66
3
0
2
0
0
46
0
9
0
50
148
1
0
279
0
154
0
121
0
0
15
15
86
191
305
0
0
0
75
1
0
51
0
330
83
3148
0
18
25
51
86
33
0
3
0
78
17
0
0
0
0
0
0
0
0
213
39
0
5264
1389
2
0
0
0
326
0
86
0
598
94
0
0
1119
320
0
0
7
174
14
0
0
32
7
0
169
1482
1
604
0
0
189
590
66
33
0
0
0
380
1199
0
67
0
281
0
0
0
2459
490
0
0
0
649
91
6
217
0
0
3
0
6
78
361
0
133
0
1
0
1
6
0
16
34
0
18
0
52
0
0
38
13
19
0
304
0
51
0
57
1
5
917
5
2
1
48
21
0
201
1997
1
93
37
5
197
21
0
0
45
0
12
358
0
10
1
1
0
1
76
140
232
0
0
67
188
132
27
0
153
42
340
2
0
124
42
23
0
16
12
41
139
2
119
3
27
4870
423
101
0
103
0
314
121
0
0
97
177
9
23
20
12
0
1
0
0
0
0
0
14
530
96
61
0
0
7
0
53
11
854
0
0
1
0
0
0
55
1166
0
20
13
0
67
0
0
324
131
0
0
1
0
16
348
37
30
10
76
1
0
58
0
0
23
0
17
105
20
0
0
356
3
0
3
0
425
0
15
101
0
0
89
21
164
0
4
2
75
0
45
1
1
0
0
383
0
0
142
26
24
0
554
0
35
0
133
20
15
2
8
9
1
704
23
0
0
0
0
28
0
0
226
6
57
170
0
3147
32
16
174
3
6
0
0
118
40
47
0
49
0
0
62
576
1
78
8
14
147
20
0
0
67
0
0
0
219
1015
0
18
107
105
144
0
0
0
0
23
6
1694
0
48
0
11
326
29
25
203
3
37
0
16
1
0
26
0
0
0
152
73
1
6
1411
0
1
0
0
39
141
2
0
251
0
24
25
255
335
3
112
0
16
298
45
247
0
0
2
52
0
1
0
196
1
420
542
4
8
0
0
15
6
48
0
0
143
26
94
0
0
60
9
594
0
3
79
0
11
0
0
326
19
272
6
0
0
0
20
4
449
351
0
7
41
78
217
41
0
0
3
60
3
19
1
796
4
190
0
62
1
4
0
1
0
419
276
6
0
39
0
0
274
0
2
39
0
4
0
10
0
116
0
0
9
3
0
1082
244
5
450
2
0
0
595
0
6
0
36
0
0
20
0
18
0
212
530
2
1
1392
0
0
2
40
264
1
106
16
0
1
0
0
394
19
6
3
0
37
0
0
0
2
0
79
12
0
2
0
0
0
0
3915
0
5
2
279
0
28
0
0
879
63
61
4131
93
0
300
0
1
11
24
65
0
268
0
279
3
1
254
0
70
0
0
4
454
43
0
0
17
169
336
319
28
0
0
112
0
0
0
31
8
13
3
9
0
1
44
19
125
128
0
0
1
13
100
14
1501
0
23
0
39
0
748
58
44
26
818
0
147
34
0
105
289
0
0
9
64
24
52
0
0
0
0
49
280
4
12
15
8
886
9
0
200
20
197
17
0
400
0
36
0
46
403
13
15
8
336
0
32
5337
4
0
0
102
0
83
131
0
74
122
789
505
0
0
45
0
1
23
184
14
10
0
16
144
0
0
18
3
0
0
0
0
0
3160
0
0
0
648
0
47
0
26
1588
0
0
9
0
10
3
0
4
69
73
256
0
3
92
142
71
292
205
28
0
66
0
107
671
3
168
0
19
869
0
84
31
2
3
286
3
300
83
0
0
32
0
3
0
0
0
322
0
0
221
160
0
4
0
60
0
124
13
76
1
0
760
0
210
2
809
146
0
6
452
0
69
17
2
0
243
0
44
125
627
3
0
0
3
17
177
0
5
0
327
0
0
0
0
295
0
1428
0
2
31
0
0
0
110
0
28
0
110
0
3
90
0
20
0
7864
3
20
1
0
0
0
61
0
0
0
46
0
0
0
0
473
0
329
75
66
0
0
115
21
0
1
0
2
4
0
226
123
3
0
244
2
0
235
0
390
0
0
165
0
1
47
153
0
374
2
3
0
0
0
0
0
186
0
2
0
0
223
11
0
802
0
0
3
14
42
3
0
0
272
2
3
0
33
6
0
0
28
244
0
47
78
2
37
0
0
525
2031
0
0
0
0
184
0
110
3
20
0
0
3
1
275
16
11
3
0
228
0
1
97
29
30
6
0
19
0
2
127
6
0
105
747
0
130
0
0
10
102
0
6
1
12
62
2
158
0
26
0
0
0
4
388
0
96
0
0
0
120
0
0
38
19
0
212
65
0
29
0
0
21
11
0
62
62
0
1
2
2
0
3
65
0
0
0
33
1
733
0
45
0
95
2
48
25
419
5
1
23
0
600
16
7
58
0
0
8
15
642
0
0
10
1
9
156
21
248
75
0
0
214
0
23
0
631
1416
1718
0
14
14
232
81
1
4
0
86
12
29
10
74
42
1356
89
286
153
945
311
0
0
8
0
64
176
0
158
0
11
22
0
3011
1
12
4
17
55
0
0
311
0
44
2
8
0
0
0
153
0
13
1
0
0
2
12
8
0
296
4
55
0
410
2
0
0
1
103
0
10
0
15
66
0
245
185
0
7
2014
22
9
11
0
0
0
287
2
0
0
37
5
10
0
0
49
601
163
0
0
0
0
125
0
3
0
0
1
0
14
15
2
0
0
275
2
0
0
4
402
690
196
805
0
4
122
0
0
0
62
735
148
8
4
90
0
0
15
97
0
0
0
0
3
0
0
1
0
0
0
0
5067
0
63
24
6
26
18
392
344
494
0
0
0
258
0
35
62
0
0
0
70
190
9
0
3
25
0
506
124
6
0
24
0
1
97
9
0
11
6
19
0
0
11
1187
75
9
159
23
10
144
1026
4
17
0
0
9
2
279
63
575
992
0
2
7
7
178
0
10
0
70
61
36
135
7
257
0
0
57
6
1085
2
0
0
1
5
0
10
0
44
27
0
55
0
206
183
32
252
0
24
5
71
64
2604
398
0
0
241
8
46
0
1095
0
0
1549
0
0
4
0
0
0
3
0
504
0
5
351
0
0
0
2
2
2
21
0
1
231
1
91
83
8
0
0
607
21
1898
3
29
0
137
409
3
0
102
28
1
22
0
0
78
0
117
0
0
207
2601
15
29
97
583
0
4
2997
0
0
691
590
0
186
54
2174
3
0
0
223
8
167
3
0
486
0
34
0
0
0
2578
855
13
1
128
1
334
1448
41
6
1668
0
0
7
0
52
0
0
526
0
0
22
234
218
0
508
16
294
3
18
2
0
42
0
720
189
153
0
0
11
0
715
4
2
805
294
0
0
22
3
176
0
549
100
120
177
0
0
1151
248
123
81
0
0
220
374
257
0
1
187
66
0
1
0
0
125
1
11
4
1024
269
0
0
2
0
1
280
42
0
104
7
0
42
165
0
56
455
0
0
41
38
50
2
52
0
252
11
41
0
84
0
0
0
11
225
0
678
135
0
2
162
104
82
74
6
24
0
133
1
25
23
0
9
0
0
0
0
0
0
1592
481
22
0
0
0
0
1280
81
31
6
18
0
605
0
0
1
0
249
181
136
12
0
131
252
163
0
54
42
0
5
0
1
0
5
37
596
112
0
2
122
8
40
0
0
3
8
83
1698
0
0
0
9
40
0
55
0
3
21
5
0
255
2559
717
0
170
0
8
0
3
0
0
0
479
16
482
138
348
0
165
0
545
1
441
0
3
53
17
19
279
475
461
676
0
557
0
16
0
10
256
18
383
23
119
12
65
2
0
27
6
18
105
38
0
177
71
0
1101
30
21
572
39
339
116
970
44
343
13
0
0
3
2
13
33
867
0
15
273
0
222
0
0
69
236
481
0
0
0
0
7
0
31
89
1347
0
6
281
660
0
633
60
0
370
1530
108
54
253
13
0
600
1
1679
69
42
143
68
0
0
0
0
5
0
0
1
5
0
0
0
33
0
23
0
0
15
123
0
1
0
11
0
21
0
0
370
1
0
0
366
20
0
4
126
471
0
116
0
414
116
32
52
668
250
8
31
0
0
0
79
201
34
4
0
2
1
0
0
0
0
1
74
184
23
0
2643
0
1
0
49
4
136
0
0
110
0
121
86
40
0
0
0
686
39
1
13
0
0
168
354
7
0
82
0
290
0
221
1
1259
802
2
0
15
272
0
20
77
0
136
168
3
341
34
0
0
0
0
99
119
326
0
9
1
2
111
0
2175
22
0
0
44
0
2
4
0
130
342
10
856
127
1281
31
39
189
501
739
6
1
7
4
19
76
0
321
4
0
0
0
6
0
6
15
0
0
9
4
0
0
161
95
0
2
0
21
6
19
14
181
6
4
1
134
9
1153
6
93
8
185
0
71
247
0
64
25
197
0
267
81
446
0
186
124
1
0
0
12
118
6
125
28
14
2
140
173
0
677
743
170
0
0
240
9
0
312
0
46
1
52
0
0
0
0
29
9
7
0
557
270
9
2
332
8
0
165
189
0
0
0
43
1
19
26
0
2432
184
0
66
80
17
0
0
35
8
369
236
16
2
94
26
58
0
0
23
1
1
0
28
0
0
0
27
22
0
41
0
45
10
177
139
0
1
14
1
981
45
0
0
103
1
0
0
25
655
120
1
0
355
3
0
0
0
244
659
11
0
181
0
1
23
39
25
41
0
505
270
185
0
0
2
8
5
7
42
85
28
3
0
29
0
0
2378
0
1
26
22
737
39
5
0
0
3793
1242
193
103
0
10
0
0
74
0
3
98
112
460
640
1
754
3
368
0
1
0
0
55
0
0
0
0
0
35
0
75
1
324
6
14
0
61
0
159
11
72
2
2
2
683
142
0
0
0
0
0
21
19
5
77
1
140
4
237
197
3
0
0
0
0
1
29
0
113
764
0
0
0
1759
4
0
3
3
124
1
44
3
21
72
0
12
129
5
0
12
0
64
728
0
20
342
7
2
0
69
0
0
2
44
0
0
122
0
6
0
0
273
9
20
1
0
0
8
0
637
0
0
3
0
575
0
162
13
0
67
81
0
0
197
0
13
6
0
256
0
0
73
0
1
10
3
0
3
0
2529
2
1
0
0
20
0
195
25
5
2
69
8
19
69
42
0
0
0
0
445
144
0
1
0
0
67
38
31
15
0
25
198
1461
1
0
0
167
18
0
411
667
0
0
196
27
0
0
5
858
4
12
79
16
1
37
0
6
1
0
1
1
24
27
3
0
472
263
400
41
1
115
0
1545
0
4
0
3
143
24
1012
37
0
3
28
310
0
0
233
1
17
0
6
37
156
7
53
1
1
55
463
0
0
651
11
713
0
0
0
0
98
8
354
0
10
12
0
1
0
1012
411
0
65
171
4
74
668
512
48
57
16
0
0
0
0
174
0
60
44
148
13
189
107
103
0
0
0
0
2
13
14
46
0
0
177
0
70
138
0
571
0
0
195
129
10
714
1405
10
20
22
86
0
529
0
2
0
453
0
0
35
0
1
996
0
21
26
0
894
0
0
0
828
65
305
255
207
2
316
183
0
264
20
4
91
110
15
77
0
0
13
0
6
757
7
3
4
0
0
0
0
231
13
0
17
35
59
25
657
48
1
0
0
795
199
54
3
3184
0
0
65
0
10
0
90
0
45
0
7
4
0
3
277
19
112
184
20
0
1
6
11
0
82
261
5
697
1
0
0
8
3
0
0
21
787
0
14
25
22
0
0
0
78
3
49
20
3
0
167
1
62
193
0
0
169
318
6
0
2109
40
15
1
54
1
409
0
0
2
0
1133
0
0
0
0
174
0
8
5
0
0
21
3
161
49
0
224
71
12
0
10
61
0
44
1
0
88
0
0
0
201
1
26
32
0
228
52
118
245
16
8
229
1
1
806
2
16
0
0
0
372
34
0
132
0
58
64
7
163
0
16
60
51
126
0
374
5
0
179
0
0
0
415
61
0
110
39
1
0
2
497
0
193
0
0
2
0
16
0
0
16
0
23
130
0
19
0
0
73
24
541
117
0
0
0
75
13
65
0
93
53
0
0
8
0
0
0
3
10
0
14
36
0
0
0
0
761
2
3
20
10
0
0
0
152
138
2089
0
0
59
18
11
28
259
64
1
25
63
59
6
0
12
0
12
43
251
0
1
26
2
0
0
8
7
2
0
0
8
1
0
0
16
11
112
96
0
50
135
40
0
0
144
8
0
87
0
0
209
0
0
115
1
1077
0
58
2
10
8
0
0
0
2
0
3
2
0
2
6290
5
107
4
0
0
22
126
101
2115
0
6
29
5
0
165
86
0
1711
2
99
3
0
40
0
0
157
0
0
8
0
2
106
4
1313
0
0
1244
14
0
1801
0
0
187
233
13
0
0
529
0
279
729
0
8
0
901
101
46
0
24
19
0
0
5
0
103
3921
310
0
1080
0
77
154
0
0
38
0
145
199
10
0
129
41
161
24
6
777
100
2
0
272
436
2
58
0
0
0
85
30
68
38
44
3
20
0
2
14
0
1
0
0
125
0
468
0
112
0
21
0
76
2256
0
116
0
34
8
0
12
55
8
5
34
185
0
0
0
0
0
138
0
0
0
0
27
41
9
47
906
1
0
1
1
0
0
139
0
1
0
16
0
210
0
0
0
6
0
25
50
0
0
0
111
145
0
0
0
0
17
0
0
42
57
0
52
7
429
60
1
12
0
0
333
0
0
7
0
9
0
44
0
28
0
0
0
31
86
53
4
9
0
3
32
0
175
0
46
31
113
671
0
0
0
0
7
0
0
0
0
2
55
37
0
0
2
164
0
35
0
56
132
2
6
32
6
0
6
30
0
0
0
0
0
0
29
3
68
0
0
583
89
60
29
36
1
258
71
0
109
25
196
161
44
0
0
2
5
0
2
1479
4
0
189
0
0
0
123
59
4
3
36
0
0
0
29
0
0
0
90
0
0
0
0
0
2
195
0
541
20
0
9
343
0
4
4
46
0
36
0
0
0
2
63
69
2
2
352
0
0
0
0
0
0
0
0
102
5
0
0
0
5
8
222
0
0
0
17
0
0
30
493
30
0
0
0
0
0
0
10
19
36
0
47
50
26
0
0
82
55
0
0
0
0
0
0
35
0
0
0
96
0
0
0
808
0
83
25
4
44
0
0
0
3
94
129
0
0
0
0
8
105
0
23
6
8
213
21
130
4
4
23
343
1170
0
0
0
15
135
5
12
0
1515
0
0
0
6
55
2
11
0
1
146
0
94
22
1
0
1
0
361
8
10
618
42
0
0
48
0
19
67
109
0
0
28
0
480
5
0
0
5
1
11
0
0
2
42
210
0
2
44
3
1
114
2
0
123
0
0
0
153
3264
1
0
0
0
21
0
10
0
55
115
6
406
0
2
0
7
255
81
15
51
47
1299
332
0
0
3
0
32
148
0
1
24
0
195
7
418
2
32
0
0
0
467
112
0
48
155
7
0
658
31
41
2
281
8
25
0
0
12
5
0
0
615
16
0
0
15
3
17
126
15
0
2
0
231
174
27
0
0
40
4
123
0
6
3
18
139
0
1
0
0
12
0
0
0
579
0
37
0
12
4
0
0
0
6
38
80
0
0
0
27
0
80
116
0
315
160
0
1
5
0
11
0
7
23
0
0
0
2099
10
0
231
0
0
112
0
1
12
137
15
0
211
17
189
1
6
2
9
34
108
0
0
0
0
0
25
4
3
0
2
15
98
11
0
0
0
0
13
260
123
8
0
0
120
70
2
57
87
219
76
0
23
33
57
0
1
99
12
854
0
158
9
0
0
0
0
7
0
14
0
99
2
0
1
0
31
167
2
297
0
74
756
64
1
0
1
0
1
116
0
0
0
112
0
22
1
25
0
52
0
0
0
233
24
81
1
0
0
247
4
57
0
4
32
78
0
46
0
641
0
7
9
0
0
32
0
45
476
0
0
0
168
7
36
89
1
0
0
11
0
0
15
75
937
257
6
0
68
43
41
447
0
6
0
0
0
839
0
68
0
203
0
53
96
0
0
0
64
324
102
30
6
2
1
12
2427
0
138
4
0
31
16
28
65
2
0
0
1094
7
0
276
53
0
990
0
5
23
0
47
38
340
26
1
263
0
2
0
6
739
5
42
1
101
1
4
0
0
0
1
62
71
0
20
79
5
0
58
743
0
0
124
1
0
0
8
0
0
158
0
493
1
2
0
0
37
13
5
3
140
7
572
139
32
272
2
74
0
312
0
0
323
40
0
0
1
253
0
5
2
150
0
43
0
10
0
167
0
0
11
0
0
60
0
1
0
97
118
1
183
18
0
8
0
1
43
0
108
36
156
0
3
26
566
0
11
0
0
194
21
0
0
574
83
17
2
0
1
8
0
2
252
0
1
0
67
0
9
0
18
0
0
120
0
8
2
466
0
0
6
0
0
3876
3
72
0
0
0
0
28
131
25
0
345
2
198
0
0
135
0
0
84
16
94
0
1
27
756
283
35
0
1866
1
113
88
0
25
0
1
10
328
52
18
120
0
0
1
82
0
0
81
1
0
1
21
31
10
0
542
5
160
0
397
93
11
213
963
66
0
0
10
0
1
842
18
150
46
0
0
2
12
27
0
0
28
61
136
257
0
39
1
0
106
26
14
6
0
332
11
441
0
21
0
20
0
44
44
131
0
76
25
1
11
3
1
0
0
40
115
69
1
17
0
54
24
0
0
9
320
0
18
14
0
0
352
0
600
763
0
1
1179
4
1
132
4
10
185
0
96
0
8
117
1
0
125
1
46
17
0
6
39
3
479
18
3
0
39
112
0
0
0
0
2
133
130
8
0
22
124
253
11
18
364
149
0
0
0
174
66
0
0
77
35
204
0
1
0
26
0
1068
306
0
0
12
0
165
0
0
0
0
0
71
17
1
0
0
0
0
27
517
1
0
4
0
5
0
133
0
0
59
0
10
0
157
4
0
0
66
1
384
317
40
352
73
0
143
0
0
28
0
21
1
0
82
0
0
7
0
0
0
1771
0
0
0
13
1221
0
290
0
25
0
0
38
31
54
62
62
0
150
8
0
0
11
190
110
25
3
0
17
18
1
0
0
448
155
87
27
1022
495
0
13
0
0
0
157
36
0
158
558
319
70
7
4
51
538
0
16
0
305
0
176
0
328
58
75
0
5
0
4
722
5
61
33
161
21
215
44
36
0
7
0
4
2
0
7
69
91
0
1
162
0
0
0
270
0
4
91
1318
71
0
327
0
0
8
0
157
1
2
0
6
105
0
8
0
19
57
25
25
0
1
0
112
0
42
2
9
2
17
16
0
0
0
119
0
0
0
3821
51
4
0
0
35
66
137
64
472
0
0
800
0
2
576
0
0
0
2
605
69
0
5
758
82
0
0
0
3
0
13
1345
2
0
22
7
0
654
0
0
0
1391
54
203
0
140
0
478
0
11
5
0
0
0
10
0
3
0
1
147
26
1
1072
0
0
4
12
0
0
652
0
2
0
1
58
0
0
79
229
0
77
17
2
2
189
849
27
0
0
2216
71
0
567
2136
0
296
569
12
0
0
0
0
2
178
2
0
0
0
0
2
2
0
0
6
15
29
2
0
41
0
622
17
0
52
0
76
36
0
0
425
1
0
5
0
2
1
0
22
446
236
1
22
80
51
29
15473
137
25
44
888
585
0
8
10
0
65
0
0
40
0
729
1441
0
1
2
64
158
64
154
191
5
0
0
0
991
57
0
3
36
0
0
10
681
19
74
2
1
0
253
0
13
611
86
0
24
0
0
20
262
0
8
123
405
0
8
618
152
0
0
1618
0
0
120
0
9
0
0
9
0
1
0
210
52
149
0
283
140
0
0
30
188
97
0
56
0
0
42
0
666
40
330
6
2
3
0
0
22
0
0
0
148
1100
434
525
0
32
22
0
128
0
25
0
2
29
362
103
0
0
250
4
256
0
2
46
0
1
0
0
0
357
56
28
4
0
829
2
0
0
49
2
64
272
0
1
46
2
1
100
0
32
3
0
0
19
0
38
83
0
202
0
0
0
19
0
103
9
446
0
58
463
3
0
0
71
0
17
412
28
0
0
0
0
88
2
58
31
0
4
3750
52
0
0
1
0
960
0
0
1
225
0
9
12
38
2
0
0
266
0
0
8
2
0
92
0
1
0
274
49
1
762
53
0
476
0
32
0
0
392
0
0
2485
50
0
0
0
103
140
0
7
12
0
569
0
104
1
8
0
0
0
0
1
1
2
190
0
5
13
0
32
1
0
274
2
0
0
0
12
1
0
0
0
0
0
0
0
3
0
70
8
52
90
1
2
73
0
69
0
0
0
23
0
11
0
0
179
2
55
42
2
7
16
0
202
0
0
151
0
312
0
568
603
0
7
15
0
1
69
0
57
4
0
2
75
2
397
0
0
30
27
294
32
537
181
0
53
0
169
144
0
0
131
30
30
0
332
0
0
78
4
388
52
281
0
2177
40
245
3
0
369
0
125
79
7
0
0
1
40
22
39
0
0
0
82
0
0
1
265
1
0
0
0
313
286
185
121
87
1
3
0
46
0
3
0
13
0
22
389
1
143
0
0
0
544
0
7
0
282
0
147
0
25
20
202
0
4
0
30
0
17
19
96
0
162
1
79
0
0
0
4
21
0
125
0
48
0
27
0
0
1
0
0
4
0
0
262
41
59
2
0
82
36
0
6
8
0
0
41
31
263
558
3
47
2
349
0
106
0
17
684
19
3
82
4
309
27
0
219
1180
13
885
1
228
7
0
9
0
15
22
2
0
5817
0
337
0
70
0
134
0
68
219
131
0
48
492
1
396
0
0
0
76
0
0
4
15
0
0
83
0
26
0
1193
6
0
11
0
10
101
0
0
484
15
31
0
21
7
0
1127
0
0
153
144
0
368
0
1
0
0
39
1401
578
0
0
0
0
71
2
0
0
587
355
16
0
46
0
16
7
0
149
0
135
193
0
0
0
55
362
0
0
0
0
26
0
14
0
1
0
0
0
8
41
0
1
3
23
3
0
0
0
0
0
0
86
3
0
0
0
29
66
108
1445
57
7
227
1
0
0
4
2
0
2
0
34
4
79
0
0
3
0
1
0
0
1
8
0
172
0
7
0
1
16
8
15
4
383
397
98
10
22
41
0
1
3
0
54
4
9
0
0
5
0
0
41
0
0
1030
0
0
0
0
1
35
0
688
23
13
504
0
0
59
0
440
5
0
0
0
0
29
50
0
133
188
353
344
0
0
0
0
0
13
111
0
238
255
0
21
0
36
742
0
29
17
24
7
79
239
26
87
2943
718
0
0
14
66
0
0
14
143
1676
5
2
1
1029
0
0
0
0
9
45
185
236
831
262
0
0
21
0
577
0
0
43
438
0
4
2
133
620
0
362
208
0
477
0
0
4
271
81
149
99
0
283
44
108
1
70
260
862
0
0
14
0
6
0
0
191
8
3
11
37
601
0
11
194
90
8
1
0
231
6
15
0
0
0
21
285
0
0
9
0
0
0
0
0
64
61
210
153
164
0
52
1
0
54
388
111
50
6
124
13
0
2
41
201
0
970
14
0
88
0
0
83
0
1
0
0
0
0
80
1
0
0
13
0
0
384
3
1303
0
0
0
0
30
0
1
0
514
0
2
0
6
0
0
254
0
0
0
0
92
20
0
7
58
0
0
263
0
16
0
110
5
0
0
28
89
43
168
411
0
0
149
0
0
7
164
5
2
229
0
37
3
0
0
1
253
154
181
961
1
1
11
32
145
10
21
1
10
46
0
31
0
62
2
315
0
0
98
0
0
34
0
82
277
0
117
1
0
271
0
501
14
9
297
4
880
988
0
2
25
0
0
1
0
495
0
126
2283
104
17
17
152
1
18
0
9
17
0
0
3
89
196
60
83
0
166
494
12
15
3
2334
1
0
1
192
0
135
61
418
0
30
1
112
276
0
0
595
8
21
0
0
1304
5
0
421
17
333
122
0
130
0
39
113
586
7
0
14
353
0
0
2
0
0
0
313
0
1311
3
1
163
0
0
21
4
34
22
75
382
0
0
50
73
0
0
0
41
0
71
19
0
0
58
0
4
29
0
352
733
1
164
1
34
0
8
0
27
0
40
0
0
1
0
75
0
357
0
11
0
352
0
4
0
1
90
1
556
0
58
98
88
0
0
0
17
1
0
0
0
103
0
42
0
18
122
0
8
10
37
0
4
1
0
67
3
16
84
0
522
85
209
0
0
229
19
17
103
0
643
71
0
0
59
14
0
151
29
53
11
0
0
1
516
184
43
0
1407
7
0
62
24
12
0
31
23
569
285
84
1121
501
0
41
26
2
392
46
0
0
0
62
176
1
0
227
162
0
170
1
409
0
0
21
0
0
261
24
1351
0
71
0
65
1
55
0
1
10
550
56
10
37
87
43
2
0
0
30
6
0
46
3
75
773
0
95
0
35
0
731
586
118
17
98
0
183
2
69
0
0
1
1
0
2
26
39
4
577
16
1
0
137
80
34
0
0
2
49
312
0
56
0
37
0
1385
46
20
0
0
0
0
40
26
0
33
69
122
3
0
0
2200
0
12
235
0
216
0
15
0
9
0
81
0
100
0
119
37
340
40
0
0
0
483
0
11
1006
0
11
0
1
0
3
20
0
11
31
7
3
1
14
1
34
0
0
57
0
0
102
14
217
524
7
5
0
23
13
2
616
122
6
40
177
1
0
29
42
0
0
18
330
8
323
0
37
689
76
0
1
208
146
448
2
16
0
123
91
0
64
73
256
7
1
11
0
23
0
0
4
2
10
13
288
116
140
4
276
6
139
0
224
180
0
11
1
40
132
382
261
0
0
29
281
182
0
0
129
26
0
0
0
0
721
0
0
33
2114
0
0
0
9
15
0
760
4
2
0
40
53
41
0
134
219
0
0
410
0
7
12
90
0
4
0
5
32
0
2
46
3
0
32
0
24
232
0
25
0
11
0
0
225
0
10
458
229
1
0
7
27
28
0
16
742
1
144
53
41
321
0
257
39
0
3798
45
26
0
0
0
0
78
2
0
76
17
0
35
0
0
0
76
3
4
27
44
421
352
2870
180
13
1392
0
8
0
310
20
0
0
313
0
29
91
3
37
34
0
0
61
59
0
0
0
260
0
11
142
1990
1
0
0
0
0
3
16
56
0
1
326
154
0
0
0
0
35
9
41
0
0
438
291
0
0
541
196
1
0
19
0
0
76
0
0
79
1
9
0
87
281
394
0
0
1
0
9
48
1
0
197
0
166
0
0
0
0
1
0
0
3
0
69
8
457
202
3
1
1075
18
0
0
5
0
6
0
0
294
21
1
0
12
0
5
1242
369
0
158
215
0
158
0
123
9
117
39
120
0
99
8
0
0
0
122
0
0
32
98
0
4
1
78
370
5
18
0
0
11
0
0
0
1
0
109
0
0
86
180
0
0
0
0
21
0
1830
119
0
188
49
44
0
0
15
69
6
0
0
228
10
0
0
18
1
0
0
0
137
5
2
65
0
6
9
0
1
0
0
43
70
38
0
0
0
0
391
1
0
421
123
0
12
0
83
33
0
0
106
0
54
15
0
4
0
3
253
0
0
0
0
10
988
8
0
0
0
0
0
21
280
2
223
21
8
16
54
0
0
215
213
0
49
0
135
468
6
659
6
24
3
0
0
0
37
0
431
0
1
1045
0
2
1
0
170
115
0
0
0
0
6
0
26
1
145
198
33
12
352
5
247
0
0
1805
0
5
0
0
0
66
39
542
0
0
90
0
11
0
41
0
0
0
7
0
0
0
1
18
1
109
2
149
52
249
0
57
24
1
24
0
0
319
0
0
154
6
1
2
0
17
0
0
2
4
0
84
0
30
1
96
16
58
0
28
5
0
10
0
1
0
108
535
0
0
0
20
3
0
3
8
0
28
109
0
48
0
9
120
0
578
0
33
0
59
1
0
0
52
10
0
0
0
0
8
1
0
0
3
14
0
0
28
0
41
3
92
0
1
2
0
0
17
315
0
356
158
0
0
0
0
2474
50
40
45
1
2
149
1251
4
2
1
0
3
41
11
9
5906
0
9
0
434
0
1727
54
556
343
3
51
28
14
157
3
1
45
54
39
472
87
0
4
1
2
1344
1
0
0
82
0
0
2
0
0
0
0
4
7
0
0
0
0
1
0
41
95
0
221
251
1143
94
19
1
121
8
0
27
0
0
0
0
0
0
49
0
20
0
13
0
22
0
0
40
68
0
0
4
0
7
1
0
6
55
57
464
0
194
184
20
0
44
0
2
0
9
0
304
34
23
0
0
0
6
42
0
5
23
200
0
30
0
50
137
0
71
43
43
90
2
0
2
0
0
0
1
0
11
0
0
4
57
29
0
0
15
0
3
551
0
0
130
55
0
60
0
73
363
4
23
133
519
312
0
47
0
0
0
33
7
77
413
0
0
34
448
0
0
0
0
0
21
0
2
884
1
6
7
216
0
1
8
9
205
1
5
360
116
243
159
6
82
0
0
5
10
70
31
4
0
32
3665
464
4
0
98
11
89
2
0
714
0
15
0
2938
0
2
92
318
66
4
450
0
38
627
0
0
0
33
0
0
72
6
0
0
23
2
0
2
0
56
53
297
95
5
0
0
0
0
26
1435
11
0
0
30
23
0
11
138
4
0
5
0
0
0
0
9
0
551
0
0
8
0
22
0
0
429
0
0
0
0
0
0
0
0
0
0
75
137
32
113
3
64
2
54
36
17
58
1
118
385
0
0
0
10
513
13
16
7
140
106
1071
0
0
1
0
0
17
167
0
0
9
0
187
3
215
0
44
0
15
68
0
0
50
10
5
7
0
15
12
38
162
0
718
17
1069
13
0
128
0
50
0
0
27
0
0
358
34
0
183
13
5
1471
6
1
0
372
0
0
11
52
0
31
50
0
0
863
0
115
2
21
14
6
21
92
97
131
0
241
2
313
113
167
0
1
23
25
201
0
1
0
1230
0
61
2
15
10
560
0
50
0
223
0
339
0
246
3
17
31
5
0
2828
0
16
5
2472
4
0
4
0
0
0
0
1
107
15
0
0
53
0
44
141
0
58
618
87
0
68
119
25
0
1
0
63
1880
15
4
1003
0
2
16
0
0
0
10
446
0
0
10
0
0
27
13
0
74
0
0
12
97
575
19
0
434
332
0
184
29
0
52
354
118
0
0
53
9
511
18
0
172
1
536
65
0
15
8
0
3937
21
13
37
0
7
0
0
22
16
131
0
0
160
1
35
0
0
42
266
0
10
171
37
0
0
0
0
0
225
198
0
1312
0
11
5
0
0
85
13
3
143
0
152
46
440
322
0
0
1
6
114
209
11
79
0
129
0
0
12
47
181
0
0
35
0
0
61
2
0
0
6
0
0
116
0
0
0
0
2
30
51
0
1
0
0
99
0
232
0
184
27
20
187
6
0
259
0
3
0
2
0
1420
0
10
0
0
14
234
0
49
0
2
6
6
0
0
9
0
0
0
0
18
1
8
0
37
0
0
19
63
0
2
206
0
2204
130
0
0
0
395
0
70
237
1
0
0
32
0
0
1
0
0
27
2
0
2
0
0
1
89
0
6
3
1
847
0
83
0
216
165
0
0
0
186
3259
236
0
1
18
13
16
0
14
6
0
1
40
0
34
0
143
61
144
0
29
20
0
4
0
259
0
9
3
0
6
0
4
0
10
59
20
20
20
16
153
0
47
1
117
6
61
0
0
0
157
2
0
362
0
0
0
19
173
77
1
0
0
932
26
8
2
231
47
1
155
41
57
21
3
296
29
0
0
7
57
0
101
41
0
0
7
170
7
0
2
38
8
0
0
0
185
95
676
0
12
0
26
2
0
0
1373
0
179
3673
159
1
0
87
970
0
6
8
0
25
0
244
1647
20
418
0
943
121
0
65
13
154
101
14
7
7
1
0
10
4
42
0
0
2
8
139
60
72
4
170
135
310
16
0
44
13
8
23
292
0
0
8
221
3
2
0
25
399
0
0
12
0
0
56
0
0
5
0
0
0
0
0
0
0
53
0
0
0
1
0
0
16
80
4
623
0
48
0
0
0
1
95
0
6
736
0
0
0
2
6
42
2
0
791
0
9
175
0
155
25
0
28
10
11
8
0
38
27
0
0
284
182
1
321
300
288
0
15
0
0
0
8
0
0
0
1
0
0
7
0
799
160
0
1639
0
1
2
0
0
54
32
3
38
297
0
0
3
23
41
0
24
11
1
0
0
0
0
0
134
493
354
105
0
20
1248
520
8
0
0
149
52
0
103
104
0
77
10
0
95
2
472
5
4
0
0
0
201
183
57
74
0
4
1
0
30
29
0
0
0
5
159
5
0
1
0
0
0
0
9
1
0
4
37
0
0
0
0
1
13
1
2
70
0
0
0
199
2
5
48
0
0
270
91
13
51
57
0
0
2
0
8
1
4
0
516
1
6
5
5
0
41
0
5
0
4
0
0
5
29
8
0
158
0
8
16
0
2
110
0
0
0
0
2
0
10
51
0
0
3
9
24
6
0
1
0
78
3
1
106
6
0
211
1
1305
161
113
0
0
45
3
92
0
0
0
240
5
270
9
25
1
0
0
0
59
0
0
0
0
5
2
35
0
43
0
0
0
49
23
0
0
39
10
26
4
0
121
52
25
28
191
0
0
0
0
0
0
224
0
80
182
0
0
74
75
0
204
1
53
25
0
0
0
146
0
0
3
20
0
1731
0
117
3
0
0
0
2
0
0
73
0
55
2
47
0
14
0
0
0
24
365
18
0
0
4
2
39
0
71
973
0
117
39
16
4
0
3
4
0
23
0
9
55
2
42
61
0
25
4
0
1
0
0
52
136
2
2
48
139
0
6
0
531
143
74
0
0
12
0
0
2571
17
294
7
10
2
3
2
60
15
16
1
0
0
0
0
273
9169
0
0
0
29
38
73
0
1
0
0
2
1
5
3
4
59
12
8
7
0
0
262
4
1
32
2
48
45
9
10
0
5
36
81
0
1
15
0
569
0
52
684
4172
17
191
23
1
138
14
308
1
3
26
0
27
200
69
156
14
0
0
1982
25
0
41
16
3
0
0
0
0
47
2
64
45
0
0
1
3789
0
1
118
123
0
15
0
519
0
0
0
19
0
5
0
16
230
6
0
0
22
0
2984
0
4
522
0
67
63
0
715
315
7
6
1
0
0
65
0
132
14
33
60
3
298
0
0
25
0
0
21
0
38
191
0
31
496
0
26
0
78
2
0
7
32
0
40
0
0
0
1
74
0
0
3
0
0
309
62
0
37
0
302
397
185
0
1
0
24
54
2
4
8
2
17
2
0
13
0
0
14
0
0
63
0
0
0
29
31
0
66
45
23
0
10
1
0
16
7
13
0
4
0
20
1
0
0
11
93
0
0
33
2
24
11
223
0
5
0
0
374
75
40
22
0
212
20
34
175
64
3
0
4
19
105
11
23
7
6
2400
907
0
3
48
23
30
69
0
1
0
4
0
0
62
0
0
0
0
2
0
0
174
1
142
12
29
139
1
0
0
239
0
0
16
0
69
3
2
0
22
0
1
0
165
106
0
140
0
133
0
244
75
4
0
0
0
0
0
43
0
0
20
0
0
0
0
0
0
0
0
0
0
8
14
0
372
194
35
0
0
79
0
7
1
0
88
98
17
0
114
0
190
0
206
86
0
72
0
68
1
1
55
35
1
5
178
645
0
257
28
0
0
0
643
119
6
38
0
12
0
0
0
8
971
0
3
224
0
71
0
75
0
1
0
105
0
813
3
4
1
23
0
327
209
0
261
0
1
13
41
2
0
1258
0
0
9
102
70
14
510
168
232
835
781
31
0
12
17
36
9
0
0
0
49
1
37
0
0
5
4
112
1
0
0
0
0
0
19
892
132
2
84
9
0
50
662
61
29
1
1
26
6
0
6
9
461
3
0
3
0
3
0
194
0
0
82
1
17
483
9
0
132
458
0
780
11
23
0
85
0
251
35
0
18
74
3
122
0
25
0
0
0
111
4
0
180
134
0
1044
2
27
1
142
108
0
445
58
1
0
744
0
26
0
64
0
0
7
9
8
212
188
46
432
25
275
12
6
511
288
0
0
0
10
86
1284
1
181
48
0
22
1
0
0
207
0
31
0
1
11
93
0
9
0
222
0
9
0
108
0
0
2
1
0
1
46
30
0
263
878
0
61
335
0
193
0
0
0
0
4
48
7
74
1703
52
0
60
16
268
0
3
0
0
0
169
895
10
0
23
168
61
0
60
0
27
5
15
53
2
14
3662
0
0
0
0
3
468
0
0
0
10
0
0
0
0
255
0
43
59
2
64
0
15
17
3335
8
20
0
0
69
0
0
402
0
0
225
3
15
0
0
0
0
175
77
0
0
0
159
31
0
0
14
8
357
0
0
0
0
0
0
1
60
0
0
0
1067
1929
0
7
18
0
74
0
220
24
164
15
0
45
259
0
491
222
0
94
0
0
2983
15
1
154
0
0
5
2
559
3
195
1982
0
0
0
0
0
2
50
0
71
4828
203
0
5
0
1
2
1
59
1
55
7
65
164
809
552
0
0
166
6
15
0
340
734
2
16
0
0
33
0
10
0
5
0
82
14
0
98
2
2
0
4
90
0
0
0
14
0
0
5
514
0
69
41
1
5
64
0
5
0
0
727
12
154
23
0
5
0
0
0
1032
102
384
77
0
5
1594
565
0
2
845
0
0
0
15
0
0
0
49
137
41
85
0
201
8
0
15
29
401
64
47
31
0
2
0
4
28
0
140
31
0
11
0
0
0
0
0
1011
0
21
188
11
44
0
0
161
138
25
0
0
0
0
2
85
99
0
0
16
0
9
17
1
374
89
0
0
152
637
72
26
37
0
0
33
0
2
1
4
58
0
0
12
13
0
220
0
16
37
73
165
0
0
20
105
184
21
0
0
4
0
735
375
2252
0
0
3
52
39
17
0
0
983
0
0
0
0
1
0
0
0
0
10
0
7
0
64
0
23
3
0
54
0
249
671
0
0
0
0
3
0
0
0
152
468
56
9
1
0
91
0
35
550
62
380
1
23
22
0
12
4
3
0
0
0
6
0
43
0
2
145
0
43
101
0
0
0
0
6
3
1
1
189
3
0
2
0
0
0
0
3
45
26
168
511
0
0
166
1045
0
2
19
0
493
1
20
36
110
0
113
0
10
0
199
5
0
0
11
0
2
42
176
1
79
97
387
0
0
27
125
19
0
20
913
0
89
0
251
897
84
0
29
13
0
2
945
383
9
0
188
2
83
0
0
9
0
0
0
513
36
147
583
12
42
222
0
39
65
189
0
0
77
0
17
0
5
2544
0
27
19
0
91
41
4
2
0
38
0
258
0
15
0
177
183
185
0
61
2
0
0
0
12
0
548
2
0
1
0
0
0
35
0
228
0
0
0
2
0
0
3
5
0
25
0
133
102
1
164
8
70
78
0
73
34
0
144
38
158
1
1261
0
131
0
30
67
0
0
176
3
679
98
134
74
16
0
3
0
0
0
43
1
0
10
55
0
782
152
0
0
396
0
0
0
8
0
1
0
0
0
3
1
0
14
0
144
12
165
0
0
2
0
169
1
2
0
149
0
189
26
0
0
235
0
0
13
0
0
0
12
0
70
0
129
913
0
401
0
32
1
0
0
52
812
87
75
120
89
96
9
59
0
35
0
240
0
385
26
0
123
0
231
130
1
118
0
93
0
0
629
197
45
0
47
14
0
201
58
0
0
0
0
0
133
0
108
0
112
129
0
0
612
348
0
0
397
0
18
1
55
0
0
162
64
52
2226
389
64
67
0
0
5
0
15
3
115
1
42
70
106
400
0
10
149
57
0
26
26
0
0
136
73
0
36
119
0
0
0
2
3
22
0
0
19
115
62
0
466
1472
796
23
274
1167
0
95
7
23
501
36
23
75
48
0
119
1
0
31
102
0
0
2
134
137
0
1
0
412
4
2851
112
33
92
42
0
0
560
244
65
4
4
5
42
65
0
84
10
0
66
264
0
103
41
0
0
0
36
425
309
104
0
0
501
0
1
0
1
0
12
971
0
3
0
0
5
15
1
0
198
6
0
0
555
15
0
11
51
55
632
160
0
0
0
0
18
24
0
0
0
0
5
0
45
0
0
98
2
0
0
81
0
23
0
1
0
2
112
0
8
0
62
0
318
91
0
81
0
2
43
11
792
20
94
0
88
72
0
1
5
48
4
11
0
332
86
0
64
11
0
0
71
1
38
731
0
0
2
0
0
0
19
5683
16
0
144
0
108
11
3
0
0
20
3
0
0
0
106
18
27
0
84
6
32
0
746
0
8
0
43
35
1141
221
2
0
0
9
12
2779
0
0
3
1739
107
2
0
4
2
0
0
1
165
112
0
29
0
0
60
0
24
0
0
24
160
0
14
20
14
13
296
80
0
222
104
0
1
165
0
5
0
103
0
448
1
0
0
1
4
0
0
368
0
0
575
6
0
0
57
0
0
0
0
0
20
0
48
1
0
51
1073
0
0
283
0
0
3312
15
311
113
8
0
6
2
0
162
0
202
151
0
60
6
0
41
1197
959
2
0
8
0
0
23
0
70
2
0
0
0
775
220
80
228
22
3
234
109
0
1
0
4
0
0
172
0
97
0
14
0
155
0
0
6
1
6
0
0
0
47
0
0
37
0
8
0
0
1115
21
0
37
0
0
5
65
0
0
11
0
0
0
0
3
0
255
154
252
15
9
107
2
0
0
0
6
3
10
75
12
4
0
10
185
25
0
293
31
6
335
130
0
275
28
1
5
0
3
0
0
18
77
3
41
0
19
0
20
0
15
0
0
0
0
127
0
43
373
351
9
0
0
0
0
21
6
1
545
615
24
0
0
9
14
9
0
0
1306
2
0
303
93
1
83
0
0
78
0
70
216
0
0
49
1
0
1
0
0
0
169
0
0
20
88
0
7
14
0
110
0
162
2
2
26
43
123
21
0
0
171
39
1190
13
315
4
390
0
319
7
0
52
0
26
7
1286
604
0
6
67
45
0
0
1080
0
0
178
8
12
0
18
0
0
0
75
0
0
23
99
365
0
0
35
137
106
0
54
0
0
1
1
0
0
0
7
123
8
1
0
10
6
2
0
0
0
394
0
0
32
43
313
20
20
20
82
0
48
47
65
23
3
60
285
68
3
37
0
42
400
24
224
0
0
17
0
3
152
26
0
7954
61
3
2963
128
2
0
66
194
0
243
0
0
0
71
0
0
0
3
180
0
1
0
8
0
90
1
0
0
195
0
0
164
14
38
0
22
0
0
10
0
0
0
199
4
0
48
0
6
19
0
40
0
34
99
0
0
0
161
4
499
69
57
271
81
31
0
7
0
0
47
0
0
3
10
50
0
2
380
0
0
120
0
441
0
180
0
121
392
10
0
0
2
66
1406
0
0
0
0
3
0
0
0
0
0
86
93
17
0
13
22
78
130
0
871
340
0
17
165
250
0
28
5
90
728
0
6
0
0
0
4
154
0
25
0
0
8
29
0
1
7
0
16
17
1
84
0
0
0
0
0
26
0
0
58
8
343
192
3
0
461
14
0
22
0
49
0
0
0
12
0
0
0
31
0
4
0
1226
227
0
0
636
0
15
138
758
20
0
6
132
0
0
0
0
0
60
366
2
110
14
49
55
0
505
37
7
1
1
0
5
0
16
1323
0
53
1509
1
0
1
6
0
1190
106
0
0
1
768
0
208
0
118
198
16
99
0
0
129
0
26
3
0
7
1078
0
3
103
26
1
53
2
82
12
0
42
0
43
0
18
553
502
23
0
0
150
16
0
133
14
14
0
0
0
0
0
5
360
0
148
10
0
307
19
0
0
1
294
4
17
46
132
2
0
0
17
0
536
0
0
0
212
3
0
6
0
203
0
417
0
0
95
0
1
0
0
0
771
5
0
0
12
49
0
23
0
0
0
0
40
11
0
1
0
0
0
374
227
0
6
5
0
109
0
2
0
7
227
129
426
19
16
108
0
0
33
5
124
157
0
3
141
23
69
40
523
4
783
0
375
136
1
0
0
1
0
57
17
103
82
0
95
0
2605
0
0
0
19
10
40
84
0
2
0
4
0
193
105
0
0
0
0
0
372
336
58
30
1040
1
0
2
146
0
0
1
32
130
0
11
61
11
0
0
0
0
570
419
198
27
1552
0
3
47
170
34
1
0
45
554
45
3
0
0
0
0
5
646
0
519
0
4
21
518
4
130
0
0
6
14
87
0
0
30
0
3037
0
10
117
0
0
65
30
3
3
7
28
0
13
4
1
0
4
0
8
0
0
1
8
0
0
119
2
219
15
2
0
307
0
0
1
272
5
0
0
238
244
8
136
256
58
0
0
54
51
0
36
369
0
6
1
406
1
3
0
0
2
3
5
2084
44
36
32
207
11
0
0
0
1
1
485
7
52
0
108
0
0
108
0
97
0
52
5
1
0
0
4
0
0
0
0
1
13
1
12
0
1
0
19
62
0
12
10
0
0
0
1
0
1
23
0
24
367
0
0
0
392
0
0
11
0
0
7
0
1
29
66
3
1405
134
74
14
0
67
0
336
0
0
0
456
46
102
0
2
2
0
53
0
0
10
539
1
0
5
24
9
235
0
0
271
140
23
0
3
53
63
1
0
0
1164
64
0
0
11
0
0
1
0
0
379
1
79
1105
289
395
21
0
2
21
39
35
0
0
0
2206
186
358
210
2
0
97
75
121
14
26
0
0
2
145
355
1
0
92
601
0
181
622
0
0
0
65
0
0
325
150
282
165
46
0
0
32
585
28
0
8
149
3
0
17
3
112
131
0
0
30
83
3
1
33
7
142
1
7
277
113
11
0
358
0
0
12
58
21
0
1
333
0
105
0
51
504
0
0
46
0
0
318
0
0
0
7
114
0
295
0
63
0
0
0
0
840
3
39
166
267
34
48
16
79
0
6
26
51
71
12
37
7
333
23
44
129
731
197
0
225
1
125
59
248
92
5
0
0
56
18
46
0
17
645
105
218
0
63
19
4
0
1
0
4
717
0
97
259
47
297
0
21
2
0
0
16
30
9
74
0
628
0
0
0
0
48
218
0
2
0
70
0
3
1
734
74
37
30
0
0
0
0
104
7
279
312
0
0
0
40
0
0
0
195
1
0
117
6
0
18
0
6
0
49
116
0
29
133
0
269
1
22
26
241
0
309
0
15
0
0
46
2
2
32
44
249
216
0
0
1
0
0
37
0
465
0
137
1
0
429
26
83
2
0
63
0
32
120
129
27
8
83
1019
0
281
28
0
79
648
25
4
0
3
4
0
19
287
0
0
0
14
3
0
14
15
11
51
0
16
0
0
4
0
0
0
54
18
0
264
0
0
28
473
0
0
0
18
341
0
135
15
9
0
14
0
1024
0
0
0
0
136
0
538
0
9
29
0
2593
2
0
50
54
0
0
4
2
149
102
62
102
5
0
0
29
12
1
0
0
1
0
0
61
0
0
0
32
0
8
0
22
9
0
0
141
7
20
6
0
3092
124
50
0
140
157
3
506
13
951
0
0
623
1004
290
332
29
0
0
0
19
0
784
0
0
0
69
0
0
8
17
0
0
0
25
0
3
0
0
41
0
2
613
0
0
0
0
0
0
326
7
0
146
94
22
0
0
0
0
132
4
513
0
0
0
0
0
0
0
253
16
0
0
154
20
347
0
39
677
92
0
0
114
5
26
0
7
8
0
0
243
113
0
25
53
1270
29
0
159
0
0
12
21
0
12
0
1
0
0
0
0
204
48
1
0
0
107
102
590
0
0
0
37
0
4
4
1
0
55
0
0
12
10
174
7
0
0
0
358
18
0
0
842
0
0
192
0
61
0
0
52
26
0
0
0
0
9
222
0
0
0
6
5
0
0
11
243
315
1
5
0
0
2
0
108
0
0
0
60
0
0
0
6
0
11
0
0
11
14
0
0
1
12
1
1
0
19
0
26
4
0
0
0
0
17
1
0
125
0
0
0
167
0
0
253
4
6
17
0
0
18
0
82
36
7
0
267
39
65
0
0
106
0
64
36
0
0
33
520
0
23
1
12
184
0
45
12
0
2
0
2
2
46
207
611
0
0
0
4
0
0
0
12
16
0
101
0
14
0
0
0
0
0
0
5
1064
0
295
61
0
0
6
21
6
1
115
1
0
0
2
8
4
736
464
5
83
6
2
150
5
1
0
78
0
1
49
1
7
0
0
0
20
0
0
1
13
0
74
17
2
4
34
49
0
44
1
0
0
0
0
3
0
0
0
0
44
0
148
4
23
61
0
0
0
0
0
6
3
0
0
28
10
0
648
54
0
0
0
84
49
0
25
199
11
52
317
0
0
0
83
0
45
0
20
0
2
0
0
26
108
42
107
18
0
7
0
0
515
0
84
0
0
4
89
40
0
2333
275
3652
131
15
34
114
429
1221
0
0
0
7
8
0
3
4
0
0
54
58
169
1
38
23
18
175
152
4
0
444
0
45
0
146
0
824
7
0
59
0
0
303
335
19
46
22
2008
13
152
0
0
1
11
35
60
5
0
69
651
0
26
2313
0
52
0
3
0
0
2
0
0
11
1
8
120
2
0
45
14
20
0
0
0
51
80
4
0
0
0
0
6
0
10
539
44
6
0
0
37
908
0
125
8
299
48
0
20
3
5
17
0
0
1377
0
0
51
0
36
105
0
0
0
6
12
7
67
1
0
270
11
103
0
89
25
0
55
0
2
0
1
0
0
64
6
163
3
31
0
0
75
0
5
0
33
0
155
0
0
0
0
1
0
0
21
0
530
6
61
0
0
2
0
0
5
67
0
7
0
0
0
1
0
4
223
1
0
58
2
36
0
4588
6
0
87
0
79
2
12
7
0
0
41
53
0
0
77
0
4
0
0
0
0
22
88
0
3
2
5
18
2
0
265
3
1
313
0
0
198
8
19
3
4
38
49
0
0
75
0
11
0
0
0
132
5
195
0
0
92
17
6
0
3
14
12
2
0
0
1
1
0
5
1
102
0
1
0
8
254
183
23
0
0
6
0
16
0
18
0
0
72
0
0
47
2
35
279
629
0
316
0
371
72
1
389
101
180
0
0
0
972
2381
5
89
17
0
39
0
214
0
0
41
11
0
0
0
4
1
0
0
0
0
84
0
176
0
0
41
0
239
6
0
0
0
1
26
1528
162
271
0
214
240
0
0
20
0
1
30
270
0
11
1050
240
149
1600
3
159
224
0
25
0
0
6
0
0
0
53
0
3
0
5
19
0
355
0
0
21
30
3
0
5
23
0
0
0
0
30
290
0
46
120
6
47
0
66
15
1237
0
0
0
15
77
0
0
245
13
0
0
0
83
91
0
0
71
386
0
1351
824
0
117
118
0
263
0
633
0
1
0
0
333
329
0
0
0
510
314
0
0
70
28
21
20
0
0
4
0
104
341
0
0
0
77
0
33
0
0
95
0
120
1
0
34
229
0
0
0
4
1
24
20
2
40
142
0
336
2
210
0
5526
109
2
234
2
0
25
28
123
98
9
0
105
1794
67
87
2182
0
0
16
0
186
0
3
319
30
0
0
311
199
0
0
4
3
0
88
3
79
768
14
7
0
39
424
8
223
45
2
14
84
175
0
2003
2797
0
0
315
509
73
0
0
0
20
1
231
3
0
51
74
0
0
5
0
1
10
26
0
1
1434
1847
0
882
546
0
531
42
12
59
0
39
101
6
897
3
691
95
73
0
943
0
0
254
1
879
16
0
134
111
0
78
19
1692
21
420
8
60
0
24
191
96
826
39
126
0
38
0
82
0
0
0
0
0
0
41
0
4
2
38
0
0
25
4
0
2
0
0
2
89
134
2
0
0
257
0
0
621
2
4
0
5
539
0
0
2
5
129
0
0
0
57
0
0
2
1064
9
167
0
0
0
0
0
0
57
7
0
0
9
0
8
41
73
0
22
4
266
5
105
6
0
5
0
1
3
2
0
46
54
0
37
60
0
3
29
0
213
0
27
33
134
6
4
0
85
0
0
1600
0
0
13
8
60
0
532
1562
77
120
60
0
290
5
10
119
46
613
0
185
0
2
171
9
0
20
38
202
0
46
0
0
0
0
0
14
2528
0
49
16
0
0
2
0
8
0
0
66
598
44
16
9
15
0
8
3
8
0
0
3760
115
100
121
0
100
0
50
198
0
14
0
0
0
0
0
26
28
18
87
427
81
156
11
0
15
180
577
0
1
2
9
1455
265
9
2
0
0
0
21
121
2412
97
6
498
0
4
7
614
45
0
0
0
58
266
0
7
0
0
7
18
26
0
1255
284
5
0
0
0
145
13
0
52
81
0
1
16
482
478
0
3011
32
127
0
513
1
20
0
886
10
104
0
3
0
16
0
3
0
289
60
6
0
31
0
14
1011
33
0
0
2
0
1286
0
369
3
12
85
0
248
10
66
2830
4
297
45
170
0
17
116
0
0
0
619
379
0
1
0
155
0
0
0
133
20
0
1
0
1
16
12
0
13
6
0
0
754
0
516
14
0
0
0
44
0
0
26
0
0
1
0
28
0
0
19
151
104
0
246
26
0
0
52
3
34
0
0
0
73
0
14
0
0
158
0
0
280
23
0
23
0
35
217
0
166
0
5
0
0
348
0
0
0
548
14
0
37
7
43
0
58
1494
0
0
0
133
74
11
31
0
21
0
20
1
11
0
0
20
97
44
0
0
0
0
0
17
0
0
12
7
1
300
0
18
0
16
11
3
2
0
1
0
75
1
38
0
0
14
21
21
78
0
0
0
1
121
5
11
14
0
1
0
0
27
5
0
743
21
0
0
225
579
39
0
5
84
99
34
0
42
58
10
0
84
0
0
22
0
0
7
0
316
0
35
0
6
0
2
89
57
35
205
236
0
0
36
256
2
0
2
5
0
2
990
87
0
289
8
233
0
1
25
13
0
0
2
0
0
2
0
0
0
0
475
18
5
0
0
40
0
0
15
0
165
0
14
32
7
1
8
128
8
163
0
201
14
163
0
1
8
66
84
1121
9
0
0
0
0
84
0
0
0
7
11
0
117
0
11
3
6
19
0
7
10
0
0
1
0
18
0
0
19
0
68
2
40
0
204
43
35
88
0
0
63
0
51
0
0
0
93
11
151
142
0
63
325
30
0
5
32
449
0
0
12
0
500
0
5
0
18
41
22
25
12
3
19
0
0
5
77
6
62
0
2
529
3
0
15
6
0
0
153
0
0
3
0
0
83
85
21
0
0
0
0
41
0
321
0
27
77
2
172
99
40
0
0
259
9
165
437
0
0
119
0
29
0
295
399
163
1
0
0
13
0
13
26
3
0
0
0
0
0
1
14
0
180
0
11
89
0
60
0
3
0
99
6
0
2
11
39
0
0
65
0
5
0
0
0
2
0
0
4
0
2044
94
289
0
0
0
5
0
54
0
0
20
396
0
17
0
270
61
32
3
0
75
0
9
11
1178
0
0
9
13
0
176
186
0
0
0
0
338
1
63
189
10
0
21
45
3
0
1
0
6
532
168
0
0
1
141
5
3
3
0
0
13
16
8
58
5
60
0
11
424
65
0
6
2
5
36
18
0
30
30
197
29
281
0
16
0
0
109
0
7
3
0
0
0
0
0
0
7408
188
3
2
0
303
2189
7
5
0
2
340
51
0
1008
37
0
0
764
3
0
15
4
0
0
242
0
6
0
0
0
1
0
6
0
0
534
0
0
4721
0
0
0
0
0
0
9
0
0
19
0
33
775
0
0
16
93
117
0
214
1
11
7
0
17
0
140
0
0
1
681
0
77
0
0
15
160
15
43
24
200
1
8
35
43
4
3
0
0
1
1
0
50
157
2
0
0
4
0
11
0
1
682
0
1
0
745
145
110
0
66
0
270
0
4
96
356
1
1
0
10
13
346
0
0
107
0
13
0
0
46
14
0
0
99
2
47
0
0
77
0
27
0
4
137
0
67
287
87
28
0
30
473
12
12
114
0
1
0
75
74
0
85
0
141
116
2
0
65
74
75
0
0
0
68
279
574
47
1522
0
20
0
913
3
359
400
0
6
0
185
1
0
82
9
50
37
1
59
0
0
0
35
0
0
253
203
210
0
0
1555
13
65
0
108
170
259
573
0
0
0
3378
0
580
1
0
208
5
5
0
2
0
0
8
0
1
10
6213
40
48
0
0
136
3
186
1878
112
0
223
60
319
0
0
2
0
87
0
0
8
107
0
131
101
268
0
149
0
103
0
514
0
1
0
80
339
288
18
464
0
0
1
319
75
0
604
0
252
0
0
9
83
0
7
0
0
2
0
124
24
3
248
0
60
2
2
0
88
0
0
0
5
0
0
0
12
38
0
105
49
13
140
3
1
0
2066
374
12
363
0
0
117
3
44
169
0
50
455
11
350
43
18
5
84
0
0
376
3
0
517
3
0
194
112
11
0
0
1
526
1
106
6
291
400
77
0
0
0
27
3
270
4
153
3
101
17
4
0
710
180
0
354
3
2
3
0
38
32
11
127
210
451
0
353
0
2
0
3
0
86
106
15
603
6
150
403
117
2
91
7
1
2
0
74
0
0
0
0
5
0
184
0
289
343
0
0
3
31
0
96
10
0
3
1
1
0
0
87
49
1018
0
16
0
0
1222
3
0
1754
0
64
167
0
36
0
0
1
2
25
346
481
35
103
147
211
0
61
62
2
0
0
48
0
0
99
0
87
42
4598
0
6
687
272
21
0
92
0
0
13
0
137
434
156
32
101
18
27
1
3
16
20
29
96
253
3
37
23
0
0
1
1
278
39
48
0
3
0
0
0
2
6
1
112
10
51
0
0
0
2
0
67
1
0
11
12
0
368
67
0
0
0
0
154
0
0
706
324
8
91
0
3
391
94
0
0
61
0
0
1
1
3
0
180
425
72
85
0
636
1
0
6
49
0
762
7
67
0
12
0
2
1
53
14
34
251
24
0
9
0
5
1120
247
57
0
9
0
0
13
55
2893
0
0
0
6
29
12
69
0
0
57
0
234
840
563
0
18
685
936
242
33
0
0
0
24
28
14
0
22
11
11
1
35
0
2
0
2
52
0
5
69
0
136
12
304
84
180
28
237
0
2825
41
4330
22
60
3
2
155
0
181
125
688
53
2
3
2
37
0
0
338
29
128
24
96
176
0
318
7
352
725
115
109
120
0
3
0
185
403
3
3
6
150
4
254
7
0
29
0
2
0
0
174
96
0
0
31
2
35
155
51
0
0
0
0
43
0
0
574
661
141
121
11
17
84
282
69
318
98
0
34
29
31
0
31
26
24
0
193
15
0
0
0
3
0
6
226
0
741
742
108
0
519
150
15
5
260
0
0
0
0
0
0
0
5
32
0
0
131
15
0
177
6
0
283
304
491
0
0
0
445
319
361
77
1
366
166
15
150
24
33
0
15
594
49
305
0
0
5
112
120
82
165
6
216
0
0
3
0
12
0
0
8
71
0
13
8
0
0
0
206
3
0
11
9
68
3
53
29
4
0
0
8
117
0
74
57
21
2
3
0
0
97
0
6
14
1
95
5
0
0
4
631
401
428
52
1
5
2
561
0
0
11
129
27
0
28
15
1
0
0
67
43
94
31
4
0
4
9
34
0
174
80
17
0
8
0
77
3
0
0
69
30
0
544
10
0
102
34
0
0
73
6
57
248
82
764
0
1
1
38
25
276
0
577
0
1837
50
7
202
0
514
0
133
22
284
352
1
737
804
0
0
0
0
0
5
0
324
85
0
56
110
0
3
0
37
10
0
0
310
130
217
345
73
444
707
234
0
2
29
0
65
64
0
0
0
3
7
35
0
0
1483
2
20
54
143
5
0
3
0
12
9
105
0
2
346
4
9
0
602
125
411
0
57
0
0
0
0
34
0
155
0
7
0
0
25
48
0
1
0
8
919
0
157
1
0
0
0
2
0
0
0
165
189
3
7
489
6
90
119
160
0
21
2
1653
151
17
92
0
8
0
0
0
10
0
404
5
69
79
14
0
11
0
33
0
6
22
6
3
3
0
0
2
82
0
96
0
0
0
0
505
0
0
1
38
0
0
0
3
2
0
0
1045
104
279
3085
1562
1
5
0
142
1
2
0
39
306
14
393
1
0
1
0
371
22
47
7
489
40
21
457
12
2
169
255
37
27
0
0
1
0
0
0
0
0
1
92
2
0
0
2
0
0
0
31
68
19
239
81
0
2
0
0
0
0
257
283
0
0
0
0
0
0
119
140
0
1
0
0
7
0
0
6
10
0
0
0
0
0
10
4
72
58
0
0
0
0
0
1441
341
0
462
11
0
4
36
104
268
1518
42
63
0
1
0
0
77
0
19
1
3
0
0
0
0
171
7
0
0
0
0
0
0
0
14
75
0
90
86
0
0
0
0
14
22
0
0
603
0
0
0
53
96
444
16
41
9
54
0
0
26
0
0
88
18
0
4
101
11
0
7
0
0
1
81
4
9
4
0
0
0
2
3
0
0
523
40
462
0
0
0
0
0
0
0
0
0
0
0
0
6
1
0
0
0
0
0
0
0
0
0
43
1
182
0
0
0
0
2808
44
138
22
320
119
165
162
28
2512
7080
187
0
24
10
0
0
0
598
173
65
0
0
1
60
0
0
0
91
0
0
49
16
85
88
0
0
0
0
11
9
0
0
8
4298
4
58
0
0
0
0
18
28
0
2
24
0
0
0
3
242
111
0
0
0
0
97
14
2
5
16
0
0
0
0
0
0
0
0
4
114
17
0
1
387
503
133
169
1774
0
1
1
2
1
0
0
9
0
0
0
152
22
0
0
0
1
5
0
0
0
0
0
18
2
0
0
2
214
46
200
12
48
566
0
433
667
5
0
2
0
0
0
0
2
0
21
0
33
0
0
0
0
1
0
0
0
0
0
0
0
243
30
1195
5
2244
3223
236
0
0
21
21
0
120
0
0
0
439
115
0
0
134
508
127
24
0
10
0
195
0
0
0
0
0
6
0
0
0
0
1
0
0
0
0
0
0
0
0
0
49
0
0
11
46
0
1
0
176
1
0
295
1
2888
178
41
20
0
86
0
0
45
3
0
0
0
0
11
0
0
4
0
0
373
313
0
1083
8
26
0
0
0
0
0
0
0
0
0
574
337
1
0
19
6
0
0
0
0
22
41
0
0
0
0
1
54
0
0
10
4
0
0
0
0
0
0
0
1
0
37
0
0
0
0
0
1
0
0
0
0
0
0
0
0
0
0
1
2
0
0
0
0
0
0
0
1
0
0
