DMSO _1
0
0
27
2508
43
222
55
0
1
0
1
316
24
482
4
0
870
10
2
247
983
121
0
9
0
596
0
33
2
12
32
15
0
256
1534
119
0
0
3
0
5
0
1
15
2
2482
0
196
0
268
0
263
0
789
0
17
628
110
0
957
1
14
0
5
17
56
1
326
20
12
2401
632
63
37
38
0
1707
19
28
0
0
0
1
13
1497
0
249
391
31
9
622
0
488
4
0
874
8
4
125
2
38
4
16
834
131
6
2
0
0
686
0
0
59
0
6
0
0
196
210
644
16
5
0
245
77
260
177
0
1938
66
0
1
10
165
5
0
2
177
36
0
50
5
33
0
754
247
27
44
57
32
31
0
397
5
3
1200
3
0
41
457
0
0
0
0
260
44
95
240
0
0
0
9
105
0
0
134
144
1
0
93
320
610
0
100
77
606
313
2
110
4
0
437
390
36
0
116
0
1
0
77
78
31
24
36
36
8
0
74
106
37
0
1
18
0
0
2
80
24
0
41
384
0
30
444
0
6
7
253
64
138
0
0
82
341
1394
0
1652
64
0
0
0
0
26
482
0
38
133
453
24
10
272
465
33
0
1059
65
0
2
0
24
263
583
197
2305
130
0
0
0
330
93
3
739
0
0
119
7
0
0
1433
210
993
163
0
2105
0
1160
0
0
0
297
0
0
1
0
0
0
157
0
111
2
0
19
0
28
457
0
352
9
3641
0
0
0
0
0
0
244
0
203
365
0
94
0
1026
179
0
111
67
25
0
56
658
531
133
0
0
242
52
11
0
0
1110
292
172
678
0
17
319
66
278
0
1056
0
60
31
57
78
891
250
77
0
21
4
2
729
3
0
0
150
230
5085
121
1127
17
13
0
2
22
28
0
419
0
276
0
0
2053
0
122
51
68
0
309
0
0
181
501
68
116
0
593
75
104
0
0
0
0
153
44
0
2
0
0
186
14
4487
0
119
0
498
0
0
1273
216
15
0
158
0
29
1806
84
5
149
55
43
19
56
0
310
0
0
0
3
0
233
1371
0
4
1936
299
123
0
0
0
34
3
2
14
0
0
0
0
19
30
0
0
0
54
187
0
423
0
74
0
387
0
0
0
1
0
563
153
716
51
345
1269
562
42
0
0
13
0
98
170
127
73
0
172
0
6
0
0
65
0
819
98
101
495
28
3
72
0
38
0
6
512
15
406
42
0
44
0
1182
149
0
599
0
65
16
31
30
122
94
103
1085
0
16
192
612
195
86
0
4
3
117
0
191
330
0
0
123
9
1
2
18
1
0
4
12
0
0
0
0
580
0
204
0
222
0
0
0
398
638
60
2
258
0
442
100
57
0
78
0
159
6
1417
14
50
2
22
0
3090
0
31
2
298
0
1039
222
11
5
9
278
0
0
0
2
382
0
0
0
0
1409
1
269
294
1
0
191
27
91
56
0
28
2
14
0
9
44
0
0
4
24
0
0
76
0
49
254
149
783
151
914
1
0
5
0
0
0
5
0
203
694
491
0
489
23
241
4
0
1140
58
3
147
0
0
182
3
442
136
3
0
0
0
180
0
0
6
286
2
0
0
6
496
28
555
17
32
0
0
0
0
97
140
52
624
0
59
170
1570
0
22
1
2
43
7
153
0
20
16
117
60
0
346
9
15
0
0
39
18
202
2
190
1714
21
67
68
922
957
0
0
373
546
40
8
9
835
1
0
0
1
292
293
1
18
49
41
0
78
2
39
56
151
1
358
3
463
0
0
0
3
0
0
1448
695
0
0
288
5864
4
227
24
195
256
129
128
1
0
272
8
4
100
0
3
1147
0
0
793
241
70
79
189
336
347
15
74
66
0
0
16
786
0
188
0
0
177
15
0
0
0
28
17
0
2
38
0
92
19
0
27
0
394
142
592
33
30
0
470
4
4
1
0
46
0
241
33
3
0
0
0
0
9
15
79
9
2
0
12
23
404
218
0
30
1
7
0
0
396
2
620
1381
423
0
781
146
527
204
5
25
186
0
208
93
1
702
26
121
49
334
2
0
308
0
15
27
6
185
559
14
0
0
0
0
0
1150
524
23
0
0
0
3032
4
0
1433
6
67
0
82
0
0
568
104
251
582
130
18
0
8
3
0
78
637
383
0
0
16
0
606
91
0
20
60
0
56
134
189
31
0
223
9
0
619
9
0
0
0
268
0
174
367
90
76
433
7
110
0
5
9
324
342
201
41
0
168
73
0
2462
288
0
97
0
322
0
0
28
474
0
71
0
9
9
0
0
0
0
190
166
117
6
0
10
50
62
0
0
694
69
25
197
3
20
0
0
13
19
0
1312
86
298
677
10
135
0
0
54
0
3078
86
3
0
692
438
556
142
1144
0
166
0
0
3313
0
0
0
0
210
0
0
4
0
15
685
468
578
63
3
0
0
110
59
22
6
0
0
75
1159
691
72
47
0
0
82
177
19
0
0
0
69
0
1574
416
1736
962
0
0
0
0
0
148
0
0
13
259
56
131
0
28
971
640
0
342
1069
99
71
57
159
0
3
203
6
4
26
0
0
6
17
0
60
47
1
0
0
0
0
1198
450
0
0
2
15
87
0
0
0
0
111
50
0
189
7
0
75
3
358
1067
0
586
105
15
14
1
14
0
0
0
0
435
920
107
155
131
148
441
551
109
293
4
36
152
77
84
0
0
13
0
2
2644
23
1037
0
0
225
128
0
7
321
168
167
372
0
218
71
0
12
6
16
0
37
0
3
565
407
102
1
0
789
0
0
0
227
15
1206
1079
0
46
2869
57
154
109
141
66
638
350
0
0
22
0
492
25
442
0
594
0
441
0
329
686
35
0
831
0
0
144
0
286
719
0
0
2
590
0
705
0
0
8
124
0
217
0
0
15
0
0
0
2
12
0
129
22
137
0
319
262
43
411
698
0
0
2012
2
1
0
158
58
105
0
99
0
7
3
312
60
0
2
318
0
7168
0
0
0
44
0
310
117
278
60
0
294
0
75
0
46
100
259
78
1
2
113
0
201
1182
250
0
0
19
9
3738
109
7
73
29
21
32
1
19
0
0
1
804
0
431
18
0
50
14
0
48
0
452
0
85
129
1
110
9
445
0
0
1
100
2
0
1
51
2
0
2
105
12
0
200
0
287
0
0
7
29
0
2729
2
9
3053
35
1275
0
175
15
53
0
0
0
156
110
0
0
15
51
5
2
0
19
2
0
88
0
430
0
0
13
39
226
9
0
0
3
72
830
342
0
0
0
240
0
0
986
475
52
151
4991
1
62
165
24
105
65
578
0
8
74
2379
19
23
38
52
155
0
0
458
56
16
237
35
442
28
239
231
123
0
46
0
60
1
5
0
0
444
4
48
0
2078
6
55
568
74
54
0
2
0
3
44
1
294
0
0
321
65
0
2
0
3
58
0
277
0
27
37
0
45
0
0
17
0
0
77
0
0
28
0
0
0
0
0
0
4
577
8
580
2
344
163
104
0
0
232
2
2332
37
0
0
0
1
18
9
711
90
317
0
679
18
331
550
0
0
0
1050
0
246
450
2743
3222
0
0
0
71
0
6
0
0
164
0
1
1387
322
982
9
14
279
0
48
0
255
227
67
911
0
1463
0
145
20
49
136
0
19
0
0
0
0
0
0
908
270
0
1742
92
0
0
10
176
337
388
87
730
4208
5
344
0
172
471
257
305
386
0
31
10
325
143
0
0
296
21
29
0
0
64
184
438
0
7
0
88
382
0
640
0
0
63
5
0
681
5700
0
276
0
2
3
311
0
751
0
75
4
0
1205
69
12
35
0
0
9
14
517
2
1
0
16
2
0
44
251
17
15
0
10
27
0
0
2
131
1
1
12
0
49
30
76
0
0
0
0
76
0
6
0
7
149
588
20
1133
2502
118
706
133
3936
0
64
0
222
36
0
795
0
181
25
0
1
4
0
1042
51
1
42
128
0
91
7
0
0
0
41
0
0
1783
236
3
0
269
2174
374
1
0
24
0
115
0
2461
0
723
3
0
27
0
100
0
0
0
0
67
0
0
0
5
19
684
161
17
0
153
31
109
33
1
65
100
2
243
0
183
4024
1352
0
364
3
0
1
843
105
0
0
0
0
3
670
35
0
0
11
0
0
0
0
0
15
159
0
0
209
186
1034
1195
58
479
0
0
26
7
31
1
0
0
0
246
63
0
630
43
2187
34
0
1
83
117
10
178
2
2
325
241
0
0
75
0
6
0
318
0
0
26
0
44
136
2
25
18
3
61
273
0
0
0
0
33
689
44
3
2
133
0
538
70
187
0
54
1555
345
0
0
4081
693
723
3105
49
0
11
0
0
1
0
102
0
22
10
0
290
1090
6
0
0
0
0
0
46
73
211
0
0
41
27
26
1
263
748
211
247
293
55
0
0
6
321
0
0
1
61
19
11
37
7
0
0
11
47
21
107
45
0
0
0
0
0
0
0
84
0
0
0
54
1
25
0
1
60
277
0
5
0
633
0
585
8
0
34
1
0
0
0
0
1115
4
4
20
84
0
330
279
26
0
43
0
2
0
0
180
0
659
633
780
312
0
79
69
2
8
22
335
105
0
7
0
1580
3
23
0
79
6
32
0
145
2
0
0
322
5
342
164
67
315
4
0
0
21
5
5
163
366
156
0
44
0
75
34
0
0
213
0
55
3
0
105
23
8
57
123
1378
13
0
117
0
563
0
0
0
86
39
138
176
273
0
2212
29
0
1
101
0
0
13
227
926
25
4
17
5
4
5
0
38
0
38
229
1
13
1954
344
16
1082
0
58
29
1
0
416
0
82
0
0
6
20
9
0
0
12
2134
0
201
320
5
0
1231
74
0
0
0
16
22
18
1048
24
221
0
0
0
0
2
0
3
149
0
0
76
0
23
11
0
11
29
0
0
0
3187
0
14
0
29
173
504
554
2993
2
801
19
2
11
10
7
29
1194
0
497
711
0
20
256
0
592
1
0
16
920
0
55
143
0
0
3528
0
92
224
0
0
118
481
0
6
254
478
0
457
0
719
0
3834
38
0
177
0
60
147
483
13
658
18
8
0
1504
160
266
34
2624
2
248
39
695
183
0
208
0
141
275
235
0
4
10
13
58
94
0
25
2425
442
1620
511
0
0
0
9
29
216
0
301
149
12
586
614
0
99
112
45
0
0
0
0
943
0
152
0
264
11
4
0
1
20
0
0
1744
758
0
0
131
6
22
0
100
3
330
30
0
0
248
403
5
22
0
1
0
0
1915
458
35
0
960
25
253
192
84
139
0
2
40
0
21
0
0
12
26
3
114
121
0
0
137
534
0
0
174
0
0
0
662
646
97
1
0
368
0
801
350
7
0
190
0
0
4
90
289
7
1
0
0
24
21
57
2
3
0
204
2
0
0
0
11
0
459
102
29
0
0
41
2412
9
296
0
83
0
54
12
0
662
7
0
33
178
82
1
11
0
24
197
0
19
0
225
0
526
0
3
31
33
7
0
0
14
5
0
12
100
13
0
40
0
0
29
85
2
0
0
414
3
1
0
75
14
8526
0
15
124
304
0
42
3
0
0
0
268
95
696
0
207
0
0
225
1
0
29
0
145
1053
0
315
0
209
0
1185
8
311
153
0
0
0
0
0
0
3
0
8
0
31
0
0
8
420
397
30
0
2
395
50
0
408
551
34
336
32
0
1021
116
0
79
0
0
0
664
9
356
0
44
14
0
10
751
552
0
318
56
43
1
0
169
420
0
307
0
0
651
27
351
134
1
163
0
0
347
256
22
9
7
0
0
0
1
233
343
393
0
8
0
98
0
2
204
0
80
44
0
693
143
29
51
121
0
2
1129
63
0
297
3
93
502
49
31
2091
228
0
0
13
450
90
0
5
23
0
2
0
0
83
206
0
74
0
0
0
0
0
369
10
350
7
0
6
9
337
0
1
0
0
214
239
23
91
1
0
328
0
0
0
10
1145
2828
7
2
2832
14
150
290
0
212
0
0
1
642
59
0
15
99
160
45
0
2
2
0
0
1478
2
0
1316
6
78
29
2695
266
0
0
202
2933
48
1360
292
0
56
24
600
0
45
61
14
30
0
0
0
79
0
8
2637
0
2398
0
2
41
0
23
0
182
237
0
365
31
47
0
78
487
4328
13
25
150
7
529
153
0
13
0
254
0
0
0
417
509
0
723
7
43
31
270
0
91
521
512
84
156
125
0
198
11
865
696
4
1228
0
467
202
223
204
9
0
28
0
0
38
150
24
0
224
1
8
42
13
8
5
3277
221
145
414
116
135
5
0
1
31
0
1076
0
18
0
0
8
2573
0
145
273
0
928
0
25
243
31
35
616
0
0
346
0
1
0
0
67
2
0
0
15
383
53
0
32
1
0
345
9
0
0
889
167
712
355
0
2207
48
0
0
203
47
0
0
0
10
79
110
6
0
13
0
0
1
10
23
112
1148
142
371
3
74
3
3317
0
0
10
106
0
19
338
0
95
9
45
100
0
772
443
30
988
107
0
0
443
843
606
356
3
0
75
0
0
1
0
1416
2
2559
243
148
339
344
0
2
0
0
59
0
365
1
1
168
169
14
115
10
697
37
0
24
164
0
149
0
104
11
150
64
0
1030
37
0
87
10570
0
54
784
538
346
340
273
1384
65
1083
0
650
1658
2
112
21
5
0
3
317
0
206
84
2471
0
8
273
142
0
1647
174
53
0
0
0
0
1769
8
3
1061
0
712
0
64
8
0
578
55
0
0
1593
65
0
0
2
1
129
0
138
2
1109
15
154
88
1030
0
1
123
1718
0
5
5
51
156
79
3
71
334
180
0
0
210
54
285
0
0
44
42
0
79
236
0
192
0
0
0
0
0
2
0
0
32
0
0
2
2
40
0
0
870
27
0
2
3125
0
0
0
2
0
129
0
66
3
0
123
0
0
3
15
7
0
163
67
0
0
0
127
0
0
0
152
71
7
0
0
541
0
0
3
23
0
0
0
0
16
0
2
0
0
42
0
0
51
823
0
0
25
0
2
303
33
346
17
0
9
0
46
0
0
0
70
0
199
0
0
5
0
20
0
36
0
0
498
26
0
431
20
0
1463
89
1
0
58
276
0
0
24
0
0
39
33
107
0
114
19
0
0
1072
607
17
2
175
0
9
79
3
42
29
0
12
0
0
0
2
601
0
2
0
0
1427
0
329
29
0
0
0
113
565
376
149
0
0
0
0
0
0
4
0
0
152
4
0
124
0
0
0
0
0
46
2393
93
3
0
58
1
0
0
0
0
0
0
0
0
0
0
0
0
7
0
0
23
49
0
0
0
93
4
62
0
0
0
0
0
2
0
42
0
0
0
0
0
0
144
0
0
9
20
370
2
0
0
0
0
1
9
0
0
6
0
2
0
0
0
19
0
21
1
0
0
13
0
0
0
0
0
0
3
0
0
0
0
4
0
0
6
2
0
0
965
0
0
0
81
0
0
0
0
911
0
0
85
55
1
22
56
0
2
0
0
0
0
0
101
72
0
0
0
12
384
92
0
53
0
0
0
0
0
0
0
0
2
0
4
27
0
0
0
778
0
5
0
0
0
0
0
0
70
0
115
0
20
0
26
0
1
1
0
178
0
0
6
0
20
2
0
0
0
96
0
0
11
0
16
183
0
0
2
15
44
0
82
0
0
0
162
0
17
0
250
0
0
4
0
8
0
0
0
0
139
0
0
0
0
407
0
0
1094
425
0
0
33
77
0
0
0
0
0
183
0
0
188
0
85
0
0
1
0
17
0
0
0
3
0
52
0
0
472
0
3
0
0
0
23
0
7
0
0
0
0
0
2
0
5
0
0
7
76
0
102
0
0
242
8
0
0
0
0
177
0
0
13
0
0
0
0
0
0
1
0
0
15
0
0
62
4
0
0
0
42
0
0
0
112
0
0
13
0
0
0
16
0
0
1
3
0
0
0
0
0
0
0
0
0
0
5
0
0
7
0
0
0
0
98
9
0
82
16
9
0
0
0
39
0
0
0
0
0
0
0
0
0
0
0
0
0
0
0
99
0
67
0
0
0
0
215
0
0
0
177
0
4
0
0
0
8
2
0
0
9
27
0
0
0
0
0
0
0
0
0
0
7
0
849
0
4
0
2
0
0
7
0
0
0
0
36
75
0
0
8
0
11
401
0
0
0
0
0
0
0
3
0
0
0
1
0
16
0
519
163
0
0
0
0
0
0
0
0
313
0
0
0
0
0
0
0
0
0
831
27
0
734
0
0
78
0
0
1
1
0
0
0
0
0
4
0
0
8
4
45
0
5
0
0
0
0
0
0
0
2
194
0
0
0
86
18
0
220
0
34
0
0
0
0
0
16
0
0
0
0
0
0
15
4
0
2
0
59
0
0
187
0
0
0
5
0
0
0
0
0
0
0
57
0
0
0
0
144
0
0
0
0
90
1
0
0
0
0
2
0
0
0
0
237
15
0
1
0
295
640
0
0
0
0
10
0
0
0
0
0
3
1
0
28
0
66
0
0
22
0
25
85
2
16
1433
0
0
0
0
333
0
26
0
0
0
0
1
6
0
0
1
308
1
7
0
0
12
0
133
0
0
0
0
0
0
0
0
0
0
0
12
3
30
0
0
0
302
0
0
0
0
0
0
0
0
1319
0
117
0
0
0
0
0
0
0
0
171
0
0
229
0
0
166
13
754
0
0
0
2
2
100
0
0
4
0
345
5
0
0
0
0
0
0
0
18
69
8
0
0
2
0
0
15
0
0
15
25
985
0
0
8
15
984
0
476
0
0
0
94
0
1
4
0
24
0
0
0
0
94
3
0
0
81
0
2
0
0
0
0
0
40
0
0
0
0
20
0
48
0
0
14
0
101
0
0
2
0
0
510
0
0
0
201
0
3
16
0
0
2
0
0
0
0
28
0
0
0
0
70
652
258
0
0
0
0
0
0
0
0
574
0
39
0
0
0
0
3
591
0
394
0
0
14
4
0
7
0
0
27
0
1703
0
0
0
0
0
1
79
0
0
0
56
0
77
1
0
46
0
891
0
0
0
131
0
0
0
0
0
0
0
0
12
0
0
0
0
248
0
0
0
0
667
0
0
0
248
0
9
0
75
269
0
41
0
1
0
0
0
0
0
0
627
0
32
0
0
0
0
0
165
154
0
0
40
0
370
0
0
8
0
0
0
0
29
1
0
0
0
59
6
0
1
0
0
17
0
0
0
60
46
0
0
798
0
232
39
1
0
0
0
0
0
0
0
0
185
0
0
2
25
1
0
0
0
0
0
0
0
0
0
2527
0
6
1
0
0
0
2380
102
13
13
0
0
0
0
15
10
0
47
0
0
0
3
0
0
0
0
0
0
0
0
181
0
0
0
0
868
9
0
0
1
0
0
3
0
0
0
21
12
6
0
1
3
0
202
0
219
0
0
20
0
0
1363
85
3
0
79
204
0
190
37
0
0
35
0
0
0
0
15
26
35
1
0
0
0
2
0
2
0
0
0
0
0
0
287
154
0
943
14
0
0
0
0
51
0
0
0
0
0
0
2
2
0
13
93
12
196
0
0
0
0
0
0
0
0
209
0
0
0
96
0
0
0
0
0
0
0
0
0
2
0
1
0
29
107
0
0
0
0
0
0
103
0
633
0
0
0
0
0
0
0
579
0
0
86
8
0
1
13
0
0
753
0
0
15
0
0
0
0
0
41
81
4
95
0
0
0
5
17
53
0
0
0
0
0
0
0
0
350
275
13
0
225
0
0
0
0
0
0
6
81
1274
1
0
0
0
0
0
172
0
0
0
0
0
0
69
3
0
0
0
0
0
0
52
0
0
0
0
161
0
0
0
0
12
7
0
0
0
0
8
0
0
191
0
0
0
0
0
0
10
0
0
0
0
0
12
0
0
0
0
18
0
3
0
0
0
0
1
0
56
0
0
18
41
0
0
0
138
0
0
28
0
0
148
0
0
0
4
278
11
0
0
28
0
5
4
0
3
44
4
0
0
104
0
138
1
0
78
0
240
0
599
128
0
0
5
6
64
0
0
0
0
8
0
2
0
7
0
0
7
0
18
281
517
1
0
0
0
3
0
19
0
0
0
15
1
0
0
0
18
0
618
56
331
0
1
0
102
0
0
4
0
4
5
4
442
716
2
0
0
0
0
13
288
0
29
24
0
0
0
0
29
1
0
0
58
0
0
0
3
0
7
0
69
7
0
0
320
0
3
0
0
23
2
0
0
0
0
0
0
0
1
0
0
2
0
0
41
4
0
0
0
60
236
8
0
0
207
0
0
222
0
0
2
0
290
0
0
0
0
108
917
0
743
0
0
0
0
0
0
0
14
0
13
0
0
0
0
0
0
79
0
11
0
2
1
0
0
0
32
3
100
0
0
0
0
350
0
0
89
0
0
15
34
0
406
95
0
0
0
0
0
0
0
0
601
0
0
0
66
101
0
0
0
0
95
290
13
0
3
37
23
0
1529
1
48
0
0
78
0
341
386
49
133
0
0
44
0
370
0
0
16
0
0
0
0
0
0
0
483
0
0
0
0
2
2
0
0
10
0
169
713
0
3
0
0
0
96
0
0
255
54
0
0
8
0
0
93
0
0
0
0
0
0
1
0
0
0
7
0
20
383
11
13
0
0
0
0
0
51
45
0
0
0
39
18
0
0
10
0
0
0
0
0
1
0
129
465
0
0
0
0
0
1
0
160
236
0
64
98
0
2
0
176
0
0
0
37
0
7
0
114
5
0
0
341
0
0
0
0
0
0
0
0
0
0
0
0
0
3710
130
9
0
0
0
0
0
0
74
289
455
0
0
250
0
24
0
0
0
0
0
0
0
206
0
21
23
107
1
0
19
0
664
0
7
0
0
6
1207
0
54
0
0
1728
47
0
0
0
0
0
1
0
377
5
0
133
0
0
0
202
2
0
31
0
0
0
5
0
0
59
0
18
58
0
0
0
0
0
0
131
0
1471
40
0
0
0
0
0
177
843
1
0
1
3
1368
0
0
107
0
0
1
455
0
972
515
0
1
0
3
0
0
0
0
0
0
0
0
962
0
0
0
53
0
1
0
0
0
0
0
0
0
21
0
422
34
0
0
4
3
1
0
0
0
0
11
353
10
0
0
0
134
0
0
3
0
30
0
0
24
0
0
32
0
0
0
810
0
0
0
0
90
0
354
0
4
0
83
0
0
0
94
0
0
0
0
155
0
23
0
0
2
315
0
0
0
0
0
0
0
449
39
1
633
4
1
278
0
0
1486
0
0
32
2
0
0
0
0
0
0
0
0
0
0
5
0
0
1
0
0
0
9
0
0
2
0
242
0
0
0
157
1
0
0
0
0
9
0
1
0
0
0
4
0
2
0
2
0
0
4
371
0
4
0
0
1091
0
2
0
0
207
0
0
0
0
0
4
469
0
1
0
0
0
9
1153
4
42
0
538
0
1
14
0
2
0
14
2
85
0
22
0
0
0
0
0
16
0
298
0
0
22
0
0
0
0
0
862
54
1583
0
1
2
0
94
74
0
0
51
906
1
0
0
9
0
0
0
0
0
0
14
0
1092
2
6
0
6250
0
20
11
0
0
2
0
0
0
0
0
52
0
76
0
208
0
89
142
0
0
0
42
0
0
0
119
3
0
83
32
0
216
0
0
0
24
0
0
0
2
133
340
0
0
0
0
10
0
0
0
0
0
4
0
22
0
27
0
0
0
0
0
1
16
0
0
0
0
0
24
472
0
0
0
4
0
0
0
0
0
0
28
0
0
0
0
56
0
0
0
0
0
21
10
0
0
0
0
0
0
0
0
0
0
0
0
0
0
0
7
17
0
0
0
0
2
0
0
0
0
0
0
0
1
0
7
0
0
0
0
117
1045
0
1
0
3
0
0
0
0
0
0
0
0
0
0
0
0
0
8
0
82
0
606
0
307
0
0
101
2
0
90
0
0
0
0
0
5
1039
0
48
0
0
0
0
0
6
0
0
441
0
71
0
0
0
0
0
0
0
559
0
0
0
0
0
0
0
0
0
0
3
0
0
0
0
0
0
26
0
0
0
0
0
0
2
0
0
155
0
0
0
0
0
0
26
0
0
0
0
0
94
0
1688
0
0
0
0
0
0
0
0
0
0
0
67
0
0
0
0
256
0
513
0
0
0
0
0
0
612
1
0
134
0
0
0
6035
0
0
0
0
11
0
146
40
15
92
0
0
14
0
11
185
179
0
0
0
113
0
0
2
0
0
524
0
0
0
0
8
0
395
0
19
0
0
0
621
0
0
30
0
276
0
1826
0
32
0
189
23
0
0
0
2
0
0
0
0
0
0
0
0
0
0
0
0
0
0
0
0
2
0
0
0
656
0
175
0
0
4
12
0
0
0
0
0
99
1
0
0
0
0
0
0
0
0
0
19
0
0
0
0
0
0
0
0
0
0
0
85
0
0
0
0
0
0
481
0
0
2
0
0
0
0
0
0
0
0
0
0
0
0
0
6
3
0
0
3
0
0
0
0
0
0
0
0
0
0
0
0
0
0
0
0
0
1
0
3
0
0
2
0
0
0
0
1
0
0
0
0
0
0
0
0
0
1
0
0
39
0
0
29
0
0
0
10
0
0
3
0
228
583
0
12
0
0
0
74
0
0
271
0
3
0
0
0
0
0
0
0
0
0
0
0
0
376
0
0
0
0
0
0
0
0
200
0
0
24
118
28
0
0
0
0
0
12
0
0
1
0
0
42
0
0
0
0
3
0
778
0
0
0
0
0
0
19
0
3
0
0
0
2
0
0
0
0
0
0
0
401
16
24
0
2
0
0
0
213
0
0
1
0
0
0
0
555
0
0
0
0
0
787
1
1
403
148
0
0
0
0
0
0
8
0
0
0
0
0
0
0
0
0
555
0
0
0
0
0
0
293
0
0
0
0
0
0
1
0
0
21
0
275
0
0
0
297
2
0
0
0
0
0
69
316
0
0
7
0
0
0
0
0
26
0
0
0
0
0
44
0
0
0
2
0
0
0
0
0
0
0
0
0
3612
104
84
0
27
0
0
60
1
0
5
0
8
693
7
0
0
3
2
5
1
0
0
0
0
0
0
9
337
35
5
206
0
756
105
188
0
0
0
0
0
11
0
2
272
18
0
153
3
64
0
0
260
79
83
711
0
0
0
214
19
0
12
16
0
0
47
0
34
127
0
245
0
2
0
49
0
4
0
0
142
0
0
0
877
0
45
0
0
9
1
0
98
0
140
78
384
0
47
0
2
0
0
0
297
42
154
16
64
0
18
0
34
0
0
280
10
0
0
71
0
150
6
1544
157
0
0
0
89
2
1
5
0
2
0
0
0
296
0
382
3
684
0
0
0
0
0
17
36
0
0
0
0
0
0
0
0
93
58
17
0
0
501
0
4
6
0
0
36
0
0
441
0
21
0
0
0
6
14
116
0
0
243
0
29
0
60
1
13
0
114
0
0
40
0
0
385
122
6
4
0
14
0
0
39
0
0
9
0
1
715
0
0
0
2
0
8
0
0
6
0
0
370
826
0
0
203
0
447
0
94
7
72
0
56
4
0
5
408
0
202
0
4
8
201
0
0
0
36
1
55
0
3
0
0
0
1
0
0
384
0
0
0
0
0
0
0
0
0
166
0
0
0
0
1
0
3
0
2214
20
297
0
4
0
0
30
78
0
331
13
0
0
14
0
0
91
0
3494
36
778
0
0
131
88
62
7
16
0
1933
0
253
270
253
0
266
0
23
806
443
1
0
0
1
1007
0
1921
0
0
0
0
3
96
9
7
0
0
0
173
12
30
27
9
131
300
3
642
0
10
0
178
77
13
0
130
85
2
454
0
46
41
0
11
3
87
0
0
0
0
0
404
5
0
8
971
0
0
3
85
0
102
153
37
19
0
58
105
0
0
11
0
1
0
0
9
0
1
6
0
64
0
0
0
636
44
39
0
78
0
0
0
958
1
2
165
0
18
0
0
290
86
8
53
0
0
1
0
293
4
45
1
0
0
0
0
0
0
37
0
196
123
17
0
12
346
240
0
0
106
19
101
0
13
0
252
10
0
46
0
0
3
43
481
0
88
0
27
1101
52
24
20
24
0
3402
29
0
9
4
14
533
0
0
112
85
349
0
59
631
0
0
19
55
85
3
284
0
1
0
0
2
0
7
95
0
0
202
0
83
14
0
36
0
0
0
0
0
100
0
81
154
0
0
0
0
0
0
2
560
8
546
987
461
25
0
34
19
0
25
0
0
0
1129
920
0
337
0
7
1
1202
0
0
149
1
0
0
27
0
4
0
4
0
287
0
47
0
14
0
0
140
0
0
84
2
135
390
20
0
0
36
370
363
0
0
0
0
0
0
646
39
0
953
0
0
0
41
8
364
0
0
13
0
78
20
149
581
3
0
0
0
0
111
0
0
0
0
0
0
10
0
1206
0
22
193
0
0
0
0
75
288
0
1
0
0
35
0
8
589
0
0
3
0
17
1
30
0
52
0
0
0
79
40
4
0
0
0
739
0
0
158
0
0
0
0
21
0
103
84
0
0
0
0
5
167
0
0
0
0
305
16
1
53
0
27
2
28
53
0
77
0
0
0
0
49
0
8
388
0
2
5
0
0
0
73
0
79
36
6
0
0
179
16
3
4
0
444
204
7
0
0
0
0
0
249
14
0
4
29
4
0
0
0
0
0
177
0
8
0
0
0
0
0
1674
0
49
0
0
0
14
0
0
0
0
1333
0
0
0
80
0
115
0
2
0
0
224
0
0
6
0
0
0
2
0
123
0
0
1
569
0
6
16
0
115
0
742
0
0
1
0
1445
130
0
110
55
0
0
0
2
202
0
61
41
6
1
0
0
0
5
4
13
1039
121
59
0
4
15
0
3
0
0
234
1075
0
94
0
0
3
18
0
27
247
0
0
57
0
297
56
61
0
0
177
385
10
31
0
863
3
21
0
0
1
1
1
9
255
693
108
43
2
0
0
0
0
217
72
0
0
2
425
0
0
36
0
0
157
37
0
225
10
0
624
3
0
59
0
0
0
0
2
1290
0
1
0
5
1
0
0
63
0
0
461
0
0
0
0
0
0
59
0
134
76
13
3
0
0
0
0
0
1013
223
3
11
31
249
0
35
13
0
0
0
2
0
0
0
3
0
1
0
1
29
0
0
196
9
15
0
0
22
0
10
0
0
0
3
0
1
0
20
0
11
29
7
0
0
0
0
0
4
0
106
0
0
1
20
0
0
0
0
0
4
144
0
0
8
0
756
0
0
72
94
6
71
0
0
0
0
0
0
0
0
3
19
0
14
19
0
0
0
40
0
193
2
0
7
351
66
8
0
9
49
40
0
0
47
685
0
45
0
122
27
1201
225
527
0
12
477
20
0
658
0
0
19
36
1
7
62
0
0
178
0
17
0
15
3
0
31
0
0
0
0
30
0
0
0
0
0
54
158
63
2
0
0
3
215
0
142
213
0
0
0
0
12
0
0
94
1
79
0
0
39
53
438
2
0
1
0
2
0
36
46
1840
0
30
16
8
2
0
0
0
0
38
752
0
0
0
0
0
0
75
142
10
49
1
572
152
0
1
0
442
2920
0
286
0
0
35
282
29
0
14
29
0
2
16
42
1
0
25
0
0
0
0
14
329
131
407
3
0
251
4
2
0
32
0
0
87
0
0
1
0
79
54
0
10
0
0
12
437
0
9
0
3
4
2
235
0
0
175
406
1072
825
3
0
110
7
64
0
15
0
186
3
0
0
0
0
12
0
11
0
0
0
53
6
267
1
18
0
53
9
4
927
0
1736
0
0
0
189
86
51
0
606
0
0
30
102
387
59
2
748
36
30
0
42
10
627
14
0
0
0
0
2
723
0
91
0
22
30
1
1
41
202
0
164
13
495
309
9
3
0
36
0
2
10
1
329
382
258
12
70
0
241
0
59
0
0
188
96
0
0
0
201
0
0
0
40
33
77
0
947
0
0
9
2
15
97
0
250
44
23
22
411
134
87
23
17
4
287
0
0
0
355
0
1
26
1
0
0
138
0
0
3
0
0
0
70
882
28
3
496
178
0
739
0
0
0
2
0
332
76
0
128
24
0
0
0
0
0
46
14
8
0
76
0
0
0
0
6
0
403
0
0
617
0
0
0
24
0
0
0
25
50
3
0
0
0
160
0
0
411
0
1
0
15
2
0
64
0
116
0
13
155
0
2
0
11
0
444
57
254
0
0
523
150
0
56
39
0
0
0
0
72
18
5
0
0
0
0
46
7
61
0
130
0
36
41
27
0
43
0
0
2
0
23
80
49
73
794
678
38
93
0
2
0
61
0
161
0
0
6
0
987
16
4
350
95
558
243
0
0
5
1
162
0
30
0
0
428
55
4
0
96
16
0
1
0
73
69
132
2
0
0
0
77
0
0
0
472
48
3
9
71
0
158
5
26
44
1
0
23
0
0
220
319
0
39
0
38
0
0
0
0
0
283
0
0
0
2
5
0
0
0
0
4
0
0
0
16
655
357
284
0
0
0
0
85
78
0
0
2
0
0
185
113
1
0
0
44
0
0
0
0
11
2
0
0
0
0
9
0
0
24
0
3
22
26
13
2
0
5
24
50
6
0
39
1
203
1
0
0
0
0
139
0
143
0
196
2
153
23
0
746
359
203
0
0
23
0
0
0
82
0
12
15
0
2
28
55
9
0
16
277
0
59
0
27
1041
2
0
0
40
9
17
54
56
98
12
20
19
0
4
23
0
432
0
0
0
33
0
0
8
0
0
99
28
120
2
5
0
0
0
37
108
14
219
0
0
306
0
551
0
1
6
568
0
0
32
0
0
0
74
0
0
275
2
0
0
0
0
36
0
0
0
0
0
1883
2
51
0
0
0
9
179
26
111
132
181
860
130
0
55
0
248
63
0
434
0
303
0
56
2
157
0
103
0
0
0
0
0
7
0
1
3
60
0
0
2
0
283
48
27
452
0
0
0
131
0
0
0
0
26
0
294
1384
0
245
0
0
29
108
7
0
0
13
5
0
0
0
189
0
0
0
85
0
6
0
1
2
0
8
138
68
85
0
11
407
0
0
0
3
0
1008
0
1
1
151
0
309
99
19
0
0
0
0
0
2
3
0
268
37
386
0
137
0
0
28
1040
3
42
0
0
12
0
12
0
0
0
1
299
4
4
51
0
0
0
0
0
8
6
3
92
0
0
52
0
675
0
0
0
0
293
0
152
98
0
0
0
0
0
0
680
0
1
0
0
0
0
0
0
0
78
6
2
0
7
0
159
21
0
62
0
24
37
0
83
0
0
0
0
0
65
0
0
0
0
0
5
0
2
13
3
343
0
0
633
0
0
0
39
0
0
1
326
13
211
0
8
59
3
0
0
0
6
2
11
50
8
7
0
0
0
0
0
0
0
9
0
512
0
32
298
3
0
0
0
9
0
0
342
0
0
811
0
0
3
0
257
5
0
0
0
0
0
44
10
1
1
2
0
0
0
500
0
48
0
0
64
0
0
0
73
9
11
26
106
213
0
17
1
137
39
0
19
0
0
0
0
0
0
0
0
557
2
0
0
0
1
96
0
4
0
274
0
0
0
0
290
11
0
0
0
322
485
0
8
0
0
39
165
78
269
0
0
0
0
22
0
0
590
1
94
26
6
389
314
5
0
0
15
2
0
0
59
243
0
0
0
0
0
0
125
1
0
0
0
0
436
29
0
270
368
101
177
1
33
9
4
15
32
0
116
170
3
78
87
149
478
0
0
314
0
5
0
0
0
2
671
0
802
0
116
597
4
91
0
0
0
4
25
0
46
0
0
4
57
2622
0
456
243
6
0
23
0
72
0
0
0
0
2
0
395
8
0
0
0
0
0
70
0
32
57
0
992
0
0
0
0
129
53
0
72
0
0
0
0
0
0
0
0
3
0
215
0
142
0
39
11
225
103
0
126
0
0
0
0
1
0
78
2
0
42
45
0
0
133
0
0
0
1
12
6
0
173
129
0
28
189
0
0
109
775
0
0
0
8
0
0
18
468
156
5
0
0
0
7
0
24
112
730
0
342
20
573
8
0
0
0
12
0
0
309
1139
0
0
0
0
0
253
488
70
7
3
0
0
30
289
0
7401
0
6
651
425
0
0
0
0
1
0
16
42
3
0
17
1
0
252
0
0
93
64
0
458
0
161
2
112
0
0
0
0
2
0
295
1718
0
343
0
245
38
127
670
0
0
0
0
66
207
0
72
231
5
0
3
15
415
298
0
0
0
52
0
0
0
6
0
0
0
52
0
0
22
0
6
0
0
0
712
1
0
0
317
1
32
0
142
0
0
30
1426
0
0
1
306
120
0
0
1
6
0
21
304
1182
0
0
69
0
486
0
5890
2
0
398
0
0
0
1
0
0
0
23
0
43
0
432
285
0
27
11
50
0
107
0
105
694
2762
2
188
336
0
0
0
41
1
100
0
0
1
0
0
0
258
0
14
0
0
0
68
1
0
81
20
26
14
8
79
109
6
5
2
0
0
413
1
361
46
14
0
0
0
511
0
0
127
0
0
0
0
1333
0
52
0
0
89
0
0
2
0
97
0
13
2
280
0
0
26
0
32
1
0
13
57
1
0
227
212
0
0
11
22
110
1
0
3
0
76
0
56
0
0
3
23
0
0
492
59
0
28
665
20
74
489
192
0
0
0
0
0
3
0
335
202
0
3
0
0
21
263
22
0
12
2
1480
8
2
0
0
224
78
92
0
562
15
0
0
156
5
0
0
0
0
5
267
88
59
3
355
0
0
0
0
0
0
544
0
2
237
349
6
0
97
0
0
5
321
148
168
0
0
0
11
130
1
0
464
0
0
3
194
0
0
0
2
0
881
937
0
4
7
195
0
0
0
0
0
17
728
586
2
303
0
36
0
0
82
0
9
0
0
0
36
7
0
0
0
0
4
139
7
0
0
0
91
0
0
0
2
0
6
1510
114
0
0
171
0
295
159
19
3
76
33
0
0
0
0
194
12
0
11
286
751
1
0
0
0
0
0
0
0
0
0
8
0
85
0
1506
0
0
0
480
0
0
71
0
14
0
0
0
0
0
217
165
3
458
0
3
46
0
17
0
0
0
0
16
0
0
0
2
0
0
842
32
2
87
0
2
0
39
0
145
60
0
13
517
0
0
0
140
0
0
3
0
2
990
10
0
429
4
0
0
5
0
8
0
0
4
39
1
0
0
0
0
0
0
0
0
0
0
2
274
0
0
16
1
0
22
0
0
0
69
10
15
0
512
0
10
735
0
76
0
3
49
0
0
0
47
23
0
9
762
0
89
0
0
80
1
0
188
0
387
0
0
2
22
724
0
0
0
0
0
43
123
14
5
0
0
57
172
362
0
27
1
0
20
9
10
0
35
66
0
0
38
6
0
0
0
108
0
0
0
3
26
0
203
0
0
37
42
1294
69
11
74
0
0
97
894
0
2
897
0
0
3
42
79
0
0
38
0
0
1
14
0
26
0
8
0
0
0
31
3
0
0
0
482
0
9
0
8
0
0
43
11
0
0
1
0
45
0
9
0
1
71
24
6
0
0
392
0
111
40
1
0
54
0
0
0
40
114
1
2
0
30
0
219
0
0
4
198
940
0
0
101
0
85
0
0
0
0
692
0
0
0
1
33
27
4
66
38
0
588
0
0
0
252
105
62
0
13
27
1
17
0
0
91
0
4
0
68
359
0
0
0
170
0
860
0
2
200
0
0
0
0
7
0
0
9
19
6
689
0
33
6
0
611
4
0
0
80
0
0
0
0
618
0
717
867
170
140
0
0
82
1720
1
0
2
26
0
0
3
0
92
0
253
24
0
157
479
0
2
0
0
4
0
248
3
0
111
0
0
702
0
9
0
20
426
0
0
0
91
0
0
25
366
0
0
0
0
271
351
38
9
0
0
0
4
0
2
0
0
75
0
0
7
13
20
591
159
0
2
96
0
0
0
0
0
0
0
0
0
983
6
164
0
3489
0
798
0
0
0
243
0
3
0
7
18
44
21
141
30
34
72
0
57
0
101
0
14
0
1
0
64
11
0
309
12
148
0
0
0
0
30
42
259
0
3
1
0
0
1704
0
100
94
92
177
112
8
10
0
129
35
0
194
0
0
0
0
70
0
0
2
1
51
0
0
0
33
2
0
1
0
401
0
0
0
14
0
0
5
0
564
0
0
0
48
0
7
71
0
3
0
138
0
0
0
291
0
0
5
340
39
44
64
0
0
417
0
0
573
0
0
0
206
0
3
2
63
0
0
0
0
0
151
37
700
77
0
0
0
0
258
0
52
0
387
93
0
447
0
264
86
37
35
141
0
0
52
358
0
502
0
15
0
86
0
1
0
0
681
0
0
0
31
0
1033
0
14
0
7
0
50
0
6
1
70
0
8
108
0
0
1
0
217
0
15
327
3
0
0
228
80
155
26
0
0
0
33
85
80
0
0
51
0
0
0
3
0
4
276
0
5
31
18
25
0
0
0
0
165
0
71
0
17
98
21
0
0
0
7
0
88
0
62
0
8
0
0
77
0
42
196
0
248
146
0
25
0
62
82
1
21
0
32
3
85
37
43
0
3
213
15
28
0
3
0
86
442
844
88
0
0
0
0
0
217
316
1
18
1
131
0
41
0
0
0
0
51
0
57
0
20
43
42
9
0
16
51
117
0
176
0
0
0
28
21
0
0
0
2
0
121
110
0
100
44
1369
15
349
0
23
19
0
4
0
1
23
0
0
6
3
0
4
48
4
0
0
26
10
107
0
183
3
450
19
0
874
54
158
0
0
0
0
11
1
351
0
56
20
17
0
17
3
0
0
17
0
10
0
0
0
86
84
845
26
9
23
0
9
36
6
0
0
182
0
0
54
333
0
0
0
637
3
482
8
0
0
25
125
7
0
78
60
0
4
0
0
0
536
4
58
599
501
2
56
2
0
82
70
617
198
0
0
0
14
0
146
120
153
14
0
0
12
0
138
1057
0
0
15
49
0
0
0
0
189
0
607
538
298
1
0
433
0
543
0
0
6196
0
0
0
0
22
18
22
0
4
41
0
151
97
0
351
30
112
7
0
303
0
9
242
474
2
0
0
150
4
159
0
0
0
5
18
0
0
0
0
0
38
0
0
0
54
0
175
0
0
200
0
392
86
0
64
0
7
154
0
0
97
18
1459
0
0
0
398
281
2
0
61
11
0
1394
29
195
0
0
0
0
3
187
14
1
19
0
0
0
11
0
2682
36
0
0
0
75
14
0
0
0
0
0
18
0
7
234
0
1
29
0
3
0
774
0
101
91
0
2
2
0
3
247
0
3
21
0
77
0
500
0
0
0
1989
42
115
0
0
0
63
54
43
0
10
0
11
0
6
514
37
806
2
0
0
263
23
0
156
130
0
197
0
1
0
0
0
34
113
26
3672
281
0
0
0
0
244
0
6
0
304
2
0
841
36
0
5778
80
269
143
7
2
0
0
0
120
53
22
0
0
74
146
20
11
0
239
0
5
63
13
0
0
1
0
0
31
2
6
0
0
0
435
0
11
0
0
0
0
20
1
0
0
72
0
835
0
1
0
0
805
3
3
0
18
0
76
0
135
235
0
0
0
0
0
0
0
0
0
0
0
0
0
0
0
0
0
0
13
0
0
0
0
274
0
7
0
0
0
24
3
0
9
0
110
14
4
632
0
0
0
0
0
0
2
0
0
0
125
0
2
0
0
5
0
133
146
0
0
0
0
0
20
2
8
0
28
222
61
0
0
3
379
0
0
18
72
0
0
74
28
0
0
101
42
0
5
1
0
714
143
0
4
154
0
36
0
141
50
0
0
131
27
831
79
0
55
0
0
0
14
0
445
0
0
0
0
0
0
0
0
0
219
15
96
0
3
0
0
0
0
17
315
0
9
72
426
1
0
202
0
0
0
293
0
0
1
109
3
0
0
0
0
366
0
0
14
0
489
0
0
0
5
0
4
4
0
0
0
0
8
0
0
0
70
0
827
0
5
496
7
0
145
0
115
280
9
53
0
0
13
0
1136
0
0
0
0
58
15
1
24
0
3
0
10
3
0
0
0
267
288
157
0
42
0
87
0
0
1
0
0
0
2
1336
0
9
8
0
0
0
0
0
0
93
0
0
209
77
271
156
3
16
0
0
0
40
0
475
0
4
180
0
0
0
3
0
0
0
2
243
0
0
0
0
0
855
0
16
1
2
470
0
0
0
18
0
0
30
0
0
0
121
61
0
0
4
384
0
0
3
0
227
44
240
0
22
4
4864
0
0
181
0
0
0
0
0
3
0
0
88
14
0
2
0
0
365
0
0
44
952
0
174
58
84
0
0
276
15
0
14
3
6
439
0
66
0
0
1
0
0
0
1
2
190
0
0
0
8
0
0
0
99
15
306
0
0
0
22
31
1020
0
29
0
0
0
4
10
0
0
0
0
831
187
0
0
0
0
4
0
53
155
0
376
0
0
0
18
0
9
22
0
0
0
0
172
0
71
56
1
104
55
0
786
0
1
20
0
183
0
220
0
70
17
0
0
0
18
0
0
6
0
5
0
0
0
0
51
2
79
618
2
371
0
566
0
376
0
0
4
11
19
358
4
170
63
24
0
9
72
0
4
0
0
45
37
87
22
3
0
3
0
3
0
4
0
0
77
0
0
532
0
0
4
0
0
0
0
0
0
35
2
41
3617
137
0
36
0
2
2
84
2
1
0
1
3
0
21
0
0
0
0
10
45
265
16
5
0
13
0
203
0
1
0
3
0
0
0
4
0
0
2
96
401
0
870
0
12
162
752
256
1
0
0
0
6
197
227
0
1
0
0
0
108
0
0
0
2
3
68
80
59
2846
0
0
24
116
472
0
0
2
0
136
0
113
0
730
0
0
32
0
0
0
2
0
257
0
286
71
170
0
322
2288
308
0
12
3
7
0
0
1
0
51
0
0
0
127
0
130
0
1
0
551
288
63
0
0
1
0
0
6
74
0
26
71
0
0
0
676
24
43
1
9
0
0
0
916
0
45
0
12
702
0
0
2766
0
236
2
275
0
2
9
0
0
2371
0
1229
0
0
0
685
0
2
0
168
0
61
1040
0
4
8
19
1261
0
0
0
69
0
0
10
0
0
0
68
0
0
18
25
33
10
7
0
111
320
1
0
0
0
3
0
0
174
1
2322
0
0
8
8
0
0
0
15
0
0
1
1307
0
921
0
0
371
0
0
0
2
17
100
0
0
14
0
269
0
3
0
77
7
125
0
240
0
0
0
0
0
0
0
47
0
0
196
0
5
1
1059
0
0
0
77
12
0
165
1
0
18
0
61
13
0
4
0
0
0
309
19
8
0
0
0
0
0
0
0
0
147
173
0
129
218
21
0
111
0
153
0
27
0
34
0
0
0
0
21
0
1
8
40
3
23
406
0
0
1
37
102
12
12
0
681
4
14
0
0
0
0
0
2
15
564
5
0
0
0
82
0
0
15
0
18
39
0
0
0
31
6
0
1230
19
0
117
117
0
0
44
55
0
1758
931
70
120
43
513
87
0
0
35
0
33
293
0
78
0
0
7
8
0
0
0
0
0
0
69
0
2
0
0
0
0
0
0
0
0
0
191
0
23
3
45
0
0
0
0
0
0
0
2
0
201
0
773
19
2
22
0
274
0
0
0
0
0
0
0
40
0
0
326
0
5
1
0
3
121
0
497
57
0
0
52
0
0
2
14
0
0
0
0
0
0
84
2
0
0
0
4
18
15
0
0
0
36
9
2
106
14
0
0
49
23
0
0
0
0
36
229
0
38
0
0
0
72
18
0
16
0
186
0
2
334
0
0
0
15
0
0
394
2
0
0
0
0
0
0
493
1026
0
17
0
1
49
294
0
0
0
0
52
280
0
219
545
0
0
2
0
0
101
0
0
0
15
2
0
53
2
19
1
285
0
1
0
0
298
0
0
0
0
0
0
0
314
31
0
0
30
0
128
0
0
475
0
0
84
3
256
141
9
0
117
0
0
5
100
45
3
11
1
33
27
91
0
0
0
0
0
0
0
0
0
187
0
0
19
90
0
0
17
0
158
82
42
0
0
0
1
3
0
464
0
123
0
35
0
0
221
0
0
0
2
557
0
24
9
169
2
1184
4
0
129
148
229
158
223
0
0
170
0
896
0
49
6
56
0
0
61
132
1
0
299
0
136
1
0
0
0
2
2
2
0
114
0
4
0
10
0
24
0
0
338
0
1
89
0
364
40
1
574
1095
2
0
0
0
1
743
167
0
0
0
0
0
0
0
0
483
40
0
0
5
0
532
0
105
5
0
14
21
0
0
0
210
0
60
82
9
0
3
227
0
415
0
70
2168
3294
16
80
0
0
7
118
19
0
415
42
46
0
0
42
121
25
0
306
0
0
94
0
0
0
0
3
0
11
0
0
0
0
32
0
1
1
14
0
14
0
63
0
135
1
10
268
0
5
191
7
0
1
23
97
3
3
0
0
0
98
0
0
11
1
0
0
0
0
39
58
168
22
0
0
0
0
0
0
0
1150
0
0
7
0
694
1
0
9
35
0
0
8
0
144
0
5
0
0
0
5
9
11
2
1
531
100
0
5
0
0
0
0
10
65
73
0
1133
0
72
199
0
0
68
0
26
50
0
0
0
0
0
6
0
29
2
30
54
0
0
29
63
0
5
3
0
0
1
116
0
0
0
0
54
1
0
59
151
0
154
0
8
33
2
542
0
0
3
390
45
30
0
0
1
0
38
0
218
0
660
111
0
47
70
9
424
0
26
132
14
0
0
347
34
0
232
8
0
214
0
13
0
2221
0
2
0
14
0
0
0
0
297
33
0
0
209
0
0
0
80
581
0
0
0
0
184
3
0
29
0
0
0
0
0
0
99
0
16
230
0
0
530
0
2
163
0
889
0
194
21
0
0
8
5
137
226
0
73
83
0
5
293
54
17
0
0
0
0
0
323
60
0
0
1
66
395
82
10
1211
5
0
0
6
1
1855
0
89
178
0
33
171
10
948
71
0
0
112
257
0
1
0
0
0
0
0
78
596
106
1086
16
1163
352
306
2
117
0
2
0
0
0
236
0
5
0
341
24
0
3
0
30
77
0
1
11
63
1378
228
54
0
0
0
102
2
0
3
0
0
0
22
0
273
153
0
0
0
57
18
1
3
0
0
6
0
1
208
0
8
54
40
0
53
0
2
379
0
1135
1
1
97
8
1059
2
0
18
0
12
0
0
0
0
0
0
1
51
544
0
52
2
0
0
6
0
0
40
111
20
0
0
4
0
5
0
124
53
16
62
67
203
5
0
0
0
0
0
216
67
221
0
0
89
0
126
0
199
0
562
33
0
0
0
8
47
30
52
0
3011
19
1
0
2
1
0
18
514
0
0
0
0
29
321
0
0
40
0
731
0
682
550
14
68
327
51
3
97
24
72
0
364
707
145
21
561
0
0
0
131
12
0
2
1
253
202
851
2549
0
118
1
535
0
0
0
0
0
0
0
31
0
0
2
2664
360
86
0
393
204
4
4
31
1
1029
0
0
4
0
0
25
52
23
0
0
472
0
46
0
30
0
0
312
880
0
9
2
0
681
0
457
0
7
181
61
17
55
0
0
0
0
0
0
0
19
187
47
0
0
4
488
1300
0
5
4
23
5
44
1
859
0
0
136
3
0
0
0
0
0
313
0
0
0
1
86
1
0
0
901
0
123
125
144
58
0
0
161
0
0
0
73
0
54
0
11
0
868
2405
4
245
0
8
0
218
121
123
0
198
0
0
1
0
80
0
0
0
0
0
0
0
80
41
180
39
80
128
10
7488
448
57
0
58
0
0
0
2
1
0
42
1
0
0
0
68
170
27
2
7
4
25
0
121
72
456
0
19
10
22
0
23
0
5
3
0
5
191
0
14
0
10
507
0
0
0
22
0
345
752
0
0
0
327
1
86
336
48
383
276
0
126
0
123
5
0
0
0
55
0
83
0
0
433
0
0
0
1
0
0
0
2
533
29
50
323
0
4
25
0
380
1
0
0
0
24
0
0
48
0
0
0
122
72
197
0
0
626
3
0
274
0
0
0
0
0
0
0
0
57
0
0
0
7
4
83
0
0
0
0
0
0
0
4
3
112
2
0
1
0
13
0
48
0
0
0
0
0
7
0
559
6
0
183
0
0
25
0
0
10
256
0
0
225
0
0
0
0
0
4
405
6
52
0
240
77
2
0
20
0
0
0
0
0
0
24
0
0
0
44
4
0
85
94
29
0
5
367
654
0
0
11
0
400
0
0
0
35
131
1081
0
0
50
0
0
0
27
11
19
0
1
0
0
0
177
2
0
434
1
251
0
300
0
11
85
23
23
699
0
768
13
1
0
0
177
0
0
164
0
14
0
0
4
0
768
4
0
1
0
0
2
3
31
0
3
486
0
0
0
0
0
3
5
98
70
37
0
0
20
2194
474
0
20
0
0
0
14
0
0
0
7
44
13
37
73
1591
0
0
0
628
0
7
0
0
0
0
560
315
7
20
0
145
0
2
7
145
0
0
0
0
3
86
0
0
1
0
0
6
0
8
0
0
914
12
78
0
0
0
0
3
0
0
0
6
1
0
0
0
25
4
0
185
0
0
2
0
0
0
0
1
0
0
0
0
2645
0
0
0
87
0
66
96
62
0
3
10602
0
0
0
162
4
0
0
0
3
0
0
0
0
0
253
0
0
0
17
0
0
0
0
0
0
0
0
0
0
137
0
0
0
12
2
2067
8
16
0
0
0
0
0
0
0
2161
735
212
153
1
0
0
82
0
119
25
358
384
51
518
394
335
0
271
65
0
10
0
0
3
0
0
416
0
0
0
0
36
18
429
2
325
2
138
0
0
0
0
36
115
12
0
0
2
78
28
58
8
92
0
7
31
34
0
0
2
0
0
1
1
0
0
0
0
0
0
0
162
64
0
0
0
1226
0
0
3
2074
205
0
368
0
0
0
0
12
337
0
0
807
20
0
571
0
0
93
27
3
0
0
0
0
303
0
1
1
1
1
0
469
245
4
0
0
0
1
9
0
0
3
82
4
0
0
65
0
0
0
2
487
0
0
376
4
1
0
190
0
9
145
0
0
40
0
0
0
0
135
0
0
0
36
3
0
3
19
0
0
22
9
0
0
0
3
37
0
97
0
0
0
0
620
0
917
0
0
16
0
0
2
0
0
267
493
0
0
0
17
0
286
0
0
0
66
75
0
2
0
299
0
0
226
61
0
0
8
0
0
1313
0
0
0
835
0
0
2
50
0
67
1460
0
1
0
4
0
0
0
0
0
0
0
95
92
0
0
0
1
0
0
0
0
0
0
653
0
49
0
56
0
0
0
0
0
0
0
0
0
0
0
0
1
0
0
0
0
0
0
408
3
107
0
0
0
133
0
0
0
821
0
2025
0
733
0
0
0
0
0
23
0
8
0
0
0
0
0
0
22
0
0
0
0
817
11
1
0
270
0
0
0
0
0
0
0
3
0
0
60
0
296
29
0
0
0
13
0
32
0
3
5
78
0
0
0
1
0
0
0
0
0
0
0
0
0
0
0
2
0
36
245
23
0
0
0
0
3
0
0
0
682
0
0
0
5
28
0
4
0
2
0
0
0
80
0
0
0
0
0
914
132
0
317
0
0
0
0
0
0
1
0
61
494
6
105
0
0
0
463
702
0
16
190
0
0
0
0
0
0
1652
0
13
0
0
10
876
0
431
15
0
5
0
597
0
0
0
0
2
365
0
0
0
0
0
0
17
0
2
0
606
170
0
0
0
1168
0
10
177
0
1418
1
0
0
0
0
0
0
35
0
0
0
0
5
0
0
0
0
122
0
56
0
26
643
0
832
0
13
0
0
0
22
0
0
5997
0
0
0
0
0
0
0
0
0
44
0
0
0
0
0
432
0
305
0
0
20
0
370
139
1
506
0
1
470
0
9
1
0
0
0
2699
0
0
0
0
1
1
1631
29
0
47
0
0
3
0
0
0
103
2
112
0
1
9
0
235
1
0
158
0
0
0
0
0
0
0
0
28
437
3
0
0
0
0
0
0
0
0
0
130
1
0
0
0
272
0
0
0
3
0
222
0
0
0
0
0
0
3
1
1
0
0
3
0
17
653
3177
178
0
0
0
0
400
0
0
0
0
0
0
0
0
0
74
0
178
27
0
0
110
0
0
0
0
1190
0
0
238
0
0
10
87
0
0
87
3
9
0
3
631
286
37
2
0
43
0
57
0
47
1
11
0
214
0
696
0
0
324
5
335
286
70
0
0
0
207
6
0
223
68
0
244
2
0
0
23
0
565
0
0
0
0
5
1170
1471
606
9
0
0
0
0
1
606
184
179
0
362
9
0
2
9
66
0
0
53
0
18
55
48
0
3
77
14
0
0
0
100
13
83
532
49
111
108
0
0
18
66
0
115
0
0
41
3
28
0
0
144
0
3
3
5
2
29
0
32
1672
0
0
2031
9
0
98
2610
0
22
82
3
0
2
6
1
0
0
0
5
0
0
0
65
31
5731
287
0
621
0
111
966
26
0
76
0
0
0
4
0
100
17
87
7
0
0
20
239
388
4
0
546
3
36
0
57
0
48
130
117
10
0
71
0
229
0
0
0
0
100
0
35
32
269
81
0
12
270
25
163
318
92
0
0
123
1513
5177
0
0
13229
111
288
0
0
0
0
156
233
0
57
15
404
0
0
0
450
0
196
0
0
1847
12
120
1737
0
0
1
989
0
14
46
187
107
228
689
0
2
317
153
24
0
157
23
0
142
827
0
0
8
195
0
0
0
2
0
0
11
0
0
16
466
32
445
88
213
625
2
24
92
0
73
0
706
1
196
11
464
0
2
0
56
0
1410
601
3328
0
2
181
129
0
149
134
0
0
0
33
0
863
4
77
0
74
476
10
0
0
5
277
0
0
3
118
0
187
0
0
31
0
33
24
0
378
0
828
52
0
110
60
0
820
0
910
0
180
0
0
2
15
381
299
21
1
1
671
0
637
0
0
364
407
13
0
1
122
155
1
178
0
3
0
204
83
0
0
2349
0
0
445
10
130
80
234
0
10
34
10
8
179
0
91
110
3
149
846
193
77
12
742
131
1
579
9
0
104
1
4
19
27
1
0
128
55
759
18
3
0
0
0
889
194
358
242
763
0
23
0
0
0
82
468
67
0
0
54
30
0
8
39
230
799
0
3
202
0
248
24
84
30
0
2
17
16
289
0
0
108
1
13
214
34
0
33
0
144
42
14
0
0
35
47
448
0
0
0
0
4
15
29
325
19
0
0
26
6
0
0
155
2177
8
0
0
0
77
663
48
187
2477
297
40
11
0
50
30
0
278
6
174
112
42
28
20
0
2
426
56
0
36
4
0
257
0
5738
11
151
48
0
0
110
3
0
0
44
0
15
97
38
4
221
0
1
15
3
20
220
0
0
33
566
0
0
50
67
1
0
303
614
0
0
3
0
0
1
960
23
24
0
21
0
0
0
164
49
196
0
61
0
0
14
3044
0
0
4
17
452
18
0
0
0
11
178
0
110
150
0
0
697
973
0
0
17
6
0
2
36
0
1760
87
623
712
0
1
0
833
0
0
0
20
18
0
191
0
2
107
0
1
15
422
185
171
364
161
0
0
0
1
118
0
0
287
92
0
167
0
0
1
406
471
890
352
5
258
28
9
663
0
0
0
47
0
261
224
112
45
655
12
0
324
0
0
54
0
1004
0
33
102
244
74
285
23
0
3955
1
0
0
31
0
0
1462
0
237
354
497
0
93
0
146
7
3
112
14
112
4725
0
0
0
665
0
246
52
231
0
35
122
6
96
2
5
0
0
0
1092
0
118
2
0
0
0
53
225
767
0
8
0
0
0
0
0
0
0
761
579
5
0
28
0
0
126
0
0
3
0
0
0
92
23
618
223
0
21
0
12
140
191
43
11
0
69
0
0
4
11
2945
23
0
0
276
10
5
419
0
79
0
2176
420
0
24
0
0
375
0
0
0
26
61
76
0
0
191
157
41
0
221
209
0
0
0
3851
29
14
82
382
24
56
0
60
0
118
1
0
0
0
140
237
0
552
213
0
15
0
0
0
295
546
2
136
0
0
170
215
80
3
146
0
201
172
131
0
16
28
0
13
3
10
0
1
2745
50
1
0
0
0
0
931
167
226
100
0
3
37
38
17
143
15
1
0
0
0
0
0
951
0
0
20
21
82
130
787
0
0
307
0
1603
9
283
0
71
0
105
18
157
0
105
37
130
5
1
0
1516
228
40
0
758
511
0
329
0
14
0
0
0
0
461
66
0
463
0
0
69
1
0
0
647
50
0
5
0
87
517
138
0
0
0
56
0
2
9
183
13
0
0
15
1
90
0
1
0
379
1
5
0
1127
0
53
9
28
0
1
8
674
0
0
370
0
0
0
0
0
45
28
6
5
41
0
0
16
0
0
15
2
0
0
76
39
779
0
3
0
8
16
1
0
0
0
0
7
13
0
31
40
0
0
0
0
5
0
0
26
0
6
57
0
0
70
0
0
5
0
50
0
11
5
13
24
11
0
0
2
0
13
1201
0
0
0
0
33
33
51
19
0
0
130
163
0
668
187
6
165
9
88
1
163
4
18
154
2228
8
0
0
126
0
0
965
15
270
0
2
63
0
87
299
2
396
9
229
5
0
88
56
43
0
0
22
1610
17
14
82
22
0
1809
15
505
2432
0
0
187
70
0
7
28
323
17
8
74
845
54
108
67
1
135
312
424
7
0
0
521
0
0
2
0
0
0
0
0
5
0
43
104
14
313
28
85
0
2
121
31
37
2
0
14
618
4
119
0
34
13
0
8
417
0
77
4
2
0
8
1039
0
0
946
0
8
95
0
0
81
18
1412
0
631
3
102
437
32
0
0
0
2
0
1214
0
0
5
0
744
0
0
865
397
0
0
87
3
24
266
77
13
41
163
0
15
346
11
0
0
1
0
0
24
171
0
161
175
0
0
250
2082
35
1441
0
12
0
847
11
178
0
1
33
25
1
1
0
0
0
26
0
41
28
218
0
646
61
427
1027
261
611
0
0
1304
0
0
0
0
197
425
0
0
0
4
0
0
0
0
0
0
0
0
0
14
28
35
96
78
0
6
0
134
0
0
0
0
25
0
66
0
118
0
8
0
1
0
0
36
277
14
0
0
0
3
1197
189
0
0
0
0
112
0
4
0
484
0
7
69
611
0
1163
58
0
17
0
36
0
27
0
0
0
0
11
73
33
0
0
19
5
0
219
0
58
0
3
2
0
513
9
0
27
0
0
52
0
151
84
637
0
0
0
65
439
0
23
0
0
4
0
75
0
13
148
0
2
0
0
0
179
0
15
176
217
95
0
47
126
171
5
5
8
403
13
115
0
0
0
0
9
108
67
471
0
0
0
1
24
0
0
2
0
1
0
0
0
251
65
0
1
46
229
0
33
21
1
5
6
133
0
264
0
196
99
0
1
5
0
7
0
4
33
0
0
11
222
71
0
3
38
237
4
38
0
73
2
0
0
0
0
0
0
55
0
5
4
0
4
0
64
0
9
9
0
0
47
0
19
0
12
3
210
19
0
468
5
5
41
5
12
0
6
0
1
0
5
6
6
0
23
83
0
0
0
47
143
105
311
0
0
53
0
36
0
2176
0
143
133
844
5
0
1586
337
0
0
0
724
0
0
4
34
4
0
10
19
0
162
0
11
622
124
643
0
11
4673
110
0
8
0
55
38
0
6
618
0
1108
0
0
513
0
41
0
1
379
0
0
108
0
276
2
4
23
71
2
13
0
0
387
128
5
0
200
1
189
5
138
22
239
10
1
0
0
0
3
0
309
0
0
435
521
2
3
587
0
5
0
10
0
0
0
405
3
332
23
257
905
12
179
0
184
1
42
733
1
0
14
53
11
0
227
0
74
0
0
7
764
0
4918
0
614
65
0
588
0
0
299
0
245
1026
0
12
252
445
96
62
0
0
0
73
229
0
8
0
19
337
8
0
0
0
25
395
0
76
934
102
431
34
42
1092
57
20
6
211
1149
0
0
540
481
138
0
431
280
112
0
0
7
0
1229
1392
487
11
275
0
110
28
0
0
574
3
44
0
244
111
0
24
8
21
515
167
69
129
0
4
182
1
3
0
0
223
0
97
382
33
1
1
0
46
338
0
28
0
0
615
0
758
39
2
0
0
803
0
212
455
15
0
83
523
165
317
109
7
9
0
709
3
1424
55
0
0
0
5
1155
0
960
112
2337
77
318
333
234
0
247
0
0
10
0
6
157
187
131
0
29
22
7
497
0
0
472
29
0
0
107
156
109
197
0
0
20
2226
0
3
17
9
42
0
342
337
8
34
161
0
130
25
0
0
6
109
329
0
0
0
0
154
0
15
2
56
0
415
0
13
0
0
0
0
12
0
97
2
8
0
83
0
80
0
0
96
15
17
74
36
106
0
2
0
0
138
176
63
621
6
0
0
122
4
26
0
316
237
11
0
214
106
0
103
127
325
11
151
2
0
0
0
5
5
263
767
24
5
1
191
307
0
89
0
32
14
288
283
407
611
2116
0
192
220
0
0
0
63
48
0
293
0
81
176
109
0
99
0
88
666
1035
531
0
1325
1232
0
0
0
0
255
0
0
0
166
4
0
0
0
0
0
9
4
2
115
2859
99
120
12
9
1648
3
1604
0
0
184
0
9
0
0
0
417
31
2
387
2222
0
75
5
0
231
218
0
1
11
0
0
36
0
68
0
188
14
307
9
0
11
468
157
0
0
173
8
0
0
0
0
137
2
2
0
0
0
1570
1047
57
323
47
0
15
0
0
43
31
595
16
253
314
0
123
54
44
66
0
83
0
0
0
32
0
319
59
20
38
28
44
66
0
0
0
0
0
0
49
108
755
0
0
0
0
6
0
0
0
47
8
70
0
618
4
197
109
0
7
167
1829
20
81
31
0
0
4
0
47
34
15
0
1132
0
1151
171
5
1
203
56
91
24
8
3
182
38
162
532
0
0
0
793
0
0
0
0
159
4
37
140
0
0
16
0
247
25
0
811
0
2095
3
176
572
21
0
900
1
0
0
166
0
0
0
0
104
0
459
129
0
202
28
1
58
873
245
28
0
0
2
48
0
0
0
41
228
5
13
0
6
64
0
0
199
215
6
0
51
0
60
0
3
5
2
1131
9
29
0
0
0
29
0
34
0
602
0
0
206
18
261
0
5
0
222
0
56
0
21
131
5
1548
107
5
14
0
0
0
0
1
107
344
39
0
23
0
0
9
174
0
16
24
0
1
32
1
171
600
2049
47
317
0
5
40
0
111
0
21
17
2057
0
80
173
0
3573
0
1
5
111
0
228
56
0
21
0
0
108
13
2
6
3
25
0
3
3
29
0
0
0
1
429
318
9
882
266
3
747
1
0
0
40
310
8
23
106
0
34
7
30
175
253
1068
2
0
13
0
23
1256
212
12
200
1489
53
110
0
1978
254
12
0
0
677
105
1476
0
0
5
1
106
0
1325
22
156
230
0
9
263
105
0
18
186
1466
0
1
49
16
0
15
433
8
21
3
2
0
637
118
0
0
122
7
0
0
0
0
64
0
5
193
150
58
0
737
1
0
182
56
0
12
0
12
0
976
0
906
0
65
0
426
36
276
4
39
0
0
0
17
0
0
0
1
3
58
0
1593
0
84
0
9
114
48
0
15
2
239
23
26
88
0
4
0
231
542
0
0
55
0
3
0
4
0
1184
0
103
756
2
26
124
567
0
0
0
0
261
9
16
0
21
0
0
0
0
0
4
130
126
48
1
23
29
0
0
0
15
58
2
0
5
94
133
105
0
0
112
0
0
0
84
0
0
71
19
19
215
0
11
0
433
0
0
2
0
6
114
17
0
0
293
46
243
14
386
32
27
32
6
40
437
0
0
6
0
386
65
27
117
399
3
48
267
0
0
0
0
179
0
27
83
0
0
411
0
119
3
22
15
91
171
0
783
0
429
17
0
2858
31
284
1
644
0
0
1008
194
23
0
27
314
5
49
1
0
186
205
2678
64
0
0
0
0
0
954
2508
69
71
0
689
0
465
167
0
0
961
0
57
11
12
652
132
334
76
254
6
11
76
929
63
0
0
0
0
3
296
0
50
52
0
25
3
263
47
333
394
15
63
0
192
0
298
3558
158
6
423
148
63
19
1
84
4
541
11
0
5
0
0
0
0
232
0
19
0
12
132
4
0
0
14
0
320
0
15
0
523
0
374
0
527
0
0
14
36
4
1
0
560
4320
43
113
37
716
5
507
27
280
1754
5
142
0
29
92
95
0
70
0
30
0
4
14
56
702
13
0
0
0
0
291
84
140
0
67
1083
1293
18
0
0
0
32
381
0
144
0
472
368
143
32
556
24
44
0
0
619
0
0
0
0
72
0
0
0
116
0
0
9
1018
0
0
7
383
541
192
34
216
50
914
0
106
8
0
15
92
6
6
0
22
248
14
0
0
360
0
1108
0
55
0
0
3148
0
0
40
14
0
3
0
128
277
94
0
40
0
1
74
106
5
2848
2757
3
570
150
0
0
0
191
488
50
0
0
0
110
7
1587
28
146
89
1
194
0
513
29
34
210
0
16
0
14
1516
0
39
0
0
20
2211
103
44
299
0
0
3
0
3
0
112
246
0
22
169
0
5
0
3
423
0
11
121
121
475
0
0
4
11
21
1139
140
0
138
25
9
24
0
0
0
512
159
11
423
2
738
44
7
444
266
0
0
5
372
0
87
0
4
0
0
453
1
1
59
0
0
0
0
12
26
110
32
708
0
0
2
75
0
0
0
296
0
0
0
0
0
0
244
0
0
0
0
28
0
0
0
0
1098
7
45
1
65
0
2
1
881
0
1
732
0
0
0
477
52
788
29
0
0
69
134
44
0
103
740
1
0
0
119
1
0
9
2
2839
0
15
199
44
0
0
0
14
8
172
30
78
307
888
0
0
445
459
0
1
0
37
320
1
182
2
95
221
13
84
22
0
28
9
13
0
224
0
2
0
1
122
118
50
161
0
177
935
45
0
169
0
99
0
363
83
282
0
0
86
704
0
63
13
5
0
425
0
0
0
42
381
1
1
114
118
457
27
40
2
208
0
20
662
181
0
0
0
241
211
808
163
0
41
2
14
0
0
22
3
1
0
0
0
273
74
0
1
0
734
100
0
19
3
0
0
898
40
0
1
3
296
1033
99
1633
0
0
0
0
0
298
0
0
58
20
506
0
0
42
0
0
0
204
352
0
0
1175
0
3
0
8
5
0
25
2
0
4
1
10
20
79
0
113
119
0
30
0
0
0
313
0
344
492
0
118
7
79
4
32
0
95
0
73
55
2
292
10
0
66
0
2
52
111
3
0
129
0
0
0
197
0
9
0
1137
192
50
297
0
1
0
9
269
142
17
102
6
0
0
12
0
0
226
727
2
827
5
138
13
34
7
0
118
309
2
0
4
148
34
26
0
52
329
188
1
306
137
0
0
18
4
238
1170
430
0
13
514
0
691
0
0
0
10
272
53
737
0
5
0
0
0
0
70
4
0
0
222
0
0
0
92
2
0
138
0
0
0
2687
0
66
182
0
239
0
17
0
0
109
0
27
6
146
111
450
0
359
0
218
0
0
0
0
0
0
51
0
15
0
26
0
0
0
26
0
290
98
1631
0
36
17
114
15
1246
0
37
1
0
0
252
0
164
0
0
169
0
54
2
0
6
0
449
228
110
59
138
23
0
1
8
0
39
0
2
120
203
44
0
1
0
14
109
93
17
258
17
268
0
15
149
0
1945
0
152
0
0
523
2
167
68
533
0
9
0
46
51
2814
110
5
36
0
0
0
0
0
117
305
137
3
506
203
107
0
313
111
55
110
0
12880
10
41
5
331
385
196
3264
0
176
20
24
49
85
0
448
4
0
361
54
0
275
38
2
276
0
0
7
814
0
63
70
44
105
19
3
0
0
2
0
0
109
50
161
0
719
0
0
5
0
124
394
38
19
3166
1
6102
2
0
58
0
2
0
16
1
0
0
302
242
33
0
44
352
806
11
81
188
247
0
292
0
2
2507
19
4
0
0
0
6
0
0
220
0
0
68
1769
23
360
35
0
669
756
1110
128
119
0
145
435
2
1
12
52
970
0
0
587
31
0
1
1
0
0
114
8
600
0
4
68
9
7
0
2301
244
0
0
0
0
356
6
0
0
75
0
0
0
56
129
1601
71
297
288
0
0
0
174
0
0
0
4
0
282
0
0
322
346
83
0
614
648
105
65
45
4055
17
0
0
0
2013
0
0
0
15
0
0
0
3
15
123
32
0
11
0
581
3
0
151
916
0
1121
13
21
13
0
1
5
115
23
23
0
13
0
0
39
0
1
0
243
302
42
0
132
390
0
0
277
59
0
193
254
18
5
27
0
0
0
0
303
901
0
0
6
344
16
0
622
0
2966
60
0
0
411
0
9
88
55
0
123
29
77
1333
165
0
0
44
0
12
0
0
125
5
0
165
0
7
0
218
0
114
17
0
11
0
76
32
114
48
0
0
113
0
76
1
8
0
5
3797
29
8
5
36
0
211
0
0
81
18
31
174
678
0
0
54
52
117
156
0
110
17
0
7
1102
132
118
29
0
20
2
0
0
0
24
9
70
7
12
0
0
52
232
435
43
0
1
118
152
284
4
370
3
45
11
0
134
0
0
13
0
0
0
23
22
0
103
28
0
0
0
0
3
424
0
267
4
0
0
66
3
269
14
1063
53
216
0
7
164
8
0
1
0
0
121
0
23
17
0
0
4
42
836
0
0
0
0
693
0
0
119
0
644
215
0
713
0
14
1813
0
110
21
0
0
22
0
16
9
15
2
3
4
192
1020
108
125
709
0
40
100
491
12
778
132
5
8
214
653
57
2589
21
49
44
0
0
0
74
285
407
9
453
356
1
0
0
357
0
0
0
11
21
2145
9
0
0
22
988
145
12
12
0
0
1
167
0
1075
282
67
41
293
0
195
0
10
0
9
703
667
1822
0
401
0
107
92
192
0
0
3
0
1
0
696
0
190
165
1
5
2325
80
146
109
162
25
1
21
22
2136
0
6
0
160
0
92
1056
115
0
89
7
310
1
40
1
592
430
16
0
4
182
378
0
3
0
64
30
0
0
67
0
2
0
0
0
241
0
1822
0
0
32
2591
0
87
7
1
18
0
126
0
1
11
669
13
0
428
203
92
180
2
5813
161
31
4
0
0
66
0
0
67
0
1
0
53
41
5
555
0
6
14
31
0
84
0
832
33
75
574
181
785
0
262
0
191
0
654
25
462
0
2
0
0
17
372
29
0
4
836
29
243
0
390
305
316
134
74
8
0
27
1
15
3
0
0
161
0
0
537
0
11
81
668
46
0
0
12
22
0
0
0
104
522
8
0
513
147
207
0
0
0
122
9
0
78
256
1
0
0
269
3
0
41
2
1
130
16
0
2
42
0
522
0
121
7
0
1
0
0
90
0
18
0
54
181
0
0
340
0
208
0
232
5
0
38
22
92
331
519
0
0
0
86
0
0
70
3
476
162
4282
0
17
43
119
142
55
2
8
0
106
39
0
2
0
0
0
13
0
0
358
36
0
6362
1809
1
0
0
0
440
0
89
0
659
128
0
5
1715
518
0
0
8
305
41
0
0
55
7
0
274
1656
0
1355
0
0
344
911
161
56
0
3
0
667
1553
0
162
0
342
0
0
0
2949
601
0
0
0
1035
117
6
303
0
3
7
0
15
90
647
0
338
0
0
0
0
11
0
103
68
0
61
5
66
0
0
88
33
13
0
280
0
65
0
96
7
6
1977
0
0
1
99
50
1
257
3048
1
108
29
9
382
51
2
0
60
1
32
591
0
29
10
0
0
7
124
221
300
0
0
127
388
239
64
0
130
44
429
8
0
233
76
40
0
25
11
107
177
0
176
4
43
5366
657
136
0
140
1
383
190
1
0
211
231
28
19
33
14
4
2
0
3
3
5
0
25
943
240
82
0
0
4
0
138
32
1909
1
0
2
0
0
0
103
1851
0
35
27
0
100
0
0
394
345
6
0
5
0
27
351
54
58
18
120
0
2
105
0
0
22
0
19
181
24
0
0
742
7
1
1
0
621
0
11
174
0
0
133
29
249
0
13
3
133
0
47
3
0
0
0
661
0
0
171
45
41
1
801
0
41
0
232
40
16
1
16
30
4
1194
46
0
9
4
0
53
0
0
527
20
70
200
0
3679
46
35
254
3
10
0
0
180
32
82
0
99
0
0
103
595
3
137
19
12
190
54
0
2
143
0
0
0
237
1282
0
30
186
176
257
1
0
0
0
95
7
1932
0
70
0
9
595
72
27
409
5
67
0
39
0
0
35
0
0
0
208
142
6
3
1610
2
0
0
0
33
228
3
0
377
0
30
55
345
417
4
158
0
30
445
41
269
0
0
1
82
0
0
0
447
6
463
643
0
9
0
10
30
11
73
0
1
159
67
151
0
0
142
21
983
1
2
144
0
18
0
0
370
35
336
7
0
0
0
33
0
587
579
5
10
55
151
392
86
0
0
17
68
7
28
8
1070
15
269
0
122
1
3
1
7
0
796
280
32
7
33
0
0
364
0
0
72
0
4
0
1
0
293
0
1
32
0
0
2062
391
15
818
2
0
0
1145
0
6
0
113
0
0
34
2
41
0
258
618
5
1
1696
0
0
1
58
436
4
187
35
0
0
0
0
455
65
24
8
0
44
0
0
0
12
0
72
20
0
1
0
0
0
0
3160
0
13
4
379
0
40
0
0
1029
165
77
5567
184
0
598
0
9
29
85
108
0
512
0
315
0
0
224
0
103
0
0
17
584
91
0
0
28
291
715
367
19
0
1
191
0
0
0
32
29
10
0
26
0
4
120
27
201
128
0
0
0
48
138
43
1895
0
37
0
60
2
1315
120
80
37
1367
0
180
45
0
156
274
1
0
21
92
43
115
0
0
0
0
67
506
34
32
37
16
684
13
2
246
28
309
25
0
775
0
54
0
43
566
6
46
15
471
0
28
8845
6
0
0
162
0
209
237
14
186
251
994
624
0
0
135
0
1
40
236
33
19
0
19
224
2
0
35
3
0
0
0
0
1
4144
0
0
0
740
0
103
0
87
1555
0
0
10
2
11
4
0
15
92
117
488
1
2
246
361
144
470
278
45
0
94
0
85
912
13
209
0
33
951
0
94
19
0
0
445
22
557
163
3
0
60
0
7
0
0
0
481
0
0
242
236
0
6
0
156
0
119
21
171
9
0
678
0
322
0
1097
253
0
18
496
0
141
34
10
0
290
0
96
151
985
6
0
0
9
13
296
0
7
0
446
4
0
0
3
531
0
1989
0
12
39
0
0
0
144
0
35
0
161
0
5
114
0
39
0
10235
0
15
11
0
0
0
149
0
0
0
95
0
3
0
1
683
0
403
99
121
0
0
158
8
0
0
0
0
11
0
345
118
7
0
374
5
0
289
0
517
0
0
160
0
0
101
219
0
437
1
29
0
0
0
0
0
214
0
7
0
0
198
21
0
1224
0
0
5
39
60
0
4
0
381
5
2
0
58
9
0
2
47
384
0
78
108
0
121
0
0
887
3600
0
0
0
0
253
0
283
20
24
0
0
9
0
446
37
34
6
0
355
0
6
142
51
46
2
0
30
0
2
136
19
0
209
992
0
254
0
0
13
113
0
23
1
9
116
12
158
0
47
0
0
0
7
681
0
186
0
0
1
146
0
0
56
44
0
385
93
0
79
0
0
59
24
0
116
110
0
0
9
4
12
7
172
0
0
6
76
0
1099
0
38
0
156
0
53
31
495
2
6
49
0
853
35
13
75
0
0
5
15
1010
0
0
44
2
7
273
61
396
103
0
0
270
0
10
0
974
1835
2731
0
22
35
460
121
4
6
0
128
46
67
10
177
126
1538
174
379
247
947
513
0
0
15
0
50
178
0
131
0
12
51
0
2877
0
11
0
57
104
0
2
398
2
69
1
11
0
0
0
278
0
32
0
0
0
3
30
8
0
325
24
144
1
415
10
3
2
11
116
0
10
0
20
87
0
557
237
0
29
2438
42
30
8
0
0
0
514
4
0
0
28
8
8
0
5
107
695
284
0
0
0
3
221
0
4
0
0
12
0
37
20
0
0
0
290
3
0
2
3
729
1013
426
864
0
0
176
1
0
0
130
1067
121
21
3
113
0
0
33
108
0
2
0
0
2
0
0
0
0
0
0
2
7245
0
86
55
6
49
22
558
625
679
0
0
0
382
0
54
113
0
0
0
46
209
13
0
1
83
0
568
184
9
12
17
0
2
164
12
0
18
0
18
11
0
21
1466
81
16
251
35
14
191
1454
7
33
0
0
18
0
354
27
798
1625
0
3
24
29
325
4
11
0
144
136
48
291
15
314
2
0
116
4
1420
5
0
0
2
23
0
27
0
46
64
0
72
0
296
313
66
387
0
44
5
73
103
3520
491
0
0
386
4
83
0
1698
0
0
2024
0
0
15
0
1
4
4
0
575
0
0
618
0
0
0
18
11
2
42
0
0
305
0
122
134
16
0
0
581
74
3658
1
64
0
207
635
0
0
170
51
13
43
0
0
118
1
140
1
0
355
3887
13
30
138
881
0
0
3301
0
1
969
722
0
326
34
2072
5
0
0
380
16
269
2
0
752
0
66
0
0
0
4373
1054
12
4
151
0
405
2427
43
1
2348
0
0
14
0
116
0
0
620
0
0
46
447
348
0
487
6
644
4
23
11
0
50
0
931
190
152
0
0
5
0
850
5
0
1020
567
0
0
70
11
222
0
737
144
158
259
6
0
1692
322
111
139
0
0
228
538
223
0
0
204
151
0
0
2
0
184
0
8
5
1253
258
0
0
5
0
7
474
56
0
192
24
0
49
196
1
100
666
0
0
50
81
60
2
133
0
348
32
55
0
149
6
0
0
35
339
1
880
200
3
0
268
166
102
102
25
33
3
224
3
45
29
0
22
0
0
0
0
6
0
2418
847
38
3
0
0
0
2062
100
75
21
45
3
1065
0
0
9
1
316
177
267
18
0
143
320
166
0
28
45
0
16
0
1
0
0
45
583
186
0
10
220
19
95
0
0
5
13
129
2637
0
0
0
20
46
4
112
0
4
31
8
0
444
2850
1103
0
231
0
12
0
5
1
3
0
706
34
640
174
578
0
358
0
580
0
666
3
18
60
30
39
492
723
729
965
0
683
0
38
3
33
252
23
547
29
232
19
73
4
0
44
53
98
204
44
0
319
86
0
1157
57
33
601
52
705
150
1484
53
640
27
0
0
6
1
14
60
1294
0
55
403
0
273
0
0
55
299
470
0
0
0
0
3
0
59
80
1686
0
5
326
1023
0
947
202
0
541
2324
86
63
262
32
0
506
0
2821
91
71
117
108
0
0
0
0
10
0
0
1
7
0
0
0
81
0
68
0
0
30
161
0
1
0
16
0
23
0
0
690
2
0
1
542
47
0
0
146
655
0
198
0
501
167
60
63
845
333
5
34
0
0
0
57
369
40
11
1
0
16
0
0
4
0
0
110
282
26
0
3110
0
5
0
74
26
204
0
0
182
1
254
120
64
0
0
0
1154
24
0
30
0
0
269
388
0
0
173
0
366
0
309
6
1499
1250
2
0
26
361
0
28
101
0
175
392
13
405
60
2
0
3
0
72
167
452
0
27
3
8
119
0
2653
25
0
0
63
0
1
19
0
160
687
21
1336
161
2626
23
71
291
656
934
16
1
19
5
29
141
0
513
12
0
0
0
18
0
12
8
3
0
15
1
0
1
217
122
0
5
0
49
11
74
27
185
15
3
0
192
21
1180
12
112
9
260
0
74
316
4
102
49
274
0
501
194
439
0
222
179
1
0
0
18
189
8
214
49
38
7
163
299
0
825
1124
277
0
0
274
18
0
439
0
52
0
86
0
0
0
0
35
28
1
0
985
398
15
3
367
16
0
223
281
0
0
0
88
3
14
33
5
3019
199
0
111
104
19
0
0
70
31
415
319
5
7
142
24
91
1
0
60
0
0
0
19
0
0
0
54
32
0
39
0
68
9
285
220
3
0
11
4
1817
76
0
0
172
0
0
1
47
1149
189
0
0
377
3
0
0
0
392
716
39
0
236
0
6
24
78
62
69
0
719
334
182
0
0
9
21
1
8
54
100
39
0
0
40
5
0
3070
0
0
50
25
1367
65
6
1
0
4786
1586
273
103
0
18
0
0
146
0
7
83
169
500
1094
0
1052
6
321
0
0
0
0
102
0
0
0
0
0
82
0
151
1
685
19
32
0
114
2
304
9
146
1
0
0
1150
182
0
0
0
0
0
23
15
4
114
0
211
13
213
286
3
0
0
0
0
7
76
0
251
421
0
0
0
2301
10
0
1
6
140
5
51
1
20
122
0
7
208
10
0
19
0
90
1016
0
28
554
8
0
2
144
0
0
0
53
0
0
187
0
11
0
0
261
1
16
6
0
0
9
0
947
0
0
0
0
609
0
217
45
0
103
172
1
0
242
0
18
14
0
466
0
0
200
0
5
14
29
0
11
0
2991
7
1
0
0
59
0
343
34
6
1
197
22
31
166
74
0
0
1
0
393
252
0
0
0
0
147
85
43
16
0
106
250
1966
0
0
0
193
61
0
309
832
0
0
185
37
0
0
7
1222
14
18
102
39
0
32
0
9
3
0
0
2
32
27
12
0
698
416
525
58
0
151
0
2057
0
6
0
8
230
67
1633
70
0
6
49
368
2
0
232
2
15
0
14
50
243
10
44
0
0
82
663
0
0
792
22
826
0
0
0
0
134
10
708
0
13
12
0
0
0
1474
569
0
84
212
3
141
807
693
97
99
25
1
0
0
0
382
0
143
94
239
9
284
170
151
0
0
0
0
6
36
17
55
0
0
303
0
97
306
0
926
0
0
287
298
16
944
2270
10
15
39
143
7
817
0
0
0
825
0
0
63
0
2
2292
0
29
48
0
1272
0
4
0
1399
88
370
324
241
7
372
358
0
357
29
2
130
177
24
129
0
0
34
0
8
929
15
11
0
0
4
0
1
201
33
0
17
64
87
57
945
73
0
0
0
849
238
73
4
4401
0
0
163
0
13
0
72
0
64
0
12
15
0
3
556
22
121
351
55
0
0
22
5
1
188
478
2
923
0
0
0
4
17
0
0
49
1058
0
48
25
35
0
9
3
153
27
98
69
5
6
321
3
169
271
0
0
251
382
1
0
3464
29
10
4
52
0
677
0
0
0
0
2188
0
0
0
0
228
0
19
5
0
1
17
0
315
92
0
419
144
13
0
25
123
2
90
2
0
106
0
0
0
276
0
64
63
0
362
104
258
288
19
11
301
0
0
1044
8
14
0
0
0
414
33
0
225
0
78
77
19
204
0
44
59
94
183
0
554
4
0
310
0
0
0
607
108
0
92
110
0
0
3
755
9
221
0
0
1
0
44
0
0
36
0
72
214
0
17
0
0
59
19
908
119
0
0
0
112
27
110
0
164
89
0
0
47
0
0
0
4
21
0
9
47
0
0
0
0
1022
4
4
61
13
0
0
1
135
272
2232
0
0
131
20
3
25
388
106
0
40
153
76
11
0
32
0
18
99
282
0
0
33
4
0
0
16
20
0
0
0
30
0
1
0
31
12
204
135
0
92
171
24
0
0
247
23
0
111
0
0
314
0
0
166
0
1057
0
100
3
1
15
0
1
0
14
0
0
0
0
4
8880
5
228
0
0
0
72
147
134
2505
4
8
45
7
0
243
100
0
2062
4
115
13
0
38
0
0
266
0
0
3
0
10
243
14
1563
0
0
2230
50
0
2151
0
0
253
325
19
0
0
759
0
281
1135
2
3
2
1276
162
96
0
76
19
0
1
4
0
210
4155
456
0
1400
0
126
216
0
0
69
1
191
271
29
0
193
68
206
29
16
1362
223
3
0
372
524
0
76
0
0
0
109
65
104
68
53
2
10
0
6
15
0
5
0
0
201
0
729
0
145
0
15
0
69
3026
1
193
1
65
30
0
12
99
5
23
28
203
0
0
0
0
0
224
0
3
0
0
17
103
8
61
867
0
0
0
5
0
0
293
0
0
0
22
0
332
1
0
0
9
0
58
51
0
0
0
302
147
0
0
0
0
19
0
2
107
96
0
64
6
446
112
2
35
0
0
527
0
0
28
0
7
0
76
2
55
0
0
0
61
88
62
0
20
0
0
50
0
195
0
98
43
156
1035
9
0
0
0
9
0
1
0
0
0
71
100
0
0
7
327
0
34
0
96
129
5
30
57
5
0
34
62
0
1
0
0
0
0
22
2
128
0
0
848
132
139
56
46
0
276
98
3
347
34
197
196
92
0
0
6
10
0
7
2655
13
2
379
0
1
0
188
82
3
0
75
0
0
0
50
0
6
9
151
0
0
1
0
0
8
329
0
596
33
0
24
429
0
12
13
61
0
82
0
3
3
0
77
134
3
0
416
5
0
0
0
0
0
0
0
251
9
0
0
0
2
21
478
0
0
0
19
0
0
59
986
47
0
0
0
0
0
0
10
24
67
0
25
60
39
0
0
113
86
0
0
0
0
0
0
75
0
0
0
115
0
0
0
1090
0
190
14
1
74
0
2
0
0
164
192
0
0
0
1
30
113
0
26
14
10
281
30
173
0
3
28
391
1282
2
2
7
1
146
5
33
0
2196
0
0
0
1
99
0
39
0
9
224
0
134
72
3
0
7
0
586
9
20
707
55
0
0
76
0
17
103
168
0
0
31
0
692
28
0
0
8
0
15
0
0
0
33
269
0
0
57
6
0
149
0
5
156
0
2
0
174
4859
0
0
0
0
38
3
27
2
82
123
9
939
5
2
3
18
339
130
13
56
79
1828
530
0
0
0
0
47
436
0
0
20
0
201
3
799
3
40
0
0
0
684
145
0
36
181
16
2
950
106
97
3
267
8
31
0
0
5
21
0
0
831
13
0
0
37
0
29
85
67
2
0
5
258
318
12
0
0
47
4
294
0
2
0
20
129
0
0
0
0
18
0
0
0
898
0
89
0
14
1
0
0
0
12
66
151
0
0
0
37
0
148
159
0
342
269
7
0
5
1
28
0
24
54
0
0
0
2811
16
0
361
0
0
175
0
2
49
203
16
0
251
16
355
0
31
0
7
51
199
2
0
0
0
0
39
0
11
4
6
14
150
22
0
0
0
3
24
311
168
7
0
0
135
122
1
63
121
399
71
0
37
29
66
0
8
154
13
1100
0
164
14
0
0
0
0
14
2
21
1
105
4
0
3
0
51
251
0
269
0
138
876
96
0
12
7
0
9
204
3
1
0
222
0
55
6
62
0
113
0
0
0
358
37
88
0
0
1
300
2
41
0
17
23
204
0
88
0
782
0
14
18
0
2
37
0
94
608
2
0
0
192
39
56
137
0
0
0
5
0
0
23
111
1161
447
11
0
158
83
60
731
0
6
0
0
0
1389
0
146
0
367
0
82
111
0
0
2
71
440
139
29
12
9
0
57
3202
0
187
12
0
31
12
21
74
0
0
0
1429
9
0
338
75
0
1625
3
16
32
7
84
85
620
49
1
361
0
2
0
3
1412
11
43
3
119
3
9
0
1
0
7
85
140
0
43
150
5
0
121
918
1
0
214
2
0
0
4
0
0
239
0
822
0
3
0
0
48
13
6
1
213
12
941
184
83
477
5
94
1
498
4
0
555
82
1
0
0
380
0
7
16
295
0
39
0
7
0
268
0
0
16
0
0
161
1
0
1
154
184
0
202
16
0
18
0
0
57
0
181
74
325
0
4
42
830
0
26
0
0
264
76
0
0
861
152
32
3
3
1
11
0
0
473
0
17
0
104
0
23
0
31
1
0
237
0
15
3
549
0
0
10
0
1
3274
0
91
0
0
0
0
96
262
66
0
664
14
180
0
0
231
0
0
117
41
173
0
6
43
914
346
67
0
2844
0
141
137
0
26
0
6
20
411
75
26
126
0
0
4
162
0
0
79
1
0
0
22
32
19
0
691
12
142
0
537
133
37
294
1243
124
0
0
29
0
0
1334
18
189
96
0
0
14
10
53
0
0
72
100
194
383
0
59
3
0
107
55
23
9
0
557
16
567
0
21
0
30
0
75
63
151
0
171
54
1
20
3
0
0
0
42
221
127
2
24
0
78
56
0
0
2
467
0
26
50
0
0
474
0
731
896
0
0
1993
5
0
214
24
16
199
0
166
0
19
161
0
0
103
0
33
22
0
6
64
5
504
26
1
0
43
121
0
0
0
1
7
214
174
22
0
32
268
371
7
44
705
260
0
0
1
356
125
0
0
124
74
280
0
4
0
39
0
1469
537
0
1
15
0
292
0
0
0
0
0
86
17
0
2
0
0
0
26
1078
2
0
22
0
24
0
186
0
0
167
0
45
0
183
21
0
0
94
3
416
475
98
392
82
0
225
0
0
8
0
9
2
1
128
0
0
13
3
12
0
2169
0
0
0
16
1228
0
469
0
22
0
0
55
36
161
84
80
0
177
10
9
0
17
282
159
40
14
0
29
10
1
0
0
776
260
122
54
1932
568
8
5
0
0
0
222
36
0
199
623
536
115
14
11
60
674
5
17
0
488
0
277
2
432
97
133
0
7
0
9
704
4
83
64
420
62
283
73
62
1
15
0
2
0
0
30
106
161
0
0
207
0
1
0
273
0
20
184
1785
102
1
598
0
0
26
0
246
2
0
0
5
170
6
4
0
28
118
22
28
0
0
0
178
0
64
8
3
0
36
35
3
6
0
127
2
9
0
4604
57
5
1
2
45
151
320
123
828
0
0
1496
0
2
591
0
0
0
6
854
143
0
8
1206
130
0
0
0
0
0
18
2174
2
0
30
22
0
1251
0
0
0
2162
58
330
0
162
8
701
0
32
13
0
0
1
7
0
4
0
5
199
45
0
1788
0
0
2
31
1
0
1144
11
0
1
3
89
1
0
132
338
1
171
35
6
27
289
1032
48
0
0
2692
83
1
760
2312
0
435
744
32
1
0
0
0
10
389
0
0
0
0
0
6
0
0
0
19
20
35
0
2
99
1
949
47
0
106
0
128
54
0
0
517
10
0
25
0
8
7
0
73
749
248
0
14
79
76
57
9621
238
29
73
1088
492
0
5
13
0
77
0
0
97
0
1084
1709
0
6
0
43
202
139
156
289
13
0
0
0
1199
100
0
1
75
3
1
12
840
35
105
22
0
0
341
0
46
1088
73
0
73
0
0
21
382
0
9
192
539
1
10
901
311
0
0
1912
0
1
131
0
9
0
0
11
0
3
2
258
55
254
0
559
204
0
0
53
176
223
0
69
0
0
107
0
1187
49
623
25
4
8
0
3
57
0
0
0
196
1396
810
648
0
49
32
0
223
0
41
0
25
52
372
105
0
5
178
9
325
0
3
81
0
0
0
0
3
514
111
46
5
0
728
6
0
0
42
5
133
427
1
4
66
1
1
144
0
49
0
0
0
12
0
53
118
0
289
0
0
0
20
0
188
13
597
0
74
775
11
0
0
93
0
31
525
32
0
0
0
0
122
5
43
72
0
2
4323
89
0
5
0
0
1367
0
0
0
361
0
25
13
78
0
0
0
470
0
0
1
4
0
138
0
16
0
279
79
0
845
98
0
728
0
50
0
0
520
0
0
3162
126
0
0
0
69
240
0
46
16
0
745
0
116
13
13
0
5
0
4
0
0
12
182
8
1
29
0
60
3
0
430
1
0
3
0
21
4
0
0
1
0
0
7
3
0
0
132
10
87
140
5
0
96
0
120
0
0
0
19
0
12
0
0
323
1
85
66
9
4
27
0
234
0
1
174
2
302
0
487
838
0
11
19
0
0
135
0
100
6
0
4
162
1
369
0
3
23
30
485
76
740
295
0
56
0
329
271
0
0
166
14
23
1
578
1
0
113
19
483
95
501
3
2872
102
292
0
0
520
0
276
139
19
0
0
0
127
54
86
0
2
0
201
0
0
0
380
3
0
0
0
345
316
275
198
112
0
5
0
39
1
2
0
42
0
64
420
0
158
0
0
0
711
0
22
5
219
0
264
0
21
22
332
0
17
0
46
0
36
46
131
0
259
0
113
0
0
0
0
49
1
207
0
157
1
58
0
0
0
0
0
2
0
0
342
50
74
7
0
104
52
0
6
5
2
0
71
67
399
1097
0
82
10
526
4
131
0
29
1038
50
9
138
12
459
43
0
307
1435
23
1284
4
297
21
0
17
0
24
4
0
0
6951
0
515
0
59
0
173
1
81
304
220
0
83
828
0
494
0
0
0
122
0
0
5
15
0
0
127
0
53
2
2130
6
0
16
0
23
106
0
0
885
8
46
0
88
23
0
1369
0
0
177
181
0
403
0
5
3
0
103
1678
761
0
0
0
0
118
0
5
0
1192
485
20
21
83
0
27
24
0
222
1
187
318
0
0
0
146
559
0
3
0
0
67
0
24
0
0
2
0
0
8
44
0
1
21
47
13
0
2
1
2
0
0
66
0
0
0
0
59
110
170
1490
96
18
403
0
0
0
7
0
0
0
1
45
1
111
1
0
0
0
2
0
1
3
7
0
177
0
11
0
0
41
9
6
7
626
517
182
22
30
56
0
4
1
0
134
7
15
0
0
6
0
0
83
0
0
2572
2
3
0
0
9
82
0
729
52
22
473
0
0
70
0
509
11
0
0
0
0
54
99
0
246
209
289
418
0
0
0
0
4
8
156
0
232
543
2
50
2
66
1316
0
34
46
49
22
83
431
36
125
4556
947
0
0
11
94
0
0
12
289
2007
15
0
6
1302
1
0
0
2
14
75
287
374
1071
336
3
0
31
0
680
0
0
109
716
0
2
1
142
763
0
473
240
0
602
5
0
20
354
82
174
116
0
284
95
131
0
209
378
1362
0
0
4
0
21
0
0
297
10
0
22
69
584
0
13
262
147
4
0
0
483
7
59
0
0
0
14
469
0
0
19
0
0
0
0
0
109
82
333
138
164
0
73
0
0
90
478
147
70
1
182
11
0
11
51
282
0
248
33
0
83
0
0
99
0
2
0
0
0
0
148
4
0
1
24
0
0
693
8
1864
0
0
1
0
50
0
1
0
514
1
10
0
10
0
2
445
1
0
0
0
102
16
0
17
41
0
0
357
0
50
0
195
22
0
0
25
184
85
157
615
1
0
341
0
2
5
190
12
0
174
0
109
0
0
0
0
478
220
198
1347
0
1
3
58
214
24
53
0
9
46
0
53
0
95
3
421
0
0
158
0
0
47
3
195
353
0
252
7
0
490
0
748
25
49
437
11
1020
1277
0
4
63
0
0
0
0
714
0
244
2955
229
21
34
147
9
24
0
26
38
1
0
6
122
272
66
111
0
208
771
17
14
5
2803
3
0
0
293
0
192
135
655
4
33
2
165
292
0
1
802
16
30
0
6
2318
13
0
858
13
399
134
0
120
0
92
199
686
5
0
19
614
0
0
4
0
0
0
472
0
1569
9
0
619
1
0
54
1
107
45
88
395
1
0
46
77
1
0
0
58
0
133
35
0
0
69
0
33
30
0
419
869
0
245
9
71
0
12
0
66
1
46
0
0
0
0
145
0
457
2
19
0
450
0
3
0
0
118
1
1097
0
78
109
187
0
0
0
23
0
0
0
0
272
0
74
0
24
161
0
24
16
58
0
11
2
0
93
23
50
114
0
861
102
260
0
0
235
19
48
145
0
1054
154
0
0
75
28
0
300
40
79
14
0
0
6
831
281
114
14
2102
22
0
159
19
24
0
80
23
832
310
161
1091
713
0
33
68
1
609
111
0
0
0
78
229
4
3
365
278
0
208
1
638
0
0
40
0
0
426
42
1502
0
133
0
78
7
89
0
0
5
537
82
33
102
173
58
1
0
0
86
7
0
52
1
90
856
0
198
0
74
0
909
644
158
25
105
0
115
0
123
0
1
13
8
0
0
77
91
0
772
36
0
0
213
85
14
0
0
0
89
374
0
87
0
18
0
1864
77
46
6
0
0
0
51
33
0
92
86
179
6
1
0
2579
0
15
318
0
360
0
29
2
0
0
99
0
156
0
120
38
692
130
0
0
0
654
0
10
1105
0
16
1
0
0
12
24
1
23
59
11
0
0
17
2
57
0
0
71
0
0
115
32
107
672
17
1
0
63
23
8
1050
221
11
78
344
4
2
44
66
0
0
56
482
22
732
0
44
798
118
0
17
226
190
619
0
31
0
225
180
0
134
137
387
17
1
24
0
23
0
0
9
4
15
12
379
106
266
4
383
2
177
0
322
267
0
15
5
74
128
836
380
0
0
60
423
235
5
0
353
34
0
0
0
0
914
0
0
51
2023
0
0
0
20
32
5
985
0
8
0
56
79
50
0
198
297
0
0
591
0
8
3
189
0
8
17
15
89
0
0
48
0
0
62
0
33
241
0
47
3
23
0
0
341
0
11
529
418
0
0
2
35
79
0
23
772
0
272
72
63
510
0
304
65
0
4909
57
66
0
0
0
1
99
12
7
114
52
3
81
0
0
4
123
9
14
33
98
629
582
4014
202
7
1389
0
4
0
505
41
0
3
641
0
56
215
4
92
78
0
4
119
92
0
0
0
354
0
37
302
3276
1
0
9
0
0
7
12
83
0
0
458
237
0
0
1
0
44
14
72
0
0
564
255
0
0
792
127
0
0
40
0
0
95
1
0
68
3
37
0
170
436
481
0
2
0
0
8
79
0
0
248
0
272
0
0
1
2
0
4
2
4
0
35
16
714
254
1
0
1235
44
0
0
13
0
11
0
0
513
22
0
2
19
0
11
1542
433
0
186
363
0
263
0
200
28
122
45
170
0
142
14
0
4
0
188
0
0
46
135
0
10
0
165
564
14
24
0
0
15
0
0
0
0
4
212
1
0
156
271
0
0
0
0
26
0
2969
200
0
332
82
57
0
0
43
121
8
0
0
528
20
3
0
25
4
0
0
0
178
7
0
74
0
17
12
0
0
1
0
72
89
67
0
0
0
0
524
0
0
509
133
0
10
0
98
58
0
0
155
0
29
51
0
14
0
1
290
0
0
0
0
17
1076
8
0
2
0
2
0
39
453
2
359
68
9
36
59
0
0
339
233
0
72
0
147
575
11
957
0
58
27
0
5
0
62
0
623
3
0
1678
5
0
0
2
239
178
1
0
0
0
30
0
67
5
284
316
96
24
434
5
336
2
0
2547
0
8
0
0
0
92
79
781
0
0
173
0
20
0
45
0
0
0
11
0
0
0
2
37
2
234
2
203
97
363
0
117
45
0
36
0
0
513
0
0
209
12
0
1
0
32
0
0
6
0
2
143
0
100
6
284
16
41
0
31
13
0
13
0
3
4
157
955
0
0
0
37
3
1
9
35
0
60
218
0
158
0
6
93
0
745
0
46
0
87
0
0
0
143
23
1
0
0
6
16
0
0
0
19
44
1
0
67
0
50
0
103
0
0
1
0
0
11
616
0
505
116
0
1
0
1
4623
59
54
85
2
12
244
1488
8
0
0
0
0
84
8
15
6196
0
55
0
544
0
1529
35
1049
462
4
70
41
18
152
0
9
86
125
53
490
152
0
12
5
1
1821
3
0
8
117
0
0
1
0
4
0
2
0
20
0
0
0
0
0
19
77
172
0
297
379
1411
189
15
0
189
14
0
35
5
0
0
0
0
0
76
0
30
0
34
0
54
0
0
80
81
0
0
8
0
2
0
0
25
85
78
535
0
288
217
38
2
61
0
1
0
16
0
410
28
25
3
2
0
6
35
0
26
38
304
0
61
0
72
303
0
101
59
61
113
9
0
4
0
1
0
0
0
33
0
0
8
151
33
1
0
15
0
0
625
0
0
164
64
0
51
0
105
425
16
21
241
636
519
4
51
0
0
0
30
11
119
566
0
0
35
754
0
0
0
0
0
19
0
0
1266
5
23
25
259
2
5
7
25
347
0
12
334
195
398
202
1
95
0
0
0
29
120
46
3
2
52
4898
589
7
0
101
9
128
2
0
1097
0
33
0
4190
2
0
141
416
82
2
884
0
63
797
0
0
0
35
0
0
41
11
0
0
39
1
0
5
0
87
61
462
129
2
0
0
0
0
47
2133
26
0
0
28
56
0
19
212
5
0
18
0
0
0
1
4
0
824
0
0
16
0
62
6
0
780
1
2
0
0
0
8
0
0
0
0
131
157
32
183
14
97
2
90
71
22
133
0
178
586
0
0
0
13
934
19
14
13
182
153
1704
0
0
0
0
0
12
175
0
0
7
0
168
18
310
0
81
0
48
122
2
0
74
30
8
13
0
28
10
28
263
0
1165
16
1510
15
0
160
0
109
0
0
35
0
0
479
61
2
319
27
4
2194
12
2
5
540
3
2
17
86
0
60
97
0
1
1269
3
171
0
29
8
25
19
188
147
188
0
249
0
318
202
317
0
0
58
24
383
5
0
0
1403
0
110
2
21
12
897
0
56
0
241
0
405
0
511
7
32
53
10
0
4795
0
21
4
3208
11
0
9
0
0
0
7
10
181
16
0
0
82
2
31
164
0
85
1054
182
4
116
192
69
0
10
0
80
2122
18
11
1091
0
5
22
0
0
0
19
525
0
0
26
0
0
54
35
0
110
0
0
21
157
710
63
0
690
426
0
423
26
0
100
363
175
0
0
163
29
585
34
0
206
7
650
125
3
28
11
1
4613
40
35
46
0
4
0
0
45
19
280
0
0
150
9
48
0
0
97
420
0
14
76
64
2
0
0
0
0
299
180
0
2275
0
19
14
0
0
102
15
13
314
0
211
63
480
411
0
0
0
4
239
251
23
76
0
163
0
0
27
47
254
0
0
55
0
0
72
5
0
0
12
0
0
157
0
0
0
0
8
21
116
0
8
6
3
161
0
365
0
414
26
11
120
25
0
455
0
0
0
4
0
2265
0
30
0
4
16
419
0
125
0
3
19
15
4
2
24
0
2
0
0
16
0
5
0
72
0
0
52
119
0
15
322
0
2773
163
0
4
0
203
0
118
386
0
0
0
56
0
0
1
0
0
39
0
2
0
0
0
0
201
0
9
10
0
1162
0
92
0
409
319
0
0
1
265
3767
262
0
0
47
34
32
2
46
28
0
8
35
0
42
0
207
119
154
0
23
18
0
6
2
374
0
10
3
0
4
5
3
10
26
79
34
44
17
25
233
0
90
0
159
11
110
4
0
1
170
0
0
676
5
0
0
25
365
118
0
1
0
1643
39
15
5
351
72
0
193
56
110
21
13
506
88
0
0
4
48
0
133
57
0
4
13
242
5
1
12
60
12
0
0
0
240
192
715
0
28
5
31
3
0
0
2297
0
187
4360
174
1
0
134
1372
0
14
18
0
58
0
398
2484
31
801
0
1070
194
0
181
12
375
124
35
6
13
3
21
29
0
66
0
0
0
3
172
78
107
3
161
223
389
16
0
62
13
30
21
588
0
1
27
284
5
5
0
37
534
0
0
17
0
0
50
0
0
19
0
0
0
0
3
0
0
56
0
0
0
0
0
0
13
132
8
840
0
96
0
1
7
7
118
0
8
1078
7
0
0
1
5
78
10
0
761
0
20
280
0
352
48
0
55
25
4
14
0
68
22
1
0
271
253
0
470
333
503
0
21
0
0
0
19
0
0
0
0
0
0
31
0
917
245
0
1985
0
2
5
0
0
67
85
16
38
396
0
0
2
39
65
0
59
28
4
0
0
0
2
0
175
649
440
200
0
55
1617
824
29
0
0
245
76
1
106
155
0
102
24
2
207
0
658
8
9
0
2
0
233
303
98
72
0
12
4
3
80
58
1
3
0
11
242
12
0
15
0
0
0
0
17
0
0
4
68
0
16
3
0
1
12
10
0
91
0
4
0
264
8
12
36
0
0
395
143
8
29
87
1
5
1
1
22
2
9
0
804
7
4
23
4
0
81
0
4
1
14
0
0
17
55
20
0
259
0
9
16
0
3
160
0
0
0
0
8
0
10
50
0
0
11
6
57
6
0
0
0
106
5
0
160
10
0
512
0
1601
194
124
4
0
95
2
207
0
0
7
301
12
296
16
37
3
0
0
0
106
0
0
0
0
21
0
82
1
69
0
8
0
59
44
0
0
54
32
27
12
0
146
55
26
24
242
7
0
0
0
3
3
350
0
84
196
1
0
123
180
0
238
7
64
100
0
0
0
243
0
8
1
47
0
2551
0
169
6
0
0
0
0
0
0
76
0
78
8
45
5
50
0
0
0
31
599
33
0
0
2
3
61
0
84
1211
0
124
60
47
4
0
6
7
3
94
0
27
71
5
47
123
0
33
9
0
0
0
0
108
161
0
0
78
175
0
22
0
1001
181
92
0
0
16
0
0
4224
16
235
21
15
6
0
25
156
7
23
2
0
0
0
0
358
11764
3
0
0
26
137
178
0
0
1
2
0
0
17
4
7
156
16
34
8
0
1
425
10
5
61
3
71
62
31
21
0
10
72
128
0
5
35
6
624
0
91
1047
6008
18
263
35
1
174
17
450
0
4
32
0
68
202
150
144
36
0
2
3727
52
0
86
18
4
16
0
2
0
74
0
103
69
0
4
4
4620
0
4
135
239
3
34
0
670
7
0
0
27
0
5
0
23
220
2
0
0
29
0
4245
0
2
753
0
122
110
0
1249
383
9
11
2
0
0
101
0
230
12
58
104
4
409
0
0
6
0
0
27
1
69
317
0
38
548
0
23
0
131
0
0
30
63
0
41
0
0
1
10
80
0
0
11
0
0
400
81
0
77
0
461
504
319
0
0
0
53
75
0
3
22
10
41
4
0
23
1
0
30
0
0
117
0
0
0
33
73
0
145
70
46
0
9
11
0
56
14
16
0
10
0
31
2
0
0
19
97
0
0
37
5
49
31
312
0
26
0
5
685
114
85
69
0
310
30
34
260
123
4
0
4
27
180
24
35
11
10
3227
858
0
0
84
45
45
79
0
3
1
0
3
0
43
1
0
1
0
0
0
0
199
7
173
19
30
149
0
0
0
286
0
0
38
0
90
20
21
0
26
0
0
2
176
124
0
316
0
156
0
412
119
11
0
0
0
0
0
50
0
0
63
0
0
0
0
0
0
0
1
0
0
10
15
0
501
272
53
0
0
155
0
13
1
0
87
194
34
0
102
0
309
0
367
80
2
154
0
119
7
12
51
54
9
4
252
947
0
389
39
0
0
0
738
158
9
70
0
36
3
0
0
10
1488
3
17
436
0
163
0
100
0
5
0
250
0
1158
2
10
2
30
2
869
342
0
261
0
0
49
80
2
0
2266
0
0
4
160
93
20
697
242
305
1359
937
23
0
27
13
59
19
0
0
0
135
0
105
0
0
4
14
138
0
0
0
0
4
0
41
1112
225
0
145
18
0
100
780
60
67
3
9
85
15
1
1
22
470
6
0
2
0
2
0
230
0
0
132
0
28
834
13
1
207
512
0
707
14
57
4
146
0
668
59
0
7
123
17
163
0
65
0
0
0
141
12
0
273
272
0
1555
3
88
1
341
214
0
743
142
4
0
1463
0
15
3
114
0
0
16
20
11
389
173
82
557
15
462
28
3
674
289
0
0
0
9
84
1493
3
252
127
0
44
0
0
0
237
2
45
3
0
11
173
0
32
0
325
0
36
0
102
0
0
3
0
0
10
73
23
0
591
1249
0
161
335
0
315
0
0
5
3
6
32
22
131
2495
115
0
134
31
488
0
0
0
0
0
271
1027
11
0
26
266
85
0
102
0
30
10
24
93
0
36
4413
0
0
0
1
1
515
0
0
0
12
0
0
0
0
371
0
95
123
3
72
2
6
20
3772
7
51
0
0
141
0
0
566
0
0
271
4
8
0
5
0
0
215
79
0
0
0
241
24
0
0
20
15
509
0
0
0
0
0
0
5
145
0
0
0
1283
3191
0
10
7
1
157
0
460
22
217
34
0
97
371
0
601
320
2
123
0
3
3924
21
0
258
0
3
12
0
920
1
310
2060
0
0
0
0
2
1
73
3
179
6397
251
0
7
0
0
1
0
120
0
62
17
51
95
1019
1492
0
0
388
0
16
0
607
635
2
39
0
0
45
4
10
0
18
2
156
23
0
147
29
3
0
15
150
0
1
0
20
0
0
7
1073
0
98
63
0
12
112
0
6
0
0
1091
11
236
21
0
15
0
0
0
1681
113
392
133
0
29
1855
865
0
0
1512
0
0
0
26
0
3
0
56
155
75
104
0
394
11
0
31
33
567
98
117
39
0
3
0
3
45
0
264
33
0
15
0
0
0
0
0
2482
2
27
245
46
71
0
0
230
249
62
0
0
0
0
0
151
170
0
0
16
0
1
14
0
532
143
0
1
207
1046
99
11
69
0
0
23
0
1
2
4
148
0
0
11
26
0
360
0
32
92
129
180
0
0
39
123
226
45
0
0
10
0
835
430
3080
0
2
5
73
98
18
0
0
1182
2
0
0
3
0
0
0
0
0
14
2
4
0
83
0
40
13
0
99
0
319
770
0
0
0
0
9
0
0
0
215
366
126
9
8
0
91
0
55
733
93
365
0
41
24
0
14
4
1
0
0
0
17
1
69
0
13
255
0
65
131
0
0
0
0
15
0
0
7
193
21
0
4
0
0
0
0
0
90
34
119
574
3
0
297
2061
0
2
40
0
857
10
7
62
204
0
246
0
14
0
335
15
0
0
13
0
2
48
174
3
113
151
354
0
0
42
223
61
0
34
1352
0
282
0
229
1057
129
0
41
13
0
0
1223
551
12
0
246
1
117
0
0
12
0
0
2
703
66
235
934
53
75
317
0
76
55
250
0
0
108
0
60
0
2
3152
0
40
35
3
172
76
14
0
2
73
0
295
0
20
0
241
262
271
0
48
4
0
0
0
15
0
711
35
5
7
0
0
0
61
0
362
0
0
0
10
8
0
15
18
0
27
12
181
125
2
175
20
105
65
0
140
66
0
174
48
307
2
1831
0
264
0
55
107
0
0
344
0
816
227
97
66
20
0
0
0
1
0
46
10
0
6
92
0
847
283
0
0
503
0
0
1
9
0
3
0
1
0
5
4
0
36
0
196
20
230
0
1
1
0
163
3
5
0
130
0
268
54
0
0
259
0
0
7
0
0
0
46
0
96
0
172
1086
0
449
0
106
2
4
0
105
1421
118
103
153
88
137
21
112
0
105
0
445
0
483
23
0
218
0
339
170
0
177
0
199
0
0
750
437
68
0
49
35
0
422
129
0
0
0
0
0
213
0
139
0
104
151
0
0
909
429
0
0
622
0
17
0
81
0
0
174
116
69
2571
489
74
145
0
0
8
0
18
1
242
0
32
99
193
445
1
41
194
91
0
20
57
0
0
197
67
0
45
164
0
7
0
0
7
35
0
1
44
171
105
0
840
2349
798
21
371
1826
0
145
12
29
668
67
47
156
69
0
189
4
0
52
241
0
0
5
221
180
0
10
0
665
13
3823
148
51
241
103
0
0
810
205
101
20
0
5
53
99
0
138
22
0
120
462
9
151
74
0
0
0
32
624
410
172
0
0
1079
0
0
0
0
0
29
979
0
0
0
0
28
42
0
0
255
0
0
0
769
24
0
10
108
76
1054
130
0
0
0
0
46
39
0
0
0
0
1
0
58
0
0
153
0
0
3
108
0
58
0
14
0
2
179
0
11
0
132
0
462
136
0
94
0
2
74
51
1125
31
76
0
181
119
0
4
0
77
24
20
0
636
159
0
66
36
0
0
127
0
73
1248
0
0
0
0
0
0
51
6976
37
0
163
0
126
12
11
0
3
28
10
0
0
0
177
52
30
0
218
20
68
0
1003
0
11
0
56
65
1447
277
9
0
0
1
19
3603
0
0
15
1990
87
0
0
2
1
0
0
10
208
180
0
42
0
0
114
0
36
0
0
47
278
0
11
44
30
21
509
153
0
336
219
0
0
183
2
2
0
157
0
702
0
2
0
1
6
6
0
558
0
0
802
37
0
0
61
0
0
0
3
0
34
0
86
9
0
53
1018
0
0
815
0
0
4886
13
497
115
19
1
17
11
0
346
0
227
119
0
65
9
0
67
1885
1137
0
0
12
1
0
22
8
124
1
0
0
0
1092
540
107
316
41
0
383
122
0
1
0
15
0
1
241
0
129
2
17
3
215
0
0
14
0
10
0
0
0
68
2
0
61
0
33
0
0
1546
59
0
58
0
3
13
161
0
0
28
0
0
0
0
13
0
337
133
391
33
12
116
9
0
0
0
7
0
15
135
23
15
0
23
190
61
0
394
71
10
525
117
0
406
35
0
3
0
1
0
0
34
110
8
57
0
32
0
32
0
25
1
0
0
0
166
0
21
500
447
26
0
0
0
0
51
9
1
839
719
46
0
0
9
17
17
0
0
1837
12
0
353
132
0
160
0
0
192
0
106
272
0
0
80
1
0
6
0
0
0
230
3
0
21
86
0
24
6
2
110
0
223
8
6
47
73
173
26
0
0
282
88
1762
26
256
5
707
0
602
16
3
71
0
43
6
1251
591
0
4
86
94
0
0
1197
0
0
197
17
42
0
38
0
0
0
109
0
0
24
175
475
0
0
73
159
101
0
108
0
0
0
10
0
0
5
18
243
13
15
0
16
14
2
0
1
0
729
0
0
48
110
397
59
23
34
121
0
125
102
64
39
10
57
301
93
2
86
0
63
528
33
329
0
0
39
6
9
220
29
0
8920
97
6
3849
180
0
0
118
249
0
364
0
0
5
139
0
0
0
1
195
0
2
0
8
1
157
3
0
0
281
0
0
312
19
56
1
42
0
0
18
0
4
0
330
6
0
56
0
18
26
0
86
0
68
167
0
2
0
234
0
716
145
72
498
99
42
0
7
1
0
73
0
0
11
37
72
1
8
664
0
0
298
6
627
4
201
0
156
466
24
0
0
1
164
1525
0
0
0
6
3
0
1
0
3
0
136
154
23
0
68
37
102
232
0
1257
438
0
37
206
275
0
36
27
214
758
0
15
0
0
0
0
238
2
17
0
0
16
41
0
1
14
1
48
47
0
158
0
0
0
0
0
44
0
1
124
2
495
362
8
0
756
53
0
44
7
88
0
0
6
3
0
0
0
70
0
14
0
1769
318
0
0
822
0
30
176
1332
49
0
17
185
0
0
0
0
1
126
402
7
167
44
93
66
0
698
58
15
3
5
0
3
0
28
1895
2
91
1649
4
0
6
0
0
1602
167
0
0
6
1159
0
231
0
150
230
42
184
0
0
145
0
48
2
0
7
1390
0
4
145
37
0
96
0
93
21
1
134
0
64
0
10
728
905
31
0
0
248
15
0
170
20
25
0
0
0
0
2
7
359
0
296
15
0
581
41
0
0
0
337
9
34
80
196
1
0
0
18
0
919
0
0
0
268
3
0
10
0
347
0
597
0
0
181
0
0
2
2
0
1075
1
0
0
24
93
0
35
0
0
0
0
26
13
0
4
0
0
6
529
346
0
14
7
0
168
0
6
0
2
308
147
696
30
41
131
0
0
110
15
244
236
0
3
160
107
115
54
507
8
959
0
621
219
11
0
0
4
0
65
65
136
89
0
101
0
3357
2
0
0
27
22
60
113
0
1
0
19
0
273
227
0
14
0
3
0
602
445
94
50
1268
0
0
0
166
2
0
7
63
139
0
25
107
29
0
0
0
0
673
580
347
50
2464
0
7
81
230
47
0
0
106
634
66
3
0
0
0
0
14
1171
0
689
0
4
41
591
15
218
0
0
2
27
142
0
4
39
0
4466
7
12
171
1
0
115
110
17
7
4
37
0
10
10
4
0
4
0
15
0
0
17
24
0
0
144
0
315
26
0
0
329
0
0
0
288
6
0
0
262
530
16
243
306
55
0
7
90
85
0
95
734
0
8
6
511
0
4
0
0
0
16
16
2859
61
101
62
247
35
0
0
0
0
0
665
7
70
0
230
1
4
136
0
124
0
80
12
0
0
1
5
0
0
0
0
1
19
8
25
0
12
0
13
80
3
22
9
0
0
0
1
0
0
33
0
26
665
0
1
0
472
0
0
14
0
0
18
0
5
66
65
1
1608
169
133
28
0
97
1
503
0
0
0
513
57
141
0
4
9
0
35
1
0
13
822
11
0
17
34
4
268
0
0
385
212
46
0
12
95
59
0
0
0
1557
108
0
0
19
0
0
1
0
0
544
2
118
1294
396
462
23
0
4
51
52
31
0
1
0
2591
287
597
442
2
0
125
90
189
36
55
0
0
27
180
536
0
0
142
1280
0
180
798
0
0
0
109
0
0
473
298
423
242
73
0
0
84
757
46
0
22
201
3
0
24
4
177
210
0
0
65
69
0
0
36
2
216
0
5
379
177
20
0
432
3
0
44
81
37
0
0
562
0
172
0
64
623
0
0
75
0
0
495
0
0
2
15
229
0
394
0
110
0
0
0
0
1324
4
93
230
239
74
66
12
132
0
1
39
73
45
32
60
27
475
20
73
139
994
336
0
332
0
129
77
261
132
7
0
0
92
26
92
0
41
920
126
419
0
90
72
3
0
3
0
21
1168
0
116
369
67
447
0
55
3
0
2
18
83
14
75
0
576
2
0
0
2
101
411
0
0
0
97
0
5
8
1016
85
33
41
0
8
0
0
146
9
293
388
0
0
0
57
0
4
0
376
0
1
199
9
0
41
0
14
0
75
129
0
38
143
0
461
1
29
46
438
0
531
0
39
0
0
62
5
2
35
132
318
336
0
0
2
3
0
38
0
693
0
231
0
0
582
41
138
1
0
100
0
44
241
288
50
20
125
1199
0
395
51
0
108
606
26
0
0
5
9
0
17
423
0
0
0
21
4
0
58
13
30
76
0
23
0
0
14
0
1
0
68
11
0
369
0
0
55
603
0
0
0
38
637
0
182
37
5
0
34
1
1176
0
0
0
0
207
0
902
0
3
41
0
3446
0
0
110
120
0
0
4
0
138
175
168
152
8
0
0
47
21
0
6
1
9
0
2
143
1
1
0
35
0
15
0
20
9
0
0
130
7
21
14
0
4707
176
42
1
194
235
0
535
16
1238
0
0
721
1451
354
351
41
0
0
0
37
0
1010
0
0
0
84
0
0
5
23
0
0
0
65
0
3
0
0
69
0
11
1155
0
0
0
0
0
4
324
24
0
202
95
38
0
0
0
0
218
7
795
0
0
0
0
0
2
0
488
52
0
0
272
33
370
0
76
884
172
0
2
105
4
43
1
12
14
0
0
238
186
0
22
97
1918
31
0
178
4
0
48
22
0
6
0
2
0
0
10
1
437
63
0
0
0
121
210
658
0
0
0
58
0
0
0
7
0
80
0
0
21
15
227
5
6
0
0
537
35
0
0
1580
0
0
224
0
114
2
0
103
56
0
0
0
0
35
401
2
0
0
6
6
1
0
22
333
382
0
1
0
6
6
0
172
0
0
0
86
6
0
0
14
1
15
0
0
18
32
0
0
0
46
0
0
0
31
13
124
3
2
0
0
0
42
8
0
192
0
0
0
249
0
0
333
9
18
21
0
0
20
0
199
46
11
0
286
46
110
1
0
113
0
151
42
0
0
62
602
2
26
1
16
270
0
75
32
0
4
0
9
5
138
312
793
0
0
0
18
0
0
0
22
24
0
152
0
24
0
0
0
1
0
0
3
2018
0
602
97
0
0
3
32
15
0
118
7
0
0
0
4
13
1041
748
9
98
22
3
198
7
5
0
114
0
1
60
1
10
0
0
0
24
3
0
2
27
0
103
24
0
14
57
108
0
35
16
0
0
0
0
16
0
0
0
0
111
0
208
4
81
88
0
0
0
0
0
9
3
0
0
31
13
0
865
79
0
0
0
122
41
0
35
206
37
76
317
7
1
2
99
0
58
0
45
4
0
0
0
50
125
74
108
71
0
4
0
0
704
0
123
0
0
9
132
43
0
2875
391
3878
158
37
33
151
893
1301
0
2
0
34
3
0
2
10
0
0
101
78
153
0
56
36
33
195
278
2
0
567
0
59
0
145
0
1102
6
0
153
0
1
496
312
25
80
21
3070
13
197
0
1
4
19
43
125
4
0
90
933
3
26
3082
0
77
0
15
0
0
4
0
0
13
1
1
246
8
2
37
10
20
0
0
0
105
144
5
1
0
0
0
9
0
13
677
22
0
0
0
54
1106
0
234
9
397
88
2
50
2
6
54
4
0
2162
0
0
102
0
127
174
0
0
0
11
24
35
69
0
1
370
30
99
0
79
35
0
65
0
1
0
2
0
0
97
5
242
1
90
0
0
117
0
10
0
56
0
261
0
0
0
0
0
0
0
41
1
808
9
110
1
0
12
0
0
4
145
0
9
0
0
0
0
1
8
248
10
0
113
5
80
0
7558
8
0
113
0
155
5
17
28
2
0
31
70
0
0
79
3
20
0
0
0
0
50
156
0
15
0
5
38
0
0
410
8
0
368
0
0
179
38
34
18
1
13
51
0
0
74
0
15
0
0
0
150
16
286
1
0
95
20
29
0
1
18
5
7
0
0
1
0
0
5
0
204
0
14
0
14
362
265
43
1
0
42
0
19
0
31
0
0
112
0
0
85
6
38
362
990
6
273
0
519
130
0
460
160
237
0
0
0
1177
2537
15
108
49
14
59
3
245
0
0
43
10
0
0
0
6
1
0
3
0
0
116
0
151
0
0
50
0
307
15
0
1
0
0
65
1990
199
336
0
210
456
0
6
42
8
0
25
409
1
12
1419
355
190
2389
0
283
432
0
59
0
0
0
0
0
0
78
0
0
0
22
19
0
379
0
1
25
36
13
1
5
61
0
2
1
0
54
356
0
93
170
17
64
0
117
30
899
0
0
0
3
115
0
6
306
47
4
0
0
126
165
0
0
127
440
0
1594
906
0
199
146
4
268
0
1016
0
0
4
0
484
361
1
0
0
721
344
0
0
69
52
14
37
0
0
8
0
139
424
0
0
0
117
0
75
0
0
140
0
233
3
0
83
234
3
0
0
9
1
31
29
4
86
285
0
474
6
414
5
6248
189
12
247
21
0
45
35
127
141
34
0
162
2609
100
186
2710
0
0
29
0
441
2
15
666
76
0
0
483
255
0
0
0
1
0
130
15
75
871
15
11
0
104
805
20
263
62
2
15
123
214
0
2701
3794
0
0
492
620
153
0
3
0
35
0
356
5
0
115
128
3
11
0
0
1
8
32
0
3
2287
3122
1
1178
728
0
647
64
28
182
0
33
167
11
1159
3
958
191
145
0
1149
0
0
262
6
1445
40
0
189
146
0
185
19
2142
44
713
51
78
0
32
284
104
1248
66
211
0
44
0
193
0
0
0
0
0
0
60
0
8
1
54
0
0
32
15
0
20
0
0
1
157
297
16
0
0
267
0
0
717
0
0
0
3
569
0
0
23
16
119
3
0
0
104
0
1
7
1326
5
184
0
0
5
0
0
0
115
19
5
0
6
0
16
61
87
0
28
10
475
23
143
9
0
9
0
6
3
10
0
53
149
0
53
84
0
9
51
0
278
2
87
47
177
9
4
0
154
0
0
1706
6
0
4
3
107
0
709
2887
189
175
83
1
468
9
25
165
74
738
0
285
1
6
93
13
0
30
86
195
0
78
0
0
8
0
0
32
3868
0
84
57
0
0
1
0
20
0
0
111
979
56
39
10
20
0
18
15
20
3
0
4904
146
161
148
0
140
0
64
306
0
24
0
0
0
1
0
77
57
48
216
668
103
275
29
0
24
223
776
0
5
13
4
1392
280
15
1
0
0
0
34
174
3194
113
8
674
0
23
5
1134
49
0
2
0
153
328
0
9
0
0
24
22
83
0
1712
591
6
2
0
0
176
12
0
88
112
0
1
27
677
524
0
3355
48
219
0
634
4
36
0
1566
10
110
0
3
1
28
3
2
0
271
125
1
0
38
0
21
1352
77
0
0
0
0
1685
0
264
1
37
169
0
270
20
71
4082
1
331
51
278
0
37
182
0
0
1
825
490
0
0
2
140
1
0
0
210
25
0
1
0
2
45
16
0
7
18
0
0
1037
0
934
19
0
3
0
80
0
0
26
0
2
0
0
63
0
1
32
195
84
0
387
36
0
0
58
2
76
0
0
0
152
0
26
0
0
395
0
0
289
24
1
31
0
35
186
0
339
0
11
0
0
514
0
0
0
795
22
0
59
30
81
0
106
2189
0
0
0
164
141
2
104
0
19
0
17
0
18
0
0
24
154
49
0
0
0
0
0
34
0
1
8
1
0
476
0
41
0
61
7
5
11
0
0
0
105
0
104
0
0
28
20
14
103
0
1
0
4
155
13
28
33
3
1
0
0
11
12
0
1078
28
0
0
357
608
63
0
30
157
137
70
0
47
54
7
0
102
0
0
46
3
0
13
0
320
0
62
0
4
0
7
167
63
95
321
334
0
0
64
320
23
0
21
4
0
4
1405
157
0
470
1
258
0
0
43
11
3
0
0
0
5
8
1
0
0
0
754
26
10
0
0
72
3
7
16
0
273
0
33
69
0
12
17
138
52
294
0
276
18
229
2
1
17
91
89
2047
9
0
0
0
0
65
0
0
0
0
20
0
180
0
30
9
0
25
0
10
19
0
0
0
0
56
1
0
29
0
64
4
60
0
469
40
91
94
0
0
103
0
90
0
0
0
136
16
269
179
0
74
403
51
0
6
36
465
2
0
20
0
630
0
2
0
31
35
53
32
5
5
38
0
0
3
150
10
86
2
10
768
0
0
45
15
1
0
201
0
0
3
0
0
136
170
47
0
0
0
0
77
0
540
0
28
98
10
331
242
62
0
1
241
25
255
792
0
0
129
0
9
2
702
433
210
7
0
0
5
12
20
32
19
0
0
0
0
0
4
20
0
179
0
0
168
0
135
0
6
0
98
10
0
4
12
69
0
0
87
0
0
0
0
0
9
0
0
0
0
2461
123
314
3
0
0
14
0
105
0
0
51
466
0
12
0
536
83
35
1
0
105
2
17
34
1525
0
2
25
11
0
282
371
0
0
0
1
593
1
121
249
9
0
40
58
0
0
5
0
24
612
187
0
0
3
268
0
1
3
0
0
17
40
8
79
1
93
0
11
641
74
0
10
3
10
76
25
0
62
83
247
66
411
0
31
0
3
116
0
5
5
0
0
0
0
0
0
9095
219
4
0
0
472
2679
2
23
0
1
454
57
0
1664
50
3
0
1037
9
0
17
4
2
0
418
0
4
1
0
2
0
0
4
0
1
579
0
4
7123
4
0
0
0
0
4
18
0
0
40
0
88
1602
0
0
28
56
199
0
352
3
10
15
0
43
0
180
0
0
2
774
0
99
0
2
8
235
7
38
56
170
0
12
29
79
17
0
0
0
6
2
0
112
264
0
0
0
2
0
15
0
0
736
0
0
0
863
149
161
0
83
0
466
1
3
179
426
0
2
0
26
32
489
0
0
156
0
9
0
5
57
22
0
0
165
14
78
0
0
121
0
51
0
4
148
0
103
501
171
33
0
39
834
23
22
227
0
0
0
63
154
0
133
0
191
317
4
0
150
105
95
0
0
0
119
412
741
55
1787
0
17
0
1645
16
652
668
0
2
0
290
0
0
147
11
93
46
0
93
0
4
0
49
1
2
513
390
318
0
0
2278
24
90
0
141
252
347
875
0
0
0
4361
0
845
0
0
335
6
9
0
2
0
0
17
0
0
21
6555
72
125
0
0
207
4
256
1883
241
0
321
89
450
0
0
1
0
145
0
0
5
133
3
243
140
371
0
209
4
138
1
618
0
4
0
83
385
407
9
367
1
0
7
492
131
0
878
0
283
3
0
7
73
1
7
0
0
0
0
140
28
7
366
0
158
12
0
0
137
0
0
0
4
0
0
0
5
61
0
161
47
14
194
2
5
0
2667
356
15
637
0
0
146
5
91
250
0
115
940
9
575
65
26
10
143
0
0
436
0
0
824
15
0
245
110
19
0
0
2
695
0
120
10
287
544
134
0
2
0
19
3
239
10
146
2
138
11
23
0
1121
201
0
433
7
9
10
0
38
73
16
268
350
733
1
448
4
5
0
7
0
143
127
41
733
9
222
335
98
15
123
8
6
12
0
78
0
1
0
0
1
0
210
0
417
446
0
0
6
39
0
96
18
0
1
0
8
0
0
116
70
1755
0
7
0
0
1484
2
2
2815
0
101
258
0
34
0
0
2
0
14
495
959
77
152
188
196
0
88
142
0
0
2
40
0
0
121
0
141
75
6258
1
23
998
382
33
1
146
0
0
23
0
207
401
173
50
213
19
23
5
0
25
21
32
108
574
9
51
46
0
0
11
0
434
33
110
0
3
0
0
0
0
13
4
216
10
113
0
0
0
0
0
73
7
0
26
35
0
417
99
1
0
0
0
272
0
0
915
440
11
133
1
5
547
99
0
0
85
0
0
10
0
5
0
263
595
87
121
0
1057
3
0
13
103
0
798
11
102
0
9
0
1
0
48
5
41
340
54
0
6
4
0
1222
186
120
2
28
0
0
19
98
5061
0
0
0
5
48
16
98
0
0
150
2
631
1351
567
0
65
1071
1804
317
59
0
0
0
69
33
30
0
22
11
23
0
44
0
5
0
2
66
0
8
109
0
205
32
274
129
279
54
255
0
3390
53
5623
27
103
7
4
397
0
205
136
866
82
20
0
8
79
0
0
303
39
147
50
137
242
0
542
1
618
625
270
139
233
0
14
1
373
433
9
20
5
247
7
466
20
0
67
2
0
0
0
284
138
0
0
34
9
82
273
102
0
0
0
0
87
0
0
892
646
152
182
2
38
125
412
113
504
102
0
37
26
51
0
73
33
64
0
286
14
0
0
0
1
0
0
358
0
1240
783
129
0
828
401
19
8
342
11
0
0
1
0
0
0
4
49
0
7
179
40
2
303
4
0
466
223
807
0
0
0
615
607
621
170
1
449
220
9
332
27
53
0
27
750
111
400
7
0
0
236
180
94
249
47
383
3
0
0
0
20
0
0
10
73
0
27
12
0
0
0
224
10
0
13
16
29
9
98
46
18
0
0
2
162
0
90
93
49
2
4
0
3
135
0
9
22
0
170
12
0
0
8
774
654
627
83
1
18
7
807
0
0
15
195
66
0
41
44
0
0
0
91
51
155
70
8
0
11
10
63
0
290
111
34
0
23
0
144
0
0
0
81
69
0
1084
11
0
134
57
3
0
131
14
71
314
66
1307
0
0
3
46
41
485
0
772
0
1958
83
2
310
0
563
0
238
50
499
531
0
1307
1329
0
0
0
0
0
5
0
323
103
3
95
154
0
9
0
57
6
0
0
308
220
396
517
71
842
1063
529
0
1
34
4
60
105
0
4
0
4
8
56
0
4
1816
1
43
72
308
13
0
2
0
45
32
248
3
0
503
0
11
0
1035
202
368
0
78
0
0
0
0
49
1
226
0
21
0
0
96
133
0
0
0
12
1366
0
195
11
0
3
0
1
0
0
0
260
269
9
7
580
7
51
150
219
0
34
0
1846
224
49
128
0
8
0
0
3
10
0
376
10
105
133
35
0
33
0
69
0
5
32
14
5
3
0
0
2
98
0
137
0
0
1
0
929
0
0
13
47
0
0
0
4
5
0
0
1062
120
328
3582
1588
4
11
0
189
8
1
0
129
405
20
588
0
0
0
0
602
29
67
5
649
104
37
534
47
1
208
367
48
45
0
0
5
0
0
0
0
0
4
107
1
0
0
0
0
0
0
62
97
34
407
142
0
5
0
0
0
3
426
313
0
0
0
0
0
0
183
149
0
0
0
0
23
0
0
10
12
0
0
0
0
0
15
11
122
90
0
0
0
0
0
2039
566
0
588
36
0
3
48
130
339
1738
55
89
0
6
0
0
68
0
62
4
0
0
0
0
3
329
18
0
0
0
0
0
0
0
20
144
0
143
108
0
0
0
0
19
31
0
0
747
0
0
0
75
140
637
62
53
33
64
0
0
27
0
0
82
23
0
0
197
9
0
4
0
0
4
95
0
24
26
0
0
0
3
5
0
0
574
70
604
0
0
0
0
0
0
0
0
0
0
0
0
24
0
0
0
0
0
0
0
0
0
0
49
12
293
0
0
0
0
3916
56
197
20
282
142
140
229
75
3717
9443
386
0
22
32
0
0
0
863
192
87
0
0
0
91
0
0
0
145
0
0
88
12
158
138
0
0
0
0
24
14
0
0
12
5463
13
87
0
0
0
0
34
76
0
10
42
0
0
2
0
164
102
0
0
1
0
161
43
8
16
17
0
0
0
0
0
2
0
0
2
139
73
0
0
752
817
125
249
2296
0
0
0
2
2
0
0
19
2
1
0
168
49
0
0
0
6
15
0
0
0
0
0
21
19
0
0
10
214
119
360
35
57
1111
0
649
1027
16
0
0
0
0
0
0
0
1
41
0
132
0
0
0
0
0
0
0
0
0
0
0
0
416
84
1680
9
2904
4355
321
0
0
25
35
0
185
0
0
0
956
239
0
0
206
535
101
30
1
6
5
123
0
0
0
0
0
5
0
0
0
0
0
0
0
0
0
0
0
0
0
0
53
0
0
25
94
0
1
0
222
0
0
391
2
2349
164
112
49
0
56
0
0
62
1
2
0
0
1
13
0
0
20
0
0
861
726
5
2045
10
17
2
0
0
0
0
0
0
0
0
755
457
0
0
54
4
0
0
0
0
34
68
0
0
0
0
7
83
0
0
0
4
0
0
0
0
0
0
0
0
0
74
0
0
0
0
0
0
0
0
0
0
0
0
0
0
1
0
0
0
0
0
0
3
0
0
0
0
0
0
