##BLOCKS= 4          
Plate:	Plate#1	1.1	PlateFormat	Endpoint	Fluorescence	Raw	FALSE	1						1	590	1	12	96	530	Automatic	590			6	Automatic			
	Temperature(¡C)	1	2	3	4	5	6	7	8	9	10	11	12		
	22.70	16.65	15.94	15.357	15.878	16.963	14.668	17.156	16.416	15.925	0.094	-0.019	-0.048		
		15.199	16.202	16.449	14.95	16.914	15.571	15.214	15.266	15.714	0.046	0.137	0.144		
		16.355	15.987	15.887	16.45	16.607	14.794	15.716	14.885	14.556	0.059	-0.075	-0.048		
		16.752	16.066	14.656	14.981	15.721	0.147	16.128	16.409	15.826	0.192	0.197	0.196		
		16.248	18.468	15.845	16.696	16.728	15.335	15.328	14.149	16.238	0.05	0.073	0.801		
		17.061	16.456	17.533	15.195	15.359	15.517	15.423	16.754	16.83	0.05	0.081	-0.066		
		0.057	-0.041	0.221	0.052	0.012	-0.074	-0.038	-0.007	0	0.061	0.098	-0		
		15.476	15.519	15.07	16.705	0.041	-0.005	-0.038	0.2	-0.159	-0.208	-0.029	0.009		
		
	Temperature(¡C)	1	2	3	4	5	6	7	8	9	10	11	12		
		16.65	15.94	15.357	15.878	16.963	14.668	17.156	16.416	15.925	0.094	-0.019	-0.048	
		15.199	16.202	16.449	14.95	16.914	15.571	15.214	15.266	15.714	0.046	0.137	0.144	
		16.355	15.987	15.887	16.45	16.607	14.794	15.716	14.885	14.556	0.059	-0.075	-0.048	
		16.752	16.066	14.656	14.981	15.721	0.147	16.128	16.409	15.826	0.192	0.197	0.196	
		16.248	18.468	15.845	16.696	16.728	15.335	15.328	14.149	16.238	0.05	0.073	0.801	
		17.061	16.456	17.533	15.195	15.359	15.517	15.423	16.754	16.83	0.05	0.081	-0.066	
		0.057	-0.041	0.221	0.052	0.012	-0.074	-0.038	-0.007	0	0.061	0.098	-0	
		15.476	15.519	15.07	16.705	0.041	-0.005	-0.038	0.2	-0.159	-0.208	-0.029	0.009	
~End
Group:	Standards	1
Sample	Concentration	Wells	BackConcCalc	Values	MeanValue	Std.Dev.	CV%

Smallest standard value:  

Largest standard value:  

~End
Group:	Controls	1
Sample	Wells	Sample#	Values	MeanValue

~End
Group:	Samples	1
Sample	Wells	Values	Outliers	Result	MeanResult	Std.Dev.	CV%

Outlier - Outside standard range  

~End
