##BLOCKS= 4          
Plate:	Plate#1	1.1	PlateFormat	Endpoint	Fluorescence	Raw	FALSE	1						1	590	1	12	96	530	Automatic	590			6	Automatic			
	Temperature(¡C)	1	2	3	4	5	6	7	8	9	10	11	12		
	23.10	0.186	-0.072	0.034	0.009	0.087	-0.002	0.056	0.172	0.12	-0.033	0.095	0.076		
		18.219	19.225	19.479	17.428	17.984	17.785	17.281	18.122	17.482	0.022	0.101	-0.017		
		18.691	17.934	17.24	18.85	16.802	17.691	16.858	17.817	17.43	0.089	0.01	-0.034		
		18.872	18.761	17.712	18.157	18.625	15.555	18.04	18.011	18.508	0.072	0.245	0.099		
		19.056	19.589	18.453	18.569	18.229	17.635	17.104	17.801	18.161	0.017	0.397	0.149		
		20.416	19.008	17.905	18.125	17.315	17.665	17.27	18	17.468	0.091	-0.003	0.037		
		0.025	0.117	0.138	0.034	0.037	0.077	0.01	0.015	0.035	0.065	0.091	0.01		
		18.488	18.298	18.887	18.06	0.385	0.072	-0.054	0.111	-0	0.122	0.109	0.06		
		
	Temperature(¡C)	1	2	3	4	5	6	7	8	9	10	11	12		
		0.186	-0.072	0.034	0.009	0.087	-0.002	0.056	0.172	0.12	-0.033	0.095	0.076	
		18.219	19.225	19.479	17.428	17.984	17.785	17.281	18.122	17.482	0.022	0.101	-0.017	
		18.691	17.934	17.24	18.85	16.802	17.691	16.858	17.817	17.43	0.089	0.01	-0.034	
		18.872	18.761	17.712	18.157	18.625	15.555	18.04	18.011	18.508	0.072	0.245	0.099	
		19.056	19.589	18.453	18.569	18.229	17.635	17.104	17.801	18.161	0.017	0.397	0.149	
		20.416	19.008	17.905	18.125	17.315	17.665	17.27	18	17.468	0.091	-0.003	0.037	
		0.025	0.117	0.138	0.034	0.037	0.077	0.01	0.015	0.035	0.065	0.091	0.01	
		18.488	18.298	18.887	18.06	0.385	0.072	-0.054	0.111	-0	0.122	0.109	0.06	
~End
Group:	Standards	1
Sample	Concentration	Wells	BackConcCalc	Values	MeanValue	Std.Dev.	CV%

Smallest standard value:  

Largest standard value:  

~End
Group:	Controls	1
Sample	Wells	Sample#	Values	MeanValue

~End
Group:	Samples	1
Sample	Wells	Values	Outliers	Result	MeanResult	Std.Dev.	CV%

Outlier - Outside standard range  

~End
