##BLOCKS= 4          
Plate:	Plate#1	1.1	PlateFormat	Endpoint	Fluorescence	Raw	FALSE	1						1	590	1	12	96	530	Automatic	590			6	Automatic			
	Temperature(¡C)	1	2	3	4	5	6	7	8	9	10	11	12		
	23.50	0.053	-0.031	0.112	0.029	0.112	0.035	0.058	0.177	0.152	-0.031	0.028	0.011		
		29.315	47.072	26.992	31.832	32.911	42.519	27.194	26.528	22.818	0.209	-0.027	0.053		
		22.686	23.331	17.466	19.654	19.642	22.907	27.261	20.435	18.58	0.121	0.222	-0.062		
		21.4	19.703	20.975	21.54	20.554	16.366	16.956	24.242	17.962	0.397	0.053	0.151		
		19.259	23.381	24.295	24.732	24.238	20.045	19.453	20.546	19.283	0.025	0.308	0.329		
		46.782	28.967	30.079	30.802	25.643	25.384	29.407	29.125	26.988	0.207	0.16	0.059		
		-0.001	0.073	0.069	0.185	0.357	-0.021	0.017	0.111	0.052	-0.022	0.015	0.097		
		16.511	17.474	16.728	17.258	0.184	0.161	0.169	0.01	0.104	-0.005	0.025	-0.006		
		
	Temperature(¡C)	1	2	3	4	5	6	7	8	9	10	11	12		
		0.053	-0.031	0.112	0.029	0.112	0.035	0.058	0.177	0.152	-0.031	0.028	0.011	
		29.315	47.072	26.992	31.832	32.911	42.519	27.194	26.528	22.818	0.209	-0.027	0.053	
		22.686	23.331	17.466	19.654	19.642	22.907	27.261	20.435	18.58	0.121	0.222	-0.062	
		21.4	19.703	20.975	21.54	20.554	16.366	16.956	24.242	17.962	0.397	0.053	0.151	
		19.259	23.381	24.295	24.732	24.238	20.045	19.453	20.546	19.283	0.025	0.308	0.329	
		46.782	28.967	30.079	30.802	25.643	25.384	29.407	29.125	26.988	0.207	0.16	0.059	
		-0.001	0.073	0.069	0.185	0.357	-0.021	0.017	0.111	0.052	-0.022	0.015	0.097	
		16.511	17.474	16.728	17.258	0.184	0.161	0.169	0.01	0.104	-0.005	0.025	-0.006	
~End
Group:	Standards	1
Sample	Concentration	Wells	BackConcCalc	Values	MeanValue	Std.Dev.	CV%

Smallest standard value:  

Largest standard value:  

~End
Group:	Controls	1
Sample	Wells	Sample#	Values	MeanValue

~End
Group:	Samples	1
Sample	Wells	Values	Outliers	Result	MeanResult	Std.Dev.	CV%

Outlier - Outside standard range  

~End
